1, 0, 1, -1, -1, 54, 113, 75.0, 15, , 1255, 0, 0, 0, , 0, 0, 0, 0, 0, 
2, 0, 2, -1, -1, 160, 110, 158.0, 13, , 247, 0, 0, 0, , 0, 0, 0, 0, 0, 
3, 0, 3, -1, -1, 304, 123, 131.0, 29, , 3089, 0, 0, 0, , 0, 0, 0, 0, 0, 
4, 0, 4, -1, -1, 224, 139, 141.0, 25, , 1295, 0, 0, 0, , 0, 0, 0, 0, 0, 
5, 0, 5, -1, -1, 93, 125, 144.0, 31, , 2446, 0, 0, 0, , 0, 0, 0, 0, 0, 
6, 0, 6, -1, -1, 191, 67, 152.0, 33, , 1871, 0, 0, 0, , 0, 0, 0, 0, 0, 
7, 0, 7, -1, -1, 306, 124, 118.0, 23, , 712, 0, 0, 0, , 0, 0, 0, 0, 0, 
8, 0, 8, -1, -1, 225, 139, 135.0, 25, , 1305, 0, 0, 0, , 0, 0, 0, 0, 0, 
9, 0, -1, -1, -1, 91, 124, 132.0, 33, Nuc1, 11768, 0, 0, 0, , 0, 0, 0, 0, 0, 
10, 0, 10, -1, -1, 195, 68, 140.0, 29, , 1120, 0, 0, 0, , 0, 0, 0, 0, 0, 
11, 0, 11, -1, -1, 307, 122, 141.0, 21, , 888, 0, 0, 0, , 0, 0, 0, 0, 0, 
12, 0, 12, -1, -1, 224, 140, 147.0, 21, , 832, 0, 0, 0, , 0, 0, 0, 0, 0, 
13, 0, 13, -1, -1, 145, 110, 150.0, 15, , 60, 0, 0, 0, , 0, 0, 0, 0, 0, 
14, 0, -1, -1, -1, 154, 112, 171.0, 15, Nuc2, 3900, 0, 0, 0, , 0, 0, 0, 0, 0, 
15, 0, -1, -1, -1, 53, 113, 81.0, 15, Nuc3, 4101, 0, 0, 0, , 0, 0, 0, 0, 0, 
16, 0, -1, -1, -1, 139, 111, 156.0, 15, Nuc4, 389, 0, 0, 0, , 0, 0, 0, 0, 0, 
17, 0, -1, -1, -1, 53, 110, 93.0, 17, Nuc5, 303, 0, 0, 0, , 0, 0, 0, 0, 0, 
18, 0, -1, -1, -1, 154, 112, 183.0, 15, Nuc6, 193, 0, 0, 0, , 0, 0, 0, 0, 0, 
19, 1, 14, 22, -1, 306, 122, 140.0, 27, P2, 0, 0, 0, 0, , 0, 0, 0, 0, 0, 
20, 0, 7, -1, -1, 301, 123, 127.333336, 27, , 1416, 0, 0, 0, , 0, 0, 0, 0, 0, 
21, 0, 8, -1, -1, 200, 66, 138.0, 33, , 0, 0, 0, 0, , 0, 0, 0, 0, 0, 
22, 0, 8, -1, -1, 197, 67, 149.0, 33, , 0, 0, 0, 0, , 0, 0, 0, 0, 0, 
23, 0, -1, -1, -1, 103, 119, 129.66667, 29, ABa, 1939, 0, 0, 0, ABa, 0, 0, 0, 0, 0, 
24, 0, 8, -1, -1, 225, 140, 127.0, 27, , 0, 0, 0, 0, , 0, 0, 0, 0, 0, 
25, 1, 10, 27, -1, 196, 60, 149.0, 33, ABp, 0, 0, 0, 0, , 0, 0, 0, 0, 0, 
26, 1, 8, 26, -1, 222, 137, 137.0, 27, EMS, 0, 0, 0, 0, , 0, 0, 0, 0, 0, 
27, 1, 15, 25, -1, 94, 125, 137.0, 32, ABa, 0, 0, 0, 0, , 0, 0, 0, 0, 0, 
