1, 0, 1, -1, -1, 55, 112, 71.0, 11, , 126, 0, 0, 0, , 0, 0, 0, 0, 0, 
2, 0, 2, -1, -1, 158, 112, 158.0, 11, , 135, 0, 0, 0, , 0, 0, 0, 0, 0, 
3, 0, 3, -1, -1, 307, 120, 130.0, 21, , 829, 0, 0, 0, , 0, 0, 0, 0, 0, 
4, 0, 4, -1, -1, 219, 147, 143.0, 25, , 337, 0, 0, 0, , 0, 0, 0, 0, 0, 
5, 0, 7, -1, -1, 315, 126, 123.0, 29, , 90, 0, 0, 0, , 0, 0, 0, 0, 0, 
6, 0, 8, -1, -1, 223, 146, 133.0, 29, , 4208, 0, 0, 0, , 0, 0, 0, 0, 0, 
7, 0, 9, -1, -1, 90, 126, 134.0, 29, , 44, 0, 0, 0, , 0, 0, 0, 0, 0, 
8, 0, 11, -1, -1, 314, 123, 141.0, 27, , 8530, 0, 0, 0, , 0, 0, 0, 0, 0, 
9, 0, 12, -1, -1, 219, 146, 149.0, 23, , 320, 0, 0, 0, , 0, 0, 0, 0, 0, 
10, 0, 13, -1, -1, 138, 111, 144.0, 11, , 23, 0, 0, 0, , 0, 0, 0, 0, 0, 
11, 0, 14, -1, -1, 152, 112, 178.0, 13, , 450, 0, 0, 0, , 0, 0, 0, 0, 0, 
12, 0, 15, -1, -1, 53, 113, 78.0, 13, , 5052, 0, 0, 0, , 0, 0, 0, 0, 0, 
13, 0, 16, -1, -1, 135, 112, 151.0, 11, , 357, 0, 0, 0, , 0, 0, 0, 0, 0, 
14, 0, 17, -1, -1, 51, 109, 91.0, 13, , 305, 0, 0, 0, , 0, 0, 0, 0, 0, 
15, 0, 18, -1, -1, 151, 112, 183.0, 15, , 124, 0, 0, 0, , 0, 0, 0, 0, 0, 
16, 0, -1, -1, -1, 85, 124, 106.0, 17, Nuc7, 26, 0, 0, 0, , 0, 0, 0, 0, 0, 
17, 0, -1, -1, -1, 90, 110, 113.0, 19, Nuc8, 183, 0, 0, 0, , 0, 0, 0, 0, 0, 
18, 0, -1, -1, -1, 212, 70, 132.0, 23, Nuc9, 102, 0, 0, 0, , 0, 0, 0, 0, 0, 
19, 0, 19, -1, -1, 312, 125, 134.0, 27, , 0, 0, 0, 0, , 0, 0, 0, 0, 0, 
20, 0, -1, -1, -1, 308, 121, 130.66667, 27, Nuc10, 1416, 0, 0, 0, , 0, 0, 0, 0, 0, 
21, 0, -1, -1, -1, 316, 131, 136.0, 27, Nuc11, 0, 0, 0, 0, , 0, 0, 0, 0, 0, 
22, 1, 19, 33, -1, 312, 121, 137.0, 27, P2, 0, 0, 0, 0, , 0, 0, 0, 0, 0, 
23, 0, 10, -1, -1, 199, 66, 137.0, 33, , 0, 0, 0, 0, , 0, 0, 0, 0, 0, 
24, 0, 10, -1, -1, 195, 48, 140.0, 29, , 0, 0, 0, 0, , 0, 0, 0, 0, 0, 
25, 1, 27, 35, -1, 90, 124, 128.33333, 35, ABa, 1939, 0, 0, 0, ABa, 0, 0, 0, 0, 0, 
26, 1, 26, 36, -1, 221, 145, 137.0, 27, EMS, 0, 0, 0, 0, , 0, 0, 0, 0, 0, 
27, 1, 25, 37, -1, 196, 61, 145.0, 33, ABp, 0, 0, 0, 0, , 0, 0, 0, 0, 0, 
