1, 0, 1, -1, -1, 55, 114, 72.0, 11, , 128, 0, 0, 0, , 0, 0, 0, 0, 0, 
2, 0, 2, -1, -1, 152, 111, 159.0, 11, , 931, 0, 0, 0, , 0, 0, 0, 0, 0, 
3, 0, 3, -1, -1, 313, 109, 131.0, 17, , 44, 0, 0, 0, , 0, 0, 0, 0, 0, 
4, 0, 4, -1, -1, 219, 152, 140.0, 27, , 1556, 0, 0, 0, , 0, 0, 0, 0, 0, 
5, 0, 5, -1, -1, 308, 117, 124.0, 19, , 353, 0, 0, 0, , 0, 0, 0, 0, 0, 
6, 0, 6, -1, -1, 223, 153, 133.0, 27, , 1164, 0, 0, 0, , 0, 0, 0, 0, 0, 
7, 0, 7, -1, -1, 91, 123, 137.0, 25, , 60, 0, 0, 0, , 0, 0, 0, 0, 0, 
8, 0, 8, -1, -1, 307, 120, 136.0, 17, , 1154, 0, 0, 0, , 0, 0, 0, 0, 0, 
9, 0, 9, -1, -1, 215, 152, 148.0, 25, , 594, 0, 0, 0, , 0, 0, 0, 0, 0, 
10, 0, 10, -1, -1, 155, 110, 148.0, 11, , 78, 0, 0, 0, , 0, 0, 0, 0, 0, 
11, 0, 11, -1, -1, 150, 110, 177.0, 13, , 127, 0, 0, 0, , 0, 0, 0, 0, 0, 
12, 0, 12, -1, -1, 52, 114, 81.0, 11, , 5622, 0, 0, 0, , 0, 0, 0, 0, 0, 
13, 0, 13, -1, -1, 154, 109, 153.0, 11, , 118, 0, 0, 0, , 0, 0, 0, 0, 0, 
14, 0, 14, -1, -1, 51, 106, 95.0, 11, , 71, 0, 0, 0, , 0, 0, 0, 0, 0, 
15, 0, 15, -1, -1, 152, 109, 182.0, 11, , 41, 0, 0, 0, , 0, 0, 0, 0, 0, 
16, 0, 16, -1, -1, 81, 125, 107.0, 13, , 155, 0, 0, 0, , 0, 0, 0, 0, 0, 
17, 0, 17, -1, -1, 88, 109, 111.0, 13, , 640, 0, 0, 0, , 0, 0, 0, 0, 0, 
18, 0, 18, -1, -1, 213, 61, 134.0, 13, , 64, 0, 0, 0, , 0, 0, 0, 0, 0, 
19, 0, -1, -1, -1, 88, 134, 113.0, 13, , 164, 0, 0, 0, , 0, 0, 0, 0, 0, 
20, 0, -1, -1, -1, 214, 71, 116.0, 13, , 178, 0, 0, 0, , 0, 0, 0, 0, 0, 
21, 0, -1, -1, -1, 221, 154, 126.0, 27, , 4053, 0, 0, 0, , 0, 0, 0, 0, 0, 
22, 0, -1, -1, -1, 86, 113, 129.0, 15, , 219, 0, 0, 0, , 0, 0, 0, 0, 0, 
23, 0, -1, -1, -1, 81, 128, 131.0, 17, , 247, 0, 0, 0, , 0, 0, 0, 0, 0, 
24, 0, -1, -1, -1, 318, 121, 146.0, 25, , 3270, 0, 0, 0, , 0, 0, 0, 0, 0, 
25, 0, -1, -1, -1, 104, 114, 104.0, 15, , 30, 0, 0, 0, , 0, 0, 0, 0, 0, 
26, 0, -1, -1, -1, 208, 79, 121.0, 15, , 44, 0, 0, 0, , 0, 0, 0, 0, 0, 
27, 0, -1, -1, -1, 208, 77, 136.0, 15, , 20, 0, 0, 0, , 0, 0, 0, 0, 0, 
28, 0, -1, -1, -1, 133, 115, 146.0, 9, , 53, 0, 0, 0, , 0, 0, 0, 0, 0, 
29, 0, -1, -1, -1, 51, 110, 90.0, 13, , 444, 0, 0, 0, , 0, 0, 0, 0, 0, 
30, 0, -1, -1, -1, 318, 118, 138.0, 27, , 0, 0, 0, 0, , 0, 0, 0, 0, 0, 
31, 0, 20, -1, -1, 316, 119, 134.0, 27, , 0, 0, 0, 0, , 0, 0, 0, 0, 0, 
32, 0, -1, -1, -1, 313, 128, 134.0, 27, , 0, 0, 0, 0, , 0, 0, 0, 0, 0, 
33, 1, 22, 30, -1, 318, 120, 134.0, 27, P2, 0, 0, 0, 0, , 0, 0, 0, 0, 0, 
34, 0, 23, -1, -1, 198, 68, 137.0, 27, , 0, 0, 0, 0, , 0, 0, 0, 0, 0, 
35, 1, 25, 33, -1, 93, 118, 127.0, 29, ABa, 0, 0, 0, 0, , 0, 0, 0, 0, 0, 
36, 1, 26, 34, -1, 219, 154, 137.0, 27, EMS, 0, 0, 0, 0, , 0, 0, 0, 0, 0, 
37, 1, 27, 35, -1, 196, 63, 141.0, 33, ABp, 0, 0, 0, 0, , 0, 0, 0, 0, 0, 
