1, 0, 1, -1, -1, 55, 113, 71.0, 11, , 44, 0, 0, 0, , 0, 0, 0, 0, 0, 
2, 0, 2, -1, -1, 146, 112, 157.0, 11, , 95, 0, 0, 0, , 0, 0, 0, 0, 0, 
3, 0, 7, -1, -1, 93, 115, 135.0, 25, , 28, 0, 0, 0, , 0, 0, 0, 0, 0, 
4, 0, 8, -1, -1, 303, 128, 134.0, 15, , 52, 0, 0, 0, , 0, 0, 0, 0, 0, 
5, 0, 10, -1, -1, 142, 118, 147.0, 11, , 92, 0, 0, 0, , 0, 0, 0, 0, 0, 
6, 0, 11, -1, -1, 141, 113, 177.0, 9, , 97, 0, 0, 0, , 0, 0, 0, 0, 0, 
7, 0, 12, -1, -1, 52, 113, 80.0, 11, , 1981, 0, 0, 0, , 0, 0, 0, 0, 0, 
8, 0, 13, -1, -1, 147, 113, 152.0, 13, , 139, 0, 0, 0, , 0, 0, 0, 0, 0, 
9, 0, 14, -1, -1, 50, 106, 95.0, 11, , 37, 0, 0, 0, , 0, 0, 0, 0, 0, 
10, 0, 16, -1, -1, 82, 111, 107.0, 11, , 20, 0, 0, 0, , 0, 0, 0, 0, 0, 
11, 0, 17, -1, -1, 78, 112, 112.0, 9, , 18, 0, 0, 0, , 0, 0, 0, 0, 0, 
12, 0, 18, -1, -1, 221, 71, 133.0, 13, , 42, 0, 0, 0, , 0, 0, 0, 0, 0, 
13, 0, 19, -1, -1, 88, 126, 111.0, 11, , 151, 0, 0, 0, , 0, 0, 0, 0, 0, 
14, 0, 20, -1, -1, 216, 75, 115.0, 13, , 100, 0, 0, 0, , 0, 0, 0, 0, 0, 
15, 0, 22, -1, -1, 97, 102, 129.0, 11, , 69, 0, 0, 0, , 0, 0, 0, 0, 0, 
16, 0, 23, -1, -1, 87, 122, 131.0, 9, , 24, 0, 0, 0, , 0, 0, 0, 0, 0, 
17, 0, 24, -1, -1, 306, 114, 150.0, 11, , 15, 0, 0, 0, , 0, 0, 0, 0, 0, 
18, 0, 25, -1, -1, 98, 103, 104.0, 11, , 20, 0, 0, 0, , 0, 0, 0, 0, 0, 
19, 0, 26, -1, -1, 219, 72, 120.0, 11, , 88, 0, 0, 0, , 0, 0, 0, 0, 0, 
20, 0, 27, -1, -1, 197, 71, 136.0, 11, , 80, 0, 0, 0, , 0, 0, 0, 0, 0, 
21, 0, 28, -1, -1, 141, 120, 142.0, 11, , 83, 0, 0, 0, , 0, 0, 0, 0, 0, 
22, 0, 29, -1, -1, 49, 109, 90.0, 11, , 216, 0, 0, 0, , 0, 0, 0, 0, 0, 
23, 0, -1, -1, -1, 84, 100, 117.0, 15, , 47, 0, 0, 0, , 0, 0, 0, 0, 0, 
24, 0, -1, -1, -1, 90, 101, 122.0, 11, , 16, 0, 0, 0, , 0, 0, 0, 0, 0, 
25, 0, -1, -1, -1, 96, 104, 136.0, 13, , 71, 0, 0, 0, , 0, 0, 0, 0, 0, 
26, 0, -1, -1, -1, 142, 120, 138.0, 9, , 167, 0, 0, 0, , 0, 0, 0, 0, 0, 
27, 0, -1, -1, -1, 53, 114, 75.0, 9, , 576, 0, 0, 0, , 0, 0, 0, 0, 0, 
28, 0, -1, -1, -1, 50, 113, 85.0, 11, , 778, 0, 0, 0, , 0, 0, 0, 0, 0, 
29, 0, -1, -1, -1, 140, 115, 172.0, 11, , 334, 0, 0, 0, , 0, 0, 0, 0, 0, 
30, 1, 33, 35, -1, 313, 118, 133.0, 29, P2, 0, 0, 0, 0, , 0, 0, 0, 0, 0, 
31, 0, 6, -1, -1, 215, 158, 134.0, 27, , 0, 0, 0, 0, , 0, 0, 0, 0, 0, 
32, 0, 34, -1, -1, 201, 63, 134.0, 31, , 0, 0, 0, 0, , 0, 0, 0, 0, 0, 
33, 1, 35, 38, -1, 94, 111, 127.0, 29, ABa, 0, 0, 0, 0, , 0, 0, 0, 0, 0, 
34, 1, 36, 39, -1, 215, 159, 137.0, 27, EMS, 0, 0, 0, 0, , 0, 0, 0, 0, 0, 
35, 1, 37, 40, -1, 199, 64, 140.5, 33, ABp, 0, 0, 0, 0, , 0, 0, 0, 0, 0, 
