1, 0, 1, -1, -1, 55, 112, 70.0, 9, , 44, 0, 0, 0, , 0, 0, 0, 0, 0, 
2, 0, 2, -1, -1, 51, 112, 80.0, 9, , 2593, 0, 0, 0, , 0, 0, 0, 0, 0, 
3, 0, 3, -1, -1, 49, 106, 94.0, 9, , 21, 0, 0, 0, , 0, 0, 0, 0, 0, 
4, 0, 5, -1, -1, 50, 108, 89.0, 9, , 248, 0, 0, 0, , 0, 0, 0, 0, 0, 
5, 0, 6, -1, -1, 104, 94, 115.0, 7, , 34, 0, 0, 0, , 0, 0, 0, 0, 0, 
6, 0, 10, -1, -1, 133, 106, 156.0, 8, , 8, 0, 0, 0, , 0, 0, 0, 0, 0, 
7, 0, 11, -1, -1, 94, 97, 115.0, 8, , 7, 0, 0, 0, , 0, 0, 0, 0, 0, 
8, 0, 12, -1, -1, 223, 175, 130.0, 8, , 5, 0, 0, 0, , 0, 0, 0, 0, 0, 
9, 0, 13, -1, -1, 102, 98, 120.0, 13, , 205, 0, 0, 0, , 0, 0, 0, 0, 0, 
10, 0, 15, -1, -1, 128, 107, 146.0, 8, , 5, 0, 0, 0, , 0, 0, 0, 0, 0, 
11, 0, 16, -1, -1, 117, 102, 172.0, 8, , 4, 0, 0, 0, , 0, 0, 0, 0, 0, 
12, 0, 17, -1, -1, 128, 110, 152.0, 8, , 22, 0, 0, 0, , 0, 0, 0, 0, 0, 
13, 0, 18, -1, -1, 127, 104, 161.0, 8, , 119, 0, 0, 0, , 0, 0, 0, 0, 0, 
14, 0, 22, -1, -1, 190, 72, 129.0, 8, , 7, 0, 0, 0, , 0, 0, 0, 0, 0, 
15, 0, 23, -1, -1, 129, 103, 154.0, 8, , 5, 0, 0, 0, , 0, 0, 0, 0, 0, 
16, 0, 24, -1, -1, 206, 165, 114.0, 8, , 4, 0, 0, 0, , 0, 0, 0, 0, 0, 
17, 0, 25, -1, -1, 214, 166, 113.0, 8, , 2, 0, 0, 0, , 0, 0, 0, 0, 0, 
18, 0, 26, -1, -1, 214, 166, 118.0, 8, , 7, 0, 0, 0, , 0, 0, 0, 0, 0, 
19, 0, 29, -1, -1, 208, 166, 123.0, 7, , 7, 0, 0, 0, , 0, 0, 0, 0, 0, 
20, 0, 31, -1, -1, 300, 111, 130.0, 8, , 3, 0, 0, 0, , 0, 0, 0, 0, 0, 
21, 0, 32, -1, -1, 205, 168, 138.0, 8, , 7, 0, 0, 0, , 0, 0, 0, 0, 0, 
22, 0, 34, -1, -1, 122, 109, 170.0, 8, , 199, 0, 0, 0, , 0, 0, 0, 0, 0, 
23, 0, 37, -1, -1, 53, 112, 73.0, 7, , 278, 0, 0, 0, , 0, 0, 0, 0, 0, 
24, 0, -1, -1, -1, 300, 108, 115.0, 8, , 10, 0, 0, 0, , 0, 0, 0, 0, 0, 
25, 0, -1, -1, -1, 224, 170, 123.0, 7, , 8, 0, 0, 0, , 0, 0, 0, 0, 0, 
26, 0, -1, -1, -1, 109, 92, 126.0, 8, , 1, 0, 0, 0, , 0, 0, 0, 0, 0, 
27, 0, -1, -1, -1, 227, 166, 126.0, 7, , 4, 0, 0, 0, , 0, 0, 0, 0, 0, 
28, 0, -1, -1, -1, 206, 176, 129.0, 8, , 9, 0, 0, 0, , 0, 0, 0, 0, 0, 
29, 0, -1, -1, -1, 204, 169, 142.0, 8, , 5, 0, 0, 0, , 0, 0, 0, 0, 0, 
30, 0, -1, -1, -1, 203, 170, 147.0, 7, , 23, 0, 0, 0, , 0, 0, 0, 0, 0, 
31, 0, -1, -1, -1, 124, 106, 175.0, 7, , 17, 0, 0, 0, , 0, 0, 0, 0, 0, 
32, 1, 38, 24, -1, 304, 108, 125.0, 33, P2, 0, 0, 0, 0, , 0, 0, 0, 0, 0, 
33, 0, 39, -1, -1, 210, 167, 125.0, 27, , 0, 0, 0, 0, , 0, 0, 0, 0, 0, 
34, 0, 40, -1, -1, 101, 106, 118.0, 21, , 0, 0, 0, 0, , 0, 0, 0, 0, 0, 
35, 0, 41, -1, -1, 198, 67, 130.0, 23, , 0, 0, 0, 0, , 0, 0, 0, 0, 0, 
36, 1, 42, 28, 29, 101, 103, 122.0, 29, ABa, 0, 0, 0, 0, , 0, 0, 0, 0, 0, 
37, 1, 43, 30, -1, 206, 163, 136.5, 27, EMS, 0, 0, 0, 0, , 0, 0, 0, 0, 0, 
38, 1, 44, 34, -1, 199, 68, 115.0, 29, ABpl, 0, 0, 0, 0, , 0, 0, 0, 0, 0, 
39, 1, 44, 32, -1, 198, 68, 130.0, 27, ABpr, 0, 0, 0, 0, , 0, 0, 0, 0, 0, 
