1, 0, 1, -1, -1, 51, 113, 81.0, 9, , 1008, 0, 0, 0, , 0, 0, 0, 0, 0, 
2, 0, 2, -1, -1, 51, 108, 93.0, 7, , 44, 0, 0, 0, , 0, 0, 0, 0, 0, 
3, 0, 3, -1, -1, 218, 169, 132.0, 7, , 4, 0, 0, 0, , 0, 0, 0, 0, 0, 
4, 0, 5, -1, -1, 302, 120, 129.0, 7, , 5, 0, 0, 0, , 0, 0, 0, 0, 0, 
5, 0, 6, -1, -1, 212, 143, 139.0, 8, , 3, 0, 0, 0, , 0, 0, 0, 0, 0, 
6, 0, 7, -1, -1, 54, 112, 70.0, 7, , 22, 0, 0, 0, , 0, 0, 0, 0, 0, 
7, 0, 8, -1, -1, 306, 114, 114.0, 7, , 9, 0, 0, 0, , 0, 0, 0, 0, 0, 
8, 0, 10, -1, -1, 220, 155, 125.0, 8, , 4, 0, 0, 0, , 0, 0, 0, 0, 0, 
9, 0, 11, -1, -1, 215, 172, 142.0, 8, , 19, 0, 0, 0, , 0, 0, 0, 0, 0, 
10, 0, 12, -1, -1, 216, 173, 148.0, 8, , 19, 0, 0, 0, , 0, 0, 0, 0, 0, 
11, 0, 13, -1, -1, 136, 88, 178.0, 8, , 60, 0, 0, 0, , 0, 0, 0, 0, 0, 
12, 0, 14, -1, -1, 218, 150, 140.0, 8, , 48, 0, 0, 0, , 0, 0, 0, 0, 0, 
13, 0, 15, -1, -1, 145, 83, 168.0, 8, , 34, 0, 0, 0, , 0, 0, 0, 0, 0, 
14, 0, 16, -1, -1, 50, 112, 89.0, 9, , 159, 0, 0, 0, , 0, 0, 0, 0, 0, 
15, 0, 17, -1, -1, 304, 123, 110.0, 8, , 8, 0, 0, 0, , 0, 0, 0, 0, 0, 
16, 0, 18, -1, -1, 298, 129, 131.0, 8, , 10, 0, 0, 0, , 0, 0, 0, 0, 0, 
17, 0, 19, -1, -1, 299, 133, 137.0, 8, , 2, 0, 0, 0, , 0, 0, 0, 0, 0, 
18, 0, 20, -1, -1, 221, 148, 149.0, 8, , 11, 0, 0, 0, , 0, 0, 0, 0, 0, 
19, 0, 21, -1, -1, 209, 147, 150.0, 8, , 52, 0, 0, 0, , 0, 0, 0, 0, 0, 
20, 0, 22, -1, -1, 206, 151, 158.0, 8, , 7, 0, 0, 0, , 0, 0, 0, 0, 0, 
21, 0, -1, -1, -1, 220, 161, 134.0, 9, , 44, 0, 0, 0, , 0, 0, 0, 0, 0, 
22, 0, -1, -1, -1, 278, 120, 132.0, 8, , 19, 0, 0, 0, , 0, 0, 0, 0, 0, 
23, 0, -1, -1, -1, 216, 154, 151.0, 8, , 91, 0, 0, 0, , 0, 0, 0, 0, 0, 
24, 0, -1, -1, -1, 294, 128, 109.0, 9, , 10, 0, 0, 0, , 0, 0, 0, 0, 0, 
25, 0, -1, -1, -1, 306, 127, 117.0, 8, , 22, 0, 0, 0, , 0, 0, 0, 0, 0, 
26, 0, -1, -1, -1, 291, 109, 125.0, 8, , 11, 0, 0, 0, , 0, 0, 0, 0, 0, 
27, 0, -1, -1, -1, 305, 132, 125.0, 7, , 20, 0, 0, 0, , 0, 0, 0, 0, 0, 
28, 0, -1, -1, -1, 213, 147, 131.0, 8, , 4, 0, 0, 0, , 0, 0, 0, 0, 0, 
29, 0, -1, -1, -1, 216, 161, 142.0, 7, , 3, 0, 0, 0, , 0, 0, 0, 0, 0, 
30, 0, -1, -1, -1, 139, 100, 169.0, 8, , 1, 0, 0, 0, , 0, 0, 0, 0, 0, 
31, 0, -1, -1, -1, 143, 83, 187.0, 8, , 13, 0, 0, 0, , 0, 0, 0, 0, 0, 
32, 1, 24, 31, -1, 296, 120, 123.0, 31, P2, 0, 0, 0, 0, , 0, 0, 0, 0, 0, 
33, 0, 25, -1, -1, 215, 161, 131.0, 21, , 0, 0, 0, 0, , 0, 0, 0, 0, 0, 
34, 0, 26, -1, -1, 101, 116, 103.0, 21, , 0, 0, 0, 0, , 0, 0, 0, 0, 0, 
35, 0, 27, -1, -1, 214, 71, 138.0, 23, , 0, 0, 0, 0, , 0, 0, 0, 0, 0, 
36, 1, 28, 35, -1, 100, 115, 108.0, 29, ABal, 0, 0, 0, 0, , 0, 0, 0, 0, 0, 
37, 1, 29, 36, -1, 102, 92, 146.0, 25, ABar, 0, 0, 0, 0, , 0, 0, 0, 0, 0, 
38, 1, 30, 37, -1, 215, 159, 130.0, 27, EMS, 0, 0, 0, 0, , 0, 0, 0, 0, 0, 
39, 0, 29, -1, -1, 111, 90, 142.0, 25, , 0, 0, 0, 0, , 0, 0, 0, 0, 0, 
40, 0, 28, -1, -1, 106, 106, 107.0, 29, , 0, 0, 0, 0, , 0, 0, 0, 0, 0, 
41, 0, -1, -1, -1, 214, 76, 139.0, 33, , 0, 0, 0, 0, , 0, 0, 0, 0, 0, 
42, 1, 32, 38, -1, 215, 68, 137.0, 23, ABpr, 0, 0, 0, 0, , 0, 0, 0, 0, 0, 
43, 0, 33, -1, -1, 198, 72, 133.21739, 27, , 0, 0, 0, 0, , 0, 0, 0, 0, 0, 
44, 1, 34, 40, -1, 202, 82, 97.0, 25, ABpl, 0, 0, 0, 0, , 0, 0, 0, 0, 0, 
45, 0, 28, -1, -1, 99, 85, 142.0, 25, , 0, 0, 0, 0, , 0, 0, 0, 0, 0, 
46, 0, 28, -1, -1, 102, 121, 107.0, 29, , 0, 0, 0, 0, , 0, 0, 0, 0, 0, 
