1, 0, 1, -1, -1, 52, 113, 82.0, 9, , 899, 0, 0, 0, , 0, 0, 0, 0, 0, 
2, 0, 2, -1, -1, 287, 115, 127.0, 8, , 2, 0, 0, 0, , 0, 0, 0, 0, 0, 
3, 0, 3, -1, -1, 54, 112, 70.0, 7, , 68, 0, 0, 0, , 0, 0, 0, 0, 0, 
4, 0, 4, -1, -1, 305, 124, 113.0, 8, , 14, 0, 0, 0, , 0, 0, 0, 0, 0, 
5, 0, 7, -1, -1, 152, 64, 169.0, 7, , 13, 0, 0, 0, , 0, 0, 0, 0, 0, 
6, 0, 8, -1, -1, 51, 111, 89.0, 8, , 271, 0, 0, 0, , 0, 0, 0, 0, 0, 
7, 0, 10, -1, -1, 286, 116, 133.0, 9, , 22, 0, 0, 0, , 0, 0, 0, 0, 0, 
8, 0, -1, -1, -1, 289, 118, 137.0, 8, , 18, 0, 0, 0, , 0, 0, 0, 0, 0, 
9, 0, -1, -1, -1, 295, 136, 138.0, 9, , 65, 0, 0, 0, , 0, 0, 0, 0, 0, 
10, 0, 12, -1, -1, 223, 156, 148.0, 9, , 65, 0, 0, 0, , 0, 0, 0, 0, 0, 
11, 0, 13, -1, -1, 200, 149, 148.0, 7, , 47, 0, 0, 0, , 0, 0, 0, 0, 0, 
12, 0, 14, -1, -1, 221, 154, 137.0, 8, , 138, 0, 0, 0, , 0, 0, 0, 0, 0, 
13, 0, 15, -1, -1, 288, 137, 130.0, 8, , 8, 0, 0, 0, , 0, 0, 0, 0, 0, 
14, 0, 16, -1, -1, 284, 135, 113.0, 8, , 14, 0, 0, 0, , 0, 0, 0, 0, 0, 
15, 0, 17, -1, -1, 306, 122, 123.0, 7, , 45, 0, 0, 0, , 0, 0, 0, 0, 0, 
16, 0, 18, -1, -1, 294, 118, 124.0, 9, , 39, 0, 0, 0, , 0, 0, 0, 0, 0, 
17, 0, 19, -1, -1, 281, 135, 124.0, 8, , 17, 0, 0, 0, , 0, 0, 0, 0, 0, 
18, 0, 20, -1, -1, 221, 149, 132.0, 8, , 7, 0, 0, 0, , 0, 0, 0, 0, 0, 
19, 0, 21, -1, -1, 155, 67, 183.0, 8, , 96, 0, 0, 0, , 0, 0, 0, 0, 0, 
20, 0, 22, -1, -1, 290, 120, 111.0, 8, , 66, 0, 0, 0, , 0, 0, 0, 0, 0, 
21, 0, 23, -1, -1, 298, 138, 131.0, 8, , 62, 0, 0, 0, , 0, 0, 0, 0, 0, 
22, 0, 25, -1, -1, 151, 68, 176.0, 7, , 90, 0, 0, 0, , 0, 0, 0, 0, 0, 
23, 0, 26, -1, -1, 52, 114, 76.0, 9, , 726, 0, 0, 0, , 0, 0, 0, 0, 0, 
24, 0, 27, -1, -1, 285, 119, 105.0, 8, , 19, 0, 0, 0, , 0, 0, 0, 0, 0, 
25, 0, 29, -1, -1, 226, 155, 156.0, 8, , 3, 0, 0, 0, , 0, 0, 0, 0, 0, 
26, 0, 30, -1, -1, 146, 63, 188.0, 7, , 19, 0, 0, 0, , 0, 0, 0, 0, 0, 
27, 0, -1, -1, -1, 306, 123, 118.0, 7, , 50, 0, 0, 0, , 0, 0, 0, 0, 0, 
28, 0, -1, -1, -1, 223, 147, 144.0, 9, , 86, 0, 0, 0, , 0, 0, 0, 0, 0, 
29, 0, -1, -1, -1, 152, 62, 173.0, 8, , 56, 0, 0, 0, , 0, 0, 0, 0, 0, 
30, 0, -1, -1, -1, 152, 64, 185.0, 9, , 315, 0, 0, 0, , 0, 0, 0, 0, 0, 
31, 0, -1, -1, -1, 287, 143, 122.0, 7, , 26, 0, 0, 0, , 0, 0, 0, 0, 0, 
32, 0, -1, -1, -1, 224, 156, 151.0, 7, , 31, 0, 0, 0, , 0, 0, 0, 0, 0, 
33, 0, -1, -1, -1, 200, 150, 153.0, 9, , 59, 0, 0, 0, , 0, 0, 0, 0, 0, 
34, 1, 31, 30, -1, 288, 131, 124.0, 33, P2, 0, 0, 0, 0, , 0, 0, 0, 0, 0, 
35, 1, 37, 32, -1, 199, 152, 146.0, 17, MS, 0, 0, 0, 0, MS, 0, 0, 0, 0, 0, 
36, 1, 37, 31, -1, 223, 153, 139.5, 18, E, 0, 0, 0, 0, E, 0, 0, 0, 0, 0, 
37, 0, 33, -1, -1, 96, 126, 110.0, 23, , 0, 0, 0, 0, , 0, 0, 0, 0, 0, 
38, 0, 34, -1, -1, 219, 65, 141.0, 23, , 0, 0, 0, 0, , 0, 0, 0, 0, 0, 
39, 1, 35, 35, -1, 94, 123, 109.5, 29, ABal, 0, 0, 0, 0, , 0, 0, 0, 0, 0, 
40, 1, 36, 36, -1, 104, 84, 149.5, 25, ABar, 0, 0, 0, 0, , 0, 0, 0, 0, 0, 
41, 1, 38, 39, -1, 220, 65, 142.0, 25, ABpr, 0, 0, 0, 0, , 0, 0, 0, 0, 0, 
42, 0, 39, -1, -1, 198, 76, 136.43478, 26, , 0, 0, 0, 0, , 0, 0, 0, 0, 0, 
43, 1, 40, 41, -1, 193, 84, 96.0, 25, ABpl, 0, 0, 0, 0, , 0, 0, 0, 0, 0, 
