1, 0, 1, -1, -1, 51, 114, 79.0, 9, , 1684, 0, 0, 0, , 0, 0, 0, 0, 0, 
2, 0, 2, -1, -1, 291, 121, 129.0, 8, , 8, 0, 0, 0, , 0, 0, 0, 0, 0, 
3, 0, 3, -1, -1, 52, 113, 73.0, 9, , 174, 0, 0, 0, , 0, 0, 0, 0, 0, 
4, 0, 5, -1, -1, 50, 111, 88.0, 9, , 262, 0, 0, 0, , 0, 0, 0, 0, 0, 
5, 0, 7, -1, -1, 285, 126, 112.0, 7, , 19, 0, 0, 0, , 0, 0, 0, 0, 0, 
6, 0, 8, -1, -1, 286, 120, 126.0, 8, , 2, 0, 0, 0, , 0, 0, 0, 0, 0, 
7, 0, 9, -1, -1, 289, 110, 112.0, 9, , 491, 0, 0, 0, , 0, 0, 0, 0, 0, 
8, 0, 10, -1, -1, 161, 64, 172.0, 9, , 382, 0, 0, 0, , 0, 0, 0, 0, 0, 
9, 0, 12, -1, -1, 293, 127, 107.0, 9, , 62, 0, 0, 0, , 0, 0, 0, 0, 0, 
10, 0, 13, -1, -1, 298, 124, 115.0, 8, , 39, 0, 0, 0, , 0, 0, 0, 0, 0, 
11, 0, 14, -1, -1, 163, 63, 178.0, 9, , 48, 0, 0, 0, , 0, 0, 0, 0, 0, 
12, 0, 15, -1, -1, 287, 128, 107.0, 9, , 27, 0, 0, 0, , 0, 0, 0, 0, 0, 
13, 0, 16, -1, -1, 51, 109, 95.0, 9, , 15, 0, 0, 0, , 0, 0, 0, 0, 0, 
14, 0, 17, -1, -1, 185, 70, 137.0, 8, , 51, 0, 0, 0, , 0, 0, 0, 0, 0, 
15, 0, 18, -1, -1, 164, 60, 165.0, 9, , 297, 0, 0, 0, , 0, 0, 0, 0, 0, 
16, 0, 19, -1, -1, 292, 124, 120.0, 9, , 104, 0, 0, 0, , 0, 0, 0, 0, 0, 
17, 0, 20, -1, -1, 166, 55, 180.0, 8, , 3, 0, 0, 0, , 0, 0, 0, 0, 0, 
18, 0, -1, -1, -1, 91, 138, 76.0, 8, , 2, 0, 0, 0, , 0, 0, 0, 0, 0, 
19, 0, -1, -1, -1, 284, 125, 123.0, 8, , 3, 0, 0, 0, , 0, 0, 0, 0, 0, 
20, 0, -1, -1, -1, 182, 66, 138.0, 8, , 7, 0, 0, 0, , 0, 0, 0, 0, 0, 
21, 1, 21, 20, -1, 290, 111, 116.0, 17, C, 0, 0, 0, 0, C, 0, 0, 0, 0, 0, 
22, 1, 21, 19, -1, 291, 125, 122.5, 16, P3, 0, 0, 0, 0, P3, 0, 0, 0, 0, 0, 
23, 1, 22, 21, -1, 180, 154, 160.0, 17, MS, 0, 0, 0, 0, , 0, 0, 0, 0, 0, 
24, 0, 23, -1, -1, 87, 124, 96.0, 29, , 0, 0, 0, 0, , 0, 0, 0, 0, 0, 
25, 0, 24, -1, -1, 214, 67, 159.0, 29, , 0, 0, 0, 0, , 0, 0, 0, 0, 0, 
26, 1, 25, 24, -1, 227, 151, 139.0, 20, E, 0, 0, 0, 0, , 0, 0, 0, 0, 0, 
27, 1, 26, 25, -1, 82, 123, 108.0, 29, ABal, 0, 0, 0, 0, , 0, 0, 0, 0, 0, 
28, 1, 27, 26, -1, 113, 60, 148.0, 25, ABar, 0, 0, 0, 0, , 0, 0, 0, 0, 0, 
29, 1, 28, 29, -1, 214, 67, 159.0, 27, ABpr, 0, 0, 0, 0, , 0, 0, 0, 0, 0, 
30, 0, 29, -1, -1, 198, 82, 141.26086, 26, , 0, 0, 0, 0, , 0, 0, 0, 0, 0, 
31, 1, 30, 31, -1, 191, 108, 76.0, 25, ABpl, 0, 0, 0, 0, , 0, 0, 0, 0, 0, 
