1, 0, 1, -1, -1, 51, 115, 78.0, 11, , 1857, 0, 0, 0, , 0, 0, 0, 0, 0, 
2, 0, 2, -1, -1, 295, 138, 128.0, 9, , 93, 0, 0, 0, , 0, 0, 0, 0, 0, 
3, 0, 3, -1, -1, 52, 113, 71.0, 7, , 38, 0, 0, 0, , 0, 0, 0, 0, 0, 
4, 0, 4, -1, -1, 50, 113, 88.0, 9, , 353, 0, 0, 0, , 0, 0, 0, 0, 0, 
5, 0, 6, -1, -1, 276, 106, 124.0, 8, , 72, 0, 0, 0, , 0, 0, 0, 0, 0, 
6, 0, 7, -1, -1, 278, 107, 114.0, 9, , 73, 0, 0, 0, , 0, 0, 0, 0, 0, 
7, 0, 8, -1, -1, 160, 65, 172.0, 9, , 220, 0, 0, 0, , 0, 0, 0, 0, 0, 
8, 0, 11, -1, -1, 157, 66, 183.0, 8, , 188, 0, 0, 0, , 0, 0, 0, 0, 0, 
9, 0, 13, -1, -1, 51, 109, 93.0, 7, , 37, 0, 0, 0, , 0, 0, 0, 0, 0, 
10, 0, 14, -1, -1, 183, 80, 139.0, 8, , 35, 0, 0, 0, , 0, 0, 0, 0, 0, 
11, 0, 15, -1, -1, 163, 63, 168.0, 9, , 30, 0, 0, 0, , 0, 0, 0, 0, 0, 
12, 0, 16, -1, -1, 292, 140, 121.0, 9, , 49, 0, 0, 0, , 0, 0, 0, 0, 0, 
13, 0, 18, -1, -1, 92, 141, 81.0, 7, , 5, 0, 0, 0, , 0, 0, 0, 0, 0, 
14, 0, 19, -1, -1, 288, 139, 125.0, 7, , 11, 0, 0, 0, , 0, 0, 0, 0, 0, 
15, 0, -1, -1, -1, 288, 139, 129.0, 7, , 27, 0, 0, 0, , 0, 0, 0, 0, 0, 
16, 0, -1, -1, -1, 160, 65, 176.0, 9, , 327, 0, 0, 0, , 0, 0, 0, 0, 0, 
17, 0, -1, -1, -1, 283, 105, 124.0, 9, , 39, 0, 0, 0, , 0, 0, 0, 0, 0, 
18, 0, -1, -1, -1, 157, 65, 187.0, 9, , 34, 0, 0, 0, , 0, 0, 0, 0, 0, 
19, 1, 22, 13, -1, 292, 141, 128.0, 17, P3, 0, 0, 0, 0, , 0, 0, 0, 0, 0, 
20, 1, 21, 10, -1, 279, 106, 116.0, 17, C, 0, 0, 0, 0, , 0, 0, 0, 0, 0, 
21, 1, 23, 11, -1, 168, 157, 166.0, 23, MS, 0, 0, 0, 0, , 0, 0, 0, 0, 0, 
22, 0, 24, -1, -1, 88, 126, 92.0, 29, , 0, 0, 0, 0, , 0, 0, 0, 0, 0, 
23, 0, 25, -1, -1, 213, 72, 167.0, 31, , 0, 0, 0, 0, , 0, 0, 0, 0, 0, 
24, 1, 26, 15, -1, 231, 150, 141.0, 20, E, 0, 0, 0, 0, , 0, 0, 0, 0, 0, 
25, 1, 27, 16, -1, 84, 127, 106.5, 29, ABal, 0, 0, 0, 0, , 0, 0, 0, 0, 0, 
26, 1, 28, 17, -1, 115, 60, 148.0, 25, ABar, 0, 0, 0, 0, , 0, 0, 0, 0, 0, 
27, 0, 21, -1, -1, 286, 103, 116.0, 17, , 0, 0, 0, 0, , 0, 0, 0, 0, 0, 
28, 0, 22, -1, -1, 290, 140, 123.0, 16, , 0, 0, 0, 0, , 0, 0, 0, 0, 0, 
29, 1, 29, 18, -1, 212, 74, 165.0, 27, ABpr, 0, 0, 0, 0, , 0, 0, 0, 0, 0, 
30, 0, 30, -1, -1, 198, 84, 142.86957, 25, , 0, 0, 0, 0, , 0, 0, 0, 0, 0, 
31, 1, 31, 20, -1, 193, 118, 72.0, 27, ABpl, 0, 0, 0, 0, , 0, 0, 0, 0, 0, 
