1, 0, 1, -1, -1, 51, 114, 80.0, 9, , 878, 0, 0, 0, , 0, 0, 0, 0, 0, 
2, 0, 3, -1, -1, 52, 113, 72.0, 7, , 55, 0, 0, 0, , 0, 0, 0, 0, 0, 
3, 0, 4, -1, -1, 51, 111, 89.0, 9, , 212, 0, 0, 0, , 0, 0, 0, 0, 0, 
4, 0, 7, -1, -1, 160, 62, 173.0, 7, , 21, 0, 0, 0, , 0, 0, 0, 0, 0, 
5, 0, 8, -1, -1, 157, 67, 183.0, 9, , 272, 0, 0, 0, , 0, 0, 0, 0, 0, 
6, 0, 9, -1, -1, 52, 109, 93.0, 7, , 42, 0, 0, 0, , 0, 0, 0, 0, 0, 
7, 0, 10, -1, -1, 183, 77, 138.0, 7, , 21, 0, 0, 0, , 0, 0, 0, 0, 0, 
8, 0, 16, -1, -1, 159, 66, 177.0, 9, , 318, 0, 0, 0, , 0, 0, 0, 0, 0, 
9, 0, 18, -1, -1, 155, 67, 187.0, 8, , 34, 0, 0, 0, , 0, 0, 0, 0, 0, 
10, 1, 20, 17, -1, 271, 101, 122.0, 19, C, 0, 0, 0, 0, , 0, 0, 0, 0, 0, 
11, 1, 21, 18, -1, 169, 159, 169.0, 23, MS, 0, 0, 0, 0, , 0, 0, 0, 0, 0, 
12, 0, 22, -1, -1, 86, 130, 94.0, 31, , 0, 0, 0, 0, , 0, 0, 0, 0, 0, 
13, 1, 19, 20, -1, 296, 142, 128.0, 18, P3, 0, 0, 0, 0, , 0, 0, 0, 0, 0, 
14, 0, 23, -1, -1, 220, 80, 173.0, 31, , 0, 0, 0, 0, , 0, 0, 0, 0, 0, 
15, 1, 24, 22, -1, 247, 145, 139.0, 22, E, 0, 0, 0, 0, , 0, 0, 0, 0, 0, 
16, 1, 25, 23, -1, 86, 131, 105.0, 29, ABal, 0, 0, 0, 0, , 0, 0, 0, 0, 0, 
17, 1, 26, 24, -1, 117, 62, 147.5, 33, ABar, 0, 0, 0, 0, , 0, 0, 0, 0, 0, 
18, 1, 29, 25, -1, 219, 81, 169.0, 27, ABpr, 0, 0, 0, 0, , 0, 0, 0, 0, 0, 
19, 0, 30, -1, -1, 198, 86, 144.47826, 25, , 0, 0, 0, 0, , 0, 0, 0, 0, 0, 
20, 1, 31, 27, -1, 185, 119, 68.0, 27, ABpl, 0, 0, 0, 0, , 0, 0, 0, 0, 0, 
