1, 0, 1, -1, -1, 50, 115, 81.0, 9, , 878, 0, 0, 0, , 0, 0, 0, 0, 0, 
2, 0, 2, -1, -1, 49, 115, 82.0, 9, , 1243, 0, 0, 0, , 0, 0, 0, 0, 0, 
3, 0, 3, -1, -1, 166, 58, 182.0, 11, , 913, 0, 0, 0, , 0, 0, 0, 0, 0, 
4, 0, 4, -1, -1, 171, 56, 177.0, 7, , 15, 0, 0, 0, , 0, 0, 0, 0, 0, 
5, 0, 6, -1, -1, 166, 58, 188.0, 9, , 56, 0, 0, 0, , 0, 0, 0, 0, 0, 
6, 0, 7, -1, -1, 146, 68, 126.0, 9, , 18, 0, 0, 0, , 0, 0, 0, 0, 0, 
7, 0, 8, -1, -1, 228, 90, 162.0, 8, , 3, 0, 0, 0, , 0, 0, 0, 0, 0, 
8, 0, 9, -1, -1, 222, 80, 172.0, 8, , 4, 0, 0, 0, , 0, 0, 0, 0, 0, 
9, 0, 10, -1, -1, 225, 91, 191.0, 9, , 12, 0, 0, 0, , 0, 0, 0, 0, 0, 
10, 0, 11, -1, -1, 52, 115, 72.0, 9, , 40, 0, 0, 0, , 0, 0, 0, 0, 0, 
11, 0, 13, -1, -1, 86, 129, 115.0, 8, , 3, 0, 0, 0, , 0, 0, 0, 0, 0, 
12, 0, 14, -1, -1, 151, 48, 144.0, 8, , 25, 0, 0, 0, , 0, 0, 0, 0, 0, 
13, 0, 15, -1, -1, 136, 48, 145.0, 7, , 7, 0, 0, 0, , 0, 0, 0, 0, 0, 
14, 0, 16, -1, -1, 149, 57, 136.0, 8, , 8, 0, 0, 0, , 0, 0, 0, 0, 0, 
15, 0, 17, -1, -1, 154, 70, 140.0, 8, , 32, 0, 0, 0, , 0, 0, 0, 0, 0, 
16, 0, 18, -1, -1, 145, 70, 145.0, 8, , 11, 0, 0, 0, , 0, 0, 0, 0, 0, 
17, 0, 19, -1, -1, 96, 141, 106.0, 8, , 1, 0, 0, 0, , 0, 0, 0, 0, 0, 
18, 0, 20, -1, -1, 88, 140, 117.0, 8, , 10, 0, 0, 0, , 0, 0, 0, 0, 0, 
19, 0, 21, -1, -1, 97, 143, 120.0, 8, , 2, 0, 0, 0, , 0, 0, 0, 0, 0, 
20, 0, 22, -1, -1, 90, 136, 123.0, 8, , 2, 0, 0, 0, , 0, 0, 0, 0, 0, 
21, 0, 23, -1, -1, 85, 142, 125.0, 8, , 20, 0, 0, 0, , 0, 0, 0, 0, 0, 
22, 0, 24, -1, -1, 147, 51, 154.0, 8, , 2, 0, 0, 0, , 0, 0, 0, 0, 0, 
23, 0, 25, -1, -1, 231, 73, 160.0, 9, , 8, 0, 0, 0, , 0, 0, 0, 0, 0, 
24, 0, 26, -1, -1, 235, 79, 187.0, 8, , 11, 0, 0, 0, , 0, 0, 0, 0, 0, 
25, 0, -1, -1, -1, 143, 71, 140.0, 8, , 15, 0, 0, 0, , 0, 0, 0, 0, 0, 
26, 0, -1, -1, -1, 88, 131, 137.0, 8, , 10, 0, 0, 0, , 0, 0, 0, 0, 0, 
27, 0, -1, -1, -1, 91, 137, 137.0, 7, , 16, 0, 0, 0, , 0, 0, 0, 0, 0, 
28, 0, -1, -1, -1, 246, 85, 167.0, 9, , 10, 0, 0, 0, , 0, 0, 0, 0, 0, 
29, 0, -1, -1, -1, 231, 93, 171.0, 7, , 6, 0, 0, 0, , 0, 0, 0, 0, 0, 
30, 0, -1, -1, -1, 236, 83, 175.0, 8, , 10, 0, 0, 0, , 0, 0, 0, 0, 0, 
31, 0, -1, -1, -1, 227, 94, 177.0, 9, , 11, 0, 0, 0, , 0, 0, 0, 0, 0, 
32, 1, 27, 32, -1, 265, 101, 93.0, 23, C, 0, 0, 0, 0, , 0, 0, 0, 0, 0, 
33, 1, 28, 33, -1, 165, 148, 180.0, 25, MS, 0, 0, 0, 0, , 0, 0, 0, 0, 0, 
34, 0, 29, -1, -1, 80, 143, 127.0, 29, , 0, 0, 0, 0, , 0, 0, 0, 0, 0, 
35, 0, 30, -1, -1, 237, 86, 174.0, 33, , 0, 0, 0, 0, , 0, 0, 0, 0, 0, 
36, 1, 31, 36, -1, 305, 152, 138.0, 22, P3, 0, 0, 0, 0, , 0, 0, 0, 0, 0, 
37, 1, 32, 37, -1, 254, 159, 134.0, 28, E, 0, 0, 0, 0, , 0, 0, 0, 0, 0, 
38, 1, 33, 38, -1, 79, 139, 115.0, 29, ABal, 0, 0, 0, 0, , 0, 0, 0, 0, 0, 
39, 1, 34, 39, -1, 141, 59, 149.0, 35, ABar, 0, 0, 0, 0, , 0, 0, 0, 0, 0, 
40, 1, 35, 40, -1, 236, 88, 174.0, 29, ABpr, 0, 0, 0, 0, , 0, 0, 0, 0, 0, 
41, 0, 36, -1, -1, 197, 95, 150.91304, 24, , 0, 0, 0, 0, , 0, 0, 0, 0, 0, 
42, 1, 37, 42, -1, 172, 140, 67.0, 27, ABpl, 0, 0, 0, 0, , 0, 0, 0, 0, 0, 
