1, 0, 1, -1, -1, 49, 115, 82.0, 9, , 621, 0, 0, 0, , 0, 0, 0, 0, 0, 
2, 0, 2, -1, -1, 50, 116, 77.0, 9, , 473, 0, 0, 0, , 0, 0, 0, 0, 0, 
3, 0, 4, -1, -1, 175, 45, 175.0, 9, , 19, 0, 0, 0, , 0, 0, 0, 0, 0, 
4, 0, 5, -1, -1, 227, 91, 162.0, 9, , 212, 0, 0, 0, , 0, 0, 0, 0, 0, 
5, 0, 6, -1, -1, 51, 115, 73.0, 9, , 53, 0, 0, 0, , 0, 0, 0, 0, 0, 
6, 0, 8, -1, -1, 154, 81, 138.0, 9, , 14, 0, 0, 0, , 0, 0, 0, 0, 0, 
7, 0, 9, -1, -1, 152, 76, 144.0, 9, , 39, 0, 0, 0, , 0, 0, 0, 0, 0, 
8, 0, 13, -1, -1, 236, 90, 158.0, 7, , 36, 0, 0, 0, , 0, 0, 0, 0, 0, 
9, 0, 15, -1, -1, 144, 75, 139.0, 8, , 3, 0, 0, 0, , 0, 0, 0, 0, 0, 
10, 0, 16, -1, -1, 90, 133, 142.0, 8, , 19, 0, 0, 0, , 0, 0, 0, 0, 0, 
11, 0, 17, -1, -1, 88, 126, 139.0, 9, , 24, 0, 0, 0, , 0, 0, 0, 0, 0, 
12, 0, 19, -1, -1, 232, 86, 168.0, 7, , 10, 0, 0, 0, , 0, 0, 0, 0, 0, 
13, 0, 20, -1, -1, 234, 90, 173.0, 7, , 8, 0, 0, 0, , 0, 0, 0, 0, 0, 
14, 0, 21, -1, -1, 232, 85, 175.0, 8, , 3, 0, 0, 0, , 0, 0, 0, 0, 0, 
15, 0, 22, -1, -1, 171, 136, 80.0, 7, , 19, 0, 0, 0, , 0, 0, 0, 0, 0, 
16, 0, 24, -1, -1, 157, 71, 151.0, 9, , 48, 0, 0, 0, , 0, 0, 0, 0, 0, 
17, 0, 25, -1, -1, 236, 89, 166.0, 8, , 223, 0, 0, 0, , 0, 0, 0, 0, 0, 
18, 0, 26, -1, -1, 237, 91, 153.0, 9, , 60, 0, 0, 0, , 0, 0, 0, 0, 0, 
19, 0, 27, -1, -1, 165, 138, 84.0, 7, , 40, 0, 0, 0, , 0, 0, 0, 0, 0, 
20, 0, 28, -1, -1, 147, 70, 147.0, 8, , 52, 0, 0, 0, , 0, 0, 0, 0, 0, 
21, 0, 31, -1, -1, 49, 114, 86.0, 9, , 281, 0, 0, 0, , 0, 0, 0, 0, 0, 
22, 0, -1, -1, -1, 85, 133, 136.0, 7, , 26, 0, 0, 0, , 0, 0, 0, 0, 0, 
23, 0, -1, -1, -1, 160, 83, 145.0, 7, , 10, 0, 0, 0, , 0, 0, 0, 0, 0, 
24, 0, -1, -1, -1, 151, 66, 150.0, 8, , 4, 0, 0, 0, , 0, 0, 0, 0, 0, 
25, 0, -1, -1, -1, 175, 44, 160.0, 9, , 65, 0, 0, 0, , 0, 0, 0, 0, 0, 
26, 0, -1, -1, -1, 48, 111, 90.0, 7, , 102, 0, 0, 0, , 0, 0, 0, 0, 0, 
27, 1, 32, 15, -1, 250, 106, 81.0, 25, C, 0, 0, 0, 0, , 0, 0, 0, 0, 0, 
28, 1, 33, 16, -1, 171, 148, 181.0, 29, MS, 0, 0, 0, 0, , 0, 0, 0, 0, 0, 
29, 0, 34, -1, -1, 86, 135, 136.0, 21, , 0, 0, 0, 0, , 0, 0, 0, 0, 0, 
30, 0, 35, -1, -1, 234, 89, 169.5, 22, , 0, 0, 0, 0, , 0, 0, 0, 0, 0, 
31, 1, 36, 21, -1, 307, 144, 136.0, 24, P3, 0, 0, 0, 0, , 0, 0, 0, 0, 0, 
32, 1, 37, 22, -1, 254, 167, 131.0, 28, E, 0, 0, 0, 0, , 0, 0, 0, 0, 0, 
33, 1, 38, 17, 18, 84, 134, 138.0, 29, ABal, 0, 0, 0, 0, , 0, 0, 0, 0, 0, 
34, 1, 39, 23, 29, 154, 75, 149.0, 25, ABar, 0, 0, 0, 0, , 0, 0, 0, 0, 0, 
35, 1, 40, 24, 25, 233, 90, 162.0, 21, ABpr, 0, 0, 0, 0, , 0, 0, 0, 0, 0, 
36, 0, 41, -1, -1, 197, 99, 154.13043, 24, , 0, 0, 0, 0, , 0, 0, 0, 0, 0, 
37, 1, 42, 27, 28, 165, 139, 81.0, 21, ABpl, 0, 0, 0, 0, , 0, 0, 0, 0, 0, 
