1, 0, 1, -1, -1, 48, 115, 81.0, 11, , 962, 0, 0, 0, , 0, 0, 0, 0, 0, 
2, 0, 2, -1, -1, 49, 116, 76.0, 9, , 556, 0, 0, 0, , 0, 0, 0, 0, 0, 
3, 0, 3, -1, -1, 50, 115, 72.0, 7, , 32, 0, 0, 0, , 0, 0, 0, 0, 0, 
4, 0, 5, -1, -1, 45, 111, 89.0, 7, , 48, 0, 0, 0, , 0, 0, 0, 0, 0, 
5, 0, 6, -1, -1, 53, 115, 86.0, 8, , 30, 0, 0, 0, , 0, 0, 0, 0, 0, 
6, 0, 8, -1, -1, 95, 135, 145.0, 7, , 11, 0, 0, 0, , 0, 0, 0, 0, 0, 
7, 0, 12, -1, -1, 177, 38, 134.0, 8, , 26, 0, 0, 0, , 0, 0, 0, 0, 0, 
8, 0, 13, -1, -1, 177, 41, 123.0, 11, , 174, 0, 0, 0, , 0, 0, 0, 0, 0, 
9, 0, 14, -1, -1, 275, 167, 121.0, 8, , 4, 0, 0, 0, , 0, 0, 0, 0, 0, 
10, 0, 15, -1, -1, 276, 153, 131.0, 8, , 9, 0, 0, 0, , 0, 0, 0, 0, 0, 
11, 0, 16, -1, -1, 277, 169, 132.0, 7, , 13, 0, 0, 0, , 0, 0, 0, 0, 0, 
12, 0, 17, -1, -1, 318, 131, 133.0, 7, , 5, 0, 0, 0, , 0, 0, 0, 0, 0, 
13, 0, 18, -1, -1, 181, 126, 178.0, 9, , 13, 0, 0, 0, , 0, 0, 0, 0, 0, 
14, 0, 19, -1, -1, 174, 145, 186.0, 8, , 6, 0, 0, 0, , 0, 0, 0, 0, 0, 
15, 0, 20, -1, -1, 194, 144, 184.0, 8, , 4, 0, 0, 0, , 0, 0, 0, 0, 0, 
16, 0, 21, -1, -1, 188, 150, 187.0, 7, , 11, 0, 0, 0, , 0, 0, 0, 0, 0, 
17, 0, 22, -1, -1, 187, 130, 189.0, 8, , 3, 0, 0, 0, , 0, 0, 0, 0, 0, 
18, 0, 23, -1, -1, 175, 39, 127.0, 9, , 214, 0, 0, 0, , 0, 0, 0, 0, 0, 
19, 0, -1, -1, -1, 274, 167, 126.0, 8, , 3, 0, 0, 0, , 0, 0, 0, 0, 0, 
20, 0, -1, -1, -1, 305, 136, 128.0, 9, , 7, 0, 0, 0, , 0, 0, 0, 0, 0, 
21, 0, -1, -1, -1, 271, 152, 140.0, 7, , 5, 0, 0, 0, , 0, 0, 0, 0, 0, 
22, 0, -1, -1, -1, 174, 131, 167.0, 8, , 2, 0, 0, 0, , 0, 0, 0, 0, 0, 
23, 0, -1, -1, -1, 50, 112, 90.0, 7, , 13, 0, 0, 0, , 0, 0, 0, 0, 0, 
24, 1, 24, 23, -1, 246, 101, 78.0, 27, C, 0, 0, 0, 0, , 0, 0, 0, 0, 0, 
25, 1, 25, 24, -1, 185, 139, 181.0, 31, MS, 0, 0, 0, 0, , 0, 0, 0, 0, 0, 
26, 1, 27, 25, -1, 67, 119, 128.25, 17, ABala, 0, 0, 0, 0, , 0, 0, 0, 0, 0, 
27, 0, 28, -1, -1, 249, 99, 168.0, 22, , 0, 0, 0, 0, , 0, 0, 0, 0, 0, 
28, 0, 29, -1, -1, 225, 68, 166.0, 25, , 0, 0, 0, 0, , 0, 0, 0, 0, 0, 
29, 1, 26, 28, -1, 97, 144, 145.0, 19, ABalp, 0, 0, 0, 0, , 0, 0, 0, 0, 0, 
30, 1, 30, 29, -1, 314, 139, 127.0, 26, P3, 0, 0, 0, 0, , 0, 0, 0, 0, 0, 
31, 1, 31, 30, -1, 261, 162, 129.0, 30, E, 0, 0, 0, 0, , 0, 0, 0, 0, 0, 
32, 1, 32, 31, -1, 136, 73, 150.0, 25, ABara, 0, 0, 0, 0, , 0, 0, 0, 0, 0, 
33, 1, 34, 32, -1, 226, 68, 163.0, 23, ABpra, 0, 0, 0, 0, , 0, 0, 0, 0, 0, 
34, 0, 35, -1, -1, 197, 105, 158.95653, 23, , 0, 0, 0, 0, , 0, 0, 0, 0, 0, 
35, 1, 36, 34, -1, 173, 151, 99.0, 27, ABplp, 0, 0, 0, 0, , 0, 0, 0, 0, 0, 
36, 1, 33, 35, -1, 249, 99, 171.0, 20, ABprp, 0, 0, 0, 0, , 0, 0, 0, 0, 0, 
37, 1, 37, 36, -1, 139, 128, 81.0, 19, ABpla, 0, 0, 0, 0, , 0, 0, 0, 0, 0, 
38, 1, 38, 37, -1, 156, 68, 112.0, 21, ABarp, 0, 0, 0, 0, , 0, 0, 0, 0, 0, 
