1, 0, 1, -1, -1, 49, 116, 82.0, 8, , 576, 0, 0, 0, , 0, 0, 0, 0, 0, 
2, 0, 2, -1, -1, 49, 115, 77.0, 9, , 628, 0, 0, 0, , 0, 0, 0, 0, 0, 
3, 0, 3, -1, -1, 50, 115, 73.0, 7, , 59, 0, 0, 0, , 0, 0, 0, 0, 0, 
4, 0, 4, -1, -1, 47, 109, 89.0, 9, , 85, 0, 0, 0, , 0, 0, 0, 0, 0, 
5, 0, 5, -1, -1, 49, 111, 85.0, 8, , 248, 0, 0, 0, , 0, 0, 0, 0, 0, 
6, 0, 6, -1, -1, 177, 46, 118.0, 11, , 231, 0, 0, 0, , 0, 0, 0, 0, 0, 
7, 0, 7, -1, -1, 272, 168, 122.0, 8, , 30, 0, 0, 0, , 0, 0, 0, 0, 0, 
8, 0, 8, -1, -1, 253, 153, 126.0, 9, , 11, 0, 0, 0, , 0, 0, 0, 0, 0, 
9, 0, 10, -1, -1, 185, 142, 175.0, 9, , 67, 0, 0, 0, , 0, 0, 0, 0, 0, 
10, 0, 13, -1, -1, 173, 42, 123.0, 7, , 17, 0, 0, 0, , 0, 0, 0, 0, 0, 
11, 0, 14, -1, -1, 268, 166, 132.0, 7, , 11, 0, 0, 0, , 0, 0, 0, 0, 0, 
12, 0, 16, -1, -1, 269, 149, 138.0, 8, , 16, 0, 0, 0, , 0, 0, 0, 0, 0, 
13, 0, 17, -1, -1, 183, 135, 171.0, 8, , 28, 0, 0, 0, , 0, 0, 0, 0, 0, 
14, 0, 18, -1, -1, 55, 114, 90.0, 8, , 35, 0, 0, 0, , 0, 0, 0, 0, 0, 
15, 0, 19, -1, -1, 274, 167, 117.0, 8, , 3, 0, 0, 0, , 0, 0, 0, 0, 0, 
16, 0, 20, -1, -1, 184, 128, 176.0, 8, , 44, 0, 0, 0, , 0, 0, 0, 0, 0, 
17, 0, 21, -1, -1, 177, 45, 112.0, 9, , 121, 0, 0, 0, , 0, 0, 0, 0, 0, 
18, 0, -1, -1, -1, 257, 168, 115.0, 8, , 1, 0, 0, 0, , 0, 0, 0, 0, 0, 
19, 0, -1, -1, -1, 268, 147, 142.0, 7, , 4, 0, 0, 0, , 0, 0, 0, 0, 0, 
20, 0, -1, -1, -1, 179, 133, 155.0, 8, , 14, 0, 0, 0, , 0, 0, 0, 0, 0, 
21, 0, -1, -1, -1, 181, 126, 167.0, 9, , 17, 0, 0, 0, , 0, 0, 0, 0, 0, 
22, 1, 23, 19, -1, 247, 95, 85.0, 29, C, 0, 0, 0, 0, , 0, 0, 0, 0, 0, 
23, 1, 24, 20, 21, 183, 134, 172.0, 17, MS, 0, 0, 0, 0, , 0, 0, 0, 0, 0, 
24, 1, 25, 22, -1, 66, 122, 128.75, 21, ABala, 0, 0, 0, 0, , 0, 0, 0, 0, 0, 
25, 0, 26, -1, -1, 255, 94, 171.0, 24, , 0, 0, 0, 0, , 0, 0, 0, 0, 0, 
26, 0, 27, -1, -1, 215, 56, 166.0, 23, , 0, 0, 0, 0, , 0, 0, 0, 0, 0, 
27, 1, 28, 25, -1, 110, 145, 148.0, 25, ABalp, 0, 0, 0, 0, , 0, 0, 0, 0, 0, 
28, 1, 29, 26, -1, 312, 130, 120.0, 26, P3, 0, 0, 0, 0, , 0, 0, 0, 0, 0, 
29, 1, 30, 27, -1, 261, 159, 129.0, 28, E, 0, 0, 0, 0, , 0, 0, 0, 0, 0, 
30, 1, 31, 28, -1, 126, 71, 150.0, 25, ABara, 0, 0, 0, 0, , 0, 0, 0, 0, 0, 
31, 1, 32, 24, -1, 215, 56, 159.0, 25, ABpra, 0, 0, 0, 0, , 0, 0, 0, 0, 0, 
32, 0, 33, -1, -1, 197, 109, 162.17392, 22, , 0, 0, 0, 0, , 0, 0, 0, 0, 0, 
33, 1, 34, 31, -1, 188, 144, 100.0, 27, ABplp, 0, 0, 0, 0, , 0, 0, 0, 0, 0, 
34, 1, 35, 32, -1, 256, 95, 171.0, 22, ABprp, 0, 0, 0, 0, , 0, 0, 0, 0, 0, 
35, 1, 36, 33, -1, 132, 123, 74.0, 21, ABpla, 0, 0, 0, 0, , 0, 0, 0, 0, 0, 
36, 1, 37, 34, -1, 150, 65, 107.0, 21, ABarp, 0, 0, 0, 0, , 0, 0, 0, 0, 0, 
