1, 0, 1, -1, -1, 49, 115, 82.0, 11, , 765, 0, 0, 0, , 0, 0, 0, 0, 0, 
2, 0, 2, -1, -1, 49, 115, 77.0, 9, , 527, 0, 0, 0, , 0, 0, 0, 0, 0, 
3, 0, 3, -1, -1, 50, 115, 73.0, 8, , 52, 0, 0, 0, , 0, 0, 0, 0, 0, 
4, 0, 4, -1, -1, 47, 108, 91.0, 7, , 12, 0, 0, 0, , 0, 0, 0, 0, 0, 
5, 0, 5, -1, -1, 48, 111, 87.0, 9, , 202, 0, 0, 0, , 0, 0, 0, 0, 0, 
6, 0, 6, -1, -1, 171, 44, 120.0, 11, , 233, 0, 0, 0, , 0, 0, 0, 0, 0, 
7, 0, 7, -1, -1, 264, 165, 126.0, 8, , 8, 0, 0, 0, , 0, 0, 0, 0, 0, 
8, 0, 8, -1, -1, 258, 148, 125.0, 8, , 13, 0, 0, 0, , 0, 0, 0, 0, 0, 
9, 0, 9, -1, -1, 176, 136, 174.0, 7, , 11, 0, 0, 0, , 0, 0, 0, 0, 0, 
10, 0, 10, -1, -1, 168, 41, 125.0, 7, , 54, 0, 0, 0, , 0, 0, 0, 0, 0, 
11, 0, 11, -1, -1, 266, 162, 134.0, 8, , 2, 0, 0, 0, , 0, 0, 0, 0, 0, 
12, 0, 12, -1, -1, 257, 148, 142.0, 8, , 16, 0, 0, 0, , 0, 0, 0, 0, 0, 
13, 0, 13, -1, -1, 183, 131, 172.0, 8, , 2, 0, 0, 0, , 0, 0, 0, 0, 0, 
14, 0, 16, -1, -1, 175, 131, 176.0, 8, , 10, 0, 0, 0, , 0, 0, 0, 0, 0, 
15, 0, 17, -1, -1, 171, 43, 115.0, 8, , 77, 0, 0, 0, , 0, 0, 0, 0, 0, 
16, 0, -1, -1, -1, 261, 155, 144.0, 9, , 8, 0, 0, 0, , 0, 0, 0, 0, 0, 
17, 0, 20, -1, -1, 183, 135, 154.0, 8, , 11, 0, 0, 0, , 0, 0, 0, 0, 0, 
18, 0, -1, -1, -1, 260, 143, 130.0, 8, , 8, 0, 0, 0, , 0, 0, 0, 0, 0, 
19, 1, 22, 12, -1, 238, 94, 81.0, 29, C, 0, 0, 0, 0, , 0, 0, 0, 0, 0, 
20, 1, 23, 14, -1, 174, 136, 174.0, 13, MSa, 0, 0, 0, 0, , 0, 0, 0, 0, 0, 
21, 1, 23, 13, -1, 184, 134, 168.0, 15, MSp, 0, 0, 0, 0, , 0, 0, 0, 0, 0, 
22, 1, 24, 15, -1, 62, 123, 129.0, 23, ABala, 0, 0, 0, 0, , 0, 0, 0, 0, 0, 
23, 0, 25, -1, -1, 258, 94, 172.0, 26, , 0, 0, 0, 0, , 0, 0, 0, 0, 0, 
24, 1, 31, 17, -1, 210, 49, 159.0, 27, ABpra, 0, 0, 0, 0, , 0, 0, 0, 0, 0, 
25, 1, 27, 18, -1, 123, 151, 148.0, 25, ABalp, 0, 0, 0, 0, , 0, 0, 0, 0, 0, 
26, 1, 28, 19, -1, 313, 124, 120.0, 26, P3, 0, 0, 0, 0, , 0, 0, 0, 0, 0, 
27, 1, 29, 20, 21, 260, 158, 130.0, 22, E, 0, 0, 0, 0, , 0, 0, 0, 0, 0, 
28, 1, 30, 22, -1, 122, 74, 160.0, 25, ABara, 0, 0, 0, 0, , 0, 0, 0, 0, 0, 
29, 0, 31, -1, -1, 209, 53, 159.0, 17, , 0, 0, 0, 0, , 0, 0, 0, 0, 0, 
30, 0, 32, -1, -1, 197, 111, 163.78261, 22, , 0, 0, 0, 0, , 0, 0, 0, 0, 0, 
31, 1, 33, 24, -1, 196, 156, 97.0, 27, ABplp, 0, 0, 0, 0, , 0, 0, 0, 0, 0, 
32, 1, 34, 25, -1, 259, 95, 171.0, 26, ABprp, 0, 0, 0, 0, , 0, 0, 0, 0, 0, 
33, 1, 35, 26, -1, 127, 119, 73.0, 25, ABpla, 0, 0, 0, 0, , 0, 0, 0, 0, 0, 
34, 1, 36, 27, -1, 148, 64, 105.0, 21, ABarp, 0, 0, 0, 0, , 0, 0, 0, 0, 0, 
