1, 0, 1, -1, -1, 49, 113, 83.0, 9, , 987, 0, 0, 0, , 0, 0, 0, 0, 0, 
2, 0, 2, -1, -1, 49, 116, 77.0, 9, , 527, 0, 0, 0, , 0, 0, 0, 0, 0, 
3, 0, 3, -1, -1, 49, 114, 74.0, 9, , 524, 0, 0, 0, , 0, 0, 0, 0, 0, 
4, 0, 4, -1, -1, 47, 106, 90.0, 8, , 30, 0, 0, 0, , 0, 0, 0, 0, 0, 
5, 0, 6, -1, -1, 168, 40, 121.0, 9, , 414, 0, 0, 0, , 0, 0, 0, 0, 0, 
6, 0, 8, -1, -1, 268, 140, 126.0, 9, , 32, 0, 0, 0, , 0, 0, 0, 0, 0, 
7, 0, 12, -1, -1, 251, 150, 142.0, 8, , 20, 0, 0, 0, , 0, 0, 0, 0, 0, 
8, 0, 18, -1, -1, 269, 142, 130.0, 8, , 10, 0, 0, 0, , 0, 0, 0, 0, 0, 
9, 0, -1, -1, -1, 199, 124, 160.0, 9, , 72, 0, 0, 0, , 0, 0, 0, 0, 0, 
10, 0, -1, -1, -1, 268, 147, 126.0, 9, , 25, 0, 0, 0, , 0, 0, 0, 0, 0, 
11, 0, -1, -1, -1, 257, 149, 152.0, 8, , 7, 0, 0, 0, , 0, 0, 0, 0, 0, 
12, 1, 19, 14, -1, 238, 97, 82.0, 31, C, 0, 0, 0, 0, , 0, 0, 0, 0, 0, 
13, 1, 21, 25, -1, 198, 122, 166.0, 17, MSp, 0, 0, 0, 0, , 0, 0, 0, 0, 0, 
14, 1, 20, 15, -1, 165, 128, 173.0, 15, MSa, 0, 0, 0, 0, , 0, 0, 0, 0, 0, 
15, 1, 22, 16, -1, 56, 119, 124.5, 25, ABala, 0, 0, 0, 0, , 0, 0, 0, 0, 0, 
16, 0, 23, -1, -1, 264, 95, 169.0, 28, , 0, 0, 0, 0, , 0, 0, 0, 0, 0, 
17, 1, 24, 18, -1, 206, 48, 155.0, 25, ABpra, 0, 0, 0, 0, , 0, 0, 0, 0, 0, 
18, 1, 25, 19, -1, 119, 155, 141.0, 27, ABalp, 0, 0, 0, 0, , 0, 0, 0, 0, 0, 
19, 1, 26, 20, -1, 312, 125, 117.0, 26, P3, 0, 0, 0, 0, , 0, 0, 0, 0, 0, 
20, 1, 27, 22, -1, 271, 146, 133.0, 16, Ep, 0, 0, 0, 0, , 0, 0, 0, 0, 0, 
21, 1, 27, 21, -1, 251, 151, 139.0, 19, Ea, 0, 0, 0, 0, , 0, 0, 0, 0, 0, 
22, 1, 28, 23, -1, 116, 75, 161.0, 25, ABara, 0, 0, 0, 0, , 0, 0, 0, 0, 0, 
23, 0, 30, -1, -1, 197, 113, 165.3913, 22, , 0, 0, 0, 0, , 0, 0, 0, 0, 0, 
24, 1, 31, 26, -1, 197, 159, 98.0, 27, ABplp, 0, 0, 0, 0, , 0, 0, 0, 0, 0, 
25, 1, 32, 27, -1, 263, 95, 171.0, 26, ABprp, 0, 0, 0, 0, , 0, 0, 0, 0, 0, 
26, 1, 33, 28, -1, 128, 115, 70.0, 25, ABpla, 0, 0, 0, 0, , 0, 0, 0, 0, 0, 
27, 1, 34, 29, -1, 151, 62, 101.0, 21, ABarp, 0, 0, 0, 0, , 0, 0, 0, 0, 0, 
