1, 0, 2, -1, -1, 48, 114, 80.0, 9, , 1012, 0, 0, 0, , 0, 0, 0, 0, 0, 
2, 0, 3, -1, -1, 50, 115, 72.0, 7, , 39, 0, 0, 0, , 0, 0, 0, 0, 0, 
3, 0, 4, -1, -1, 161, 35, 113.0, 9, , 33, 0, 0, 0, , 0, 0, 0, 0, 0, 
4, 0, 5, -1, -1, 235, 112, 88.0, 8, , 19, 0, 0, 0, , 0, 0, 0, 0, 0, 
5, 0, 6, -1, -1, 305, 112, 124.0, 8, , 6, 0, 0, 0, , 0, 0, 0, 0, 0, 
6, 0, 7, -1, -1, 49, 110, 88.0, 8, , 86, 0, 0, 0, , 0, 0, 0, 0, 0, 
7, 0, 8, -1, -1, 158, 33, 129.0, 8, , 8, 0, 0, 0, , 0, 0, 0, 0, 0, 
8, 0, 9, -1, -1, 234, 102, 74.0, 8, , 10, 0, 0, 0, , 0, 0, 0, 0, 0, 
9, 0, 10, -1, -1, 291, 105, 107.0, 8, , 5, 0, 0, 0, , 0, 0, 0, 0, 0, 
10, 0, 11, -1, -1, 314, 110, 121.0, 9, , 8, 0, 0, 0, , 0, 0, 0, 0, 0, 
11, 0, -1, -1, -1, 230, 102, 98.0, 8, , 36, 0, 0, 0, , 0, 0, 0, 0, 0, 
12, 0, -1, -1, -1, 306, 101, 108.0, 9, , 22, 0, 0, 0, , 0, 0, 0, 0, 0, 
13, 0, -1, -1, -1, 295, 117, 117.0, 8, , 9, 0, 0, 0, , 0, 0, 0, 0, 0, 
14, 0, -1, -1, -1, 310, 122, 119.0, 9, , 72, 0, 0, 0, , 0, 0, 0, 0, 0, 
15, 0, -1, -1, -1, 297, 107, 118.0, 7, , 18, 0, 0, 0, , 0, 0, 0, 0, 0, 
16, 0, -1, -1, -1, 74, 104, 126.0, 8, , 13, 0, 0, 0, , 0, 0, 0, 0, 0, 
17, 0, -1, -1, -1, 229, 94, 87.0, 9, , 32, 0, 0, 0, , 0, 0, 0, 0, 0, 
18, 0, -1, -1, -1, 234, 107, 92.0, 8, , 4, 0, 0, 0, , 0, 0, 0, 0, 0, 
19, 0, -1, -1, -1, 228, 95, 94.0, 8, , 11, 0, 0, 0, , 0, 0, 0, 0, 0, 
20, 0, -1, -1, -1, 227, 97, 100.0, 8, , 10, 0, 0, 0, , 0, 0, 0, 0, 0, 
21, 0, -1, -1, -1, 228, 104, 103.0, 8, , 11, 0, 0, 0, , 0, 0, 0, 0, 0, 
22, 0, -1, -1, -1, 70, 105, 105.0, 8, , 7, 0, 0, 0, , 0, 0, 0, 0, 0, 
23, 0, -1, -1, -1, 312, 121, 108.0, 8, , 4, 0, 0, 0, , 0, 0, 0, 0, 0, 
24, 0, -1, -1, -1, 290, 114, 109.0, 8, , 12, 0, 0, 0, , 0, 0, 0, 0, 0, 
25, 0, -1, -1, -1, 313, 122, 110.0, 7, , 4, 0, 0, 0, , 0, 0, 0, 0, 0, 
26, 0, -1, -1, -1, 292, 105, 111.0, 8, , 12, 0, 0, 0, , 0, 0, 0, 0, 0, 
27, 0, -1, -1, -1, 309, 109, 114.0, 8, , 15, 0, 0, 0, , 0, 0, 0, 0, 0, 
28, 0, -1, -1, -1, 47, 103, 116.0, 9, , 6, 0, 0, 0, , 0, 0, 0, 0, 0, 
29, 0, -1, -1, -1, 297, 114, 122.0, 8, , 6, 0, 0, 0, , 0, 0, 0, 0, 0, 
30, 0, -1, -1, -1, 208, 35, 148.0, 8, , 4, 0, 0, 0, , 0, 0, 0, 0, 0, 
31, 0, -1, -1, -1, 221, 42, 149.0, 8, , 6, 0, 0, 0, , 0, 0, 0, 0, 0, 
32, 0, -1, -1, -1, 224, 47, 151.0, 8, , 13, 0, 0, 0, , 0, 0, 0, 0, 0, 
33, 0, -1, -1, -1, 221, 53, 155.0, 9, , 4, 0, 0, 0, , 0, 0, 0, 0, 0, 
34, 0, -1, -1, -1, 279, 90, 168.0, 8, , 7, 0, 0, 0, , 0, 0, 0, 0, 0, 
35, 0, -1, -1, -1, 131, 89, 169.0, 8, , 4, 0, 0, 0, , 0, 0, 0, 0, 0, 
36, 0, -1, -1, -1, 250, 90, 172.0, 7, , 4, 0, 0, 0, , 0, 0, 0, 0, 0, 
37, 0, -1, -1, -1, 127, 73, 175.0, 7, , 7, 0, 0, 0, , 0, 0, 0, 0, 0, 
38, 0, -1, -1, -1, 127, 78, 178.0, 9, , 8, 0, 0, 0, , 0, 0, 0, 0, 0, 
39, 0, -1, -1, -1, 233, 103, 91.0, 8, , 7, 0, 0, 0, , 0, 0, 0, 0, 0, 
40, 1, 12, 47, 48, 231, 105, 95.0, 17, C, 0, 0, 0, 0, , 0, 0, 0, 0, 0, 
41, 1, 13, 49, -1, 149, 130, 165.0, 21, MSa, 0, 0, 0, 0, , 0, 0, 0, 0, 0, 
42, 1, 14, 50, -1, 61, 106, 120.0, 27, ABala, 0, 0, 0, 0, , 0, 0, 0, 0, 0, 
43, 0, 15, -1, -1, 264, 98, 167.0, 28, , 0, 0, 0, 0, , 0, 0, 0, 0, 0, 
44, 1, 16, 52, -1, 207, 49, 150.0, 27, ABpra, 0, 0, 0, 0, , 0, 0, 0, 0, 0, 
45, 1, 17, 53, -1, 112, 161, 131.0, 25, ABalp, 0, 0, 0, 0, , 0, 0, 0, 0, 0, 
46, 1, 18, 54, -1, 305, 115, 113.0, 26, P3, 0, 0, 0, 0, , 0, 0, 0, 0, 0, 
47, 1, 19, 55, -1, 276, 146, 125.0, 20, Ep, 0, 0, 0, 0, , 0, 0, 0, 0, 0, 
48, 1, 20, 56, -1, 117, 81, 163.0, 25, ABara, 0, 0, 0, 0, , 0, 0, 0, 0, 0, 
49, 1, 21, 57, -1, 237, 157, 154.0, 19, Ea, 0, 0, 0, 0, , 0, 0, 0, 0, 0, 
50, 1, 22, 58, -1, 196, 106, 166.0, 21, MSp, 0, 0, 0, 0, , 0, 0, 0, 0, 0, 
51, 1, 23, 59, -1, 203, 163, 99.0, 27, ABplp, 0, 0, 0, 0, , 0, 0, 0, 0, 0, 
52, 1, 24, 60, -1, 266, 96, 171.33333, 29, ABprp, 0, 0, 0, 0, , 0, 0, 0, 0, 0, 
53, 1, 25, 61, -1, 140, 118, 62.0, 29, ABpla, 0, 0, 0, 0, , 0, 0, 0, 0, 0, 
54, 1, 26, 62, -1, 158, 64, 97.0, 25, ABarp, 0, 0, 0, 0, , 0, 0, 0, 0, 0, 
