1, 0, 1, -1, -1, 47, 115, 80.0, 11, , 644, 0, 0, 0, , 0, 0, 0, 0, 0, 
2, 0, 2, -1, -1, 49, 115, 74.0, 9, , 440, 0, 0, 0, , 0, 0, 0, 0, 0, 
3, 0, 3, -1, -1, 162, 38, 117.0, 11, , 480, 0, 0, 0, , 0, 0, 0, 0, 0, 
4, 0, 4, -1, -1, 244, 103, 87.0, 7, , 14, 0, 0, 0, , 0, 0, 0, 0, 0, 
5, 0, 5, -1, -1, 301, 115, 125.0, 8, , 2, 0, 0, 0, , 0, 0, 0, 0, 0, 
6, 0, 6, -1, -1, 47, 107, 88.0, 8, , 46, 0, 0, 0, , 0, 0, 0, 0, 0, 
7, 0, 9, -1, -1, 290, 103, 106.0, 7, , 8, 0, 0, 0, , 0, 0, 0, 0, 0, 
8, 0, 11, -1, -1, 241, 104, 97.0, 9, , 80, 0, 0, 0, , 0, 0, 0, 0, 0, 
9, 0, 12, -1, -1, 303, 102, 108.0, 8, , 8, 0, 0, 0, , 0, 0, 0, 0, 0, 
10, 0, 13, -1, -1, 297, 116, 118.0, 7, , 6, 0, 0, 0, , 0, 0, 0, 0, 0, 
11, 0, 15, -1, -1, 302, 103, 116.0, 7, , 15, 0, 0, 0, , 0, 0, 0, 0, 0, 
12, 0, 16, -1, -1, 73, 98, 125.0, 9, , 8, 0, 0, 0, , 0, 0, 0, 0, 0, 
13, 0, 17, -1, -1, 220, 98, 86.0, 7, , 14, 0, 0, 0, , 0, 0, 0, 0, 0, 
14, 0, 19, -1, -1, 218, 97, 93.0, 7, , 27, 0, 0, 0, , 0, 0, 0, 0, 0, 
15, 0, 20, -1, -1, 239, 97, 101.0, 9, , 113, 0, 0, 0, , 0, 0, 0, 0, 0, 
16, 0, 21, -1, -1, 236, 97, 107.0, 8, , 5, 0, 0, 0, , 0, 0, 0, 0, 0, 
17, 0, 22, -1, -1, 73, 101, 109.0, 8, , 3, 0, 0, 0, , 0, 0, 0, 0, 0, 
18, 0, 23, -1, -1, 309, 129, 106.0, 8, , 3, 0, 0, 0, , 0, 0, 0, 0, 0, 
19, 0, 24, -1, -1, 294, 119, 110.0, 8, , 37, 0, 0, 0, , 0, 0, 0, 0, 0, 
20, 0, 25, -1, -1, 307, 122, 114.0, 8, , 11, 0, 0, 0, , 0, 0, 0, 0, 0, 
21, 0, 26, -1, -1, 290, 105, 112.0, 9, , 10, 0, 0, 0, , 0, 0, 0, 0, 0, 
22, 0, 27, -1, -1, 310, 114, 113.0, 9, , 35, 0, 0, 0, , 0, 0, 0, 0, 0, 
23, 0, 28, -1, -1, 44, 107, 118.0, 9, , 6, 0, 0, 0, , 0, 0, 0, 0, 0, 
24, 0, 29, -1, -1, 300, 110, 120.0, 7, , 23, 0, 0, 0, , 0, 0, 0, 0, 0, 
25, 0, 30, -1, -1, 216, 36, 148.0, 8, , 19, 0, 0, 0, , 0, 0, 0, 0, 0, 
26, 0, 31, -1, -1, 225, 43, 150.0, 8, , 8, 0, 0, 0, , 0, 0, 0, 0, 0, 
27, 0, 32, -1, -1, 212, 36, 154.0, 8, , 5, 0, 0, 0, , 0, 0, 0, 0, 0, 
28, 0, 33, -1, -1, 224, 43, 154.0, 8, , 3, 0, 0, 0, , 0, 0, 0, 0, 0, 
29, 0, 34, -1, -1, 281, 101, 167.0, 8, , 2, 0, 0, 0, , 0, 0, 0, 0, 0, 
30, 0, 35, -1, -1, 128, 89, 170.0, 8, , 4, 0, 0, 0, , 0, 0, 0, 0, 0, 
31, 0, 36, -1, -1, 249, 100, 172.0, 8, , 7, 0, 0, 0, , 0, 0, 0, 0, 0, 
32, 0, 37, -1, -1, 127, 76, 176.0, 8, , 3, 0, 0, 0, , 0, 0, 0, 0, 0, 
33, 0, 38, -1, -1, 120, 71, 179.0, 7, , 5, 0, 0, 0, , 0, 0, 0, 0, 0, 
34, 0, 39, -1, -1, 238, 94, 92.0, 7, , 15, 0, 0, 0, , 0, 0, 0, 0, 0, 
35, 0, -1, -1, -1, 301, 109, 100.0, 8, , 24, 0, 0, 0, , 0, 0, 0, 0, 0, 
36, 0, -1, -1, -1, 221, 106, 85.0, 8, , 17, 0, 0, 0, , 0, 0, 0, 0, 0, 
37, 0, -1, -1, -1, 241, 96, 87.0, 9, , 20, 0, 0, 0, , 0, 0, 0, 0, 0, 
38, 0, -1, -1, -1, 217, 98, 99.0, 7, , 13, 0, 0, 0, , 0, 0, 0, 0, 0, 
39, 0, -1, -1, -1, 218, 104, 99.0, 7, , 22, 0, 0, 0, , 0, 0, 0, 0, 0, 
40, 0, -1, -1, -1, 284, 110, 108.0, 8, , 16, 0, 0, 0, , 0, 0, 0, 0, 0, 
41, 0, -1, -1, -1, 304, 121, 109.0, 7, , 7, 0, 0, 0, , 0, 0, 0, 0, 0, 
42, 0, -1, -1, -1, 62, 102, 132.0, 9, , 26, 0, 0, 0, , 0, 0, 0, 0, 0, 
43, 0, -1, -1, -1, 224, 52, 146.0, 8, , 7, 0, 0, 0, , 0, 0, 0, 0, 0, 
44, 0, -1, -1, -1, 221, 39, 153.0, 8, , 0, 0, 0, 0, , 0, 0, 0, 0, 0, 
45, 0, -1, -1, -1, 280, 95, 166.0, 8, , 14, 0, 0, 0, , 0, 0, 0, 0, 0, 
46, 0, -1, -1, -1, 273, 92, 183.0, 7, , 4, 0, 0, 0, , 0, 0, 0, 0, 0, 
47, 1, 40, 49, -1, 219, 103, 93.0, 17, Ca, 0, 0, 0, 0, , 0, 0, 0, 0, 0, 
48, 1, 40, 48, -1, 239, 104, 95.5, 17, Cp, 0, 0, 0, 0, , 0, 0, 0, 0, 0, 
49, 1, 41, 50, -1, 143, 128, 163.0, 21, MSa, 0, 0, 0, 0, , 0, 0, 0, 0, 0, 
50, 1, 42, 51, -1, 59, 104, 117.0, 27, ABala, 0, 0, 0, 0, , 0, 0, 0, 0, 0, 
51, 0, 43, -1, -1, 263, 98, 168.0, 28, , 0, 0, 0, 0, , 0, 0, 0, 0, 0, 
52, 1, 44, 53, -1, 211, 50, 151.0, 27, ABpra, 0, 0, 0, 0, , 0, 0, 0, 0, 0, 
53, 1, 45, 54, -1, 114, 159, 129.0, 25, ABalp, 0, 0, 0, 0, , 0, 0, 0, 0, 0, 
54, 1, 46, 55, -1, 297, 115, 113.5, 28, P3, 0, 0, 0, 0, , 0, 0, 0, 0, 0, 
55, 1, 47, 56, -1, 280, 147, 124.0, 22, Ep, 0, 0, 0, 0, , 0, 0, 0, 0, 0, 
56, 1, 48, 57, -1, 113, 85, 165.0, 25, ABara, 0, 0, 0, 0, , 0, 0, 0, 0, 0, 
57, 1, 49, 58, -1, 231, 153, 158.0, 19, Ea, 0, 0, 0, 0, , 0, 0, 0, 0, 0, 
58, 1, 50, 59, -1, 203, 103, 166.0, 21, MSp, 0, 0, 0, 0, , 0, 0, 0, 0, 0, 
59, 1, 51, 60, -1, 207, 167, 101.0, 27, ABplp, 0, 0, 0, 0, , 0, 0, 0, 0, 0, 
60, 1, 52, 61, -1, 264, 96, 171.66667, 30, ABprp, 0, 0, 0, 0, , 0, 0, 0, 0, 0, 
61, 1, 53, 63, -1, 137, 119, 63.0, 27, ABpla, 0, 0, 0, 0, , 0, 0, 0, 0, 0, 
62, 1, 54, 62, -1, 160, 65, 98.0, 25, ABarp, 0, 0, 0, 0, , 0, 0, 0, 0, 0, 
