1, 0, 1, -1, -1, 47, 115, 81.0, 11, , 583, 0, 0, 0, , 0, 0, 0, 0, 0, 
2, 0, 2, -1, -1, 49, 116, 76.0, 9, , 217, 0, 0, 0, , 0, 0, 0, 0, 0, 
3, 0, 3, -1, -1, 307, 140, 120.0, 8, , 50, 0, 0, 0, , 0, 0, 0, 0, 0, 
4, 0, 4, -1, -1, 45, 112, 86.0, 9, , 70, 0, 0, 0, , 0, 0, 0, 0, 0, 
5, 0, 5, -1, -1, 308, 142, 112.0, 8, , 12, 0, 0, 0, , 0, 0, 0, 0, 0, 
6, 0, 6, -1, -1, 306, 140, 128.0, 7, , 27, 0, 0, 0, , 0, 0, 0, 0, 0, 
7, 0, 8, -1, -1, 268, 93, 170.0, 8, , 13, 0, 0, 0, , 0, 0, 0, 0, 0, 
8, 0, 13, -1, -1, 49, 115, 73.0, 9, , 19, 0, 0, 0, , 0, 0, 0, 0, 0, 
9, 0, 15, -1, -1, 165, 39, 127.0, 9, , 135, 0, 0, 0, , 0, 0, 0, 0, 0, 
10, 0, 17, -1, -1, 203, 62, 139.0, 8, , 31, 0, 0, 0, , 0, 0, 0, 0, 0, 
11, 0, 18, -1, -1, 260, 104, 156.0, 8, , 15, 0, 0, 0, , 0, 0, 0, 0, 0, 
12, 0, 20, -1, -1, 265, 110, 163.0, 9, , 109, 0, 0, 0, , 0, 0, 0, 0, 0, 
13, 0, 23, -1, -1, 74, 94, 122.0, 9, , 79, 0, 0, 0, , 0, 0, 0, 0, 0, 
14, 0, 24, -1, -1, 212, 64, 151.0, 8, , 58, 0, 0, 0, , 0, 0, 0, 0, 0, 
15, 0, 25, -1, -1, 260, 100, 162.0, 8, , 32, 0, 0, 0, , 0, 0, 0, 0, 0, 
16, 0, 26, -1, -1, 143, 77, 166.0, 8, , 54, 0, 0, 0, , 0, 0, 0, 0, 0, 
17, 0, 27, -1, -1, 144, 63, 105.0, 8, , 20, 0, 0, 0, , 0, 0, 0, 0, 0, 
18, 0, 28, -1, -1, 149, 66, 107.0, 7, , 12, 0, 0, 0, , 0, 0, 0, 0, 0, 
19, 0, 29, -1, -1, 152, 71, 114.0, 8, , 13, 0, 0, 0, , 0, 0, 0, 0, 0, 
20, 0, 30, -1, -1, 153, 67, 113.0, 8, , 4, 0, 0, 0, , 0, 0, 0, 0, 0, 
21, 0, 31, -1, -1, 75, 108, 120.0, 9, , 58, 0, 0, 0, , 0, 0, 0, 0, 0, 
22, 0, 33, -1, -1, 208, 68, 143.0, 9, , 81, 0, 0, 0, , 0, 0, 0, 0, 0, 
23, 0, 34, -1, -1, 207, 56, 145.0, 9, , 100, 0, 0, 0, , 0, 0, 0, 0, 0, 
24, 0, 38, -1, -1, 264, 91, 166.0, 8, , 28, 0, 0, 0, , 0, 0, 0, 0, 0, 
25, 0, 40, -1, -1, 272, 102, 172.0, 9, , 43, 0, 0, 0, , 0, 0, 0, 0, 0, 
26, 0, 41, -1, -1, 131, 78, 168.0, 9, , 80, 0, 0, 0, , 0, 0, 0, 0, 0, 
27, 0, 42, -1, -1, 129, 74, 176.0, 9, , 89, 0, 0, 0, , 0, 0, 0, 0, 0, 
28, 0, 44, -1, -1, 131, 80, 182.0, 9, , 43, 0, 0, 0, , 0, 0, 0, 0, 0, 
29, 0, 45, -1, -1, 301, 141, 118.0, 7, , 16, 0, 0, 0, , 0, 0, 0, 0, 0, 
30, 0, 46, -1, -1, 306, 118, 113.0, 9, , 86, 0, 0, 0, , 0, 0, 0, 0, 0, 
31, 0, 47, -1, -1, 140, 65, 99.0, 8, , 2, 0, 0, 0, , 0, 0, 0, 0, 0, 
32, 0, 48, -1, -1, 141, 74, 108.0, 8, , 23, 0, 0, 0, , 0, 0, 0, 0, 0, 
33, 0, 49, -1, -1, 67, 100, 114.0, 8, , 29, 0, 0, 0, , 0, 0, 0, 0, 0, 
34, 0, 51, -1, -1, 80, 108, 125.0, 9, , 31, 0, 0, 0, , 0, 0, 0, 0, 0, 
35, 0, 52, -1, -1, 102, 159, 130.0, 7, , 9, 0, 0, 0, , 0, 0, 0, 0, 0, 
36, 0, 53, -1, -1, 213, 57, 152.0, 7, , 5, 0, 0, 0, , 0, 0, 0, 0, 0, 
37, 0, 55, -1, -1, 127, 70, 165.0, 8, , 58, 0, 0, 0, , 0, 0, 0, 0, 0, 
38, 0, 58, -1, -1, 163, 38, 134.0, 8, , 44, 0, 0, 0, , 0, 0, 0, 0, 0, 
39, 0, -1, -1, -1, 259, 93, 159.0, 8, , 44, 0, 0, 0, , 0, 0, 0, 0, 0, 
40, 0, -1, -1, -1, 110, 109, 80.0, 8, , 14, 0, 0, 0, , 0, 0, 0, 0, 0, 
41, 0, -1, -1, -1, 145, 81, 106.0, 8, , 8, 0, 0, 0, , 0, 0, 0, 0, 0, 
42, 0, -1, -1, -1, 148, 76, 110.0, 8, , 19, 0, 0, 0, , 0, 0, 0, 0, 0, 
43, 0, -1, -1, -1, 308, 120, 120.0, 8, , 18, 0, 0, 0, , 0, 0, 0, 0, 0, 
44, 0, -1, -1, -1, 80, 102, 123.0, 7, , 16, 0, 0, 0, , 0, 0, 0, 0, 0, 
45, 0, -1, -1, -1, 133, 83, 169.0, 8, , 16, 0, 0, 0, , 0, 0, 0, 0, 0, 
46, 1, 60, 25, -1, 198, 105, 83.0, 25, Ca, 0, 0, 0, 0, , 0, 0, 0, 0, 0, 
47, 1, 61, 26, -1, 156, 137, 167.2, 26, MSa, 0, 0, 0, 0, , 0, 0, 0, 0, 0, 
48, 0, 63, -1, -1, 262, 100, 162.0, 20, , 0, 0, 0, 0, , 0, 0, 0, 0, 0, 
49, 0, 63, -1, -1, 273, 105, 162.0, 22, , 0, 0, 0, 0, , 0, 0, 0, 0, 0, 
50, 1, 64, 30, 31, 209, 61, 147.0, 19, ABpra, 0, 0, 0, 0, , 0, 0, 0, 0, 0, 
51, 1, 62, 32, 33, 77, 100, 120.0, 21, ABala, 0, 0, 0, 0, , 0, 0, 0, 0, 0, 
52, 1, 65, 34, 35, 107, 151, 136.0, 19, ABalp, 0, 0, 0, 0, , 0, 0, 0, 0, 0, 
53, 1, 66, 41, -1, 306, 143, 118.0, 16, P4, 0, 0, 0, 0, P4, 0, 0, 0, 0, 0, 
54, 1, 66, 36, -1, 309, 119, 117.5, 16, D, 0, 0, 0, 0, D, 0, 0, 0, 0, 0, 
55, 1, 67, 37, -1, 269, 155, 108.0, 26, Ep, 0, 0, 0, 0, , 0, 0, 0, 0, 0, 
56, 1, 68, 38, 39, 131, 77, 173.0, 25, ABara, 0, 0, 0, 0, , 0, 0, 0, 0, 0, 
57, 1, 69, 42, -1, 223, 161, 170.0, 25, Ea, 0, 0, 0, 0, , 0, 0, 0, 0, 0, 
58, 1, 70, 43, -1, 209, 115, 168.0, 25, MSp, 0, 0, 0, 0, , 0, 0, 0, 0, 0, 
59, 1, 71, 44, 45, 180, 161, 104.0, 23, ABplp, 0, 0, 0, 0, , 0, 0, 0, 0, 0, 
60, 1, 72, 46, 47, 264, 100, 166.0, 22, ABprp, 0, 0, 0, 0, , 0, 0, 0, 0, 0, 
61, 1, 73, 48, -1, 266, 95, 102.0, 21, Cp, 0, 0, 0, 0, , 0, 0, 0, 0, 0, 
62, 1, 74, 49, 50, 143, 69, 106.0, 21, ABarp, 0, 0, 0, 0, , 0, 0, 0, 0, 0, 
63, 1, 75, 51, 52, 113, 118, 72.0, 19, ABpla, 0, 0, 0, 0, , 0, 0, 0, 0, 0, 
