1, 0, 1, -1, -1, 47, 110, 88.0, 7, , 167, 0, 0, 0, , 0, 0, 0, 0, 0, 
2, 0, 2, -1, -1, 48, 114, 80.0, 9, , 976, 0, 0, 0, , 0, 0, 0, 0, 0, 
3, 0, 3, -1, -1, 52, 113, 89.0, 7, , 13, 0, 0, 0, , 0, 0, 0, 0, 0, 
4, 0, 13, -1, -1, 291, 156, 144.0, 7, , 4, 0, 0, 0, , 0, 0, 0, 0, 0, 
5, 0, 15, -1, -1, 51, 114, 71.0, 7, , 28, 0, 0, 0, , 0, 0, 0, 0, 0, 
6, 0, 16, -1, -1, 181, 57, 124.0, 9, , 75, 0, 0, 0, , 0, 0, 0, 0, 0, 
7, 0, 17, -1, -1, 85, 148, 125.0, 7, , 4, 0, 0, 0, , 0, 0, 0, 0, 0, 
8, 0, 18, -1, -1, 210, 163, 177.0, 7, , 5, 0, 0, 0, , 0, 0, 0, 0, 0, 
9, 0, -1, -1, -1, 200, 101, 158.0, 9, , 6, 0, 0, 0, , 0, 0, 0, 0, 0, 
10, 0, -1, -1, -1, 139, 119, 168.0, 9, , 3, 0, 0, 0, , 0, 0, 0, 0, 0, 
11, 1, 19, 22, -1, 219, 114, 87.0, 29, Ca, 0, 0, 0, 0, , 0, 0, 0, 0, 0, 
12, 1, 20, 23, -1, 137, 128, 160.0, 27, MSa, 0, 0, 0, 0, , 0, 0, 0, 0, 0, 
13, 0, 21, -1, -1, 243, 94, 185.0, 21, , 0, 0, 0, 0, , 0, 0, 0, 0, 0, 
14, 1, 22, 25, -1, 121, 156, 118.0, 19, ABalpp, 0, 0, 0, 0, , 0, 0, 0, 0, 0, 
15, 1, 23, 26, -1, 312, 115, 120.0, 22, D, 0, 0, 0, 0, , 0, 0, 0, 0, 0, 
16, 1, 24, 27, -1, 261, 155, 117.0, 26, Ep, 0, 0, 0, 0, , 0, 0, 0, 0, 0, 
17, 1, 25, 28, -1, 191, 50, 153.0, 23, ABpraa, 0, 0, 0, 0, , 0, 0, 0, 0, 0, 
18, 1, 26, 29, -1, 140, 76, 166.0, 19, ABarap, 0, 0, 0, 0, , 0, 0, 0, 0, 0, 
19, 1, 27, 30, -1, 102, 94, 172.0, 25, ABaraa, 0, 0, 0, 0, , 0, 0, 0, 0, 0, 
20, 1, 28, 31, -1, 85, 145, 139.0, 21, ABalpa, 0, 0, 0, 0, , 0, 0, 0, 0, 0, 
21, 1, 29, 32, -1, 55, 107, 131.0, 23, ABalaa, 0, 0, 0, 0, , 0, 0, 0, 0, 0, 
22, 1, 30, 33, -1, 85, 94, 106.0, 21, ABalap, 0, 0, 0, 0, , 0, 0, 0, 0, 0, 
23, 1, 31, 34, -1, 235, 65, 143.0, 23, ABprap, 0, 0, 0, 0, , 0, 0, 0, 0, 0, 
24, 1, 32, 35, -1, 211, 155, 166.0, 27, Ea, 0, 0, 0, 0, , 0, 0, 0, 0, 0, 
25, 1, 33, 36, -1, 197, 108, 166.0, 27, MSp, 0, 0, 0, 0, , 0, 0, 0, 0, 0, 
26, 1, 34, 37, -1, 208, 166, 105.0, 21, ABplpp, 0, 0, 0, 0, , 0, 0, 0, 0, 0, 
27, 1, 35, 38, -1, 172, 164, 113.0, 23, ABplpa, 0, 0, 0, 0, , 0, 0, 0, 0, 0, 
28, 1, 36, 39, -1, 242, 94, 187.0, 21, ABprpa, 0, 0, 0, 0, , 0, 0, 0, 0, 0, 
29, 1, 37, 40, -1, 282, 103, 157.5, 22, ABprpp, 0, 0, 0, 0, , 0, 0, 0, 0, 0, 
30, 1, 38, 41, -1, 273, 95, 104.0, 23, Cp, 0, 0, 0, 0, , 0, 0, 0, 0, 0, 
31, 1, 39, 42, -1, 293, 159, 132.0, 16, P4, 0, 0, 0, 0, , 0, 0, 0, 0, 0, 
32, 1, 40, 43, -1, 138, 61, 106.0, 21, ABarpa, 0, 0, 0, 0, , 0, 0, 0, 0, 0, 
33, 1, 41, 44, -1, 185, 72, 98.0, 21, ABarpp, 0, 0, 0, 0, , 0, 0, 0, 0, 0, 
34, 1, 42, 45, -1, 118, 119, 75.0, 19, ABplaa, 0, 0, 0, 0, , 0, 0, 0, 0, 0, 
35, 1, 43, 46, -1, 175, 115, 71.0, 19, ABplap, 0, 0, 0, 0, , 0, 0, 0, 0, 0, 
