1, 0, 1, -1, -1, 47, 117, 85.0, 8, , 52, 0, 0, 0, , 0, 0, 0, 0, 0, 
2, 0, 2, -1, -1, 49, 115, 77.0, 11, , 1120, 0, 0, 0, , 0, 0, 0, 0, 0, 
3, 0, 3, -1, -1, 48, 110, 89.0, 7, , 120, 0, 0, 0, , 0, 0, 0, 0, 0, 
4, 0, 4, -1, -1, 292, 156, 149.0, 8, , 16, 0, 0, 0, , 0, 0, 0, 0, 0, 
5, 0, 5, -1, -1, 53, 114, 70.0, 7, , 8, 0, 0, 0, , 0, 0, 0, 0, 0, 
6, 0, 6, -1, -1, 185, 56, 116.0, 9, , 151, 0, 0, 0, , 0, 0, 0, 0, 0, 
7, 0, 7, -1, -1, 82, 144, 131.0, 8, , 3, 0, 0, 0, , 0, 0, 0, 0, 0, 
8, 0, 8, -1, -1, 215, 161, 174.0, 9, , 18, 0, 0, 0, , 0, 0, 0, 0, 0, 
9, 0, 9, -1, -1, 198, 105, 162.0, 7, , 3, 0, 0, 0, , 0, 0, 0, 0, 0, 
10, 0, 10, -1, -1, 142, 121, 167.0, 8, , 3, 0, 0, 0, , 0, 0, 0, 0, 0, 
11, 0, -1, -1, -1, 290, 157, 143.0, 9, , 42, 0, 0, 0, , 0, 0, 0, 0, 0, 
12, 0, -1, -1, -1, 129, 119, 156.0, 7, , 19, 0, 0, 0, , 0, 0, 0, 0, 0, 
13, 0, -1, -1, -1, 145, 135, 169.0, 8, , 65, 0, 0, 0, , 0, 0, 0, 0, 0, 
14, 0, -1, -1, -1, 288, 161, 134.0, 8, , 0, 0, 0, 0, , 0, 0, 0, 0, 0, 
15, 0, -1, -1, -1, 291, 150, 138.0, 8, , 8, 0, 0, 0, , 0, 0, 0, 0, 0, 
16, 0, -1, -1, -1, 143, 131, 146.0, 7, , 5, 0, 0, 0, , 0, 0, 0, 0, 0, 
17, 0, -1, -1, -1, 140, 142, 157.0, 8, , 8, 0, 0, 0, , 0, 0, 0, 0, 0, 
18, 0, -1, -1, -1, 200, 102, 158.0, 9, , 8, 0, 0, 0, , 0, 0, 0, 0, 0, 
19, 0, -1, -1, -1, 148, 119, 161.0, 8, , 7, 0, 0, 0, , 0, 0, 0, 0, 0, 
20, 0, -1, -1, -1, 212, 148, 162.0, 9, , 16, 0, 0, 0, , 0, 0, 0, 0, 0, 
21, 0, -1, -1, -1, 185, 63, 118.0, 7, , 11, 0, 0, 0, , 0, 0, 0, 0, 0, 
22, 1, 11, 21, -1, 217, 113, 91.0, 27, Ca, 0, 0, 0, 0, , 0, 0, 0, 0, 0, 
23, 1, 12, 22, -1, 137, 130, 160.0, 27, MSa, 0, 0, 0, 0, , 0, 0, 0, 0, 0, 
24, 0, 13, -1, -1, 240, 93, 192.0, 21, , 0, 0, 0, 0, , 0, 0, 0, 0, 0, 
25, 1, 14, 24, -1, 121, 159, 113.0, 19, ABalpp, 0, 0, 0, 0, , 0, 0, 0, 0, 0, 
26, 1, 15, 25, -1, 316, 116, 118.0, 22, D, 0, 0, 0, 0, , 0, 0, 0, 0, 0, 
27, 1, 16, 26, -1, 261, 158, 120.0, 26, Ep, 0, 0, 0, 0, , 0, 0, 0, 0, 0, 
28, 1, 17, 27, -1, 183, 48, 152.0, 25, ABpraa, 0, 0, 0, 0, , 0, 0, 0, 0, 0, 
29, 1, 18, 28, -1, 141, 74, 165.0, 19, ABarap, 0, 0, 0, 0, , 0, 0, 0, 0, 0, 
30, 1, 19, 29, -1, 99, 96, 169.0, 25, ABaraa, 0, 0, 0, 0, , 0, 0, 0, 0, 0, 
31, 1, 20, 30, -1, 84, 145, 136.0, 23, ABalpa, 0, 0, 0, 0, , 0, 0, 0, 0, 0, 
32, 1, 21, 31, -1, 52, 110, 131.0, 23, ABalaa, 0, 0, 0, 0, , 0, 0, 0, 0, 0, 
33, 1, 22, 32, -1, 85, 93, 104.0, 21, ABalap, 0, 0, 0, 0, , 0, 0, 0, 0, 0, 
34, 1, 23, 33, -1, 238, 64, 140.66667, 22, ABprap, 0, 0, 0, 0, , 0, 0, 0, 0, 0, 
35, 1, 24, 34, -1, 208, 156, 167.0, 27, Ea, 0, 0, 0, 0, , 0, 0, 0, 0, 0, 
36, 1, 25, 35, -1, 191, 106, 168.0, 27, MSp, 0, 0, 0, 0, , 0, 0, 0, 0, 0, 
37, 1, 26, 36, -1, 215, 164, 103.5, 21, ABplpp, 0, 0, 0, 0, , 0, 0, 0, 0, 0, 
38, 1, 27, 37, -1, 172, 165, 115.0, 23, ABplpa, 0, 0, 0, 0, , 0, 0, 0, 0, 0, 
39, 1, 28, 38, -1, 240, 92, 190.0, 21, ABprpa, 0, 0, 0, 0, , 0, 0, 0, 0, 0, 
40, 1, 29, 39, -1, 285, 104, 158.0, 20, ABprpp, 0, 0, 0, 0, , 0, 0, 0, 0, 0, 
41, 1, 30, 40, -1, 275, 92, 108.0, 25, Cp, 0, 0, 0, 0, , 0, 0, 0, 0, 0, 
42, 1, 31, 41, -1, 295, 157, 135.0, 16, P4, 0, 0, 0, 0, , 0, 0, 0, 0, 0, 
43, 1, 32, 42, -1, 130, 64, 106.0, 21, ABarpa, 0, 0, 0, 0, , 0, 0, 0, 0, 0, 
44, 1, 33, 43, -1, 191, 79, 98.0, 21, ABarpp, 0, 0, 0, 0, , 0, 0, 0, 0, 0, 
45, 1, 34, 44, -1, 112, 119, 73.0, 19, ABplaa, 0, 0, 0, 0, , 0, 0, 0, 0, 0, 
46, 1, 35, 45, -1, 183, 118, 73.0, 19, ABplap, 0, 0, 0, 0, , 0, 0, 0, 0, 0, 
