1, 0, 1, -1, -1, 48, 115, 76.0, 9, , 284, 0, 0, 0, , 0, 0, 0, 0, 0, 
2, 0, 2, -1, -1, 48, 109, 87.0, 9, , 125, 0, 0, 0, , 0, 0, 0, 0, 0, 
3, 0, 3, -1, -1, 292, 158, 138.0, 9, , 24, 0, 0, 0, , 0, 0, 0, 0, 0, 
4, 0, 4, -1, -1, 149, 143, 158.0, 8, , 48, 0, 0, 0, , 0, 0, 0, 0, 0, 
5, 0, 5, -1, -1, 117, 139, 170.0, 8, , 15, 0, 0, 0, , 0, 0, 0, 0, 0, 
6, 0, 6, -1, -1, 146, 148, 149.0, 9, , 47, 0, 0, 0, , 0, 0, 0, 0, 0, 
7, 0, 8, -1, -1, 47, 116, 82.0, 9, , 265, 0, 0, 0, , 0, 0, 0, 0, 0, 
8, 0, 12, -1, -1, 295, 158, 125.0, 7, , 18, 0, 0, 0, , 0, 0, 0, 0, 0, 
9, 0, 13, -1, -1, 150, 140, 149.0, 9, , 48, 0, 0, 0, , 0, 0, 0, 0, 0, 
10, 0, 15, -1, -1, 116, 141, 162.0, 8, , 79, 0, 0, 0, , 0, 0, 0, 0, 0, 
11, 0, 16, -1, -1, 140, 74, 169.0, 8, , 2, 0, 0, 0, , 0, 0, 0, 0, 0, 
12, 0, 17, -1, -1, 171, 109, 171.0, 9, , 24, 0, 0, 0, , 0, 0, 0, 0, 0, 
13, 0, 18, -1, -1, 210, 102, 177.0, 9, , 92, 0, 0, 0, , 0, 0, 0, 0, 0, 
14, 0, 21, -1, -1, 208, 104, 185.0, 9, , 54, 0, 0, 0, , 0, 0, 0, 0, 0, 
15, 0, 23, -1, -1, 292, 154, 134.0, 9, , 6, 0, 0, 0, , 0, 0, 0, 0, 0, 
16, 0, 24, -1, -1, 212, 104, 172.0, 9, , 69, 0, 0, 0, , 0, 0, 0, 0, 0, 
17, 0, 25, -1, -1, 71, 160, 124.0, 7, , 3, 0, 0, 0, , 0, 0, 0, 0, 0, 
18, 0, 26, -1, -1, 292, 164, 134.0, 8, , 23, 0, 0, 0, , 0, 0, 0, 0, 0, 
19, 0, 27, -1, -1, 144, 65, 159.0, 8, , 10, 0, 0, 0, , 0, 0, 0, 0, 0, 
20, 0, 28, -1, -1, 174, 114, 183.0, 8, , 36, 0, 0, 0, , 0, 0, 0, 0, 0, 
21, 0, 29, -1, -1, 179, 67, 117.0, 7, , 90, 0, 0, 0, , 0, 0, 0, 0, 0, 
22, 0, 30, -1, -1, 148, 56, 168.0, 8, , 4, 0, 0, 0, , 0, 0, 0, 0, 0, 
23, 0, 31, -1, -1, 88, 95, 179.0, 7, , 6, 0, 0, 0, , 0, 0, 0, 0, 0, 
24, 0, 32, -1, -1, 50, 114, 72.0, 9, , 28, 0, 0, 0, , 0, 0, 0, 0, 0, 
25, 0, -1, -1, -1, 185, 66, 107.0, 7, , 20, 0, 0, 0, , 0, 0, 0, 0, 0, 
26, 0, -1, -1, -1, 234, 56, 119.0, 7, , 3, 0, 0, 0, , 0, 0, 0, 0, 0, 
27, 0, -1, -1, -1, 183, 37, 160.0, 7, , 4, 0, 0, 0, , 0, 0, 0, 0, 0, 
28, 0, -1, -1, -1, 94, 96, 178.0, 8, , 6, 0, 0, 0, , 0, 0, 0, 0, 0, 
29, 1, 33, 30, -1, 215, 111, 95.0, 27, Ca, 0, 0, 0, 0, , 0, 0, 0, 0, 0, 
30, 1, 35, 49, -1, 148, 145, 156.0, 13, MSap, 0, 0, 0, 0, , 0, 0, 0, 0, 0, 
31, 1, 34, 31, -1, 114, 141, 163.0, 13, MSaa, 0, 0, 0, 0, , 0, 0, 0, 0, 0, 
32, 0, 36, -1, -1, 250, 84, 184.0, 25, , 0, 0, 0, 0, , 0, 0, 0, 0, 0, 
33, 1, 37, 33, -1, 131, 167, 102.0, 25, ABalpp, 0, 0, 0, 0, , 0, 0, 0, 0, 0, 
34, 1, 38, 34, -1, 312, 118, 111.0, 24, D, 0, 0, 0, 0, , 0, 0, 0, 0, 0, 
35, 1, 39, 35, -1, 261, 148, 123.0, 28, Ep, 0, 0, 0, 0, , 0, 0, 0, 0, 0, 
36, 1, 40, 36, -1, 178, 48, 153.0, 25, ABpraa, 0, 0, 0, 0, , 0, 0, 0, 0, 0, 
37, 1, 41, 37, -1, 138, 66, 169.0, 29, ABarap, 0, 0, 0, 0, , 0, 0, 0, 0, 0, 
38, 1, 42, 38, -1, 90, 92, 172.0, 25, ABaraa, 0, 0, 0, 0, , 0, 0, 0, 0, 0, 
39, 1, 43, 39, -1, 70, 150, 137.0, 27, ABalpa, 0, 0, 0, 0, , 0, 0, 0, 0, 0, 
40, 1, 44, 40, -1, 52, 108, 135.0, 27, ABalaa, 0, 0, 0, 0, , 0, 0, 0, 0, 0, 
41, 1, 45, 41, -1, 89, 92, 92.0, 27, ABalap, 0, 0, 0, 0, , 0, 0, 0, 0, 0, 
42, 1, 46, 42, -1, 240, 53, 136.0, 22, ABprap, 0, 0, 0, 0, , 0, 0, 0, 0, 0, 
43, 1, 47, 43, -1, 206, 151, 162.0, 27, Ea, 0, 0, 0, 0, , 0, 0, 0, 0, 0, 
44, 1, 49, 44, -1, 212, 104, 173.0, 15, MSpp, 0, 0, 0, 0, , 0, 0, 0, 0, 0, 
45, 1, 50, 45, -1, 227, 165, 97.0, 21, ABplpp, 0, 0, 0, 0, , 0, 0, 0, 0, 0, 
46, 1, 51, 46, -1, 170, 162, 111.0, 23, ABplpa, 0, 0, 0, 0, , 0, 0, 0, 0, 0, 
47, 1, 52, 47, -1, 250, 83, 186.0, 23, ABprpa, 0, 0, 0, 0, , 0, 0, 0, 0, 0, 
48, 1, 53, 48, -1, 302, 92, 153.0, 20, ABprpp, 0, 0, 0, 0, , 0, 0, 0, 0, 0, 
49, 1, 48, 50, -1, 171, 111, 176.0, 15, MSpa, 0, 0, 0, 0, , 0, 0, 0, 0, 0, 
50, 1, 54, 51, -1, 271, 89, 111.0, 23, Cp, 0, 0, 0, 0, , 0, 0, 0, 0, 0, 
51, 1, 55, 52, -1, 297, 160, 134.0, 18, P4, 0, 0, 0, 0, , 0, 0, 0, 0, 0, 
52, 1, 56, 53, -1, 121, 65, 109.0, 21, ABarpa, 0, 0, 0, 0, , 0, 0, 0, 0, 0, 
53, 1, 57, 54, -1, 195, 65, 101.0, 21, ABarpp, 0, 0, 0, 0, , 0, 0, 0, 0, 0, 
54, 1, 58, 55, -1, 115, 123, 64.0, 19, ABplaa, 0, 0, 0, 0, , 0, 0, 0, 0, 0, 
55, 1, 59, 56, -1, 180, 122, 62.0, 19, ABplap, 0, 0, 0, 0, , 0, 0, 0, 0, 0, 
