1, 0, 1, -1, -1, 48, 115, 78.0, 9, , 722, 0, 0, 0, , 0, 0, 0, 0, 0, 
2, 0, 2, -1, -1, 49, 110, 88.0, 8, , 82, 0, 0, 0, , 0, 0, 0, 0, 0, 
3, 0, 3, -1, -1, 288, 159, 138.0, 8, , 4, 0, 0, 0, , 0, 0, 0, 0, 0, 
4, 0, 4, -1, -1, 154, 146, 163.0, 8, , 2, 0, 0, 0, , 0, 0, 0, 0, 0, 
5, 0, 5, -1, -1, 123, 145, 170.0, 7, , 8, 0, 0, 0, , 0, 0, 0, 0, 0, 
6, 0, 6, -1, -1, 153, 151, 158.0, 9, , 13, 0, 0, 0, , 0, 0, 0, 0, 0, 
7, 0, 7, -1, -1, 47, 114, 84.0, 9, , 302, 0, 0, 0, , 0, 0, 0, 0, 0, 
8, 0, 8, -1, -1, 291, 159, 126.0, 7, , 18, 0, 0, 0, , 0, 0, 0, 0, 0, 
9, 0, 10, -1, -1, 123, 144, 166.0, 8, , 13, 0, 0, 0, , 0, 0, 0, 0, 0, 
10, 0, 11, -1, -1, 142, 73, 168.0, 8, , 2, 0, 0, 0, , 0, 0, 0, 0, 0, 
11, 0, 13, -1, -1, 210, 100, 175.0, 8, , 8, 0, 0, 0, , 0, 0, 0, 0, 0, 
12, 0, 14, -1, -1, 210, 108, 181.0, 8, , 19, 0, 0, 0, , 0, 0, 0, 0, 0, 
13, 0, 15, -1, -1, 288, 156, 134.0, 7, , 8, 0, 0, 0, , 0, 0, 0, 0, 0, 
14, 0, 16, -1, -1, 212, 106, 173.0, 9, , 18, 0, 0, 0, , 0, 0, 0, 0, 0, 
15, 0, 18, -1, -1, 288, 165, 135.0, 8, , 3, 0, 0, 0, , 0, 0, 0, 0, 0, 
16, 0, 19, -1, -1, 131, 76, 162.0, 9, , 7, 0, 0, 0, , 0, 0, 0, 0, 0, 
17, 0, 21, -1, -1, 176, 61, 116.0, 8, , 152, 0, 0, 0, , 0, 0, 0, 0, 0, 
18, 0, 22, -1, -1, 144, 71, 168.0, 8, , 2, 0, 0, 0, , 0, 0, 0, 0, 0, 
19, 0, 23, -1, -1, 88, 97, 177.0, 7, , 4, 0, 0, 0, , 0, 0, 0, 0, 0, 
20, 0, 24, -1, -1, 50, 115, 72.0, 7, , 23, 0, 0, 0, , 0, 0, 0, 0, 0, 
21, 0, 25, -1, -1, 180, 61, 105.0, 7, , 2, 0, 0, 0, , 0, 0, 0, 0, 0, 
22, 0, 26, -1, -1, 241, 44, 123.0, 7, , 8, 0, 0, 0, , 0, 0, 0, 0, 0, 
23, 0, 27, -1, -1, 180, 39, 160.0, 9, , 8, 0, 0, 0, , 0, 0, 0, 0, 0, 
24, 0, 28, -1, -1, 93, 95, 177.0, 8, , 9, 0, 0, 0, , 0, 0, 0, 0, 0, 
25, 0, -1, -1, -1, 120, 140, 161.0, 8, , 4, 0, 0, 0, , 0, 0, 0, 0, 0, 
26, 0, -1, -1, -1, 83, 88, 165.0, 7, , 9, 0, 0, 0, , 0, 0, 0, 0, 0, 
27, 0, -1, -1, -1, 170, 57, 172.0, 8, , 1, 0, 0, 0, , 0, 0, 0, 0, 0, 
28, 0, -1, -1, -1, 145, 66, 175.0, 8, , 7, 0, 0, 0, , 0, 0, 0, 0, 0, 
29, 0, -1, -1, -1, 265, 77, 181.0, 8, , 1, 0, 0, 0, , 0, 0, 0, 0, 0, 
30, 1, 29, 39, -1, 215, 112, 95.0, 27, Ca, 0, 0, 0, 0, , 0, 0, 0, 0, 0, 
31, 1, 31, 40, -1, 117, 140, 165.0, 19, MSaa, 0, 0, 0, 0, , 0, 0, 0, 0, 0, 
32, 0, 32, -1, -1, 252, 82, 180.0, 29, , 0, 0, 0, 0, , 0, 0, 0, 0, 0, 
33, 1, 33, 42, -1, 130, 166, 103.0, 25, ABalpp, 0, 0, 0, 0, , 0, 0, 0, 0, 0, 
34, 1, 34, 43, -1, 312, 122, 113.0, 24, D, 0, 0, 0, 0, , 0, 0, 0, 0, 0, 
35, 1, 35, 44, -1, 258, 146, 123.0, 28, Ep, 0, 0, 0, 0, , 0, 0, 0, 0, 0, 
36, 1, 36, 45, -1, 178, 51, 155.0, 25, ABpraa, 0, 0, 0, 0, , 0, 0, 0, 0, 0, 
37, 1, 37, 46, -1, 133, 70, 170.5, 27, ABarap, 0, 0, 0, 0, , 0, 0, 0, 0, 0, 
38, 1, 38, 47, -1, 91, 91, 169.0, 25, ABaraa, 0, 0, 0, 0, , 0, 0, 0, 0, 0, 
39, 1, 39, 48, -1, 71, 146, 134.0, 27, ABalpa, 0, 0, 0, 0, , 0, 0, 0, 0, 0, 
40, 1, 40, 49, -1, 51, 110, 133.0, 27, ABalaa, 0, 0, 0, 0, , 0, 0, 0, 0, 0, 
41, 1, 41, 50, -1, 89, 91, 92.0, 29, ABalap, 0, 0, 0, 0, , 0, 0, 0, 0, 0, 
42, 1, 42, 51, -1, 240, 51, 136.0, 29, ABprap, 0, 0, 0, 0, , 0, 0, 0, 0, 0, 
43, 1, 43, 52, -1, 214, 147, 161.0, 25, Ea, 0, 0, 0, 0, , 0, 0, 0, 0, 0, 
44, 1, 44, 53, -1, 213, 105, 175.5, 16, MSpp, 0, 0, 0, 0, , 0, 0, 0, 0, 0, 
45, 1, 45, 54, -1, 227, 161, 95.0, 21, ABplpp, 0, 0, 0, 0, , 0, 0, 0, 0, 0, 
46, 1, 46, 55, -1, 170, 162, 109.5, 23, ABplpa, 0, 0, 0, 0, , 0, 0, 0, 0, 0, 
47, 1, 47, 56, -1, 252, 82, 185.0, 25, ABprpa, 0, 0, 0, 0, , 0, 0, 0, 0, 0, 
48, 1, 48, 57, -1, 303, 94, 154.0, 20, ABprpp, 0, 0, 0, 0, , 0, 0, 0, 0, 0, 
49, 1, 30, 58, -1, 156, 146, 155.0, 16, MSap, 0, 0, 0, 0, , 0, 0, 0, 0, 0, 
50, 1, 49, 59, -1, 170, 110, 176.0, 15, MSpa, 0, 0, 0, 0, , 0, 0, 0, 0, 0, 
51, 1, 50, 60, -1, 273, 92, 111.0, 23, Cp, 0, 0, 0, 0, , 0, 0, 0, 0, 0, 
52, 1, 51, 61, -1, 294, 161, 133.0, 18, P4, 0, 0, 0, 0, , 0, 0, 0, 0, 0, 
53, 1, 52, 62, -1, 121, 65, 109.0, 21, ABarpa, 0, 0, 0, 0, , 0, 0, 0, 0, 0, 
54, 1, 53, 63, -1, 192, 66, 100.0, 21, ABarpp, 0, 0, 0, 0, , 0, 0, 0, 0, 0, 
55, 1, 54, 64, -1, 116, 124, 66.0, 19, ABplaa, 0, 0, 0, 0, , 0, 0, 0, 0, 0, 
56, 1, 55, 65, -1, 180, 121, 60.0, 19, ABplap, 0, 0, 0, 0, , 0, 0, 0, 0, 0, 
