1, 0, 1, -1, -1, 48, 116, 77.0, 9, , 385, 0, 0, 0, , 0, 0, 0, 0, 0, 
2, 0, 2, -1, -1, 50, 109, 89.0, 9, , 27, 0, 0, 0, , 0, 0, 0, 0, 0, 
3, 0, 3, -1, -1, 295, 162, 140.0, 8, , 26, 0, 0, 0, , 0, 0, 0, 0, 0, 
4, 0, 5, -1, -1, 48, 113, 85.0, 9, , 245, 0, 0, 0, , 0, 0, 0, 0, 0, 
5, 0, 8, -1, -1, 144, 72, 168.0, 8, , 12, 0, 0, 0, , 0, 0, 0, 0, 0, 
6, 0, 11, -1, -1, 294, 160, 130.0, 8, , 9, 0, 0, 0, , 0, 0, 0, 0, 0, 
7, 0, 13, -1, -1, 135, 74, 157.0, 7, , 4, 0, 0, 0, , 0, 0, 0, 0, 0, 
8, 0, 14, -1, -1, 178, 64, 125.0, 8, , 14, 0, 0, 0, , 0, 0, 0, 0, 0, 
9, 0, 15, -1, -1, 141, 65, 165.0, 9, , 4, 0, 0, 0, , 0, 0, 0, 0, 0, 
10, 0, 17, -1, -1, 50, 115, 73.0, 7, , 37, 0, 0, 0, , 0, 0, 0, 0, 0, 
11, 0, 18, -1, -1, 182, 66, 106.0, 8, , 12, 0, 0, 0, , 0, 0, 0, 0, 0, 
12, 0, 19, -1, -1, 227, 51, 126.0, 7, , 10, 0, 0, 0, , 0, 0, 0, 0, 0, 
13, 0, 20, -1, -1, 176, 42, 156.0, 7, , 5, 0, 0, 0, , 0, 0, 0, 0, 0, 
14, 0, 22, -1, -1, 76, 88, 168.0, 8, , 9, 0, 0, 0, , 0, 0, 0, 0, 0, 
15, 0, 23, -1, -1, 174, 51, 172.0, 8, , 2, 0, 0, 0, , 0, 0, 0, 0, 0, 
16, 0, 24, -1, -1, 141, 61, 174.0, 7, , 19, 0, 0, 0, , 0, 0, 0, 0, 0, 
17, 0, 25, -1, -1, 260, 78, 179.0, 8, , 3, 0, 0, 0, , 0, 0, 0, 0, 0, 
18, 0, 26, -1, -1, 168, 154, 101.0, 8, , 4, 0, 0, 0, , 0, 0, 0, 0, 0, 
19, 0, 27, -1, -1, 313, 127, 121.0, 8, , 5, 0, 0, 0, , 0, 0, 0, 0, 0, 
20, 0, 28, -1, -1, 235, 40, 132.0, 9, , 7, 0, 0, 0, , 0, 0, 0, 0, 0, 
21, 0, 29, -1, -1, 234, 40, 137.0, 9, , 37, 0, 0, 0, , 0, 0, 0, 0, 0, 
22, 0, 30, -1, -1, 84, 86, 149.0, 7, , 20, 0, 0, 0, , 0, 0, 0, 0, 0, 
23, 0, 31, -1, -1, 99, 91, 157.0, 8, , 10, 0, 0, 0, , 0, 0, 0, 0, 0, 
24, 0, 32, -1, -1, 79, 82, 157.0, 8, , 4, 0, 0, 0, , 0, 0, 0, 0, 0, 
25, 0, 33, -1, -1, 165, 58, 166.0, 8, , 3, 0, 0, 0, , 0, 0, 0, 0, 0, 
26, 0, 34, -1, -1, 126, 56, 168.0, 7, , 9, 0, 0, 0, , 0, 0, 0, 0, 0, 
27, 0, 36, -1, -1, 208, 148, 176.0, 7, , 6, 0, 0, 0, , 0, 0, 0, 0, 0, 
28, 0, 37, -1, -1, 118, 70, 178.0, 8, , 7, 0, 0, 0, , 0, 0, 0, 0, 0, 
29, 0, 38, -1, -1, 238, 84, 184.0, 7, , 13, 0, 0, 0, , 0, 0, 0, 0, 0, 
30, 0, -1, -1, -1, 261, 79, 124.0, 7, , 4, 0, 0, 0, , 0, 0, 0, 0, 0, 
31, 0, -1, -1, -1, 83, 148, 128.0, 8, , 11, 0, 0, 0, , 0, 0, 0, 0, 0, 
32, 0, -1, -1, -1, 79, 85, 161.0, 8, , 4, 0, 0, 0, , 0, 0, 0, 0, 0, 
33, 1, 39, 35, -1, 213, 111, 98.0, 27, Ca, 0, 0, 0, 0, , 0, 0, 0, 0, 0, 
34, 1, 40, 36, -1, 118, 136, 169.0, 21, MSaa, 0, 0, 0, 0, , 0, 0, 0, 0, 0, 
35, 0, 41, -1, -1, 251, 84, 182.0, 27, , 0, 0, 0, 0, , 0, 0, 0, 0, 0, 
36, 1, 42, 38, -1, 130, 170, 105.0, 25, ABalpp, 0, 0, 0, 0, , 0, 0, 0, 0, 0, 
37, 1, 43, 39, -1, 314, 127, 112.0, 24, D, 0, 0, 0, 0, , 0, 0, 0, 0, 0, 
38, 1, 44, 40, -1, 259, 144, 126.0, 28, Ep, 0, 0, 0, 0, , 0, 0, 0, 0, 0, 
39, 1, 45, 41, -1, 179, 51, 156.0, 26, ABpraa, 0, 0, 0, 0, , 0, 0, 0, 0, 0, 
40, 1, 46, 42, -1, 130, 69, 171.0, 29, ABarap, 0, 0, 0, 0, , 0, 0, 0, 0, 0, 
41, 1, 47, 43, -1, 88, 91, 169.0, 25, ABaraa, 0, 0, 0, 0, , 0, 0, 0, 0, 0, 
42, 1, 48, 44, -1, 71, 149, 131.0, 29, ABalpa, 0, 0, 0, 0, , 0, 0, 0, 0, 0, 
43, 1, 49, 45, -1, 52, 109, 133.0, 27, ABalaa, 0, 0, 0, 0, , 0, 0, 0, 0, 0, 
44, 1, 50, 46, -1, 90, 94, 89.0, 27, ABalap, 0, 0, 0, 0, , 0, 0, 0, 0, 0, 
45, 1, 51, 47, -1, 232, 45, 136.0, 23, ABprap, 0, 0, 0, 0, , 0, 0, 0, 0, 0, 
46, 1, 52, 48, -1, 214, 141, 158.0, 27, Ea, 0, 0, 0, 0, , 0, 0, 0, 0, 0, 
47, 1, 53, 49, -1, 217, 104, 180.0, 20, MSpp, 0, 0, 0, 0, , 0, 0, 0, 0, 0, 
48, 1, 54, 50, -1, 227, 160, 93.0, 21, ABplpp, 0, 0, 0, 0, , 0, 0, 0, 0, 0, 
49, 1, 55, 51, -1, 169, 158, 107.0, 23, ABplpa, 0, 0, 0, 0, , 0, 0, 0, 0, 0, 
50, 1, 56, 52, -1, 252, 84, 184.5, 28, ABprpa, 0, 0, 0, 0, , 0, 0, 0, 0, 0, 
51, 1, 57, 53, -1, 306, 96, 156.0, 20, ABprpp, 0, 0, 0, 0, , 0, 0, 0, 0, 0, 
52, 1, 58, 54, -1, 163, 150, 158.0, 20, MSap, 0, 0, 0, 0, , 0, 0, 0, 0, 0, 
53, 1, 59, 55, -1, 166, 111, 179.0, 21, MSpa, 0, 0, 0, 0, , 0, 0, 0, 0, 0, 
54, 1, 60, 56, -1, 264, 88, 114.0, 23, Cp, 0, 0, 0, 0, , 0, 0, 0, 0, 0, 
55, 1, 61, 57, -1, 295, 159, 129.0, 18, P4, 0, 0, 0, 0, , 0, 0, 0, 0, 0, 
56, 1, 62, 58, -1, 122, 64, 109.0, 21, ABarpa, 0, 0, 0, 0, , 0, 0, 0, 0, 0, 
57, 1, 63, 59, -1, 191, 62, 99.0, 21, ABarpp, 0, 0, 0, 0, , 0, 0, 0, 0, 0, 
58, 1, 64, 60, -1, 114, 123, 67.0, 19, ABplaa, 0, 0, 0, 0, , 0, 0, 0, 0, 0, 
59, 1, 65, 61, -1, 175, 119, 59.0, 19, ABplap, 0, 0, 0, 0, , 0, 0, 0, 0, 0, 
