1, 0, 1, -1, -1, 48, 115, 78.0, 9, , 439, 0, 0, 0, , 0, 0, 0, 0, 0, 
2, 0, 2, -1, -1, 44, 110, 88.0, 9, , 15, 0, 0, 0, , 0, 0, 0, 0, 0, 
3, 0, 4, -1, -1, 49, 111, 87.0, 7, , 86, 0, 0, 0, , 0, 0, 0, 0, 0, 
4, 0, 5, -1, -1, 144, 71, 169.0, 7, , 8, 0, 0, 0, , 0, 0, 0, 0, 0, 
5, 0, 6, -1, -1, 315, 134, 121.0, 8, , 4, 0, 0, 0, , 0, 0, 0, 0, 0, 
6, 0, 7, -1, -1, 131, 72, 158.0, 7, , 18, 0, 0, 0, , 0, 0, 0, 0, 0, 
7, 0, 8, -1, -1, 177, 61, 123.0, 7, , 15, 0, 0, 0, , 0, 0, 0, 0, 0, 
8, 0, 9, -1, -1, 134, 80, 167.0, 7, , 11, 0, 0, 0, , 0, 0, 0, 0, 0, 
9, 0, 10, -1, -1, 49, 116, 74.0, 7, , 108, 0, 0, 0, , 0, 0, 0, 0, 0, 
10, 0, 11, -1, -1, 180, 63, 106.0, 7, , 14, 0, 0, 0, , 0, 0, 0, 0, 0, 
11, 0, 12, -1, -1, 223, 47, 126.0, 7, , 4, 0, 0, 0, , 0, 0, 0, 0, 0, 
12, 0, 13, -1, -1, 177, 44, 157.0, 7, , 5, 0, 0, 0, , 0, 0, 0, 0, 0, 
13, 0, 15, -1, -1, 167, 56, 174.0, 8, , 2, 0, 0, 0, , 0, 0, 0, 0, 0, 
14, 0, 16, -1, -1, 132, 57, 176.0, 8, , 4, 0, 0, 0, , 0, 0, 0, 0, 0, 
15, 0, 17, -1, -1, 259, 78, 179.0, 8, , 3, 0, 0, 0, , 0, 0, 0, 0, 0, 
16, 0, 19, -1, -1, 309, 128, 123.0, 8, , 5, 0, 0, 0, , 0, 0, 0, 0, 0, 
17, 0, 20, -1, -1, 230, 37, 132.0, 9, , 5, 0, 0, 0, , 0, 0, 0, 0, 0, 
18, 0, 21, -1, -1, 235, 36, 140.0, 8, , 6, 0, 0, 0, , 0, 0, 0, 0, 0, 
19, 0, 22, -1, -1, 80, 86, 151.0, 7, , 15, 0, 0, 0, , 0, 0, 0, 0, 0, 
20, 0, 23, -1, -1, 89, 100, 154.0, 8, , 3, 0, 0, 0, , 0, 0, 0, 0, 0, 
21, 0, 24, -1, -1, 91, 80, 153.0, 7, , 14, 0, 0, 0, , 0, 0, 0, 0, 0, 
22, 0, 25, -1, -1, 184, 53, 168.0, 8, , 2, 0, 0, 0, , 0, 0, 0, 0, 0, 
23, 0, 27, -1, -1, 209, 141, 174.0, 8, , 4, 0, 0, 0, , 0, 0, 0, 0, 0, 
24, 0, 28, -1, -1, 120, 66, 176.0, 7, , 4, 0, 0, 0, , 0, 0, 0, 0, 0, 
25, 0, 29, -1, -1, 244, 87, 188.0, 8, , 2, 0, 0, 0, , 0, 0, 0, 0, 0, 
26, 0, 30, -1, -1, 267, 81, 124.0, 8, , 3, 0, 0, 0, , 0, 0, 0, 0, 0, 
27, 0, 31, -1, -1, 72, 133, 126.0, 8, , 2, 0, 0, 0, , 0, 0, 0, 0, 0, 
28, 0, 32, -1, -1, 79, 85, 161.0, 8, , 4, 0, 0, 0, , 0, 0, 0, 0, 0, 
29, 0, -1, -1, -1, 176, 64, 119.0, 7, , 128, 0, 0, 0, , 0, 0, 0, 0, 0, 
30, 0, -1, -1, -1, 126, 134, 72.0, 8, , 5, 0, 0, 0, , 0, 0, 0, 0, 0, 
31, 0, -1, -1, -1, 67, 140, 132.0, 7, , 9, 0, 0, 0, , 0, 0, 0, 0, 0, 
32, 0, -1, -1, -1, 304, 92, 137.0, 7, , 9, 0, 0, 0, , 0, 0, 0, 0, 0, 
33, 0, -1, -1, -1, 58, 109, 142.0, 8, , 2, 0, 0, 0, , 0, 0, 0, 0, 0, 
34, 0, -1, -1, -1, 267, 82, 182.0, 8, , 6, 0, 0, 0, , 0, 0, 0, 0, 0, 
35, 1, 33, 55, -1, 208, 109, 96.0, 25, Ca, 0, 0, 0, 0, , 0, 0, 0, 0, 0, 
36, 1, 34, 56, -1, 117, 140, 171.0, 21, MSaa, 0, 0, 0, 0, , 0, 0, 0, 0, 0, 
37, 0, 35, -1, -1, 254, 84, 180.0, 25, , 0, 0, 0, 0, , 0, 0, 0, 0, 0, 
38, 1, 36, 58, -1, 129, 169, 107.0, 25, ABalpp, 0, 0, 0, 0, , 0, 0, 0, 0, 0, 
39, 1, 37, 59, -1, 313, 127, 112.0, 24, D, 0, 0, 0, 0, , 0, 0, 0, 0, 0, 
40, 1, 38, 60, -1, 259, 139, 126.0, 26, Ep, 0, 0, 0, 0, , 0, 0, 0, 0, 0, 
41, 1, 39, 61, -1, 176, 56, 156.0, 28, ABpraa, 0, 0, 0, 0, , 0, 0, 0, 0, 0, 
42, 1, 40, 62, -1, 129, 69, 172.0, 27, ABarap, 0, 0, 0, 0, , 0, 0, 0, 0, 0, 
43, 1, 41, 63, -1, 88, 91, 169.0, 25, ABaraa, 0, 0, 0, 0, , 0, 0, 0, 0, 0, 
44, 1, 42, 64, -1, 73, 147, 129.0, 29, ABalpa, 0, 0, 0, 0, , 0, 0, 0, 0, 0, 
45, 1, 43, 65, -1, 53, 108, 133.0, 27, ABalaa, 0, 0, 0, 0, , 0, 0, 0, 0, 0, 
46, 1, 44, 66, -1, 89, 92, 90.0, 29, ABalap, 0, 0, 0, 0, , 0, 0, 0, 0, 0, 
47, 1, 45, 67, -1, 230, 46, 136.0, 31, ABprap, 0, 0, 0, 0, , 0, 0, 0, 0, 0, 
48, 1, 46, 68, -1, 215, 140, 156.0, 27, Ea, 0, 0, 0, 0, , 0, 0, 0, 0, 0, 
49, 1, 47, 69, -1, 224, 105, 181.5, 22, MSpp, 0, 0, 0, 0, , 0, 0, 0, 0, 0, 
50, 1, 48, 70, -1, 227, 160, 92.0, 21, ABplpp, 0, 0, 0, 0, , 0, 0, 0, 0, 0, 
51, 1, 49, 71, -1, 169, 160, 106.666664, 23, ABplpa, 0, 0, 0, 0, , 0, 0, 0, 0, 0, 
52, 1, 50, 72, -1, 253, 85, 184.25, 28, ABprpa, 0, 0, 0, 0, , 0, 0, 0, 0, 0, 
53, 1, 51, 73, -1, 305, 96, 156.0, 20, ABprpp, 0, 0, 0, 0, , 0, 0, 0, 0, 0, 
54, 1, 52, 74, -1, 170, 150, 159.0, 22, MSap, 0, 0, 0, 0, , 0, 0, 0, 0, 0, 
55, 1, 53, 75, -1, 162, 113, 179.0, 21, MSpa, 0, 0, 0, 0, , 0, 0, 0, 0, 0, 
56, 1, 54, 76, -1, 265, 86, 113.0, 23, Cp, 0, 0, 0, 0, , 0, 0, 0, 0, 0, 
57, 1, 55, 77, -1, 292, 163, 129.0, 18, P4, 0, 0, 0, 0, , 0, 0, 0, 0, 0, 
58, 1, 56, 78, -1, 122, 64, 109.0, 21, ABarpa, 0, 0, 0, 0, , 0, 0, 0, 0, 0, 
59, 1, 57, 79, -1, 186, 59, 96.0, 21, ABarpp, 0, 0, 0, 0, , 0, 0, 0, 0, 0, 
60, 1, 58, 80, -1, 116, 124, 67.0, 19, ABplaa, 0, 0, 0, 0, , 0, 0, 0, 0, 0, 
61, 1, 59, 81, -1, 171, 116, 58.0, 19, ABplap, 0, 0, 0, 0, , 0, 0, 0, 0, 0, 
