1, 0, 1, -1, -1, 48, 116, 77.0, 9, , 346, 0, 0, 0, , 0, 0, 0, 0, 0, 
2, 0, 2, -1, -1, 43, 110, 89.0, 9, , 23, 0, 0, 0, , 0, 0, 0, 0, 0, 
3, 0, 3, -1, -1, 141, 79, 171.0, 8, , 3, 0, 0, 0, , 0, 0, 0, 0, 0, 
4, 0, 4, -1, -1, 310, 124, 121.0, 7, , 15, 0, 0, 0, , 0, 0, 0, 0, 0, 
5, 0, 5, -1, -1, 133, 73, 159.0, 7, , 17, 0, 0, 0, , 0, 0, 0, 0, 0, 
6, 0, 6, -1, -1, 177, 63, 130.0, 8, , 4, 0, 0, 0, , 0, 0, 0, 0, 0, 
7, 0, 7, -1, -1, 139, 73, 165.0, 8, , 14, 0, 0, 0, , 0, 0, 0, 0, 0, 
8, 0, 8, -1, -1, 50, 115, 73.0, 9, , 26, 0, 0, 0, , 0, 0, 0, 0, 0, 
9, 0, 9, -1, -1, 222, 45, 126.0, 8, , 7, 0, 0, 0, , 0, 0, 0, 0, 0, 
10, 0, 10, -1, -1, 178, 47, 158.0, 7, , 5, 0, 0, 0, , 0, 0, 0, 0, 0, 
11, 0, 11, -1, -1, 171, 63, 172.0, 8, , 8, 0, 0, 0, , 0, 0, 0, 0, 0, 
12, 0, 12, -1, -1, 135, 63, 175.0, 8, , 3, 0, 0, 0, , 0, 0, 0, 0, 0, 
13, 0, 13, -1, -1, 258, 79, 178.0, 8, , 3, 0, 0, 0, , 0, 0, 0, 0, 0, 
14, 0, 15, -1, -1, 229, 40, 133.0, 8, , 3, 0, 0, 0, , 0, 0, 0, 0, 0, 
15, 0, 16, -1, -1, 227, 36, 138.0, 8, , 3, 0, 0, 0, , 0, 0, 0, 0, 0, 
16, 0, 17, -1, -1, 77, 95, 151.0, 8, , 11, 0, 0, 0, , 0, 0, 0, 0, 0, 
17, 0, 18, -1, -1, 96, 93, 156.0, 8, , 2, 0, 0, 0, , 0, 0, 0, 0, 0, 
18, 0, 19, -1, -1, 86, 92, 152.0, 8, , 7, 0, 0, 0, , 0, 0, 0, 0, 0, 
19, 0, 20, -1, -1, 180, 45, 162.0, 9, , 7, 0, 0, 0, , 0, 0, 0, 0, 0, 
20, 0, 21, -1, -1, 138, 80, 175.0, 7, , 4, 0, 0, 0, , 0, 0, 0, 0, 0, 
21, 0, 22, -1, -1, 254, 98, 190.0, 7, , 15, 0, 0, 0, , 0, 0, 0, 0, 0, 
22, 0, 23, -1, -1, 264, 80, 124.0, 8, , 8, 0, 0, 0, , 0, 0, 0, 0, 0, 
23, 0, 25, -1, -1, 78, 85, 160.0, 8, , 4, 0, 0, 0, , 0, 0, 0, 0, 0, 
24, 0, 29, -1, -1, 45, 111, 142.0, 8, , 2, 0, 0, 0, , 0, 0, 0, 0, 0, 
25, 0, 30, -1, -1, 270, 87, 180.0, 8, , 3, 0, 0, 0, , 0, 0, 0, 0, 0, 
26, 0, 32, -1, -1, 281, 164, 125.0, 7, , 4, 0, 0, 0, , 0, 0, 0, 0, 0, 
27, 0, 33, -1, -1, 125, 130, 60.0, 7, , 3, 0, 0, 0, , 0, 0, 0, 0, 0, 
28, 0, 34, -1, -1, 210, 106, 92.0, 9, , 5, 0, 0, 0, , 0, 0, 0, 0, 0, 
29, 0, 35, -1, -1, 208, 110, 98.0, 7, , 16, 0, 0, 0, , 0, 0, 0, 0, 0, 
30, 0, 36, -1, -1, 205, 109, 104.0, 9, , 11, 0, 0, 0, , 0, 0, 0, 0, 0, 
31, 0, 37, -1, -1, 306, 138, 107.0, 8, , 4, 0, 0, 0, , 0, 0, 0, 0, 0, 
32, 0, 38, -1, -1, 267, 84, 109.0, 7, , 8, 0, 0, 0, , 0, 0, 0, 0, 0, 
33, 0, 40, -1, -1, 280, 86, 117.0, 7, , 8, 0, 0, 0, , 0, 0, 0, 0, 0, 
34, 0, 41, -1, -1, 285, 169, 116.0, 8, , 2, 0, 0, 0, , 0, 0, 0, 0, 0, 
35, 0, 42, -1, -1, 273, 84, 122.0, 8, , 2, 0, 0, 0, , 0, 0, 0, 0, 0, 
36, 0, 43, -1, -1, 279, 165, 132.0, 7, , 4, 0, 0, 0, , 0, 0, 0, 0, 0, 
37, 0, 44, -1, -1, 237, 51, 136.0, 8, , 7, 0, 0, 0, , 0, 0, 0, 0, 0, 
38, 0, 45, -1, -1, 232, 59, 137.0, 8, , 6, 0, 0, 0, , 0, 0, 0, 0, 0, 
39, 0, 46, -1, -1, 236, 47, 147.0, 7, , 8, 0, 0, 0, , 0, 0, 0, 0, 0, 
40, 0, 48, -1, -1, 80, 99, 163.0, 8, , 5, 0, 0, 0, , 0, 0, 0, 0, 0, 
41, 0, 49, -1, -1, 268, 83, 176.0, 8, , 3, 0, 0, 0, , 0, 0, 0, 0, 0, 
42, 0, 50, -1, -1, 88, 100, 175.0, 8, , 11, 0, 0, 0, , 0, 0, 0, 0, 0, 
43, 0, 51, -1, -1, 186, 64, 173.0, 8, , 1, 0, 0, 0, , 0, 0, 0, 0, 0, 
44, 0, 52, -1, -1, 175, 59, 181.0, 7, , 5, 0, 0, 0, , 0, 0, 0, 0, 0, 
45, 0, 53, -1, -1, 243, 89, 184.0, 7, , 6, 0, 0, 0, , 0, 0, 0, 0, 0, 
46, 0, 54, -1, -1, 245, 87, 192.0, 8, , 6, 0, 0, 0, , 0, 0, 0, 0, 0, 
47, 0, -1, -1, -1, 178, 68, 118.0, 8, , 111, 0, 0, 0, , 0, 0, 0, 0, 0, 
48, 0, -1, -1, -1, 47, 116, 83.0, 9, , 414, 0, 0, 0, , 0, 0, 0, 0, 0, 
49, 0, -1, -1, -1, 260, 99, 107.0, 8, , 1, 0, 0, 0, , 0, 0, 0, 0, 0, 
50, 0, -1, -1, -1, 288, 164, 116.0, 9, , 15, 0, 0, 0, , 0, 0, 0, 0, 0, 
51, 0, -1, -1, -1, 76, 139, 119.0, 8, , 6, 0, 0, 0, , 0, 0, 0, 0, 0, 
52, 0, -1, -1, -1, 261, 90, 119.0, 7, , 12, 0, 0, 0, , 0, 0, 0, 0, 0, 
53, 0, -1, -1, -1, 262, 90, 122.0, 8, , 2, 0, 0, 0, , 0, 0, 0, 0, 0, 
54, 0, -1, -1, -1, 88, 93, 148.0, 8, , 9, 0, 0, 0, , 0, 0, 0, 0, 0, 
55, 0, -1, -1, -1, 75, 95, 156.0, 8, , 6, 0, 0, 0, , 0, 0, 0, 0, 0, 
56, 0, -1, -1, -1, 191, 61, 159.0, 8, , 5, 0, 0, 0, , 0, 0, 0, 0, 0, 
57, 0, -1, -1, -1, 125, 59, 170.0, 7, , 4, 0, 0, 0, , 0, 0, 0, 0, 0, 
58, 0, -1, -1, -1, 124, 75, 185.0, 7, , 5, 0, 0, 0, , 0, 0, 0, 0, 0, 
59, 0, -1, -1, -1, 131, 79, 186.0, 8, , 2, 0, 0, 0, , 0, 0, 0, 0, 0, 
60, 1, 55, 74, 75, 205, 114, 99.0, 17, Ca, 0, 0, 0, 0, , 0, 0, 0, 0, 0, 
61, 1, 56, 76, -1, 108, 135, 173.0, 25, MSaa, 0, 0, 0, 0, , 0, 0, 0, 0, 0, 
62, 0, 57, -1, -1, 255, 90, 181.0, 27, , 0, 0, 0, 0, , 0, 0, 0, 0, 0, 
63, 1, 58, 78, -1, 131, 168, 109.0, 25, ABalpp, 0, 0, 0, 0, , 0, 0, 0, 0, 0, 
64, 1, 59, 79, -1, 307, 129, 112.0, 24, D, 0, 0, 0, 0, , 0, 0, 0, 0, 0, 
65, 1, 60, 80, -1, 260, 140, 127.0, 28, Ep, 0, 0, 0, 0, , 0, 0, 0, 0, 0, 
66, 1, 61, 81, -1, 179, 56, 156.0, 27, ABpraa, 0, 0, 0, 0, , 0, 0, 0, 0, 0, 
67, 1, 62, 82, -1, 129, 70, 173.0, 27, ABarap, 0, 0, 0, 0, , 0, 0, 0, 0, 0, 
68, 1, 63, 83, -1, 85, 96, 169.0, 25, ABaraa, 0, 0, 0, 0, , 0, 0, 0, 0, 0, 
69, 1, 64, 84, -1, 78, 153, 125.0, 29, ABalpa, 0, 0, 0, 0, , 0, 0, 0, 0, 0, 
70, 1, 65, 85, -1, 52, 109, 132.0, 27, ABalaa, 0, 0, 0, 0, , 0, 0, 0, 0, 0, 
71, 1, 66, 86, -1, 86, 97, 90.0, 29, ABalap, 0, 0, 0, 0, , 0, 0, 0, 0, 0, 
72, 1, 67, 87, -1, 230, 46, 136.0, 23, ABprap, 0, 0, 0, 0, , 0, 0, 0, 0, 0, 
73, 1, 68, 88, -1, 208, 134, 154.0, 27, Ea, 0, 0, 0, 0, , 0, 0, 0, 0, 0, 
74, 1, 69, 89, -1, 227, 107, 184.0, 22, MSpp, 0, 0, 0, 0, , 0, 0, 0, 0, 0, 
75, 1, 70, 90, -1, 225, 161, 88.0, 21, ABplpp, 0, 0, 0, 0, , 0, 0, 0, 0, 0, 
76, 1, 71, 91, -1, 169, 164, 106.0, 23, ABplpa, 0, 0, 0, 0, , 0, 0, 0, 0, 0, 
77, 1, 72, 92, -1, 255, 89, 183.75, 27, ABprpa, 0, 0, 0, 0, , 0, 0, 0, 0, 0, 
78, 1, 73, 93, -1, 306, 99, 157.0, 20, ABprpp, 0, 0, 0, 0, , 0, 0, 0, 0, 0, 
79, 1, 74, 94, -1, 165, 151, 160.0, 22, MSap, 0, 0, 0, 0, , 0, 0, 0, 0, 0, 
80, 1, 75, 95, -1, 159, 113, 181.0, 21, MSpa, 0, 0, 0, 0, , 0, 0, 0, 0, 0, 
81, 1, 76, 96, -1, 267, 84, 117.0, 21, Cp, 0, 0, 0, 0, , 0, 0, 0, 0, 0, 
82, 1, 77, 97, -1, 290, 165, 131.0, 20, P4, 0, 0, 0, 0, , 0, 0, 0, 0, 0, 
83, 1, 78, 98, -1, 123, 63, 109.0, 21, ABarpa, 0, 0, 0, 0, , 0, 0, 0, 0, 0, 
84, 1, 79, 99, -1, 186, 58, 96.0, 21, ABarpp, 0, 0, 0, 0, , 0, 0, 0, 0, 0, 
85, 1, 80, 100, -1, 114, 128, 67.0, 19, ABplaa, 0, 0, 0, 0, , 0, 0, 0, 0, 0, 
86, 1, 81, 101, -1, 165, 120, 60.0, 19, ABplap, 0, 0, 0, 0, , 0, 0, 0, 0, 0, 
