1, 0, 1, -1, -1, 49, 116, 75.0, 9, , 112, 0, 0, 0, , 0, 0, 0, 0, 0, 
2, 0, 2, -1, -1, 47, 111, 89.0, 9, , 17, 0, 0, 0, , 0, 0, 0, 0, 0, 
3, 0, 3, -1, -1, 138, 77, 169.0, 7, , 21, 0, 0, 0, , 0, 0, 0, 0, 0, 
4, 0, 4, -1, -1, 307, 122, 123.0, 7, , 15, 0, 0, 0, , 0, 0, 0, 0, 0, 
5, 0, 5, -1, -1, 181, 62, 131.0, 8, , 13, 0, 0, 0, , 0, 0, 0, 0, 0, 
6, 0, 6, -1, -1, 133, 78, 163.0, 7, , 18, 0, 0, 0, , 0, 0, 0, 0, 0, 
7, 0, 7, -1, -1, 225, 61, 132.0, 7, , 4, 0, 0, 0, , 0, 0, 0, 0, 0, 
8, 0, 8, -1, -1, 179, 50, 159.0, 7, , 5, 0, 0, 0, , 0, 0, 0, 0, 0, 
9, 0, 9, -1, -1, 172, 59, 172.0, 8, , 8, 0, 0, 0, , 0, 0, 0, 0, 0, 
10, 0, 10, -1, -1, 133, 65, 176.0, 8, , 5, 0, 0, 0, , 0, 0, 0, 0, 0, 
11, 0, 11, -1, -1, 263, 80, 177.0, 8, , 3, 0, 0, 0, , 0, 0, 0, 0, 0, 
12, 0, 12, -1, -1, 222, 44, 134.0, 8, , 2, 0, 0, 0, , 0, 0, 0, 0, 0, 
13, 0, 14, -1, -1, 84, 100, 153.0, 7, , 8, 0, 0, 0, , 0, 0, 0, 0, 0, 
14, 0, 15, -1, -1, 81, 83, 158.0, 7, , 25, 0, 0, 0, , 0, 0, 0, 0, 0, 
15, 0, 16, -1, -1, 82, 83, 154.0, 8, , 8, 0, 0, 0, , 0, 0, 0, 0, 0, 
16, 0, 17, -1, -1, 172, 42, 161.0, 8, , 2, 0, 0, 0, , 0, 0, 0, 0, 0, 
17, 0, 18, -1, -1, 132, 82, 178.0, 7, , 41, 0, 0, 0, , 0, 0, 0, 0, 0, 
18, 0, 19, -1, -1, 248, 93, 194.0, 8, , 4, 0, 0, 0, , 0, 0, 0, 0, 0, 
19, 0, 21, -1, -1, 78, 85, 159.0, 8, , 4, 0, 0, 0, , 0, 0, 0, 0, 0, 
20, 0, 23, -1, -1, 266, 86, 180.0, 8, , 9, 0, 0, 0, , 0, 0, 0, 0, 0, 
21, 0, 24, -1, -1, 280, 165, 127.0, 8, , 3, 0, 0, 0, , 0, 0, 0, 0, 0, 
22, 0, 26, -1, -1, 226, 125, 98.0, 9, , 8, 0, 0, 0, , 0, 0, 0, 0, 0, 
23, 0, 27, -1, -1, 186, 109, 99.0, 8, , 2, 0, 0, 0, , 0, 0, 0, 0, 0, 
24, 0, 28, -1, -1, 223, 128, 102.0, 7, , 4, 0, 0, 0, , 0, 0, 0, 0, 0, 
25, 0, 31, -1, -1, 274, 87, 116.0, 7, , 22, 0, 0, 0, , 0, 0, 0, 0, 0, 
26, 0, 34, -1, -1, 278, 165, 133.0, 7, , 4, 0, 0, 0, , 0, 0, 0, 0, 0, 
27, 0, 37, -1, -1, 239, 46, 144.0, 7, , 12, 0, 0, 0, , 0, 0, 0, 0, 0, 
28, 0, 38, -1, -1, 78, 89, 164.0, 8, , 13, 0, 0, 0, , 0, 0, 0, 0, 0, 
29, 0, 39, -1, -1, 266, 92, 176.0, 7, , 3, 0, 0, 0, , 0, 0, 0, 0, 0, 
30, 0, 40, -1, -1, 87, 95, 169.0, 7, , 6, 0, 0, 0, , 0, 0, 0, 0, 0, 
31, 0, 41, -1, -1, 190, 53, 165.0, 8, , 3, 0, 0, 0, , 0, 0, 0, 0, 0, 
32, 0, 42, -1, -1, 180, 63, 176.0, 8, , 8, 0, 0, 0, , 0, 0, 0, 0, 0, 
33, 0, 43, -1, -1, 243, 83, 182.0, 8, , 4, 0, 0, 0, , 0, 0, 0, 0, 0, 
34, 0, 44, -1, -1, 254, 90, 192.0, 9, , 8, 0, 0, 0, , 0, 0, 0, 0, 0, 
35, 0, 45, -1, -1, 181, 63, 118.0, 7, , 38, 0, 0, 0, , 0, 0, 0, 0, 0, 
36, 0, 46, -1, -1, 47, 122, 81.0, 7, , 29, 0, 0, 0, , 0, 0, 0, 0, 0, 
37, 0, 48, -1, -1, 291, 156, 118.0, 8, , 4, 0, 0, 0, , 0, 0, 0, 0, 0, 
38, 0, 49, -1, -1, 79, 149, 119.0, 8, , 3, 0, 0, 0, , 0, 0, 0, 0, 0, 
39, 0, 50, -1, -1, 257, 76, 116.0, 7, , 15, 0, 0, 0, , 0, 0, 0, 0, 0, 
40, 0, 52, -1, -1, 88, 88, 149.0, 7, , 20, 0, 0, 0, , 0, 0, 0, 0, 0, 
41, 0, 54, -1, -1, 163, 58, 159.0, 7, , 10, 0, 0, 0, , 0, 0, 0, 0, 0, 
42, 0, 55, -1, -1, 135, 62, 174.0, 8, , 6, 0, 0, 0, , 0, 0, 0, 0, 0, 
43, 0, 56, -1, -1, 142, 72, 180.0, 8, , 4, 0, 0, 0, , 0, 0, 0, 0, 0, 
44, 0, 57, -1, -1, 141, 76, 181.0, 8, , 5, 0, 0, 0, , 0, 0, 0, 0, 0, 
45, 0, 58, -1, -1, 239, 53, 139.0, 8, , 16, 0, 0, 0, , 0, 0, 0, 0, 0, 
46, 0, 59, -1, -1, 230, 41, 143.0, 9, , 11, 0, 0, 0, , 0, 0, 0, 0, 0, 
47, 0, 60, -1, -1, 181, 65, 125.0, 9, , 94, 0, 0, 0, , 0, 0, 0, 0, 0, 
48, 0, 61, -1, -1, 78, 94, 152.0, 9, , 44, 0, 0, 0, , 0, 0, 0, 0, 0, 
49, 0, 62, -1, -1, 128, 124, 69.0, 7, , 8, 0, 0, 0, , 0, 0, 0, 0, 0, 
50, 0, 63, -1, -1, 271, 93, 111.0, 8, , 7, 0, 0, 0, , 0, 0, 0, 0, 0, 
51, 0, 64, -1, -1, 68, 141, 129.0, 7, , 11, 0, 0, 0, , 0, 0, 0, 0, 0, 
52, 0, 66, -1, -1, 293, 155, 135.0, 9, , 13, 0, 0, 0, , 0, 0, 0, 0, 0, 
53, 0, 67, -1, -1, 168, 59, 152.0, 7, , 17, 0, 0, 0, , 0, 0, 0, 0, 0, 
54, 0, 68, -1, -1, 292, 95, 155.0, 8, , 5, 0, 0, 0, , 0, 0, 0, 0, 0, 
55, 0, -1, -1, -1, 137, 70, 168.0, 7, , 14, 0, 0, 0, , 0, 0, 0, 0, 0, 
56, 0, 70, -1, -1, 166, 50, 169.0, 7, , 11, 0, 0, 0, , 0, 0, 0, 0, 0, 
57, 0, 71, -1, -1, 182, 51, 171.0, 8, , 2, 0, 0, 0, , 0, 0, 0, 0, 0, 
58, 0, 72, -1, -1, 243, 86, 172.0, 7, , 9, 0, 0, 0, , 0, 0, 0, 0, 0, 
59, 0, 73, -1, -1, 46, 114, 85.0, 9, , 316, 0, 0, 0, , 0, 0, 0, 0, 0, 
60, 0, -1, -1, -1, 240, 86, 184.0, 9, , 26, 0, 0, 0, , 0, 0, 0, 0, 0, 
61, 0, -1, -1, -1, 249, 83, 103.0, 8, , 1, 0, 0, 0, , 0, 0, 0, 0, 0, 
62, 0, -1, -1, -1, 299, 132, 110.0, 8, , 2, 0, 0, 0, , 0, 0, 0, 0, 0, 
63, 0, -1, -1, -1, 81, 155, 122.0, 8, , 4, 0, 0, 0, , 0, 0, 0, 0, 0, 
64, 0, -1, -1, -1, 284, 164, 123.0, 9, , 15, 0, 0, 0, , 0, 0, 0, 0, 0, 
65, 0, -1, -1, -1, 295, 94, 149.0, 8, , 5, 0, 0, 0, , 0, 0, 0, 0, 0, 
66, 0, -1, -1, -1, 214, 119, 150.0, 8, , 4, 0, 0, 0, , 0, 0, 0, 0, 0, 
67, 0, -1, -1, -1, 235, 59, 150.0, 7, , 3, 0, 0, 0, , 0, 0, 0, 0, 0, 
68, 0, -1, -1, -1, 224, 48, 155.0, 8, , 2, 0, 0, 0, , 0, 0, 0, 0, 0, 
69, 0, -1, -1, -1, 295, 96, 161.0, 8, , 4, 0, 0, 0, , 0, 0, 0, 0, 0, 
70, 0, -1, -1, -1, 80, 84, 162.0, 7, , 6, 0, 0, 0, , 0, 0, 0, 0, 0, 
71, 0, -1, -1, -1, 228, 111, 201.0, 7, , 9, 0, 0, 0, , 0, 0, 0, 0, 0, 
72, 1, 75, 109, -1, 229, 126, 91.0, 17, Cap, 0, 0, 0, 0, , 0, 0, 0, 0, 0, 
73, 1, 76, 100, -1, 105, 140, 173.0, 27, MSaa, 0, 0, 0, 0, , 0, 0, 0, 0, 0, 
74, 0, 77, -1, -1, 252, 89, 179.0, 29, , 0, 0, 0, 0, , 0, 0, 0, 0, 0, 
75, 1, 78, 89, -1, 128, 172, 111.0, 25, ABalpp, 0, 0, 0, 0, , 0, 0, 0, 0, 0, 
76, 1, 79, 90, -1, 308, 127, 115.0, 24, D, 0, 0, 0, 0, , 0, 0, 0, 0, 0, 
77, 1, 80, 91, -1, 258, 140, 129.25, 29, Ep, 0, 0, 0, 0, , 0, 0, 0, 0, 0, 
78, 1, 81, 92, -1, 176, 54, 156.0, 25, ABpraa, 0, 0, 0, 0, , 0, 0, 0, 0, 0, 
79, 1, 82, 93, -1, 129, 73, 174.5, 29, ABarap, 0, 0, 0, 0, , 0, 0, 0, 0, 0, 
80, 1, 83, 94, -1, 87, 93, 169.0, 25, ABaraa, 0, 0, 0, 0, , 0, 0, 0, 0, 0, 
81, 1, 84, 95, -1, 73, 150, 125.0, 29, ABalpa, 0, 0, 0, 0, , 0, 0, 0, 0, 0, 
82, 1, 85, 96, -1, 52, 110, 133.0, 27, ABalaa, 0, 0, 0, 0, , 0, 0, 0, 0, 0, 
83, 1, 86, 97, -1, 84, 95, 93.0, 29, ABalap, 0, 0, 0, 0, , 0, 0, 0, 0, 0, 
84, 1, 87, 98, -1, 227, 50, 136.66667, 25, ABprap, 0, 0, 0, 0, , 0, 0, 0, 0, 0, 
85, 1, 88, 99, -1, 204, 131, 150.0, 27, Ea, 0, 0, 0, 0, , 0, 0, 0, 0, 0, 
86, 1, 89, 101, -1, 227, 110, 187.0, 22, MSpp, 0, 0, 0, 0, , 0, 0, 0, 0, 0, 
87, 1, 74, 102, -1, 195, 107, 101.0, 17, Caa, 0, 0, 0, 0, , 0, 0, 0, 0, 0, 
88, 1, 90, 103, -1, 226, 167, 89.0, 21, ABplpp, 0, 0, 0, 0, , 0, 0, 0, 0, 0, 
89, 1, 91, 104, -1, 169, 167, 102.666664, 23, ABplpa, 0, 0, 0, 0, , 0, 0, 0, 0, 0, 
90, 1, 92, 105, -1, 253, 89, 183.25, 28, ABprpa, 0, 0, 0, 0, , 0, 0, 0, 0, 0, 
91, 1, 93, 106, -1, 307, 97, 153.0, 20, ABprpp, 0, 0, 0, 0, , 0, 0, 0, 0, 0, 
92, 1, 94, 107, -1, 162, 158, 160.0, 22, MSap, 0, 0, 0, 0, , 0, 0, 0, 0, 0, 
93, 1, 95, 108, -1, 159, 116, 182.14285, 22, MSpa, 0, 0, 0, 0, , 0, 0, 0, 0, 0, 
94, 1, 96, 111, -1, 253, 77, 115.0, 17, Cpa, 0, 0, 0, 0, , 0, 0, 0, 0, 0, 
95, 1, 96, 110, -1, 269, 93, 115.5, 17, Cpp, 0, 0, 0, 0, , 0, 0, 0, 0, 0, 
96, 1, 97, 112, -1, 291, 162, 130.0, 20, P4, 0, 0, 0, 0, , 0, 0, 0, 0, 0, 
97, 1, 98, 113, -1, 124, 62, 109.0, 21, ABarpa, 0, 0, 0, 0, , 0, 0, 0, 0, 0, 
98, 1, 99, 114, -1, 187, 57, 98.0, 21, ABarpp, 0, 0, 0, 0, , 0, 0, 0, 0, 0, 
99, 1, 100, 115, -1, 114, 128, 67.0, 19, ABplaa, 0, 0, 0, 0, , 0, 0, 0, 0, 0, 
100, 1, 101, 116, -1, 167, 117, 62.0, 19, ABplap, 0, 0, 0, 0, , 0, 0, 0, 0, 0, 
