1, 0, 1, -1, -1, 48, 117, 76.0, 9, , 240, 0, 0, 0, , 0, 0, 0, 0, 0, 
2, 0, 2, -1, -1, 51, 111, 92.0, 8, , 29, 0, 0, 0, , 0, 0, 0, 0, 0, 
3, 0, 3, -1, -1, 138, 68, 172.0, 8, , 29, 0, 0, 0, , 0, 0, 0, 0, 0, 
4, 0, 4, -1, -1, 310, 125, 123.0, 7, , 4, 0, 0, 0, , 0, 0, 0, 0, 0, 
5, 0, 5, -1, -1, 186, 62, 137.0, 8, , 8, 0, 0, 0, , 0, 0, 0, 0, 0, 
6, 0, 6, -1, -1, 135, 79, 164.0, 8, , 49, 0, 0, 0, , 0, 0, 0, 0, 0, 
7, 0, 7, -1, -1, 182, 73, 132.0, 8, , 5, 0, 0, 0, , 0, 0, 0, 0, 0, 
8, 0, 8, -1, -1, 180, 51, 160.0, 9, , 7, 0, 0, 0, , 0, 0, 0, 0, 0, 
9, 0, 9, -1, -1, 172, 57, 171.0, 8, , 8, 0, 0, 0, , 0, 0, 0, 0, 0, 
10, 0, 10, -1, -1, 137, 68, 177.0, 7, , 9, 0, 0, 0, , 0, 0, 0, 0, 0, 
11, 0, 11, -1, -1, 257, 83, 167.0, 9, , 10, 0, 0, 0, , 0, 0, 0, 0, 0, 
12, 0, 12, -1, -1, 225, 48, 133.0, 8, , 2, 0, 0, 0, , 0, 0, 0, 0, 0, 
13, 0, 13, -1, -1, 80, 100, 157.0, 7, , 4, 0, 0, 0, , 0, 0, 0, 0, 0, 
14, 0, 14, -1, -1, 93, 89, 157.0, 8, , 4, 0, 0, 0, , 0, 0, 0, 0, 0, 
15, 0, 15, -1, -1, 87, 86, 152.0, 8, , 9, 0, 0, 0, , 0, 0, 0, 0, 0, 
16, 0, 16, -1, -1, 170, 47, 163.0, 8, , 35, 0, 0, 0, , 0, 0, 0, 0, 0, 
17, 0, 17, -1, -1, 127, 88, 175.0, 8, , 4, 0, 0, 0, , 0, 0, 0, 0, 0, 
18, 0, 18, -1, -1, 250, 97, 191.0, 8, , 3, 0, 0, 0, , 0, 0, 0, 0, 0, 
19, 0, 19, -1, -1, 78, 85, 159.0, 8, , 80, 0, 0, 0, , 0, 0, 0, 0, 0, 
20, 0, 20, -1, -1, 266, 86, 179.0, 9, , 26, 0, 0, 0, , 0, 0, 0, 0, 0, 
21, 0, 21, -1, -1, 289, 158, 125.0, 7, , 9, 0, 0, 0, , 0, 0, 0, 0, 0, 
22, 0, 25, -1, -1, 278, 94, 116.0, 7, , 12, 0, 0, 0, , 0, 0, 0, 0, 0, 
23, 0, 26, -1, -1, 278, 165, 133.0, 7, , 6, 0, 0, 0, , 0, 0, 0, 0, 0, 
24, 0, 27, -1, -1, 239, 51, 144.0, 8, , 9, 0, 0, 0, , 0, 0, 0, 0, 0, 
25, 0, 28, -1, -1, 87, 101, 168.0, 7, , 38, 0, 0, 0, , 0, 0, 0, 0, 0, 
26, 0, 29, -1, -1, 263, 99, 175.0, 8, , 5, 0, 0, 0, , 0, 0, 0, 0, 0, 
27, 0, 30, -1, -1, 97, 96, 170.0, 9, , 6, 0, 0, 0, , 0, 0, 0, 0, 0, 
28, 0, 31, -1, -1, 181, 53, 163.0, 9, , 7, 0, 0, 0, , 0, 0, 0, 0, 0, 
29, 0, 32, -1, -1, 174, 72, 174.0, 8, , 3, 0, 0, 0, , 0, 0, 0, 0, 0, 
30, 0, 33, -1, -1, 253, 98, 182.0, 7, , 8, 0, 0, 0, , 0, 0, 0, 0, 0, 
31, 0, 34, -1, -1, 253, 90, 193.0, 8, , 2, 0, 0, 0, , 0, 0, 0, 0, 0, 
32, 0, 37, -1, -1, 297, 162, 120.0, 8, , 8, 0, 0, 0, , 0, 0, 0, 0, 0, 
33, 0, 38, -1, -1, 80, 147, 113.0, 8, , 3, 0, 0, 0, , 0, 0, 0, 0, 0, 
34, 0, 40, -1, -1, 88, 97, 150.0, 9, , 17, 0, 0, 0, , 0, 0, 0, 0, 0, 
35, 0, 41, -1, -1, 171, 69, 156.0, 8, , 6, 0, 0, 0, , 0, 0, 0, 0, 0, 
36, 0, 42, -1, -1, 134, 79, 173.0, 7, , 7, 0, 0, 0, , 0, 0, 0, 0, 0, 
37, 0, 43, -1, -1, 135, 70, 184.0, 8, , 25, 0, 0, 0, , 0, 0, 0, 0, 0, 
38, 0, 44, -1, -1, 141, 76, 181.0, 8, , 2, 0, 0, 0, , 0, 0, 0, 0, 0, 
39, 0, 45, -1, -1, 226, 54, 138.0, 7, , 9, 0, 0, 0, , 0, 0, 0, 0, 0, 
40, 0, 46, -1, -1, 223, 48, 144.0, 8, , 10, 0, 0, 0, , 0, 0, 0, 0, 0, 
41, 0, 47, -1, -1, 186, 66, 127.0, 8, , 97, 0, 0, 0, , 0, 0, 0, 0, 0, 
42, 0, 48, -1, -1, 81, 97, 152.0, 9, , 44, 0, 0, 0, , 0, 0, 0, 0, 0, 
43, 0, 49, -1, -1, 129, 124, 69.0, 7, , 28, 0, 0, 0, , 0, 0, 0, 0, 0, 
44, 0, 50, -1, -1, 275, 102, 112.0, 9, , 29, 0, 0, 0, , 0, 0, 0, 0, 0, 
45, 0, 51, -1, -1, 85, 157, 129.0, 8, , 5, 0, 0, 0, , 0, 0, 0, 0, 0, 
46, 0, 52, -1, -1, 292, 158, 137.0, 9, , 32, 0, 0, 0, , 0, 0, 0, 0, 0, 
47, 0, 53, -1, -1, 169, 59, 155.0, 8, , 26, 0, 0, 0, , 0, 0, 0, 0, 0, 
48, 0, 54, -1, -1, 302, 83, 153.0, 8, , 2, 0, 0, 0, , 0, 0, 0, 0, 0, 
49, 0, 55, -1, -1, 140, 84, 171.0, 7, , 9, 0, 0, 0, , 0, 0, 0, 0, 0, 
50, 0, 56, -1, -1, 165, 54, 170.0, 8, , 11, 0, 0, 0, , 0, 0, 0, 0, 0, 
51, 0, 57, -1, -1, 185, 57, 170.0, 8, , 7, 0, 0, 0, , 0, 0, 0, 0, 0, 
52, 0, 58, -1, -1, 242, 91, 173.0, 8, , 4, 0, 0, 0, , 0, 0, 0, 0, 0, 
53, 0, 59, -1, -1, 46, 113, 87.0, 9, , 60, 0, 0, 0, , 0, 0, 0, 0, 0, 
54, 0, 60, -1, -1, 248, 98, 185.0, 7, , 10, 0, 0, 0, , 0, 0, 0, 0, 0, 
55, 0, 61, -1, -1, 246, 82, 105.0, 8, , 11, 0, 0, 0, , 0, 0, 0, 0, 0, 
56, 0, 62, -1, -1, 307, 122, 110.0, 7, , 4, 0, 0, 0, , 0, 0, 0, 0, 0, 
57, 0, 63, -1, -1, 82, 159, 122.0, 7, , 9, 0, 0, 0, , 0, 0, 0, 0, 0, 
58, 0, 64, -1, -1, 279, 162, 127.0, 9, , 53, 0, 0, 0, , 0, 0, 0, 0, 0, 
59, 0, 65, -1, -1, 296, 88, 146.0, 8, , 6, 0, 0, 0, , 0, 0, 0, 0, 0, 
60, 0, 66, -1, -1, 212, 116, 150.0, 7, , 7, 0, 0, 0, , 0, 0, 0, 0, 0, 
61, 0, 67, -1, -1, 241, 53, 152.0, 8, , 22, 0, 0, 0, , 0, 0, 0, 0, 0, 
62, 0, 68, -1, -1, 216, 54, 152.0, 7, , 11, 0, 0, 0, , 0, 0, 0, 0, 0, 
63, 0, 69, -1, -1, 289, 94, 160.0, 8, , 12, 0, 0, 0, , 0, 0, 0, 0, 0, 
64, 0, 70, -1, -1, 92, 80, 163.0, 8, , 12, 0, 0, 0, , 0, 0, 0, 0, 0, 
65, 0, 71, -1, -1, 226, 121, 201.0, 8, , 5, 0, 0, 0, , 0, 0, 0, 0, 0, 
66, 0, -1, -1, -1, 290, 95, 150.0, 9, , 34, 0, 0, 0, , 0, 0, 0, 0, 0, 
67, 0, -1, -1, -1, 86, 88, 165.0, 8, , 72, 0, 0, 0, , 0, 0, 0, 0, 0, 
68, 0, -1, -1, -1, 139, 85, 178.0, 8, , 25, 0, 0, 0, , 0, 0, 0, 0, 0, 
69, 0, -1, -1, -1, 96, 104, 98.0, 8, , 3, 0, 0, 0, , 0, 0, 0, 0, 0, 
70, 0, -1, -1, -1, 290, 165, 116.0, 7, , 8, 0, 0, 0, , 0, 0, 0, 0, 0, 
71, 0, -1, -1, -1, 292, 163, 134.0, 8, , 8, 0, 0, 0, , 0, 0, 0, 0, 0, 
72, 0, -1, -1, -1, 228, 63, 139.0, 8, , 2, 0, 0, 0, , 0, 0, 0, 0, 0, 
73, 0, -1, -1, -1, 240, 46, 153.0, 8, , 3, 0, 0, 0, , 0, 0, 0, 0, 0, 
74, 0, -1, -1, -1, 290, 89, 154.0, 8, , 13, 0, 0, 0, , 0, 0, 0, 0, 0, 
75, 0, -1, -1, -1, 165, 66, 158.0, 7, , 9, 0, 0, 0, , 0, 0, 0, 0, 0, 
76, 0, -1, -1, -1, 237, 55, 158.0, 8, , 2, 0, 0, 0, , 0, 0, 0, 0, 0, 
77, 0, -1, -1, -1, 92, 103, 159.0, 8, , 4, 0, 0, 0, , 0, 0, 0, 0, 0, 
78, 0, -1, -1, -1, 167, 60, 164.0, 8, , 8, 0, 0, 0, , 0, 0, 0, 0, 0, 
79, 0, -1, -1, -1, 131, 87, 166.0, 8, , 6, 0, 0, 0, , 0, 0, 0, 0, 0, 
80, 0, -1, -1, -1, 169, 69, 170.0, 7, , 5, 0, 0, 0, , 0, 0, 0, 0, 0, 
81, 0, -1, -1, -1, 99, 98, 173.0, 8, , 8, 0, 0, 0, , 0, 0, 0, 0, 0, 
82, 0, -1, -1, -1, 81, 93, 174.0, 9, , 20, 0, 0, 0, , 0, 0, 0, 0, 0, 
83, 0, -1, -1, -1, 169, 58, 175.0, 8, , 7, 0, 0, 0, , 0, 0, 0, 0, 0, 
84, 0, -1, -1, -1, 133, 81, 176.0, 7, , 8, 0, 0, 0, , 0, 0, 0, 0, 0, 
85, 0, -1, -1, -1, 123, 85, 180.0, 7, , 12, 0, 0, 0, , 0, 0, 0, 0, 0, 
86, 0, -1, -1, -1, 128, 84, 188.0, 7, , 19, 0, 0, 0, , 0, 0, 0, 0, 0, 
87, 0, -1, -1, -1, 42, 109, 91.0, 8, , 7, 0, 0, 0, , 0, 0, 0, 0, 0, 
88, 0, 74, -1, -1, 253, 90, 179.0, 25, , 0, 0, 0, 0, , 0, 0, 0, 0, 0, 
89, 1, 75, 80, -1, 129, 169, 108.0, 25, ABalpp, 0, 0, 0, 0, , 0, 0, 0, 0, 0, 
90, 1, 76, 81, -1, 309, 129, 112.0, 24, D, 0, 0, 0, 0, , 0, 0, 0, 0, 0, 
91, 1, 77, 82, -1, 259, 139, 129.5, 27, Ep, 0, 0, 0, 0, , 0, 0, 0, 0, 0, 
92, 1, 78, 83, -1, 174, 60, 157.0, 23, ABpraa, 0, 0, 0, 0, , 0, 0, 0, 0, 0, 
93, 1, 79, 84, -1, 129, 76, 175.0, 27, ABarap, 0, 0, 0, 0, , 0, 0, 0, 0, 0, 
94, 1, 80, 85, -1, 87, 94, 168.0, 29, ABaraa, 0, 0, 0, 0, , 0, 0, 0, 0, 0, 
95, 1, 81, 86, -1, 74, 152, 126.0, 29, ABalpa, 0, 0, 0, 0, , 0, 0, 0, 0, 0, 
96, 1, 82, 87, -1, 51, 112, 133.0, 27, ABalaa, 0, 0, 0, 0, , 0, 0, 0, 0, 0, 
97, 1, 83, 88, -1, 85, 97, 93.0, 29, ABalap, 0, 0, 0, 0, , 0, 0, 0, 0, 0, 
98, 1, 84, 89, -1, 226, 50, 137.33333, 22, ABprap, 0, 0, 0, 0, , 0, 0, 0, 0, 0, 
99, 1, 85, 90, -1, 206, 130, 150.0, 27, Ea, 0, 0, 0, 0, , 0, 0, 0, 0, 0, 
100, 1, 73, 91, -1, 108, 138, 174.0, 25, MSaa, 0, 0, 0, 0, , 0, 0, 0, 0, 0, 
101, 1, 86, 92, -1, 226, 115, 188.0, 22, MSpp, 0, 0, 0, 0, , 0, 0, 0, 0, 0, 
102, 1, 87, 93, -1, 199, 104, 100.0, 17, Caa, 0, 0, 0, 0, , 0, 0, 0, 0, 0, 
103, 1, 88, 94, -1, 225, 166, 89.5, 21, ABplpp, 0, 0, 0, 0, , 0, 0, 0, 0, 0, 
104, 1, 89, 95, -1, 171, 166, 101.333336, 23, ABplpa, 0, 0, 0, 0, , 0, 0, 0, 0, 0, 
105, 1, 90, 96, -1, 254, 90, 183.0, 25, ABprpa, 0, 0, 0, 0, , 0, 0, 0, 0, 0, 
106, 1, 91, 97, -1, 301, 96, 154.0, 20, ABprpp, 0, 0, 0, 0, , 0, 0, 0, 0, 0, 
107, 1, 92, 98, -1, 160, 157, 160.0, 22, MSap, 0, 0, 0, 0, , 0, 0, 0, 0, 0, 
108, 1, 93, 99, -1, 159, 120, 182.71428, 23, MSpa, 0, 0, 0, 0, , 0, 0, 0, 0, 0, 
109, 1, 72, 100, -1, 235, 124, 88.0, 17, Cap, 0, 0, 0, 0, , 0, 0, 0, 0, 0, 
110, 1, 95, 102, -1, 278, 99, 112.0, 17, Cpp, 0, 0, 0, 0, , 0, 0, 0, 0, 0, 
111, 1, 94, 101, -1, 247, 73, 107.0, 17, Cpa, 0, 0, 0, 0, , 0, 0, 0, 0, 0, 
112, 1, 96, 103, -1, 288, 165, 131.0, 20, P4, 0, 0, 0, 0, , 0, 0, 0, 0, 0, 
113, 1, 97, 104, -1, 124, 63, 108.0, 21, ABarpa, 0, 0, 0, 0, , 0, 0, 0, 0, 0, 
114, 1, 98, 105, -1, 184, 56, 99.0, 21, ABarpp, 0, 0, 0, 0, , 0, 0, 0, 0, 0, 
115, 1, 99, 106, -1, 117, 125, 68.0, 19, ABplaa, 0, 0, 0, 0, , 0, 0, 0, 0, 0, 
116, 1, 100, 107, -1, 169, 117, 61.0, 19, ABplap, 0, 0, 0, 0, , 0, 0, 0, 0, 0, 
