1, 0, 1, -1, -1, 48, 116, 77.0, 9, , 308, 0, 0, 0, , 0, 0, 0, 0, 0, 
2, 0, 2, -1, -1, 52, 113, 91.0, 8, , 6, 0, 0, 0, , 0, 0, 0, 0, 0, 
3, 0, 3, -1, -1, 139, 69, 174.0, 8, , 36, 0, 0, 0, , 0, 0, 0, 0, 0, 
4, 0, 5, -1, -1, 183, 63, 136.0, 8, , 31, 0, 0, 0, , 0, 0, 0, 0, 0, 
5, 0, 6, -1, -1, 138, 75, 165.0, 8, , 14, 0, 0, 0, , 0, 0, 0, 0, 0, 
6, 0, 7, -1, -1, 183, 74, 130.0, 8, , 4, 0, 0, 0, , 0, 0, 0, 0, 0, 
7, 0, 8, -1, -1, 182, 53, 160.0, 8, , 2, 0, 0, 0, , 0, 0, 0, 0, 0, 
8, 0, 9, -1, -1, 173, 55, 171.0, 8, , 8, 0, 0, 0, , 0, 0, 0, 0, 0, 
9, 0, 10, -1, -1, 142, 73, 179.0, 8, , 26, 0, 0, 0, , 0, 0, 0, 0, 0, 
10, 0, 11, -1, -1, 257, 81, 167.0, 8, , 3, 0, 0, 0, , 0, 0, 0, 0, 0, 
11, 0, 12, -1, -1, 227, 52, 133.0, 8, , 2, 0, 0, 0, , 0, 0, 0, 0, 0, 
12, 0, 13, -1, -1, 77, 96, 158.0, 8, , 3, 0, 0, 0, , 0, 0, 0, 0, 0, 
13, 0, 14, -1, -1, 90, 91, 157.0, 8, , 112, 0, 0, 0, , 0, 0, 0, 0, 0, 
14, 0, 15, -1, -1, 86, 87, 152.0, 7, , 13, 0, 0, 0, , 0, 0, 0, 0, 0, 
15, 0, 16, -1, -1, 171, 48, 162.0, 8, , 35, 0, 0, 0, , 0, 0, 0, 0, 0, 
16, 0, 17, -1, -1, 129, 80, 176.0, 8, , 4, 0, 0, 0, , 0, 0, 0, 0, 0, 
17, 0, 18, -1, -1, 249, 93, 192.0, 9, , 9, 0, 0, 0, , 0, 0, 0, 0, 0, 
18, 0, 19, -1, -1, 78, 85, 158.0, 8, , 76, 0, 0, 0, , 0, 0, 0, 0, 0, 
19, 0, 20, -1, -1, 260, 80, 177.0, 8, , 2, 0, 0, 0, , 0, 0, 0, 0, 0, 
20, 0, 23, -1, -1, 276, 166, 133.0, 7, , 6, 0, 0, 0, , 0, 0, 0, 0, 0, 
21, 0, 24, -1, -1, 237, 51, 143.0, 8, , 17, 0, 0, 0, , 0, 0, 0, 0, 0, 
22, 0, 25, -1, -1, 82, 92, 169.0, 8, , 17, 0, 0, 0, , 0, 0, 0, 0, 0, 
23, 0, 27, -1, -1, 95, 88, 169.0, 8, , 11, 0, 0, 0, , 0, 0, 0, 0, 0, 
24, 0, 28, -1, -1, 181, 53, 164.0, 8, , 12, 0, 0, 0, , 0, 0, 0, 0, 0, 
25, 0, 29, -1, -1, 174, 72, 176.0, 7, , 14, 0, 0, 0, , 0, 0, 0, 0, 0, 
26, 0, 30, -1, -1, 246, 94, 182.0, 7, , 8, 0, 0, 0, , 0, 0, 0, 0, 0, 
27, 0, 33, -1, -1, 77, 146, 112.0, 7, , 6, 0, 0, 0, , 0, 0, 0, 0, 0, 
28, 0, 34, -1, -1, 83, 93, 149.0, 8, , 21, 0, 0, 0, , 0, 0, 0, 0, 0, 
29, 0, 35, -1, -1, 165, 68, 154.0, 7, , 16, 0, 0, 0, , 0, 0, 0, 0, 0, 
30, 0, 36, -1, -1, 135, 73, 174.0, 8, , 11, 0, 0, 0, , 0, 0, 0, 0, 0, 
31, 0, 37, -1, -1, 140, 73, 184.0, 8, , 2, 0, 0, 0, , 0, 0, 0, 0, 0, 
32, 0, 38, -1, -1, 142, 80, 184.0, 8, , 3, 0, 0, 0, , 0, 0, 0, 0, 0, 
33, 0, 39, -1, -1, 227, 58, 135.0, 8, , 14, 0, 0, 0, , 0, 0, 0, 0, 0, 
34, 0, 41, -1, -1, 184, 66, 128.0, 7, , 56, 0, 0, 0, , 0, 0, 0, 0, 0, 
35, 0, 42, -1, -1, 83, 100, 152.0, 9, , 44, 0, 0, 0, , 0, 0, 0, 0, 0, 
36, 0, 43, -1, -1, 130, 127, 67.0, 7, , 6, 0, 0, 0, , 0, 0, 0, 0, 0, 
37, 0, 45, -1, -1, 85, 148, 130.0, 7, , 6, 0, 0, 0, , 0, 0, 0, 0, 0, 
38, 0, 46, -1, -1, 289, 159, 139.0, 7, , 8, 0, 0, 0, , 0, 0, 0, 0, 0, 
39, 0, 47, -1, -1, 174, 59, 155.0, 11, , 47, 0, 0, 0, , 0, 0, 0, 0, 0, 
40, 0, 49, -1, -1, 140, 89, 172.0, 8, , 6, 0, 0, 0, , 0, 0, 0, 0, 0, 
41, 0, 50, -1, -1, 169, 56, 170.0, 7, , 23, 0, 0, 0, , 0, 0, 0, 0, 0, 
42, 0, 51, -1, -1, 179, 54, 169.0, 8, , 8, 0, 0, 0, , 0, 0, 0, 0, 0, 
43, 0, 52, -1, -1, 240, 91, 174.0, 8, , 4, 0, 0, 0, , 0, 0, 0, 0, 0, 
44, 0, 53, -1, -1, 47, 112, 86.0, 7, , 93, 0, 0, 0, , 0, 0, 0, 0, 0, 
45, 0, 54, -1, -1, 243, 93, 189.0, 7, , 15, 0, 0, 0, , 0, 0, 0, 0, 0, 
46, 0, 58, -1, -1, 276, 166, 129.0, 7, , 4, 0, 0, 0, , 0, 0, 0, 0, 0, 
47, 0, 59, -1, -1, 296, 84, 148.0, 8, , 3, 0, 0, 0, , 0, 0, 0, 0, 0, 
48, 0, 61, -1, -1, 238, 59, 151.0, 8, , 11, 0, 0, 0, , 0, 0, 0, 0, 0, 
49, 0, 64, -1, -1, 90, 80, 161.0, 8, , 19, 0, 0, 0, , 0, 0, 0, 0, 0, 
50, 0, 66, -1, -1, 286, 94, 152.0, 9, , 23, 0, 0, 0, , 0, 0, 0, 0, 0, 
51, 0, 67, -1, -1, 87, 92, 166.0, 8, , 24, 0, 0, 0, , 0, 0, 0, 0, 0, 
52, 0, 68, -1, -1, 138, 90, 176.0, 8, , 5, 0, 0, 0, , 0, 0, 0, 0, 0, 
53, 0, 69, -1, -1, 100, 105, 97.0, 8, , 2, 0, 0, 0, , 0, 0, 0, 0, 0, 
54, 0, 72, -1, -1, 235, 60, 137.0, 8, , 3, 0, 0, 0, , 0, 0, 0, 0, 0, 
55, 0, 73, -1, -1, 233, 49, 153.0, 8, , 22, 0, 0, 0, , 0, 0, 0, 0, 0, 
56, 0, 74, -1, -1, 287, 86, 154.0, 8, , 28, 0, 0, 0, , 0, 0, 0, 0, 0, 
57, 0, 75, -1, -1, 162, 69, 158.0, 9, , 17, 0, 0, 0, , 0, 0, 0, 0, 0, 
58, 0, 76, -1, -1, 226, 57, 159.0, 8, , 2, 0, 0, 0, , 0, 0, 0, 0, 0, 
59, 0, 77, -1, -1, 88, 103, 158.0, 8, , 18, 0, 0, 0, , 0, 0, 0, 0, 0, 
60, 0, 78, -1, -1, 163, 54, 164.0, 8, , 45, 0, 0, 0, , 0, 0, 0, 0, 0, 
61, 0, 79, -1, -1, 138, 83, 165.0, 8, , 14, 0, 0, 0, , 0, 0, 0, 0, 0, 
62, 0, 80, -1, -1, 167, 73, 172.0, 7, , 12, 0, 0, 0, , 0, 0, 0, 0, 0, 
63, 0, 82, -1, -1, 81, 94, 174.0, 8, , 21, 0, 0, 0, , 0, 0, 0, 0, 0, 
64, 0, 83, -1, -1, 166, 57, 174.0, 8, , 3, 0, 0, 0, , 0, 0, 0, 0, 0, 
65, 0, 84, -1, -1, 134, 79, 177.0, 8, , 7, 0, 0, 0, , 0, 0, 0, 0, 0, 
66, 0, 85, -1, -1, 123, 85, 178.0, 8, , 10, 0, 0, 0, , 0, 0, 0, 0, 0, 
67, 0, 86, -1, -1, 127, 81, 190.0, 9, , 13, 0, 0, 0, , 0, 0, 0, 0, 0, 
68, 0, 87, -1, -1, 45, 109, 90.0, 9, , 25, 0, 0, 0, , 0, 0, 0, 0, 0, 
69, 0, -1, -1, -1, 116, 137, 60.0, 8, , 4, 0, 0, 0, , 0, 0, 0, 0, 0, 
70, 0, -1, -1, -1, 129, 129, 73.0, 8, , 8, 0, 0, 0, , 0, 0, 0, 0, 0, 
71, 0, -1, -1, -1, 184, 67, 131.0, 7, , 54, 0, 0, 0, , 0, 0, 0, 0, 0, 
72, 0, -1, -1, -1, 221, 52, 136.0, 7, , 24, 0, 0, 0, , 0, 0, 0, 0, 0, 
73, 0, -1, -1, -1, 231, 69, 143.0, 8, , 9, 0, 0, 0, , 0, 0, 0, 0, 0, 
74, 0, -1, -1, -1, 160, 72, 165.0, 8, , 6, 0, 0, 0, , 0, 0, 0, 0, 0, 
75, 0, -1, -1, -1, 144, 81, 176.0, 8, , 17, 0, 0, 0, , 0, 0, 0, 0, 0, 
76, 0, -1, -1, -1, 238, 91, 178.0, 8, , 6, 0, 0, 0, , 0, 0, 0, 0, 0, 
77, 0, -1, -1, -1, 47, 114, 80.0, 9, , 408, 0, 0, 0, , 0, 0, 0, 0, 0, 
78, 0, -1, -1, -1, 240, 89, 180.0, 7, , 10, 0, 0, 0, , 0, 0, 0, 0, 0, 
79, 0, 88, -1, -1, 250, 90, 179.0, 25, , 0, 0, 0, 0, , 0, 0, 0, 0, 0, 
80, 1, 89, 120, -1, 132, 169, 109.0, 25, ABalpp, 0, 0, 0, 0, , 0, 0, 0, 0, 0, 
81, 1, 90, 121, -1, 313, 132, 115.0, 24, D, 0, 0, 0, 0, , 0, 0, 0, 0, 0, 
82, 1, 91, 122, -1, 258, 139, 129.75, 29, Ep, 0, 0, 0, 0, , 0, 0, 0, 0, 0, 
83, 1, 92, 123, -1, 173, 63, 157.0, 26, ABpraa, 0, 0, 0, 0, , 0, 0, 0, 0, 0, 
84, 1, 93, 124, -1, 131, 78, 175.0, 27, ABarap, 0, 0, 0, 0, , 0, 0, 0, 0, 0, 
85, 1, 94, 125, -1, 87, 93, 165.5, 29, ABaraa, 0, 0, 0, 0, , 0, 0, 0, 0, 0, 
86, 1, 95, 126, -1, 74, 151, 127.0, 29, ABalpa, 0, 0, 0, 0, , 0, 0, 0, 0, 0, 
87, 1, 96, 127, -1, 52, 110, 133.0, 27, ABalaa, 0, 0, 0, 0, , 0, 0, 0, 0, 0, 
88, 1, 97, 128, -1, 90, 98, 95.0, 27, ABalap, 0, 0, 0, 0, , 0, 0, 0, 0, 0, 
89, 1, 98, 129, -1, 228, 57, 138.0, 23, ABprap, 0, 0, 0, 0, , 0, 0, 0, 0, 0, 
90, 1, 99, 130, -1, 207, 127, 143.0, 25, Ea, 0, 0, 0, 0, , 0, 0, 0, 0, 0, 
91, 1, 100, 131, -1, 109, 137, 174.0, 23, MSaa, 0, 0, 0, 0, , 0, 0, 0, 0, 0, 
92, 1, 101, 132, -1, 226, 116, 188.0, 22, MSpp, 0, 0, 0, 0, , 0, 0, 0, 0, 0, 
93, 1, 102, 133, -1, 200, 102, 103.0, 17, Caa, 0, 0, 0, 0, , 0, 0, 0, 0, 0, 
94, 1, 103, 134, -1, 223, 164, 90.0, 21, ABplpp, 0, 0, 0, 0, , 0, 0, 0, 0, 0, 
95, 1, 104, 135, -1, 173, 165, 100.0, 23, ABplpa, 0, 0, 0, 0, , 0, 0, 0, 0, 0, 
96, 1, 105, 136, -1, 252, 89, 182.66667, 24, ABprpa, 0, 0, 0, 0, , 0, 0, 0, 0, 0, 
97, 1, 106, 137, -1, 298, 93, 155.0, 20, ABprpp, 0, 0, 0, 0, , 0, 0, 0, 0, 0, 
98, 1, 107, 138, -1, 159, 154, 160.0, 23, MSap, 0, 0, 0, 0, , 0, 0, 0, 0, 0, 
99, 1, 108, 139, -1, 161, 122, 183.28572, 24, MSpa, 0, 0, 0, 0, , 0, 0, 0, 0, 0, 
100, 1, 109, 140, -1, 242, 120, 85.0, 17, Cap, 0, 0, 0, 0, , 0, 0, 0, 0, 0, 
101, 1, 111, 141, -1, 250, 73, 104.0, 17, Cpa, 0, 0, 0, 0, , 0, 0, 0, 0, 0, 
102, 1, 110, 142, -1, 284, 98, 110.0, 17, Cpp, 0, 0, 0, 0, , 0, 0, 0, 0, 0, 
103, 1, 112, 143, -1, 287, 164, 131.0, 20, P4, 0, 0, 0, 0, , 0, 0, 0, 0, 0, 
104, 1, 113, 144, -1, 125, 63, 108.4, 21, ABarpa, 0, 0, 0, 0, , 0, 0, 0, 0, 0, 
105, 1, 114, 145, -1, 183, 55, 100.0, 21, ABarpp, 0, 0, 0, 0, , 0, 0, 0, 0, 0, 
106, 1, 115, 146, -1, 117, 124, 70.0, 19, ABplaa, 0, 0, 0, 0, , 0, 0, 0, 0, 0, 
107, 1, 116, 147, -1, 168, 118, 61.0, 19, ABplap, 0, 0, 0, 0, , 0, 0, 0, 0, 0, 
