1, 0, 1, -1, -1, 48, 116, 76.0, 9, , 211, 0, 0, 0, , 0, 0, 0, 0, 0, 
2, 0, 2, -1, -1, 47, 108, 90.0, 7, , 11, 0, 0, 0, , 0, 0, 0, 0, 0, 
3, 0, 3, -1, -1, 134, 68, 173.0, 8, , 58, 0, 0, 0, , 0, 0, 0, 0, 0, 
4, 0, 4, -1, -1, 191, 66, 133.0, 8, , 8, 0, 0, 0, , 0, 0, 0, 0, 0, 
5, 0, 5, -1, -1, 136, 69, 166.0, 8, , 28, 0, 0, 0, , 0, 0, 0, 0, 0, 
6, 0, 9, -1, -1, 251, 82, 170.0, 8, , 20, 0, 0, 0, , 0, 0, 0, 0, 0, 
7, 0, 10, -1, -1, 232, 59, 131.0, 8, , 25, 0, 0, 0, , 0, 0, 0, 0, 0, 
8, 0, 11, -1, -1, 88, 101, 155.0, 11, , 82, 0, 0, 0, , 0, 0, 0, 0, 0, 
9, 0, 12, -1, -1, 98, 88, 160.0, 8, , 75, 0, 0, 0, , 0, 0, 0, 0, 0, 
10, 0, 13, -1, -1, 93, 94, 156.0, 8, , 155, 0, 0, 0, , 0, 0, 0, 0, 0, 
11, 0, 15, -1, -1, 253, 79, 180.0, 7, , 14, 0, 0, 0, , 0, 0, 0, 0, 0, 
12, 0, 16, -1, -1, 272, 169, 134.0, 7, , 6, 0, 0, 0, , 0, 0, 0, 0, 0, 
13, 0, 17, -1, -1, 224, 65, 140.0, 8, , 12, 0, 0, 0, , 0, 0, 0, 0, 0, 
14, 0, 18, -1, -1, 93, 89, 167.0, 8, , 60, 0, 0, 0, , 0, 0, 0, 0, 0, 
15, 0, 19, -1, -1, 175, 65, 170.0, 8, , 23, 0, 0, 0, , 0, 0, 0, 0, 0, 
16, 0, 20, -1, -1, 172, 71, 175.0, 8, , 12, 0, 0, 0, , 0, 0, 0, 0, 0, 
17, 0, 21, -1, -1, 248, 80, 183.0, 8, , 41, 0, 0, 0, , 0, 0, 0, 0, 0, 
18, 0, 22, -1, -1, 79, 146, 113.0, 8, , 37, 0, 0, 0, , 0, 0, 0, 0, 0, 
19, 0, 23, -1, -1, 89, 102, 149.0, 7, , 29, 0, 0, 0, , 0, 0, 0, 0, 0, 
20, 0, 24, -1, -1, 170, 72, 155.0, 8, , 26, 0, 0, 0, , 0, 0, 0, 0, 0, 
21, 0, 25, -1, -1, 128, 74, 173.0, 8, , 22, 0, 0, 0, , 0, 0, 0, 0, 0, 
22, 0, 27, -1, -1, 228, 65, 133.0, 8, , 38, 0, 0, 0, , 0, 0, 0, 0, 0, 
23, 0, 28, -1, -1, 195, 71, 127.0, 8, , 114, 0, 0, 0, , 0, 0, 0, 0, 0, 
24, 0, 29, -1, -1, 88, 101, 152.0, 7, , 21, 0, 0, 0, , 0, 0, 0, 0, 0, 
25, 0, 31, -1, -1, 68, 139, 129.0, 9, , 17, 0, 0, 0, , 0, 0, 0, 0, 0, 
26, 0, -1, -1, -1, 237, 86, 174.0, 7, , 50, 0, 0, 0, , 0, 0, 0, 0, 0, 
27, 0, 35, -1, -1, 48, 111, 87.0, 7, , 41, 0, 0, 0, , 0, 0, 0, 0, 0, 
28, 0, 36, -1, -1, 239, 82, 187.0, 9, , 42, 0, 0, 0, , 0, 0, 0, 0, 0, 
29, 0, 37, -1, -1, 278, 169, 132.0, 9, , 8, 0, 0, 0, , 0, 0, 0, 0, 0, 
30, 0, 40, -1, -1, 281, 94, 150.0, 8, , 17, 0, 0, 0, , 0, 0, 0, 0, 0, 
31, 0, 41, -1, -1, 86, 93, 167.0, 7, , 10, 0, 0, 0, , 0, 0, 0, 0, 0, 
32, 0, 42, -1, -1, 87, 86, 98.0, 9, , 26, 0, 0, 0, , 0, 0, 0, 0, 0, 
33, 0, 43, -1, -1, 229, 57, 140.0, 8, , 13, 0, 0, 0, , 0, 0, 0, 0, 0, 
34, 0, 45, -1, -1, 283, 95, 157.0, 7, , 22, 0, 0, 0, , 0, 0, 0, 0, 0, 
35, 0, 46, -1, -1, 170, 70, 161.0, 8, , 22, 0, 0, 0, , 0, 0, 0, 0, 0, 
36, 0, 49, -1, -1, 128, 77, 163.0, 7, , 23, 0, 0, 0, , 0, 0, 0, 0, 0, 
37, 0, 50, -1, -1, 172, 68, 167.0, 8, , 28, 0, 0, 0, , 0, 0, 0, 0, 0, 
38, 0, 53, -1, -1, 125, 74, 180.0, 8, , 21, 0, 0, 0, , 0, 0, 0, 0, 0, 
39, 0, 56, -1, -1, 110, 122, 72.0, 8, , 20, 0, 0, 0, , 0, 0, 0, 0, 0, 
40, 0, 57, -1, -1, 168, 70, 164.0, 8, , 64, 0, 0, 0, , 0, 0, 0, 0, 0, 
41, 0, 59, -1, -1, 255, 78, 175.0, 8, , 29, 0, 0, 0, , 0, 0, 0, 0, 0, 
42, 0, 60, -1, -1, 47, 114, 82.0, 11, , 669, 0, 0, 0, , 0, 0, 0, 0, 0, 
43, 0, 61, -1, -1, 245, 84, 178.0, 8, , 24, 0, 0, 0, , 0, 0, 0, 0, 0, 
44, 0, 62, -1, -1, 116, 118, 71.0, 9, , 47, 0, 0, 0, , 0, 0, 0, 0, 0, 
45, 0, 63, -1, -1, 56, 105, 129.0, 7, , 17, 0, 0, 0, , 0, 0, 0, 0, 0, 
46, 0, 64, -1, -1, 177, 64, 157.0, 9, , 54, 0, 0, 0, , 0, 0, 0, 0, 0, 
47, 0, 65, -1, -1, 247, 84, 165.0, 8, , 28, 0, 0, 0, , 0, 0, 0, 0, 0, 
48, 0, 66, -1, -1, 290, 91, 152.0, 8, , 32, 0, 0, 0, , 0, 0, 0, 0, 0, 
49, 0, 67, -1, -1, 116, 119, 66.0, 8, , 47, 0, 0, 0, , 0, 0, 0, 0, 0, 
50, 0, 68, -1, -1, 113, 125, 64.0, 7, , 9, 0, 0, 0, , 0, 0, 0, 0, 0, 
51, 0, 69, -1, -1, 111, 125, 69.0, 7, , 33, 0, 0, 0, , 0, 0, 0, 0, 0, 
52, 0, 70, -1, -1, 95, 88, 89.0, 8, , 17, 0, 0, 0, , 0, 0, 0, 0, 0, 
53, 0, 71, -1, -1, 180, 151, 93.0, 8, , 14, 0, 0, 0, , 0, 0, 0, 0, 0, 
54, 0, 72, -1, -1, 132, 170, 101.0, 9, , 9, 0, 0, 0, , 0, 0, 0, 0, 0, 
55, 0, 73, -1, -1, 82, 97, 99.0, 7, , 12, 0, 0, 0, , 0, 0, 0, 0, 0, 
56, 0, 74, -1, -1, 174, 154, 99.0, 8, , 29, 0, 0, 0, , 0, 0, 0, 0, 0, 
57, 0, 75, -1, -1, 83, 79, 105.0, 8, , 6, 0, 0, 0, , 0, 0, 0, 0, 0, 
58, 0, 76, -1, -1, 78, 93, 107.0, 8, , 14, 0, 0, 0, , 0, 0, 0, 0, 0, 
59, 0, 77, -1, -1, 75, 154, 114.0, 7, , 22, 0, 0, 0, , 0, 0, 0, 0, 0, 
60, 0, 78, -1, -1, 78, 134, 114.0, 7, , 10, 0, 0, 0, , 0, 0, 0, 0, 0, 
61, 0, 80, -1, -1, 77, 134, 117.0, 8, , 20, 0, 0, 0, , 0, 0, 0, 0, 0, 
62, 0, 81, -1, -1, 77, 135, 120.0, 8, , 20, 0, 0, 0, , 0, 0, 0, 0, 0, 
63, 0, 84, -1, -1, 278, 171, 136.0, 7, , 7, 0, 0, 0, , 0, 0, 0, 0, 0, 
64, 0, 85, -1, -1, 231, 54, 137.0, 8, , 72, 0, 0, 0, , 0, 0, 0, 0, 0, 
65, 0, 86, -1, -1, 232, 49, 146.0, 8, , 42, 0, 0, 0, , 0, 0, 0, 0, 0, 
66, 0, 87, -1, -1, 226, 60, 148.0, 8, , 61, 0, 0, 0, , 0, 0, 0, 0, 0, 
67, 0, 89, -1, -1, 288, 91, 145.0, 7, , 14, 0, 0, 0, , 0, 0, 0, 0, 0, 
68, 0, 91, -1, -1, 299, 87, 162.0, 8, , 14, 0, 0, 0, , 0, 0, 0, 0, 0, 
69, 0, 92, -1, -1, 83, 98, 162.0, 9, , 35, 0, 0, 0, , 0, 0, 0, 0, 0, 
70, 0, 93, -1, -1, 291, 90, 162.0, 8, , 114, 0, 0, 0, , 0, 0, 0, 0, 0, 
71, 0, 94, -1, -1, 140, 71, 161.0, 8, , 62, 0, 0, 0, , 0, 0, 0, 0, 0, 
72, 0, 95, -1, -1, 298, 88, 165.0, 8, , 13, 0, 0, 0, , 0, 0, 0, 0, 0, 
73, 0, 97, -1, -1, 245, 84, 167.0, 7, , 31, 0, 0, 0, , 0, 0, 0, 0, 0, 
74, 0, 100, -1, -1, 137, 69, 167.0, 8, , 5, 0, 0, 0, , 0, 0, 0, 0, 0, 
75, 0, 104, -1, -1, 157, 105, 69.0, 7, , 3, 0, 0, 0, , 0, 0, 0, 0, 0, 
76, 0, 105, -1, -1, 41, 113, 131.0, 8, , 6, 0, 0, 0, , 0, 0, 0, 0, 0, 
77, 0, 106, -1, -1, 230, 66, 129.0, 8, , 10, 0, 0, 0, , 0, 0, 0, 0, 0, 
78, 0, 107, -1, -1, 282, 94, 154.0, 7, , 15, 0, 0, 0, , 0, 0, 0, 0, 0, 
79, 0, 111, -1, -1, 116, 112, 81.0, 7, , 22, 0, 0, 0, , 0, 0, 0, 0, 0, 
80, 0, 112, -1, -1, 89, 94, 89.0, 9, , 39, 0, 0, 0, , 0, 0, 0, 0, 0, 
81, 0, 113, -1, -1, 169, 164, 92.0, 8, , 11, 0, 0, 0, , 0, 0, 0, 0, 0, 
82, 0, 114, -1, -1, 181, 149, 89.0, 9, , 13, 0, 0, 0, , 0, 0, 0, 0, 0, 
83, 0, 115, -1, -1, 85, 96, 93.0, 8, , 54, 0, 0, 0, , 0, 0, 0, 0, 0, 
84, 0, 116, -1, -1, 84, 79, 102.0, 8, , 19, 0, 0, 0, , 0, 0, 0, 0, 0, 
85, 0, 117, -1, -1, 117, 167, 108.0, 7, , 8, 0, 0, 0, , 0, 0, 0, 0, 0, 
86, 0, 118, -1, -1, 70, 152, 120.0, 8, , 43, 0, 0, 0, , 0, 0, 0, 0, 0, 
87, 0, 120, -1, -1, 288, 161, 137.0, 7, , 5, 0, 0, 0, , 0, 0, 0, 0, 0, 
88, 0, 121, -1, -1, 181, 58, 159.0, 9, , 37, 0, 0, 0, , 0, 0, 0, 0, 0, 
89, 0, 124, -1, -1, 237, 85, 184.0, 9, , 61, 0, 0, 0, , 0, 0, 0, 0, 0, 
90, 0, 125, -1, -1, 50, 114, 72.0, 7, , 9, 0, 0, 0, , 0, 0, 0, 0, 0, 
91, 0, 126, -1, -1, 229, 55, 144.0, 8, , 10, 0, 0, 0, , 0, 0, 0, 0, 0, 
92, 0, -1, -1, -1, 227, 150, 89.0, 8, , 2, 0, 0, 0, , 0, 0, 0, 0, 0, 
93, 0, -1, -1, -1, 86, 93, 99.0, 8, , 20, 0, 0, 0, , 0, 0, 0, 0, 0, 
94, 0, -1, -1, -1, 82, 85, 104.0, 9, , 30, 0, 0, 0, , 0, 0, 0, 0, 0, 
95, 0, -1, -1, -1, 57, 111, 119.0, 8, , 4, 0, 0, 0, , 0, 0, 0, 0, 0, 
96, 0, -1, -1, -1, 68, 105, 124.0, 7, , 7, 0, 0, 0, , 0, 0, 0, 0, 0, 
97, 0, -1, -1, -1, 43, 112, 126.0, 8, , 4, 0, 0, 0, , 0, 0, 0, 0, 0, 
98, 0, -1, -1, -1, 289, 91, 148.0, 8, , 31, 0, 0, 0, , 0, 0, 0, 0, 0, 
99, 0, -1, -1, -1, 174, 69, 153.0, 8, , 14, 0, 0, 0, , 0, 0, 0, 0, 0, 
100, 0, -1, -1, -1, 134, 75, 163.0, 7, , 30, 0, 0, 0, , 0, 0, 0, 0, 0, 
101, 0, -1, -1, -1, 238, 86, 167.0, 8, , 14, 0, 0, 0, , 0, 0, 0, 0, 0, 
102, 0, -1, -1, -1, 132, 72, 168.0, 9, , 45, 0, 0, 0, , 0, 0, 0, 0, 0, 
103, 0, 128, -1, -1, 242, 85, 174.0, 21, , 0, 0, 0, 0, , 0, 0, 0, 0, 0, 
104, 1, 129, 90, 91, 122, 160, 111.0, 19, ABalpp, 0, 0, 0, 0, , 0, 0, 0, 0, 0, 
105, 1, 130, 92, -1, 314, 137, 124.0, 22, D, 0, 0, 0, 0, , 0, 0, 0, 0, 0, 
106, 1, 131, 93, -1, 262, 133, 130.5, 30, Ep, 0, 0, 0, 0, , 0, 0, 0, 0, 0, 
107, 1, 132, 94, 95, 173, 66, 159.0, 17, ABpraa, 0, 0, 0, 0, , 0, 0, 0, 0, 0, 
108, 1, 133, 96, 97, 132, 71, 172.0, 19, ABarap, 0, 0, 0, 0, , 0, 0, 0, 0, 0, 
109, 1, 134, 98, 99, 90, 94, 163.0, 23, ABaraa, 0, 0, 0, 0, , 0, 0, 0, 0, 0, 
110, 1, 135, 100, -1, 73, 147, 120.0, 19, ABalpa, 0, 0, 0, 0, , 0, 0, 0, 0, 0, 
111, 1, 136, 101, -1, 55, 108, 127.0, 21, ABalaa, 0, 0, 0, 0, , 0, 0, 0, 0, 0, 
112, 1, 137, 102, 103, 86, 89, 98.0, 17, ABalap, 0, 0, 0, 0, , 0, 0, 0, 0, 0, 
113, 1, 138, 104, 105, 229, 57, 138.0, 15, ABprap, 0, 0, 0, 0, , 0, 0, 0, 0, 0, 
114, 1, 139, 106, -1, 199, 124, 144.0, 25, Ea, 0, 0, 0, 0, , 0, 0, 0, 0, 0, 
115, 1, 140, 107, -1, 111, 137, 174.0, 23, MSaa, 0, 0, 0, 0, , 0, 0, 0, 0, 0, 
116, 1, 141, 108, -1, 221, 121, 193.0, 22, MSpp, 0, 0, 0, 0, , 0, 0, 0, 0, 0, 
117, 1, 142, 109, -1, 203, 98, 94.0, 17, Caa, 0, 0, 0, 0, , 0, 0, 0, 0, 0, 
118, 1, 143, 110, -1, 220, 154, 87.0, 21, ABplpp, 0, 0, 0, 0, , 0, 0, 0, 0, 0, 
119, 1, 144, 111, -1, 171, 158, 99.0, 21, ABplpa, 0, 0, 0, 0, , 0, 0, 0, 0, 0, 
120, 1, 145, 112, 113, 245, 84, 181.0, 21, ABprpa, 0, 0, 0, 0, , 0, 0, 0, 0, 0, 
121, 1, 146, 114, 115, 289, 90, 155.0, 18, ABprpp, 0, 0, 0, 0, , 0, 0, 0, 0, 0, 
122, 1, 147, 116, -1, 164, 160, 160.0, 21, MSap, 0, 0, 0, 0, , 0, 0, 0, 0, 0, 
123, 1, 148, 117, -1, 165, 126, 185.0, 21, MSpa, 0, 0, 0, 0, , 0, 0, 0, 0, 0, 
124, 1, 149, 118, -1, 260, 129, 91.0, 17, Cap, 0, 0, 0, 0, , 0, 0, 0, 0, 0, 
125, 1, 150, 119, -1, 255, 73, 94.0, 17, Cpa, 0, 0, 0, 0, , 0, 0, 0, 0, 0, 
126, 1, 151, 120, -1, 297, 105, 109.0, 17, Cpp, 0, 0, 0, 0, , 0, 0, 0, 0, 0, 
127, 1, 152, 121, -1, 283, 165, 135.0, 20, P4, 0, 0, 0, 0, , 0, 0, 0, 0, 0, 
128, 1, 153, 122, -1, 131, 63, 109.6, 21, ABarpa, 0, 0, 0, 0, , 0, 0, 0, 0, 0, 
129, 1, 154, 123, -1, 186, 64, 105.0, 21, ABarpp, 0, 0, 0, 0, , 0, 0, 0, 0, 0, 
130, 1, 155, 124, 125, 114, 119, 71.0, 19, ABplaa, 0, 0, 0, 0, , 0, 0, 0, 0, 0, 
131, 1, 156, 127, -1, 155, 110, 67.0, 19, ABplapa, 0, 0, 0, 0, , 0, 0, 0, 0, 0, 
132, 1, 156, 126, -1, 175, 122, 64.5, 19, ABplapp, 0, 0, 0, 0, , 0, 0, 0, 0, 0, 
