1, 0, 1, -1, -1, 47, 116, 76.0, 9, , 218, 0, 0, 0, , 0, 0, 0, 0, 0, 
2, 0, 2, -1, -1, 46, 109, 89.0, 7, , 30, 0, 0, 0, , 0, 0, 0, 0, 0, 
3, 0, 3, -1, -1, 125, 64, 172.0, 9, , 81, 0, 0, 0, , 0, 0, 0, 0, 0, 
4, 0, 4, -1, -1, 187, 73, 125.0, 8, , 9, 0, 0, 0, , 0, 0, 0, 0, 0, 
5, 0, 5, -1, -1, 133, 64, 166.0, 7, , 53, 0, 0, 0, , 0, 0, 0, 0, 0, 
6, 0, 6, -1, -1, 243, 78, 170.0, 9, , 23, 0, 0, 0, , 0, 0, 0, 0, 0, 
7, 0, 11, -1, -1, 250, 76, 179.0, 8, , 25, 0, 0, 0, , 0, 0, 0, 0, 0, 
8, 0, 12, -1, -1, 270, 170, 134.0, 8, , 5, 0, 0, 0, , 0, 0, 0, 0, 0, 
9, 0, 17, -1, -1, 240, 76, 182.0, 9, , 26, 0, 0, 0, , 0, 0, 0, 0, 0, 
10, 0, 18, -1, -1, 84, 150, 110.0, 8, , 16, 0, 0, 0, , 0, 0, 0, 0, 0, 
11, 0, 23, -1, -1, 192, 71, 129.0, 8, , 80, 0, 0, 0, , 0, 0, 0, 0, 0, 
12, 0, 25, -1, -1, 74, 141, 128.0, 8, , 51, 0, 0, 0, , 0, 0, 0, 0, 0, 
13, 0, 26, -1, -1, 247, 91, 175.0, 9, , 137, 0, 0, 0, , 0, 0, 0, 0, 0, 
14, 0, 27, -1, -1, 46, 113, 86.0, 9, , 109, 0, 0, 0, , 0, 0, 0, 0, 0, 
15, 0, 28, -1, -1, 240, 76, 186.0, 7, , 14, 0, 0, 0, , 0, 0, 0, 0, 0, 
16, 0, 29, -1, -1, 276, 173, 132.0, 8, , 11, 0, 0, 0, , 0, 0, 0, 0, 0, 
17, 0, 33, -1, -1, 223, 48, 140.0, 9, , 243, 0, 0, 0, , 0, 0, 0, 0, 0, 
18, 0, 41, -1, -1, 249, 76, 173.0, 7, , 17, 0, 0, 0, , 0, 0, 0, 0, 0, 
19, 0, 42, -1, -1, 46, 114, 81.0, 11, , 567, 0, 0, 0, , 0, 0, 0, 0, 0, 
20, 0, 43, -1, -1, 243, 78, 176.0, 8, , 32, 0, 0, 0, , 0, 0, 0, 0, 0, 
21, 0, 45, -1, -1, 59, 102, 127.0, 9, , 47, 0, 0, 0, , 0, 0, 0, 0, 0, 
22, 0, 48, -1, -1, 292, 87, 152.0, 8, , 10, 0, 0, 0, , 0, 0, 0, 0, 0, 
23, 0, 53, -1, -1, 219, 150, 89.0, 8, , 16, 0, 0, 0, , 0, 0, 0, 0, 0, 
24, 0, 54, -1, -1, 126, 166, 99.0, 8, , 9, 0, 0, 0, , 0, 0, 0, 0, 0, 
25, 0, 56, -1, -1, 167, 159, 99.0, 8, , 191, 0, 0, 0, , 0, 0, 0, 0, 0, 
26, 0, 59, -1, -1, 83, 150, 113.0, 8, , 49, 0, 0, 0, , 0, 0, 0, 0, 0, 
27, 0, 60, -1, -1, 86, 139, 113.0, 7, , 30, 0, 0, 0, , 0, 0, 0, 0, 0, 
28, 0, 62, -1, -1, 82, 139, 121.0, 9, , 50, 0, 0, 0, , 0, 0, 0, 0, 0, 
29, 0, 63, -1, -1, 278, 157, 139.0, 7, , 8, 0, 0, 0, , 0, 0, 0, 0, 0, 
30, 0, 70, -1, -1, 296, 87, 159.0, 9, , 126, 0, 0, 0, , 0, 0, 0, 0, 0, 
31, 0, 71, -1, -1, 129, 64, 161.0, 8, , 25, 0, 0, 0, , 0, 0, 0, 0, 0, 
32, 0, 72, -1, -1, 296, 89, 167.0, 7, , 17, 0, 0, 0, , 0, 0, 0, 0, 0, 
33, 0, 74, -1, -1, 127, 64, 166.0, 8, , 33, 0, 0, 0, , 0, 0, 0, 0, 0, 
34, 0, 76, -1, -1, 46, 111, 129.0, 9, , 71, 0, 0, 0, , 0, 0, 0, 0, 0, 
35, 0, 78, -1, -1, 288, 90, 155.0, 8, , 48, 0, 0, 0, , 0, 0, 0, 0, 0, 
36, 0, 81, -1, -1, 173, 161, 90.0, 9, , 25, 0, 0, 0, , 0, 0, 0, 0, 0, 
37, 0, 82, -1, -1, 178, 152, 88.0, 8, , 35, 0, 0, 0, , 0, 0, 0, 0, 0, 
38, 0, 84, -1, -1, 75, 80, 99.0, 8, , 22, 0, 0, 0, , 0, 0, 0, 0, 0, 
39, 0, 85, -1, -1, 115, 157, 108.0, 8, , 8, 0, 0, 0, , 0, 0, 0, 0, 0, 
40, 0, 86, -1, -1, 75, 154, 123.0, 8, , 11, 0, 0, 0, , 0, 0, 0, 0, 0, 
41, 0, 87, -1, -1, 284, 164, 136.0, 8, , 8, 0, 0, 0, , 0, 0, 0, 0, 0, 
42, 0, 89, -1, -1, 242, 88, 183.0, 7, , 20, 0, 0, 0, , 0, 0, 0, 0, 0, 
43, 0, 90, -1, -1, 49, 114, 72.0, 7, , 7, 0, 0, 0, , 0, 0, 0, 0, 0, 
44, 0, 91, -1, -1, 220, 52, 143.0, 8, , 14, 0, 0, 0, , 0, 0, 0, 0, 0, 
45, 0, 92, -1, -1, 220, 145, 86.0, 9, , 16, 0, 0, 0, , 0, 0, 0, 0, 0, 
46, 0, 93, -1, -1, 91, 100, 99.0, 9, , 36, 0, 0, 0, , 0, 0, 0, 0, 0, 
47, 0, 95, -1, -1, 51, 113, 120.0, 9, , 22, 0, 0, 0, , 0, 0, 0, 0, 0, 
48, 0, 96, -1, -1, 63, 101, 123.0, 9, , 38, 0, 0, 0, , 0, 0, 0, 0, 0, 
49, 0, 97, -1, -1, 52, 110, 125.0, 7, , 19, 0, 0, 0, , 0, 0, 0, 0, 0, 
50, 0, 100, -1, -1, 137, 62, 161.0, 8, , 8, 0, 0, 0, , 0, 0, 0, 0, 0, 
51, 0, -1, -1, -1, 175, 148, 99.0, 8, , 99, 0, 0, 0, , 0, 0, 0, 0, 0, 
52, 0, -1, -1, -1, 246, 62, 150.0, 11, , 58, 0, 0, 0, , 0, 0, 0, 0, 0, 
53, 0, -1, -1, -1, 304, 104, 157.0, 8, , 28, 0, 0, 0, , 0, 0, 0, 0, 0, 
54, 0, -1, -1, -1, 163, 53, 155.0, 8, , 168, 0, 0, 0, , 0, 0, 0, 0, 0, 
55, 0, -1, -1, -1, 190, 69, 169.0, 9, , 138, 0, 0, 0, , 0, 0, 0, 0, 0, 
56, 0, -1, -1, -1, 139, 84, 176.0, 9, , 318, 0, 0, 0, , 0, 0, 0, 0, 0, 
57, 0, -1, -1, -1, 255, 89, 180.0, 8, , 53, 0, 0, 0, , 0, 0, 0, 0, 0, 
58, 0, -1, -1, -1, 128, 158, 100.0, 8, , 41, 0, 0, 0, , 0, 0, 0, 0, 0, 
59, 0, -1, -1, -1, 78, 155, 119.0, 9, , 77, 0, 0, 0, , 0, 0, 0, 0, 0, 
60, 0, -1, -1, -1, 44, 112, 137.0, 8, , 30, 0, 0, 0, , 0, 0, 0, 0, 0, 
61, 0, -1, -1, -1, 248, 58, 144.0, 7, , 52, 0, 0, 0, , 0, 0, 0, 0, 0, 
62, 0, -1, -1, -1, 170, 49, 160.0, 9, , 95, 0, 0, 0, , 0, 0, 0, 0, 0, 
63, 0, -1, -1, -1, 98, 104, 172.0, 8, , 68, 0, 0, 0, , 0, 0, 0, 0, 0, 
64, 0, -1, -1, -1, 133, 62, 172.0, 8, , 31, 0, 0, 0, , 0, 0, 0, 0, 0, 
65, 0, -1, -1, -1, 134, 85, 181.0, 8, , 36, 0, 0, 0, , 0, 0, 0, 0, 0, 
66, 0, -1, -1, -1, 228, 155, 78.0, 8, , 6, 0, 0, 0, , 0, 0, 0, 0, 0, 
67, 0, -1, -1, -1, 228, 145, 81.0, 8, , 9, 0, 0, 0, , 0, 0, 0, 0, 0, 
68, 0, -1, -1, -1, 180, 55, 91.0, 8, , 2, 0, 0, 0, , 0, 0, 0, 0, 0, 
69, 0, -1, -1, -1, 69, 90, 99.0, 9, , 30, 0, 0, 0, , 0, 0, 0, 0, 0, 
70, 0, -1, -1, -1, 181, 73, 100.0, 8, , 6, 0, 0, 0, , 0, 0, 0, 0, 0, 
71, 0, -1, -1, -1, 176, 71, 113.0, 7, , 10, 0, 0, 0, , 0, 0, 0, 0, 0, 
72, 0, -1, -1, -1, 175, 58, 115.0, 8, , 6, 0, 0, 0, , 0, 0, 0, 0, 0, 
73, 0, -1, -1, -1, 133, 57, 118.0, 8, , 3, 0, 0, 0, , 0, 0, 0, 0, 0, 
74, 0, -1, -1, -1, 272, 161, 137.0, 8, , 5, 0, 0, 0, , 0, 0, 0, 0, 0, 
75, 0, -1, -1, -1, 84, 78, 147.0, 7, , 34, 0, 0, 0, , 0, 0, 0, 0, 0, 
76, 0, -1, -1, -1, 77, 80, 149.0, 8, , 16, 0, 0, 0, , 0, 0, 0, 0, 0, 
77, 0, -1, -1, -1, 84, 78, 150.0, 7, , 38, 0, 0, 0, , 0, 0, 0, 0, 0, 
78, 0, -1, -1, -1, 307, 102, 154.0, 8, , 7, 0, 0, 0, , 0, 0, 0, 0, 0, 
79, 0, -1, -1, -1, 169, 53, 156.0, 7, , 40, 0, 0, 0, , 0, 0, 0, 0, 0, 
80, 0, -1, -1, -1, 298, 108, 160.0, 7, , 29, 0, 0, 0, , 0, 0, 0, 0, 0, 
81, 0, -1, -1, -1, 183, 77, 175.0, 8, , 2, 0, 0, 0, , 0, 0, 0, 0, 0, 
82, 0, -1, -1, -1, 236, 79, 175.0, 7, , 16, 0, 0, 0, , 0, 0, 0, 0, 0, 
83, 0, -1, -1, -1, 187, 73, 178.0, 7, , 17, 0, 0, 0, , 0, 0, 0, 0, 0, 
84, 0, -1, -1, -1, 225, 45, 133.0, 8, , 4, 0, 0, 0, , 0, 0, 0, 0, 0, 
85, 0, -1, -1, -1, 79, 78, 157.0, 7, , 23, 0, 0, 0, , 0, 0, 0, 0, 0, 
86, 0, -1, -1, -1, 287, 91, 161.0, 8, , 5, 0, 0, 0, , 0, 0, 0, 0, 0, 
87, 0, -1, -1, -1, 169, 49, 164.0, 9, , 32, 0, 0, 0, , 0, 0, 0, 0, 0, 
88, 0, -1, -1, -1, 243, 77, 175.0, 17, , 0, 0, 0, 0, , 0, 0, 0, 0, 0, 
89, 0, -1, -1, -1, 250, 90, 174.5, 19, , 0, 0, 0, 0, , 0, 0, 0, 0, 0, 
90, 1, 104, 91, -1, 120, 159, 107.0, 19, ABalppa, 0, 0, 0, 0, , 0, 0, 0, 0, 0, 
91, 1, 104, 90, -1, 139, 161, 111.5, 19, ABalppp, 0, 0, 0, 0, , 0, 0, 0, 0, 0, 
92, 1, 105, 92, -1, 313, 140, 120.0, 24, D, 0, 0, 0, 0, , 0, 0, 0, 0, 0, 
93, 1, 106, 93, -1, 266, 130, 130.75, 28, Ep, 0, 0, 0, 0, , 0, 0, 0, 0, 0, 
94, 1, 107, 95, -1, 166, 52, 161.0, 15, ABpraaa, 0, 0, 0, 0, , 0, 0, 0, 0, 0, 
95, 1, 107, 94, -1, 190, 70, 165.5, 17, ABpraap, 0, 0, 0, 0, , 0, 0, 0, 0, 0, 
96, 1, 108, 98, -1, 128, 67, 172.0, 17, ABarapa, 0, 0, 0, 0, , 0, 0, 0, 0, 0, 
97, 1, 108, 96, -1, 138, 85, 173.5, 17, ABarapp, 0, 0, 0, 0, , 0, 0, 0, 0, 0, 
98, 1, 109, 99, -1, 82, 76, 157.0, 15, ABaraaa, 0, 0, 0, 0, , 0, 0, 0, 0, 0, 
99, 1, 109, 97, -1, 102, 101, 164.5, 20, ABaraap, 0, 0, 0, 0, , 0, 0, 0, 0, 0, 
100, 1, 110, 100, 101, 80, 147, 120.0, 19, ABalpa, 0, 0, 0, 0, , 0, 0, 0, 0, 0, 
101, 1, 111, 102, 103, 53, 107, 128.0, 19, ABalaa, 0, 0, 0, 0, , 0, 0, 0, 0, 0, 
102, 1, 112, 105, -1, 71, 85, 100.0, 17, ABalapa, 0, 0, 0, 0, , 0, 0, 0, 0, 0, 
103, 1, 112, 104, -1, 89, 96, 106.5, 17, ABalapp, 0, 0, 0, 0, , 0, 0, 0, 0, 0, 
104, 1, 113, 107, -1, 223, 50, 138.0, 13, ABprapa, 0, 0, 0, 0, , 0, 0, 0, 0, 0, 
105, 1, 113, 106, -1, 247, 63, 138.0, 13, ABprapp, 0, 0, 0, 0, , 0, 0, 0, 0, 0, 
106, 1, 114, 108, -1, 197, 122, 145.0, 25, Ea, 0, 0, 0, 0, , 0, 0, 0, 0, 0, 
107, 1, 115, 109, -1, 116, 138, 170.0, 23, MSaa, 0, 0, 0, 0, , 0, 0, 0, 0, 0, 
108, 1, 116, 110, -1, 222, 119, 193.0, 24, MSpp, 0, 0, 0, 0, , 0, 0, 0, 0, 0, 
109, 1, 117, 111, -1, 205, 100, 92.0, 17, Caa, 0, 0, 0, 0, , 0, 0, 0, 0, 0, 
110, 1, 118, 113, 114, 222, 152, 84.0, 21, ABplpp, 0, 0, 0, 0, , 0, 0, 0, 0, 0, 
111, 1, 119, 115, 116, 172, 154, 98.0, 23, ABplpa, 0, 0, 0, 0, , 0, 0, 0, 0, 0, 
112, 1, 120, 118, -1, 243, 78, 182.0, 19, ABprpaa, 0, 0, 0, 0, , 0, 0, 0, 0, 0, 
113, 1, 120, 117, -1, 248, 90, 180.0, 17, ABprpap, 0, 0, 0, 0, , 0, 0, 0, 0, 0, 
114, 1, 121, 120, -1, 292, 90, 158.0, 16, ABprppa, 0, 0, 0, 0, , 0, 0, 0, 0, 0, 
115, 1, 121, 119, -1, 301, 105, 156.0, 16, ABprppp, 0, 0, 0, 0, , 0, 0, 0, 0, 0, 
116, 1, 122, 121, -1, 162, 158, 160.0, 20, MSap, 0, 0, 0, 0, , 0, 0, 0, 0, 0, 
117, 1, 123, 122, -1, 168, 126, 188.0, 23, MSpa, 0, 0, 0, 0, , 0, 0, 0, 0, 0, 
118, 1, 124, 123, -1, 264, 129, 87.0, 19, Cap, 0, 0, 0, 0, , 0, 0, 0, 0, 0, 
119, 1, 125, 124, -1, 250, 68, 94.0, 17, Cpa, 0, 0, 0, 0, , 0, 0, 0, 0, 0, 
120, 1, 126, 125, -1, 303, 104, 109.0, 19, Cpp, 0, 0, 0, 0, , 0, 0, 0, 0, 0, 
121, 1, 127, 126, -1, 280, 167, 136.0, 18, P4, 0, 0, 0, 0, , 0, 0, 0, 0, 0, 
122, 1, 128, 127, -1, 133, 64, 110.0, 21, ABarpa, 0, 0, 0, 0, , 0, 0, 0, 0, 0, 
123, 1, 129, 128, -1, 185, 62, 108.0, 21, ABarpp, 0, 0, 0, 0, , 0, 0, 0, 0, 0, 
124, 1, 130, 130, -1, 100, 114, 73.0, 17, ABplaaa, 0, 0, 0, 0, , 0, 0, 0, 0, 0, 
125, 1, 130, 129, -1, 126, 130, 79.0, 17, ABplaap, 0, 0, 0, 0, , 0, 0, 0, 0, 0, 
126, 1, 132, 132, -1, 186, 131, 66.0, 19, ABplapp, 0, 0, 0, 0, , 0, 0, 0, 0, 0, 
127, 1, 131, 131, -1, 148, 105, 65.0, 19, ABplapa, 0, 0, 0, 0, , 0, 0, 0, 0, 0, 
