1, 0, 1, -1, -1, 48, 116, 76.0, 9, , 313, 0, 0, 0, , 0, 0, 0, 0, 0, 
2, 0, 2, -1, -1, 44, 111, 88.0, 7, , 98, 0, 0, 0, , 0, 0, 0, 0, 0, 
3, 0, 3, -1, -1, 118, 60, 171.0, 8, , 3, 0, 0, 0, , 0, 0, 0, 0, 0, 
4, 0, 5, -1, -1, 122, 68, 165.0, 8, , 18, 0, 0, 0, , 0, 0, 0, 0, 0, 
5, 0, 6, -1, -1, 244, 65, 168.0, 8, , 87, 0, 0, 0, , 0, 0, 0, 0, 0, 
6, 0, 7, -1, -1, 270, 169, 134.0, 8, , 17, 0, 0, 0, , 0, 0, 0, 0, 0, 
7, 0, 9, -1, -1, 186, 72, 130.0, 9, , 17, 0, 0, 0, , 0, 0, 0, 0, 0, 
8, 0, 11, -1, -1, 280, 173, 133.0, 8, , 23, 0, 0, 0, , 0, 0, 0, 0, 0, 
9, 0, 12, -1, -1, 46, 115, 82.0, 11, , 479, 0, 0, 0, , 0, 0, 0, 0, 0, 
10, 0, 14, -1, -1, 48, 115, 127.0, 11, , 33, 0, 0, 0, , 0, 0, 0, 0, 0, 
11, 0, 15, -1, -1, 289, 75, 150.0, 9, , 34, 0, 0, 0, , 0, 0, 0, 0, 0, 
12, 0, -1, -1, -1, 117, 167, 98.0, 7, , 7, 0, 0, 0, , 0, 0, 0, 0, 0, 
13, 0, 18, -1, -1, 296, 75, 157.0, 7, , 10, 0, 0, 0, , 0, 0, 0, 0, 0, 
14, 0, 20, -1, -1, 122, 68, 167.0, 7, , 25, 0, 0, 0, , 0, 0, 0, 0, 0, 
15, 0, 22, -1, -1, 296, 75, 152.0, 9, , 7, 0, 0, 0, , 0, 0, 0, 0, 0, 
16, 0, 24, -1, -1, 281, 173, 138.0, 8, , 7, 0, 0, 0, , 0, 0, 0, 0, 0, 
17, 0, 28, -1, -1, 50, 116, 119.0, 9, , 12, 0, 0, 0, , 0, 0, 0, 0, 0, 
18, 0, 30, -1, -1, 46, 121, 125.0, 8, , 15, 0, 0, 0, , 0, 0, 0, 0, 0, 
19, 0, 31, -1, -1, 246, 66, 148.0, 7, , 18, 0, 0, 0, , 0, 0, 0, 0, 0, 
20, 0, 32, -1, -1, 302, 106, 157.0, 9, , 15, 0, 0, 0, , 0, 0, 0, 0, 0, 
21, 0, 33, -1, -1, 159, 57, 150.0, 7, , 9, 0, 0, 0, , 0, 0, 0, 0, 0, 
22, 0, 35, -1, -1, 141, 87, 173.0, 8, , 36, 0, 0, 0, , 0, 0, 0, 0, 0, 
23, 0, 36, -1, -1, 256, 97, 180.0, 8, , 3, 0, 0, 0, , 0, 0, 0, 0, 0, 
24, 0, 37, -1, -1, 44, 116, 133.0, 7, , 23, 0, 0, 0, , 0, 0, 0, 0, 0, 
25, 0, 39, -1, -1, 161, 52, 162.0, 9, , 57, 0, 0, 0, , 0, 0, 0, 0, 0, 
26, 0, 41, -1, -1, 121, 66, 173.0, 9, , 43, 0, 0, 0, , 0, 0, 0, 0, 0, 
27, 0, 42, -1, -1, 147, 90, 184.0, 9, , 6, 0, 0, 0, , 0, 0, 0, 0, 0, 
28, 0, 43, -1, -1, 215, 153, 78.0, 8, , 30, 0, 0, 0, , 0, 0, 0, 0, 0, 
29, 0, 44, -1, -1, 212, 146, 81.0, 9, , 8, 0, 0, 0, , 0, 0, 0, 0, 0, 
30, 0, 47, -1, -1, 176, 67, 98.0, 8, , 19, 0, 0, 0, , 0, 0, 0, 0, 0, 
31, 0, 49, -1, -1, 171, 55, 112.0, 9, , 26, 0, 0, 0, , 0, 0, 0, 0, 0, 
32, 0, 50, -1, -1, 129, 68, 121.0, 9, , 48, 0, 0, 0, , 0, 0, 0, 0, 0, 
33, 0, 51, -1, -1, 273, 158, 137.0, 7, , 20, 0, 0, 0, , 0, 0, 0, 0, 0, 
34, 0, 52, -1, -1, 71, 81, 151.0, 8, , 3, 0, 0, 0, , 0, 0, 0, 0, 0, 
35, 0, 53, -1, -1, 82, 80, 147.0, 8, , 35, 0, 0, 0, , 0, 0, 0, 0, 0, 
36, 0, 54, -1, -1, 80, 80, 152.0, 7, , 28, 0, 0, 0, , 0, 0, 0, 0, 0, 
37, 0, 55, -1, -1, 301, 107, 151.0, 9, , 16, 0, 0, 0, , 0, 0, 0, 0, 0, 
38, 0, 56, -1, -1, 161, 48, 157.0, 8, , 14, 0, 0, 0, , 0, 0, 0, 0, 0, 
39, 0, 57, -1, -1, 298, 109, 161.0, 7, , 18, 0, 0, 0, , 0, 0, 0, 0, 0, 
40, 0, 59, -1, -1, 237, 65, 174.0, 9, , 134, 0, 0, 0, , 0, 0, 0, 0, 0, 
41, 0, 62, -1, -1, 72, 83, 158.0, 7, , 4, 0, 0, 0, , 0, 0, 0, 0, 0, 
42, 0, 63, -1, -1, 165, 51, 165.0, 8, , 9, 0, 0, 0, , 0, 0, 0, 0, 0, 
43, 0, 64, -1, -1, 207, 108, 138.0, 7, , 9, 0, 0, 0, , 0, 0, 0, 0, 0, 
44, 0, 65, -1, -1, 278, 160, 142.0, 7, , 7, 0, 0, 0, , 0, 0, 0, 0, 0, 
45, 0, 66, -1, -1, 72, 81, 145.0, 9, , 6, 0, 0, 0, , 0, 0, 0, 0, 0, 
46, 0, 67, -1, -1, 174, 62, 105.0, 8, , 78, 0, 0, 0, , 0, 0, 0, 0, 0, 
47, 0, 68, -1, -1, 301, 109, 156.0, 8, , 13, 0, 0, 0, , 0, 0, 0, 0, 0, 
48, 0, 69, -1, -1, 268, 90, 175.0, 7, , 5, 0, 0, 0, , 0, 0, 0, 0, 0, 
49, 0, 70, -1, -1, 241, 167, 95.0, 8, , 19, 0, 0, 0, , 0, 0, 0, 0, 0, 
50, 0, 71, -1, -1, 173, 63, 109.0, 9, , 57, 0, 0, 0, , 0, 0, 0, 0, 0, 
51, 0, 72, -1, -1, 124, 80, 116.0, 9, , 27, 0, 0, 0, , 0, 0, 0, 0, 0, 
52, 0, 74, -1, -1, 122, 74, 123.0, 8, , 16, 0, 0, 0, , 0, 0, 0, 0, 0, 
53, 0, 75, -1, -1, 280, 116, 125.0, 7, , 9, 0, 0, 0, , 0, 0, 0, 0, 0, 
54, 0, 76, -1, -1, 271, 160, 131.0, 7, , 20, 0, 0, 0, , 0, 0, 0, 0, 0, 
55, 0, 77, -1, -1, 298, 147, 134.0, 8, , 9, 0, 0, 0, , 0, 0, 0, 0, 0, 
56, 0, 78, -1, -1, 76, 122, 142.0, 7, , 25, 0, 0, 0, , 0, 0, 0, 0, 0, 
57, 0, 79, -1, -1, 206, 109, 143.0, 7, , 18, 0, 0, 0, , 0, 0, 0, 0, 0, 
58, 0, 80, -1, -1, 204, 110, 147.0, 7, , 19, 0, 0, 0, , 0, 0, 0, 0, 0, 
59, 0, 81, -1, -1, 183, 119, 147.0, 7, , 16, 0, 0, 0, , 0, 0, 0, 0, 0, 
60, 0, -1, -1, -1, 189, 121, 153.0, 8, , 4, 0, 0, 0, , 0, 0, 0, 0, 0, 
61, 0, 83, -1, -1, 146, 84, 171.0, 9, , 7, 0, 0, 0, , 0, 0, 0, 0, 0, 
62, 0, 84, -1, -1, 122, 61, 172.0, 7, , 7, 0, 0, 0, , 0, 0, 0, 0, 0, 
63, 0, 85, -1, -1, 144, 85, 179.0, 7, , 6, 0, 0, 0, , 0, 0, 0, 0, 0, 
64, 0, 86, -1, -1, 267, 89, 180.0, 9, , 6, 0, 0, 0, , 0, 0, 0, 0, 0, 
65, 0, 88, -1, -1, 226, 109, 201.0, 7, , 26, 0, 0, 0, , 0, 0, 0, 0, 0, 
66, 0, -1, -1, -1, 170, 64, 116.0, 8, , 47, 0, 0, 0, , 0, 0, 0, 0, 0, 
67, 0, -1, -1, -1, 163, 54, 159.0, 13, , 115, 0, 0, 0, , 0, 0, 0, 0, 0, 
68, 0, -1, -1, -1, 209, 119, 136.0, 9, , 73, 0, 0, 0, , 0, 0, 0, 0, 0, 
69, 0, -1, -1, -1, 175, 69, 102.0, 9, , 70, 0, 0, 0, , 0, 0, 0, 0, 0, 
70, 0, -1, -1, -1, 205, 114, 127.0, 8, , 8, 0, 0, 0, , 0, 0, 0, 0, 0, 
71, 0, -1, -1, -1, 271, 168, 128.0, 7, , 31, 0, 0, 0, , 0, 0, 0, 0, 0, 
72, 0, -1, -1, -1, 272, 176, 131.0, 8, , 17, 0, 0, 0, , 0, 0, 0, 0, 0, 
73, 0, -1, -1, -1, 256, 125, 134.0, 8, , 3, 0, 0, 0, , 0, 0, 0, 0, 0, 
74, 0, -1, -1, -1, 191, 110, 145.0, 8, , 10, 0, 0, 0, , 0, 0, 0, 0, 0, 
75, 1, 90, 33, -1, 151, 173, 116.0, 19, ABalppp, 0, 0, 0, 0, , 0, 0, 0, 0, 0, 
76, 1, 91, 34, -1, 116, 163, 97.0, 19, ABalppa, 0, 0, 0, 0, , 0, 0, 0, 0, 0, 
77, 1, 92, 35, -1, 309, 145, 126.0, 26, D, 0, 0, 0, 0, , 0, 0, 0, 0, 0, 
78, 1, 93, 36, -1, 266, 122, 126.0, 28, Ep, 0, 0, 0, 0, , 0, 0, 0, 0, 0, 
79, 1, 95, 37, -1, 158, 53, 158.0, 15, ABpraaa, 0, 0, 0, 0, , 0, 0, 0, 0, 0, 
80, 1, 96, 38, -1, 144, 91, 175.0, 17, ABarapp, 0, 0, 0, 0, , 0, 0, 0, 0, 0, 
81, 1, 97, 39, -1, 102, 104, 170.0, 20, ABaraap, 0, 0, 0, 0, , 0, 0, 0, 0, 0, 
82, 1, 98, 40, -1, 117, 66, 172.0, 17, ABarapa, 0, 0, 0, 0, , 0, 0, 0, 0, 0, 
83, 1, 99, 41, -1, 77, 83, 152.0, 17, ABaraaa, 0, 0, 0, 0, , 0, 0, 0, 0, 0, 
84, 1, 101, 43, -1, 99, 159, 134.0, 17, ABalpap, 0, 0, 0, 0, , 0, 0, 0, 0, 0, 
85, 1, 100, 42, -1, 68, 145, 108.0, 19, ABalpaa, 0, 0, 0, 0, , 0, 0, 0, 0, 0, 
86, 1, 103, 44, -1, 45, 116, 128.0, 19, ABalaaa, 0, 0, 0, 0, , 0, 0, 0, 0, 0, 
87, 1, 102, 45, -1, 72, 126, 144.0, 19, ABalaap, 0, 0, 0, 0, , 0, 0, 0, 0, 0, 
88, 1, 105, 46, -1, 72, 88, 107.0, 17, ABalapa, 0, 0, 0, 0, , 0, 0, 0, 0, 0, 
89, 1, 104, 47, -1, 101, 105, 120.0, 17, ABalapp, 0, 0, 0, 0, , 0, 0, 0, 0, 0, 
90, 1, 94, 48, -1, 187, 74, 172.0, 21, ABpraap, 0, 0, 0, 0, , 0, 0, 0, 0, 0, 
91, 1, 106, 49, -1, 251, 63, 138.0, 17, ABprapp, 0, 0, 0, 0, , 0, 0, 0, 0, 0, 
92, 1, 107, 50, -1, 213, 44, 138.0, 19, ABprapa, 0, 0, 0, 0, , 0, 0, 0, 0, 0, 
93, 1, 108, 51, -1, 196, 117, 143.0, 27, Ea, 0, 0, 0, 0, , 0, 0, 0, 0, 0, 
94, 1, 109, 52, -1, 130, 139, 169.0, 25, MSaa, 0, 0, 0, 0, , 0, 0, 0, 0, 0, 
95, 1, 110, 53, -1, 233, 112, 192.0, 24, MSpp, 0, 0, 0, 0, , 0, 0, 0, 0, 0, 
96, 1, 111, 54, -1, 198, 102, 88.0, 17, Caa, 0, 0, 0, 0, , 0, 0, 0, 0, 0, 
97, 1, 114, 55, -1, 213, 153, 79.0, 21, ABplppa, 0, 0, 0, 0, , 0, 0, 0, 0, 0, 
98, 1, 113, 56, -1, 239, 164, 99.0, 17, ABplppp, 0, 0, 0, 0, , 0, 0, 0, 0, 0, 
99, 1, 116, 57, -1, 191, 170, 112.0, 23, ABplpap, 0, 0, 0, 0, , 0, 0, 0, 0, 0, 
100, 1, 115, 58, -1, 162, 154, 83.0, 21, ABplpaa, 0, 0, 0, 0, , 0, 0, 0, 0, 0, 
101, 1, 118, 59, -1, 241, 65, 175.0, 19, ABprpaa, 0, 0, 0, 0, , 0, 0, 0, 0, 0, 
102, 1, 117, 60, -1, 261, 94, 174.0, 19, ABprpap, 0, 0, 0, 0, , 0, 0, 0, 0, 0, 
103, 1, 120, 61, -1, 290, 75, 153.0, 16, ABprppa, 0, 0, 0, 0, , 0, 0, 0, 0, 0, 
104, 1, 119, 62, -1, 304, 107, 161.0, 16, ABprppp, 0, 0, 0, 0, , 0, 0, 0, 0, 0, 
105, 1, 121, 63, -1, 176, 159, 160.81818, 22, MSap, 0, 0, 0, 0, , 0, 0, 0, 0, 0, 
106, 1, 122, 64, -1, 174, 119, 188.0, 23, MSpa, 0, 0, 0, 0, , 0, 0, 0, 0, 0, 
107, 1, 123, 65, -1, 260, 129, 81.0, 21, Cap, 0, 0, 0, 0, , 0, 0, 0, 0, 0, 
108, 1, 124, 66, -1, 244, 71, 89.0, 17, Cpa, 0, 0, 0, 0, , 0, 0, 0, 0, 0, 
109, 1, 125, 67, -1, 307, 102, 99.0, 21, Cpp, 0, 0, 0, 0, , 0, 0, 0, 0, 0, 
110, 1, 126, 68, -1, 270, 167, 140.0, 20, P4, 0, 0, 0, 0, , 0, 0, 0, 0, 0, 
111, 1, 127, 70, -1, 110, 66, 110.0, 21, ABarpaa, 0, 0, 0, 0, , 0, 0, 0, 0, 0, 
112, 1, 127, 69, -1, 127, 75, 118.5, 21, ABarpap, 0, 0, 0, 0, , 0, 0, 0, 0, 0, 
113, 1, 128, 71, 72, 173, 63, 107.0, 21, ABarpp, 0, 0, 0, 0, , 0, 0, 0, 0, 0, 
114, 1, 130, 73, -1, 94, 116, 73.0, 17, ABplaaa, 0, 0, 0, 0, , 0, 0, 0, 0, 0, 
115, 1, 129, 74, -1, 126, 131, 89.0, 17, ABplaap, 0, 0, 0, 0, , 0, 0, 0, 0, 0, 
116, 1, 131, 75, -1, 137, 105, 66.0, 19, ABplapa, 0, 0, 0, 0, , 0, 0, 0, 0, 0, 
117, 1, 132, 76, -1, 185, 131, 65.0, 19, ABplapp, 0, 0, 0, 0, , 0, 0, 0, 0, 0, 
