1, 0, 1, -1, -1, 48, 115, 76.0, 9, , 281, 0, 0, 0, , 0, 0, 0, 0, 0, 
2, 0, 2, -1, -1, 51, 112, 90.0, 7, , 3, 0, 0, 0, , 0, 0, 0, 0, 0, 
3, 0, 4, -1, -1, 178, 62, 131.0, 7, , 7, 0, 0, 0, , 0, 0, 0, 0, 0, 
4, 0, 5, -1, -1, 47, 113, 80.0, 9, , 437, 0, 0, 0, , 0, 0, 0, 0, 0, 
5, 0, 9, -1, -1, 149, 50, 149.0, 9, , 4, 0, 0, 0, , 0, 0, 0, 0, 0, 
6, 0, 10, -1, -1, 142, 79, 176.0, 9, , 29, 0, 0, 0, , 0, 0, 0, 0, 0, 
7, 0, 13, -1, -1, 162, 48, 157.0, 7, , 19, 0, 0, 0, , 0, 0, 0, 0, 0, 
8, 0, 14, -1, -1, 204, 112, 138.0, 8, , 62, 0, 0, 0, , 0, 0, 0, 0, 0, 
9, 0, 15, -1, -1, 270, 160, 146.0, 8, , 13, 0, 0, 0, , 0, 0, 0, 0, 0, 
10, 0, 16, -1, -1, 69, 81, 144.0, 8, , 6, 0, 0, 0, , 0, 0, 0, 0, 0, 
11, 0, 17, -1, -1, 267, 115, 125.0, 8, , 3, 0, 0, 0, , 0, 0, 0, 0, 0, 
12, 0, 20, -1, -1, 197, 111, 142.0, 9, , 51, 0, 0, 0, , 0, 0, 0, 0, 0, 
13, 0, 22, -1, -1, 201, 116, 150.0, 8, , 74, 0, 0, 0, , 0, 0, 0, 0, 0, 
14, 0, 23, -1, -1, 157, 86, 179.0, 9, , 5, 0, 0, 0, , 0, 0, 0, 0, 0, 
15, 0, 24, -1, -1, 161, 53, 156.0, 8, , 7, 0, 0, 0, , 0, 0, 0, 0, 0, 
16, 0, 25, -1, -1, 200, 110, 136.0, 7, , 9, 0, 0, 0, , 0, 0, 0, 0, 0, 
17, 0, 26, -1, -1, 200, 120, 129.0, 8, , 2, 0, 0, 0, , 0, 0, 0, 0, 0, 
18, 0, 27, -1, -1, 268, 166, 127.0, 7, , 14, 0, 0, 0, , 0, 0, 0, 0, 0, 
19, 0, 28, -1, -1, 265, 124, 130.0, 9, , 7, 0, 0, 0, , 0, 0, 0, 0, 0, 
20, 0, 29, -1, -1, 190, 109, 143.0, 9, , 24, 0, 0, 0, , 0, 0, 0, 0, 0, 
21, 0, 30, -1, -1, 194, 108, 134.0, 9, , 32, 0, 0, 0, , 0, 0, 0, 0, 0, 
22, 0, 31, -1, -1, 194, 69, 146.0, 8, , 202, 0, 0, 0, , 0, 0, 0, 0, 0, 
23, 0, 32, -1, -1, 298, 148, 119.0, 9, , 9, 0, 0, 0, , 0, 0, 0, 0, 0, 
24, 0, -1, -1, -1, 271, 110, 114.0, 8, , 5, 0, 0, 0, , 0, 0, 0, 0, 0, 
25, 0, -1, -1, -1, 296, 145, 114.0, 7, , 10, 0, 0, 0, , 0, 0, 0, 0, 0, 
26, 0, -1, -1, -1, 300, 136, 114.0, 7, , 8, 0, 0, 0, , 0, 0, 0, 0, 0, 
27, 0, -1, -1, -1, 260, 113, 135.0, 7, , 12, 0, 0, 0, , 0, 0, 0, 0, 0, 
28, 0, -1, -1, -1, 141, 137, 175.0, 8, , 10, 0, 0, 0, , 0, 0, 0, 0, 0, 
29, 0, -1, -1, -1, 135, 145, 176.0, 8, , 3, 0, 0, 0, , 0, 0, 0, 0, 0, 
30, 0, -1, -1, -1, 230, 116, 199.0, 9, , 11, 0, 0, 0, , 0, 0, 0, 0, 0, 
31, 0, -1, -1, -1, 189, 64, 145.0, 8, , 4, 0, 0, 0, , 0, 0, 0, 0, 0, 
32, 0, -1, -1, -1, 45, 109, 88.0, 7, , 37, 0, 0, 0, , 0, 0, 0, 0, 0, 
33, 1, 33, 44, -1, 156, 166, 116.0, 19, ABalppp, 0, 0, 0, 0, , 0, 0, 0, 0, 0, 
34, 1, 34, 45, -1, 110, 159, 94.0, 19, ABalppa, 0, 0, 0, 0, , 0, 0, 0, 0, 0, 
35, 1, 35, 46, -1, 306, 146, 121.0, 24, D, 0, 0, 0, 0, , 0, 0, 0, 0, 0, 
36, 1, 36, 47, -1, 263, 119, 130.0, 26, Ep, 0, 0, 0, 0, , 0, 0, 0, 0, 0, 
37, 1, 37, 48, -1, 153, 50, 153.0, 19, ABpraaa, 0, 0, 0, 0, , 0, 0, 0, 0, 0, 
38, 1, 38, 49, -1, 147, 85, 176.0, 21, ABarapp, 0, 0, 0, 0, , 0, 0, 0, 0, 0, 
39, 1, 39, 50, -1, 107, 100, 183.0, 20, ABaraap, 0, 0, 0, 0, , 0, 0, 0, 0, 0, 
40, 1, 40, 51, -1, 112, 63, 169.0, 21, ABarapa, 0, 0, 0, 0, , 0, 0, 0, 0, 0, 
41, 1, 41, 52, -1, 76, 85, 150.0, 21, ABaraaa, 0, 0, 0, 0, , 0, 0, 0, 0, 0, 
42, 1, 42, 53, -1, 67, 145, 108.0, 19, ABalpaa, 0, 0, 0, 0, , 0, 0, 0, 0, 0, 
43, 1, 43, 54, -1, 103, 161, 135.0, 21, ABalpap, 0, 0, 0, 0, , 0, 0, 0, 0, 0, 
44, 1, 44, 55, -1, 50, 123, 136.0, 21, ABalaaa, 0, 0, 0, 0, , 0, 0, 0, 0, 0, 
45, 1, 45, 56, -1, 80, 131, 155.0, 19, ABalaap, 0, 0, 0, 0, , 0, 0, 0, 0, 0, 
46, 1, 46, 57, -1, 65, 94, 112.0, 23, ABalapa, 0, 0, 0, 0, , 0, 0, 0, 0, 0, 
47, 1, 47, 58, -1, 104, 103, 125.0, 21, ABalapp, 0, 0, 0, 0, , 0, 0, 0, 0, 0, 
48, 1, 48, 59, -1, 193, 73, 172.0, 21, ABpraap, 0, 0, 0, 0, , 0, 0, 0, 0, 0, 
49, 1, 49, 60, -1, 257, 63, 138.25, 21, ABprapp, 0, 0, 0, 0, , 0, 0, 0, 0, 0, 
50, 1, 50, 61, -1, 216, 42, 138.0, 15, ABprapa, 0, 0, 0, 0, , 0, 0, 0, 0, 0, 
51, 1, 51, 62, 63, 196, 110, 141.0, 19, Ea, 0, 0, 0, 0, , 0, 0, 0, 0, 0, 
52, 1, 52, 64, -1, 129, 138, 177.0, 25, MSaa, 0, 0, 0, 0, , 0, 0, 0, 0, 0, 
53, 1, 53, 65, -1, 238, 116, 191.0, 24, MSpp, 0, 0, 0, 0, , 0, 0, 0, 0, 0, 
54, 1, 54, 66, -1, 190, 93, 84.0, 17, Caa, 0, 0, 0, 0, , 0, 0, 0, 0, 0, 
55, 1, 55, 67, -1, 206, 147, 78.0, 21, ABplppa, 0, 0, 0, 0, , 0, 0, 0, 0, 0, 
56, 1, 56, 68, -1, 237, 162, 103.0, 21, ABplppp, 0, 0, 0, 0, , 0, 0, 0, 0, 0, 
57, 1, 57, 69, -1, 194, 164, 106.0, 21, ABplpap, 0, 0, 0, 0, , 0, 0, 0, 0, 0, 
58, 1, 58, 70, -1, 157, 152, 83.0, 21, ABplpaa, 0, 0, 0, 0, , 0, 0, 0, 0, 0, 
59, 1, 59, 71, -1, 243, 64, 173.0, 19, ABprpaa, 0, 0, 0, 0, , 0, 0, 0, 0, 0, 
60, 1, 60, 72, -1, 273, 96, 169.0, 19, ABprpap, 0, 0, 0, 0, , 0, 0, 0, 0, 0, 
61, 1, 61, 73, -1, 294, 72, 154.0, 16, ABprppa, 0, 0, 0, 0, , 0, 0, 0, 0, 0, 
62, 1, 62, 74, -1, 311, 111, 157.0, 16, ABprppp, 0, 0, 0, 0, , 0, 0, 0, 0, 0, 
63, 1, 63, 75, -1, 175, 156, 160.45454, 21, MSap, 0, 0, 0, 0, , 0, 0, 0, 0, 0, 
64, 1, 64, 76, -1, 183, 120, 191.0, 23, MSpa, 0, 0, 0, 0, , 0, 0, 0, 0, 0, 
65, 1, 65, 77, -1, 245, 126, 76.0, 21, Cap, 0, 0, 0, 0, , 0, 0, 0, 0, 0, 
66, 1, 66, 78, -1, 240, 71, 89.0, 21, Cpa, 0, 0, 0, 0, , 0, 0, 0, 0, 0, 
67, 1, 67, 79, -1, 304, 102, 97.0, 21, Cpp, 0, 0, 0, 0, , 0, 0, 0, 0, 0, 
68, 1, 68, 80, -1, 268, 165, 139.0, 20, P4, 0, 0, 0, 0, , 0, 0, 0, 0, 0, 
69, 1, 70, 81, -1, 105, 67, 112.0, 21, ABarpaa, 0, 0, 0, 0, , 0, 0, 0, 0, 0, 
70, 1, 69, 82, -1, 133, 86, 127.0, 21, ABarpap, 0, 0, 0, 0, , 0, 0, 0, 0, 0, 
71, 1, 72, 84, -1, 185, 59, 123.0, 19, ABarppp, 0, 0, 0, 0, , 0, 0, 0, 0, 0, 
72, 1, 71, 83, -1, 149, 61, 104.0, 19, ABarppa, 0, 0, 0, 0, , 0, 0, 0, 0, 0, 
73, 1, 73, 85, -1, 86, 115, 77.0, 17, ABplaaa, 0, 0, 0, 0, , 0, 0, 0, 0, 0, 
74, 1, 74, 86, -1, 128, 134, 96.0, 17, ABplaap, 0, 0, 0, 0, , 0, 0, 0, 0, 0, 
75, 1, 75, 87, -1, 122, 99, 70.0, 19, ABplapa, 0, 0, 0, 0, , 0, 0, 0, 0, 0, 
76, 1, 76, 88, -1, 185, 121, 64.0, 19, ABplapp, 0, 0, 0, 0, , 0, 0, 0, 0, 0, 
