1, 0, 1, -1, -1, 48, 115, 76.0, 9, , 259, 0, 0, 0, , 0, 0, 0, 0, 0, 
2, 0, 2, -1, -1, 49, 113, 88.0, 7, , 10, 0, 0, 0, , 0, 0, 0, 0, 0, 
3, 0, 3, -1, -1, 188, 54, 128.0, 8, , 4, 0, 0, 0, , 0, 0, 0, 0, 0, 
4, 0, 4, -1, -1, 47, 114, 81.0, 11, , 442, 0, 0, 0, , 0, 0, 0, 0, 0, 
5, 0, 5, -1, -1, 149, 45, 147.0, 9, , 16, 0, 0, 0, , 0, 0, 0, 0, 0, 
6, 0, 6, -1, -1, 151, 89, 178.0, 9, , 7, 0, 0, 0, , 0, 0, 0, 0, 0, 
7, 0, 8, -1, -1, 193, 133, 135.0, 7, , 8, 0, 0, 0, , 0, 0, 0, 0, 0, 
8, 0, 9, -1, -1, 262, 156, 149.0, 7, , 14, 0, 0, 0, , 0, 0, 0, 0, 0, 
9, 0, 10, -1, -1, 77, 80, 145.0, 9, , 16, 0, 0, 0, , 0, 0, 0, 0, 0, 
10, 0, 11, -1, -1, 246, 112, 126.0, 9, , 37, 0, 0, 0, , 0, 0, 0, 0, 0, 
11, 0, 13, -1, -1, 183, 94, 149.0, 9, , 18, 0, 0, 0, , 0, 0, 0, 0, 0, 
12, 0, 14, -1, -1, 158, 93, 180.0, 8, , 5, 0, 0, 0, , 0, 0, 0, 0, 0, 
13, 0, 17, -1, -1, 193, 126, 130.0, 8, , 2, 0, 0, 0, , 0, 0, 0, 0, 0, 
14, 0, 19, -1, -1, 249, 117, 131.0, 8, , 4, 0, 0, 0, , 0, 0, 0, 0, 0, 
15, 0, 20, -1, -1, 186, 92, 152.0, 9, , 28, 0, 0, 0, , 0, 0, 0, 0, 0, 
16, 0, 22, -1, -1, 195, 47, 144.0, 8, , 9, 0, 0, 0, , 0, 0, 0, 0, 0, 
17, 0, 23, -1, -1, 300, 138, 125.0, 8, , 32, 0, 0, 0, , 0, 0, 0, 0, 0, 
18, 0, 25, -1, -1, 295, 143, 109.0, 8, , 11, 0, 0, 0, , 0, 0, 0, 0, 0, 
19, 0, 26, -1, -1, 302, 139, 117.0, 8, , 26, 0, 0, 0, , 0, 0, 0, 0, 0, 
20, 0, 28, -1, -1, 136, 134, 175.0, 9, , 7, 0, 0, 0, , 0, 0, 0, 0, 0, 
21, 0, 30, -1, -1, 241, 117, 197.0, 7, , 13, 0, 0, 0, , 0, 0, 0, 0, 0, 
22, 0, 31, -1, -1, 184, 51, 138.0, 8, , 3, 0, 0, 0, , 0, 0, 0, 0, 0, 
23, 0, 32, -1, -1, 45, 110, 87.0, 9, , 65, 0, 0, 0, , 0, 0, 0, 0, 0, 
24, 0, 33, -1, -1, 247, 107, 121.0, 7, , 12, 0, 0, 0, , 0, 0, 0, 0, 0, 
25, 0, 34, -1, -1, 295, 144, 125.0, 7, , 7, 0, 0, 0, , 0, 0, 0, 0, 0, 
26, 0, 35, -1, -1, 256, 120, 132.0, 11, , 48, 0, 0, 0, , 0, 0, 0, 0, 0, 
27, 0, 36, -1, -1, 294, 145, 113.0, 7, , 16, 0, 0, 0, , 0, 0, 0, 0, 0, 
28, 0, 39, -1, -1, 186, 91, 146.0, 9, , 43, 0, 0, 0, , 0, 0, 0, 0, 0, 
29, 0, 40, -1, -1, 296, 63, 150.0, 9, , 9, 0, 0, 0, , 0, 0, 0, 0, 0, 
30, 0, 41, -1, -1, 162, 40, 153.0, 8, , 10, 0, 0, 0, , 0, 0, 0, 0, 0, 
31, 0, 42, -1, -1, 141, 135, 171.0, 8, , 4, 0, 0, 0, , 0, 0, 0, 0, 0, 
32, 0, 43, -1, -1, 187, 127, 189.0, 9, , 7, 0, 0, 0, , 0, 0, 0, 0, 0, 
33, 0, -1, -1, -1, 193, 59, 134.0, 8, , 1, 0, 0, 0, , 0, 0, 0, 0, 0, 
34, 0, -1, -1, -1, 249, 116, 136.0, 8, , 13, 0, 0, 0, , 0, 0, 0, 0, 0, 
35, 0, -1, -1, -1, 198, 47, 141.0, 8, , 2, 0, 0, 0, , 0, 0, 0, 0, 0, 
36, 0, -1, -1, -1, 158, 38, 148.0, 7, , 8, 0, 0, 0, , 0, 0, 0, 0, 0, 
37, 0, -1, -1, -1, 132, 151, 163.0, 8, , 8, 0, 0, 0, , 0, 0, 0, 0, 0, 
38, 0, -1, -1, -1, 136, 135, 165.0, 8, , 10, 0, 0, 0, , 0, 0, 0, 0, 0, 
39, 0, -1, -1, -1, 184, 126, 178.0, 7, , 5, 0, 0, 0, , 0, 0, 0, 0, 0, 
40, 0, -1, -1, -1, 121, 106, 190.0, 7, , 15, 0, 0, 0, , 0, 0, 0, 0, 0, 
41, 1, 44, 37, -1, 160, 174, 132.0, 19, ABalppp, 0, 0, 0, 0, , 0, 0, 0, 0, 0, 
42, 1, 45, 38, -1, 105, 161, 92.0, 23, ABalppa, 0, 0, 0, 0, , 0, 0, 0, 0, 0, 
43, 1, 46, 39, -1, 298, 150, 122.0, 24, D, 0, 0, 0, 0, , 0, 0, 0, 0, 0, 
44, 1, 47, 40, 41, 250, 115, 130.0, 24, Ep, 0, 0, 0, 0, , 0, 0, 0, 0, 0, 
45, 1, 48, 42, -1, 154, 46, 154.0, 22, ABpraaa, 0, 0, 0, 0, , 0, 0, 0, 0, 0, 
46, 1, 49, 43, -1, 152, 93, 182.0, 23, ABarapp, 0, 0, 0, 0, , 0, 0, 0, 0, 0, 
47, 1, 50, 44, -1, 110, 106, 186.0, 24, ABaraap, 0, 0, 0, 0, , 0, 0, 0, 0, 0, 
48, 1, 51, 45, -1, 108, 62, 166.0, 21, ABarapa, 0, 0, 0, 0, , 0, 0, 0, 0, 0, 
49, 0, 51, -1, -1, 110, 63, 166.91304, 21, , 0, 0, 0, 0, , 0, 0, 0, 0, 0, 
50, 1, 52, 47, -1, 70, 82, 150.0, 23, ABaraaa, 0, 0, 0, 0, , 0, 0, 0, 0, 0, 
51, 1, 53, 48, -1, 59, 146, 110.0, 23, ABalpaa, 0, 0, 0, 0, , 0, 0, 0, 0, 0, 
52, 1, 54, 49, -1, 109, 160, 142.0, 23, ABalpap, 0, 0, 0, 0, , 0, 0, 0, 0, 0, 
53, 1, 55, 50, -1, 44, 119, 136.0, 23, ABalaaa, 0, 0, 0, 0, , 0, 0, 0, 0, 0, 
54, 1, 56, 51, -1, 78, 137, 162.0, 21, ABalaap, 0, 0, 0, 0, , 0, 0, 0, 0, 0, 
55, 1, 57, 52, -1, 60, 91, 111.0, 23, ABalapa, 0, 0, 0, 0, , 0, 0, 0, 0, 0, 
56, 1, 58, 53, -1, 112, 104, 128.0, 23, ABalapp, 0, 0, 0, 0, , 0, 0, 0, 0, 0, 
57, 1, 59, 54, -1, 208, 78, 176.0, 20, ABpraap, 0, 0, 0, 0, , 0, 0, 0, 0, 0, 
58, 1, 60, 55, -1, 267, 69, 138.75, 16, ABprapp, 0, 0, 0, 0, , 0, 0, 0, 0, 0, 
59, 1, 61, 56, -1, 219, 41, 138.0, 19, ABprapa, 0, 0, 0, 0, , 0, 0, 0, 0, 0, 
60, 1, 63, 58, -1, 192, 94, 144.0, 19, Ear, 0, 0, 0, 0, , 0, 0, 0, 0, 0, 
61, 1, 62, 57, -1, 189, 129, 134.0, 19, Eal, 0, 0, 0, 0, , 0, 0, 0, 0, 0, 
62, 1, 64, 59, -1, 128, 140, 174.0, 23, MSaa, 0, 0, 0, 0, , 0, 0, 0, 0, 0, 
63, 1, 65, 60, -1, 242, 115, 191.0, 16, MSpp, 0, 0, 0, 0, , 0, 0, 0, 0, 0, 
64, 1, 66, 61, -1, 191, 87, 84.0, 17, Caa, 0, 0, 0, 0, , 0, 0, 0, 0, 0, 
65, 1, 67, 62, -1, 202, 143, 76.0, 21, ABplppa, 0, 0, 0, 0, , 0, 0, 0, 0, 0, 
66, 1, 68, 63, -1, 242, 164, 107.0, 21, ABplppp, 0, 0, 0, 0, , 0, 0, 0, 0, 0, 
67, 1, 69, 64, -1, 202, 165, 105.0, 21, ABplpap, 0, 0, 0, 0, , 0, 0, 0, 0, 0, 
68, 1, 70, 65, -1, 152, 152, 80.0, 21, ABplpaa, 0, 0, 0, 0, , 0, 0, 0, 0, 0, 
69, 1, 71, 66, -1, 243, 59, 175.0, 19, ABprpaa, 0, 0, 0, 0, , 0, 0, 0, 0, 0, 
70, 1, 72, 67, -1, 283, 104, 165.0, 21, ABprpap, 0, 0, 0, 0, , 0, 0, 0, 0, 0, 
71, 1, 73, 68, -1, 297, 71, 152.5, 20, ABprppa, 0, 0, 0, 0, , 0, 0, 0, 0, 0, 
72, 1, 74, 69, -1, 313, 123, 157.0, 20, ABprppp, 0, 0, 0, 0, , 0, 0, 0, 0, 0, 
73, 1, 75, 70, -1, 181, 163, 160.09091, 22, MSap, 0, 0, 0, 0, , 0, 0, 0, 0, 0, 
74, 1, 76, 71, -1, 185, 121, 193.0, 23, MSpa, 0, 0, 0, 0, , 0, 0, 0, 0, 0, 
75, 1, 77, 72, -1, 245, 124, 72.0, 23, Cap, 0, 0, 0, 0, , 0, 0, 0, 0, 0, 
76, 1, 78, 73, -1, 245, 69, 91.0, 21, Cpa, 0, 0, 0, 0, , 0, 0, 0, 0, 0, 
77, 1, 79, 74, -1, 304, 108, 92.0, 21, Cpp, 0, 0, 0, 0, , 0, 0, 0, 0, 0, 
78, 1, 80, 75, -1, 261, 163, 144.0, 20, P4, 0, 0, 0, 0, , 0, 0, 0, 0, 0, 
79, 1, 81, 76, -1, 104, 64, 107.0, 21, ABarpaa, 0, 0, 0, 0, , 0, 0, 0, 0, 0, 
80, 1, 82, 77, -1, 139, 90, 128.0, 21, ABarpap, 0, 0, 0, 0, , 0, 0, 0, 0, 0, 
81, 1, 83, 78, -1, 147, 57, 104.0, 19, ABarppa, 0, 0, 0, 0, , 0, 0, 0, 0, 0, 
82, 1, 84, 79, -1, 183, 49, 124.0, 18, ABarppp, 0, 0, 0, 0, , 0, 0, 0, 0, 0, 
83, 1, 85, 80, -1, 82, 115, 76.0, 17, ABplaaa, 0, 0, 0, 0, , 0, 0, 0, 0, 0, 
84, 1, 86, 81, -1, 135, 133, 101.0, 17, ABplaap, 0, 0, 0, 0, , 0, 0, 0, 0, 0, 
85, 1, 87, 82, -1, 124, 90, 69.0, 19, ABplapa, 0, 0, 0, 0, , 0, 0, 0, 0, 0, 
86, 1, 88, 83, -1, 186, 114, 67.0, 19, ABplapp, 0, 0, 0, 0, , 0, 0, 0, 0, 0, 
