1, 0, 1, -1, -1, 48, 115, 77.0, 9, , 575, 0, 0, 0, , 0, 0, 0, 0, 0, 
2, 0, 2, -1, -1, 49, 111, 90.0, 7, , 8, 0, 0, 0, , 0, 0, 0, 0, 0, 
3, 0, 4, -1, -1, 47, 114, 83.0, 8, , 200, 0, 0, 0, , 0, 0, 0, 0, 0, 
4, 0, 5, -1, -1, 163, 51, 148.0, 8, , 39, 0, 0, 0, , 0, 0, 0, 0, 0, 
5, 0, 6, -1, -1, 150, 90, 180.0, 8, , 2, 0, 0, 0, , 0, 0, 0, 0, 0, 
6, 0, 8, -1, -1, 262, 153, 150.0, 9, , 17, 0, 0, 0, , 0, 0, 0, 0, 0, 
7, 0, 9, -1, -1, 79, 79, 144.0, 9, , 16, 0, 0, 0, , 0, 0, 0, 0, 0, 
8, 0, 12, -1, -1, 157, 92, 181.0, 8, , 5, 0, 0, 0, , 0, 0, 0, 0, 0, 
9, 0, 16, -1, -1, 196, 47, 143.0, 8, , 16, 0, 0, 0, , 0, 0, 0, 0, 0, 
10, 0, 17, -1, -1, 298, 142, 125.0, 7, , 6, 0, 0, 0, , 0, 0, 0, 0, 0, 
11, 0, 18, -1, -1, 299, 144, 108.0, 8, , 9, 0, 0, 0, , 0, 0, 0, 0, 0, 
12, 0, 19, -1, -1, 299, 142, 119.0, 8, , 10, 0, 0, 0, , 0, 0, 0, 0, 0, 
13, 0, 20, -1, -1, 133, 132, 175.0, 9, , 7, 0, 0, 0, , 0, 0, 0, 0, 0, 
14, 0, 21, -1, -1, 238, 115, 195.0, 8, , 3, 0, 0, 0, , 0, 0, 0, 0, 0, 
15, 0, 23, -1, -1, 46, 112, 86.0, 9, , 99, 0, 0, 0, , 0, 0, 0, 0, 0, 
16, 0, 24, -1, -1, 238, 122, 123.0, 8, , 7, 0, 0, 0, , 0, 0, 0, 0, 0, 
17, 0, 25, -1, -1, 289, 146, 122.0, 9, , 28, 0, 0, 0, , 0, 0, 0, 0, 0, 
18, 0, 26, -1, -1, 265, 105, 131.0, 7, , 12, 0, 0, 0, , 0, 0, 0, 0, 0, 
19, 0, 27, -1, -1, 296, 142, 113.0, 8, , 15, 0, 0, 0, , 0, 0, 0, 0, 0, 
20, 0, 29, -1, -1, 298, 62, 149.0, 8, , 7, 0, 0, 0, , 0, 0, 0, 0, 0, 
21, 0, 30, -1, -1, 162, 45, 152.0, 7, , 12, 0, 0, 0, , 0, 0, 0, 0, 0, 
22, 0, 31, -1, -1, 141, 134, 170.0, 7, , 3, 0, 0, 0, , 0, 0, 0, 0, 0, 
23, 0, 32, -1, -1, 185, 129, 186.0, 9, , 7, 0, 0, 0, , 0, 0, 0, 0, 0, 
24, 0, 34, -1, -1, 258, 107, 138.0, 8, , 17, 0, 0, 0, , 0, 0, 0, 0, 0, 
25, 0, 36, -1, -1, 165, 44, 149.0, 8, , 9, 0, 0, 0, , 0, 0, 0, 0, 0, 
26, 0, 37, -1, -1, 135, 150, 165.0, 8, , 7, 0, 0, 0, , 0, 0, 0, 0, 0, 
27, 0, 38, -1, -1, 133, 129, 166.0, 8, , 30, 0, 0, 0, , 0, 0, 0, 0, 0, 
28, 0, 39, -1, -1, 189, 126, 181.0, 8, , 1, 0, 0, 0, , 0, 0, 0, 0, 0, 
29, 0, 40, -1, -1, 120, 103, 187.0, 8, , 4, 0, 0, 0, , 0, 0, 0, 0, 0, 
30, 0, -1, -1, -1, 301, 137, 121.0, 8, , 47, 0, 0, 0, , 0, 0, 0, 0, 0, 
31, 0, -1, -1, -1, 308, 144, 128.0, 8, , 6, 0, 0, 0, , 0, 0, 0, 0, 0, 
32, 0, -1, -1, -1, 255, 101, 133.0, 7, , 14, 0, 0, 0, , 0, 0, 0, 0, 0, 
33, 0, -1, -1, -1, 65, 75, 144.0, 7, , 3, 0, 0, 0, , 0, 0, 0, 0, 0, 
34, 0, -1, -1, -1, 80, 81, 149.0, 7, , 8, 0, 0, 0, , 0, 0, 0, 0, 0, 
35, 0, -1, -1, -1, 156, 91, 185.0, 7, , 4, 0, 0, 0, , 0, 0, 0, 0, 0, 
36, 0, -1, -1, -1, 151, 98, 193.0, 7, , 5, 0, 0, 0, , 0, 0, 0, 0, 0, 
37, 1, 41, 46, -1, 159, 178, 131.0, 19, ABalppp, 0, 0, 0, 0, , 0, 0, 0, 0, 0, 
38, 1, 42, 47, -1, 104, 160, 87.0, 23, ABalppa, 0, 0, 0, 0, , 0, 0, 0, 0, 0, 
39, 1, 43, 48, -1, 297, 149, 119.0, 22, D, 0, 0, 0, 0, , 0, 0, 0, 0, 0, 
40, 1, 44, 50, -1, 262, 104, 130.0, 14, Epr, 0, 0, 0, 0, , 0, 0, 0, 0, 0, 
41, 1, 44, 49, -1, 243, 126, 130.0, 20, Epl, 0, 0, 0, 0, , 0, 0, 0, 0, 0, 
42, 1, 45, 51, -1, 157, 46, 154.0, 23, ABpraaa, 0, 0, 0, 0, , 0, 0, 0, 0, 0, 
43, 1, 46, 52, -1, 148, 94, 187.0, 21, ABarapp, 0, 0, 0, 0, , 0, 0, 0, 0, 0, 
44, 1, 47, 53, -1, 109, 104, 186.0, 22, ABaraap, 0, 0, 0, 0, , 0, 0, 0, 0, 0, 
45, 1, 48, 54, -1, 108, 60, 163.0, 23, ABarapa, 0, 0, 0, 0, , 0, 0, 0, 0, 0, 
46, 0, -1, -1, -1, 111, 63, 166.82608, 21, , 0, 0, 0, 0, , 0, 0, 0, 0, 0, 
47, 1, 50, 56, -1, 70, 80, 151.0, 23, ABaraaa, 0, 0, 0, 0, , 0, 0, 0, 0, 0, 
48, 1, 51, 57, -1, 57, 141, 107.0, 25, ABalpaa, 0, 0, 0, 0, , 0, 0, 0, 0, 0, 
49, 1, 52, 58, -1, 101, 165, 144.0, 23, ABalpap, 0, 0, 0, 0, , 0, 0, 0, 0, 0, 
50, 1, 53, 59, -1, 44, 115, 133.0, 23, ABalaaa, 0, 0, 0, 0, , 0, 0, 0, 0, 0, 
51, 1, 54, 60, -1, 81, 136, 163.0, 23, ABalaap, 0, 0, 0, 0, , 0, 0, 0, 0, 0, 
52, 1, 55, 61, -1, 65, 96, 107.0, 23, ABalapa, 0, 0, 0, 0, , 0, 0, 0, 0, 0, 
53, 1, 56, 62, -1, 113, 107, 130.0, 23, ABalapp, 0, 0, 0, 0, , 0, 0, 0, 0, 0, 
54, 1, 57, 63, -1, 210, 79, 180.0, 23, ABpraap, 0, 0, 0, 0, , 0, 0, 0, 0, 0, 
55, 1, 58, 64, -1, 269, 70, 139.0, 23, ABprapp, 0, 0, 0, 0, , 0, 0, 0, 0, 0, 
56, 1, 59, 65, -1, 220, 42, 138.0, 16, ABprapa, 0, 0, 0, 0, , 0, 0, 0, 0, 0, 
57, 1, 61, 66, -1, 184, 129, 133.0, 19, Eal, 0, 0, 0, 0, , 0, 0, 0, 0, 0, 
58, 1, 60, 67, -1, 191, 89, 144.0, 19, Ear, 0, 0, 0, 0, , 0, 0, 0, 0, 0, 
59, 1, 62, 68, -1, 129, 138, 171.0, 23, MSaa, 0, 0, 0, 0, , 0, 0, 0, 0, 0, 
60, 1, 63, 69, -1, 237, 115, 191.0, 16, MSpp, 0, 0, 0, 0, , 0, 0, 0, 0, 0, 
61, 1, 64, 70, -1, 194, 91, 87.0, 21, Caa, 0, 0, 0, 0, , 0, 0, 0, 0, 0, 
62, 1, 65, 71, -1, 198, 143, 76.0, 21, ABplppa, 0, 0, 0, 0, , 0, 0, 0, 0, 0, 
63, 1, 66, 72, -1, 242, 166, 109.0, 21, ABplppp, 0, 0, 0, 0, , 0, 0, 0, 0, 0, 
64, 1, 67, 73, -1, 202, 172, 105.0, 21, ABplpap, 0, 0, 0, 0, , 0, 0, 0, 0, 0, 
65, 1, 68, 74, -1, 152, 150, 78.0, 21, ABplpaa, 0, 0, 0, 0, , 0, 0, 0, 0, 0, 
66, 1, 69, 75, -1, 243, 62, 176.0, 19, ABprpaa, 0, 0, 0, 0, , 0, 0, 0, 0, 0, 
67, 1, 70, 76, -1, 284, 106, 169.0, 19, ABprpap, 0, 0, 0, 0, , 0, 0, 0, 0, 0, 
68, 1, 71, 77, -1, 299, 72, 152.0, 18, ABprppa, 0, 0, 0, 0, , 0, 0, 0, 0, 0, 
69, 1, 72, 78, -1, 316, 122, 159.0, 20, ABprppp, 0, 0, 0, 0, , 0, 0, 0, 0, 0, 
70, 1, 73, 79, -1, 176, 161, 159.90909, 23, MSap, 0, 0, 0, 0, , 0, 0, 0, 0, 0, 
71, 1, 74, 80, -1, 185, 121, 191.0, 23, MSpa, 0, 0, 0, 0, , 0, 0, 0, 0, 0, 
72, 1, 75, 81, -1, 247, 127, 74.0, 21, Cap, 0, 0, 0, 0, , 0, 0, 0, 0, 0, 
73, 1, 76, 82, -1, 247, 73, 92.0, 21, Cpa, 0, 0, 0, 0, , 0, 0, 0, 0, 0, 
74, 1, 77, 83, -1, 305, 110, 97.0, 21, Cpp, 0, 0, 0, 0, , 0, 0, 0, 0, 0, 
75, 1, 78, 84, -1, 260, 162, 146.0, 20, P4, 0, 0, 0, 0, , 0, 0, 0, 0, 0, 
76, 1, 79, 85, -1, 103, 63, 106.6, 21, ABarpaa, 0, 0, 0, 0, , 0, 0, 0, 0, 0, 
77, 1, 80, 86, -1, 146, 90, 136.0, 21, ABarpap, 0, 0, 0, 0, , 0, 0, 0, 0, 0, 
78, 1, 81, 87, -1, 146, 55, 106.0, 19, ABarppa, 0, 0, 0, 0, , 0, 0, 0, 0, 0, 
79, 1, 82, 88, -1, 188, 46, 126.0, 18, ABarppp, 0, 0, 0, 0, , 0, 0, 0, 0, 0, 
80, 1, 83, 89, -1, 83, 107, 74.0, 17, ABplaaa, 0, 0, 0, 0, , 0, 0, 0, 0, 0, 
81, 1, 84, 90, -1, 133, 133, 101.0, 17, ABplaap, 0, 0, 0, 0, , 0, 0, 0, 0, 0, 
82, 1, 85, 91, -1, 126, 91, 71.0, 19, ABplapa, 0, 0, 0, 0, , 0, 0, 0, 0, 0, 
83, 1, 86, 92, -1, 188, 114, 67.0, 19, ABplapp, 0, 0, 0, 0, , 0, 0, 0, 0, 0, 
