1, 0, 1, -1, -1, 48, 115, 75.0, 7, , 157, 0, 0, 0, , 0, 0, 0, 0, 0, 
2, 0, 2, -1, -1, 46, 114, 82.0, 9, , 462, 0, 0, 0, , 0, 0, 0, 0, 0, 
3, 0, 3, -1, -1, 197, 45, 144.0, 8, , 18, 0, 0, 0, , 0, 0, 0, 0, 0, 
4, 0, 6, -1, -1, 83, 78, 144.0, 9, , 16, 0, 0, 0, , 0, 0, 0, 0, 0, 
5, 0, 8, -1, -1, 196, 58, 135.0, 8, , 7, 0, 0, 0, , 0, 0, 0, 0, 0, 
6, 0, 9, -1, -1, 288, 154, 125.0, 11, , 12, 0, 0, 0, , 0, 0, 0, 0, 0, 
7, 0, 11, -1, -1, 123, 137, 173.0, 9, , 52, 0, 0, 0, , 0, 0, 0, 0, 0, 
8, 0, 12, -1, -1, 232, 115, 188.0, 9, , 6, 0, 0, 0, , 0, 0, 0, 0, 0, 
9, 0, 13, -1, -1, 45, 110, 87.0, 9, , 29, 0, 0, 0, , 0, 0, 0, 0, 0, 
10, 0, 15, -1, -1, 283, 149, 125.0, 8, , 42, 0, 0, 0, , 0, 0, 0, 0, 0, 
11, 0, 17, -1, -1, 294, 144, 116.0, 8, , 53, 0, 0, 0, , 0, 0, 0, 0, 0, 
12, 0, 19, -1, -1, 169, 40, 151.0, 7, , 12, 0, 0, 0, , 0, 0, 0, 0, 0, 
13, 0, 21, -1, -1, 170, 124, 184.0, 9, , 35, 0, 0, 0, , 0, 0, 0, 0, 0, 
14, 0, 23, -1, -1, 167, 35, 143.0, 7, , 4, 0, 0, 0, , 0, 0, 0, 0, 0, 
15, 0, 24, -1, -1, 122, 141, 166.0, 8, , 50, 0, 0, 0, , 0, 0, 0, 0, 0, 
16, 0, 25, -1, -1, 122, 130, 166.0, 7, , 67, 0, 0, 0, , 0, 0, 0, 0, 0, 
17, 0, 27, -1, -1, 117, 99, 190.0, 7, , 3, 0, 0, 0, , 0, 0, 0, 0, 0, 
18, 0, 28, -1, -1, 296, 147, 119.0, 8, , 4, 0, 0, 0, , 0, 0, 0, 0, 0, 
19, 0, 30, -1, -1, 82, 64, 149.0, 8, , 17, 0, 0, 0, , 0, 0, 0, 0, 0, 
20, 0, 31, -1, -1, 88, 75, 147.0, 8, , 6, 0, 0, 0, , 0, 0, 0, 0, 0, 
21, 0, 32, -1, -1, 148, 80, 187.0, 8, , 3, 0, 0, 0, , 0, 0, 0, 0, 0, 
22, 0, 33, -1, -1, 145, 81, 191.0, 7, , 5, 0, 0, 0, , 0, 0, 0, 0, 0, 
23, 0, 34, -1, -1, 124, 130, 160.0, 7, , 16, 0, 0, 0, , 0, 0, 0, 0, 0, 
24, 0, 35, -1, -1, 300, 158, 121.0, 9, , 62, 0, 0, 0, , 0, 0, 0, 0, 0, 
25, 0, 36, -1, -1, 197, 49, 137.0, 8, , 100, 0, 0, 0, , 0, 0, 0, 0, 0, 
26, 0, 37, -1, -1, 122, 144, 155.0, 8, , 43, 0, 0, 0, , 0, 0, 0, 0, 0, 
27, 0, 38, -1, -1, 256, 159, 160.0, 8, , 10, 0, 0, 0, , 0, 0, 0, 0, 0, 
28, 0, 39, -1, -1, 120, 149, 167.0, 8, , 13, 0, 0, 0, , 0, 0, 0, 0, 0, 
29, 0, 40, -1, -1, 285, 118, 172.0, 8, , 5, 0, 0, 0, , 0, 0, 0, 0, 0, 
30, 0, 41, -1, -1, 174, 120, 173.0, 8, , 6, 0, 0, 0, , 0, 0, 0, 0, 0, 
31, 0, 42, -1, -1, 233, 120, 177.0, 8, , 6, 0, 0, 0, , 0, 0, 0, 0, 0, 
32, 0, 43, -1, -1, 170, 124, 176.0, 7, , 14, 0, 0, 0, , 0, 0, 0, 0, 0, 
33, 0, 44, -1, -1, 166, 129, 182.0, 7, , 3, 0, 0, 0, , 0, 0, 0, 0, 0, 
34, 0, 45, -1, -1, 224, 119, 178.0, 9, , 4, 0, 0, 0, , 0, 0, 0, 0, 0, 
35, 0, -1, -1, -1, 161, 91, 193.0, 8, , 13, 0, 0, 0, , 0, 0, 0, 0, 0, 
36, 0, -1, -1, -1, 77, 124, 154.0, 8, , 2, 0, 0, 0, , 0, 0, 0, 0, 0, 
37, 0, -1, -1, -1, 162, 41, 154.0, 8, , 3, 0, 0, 0, , 0, 0, 0, 0, 0, 
38, 0, -1, -1, -1, 239, 117, 164.0, 8, , 6, 0, 0, 0, , 0, 0, 0, 0, 0, 
39, 0, -1, -1, -1, 181, 119, 190.0, 8, , 7, 0, 0, 0, , 0, 0, 0, 0, 0, 
40, 1, 46, 38, -1, 148, 175, 127.0, 19, ABalppp, 0, 0, 0, 0, , 0, 0, 0, 0, 0, 
41, 1, 47, 39, -1, 101, 160, 87.0, 25, ABalppa, 0, 0, 0, 0, , 0, 0, 0, 0, 0, 
42, 1, 48, 40, 41, 294, 153, 122.0, 16, D, 0, 0, 0, 0, , 0, 0, 0, 0, 0, 
43, 1, 50, 42, -1, 263, 102, 138.0, 14, Epr, 0, 0, 0, 0, , 0, 0, 0, 0, 0, 
44, 1, 51, 43, -1, 168, 44, 154.0, 23, ABpraaa, 0, 0, 0, 0, , 0, 0, 0, 0, 0, 
45, 1, 52, 44, -1, 151, 89, 191.0, 23, ABarapp, 0, 0, 0, 0, , 0, 0, 0, 0, 0, 
46, 1, 53, 45, -1, 108, 99, 189.0, 22, ABaraap, 0, 0, 0, 0, , 0, 0, 0, 0, 0, 
47, 1, 54, 46, -1, 121, 57, 160.0, 23, ABarapa, 0, 0, 0, 0, , 0, 0, 0, 0, 0, 
48, 0, 55, -1, -1, 112, 63, 166.65218, 21, , 0, 0, 0, 0, , 0, 0, 0, 0, 0, 
49, 1, 56, 48, -1, 81, 73, 151.0, 21, ABaraaa, 0, 0, 0, 0, , 0, 0, 0, 0, 0, 
50, 1, 57, 49, -1, 56, 129, 105.0, 25, ABalpaa, 0, 0, 0, 0, , 0, 0, 0, 0, 0, 
51, 1, 58, 50, -1, 91, 164, 144.0, 23, ABalpap, 0, 0, 0, 0, , 0, 0, 0, 0, 0, 
52, 1, 59, 51, -1, 48, 102, 132.0, 21, ABalaaa, 0, 0, 0, 0, , 0, 0, 0, 0, 0, 
53, 1, 60, 52, -1, 73, 128, 163.0, 21, ABalaap, 0, 0, 0, 0, , 0, 0, 0, 0, 0, 
54, 1, 61, 53, -1, 70, 85, 110.0, 23, ABalapa, 0, 0, 0, 0, , 0, 0, 0, 0, 0, 
55, 1, 62, 54, -1, 112, 107, 132.0, 25, ABalapp, 0, 0, 0, 0, , 0, 0, 0, 0, 0, 
56, 1, 63, 55, -1, 210, 76, 181.2, 21, ABpraap, 0, 0, 0, 0, , 0, 0, 0, 0, 0, 
57, 1, 64, 56, -1, 277, 70, 139.0, 17, ABprapp, 0, 0, 0, 0, , 0, 0, 0, 0, 0, 
58, 1, 65, 57, -1, 222, 45, 138.75, 19, ABprapa, 0, 0, 0, 0, , 0, 0, 0, 0, 0, 
59, 1, 66, 58, -1, 186, 133, 128.0, 19, Eal, 0, 0, 0, 0, , 0, 0, 0, 0, 0, 
60, 1, 67, 59, -1, 195, 85, 146.0, 19, Ear, 0, 0, 0, 0, , 0, 0, 0, 0, 0, 
61, 1, 68, 60, 61, 121, 138, 168.0, 19, MSaa, 0, 0, 0, 0, , 0, 0, 0, 0, 0, 
62, 1, 69, 62, -1, 236, 118, 181.0, 16, MSpp, 0, 0, 0, 0, , 0, 0, 0, 0, 0, 
63, 1, 49, 63, -1, 241, 134, 129.0, 20, Epl, 0, 0, 0, 0, , 0, 0, 0, 0, 0, 
64, 1, 70, 64, -1, 197, 90, 87.0, 21, Caa, 0, 0, 0, 0, , 0, 0, 0, 0, 0, 
65, 1, 71, 65, -1, 194, 145, 70.0, 21, ABplppa, 0, 0, 0, 0, , 0, 0, 0, 0, 0, 
66, 1, 72, 66, -1, 242, 170, 108.0, 21, ABplppp, 0, 0, 0, 0, , 0, 0, 0, 0, 0, 
67, 1, 73, 67, -1, 196, 172, 105.0, 21, ABplpap, 0, 0, 0, 0, , 0, 0, 0, 0, 0, 
68, 1, 74, 68, -1, 149, 148, 73.0, 21, ABplpaa, 0, 0, 0, 0, , 0, 0, 0, 0, 0, 
69, 1, 75, 69, -1, 250, 62, 177.0, 21, ABprpaa, 0, 0, 0, 0, , 0, 0, 0, 0, 0, 
70, 1, 76, 70, -1, 284, 110, 175.0, 21, ABprpap, 0, 0, 0, 0, , 0, 0, 0, 0, 0, 
71, 1, 77, 71, -1, 307, 77, 152.0, 16, ABprppa, 0, 0, 0, 0, , 0, 0, 0, 0, 0, 
72, 1, 78, 72, -1, 312, 124, 157.0, 20, ABprppp, 0, 0, 0, 0, , 0, 0, 0, 0, 0, 
73, 1, 79, 73, -1, 165, 159, 159.54546, 22, MSap, 0, 0, 0, 0, , 0, 0, 0, 0, 0, 
74, 1, 80, 74, -1, 176, 120, 184.0, 17, MSpa, 0, 0, 0, 0, , 0, 0, 0, 0, 0, 
75, 1, 81, 75, -1, 245, 123, 77.0, 21, Cap, 0, 0, 0, 0, , 0, 0, 0, 0, 0, 
76, 1, 82, 76, -1, 245, 77, 94.0, 23, Cpa, 0, 0, 0, 0, , 0, 0, 0, 0, 0, 
77, 1, 83, 77, -1, 303, 118, 95.0, 21, Cpp, 0, 0, 0, 0, , 0, 0, 0, 0, 0, 
78, 1, 84, 78, -1, 251, 160, 150.0, 18, P4, 0, 0, 0, 0, , 0, 0, 0, 0, 0, 
79, 1, 85, 79, -1, 107, 56, 105.8, 21, ABarpaa, 0, 0, 0, 0, , 0, 0, 0, 0, 0, 
80, 1, 86, 80, -1, 153, 92, 142.0, 21, ABarpap, 0, 0, 0, 0, , 0, 0, 0, 0, 0, 
81, 1, 87, 81, -1, 149, 54, 106.0, 19, ABarppa, 0, 0, 0, 0, , 0, 0, 0, 0, 0, 
82, 1, 88, 82, -1, 198, 47, 126.0, 18, ABarppp, 0, 0, 0, 0, , 0, 0, 0, 0, 0, 
83, 1, 89, 83, -1, 84, 100, 74.0, 17, ABplaaa, 0, 0, 0, 0, , 0, 0, 0, 0, 0, 
84, 1, 90, 84, -1, 130, 128, 98.0, 17, ABplaap, 0, 0, 0, 0, , 0, 0, 0, 0, 0, 
85, 1, 91, 85, -1, 130, 92, 70.0, 19, ABplapa, 0, 0, 0, 0, , 0, 0, 0, 0, 0, 
86, 1, 92, 86, -1, 188, 113, 70.0, 19, ABplapp, 0, 0, 0, 0, , 0, 0, 0, 0, 0, 
