1, 0, 2, -1, -1, 47, 114, 80.0, 9, , 912, 0, 0, 0, , 0, 0, 0, 0, 0, 
2, 0, 3, -1, -1, 195, 37, 145.0, 8, , 14, 0, 0, 0, , 0, 0, 0, 0, 0, 
3, 0, 4, -1, -1, 85, 78, 143.0, 9, , 16, 0, 0, 0, , 0, 0, 0, 0, 0, 
4, 0, 5, -1, -1, 194, 50, 136.0, 7, , 6, 0, 0, 0, , 0, 0, 0, 0, 0, 
5, 0, 7, -1, -1, 129, 140, 176.0, 8, , 6, 0, 0, 0, , 0, 0, 0, 0, 0, 
6, 0, 8, -1, -1, 240, 119, 187.0, 7, , 12, 0, 0, 0, , 0, 0, 0, 0, 0, 
7, 0, 9, -1, -1, 45, 110, 87.0, 9, , 29, 0, 0, 0, , 0, 0, 0, 0, 0, 
8, 0, 12, -1, -1, 173, 38, 150.0, 9, , 10, 0, 0, 0, , 0, 0, 0, 0, 0, 
9, 0, 13, -1, -1, 177, 126, 183.0, 7, , 3, 0, 0, 0, , 0, 0, 0, 0, 0, 
10, 0, 15, -1, -1, 111, 127, 165.0, 7, , 2, 0, 0, 0, , 0, 0, 0, 0, 0, 
11, 0, 16, -1, -1, 129, 141, 169.0, 9, , 41, 0, 0, 0, , 0, 0, 0, 0, 0, 
12, 0, 19, -1, -1, 74, 68, 147.0, 8, , 4, 0, 0, 0, , 0, 0, 0, 0, 0, 
13, 0, 21, -1, -1, 152, 83, 184.0, 7, , 6, 0, 0, 0, , 0, 0, 0, 0, 0, 
14, 0, 23, -1, -1, 111, 127, 162.0, 8, , 5, 0, 0, 0, , 0, 0, 0, 0, 0, 
15, 0, 25, -1, -1, 196, 40, 135.0, 8, , 77, 0, 0, 0, , 0, 0, 0, 0, 0, 
16, 0, 27, -1, -1, 263, 162, 155.0, 8, , 11, 0, 0, 0, , 0, 0, 0, 0, 0, 
17, 0, 28, -1, -1, 112, 134, 166.0, 8, , 21, 0, 0, 0, , 0, 0, 0, 0, 0, 
18, 0, 29, -1, -1, 288, 109, 168.0, 7, , 8, 0, 0, 0, , 0, 0, 0, 0, 0, 
19, 0, 30, -1, -1, 173, 116, 173.0, 8, , 8, 0, 0, 0, , 0, 0, 0, 0, 0, 
20, 0, 31, -1, -1, 229, 121, 173.0, 8, , 3, 0, 0, 0, , 0, 0, 0, 0, 0, 
21, 0, 32, -1, -1, 169, 117, 178.0, 8, , 1, 0, 0, 0, , 0, 0, 0, 0, 0, 
22, 0, 33, -1, -1, 167, 117, 180.0, 8, , 4, 0, 0, 0, , 0, 0, 0, 0, 0, 
23, 0, 34, -1, -1, 227, 120, 179.0, 9, , 4, 0, 0, 0, , 0, 0, 0, 0, 0, 
24, 0, 35, -1, -1, 151, 92, 193.0, 8, , 3, 0, 0, 0, , 0, 0, 0, 0, 0, 
25, 0, 36, -1, -1, 74, 125, 153.0, 7, , 3, 0, 0, 0, , 0, 0, 0, 0, 0, 
26, 0, 37, -1, -1, 172, 36, 156.0, 9, , 5, 0, 0, 0, , 0, 0, 0, 0, 0, 
27, 0, 38, -1, -1, 230, 115, 163.0, 7, , 3, 0, 0, 0, , 0, 0, 0, 0, 0, 
28, 0, 39, -1, -1, 176, 117, 190.0, 8, , 5, 0, 0, 0, , 0, 0, 0, 0, 0, 
29, 0, -1, -1, -1, 292, 145, 140.0, 9, , 49, 0, 0, 0, , 0, 0, 0, 0, 0, 
30, 0, -1, -1, -1, 180, 39, 131.0, 8, , 1, 0, 0, 0, , 0, 0, 0, 0, 0, 
31, 0, -1, -1, -1, 297, 145, 132.0, 9, , 15, 0, 0, 0, , 0, 0, 0, 0, 0, 
32, 0, -1, -1, -1, 296, 151, 137.0, 9, , 31, 0, 0, 0, , 0, 0, 0, 0, 0, 
33, 0, -1, -1, -1, 149, 156, 157.0, 8, , 5, 0, 0, 0, , 0, 0, 0, 0, 0, 
34, 0, -1, -1, -1, 155, 145, 157.0, 8, , 6, 0, 0, 0, , 0, 0, 0, 0, 0, 
35, 0, -1, -1, -1, 111, 126, 169.0, 8, , 2, 0, 0, 0, , 0, 0, 0, 0, 0, 
36, 0, -1, -1, -1, 225, 108, 171.0, 7, , 3, 0, 0, 0, , 0, 0, 0, 0, 0, 
37, 0, -1, -1, -1, 245, 115, 179.0, 8, , 3, 0, 0, 0, , 0, 0, 0, 0, 0, 
38, 1, 40, 49, -1, 146, 172, 125.0, 19, ABalppp, 0, 0, 0, 0, , 0, 0, 0, 0, 0, 
39, 1, 41, 50, -1, 99, 158, 89.0, 21, ABalppa, 0, 0, 0, 0, , 0, 0, 0, 0, 0, 
40, 1, 42, 52, -1, 280, 162, 117.0, 16, Da, 0, 0, 0, 0, , 0, 0, 0, 0, 0, 
41, 1, 42, 51, -1, 298, 148, 128.0, 16, Dp, 0, 0, 0, 0, , 0, 0, 0, 0, 0, 
42, 1, 43, 53, -1, 263, 101, 145.0, 22, Epr, 0, 0, 0, 0, , 0, 0, 0, 0, 0, 
43, 1, 44, 54, -1, 168, 43, 154.0, 21, ABpraaa, 0, 0, 0, 0, , 0, 0, 0, 0, 0, 
44, 1, 45, 55, -1, 151, 84, 191.0, 23, ABarapp, 0, 0, 0, 0, , 0, 0, 0, 0, 0, 
45, 1, 46, 56, -1, 111, 95, 190.0, 20, ABaraap, 0, 0, 0, 0, , 0, 0, 0, 0, 0, 
46, 1, 47, 57, -1, 120, 57, 164.0, 25, ABarapa, 0, 0, 0, 0, , 0, 0, 0, 0, 0, 
47, 0, 48, -1, -1, 113, 63, 166.56522, 21, , 0, 0, 0, 0, , 0, 0, 0, 0, 0, 
48, 1, 49, 59, -1, 79, 77, 153.0, 23, ABaraaa, 0, 0, 0, 0, , 0, 0, 0, 0, 0, 
49, 1, 50, 60, -1, 57, 131, 101.0, 25, ABalpaa, 0, 0, 0, 0, , 0, 0, 0, 0, 0, 
50, 1, 51, 61, -1, 93, 163, 140.0, 23, ABalpap, 0, 0, 0, 0, , 0, 0, 0, 0, 0, 
51, 1, 52, 62, -1, 48, 101, 133.0, 21, ABalaaa, 0, 0, 0, 0, , 0, 0, 0, 0, 0, 
52, 1, 53, 63, -1, 74, 128, 162.0, 21, ABalaap, 0, 0, 0, 0, , 0, 0, 0, 0, 0, 
53, 1, 54, 64, -1, 71, 85, 108.0, 25, ABalapa, 0, 0, 0, 0, , 0, 0, 0, 0, 0, 
54, 1, 55, 65, -1, 109, 108, 127.0, 23, ABalapp, 0, 0, 0, 0, , 0, 0, 0, 0, 0, 
55, 1, 56, 66, -1, 213, 70, 181.8, 24, ABpraap, 0, 0, 0, 0, , 0, 0, 0, 0, 0, 
56, 1, 57, 67, -1, 280, 69, 139.0, 23, ABprapp, 0, 0, 0, 0, , 0, 0, 0, 0, 0, 
57, 1, 58, 68, -1, 223, 46, 139.5, 17, ABprapa, 0, 0, 0, 0, , 0, 0, 0, 0, 0, 
58, 1, 59, 69, -1, 184, 138, 128.0, 19, Eal, 0, 0, 0, 0, , 0, 0, 0, 0, 0, 
59, 1, 60, 70, -1, 198, 80, 151.0, 19, Ear, 0, 0, 0, 0, , 0, 0, 0, 0, 0, 
60, 1, 61, 72, -1, 111, 133, 168.0, 15, MSaaa, 0, 0, 0, 0, , 0, 0, 0, 0, 0, 
61, 1, 61, 71, -1, 128, 139, 171.5, 16, MSaap, 0, 0, 0, 0, , 0, 0, 0, 0, 0, 
62, 1, 62, 73, -1, 236, 114, 178.0, 16, MSpp, 0, 0, 0, 0, , 0, 0, 0, 0, 0, 
63, 1, 63, 74, -1, 237, 133, 129.0, 20, Epl, 0, 0, 0, 0, , 0, 0, 0, 0, 0, 
64, 1, 64, 75, -1, 201, 91, 88.0, 23, Caa, 0, 0, 0, 0, , 0, 0, 0, 0, 0, 
65, 1, 65, 76, -1, 194, 147, 70.0, 21, ABplppa, 0, 0, 0, 0, , 0, 0, 0, 0, 0, 
66, 1, 66, 77, -1, 238, 169, 108.5, 21, ABplppp, 0, 0, 0, 0, , 0, 0, 0, 0, 0, 
67, 1, 67, 78, -1, 197, 174, 103.0, 21, ABplpap, 0, 0, 0, 0, , 0, 0, 0, 0, 0, 
68, 1, 68, 79, -1, 145, 150, 72.0, 21, ABplpaa, 0, 0, 0, 0, , 0, 0, 0, 0, 0, 
69, 1, 69, 80, -1, 253, 64, 177.0, 21, ABprpaa, 0, 0, 0, 0, , 0, 0, 0, 0, 0, 
70, 1, 70, 81, -1, 286, 110, 176.0, 21, ABprpap, 0, 0, 0, 0, , 0, 0, 0, 0, 0, 
71, 1, 71, 82, -1, 309, 79, 150.0, 16, ABprppa, 0, 0, 0, 0, , 0, 0, 0, 0, 0, 
72, 1, 72, 83, -1, 314, 124, 156.0, 20, ABprppp, 0, 0, 0, 0, , 0, 0, 0, 0, 0, 
73, 1, 73, 84, -1, 158, 155, 159.36363, 22, MSap, 0, 0, 0, 0, , 0, 0, 0, 0, 0, 
74, 1, 74, 85, 86, 176, 118, 186.0, 17, MSpa, 0, 0, 0, 0, , 0, 0, 0, 0, 0, 
75, 1, 75, 87, -1, 243, 123, 74.0, 21, Cap, 0, 0, 0, 0, , 0, 0, 0, 0, 0, 
76, 1, 76, 88, -1, 251, 81, 92.0, 23, Cpa, 0, 0, 0, 0, , 0, 0, 0, 0, 0, 
77, 1, 77, 89, -1, 301, 122, 92.0, 21, Cpp, 0, 0, 0, 0, , 0, 0, 0, 0, 0, 
78, 1, 78, 90, -1, 252, 160, 153.0, 18, P4, 0, 0, 0, 0, , 0, 0, 0, 0, 0, 
79, 1, 79, 91, -1, 106, 56, 105.4, 21, ABarpaa, 0, 0, 0, 0, , 0, 0, 0, 0, 0, 
80, 1, 80, 92, -1, 153, 89, 143.0, 21, ABarpap, 0, 0, 0, 0, , 0, 0, 0, 0, 0, 
81, 1, 81, 93, -1, 148, 52, 105.0, 19, ABarppa, 0, 0, 0, 0, , 0, 0, 0, 0, 0, 
82, 1, 82, 94, -1, 199, 45, 123.0, 18, ABarppp, 0, 0, 0, 0, , 0, 0, 0, 0, 0, 
83, 1, 83, 95, -1, 91, 100, 73.0, 17, ABplaaa, 0, 0, 0, 0, , 0, 0, 0, 0, 0, 
84, 1, 84, 96, -1, 129, 127, 98.0, 17, ABplaap, 0, 0, 0, 0, , 0, 0, 0, 0, 0, 
85, 1, 85, 97, -1, 134, 91, 74.0, 19, ABplapa, 0, 0, 0, 0, , 0, 0, 0, 0, 0, 
86, 1, 86, 98, -1, 190, 115, 72.0, 19, ABplapp, 0, 0, 0, 0, , 0, 0, 0, 0, 0, 
