1, 0, 1, -1, -1, 48, 115, 75.0, 7, , 179, 0, 0, 0, , 0, 0, 0, 0, 0, 
2, 0, 3, -1, -1, 87, 77, 143.0, 9, , 5, 0, 0, 0, , 0, 0, 0, 0, 0, 
3, 0, 4, -1, -1, 194, 35, 137.0, 8, , 7, 0, 0, 0, , 0, 0, 0, 0, 0, 
4, 0, 5, -1, -1, 139, 139, 174.0, 9, , 58, 0, 0, 0, , 0, 0, 0, 0, 0, 
5, 0, 6, -1, -1, 243, 111, 187.0, 7, , 9, 0, 0, 0, , 0, 0, 0, 0, 0, 
6, 0, 7, -1, -1, 46, 110, 87.0, 9, , 29, 0, 0, 0, , 0, 0, 0, 0, 0, 
7, 0, 8, -1, -1, 170, 38, 149.0, 7, , 35, 0, 0, 0, , 0, 0, 0, 0, 0, 
8, 0, 9, -1, -1, 160, 109, 187.0, 7, , 59, 0, 0, 0, , 0, 0, 0, 0, 0, 
9, 0, 12, -1, -1, 74, 68, 142.0, 8, , 2, 0, 0, 0, , 0, 0, 0, 0, 0, 
10, 0, 13, -1, -1, 147, 79, 192.0, 8, , 6, 0, 0, 0, , 0, 0, 0, 0, 0, 
11, 0, 14, -1, -1, 102, 130, 161.0, 9, , 17, 0, 0, 0, , 0, 0, 0, 0, 0, 
12, 0, 15, -1, -1, 193, 46, 130.0, 7, , 16, 0, 0, 0, , 0, 0, 0, 0, 0, 
13, 0, 16, -1, -1, 262, 151, 155.0, 7, , 5, 0, 0, 0, , 0, 0, 0, 0, 0, 
14, 0, 17, -1, -1, 102, 132, 166.0, 11, , 18, 0, 0, 0, , 0, 0, 0, 0, 0, 
15, 0, 18, -1, -1, 287, 101, 169.0, 8, , 2, 0, 0, 0, , 0, 0, 0, 0, 0, 
16, 0, 20, -1, -1, 223, 116, 172.0, 7, , 3, 0, 0, 0, , 0, 0, 0, 0, 0, 
17, 0, 21, -1, -1, 158, 110, 181.0, 7, , 4, 0, 0, 0, , 0, 0, 0, 0, 0, 
18, 0, 22, -1, -1, 164, 108, 181.0, 8, , 24, 0, 0, 0, , 0, 0, 0, 0, 0, 
19, 0, 23, -1, -1, 230, 120, 180.0, 9, , 4, 0, 0, 0, , 0, 0, 0, 0, 0, 
20, 0, 24, -1, -1, 164, 107, 194.0, 9, , 54, 0, 0, 0, , 0, 0, 0, 0, 0, 
21, 0, 25, -1, -1, 72, 127, 152.0, 7, , 14, 0, 0, 0, , 0, 0, 0, 0, 0, 
22, 0, 26, -1, -1, 157, 48, 155.0, 7, , 3, 0, 0, 0, , 0, 0, 0, 0, 0, 
23, 0, 27, -1, -1, 229, 110, 167.0, 8, , 11, 0, 0, 0, , 0, 0, 0, 0, 0, 
24, 0, 28, -1, -1, 163, 114, 192.0, 7, , 3, 0, 0, 0, , 0, 0, 0, 0, 0, 
25, 0, 29, -1, -1, 295, 142, 136.0, 8, , 26, 0, 0, 0, , 0, 0, 0, 0, 0, 
26, 0, 30, -1, -1, 194, 38, 129.0, 8, , 79, 0, 0, 0, , 0, 0, 0, 0, 0, 
27, 0, 31, -1, -1, 298, 146, 132.0, 9, , 35, 0, 0, 0, , 0, 0, 0, 0, 0, 
28, 0, 32, -1, -1, 298, 150, 138.0, 9, , 67, 0, 0, 0, , 0, 0, 0, 0, 0, 
29, 0, 33, -1, -1, 155, 162, 157.0, 7, , 7, 0, 0, 0, , 0, 0, 0, 0, 0, 
30, 0, 34, -1, -1, 159, 146, 161.0, 7, , 16, 0, 0, 0, , 0, 0, 0, 0, 0, 
31, 0, 35, -1, -1, 99, 125, 169.0, 8, , 6, 0, 0, 0, , 0, 0, 0, 0, 0, 
32, 0, 36, -1, -1, 224, 116, 170.0, 7, , 3, 0, 0, 0, , 0, 0, 0, 0, 0, 
33, 0, 37, -1, -1, 234, 111, 185.0, 8, , 27, 0, 0, 0, , 0, 0, 0, 0, 0, 
34, 0, -1, -1, -1, 228, 112, 174.0, 8, , 28, 0, 0, 0, , 0, 0, 0, 0, 0, 
35, 0, -1, -1, -1, 229, 116, 184.0, 8, , 28, 0, 0, 0, , 0, 0, 0, 0, 0, 
36, 0, -1, -1, -1, 231, 110, 191.0, 8, , 44, 0, 0, 0, , 0, 0, 0, 0, 0, 
37, 0, -1, -1, -1, 163, 143, 146.0, 8, , 29, 0, 0, 0, , 0, 0, 0, 0, 0, 
38, 0, -1, -1, -1, 161, 152, 151.0, 8, , 38, 0, 0, 0, , 0, 0, 0, 0, 0, 
39, 0, -1, -1, -1, 160, 143, 155.0, 9, , 89, 0, 0, 0, , 0, 0, 0, 0, 0, 
40, 0, -1, -1, -1, 242, 109, 181.0, 8, , 29, 0, 0, 0, , 0, 0, 0, 0, 0, 
41, 0, -1, -1, -1, 167, 104, 189.0, 8, , 61, 0, 0, 0, , 0, 0, 0, 0, 0, 
42, 0, -1, -1, -1, 189, 36, 101.0, 7, , 2, 0, 0, 0, , 0, 0, 0, 0, 0, 
43, 0, -1, -1, -1, 167, 49, 164.0, 7, , 3, 0, 0, 0, , 0, 0, 0, 0, 0, 
44, 0, -1, -1, -1, 112, 57, 169.0, 8, , 23, 0, 0, 0, , 0, 0, 0, 0, 0, 
45, 0, -1, -1, -1, 232, 111, 180.0, 8, , 3, 0, 0, 0, , 0, 0, 0, 0, 0, 
46, 0, -1, -1, -1, 184, 137, 182.0, 8, , 2, 0, 0, 0, , 0, 0, 0, 0, 0, 
47, 0, -1, -1, -1, 254, 62, 185.0, 7, , 3, 0, 0, 0, , 0, 0, 0, 0, 0, 
48, 0, -1, -1, -1, 235, 114, 191.0, 8, , 3, 0, 0, 0, , 0, 0, 0, 0, 0, 
49, 1, 38, 51, -1, 145, 170, 120.0, 19, ABalppp, 0, 0, 0, 0, , 0, 0, 0, 0, 0, 
50, 1, 39, 52, -1, 101, 159, 88.0, 23, ABalppa, 0, 0, 0, 0, , 0, 0, 0, 0, 0, 
51, 1, 41, 91, -1, 298, 147, 134.0, 16, Dp, 0, 0, 0, 0, , 0, 0, 0, 0, 0, 
52, 1, 40, 53, -1, 277, 167, 112.0, 16, Da, 0, 0, 0, 0, , 0, 0, 0, 0, 0, 
53, 1, 42, 54, -1, 266, 97, 143.0, 22, Epr, 0, 0, 0, 0, , 0, 0, 0, 0, 0, 
54, 1, 43, 55, -1, 165, 44, 154.0, 23, ABpraaa, 0, 0, 0, 0, , 0, 0, 0, 0, 0, 
55, 1, 44, 56, -1, 147, 79, 192.0, 23, ABarapp, 0, 0, 0, 0, , 0, 0, 0, 0, 0, 
56, 1, 45, 57, -1, 112, 99, 189.0, 22, ABaraap, 0, 0, 0, 0, , 0, 0, 0, 0, 0, 
57, 1, 46, 58, -1, 117, 55, 162.0, 23, ABarapa, 0, 0, 0, 0, , 0, 0, 0, 0, 0, 
58, 0, 47, -1, -1, 113, 63, 166.47826, 20, , 0, 0, 0, 0, , 0, 0, 0, 0, 0, 
59, 1, 48, 60, -1, 79, 75, 151.0, 23, ABaraaa, 0, 0, 0, 0, , 0, 0, 0, 0, 0, 
60, 1, 49, 61, -1, 55, 128, 102.0, 25, ABalpaa, 0, 0, 0, 0, , 0, 0, 0, 0, 0, 
61, 1, 50, 62, -1, 97, 165, 140.0, 23, ABalpap, 0, 0, 0, 0, , 0, 0, 0, 0, 0, 
62, 1, 51, 63, -1, 48, 100, 131.0, 23, ABalaaa, 0, 0, 0, 0, , 0, 0, 0, 0, 0, 
63, 1, 52, 64, -1, 65, 124, 161.0, 23, ABalaap, 0, 0, 0, 0, , 0, 0, 0, 0, 0, 
64, 1, 53, 65, -1, 73, 85, 105.0, 23, ABalapa, 0, 0, 0, 0, , 0, 0, 0, 0, 0, 
65, 1, 54, 66, -1, 111, 107, 130.0, 23, ABalapp, 0, 0, 0, 0, , 0, 0, 0, 0, 0, 
66, 1, 55, 67, -1, 210, 73, 182.4, 19, ABpraap, 0, 0, 0, 0, , 0, 0, 0, 0, 0, 
67, 1, 56, 68, -1, 276, 68, 139.0, 20, ABprapp, 0, 0, 0, 0, , 0, 0, 0, 0, 0, 
68, 1, 57, 69, -1, 224, 47, 140.25, 15, ABprapa, 0, 0, 0, 0, , 0, 0, 0, 0, 0, 
69, 1, 58, 70, -1, 187, 140, 125.0, 21, Eal, 0, 0, 0, 0, , 0, 0, 0, 0, 0, 
70, 1, 59, 71, -1, 200, 79, 154.0, 19, Ear, 0, 0, 0, 0, , 0, 0, 0, 0, 0, 
71, 1, 61, 84, -1, 136, 141, 175.0, 13, MSaap, 0, 0, 0, 0, , 0, 0, 0, 0, 0, 
72, 1, 60, 72, -1, 99, 131, 168.0, 15, MSaaa, 0, 0, 0, 0, , 0, 0, 0, 0, 0, 
73, 1, 62, 73, -1, 235, 107, 178.0, 16, MSpp, 0, 0, 0, 0, , 0, 0, 0, 0, 0, 
74, 1, 63, 74, -1, 235, 139, 126.0, 20, Epl, 0, 0, 0, 0, , 0, 0, 0, 0, 0, 
75, 1, 64, 75, -1, 198, 89, 87.0, 21, Caa, 0, 0, 0, 0, , 0, 0, 0, 0, 0, 
76, 1, 65, 76, -1, 194, 148, 69.5, 21, ABplppa, 0, 0, 0, 0, , 0, 0, 0, 0, 0, 
77, 1, 66, 77, -1, 233, 168, 109.0, 21, ABplppp, 0, 0, 0, 0, , 0, 0, 0, 0, 0, 
78, 1, 67, 78, -1, 194, 173, 106.0, 21, ABplpap, 0, 0, 0, 0, , 0, 0, 0, 0, 0, 
79, 1, 68, 79, -1, 145, 150, 71.75, 21, ABplpaa, 0, 0, 0, 0, , 0, 0, 0, 0, 0, 
80, 1, 69, 80, -1, 252, 64, 178.0, 21, ABprpaa, 0, 0, 0, 0, , 0, 0, 0, 0, 0, 
81, 1, 70, 81, -1, 288, 107, 177.0, 21, ABprpap, 0, 0, 0, 0, , 0, 0, 0, 0, 0, 
82, 1, 71, 82, -1, 307, 78, 143.0, 16, ABprppa, 0, 0, 0, 0, , 0, 0, 0, 0, 0, 
83, 1, 72, 83, -1, 318, 119, 154.0, 20, ABprppp, 0, 0, 0, 0, , 0, 0, 0, 0, 0, 
84, 1, 73, 85, -1, 156, 152, 159.18182, 17, MSap, 0, 0, 0, 0, , 0, 0, 0, 0, 0, 
85, 1, 74, 87, -1, 163, 106, 187.0, 15, MSpaa, 0, 0, 0, 0, , 0, 0, 0, 0, 0, 
86, 1, 74, 86, -1, 187, 134, 185.0, 16, MSpap, 0, 0, 0, 0, , 0, 0, 0, 0, 0, 
87, 1, 75, 88, -1, 239, 123, 73.0, 21, Cap, 0, 0, 0, 0, , 0, 0, 0, 0, 0, 
88, 1, 76, 89, -1, 249, 84, 93.0, 21, Cpa, 0, 0, 0, 0, , 0, 0, 0, 0, 0, 
89, 1, 77, 90, -1, 294, 120, 93.0, 21, Cpp, 0, 0, 0, 0, , 0, 0, 0, 0, 0, 
90, 1, 78, 92, -1, 255, 157, 156.0, 18, P4, 0, 0, 0, 0, , 0, 0, 0, 0, 0, 
91, 1, 79, 93, -1, 109, 55, 105.0, 21, ABarpaa, 0, 0, 0, 0, , 0, 0, 0, 0, 0, 
92, 1, 80, 94, -1, 156, 91, 145.0, 21, ABarpap, 0, 0, 0, 0, , 0, 0, 0, 0, 0, 
93, 1, 81, 95, -1, 149, 58, 105.0, 19, ABarppa, 0, 0, 0, 0, , 0, 0, 0, 0, 0, 
94, 1, 82, 96, -1, 201, 52, 122.0, 18, ABarppp, 0, 0, 0, 0, , 0, 0, 0, 0, 0, 
95, 1, 83, 97, -1, 88, 101, 72.0, 17, ABplaaa, 0, 0, 0, 0, , 0, 0, 0, 0, 0, 
96, 1, 84, 98, -1, 128, 128, 99.0, 17, ABplaap, 0, 0, 0, 0, , 0, 0, 0, 0, 0, 
97, 1, 85, 99, -1, 132, 96, 76.0, 19, ABplapa, 0, 0, 0, 0, , 0, 0, 0, 0, 0, 
98, 1, 86, 100, -1, 186, 120, 72.0, 19, ABplapp, 0, 0, 0, 0, , 0, 0, 0, 0, 0, 
