1, 0, 1, -1, -1, 49, 113, 73.0, 9, , 25, 0, 0, 0, , 0, 0, 0, 0, 0, 
2, 0, 2, -1, -1, 193, 38, 137.0, 7, , 16, 0, 0, 0, , 0, 0, 0, 0, 0, 
3, 0, 4, -1, -1, 235, 94, 190.0, 9, , 20, 0, 0, 0, , 0, 0, 0, 0, 0, 
4, 0, 5, -1, -1, 47, 110, 86.0, 9, , 29, 0, 0, 0, , 0, 0, 0, 0, 0, 
5, 0, 6, -1, -1, 169, 36, 149.0, 7, , 5, 0, 0, 0, , 0, 0, 0, 0, 0, 
6, 0, 7, -1, -1, 86, 77, 144.0, 8, , 8, 0, 0, 0, , 0, 0, 0, 0, 0, 
7, 0, 8, -1, -1, 154, 68, 191.0, 7, , 4, 0, 0, 0, , 0, 0, 0, 0, 0, 
8, 0, 9, -1, -1, 192, 47, 130.0, 8, , 13, 0, 0, 0, , 0, 0, 0, 0, 0, 
9, 0, 10, -1, -1, 251, 151, 154.0, 8, , 3, 0, 0, 0, , 0, 0, 0, 0, 0, 
10, 0, 13, -1, -1, 68, 127, 154.0, 7, , 14, 0, 0, 0, , 0, 0, 0, 0, 0, 
11, 0, 14, -1, -1, 167, 36, 154.0, 7, , 5, 0, 0, 0, , 0, 0, 0, 0, 0, 
12, 0, 15, -1, -1, 192, 40, 130.0, 8, , 78, 0, 0, 0, , 0, 0, 0, 0, 0, 
13, 0, 17, -1, -1, 151, 143, 157.0, 9, , 6, 0, 0, 0, , 0, 0, 0, 0, 0, 
14, 0, 18, -1, -1, 245, 126, 170.0, 9, , 18, 0, 0, 0, , 0, 0, 0, 0, 0, 
15, 0, 20, -1, -1, 226, 93, 185.0, 8, , 7, 0, 0, 0, , 0, 0, 0, 0, 0, 
16, 0, 21, -1, -1, 149, 138, 144.0, 8, , 4, 0, 0, 0, , 0, 0, 0, 0, 0, 
17, 0, 22, -1, -1, 151, 142, 151.0, 7, , 4, 0, 0, 0, , 0, 0, 0, 0, 0, 
18, 0, 23, -1, -1, 183, 152, 159.0, 9, , 71, 0, 0, 0, , 0, 0, 0, 0, 0, 
19, 0, 24, -1, -1, 114, 59, 172.0, 9, , 13, 0, 0, 0, , 0, 0, 0, 0, 0, 
20, 0, 25, -1, -1, 244, 129, 177.0, 8, , 14, 0, 0, 0, , 0, 0, 0, 0, 0, 
21, 0, 26, -1, -1, 249, 63, 184.0, 9, , 4, 0, 0, 0, , 0, 0, 0, 0, 0, 
22, 0, 27, -1, -1, 229, 99, 199.0, 7, , 26, 0, 0, 0, , 0, 0, 0, 0, 0, 
23, 0, 28, -1, -1, 47, 112, 83.0, 9, , 1100, 0, 0, 0, , 0, 0, 0, 0, 0, 
24, 0, 30, -1, -1, 231, 49, 138.0, 9, , 6, 0, 0, 0, , 0, 0, 0, 0, 0, 
25, 0, 31, -1, -1, 170, 44, 145.0, 9, , 5, 0, 0, 0, , 0, 0, 0, 0, 0, 
26, 0, 32, -1, -1, 87, 71, 150.0, 7, , 19, 0, 0, 0, , 0, 0, 0, 0, 0, 
27, 0, 33, -1, -1, 175, 46, 153.0, 7, , 3, 0, 0, 0, , 0, 0, 0, 0, 0, 
28, 0, 34, -1, -1, 85, 76, 156.0, 8, , 4, 0, 0, 0, , 0, 0, 0, 0, 0, 
29, 0, 35, -1, -1, 147, 84, 184.0, 8, , 3, 0, 0, 0, , 0, 0, 0, 0, 0, 
30, 0, 36, -1, -1, 218, 72, 177.0, 7, , 3, 0, 0, 0, , 0, 0, 0, 0, 0, 
31, 0, 37, -1, -1, 160, 80, 192.0, 8, , 3, 0, 0, 0, , 0, 0, 0, 0, 0, 
32, 0, 38, -1, -1, 148, 144, 160.0, 8, , 2, 0, 0, 0, , 0, 0, 0, 0, 0, 
33, 0, 39, -1, -1, 260, 157, 161.0, 8, , 3, 0, 0, 0, , 0, 0, 0, 0, 0, 
34, 0, 40, -1, -1, 261, 164, 147.0, 8, , 7, 0, 0, 0, , 0, 0, 0, 0, 0, 
35, 0, 41, -1, -1, 262, 160, 139.0, 9, , 5, 0, 0, 0, , 0, 0, 0, 0, 0, 
36, 0, 42, -1, -1, 70, 122, 152.0, 8, , 8, 0, 0, 0, , 0, 0, 0, 0, 0, 
37, 0, 43, -1, -1, 264, 149, 153.0, 7, , 45, 0, 0, 0, , 0, 0, 0, 0, 0, 
38, 0, 44, -1, -1, 182, 145, 160.0, 9, , 5, 0, 0, 0, , 0, 0, 0, 0, 0, 
39, 0, 45, -1, -1, 222, 66, 179.0, 7, , 9, 0, 0, 0, , 0, 0, 0, 0, 0, 
40, 0, -1, -1, -1, 185, 148, 154.0, 11, , 33, 0, 0, 0, , 0, 0, 0, 0, 0, 
41, 0, -1, -1, -1, 235, 99, 197.0, 8, , 37, 0, 0, 0, , 0, 0, 0, 0, 0, 
42, 0, -1, -1, -1, 244, 59, 176.0, 7, , 8, 0, 0, 0, , 0, 0, 0, 0, 0, 
43, 0, -1, -1, -1, 226, 97, 193.0, 7, , 9, 0, 0, 0, , 0, 0, 0, 0, 0, 
44, 0, -1, -1, -1, 149, 170, 114.0, 23, , 0, 0, 0, 0, , 0, 0, 0, 0, 0, 
45, 1, 47, 48, -1, 150, 169, 115.0, 23, ABalppp, 0, 0, 0, 0, , 0, 0, 0, 0, 0, 
46, 1, 48, 37, -1, 104, 161, 86.0, 23, ABalppa, 0, 0, 0, 0, , 0, 0, 0, 0, 0, 
47, 1, 49, 38, -1, 271, 170, 107.0, 16, Da, 0, 0, 0, 0, , 0, 0, 0, 0, 0, 
48, 1, 50, 39, -1, 268, 100, 146.0, 24, Epr, 0, 0, 0, 0, , 0, 0, 0, 0, 0, 
49, 1, 51, 40, -1, 164, 45, 152.0, 23, ABpraaa, 0, 0, 0, 0, , 0, 0, 0, 0, 0, 
50, 1, 52, 41, -1, 150, 78, 191.0, 23, ABarapp, 0, 0, 0, 0, , 0, 0, 0, 0, 0, 
51, 1, 53, 42, -1, 112, 99, 185.0, 24, ABaraap, 0, 0, 0, 0, , 0, 0, 0, 0, 0, 
52, 1, 54, 43, -1, 119, 56, 163.0, 23, ABarapa, 0, 0, 0, 0, , 0, 0, 0, 0, 0, 
53, 0, 55, -1, -1, 115, 62, 166.21739, 20, , 0, 0, 0, 0, , 0, 0, 0, 0, 0, 
54, 1, 56, 45, -1, 77, 77, 149.0, 23, ABaraaa, 0, 0, 0, 0, , 0, 0, 0, 0, 0, 
55, 1, 57, 46, -1, 60, 137, 106.0, 25, ABalpaa, 0, 0, 0, 0, , 0, 0, 0, 0, 0, 
56, 1, 58, 47, -1, 101, 165, 141.0, 23, ABalpap, 0, 0, 0, 0, , 0, 0, 0, 0, 0, 
57, 1, 59, 49, -1, 47, 104, 126.0, 23, ABalaaa, 0, 0, 0, 0, , 0, 0, 0, 0, 0, 
58, 1, 60, 50, -1, 65, 123, 158.0, 25, ABalaap, 0, 0, 0, 0, , 0, 0, 0, 0, 0, 
59, 1, 61, 51, -1, 73, 89, 107.0, 25, ABalapa, 0, 0, 0, 0, , 0, 0, 0, 0, 0, 
60, 1, 62, 52, -1, 111, 110, 132.0, 25, ABalapp, 0, 0, 0, 0, , 0, 0, 0, 0, 0, 
61, 1, 63, 53, -1, 211, 64, 181.0, 21, ABpraap, 0, 0, 0, 0, , 0, 0, 0, 0, 0, 
62, 1, 64, 54, -1, 267, 66, 139.0, 23, ABprapp, 0, 0, 0, 0, , 0, 0, 0, 0, 0, 
63, 1, 65, 55, -1, 220, 47, 140.5, 18, ABprapa, 0, 0, 0, 0, , 0, 0, 0, 0, 0, 
64, 1, 66, 56, -1, 189, 136, 121.0, 23, Eal, 0, 0, 0, 0, , 0, 0, 0, 0, 0, 
65, 1, 67, 57, -1, 202, 86, 152.0, 19, Ear, 0, 0, 0, 0, , 0, 0, 0, 0, 0, 
66, 1, 68, 58, -1, 97, 128, 169.0, 19, MSaaa, 0, 0, 0, 0, , 0, 0, 0, 0, 0, 
67, 1, 70, 59, -1, 231, 93, 189.0, 16, MSppa, 0, 0, 0, 0, , 0, 0, 0, 0, 0, 
68, 1, 69, 60, -1, 245, 127, 175.0, 16, MSppp, 0, 0, 0, 0, , 0, 0, 0, 0, 0, 
69, 1, 71, 61, -1, 233, 140, 119.0, 20, Epl, 0, 0, 0, 0, , 0, 0, 0, 0, 0, 
70, 1, 72, 62, -1, 190, 86, 87.0, 23, Caa, 0, 0, 0, 0, , 0, 0, 0, 0, 0, 
71, 1, 73, 63, -1, 195, 151, 69.0, 21, ABplppa, 0, 0, 0, 0, , 0, 0, 0, 0, 0, 
72, 1, 74, 64, -1, 225, 165, 106.75, 21, ABplppp, 0, 0, 0, 0, , 0, 0, 0, 0, 0, 
73, 1, 75, 65, -1, 188, 172, 109.0, 21, ABplpap, 0, 0, 0, 0, , 0, 0, 0, 0, 0, 
74, 1, 76, 66, -1, 143, 149, 71.0, 23, ABplpaa, 0, 0, 0, 0, , 0, 0, 0, 0, 0, 
75, 1, 77, 67, -1, 256, 62, 176.0, 23, ABprpaa, 0, 0, 0, 0, , 0, 0, 0, 0, 0, 
76, 1, 78, 68, -1, 288, 103, 176.625, 22, ABprpap, 0, 0, 0, 0, , 0, 0, 0, 0, 0, 
77, 1, 79, 69, -1, 301, 73, 141.0, 20, ABprppa, 0, 0, 0, 0, , 0, 0, 0, 0, 0, 
78, 1, 80, 70, -1, 317, 115, 150.0, 22, ABprppp, 0, 0, 0, 0, , 0, 0, 0, 0, 0, 
79, 1, 81, 71, -1, 143, 136, 178.6, 20, MSaap, 0, 0, 0, 0, , 0, 0, 0, 0, 0, 
80, 1, 83, 73, -1, 183, 150, 157.0, 16, MSapp, 0, 0, 0, 0, , 0, 0, 0, 0, 0, 
81, 1, 82, 72, -1, 150, 145, 153.0, 16, MSapa, 0, 0, 0, 0, , 0, 0, 0, 0, 0, 
82, 1, 84, 74, -1, 167, 104, 191.0, 17, MSpaa, 0, 0, 0, 0, , 0, 0, 0, 0, 0, 
83, 1, 85, 75, -1, 202, 132, 184.0, 16, MSpap, 0, 0, 0, 0, , 0, 0, 0, 0, 0, 
84, 1, 86, 76, -1, 235, 127, 71.0, 21, Cap, 0, 0, 0, 0, , 0, 0, 0, 0, 0, 
85, 1, 87, 77, -1, 247, 80, 94.0, 21, Cpa, 0, 0, 0, 0, , 0, 0, 0, 0, 0, 
86, 1, 88, 78, -1, 285, 120, 93.0, 21, Cpp, 0, 0, 0, 0, , 0, 0, 0, 0, 0, 
87, 1, 89, 79, -1, 302, 149, 138.0, 16, Dp, 0, 0, 0, 0, , 0, 0, 0, 0, 0, 
88, 1, 90, 80, -1, 259, 157, 156.0, 20, P4, 0, 0, 0, 0, , 0, 0, 0, 0, 0, 
89, 1, 91, 81, -1, 106, 55, 105.0, 21, ABarpaa, 0, 0, 0, 0, , 0, 0, 0, 0, 0, 
90, 1, 92, 82, -1, 149, 89, 144.0, 21, ABarpap, 0, 0, 0, 0, , 0, 0, 0, 0, 0, 
91, 1, 93, 83, -1, 148, 57, 101.0, 19, ABarppa, 0, 0, 0, 0, , 0, 0, 0, 0, 0, 
92, 1, 94, 84, -1, 200, 52, 120.0, 18, ABarppp, 0, 0, 0, 0, , 0, 0, 0, 0, 0, 
93, 1, 95, 85, -1, 87, 101, 72.545456, 17, ABplaaa, 0, 0, 0, 0, , 0, 0, 0, 0, 0, 
94, 1, 96, 86, -1, 129, 130, 102.0, 17, ABplaap, 0, 0, 0, 0, , 0, 0, 0, 0, 0, 
95, 1, 97, 87, -1, 135, 98, 71.0, 19, ABplapa, 0, 0, 0, 0, , 0, 0, 0, 0, 0, 
96, 1, 98, 88, -1, 182, 116, 69.0, 19, ABplapp, 0, 0, 0, 0, , 0, 0, 0, 0, 0, 
