1, 0, 1, -1, -1, 48, 115, 76.0, 9, , 213, 0, 0, 0, , 0, 0, 0, 0, 0, 
2, 0, 3, -1, -1, 234, 93, 188.0, 8, , 1, 0, 0, 0, , 0, 0, 0, 0, 0, 
3, 0, 4, -1, -1, 47, 110, 86.0, 9, , 120, 0, 0, 0, , 0, 0, 0, 0, 0, 
4, 0, 5, -1, -1, 176, 39, 149.0, 8, , 9, 0, 0, 0, , 0, 0, 0, 0, 0, 
5, 0, 6, -1, -1, 86, 73, 144.0, 8, , 17, 0, 0, 0, , 0, 0, 0, 0, 0, 
6, 0, 7, -1, -1, 145, 79, 193.0, 9, , 11, 0, 0, 0, , 0, 0, 0, 0, 0, 
7, 0, 8, -1, -1, 188, 42, 131.0, 8, , 7, 0, 0, 0, , 0, 0, 0, 0, 0, 
8, 0, 9, -1, -1, 260, 150, 156.0, 8, , 7, 0, 0, 0, , 0, 0, 0, 0, 0, 
9, 0, 10, -1, -1, 66, 127, 155.0, 9, , 6, 0, 0, 0, , 0, 0, 0, 0, 0, 
10, 0, 11, -1, -1, 164, 36, 157.0, 7, , 5, 0, 0, 0, , 0, 0, 0, 0, 0, 
11, 0, 12, -1, -1, 193, 43, 130.0, 8, , 139, 0, 0, 0, , 0, 0, 0, 0, 0, 
12, 0, 21, -1, -1, 247, 66, 182.0, 9, , 10, 0, 0, 0, , 0, 0, 0, 0, 0, 
13, 0, 22, -1, -1, 225, 98, 199.0, 8, , 3, 0, 0, 0, , 0, 0, 0, 0, 0, 
14, 0, 23, -1, -1, 47, 114, 81.0, 11, , 504, 0, 0, 0, , 0, 0, 0, 0, 0, 
15, 0, 24, -1, -1, 228, 47, 134.0, 9, , 14, 0, 0, 0, , 0, 0, 0, 0, 0, 
16, 0, 25, -1, -1, 173, 48, 143.0, 8, , 5, 0, 0, 0, , 0, 0, 0, 0, 0, 
17, 0, 26, -1, -1, 88, 69, 152.0, 8, , 18, 0, 0, 0, , 0, 0, 0, 0, 0, 
18, 0, 27, -1, -1, 176, 47, 150.0, 8, , 10, 0, 0, 0, , 0, 0, 0, 0, 0, 
19, 0, 28, -1, -1, 88, 78, 155.0, 8, , 7, 0, 0, 0, , 0, 0, 0, 0, 0, 
20, 0, 29, -1, -1, 161, 69, 184.0, 7, , 8, 0, 0, 0, , 0, 0, 0, 0, 0, 
21, 0, 30, -1, -1, 219, 70, 173.0, 8, , 8, 0, 0, 0, , 0, 0, 0, 0, 0, 
22, 0, 31, -1, -1, 156, 78, 198.0, 8, , 8, 0, 0, 0, , 0, 0, 0, 0, 0, 
23, 0, 33, -1, -1, 250, 161, 159.0, 7, , 3, 0, 0, 0, , 0, 0, 0, 0, 0, 
24, 0, 34, -1, -1, 270, 162, 145.0, 8, , 25, 0, 0, 0, , 0, 0, 0, 0, 0, 
25, 0, 35, -1, -1, 261, 161, 139.0, 7, , 7, 0, 0, 0, , 0, 0, 0, 0, 0, 
26, 0, 36, -1, -1, 71, 79, 157.0, 9, , 11, 0, 0, 0, , 0, 0, 0, 0, 0, 
27, 0, 37, -1, -1, 267, 152, 152.0, 7, , 16, 0, 0, 0, , 0, 0, 0, 0, 0, 
28, 0, 38, -1, -1, 178, 148, 160.0, 8, , 1, 0, 0, 0, , 0, 0, 0, 0, 0, 
29, 0, 42, -1, -1, 243, 62, 174.0, 7, , 6, 0, 0, 0, , 0, 0, 0, 0, 0, 
30, 0, -1, -1, -1, 220, 60, 175.0, 8, , 51, 0, 0, 0, , 0, 0, 0, 0, 0, 
31, 0, -1, -1, -1, 192, 59, 123.0, 7, , 4, 0, 0, 0, , 0, 0, 0, 0, 0, 
32, 0, -1, -1, -1, 155, 42, 145.0, 7, , 3, 0, 0, 0, , 0, 0, 0, 0, 0, 
33, 0, -1, -1, -1, 88, 78, 148.0, 9, , 8, 0, 0, 0, , 0, 0, 0, 0, 0, 
34, 0, -1, -1, -1, 168, 35, 152.0, 7, , 20, 0, 0, 0, , 0, 0, 0, 0, 0, 
35, 0, -1, -1, -1, 147, 75, 177.0, 7, , 6, 0, 0, 0, , 0, 0, 0, 0, 0, 
36, 0, -1, -1, -1, 161, 70, 189.0, 7, , 14, 0, 0, 0, , 0, 0, 0, 0, 0, 
37, 1, 46, 19, -1, 100, 160, 88.0, 23, ABalppa, 0, 0, 0, 0, , 0, 0, 0, 0, 0, 
38, 1, 47, 20, -1, 269, 168, 107.0, 16, Da, 0, 0, 0, 0, , 0, 0, 0, 0, 0, 
39, 1, 48, 21, -1, 264, 99, 146.0, 23, Epr, 0, 0, 0, 0, , 0, 0, 0, 0, 0, 
40, 1, 49, 22, -1, 165, 42, 151.0, 21, ABpraaa, 0, 0, 0, 0, , 0, 0, 0, 0, 0, 
41, 1, 50, 23, -1, 153, 76, 189.0, 25, ABarapp, 0, 0, 0, 0, , 0, 0, 0, 0, 0, 
42, 1, 51, 24, -1, 116, 98, 187.0, 24, ABaraap, 0, 0, 0, 0, , 0, 0, 0, 0, 0, 
43, 1, 52, 25, -1, 120, 55, 162.0, 23, ABarapa, 0, 0, 0, 0, , 0, 0, 0, 0, 0, 
44, 0, 53, -1, -1, 116, 62, 166.13043, 20, , 0, 0, 0, 0, , 0, 0, 0, 0, 0, 
45, 1, 54, 27, -1, 80, 77, 152.0, 23, ABaraaa, 0, 0, 0, 0, , 0, 0, 0, 0, 0, 
46, 1, 55, 28, -1, 60, 137, 108.0, 25, ABalpaa, 0, 0, 0, 0, , 0, 0, 0, 0, 0, 
47, 1, 56, 29, -1, 100, 163, 141.0, 25, ABalpap, 0, 0, 0, 0, , 0, 0, 0, 0, 0, 
48, 1, 45, 30, -1, 150, 168, 115.0, 22, ABalppp, 0, 0, 0, 0, , 0, 0, 0, 0, 0, 
49, 1, 57, 31, -1, 47, 103, 127.0, 23, ABalaaa, 0, 0, 0, 0, , 0, 0, 0, 0, 0, 
50, 1, 58, 32, -1, 67, 120, 161.0, 23, ABalaap, 0, 0, 0, 0, , 0, 0, 0, 0, 0, 
51, 1, 59, 33, -1, 73, 88, 110.0, 23, ABalapa, 0, 0, 0, 0, , 0, 0, 0, 0, 0, 
52, 1, 60, 34, -1, 110, 112, 134.0, 23, ABalapp, 0, 0, 0, 0, , 0, 0, 0, 0, 0, 
53, 1, 61, 35, -1, 209, 63, 180.0, 22, ABpraap, 0, 0, 0, 0, , 0, 0, 0, 0, 0, 
54, 1, 62, 36, -1, 267, 66, 139.0, 21, ABprapp, 0, 0, 0, 0, , 0, 0, 0, 0, 0, 
55, 1, 63, 37, -1, 217, 47, 140.25, 16, ABprapa, 0, 0, 0, 0, , 0, 0, 0, 0, 0, 
56, 1, 64, 38, -1, 191, 139, 124.0, 23, Eal, 0, 0, 0, 0, , 0, 0, 0, 0, 0, 
57, 1, 65, 39, -1, 201, 91, 152.0, 21, Ear, 0, 0, 0, 0, , 0, 0, 0, 0, 0, 
58, 1, 66, 40, -1, 99, 129, 171.0, 19, MSaaa, 0, 0, 0, 0, , 0, 0, 0, 0, 0, 
59, 1, 67, 41, -1, 229, 94, 191.0, 16, MSppa, 0, 0, 0, 0, , 0, 0, 0, 0, 0, 
60, 1, 68, 42, -1, 249, 128, 177.0, 16, MSppp, 0, 0, 0, 0, , 0, 0, 0, 0, 0, 
61, 1, 69, 43, -1, 234, 141, 119.0, 20, Epl, 0, 0, 0, 0, , 0, 0, 0, 0, 0, 
62, 1, 70, 44, -1, 190, 91, 87.5, 20, Caa, 0, 0, 0, 0, , 0, 0, 0, 0, 0, 
63, 1, 71, 45, -1, 193, 151, 69.0, 21, ABplppa, 0, 0, 0, 0, , 0, 0, 0, 0, 0, 
64, 1, 72, 46, -1, 227, 165, 106.0, 21, ABplppp, 0, 0, 0, 0, , 0, 0, 0, 0, 0, 
65, 1, 73, 47, -1, 191, 172, 110.0, 21, ABplpap, 0, 0, 0, 0, , 0, 0, 0, 0, 0, 
66, 1, 74, 48, -1, 145, 149, 71.0, 23, ABplpaa, 0, 0, 0, 0, , 0, 0, 0, 0, 0, 
67, 1, 75, 49, -1, 253, 62, 176.0, 23, ABprpaa, 0, 0, 0, 0, , 0, 0, 0, 0, 0, 
68, 1, 76, 50, -1, 288, 99, 176.5, 21, ABprpap, 0, 0, 0, 0, , 0, 0, 0, 0, 0, 
69, 1, 77, 51, -1, 300, 75, 140.0, 20, ABprppa, 0, 0, 0, 0, , 0, 0, 0, 0, 0, 
70, 1, 78, 52, -1, 317, 113, 150.0, 20, ABprppp, 0, 0, 0, 0, , 0, 0, 0, 0, 0, 
71, 1, 79, 53, -1, 150, 137, 179.2, 20, MSaap, 0, 0, 0, 0, , 0, 0, 0, 0, 0, 
72, 1, 81, 54, -1, 150, 144, 150.0, 16, MSapa, 0, 0, 0, 0, , 0, 0, 0, 0, 0, 
73, 1, 80, 55, -1, 183, 151, 160.0, 16, MSapp, 0, 0, 0, 0, , 0, 0, 0, 0, 0, 
74, 1, 82, 56, -1, 168, 102, 193.0, 19, MSpaa, 0, 0, 0, 0, , 0, 0, 0, 0, 0, 
75, 1, 83, 57, -1, 206, 132, 188.0, 16, MSpap, 0, 0, 0, 0, , 0, 0, 0, 0, 0, 
76, 1, 84, 58, -1, 232, 129, 69.0, 23, Cap, 0, 0, 0, 0, , 0, 0, 0, 0, 0, 
77, 1, 85, 59, -1, 247, 84, 93.0, 23, Cpa, 0, 0, 0, 0, , 0, 0, 0, 0, 0, 
78, 1, 86, 60, -1, 282, 118, 95.0, 21, Cpp, 0, 0, 0, 0, , 0, 0, 0, 0, 0, 
79, 1, 87, 61, -1, 305, 149, 140.0, 16, Dp, 0, 0, 0, 0, , 0, 0, 0, 0, 0, 
80, 1, 88, 62, -1, 260, 158, 154.0, 18, P4, 0, 0, 0, 0, , 0, 0, 0, 0, 0, 
81, 1, 89, 63, -1, 106, 55, 105.4, 21, ABarpaa, 0, 0, 0, 0, , 0, 0, 0, 0, 0, 
82, 1, 90, 64, -1, 152, 92, 145.0, 21, ABarpap, 0, 0, 0, 0, , 0, 0, 0, 0, 0, 
83, 1, 91, 65, -1, 150, 59, 104.0, 19, ABarppa, 0, 0, 0, 0, , 0, 0, 0, 0, 0, 
84, 1, 92, 66, -1, 199, 55, 118.0, 18, ABarppp, 0, 0, 0, 0, , 0, 0, 0, 0, 0, 
85, 1, 93, 67, -1, 86, 101, 72.72727, 17, ABplaaa, 0, 0, 0, 0, , 0, 0, 0, 0, 0, 
86, 1, 94, 68, -1, 123, 129, 102.0, 17, ABplaap, 0, 0, 0, 0, , 0, 0, 0, 0, 0, 
87, 1, 95, 69, -1, 127, 92, 74.0, 19, ABplapa, 0, 0, 0, 0, , 0, 0, 0, 0, 0, 
88, 1, 96, 70, -1, 176, 120, 69.0, 19, ABplapp, 0, 0, 0, 0, , 0, 0, 0, 0, 0, 
