1, 0, 1, -1, -1, 45, 113, 86.0, 9, , 70, 0, 0, 0, , 0, 0, 0, 0, 0, 
2, 0, 2, -1, -1, 186, 42, 128.0, 8, , 10, 0, 0, 0, , 0, 0, 0, 0, 0, 
3, 0, 3, -1, -1, 44, 110, 88.0, 7, , 30, 0, 0, 0, , 0, 0, 0, 0, 0, 
4, 0, 4, -1, -1, 167, 41, 140.0, 7, , 4, 0, 0, 0, , 0, 0, 0, 0, 0, 
5, 0, 5, -1, -1, 261, 156, 151.0, 9, , 10, 0, 0, 0, , 0, 0, 0, 0, 0, 
6, 0, 6, -1, -1, 184, 43, 121.0, 8, , 83, 0, 0, 0, , 0, 0, 0, 0, 0, 
7, 0, 7, -1, -1, 184, 52, 120.0, 8, , 3, 0, 0, 0, , 0, 0, 0, 0, 0, 
8, 0, 8, -1, -1, 267, 153, 148.0, 7, , 8, 0, 0, 0, , 0, 0, 0, 0, 0, 
9, 0, -1, -1, -1, 45, 114, 80.0, 8, , 188, 0, 0, 0, , 0, 0, 0, 0, 0, 
10, 0, -1, -1, -1, 45, 114, 83.0, 9, , 152, 0, 0, 0, , 0, 0, 0, 0, 0, 
11, 1, 9, 11, -1, 264, 168, 102.0, 16, Da, 0, 0, 0, 0, , 0, 0, 0, 0, 0, 
12, 1, 10, 12, -1, 262, 102, 146.0, 25, Epr, 0, 0, 0, 0, , 0, 0, 0, 0, 0, 
13, 1, 11, 13, -1, 161, 43, 150.0, 25, ABpraaa, 0, 0, 0, 0, , 0, 0, 0, 0, 0, 
14, 1, 12, 14, -1, 157, 76, 186.0, 23, ABarapp, 0, 0, 0, 0, , 0, 0, 0, 0, 0, 
15, 1, 13, 15, -1, 120, 97, 189.0, 24, ABaraap, 0, 0, 0, 0, , 0, 0, 0, 0, 0, 
16, 1, 14, 16, -1, 121, 58, 161.0, 25, ABarapa, 0, 0, 0, 0, , 0, 0, 0, 0, 0, 
17, 0, 15, -1, -1, 118, 62, 165.78261, 19, , 0, 0, 0, 0, , 0, 0, 0, 0, 0, 
18, 1, 16, 18, -1, 83, 78, 159.0, 23, ABaraaa, 0, 0, 0, 0, , 0, 0, 0, 0, 0, 
19, 1, 17, 19, -1, 57, 142, 116.0, 27, ABalpaa, 0, 0, 0, 0, , 0, 0, 0, 0, 0, 
20, 1, 18, 20, -1, 97, 162, 142.0, 25, ABalpap, 0, 0, 0, 0, , 0, 0, 0, 0, 0, 
21, 1, 19, 21, -1, 96, 158, 95.0, 25, ABalppa, 0, 0, 0, 0, , 0, 0, 0, 0, 0, 
22, 1, 20, 22, -1, 146, 163, 115.0, 22, ABalppp, 0, 0, 0, 0, , 0, 0, 0, 0, 0, 
23, 1, 21, 23, -1, 48, 106, 139.0, 25, ABalaaa, 0, 0, 0, 0, , 0, 0, 0, 0, 0, 
24, 1, 22, 24, -1, 76, 118, 164.0, 23, ABalaap, 0, 0, 0, 0, , 0, 0, 0, 0, 0, 
25, 1, 23, 25, -1, 71, 91, 114.0, 25, ABalapa, 0, 0, 0, 0, , 0, 0, 0, 0, 0, 
26, 1, 24, 26, -1, 108, 105, 129.0, 23, ABalapp, 0, 0, 0, 0, , 0, 0, 0, 0, 0, 
27, 1, 25, 27, -1, 210, 62, 173.66667, 23, ABpraap, 0, 0, 0, 0, , 0, 0, 0, 0, 0, 
28, 1, 26, 28, -1, 267, 67, 139.0, 23, ABprapp, 0, 0, 0, 0, , 0, 0, 0, 0, 0, 
29, 1, 27, 29, -1, 222, 44, 137.6, 18, ABprapa, 0, 0, 0, 0, , 0, 0, 0, 0, 0, 
30, 1, 28, 30, -1, 193, 137, 139.0, 23, Eal, 0, 0, 0, 0, , 0, 0, 0, 0, 0, 
31, 1, 29, 31, -1, 203, 96, 152.0, 25, Ear, 0, 0, 0, 0, , 0, 0, 0, 0, 0, 
32, 1, 30, 32, -1, 101, 132, 175.0, 21, MSaaa, 0, 0, 0, 0, , 0, 0, 0, 0, 0, 
33, 1, 31, 33, -1, 230, 95, 193.0, 16, MSppa, 0, 0, 0, 0, , 0, 0, 0, 0, 0, 
34, 1, 32, 34, -1, 262, 139, 175.0, 16, MSppp, 0, 0, 0, 0, , 0, 0, 0, 0, 0, 
35, 1, 33, 35, -1, 234, 136, 118.0, 20, Epl, 0, 0, 0, 0, , 0, 0, 0, 0, 0, 
36, 1, 34, 36, -1, 184, 96, 87.0, 21, Caa, 0, 0, 0, 0, , 0, 0, 0, 0, 0, 
37, 1, 35, 37, -1, 192, 154, 69.5, 21, ABplppa, 0, 0, 0, 0, , 0, 0, 0, 0, 0, 
38, 1, 36, 38, -1, 224, 170, 99.0, 21, ABplppp, 0, 0, 0, 0, , 0, 0, 0, 0, 0, 
39, 1, 37, 39, -1, 184, 172, 110.0, 21, ABplpap, 0, 0, 0, 0, , 0, 0, 0, 0, 0, 
40, 1, 38, 40, -1, 137, 156, 72.0, 21, ABplpaa, 0, 0, 0, 0, , 0, 0, 0, 0, 0, 
41, 1, 39, 41, -1, 247, 57, 174.0, 23, ABprpaa, 0, 0, 0, 0, , 0, 0, 0, 0, 0, 
42, 1, 40, 42, -1, 288, 95, 176.0, 21, ABprpap, 0, 0, 0, 0, , 0, 0, 0, 0, 0, 
43, 1, 41, 43, -1, 301, 76, 138.0, 20, ABprppa, 0, 0, 0, 0, , 0, 0, 0, 0, 0, 
44, 1, 42, 44, -1, 314, 110, 150.0, 20, ABprppp, 0, 0, 0, 0, , 0, 0, 0, 0, 0, 
45, 1, 43, 45, -1, 162, 140, 184.0, 18, MSaap, 0, 0, 0, 0, , 0, 0, 0, 0, 0, 
46, 1, 44, 46, -1, 141, 146, 150.0, 18, MSapa, 0, 0, 0, 0, , 0, 0, 0, 0, 0, 
47, 1, 45, 47, -1, 193, 162, 163.5, 20, MSapp, 0, 0, 0, 0, , 0, 0, 0, 0, 0, 
48, 1, 46, 48, -1, 170, 102, 192.0, 19, MSpaa, 0, 0, 0, 0, , 0, 0, 0, 0, 0, 
49, 1, 47, 49, -1, 216, 140, 192.0, 18, MSpap, 0, 0, 0, 0, , 0, 0, 0, 0, 0, 
50, 1, 48, 50, -1, 233, 134, 72.0, 21, Cap, 0, 0, 0, 0, , 0, 0, 0, 0, 0, 
51, 1, 49, 51, -1, 241, 85, 89.0, 21, Cpa, 0, 0, 0, 0, , 0, 0, 0, 0, 0, 
52, 1, 50, 52, -1, 286, 124, 93.0, 21, Cpp, 0, 0, 0, 0, , 0, 0, 0, 0, 0, 
53, 1, 51, 53, -1, 306, 146, 138.0, 18, Dp, 0, 0, 0, 0, , 0, 0, 0, 0, 0, 
54, 1, 52, 54, -1, 263, 161, 152.0, 18, P4, 0, 0, 0, 0, , 0, 0, 0, 0, 0, 
55, 1, 53, 55, -1, 104, 57, 107.0, 21, ABarpaa, 0, 0, 0, 0, , 0, 0, 0, 0, 0, 
56, 1, 54, 56, -1, 148, 88, 139.0, 21, ABarpap, 0, 0, 0, 0, , 0, 0, 0, 0, 0, 
57, 1, 55, 57, -1, 148, 58, 100.0, 19, ABarppa, 0, 0, 0, 0, , 0, 0, 0, 0, 0, 
58, 1, 56, 58, -1, 198, 64, 121.0, 18, ABarppp, 0, 0, 0, 0, , 0, 0, 0, 0, 0, 
59, 1, 57, 59, -1, 83, 101, 73.454544, 17, ABplaaa, 0, 0, 0, 0, , 0, 0, 0, 0, 0, 
60, 1, 58, 60, -1, 114, 125, 98.0, 17, ABplaap, 0, 0, 0, 0, , 0, 0, 0, 0, 0, 
61, 1, 59, 61, -1, 131, 99, 70.0, 19, ABplapa, 0, 0, 0, 0, , 0, 0, 0, 0, 0, 
62, 1, 60, 62, -1, 171, 126, 71.0, 19, ABplapp, 0, 0, 0, 0, , 0, 0, 0, 0, 0, 
