1, 0, 1, -1, -1, 45, 111, 87.0, 8, , 38, 0, 0, 0, , 0, 0, 0, 0, 0, 
2, 0, 2, -1, -1, 166, 41, 133.0, 9, , 10, 0, 0, 0, , 0, 0, 0, 0, 0, 
3, 0, 4, -1, -1, 165, 42, 139.0, 7, , 4, 0, 0, 0, , 0, 0, 0, 0, 0, 
4, 0, 5, -1, -1, 259, 157, 150.0, 7, , 12, 0, 0, 0, , 0, 0, 0, 0, 0, 
5, 0, 6, -1, -1, 186, 43, 119.0, 8, , 58, 0, 0, 0, , 0, 0, 0, 0, 0, 
6, 0, 7, -1, -1, 186, 52, 117.0, 8, , 2, 0, 0, 0, , 0, 0, 0, 0, 0, 
7, 0, 8, -1, -1, 272, 153, 150.0, 9, , 33, 0, 0, 0, , 0, 0, 0, 0, 0, 
8, 0, 10, -1, -1, 46, 114, 83.0, 9, , 248, 0, 0, 0, , 0, 0, 0, 0, 0, 
9, 0, -1, -1, -1, 172, 36, 142.0, 11, , 43, 0, 0, 0, , 0, 0, 0, 0, 0, 
10, 0, -1, -1, -1, 188, 40, 126.0, 8, , 3, 0, 0, 0, , 0, 0, 0, 0, 0, 
11, 1, 11, 11, -1, 264, 167, 103.0, 20, Da, 0, 0, 0, 0, , 0, 0, 0, 0, 0, 
12, 1, 12, 12, -1, 263, 103, 146.0, 22, Epr, 0, 0, 0, 0, , 0, 0, 0, 0, 0, 
13, 1, 13, 13, -1, 166, 43, 150.0, 23, ABpraaa, 0, 0, 0, 0, , 0, 0, 0, 0, 0, 
14, 1, 14, 14, -1, 161, 73, 183.0, 25, ABarapp, 0, 0, 0, 0, , 0, 0, 0, 0, 0, 
15, 1, 15, 15, -1, 121, 95, 186.0, 24, ABaraap, 0, 0, 0, 0, , 0, 0, 0, 0, 0, 
16, 1, 16, 16, -1, 122, 60, 161.0, 25, ABarapa, 0, 0, 0, 0, , 0, 0, 0, 0, 0, 
17, 0, 17, -1, -1, 119, 62, 165.69565, 19, , 0, 0, 0, 0, , 0, 0, 0, 0, 0, 
18, 1, 18, 18, -1, 81, 77, 158.0, 23, ABaraaa, 0, 0, 0, 0, , 0, 0, 0, 0, 0, 
19, 1, 19, 19, -1, 54, 140, 119.0, 25, ABalpaa, 0, 0, 0, 0, , 0, 0, 0, 0, 0, 
20, 1, 20, 20, -1, 95, 159, 143.0, 25, ABalpap, 0, 0, 0, 0, , 0, 0, 0, 0, 0, 
21, 1, 21, 21, -1, 99, 160, 95.0, 25, ABalppa, 0, 0, 0, 0, , 0, 0, 0, 0, 0, 
22, 1, 22, 22, -1, 148, 160, 115.0, 23, ABalppp, 0, 0, 0, 0, , 0, 0, 0, 0, 0, 
23, 1, 23, 23, -1, 49, 106, 140.0, 23, ABalaaa, 0, 0, 0, 0, , 0, 0, 0, 0, 0, 
24, 1, 24, 24, -1, 76, 118, 163.0, 23, ABalaap, 0, 0, 0, 0, , 0, 0, 0, 0, 0, 
25, 1, 25, 25, -1, 74, 88, 114.0, 23, ABalapa, 0, 0, 0, 0, , 0, 0, 0, 0, 0, 
26, 1, 26, 26, -1, 108, 104, 132.0, 23, ABalapp, 0, 0, 0, 0, , 0, 0, 0, 0, 0, 
27, 1, 27, 27, -1, 207, 58, 171.5, 21, ABpraap, 0, 0, 0, 0, , 0, 0, 0, 0, 0, 
28, 1, 28, 28, -1, 269, 69, 139.0, 21, ABprapp, 0, 0, 0, 0, , 0, 0, 0, 0, 0, 
29, 1, 29, 29, -1, 225, 44, 136.8, 16, ABprapa, 0, 0, 0, 0, , 0, 0, 0, 0, 0, 
30, 1, 30, 30, -1, 193, 138, 141.0, 23, Eal, 0, 0, 0, 0, , 0, 0, 0, 0, 0, 
31, 1, 31, 31, -1, 204, 97, 153.0, 23, Ear, 0, 0, 0, 0, , 0, 0, 0, 0, 0, 
32, 1, 32, 32, -1, 100, 126, 177.0, 19, MSaaa, 0, 0, 0, 0, , 0, 0, 0, 0, 0, 
33, 1, 33, 33, -1, 234, 95, 195.0, 16, MSppa, 0, 0, 0, 0, , 0, 0, 0, 0, 0, 
34, 1, 34, 34, -1, 261, 137, 176.0, 16, MSppp, 0, 0, 0, 0, , 0, 0, 0, 0, 0, 
35, 1, 35, 35, -1, 235, 131, 121.0, 20, Epl, 0, 0, 0, 0, , 0, 0, 0, 0, 0, 
36, 1, 36, 36, -1, 182, 96, 86.0, 21, Caa, 0, 0, 0, 0, , 0, 0, 0, 0, 0, 
37, 1, 37, 37, -1, 192, 154, 69.75, 21, ABplppa, 0, 0, 0, 0, , 0, 0, 0, 0, 0, 
38, 1, 38, 38, -1, 224, 170, 98.666664, 21, ABplppp, 0, 0, 0, 0, , 0, 0, 0, 0, 0, 
39, 1, 39, 39, -1, 184, 172, 108.0, 21, ABplpap, 0, 0, 0, 0, , 0, 0, 0, 0, 0, 
40, 1, 40, 40, -1, 140, 156, 73.0, 21, ABplpaa, 0, 0, 0, 0, , 0, 0, 0, 0, 0, 
41, 1, 41, 41, -1, 250, 61, 176.0, 23, ABprpaa, 0, 0, 0, 0, , 0, 0, 0, 0, 0, 
42, 1, 42, 42, -1, 290, 97, 175.0, 23, ABprpap, 0, 0, 0, 0, , 0, 0, 0, 0, 0, 
43, 1, 43, 43, -1, 302, 76, 140.0, 20, ABprppa, 0, 0, 0, 0, , 0, 0, 0, 0, 0, 
44, 1, 44, 44, -1, 316, 109, 147.0, 20, ABprppp, 0, 0, 0, 0, , 0, 0, 0, 0, 0, 
45, 1, 45, 45, -1, 160, 142, 185.0, 20, MSaap, 0, 0, 0, 0, , 0, 0, 0, 0, 0, 
46, 1, 46, 46, -1, 139, 144, 148.0, 18, MSapa, 0, 0, 0, 0, , 0, 0, 0, 0, 0, 
47, 1, 47, 47, -1, 188, 163, 164.0, 18, MSapp, 0, 0, 0, 0, , 0, 0, 0, 0, 0, 
48, 1, 48, 48, -1, 171, 103, 191.0, 19, MSpaa, 0, 0, 0, 0, , 0, 0, 0, 0, 0, 
49, 1, 49, 49, -1, 215, 143, 189.0, 18, MSpap, 0, 0, 0, 0, , 0, 0, 0, 0, 0, 
50, 1, 50, 50, -1, 231, 133, 71.0, 21, Cap, 0, 0, 0, 0, , 0, 0, 0, 0, 0, 
51, 1, 51, 51, -1, 241, 84, 91.0, 23, Cpa, 0, 0, 0, 0, , 0, 0, 0, 0, 0, 
52, 1, 52, 52, -1, 285, 124, 91.0, 21, Cpp, 0, 0, 0, 0, , 0, 0, 0, 0, 0, 
53, 1, 53, 53, -1, 308, 142, 138.0, 18, Dp, 0, 0, 0, 0, , 0, 0, 0, 0, 0, 
54, 1, 54, 54, -1, 267, 160, 151.0, 18, P4, 0, 0, 0, 0, , 0, 0, 0, 0, 0, 
55, 1, 55, 55, -1, 109, 55, 107.4, 21, ABarpaa, 0, 0, 0, 0, , 0, 0, 0, 0, 0, 
56, 1, 56, 56, -1, 148, 87, 138.0, 21, ABarpap, 0, 0, 0, 0, , 0, 0, 0, 0, 0, 
57, 1, 57, 57, -1, 153, 61, 104.0, 19, ABarppa, 0, 0, 0, 0, , 0, 0, 0, 0, 0, 
58, 1, 58, 58, -1, 197, 64, 123.0, 18, ABarppp, 0, 0, 0, 0, , 0, 0, 0, 0, 0, 
59, 1, 59, 59, -1, 83, 101, 73.63636, 17, ABplaaa, 0, 0, 0, 0, , 0, 0, 0, 0, 0, 
60, 1, 60, 60, -1, 115, 127, 94.0, 17, ABplaap, 0, 0, 0, 0, , 0, 0, 0, 0, 0, 
61, 1, 61, 61, -1, 128, 99, 67.0, 19, ABplapa, 0, 0, 0, 0, , 0, 0, 0, 0, 0, 
62, 1, 62, 62, -1, 172, 125, 76.0, 19, ABplapp, 0, 0, 0, 0, , 0, 0, 0, 0, 0, 
