1, 0, 1, -1, -1, 45, 111, 88.0, 7, , 20, 0, 0, 0, , 0, 0, 0, 0, 0, 
2, 0, 2, -1, -1, 162, 45, 133.0, 9, , 9, 0, 0, 0, , 0, 0, 0, 0, 0, 
3, 0, 3, -1, -1, 164, 42, 138.0, 7, , 4, 0, 0, 0, , 0, 0, 0, 0, 0, 
4, 0, 4, -1, -1, 265, 158, 151.0, 7, , 12, 0, 0, 0, , 0, 0, 0, 0, 0, 
5, 0, 5, -1, -1, 186, 44, 118.0, 8, , 74, 0, 0, 0, , 0, 0, 0, 0, 0, 
6, 0, 7, -1, -1, 266, 154, 151.0, 9, , 7, 0, 0, 0, , 0, 0, 0, 0, 0, 
7, 0, 8, -1, -1, 45, 113, 84.0, 9, , 176, 0, 0, 0, , 0, 0, 0, 0, 0, 
8, 0, 9, -1, -1, 166, 36, 139.0, 9, , 5, 0, 0, 0, , 0, 0, 0, 0, 0, 
9, 0, 10, -1, -1, 189, 43, 122.0, 7, , 4, 0, 0, 0, , 0, 0, 0, 0, 0, 
10, 0, -1, -1, -1, 47, 115, 77.0, 9, , 164, 0, 0, 0, , 0, 0, 0, 0, 0, 
11, 1, 11, 28, -1, 262, 166, 104.0, 20, Da, 0, 0, 0, 0, , 0, 0, 0, 0, 0, 
12, 1, 12, 29, -1, 259, 103, 146.0, 24, Epr, 0, 0, 0, 0, , 0, 0, 0, 0, 0, 
13, 1, 13, 30, -1, 163, 42, 150.0, 25, ABpraaa, 0, 0, 0, 0, , 0, 0, 0, 0, 0, 
14, 1, 14, 31, -1, 164, 74, 184.0, 23, ABarapp, 0, 0, 0, 0, , 0, 0, 0, 0, 0, 
15, 1, 15, 32, -1, 124, 94, 189.0, 24, ABaraap, 0, 0, 0, 0, , 0, 0, 0, 0, 0, 
16, 1, 16, 33, -1, 120, 59, 163.0, 25, ABarapa, 0, 0, 0, 0, , 0, 0, 0, 0, 0, 
17, 0, 17, -1, -1, 119, 61, 165.60869, 19, , 0, 0, 0, 0, , 0, 0, 0, 0, 0, 
18, 1, 18, 35, -1, 82, 78, 160.0, 23, ABaraaa, 0, 0, 0, 0, , 0, 0, 0, 0, 0, 
19, 1, 19, 36, -1, 54, 140, 120.0, 25, ABalpaa, 0, 0, 0, 0, , 0, 0, 0, 0, 0, 
20, 1, 20, 37, -1, 95, 160, 142.0, 25, ABalpap, 0, 0, 0, 0, , 0, 0, 0, 0, 0, 
21, 1, 21, 38, -1, 96, 159, 95.0, 25, ABalppa, 0, 0, 0, 0, , 0, 0, 0, 0, 0, 
22, 1, 22, 39, -1, 146, 156, 115.0, 23, ABalppp, 0, 0, 0, 0, , 0, 0, 0, 0, 0, 
23, 1, 23, 40, -1, 51, 103, 143.0, 25, ABalaaa, 0, 0, 0, 0, , 0, 0, 0, 0, 0, 
24, 1, 24, 41, -1, 80, 118, 159.0, 23, ABalaap, 0, 0, 0, 0, , 0, 0, 0, 0, 0, 
25, 1, 25, 42, -1, 71, 85, 113.0, 25, ABalapa, 0, 0, 0, 0, , 0, 0, 0, 0, 0, 
26, 1, 26, 43, -1, 108, 105, 134.0, 25, ABalapp, 0, 0, 0, 0, , 0, 0, 0, 0, 0, 
27, 1, 27, 44, -1, 211, 56, 169.33333, 20, ABpraap, 0, 0, 0, 0, , 0, 0, 0, 0, 0, 
28, 1, 28, 45, -1, 271, 71, 139.0, 18, ABprapp, 0, 0, 0, 0, , 0, 0, 0, 0, 0, 
29, 1, 29, 46, -1, 225, 44, 136.0, 23, ABprapa, 0, 0, 0, 0, , 0, 0, 0, 0, 0, 
30, 1, 30, 47, -1, 193, 137, 140.0, 23, Eal, 0, 0, 0, 0, , 0, 0, 0, 0, 0, 
31, 1, 31, 48, -1, 203, 99, 154.0, 25, Ear, 0, 0, 0, 0, , 0, 0, 0, 0, 0, 
32, 1, 32, 49, -1, 102, 127, 178.0, 21, MSaaa, 0, 0, 0, 0, , 0, 0, 0, 0, 0, 
33, 1, 33, 50, -1, 234, 95, 197.0, 16, MSppa, 0, 0, 0, 0, , 0, 0, 0, 0, 0, 
34, 1, 34, 51, -1, 257, 138, 177.0, 16, MSppp, 0, 0, 0, 0, , 0, 0, 0, 0, 0, 
35, 1, 35, 52, -1, 233, 133, 122.0, 20, Epl, 0, 0, 0, 0, , 0, 0, 0, 0, 0, 
36, 1, 36, 53, -1, 183, 98, 86.0, 21, Caa, 0, 0, 0, 0, , 0, 0, 0, 0, 0, 
37, 1, 37, 54, -1, 193, 155, 70.0, 21, ABplppa, 0, 0, 0, 0, , 0, 0, 0, 0, 0, 
38, 1, 38, 55, -1, 224, 170, 98.333336, 21, ABplppp, 0, 0, 0, 0, , 0, 0, 0, 0, 0, 
39, 1, 39, 56, -1, 184, 172, 106.0, 21, ABplpap, 0, 0, 0, 0, , 0, 0, 0, 0, 0, 
40, 1, 40, 57, -1, 132, 158, 74.0, 21, ABplpaa, 0, 0, 0, 0, , 0, 0, 0, 0, 0, 
41, 1, 41, 58, -1, 252, 62, 177.0, 23, ABprpaa, 0, 0, 0, 0, , 0, 0, 0, 0, 0, 
42, 1, 42, 59, -1, 294, 100, 174.0, 23, ABprpap, 0, 0, 0, 0, , 0, 0, 0, 0, 0, 
43, 1, 43, 60, -1, 305, 80, 138.0, 20, ABprppa, 0, 0, 0, 0, , 0, 0, 0, 0, 0, 
44, 1, 44, 61, -1, 316, 115, 146.0, 20, ABprppp, 0, 0, 0, 0, , 0, 0, 0, 0, 0, 
45, 1, 45, 62, -1, 159, 139, 186.0, 18, MSaap, 0, 0, 0, 0, , 0, 0, 0, 0, 0, 
46, 1, 46, 63, -1, 141, 149, 149.0, 18, MSapa, 0, 0, 0, 0, , 0, 0, 0, 0, 0, 
47, 1, 47, 64, -1, 190, 167, 164.5, 18, MSapp, 0, 0, 0, 0, , 0, 0, 0, 0, 0, 
48, 1, 48, 65, -1, 175, 101, 191.0, 19, MSpaa, 0, 0, 0, 0, , 0, 0, 0, 0, 0, 
49, 1, 49, 66, -1, 213, 145, 190.0, 18, MSpap, 0, 0, 0, 0, , 0, 0, 0, 0, 0, 
50, 1, 50, 67, -1, 230, 135, 73.0, 21, Cap, 0, 0, 0, 0, , 0, 0, 0, 0, 0, 
51, 1, 51, 68, -1, 242, 84, 93.0, 21, Cpa, 0, 0, 0, 0, , 0, 0, 0, 0, 0, 
52, 1, 52, 69, -1, 285, 125, 91.0, 23, Cpp, 0, 0, 0, 0, , 0, 0, 0, 0, 0, 
53, 1, 53, 70, -1, 304, 147, 138.0, 18, Dp, 0, 0, 0, 0, , 0, 0, 0, 0, 0, 
54, 1, 54, 71, -1, 262, 162, 153.0, 18, P4, 0, 0, 0, 0, , 0, 0, 0, 0, 0, 
55, 1, 55, 72, -1, 110, 55, 107.8, 21, ABarpaa, 0, 0, 0, 0, , 0, 0, 0, 0, 0, 
56, 1, 56, 73, -1, 150, 86, 140.0, 21, ABarpap, 0, 0, 0, 0, , 0, 0, 0, 0, 0, 
57, 1, 57, 74, -1, 152, 62, 105.0, 19, ABarppa, 0, 0, 0, 0, , 0, 0, 0, 0, 0, 
58, 1, 58, 75, -1, 193, 65, 125.0, 18, ABarppp, 0, 0, 0, 0, , 0, 0, 0, 0, 0, 
59, 1, 59, 76, -1, 82, 101, 73.818184, 17, ABplaaa, 0, 0, 0, 0, , 0, 0, 0, 0, 0, 
60, 1, 60, 77, -1, 114, 128, 94.0, 17, ABplaap, 0, 0, 0, 0, , 0, 0, 0, 0, 0, 
61, 1, 61, 78, -1, 129, 94, 69.0, 19, ABplapa, 0, 0, 0, 0, , 0, 0, 0, 0, 0, 
62, 1, 62, 79, -1, 169, 129, 74.0, 19, ABplapp, 0, 0, 0, 0, , 0, 0, 0, 0, 0, 
