1, 0, 1, -1, -1, 45, 112, 87.0, 7, , 63, 0, 0, 0, , 0, 0, 0, 0, 0, 
2, 0, 2, -1, -1, 154, 80, 131.0, 7, , 7, 0, 0, 0, , 0, 0, 0, 0, 0, 
3, 0, 3, -1, -1, 163, 42, 137.0, 9, , 31, 0, 0, 0, , 0, 0, 0, 0, 0, 
4, 0, 4, -1, -1, 270, 158, 151.0, 8, , 22, 0, 0, 0, , 0, 0, 0, 0, 0, 
5, 0, 5, -1, -1, 184, 47, 114.0, 8, , 110, 0, 0, 0, , 0, 0, 0, 0, 0, 
6, 0, 6, -1, -1, 268, 164, 153.0, 8, , 34, 0, 0, 0, , 0, 0, 0, 0, 0, 
7, 0, 7, -1, -1, 44, 108, 90.0, 7, , 13, 0, 0, 0, , 0, 0, 0, 0, 0, 
8, 0, 8, -1, -1, 173, 35, 140.0, 9, , 14, 0, 0, 0, , 0, 0, 0, 0, 0, 
9, 0, 9, -1, -1, 188, 52, 119.0, 8, , 14, 0, 0, 0, , 0, 0, 0, 0, 0, 
10, 0, 10, -1, -1, 47, 115, 78.0, 9, , 164, 0, 0, 0, , 0, 0, 0, 0, 0, 
11, 0, -1, -1, -1, 82, 66, 156.0, 9, , 40, 0, 0, 0, , 0, 0, 0, 0, 0, 
12, 0, -1, -1, -1, 217, 55, 160.0, 9, , 71, 0, 0, 0, , 0, 0, 0, 0, 0, 
13, 0, -1, -1, -1, 216, 48, 163.0, 7, , 30, 0, 0, 0, , 0, 0, 0, 0, 0, 
14, 0, -1, -1, -1, 192, 96, 74.0, 7, , 2, 0, 0, 0, , 0, 0, 0, 0, 0, 
15, 0, -1, -1, -1, 182, 96, 87.0, 7, , 9, 0, 0, 0, , 0, 0, 0, 0, 0, 
16, 0, -1, -1, -1, 184, 60, 111.0, 7, , 2, 0, 0, 0, , 0, 0, 0, 0, 0, 
17, 0, -1, -1, -1, 83, 73, 150.0, 8, , 11, 0, 0, 0, , 0, 0, 0, 0, 0, 
18, 0, -1, -1, -1, 91, 81, 156.0, 7, , 6, 0, 0, 0, , 0, 0, 0, 0, 0, 
19, 0, -1, -1, -1, 252, 161, 161.0, 7, , 13, 0, 0, 0, , 0, 0, 0, 0, 0, 
20, 0, -1, -1, -1, 80, 69, 163.0, 8, , 7, 0, 0, 0, , 0, 0, 0, 0, 0, 
21, 0, -1, -1, -1, 255, 163, 167.0, 7, , 13, 0, 0, 0, , 0, 0, 0, 0, 0, 
22, 0, -1, -1, -1, 122, 101, 185.0, 9, , 8, 0, 0, 0, , 0, 0, 0, 0, 0, 
23, 0, -1, -1, -1, 136, 97, 185.0, 7, , 6, 0, 0, 0, , 0, 0, 0, 0, 0, 
24, 0, -1, -1, -1, 132, 101, 190.0, 7, , 8, 0, 0, 0, , 0, 0, 0, 0, 0, 
25, 0, -1, -1, -1, 166, 66, 190.0, 7, , 4, 0, 0, 0, , 0, 0, 0, 0, 0, 
26, 0, -1, -1, -1, 213, 61, 167.0, 7, , 4, 0, 0, 0, , 0, 0, 0, 0, 0, 
27, 0, -1, -1, -1, 182, 45, 120.0, 7, , 6, 0, 0, 0, , 0, 0, 0, 0, 0, 
28, 1, 11, 29, -1, 257, 164, 107.0, 20, Da, 0, 0, 0, 0, , 0, 0, 0, 0, 0, 
29, 1, 12, 30, -1, 260, 104, 148.0, 26, Epr, 0, 0, 0, 0, , 0, 0, 0, 0, 0, 
30, 1, 13, 31, -1, 168, 41, 150.0, 22, ABpraaa, 0, 0, 0, 0, , 0, 0, 0, 0, 0, 
31, 1, 14, 32, -1, 167, 73, 184.0, 23, ABarapp, 0, 0, 0, 0, , 0, 0, 0, 0, 0, 
32, 1, 15, 33, -1, 125, 93, 188.0, 24, ABaraap, 0, 0, 0, 0, , 0, 0, 0, 0, 0, 
33, 1, 16, 34, -1, 123, 56, 163.0, 25, ABarapa, 0, 0, 0, 0, , 0, 0, 0, 0, 0, 
34, 0, 17, -1, -1, 120, 61, 165.52174, 19, , 0, 0, 0, 0, , 0, 0, 0, 0, 0, 
35, 1, 18, 36, -1, 83, 76, 159.0, 23, ABaraaa, 0, 0, 0, 0, , 0, 0, 0, 0, 0, 
36, 1, 19, 37, -1, 55, 140, 124.0, 25, ABalpaa, 0, 0, 0, 0, , 0, 0, 0, 0, 0, 
37, 1, 20, 38, -1, 96, 159, 143.0, 25, ABalpap, 0, 0, 0, 0, , 0, 0, 0, 0, 0, 
38, 1, 21, 39, -1, 92, 159, 96.0, 25, ABalppa, 0, 0, 0, 0, , 0, 0, 0, 0, 0, 
39, 1, 22, 40, -1, 148, 153, 115.0, 22, ABalppp, 0, 0, 0, 0, , 0, 0, 0, 0, 0, 
40, 1, 23, 41, -1, 51, 104, 141.0, 23, ABalaaa, 0, 0, 0, 0, , 0, 0, 0, 0, 0, 
41, 1, 24, 42, -1, 80, 117, 160.0, 23, ABalaap, 0, 0, 0, 0, , 0, 0, 0, 0, 0, 
42, 1, 25, 43, -1, 73, 81, 113.0, 25, ABalapa, 0, 0, 0, 0, , 0, 0, 0, 0, 0, 
43, 1, 26, 44, -1, 108, 104, 134.0, 23, ABalapp, 0, 0, 0, 0, , 0, 0, 0, 0, 0, 
44, 1, 27, 45, -1, 217, 59, 167.16667, 19, ABpraap, 0, 0, 0, 0, , 0, 0, 0, 0, 0, 
45, 1, 28, 46, -1, 273, 73, 139.0, 16, ABprapp, 0, 0, 0, 0, , 0, 0, 0, 0, 0, 
46, 1, 29, 47, -1, 225, 44, 135.0, 22, ABprapa, 0, 0, 0, 0, , 0, 0, 0, 0, 0, 
47, 1, 30, 48, -1, 189, 134, 139.0, 23, Eal, 0, 0, 0, 0, , 0, 0, 0, 0, 0, 
48, 1, 31, 49, -1, 202, 100, 155.0, 25, Ear, 0, 0, 0, 0, , 0, 0, 0, 0, 0, 
49, 1, 32, 50, -1, 104, 126, 176.0, 21, MSaaa, 0, 0, 0, 0, , 0, 0, 0, 0, 0, 
50, 1, 33, 51, -1, 232, 96, 198.0, 16, MSppa, 0, 0, 0, 0, , 0, 0, 0, 0, 0, 
51, 1, 34, 52, -1, 260, 136, 180.0, 16, MSppp, 0, 0, 0, 0, , 0, 0, 0, 0, 0, 
52, 1, 35, 53, -1, 233, 131, 124.0, 20, Epl, 0, 0, 0, 0, , 0, 0, 0, 0, 0, 
53, 1, 36, 68, -1, 186, 98, 87.057144, 21, Caa, 0, 0, 0, 0, , 0, 0, 0, 0, 0, 
54, 1, 37, 55, -1, 192, 156, 71.0, 21, ABplppa, 0, 0, 0, 0, , 0, 0, 0, 0, 0, 
55, 1, 38, 56, -1, 223, 170, 98.0, 21, ABplppp, 0, 0, 0, 0, , 0, 0, 0, 0, 0, 
56, 1, 39, 57, -1, 184, 174, 106.0, 21, ABplpap, 0, 0, 0, 0, , 0, 0, 0, 0, 0, 
57, 1, 40, 58, -1, 128, 160, 74.0, 21, ABplpaa, 0, 0, 0, 0, , 0, 0, 0, 0, 0, 
58, 1, 41, 59, -1, 259, 62, 175.0, 23, ABprpaa, 0, 0, 0, 0, , 0, 0, 0, 0, 0, 
59, 1, 42, 60, -1, 294, 101, 175.5, 23, ABprpap, 0, 0, 0, 0, , 0, 0, 0, 0, 0, 
60, 1, 43, 61, -1, 308, 82, 138.0, 20, ABprppa, 0, 0, 0, 0, , 0, 0, 0, 0, 0, 
61, 1, 44, 62, -1, 317, 120, 145.0, 20, ABprppp, 0, 0, 0, 0, , 0, 0, 0, 0, 0, 
62, 1, 45, 63, -1, 159, 139, 185.75, 18, MSaap, 0, 0, 0, 0, , 0, 0, 0, 0, 0, 
63, 1, 46, 64, -1, 142, 149, 151.0, 18, MSapa, 0, 0, 0, 0, , 0, 0, 0, 0, 0, 
64, 1, 47, 65, -1, 192, 166, 165.0, 16, MSapp, 0, 0, 0, 0, , 0, 0, 0, 0, 0, 
65, 1, 48, 66, -1, 173, 100, 193.0, 19, MSpaa, 0, 0, 0, 0, , 0, 0, 0, 0, 0, 
66, 1, 49, 67, -1, 211, 144, 189.0, 18, MSpap, 0, 0, 0, 0, , 0, 0, 0, 0, 0, 
67, 1, 50, 69, -1, 232, 135, 72.0, 21, Cap, 0, 0, 0, 0, , 0, 0, 0, 0, 0, 
68, 1, 51, 70, -1, 240, 83, 93.0, 17, Cpa, 0, 0, 0, 0, , 0, 0, 0, 0, 0, 
69, 1, 52, 71, -1, 284, 126, 93.0, 21, Cpp, 0, 0, 0, 0, , 0, 0, 0, 0, 0, 
70, 1, 53, 72, -1, 300, 147, 135.0, 18, Dp, 0, 0, 0, 0, , 0, 0, 0, 0, 0, 
71, 1, 54, 73, -1, 261, 160, 152.0, 18, P4, 0, 0, 0, 0, , 0, 0, 0, 0, 0, 
72, 1, 55, 74, -1, 110, 55, 108.2, 21, ABarpaa, 0, 0, 0, 0, , 0, 0, 0, 0, 0, 
73, 1, 56, 75, -1, 150, 84, 139.0, 21, ABarpap, 0, 0, 0, 0, , 0, 0, 0, 0, 0, 
74, 1, 57, 76, -1, 153, 66, 103.0, 19, ABarppa, 0, 0, 0, 0, , 0, 0, 0, 0, 0, 
75, 1, 58, 77, -1, 195, 65, 126.0, 18, ABarppp, 0, 0, 0, 0, , 0, 0, 0, 0, 0, 
76, 1, 59, 78, -1, 81, 100, 74.0, 17, ABplaaa, 0, 0, 0, 0, , 0, 0, 0, 0, 0, 
77, 1, 60, 79, -1, 116, 128, 94.0, 17, ABplaap, 0, 0, 0, 0, , 0, 0, 0, 0, 0, 
78, 1, 61, 80, -1, 131, 94, 71.0, 19, ABplapa, 0, 0, 0, 0, , 0, 0, 0, 0, 0, 
79, 1, 62, 81, -1, 170, 130, 73.0, 19, ABplapp, 0, 0, 0, 0, , 0, 0, 0, 0, 0, 
