1, 0, 1, -1, -1, 46, 113, 85.0, 9, , 78, 0, 0, 0, , 0, 0, 0, 0, 0, 
2, 0, 3, -1, -1, 173, 42, 134.0, 9, , 5, 0, 0, 0, , 0, 0, 0, 0, 0, 
3, 0, 4, -1, -1, 266, 154, 151.0, 8, , 8, 0, 0, 0, , 0, 0, 0, 0, 0, 
4, 0, 5, -1, -1, 189, 52, 113.0, 8, , 8, 0, 0, 0, , 0, 0, 0, 0, 0, 
5, 0, 6, -1, -1, 266, 163, 150.0, 9, , 22, 0, 0, 0, , 0, 0, 0, 0, 0, 
6, 0, 7, -1, -1, 44, 110, 89.0, 9, , 19, 0, 0, 0, , 0, 0, 0, 0, 0, 
7, 0, 10, -1, -1, 47, 114, 80.0, 9, , 164, 0, 0, 0, , 0, 0, 0, 0, 0, 
8, 0, 11, -1, -1, 89, 65, 160.0, 7, , 9, 0, 0, 0, , 0, 0, 0, 0, 0, 
9, 0, 12, -1, -1, 210, 54, 157.0, 8, , 7, 0, 0, 0, , 0, 0, 0, 0, 0, 
10, 0, 13, -1, -1, 222, 52, 165.0, 9, , 20, 0, 0, 0, , 0, 0, 0, 0, 0, 
11, 0, 14, -1, -1, 185, 92, 72.0, 8, , 18, 0, 0, 0, , 0, 0, 0, 0, 0, 
12, 0, 15, -1, -1, 184, 93, 90.0, 9, , 6, 0, 0, 0, , 0, 0, 0, 0, 0, 
13, 0, 16, -1, -1, 192, 59, 110.0, 8, , 34, 0, 0, 0, , 0, 0, 0, 0, 0, 
14, 0, 17, -1, -1, 90, 70, 150.0, 7, , 10, 0, 0, 0, , 0, 0, 0, 0, 0, 
15, 0, 18, -1, -1, 89, 81, 155.0, 8, , 4, 0, 0, 0, , 0, 0, 0, 0, 0, 
16, 0, 19, -1, -1, 250, 161, 160.0, 9, , 6, 0, 0, 0, , 0, 0, 0, 0, 0, 
17, 0, 20, -1, -1, 89, 67, 165.0, 8, , 2, 0, 0, 0, , 0, 0, 0, 0, 0, 
18, 0, 21, -1, -1, 256, 163, 168.0, 7, , 9, 0, 0, 0, , 0, 0, 0, 0, 0, 
19, 0, 22, -1, -1, 124, 102, 182.0, 8, , 2, 0, 0, 0, , 0, 0, 0, 0, 0, 
20, 0, 23, -1, -1, 129, 102, 185.0, 8, , 5, 0, 0, 0, , 0, 0, 0, 0, 0, 
21, 0, 24, -1, -1, 131, 97, 190.0, 8, , 9, 0, 0, 0, , 0, 0, 0, 0, 0, 
22, 0, 25, -1, -1, 162, 74, 193.0, 7, , 10, 0, 0, 0, , 0, 0, 0, 0, 0, 
23, 0, 26, -1, -1, 209, 59, 166.0, 8, , 6, 0, 0, 0, , 0, 0, 0, 0, 0, 
24, 0, -1, -1, -1, 182, 92, 80.0, 8, , 4, 0, 0, 0, , 0, 0, 0, 0, 0, 
25, 0, -1, -1, -1, 45, 113, 81.0, 9, , 319, 0, 0, 0, , 0, 0, 0, 0, 0, 
26, 0, -1, -1, -1, 236, 44, 125.0, 8, , 11, 0, 0, 0, , 0, 0, 0, 0, 0, 
27, 0, -1, -1, -1, 218, 53, 159.0, 8, , 8, 0, 0, 0, , 0, 0, 0, 0, 0, 
28, 0, -1, -1, -1, 211, 53, 165.0, 8, , 5, 0, 0, 0, , 0, 0, 0, 0, 0, 
29, 1, 28, 58, -1, 257, 163, 109.0, 20, Da, 0, 0, 0, 0, , 0, 0, 0, 0, 0, 
30, 1, 29, 59, -1, 259, 104, 147.0, 28, Epr, 0, 0, 0, 0, , 0, 0, 0, 0, 0, 
31, 1, 30, 60, -1, 172, 43, 150.0, 21, ABpraaa, 0, 0, 0, 0, , 0, 0, 0, 0, 0, 
32, 1, 31, 61, -1, 169, 70, 185.0, 23, ABarapp, 0, 0, 0, 0, , 0, 0, 0, 0, 0, 
33, 1, 32, 62, -1, 123, 93, 188.0, 24, ABaraap, 0, 0, 0, 0, , 0, 0, 0, 0, 0, 
34, 1, 33, 63, -1, 130, 56, 162.0, 25, ABarapa, 0, 0, 0, 0, , 0, 0, 0, 0, 0, 
35, 0, 34, -1, -1, 120, 61, 165.43478, 18, , 0, 0, 0, 0, , 0, 0, 0, 0, 0, 
36, 1, 35, 65, -1, 87, 74, 161.0, 23, ABaraaa, 0, 0, 0, 0, , 0, 0, 0, 0, 0, 
37, 1, 36, 66, -1, 56, 139, 125.0, 25, ABalpaa, 0, 0, 0, 0, , 0, 0, 0, 0, 0, 
38, 1, 37, 67, -1, 99, 160, 143.0, 25, ABalpap, 0, 0, 0, 0, , 0, 0, 0, 0, 0, 
39, 1, 38, 68, -1, 94, 160, 98.0, 25, ABalppa, 0, 0, 0, 0, , 0, 0, 0, 0, 0, 
40, 1, 39, 69, -1, 147, 153, 115.0, 23, ABalppp, 0, 0, 0, 0, , 0, 0, 0, 0, 0, 
41, 1, 40, 70, -1, 50, 103, 143.0, 25, ABalaaa, 0, 0, 0, 0, , 0, 0, 0, 0, 0, 
42, 1, 41, 71, -1, 79, 115, 160.0, 23, ABalaap, 0, 0, 0, 0, , 0, 0, 0, 0, 0, 
43, 1, 42, 72, -1, 73, 81, 117.0, 25, ABalapa, 0, 0, 0, 0, , 0, 0, 0, 0, 0, 
44, 1, 43, 73, -1, 111, 105, 137.0, 23, ABalapp, 0, 0, 0, 0, , 0, 0, 0, 0, 0, 
45, 1, 44, 74, -1, 213, 54, 165.0, 23, ABpraap, 0, 0, 0, 0, , 0, 0, 0, 0, 0, 
46, 1, 45, 75, -1, 274, 74, 139.0, 27, ABprapp, 0, 0, 0, 0, , 0, 0, 0, 0, 0, 
47, 1, 46, 76, -1, 226, 44, 134.0, 20, ABprapa, 0, 0, 0, 0, , 0, 0, 0, 0, 0, 
48, 1, 47, 77, -1, 186, 132, 141.0, 23, Eal, 0, 0, 0, 0, , 0, 0, 0, 0, 0, 
49, 1, 48, 78, -1, 202, 99, 156.0, 23, Ear, 0, 0, 0, 0, , 0, 0, 0, 0, 0, 
50, 1, 49, 79, -1, 103, 130, 177.0, 21, MSaaa, 0, 0, 0, 0, , 0, 0, 0, 0, 0, 
51, 1, 50, 80, -1, 232, 91, 200.0, 16, MSppa, 0, 0, 0, 0, , 0, 0, 0, 0, 0, 
52, 1, 51, 81, -1, 261, 136, 180.0, 16, MSppp, 0, 0, 0, 0, , 0, 0, 0, 0, 0, 
53, 1, 52, 82, -1, 231, 131, 123.0, 20, Epl, 0, 0, 0, 0, , 0, 0, 0, 0, 0, 
54, 0, 53, -1, -1, 189, 99, 88.11429, 21, , 0, 0, 0, 0, , 0, 0, 0, 0, 0, 
55, 1, 54, 84, -1, 191, 158, 72.0, 21, ABplppa, 0, 0, 0, 0, , 0, 0, 0, 0, 0, 
56, 1, 55, 85, -1, 223, 170, 98.75, 21, ABplppp, 0, 0, 0, 0, , 0, 0, 0, 0, 0, 
57, 1, 56, 86, -1, 181, 174, 104.0, 21, ABplpap, 0, 0, 0, 0, , 0, 0, 0, 0, 0, 
58, 1, 57, 87, -1, 128, 161, 76.0, 21, ABplpaa, 0, 0, 0, 0, , 0, 0, 0, 0, 0, 
59, 1, 58, 88, -1, 262, 62, 172.0, 23, ABprpaa, 0, 0, 0, 0, , 0, 0, 0, 0, 0, 
60, 1, 59, 89, -1, 295, 100, 174.0, 23, ABprpap, 0, 0, 0, 0, , 0, 0, 0, 0, 0, 
61, 1, 60, 90, -1, 310, 82, 136.0, 20, ABprppa, 0, 0, 0, 0, , 0, 0, 0, 0, 0, 
62, 1, 61, 91, -1, 318, 122, 142.0, 20, ABprppp, 0, 0, 0, 0, , 0, 0, 0, 0, 0, 
63, 1, 62, 92, -1, 159, 140, 185.5, 17, MSaap, 0, 0, 0, 0, , 0, 0, 0, 0, 0, 
64, 1, 63, 93, -1, 145, 147, 152.0, 18, MSapa, 0, 0, 0, 0, , 0, 0, 0, 0, 0, 
65, 1, 64, 94, -1, 193, 166, 163.0, 16, MSapp, 0, 0, 0, 0, , 0, 0, 0, 0, 0, 
66, 1, 65, 95, -1, 169, 102, 194.0, 19, MSpaa, 0, 0, 0, 0, , 0, 0, 0, 0, 0, 
67, 1, 66, 96, -1, 215, 145, 187.0, 18, MSpap, 0, 0, 0, 0, , 0, 0, 0, 0, 0, 
68, 1, 53, 97, -1, 183, 95, 83.0, 17, Caa, 0, 0, 0, 0, , 0, 0, 0, 0, 0, 
69, 1, 67, 98, -1, 230, 134, 74.0, 21, Cap, 0, 0, 0, 0, , 0, 0, 0, 0, 0, 
70, 1, 68, 99, 100, 240, 86, 89.0, 17, Cpa, 0, 0, 0, 0, , 0, 0, 0, 0, 0, 
71, 1, 69, 101, -1, 278, 130, 94.0, 21, Cpp, 0, 0, 0, 0, , 0, 0, 0, 0, 0, 
72, 1, 70, 102, -1, 298, 150, 134.0, 18, Dp, 0, 0, 0, 0, , 0, 0, 0, 0, 0, 
73, 1, 71, 103, -1, 260, 160, 154.0, 18, P4, 0, 0, 0, 0, , 0, 0, 0, 0, 0, 
74, 1, 72, 104, -1, 111, 55, 108.6, 21, ABarpaa, 0, 0, 0, 0, , 0, 0, 0, 0, 0, 
75, 1, 73, 105, -1, 151, 82, 140.0, 21, ABarpap, 0, 0, 0, 0, , 0, 0, 0, 0, 0, 
76, 1, 74, 106, -1, 152, 61, 102.0, 19, ABarppa, 0, 0, 0, 0, , 0, 0, 0, 0, 0, 
77, 1, 75, 107, -1, 198, 66, 125.0, 18, ABarppp, 0, 0, 0, 0, , 0, 0, 0, 0, 0, 
78, 1, 76, 108, -1, 81, 100, 77.0, 17, ABplaaa, 0, 0, 0, 0, , 0, 0, 0, 0, 0, 
79, 1, 77, 109, -1, 116, 130, 93.0, 17, ABplaap, 0, 0, 0, 0, , 0, 0, 0, 0, 0, 
80, 1, 78, 110, -1, 127, 98, 70.0, 19, ABplapa, 0, 0, 0, 0, , 0, 0, 0, 0, 0, 
81, 1, 79, 111, -1, 169, 128, 74.0, 19, ABplapp, 0, 0, 0, 0, , 0, 0, 0, 0, 0, 
