1, 0, 1, -1, -1, 46, 112, 86.0, 7, , 85, 0, 0, 0, , 0, 0, 0, 0, 0, 
2, 0, 2, -1, -1, 179, 50, 136.0, 7, , 3, 0, 0, 0, , 0, 0, 0, 0, 0, 
3, 0, 3, -1, -1, 253, 152, 150.0, 7, , 6, 0, 0, 0, , 0, 0, 0, 0, 0, 
4, 0, 4, -1, -1, 190, 55, 114.0, 8, , 9, 0, 0, 0, , 0, 0, 0, 0, 0, 
5, 0, 5, -1, -1, 252, 163, 151.0, 8, , 11, 0, 0, 0, , 0, 0, 0, 0, 0, 
6, 0, 6, -1, -1, 44, 109, 89.0, 9, , 15, 0, 0, 0, , 0, 0, 0, 0, 0, 
7, 0, 7, -1, -1, 46, 114, 81.0, 9, , 164, 0, 0, 0, , 0, 0, 0, 0, 0, 
8, 0, 8, -1, -1, 97, 66, 162.0, 8, , 4, 0, 0, 0, , 0, 0, 0, 0, 0, 
9, 0, 9, -1, -1, 216, 50, 155.0, 8, , 7, 0, 0, 0, , 0, 0, 0, 0, 0, 
10, 0, 10, -1, -1, 226, 49, 167.0, 8, , 17, 0, 0, 0, , 0, 0, 0, 0, 0, 
11, 0, 11, -1, -1, 190, 93, 73.0, 9, , 4, 0, 0, 0, , 0, 0, 0, 0, 0, 
12, 0, 12, -1, -1, 189, 86, 88.0, 7, , 11, 0, 0, 0, , 0, 0, 0, 0, 0, 
13, 0, 13, -1, -1, 192, 61, 111.0, 8, , 23, 0, 0, 0, , 0, 0, 0, 0, 0, 
14, 0, 14, -1, -1, 95, 74, 151.0, 8, , 5, 0, 0, 0, , 0, 0, 0, 0, 0, 
15, 0, 15, -1, -1, 81, 75, 157.0, 9, , 3, 0, 0, 0, , 0, 0, 0, 0, 0, 
16, 0, 16, -1, -1, 249, 155, 158.0, 8, , 7, 0, 0, 0, , 0, 0, 0, 0, 0, 
17, 0, 17, -1, -1, 94, 72, 167.0, 8, , 4, 0, 0, 0, , 0, 0, 0, 0, 0, 
18, 0, 18, -1, -1, 255, 152, 163.0, 8, , 12, 0, 0, 0, , 0, 0, 0, 0, 0, 
19, 0, 19, -1, -1, 128, 87, 181.0, 8, , 8, 0, 0, 0, , 0, 0, 0, 0, 0, 
20, 0, 20, -1, -1, 132, 98, 186.0, 8, , 15, 0, 0, 0, , 0, 0, 0, 0, 0, 
21, 0, 21, -1, -1, 124, 91, 195.0, 8, , 4, 0, 0, 0, , 0, 0, 0, 0, 0, 
22, 0, 22, -1, -1, 165, 72, 194.0, 9, , 19, 0, 0, 0, , 0, 0, 0, 0, 0, 
23, 0, 23, -1, -1, 214, 52, 170.0, 8, , 2, 0, 0, 0, , 0, 0, 0, 0, 0, 
24, 0, 24, -1, -1, 190, 89, 80.0, 9, , 37, 0, 0, 0, , 0, 0, 0, 0, 0, 
25, 0, 25, -1, -1, 45, 113, 82.0, 9, , 308, 0, 0, 0, , 0, 0, 0, 0, 0, 
26, 0, 26, -1, -1, 241, 52, 126.0, 9, , 7, 0, 0, 0, , 0, 0, 0, 0, 0, 
27, 0, 27, -1, -1, 210, 48, 158.0, 9, , 22, 0, 0, 0, , 0, 0, 0, 0, 0, 
28, 0, 28, -1, -1, 217, 44, 164.0, 7, , 3, 0, 0, 0, , 0, 0, 0, 0, 0, 
29, 0, -1, -1, -1, 187, 94, 90.0, 9, , 62, 0, 0, 0, , 0, 0, 0, 0, 0, 
30, 0, -1, -1, -1, 221, 59, 160.0, 7, , 46, 0, 0, 0, , 0, 0, 0, 0, 0, 
31, 0, -1, -1, -1, 126, 99, 183.0, 9, , 43, 0, 0, 0, , 0, 0, 0, 0, 0, 
32, 0, -1, -1, -1, 103, 59, 102.0, 7, , 6, 0, 0, 0, , 0, 0, 0, 0, 0, 
33, 0, -1, -1, -1, 109, 66, 103.0, 8, , 2, 0, 0, 0, , 0, 0, 0, 0, 0, 
34, 0, -1, -1, -1, 224, 47, 123.0, 7, , 3, 0, 0, 0, , 0, 0, 0, 0, 0, 
35, 0, -1, -1, -1, 234, 57, 131.0, 8, , 4, 0, 0, 0, , 0, 0, 0, 0, 0, 
36, 0, -1, -1, -1, 235, 45, 131.0, 8, , 2, 0, 0, 0, , 0, 0, 0, 0, 0, 
37, 0, -1, -1, -1, 223, 52, 132.0, 8, , 3, 0, 0, 0, , 0, 0, 0, 0, 0, 
38, 0, -1, -1, -1, 285, 82, 133.0, 8, , 4, 0, 0, 0, , 0, 0, 0, 0, 0, 
39, 0, -1, -1, -1, 243, 53, 134.0, 7, , 6, 0, 0, 0, , 0, 0, 0, 0, 0, 
40, 0, -1, -1, -1, 174, 39, 138.0, 7, , 11, 0, 0, 0, , 0, 0, 0, 0, 0, 
41, 0, -1, -1, -1, 235, 47, 139.0, 7, , 5, 0, 0, 0, , 0, 0, 0, 0, 0, 
42, 0, -1, -1, -1, 177, 34, 141.0, 8, , 5, 0, 0, 0, , 0, 0, 0, 0, 0, 
43, 0, -1, -1, -1, 172, 33, 145.0, 8, , 2, 0, 0, 0, , 0, 0, 0, 0, 0, 
44, 0, -1, -1, -1, 142, 57, 155.0, 8, , 11, 0, 0, 0, , 0, 0, 0, 0, 0, 
45, 0, -1, -1, -1, 131, 64, 156.0, 8, , 2, 0, 0, 0, , 0, 0, 0, 0, 0, 
46, 0, -1, -1, -1, 274, 62, 163.0, 8, , 7, 0, 0, 0, , 0, 0, 0, 0, 0, 
47, 0, -1, -1, -1, 130, 51, 165.0, 9, , 14, 0, 0, 0, , 0, 0, 0, 0, 0, 
48, 0, -1, -1, -1, 208, 51, 166.0, 8, , 3, 0, 0, 0, , 0, 0, 0, 0, 0, 
49, 0, -1, -1, -1, 124, 59, 167.0, 7, , 18, 0, 0, 0, , 0, 0, 0, 0, 0, 
50, 0, -1, -1, -1, 139, 49, 167.0, 8, , 1, 0, 0, 0, , 0, 0, 0, 0, 0, 
51, 0, -1, -1, -1, 123, 94, 176.0, 8, , 5, 0, 0, 0, , 0, 0, 0, 0, 0, 
52, 0, -1, -1, -1, 128, 98, 178.0, 9, , 4, 0, 0, 0, , 0, 0, 0, 0, 0, 
53, 0, -1, -1, -1, 302, 105, 178.0, 8, , 1, 0, 0, 0, , 0, 0, 0, 0, 0, 
54, 0, -1, -1, -1, 120, 92, 182.0, 7, , 8, 0, 0, 0, , 0, 0, 0, 0, 0, 
55, 0, -1, -1, -1, 178, 71, 182.0, 8, , 7, 0, 0, 0, , 0, 0, 0, 0, 0, 
56, 0, -1, -1, -1, 129, 92, 186.0, 8, , 3, 0, 0, 0, , 0, 0, 0, 0, 0, 
57, 0, -1, -1, -1, 122, 92, 198.0, 7, , 3, 0, 0, 0, , 0, 0, 0, 0, 0, 
58, 1, 29, 90, -1, 255, 166, 111.0, 20, Da, 0, 0, 0, 0, , 0, 0, 0, 0, 0, 
59, 1, 30, 91, -1, 256, 106, 150.0, 26, Epr, 0, 0, 0, 0, , 0, 0, 0, 0, 0, 
60, 1, 31, 92, -1, 175, 44, 150.0, 23, ABpraaa, 0, 0, 0, 0, , 0, 0, 0, 0, 0, 
61, 1, 32, 93, -1, 170, 70, 183.0, 23, ABarapp, 0, 0, 0, 0, , 0, 0, 0, 0, 0, 
62, 1, 33, 96, -1, 125, 92, 186.0, 24, ABaraap, 0, 0, 0, 0, , 0, 0, 0, 0, 0, 
63, 1, 34, 94, -1, 134, 56, 163.0, 23, ABarapa, 0, 0, 0, 0, , 0, 0, 0, 0, 0, 
64, 0, 35, -1, -1, 121, 61, 165.34782, 18, , 0, 0, 0, 0, , 0, 0, 0, 0, 0, 
65, 1, 36, 97, -1, 90, 74, 163.0, 23, ABaraaa, 0, 0, 0, 0, , 0, 0, 0, 0, 0, 
66, 1, 37, 98, -1, 55, 136, 125.0, 25, ABalpaa, 0, 0, 0, 0, , 0, 0, 0, 0, 0, 
67, 1, 38, 99, -1, 97, 158, 142.0, 25, ABalpap, 0, 0, 0, 0, , 0, 0, 0, 0, 0, 
68, 1, 39, 100, -1, 93, 161, 100.0, 25, ABalppa, 0, 0, 0, 0, , 0, 0, 0, 0, 0, 
69, 1, 40, 101, -1, 148, 151, 113.5, 23, ABalppp, 0, 0, 0, 0, , 0, 0, 0, 0, 0, 
70, 1, 41, 102, -1, 51, 99, 143.0, 23, ABalaaa, 0, 0, 0, 0, , 0, 0, 0, 0, 0, 
71, 1, 42, 103, -1, 82, 113, 156.0, 23, ABalaap, 0, 0, 0, 0, , 0, 0, 0, 0, 0, 
72, 1, 43, 104, -1, 73, 79, 119.0, 23, ABalapa, 0, 0, 0, 0, , 0, 0, 0, 0, 0, 
73, 1, 44, 105, -1, 114, 103, 137.0, 23, ABalapp, 0, 0, 0, 0, , 0, 0, 0, 0, 0, 
74, 1, 45, 106, -1, 216, 51, 162.5, 20, ABpraap, 0, 0, 0, 0, , 0, 0, 0, 0, 0, 
75, 1, 46, 107, -1, 272, 74, 136.33333, 23, ABprapp, 0, 0, 0, 0, , 0, 0, 0, 0, 0, 
76, 1, 47, 108, -1, 226, 44, 133.0, 18, ABprapa, 0, 0, 0, 0, , 0, 0, 0, 0, 0, 
77, 1, 48, 109, -1, 184, 131, 145.0, 23, Eal, 0, 0, 0, 0, , 0, 0, 0, 0, 0, 
78, 1, 49, 110, -1, 201, 99, 157.0, 25, Ear, 0, 0, 0, 0, , 0, 0, 0, 0, 0, 
79, 1, 50, 111, -1, 103, 129, 176.0, 21, MSaaa, 0, 0, 0, 0, , 0, 0, 0, 0, 0, 
80, 1, 51, 112, -1, 234, 92, 198.0, 16, MSppa, 0, 0, 0, 0, , 0, 0, 0, 0, 0, 
81, 1, 52, 113, -1, 264, 135, 181.0, 16, MSppp, 0, 0, 0, 0, , 0, 0, 0, 0, 0, 
82, 1, 53, 114, -1, 226, 131, 124.0, 20, Epl, 0, 0, 0, 0, , 0, 0, 0, 0, 0, 
83, 0, 54, -1, -1, 192, 99, 89.17143, 21, , 0, 0, 0, 0, , 0, 0, 0, 0, 0, 
84, 1, 55, 116, -1, 190, 160, 73.0, 21, ABplppa, 0, 0, 0, 0, , 0, 0, 0, 0, 0, 
85, 1, 56, 117, -1, 223, 169, 99.5, 21, ABplppp, 0, 0, 0, 0, , 0, 0, 0, 0, 0, 
86, 1, 57, 118, -1, 177, 176, 106.0, 21, ABplpap, 0, 0, 0, 0, , 0, 0, 0, 0, 0, 
87, 1, 58, 119, -1, 131, 160, 77.0, 21, ABplpaa, 0, 0, 0, 0, , 0, 0, 0, 0, 0, 
88, 1, 59, 120, -1, 263, 62, 170.5, 22, ABprpaa, 0, 0, 0, 0, , 0, 0, 0, 0, 0, 
89, 1, 60, 121, -1, 295, 100, 172.0, 20, ABprpap, 0, 0, 0, 0, , 0, 0, 0, 0, 0, 
90, 1, 61, 122, -1, 310, 82, 136.4, 20, ABprppa, 0, 0, 0, 0, , 0, 0, 0, 0, 0, 
91, 1, 62, 123, -1, 318, 125, 139.0, 20, ABprppp, 0, 0, 0, 0, , 0, 0, 0, 0, 0, 
92, 1, 63, 124, -1, 160, 141, 185.25, 17, MSaap, 0, 0, 0, 0, , 0, 0, 0, 0, 0, 
93, 1, 64, 125, -1, 144, 145, 155.0, 20, MSapa, 0, 0, 0, 0, , 0, 0, 0, 0, 0, 
94, 1, 65, 126, -1, 193, 165, 160.0, 16, MSapp, 0, 0, 0, 0, , 0, 0, 0, 0, 0, 
95, 1, 66, 127, -1, 167, 102, 197.0, 19, MSpaa, 0, 0, 0, 0, , 0, 0, 0, 0, 0, 
96, 1, 67, 128, -1, 213, 143, 188.0, 18, MSpap, 0, 0, 0, 0, , 0, 0, 0, 0, 0, 
97, 1, 68, 129, 130, 188, 95, 83.0, 17, Caa, 0, 0, 0, 0, , 0, 0, 0, 0, 0, 
98, 1, 69, 131, -1, 228, 136, 76.0, 21, Cap, 0, 0, 0, 0, , 0, 0, 0, 0, 0, 
99, 1, 70, 133, -1, 237, 73, 92.0, 17, Cpaa, 0, 0, 0, 0, , 0, 0, 0, 0, 0, 
100, 1, 70, 132, -1, 249, 104, 91.5, 17, Cpap, 0, 0, 0, 0, , 0, 0, 0, 0, 0, 
101, 1, 71, 134, -1, 283, 134, 93.0, 21, Cpp, 0, 0, 0, 0, , 0, 0, 0, 0, 0, 
102, 1, 72, 135, -1, 296, 152, 136.0, 18, Dp, 0, 0, 0, 0, , 0, 0, 0, 0, 0, 
103, 1, 73, 136, -1, 257, 158, 158.0, 18, P4, 0, 0, 0, 0, , 0, 0, 0, 0, 0, 
104, 1, 74, 137, -1, 112, 56, 109.0, 21, ABarpaa, 0, 0, 0, 0, , 0, 0, 0, 0, 0, 
105, 1, 75, 138, -1, 151, 82, 139.0, 21, ABarpap, 0, 0, 0, 0, , 0, 0, 0, 0, 0, 
106, 1, 76, 139, -1, 156, 57, 99.0, 19, ABarppa, 0, 0, 0, 0, , 0, 0, 0, 0, 0, 
107, 1, 77, 140, -1, 197, 71, 124.0, 18, ABarppp, 0, 0, 0, 0, , 0, 0, 0, 0, 0, 
108, 1, 78, 141, -1, 78, 97, 76.0, 17, ABplaaa, 0, 0, 0, 0, , 0, 0, 0, 0, 0, 
109, 1, 79, 142, -1, 112, 130, 90.0, 17, ABplaap, 0, 0, 0, 0, , 0, 0, 0, 0, 0, 
110, 1, 80, 143, -1, 128, 95, 68.0, 19, ABplapa, 0, 0, 0, 0, , 0, 0, 0, 0, 0, 
111, 1, 81, 144, -1, 170, 130, 76.0, 19, ABplapp, 0, 0, 0, 0, , 0, 0, 0, 0, 0, 
