1, 0, 1, -1, -1, 45, 112, 85.0, 9, , 162, 0, 0, 0, , 0, 0, 0, 0, 0, 
2, 0, 2, -1, -1, 168, 45, 136.0, 8, , 6, 0, 0, 0, , 0, 0, 0, 0, 0, 
3, 0, 3, -1, -1, 253, 151, 151.0, 8, , 5, 0, 0, 0, , 0, 0, 0, 0, 0, 
4, 0, 5, -1, -1, 252, 160, 153.0, 9, , 6, 0, 0, 0, , 0, 0, 0, 0, 0, 
5, 0, 6, -1, -1, 43, 110, 89.0, 8, , 25, 0, 0, 0, , 0, 0, 0, 0, 0, 
6, 0, 7, -1, -1, 46, 113, 83.0, 9, , 164, 0, 0, 0, , 0, 0, 0, 0, 0, 
7, 0, 8, -1, -1, 94, 64, 160.0, 8, , 8, 0, 0, 0, , 0, 0, 0, 0, 0, 
8, 0, 10, -1, -1, 228, 48, 167.0, 8, , 37, 0, 0, 0, , 0, 0, 0, 0, 0, 
9, 0, 11, -1, -1, 175, 95, 70.0, 7, , 3, 0, 0, 0, , 0, 0, 0, 0, 0, 
10, 0, 13, -1, -1, 193, 65, 110.0, 8, , 22, 0, 0, 0, , 0, 0, 0, 0, 0, 
11, 0, 14, -1, -1, 96, 67, 150.0, 8, , 14, 0, 0, 0, , 0, 0, 0, 0, 0, 
12, 0, 15, -1, -1, 82, 74, 159.0, 8, , 2, 0, 0, 0, , 0, 0, 0, 0, 0, 
13, 0, 16, -1, -1, 260, 148, 158.0, 8, , 10, 0, 0, 0, , 0, 0, 0, 0, 0, 
14, 0, 17, -1, -1, 89, 81, 169.0, 8, , 3, 0, 0, 0, , 0, 0, 0, 0, 0, 
15, 0, 18, -1, -1, 246, 156, 165.0, 8, , 18, 0, 0, 0, , 0, 0, 0, 0, 0, 
16, 0, 19, -1, -1, 124, 83, 183.0, 7, , 9, 0, 0, 0, , 0, 0, 0, 0, 0, 
17, 0, 20, -1, -1, 124, 105, 187.0, 8, , 5, 0, 0, 0, , 0, 0, 0, 0, 0, 
18, 0, 21, -1, -1, 130, 94, 195.0, 7, , 14, 0, 0, 0, , 0, 0, 0, 0, 0, 
19, 0, 22, -1, -1, 167, 72, 194.0, 7, , 8, 0, 0, 0, , 0, 0, 0, 0, 0, 
20, 0, 23, -1, -1, 218, 58, 171.0, 8, , 109, 0, 0, 0, , 0, 0, 0, 0, 0, 
21, 0, 25, -1, -1, 50, 118, 82.0, 7, , 16, 0, 0, 0, , 0, 0, 0, 0, 0, 
22, 0, 26, -1, -1, 242, 43, 127.0, 8, , 10, 0, 0, 0, , 0, 0, 0, 0, 0, 
23, 0, 27, -1, -1, 219, 43, 160.0, 7, , 10, 0, 0, 0, , 0, 0, 0, 0, 0, 
24, 0, 30, -1, -1, 218, 51, 161.0, 9, , 128, 0, 0, 0, , 0, 0, 0, 0, 0, 
25, 0, 31, -1, -1, 121, 99, 183.0, 8, , 19, 0, 0, 0, , 0, 0, 0, 0, 0, 
26, 0, 32, -1, -1, 104, 57, 101.0, 8, , 19, 0, 0, 0, , 0, 0, 0, 0, 0, 
27, 0, 33, -1, -1, 100, 57, 107.0, 8, , 10, 0, 0, 0, , 0, 0, 0, 0, 0, 
28, 0, 34, -1, -1, 226, 42, 126.0, 8, , 2, 0, 0, 0, , 0, 0, 0, 0, 0, 
29, 0, 35, -1, -1, 236, 58, 133.0, 8, , 4, 0, 0, 0, , 0, 0, 0, 0, 0, 
30, 0, 36, -1, -1, 235, 44, 129.0, 7, , 5, 0, 0, 0, , 0, 0, 0, 0, 0, 
31, 0, 37, -1, -1, 228, 52, 131.0, 8, , 1, 0, 0, 0, , 0, 0, 0, 0, 0, 
32, 0, 38, -1, -1, 284, 82, 133.0, 8, , 4, 0, 0, 0, , 0, 0, 0, 0, 0, 
33, 0, 39, -1, -1, 240, 51, 133.0, 9, , 13, 0, 0, 0, , 0, 0, 0, 0, 0, 
34, 0, 40, -1, -1, 180, 42, 140.0, 8, , 3, 0, 0, 0, , 0, 0, 0, 0, 0, 
35, 0, 41, -1, -1, 237, 53, 140.0, 8, , 10, 0, 0, 0, , 0, 0, 0, 0, 0, 
36, 0, -1, -1, -1, 172, 44, 143.0, 7, , 8, 0, 0, 0, , 0, 0, 0, 0, 0, 
37, 0, 43, -1, -1, 170, 38, 145.0, 8, , 27, 0, 0, 0, , 0, 0, 0, 0, 0, 
38, 0, 44, -1, -1, 142, 62, 157.0, 8, , 17, 0, 0, 0, , 0, 0, 0, 0, 0, 
39, 0, 45, -1, -1, 127, 55, 154.0, 8, , 9, 0, 0, 0, , 0, 0, 0, 0, 0, 
40, 0, 46, -1, -1, 275, 65, 162.0, 7, , 4, 0, 0, 0, , 0, 0, 0, 0, 0, 
41, 0, 47, -1, -1, 142, 48, 167.0, 8, , 8, 0, 0, 0, , 0, 0, 0, 0, 0, 
42, 0, 49, -1, -1, 131, 61, 166.0, 8, , 15, 0, 0, 0, , 0, 0, 0, 0, 0, 
43, 0, -1, -1, -1, 135, 50, 170.0, 8, , 2, 0, 0, 0, , 0, 0, 0, 0, 0, 
44, 0, 51, -1, -1, 120, 97, 177.0, 7, , 9, 0, 0, 0, , 0, 0, 0, 0, 0, 
45, 0, 52, -1, -1, 129, 88, 177.0, 8, , 12, 0, 0, 0, , 0, 0, 0, 0, 0, 
46, 0, 53, -1, -1, 294, 106, 174.0, 9, , 6, 0, 0, 0, , 0, 0, 0, 0, 0, 
47, 0, 54, -1, -1, 121, 89, 183.0, 7, , 28, 0, 0, 0, , 0, 0, 0, 0, 0, 
48, 0, 55, -1, -1, 171, 78, 180.0, 7, , 3, 0, 0, 0, , 0, 0, 0, 0, 0, 
49, 0, 56, -1, -1, 126, 97, 189.0, 8, , 3, 0, 0, 0, , 0, 0, 0, 0, 0, 
50, 0, 57, -1, -1, 125, 97, 198.0, 7, , 5, 0, 0, 0, , 0, 0, 0, 0, 0, 
51, 0, -1, -1, -1, 76, 83, 111.0, 9, , 28, 0, 0, 0, , 0, 0, 0, 0, 0, 
52, 0, -1, -1, -1, 183, 70, 188.0, 8, , 13, 0, 0, 0, , 0, 0, 0, 0, 0, 
53, 0, -1, -1, -1, 127, 89, 191.0, 8, , 19, 0, 0, 0, , 0, 0, 0, 0, 0, 
54, 0, -1, -1, -1, 122, 88, 194.0, 8, , 59, 0, 0, 0, , 0, 0, 0, 0, 0, 
55, 0, -1, -1, -1, 174, 90, 75.0, 9, , 49, 0, 0, 0, , 0, 0, 0, 0, 0, 
56, 0, -1, -1, -1, 251, 153, 160.0, 9, , 52, 0, 0, 0, , 0, 0, 0, 0, 0, 
57, 0, -1, -1, -1, 126, 92, 60.0, 8, , 8, 0, 0, 0, , 0, 0, 0, 0, 0, 
58, 0, -1, -1, -1, 123, 87, 65.0, 8, , 2, 0, 0, 0, , 0, 0, 0, 0, 0, 
59, 0, -1, -1, -1, 86, 110, 76.0, 8, , 6, 0, 0, 0, , 0, 0, 0, 0, 0, 
60, 0, -1, -1, -1, 91, 97, 83.0, 8, , 11, 0, 0, 0, , 0, 0, 0, 0, 0, 
61, 0, -1, -1, -1, 87, 91, 86.0, 7, , 9, 0, 0, 0, , 0, 0, 0, 0, 0, 
62, 0, -1, -1, -1, 108, 65, 105.0, 8, , 9, 0, 0, 0, , 0, 0, 0, 0, 0, 
63, 0, -1, -1, -1, 120, 53, 116.0, 8, , 7, 0, 0, 0, , 0, 0, 0, 0, 0, 
64, 0, -1, -1, -1, 77, 74, 117.0, 8, , 2, 0, 0, 0, , 0, 0, 0, 0, 0, 
65, 0, -1, -1, -1, 73, 88, 120.0, 8, , 5, 0, 0, 0, , 0, 0, 0, 0, 0, 
66, 0, -1, -1, -1, 117, 60, 122.0, 7, , 8, 0, 0, 0, , 0, 0, 0, 0, 0, 
67, 0, -1, -1, -1, 231, 48, 122.0, 8, , 11, 0, 0, 0, , 0, 0, 0, 0, 0, 
68, 0, -1, -1, -1, 234, 42, 122.0, 8, , 8, 0, 0, 0, , 0, 0, 0, 0, 0, 
69, 0, -1, -1, -1, 240, 54, 122.0, 7, , 10, 0, 0, 0, , 0, 0, 0, 0, 0, 
70, 0, -1, -1, -1, 74, 81, 125.0, 8, , 8, 0, 0, 0, , 0, 0, 0, 0, 0, 
71, 0, -1, -1, -1, 155, 86, 130.0, 7, , 7, 0, 0, 0, , 0, 0, 0, 0, 0, 
72, 0, -1, -1, -1, 143, 78, 132.0, 9, , 4, 0, 0, 0, , 0, 0, 0, 0, 0, 
73, 0, -1, -1, -1, 158, 80, 135.0, 8, , 6, 0, 0, 0, , 0, 0, 0, 0, 0, 
74, 0, -1, -1, -1, 155, 71, 138.0, 9, , 6, 0, 0, 0, , 0, 0, 0, 0, 0, 
75, 0, -1, -1, -1, 90, 147, 143.0, 8, , 1, 0, 0, 0, , 0, 0, 0, 0, 0, 
76, 0, -1, -1, -1, 310, 125, 145.0, 7, , 4, 0, 0, 0, , 0, 0, 0, 0, 0, 
77, 0, -1, -1, -1, 170, 45, 152.0, 7, , 6, 0, 0, 0, , 0, 0, 0, 0, 0, 
78, 0, -1, -1, -1, 89, 65, 155.0, 7, , 8, 0, 0, 0, , 0, 0, 0, 0, 0, 
79, 0, -1, -1, -1, 99, 70, 155.0, 7, , 4, 0, 0, 0, , 0, 0, 0, 0, 0, 
80, 0, -1, -1, -1, 139, 45, 156.0, 8, , 2, 0, 0, 0, , 0, 0, 0, 0, 0, 
81, 0, -1, -1, -1, 94, 81, 157.0, 7, , 9, 0, 0, 0, , 0, 0, 0, 0, 0, 
82, 0, -1, -1, -1, 296, 107, 162.0, 8, , 2, 0, 0, 0, , 0, 0, 0, 0, 0, 
83, 0, -1, -1, -1, 265, 58, 169.0, 8, , 5, 0, 0, 0, , 0, 0, 0, 0, 0, 
84, 0, -1, -1, -1, 92, 76, 172.0, 8, , 17, 0, 0, 0, , 0, 0, 0, 0, 0, 
85, 0, -1, -1, -1, 257, 64, 172.0, 8, , 5, 0, 0, 0, , 0, 0, 0, 0, 0, 
86, 0, -1, -1, -1, 165, 67, 177.0, 8, , 0, 0, 0, 0, , 0, 0, 0, 0, 0, 
87, 0, -1, -1, -1, 165, 69, 184.0, 9, , 8, 0, 0, 0, , 0, 0, 0, 0, 0, 
88, 0, -1, -1, -1, 164, 70, 190.0, 8, , 13, 0, 0, 0, , 0, 0, 0, 0, 0, 
89, 0, -1, -1, -1, 181, 72, 193.0, 7, , 10, 0, 0, 0, , 0, 0, 0, 0, 0, 
90, 1, 58, 110, -1, 257, 167, 111.0, 20, Da, 0, 0, 0, 0, , 0, 0, 0, 0, 0, 
91, 1, 59, 111, -1, 254, 106, 150.0, 26, Epr, 0, 0, 0, 0, , 0, 0, 0, 0, 0, 
92, 1, 60, 112, -1, 176, 46, 150.0, 21, ABpraaa, 0, 0, 0, 0, , 0, 0, 0, 0, 0, 
93, 1, 61, 113, -1, 174, 71, 185.0, 23, ABarapp, 0, 0, 0, 0, , 0, 0, 0, 0, 0, 
94, 1, 63, 114, -1, 136, 55, 163.0, 23, ABarapa, 0, 0, 0, 0, , 0, 0, 0, 0, 0, 
95, 0, 64, -1, -1, 122, 61, 165.26086, 18, , 0, 0, 0, 0, , 0, 0, 0, 0, 0, 
96, 1, 62, 116, -1, 124, 93, 184.0, 20, ABaraap, 0, 0, 0, 0, , 0, 0, 0, 0, 0, 
97, 1, 65, 117, -1, 93, 74, 161.0, 23, ABaraaa, 0, 0, 0, 0, , 0, 0, 0, 0, 0, 
98, 1, 66, 118, -1, 53, 136, 127.0, 25, ABalpaa, 0, 0, 0, 0, , 0, 0, 0, 0, 0, 
99, 1, 67, 119, -1, 95, 157, 143.0, 25, ABalpap, 0, 0, 0, 0, , 0, 0, 0, 0, 0, 
100, 1, 68, 120, -1, 92, 161, 100.0, 25, ABalppa, 0, 0, 0, 0, , 0, 0, 0, 0, 0, 
101, 1, 69, 121, -1, 146, 150, 112.0, 25, ABalppp, 0, 0, 0, 0, , 0, 0, 0, 0, 0, 
102, 1, 70, 122, -1, 52, 99, 144.0, 23, ABalaaa, 0, 0, 0, 0, , 0, 0, 0, 0, 0, 
103, 1, 71, 123, -1, 82, 112, 157.0, 23, ABalaap, 0, 0, 0, 0, , 0, 0, 0, 0, 0, 
104, 1, 72, 124, -1, 73, 78, 120.0, 23, ABalapa, 0, 0, 0, 0, , 0, 0, 0, 0, 0, 
105, 1, 73, 125, -1, 113, 102, 136.0, 23, ABalapp, 0, 0, 0, 0, , 0, 0, 0, 0, 0, 
106, 1, 74, 126, 127, 217, 52, 160.0, 11, ABpraap, 0, 0, 0, 0, , 0, 0, 0, 0, 0, 
107, 1, 75, 128, -1, 270, 75, 133.66667, 18, ABprapp, 0, 0, 0, 0, , 0, 0, 0, 0, 0, 
108, 1, 76, 129, -1, 227, 44, 132.0, 17, ABprapa, 0, 0, 0, 0, , 0, 0, 0, 0, 0, 
109, 1, 77, 130, -1, 182, 133, 149.0, 23, Eal, 0, 0, 0, 0, , 0, 0, 0, 0, 0, 
110, 1, 78, 131, -1, 198, 103, 158.0, 25, Ear, 0, 0, 0, 0, , 0, 0, 0, 0, 0, 
111, 1, 79, 132, -1, 103, 130, 178.0, 21, MSaaa, 0, 0, 0, 0, , 0, 0, 0, 0, 0, 
112, 1, 80, 133, -1, 233, 94, 197.0, 16, MSppa, 0, 0, 0, 0, , 0, 0, 0, 0, 0, 
113, 1, 81, 134, -1, 261, 131, 183.0, 16, MSppp, 0, 0, 0, 0, , 0, 0, 0, 0, 0, 
114, 1, 82, 135, -1, 228, 132, 126.0, 20, Epl, 0, 0, 0, 0, , 0, 0, 0, 0, 0, 
115, 0, 83, -1, -1, 195, 100, 90.22857, 21, , 0, 0, 0, 0, , 0, 0, 0, 0, 0, 
116, 1, 84, 137, -1, 188, 162, 74.0, 21, ABplppa, 0, 0, 0, 0, , 0, 0, 0, 0, 0, 
117, 1, 85, 138, -1, 223, 169, 100.25, 21, ABplppp, 0, 0, 0, 0, , 0, 0, 0, 0, 0, 
118, 1, 86, 139, -1, 176, 175, 108.0, 21, ABplpap, 0, 0, 0, 0, , 0, 0, 0, 0, 0, 
119, 1, 87, 140, -1, 131, 160, 79.0, 21, ABplpaa, 0, 0, 0, 0, , 0, 0, 0, 0, 0, 
120, 1, 88, 141, -1, 265, 62, 169.0, 21, ABprpaa, 0, 0, 0, 0, , 0, 0, 0, 0, 0, 
121, 1, 89, 142, -1, 296, 99, 170.0, 21, ABprpap, 0, 0, 0, 0, , 0, 0, 0, 0, 0, 
122, 1, 90, 143, -1, 312, 83, 136.8, 19, ABprppa, 0, 0, 0, 0, , 0, 0, 0, 0, 0, 
123, 1, 91, 144, -1, 318, 125, 141.0, 20, ABprppp, 0, 0, 0, 0, , 0, 0, 0, 0, 0, 
124, 1, 92, 145, -1, 160, 140, 185.0, 18, MSaap, 0, 0, 0, 0, , 0, 0, 0, 0, 0, 
125, 1, 93, 146, -1, 143, 152, 157.0, 20, MSapa, 0, 0, 0, 0, , 0, 0, 0, 0, 0, 
126, 1, 94, 147, -1, 195, 167, 157.0, 16, MSapp, 0, 0, 0, 0, , 0, 0, 0, 0, 0, 
127, 1, 95, 148, -1, 170, 102, 200.0, 19, MSpaa, 0, 0, 0, 0, , 0, 0, 0, 0, 0, 
128, 1, 96, 149, -1, 213, 145, 189.4, 20, MSpap, 0, 0, 0, 0, , 0, 0, 0, 0, 0, 
129, 1, 97, 151, -1, 173, 90, 77.0, 17, Caaa, 0, 0, 0, 0, , 0, 0, 0, 0, 0, 
130, 1, 97, 150, -1, 204, 100, 86.0, 17, Caap, 0, 0, 0, 0, , 0, 0, 0, 0, 0, 
131, 1, 98, 152, -1, 230, 138, 78.0, 21, Cap, 0, 0, 0, 0, , 0, 0, 0, 0, 0, 
132, 1, 100, 154, -1, 251, 106, 94.0, 17, Cpap, 0, 0, 0, 0, , 0, 0, 0, 0, 0, 
133, 1, 99, 153, -1, 237, 70, 90.0, 17, Cpaa, 0, 0, 0, 0, , 0, 0, 0, 0, 0, 
134, 1, 101, 155, -1, 283, 139, 95.0, 21, Cpp, 0, 0, 0, 0, , 0, 0, 0, 0, 0, 
135, 1, 102, 156, -1, 296, 153, 138.0, 20, Dp, 0, 0, 0, 0, , 0, 0, 0, 0, 0, 
136, 1, 103, 157, -1, 256, 157, 159.0, 18, P4, 0, 0, 0, 0, , 0, 0, 0, 0, 0, 
137, 1, 104, 158, -1, 111, 57, 110.0, 21, ABarpaa, 0, 0, 0, 0, , 0, 0, 0, 0, 0, 
138, 1, 105, 159, -1, 151, 82, 139.0, 21, ABarpap, 0, 0, 0, 0, , 0, 0, 0, 0, 0, 
139, 1, 106, 160, -1, 158, 59, 101.0, 19, ABarppa, 0, 0, 0, 0, , 0, 0, 0, 0, 0, 
140, 1, 107, 161, -1, 201, 72, 126.0, 18, ABarppp, 0, 0, 0, 0, , 0, 0, 0, 0, 0, 
141, 1, 108, 162, -1, 79, 99, 80.0, 17, ABplaaa, 0, 0, 0, 0, , 0, 0, 0, 0, 0, 
142, 1, 109, 163, -1, 110, 128, 90.0, 17, ABplaap, 0, 0, 0, 0, , 0, 0, 0, 0, 0, 
143, 1, 110, 164, 165, 124, 96, 70.0, 19, ABplapa, 0, 0, 0, 0, , 0, 0, 0, 0, 0, 
144, 1, 111, 166, -1, 169, 131, 78.0, 19, ABplapp, 0, 0, 0, 0, , 0, 0, 0, 0, 0, 
