1, 0, 1, -1, -1, 45, 111, 87.0, 7, , 56, 0, 0, 0, , 0, 0, 0, 0, 0, 
2, 0, 2, -1, -1, 172, 48, 136.0, 8, , 20, 0, 0, 0, , 0, 0, 0, 0, 0, 
3, 0, 5, -1, -1, 44, 109, 90.0, 9, , 15, 0, 0, 0, , 0, 0, 0, 0, 0, 
4, 0, 6, -1, -1, 46, 112, 84.0, 9, , 197, 0, 0, 0, , 0, 0, 0, 0, 0, 
5, 0, 7, -1, -1, 90, 78, 163.0, 8, , 7, 0, 0, 0, , 0, 0, 0, 0, 0, 
6, 0, 12, -1, -1, 254, 152, 155.0, 7, , 5, 0, 0, 0, , 0, 0, 0, 0, 0, 
7, 0, 13, -1, -1, 92, 83, 168.0, 8, , 27, 0, 0, 0, , 0, 0, 0, 0, 0, 
8, 0, 14, -1, -1, 247, 154, 164.0, 7, , 28, 0, 0, 0, , 0, 0, 0, 0, 0, 
9, 0, 15, -1, -1, 122, 78, 183.0, 7, , 9, 0, 0, 0, , 0, 0, 0, 0, 0, 
10, 0, 17, -1, -1, 180, 69, 195.0, 7, , 8, 0, 0, 0, , 0, 0, 0, 0, 0, 
11, 0, 18, -1, -1, 207, 48, 170.0, 9, , 89, 0, 0, 0, , 0, 0, 0, 0, 0, 
12, 0, 19, -1, -1, 45, 112, 81.0, 9, , 228, 0, 0, 0, , 0, 0, 0, 0, 0, 
13, 0, 20, -1, -1, 236, 43, 127.0, 7, , 68, 0, 0, 0, , 0, 0, 0, 0, 0, 
14, 0, 22, -1, -1, 144, 92, 183.0, 8, , 5, 0, 0, 0, , 0, 0, 0, 0, 0, 
15, 0, 23, -1, -1, 112, 58, 110.0, 8, , 3, 0, 0, 0, , 0, 0, 0, 0, 0, 
16, 0, 24, -1, -1, 228, 47, 127.0, 8, , 13, 0, 0, 0, , 0, 0, 0, 0, 0, 
17, 0, 25, -1, -1, 238, 46, 134.0, 9, , 57, 0, 0, 0, , 0, 0, 0, 0, 0, 
18, 0, 27, -1, -1, 226, 51, 131.0, 8, , 92, 0, 0, 0, , 0, 0, 0, 0, 0, 
19, 0, 29, -1, -1, 174, 41, 137.0, 8, , 32, 0, 0, 0, , 0, 0, 0, 0, 0, 
20, 0, 31, -1, -1, 176, 41, 143.0, 9, , 36, 0, 0, 0, , 0, 0, 0, 0, 0, 
21, 0, 32, -1, -1, 181, 52, 148.0, 9, , 84, 0, 0, 0, , 0, 0, 0, 0, 0, 
22, 0, 33, -1, -1, 132, 54, 161.0, 9, , 58, 0, 0, 0, , 0, 0, 0, 0, 0, 
23, 0, 35, -1, -1, 262, 66, 163.0, 8, , 12, 0, 0, 0, , 0, 0, 0, 0, 0, 
24, 0, 36, -1, -1, 133, 50, 165.0, 8, , 11, 0, 0, 0, , 0, 0, 0, 0, 0, 
25, 0, 37, -1, -1, 132, 58, 171.0, 9, , 68, 0, 0, 0, , 0, 0, 0, 0, 0, 
26, 0, 38, -1, -1, 130, 64, 173.0, 8, , 7, 0, 0, 0, , 0, 0, 0, 0, 0, 
27, 0, 40, -1, -1, 293, 102, 172.0, 8, , 8, 0, 0, 0, , 0, 0, 0, 0, 0, 
28, 0, 41, -1, -1, 140, 98, 185.0, 11, , 90, 0, 0, 0, , 0, 0, 0, 0, 0, 
29, 0, 42, -1, -1, 182, 70, 180.0, 8, , 40, 0, 0, 0, , 0, 0, 0, 0, 0, 
30, 0, 44, -1, -1, 186, 74, 189.0, 8, , 8, 0, 0, 0, , 0, 0, 0, 0, 0, 
31, 0, 46, -1, -1, 251, 152, 160.0, 9, , 52, 0, 0, 0, , 0, 0, 0, 0, 0, 
32, 0, 47, -1, -1, 106, 97, 58.0, 11, , 34, 0, 0, 0, , 0, 0, 0, 0, 0, 
33, 0, 48, -1, -1, 108, 99, 66.0, 8, , 6, 0, 0, 0, , 0, 0, 0, 0, 0, 
34, 0, 50, -1, -1, 78, 95, 83.0, 7, , 8, 0, 0, 0, , 0, 0, 0, 0, 0, 
35, 0, 51, -1, -1, 79, 95, 88.0, 9, , 33, 0, 0, 0, , 0, 0, 0, 0, 0, 
36, 0, 53, -1, -1, 108, 53, 118.0, 8, , 11, 0, 0, 0, , 0, 0, 0, 0, 0, 
37, 0, 54, -1, -1, 73, 83, 116.0, 13, , 117, 0, 0, 0, , 0, 0, 0, 0, 0, 
38, 0, 55, -1, -1, 78, 82, 123.0, 9, , 30, 0, 0, 0, , 0, 0, 0, 0, 0, 
39, 0, 56, -1, -1, 111, 49, 122.0, 9, , 80, 0, 0, 0, , 0, 0, 0, 0, 0, 
40, 0, 57, -1, -1, 224, 50, 121.0, 8, , 15, 0, 0, 0, , 0, 0, 0, 0, 0, 
41, 0, 58, -1, -1, 236, 50, 123.0, 8, , 8, 0, 0, 0, , 0, 0, 0, 0, 0, 
42, 0, 59, -1, -1, 231, 44, 121.0, 8, , 15, 0, 0, 0, , 0, 0, 0, 0, 0, 
43, 0, 60, -1, -1, 73, 85, 123.0, 8, , 16, 0, 0, 0, , 0, 0, 0, 0, 0, 
44, 0, 61, -1, -1, 154, 80, 131.0, 8, , 13, 0, 0, 0, , 0, 0, 0, 0, 0, 
45, 0, 62, -1, -1, 150, 75, 135.0, 8, , 17, 0, 0, 0, , 0, 0, 0, 0, 0, 
46, 0, 63, -1, -1, 157, 73, 136.0, 8, , 33, 0, 0, 0, , 0, 0, 0, 0, 0, 
47, 0, 64, -1, -1, 149, 86, 139.0, 9, , 64, 0, 0, 0, , 0, 0, 0, 0, 0, 
48, 0, -1, -1, -1, 95, 148, 141.0, 7, , 26, 0, 0, 0, , 0, 0, 0, 0, 0, 
49, 0, 66, -1, -1, 309, 123, 145.0, 8, , 16, 0, 0, 0, , 0, 0, 0, 0, 0, 
50, 0, 68, -1, -1, 89, 72, 156.0, 8, , 14, 0, 0, 0, , 0, 0, 0, 0, 0, 
51, 0, 69, -1, -1, 96, 70, 157.0, 9, , 52, 0, 0, 0, , 0, 0, 0, 0, 0, 
52, 0, 71, -1, -1, 93, 85, 160.0, 8, , 3, 0, 0, 0, , 0, 0, 0, 0, 0, 
53, 0, 72, -1, -1, 303, 94, 164.0, 8, , 8, 0, 0, 0, , 0, 0, 0, 0, 0, 
54, 0, 73, -1, -1, 267, 62, 170.0, 8, , 5, 0, 0, 0, , 0, 0, 0, 0, 0, 
55, 0, 74, -1, -1, 101, 79, 170.0, 7, , 6, 0, 0, 0, , 0, 0, 0, 0, 0, 
56, 0, 75, -1, -1, 275, 61, 172.0, 8, , 8, 0, 0, 0, , 0, 0, 0, 0, 0, 
57, 0, 76, -1, -1, 173, 66, 177.0, 8, , 6, 0, 0, 0, , 0, 0, 0, 0, 0, 
58, 0, 77, -1, -1, 175, 77, 180.0, 8, , 37, 0, 0, 0, , 0, 0, 0, 0, 0, 
59, 0, 78, -1, -1, 176, 69, 191.0, 8, , 6, 0, 0, 0, , 0, 0, 0, 0, 0, 
60, 0, 79, -1, -1, 178, 77, 192.0, 8, , 25, 0, 0, 0, , 0, 0, 0, 0, 0, 
61, 0, 80, -1, -1, 266, 68, 171.0, 9, , 9, 0, 0, 0, , 0, 0, 0, 0, 0, 
62, 0, 81, -1, -1, 114, 56, 116.0, 8, , 6, 0, 0, 0, , 0, 0, 0, 0, 0, 
63, 0, 84, -1, -1, 109, 100, 62.0, 8, , 25, 0, 0, 0, , 0, 0, 0, 0, 0, 
64, 0, 85, -1, -1, 47, 113, 77.0, 9, , 146, 0, 0, 0, , 0, 0, 0, 0, 0, 
65, 0, 86, -1, -1, 77, 97, 78.0, 8, , 6, 0, 0, 0, , 0, 0, 0, 0, 0, 
66, 0, 87, -1, -1, 83, 107, 86.0, 7, , 15, 0, 0, 0, , 0, 0, 0, 0, 0, 
67, 0, 88, -1, -1, 222, 164, 101.0, 8, , 7, 0, 0, 0, , 0, 0, 0, 0, 0, 
68, 0, 89, -1, -1, 111, 53, 106.0, 8, , 6, 0, 0, 0, , 0, 0, 0, 0, 0, 
69, 0, 90, -1, -1, 178, 178, 110.0, 8, , 18, 0, 0, 0, , 0, 0, 0, 0, 0, 
70, 0, 92, -1, -1, 139, 156, 118.0, 8, , 26, 0, 0, 0, , 0, 0, 0, 0, 0, 
71, 0, 93, -1, -1, 143, 147, 127.0, 8, , 21, 0, 0, 0, , 0, 0, 0, 0, 0, 
72, 0, 94, -1, -1, 281, 78, 124.0, 9, , 5, 0, 0, 0, , 0, 0, 0, 0, 0, 
73, 0, 95, -1, -1, 54, 133, 130.0, 9, , 27, 0, 0, 0, , 0, 0, 0, 0, 0, 
74, 0, 96, -1, -1, 109, 108, 133.0, 7, , 16, 0, 0, 0, , 0, 0, 0, 0, 0, 
75, 0, 97, -1, -1, 308, 85, 131.0, 8, , 4, 0, 0, 0, , 0, 0, 0, 0, 0, 
76, 0, 98, -1, -1, 171, 52, 135.0, 8, , 5, 0, 0, 0, , 0, 0, 0, 0, 0, 
77, 0, 99, -1, -1, 109, 95, 137.0, 7, , 18, 0, 0, 0, , 0, 0, 0, 0, 0, 
78, 0, 100, -1, -1, 309, 122, 138.0, 8, , 3, 0, 0, 0, , 0, 0, 0, 0, 0, 
79, 0, 101, -1, -1, 153, 78, 145.0, 8, , 21, 0, 0, 0, , 0, 0, 0, 0, 0, 
80, 0, 102, -1, -1, 158, 84, 149.0, 7, , 16, 0, 0, 0, , 0, 0, 0, 0, 0, 
81, 0, 103, -1, -1, 132, 62, 162.0, 9, , 213, 0, 0, 0, , 0, 0, 0, 0, 0, 
82, 0, 104, -1, -1, 271, 58, 161.0, 9, , 24, 0, 0, 0, , 0, 0, 0, 0, 0, 
83, 0, 106, -1, -1, 277, 63, 166.0, 8, , 5, 0, 0, 0, , 0, 0, 0, 0, 0, 
84, 0, 107, -1, -1, 291, 99, 169.0, 7, , 25, 0, 0, 0, , 0, 0, 0, 0, 0, 
85, 0, 108, -1, -1, 179, 69, 186.0, 8, , 12, 0, 0, 0, , 0, 0, 0, 0, 0, 
86, 0, 109, -1, -1, 239, 52, 128.0, 8, , 17, 0, 0, 0, , 0, 0, 0, 0, 0, 
87, 0, -1, -1, -1, 82, 102, 92.0, 8, , 38, 0, 0, 0, , 0, 0, 0, 0, 0, 
88, 0, -1, -1, -1, 106, 53, 113.0, 8, , 35, 0, 0, 0, , 0, 0, 0, 0, 0, 
89, 0, -1, -1, -1, 72, 78, 121.0, 11, , 79, 0, 0, 0, , 0, 0, 0, 0, 0, 
90, 0, -1, -1, -1, 313, 124, 145.0, 8, , 36, 0, 0, 0, , 0, 0, 0, 0, 0, 
91, 0, -1, -1, -1, 181, 40, 148.0, 8, , 19, 0, 0, 0, , 0, 0, 0, 0, 0, 
92, 0, -1, -1, -1, 294, 93, 159.0, 8, , 52, 0, 0, 0, , 0, 0, 0, 0, 0, 
93, 0, -1, -1, -1, 88, 69, 165.0, 11, , 83, 0, 0, 0, , 0, 0, 0, 0, 0, 
94, 0, -1, -1, -1, 113, 89, 186.0, 8, , 96, 0, 0, 0, , 0, 0, 0, 0, 0, 
95, 0, -1, -1, -1, 78, 102, 82.0, 9, , 25, 0, 0, 0, , 0, 0, 0, 0, 0, 
96, 0, -1, -1, -1, 195, 80, 101.0, 8, , 37, 0, 0, 0, , 0, 0, 0, 0, 0, 
97, 0, -1, -1, -1, 108, 109, 128.0, 8, , 24, 0, 0, 0, , 0, 0, 0, 0, 0, 
98, 0, -1, -1, -1, 95, 154, 151.0, 11, , 41, 0, 0, 0, , 0, 0, 0, 0, 0, 
99, 0, -1, -1, -1, 300, 100, 168.0, 9, , 50, 0, 0, 0, , 0, 0, 0, 0, 0, 
100, 0, -1, -1, -1, 184, 68, 190.0, 7, , 27, 0, 0, 0, , 0, 0, 0, 0, 0, 
101, 0, -1, -1, -1, 140, 95, 193.0, 9, , 54, 0, 0, 0, , 0, 0, 0, 0, 0, 
102, 0, -1, -1, -1, 227, 163, 109.0, 7, , 11, 0, 0, 0, , 0, 0, 0, 0, 0, 
103, 0, -1, -1, -1, 227, 168, 109.0, 7, , 11, 0, 0, 0, , 0, 0, 0, 0, 0, 
104, 0, -1, -1, -1, 176, 166, 111.0, 8, , 12, 0, 0, 0, , 0, 0, 0, 0, 0, 
105, 0, -1, -1, -1, 178, 178, 114.0, 7, , 13, 0, 0, 0, , 0, 0, 0, 0, 0, 
106, 0, -1, -1, -1, 146, 149, 118.0, 8, , 3, 0, 0, 0, , 0, 0, 0, 0, 0, 
107, 0, -1, -1, -1, 144, 150, 122.0, 7, , 16, 0, 0, 0, , 0, 0, 0, 0, 0, 
108, 0, -1, -1, -1, 75, 78, 126.0, 9, , 43, 0, 0, 0, , 0, 0, 0, 0, 0, 
109, 0, -1, -1, -1, 303, 84, 142.0, 8, , 11, 0, 0, 0, , 0, 0, 0, 0, 0, 
110, 0, -1, -1, -1, 64, 98, 145.0, 8, , 1, 0, 0, 0, , 0, 0, 0, 0, 0, 
111, 0, -1, -1, -1, 78, 109, 145.0, 8, , 7, 0, 0, 0, , 0, 0, 0, 0, 0, 
112, 0, -1, -1, -1, 61, 104, 146.0, 8, , 3, 0, 0, 0, , 0, 0, 0, 0, 0, 
113, 0, -1, -1, -1, 62, 97, 149.0, 7, , 3, 0, 0, 0, , 0, 0, 0, 0, 0, 
114, 0, -1, -1, -1, 261, 54, 159.0, 7, , 5, 0, 0, 0, , 0, 0, 0, 0, 0, 
115, 0, -1, -1, -1, 85, 106, 161.0, 8, , 5, 0, 0, 0, , 0, 0, 0, 0, 0, 
116, 0, -1, -1, -1, 254, 147, 161.0, 9, , 7, 0, 0, 0, , 0, 0, 0, 0, 0, 
117, 0, -1, -1, -1, 180, 75, 170.0, 8, , 6, 0, 0, 0, , 0, 0, 0, 0, 0, 
118, 0, -1, -1, -1, 245, 151, 171.0, 9, , 15, 0, 0, 0, , 0, 0, 0, 0, 0, 
119, 0, -1, -1, -1, 245, 154, 175.0, 9, , 5, 0, 0, 0, , 0, 0, 0, 0, 0, 
120, 0, -1, -1, -1, 175, 82, 178.0, 8, , 5, 0, 0, 0, , 0, 0, 0, 0, 0, 
121, 0, -1, -1, -1, 111, 92, 193.0, 9, , 24, 0, 0, 0, , 0, 0, 0, 0, 0, 
122, 0, -1, -1, -1, 143, 92, 188.0, 8, , 6, 0, 0, 0, , 0, 0, 0, 0, 0, 
123, 1, 110, 129, -1, 258, 164, 124.0, 22, Da, 0, 0, 0, 0, , 0, 0, 0, 0, 0, 
124, 1, 111, 130, -1, 252, 105, 147.0, 26, Epr, 0, 0, 0, 0, , 0, 0, 0, 0, 0, 
125, 1, 112, 131, 132, 177, 48, 145.0, 19, ABpraaa, 0, 0, 0, 0, , 0, 0, 0, 0, 0, 
126, 1, 113, 133, -1, 180, 73, 187.0, 17, ABarapp, 0, 0, 0, 0, , 0, 0, 0, 0, 0, 
127, 1, 114, 134, 135, 132, 56, 162.0, 17, ABarapa, 0, 0, 0, 0, , 0, 0, 0, 0, 0, 
128, 0, 115, -1, -1, 123, 61, 165.08696, 18, , 0, 0, 0, 0, , 0, 0, 0, 0, 0, 
129, 1, 116, 137, -1, 113, 92, 185.0, 14, ABaraapa, 0, 0, 0, 0, , 0, 0, 0, 0, 0, 
130, 1, 116, 136, -1, 140, 96, 185.5, 17, ABaraapp, 0, 0, 0, 0, , 0, 0, 0, 0, 0, 
131, 1, 117, 138, -1, 95, 75, 161.0, 21, ABaraaa, 0, 0, 0, 0, , 0, 0, 0, 0, 0, 
132, 1, 118, 139, -1, 56, 137, 132.0, 19, ABalpaa, 0, 0, 0, 0, , 0, 0, 0, 0, 0, 
133, 1, 119, 140, 142, 94, 153, 147.0, 17, ABalpap, 0, 0, 0, 0, , 0, 0, 0, 0, 0, 
134, 1, 120, 141, -1, 93, 161, 100.0, 23, ABalppa, 0, 0, 0, 0, , 0, 0, 0, 0, 0, 
135, 1, 121, 145, 146, 141, 155, 125.0, 17, ABalppp, 0, 0, 0, 0, , 0, 0, 0, 0, 0, 
136, 1, 122, 147, -1, 54, 96, 146.0, 23, ABalaaa, 0, 0, 0, 0, , 0, 0, 0, 0, 0, 
137, 1, 123, 148, -1, 86, 112, 155.0, 23, ABalaap, 0, 0, 0, 0, , 0, 0, 0, 0, 0, 
138, 1, 124, 149, 150, 73, 78, 119.0, 17, ABalapa, 0, 0, 0, 0, , 0, 0, 0, 0, 0, 
139, 1, 125, 151, 152, 109, 100, 134.0, 17, ABalapp, 0, 0, 0, 0, , 0, 0, 0, 0, 0, 
140, 1, 126, 154, -1, 221, 68, 160.0, 13, ABpraapp, 0, 0, 0, 0, , 0, 0, 0, 0, 0, 
141, 1, 127, 153, -1, 207, 48, 169.0, 13, ABpraapa, 0, 0, 0, 0, , 0, 0, 0, 0, 0, 
142, 1, 128, 155, 156, 276, 81, 131.0, 15, ABprapp, 0, 0, 0, 0, , 0, 0, 0, 0, 0, 
143, 1, 129, 157, 158, 229, 48, 130.0, 13, ABprapa, 0, 0, 0, 0, , 0, 0, 0, 0, 0, 
144, 1, 130, 159, -1, 184, 139, 156.0, 25, Eal, 0, 0, 0, 0, , 0, 0, 0, 0, 0, 
145, 1, 131, 160, -1, 200, 103, 159.0, 25, Ear, 0, 0, 0, 0, , 0, 0, 0, 0, 0, 
146, 1, 132, 161, -1, 108, 128, 181.0, 21, MSaaa, 0, 0, 0, 0, , 0, 0, 0, 0, 0, 
147, 1, 133, 162, -1, 231, 90, 196.0, 16, MSppa, 0, 0, 0, 0, , 0, 0, 0, 0, 0, 
148, 1, 134, 163, -1, 264, 127, 184.0, 16, MSppp, 0, 0, 0, 0, , 0, 0, 0, 0, 0, 
149, 1, 135, 164, -1, 227, 134, 134.0, 20, Epl, 0, 0, 0, 0, , 0, 0, 0, 0, 0, 
150, 0, 136, -1, -1, 201, 101, 92.34286, 21, , 0, 0, 0, 0, , 0, 0, 0, 0, 0, 
151, 1, 137, 166, -1, 186, 160, 72.0, 21, ABplppa, 0, 0, 0, 0, , 0, 0, 0, 0, 0, 
152, 1, 138, 167, -1, 223, 169, 103.0, 21, ABplppp, 0, 0, 0, 0, , 0, 0, 0, 0, 0, 
153, 1, 139, 168, 169, 178, 171, 109.0, 21, ABplpap, 0, 0, 0, 0, , 0, 0, 0, 0, 0, 
154, 1, 140, 170, 171, 139, 157, 77.0, 21, ABplpaa, 0, 0, 0, 0, , 0, 0, 0, 0, 0, 
155, 1, 141, 172, -1, 269, 64, 166.0, 19, ABprpaa, 0, 0, 0, 0, , 0, 0, 0, 0, 0, 
156, 1, 142, 173, -1, 294, 99, 170.0, 17, ABprpap, 0, 0, 0, 0, , 0, 0, 0, 0, 0, 
157, 1, 143, 174, -1, 311, 84, 137.6, 19, ABprppa, 0, 0, 0, 0, , 0, 0, 0, 0, 0, 
158, 1, 144, 175, -1, 316, 125, 142.0, 16, ABprppp, 0, 0, 0, 0, , 0, 0, 0, 0, 0, 
159, 1, 145, 176, -1, 159, 143, 186.0, 18, MSaap, 0, 0, 0, 0, , 0, 0, 0, 0, 0, 
160, 1, 146, 177, -1, 142, 158, 159.8, 19, MSapa, 0, 0, 0, 0, , 0, 0, 0, 0, 0, 
161, 1, 147, 178, -1, 201, 172, 152.0, 16, MSapp, 0, 0, 0, 0, , 0, 0, 0, 0, 0, 
162, 1, 148, 179, -1, 171, 103, 202.0, 19, MSpaa, 0, 0, 0, 0, , 0, 0, 0, 0, 0, 
163, 1, 149, 180, -1, 212, 146, 192.2, 19, MSpap, 0, 0, 0, 0, , 0, 0, 0, 0, 0, 
164, 1, 151, 181, -1, 182, 88, 73.0, 17, Caaa, 0, 0, 0, 0, , 0, 0, 0, 0, 0, 
165, 1, 150, 182, -1, 210, 105, 88.0, 17, Caap, 0, 0, 0, 0, , 0, 0, 0, 0, 0, 
166, 1, 152, 183, -1, 233, 141, 73.0, 19, Cap, 0, 0, 0, 0, , 0, 0, 0, 0, 0, 
167, 1, 153, 184, -1, 234, 74, 84.0, 17, Cpaa, 0, 0, 0, 0, , 0, 0, 0, 0, 0, 
168, 1, 154, 185, -1, 264, 101, 91.0, 17, Cpap, 0, 0, 0, 0, , 0, 0, 0, 0, 0, 
169, 1, 155, 186, 187, 290, 130, 96.0, 17, Cpp, 0, 0, 0, 0, , 0, 0, 0, 0, 0, 
170, 1, 156, 188, -1, 293, 153, 137.0, 18, Dp, 0, 0, 0, 0, , 0, 0, 0, 0, 0, 
171, 1, 157, 189, -1, 250, 154, 161.0, 18, P4, 0, 0, 0, 0, , 0, 0, 0, 0, 0, 
172, 1, 158, 190, 191, 109, 51, 112.0, 21, ABarpaa, 0, 0, 0, 0, , 0, 0, 0, 0, 0, 
173, 1, 159, 192, -1, 150, 82, 137.0, 21, ABarpap, 0, 0, 0, 0, , 0, 0, 0, 0, 0, 
174, 1, 160, 193, -1, 160, 60, 99.0, 19, ABarppa, 0, 0, 0, 0, , 0, 0, 0, 0, 0, 
175, 1, 161, 194, -1, 202, 80, 122.0, 18, ABarppp, 0, 0, 0, 0, , 0, 0, 0, 0, 0, 
176, 1, 162, 195, 196, 77, 102, 80.0, 17, ABplaaa, 0, 0, 0, 0, , 0, 0, 0, 0, 0, 
177, 1, 163, 198, -1, 95, 131, 87.0, 17, ABplaapa, 0, 0, 0, 0, , 0, 0, 0, 0, 0, 
178, 1, 163, 197, -1, 123, 123, 93.0, 17, ABplaapp, 0, 0, 0, 0, , 0, 0, 0, 0, 0, 
179, 1, 165, 200, -1, 136, 92, 68.0, 17, ABplapap, 0, 0, 0, 0, , 0, 0, 0, 0, 0, 
180, 1, 164, 199, -1, 106, 96, 64.0, 17, ABplapaa, 0, 0, 0, 0, , 0, 0, 0, 0, 0, 
181, 1, 166, 202, -1, 161, 126, 73.0, 19, ABplappa, 0, 0, 0, 0, , 0, 0, 0, 0, 0, 
182, 1, 166, 201, -1, 183, 126, 84.5, 17, ABplappp, 0, 0, 0, 0, , 0, 0, 0, 0, 0, 
