1, 0, 1, -1, -1, 44, 110, 88.0, 9, , 28, 0, 0, 0, , 0, 0, 0, 0, 0, 
2, 0, 2, -1, -1, 168, 46, 137.0, 8, , 20, 0, 0, 0, , 0, 0, 0, 0, 0, 
3, 0, 4, -1, -1, 45, 113, 83.0, 9, , 327, 0, 0, 0, , 0, 0, 0, 0, 0, 
4, 0, 5, -1, -1, 95, 77, 163.0, 9, , 51, 0, 0, 0, , 0, 0, 0, 0, 0, 
5, 0, 6, -1, -1, 97, 76, 166.0, 9, , 38, 0, 0, 0, , 0, 0, 0, 0, 0, 
6, 0, 7, -1, -1, 246, 153, 165.0, 7, , 28, 0, 0, 0, , 0, 0, 0, 0, 0, 
7, 0, 8, -1, -1, 119, 73, 182.0, 7, , 9, 0, 0, 0, , 0, 0, 0, 0, 0, 
8, 0, 9, -1, -1, 206, 51, 166.0, 9, , 17, 0, 0, 0, , 0, 0, 0, 0, 0, 
9, 0, 11, -1, -1, 239, 60, 125.0, 7, , 7, 0, 0, 0, , 0, 0, 0, 0, 0, 
10, 0, 14, -1, -1, 148, 57, 164.0, 9, , 46, 0, 0, 0, , 0, 0, 0, 0, 0, 
11, 0, 15, -1, -1, 269, 68, 163.0, 7, , 11, 0, 0, 0, , 0, 0, 0, 0, 0, 
12, 0, 16, -1, -1, 116, 60, 164.0, 7, , 21, 0, 0, 0, , 0, 0, 0, 0, 0, 
13, 0, 17, -1, -1, 117, 58, 169.0, 9, , 53, 0, 0, 0, , 0, 0, 0, 0, 0, 
14, 0, 18, -1, -1, 118, 64, 169.0, 7, , 28, 0, 0, 0, , 0, 0, 0, 0, 0, 
15, 0, 20, -1, -1, 142, 98, 185.0, 8, , 13, 0, 0, 0, , 0, 0, 0, 0, 0, 
16, 0, 21, -1, -1, 167, 71, 183.0, 8, , 93, 0, 0, 0, , 0, 0, 0, 0, 0, 
17, 0, 23, -1, -1, 250, 151, 160.0, 8, , 3, 0, 0, 0, , 0, 0, 0, 0, 0, 
18, 0, 24, -1, -1, 91, 94, 84.0, 7, , 5, 0, 0, 0, , 0, 0, 0, 0, 0, 
19, 0, 33, -1, -1, 94, 80, 160.0, 7, , 19, 0, 0, 0, , 0, 0, 0, 0, 0, 
20, 0, 34, -1, -1, 290, 111, 162.0, 8, , 22, 0, 0, 0, , 0, 0, 0, 0, 0, 
21, 0, 37, -1, -1, 188, 73, 174.0, 8, , 51, 0, 0, 0, , 0, 0, 0, 0, 0, 
22, 0, 38, -1, -1, 185, 79, 181.0, 9, , 114, 0, 0, 0, , 0, 0, 0, 0, 0, 
23, 0, 42, -1, -1, 47, 115, 77.0, 7, , 111, 0, 0, 0, , 0, 0, 0, 0, 0, 
24, 0, 43, -1, -1, 214, 169, 99.0, 9, , 15, 0, 0, 0, , 0, 0, 0, 0, 0, 
25, 0, 45, -1, -1, 158, 147, 127.0, 9, , 23, 0, 0, 0, , 0, 0, 0, 0, 0, 
26, 0, 47, -1, -1, 97, 102, 133.0, 9, , 31, 0, 0, 0, , 0, 0, 0, 0, 0, 
27, 0, 48, -1, -1, 305, 79, 129.0, 9, , 32, 0, 0, 0, , 0, 0, 0, 0, 0, 
28, 0, 53, -1, -1, 263, 64, 161.0, 9, , 47, 0, 0, 0, , 0, 0, 0, 0, 0, 
29, 0, 56, -1, -1, 58, 85, 126.0, 9, , 20, 0, 0, 0, , 0, 0, 0, 0, 0, 
30, 0, -1, -1, -1, 170, 41, 147.0, 9, , 70, 0, 0, 0, , 0, 0, 0, 0, 0, 
31, 0, 58, -1, -1, 297, 108, 156.0, 7, , 35, 0, 0, 0, , 0, 0, 0, 0, 0, 
32, 0, 59, -1, -1, 97, 71, 162.0, 8, , 8, 0, 0, 0, , 0, 0, 0, 0, 0, 
33, 0, 60, -1, -1, 110, 89, 187.0, 7, , 6, 0, 0, 0, , 0, 0, 0, 0, 0, 
34, 0, 61, -1, -1, 199, 81, 101.0, 7, , 23, 0, 0, 0, , 0, 0, 0, 0, 0, 
35, 0, 63, -1, -1, 79, 151, 147.0, 8, , 7, 0, 0, 0, , 0, 0, 0, 0, 0, 
36, 0, -1, -1, -1, 295, 112, 166.0, 9, , 59, 0, 0, 0, , 0, 0, 0, 0, 0, 
37, 0, 65, -1, -1, 147, 95, 196.0, 7, , 4, 0, 0, 0, , 0, 0, 0, 0, 0, 
38, 0, 66, -1, -1, 214, 167, 106.0, 9, , 36, 0, 0, 0, , 0, 0, 0, 0, 0, 
39, 0, 67, -1, -1, 213, 167, 111.0, 7, , 42, 0, 0, 0, , 0, 0, 0, 0, 0, 
40, 0, 69, -1, -1, 187, 174, 115.0, 9, , 21, 0, 0, 0, , 0, 0, 0, 0, 0, 
41, 0, 70, -1, -1, 158, 154, 126.0, 7, , 20, 0, 0, 0, , 0, 0, 0, 0, 0, 
42, 0, 71, -1, -1, 157, 152, 123.0, 8, , 45, 0, 0, 0, , 0, 0, 0, 0, 0, 
43, 0, 72, -1, -1, 304, 84, 141.0, 7, , 24, 0, 0, 0, , 0, 0, 0, 0, 0, 
44, 0, 73, -1, -1, 68, 103, 147.0, 7, , 25, 0, 0, 0, , 0, 0, 0, 0, 0, 
45, 0, 74, -1, -1, 86, 124, 147.0, 8, , 5, 0, 0, 0, , 0, 0, 0, 0, 0, 
46, 0, 75, -1, -1, 67, 106, 143.0, 9, , 33, 0, 0, 0, , 0, 0, 0, 0, 0, 
47, 0, 76, -1, -1, 65, 96, 150.0, 9, , 13, 0, 0, 0, , 0, 0, 0, 0, 0, 
48, 0, 77, -1, -1, 260, 66, 157.0, 9, , 40, 0, 0, 0, , 0, 0, 0, 0, 0, 
49, 0, -1, -1, -1, 86, 109, 158.0, 9, , 48, 0, 0, 0, , 0, 0, 0, 0, 0, 
50, 0, 79, -1, -1, 247, 157, 158.0, 9, , 18, 0, 0, 0, , 0, 0, 0, 0, 0, 
51, 0, -1, -1, -1, 187, 76, 169.0, 9, , 36, 0, 0, 0, , 0, 0, 0, 0, 0, 
52, 0, -1, -1, -1, 239, 155, 170.0, 8, , 33, 0, 0, 0, , 0, 0, 0, 0, 0, 
53, 0, 82, -1, -1, 241, 148, 176.0, 9, , 86, 0, 0, 0, , 0, 0, 0, 0, 0, 
54, 0, -1, -1, -1, 168, 72, 173.0, 9, , 22, 0, 0, 0, , 0, 0, 0, 0, 0, 
55, 0, 84, -1, -1, 104, 96, 193.0, 9, , 11, 0, 0, 0, , 0, 0, 0, 0, 0, 
56, 0, 85, -1, -1, 146, 96, 186.0, 8, , 4, 0, 0, 0, , 0, 0, 0, 0, 0, 
57, 0, -1, -1, -1, 158, 65, 100.0, 8, , 42, 0, 0, 0, , 0, 0, 0, 0, 0, 
58, 0, -1, -1, -1, 93, 150, 106.0, 7, , 25, 0, 0, 0, , 0, 0, 0, 0, 0, 
59, 0, -1, -1, -1, 98, 45, 123.0, 8, , 13, 0, 0, 0, , 0, 0, 0, 0, 0, 
60, 0, -1, -1, -1, 272, 70, 139.0, 8, , 0, 0, 0, 0, , 0, 0, 0, 0, 0, 
61, 0, -1, -1, -1, 74, 147, 153.0, 8, , 31, 0, 0, 0, , 0, 0, 0, 0, 0, 
62, 0, 91, -1, -1, 262, 68, 162.0, 11, , 71, 0, 0, 0, , 0, 0, 0, 0, 0, 
63, 0, -1, -1, -1, 99, 104, 125.0, 9, , 43, 0, 0, 0, , 0, 0, 0, 0, 0, 
64, 0, -1, -1, -1, 152, 59, 160.0, 7, , 38, 0, 0, 0, , 0, 0, 0, 0, 0, 
65, 0, 94, -1, -1, 106, 98, 187.0, 8, , 8, 0, 0, 0, , 0, 0, 0, 0, 0, 
66, 0, -1, -1, -1, 117, 62, 162.0, 8, , 16, 0, 0, 0, , 0, 0, 0, 0, 0, 
67, 0, 96, -1, -1, 227, 144, 76.0, 9, , 8, 0, 0, 0, , 0, 0, 0, 0, 0, 
68, 0, 97, -1, -1, 224, 137, 85.0, 8, , 10, 0, 0, 0, , 0, 0, 0, 0, 0, 
69, 0, -1, -1, -1, 156, 61, 92.0, 9, , 71, 0, 0, 0, , 0, 0, 0, 0, 0, 
70, 0, -1, -1, -1, 95, 149, 102.0, 8, , 26, 0, 0, 0, , 0, 0, 0, 0, 0, 
71, 0, 100, -1, -1, 200, 80, 108.0, 7, , 22, 0, 0, 0, , 0, 0, 0, 0, 0, 
72, 0, -1, -1, -1, 156, 173, 112.0, 11, , 88, 0, 0, 0, , 0, 0, 0, 0, 0, 
73, 0, 103, -1, -1, 88, 77, 117.0, 8, , 13, 0, 0, 0, , 0, 0, 0, 0, 0, 
74, 0, -1, -1, -1, 159, 151, 120.0, 7, , 20, 0, 0, 0, , 0, 0, 0, 0, 0, 
75, 0, -1, -1, -1, 153, 149, 126.0, 8, , 12, 0, 0, 0, , 0, 0, 0, 0, 0, 
76, 0, -1, -1, -1, 302, 79, 127.0, 9, , 26, 0, 0, 0, , 0, 0, 0, 0, 0, 
77, 0, -1, -1, -1, 101, 47, 131.0, 11, , 58, 0, 0, 0, , 0, 0, 0, 0, 0, 
78, 0, 108, -1, -1, 187, 51, 129.0, 9, , 52, 0, 0, 0, , 0, 0, 0, 0, 0, 
79, 0, 109, -1, -1, 98, 100, 130.0, 11, , 85, 0, 0, 0, , 0, 0, 0, 0, 0, 
80, 0, 110, -1, -1, 311, 80, 134.0, 8, , 44, 0, 0, 0, , 0, 0, 0, 0, 0, 
81, 0, 111, -1, -1, 295, 84, 137.0, 9, , 38, 0, 0, 0, , 0, 0, 0, 0, 0, 
82, 0, -1, -1, -1, 311, 135, 136.0, 7, , 25, 0, 0, 0, , 0, 0, 0, 0, 0, 
83, 0, -1, -1, -1, 50, 131, 137.0, 8, , 34, 0, 0, 0, , 0, 0, 0, 0, 0, 
84, 0, -1, -1, -1, 221, 41, 138.0, 11, , 82, 0, 0, 0, , 0, 0, 0, 0, 0, 
85, 0, -1, -1, -1, 48, 138, 139.0, 7, , 11, 0, 0, 0, , 0, 0, 0, 0, 0, 
86, 0, -1, -1, -1, 215, 45, 140.0, 7, , 11, 0, 0, 0, , 0, 0, 0, 0, 0, 
87, 0, -1, -1, -1, 64, 106, 140.0, 9, , 28, 0, 0, 0, , 0, 0, 0, 0, 0, 
88, 0, -1, -1, -1, 84, 117, 144.0, 9, , 21, 0, 0, 0, , 0, 0, 0, 0, 0, 
89, 0, 119, -1, -1, 113, 158, 146.0, 7, , 13, 0, 0, 0, , 0, 0, 0, 0, 0, 
90, 0, -1, -1, -1, 173, 41, 154.0, 8, , 60, 0, 0, 0, , 0, 0, 0, 0, 0, 
91, 0, 121, -1, -1, 86, 114, 154.0, 9, , 69, 0, 0, 0, , 0, 0, 0, 0, 0, 
92, 0, 122, -1, -1, 88, 114, 161.0, 8, , 13, 0, 0, 0, , 0, 0, 0, 0, 0, 
93, 0, -1, -1, -1, 247, 141, 166.0, 9, , 18, 0, 0, 0, , 0, 0, 0, 0, 0, 
94, 0, 124, -1, -1, 150, 60, 169.0, 8, , 19, 0, 0, 0, , 0, 0, 0, 0, 0, 
95, 0, -1, -1, -1, 150, 59, 174.0, 9, , 47, 0, 0, 0, , 0, 0, 0, 0, 0, 
96, 0, 127, -1, -1, 183, 81, 172.0, 11, , 26, 0, 0, 0, , 0, 0, 0, 0, 0, 
97, 0, 128, -1, -1, 153, 60, 165.0, 8, , 70, 0, 0, 0, , 0, 0, 0, 0, 0, 
98, 0, -1, -1, -1, 182, 153, 80.0, 9, , 40, 0, 0, 0, , 0, 0, 0, 0, 0, 
99, 0, -1, -1, -1, 89, 123, 158.0, 8, , 20, 0, 0, 0, , 0, 0, 0, 0, 0, 
100, 0, -1, -1, -1, 50, 133, 142.0, 8, , 38, 0, 0, 0, , 0, 0, 0, 0, 0, 
101, 0, -1, -1, -1, 57, 99, 149.0, 11, , 63, 0, 0, 0, , 0, 0, 0, 0, 0, 
102, 0, -1, -1, -1, 76, 154, 151.0, 9, , 52, 0, 0, 0, , 0, 0, 0, 0, 0, 
103, 0, -1, -1, -1, 249, 57, 175.0, 11, , 80, 0, 0, 0, , 0, 0, 0, 0, 0, 
104, 0, -1, -1, -1, 283, 85, 174.0, 9, , 29, 0, 0, 0, , 0, 0, 0, 0, 0, 
105, 0, -1, -1, -1, 185, 159, 71.0, 8, , 7, 0, 0, 0, , 0, 0, 0, 0, 0, 
106, 0, -1, -1, -1, 91, 152, 88.0, 8, , 20, 0, 0, 0, , 0, 0, 0, 0, 0, 
107, 0, -1, -1, -1, 213, 164, 102.0, 9, , 38, 0, 0, 0, , 0, 0, 0, 0, 0, 
108, 0, -1, -1, -1, 155, 154, 129.0, 7, , 25, 0, 0, 0, , 0, 0, 0, 0, 0, 
109, 0, -1, -1, -1, 59, 108, 142.0, 9, , 21, 0, 0, 0, , 0, 0, 0, 0, 0, 
110, 0, -1, -1, -1, 297, 85, 142.0, 7, , 21, 0, 0, 0, , 0, 0, 0, 0, 0, 
111, 0, -1, -1, -1, 84, 116, 147.0, 9, , 43, 0, 0, 0, , 0, 0, 0, 0, 0, 
112, 0, -1, -1, -1, 94, 70, 156.0, 8, , 7, 0, 0, 0, , 0, 0, 0, 0, 0, 
113, 0, -1, -1, -1, 79, 85, 167.0, 9, , 34, 0, 0, 0, , 0, 0, 0, 0, 0, 
114, 0, -1, -1, -1, 244, 157, 167.0, 8, , 14, 0, 0, 0, , 0, 0, 0, 0, 0, 
115, 0, -1, -1, -1, 114, 62, 174.0, 11, , 50, 0, 0, 0, , 0, 0, 0, 0, 0, 
116, 0, -1, -1, -1, 169, 68, 176.0, 7, , 29, 0, 0, 0, , 0, 0, 0, 0, 0, 
117, 0, -1, -1, -1, 293, 85, 180.0, 7, , 3, 0, 0, 0, , 0, 0, 0, 0, 0, 
118, 0, -1, -1, -1, 170, 69, 186.0, 8, , 14, 0, 0, 0, , 0, 0, 0, 0, 0, 
119, 0, -1, -1, -1, 142, 97, 189.0, 7, , 23, 0, 0, 0, , 0, 0, 0, 0, 0, 
120, 0, -1, -1, -1, 88, 124, 155.0, 8, , 17, 0, 0, 0, , 0, 0, 0, 0, 0, 
121, 0, -1, -1, -1, 298, 109, 159.0, 9, , 23, 0, 0, 0, , 0, 0, 0, 0, 0, 
122, 0, -1, -1, -1, 290, 85, 167.0, 7, , 27, 0, 0, 0, , 0, 0, 0, 0, 0, 
123, 0, -1, -1, -1, 81, 79, 176.0, 8, , 25, 0, 0, 0, , 0, 0, 0, 0, 0, 
124, 1, 129, 72, -1, 257, 168, 130.0, 22, Da, 0, 0, 0, 0, , 0, 0, 0, 0, 0, 
125, 1, 130, 73, -1, 255, 105, 142.0, 24, Epr, 0, 0, 0, 0, , 0, 0, 0, 0, 0, 
126, 1, 132, 74, -1, 189, 55, 128.0, 15, ABpraaap, 0, 0, 0, 0, , 0, 0, 0, 0, 0, 
127, 1, 133, 76, -1, 168, 71, 181.0, 17, ABarappa, 0, 0, 0, 0, , 0, 0, 0, 0, 0, 
128, 1, 133, 75, -1, 185, 78, 181.5, 17, ABarappp, 0, 0, 0, 0, , 0, 0, 0, 0, 0, 
129, 1, 135, 77, -1, 148, 57, 167.0, 17, ABarapap, 0, 0, 0, 0, , 0, 0, 0, 0, 0, 
130, 1, 134, 78, -1, 116, 62, 168.0, 17, ABarapaa, 0, 0, 0, 0, , 0, 0, 0, 0, 0, 
131, 1, 137, 79, -1, 107, 95, 191.0, 16, ABaraapa, 0, 0, 0, 0, , 0, 0, 0, 0, 0, 
132, 1, 136, 80, -1, 144, 92, 187.0, 17, ABaraapp, 0, 0, 0, 0, , 0, 0, 0, 0, 0, 
133, 1, 138, 82, -1, 78, 82, 168.0, 15, ABaraaaa, 0, 0, 0, 0, , 0, 0, 0, 0, 0, 
134, 1, 138, 81, -1, 94, 76, 162.0, 17, ABaraaap, 0, 0, 0, 0, , 0, 0, 0, 0, 0, 
135, 1, 139, 84, -1, 46, 135, 136.0, 17, ABalpaaa, 0, 0, 0, 0, , 0, 0, 0, 0, 0, 
136, 1, 139, 83, -1, 70, 137, 128.0, 19, ABalpaap, 0, 0, 0, 0, , 0, 0, 0, 0, 0, 
137, 1, 142, 85, -1, 111, 160, 149.0, 15, ABalpapp, 0, 0, 0, 0, , 0, 0, 0, 0, 0, 
138, 1, 141, 86, 87, 92, 152, 94.0, 19, ABalppa, 0, 0, 0, 0, , 0, 0, 0, 0, 0, 
139, 1, 140, 88, -1, 78, 155, 148.0, 15, ABalpapa, 0, 0, 0, 0, , 0, 0, 0, 0, 0, 
140, 1, 145, 89, -1, 125, 148, 126.0, 19, ABalpppa, 0, 0, 0, 0, , 0, 0, 0, 0, 0, 
141, 1, 146, 90, -1, 156, 150, 123.5, 15, ABalpppp, 0, 0, 0, 0, , 0, 0, 0, 0, 0, 
142, 1, 147, 91, 92, 59, 101, 147.0, 19, ABalaaa, 0, 0, 0, 0, , 0, 0, 0, 0, 0, 
143, 1, 148, 93, 94, 86, 115, 153.0, 19, ABalaap, 0, 0, 0, 0, , 0, 0, 0, 0, 0, 
144, 1, 150, 96, -1, 86, 78, 117.0, 17, ABalapap, 0, 0, 0, 0, , 0, 0, 0, 0, 0, 
145, 1, 149, 95, -1, 57, 84, 123.0, 17, ABalapaa, 0, 0, 0, 0, , 0, 0, 0, 0, 0, 
146, 1, 152, 98, -1, 129, 108, 129.0, 15, ABalappp, 0, 0, 0, 0, , 0, 0, 0, 0, 0, 
147, 1, 151, 97, -1, 100, 100, 127.0, 15, ABalappa, 0, 0, 0, 0, , 0, 0, 0, 0, 0, 
148, 1, 131, 99, -1, 169, 39, 149.0, 15, ABpraaaa, 0, 0, 0, 0, , 0, 0, 0, 0, 0, 
149, 1, 153, 100, -1, 207, 49, 169.66667, 15, ABpraapa, 0, 0, 0, 0, , 0, 0, 0, 0, 0, 
150, 1, 154, 101, -1, 224, 70, 150.5, 12, ABpraapp, 0, 0, 0, 0, , 0, 0, 0, 0, 0, 
151, 1, 156, 102, -1, 269, 65, 130.0, 13, ABprappa, 0, 0, 0, 0, , 0, 0, 0, 0, 0, 
152, 1, 155, 103, -1, 282, 90, 113.0, 15, ABprappp, 0, 0, 0, 0, , 0, 0, 0, 0, 0, 
153, 1, 158, 104, -1, 219, 39, 139.0, 13, ABprapaa, 0, 0, 0, 0, , 0, 0, 0, 0, 0, 
154, 1, 157, 105, -1, 236, 56, 121.0, 17, ABprapap, 0, 0, 0, 0, , 0, 0, 0, 0, 0, 
155, 1, 159, 106, -1, 188, 140, 154.0, 25, Eal, 0, 0, 0, 0, , 0, 0, 0, 0, 0, 
156, 1, 160, 107, -1, 200, 103, 160.0, 25, Ear, 0, 0, 0, 0, , 0, 0, 0, 0, 0, 
157, 1, 161, 108, -1, 113, 131, 178.0, 21, MSaaa, 0, 0, 0, 0, , 0, 0, 0, 0, 0, 
158, 1, 162, 109, -1, 231, 84, 194.0, 16, MSppa, 0, 0, 0, 0, , 0, 0, 0, 0, 0, 
159, 1, 163, 110, -1, 263, 124, 186.0, 16, MSppp, 0, 0, 0, 0, , 0, 0, 0, 0, 0, 
160, 1, 164, 111, -1, 226, 133, 135.0, 20, Epl, 0, 0, 0, 0, , 0, 0, 0, 0, 0, 
161, 0, 165, -1, -1, 207, 102, 94.457146, 21, , 0, 0, 0, 0, , 0, 0, 0, 0, 0, 
162, 1, 166, 113, -1, 182, 158, 72.0, 21, ABplppa, 0, 0, 0, 0, , 0, 0, 0, 0, 0, 
163, 1, 167, 115, -1, 213, 167, 103.0, 17, ABplpppa, 0, 0, 0, 0, , 0, 0, 0, 0, 0, 
164, 1, 167, 114, -1, 231, 168, 104.5, 16, ABplpppp, 0, 0, 0, 0, , 0, 0, 0, 0, 0, 
165, 1, 169, 119, -1, 186, 170, 112.0, 17, ABplpapp, 0, 0, 0, 0, , 0, 0, 0, 0, 0, 
166, 1, 168, 116, -1, 155, 173, 110.0, 17, ABplpapa, 0, 0, 0, 0, , 0, 0, 0, 0, 0, 
167, 1, 171, 118, -1, 151, 152, 83.0, 17, ABplpaap, 0, 0, 0, 0, , 0, 0, 0, 0, 0, 
168, 1, 170, 117, -1, 118, 159, 76.0, 17, ABplpaaa, 0, 0, 0, 0, , 0, 0, 0, 0, 0, 
169, 1, 172, 121, -1, 265, 67, 163.0, 19, ABprpaap, 0, 0, 0, 0, , 0, 0, 0, 0, 0, 
170, 1, 172, 120, -1, 245, 56, 170.0, 16, ABprpaaa, 0, 0, 0, 0, , 0, 0, 0, 0, 0, 
171, 1, 173, 123, -1, 288, 86, 172.0, 15, ABprpapa, 0, 0, 0, 0, , 0, 0, 0, 0, 0, 
172, 1, 173, 122, -1, 295, 111, 165.0, 17, ABprpapp, 0, 0, 0, 0, , 0, 0, 0, 0, 0, 
173, 1, 174, 124, 125, 303, 81, 135.0, 16, ABprppa, 0, 0, 0, 0, , 0, 0, 0, 0, 0, 
174, 1, 175, 127, -1, 324, 114, 144.0, 16, ABprpppa, 0, 0, 0, 0, , 0, 0, 0, 0, 0, 
175, 1, 175, 126, -1, 311, 139, 141.5, 15, ABprpppp, 0, 0, 0, 0, , 0, 0, 0, 0, 0, 
176, 1, 176, 128, -1, 158, 141, 188.0, 18, MSaap, 0, 0, 0, 0, , 0, 0, 0, 0, 0, 
177, 1, 177, 129, -1, 145, 160, 162.6, 19, MSapa, 0, 0, 0, 0, , 0, 0, 0, 0, 0, 
178, 1, 178, 130, -1, 202, 176, 153.0, 16, MSapp, 0, 0, 0, 0, , 0, 0, 0, 0, 0, 
179, 1, 179, 131, -1, 174, 104, 198.0, 19, MSpaa, 0, 0, 0, 0, , 0, 0, 0, 0, 0, 
180, 1, 180, 132, -1, 214, 135, 195.0, 18, MSpap, 0, 0, 0, 0, , 0, 0, 0, 0, 0, 
181, 1, 181, 133, -1, 176, 94, 68.0, 17, Caaa, 0, 0, 0, 0, , 0, 0, 0, 0, 0, 
182, 1, 182, 134, -1, 218, 106, 78.0, 17, Caap, 0, 0, 0, 0, , 0, 0, 0, 0, 0, 
183, 1, 183, 136, -1, 226, 139, 78.0, 17, Capa, 0, 0, 0, 0, , 0, 0, 0, 0, 0, 
184, 1, 183, 135, -1, 241, 141, 79.5, 17, Capp, 0, 0, 0, 0, , 0, 0, 0, 0, 0, 
185, 1, 184, 137, -1, 233, 74, 77.0, 17, Cpaa, 0, 0, 0, 0, , 0, 0, 0, 0, 0, 
186, 1, 185, 138, -1, 273, 110, 90.0, 17, Cpap, 0, 0, 0, 0, , 0, 0, 0, 0, 0, 
187, 1, 187, 140, -1, 307, 126, 90.0, 17, Cppa, 0, 0, 0, 0, , 0, 0, 0, 0, 0, 
188, 1, 186, 139, -1, 283, 142, 105.0, 17, Cppp, 0, 0, 0, 0, , 0, 0, 0, 0, 0, 
189, 1, 188, 141, -1, 289, 153, 144.0, 20, Dp, 0, 0, 0, 0, , 0, 0, 0, 0, 0, 
190, 1, 189, 142, -1, 245, 150, 168.0, 20, P4, 0, 0, 0, 0, , 0, 0, 0, 0, 0, 
191, 1, 191, 143, -1, 97, 49, 128.0, 19, ABarpaaa, 0, 0, 0, 0, , 0, 0, 0, 0, 0, 
192, 1, 190, 144, -1, 124, 57, 112.0, 19, ABarpaap, 0, 0, 0, 0, , 0, 0, 0, 0, 0, 
193, 1, 192, 146, -1, 134, 80, 145.0, 19, ABarpapa, 0, 0, 0, 0, , 0, 0, 0, 0, 0, 
194, 1, 192, 145, -1, 163, 87, 132.5, 18, ABarpapp, 0, 0, 0, 0, , 0, 0, 0, 0, 0, 
195, 1, 193, 147, 148, 158, 62, 104.0, 19, ABarppa, 0, 0, 0, 0, , 0, 0, 0, 0, 0, 
196, 1, 194, 149, 150, 204, 80, 108.0, 18, ABarppp, 0, 0, 0, 0, , 0, 0, 0, 0, 0, 
197, 1, 196, 151, -1, 62, 107, 91.0, 17, ABplaaaa, 0, 0, 0, 0, , 0, 0, 0, 0, 0, 
198, 1, 195, 152, -1, 93, 94, 82.0, 17, ABplaaap, 0, 0, 0, 0, , 0, 0, 0, 0, 0, 
199, 1, 198, 153, -1, 92, 123, 83.0, 17, ABplaapa, 0, 0, 0, 0, , 0, 0, 0, 0, 0, 
200, 1, 197, 154, -1, 123, 119, 94.0, 17, ABplaapp, 0, 0, 0, 0, , 0, 0, 0, 0, 0, 
201, 1, 199, 155, -1, 105, 100, 61.0, 17, ABplapaa, 0, 0, 0, 0, , 0, 0, 0, 0, 0, 
202, 1, 200, 156, -1, 137, 92, 67.0, 18, ABplapap, 0, 0, 0, 0, , 0, 0, 0, 0, 0, 
203, 1, 202, 157, -1, 159, 129, 65.0, 19, ABplappa, 0, 0, 0, 0, , 0, 0, 0, 0, 0, 
204, 1, 201, 158, -1, 189, 128, 87.0, 17, ABplappp, 0, 0, 0, 0, , 0, 0, 0, 0, 0, 
