1, 0, 1, -1, -1, 59, 151, 89.0, 8, , 4, 0, 0, 0, , 0, 0, 0, 0, 0, 
2, 0, 2, -1, -1, 67, 151, 84.0, 7, , 2, 0, 0, 0, , 0, 0, 0, 0, 0, 
3, 0, 3, -1, -1, 94, 75, 167.0, 9, , 44, 0, 0, 0, , 0, 0, 0, 0, 0, 
4, 0, 4, -1, -1, 225, 165, 169.0, 8, , 5, 0, 0, 0, , 0, 0, 0, 0, 0, 
5, 0, 5, -1, -1, 46, 113, 83.0, 9, , 1268, 0, 0, 0, , 0, 0, 0, 0, 0, 
6, 0, 6, -1, -1, 161, 35, 144.0, 7, , 13, 0, 0, 0, , 0, 0, 0, 0, 0, 
7, 0, 7, -1, -1, 250, 150, 169.0, 9, , 65, 0, 0, 0, , 0, 0, 0, 0, 0, 
8, 0, 8, -1, -1, 245, 147, 174.0, 8, , 76, 0, 0, 0, , 0, 0, 0, 0, 0, 
9, 0, 9, -1, -1, 255, 69, 159.0, 9, , 12, 0, 0, 0, , 0, 0, 0, 0, 0, 
10, 0, 10, -1, -1, 160, 58, 162.0, 9, , 32, 0, 0, 0, , 0, 0, 0, 0, 0, 
11, 0, 11, -1, -1, 157, 63, 160.0, 7, , 14, 0, 0, 0, , 0, 0, 0, 0, 0, 
12, 0, 12, -1, -1, 230, 60, 173.0, 8, , 8, 0, 0, 0, , 0, 0, 0, 0, 0, 
13, 0, 13, -1, -1, 264, 130, 173.0, 9, , 25, 0, 0, 0, , 0, 0, 0, 0, 0, 
14, 0, 14, -1, -1, 167, 75, 178.0, 8, , 1, 0, 0, 0, , 0, 0, 0, 0, 0, 
15, 0, 15, -1, -1, 277, 87, 179.0, 8, , 11, 0, 0, 0, , 0, 0, 0, 0, 0, 
16, 0, 16, -1, -1, 79, 97, 182.0, 8, , 6, 0, 0, 0, , 0, 0, 0, 0, 0, 
17, 0, 17, -1, -1, 225, 98, 86.0, 8, , 42, 0, 0, 0, , 0, 0, 0, 0, 0, 
18, 0, 18, -1, -1, 91, 52, 136.0, 8, , 6, 0, 0, 0, , 0, 0, 0, 0, 0, 
19, 0, 19, -1, -1, 164, 42, 140.0, 8, , 5, 0, 0, 0, , 0, 0, 0, 0, 0, 
20, 0, 20, -1, -1, 229, 55, 170.0, 7, , 8, 0, 0, 0, , 0, 0, 0, 0, 0, 
21, 0, 21, -1, -1, 169, 66, 191.0, 9, , 6, 0, 0, 0, , 0, 0, 0, 0, 0, 
22, 0, -1, -1, -1, 99, 96, 200.0, 7, , 20, 0, 0, 0, , 0, 0, 0, 0, 0, 
23, 0, 23, -1, -1, 78, 94, 175.0, 7, , 13, 0, 0, 0, , 0, 0, 0, 0, 0, 
24, 0, 24, -1, -1, 248, 145, 180.0, 7, , 4, 0, 0, 0, , 0, 0, 0, 0, 0, 
25, 0, 25, -1, -1, 124, 128, 168.0, 8, , 9, 0, 0, 0, , 0, 0, 0, 0, 0, 
26, 0, -1, -1, -1, 157, 34, 133.0, 9, , 39, 0, 0, 0, , 0, 0, 0, 0, 0, 
27, 0, -1, -1, -1, 101, 54, 136.0, 8, , 26, 0, 0, 0, , 0, 0, 0, 0, 0, 
28, 0, -1, -1, -1, 259, 69, 161.0, 9, , 39, 0, 0, 0, , 0, 0, 0, 0, 0, 
29, 0, -1, -1, -1, 122, 121, 172.0, 8, , 27, 0, 0, 0, , 0, 0, 0, 0, 0, 
30, 0, -1, -1, -1, 222, 161, 176.0, 9, , 180, 0, 0, 0, , 0, 0, 0, 0, 0, 
31, 0, -1, -1, -1, 276, 90, 180.0, 9, , 17, 0, 0, 0, , 0, 0, 0, 0, 0, 
32, 0, -1, -1, -1, 102, 96, 201.0, 8, , 28, 0, 0, 0, , 0, 0, 0, 0, 0, 
33, 0, -1, -1, -1, 163, 38, 138.0, 7, , 43, 0, 0, 0, , 0, 0, 0, 0, 0, 
34, 0, -1, -1, -1, 294, 70, 166.0, 11, , 53, 0, 0, 0, , 0, 0, 0, 0, 0, 
35, 0, -1, -1, -1, 110, 147, 70.0, 8, , 5, 0, 0, 0, , 0, 0, 0, 0, 0, 
36, 0, -1, -1, -1, 206, 38, 144.0, 7, , 5, 0, 0, 0, , 0, 0, 0, 0, 0, 
37, 0, -1, -1, -1, 101, 53, 149.0, 7, , 4, 0, 0, 0, , 0, 0, 0, 0, 0, 
38, 0, -1, -1, -1, 153, 48, 163.0, 8, , 1, 0, 0, 0, , 0, 0, 0, 0, 0, 
39, 0, -1, -1, -1, 92, 81, 170.0, 8, , 8, 0, 0, 0, , 0, 0, 0, 0, 0, 
40, 0, -1, -1, -1, 76, 93, 171.0, 8, , 6, 0, 0, 0, , 0, 0, 0, 0, 0, 
41, 0, -1, -1, -1, 223, 55, 171.0, 9, , 27, 0, 0, 0, , 0, 0, 0, 0, 0, 
42, 0, -1, -1, -1, 227, 49, 172.0, 7, , 3, 0, 0, 0, , 0, 0, 0, 0, 0, 
43, 0, -1, -1, -1, 115, 127, 176.0, 8, , 2, 0, 0, 0, , 0, 0, 0, 0, 0, 
44, 0, -1, -1, -1, 129, 129, 178.0, 8, , 3, 0, 0, 0, , 0, 0, 0, 0, 0, 
45, 0, -1, -1, -1, 207, 123, 182.0, 8, , 2, 0, 0, 0, , 0, 0, 0, 0, 0, 
46, 0, -1, -1, -1, 165, 144, 185.0, 8, , 2, 0, 0, 0, , 0, 0, 0, 0, 0, 
47, 0, -1, -1, -1, 219, 133, 187.0, 8, , 4, 0, 0, 0, , 0, 0, 0, 0, 0, 
48, 0, -1, -1, -1, 106, 67, 189.0, 7, , 6, 0, 0, 0, , 0, 0, 0, 0, 0, 
49, 0, -1, -1, -1, 159, 63, 189.0, 9, , 15, 0, 0, 0, , 0, 0, 0, 0, 0, 
50, 0, -1, -1, -1, 146, 104, 195.0, 8, , 2, 0, 0, 0, , 0, 0, 0, 0, 0, 
51, 0, -1, -1, -1, 223, 89, 196.0, 8, , 7, 0, 0, 0, , 0, 0, 0, 0, 0, 
52, 0, -1, -1, -1, 208, 132, 199.0, 8, , 4, 0, 0, 0, , 0, 0, 0, 0, 0, 
53, 1, 26, 56, -1, 260, 168, 130.0, 22, Da, 0, 0, 0, 0, , 0, 0, 0, 0, 0, 
54, 1, 27, 57, -1, 252, 115, 138.0, 22, Epr, 0, 0, 0, 0, , 0, 0, 0, 0, 0, 
55, 1, 28, 58, -1, 186, 47, 120.0, 17, ABpraaap, 0, 0, 0, 0, , 0, 0, 0, 0, 0, 
56, 1, 29, 59, -1, 205, 78, 176.0, 17, ABarappp, 0, 0, 0, 0, , 0, 0, 0, 0, 0, 
57, 1, 30, 60, -1, 151, 57, 164.0, 19, ABarapap, 0, 0, 0, 0, , 0, 0, 0, 0, 0, 
58, 1, 31, 61, -1, 168, 64, 187.0, 19, ABarappa, 0, 0, 0, 0, , 0, 0, 0, 0, 0, 
59, 0, 32, -1, -1, 116, 67, 175.93617, 17, , 0, 0, 0, 0, , 0, 0, 0, 0, 0, 
60, 1, 32, 63, -1, 111, 66, 178.0, 21, ABarapaa, 0, 0, 0, 0, , 0, 0, 0, 0, 0, 
61, 1, 33, 64, -1, 104, 97, 192.0, 20, ABaraapa, 0, 0, 0, 0, , 0, 0, 0, 0, 0, 
62, 1, 34, 65, -1, 146, 96, 199.0, 21, ABaraapp, 0, 0, 0, 0, , 0, 0, 0, 0, 0, 
63, 1, 35, 66, -1, 93, 78, 166.0, 21, ABaraaap, 0, 0, 0, 0, , 0, 0, 0, 0, 0, 
64, 1, 36, 67, -1, 72, 94, 178.0, 19, ABaraaaa, 0, 0, 0, 0, , 0, 0, 0, 0, 0, 
65, 1, 37, 68, -1, 86, 135, 116.0, 21, ABalpaap, 0, 0, 0, 0, , 0, 0, 0, 0, 0, 
66, 1, 38, 69, -1, 45, 127, 133.0, 23, ABalpaaa, 0, 0, 0, 0, , 0, 0, 0, 0, 0, 
67, 1, 39, 70, -1, 124, 162, 155.0, 21, ABalpapp, 0, 0, 0, 0, , 0, 0, 0, 0, 0, 
68, 1, 40, 71, -1, 65, 151, 93.0, 19, ABalppaa, 0, 0, 0, 0, , 0, 0, 0, 0, 0, 
69, 1, 41, 72, -1, 105, 169, 105.0, 19, ABalppap, 0, 0, 0, 0, , 0, 0, 0, 0, 0, 
70, 1, 42, 73, -1, 78, 152, 147.0, 19, ABalpapa, 0, 0, 0, 0, , 0, 0, 0, 0, 0, 
71, 1, 43, 74, -1, 116, 141, 128.0, 19, ABalpppa, 0, 0, 0, 0, , 0, 0, 0, 0, 0, 
72, 1, 44, 75, -1, 158, 150, 121.0, 21, ABalpppp, 0, 0, 0, 0, , 0, 0, 0, 0, 0, 
73, 1, 45, 76, -1, 54, 122, 159.0, 21, ABalaaaa, 0, 0, 0, 0, , 0, 0, 0, 0, 0, 
74, 1, 46, 77, -1, 71, 95, 138.0, 20, ABalaaap, 0, 0, 0, 0, , 0, 0, 0, 0, 0, 
75, 1, 47, 78, -1, 86, 120, 161.0, 19, ABalaapa, 0, 0, 0, 0, , 0, 0, 0, 0, 0, 
76, 1, 48, 79, -1, 115, 112, 148.0, 17, ABalaapp, 0, 0, 0, 0, , 0, 0, 0, 0, 0, 
77, 1, 49, 80, -1, 47, 95, 115.0, 21, ABalapaa, 0, 0, 0, 0, , 0, 0, 0, 0, 0, 
78, 1, 50, 81, -1, 88, 70, 117.0, 19, ABalapap, 0, 0, 0, 0, , 0, 0, 0, 0, 0, 
79, 1, 51, 82, -1, 97, 96, 129.0, 19, ABalappa, 0, 0, 0, 0, , 0, 0, 0, 0, 0, 
80, 1, 52, 83, -1, 152, 105, 118.0, 18, ABalappp, 0, 0, 0, 0, , 0, 0, 0, 0, 0, 
81, 1, 53, 84, -1, 157, 38, 137.0, 17, ABpraaaa, 0, 0, 0, 0, , 0, 0, 0, 0, 0, 
82, 1, 54, 85, -1, 192, 43, 165.5, 19, ABpraapa, 0, 0, 0, 0, , 0, 0, 0, 0, 0, 
83, 1, 55, 86, -1, 233, 63, 146.0, 18, ABpraapp, 0, 0, 0, 0, , 0, 0, 0, 0, 0, 
84, 1, 56, 87, -1, 277, 67, 130.0, 15, ABprappa, 0, 0, 0, 0, , 0, 0, 0, 0, 0, 
85, 1, 57, 88, -1, 290, 101, 107.0, 18, ABprappp, 0, 0, 0, 0, , 0, 0, 0, 0, 0, 
86, 1, 58, 89, -1, 213, 37, 143.0, 18, ABprapaa, 0, 0, 0, 0, , 0, 0, 0, 0, 0, 
87, 1, 59, 90, -1, 247, 58, 119.0, 19, ABprapap, 0, 0, 0, 0, , 0, 0, 0, 0, 0, 
88, 1, 60, 91, -1, 186, 138, 152.0, 25, Eal, 0, 0, 0, 0, , 0, 0, 0, 0, 0, 
89, 1, 61, 92, -1, 205, 101, 146.0, 25, Ear, 0, 0, 0, 0, , 0, 0, 0, 0, 0, 
90, 1, 62, 93, -1, 118, 130, 177.0, 19, MSaaa, 0, 0, 0, 0, , 0, 0, 0, 0, 0, 
91, 1, 63, 94, -1, 233, 86, 190.0, 16, MSppa, 0, 0, 0, 0, , 0, 0, 0, 0, 0, 
92, 1, 64, 95, -1, 260, 125, 183.0, 20, MSppp, 0, 0, 0, 0, , 0, 0, 0, 0, 0, 
93, 1, 65, 96, -1, 222, 134, 128.0, 20, Epl, 0, 0, 0, 0, , 0, 0, 0, 0, 0, 
94, 0, 66, -1, -1, 226, 106, 100.8, 20, , 0, 0, 0, 0, , 0, 0, 0, 0, 0, 
95, 1, 67, 98, -1, 147, 163, 68.0, 17, ABplppaa, 0, 0, 0, 0, , 0, 0, 0, 0, 0, 
96, 1, 68, 99, -1, 184, 162, 81.0, 16, ABplppap, 0, 0, 0, 0, , 0, 0, 0, 0, 0, 
97, 1, 69, 100, -1, 199, 171, 98.0, 17, ABplpppa, 0, 0, 0, 0, , 0, 0, 0, 0, 0, 
98, 1, 70, 101, -1, 237, 170, 108.0, 16, ABplpppp, 0, 0, 0, 0, , 0, 0, 0, 0, 0, 
99, 1, 71, 102, -1, 135, 176, 114.8, 17, ABplpapa, 0, 0, 0, 0, , 0, 0, 0, 0, 0, 
100, 1, 72, 103, -1, 105, 151, 69.0, 19, ABplpaaa, 0, 0, 0, 0, , 0, 0, 0, 0, 0, 
101, 1, 73, 104, -1, 139, 153, 83.0, 19, ABplpaap, 0, 0, 0, 0, , 0, 0, 0, 0, 0, 
102, 1, 74, 105, -1, 177, 173, 110.0, 19, ABplpapp, 0, 0, 0, 0, , 0, 0, 0, 0, 0, 
103, 1, 75, 106, -1, 226, 55, 174.0, 16, ABprpaaa, 0, 0, 0, 0, , 0, 0, 0, 0, 0, 
104, 1, 76, 107, -1, 263, 70, 161.22223, 19, ABprpaap, 0, 0, 0, 0, , 0, 0, 0, 0, 0, 
105, 1, 77, 108, -1, 276, 85, 186.0, 19, ABprpapa, 0, 0, 0, 0, , 0, 0, 0, 0, 0, 
106, 1, 78, 109, -1, 292, 109, 163.22223, 17, ABprpapp, 0, 0, 0, 0, , 0, 0, 0, 0, 0, 
107, 1, 79, 110, -1, 298, 70, 159.0, 16, ABprppaa, 0, 0, 0, 0, , 0, 0, 0, 0, 0, 
108, 1, 80, 111, -1, 309, 91, 128.0, 16, ABprppap, 0, 0, 0, 0, , 0, 0, 0, 0, 0, 
109, 1, 81, 112, -1, 322, 103, 159.0, 16, ABprpppa, 0, 0, 0, 0, , 0, 0, 0, 0, 0, 
110, 1, 82, 113, -1, 312, 138, 144.0, 15, ABprpppp, 0, 0, 0, 0, , 0, 0, 0, 0, 0, 
111, 1, 83, 114, -1, 159, 145, 188.0, 21, MSaap, 0, 0, 0, 0, , 0, 0, 0, 0, 0, 
112, 1, 84, 115, -1, 156, 168, 161.5, 19, MSapa, 0, 0, 0, 0, , 0, 0, 0, 0, 0, 
113, 1, 85, 116, -1, 206, 177, 150.0, 16, MSapp, 0, 0, 0, 0, , 0, 0, 0, 0, 0, 
114, 1, 86, 117, -1, 170, 105, 186.0, 19, MSpaa, 0, 0, 0, 0, , 0, 0, 0, 0, 0, 
115, 1, 87, 118, -1, 210, 130, 188.0, 18, MSpap, 0, 0, 0, 0, , 0, 0, 0, 0, 0, 
116, 1, 88, 119, -1, 182, 100, 68.0, 19, Caaa, 0, 0, 0, 0, , 0, 0, 0, 0, 0, 
117, 1, 89, 120, -1, 236, 124, 61.0, 17, Caap, 0, 0, 0, 0, , 0, 0, 0, 0, 0, 
118, 1, 90, 121, -1, 209, 147, 79.0, 17, Capa, 0, 0, 0, 0, , 0, 0, 0, 0, 0, 
119, 1, 91, 122, -1, 262, 148, 86.0, 21, Capp, 0, 0, 0, 0, , 0, 0, 0, 0, 0, 
120, 1, 92, 123, -1, 244, 78, 79.0, 17, Cpaa, 0, 0, 0, 0, , 0, 0, 0, 0, 0, 
121, 1, 93, 124, -1, 275, 123, 88.0, 17, Cpap, 0, 0, 0, 0, , 0, 0, 0, 0, 0, 
122, 1, 94, 125, -1, 298, 155, 98.0, 17, Cppp, 0, 0, 0, 0, , 0, 0, 0, 0, 0, 
123, 1, 95, 126, -1, 323, 121, 107.0, 17, Cppa, 0, 0, 0, 0, , 0, 0, 0, 0, 0, 
124, 1, 96, 127, -1, 284, 145, 140.0, 18, Dp, 0, 0, 0, 0, , 0, 0, 0, 0, 0, 
125, 1, 97, 129, -1, 222, 163, 174.0, 16, Z3, 0, 0, 0, 0, , 0, 0, 0, 0, 0, 
126, 1, 97, 128, -1, 246, 149, 172.5, 18, Z2, 0, 0, 0, 0, , 0, 0, 0, 0, 0, 
127, 1, 98, 130, -1, 102, 52, 143.0, 16, ABarpaaa, 0, 0, 0, 0, , 0, 0, 0, 0, 0, 
128, 1, 99, 131, -1, 122, 60, 116.0, 19, ABarpaap, 0, 0, 0, 0, , 0, 0, 0, 0, 0, 
129, 1, 100, 132, -1, 128, 83, 153.0, 19, ABarpapa, 0, 0, 0, 0, , 0, 0, 0, 0, 0, 
130, 1, 101, 133, -1, 173, 80, 120.0, 18, ABarpapp, 0, 0, 0, 0, , 0, 0, 0, 0, 0, 
131, 1, 102, 134, -1, 148, 48, 101.5, 19, ABarppaa, 0, 0, 0, 0, , 0, 0, 0, 0, 0, 
132, 1, 103, 135, -1, 178, 58, 79.0, 19, ABarppap, 0, 0, 0, 0, , 0, 0, 0, 0, 0, 
133, 1, 104, 136, -1, 199, 69, 115.0, 18, ABarpppa, 0, 0, 0, 0, , 0, 0, 0, 0, 0, 
134, 1, 105, 137, -1, 233, 105, 94.0, 18, ABarpppp, 0, 0, 0, 0, , 0, 0, 0, 0, 0, 
135, 1, 106, 138, -1, 63, 112, 108.0, 17, ABplaaaa, 0, 0, 0, 0, , 0, 0, 0, 0, 0, 
136, 1, 107, 139, -1, 95, 80, 80.0, 17, ABplaaap, 0, 0, 0, 0, , 0, 0, 0, 0, 0, 
137, 1, 108, 140, -1, 78, 123, 76.0, 17, ABplaapa, 0, 0, 0, 0, , 0, 0, 0, 0, 0, 
138, 1, 109, 141, -1, 126, 117, 89.0, 17, ABplaapp, 0, 0, 0, 0, , 0, 0, 0, 0, 0, 
139, 1, 110, 142, -1, 105, 98, 61.0, 17, ABplapaa, 0, 0, 0, 0, , 0, 0, 0, 0, 0, 
140, 1, 111, 143, -1, 146, 88, 76.0, 18, ABplapap, 0, 0, 0, 0, , 0, 0, 0, 0, 0, 
141, 1, 112, 144, -1, 149, 119, 68.0, 19, ABplappa, 0, 0, 0, 0, , 0, 0, 0, 0, 0, 
142, 1, 113, 145, -1, 185, 129, 92.0, 17, ABplappp, 0, 0, 0, 0, , 0, 0, 0, 0, 0, 
