1, 0, 1, -1, -1, 93, 74, 167.0, 9, , 28, 0, 0, 0, , 0, 0, 0, 0, 0, 
2, 0, 2, -1, -1, 212, 159, 173.0, 8, , 60, 0, 0, 0, , 0, 0, 0, 0, 0, 
3, 0, 3, -1, -1, 45, 113, 84.0, 9, , 245, 0, 0, 0, , 0, 0, 0, 0, 0, 
4, 0, 4, -1, -1, 162, 37, 144.0, 7, , 13, 0, 0, 0, , 0, 0, 0, 0, 0, 
5, 0, 5, -1, -1, 253, 151, 169.0, 9, , 21, 0, 0, 0, , 0, 0, 0, 0, 0, 
6, 0, 6, -1, -1, 245, 147, 174.0, 7, , 4, 0, 0, 0, , 0, 0, 0, 0, 0, 
7, 0, 7, -1, -1, 257, 64, 160.0, 9, , 6, 0, 0, 0, , 0, 0, 0, 0, 0, 
8, 0, 8, -1, -1, 228, 59, 174.0, 7, , 15, 0, 0, 0, , 0, 0, 0, 0, 0, 
9, 0, 9, -1, -1, 172, 83, 178.0, 8, , 1, 0, 0, 0, , 0, 0, 0, 0, 0, 
10, 0, 10, -1, -1, 274, 83, 179.0, 11, , 28, 0, 0, 0, , 0, 0, 0, 0, 0, 
11, 0, 11, -1, -1, 81, 91, 184.0, 9, , 43, 0, 0, 0, , 0, 0, 0, 0, 0, 
12, 0, 12, -1, -1, 226, 99, 87.0, 8, , 36, 0, 0, 0, , 0, 0, 0, 0, 0, 
13, 0, 13, -1, -1, 92, 51, 134.0, 8, , 8, 0, 0, 0, , 0, 0, 0, 0, 0, 
14, 0, 14, -1, -1, 163, 41, 140.0, 9, , 35, 0, 0, 0, , 0, 0, 0, 0, 0, 
15, 0, 15, -1, -1, 230, 56, 171.0, 7, , 8, 0, 0, 0, , 0, 0, 0, 0, 0, 
16, 0, 16, -1, -1, 162, 65, 194.0, 9, , 22, 0, 0, 0, , 0, 0, 0, 0, 0, 
17, 0, 17, -1, -1, 100, 96, 200.0, 8, , 12, 0, 0, 0, , 0, 0, 0, 0, 0, 
18, 0, 18, -1, -1, 75, 91, 177.0, 8, , 4, 0, 0, 0, , 0, 0, 0, 0, 0, 
19, 0, 19, -1, -1, 249, 145, 177.0, 7, , 6, 0, 0, 0, , 0, 0, 0, 0, 0, 
20, 0, 20, -1, -1, 128, 124, 170.0, 8, , 14, 0, 0, 0, , 0, 0, 0, 0, 0, 
21, 0, 21, -1, -1, 156, 34, 134.0, 8, , 6, 0, 0, 0, , 0, 0, 0, 0, 0, 
22, 0, 22, -1, -1, 97, 52, 131.0, 7, , 5, 0, 0, 0, , 0, 0, 0, 0, 0, 
23, 0, 23, -1, -1, 261, 62, 167.0, 8, , 30, 0, 0, 0, , 0, 0, 0, 0, 0, 
24, 0, 24, -1, -1, 120, 119, 172.0, 7, , 77, 0, 0, 0, , 0, 0, 0, 0, 0, 
25, 0, 25, -1, -1, 209, 160, 177.0, 8, , 13, 0, 0, 0, , 0, 0, 0, 0, 0, 
26, 0, 26, -1, -1, 277, 80, 181.0, 7, , 13, 0, 0, 0, , 0, 0, 0, 0, 0, 
27, 0, 27, -1, -1, 108, 100, 196.0, 7, , 9, 0, 0, 0, , 0, 0, 0, 0, 0, 
28, 0, 28, -1, -1, 161, 36, 136.0, 9, , 25, 0, 0, 0, , 0, 0, 0, 0, 0, 
29, 0, 29, -1, -1, 287, 70, 161.0, 8, , 2, 0, 0, 0, , 0, 0, 0, 0, 0, 
30, 0, 30, -1, -1, 105, 147, 68.0, 7, , 12, 0, 0, 0, , 0, 0, 0, 0, 0, 
31, 0, 31, -1, -1, 209, 38, 142.0, 7, , 13, 0, 0, 0, , 0, 0, 0, 0, 0, 
32, 0, 32, -1, -1, 103, 45, 142.0, 8, , 8, 0, 0, 0, , 0, 0, 0, 0, 0, 
33, 0, 33, -1, -1, 153, 62, 164.0, 8, , 2, 0, 0, 0, , 0, 0, 0, 0, 0, 
34, 0, 34, -1, -1, 97, 76, 163.0, 7, , 10, 0, 0, 0, , 0, 0, 0, 0, 0, 
35, 0, 35, -1, -1, 75, 90, 172.0, 11, , 67, 0, 0, 0, , 0, 0, 0, 0, 0, 
36, 0, 36, -1, -1, 223, 54, 169.0, 9, , 15, 0, 0, 0, , 0, 0, 0, 0, 0, 
37, 0, 37, -1, -1, 234, 53, 177.0, 8, , 3, 0, 0, 0, , 0, 0, 0, 0, 0, 
38, 0, 38, -1, -1, 119, 127, 173.0, 8, , 21, 0, 0, 0, , 0, 0, 0, 0, 0, 
39, 0, 39, -1, -1, 153, 138, 180.0, 8, , 24, 0, 0, 0, , 0, 0, 0, 0, 0, 
40, 0, 40, -1, -1, 205, 134, 189.0, 8, , 7, 0, 0, 0, , 0, 0, 0, 0, 0, 
41, 0, 41, -1, -1, 161, 148, 184.0, 8, , 1, 0, 0, 0, , 0, 0, 0, 0, 0, 
42, 0, 42, -1, -1, 197, 127, 187.0, 8, , 11, 0, 0, 0, , 0, 0, 0, 0, 0, 
43, 0, 43, -1, -1, 104, 65, 186.0, 8, , 2, 0, 0, 0, , 0, 0, 0, 0, 0, 
44, 0, 44, -1, -1, 145, 90, 192.0, 7, , 5, 0, 0, 0, , 0, 0, 0, 0, 0, 
45, 0, 45, -1, -1, 141, 99, 197.0, 7, , 8, 0, 0, 0, , 0, 0, 0, 0, 0, 
46, 0, 46, -1, -1, 223, 93, 200.0, 8, , 22, 0, 0, 0, , 0, 0, 0, 0, 0, 
47, 0, 47, -1, -1, 198, 129, 193.0, 8, , 7, 0, 0, 0, , 0, 0, 0, 0, 0, 
48, 0, 48, -1, -1, 44, 110, 88.0, 9, , 44, 0, 0, 0, , 0, 0, 0, 0, 0, 
49, 0, 49, -1, -1, 47, 114, 78.0, 9, , 160, 0, 0, 0, , 0, 0, 0, 0, 0, 
50, 0, 50, -1, -1, 124, 119, 163.0, 8, , 8, 0, 0, 0, , 0, 0, 0, 0, 0, 
51, 0, 51, -1, -1, 177, 98, 181.0, 9, , 6, 0, 0, 0, , 0, 0, 0, 0, 0, 
52, 0, 52, -1, -1, 253, 147, 179.0, 7, , 6, 0, 0, 0, , 0, 0, 0, 0, 0, 
53, 0, 53, -1, -1, 71, 91, 181.0, 11, , 52, 0, 0, 0, , 0, 0, 0, 0, 0, 
54, 0, 54, -1, -1, 211, 162, 182.0, 9, , 45, 0, 0, 0, , 0, 0, 0, 0, 0, 
55, 0, 55, -1, -1, 226, 97, 93.0, 8, , 8, 0, 0, 0, , 0, 0, 0, 0, 0, 
56, 0, -1, -1, -1, 295, 74, 154.0, 9, , 32, 0, 0, 0, , 0, 0, 0, 0, 0, 
57, 0, -1, -1, -1, 79, 109, 158.0, 9, , 16, 0, 0, 0, , 0, 0, 0, 0, 0, 
58, 0, -1, -1, -1, 153, 54, 172.0, 11, , 52, 0, 0, 0, , 0, 0, 0, 0, 0, 
59, 0, -1, -1, -1, 170, 59, 180.0, 9, , 32, 0, 0, 0, , 0, 0, 0, 0, 0, 
60, 0, -1, -1, -1, 159, 101, 183.0, 8, , 36, 0, 0, 0, , 0, 0, 0, 0, 0, 
61, 0, -1, -1, -1, 270, 85, 184.0, 7, , 25, 0, 0, 0, , 0, 0, 0, 0, 0, 
62, 0, -1, -1, -1, 164, 106, 187.0, 8, , 60, 0, 0, 0, , 0, 0, 0, 0, 0, 
63, 0, -1, -1, -1, 151, 144, 190.0, 9, , 41, 0, 0, 0, , 0, 0, 0, 0, 0, 
64, 0, -1, -1, -1, 61, 124, 161.0, 7, , 40, 0, 0, 0, , 0, 0, 0, 0, 0, 
65, 0, -1, -1, -1, 201, 120, 182.0, 8, , 33, 0, 0, 0, , 0, 0, 0, 0, 0, 
66, 0, -1, -1, -1, 207, 130, 182.0, 8, , 26, 0, 0, 0, , 0, 0, 0, 0, 0, 
67, 0, -1, -1, -1, 120, 128, 182.0, 7, , 31, 0, 0, 0, , 0, 0, 0, 0, 0, 
68, 0, -1, -1, -1, 94, 73, 106.0, 8, , 9, 0, 0, 0, , 0, 0, 0, 0, 0, 
69, 0, -1, -1, -1, 68, 100, 135.0, 7, , 3, 0, 0, 0, , 0, 0, 0, 0, 0, 
70, 0, -1, -1, -1, 156, 34, 137.0, 7, , 7, 0, 0, 0, , 0, 0, 0, 0, 0, 
71, 0, -1, -1, -1, 152, 32, 142.0, 7, , 9, 0, 0, 0, , 0, 0, 0, 0, 0, 
72, 0, -1, -1, -1, 99, 52, 150.0, 9, , 28, 0, 0, 0, , 0, 0, 0, 0, 0, 
73, 0, -1, -1, -1, 95, 66, 157.0, 8, , 7, 0, 0, 0, , 0, 0, 0, 0, 0, 
74, 0, -1, -1, -1, 265, 70, 157.0, 8, , 5, 0, 0, 0, , 0, 0, 0, 0, 0, 
75, 0, -1, -1, -1, 201, 44, 159.0, 9, , 10, 0, 0, 0, , 0, 0, 0, 0, 0, 
76, 0, -1, -1, -1, 296, 67, 159.0, 8, , 3, 0, 0, 0, , 0, 0, 0, 0, 0, 
77, 0, -1, -1, -1, 97, 77, 160.0, 7, , 9, 0, 0, 0, , 0, 0, 0, 0, 0, 
78, 0, -1, -1, -1, 117, 135, 165.0, 8, , 2, 0, 0, 0, , 0, 0, 0, 0, 0, 
79, 0, -1, -1, -1, 288, 101, 166.0, 8, , 2, 0, 0, 0, , 0, 0, 0, 0, 0, 
80, 0, -1, -1, -1, 163, 106, 170.0, 7, , 10, 0, 0, 0, , 0, 0, 0, 0, 0, 
81, 0, -1, -1, -1, 176, 102, 170.0, 8, , 4, 0, 0, 0, , 0, 0, 0, 0, 0, 
82, 0, -1, -1, -1, 246, 148, 170.0, 7, , 6, 0, 0, 0, , 0, 0, 0, 0, 0, 
83, 0, -1, -1, -1, 157, 144, 175.0, 8, , 11, 0, 0, 0, , 0, 0, 0, 0, 0, 
84, 0, -1, -1, -1, 168, 96, 177.0, 8, , 8, 0, 0, 0, , 0, 0, 0, 0, 0, 
85, 0, -1, -1, -1, 107, 61, 178.0, 7, , 4, 0, 0, 0, , 0, 0, 0, 0, 0, 
86, 0, -1, -1, -1, 177, 109, 178.0, 8, , 1, 0, 0, 0, , 0, 0, 0, 0, 0, 
87, 0, -1, -1, -1, 203, 68, 180.0, 8, , 1, 0, 0, 0, , 0, 0, 0, 0, 0, 
88, 0, -1, -1, -1, 109, 125, 183.0, 8, , 6, 0, 0, 0, , 0, 0, 0, 0, 0, 
89, 0, -1, -1, -1, 157, 144, 187.0, 8, , 4, 0, 0, 0, , 0, 0, 0, 0, 0, 
90, 0, -1, -1, -1, 148, 102, 197.0, 8, , 4, 0, 0, 0, , 0, 0, 0, 0, 0, 
91, 0, -1, -1, -1, 148, 83, 198.0, 8, , 1, 0, 0, 0, , 0, 0, 0, 0, 0, 
92, 0, -1, -1, -1, 205, 129, 198.0, 8, , 19, 0, 0, 0, , 0, 0, 0, 0, 0, 
93, 1, 56, 95, -1, 262, 169, 129.0, 22, Da, 0, 0, 0, 0, , 0, 0, 0, 0, 0, 
94, 1, 57, 96, -1, 249, 116, 138.0, 24, Epr, 0, 0, 0, 0, , 0, 0, 0, 0, 0, 
95, 1, 58, 97, -1, 185, 47, 122.0, 19, ABpraaap, 0, 0, 0, 0, , 0, 0, 0, 0, 0, 
96, 1, 59, 98, -1, 202, 76, 175.0, 17, ABarappp, 0, 0, 0, 0, , 0, 0, 0, 0, 0, 
97, 1, 60, 99, -1, 147, 56, 167.0, 21, ABarapap, 0, 0, 0, 0, , 0, 0, 0, 0, 0, 
98, 1, 61, 100, -1, 167, 64, 190.0, 19, ABarappa, 0, 0, 0, 0, , 0, 0, 0, 0, 0, 
99, 0, 62, -1, -1, 117, 68, 176.40425, 17, , 0, 0, 0, 0, , 0, 0, 0, 0, 0, 
100, 1, 63, 102, -1, 110, 67, 183.0, 19, ABarapaa, 0, 0, 0, 0, , 0, 0, 0, 0, 0, 
101, 1, 64, 103, -1, 105, 96, 194.0, 20, ABaraapa, 0, 0, 0, 0, , 0, 0, 0, 0, 0, 
102, 1, 65, 104, -1, 146, 94, 201.0, 21, ABaraapp, 0, 0, 0, 0, , 0, 0, 0, 0, 0, 
103, 1, 66, 105, -1, 95, 72, 163.0, 21, ABaraaap, 0, 0, 0, 0, , 0, 0, 0, 0, 0, 
104, 1, 67, 106, -1, 73, 93, 179.0, 19, ABaraaaa, 0, 0, 0, 0, , 0, 0, 0, 0, 0, 
105, 1, 68, 107, -1, 85, 134, 118.0, 19, ABalpaap, 0, 0, 0, 0, , 0, 0, 0, 0, 0, 
106, 1, 69, 108, -1, 48, 133, 132.0, 23, ABalpaaa, 0, 0, 0, 0, , 0, 0, 0, 0, 0, 
107, 1, 70, 109, -1, 123, 163, 152.0, 21, ABalpapp, 0, 0, 0, 0, , 0, 0, 0, 0, 0, 
108, 1, 71, 110, -1, 62, 149, 97.0, 19, ABalppaa, 0, 0, 0, 0, , 0, 0, 0, 0, 0, 
109, 1, 72, 111, -1, 104, 171, 109.0, 19, ABalppap, 0, 0, 0, 0, , 0, 0, 0, 0, 0, 
110, 1, 73, 112, -1, 75, 149, 151.0, 19, ABalpapa, 0, 0, 0, 0, , 0, 0, 0, 0, 0, 
111, 1, 74, 113, -1, 112, 140, 128.5, 19, ABalpppa, 0, 0, 0, 0, , 0, 0, 0, 0, 0, 
112, 1, 75, 114, -1, 157, 145, 115.666664, 17, ABalpppp, 0, 0, 0, 0, , 0, 0, 0, 0, 0, 
113, 1, 76, 115, -1, 54, 121, 162.0, 19, ABalaaaa, 0, 0, 0, 0, , 0, 0, 0, 0, 0, 
114, 1, 77, 116, -1, 70, 94, 136.0, 20, ABalaaap, 0, 0, 0, 0, , 0, 0, 0, 0, 0, 
115, 1, 78, 117, -1, 81, 113, 164.0, 19, ABalaapa, 0, 0, 0, 0, , 0, 0, 0, 0, 0, 
116, 1, 79, 118, -1, 117, 105, 145.0, 21, ABalaapp, 0, 0, 0, 0, , 0, 0, 0, 0, 0, 
117, 1, 80, 119, -1, 51, 94, 115.0, 21, ABalapaa, 0, 0, 0, 0, , 0, 0, 0, 0, 0, 
118, 1, 81, 120, -1, 89, 69, 111.0, 19, ABalapap, 0, 0, 0, 0, , 0, 0, 0, 0, 0, 
119, 1, 82, 121, -1, 99, 92, 129.0, 21, ABalappa, 0, 0, 0, 0, , 0, 0, 0, 0, 0, 
120, 1, 83, 122, -1, 148, 100, 112.0, 20, ABalappp, 0, 0, 0, 0, , 0, 0, 0, 0, 0, 
121, 1, 84, 123, -1, 157, 39, 139.0, 17, ABpraaaa, 0, 0, 0, 0, , 0, 0, 0, 0, 0, 
122, 1, 85, 124, -1, 193, 41, 161.0, 20, ABpraapa, 0, 0, 0, 0, , 0, 0, 0, 0, 0, 
123, 1, 86, 125, -1, 236, 63, 143.33333, 13, ABpraapp, 0, 0, 0, 0, , 0, 0, 0, 0, 0, 
124, 1, 87, 126, -1, 278, 67, 131.0, 18, ABprappa, 0, 0, 0, 0, , 0, 0, 0, 0, 0, 
125, 1, 88, 127, -1, 291, 103, 109.0, 19, ABprappp, 0, 0, 0, 0, , 0, 0, 0, 0, 0, 
126, 1, 89, 128, -1, 211, 35, 137.0, 15, ABprapaa, 0, 0, 0, 0, , 0, 0, 0, 0, 0, 
127, 1, 90, 129, -1, 252, 57, 120.0, 18, ABprapap, 0, 0, 0, 0, , 0, 0, 0, 0, 0, 
128, 1, 91, 130, -1, 184, 131, 147.0, 25, Eal, 0, 0, 0, 0, , 0, 0, 0, 0, 0, 
129, 1, 92, 131, -1, 206, 97, 148.0, 25, Ear, 0, 0, 0, 0, , 0, 0, 0, 0, 0, 
130, 1, 93, 132, -1, 116, 127, 175.0, 21, MSaaa, 0, 0, 0, 0, , 0, 0, 0, 0, 0, 
131, 1, 94, 133, -1, 232, 91, 196.0, 16, MSppa, 0, 0, 0, 0, , 0, 0, 0, 0, 0, 
132, 1, 95, 134, -1, 263, 121, 182.0, 22, MSppp, 0, 0, 0, 0, , 0, 0, 0, 0, 0, 
133, 1, 96, 135, -1, 221, 136, 127.0, 20, Epl, 0, 0, 0, 0, , 0, 0, 0, 0, 0, 
134, 0, 97, -1, -1, 232, 107, 102.91428, 20, , 0, 0, 0, 0, , 0, 0, 0, 0, 0, 
135, 1, 98, 137, -1, 143, 160, 67.5, 17, ABplppaa, 0, 0, 0, 0, , 0, 0, 0, 0, 0, 
136, 1, 99, 138, -1, 187, 159, 81.0, 16, ABplppap, 0, 0, 0, 0, , 0, 0, 0, 0, 0, 
137, 1, 100, 139, -1, 197, 171, 99.2, 17, ABplpppa, 0, 0, 0, 0, , 0, 0, 0, 0, 0, 
138, 1, 101, 140, -1, 237, 175, 109.0, 16, ABplpppp, 0, 0, 0, 0, , 0, 0, 0, 0, 0, 
139, 1, 102, 141, -1, 133, 175, 115.6, 17, ABplpapa, 0, 0, 0, 0, , 0, 0, 0, 0, 0, 
140, 1, 103, 142, -1, 99, 152, 70.0, 19, ABplpaaa, 0, 0, 0, 0, , 0, 0, 0, 0, 0, 
141, 1, 104, 143, -1, 135, 153, 87.0, 19, ABplpaap, 0, 0, 0, 0, , 0, 0, 0, 0, 0, 
142, 1, 105, 144, -1, 173, 173, 108.0, 19, ABplpapp, 0, 0, 0, 0, , 0, 0, 0, 0, 0, 
143, 1, 106, 145, -1, 227, 55, 174.0, 16, ABprpaaa, 0, 0, 0, 0, , 0, 0, 0, 0, 0, 
144, 1, 107, 146, -1, 263, 64, 162.33333, 19, ABprpaap, 0, 0, 0, 0, , 0, 0, 0, 0, 0, 
145, 1, 108, 147, -1, 272, 80, 186.0, 19, ABprpapa, 0, 0, 0, 0, , 0, 0, 0, 0, 0, 
146, 1, 109, 148, -1, 291, 105, 164.33333, 17, ABprpapp, 0, 0, 0, 0, , 0, 0, 0, 0, 0, 
147, 1, 110, 149, -1, 297, 70, 158.0, 16, ABprppaa, 0, 0, 0, 0, , 0, 0, 0, 0, 0, 
148, 1, 111, 150, -1, 308, 92, 128.0, 16, ABprppap, 0, 0, 0, 0, , 0, 0, 0, 0, 0, 
149, 1, 112, 151, -1, 321, 100, 162.0, 16, ABprpppa, 0, 0, 0, 0, , 0, 0, 0, 0, 0, 
150, 1, 113, 152, -1, 307, 136, 152.0, 15, ABprpppp, 0, 0, 0, 0, , 0, 0, 0, 0, 0, 
151, 1, 114, 153, -1, 157, 147, 186.0, 16, MSaap, 0, 0, 0, 0, , 0, 0, 0, 0, 0, 
152, 1, 115, 154, -1, 157, 169, 159.0, 16, MSapa, 0, 0, 0, 0, , 0, 0, 0, 0, 0, 
153, 1, 116, 155, -1, 200, 176, 149.0, 16, MSapp, 0, 0, 0, 0, , 0, 0, 0, 0, 0, 
154, 1, 117, 156, -1, 169, 104, 181.0, 19, MSpaa, 0, 0, 0, 0, , 0, 0, 0, 0, 0, 
155, 1, 118, 157, -1, 206, 129, 188.0, 20, MSpap, 0, 0, 0, 0, , 0, 0, 0, 0, 0, 
156, 1, 119, 158, -1, 188, 99, 71.0, 17, Caaa, 0, 0, 0, 0, , 0, 0, 0, 0, 0, 
157, 1, 120, 159, -1, 240, 119, 59.0, 17, Caap, 0, 0, 0, 0, , 0, 0, 0, 0, 0, 
158, 1, 121, 160, -1, 213, 146, 75.0, 17, Capa, 0, 0, 0, 0, , 0, 0, 0, 0, 0, 
159, 1, 122, 161, -1, 260, 148, 87.0, 21, Capp, 0, 0, 0, 0, , 0, 0, 0, 0, 0, 
160, 1, 123, 162, -1, 249, 79, 82.0, 19, Cpaa, 0, 0, 0, 0, , 0, 0, 0, 0, 0, 
161, 1, 124, 163, -1, 271, 123, 86.0, 17, Cpap, 0, 0, 0, 0, , 0, 0, 0, 0, 0, 
162, 1, 125, 164, -1, 296, 153, 94.0, 17, Cppp, 0, 0, 0, 0, , 0, 0, 0, 0, 0, 
163, 1, 126, 165, -1, 323, 122, 111.0, 17, Cppa, 0, 0, 0, 0, , 0, 0, 0, 0, 0, 
164, 1, 127, 166, -1, 286, 145, 139.0, 18, Dp, 0, 0, 0, 0, , 0, 0, 0, 0, 0, 
165, 1, 128, 167, -1, 252, 148, 172.0, 18, Z2, 0, 0, 0, 0, , 0, 0, 0, 0, 0, 
166, 1, 129, 168, -1, 213, 162, 174.0, 16, Z3, 0, 0, 0, 0, , 0, 0, 0, 0, 0, 
167, 1, 130, 169, -1, 99, 53, 142.0, 16, ABarpaaa, 0, 0, 0, 0, , 0, 0, 0, 0, 0, 
168, 1, 131, 170, -1, 123, 58, 112.0, 19, ABarpaap, 0, 0, 0, 0, , 0, 0, 0, 0, 0, 
169, 1, 132, 171, -1, 129, 81, 150.0, 19, ABarpapa, 0, 0, 0, 0, , 0, 0, 0, 0, 0, 
170, 1, 133, 172, -1, 169, 78, 120.0, 18, ABarpapp, 0, 0, 0, 0, , 0, 0, 0, 0, 0, 
171, 1, 134, 173, -1, 152, 47, 102.0, 19, ABarppaa, 0, 0, 0, 0, , 0, 0, 0, 0, 0, 
172, 1, 135, 174, -1, 179, 59, 77.0, 19, ABarppap, 0, 0, 0, 0, , 0, 0, 0, 0, 0, 
173, 1, 136, 175, -1, 199, 68, 115.0, 18, ABarpppa, 0, 0, 0, 0, , 0, 0, 0, 0, 0, 
174, 1, 137, 176, -1, 236, 105, 92.0, 18, ABarpppp, 0, 0, 0, 0, , 0, 0, 0, 0, 0, 
175, 1, 138, 177, -1, 58, 112, 104.0, 17, ABplaaaa, 0, 0, 0, 0, , 0, 0, 0, 0, 0, 
176, 1, 139, 178, -1, 93, 81, 77.0, 17, ABplaaap, 0, 0, 0, 0, , 0, 0, 0, 0, 0, 
177, 1, 140, 179, -1, 76, 125, 76.0, 17, ABplaapa, 0, 0, 0, 0, , 0, 0, 0, 0, 0, 
178, 1, 141, 180, -1, 122, 117, 87.0, 17, ABplaapp, 0, 0, 0, 0, , 0, 0, 0, 0, 0, 
179, 1, 142, 181, -1, 103, 100, 61.0, 17, ABplapaa, 0, 0, 0, 0, , 0, 0, 0, 0, 0, 
180, 1, 143, 182, -1, 148, 86, 73.0, 18, ABplapap, 0, 0, 0, 0, , 0, 0, 0, 0, 0, 
181, 1, 144, 183, -1, 149, 120, 70.0, 19, ABplappa, 0, 0, 0, 0, , 0, 0, 0, 0, 0, 
182, 1, 145, 184, -1, 186, 132, 89.0, 17, ABplappp, 0, 0, 0, 0, , 0, 0, 0, 0, 0, 
