1, 0, 1, -1, -1, 91, 75, 168.0, 9, , 32, 0, 0, 0, , 0, 0, 0, 0, 0, 
2, 0, 2, -1, -1, 205, 167, 169.0, 7, , 19, 0, 0, 0, , 0, 0, 0, 0, 0, 
3, 0, 3, -1, -1, 45, 112, 85.0, 9, , 174, 0, 0, 0, , 0, 0, 0, 0, 0, 
4, 0, 4, -1, -1, 162, 38, 144.0, 7, , 13, 0, 0, 0, , 0, 0, 0, 0, 0, 
5, 0, 5, -1, -1, 252, 152, 170.0, 7, , 9, 0, 0, 0, , 0, 0, 0, 0, 0, 
6, 0, 7, -1, -1, 258, 64, 166.0, 8, , 14, 0, 0, 0, , 0, 0, 0, 0, 0, 
7, 0, 8, -1, -1, 222, 51, 175.0, 7, , 23, 0, 0, 0, , 0, 0, 0, 0, 0, 
8, 0, 9, -1, -1, 174, 88, 179.0, 8, , 1, 0, 0, 0, , 0, 0, 0, 0, 0, 
9, 0, 10, -1, -1, 274, 82, 179.0, 7, , 26, 0, 0, 0, , 0, 0, 0, 0, 0, 
10, 0, 11, -1, -1, 81, 92, 182.0, 8, , 21, 0, 0, 0, , 0, 0, 0, 0, 0, 
11, 0, 12, -1, -1, 227, 96, 90.0, 8, , 30, 0, 0, 0, , 0, 0, 0, 0, 0, 
12, 0, 13, -1, -1, 98, 60, 134.0, 8, , 10, 0, 0, 0, , 0, 0, 0, 0, 0, 
13, 0, 14, -1, -1, 161, 40, 139.0, 7, , 26, 0, 0, 0, , 0, 0, 0, 0, 0, 
14, 0, 15, -1, -1, 230, 57, 172.0, 8, , 20, 0, 0, 0, , 0, 0, 0, 0, 0, 
15, 0, 16, -1, -1, 164, 65, 195.0, 9, , 46, 0, 0, 0, , 0, 0, 0, 0, 0, 
16, 0, 17, -1, -1, 99, 96, 200.0, 8, , 6, 0, 0, 0, , 0, 0, 0, 0, 0, 
17, 0, 18, -1, -1, 79, 95, 177.0, 9, , 35, 0, 0, 0, , 0, 0, 0, 0, 0, 
18, 0, 20, -1, -1, 125, 119, 168.0, 8, , 2, 0, 0, 0, , 0, 0, 0, 0, 0, 
19, 0, 21, -1, -1, 154, 41, 133.0, 9, , 21, 0, 0, 0, , 0, 0, 0, 0, 0, 
20, 0, 22, -1, -1, 94, 54, 131.0, 7, , 11, 0, 0, 0, , 0, 0, 0, 0, 0, 
21, 0, 23, -1, -1, 267, 61, 168.0, 8, , 3, 0, 0, 0, , 0, 0, 0, 0, 0, 
22, 0, 24, -1, -1, 116, 120, 169.0, 8, , 35, 0, 0, 0, , 0, 0, 0, 0, 0, 
23, 0, 25, -1, -1, 201, 164, 179.0, 8, , 8, 0, 0, 0, , 0, 0, 0, 0, 0, 
24, 0, 27, -1, -1, 98, 95, 196.0, 7, , 10, 0, 0, 0, , 0, 0, 0, 0, 0, 
25, 0, 28, -1, -1, 152, 33, 138.0, 7, , 5, 0, 0, 0, , 0, 0, 0, 0, 0, 
26, 0, 29, -1, -1, 297, 67, 163.0, 7, , 14, 0, 0, 0, , 0, 0, 0, 0, 0, 
27, 0, 32, -1, -1, 102, 47, 141.0, 7, , 10, 0, 0, 0, , 0, 0, 0, 0, 0, 
28, 0, 33, -1, -1, 153, 52, 165.0, 7, , 19, 0, 0, 0, , 0, 0, 0, 0, 0, 
29, 0, 34, -1, -1, 88, 70, 165.0, 8, , 6, 0, 0, 0, , 0, 0, 0, 0, 0, 
30, 0, 35, -1, -1, 77, 91, 172.0, 7, , 36, 0, 0, 0, , 0, 0, 0, 0, 0, 
31, 0, 36, -1, -1, 225, 49, 168.0, 8, , 13, 0, 0, 0, , 0, 0, 0, 0, 0, 
32, 0, 37, -1, -1, 236, 54, 179.0, 8, , 5, 0, 0, 0, , 0, 0, 0, 0, 0, 
33, 0, 38, -1, -1, 113, 134, 171.0, 8, , 8, 0, 0, 0, , 0, 0, 0, 0, 0, 
34, 0, 39, -1, -1, 154, 141, 177.0, 8, , 10, 0, 0, 0, , 0, 0, 0, 0, 0, 
35, 0, 40, -1, -1, 205, 133, 189.0, 8, , 25, 0, 0, 0, , 0, 0, 0, 0, 0, 
36, 0, 41, -1, -1, 157, 134, 183.0, 7, , 20, 0, 0, 0, , 0, 0, 0, 0, 0, 
37, 0, 42, -1, -1, 208, 124, 187.0, 8, , 56, 0, 0, 0, , 0, 0, 0, 0, 0, 
38, 0, 43, -1, -1, 104, 64, 183.0, 8, , 11, 0, 0, 0, , 0, 0, 0, 0, 0, 
39, 0, 44, -1, -1, 149, 96, 192.0, 8, , 2, 0, 0, 0, , 0, 0, 0, 0, 0, 
40, 0, 45, -1, -1, 142, 89, 195.0, 7, , 9, 0, 0, 0, , 0, 0, 0, 0, 0, 
41, 0, 46, -1, -1, 225, 93, 198.0, 8, , 22, 0, 0, 0, , 0, 0, 0, 0, 0, 
42, 0, 47, -1, -1, 204, 139, 192.0, 8, , 2, 0, 0, 0, , 0, 0, 0, 0, 0, 
43, 0, 48, -1, -1, 43, 110, 89.0, 7, , 28, 0, 0, 0, , 0, 0, 0, 0, 0, 
44, 0, 49, -1, -1, 47, 114, 78.0, 9, , 191, 0, 0, 0, , 0, 0, 0, 0, 0, 
45, 0, 51, -1, -1, 175, 98, 183.0, 8, , 6, 0, 0, 0, , 0, 0, 0, 0, 0, 
46, 0, 53, -1, -1, 72, 90, 180.0, 7, , 19, 0, 0, 0, , 0, 0, 0, 0, 0, 
47, 0, 54, -1, -1, 206, 167, 181.0, 8, , 10, 0, 0, 0, , 0, 0, 0, 0, 0, 
48, 0, 55, -1, -1, 228, 95, 93.0, 8, , 6, 0, 0, 0, , 0, 0, 0, 0, 0, 
49, 0, 56, -1, -1, 294, 70, 154.0, 8, , 14, 0, 0, 0, , 0, 0, 0, 0, 0, 
50, 0, 57, -1, -1, 79, 106, 156.0, 8, , 5, 0, 0, 0, , 0, 0, 0, 0, 0, 
51, 0, 58, -1, -1, 143, 61, 172.0, 8, , 2, 0, 0, 0, , 0, 0, 0, 0, 0, 
52, 0, 59, -1, -1, 173, 63, 184.0, 7, , 5, 0, 0, 0, , 0, 0, 0, 0, 0, 
53, 0, 60, -1, -1, 159, 106, 183.0, 8, , 10, 0, 0, 0, , 0, 0, 0, 0, 0, 
54, 0, 61, -1, -1, 279, 85, 183.0, 8, , 9, 0, 0, 0, , 0, 0, 0, 0, 0, 
55, 0, 62, -1, -1, 162, 104, 187.0, 7, , 12, 0, 0, 0, , 0, 0, 0, 0, 0, 
56, 0, 64, -1, -1, 62, 125, 162.0, 7, , 17, 0, 0, 0, , 0, 0, 0, 0, 0, 
57, 0, 65, -1, -1, 204, 116, 181.0, 7, , 15, 0, 0, 0, , 0, 0, 0, 0, 0, 
58, 0, 66, -1, -1, 199, 134, 179.0, 8, , 5, 0, 0, 0, , 0, 0, 0, 0, 0, 
59, 0, 67, -1, -1, 113, 123, 179.0, 7, , 25, 0, 0, 0, , 0, 0, 0, 0, 0, 
60, 0, 68, -1, -1, 94, 71, 106.0, 8, , 16, 0, 0, 0, , 0, 0, 0, 0, 0, 
61, 0, 69, -1, -1, 62, 95, 138.0, 9, , 4, 0, 0, 0, , 0, 0, 0, 0, 0, 
62, 0, 70, -1, -1, 156, 35, 137.0, 8, , 20, 0, 0, 0, , 0, 0, 0, 0, 0, 
63, 0, 71, -1, -1, 149, 34, 142.0, 9, , 7, 0, 0, 0, , 0, 0, 0, 0, 0, 
64, 0, 72, -1, -1, 94, 52, 147.0, 8, , 23, 0, 0, 0, , 0, 0, 0, 0, 0, 
65, 0, 73, -1, -1, 93, 68, 156.0, 8, , 10, 0, 0, 0, , 0, 0, 0, 0, 0, 
66, 0, 74, -1, -1, 267, 68, 156.0, 8, , 19, 0, 0, 0, , 0, 0, 0, 0, 0, 
67, 0, 75, -1, -1, 195, 41, 156.0, 8, , 3, 0, 0, 0, , 0, 0, 0, 0, 0, 
68, 0, 76, -1, -1, 299, 67, 159.0, 7, , 15, 0, 0, 0, , 0, 0, 0, 0, 0, 
69, 0, 77, -1, -1, 92, 68, 160.0, 7, , 15, 0, 0, 0, , 0, 0, 0, 0, 0, 
70, 0, 78, -1, -1, 119, 133, 165.0, 8, , 16, 0, 0, 0, , 0, 0, 0, 0, 0, 
71, 0, 79, -1, -1, 288, 97, 165.0, 8, , 5, 0, 0, 0, , 0, 0, 0, 0, 0, 
72, 0, 80, -1, -1, 162, 100, 170.0, 9, , 13, 0, 0, 0, , 0, 0, 0, 0, 0, 
73, 0, 81, -1, -1, 176, 100, 171.0, 8, , 8, 0, 0, 0, , 0, 0, 0, 0, 0, 
74, 0, 83, -1, -1, 155, 147, 179.0, 7, , 22, 0, 0, 0, , 0, 0, 0, 0, 0, 
75, 0, 84, -1, -1, 168, 96, 180.0, 7, , 5, 0, 0, 0, , 0, 0, 0, 0, 0, 
76, 0, 85, -1, -1, 109, 62, 175.0, 7, , 8, 0, 0, 0, , 0, 0, 0, 0, 0, 
77, 0, 86, -1, -1, 176, 110, 176.0, 8, , 3, 0, 0, 0, , 0, 0, 0, 0, 0, 
78, 0, 87, -1, -1, 206, 67, 180.0, 8, , 8, 0, 0, 0, , 0, 0, 0, 0, 0, 
79, 0, 88, -1, -1, 110, 123, 183.0, 8, , 13, 0, 0, 0, , 0, 0, 0, 0, 0, 
80, 0, 89, -1, -1, 157, 139, 188.0, 8, , 37, 0, 0, 0, , 0, 0, 0, 0, 0, 
81, 0, 90, -1, -1, 151, 102, 200.0, 7, , 8, 0, 0, 0, , 0, 0, 0, 0, 0, 
82, 0, 91, -1, -1, 148, 86, 199.0, 7, , 9, 0, 0, 0, , 0, 0, 0, 0, 0, 
83, 0, -1, -1, -1, 205, 134, 184.0, 8, , 58, 0, 0, 0, , 0, 0, 0, 0, 0, 
84, 0, -1, -1, -1, 222, 50, 172.0, 8, , 22, 0, 0, 0, , 0, 0, 0, 0, 0, 
85, 0, -1, -1, -1, 203, 160, 173.0, 7, , 34, 0, 0, 0, , 0, 0, 0, 0, 0, 
86, 0, -1, -1, -1, 158, 142, 174.0, 8, , 18, 0, 0, 0, , 0, 0, 0, 0, 0, 
87, 0, -1, -1, -1, 121, 121, 175.0, 8, , 15, 0, 0, 0, , 0, 0, 0, 0, 0, 
88, 0, -1, -1, -1, 118, 132, 176.0, 7, , 24, 0, 0, 0, , 0, 0, 0, 0, 0, 
89, 0, -1, -1, -1, 269, 118, 176.0, 8, , 2, 0, 0, 0, , 0, 0, 0, 0, 0, 
90, 0, -1, -1, -1, 158, 134, 180.0, 9, , 32, 0, 0, 0, , 0, 0, 0, 0, 0, 
91, 0, -1, -1, -1, 116, 132, 181.0, 8, , 15, 0, 0, 0, , 0, 0, 0, 0, 0, 
92, 0, -1, -1, -1, 156, 147, 183.0, 7, , 17, 0, 0, 0, , 0, 0, 0, 0, 0, 
93, 0, -1, -1, -1, 229, 54, 187.0, 9, , 11, 0, 0, 0, , 0, 0, 0, 0, 0, 
94, 0, -1, -1, -1, 116, 71, 190.0, 8, , 4, 0, 0, 0, , 0, 0, 0, 0, 0, 
95, 1, 93, 88, -1, 262, 170, 129.0, 22, Da, 0, 0, 0, 0, , 0, 0, 0, 0, 0, 
96, 1, 94, 89, -1, 251, 118, 132.0, 24, Epr, 0, 0, 0, 0, , 0, 0, 0, 0, 0, 
97, 1, 95, 90, -1, 185, 48, 120.0, 21, ABpraaap, 0, 0, 0, 0, , 0, 0, 0, 0, 0, 
98, 1, 96, 91, -1, 201, 74, 177.0, 17, ABarappp, 0, 0, 0, 0, , 0, 0, 0, 0, 0, 
99, 1, 97, 92, -1, 147, 53, 167.5, 21, ABarapap, 0, 0, 0, 0, , 0, 0, 0, 0, 0, 
100, 1, 98, 93, -1, 168, 64, 188.0, 21, ABarappa, 0, 0, 0, 0, , 0, 0, 0, 0, 0, 
101, 0, 99, -1, -1, 117, 68, 176.63829, 17, , 0, 0, 0, 0, , 0, 0, 0, 0, 0, 
102, 1, 100, 95, -1, 111, 68, 184.0, 21, ABarapaa, 0, 0, 0, 0, , 0, 0, 0, 0, 0, 
103, 1, 101, 96, -1, 105, 96, 193.0, 20, ABaraapa, 0, 0, 0, 0, , 0, 0, 0, 0, 0, 
104, 1, 102, 97, -1, 149, 94, 200.0, 19, ABaraapp, 0, 0, 0, 0, , 0, 0, 0, 0, 0, 
105, 1, 103, 98, -1, 94, 72, 162.0, 21, ABaraaap, 0, 0, 0, 0, , 0, 0, 0, 0, 0, 
106, 1, 104, 99, -1, 74, 94, 181.0, 19, ABaraaaa, 0, 0, 0, 0, , 0, 0, 0, 0, 0, 
107, 1, 105, 100, -1, 86, 135, 118.5, 21, ABalpaap, 0, 0, 0, 0, , 0, 0, 0, 0, 0, 
108, 1, 106, 101, -1, 49, 132, 133.0, 23, ABalpaaa, 0, 0, 0, 0, , 0, 0, 0, 0, 0, 
109, 1, 107, 102, -1, 122, 164, 153.0, 21, ABalpapp, 0, 0, 0, 0, , 0, 0, 0, 0, 0, 
110, 1, 108, 103, -1, 62, 150, 99.0, 19, ABalppaa, 0, 0, 0, 0, , 0, 0, 0, 0, 0, 
111, 1, 109, 104, -1, 100, 171, 109.0, 19, ABalppap, 0, 0, 0, 0, , 0, 0, 0, 0, 0, 
112, 1, 110, 105, -1, 78, 151, 152.0, 19, ABalpapa, 0, 0, 0, 0, , 0, 0, 0, 0, 0, 
113, 1, 111, 106, -1, 110, 140, 128.0, 19, ABalpppa, 0, 0, 0, 0, , 0, 0, 0, 0, 0, 
114, 1, 112, 107, -1, 158, 145, 113.0, 19, ABalpppp, 0, 0, 0, 0, , 0, 0, 0, 0, 0, 
115, 1, 113, 108, -1, 54, 122, 161.0, 21, ABalaaaa, 0, 0, 0, 0, , 0, 0, 0, 0, 0, 
116, 1, 114, 109, -1, 70, 94, 136.0, 20, ABalaaap, 0, 0, 0, 0, , 0, 0, 0, 0, 0, 
117, 1, 115, 110, -1, 80, 114, 161.0, 19, ABalaapa, 0, 0, 0, 0, , 0, 0, 0, 0, 0, 
118, 1, 116, 111, -1, 116, 106, 146.0, 21, ABalaapp, 0, 0, 0, 0, , 0, 0, 0, 0, 0, 
119, 1, 117, 112, -1, 50, 93, 110.0, 21, ABalapaa, 0, 0, 0, 0, , 0, 0, 0, 0, 0, 
120, 1, 118, 113, -1, 90, 68, 112.0, 21, ABalapap, 0, 0, 0, 0, , 0, 0, 0, 0, 0, 
121, 1, 119, 114, -1, 97, 90, 129.0, 21, ABalappa, 0, 0, 0, 0, , 0, 0, 0, 0, 0, 
122, 1, 120, 115, -1, 147, 99, 115.0, 20, ABalappp, 0, 0, 0, 0, , 0, 0, 0, 0, 0, 
123, 1, 121, 116, -1, 156, 38, 141.0, 17, ABpraaaa, 0, 0, 0, 0, , 0, 0, 0, 0, 0, 
124, 1, 122, 117, -1, 191, 40, 160.33333, 20, ABpraapa, 0, 0, 0, 0, , 0, 0, 0, 0, 0, 
125, 1, 123, 118, -1, 238, 60, 142.0, 20, ABpraapp, 0, 0, 0, 0, , 0, 0, 0, 0, 0, 
126, 1, 124, 119, -1, 277, 69, 132.0, 16, ABprappa, 0, 0, 0, 0, , 0, 0, 0, 0, 0, 
127, 1, 125, 120, -1, 290, 104, 111.0, 19, ABprappp, 0, 0, 0, 0, , 0, 0, 0, 0, 0, 
128, 1, 126, 121, -1, 211, 36, 134.0, 19, ABprapaa, 0, 0, 0, 0, , 0, 0, 0, 0, 0, 
129, 1, 127, 122, -1, 250, 56, 120.5, 20, ABprapap, 0, 0, 0, 0, , 0, 0, 0, 0, 0, 
130, 1, 128, 123, -1, 178, 129, 148.5, 23, Eal, 0, 0, 0, 0, , 0, 0, 0, 0, 0, 
131, 1, 129, 124, -1, 204, 93, 147.0, 25, Ear, 0, 0, 0, 0, , 0, 0, 0, 0, 0, 
132, 1, 130, 125, -1, 116, 128, 172.0, 15, MSaaa, 0, 0, 0, 0, , 0, 0, 0, 0, 0, 
133, 1, 131, 126, -1, 232, 91, 192.0, 16, MSppa, 0, 0, 0, 0, , 0, 0, 0, 0, 0, 
134, 1, 132, 127, -1, 260, 119, 180.0, 22, MSppp, 0, 0, 0, 0, , 0, 0, 0, 0, 0, 
135, 1, 133, 128, -1, 220, 134, 128.0, 20, Epl, 0, 0, 0, 0, , 0, 0, 0, 0, 0, 
136, 0, 134, -1, -1, 235, 108, 103.97143, 20, , 0, 0, 0, 0, , 0, 0, 0, 0, 0, 
137, 1, 135, 130, -1, 141, 159, 67.25, 17, ABplppaa, 0, 0, 0, 0, , 0, 0, 0, 0, 0, 
138, 1, 136, 131, -1, 187, 160, 81.333336, 16, ABplppap, 0, 0, 0, 0, , 0, 0, 0, 0, 0, 
139, 1, 137, 132, -1, 196, 172, 99.8, 17, ABplpppa, 0, 0, 0, 0, , 0, 0, 0, 0, 0, 
140, 1, 138, 133, -1, 239, 175, 111.0, 16, ABplpppp, 0, 0, 0, 0, , 0, 0, 0, 0, 0, 
141, 1, 139, 134, -1, 132, 174, 116.0, 17, ABplpapa, 0, 0, 0, 0, , 0, 0, 0, 0, 0, 
142, 1, 140, 135, -1, 96, 151, 71.0, 19, ABplpaaa, 0, 0, 0, 0, , 0, 0, 0, 0, 0, 
143, 1, 141, 136, -1, 132, 151, 91.0, 19, ABplpaap, 0, 0, 0, 0, , 0, 0, 0, 0, 0, 
144, 1, 142, 137, -1, 174, 174, 102.0, 19, ABplpapp, 0, 0, 0, 0, , 0, 0, 0, 0, 0, 
145, 1, 143, 138, -1, 227, 53, 176.0, 16, ABprpaaa, 0, 0, 0, 0, , 0, 0, 0, 0, 0, 
146, 1, 144, 139, -1, 263, 64, 162.88889, 19, ABprpaap, 0, 0, 0, 0, , 0, 0, 0, 0, 0, 
147, 1, 145, 140, -1, 272, 82, 184.0, 19, ABprpapa, 0, 0, 0, 0, , 0, 0, 0, 0, 0, 
148, 1, 146, 141, -1, 291, 104, 164.88889, 17, ABprpapp, 0, 0, 0, 0, , 0, 0, 0, 0, 0, 
149, 1, 147, 142, -1, 295, 71, 160.0, 16, ABprppaa, 0, 0, 0, 0, , 0, 0, 0, 0, 0, 
150, 1, 148, 143, -1, 306, 94, 131.0, 16, ABprppap, 0, 0, 0, 0, , 0, 0, 0, 0, 0, 
151, 1, 149, 144, -1, 324, 101, 158.0, 16, ABprpppa, 0, 0, 0, 0, , 0, 0, 0, 0, 0, 
152, 1, 150, 145, -1, 303, 131, 158.0, 15, ABprpppp, 0, 0, 0, 0, , 0, 0, 0, 0, 0, 
153, 1, 151, 146, -1, 157, 141, 185.0, 16, MSaap, 0, 0, 0, 0, , 0, 0, 0, 0, 0, 
154, 1, 152, 147, -1, 155, 166, 153.0, 18, MSapa, 0, 0, 0, 0, , 0, 0, 0, 0, 0, 
155, 1, 153, 148, -1, 199, 174, 145.0, 16, MSapp, 0, 0, 0, 0, , 0, 0, 0, 0, 0, 
156, 1, 154, 149, -1, 167, 104, 180.0, 19, MSpaa, 0, 0, 0, 0, , 0, 0, 0, 0, 0, 
157, 1, 155, 150, -1, 206, 129, 188.0, 16, MSpap, 0, 0, 0, 0, , 0, 0, 0, 0, 0, 
158, 1, 156, 151, -1, 191, 99, 74.0, 19, Caaa, 0, 0, 0, 0, , 0, 0, 0, 0, 0, 
159, 1, 157, 152, -1, 239, 122, 60.0, 17, Caap, 0, 0, 0, 0, , 0, 0, 0, 0, 0, 
160, 1, 158, 153, -1, 212, 145, 80.0, 17, Capa, 0, 0, 0, 0, , 0, 0, 0, 0, 0, 
161, 1, 159, 154, -1, 262, 152, 88.0, 21, Capp, 0, 0, 0, 0, , 0, 0, 0, 0, 0, 
162, 1, 160, 155, -1, 249, 77, 83.0, 17, Cpaa, 0, 0, 0, 0, , 0, 0, 0, 0, 0, 
163, 1, 161, 156, -1, 272, 127, 86.0, 17, Cpap, 0, 0, 0, 0, , 0, 0, 0, 0, 0, 
164, 1, 162, 157, -1, 296, 156, 95.0, 17, Cppp, 0, 0, 0, 0, , 0, 0, 0, 0, 0, 
165, 1, 163, 158, -1, 324, 126, 113.0, 17, Cppa, 0, 0, 0, 0, , 0, 0, 0, 0, 0, 
166, 1, 164, 159, -1, 287, 146, 138.0, 18, Dp, 0, 0, 0, 0, , 0, 0, 0, 0, 0, 
167, 1, 165, 160, -1, 249, 150, 171.0, 18, Z2, 0, 0, 0, 0, , 0, 0, 0, 0, 0, 
168, 1, 166, 161, -1, 206, 165, 175.0, 16, Z3, 0, 0, 0, 0, , 0, 0, 0, 0, 0, 
169, 1, 167, 162, -1, 97, 54, 140.0, 16, ABarpaaa, 0, 0, 0, 0, , 0, 0, 0, 0, 0, 
170, 1, 168, 163, -1, 123, 58, 111.0, 19, ABarpaap, 0, 0, 0, 0, , 0, 0, 0, 0, 0, 
171, 1, 169, 164, -1, 127, 79, 146.0, 19, ABarpapa, 0, 0, 0, 0, , 0, 0, 0, 0, 0, 
172, 1, 170, 165, -1, 168, 76, 124.0, 18, ABarpapp, 0, 0, 0, 0, , 0, 0, 0, 0, 0, 
173, 1, 171, 166, -1, 151, 45, 102.0, 19, ABarppaa, 0, 0, 0, 0, , 0, 0, 0, 0, 0, 
174, 1, 172, 167, -1, 183, 65, 79.0, 19, ABarppap, 0, 0, 0, 0, , 0, 0, 0, 0, 0, 
175, 1, 173, 168, -1, 203, 63, 117.0, 18, ABarpppa, 0, 0, 0, 0, , 0, 0, 0, 0, 0, 
176, 1, 174, 169, -1, 238, 104, 93.0, 18, ABarpppp, 0, 0, 0, 0, , 0, 0, 0, 0, 0, 
177, 1, 175, 170, -1, 62, 112, 102.0, 17, ABplaaaa, 0, 0, 0, 0, , 0, 0, 0, 0, 0, 
178, 1, 176, 171, -1, 95, 80, 79.0, 17, ABplaaap, 0, 0, 0, 0, , 0, 0, 0, 0, 0, 
179, 1, 177, 172, -1, 77, 124, 78.0, 17, ABplaapa, 0, 0, 0, 0, , 0, 0, 0, 0, 0, 
180, 1, 178, 173, -1, 126, 117, 87.0, 17, ABplaapp, 0, 0, 0, 0, , 0, 0, 0, 0, 0, 
181, 1, 179, 174, -1, 102, 100, 58.0, 17, ABplapaa, 0, 0, 0, 0, , 0, 0, 0, 0, 0, 
182, 1, 180, 175, -1, 148, 86, 73.0, 18, ABplapap, 0, 0, 0, 0, , 0, 0, 0, 0, 0, 
183, 1, 181, 176, -1, 148, 119, 70.0, 19, ABplappa, 0, 0, 0, 0, , 0, 0, 0, 0, 0, 
184, 1, 182, 177, -1, 184, 132, 88.0, 17, ABplappp, 0, 0, 0, 0, , 0, 0, 0, 0, 0, 
