1, 0, 1, -1, -1, 92, 75, 170.0, 7, , 15, 0, 0, 0, , 0, 0, 0, 0, 0, 
2, 0, 2, -1, -1, 195, 163, 170.0, 8, , 4, 0, 0, 0, , 0, 0, 0, 0, 0, 
3, 0, 3, -1, -1, 45, 111, 86.0, 9, , 174, 0, 0, 0, , 0, 0, 0, 0, 0, 
4, 0, 4, -1, -1, 163, 39, 145.0, 7, , 26, 0, 0, 0, , 0, 0, 0, 0, 0, 
5, 0, 6, -1, -1, 257, 64, 166.0, 8, , 4, 0, 0, 0, , 0, 0, 0, 0, 0, 
6, 0, 7, -1, -1, 224, 50, 175.0, 7, , 23, 0, 0, 0, , 0, 0, 0, 0, 0, 
7, 0, 8, -1, -1, 176, 92, 179.0, 8, , 62, 0, 0, 0, , 0, 0, 0, 0, 0, 
8, 0, 9, -1, -1, 274, 83, 180.0, 7, , 10, 0, 0, 0, , 0, 0, 0, 0, 0, 
9, 0, 10, -1, -1, 74, 91, 183.0, 8, , 11, 0, 0, 0, , 0, 0, 0, 0, 0, 
10, 0, 11, -1, -1, 229, 96, 90.0, 8, , 30, 0, 0, 0, , 0, 0, 0, 0, 0, 
11, 0, 12, -1, -1, 97, 52, 136.0, 9, , 6, 0, 0, 0, , 0, 0, 0, 0, 0, 
12, 0, 13, -1, -1, 159, 35, 140.0, 8, , 4, 0, 0, 0, , 0, 0, 0, 0, 0, 
13, 0, 14, -1, -1, 234, 56, 173.0, 7, , 5, 0, 0, 0, , 0, 0, 0, 0, 0, 
14, 0, 15, -1, -1, 172, 67, 196.0, 9, , 19, 0, 0, 0, , 0, 0, 0, 0, 0, 
15, 0, 16, -1, -1, 110, 98, 199.0, 7, , 6, 0, 0, 0, , 0, 0, 0, 0, 0, 
16, 0, 17, -1, -1, 78, 97, 176.0, 9, , 35, 0, 0, 0, , 0, 0, 0, 0, 0, 
17, 0, 21, -1, -1, 256, 60, 167.0, 8, , 6, 0, 0, 0, , 0, 0, 0, 0, 0, 
18, 0, 23, -1, -1, 195, 160, 176.0, 8, , 1, 0, 0, 0, , 0, 0, 0, 0, 0, 
19, 0, 24, -1, -1, 97, 98, 197.0, 8, , 7, 0, 0, 0, , 0, 0, 0, 0, 0, 
20, 0, 26, -1, -1, 295, 67, 164.0, 9, , 13, 0, 0, 0, , 0, 0, 0, 0, 0, 
21, 0, 27, -1, -1, 100, 52, 140.0, 7, , 10, 0, 0, 0, , 0, 0, 0, 0, 0, 
22, 0, 28, -1, -1, 149, 55, 166.0, 7, , 5, 0, 0, 0, , 0, 0, 0, 0, 0, 
23, 0, 29, -1, -1, 88, 72, 168.0, 7, , 8, 0, 0, 0, , 0, 0, 0, 0, 0, 
24, 0, 30, -1, -1, 76, 91, 173.0, 7, , 36, 0, 0, 0, , 0, 0, 0, 0, 0, 
25, 0, 31, -1, -1, 232, 50, 168.0, 7, , 4, 0, 0, 0, , 0, 0, 0, 0, 0, 
26, 0, 33, -1, -1, 114, 138, 170.0, 8, , 28, 0, 0, 0, , 0, 0, 0, 0, 0, 
27, 0, 34, -1, -1, 158, 144, 174.0, 8, , 11, 0, 0, 0, , 0, 0, 0, 0, 0, 
28, 0, 36, -1, -1, 159, 136, 182.0, 8, , 12, 0, 0, 0, , 0, 0, 0, 0, 0, 
29, 0, 37, -1, -1, 210, 130, 186.0, 11, , 431, 0, 0, 0, , 0, 0, 0, 0, 0, 
30, 0, 38, -1, -1, 106, 65, 184.0, 8, , 6, 0, 0, 0, , 0, 0, 0, 0, 0, 
31, 0, 39, -1, -1, 147, 100, 195.0, 8, , 2, 0, 0, 0, , 0, 0, 0, 0, 0, 
32, 0, 40, -1, -1, 138, 95, 195.0, 8, , 3, 0, 0, 0, , 0, 0, 0, 0, 0, 
33, 0, 41, -1, -1, 228, 94, 197.0, 8, , 22, 0, 0, 0, , 0, 0, 0, 0, 0, 
34, 0, 42, -1, -1, 203, 137, 192.0, 8, , 2, 0, 0, 0, , 0, 0, 0, 0, 0, 
35, 0, 43, -1, -1, 44, 109, 89.0, 8, , 24, 0, 0, 0, , 0, 0, 0, 0, 0, 
36, 0, 44, -1, -1, 47, 114, 78.0, 9, , 163, 0, 0, 0, , 0, 0, 0, 0, 0, 
37, 0, 46, -1, -1, 80, 100, 182.0, 8, , 23, 0, 0, 0, , 0, 0, 0, 0, 0, 
38, 0, 47, -1, -1, 202, 162, 180.0, 8, , 10, 0, 0, 0, , 0, 0, 0, 0, 0, 
39, 0, 48, -1, -1, 228, 94, 96.0, 8, , 1, 0, 0, 0, , 0, 0, 0, 0, 0, 
40, 0, 49, -1, -1, 291, 73, 155.0, 7, , 5, 0, 0, 0, , 0, 0, 0, 0, 0, 
41, 0, 50, -1, -1, 77, 104, 157.0, 8, , 5, 0, 0, 0, , 0, 0, 0, 0, 0, 
42, 0, 51, -1, -1, 146, 63, 170.0, 7, , 8, 0, 0, 0, , 0, 0, 0, 0, 0, 
43, 0, 52, -1, -1, 167, 55, 186.0, 8, , 1, 0, 0, 0, , 0, 0, 0, 0, 0, 
44, 0, 54, -1, -1, 276, 78, 183.0, 7, , 13, 0, 0, 0, , 0, 0, 0, 0, 0, 
45, 0, 55, -1, -1, 172, 100, 188.0, 8, , 7, 0, 0, 0, , 0, 0, 0, 0, 0, 
46, 0, 56, -1, -1, 61, 123, 161.0, 8, , 3, 0, 0, 0, , 0, 0, 0, 0, 0, 
47, 0, 58, -1, -1, 204, 134, 178.0, 9, , 53, 0, 0, 0, , 0, 0, 0, 0, 0, 
48, 0, 60, -1, -1, 93, 71, 108.0, 8, , 5, 0, 0, 0, , 0, 0, 0, 0, 0, 
49, 0, 62, -1, -1, 155, 36, 138.0, 7, , 7, 0, 0, 0, , 0, 0, 0, 0, 0, 
50, 0, 63, -1, -1, 152, 32, 143.0, 8, , 2, 0, 0, 0, , 0, 0, 0, 0, 0, 
51, 0, 64, -1, -1, 92, 55, 148.0, 9, , 16, 0, 0, 0, , 0, 0, 0, 0, 0, 
52, 0, 65, -1, -1, 95, 82, 155.0, 8, , 2, 0, 0, 0, , 0, 0, 0, 0, 0, 
53, 0, 66, -1, -1, 270, 68, 156.0, 8, , 5, 0, 0, 0, , 0, 0, 0, 0, 0, 
54, 0, 67, -1, -1, 199, 43, 155.0, 7, , 4, 0, 0, 0, , 0, 0, 0, 0, 0, 
55, 0, 68, -1, -1, 299, 75, 158.0, 9, , 6, 0, 0, 0, , 0, 0, 0, 0, 0, 
56, 0, 69, -1, -1, 93, 70, 161.0, 7, , 4, 0, 0, 0, , 0, 0, 0, 0, 0, 
57, 0, 70, -1, -1, 117, 131, 164.0, 8, , 45, 0, 0, 0, , 0, 0, 0, 0, 0, 
58, 0, 72, -1, -1, 160, 99, 171.0, 9, , 13, 0, 0, 0, , 0, 0, 0, 0, 0, 
59, 0, 73, -1, -1, 176, 98, 172.0, 7, , 17, 0, 0, 0, , 0, 0, 0, 0, 0, 
60, 0, 74, -1, -1, 161, 146, 180.0, 8, , 22, 0, 0, 0, , 0, 0, 0, 0, 0, 
61, 0, 75, -1, -1, 173, 99, 181.0, 8, , 46, 0, 0, 0, , 0, 0, 0, 0, 0, 
62, 0, 76, -1, -1, 118, 72, 175.0, 8, , 2, 0, 0, 0, , 0, 0, 0, 0, 0, 
63, 0, 77, -1, -1, 171, 106, 178.0, 8, , 121, 0, 0, 0, , 0, 0, 0, 0, 0, 
64, 0, 78, -1, -1, 205, 80, 181.0, 7, , 3, 0, 0, 0, , 0, 0, 0, 0, 0, 
65, 0, 80, -1, -1, 160, 142, 185.0, 9, , 42, 0, 0, 0, , 0, 0, 0, 0, 0, 
66, 0, 81, -1, -1, 142, 100, 199.0, 8, , 3, 0, 0, 0, , 0, 0, 0, 0, 0, 
67, 0, 82, -1, -1, 146, 89, 201.0, 7, , 8, 0, 0, 0, , 0, 0, 0, 0, 0, 
68, 0, 83, -1, -1, 206, 135, 184.0, 7, , 29, 0, 0, 0, , 0, 0, 0, 0, 0, 
69, 0, 84, -1, -1, 225, 46, 173.0, 9, , 20, 0, 0, 0, , 0, 0, 0, 0, 0, 
70, 0, 85, -1, -1, 199, 159, 173.0, 8, , 19, 0, 0, 0, , 0, 0, 0, 0, 0, 
71, 0, 86, -1, -1, 166, 144, 174.0, 8, , 3, 0, 0, 0, , 0, 0, 0, 0, 0, 
72, 0, 87, -1, -1, 118, 123, 173.0, 8, , 45, 0, 0, 0, , 0, 0, 0, 0, 0, 
73, 0, 88, -1, -1, 114, 130, 174.0, 9, , 48, 0, 0, 0, , 0, 0, 0, 0, 0, 
74, 0, 89, -1, -1, 267, 126, 178.0, 7, , 4, 0, 0, 0, , 0, 0, 0, 0, 0, 
75, 0, 90, -1, -1, 167, 140, 179.0, 8, , 14, 0, 0, 0, , 0, 0, 0, 0, 0, 
76, 0, 91, -1, -1, 115, 127, 181.0, 11, , 54, 0, 0, 0, , 0, 0, 0, 0, 0, 
77, 0, 93, -1, -1, 227, 54, 184.0, 7, , 4, 0, 0, 0, , 0, 0, 0, 0, 0, 
78, 0, 94, -1, -1, 106, 65, 189.0, 7, , 11, 0, 0, 0, , 0, 0, 0, 0, 0, 
79, 0, -1, -1, -1, 161, 138, 178.0, 8, , 25, 0, 0, 0, , 0, 0, 0, 0, 0, 
80, 0, -1, -1, -1, 58, 122, 155.0, 7, , 5, 0, 0, 0, , 0, 0, 0, 0, 0, 
81, 0, -1, -1, -1, 201, 44, 158.0, 8, , 1, 0, 0, 0, , 0, 0, 0, 0, 0, 
82, 0, -1, -1, -1, 292, 72, 171.0, 8, , 4, 0, 0, 0, , 0, 0, 0, 0, 0, 
83, 0, -1, -1, -1, 170, 65, 179.0, 9, , 5, 0, 0, 0, , 0, 0, 0, 0, 0, 
84, 0, -1, -1, -1, 227, 88, 187.0, 7, , 4, 0, 0, 0, , 0, 0, 0, 0, 0, 
85, 0, -1, -1, -1, 221, 96, 190.0, 8, , 14, 0, 0, 0, , 0, 0, 0, 0, 0, 
86, 0, -1, -1, -1, 159, 143, 191.0, 7, , 13, 0, 0, 0, , 0, 0, 0, 0, 0, 
87, 0, -1, -1, -1, 234, 98, 197.0, 8, , 3, 0, 0, 0, , 0, 0, 0, 0, 0, 
88, 1, 95, 119, -1, 259, 169, 132.0, 22, Da, 0, 0, 0, 0, , 0, 0, 0, 0, 0, 
89, 1, 96, 120, -1, 253, 120, 130.0, 24, Epr, 0, 0, 0, 0, , 0, 0, 0, 0, 0, 
90, 1, 97, 121, -1, 185, 48, 120.0, 20, ABpraaap, 0, 0, 0, 0, , 0, 0, 0, 0, 0, 
91, 1, 98, 122, -1, 206, 72, 178.0, 17, ABarappp, 0, 0, 0, 0, , 0, 0, 0, 0, 0, 
92, 1, 99, 123, -1, 147, 55, 171.0, 21, ABarapap, 0, 0, 0, 0, , 0, 0, 0, 0, 0, 
93, 1, 100, 124, -1, 170, 63, 187.0, 21, ABarappa, 0, 0, 0, 0, , 0, 0, 0, 0, 0, 
94, 0, 101, -1, -1, 117, 69, 176.87234, 17, , 0, 0, 0, 0, , 0, 0, 0, 0, 0, 
95, 1, 102, 126, -1, 112, 67, 183.93333, 19, ABarapaa, 0, 0, 0, 0, , 0, 0, 0, 0, 0, 
96, 1, 103, 127, -1, 104, 97, 194.0, 20, ABaraapa, 0, 0, 0, 0, , 0, 0, 0, 0, 0, 
97, 1, 104, 128, -1, 147, 97, 201.0, 21, ABaraapp, 0, 0, 0, 0, , 0, 0, 0, 0, 0, 
98, 1, 105, 129, -1, 96, 74, 161.0, 23, ABaraaap, 0, 0, 0, 0, , 0, 0, 0, 0, 0, 
99, 1, 106, 130, -1, 74, 96, 181.0, 19, ABaraaaa, 0, 0, 0, 0, , 0, 0, 0, 0, 0, 
100, 1, 107, 131, -1, 82, 135, 119.0, 21, ABalpaap, 0, 0, 0, 0, , 0, 0, 0, 0, 0, 
101, 1, 108, 132, -1, 46, 131, 134.0, 21, ABalpaaa, 0, 0, 0, 0, , 0, 0, 0, 0, 0, 
102, 1, 109, 133, -1, 122, 165, 154.0, 19, ABalpapp, 0, 0, 0, 0, , 0, 0, 0, 0, 0, 
103, 1, 110, 134, -1, 62, 150, 99.0, 19, ABalppaa, 0, 0, 0, 0, , 0, 0, 0, 0, 0, 
104, 1, 111, 135, -1, 98, 169, 111.0, 19, ABalppap, 0, 0, 0, 0, , 0, 0, 0, 0, 0, 
105, 1, 112, 136, -1, 77, 151, 150.0, 19, ABalpapa, 0, 0, 0, 0, , 0, 0, 0, 0, 0, 
106, 1, 113, 137, -1, 110, 138, 127.25, 19, ABalpppa, 0, 0, 0, 0, , 0, 0, 0, 0, 0, 
107, 1, 114, 138, -1, 154, 145, 113.333336, 18, ABalpppp, 0, 0, 0, 0, , 0, 0, 0, 0, 0, 
108, 1, 115, 139, -1, 55, 121, 162.0, 19, ABalaaaa, 0, 0, 0, 0, , 0, 0, 0, 0, 0, 
109, 1, 116, 140, -1, 66, 92, 138.0, 18, ABalaaap, 0, 0, 0, 0, , 0, 0, 0, 0, 0, 
110, 1, 117, 141, -1, 79, 114, 160.0, 19, ABalaapa, 0, 0, 0, 0, , 0, 0, 0, 0, 0, 
111, 1, 118, 142, -1, 115, 103, 149.0, 19, ABalaapp, 0, 0, 0, 0, , 0, 0, 0, 0, 0, 
112, 1, 119, 143, -1, 51, 93, 113.0, 21, ABalapaa, 0, 0, 0, 0, , 0, 0, 0, 0, 0, 
113, 1, 120, 144, -1, 88, 66, 112.0, 21, ABalapap, 0, 0, 0, 0, , 0, 0, 0, 0, 0, 
114, 1, 121, 145, -1, 96, 88, 130.0, 21, ABalappa, 0, 0, 0, 0, , 0, 0, 0, 0, 0, 
115, 1, 122, 146, -1, 145, 96, 112.0, 20, ABalappp, 0, 0, 0, 0, , 0, 0, 0, 0, 0, 
116, 1, 123, 147, -1, 156, 38, 144.0, 17, ABpraaaa, 0, 0, 0, 0, , 0, 0, 0, 0, 0, 
117, 1, 124, 148, -1, 192, 40, 159.66667, 20, ABpraapa, 0, 0, 0, 0, , 0, 0, 0, 0, 0, 
118, 1, 125, 149, -1, 238, 59, 142.0, 17, ABpraapp, 0, 0, 0, 0, , 0, 0, 0, 0, 0, 
119, 1, 126, 150, -1, 277, 70, 133.0, 15, ABprappa, 0, 0, 0, 0, , 0, 0, 0, 0, 0, 
120, 1, 127, 151, -1, 290, 106, 113.0, 19, ABprappp, 0, 0, 0, 0, , 0, 0, 0, 0, 0, 
121, 1, 128, 152, -1, 211, 36, 132.66667, 17, ABprapaa, 0, 0, 0, 0, , 0, 0, 0, 0, 0, 
122, 1, 129, 153, -1, 254, 56, 121.0, 23, ABprapap, 0, 0, 0, 0, , 0, 0, 0, 0, 0, 
123, 1, 130, 184, -1, 175, 124, 147.0, 23, Eal, 0, 0, 0, 0, , 0, 0, 0, 0, 0, 
124, 1, 131, 154, -1, 203, 93, 146.0, 23, Ear, 0, 0, 0, 0, , 0, 0, 0, 0, 0, 
125, 1, 132, 155, 156, 114, 129, 172.0, 15, MSaaa, 0, 0, 0, 0, , 0, 0, 0, 0, 0, 
126, 1, 133, 157, -1, 230, 95, 189.0, 16, MSppa, 0, 0, 0, 0, , 0, 0, 0, 0, 0, 
127, 1, 134, 158, -1, 259, 120, 179.0, 20, MSppp, 0, 0, 0, 0, , 0, 0, 0, 0, 0, 
128, 1, 135, 159, -1, 218, 133, 128.0, 20, Epl, 0, 0, 0, 0, , 0, 0, 0, 0, 0, 
129, 0, 136, -1, -1, 238, 108, 105.02857, 19, , 0, 0, 0, 0, , 0, 0, 0, 0, 0, 
130, 1, 137, 161, -1, 139, 157, 67.0, 17, ABplppaa, 0, 0, 0, 0, , 0, 0, 0, 0, 0, 
131, 1, 138, 162, -1, 186, 159, 81.666664, 18, ABplppap, 0, 0, 0, 0, , 0, 0, 0, 0, 0, 
132, 1, 139, 163, -1, 195, 172, 100.4, 17, ABplpppa, 0, 0, 0, 0, , 0, 0, 0, 0, 0, 
133, 1, 140, 164, -1, 237, 177, 113.0, 16, ABplpppp, 0, 0, 0, 0, , 0, 0, 0, 0, 0, 
134, 1, 141, 165, -1, 132, 174, 117.0, 17, ABplpapa, 0, 0, 0, 0, , 0, 0, 0, 0, 0, 
135, 1, 142, 166, -1, 95, 147, 70.0, 19, ABplpaaa, 0, 0, 0, 0, , 0, 0, 0, 0, 0, 
136, 1, 143, 167, -1, 130, 152, 88.0, 19, ABplpaap, 0, 0, 0, 0, , 0, 0, 0, 0, 0, 
137, 1, 144, 168, -1, 171, 174, 98.0, 19, ABplpapp, 0, 0, 0, 0, , 0, 0, 0, 0, 0, 
138, 1, 145, 169, -1, 228, 51, 175.0, 16, ABprpaaa, 0, 0, 0, 0, , 0, 0, 0, 0, 0, 
139, 1, 146, 170, -1, 263, 63, 163.44444, 19, ABprpaap, 0, 0, 0, 0, , 0, 0, 0, 0, 0, 
140, 1, 147, 171, -1, 270, 81, 185.0, 19, ABprpapa, 0, 0, 0, 0, , 0, 0, 0, 0, 0, 
141, 1, 148, 172, -1, 291, 102, 165.44444, 17, ABprpapp, 0, 0, 0, 0, , 0, 0, 0, 0, 0, 
142, 1, 149, 173, -1, 296, 70, 161.0, 16, ABprppaa, 0, 0, 0, 0, , 0, 0, 0, 0, 0, 
143, 1, 150, 174, -1, 308, 93, 132.0, 16, ABprppap, 0, 0, 0, 0, , 0, 0, 0, 0, 0, 
144, 1, 151, 175, -1, 321, 99, 162.0, 16, ABprpppa, 0, 0, 0, 0, , 0, 0, 0, 0, 0, 
145, 1, 152, 176, -1, 299, 129, 162.0, 15, ABprpppp, 0, 0, 0, 0, , 0, 0, 0, 0, 0, 
146, 1, 153, 177, 178, 162, 144, 183.0, 16, MSaap, 0, 0, 0, 0, , 0, 0, 0, 0, 0, 
147, 1, 154, 179, -1, 156, 165, 150.0, 18, MSapa, 0, 0, 0, 0, , 0, 0, 0, 0, 0, 
148, 1, 155, 180, -1, 195, 170, 138.0, 16, MSapp, 0, 0, 0, 0, , 0, 0, 0, 0, 0, 
149, 1, 156, 181, -1, 172, 100, 180.0, 15, MSpaa, 0, 0, 0, 0, , 0, 0, 0, 0, 0, 
150, 1, 157, 182, 183, 207, 133, 189.0, 16, MSpap, 0, 0, 0, 0, , 0, 0, 0, 0, 0, 
151, 1, 158, 185, -1, 192, 100, 73.5, 19, Caaa, 0, 0, 0, 0, , 0, 0, 0, 0, 0, 
152, 1, 159, 186, -1, 240, 123, 60.0, 17, Caap, 0, 0, 0, 0, , 0, 0, 0, 0, 0, 
153, 1, 160, 187, -1, 218, 147, 76.0, 17, Capa, 0, 0, 0, 0, , 0, 0, 0, 0, 0, 
154, 1, 161, 188, -1, 261, 153, 88.0, 21, Capp, 0, 0, 0, 0, , 0, 0, 0, 0, 0, 
155, 1, 162, 189, -1, 252, 79, 84.0, 17, Cpaa, 0, 0, 0, 0, , 0, 0, 0, 0, 0, 
156, 1, 163, 190, -1, 275, 126, 84.0, 17, Cpap, 0, 0, 0, 0, , 0, 0, 0, 0, 0, 
157, 1, 164, 191, -1, 294, 158, 95.0, 17, Cppp, 0, 0, 0, 0, , 0, 0, 0, 0, 0, 
158, 1, 165, 192, -1, 323, 130, 115.0, 17, Cppa, 0, 0, 0, 0, , 0, 0, 0, 0, 0, 
159, 1, 166, 193, -1, 286, 147, 138.0, 18, Dp, 0, 0, 0, 0, , 0, 0, 0, 0, 0, 
160, 1, 167, 194, -1, 249, 150, 171.0, 18, Z2, 0, 0, 0, 0, , 0, 0, 0, 0, 0, 
161, 1, 168, 195, -1, 200, 166, 174.0, 16, Z3, 0, 0, 0, 0, , 0, 0, 0, 0, 0, 
162, 1, 169, 196, -1, 98, 53, 142.0, 16, ABarpaaa, 0, 0, 0, 0, , 0, 0, 0, 0, 0, 
163, 1, 170, 197, -1, 123, 58, 112.0, 19, ABarpaap, 0, 0, 0, 0, , 0, 0, 0, 0, 0, 
164, 1, 171, 198, -1, 127, 75, 144.0, 19, ABarpapa, 0, 0, 0, 0, , 0, 0, 0, 0, 0, 
165, 1, 172, 199, -1, 167, 73, 125.0, 18, ABarpapp, 0, 0, 0, 0, , 0, 0, 0, 0, 0, 
166, 1, 173, 200, -1, 151, 47, 102.0, 19, ABarppaa, 0, 0, 0, 0, , 0, 0, 0, 0, 0, 
167, 1, 174, 201, -1, 183, 63, 79.0, 19, ABarppap, 0, 0, 0, 0, , 0, 0, 0, 0, 0, 
168, 1, 175, 202, -1, 203, 67, 115.0, 18, ABarpppa, 0, 0, 0, 0, , 0, 0, 0, 0, 0, 
169, 1, 176, 203, -1, 237, 105, 92.0, 18, ABarpppp, 0, 0, 0, 0, , 0, 0, 0, 0, 0, 
170, 1, 177, 204, -1, 61, 108, 100.0, 17, ABplaaaa, 0, 0, 0, 0, , 0, 0, 0, 0, 0, 
171, 1, 178, 205, -1, 95, 79, 80.0, 17, ABplaaap, 0, 0, 0, 0, , 0, 0, 0, 0, 0, 
172, 1, 179, 206, -1, 79, 123, 76.0, 17, ABplaapa, 0, 0, 0, 0, , 0, 0, 0, 0, 0, 
173, 1, 180, 207, -1, 126, 118, 88.0, 17, ABplaapp, 0, 0, 0, 0, , 0, 0, 0, 0, 0, 
174, 1, 181, 208, -1, 102, 100, 57.0, 17, ABplapaa, 0, 0, 0, 0, , 0, 0, 0, 0, 0, 
175, 1, 182, 209, -1, 148, 87, 73.0, 18, ABplapap, 0, 0, 0, 0, , 0, 0, 0, 0, 0, 
176, 1, 183, 210, -1, 148, 120, 67.0, 19, ABplappa, 0, 0, 0, 0, , 0, 0, 0, 0, 0, 
177, 1, 184, 211, -1, 187, 133, 88.0, 17, ABplappp, 0, 0, 0, 0, , 0, 0, 0, 0, 0, 
