1, 0, 1, -1, -1, 94, 76, 167.0, 8, , 6, 0, 0, 0, , 0, 0, 0, 0, 0, 
2, 0, 2, -1, -1, 195, 163, 170.0, 9, , 14, 0, 0, 0, , 0, 0, 0, 0, 0, 
3, 0, 3, -1, -1, 45, 111, 86.0, 9, , 174, 0, 0, 0, , 0, 0, 0, 0, 0, 
4, 0, 4, -1, -1, 155, 45, 146.0, 8, , 8, 0, 0, 0, , 0, 0, 0, 0, 0, 
5, 0, 5, -1, -1, 269, 67, 164.0, 7, , 10, 0, 0, 0, , 0, 0, 0, 0, 0, 
6, 0, 6, -1, -1, 225, 50, 175.0, 7, , 23, 0, 0, 0, , 0, 0, 0, 0, 0, 
7, 0, 7, -1, -1, 168, 62, 184.0, 8, , 9, 0, 0, 0, , 0, 0, 0, 0, 0, 
8, 0, 8, -1, -1, 271, 84, 180.0, 7, , 5, 0, 0, 0, , 0, 0, 0, 0, 0, 
9, 0, 9, -1, -1, 106, 66, 188.0, 9, , 35, 0, 0, 0, , 0, 0, 0, 0, 0, 
10, 0, 10, -1, -1, 230, 97, 87.0, 7, , 35, 0, 0, 0, , 0, 0, 0, 0, 0, 
11, 0, 11, -1, -1, 102, 47, 145.0, 7, , 9, 0, 0, 0, , 0, 0, 0, 0, 0, 
12, 0, 12, -1, -1, 161, 44, 142.0, 11, , 21, 0, 0, 0, , 0, 0, 0, 0, 0, 
13, 0, 13, -1, -1, 234, 50, 171.0, 8, , 7, 0, 0, 0, , 0, 0, 0, 0, 0, 
14, 0, 14, -1, -1, 163, 64, 196.0, 7, , 14, 0, 0, 0, , 0, 0, 0, 0, 0, 
15, 0, 15, -1, -1, 102, 95, 202.0, 9, , 10, 0, 0, 0, , 0, 0, 0, 0, 0, 
16, 0, 16, -1, -1, 77, 98, 175.0, 9, , 35, 0, 0, 0, , 0, 0, 0, 0, 0, 
17, 0, 17, -1, -1, 256, 65, 169.0, 11, , 46, 0, 0, 0, , 0, 0, 0, 0, 0, 
18, 0, 18, -1, -1, 194, 163, 179.0, 7, , 12, 0, 0, 0, , 0, 0, 0, 0, 0, 
19, 0, 19, -1, -1, 92, 101, 196.0, 8, , 8, 0, 0, 0, , 0, 0, 0, 0, 0, 
20, 0, 20, -1, -1, 296, 66, 164.0, 7, , 19, 0, 0, 0, , 0, 0, 0, 0, 0, 
21, 0, 21, -1, -1, 98, 57, 139.0, 8, , 1, 0, 0, 0, , 0, 0, 0, 0, 0, 
22, 0, 22, -1, -1, 149, 52, 168.0, 8, , 16, 0, 0, 0, , 0, 0, 0, 0, 0, 
23, 0, 23, -1, -1, 88, 72, 167.0, 8, , 16, 0, 0, 0, , 0, 0, 0, 0, 0, 
24, 0, 24, -1, -1, 76, 91, 173.0, 7, , 36, 0, 0, 0, , 0, 0, 0, 0, 0, 
25, 0, 25, -1, -1, 232, 56, 168.0, 8, , 5, 0, 0, 0, , 0, 0, 0, 0, 0, 
26, 0, 26, -1, -1, 120, 133, 167.0, 8, , 20, 0, 0, 0, , 0, 0, 0, 0, 0, 
27, 0, 29, -1, -1, 225, 139, 185.0, 8, , 9, 0, 0, 0, , 0, 0, 0, 0, 0, 
28, 0, 30, -1, -1, 108, 65, 182.0, 8, , 11, 0, 0, 0, , 0, 0, 0, 0, 0, 
29, 0, 31, -1, -1, 144, 103, 197.0, 7, , 6, 0, 0, 0, , 0, 0, 0, 0, 0, 
30, 0, 32, -1, -1, 139, 89, 195.0, 8, , 35, 0, 0, 0, , 0, 0, 0, 0, 0, 
31, 0, 33, -1, -1, 230, 95, 195.0, 9, , 69, 0, 0, 0, , 0, 0, 0, 0, 0, 
32, 0, 34, -1, -1, 202, 135, 192.0, 8, , 2, 0, 0, 0, , 0, 0, 0, 0, 0, 
33, 0, 35, -1, -1, 44, 109, 90.0, 7, , 20, 0, 0, 0, , 0, 0, 0, 0, 0, 
34, 0, 36, -1, -1, 48, 113, 76.0, 9, , 59, 0, 0, 0, , 0, 0, 0, 0, 0, 
35, 0, 37, -1, -1, 78, 92, 178.0, 7, , 5, 0, 0, 0, , 0, 0, 0, 0, 0, 
36, 0, 38, -1, -1, 197, 157, 179.0, 8, , 17, 0, 0, 0, , 0, 0, 0, 0, 0, 
37, 0, 39, -1, -1, 229, 95, 92.0, 8, , 7, 0, 0, 0, , 0, 0, 0, 0, 0, 
38, 0, 40, -1, -1, 286, 71, 158.0, 8, , 10, 0, 0, 0, , 0, 0, 0, 0, 0, 
39, 0, 41, -1, -1, 76, 102, 157.0, 8, , 5, 0, 0, 0, , 0, 0, 0, 0, 0, 
40, 0, 42, -1, -1, 146, 61, 171.0, 8, , 9, 0, 0, 0, , 0, 0, 0, 0, 0, 
41, 0, 43, -1, -1, 162, 66, 187.0, 8, , 6, 0, 0, 0, , 0, 0, 0, 0, 0, 
42, 0, 44, -1, -1, 275, 80, 183.0, 7, , 26, 0, 0, 0, , 0, 0, 0, 0, 0, 
43, 0, 45, -1, -1, 170, 101, 189.0, 8, , 2, 0, 0, 0, , 0, 0, 0, 0, 0, 
44, 0, 46, -1, -1, 58, 119, 160.0, 8, , 26, 0, 0, 0, , 0, 0, 0, 0, 0, 
45, 0, 48, -1, -1, 98, 67, 107.0, 8, , 15, 0, 0, 0, , 0, 0, 0, 0, 0, 
46, 0, 50, -1, -1, 151, 38, 144.0, 7, , 10, 0, 0, 0, , 0, 0, 0, 0, 0, 
47, 0, 51, -1, -1, 95, 52, 149.0, 7, , 19, 0, 0, 0, , 0, 0, 0, 0, 0, 
48, 0, 52, -1, -1, 96, 70, 155.0, 9, , 14, 0, 0, 0, , 0, 0, 0, 0, 0, 
49, 0, 53, -1, -1, 269, 66, 157.0, 8, , 4, 0, 0, 0, , 0, 0, 0, 0, 0, 
50, 0, 55, -1, -1, 289, 71, 161.0, 7, , 17, 0, 0, 0, , 0, 0, 0, 0, 0, 
51, 0, 56, -1, -1, 103, 70, 164.0, 7, , 4, 0, 0, 0, , 0, 0, 0, 0, 0, 
52, 0, 57, -1, -1, 124, 131, 164.0, 8, , 31, 0, 0, 0, , 0, 0, 0, 0, 0, 
53, 0, 58, -1, -1, 158, 98, 171.0, 9, , 13, 0, 0, 0, , 0, 0, 0, 0, 0, 
54, 0, 59, -1, -1, 172, 102, 173.0, 8, , 26, 0, 0, 0, , 0, 0, 0, 0, 0, 
55, 0, 60, -1, -1, 173, 147, 181.0, 11, , 57, 0, 0, 0, , 0, 0, 0, 0, 0, 
56, 0, 61, -1, -1, 174, 102, 186.0, 9, , 18, 0, 0, 0, , 0, 0, 0, 0, 0, 
57, 0, 62, -1, -1, 115, 73, 175.0, 7, , 3, 0, 0, 0, , 0, 0, 0, 0, 0, 
58, 0, 63, -1, -1, 167, 105, 175.0, 7, , 45, 0, 0, 0, , 0, 0, 0, 0, 0, 
59, 0, 64, -1, -1, 225, 90, 187.0, 7, , 26, 0, 0, 0, , 0, 0, 0, 0, 0, 
60, 0, 65, -1, -1, 144, 136, 189.0, 8, , 55, 0, 0, 0, , 0, 0, 0, 0, 0, 
61, 0, 66, -1, -1, 132, 92, 196.0, 8, , 6, 0, 0, 0, , 0, 0, 0, 0, 0, 
62, 0, 67, -1, -1, 147, 89, 198.0, 8, , 13, 0, 0, 0, , 0, 0, 0, 0, 0, 
63, 0, 69, -1, -1, 228, 46, 169.0, 8, , 27, 0, 0, 0, , 0, 0, 0, 0, 0, 
64, 0, 70, -1, -1, 203, 168, 172.0, 8, , 17, 0, 0, 0, , 0, 0, 0, 0, 0, 
65, 0, 72, -1, -1, 124, 128, 172.0, 9, , 68, 0, 0, 0, , 0, 0, 0, 0, 0, 
66, 0, 74, -1, -1, 269, 119, 177.0, 8, , 9, 0, 0, 0, , 0, 0, 0, 0, 0, 
67, 0, 75, -1, -1, 174, 149, 178.0, 7, , 19, 0, 0, 0, , 0, 0, 0, 0, 0, 
68, 0, 77, -1, -1, 230, 54, 184.0, 9, , 12, 0, 0, 0, , 0, 0, 0, 0, 0, 
69, 0, 78, -1, -1, 107, 71, 192.0, 8, , 7, 0, 0, 0, , 0, 0, 0, 0, 0, 
70, 0, 79, -1, -1, 142, 140, 179.0, 9, , 30, 0, 0, 0, , 0, 0, 0, 0, 0, 
71, 0, 80, -1, -1, 53, 119, 150.0, 7, , 12, 0, 0, 0, , 0, 0, 0, 0, 0, 
72, 0, 81, -1, -1, 201, 41, 158.0, 7, , 14, 0, 0, 0, , 0, 0, 0, 0, 0, 
73, 0, 82, -1, -1, 287, 72, 170.0, 7, , 6, 0, 0, 0, , 0, 0, 0, 0, 0, 
74, 0, 83, -1, -1, 163, 60, 182.0, 8, , 10, 0, 0, 0, , 0, 0, 0, 0, 0, 
75, 0, 84, -1, -1, 221, 101, 187.0, 8, , 24, 0, 0, 0, , 0, 0, 0, 0, 0, 
76, 0, 85, -1, -1, 222, 101, 191.0, 7, , 18, 0, 0, 0, , 0, 0, 0, 0, 0, 
77, 0, 86, -1, -1, 145, 141, 188.0, 7, , 13, 0, 0, 0, , 0, 0, 0, 0, 0, 
78, 0, 87, -1, -1, 222, 96, 194.0, 7, , 12, 0, 0, 0, , 0, 0, 0, 0, 0, 
79, 0, -1, -1, -1, 70, 95, 176.0, 8, , 59, 0, 0, 0, , 0, 0, 0, 0, 0, 
80, 0, -1, -1, -1, 75, 89, 173.0, 8, , 35, 0, 0, 0, , 0, 0, 0, 0, 0, 
81, 0, -1, -1, -1, 200, 155, 173.0, 8, , 39, 0, 0, 0, , 0, 0, 0, 0, 0, 
82, 0, -1, -1, -1, 267, 76, 180.0, 9, , 39, 0, 0, 0, , 0, 0, 0, 0, 0, 
83, 0, -1, -1, -1, 220, 97, 180.0, 8, , 25, 0, 0, 0, , 0, 0, 0, 0, 0, 
84, 0, -1, -1, -1, 224, 102, 181.0, 8, , 21, 0, 0, 0, , 0, 0, 0, 0, 0, 
85, 0, -1, -1, -1, 232, 86, 181.0, 8, , 20, 0, 0, 0, , 0, 0, 0, 0, 0, 
86, 0, -1, -1, -1, 252, 119, 187.0, 9, , 25, 0, 0, 0, , 0, 0, 0, 0, 0, 
87, 0, -1, -1, -1, 90, 68, 160.0, 7, , 41, 0, 0, 0, , 0, 0, 0, 0, 0, 
88, 0, -1, -1, -1, 96, 121, 164.0, 11, , 81, 0, 0, 0, , 0, 0, 0, 0, 0, 
89, 0, -1, -1, -1, 194, 122, 193.0, 9, , 49, 0, 0, 0, , 0, 0, 0, 0, 0, 
90, 0, -1, -1, -1, 130, 182, 124.0, 7, , 3, 0, 0, 0, , 0, 0, 0, 0, 0, 
91, 0, -1, -1, -1, 199, 171, 133.0, 8, , 3, 0, 0, 0, , 0, 0, 0, 0, 0, 
92, 0, -1, -1, -1, 57, 91, 135.0, 7, , 11, 0, 0, 0, , 0, 0, 0, 0, 0, 
93, 0, -1, -1, -1, 190, 165, 136.0, 8, , 6, 0, 0, 0, , 0, 0, 0, 0, 0, 
94, 0, -1, -1, -1, 199, 173, 139.0, 8, , 2, 0, 0, 0, , 0, 0, 0, 0, 0, 
95, 0, -1, -1, -1, 193, 163, 142.0, 7, , 7, 0, 0, 0, , 0, 0, 0, 0, 0, 
96, 0, -1, -1, -1, 157, 157, 145.0, 7, , 14, 0, 0, 0, , 0, 0, 0, 0, 0, 
97, 0, -1, -1, -1, 76, 143, 146.0, 8, , 7, 0, 0, 0, , 0, 0, 0, 0, 0, 
98, 0, -1, -1, -1, 81, 101, 149.0, 8, , 9, 0, 0, 0, , 0, 0, 0, 0, 0, 
99, 0, -1, -1, -1, 164, 34, 149.0, 8, , 19, 0, 0, 0, , 0, 0, 0, 0, 0, 
100, 0, -1, -1, -1, 198, 165, 149.0, 7, , 6, 0, 0, 0, , 0, 0, 0, 0, 0, 
101, 0, -1, -1, -1, 290, 142, 153.0, 7, , 7, 0, 0, 0, , 0, 0, 0, 0, 0, 
102, 0, -1, -1, -1, 163, 37, 155.0, 7, , 15, 0, 0, 0, , 0, 0, 0, 0, 0, 
103, 0, -1, -1, -1, 58, 119, 157.0, 9, , 22, 0, 0, 0, , 0, 0, 0, 0, 0, 
104, 0, -1, -1, -1, 288, 66, 157.0, 8, , 3, 0, 0, 0, , 0, 0, 0, 0, 0, 
105, 0, -1, -1, -1, 295, 73, 157.0, 7, , 29, 0, 0, 0, , 0, 0, 0, 0, 0, 
106, 0, -1, -1, -1, 255, 67, 164.0, 7, , 14, 0, 0, 0, , 0, 0, 0, 0, 0, 
107, 0, -1, -1, -1, 225, 52, 166.0, 7, , 24, 0, 0, 0, , 0, 0, 0, 0, 0, 
108, 0, -1, -1, -1, 185, 38, 167.0, 8, , 14, 0, 0, 0, , 0, 0, 0, 0, 0, 
109, 0, -1, -1, -1, 203, 168, 168.0, 7, , 20, 0, 0, 0, , 0, 0, 0, 0, 0, 
110, 0, -1, -1, -1, 253, 142, 169.0, 7, , 3, 0, 0, 0, , 0, 0, 0, 0, 0, 
111, 0, -1, -1, -1, 264, 146, 170.0, 7, , 20, 0, 0, 0, , 0, 0, 0, 0, 0, 
112, 0, -1, -1, -1, 200, 76, 171.0, 7, , 11, 0, 0, 0, , 0, 0, 0, 0, 0, 
113, 0, -1, -1, -1, 94, 125, 172.0, 9, , 47, 0, 0, 0, , 0, 0, 0, 0, 0, 
114, 0, -1, -1, -1, 295, 70, 172.0, 7, , 15, 0, 0, 0, , 0, 0, 0, 0, 0, 
115, 0, -1, -1, -1, 257, 109, 174.0, 8, , 5, 0, 0, 0, , 0, 0, 0, 0, 0, 
116, 0, -1, -1, -1, 155, 52, 175.0, 7, , 11, 0, 0, 0, , 0, 0, 0, 0, 0, 
117, 0, -1, -1, -1, 263, 110, 179.0, 8, , 7, 0, 0, 0, , 0, 0, 0, 0, 0, 
118, 0, -1, -1, -1, 143, 101, 207.0, 7, , 4, 0, 0, 0, , 0, 0, 0, 0, 0, 
119, 1, 88, 110, -1, 257, 167, 135.0, 22, Da, 0, 0, 0, 0, , 0, 0, 0, 0, 0, 
120, 1, 89, 111, -1, 252, 119, 127.0, 24, Epr, 0, 0, 0, 0, , 0, 0, 0, 0, 0, 
121, 1, 90, 112, -1, 186, 49, 120.0, 19, ABpraaap, 0, 0, 0, 0, , 0, 0, 0, 0, 0, 
122, 1, 91, 113, -1, 204, 72, 180.0, 19, ABarappp, 0, 0, 0, 0, , 0, 0, 0, 0, 0, 
123, 1, 92, 117, -1, 147, 53, 172.0, 21, ABarapap, 0, 0, 0, 0, , 0, 0, 0, 0, 0, 
124, 1, 93, 114, -1, 169, 64, 188.0, 21, ABarappa, 0, 0, 0, 0, , 0, 0, 0, 0, 0, 
125, 0, 94, -1, -1, 118, 69, 177.10638, 17, , 0, 0, 0, 0, , 0, 0, 0, 0, 0, 
126, 1, 95, 116, -1, 113, 68, 183.86667, 21, ABarapaa, 0, 0, 0, 0, , 0, 0, 0, 0, 0, 
127, 1, 96, 118, -1, 99, 97, 193.0, 20, ABaraapa, 0, 0, 0, 0, , 0, 0, 0, 0, 0, 
128, 1, 97, 119, -1, 140, 96, 200.0, 21, ABaraapp, 0, 0, 0, 0, , 0, 0, 0, 0, 0, 
129, 1, 98, 120, -1, 96, 73, 159.0, 23, ABaraaap, 0, 0, 0, 0, , 0, 0, 0, 0, 0, 
130, 1, 99, 121, -1, 69, 95, 178.0, 19, ABaraaaa, 0, 0, 0, 0, , 0, 0, 0, 0, 0, 
131, 1, 100, 122, -1, 81, 134, 117.0, 21, ABalpaap, 0, 0, 0, 0, , 0, 0, 0, 0, 0, 
132, 1, 101, 123, -1, 46, 130, 132.0, 21, ABalpaaa, 0, 0, 0, 0, , 0, 0, 0, 0, 0, 
133, 1, 102, 124, -1, 121, 164, 153.0, 21, ABalpapp, 0, 0, 0, 0, , 0, 0, 0, 0, 0, 
134, 1, 103, 125, -1, 63, 150, 97.0, 19, ABalppaa, 0, 0, 0, 0, , 0, 0, 0, 0, 0, 
135, 1, 104, 126, -1, 101, 170, 114.0, 21, ABalppap, 0, 0, 0, 0, , 0, 0, 0, 0, 0, 
136, 1, 105, 127, -1, 76, 151, 148.0, 19, ABalpapa, 0, 0, 0, 0, , 0, 0, 0, 0, 0, 
137, 1, 106, 128, -1, 109, 137, 126.5, 19, ABalpppa, 0, 0, 0, 0, , 0, 0, 0, 0, 0, 
138, 1, 107, 129, -1, 150, 145, 113.666664, 17, ABalpppp, 0, 0, 0, 0, , 0, 0, 0, 0, 0, 
139, 1, 108, 130, -1, 51, 118, 159.0, 21, ABalaaaa, 0, 0, 0, 0, , 0, 0, 0, 0, 0, 
140, 1, 109, 131, -1, 65, 87, 134.0, 20, ABalaaap, 0, 0, 0, 0, , 0, 0, 0, 0, 0, 
141, 1, 110, 132, -1, 76, 106, 157.0, 19, ABalaapa, 0, 0, 0, 0, , 0, 0, 0, 0, 0, 
142, 1, 111, 133, -1, 119, 100, 146.0, 21, ABalaapp, 0, 0, 0, 0, , 0, 0, 0, 0, 0, 
143, 1, 112, 134, -1, 53, 93, 110.0, 21, ABalapaa, 0, 0, 0, 0, , 0, 0, 0, 0, 0, 
144, 1, 113, 135, -1, 91, 65, 112.0, 19, ABalapap, 0, 0, 0, 0, , 0, 0, 0, 0, 0, 
145, 1, 114, 136, -1, 99, 84, 128.0, 21, ABalappa, 0, 0, 0, 0, , 0, 0, 0, 0, 0, 
146, 1, 115, 137, -1, 147, 94, 111.0, 20, ABalappp, 0, 0, 0, 0, , 0, 0, 0, 0, 0, 
147, 1, 116, 138, -1, 158, 39, 147.0, 19, ABpraaaa, 0, 0, 0, 0, , 0, 0, 0, 0, 0, 
148, 1, 117, 139, -1, 193, 39, 159.0, 20, ABpraapa, 0, 0, 0, 0, , 0, 0, 0, 0, 0, 
149, 1, 118, 140, -1, 238, 58, 142.0, 14, ABpraapp, 0, 0, 0, 0, , 0, 0, 0, 0, 0, 
150, 1, 119, 141, -1, 274, 67, 134.0, 21, ABprappa, 0, 0, 0, 0, , 0, 0, 0, 0, 0, 
151, 1, 120, 142, -1, 291, 106, 113.5, 20, ABprappp, 0, 0, 0, 0, , 0, 0, 0, 0, 0, 
152, 1, 121, 143, -1, 212, 37, 131.33333, 15, ABprapaa, 0, 0, 0, 0, , 0, 0, 0, 0, 0, 
153, 1, 122, 144, -1, 254, 57, 120.0, 21, ABprapap, 0, 0, 0, 0, , 0, 0, 0, 0, 0, 
154, 1, 124, 145, -1, 201, 94, 147.0, 25, Ear, 0, 0, 0, 0, , 0, 0, 0, 0, 0, 
155, 1, 125, 167, -1, 93, 124, 170.0, 15, MSaaaa, 0, 0, 0, 0, , 0, 0, 0, 0, 0, 
156, 1, 125, 146, -1, 120, 129, 167.5, 15, MSaaap, 0, 0, 0, 0, , 0, 0, 0, 0, 0, 
157, 1, 126, 147, -1, 229, 94, 189.0, 16, MSppa, 0, 0, 0, 0, , 0, 0, 0, 0, 0, 
158, 1, 127, 148, -1, 260, 115, 178.0, 16, MSppp, 0, 0, 0, 0, , 0, 0, 0, 0, 0, 
159, 1, 128, 149, -1, 221, 134, 127.0, 20, Epl, 0, 0, 0, 0, , 0, 0, 0, 0, 0, 
160, 0, 129, -1, -1, 241, 109, 106.08572, 19, , 0, 0, 0, 0, , 0, 0, 0, 0, 0, 
161, 1, 130, 151, -1, 141, 157, 67.5, 17, ABplppaa, 0, 0, 0, 0, , 0, 0, 0, 0, 0, 
162, 1, 131, 152, -1, 186, 163, 82.0, 16, ABplppap, 0, 0, 0, 0, , 0, 0, 0, 0, 0, 
163, 1, 132, 153, -1, 194, 173, 101.0, 17, ABplpppa, 0, 0, 0, 0, , 0, 0, 0, 0, 0, 
164, 1, 133, 154, -1, 236, 177, 111.0, 16, ABplpppp, 0, 0, 0, 0, , 0, 0, 0, 0, 0, 
165, 1, 134, 155, -1, 131, 174, 118.0, 17, ABplpapa, 0, 0, 0, 0, , 0, 0, 0, 0, 0, 
166, 1, 135, 156, -1, 96, 149, 70.0, 19, ABplpaaa, 0, 0, 0, 0, , 0, 0, 0, 0, 0, 
167, 1, 136, 157, -1, 129, 152, 87.0, 19, ABplpaap, 0, 0, 0, 0, , 0, 0, 0, 0, 0, 
168, 1, 137, 158, -1, 170, 172, 99.0, 19, ABplpapp, 0, 0, 0, 0, , 0, 0, 0, 0, 0, 
169, 1, 138, 159, -1, 226, 51, 175.0, 16, ABprpaaa, 0, 0, 0, 0, , 0, 0, 0, 0, 0, 
170, 1, 139, 160, -1, 262, 63, 164.0, 19, ABprpaap, 0, 0, 0, 0, , 0, 0, 0, 0, 0, 
171, 1, 140, 161, -1, 269, 79, 185.5, 20, ABprpapa, 0, 0, 0, 0, , 0, 0, 0, 0, 0, 
172, 1, 141, 162, -1, 290, 100, 166.0, 17, ABprpapp, 0, 0, 0, 0, , 0, 0, 0, 0, 0, 
173, 1, 142, 163, -1, 293, 69, 159.0, 16, ABprppaa, 0, 0, 0, 0, , 0, 0, 0, 0, 0, 
174, 1, 143, 164, -1, 306, 89, 134.0, 16, ABprppap, 0, 0, 0, 0, , 0, 0, 0, 0, 0, 
175, 1, 144, 165, -1, 321, 99, 161.88889, 16, ABprpppa, 0, 0, 0, 0, , 0, 0, 0, 0, 0, 
176, 1, 145, 166, -1, 304, 129, 163.0, 15, ABprpppp, 0, 0, 0, 0, , 0, 0, 0, 0, 0, 
177, 1, 146, 169, -1, 144, 137, 183.0, 16, MSaapa, 0, 0, 0, 0, , 0, 0, 0, 0, 0, 
178, 1, 146, 168, -1, 172, 147, 183.0, 16, MSaapp, 0, 0, 0, 0, , 0, 0, 0, 0, 0, 
179, 1, 147, 170, -1, 157, 166, 150.0, 18, MSapa, 0, 0, 0, 0, , 0, 0, 0, 0, 0, 
180, 1, 148, 171, -1, 198, 168, 137.0, 16, MSapp, 0, 0, 0, 0, , 0, 0, 0, 0, 0, 
181, 1, 149, 172, 173, 170, 101, 179.0, 15, MSpaa, 0, 0, 0, 0, , 0, 0, 0, 0, 0, 
182, 1, 150, 175, -1, 191, 123, 191.0, 16, MSpapa, 0, 0, 0, 0, , 0, 0, 0, 0, 0, 
183, 1, 150, 174, -1, 224, 133, 187.0, 16, MSpapp, 0, 0, 0, 0, , 0, 0, 0, 0, 0, 
184, 1, 123, 176, -1, 173, 126, 146.0, 23, Eal, 0, 0, 0, 0, , 0, 0, 0, 0, 0, 
185, 1, 151, 177, -1, 195, 104, 69.0, 19, Caaa, 0, 0, 0, 0, , 0, 0, 0, 0, 0, 
186, 1, 152, 178, -1, 243, 122, 62.0, 17, Caap, 0, 0, 0, 0, , 0, 0, 0, 0, 0, 
187, 1, 153, 179, -1, 217, 147, 80.0, 17, Capa, 0, 0, 0, 0, , 0, 0, 0, 0, 0, 
188, 1, 154, 180, -1, 260, 153, 87.0, 21, Capp, 0, 0, 0, 0, , 0, 0, 0, 0, 0, 
189, 1, 155, 181, -1, 254, 78, 85.0, 19, Cpaa, 0, 0, 0, 0, , 0, 0, 0, 0, 0, 
190, 1, 156, 182, -1, 276, 127, 83.0, 19, Cpap, 0, 0, 0, 0, , 0, 0, 0, 0, 0, 
191, 1, 157, 183, -1, 291, 156, 97.0, 17, Cppp, 0, 0, 0, 0, , 0, 0, 0, 0, 0, 
192, 1, 158, 184, -1, 321, 127, 112.0, 17, Cppa, 0, 0, 0, 0, , 0, 0, 0, 0, 0, 
193, 1, 159, 185, -1, 288, 145, 138.0, 20, Dp, 0, 0, 0, 0, , 0, 0, 0, 0, 0, 
194, 1, 160, 186, -1, 259, 147, 172.0, 18, Z2, 0, 0, 0, 0, , 0, 0, 0, 0, 0, 
195, 1, 161, 187, -1, 202, 163, 174.0, 16, Z3, 0, 0, 0, 0, , 0, 0, 0, 0, 0, 
196, 1, 162, 188, -1, 102, 53, 144.0, 16, ABarpaaa, 0, 0, 0, 0, , 0, 0, 0, 0, 0, 
197, 1, 163, 189, -1, 127, 56, 111.0, 19, ABarpaap, 0, 0, 0, 0, , 0, 0, 0, 0, 0, 
198, 1, 164, 190, -1, 127, 73, 144.0, 19, ABarpapa, 0, 0, 0, 0, , 0, 0, 0, 0, 0, 
199, 1, 165, 191, -1, 168, 71, 123.0, 18, ABarpapp, 0, 0, 0, 0, , 0, 0, 0, 0, 0, 
200, 1, 166, 192, -1, 154, 47, 100.0, 19, ABarppaa, 0, 0, 0, 0, , 0, 0, 0, 0, 0, 
201, 1, 167, 193, -1, 185, 68, 79.0, 19, ABarppap, 0, 0, 0, 0, , 0, 0, 0, 0, 0, 
202, 1, 168, 194, -1, 205, 68, 115.0, 18, ABarpppa, 0, 0, 0, 0, , 0, 0, 0, 0, 0, 
203, 1, 169, 195, -1, 239, 102, 94.0, 18, ABarpppp, 0, 0, 0, 0, , 0, 0, 0, 0, 0, 
204, 1, 170, 196, -1, 66, 105, 92.0, 17, ABplaaaa, 0, 0, 0, 0, , 0, 0, 0, 0, 0, 
205, 1, 171, 197, -1, 100, 79, 77.0, 17, ABplaaap, 0, 0, 0, 0, , 0, 0, 0, 0, 0, 
206, 1, 172, 198, -1, 81, 122, 74.0, 17, ABplaapa, 0, 0, 0, 0, , 0, 0, 0, 0, 0, 
207, 1, 173, 199, -1, 132, 117, 87.0, 17, ABplaapp, 0, 0, 0, 0, , 0, 0, 0, 0, 0, 
208, 1, 174, 200, -1, 108, 100, 58.0, 17, ABplapaa, 0, 0, 0, 0, , 0, 0, 0, 0, 0, 
209, 1, 175, 201, -1, 154, 87, 69.0, 18, ABplapap, 0, 0, 0, 0, , 0, 0, 0, 0, 0, 
210, 1, 176, 202, -1, 152, 122, 68.0, 19, ABplappa, 0, 0, 0, 0, , 0, 0, 0, 0, 0, 
211, 1, 177, 203, -1, 185, 137, 91.0, 17, ABplappp, 0, 0, 0, 0, , 0, 0, 0, 0, 0, 
