1, 0, 1, -1, -1, 198, 153, 170.0, 7, , 16, 0, 0, 0, , 0, 0, 0, 0, 0, 
2, 0, 2, -1, -1, 45, 110, 87.0, 9, , 174, 0, 0, 0, , 0, 0, 0, 0, 0, 
3, 0, 3, -1, -1, 157, 45, 146.0, 8, , 13, 0, 0, 0, , 0, 0, 0, 0, 0, 
4, 0, 5, -1, -1, 228, 48, 175.0, 9, , 18, 0, 0, 0, , 0, 0, 0, 0, 0, 
5, 0, 6, -1, -1, 150, 59, 182.0, 7, , 3, 0, 0, 0, , 0, 0, 0, 0, 0, 
6, 0, 7, -1, -1, 234, 101, 83.0, 8, , 59, 0, 0, 0, , 0, 0, 0, 0, 0, 
7, 0, 8, -1, -1, 100, 55, 144.0, 7, , 3, 0, 0, 0, , 0, 0, 0, 0, 0, 
8, 0, 9, -1, -1, 228, 55, 176.0, 8, , 8, 0, 0, 0, , 0, 0, 0, 0, 0, 
9, 0, 10, -1, -1, 172, 60, 192.0, 9, , 12, 0, 0, 0, , 0, 0, 0, 0, 0, 
10, 0, 11, -1, -1, 74, 101, 172.0, 7, , 13, 0, 0, 0, , 0, 0, 0, 0, 0, 
11, 0, 12, -1, -1, 250, 62, 171.0, 11, , 21, 0, 0, 0, , 0, 0, 0, 0, 0, 
12, 0, 13, -1, -1, 94, 102, 197.0, 9, , 42, 0, 0, 0, , 0, 0, 0, 0, 0, 
13, 0, 14, -1, -1, 295, 69, 166.0, 9, , 65, 0, 0, 0, , 0, 0, 0, 0, 0, 
14, 0, 15, -1, -1, 95, 50, 141.0, 9, , 4, 0, 0, 0, , 0, 0, 0, 0, 0, 
15, 0, 16, -1, -1, 76, 90, 177.0, 7, , 12, 0, 0, 0, , 0, 0, 0, 0, 0, 
16, 0, 17, -1, -1, 224, 133, 184.0, 8, , 2, 0, 0, 0, , 0, 0, 0, 0, 0, 
17, 0, 18, -1, -1, 143, 104, 196.0, 8, , 5, 0, 0, 0, , 0, 0, 0, 0, 0, 
18, 0, 20, -1, -1, 199, 132, 192.0, 8, , 2, 0, 0, 0, , 0, 0, 0, 0, 0, 
19, 0, 21, -1, -1, 44, 109, 89.0, 9, , 30, 0, 0, 0, , 0, 0, 0, 0, 0, 
20, 0, 22, -1, -1, 47, 113, 77.0, 9, , 244, 0, 0, 0, , 0, 0, 0, 0, 0, 
21, 0, 23, -1, -1, 77, 89, 177.0, 7, , 5, 0, 0, 0, , 0, 0, 0, 0, 0, 
22, 0, 24, -1, -1, 235, 98, 89.0, 8, , 9, 0, 0, 0, , 0, 0, 0, 0, 0, 
23, 0, 25, -1, -1, 72, 98, 158.0, 7, , 10, 0, 0, 0, , 0, 0, 0, 0, 0, 
24, 0, 26, -1, -1, 145, 61, 173.0, 8, , 9, 0, 0, 0, , 0, 0, 0, 0, 0, 
25, 0, 27, -1, -1, 165, 64, 185.0, 8, , 4, 0, 0, 0, , 0, 0, 0, 0, 0, 
26, 0, 32, -1, -1, 94, 71, 156.0, 9, , 14, 0, 0, 0, , 0, 0, 0, 0, 0, 
27, 0, 34, -1, -1, 285, 73, 164.0, 7, , 18, 0, 0, 0, , 0, 0, 0, 0, 0, 
28, 0, 35, -1, -1, 131, 140, 161.0, 7, , 3, 0, 0, 0, , 0, 0, 0, 0, 0, 
29, 0, 36, -1, -1, 154, 97, 172.0, 9, , 13, 0, 0, 0, , 0, 0, 0, 0, 0, 
30, 0, 37, -1, -1, 180, 110, 175.0, 9, , 21, 0, 0, 0, , 0, 0, 0, 0, 0, 
31, 0, 39, -1, -1, 181, 105, 183.0, 9, , 69, 0, 0, 0, , 0, 0, 0, 0, 0, 
32, 0, 40, -1, -1, 184, 104, 175.0, 8, , 31, 0, 0, 0, , 0, 0, 0, 0, 0, 
33, 0, 41, -1, -1, 228, 92, 184.0, 9, , 11, 0, 0, 0, , 0, 0, 0, 0, 0, 
34, 0, 42, -1, -1, 148, 133, 187.0, 9, , 4, 0, 0, 0, , 0, 0, 0, 0, 0, 
35, 0, 44, -1, -1, 219, 43, 169.0, 8, , 19, 0, 0, 0, , 0, 0, 0, 0, 0, 
36, 0, 45, -1, -1, 196, 152, 174.0, 9, , 45, 0, 0, 0, , 0, 0, 0, 0, 0, 
37, 0, 46, -1, -1, 130, 129, 170.0, 8, , 7, 0, 0, 0, , 0, 0, 0, 0, 0, 
38, 0, 47, -1, -1, 268, 111, 177.0, 8, , 4, 0, 0, 0, , 0, 0, 0, 0, 0, 
39, 0, 49, -1, -1, 106, 68, 192.0, 8, , 7, 0, 0, 0, , 0, 0, 0, 0, 0, 
40, 0, 51, -1, -1, 43, 117, 149.0, 7, , 3, 0, 0, 0, , 0, 0, 0, 0, 0, 
41, 0, 54, -1, -1, 169, 61, 180.0, 8, , 2, 0, 0, 0, , 0, 0, 0, 0, 0, 
42, 0, 55, -1, -1, 221, 101, 186.0, 7, , 14, 0, 0, 0, , 0, 0, 0, 0, 0, 
43, 0, 56, -1, -1, 225, 100, 190.0, 9, , 34, 0, 0, 0, , 0, 0, 0, 0, 0, 
44, 0, 57, -1, -1, 140, 139, 187.0, 7, , 11, 0, 0, 0, , 0, 0, 0, 0, 0, 
45, 0, 59, -1, -1, 68, 97, 178.0, 9, , 65, 0, 0, 0, , 0, 0, 0, 0, 0, 
46, 0, 60, -1, -1, 71, 95, 170.0, 11, , 39, 0, 0, 0, , 0, 0, 0, 0, 0, 
47, 0, 61, -1, -1, 201, 157, 168.0, 8, , 7, 0, 0, 0, , 0, 0, 0, 0, 0, 
48, 0, 62, -1, -1, 220, 100, 181.0, 8, , 19, 0, 0, 0, , 0, 0, 0, 0, 0, 
49, 0, 63, -1, -1, 225, 97, 180.0, 8, , 23, 0, 0, 0, , 0, 0, 0, 0, 0, 
50, 0, 64, -1, -1, 231, 89, 179.0, 7, , 42, 0, 0, 0, , 0, 0, 0, 0, 0, 
51, 0, 65, -1, -1, 252, 120, 183.0, 8, , 4, 0, 0, 0, , 0, 0, 0, 0, 0, 
52, 0, 66, -1, -1, 89, 70, 163.0, 8, , 10, 0, 0, 0, , 0, 0, 0, 0, 0, 
53, 0, 67, -1, -1, 95, 119, 168.0, 8, , 7, 0, 0, 0, , 0, 0, 0, 0, 0, 
54, 0, 68, -1, -1, 199, 124, 193.0, 9, , 5, 0, 0, 0, , 0, 0, 0, 0, 0, 
55, 0, 70, -1, -1, 196, 168, 131.0, 8, , 44, 0, 0, 0, , 0, 0, 0, 0, 0, 
56, 0, 71, -1, -1, 60, 85, 136.0, 9, , 16, 0, 0, 0, , 0, 0, 0, 0, 0, 
57, 0, 72, -1, -1, 191, 171, 138.0, 8, , 18, 0, 0, 0, , 0, 0, 0, 0, 0, 
58, 0, 73, -1, -1, 196, 174, 140.0, 8, , 13, 0, 0, 0, , 0, 0, 0, 0, 0, 
59, 0, 74, -1, -1, 195, 173, 143.0, 8, , 11, 0, 0, 0, , 0, 0, 0, 0, 0, 
60, 0, 75, -1, -1, 158, 158, 146.0, 8, , 40, 0, 0, 0, , 0, 0, 0, 0, 0, 
61, 0, 76, -1, -1, 78, 144, 143.0, 8, , 4, 0, 0, 0, , 0, 0, 0, 0, 0, 
62, 0, 77, -1, -1, 83, 96, 146.0, 7, , 4, 0, 0, 0, , 0, 0, 0, 0, 0, 
63, 0, 78, -1, -1, 157, 39, 151.0, 7, , 22, 0, 0, 0, , 0, 0, 0, 0, 0, 
64, 0, 79, -1, -1, 192, 168, 149.0, 8, , 11, 0, 0, 0, , 0, 0, 0, 0, 0, 
65, 0, 80, -1, -1, 293, 138, 148.0, 7, , 10, 0, 0, 0, , 0, 0, 0, 0, 0, 
66, 0, 81, -1, -1, 156, 47, 154.0, 8, , 8, 0, 0, 0, , 0, 0, 0, 0, 0, 
67, 0, 82, -1, -1, 282, 65, 160.0, 8, , 1, 0, 0, 0, , 0, 0, 0, 0, 0, 
68, 0, 83, -1, -1, 224, 54, 165.0, 9, , 30, 0, 0, 0, , 0, 0, 0, 0, 0, 
69, 0, 85, -1, -1, 200, 164, 168.0, 7, , 20, 0, 0, 0, , 0, 0, 0, 0, 0, 
70, 0, 86, -1, -1, 250, 149, 169.0, 7, , 7, 0, 0, 0, , 0, 0, 0, 0, 0, 
71, 0, 87, -1, -1, 266, 145, 171.0, 8, , 10, 0, 0, 0, , 0, 0, 0, 0, 0, 
72, 0, 88, -1, -1, 205, 73, 170.0, 8, , 2, 0, 0, 0, , 0, 0, 0, 0, 0, 
73, 0, 89, -1, -1, 91, 120, 174.0, 9, , 30, 0, 0, 0, , 0, 0, 0, 0, 0, 
74, 0, 90, -1, -1, 263, 109, 174.0, 8, , 24, 0, 0, 0, , 0, 0, 0, 0, 0, 
75, 0, 91, -1, -1, 148, 59, 177.0, 7, , 14, 0, 0, 0, , 0, 0, 0, 0, 0, 
76, 0, 92, -1, -1, 259, 112, 181.0, 7, , 10, 0, 0, 0, , 0, 0, 0, 0, 0, 
77, 0, 93, -1, -1, 137, 106, 209.0, 8, , 7, 0, 0, 0, , 0, 0, 0, 0, 0, 
78, 0, 94, -1, -1, 220, 100, 178.0, 8, , 25, 0, 0, 0, , 0, 0, 0, 0, 0, 
79, 0, 95, -1, -1, 45, 112, 85.0, 9, , 141, 0, 0, 0, , 0, 0, 0, 0, 0, 
80, 0, 96, -1, -1, 99, 53, 127.0, 7, , 16, 0, 0, 0, , 0, 0, 0, 0, 0, 
81, 0, 97, -1, -1, 99, 52, 136.0, 7, , 12, 0, 0, 0, , 0, 0, 0, 0, 0, 
82, 0, 98, -1, -1, 152, 38, 149.0, 9, , 21, 0, 0, 0, , 0, 0, 0, 0, 0, 
83, 0, 99, -1, -1, 157, 160, 154.0, 7, , 48, 0, 0, 0, , 0, 0, 0, 0, 0, 
84, 0, 100, -1, -1, 77, 92, 155.0, 8, , 34, 0, 0, 0, , 0, 0, 0, 0, 0, 
85, 0, 101, -1, -1, 133, 130, 160.0, 8, , 3, 0, 0, 0, , 0, 0, 0, 0, 0, 
86, 0, 103, -1, -1, 153, 85, 169.0, 7, , 12, 0, 0, 0, , 0, 0, 0, 0, 0, 
87, 0, 104, -1, -1, 147, 95, 174.0, 7, , 6, 0, 0, 0, , 0, 0, 0, 0, 0, 
88, 0, 105, -1, -1, 73, 95, 171.0, 8, , 21, 0, 0, 0, , 0, 0, 0, 0, 0, 
89, 0, 106, -1, -1, 224, 95, 172.0, 8, , 65, 0, 0, 0, , 0, 0, 0, 0, 0, 
90, 0, 107, -1, -1, 152, 84, 175.0, 7, , 6, 0, 0, 0, , 0, 0, 0, 0, 0, 
91, 0, 108, -1, -1, 261, 118, 184.0, 7, , 6, 0, 0, 0, , 0, 0, 0, 0, 0, 
92, 0, 109, -1, -1, 201, 118, 197.0, 8, , 3, 0, 0, 0, , 0, 0, 0, 0, 0, 
93, 0, -1, -1, -1, 163, 155, 153.0, 8, , 36, 0, 0, 0, , 0, 0, 0, 0, 0, 
94, 0, -1, -1, -1, 164, 154, 161.0, 8, , 26, 0, 0, 0, , 0, 0, 0, 0, 0, 
95, 0, -1, -1, -1, 90, 68, 168.0, 8, , 17, 0, 0, 0, , 0, 0, 0, 0, 0, 
96, 0, -1, -1, -1, 158, 160, 164.0, 8, , 92, 0, 0, 0, , 0, 0, 0, 0, 0, 
97, 0, -1, -1, -1, 96, 73, 99.0, 8, , 2, 0, 0, 0, , 0, 0, 0, 0, 0, 
98, 0, -1, -1, -1, 61, 147, 108.0, 8, , 3, 0, 0, 0, , 0, 0, 0, 0, 0, 
99, 0, -1, -1, -1, 260, 174, 130.0, 7, , 12, 0, 0, 0, , 0, 0, 0, 0, 0, 
100, 0, -1, -1, -1, 266, 69, 138.0, 8, , 2, 0, 0, 0, , 0, 0, 0, 0, 0, 
101, 0, -1, -1, -1, 90, 60, 156.0, 7, , 19, 0, 0, 0, , 0, 0, 0, 0, 0, 
102, 0, -1, -1, -1, 320, 99, 163.0, 9, , 7, 0, 0, 0, , 0, 0, 0, 0, 0, 
103, 0, -1, -1, -1, 68, 100, 167.0, 7, , 4, 0, 0, 0, , 0, 0, 0, 0, 0, 
104, 0, -1, -1, -1, 206, 164, 168.0, 8, , 1, 0, 0, 0, , 0, 0, 0, 0, 0, 
105, 0, -1, -1, -1, 198, 162, 169.0, 8, , 3, 0, 0, 0, , 0, 0, 0, 0, 0, 
106, 0, -1, -1, -1, 221, 98, 174.0, 7, , 16, 0, 0, 0, , 0, 0, 0, 0, 0, 
107, 0, -1, -1, -1, 249, 120, 178.0, 7, , 8, 0, 0, 0, , 0, 0, 0, 0, 0, 
108, 0, -1, -1, -1, 268, 118, 178.0, 7, , 8, 0, 0, 0, , 0, 0, 0, 0, 0, 
109, 0, -1, -1, -1, 193, 77, 179.0, 8, , 6, 0, 0, 0, , 0, 0, 0, 0, 0, 
110, 0, -1, -1, -1, 103, 74, 190.0, 8, , 12, 0, 0, 0, , 0, 0, 0, 0, 0, 
111, 1, 110, 133, -1, 258, 167, 130.0, 22, Da, 0, 0, 0, 0, , 0, 0, 0, 0, 0, 
112, 1, 111, 134, -1, 258, 120, 129.0, 24, Epr, 0, 0, 0, 0, , 0, 0, 0, 0, 0, 
113, 1, 112, 135, -1, 186, 48, 120.0, 19, ABpraaap, 0, 0, 0, 0, , 0, 0, 0, 0, 0, 
114, 1, 113, 136, -1, 199, 73, 178.0, 17, ABarappp, 0, 0, 0, 0, , 0, 0, 0, 0, 0, 
115, 1, 114, 137, -1, 168, 64, 189.0, 21, ABarappa, 0, 0, 0, 0, , 0, 0, 0, 0, 0, 
116, 0, 115, -1, -1, 118, 70, 177.57446, 17, , 0, 0, 0, 0, , 0, 0, 0, 0, 0, 
117, 1, 116, 140, -1, 108, 71, 183.73334, 21, ABarapaa, 0, 0, 0, 0, , 0, 0, 0, 0, 0, 
118, 1, 117, 141, -1, 142, 61, 179.0, 21, ABarapap, 0, 0, 0, 0, , 0, 0, 0, 0, 0, 
119, 1, 118, 142, -1, 100, 103, 193.0, 20, ABaraapa, 0, 0, 0, 0, , 0, 0, 0, 0, 0, 
120, 1, 119, 143, -1, 139, 102, 200.0, 21, ABaraapp, 0, 0, 0, 0, , 0, 0, 0, 0, 0, 
121, 1, 120, 144, -1, 96, 68, 159.0, 23, ABaraaap, 0, 0, 0, 0, , 0, 0, 0, 0, 0, 
122, 1, 121, 145, -1, 70, 96, 176.0, 19, ABaraaaa, 0, 0, 0, 0, , 0, 0, 0, 0, 0, 
123, 1, 122, 146, -1, 76, 133, 121.0, 21, ABalpaap, 0, 0, 0, 0, , 0, 0, 0, 0, 0, 
124, 1, 123, 147, -1, 46, 128, 132.0, 21, ABalpaaa, 0, 0, 0, 0, , 0, 0, 0, 0, 0, 
125, 1, 124, 148, -1, 118, 165, 150.0, 21, ABalpapp, 0, 0, 0, 0, , 0, 0, 0, 0, 0, 
126, 1, 125, 149, -1, 62, 149, 99.0, 19, ABalppaa, 0, 0, 0, 0, , 0, 0, 0, 0, 0, 
127, 1, 126, 150, -1, 99, 169, 117.0, 21, ABalppap, 0, 0, 0, 0, , 0, 0, 0, 0, 0, 
128, 1, 127, 151, -1, 75, 152, 145.0, 19, ABalpapa, 0, 0, 0, 0, , 0, 0, 0, 0, 0, 
129, 1, 128, 152, -1, 107, 135, 125.0, 19, ABalpppa, 0, 0, 0, 0, , 0, 0, 0, 0, 0, 
130, 1, 129, 153, -1, 143, 144, 114.0, 21, ABalpppp, 0, 0, 0, 0, , 0, 0, 0, 0, 0, 
131, 1, 130, 154, -1, 51, 114, 157.0, 21, ABalaaaa, 0, 0, 0, 0, , 0, 0, 0, 0, 0, 
132, 1, 131, 155, -1, 66, 85, 130.0, 18, ABalaaap, 0, 0, 0, 0, , 0, 0, 0, 0, 0, 
133, 1, 132, 156, -1, 75, 99, 154.0, 19, ABalaapa, 0, 0, 0, 0, , 0, 0, 0, 0, 0, 
134, 1, 133, 157, -1, 119, 103, 148.0, 21, ABalaapp, 0, 0, 0, 0, , 0, 0, 0, 0, 0, 
135, 1, 134, 158, -1, 58, 92, 106.0, 23, ABalapaa, 0, 0, 0, 0, , 0, 0, 0, 0, 0, 
136, 1, 135, 159, -1, 92, 67, 105.0, 21, ABalapap, 0, 0, 0, 0, , 0, 0, 0, 0, 0, 
137, 1, 136, 160, -1, 102, 82, 127.0, 21, ABalappa, 0, 0, 0, 0, , 0, 0, 0, 0, 0, 
138, 1, 137, 161, -1, 150, 96, 109.0, 20, ABalappp, 0, 0, 0, 0, , 0, 0, 0, 0, 0, 
139, 1, 138, 162, -1, 151, 42, 148.0, 19, ABpraaaa, 0, 0, 0, 0, , 0, 0, 0, 0, 0, 
140, 1, 139, 163, -1, 191, 41, 157.8, 20, ABpraapa, 0, 0, 0, 0, , 0, 0, 0, 0, 0, 
141, 1, 140, 164, -1, 239, 56, 143.0, 16, ABpraapp, 0, 0, 0, 0, , 0, 0, 0, 0, 0, 
142, 1, 141, 165, -1, 274, 67, 134.0, 17, ABprappa, 0, 0, 0, 0, , 0, 0, 0, 0, 0, 
143, 1, 142, 166, -1, 298, 100, 114.5, 20, ABprappp, 0, 0, 0, 0, , 0, 0, 0, 0, 0, 
144, 1, 143, 167, -1, 213, 37, 130.0, 20, ABprapaa, 0, 0, 0, 0, , 0, 0, 0, 0, 0, 
145, 1, 144, 168, -1, 253, 56, 118.0, 21, ABprapap, 0, 0, 0, 0, , 0, 0, 0, 0, 0, 
146, 1, 145, 202, -1, 201, 92, 143.0, 25, Ear, 0, 0, 0, 0, , 0, 0, 0, 0, 0, 
147, 1, 147, 169, 170, 225, 95, 185.0, 16, MSppa, 0, 0, 0, 0, , 0, 0, 0, 0, 0, 
148, 1, 148, 171, -1, 261, 116, 176.0, 16, MSppp, 0, 0, 0, 0, , 0, 0, 0, 0, 0, 
149, 1, 149, 172, -1, 221, 134, 125.0, 20, Epl, 0, 0, 0, 0, , 0, 0, 0, 0, 0, 
150, 0, 150, -1, -1, 247, 110, 108.2, 19, , 0, 0, 0, 0, , 0, 0, 0, 0, 0, 
151, 1, 151, 174, -1, 146, 157, 68.5, 17, ABplppaa, 0, 0, 0, 0, , 0, 0, 0, 0, 0, 
152, 1, 152, 175, -1, 183, 161, 82.666664, 16, ABplppap, 0, 0, 0, 0, , 0, 0, 0, 0, 0, 
153, 1, 153, 176, -1, 194, 172, 101.0, 17, ABplpppa, 0, 0, 0, 0, , 0, 0, 0, 0, 0, 
154, 1, 154, 177, -1, 237, 176, 111.0, 16, ABplpppp, 0, 0, 0, 0, , 0, 0, 0, 0, 0, 
155, 1, 155, 178, -1, 130, 174, 120.0, 17, ABplpapa, 0, 0, 0, 0, , 0, 0, 0, 0, 0, 
156, 1, 156, 179, -1, 94, 152, 74.0, 21, ABplpaaa, 0, 0, 0, 0, , 0, 0, 0, 0, 0, 
157, 1, 157, 180, -1, 128, 156, 90.0, 19, ABplpaap, 0, 0, 0, 0, , 0, 0, 0, 0, 0, 
158, 1, 158, 181, -1, 167, 173, 102.0, 19, ABplpapp, 0, 0, 0, 0, , 0, 0, 0, 0, 0, 
159, 1, 159, 182, -1, 221, 50, 175.0, 16, ABprpaaa, 0, 0, 0, 0, , 0, 0, 0, 0, 0, 
160, 1, 160, 183, -1, 257, 62, 165.25, 19, ABprpaap, 0, 0, 0, 0, , 0, 0, 0, 0, 0, 
161, 1, 161, 184, -1, 265, 80, 186.5, 20, ABprpapa, 0, 0, 0, 0, , 0, 0, 0, 0, 0, 
162, 1, 162, 185, -1, 287, 98, 167.75, 17, ABprpapp, 0, 0, 0, 0, , 0, 0, 0, 0, 0, 
163, 1, 163, 186, -1, 288, 67, 162.0, 16, ABprppaa, 0, 0, 0, 0, , 0, 0, 0, 0, 0, 
164, 1, 164, 187, -1, 303, 83, 139.0, 16, ABprppap, 0, 0, 0, 0, , 0, 0, 0, 0, 0, 
165, 1, 165, 188, -1, 320, 98, 161.66667, 16, ABprpppa, 0, 0, 0, 0, , 0, 0, 0, 0, 0, 
166, 1, 166, 189, -1, 298, 125, 165.0, 17, ABprpppp, 0, 0, 0, 0, , 0, 0, 0, 0, 0, 
167, 1, 167, 190, -1, 90, 122, 166.0, 15, MSaaaa, 0, 0, 0, 0, , 0, 0, 0, 0, 0, 
168, 1, 146, 191, -1, 129, 135, 162.0, 15, MSaaap, 0, 0, 0, 0, , 0, 0, 0, 0, 0, 
169, 1, 169, 192, -1, 145, 139, 185.25, 18, MSaapa, 0, 0, 0, 0, , 0, 0, 0, 0, 0, 
170, 1, 168, 193, -1, 180, 148, 185.0, 16, MSaapp, 0, 0, 0, 0, , 0, 0, 0, 0, 0, 
171, 1, 170, 194, 195, 161, 153, 149.0, 16, MSapa, 0, 0, 0, 0, , 0, 0, 0, 0, 0, 
172, 1, 171, 196, -1, 196, 165, 136.0, 16, MSapp, 0, 0, 0, 0, , 0, 0, 0, 0, 0, 
173, 1, 173, 198, -1, 180, 106, 180.0, 15, MSpaap, 0, 0, 0, 0, , 0, 0, 0, 0, 0, 
174, 1, 172, 197, -1, 148, 90, 176.0, 15, MSpaaa, 0, 0, 0, 0, , 0, 0, 0, 0, 0, 
175, 1, 175, 199, -1, 196, 123, 195.0, 16, MSpapa, 0, 0, 0, 0, , 0, 0, 0, 0, 0, 
176, 1, 174, 200, -1, 228, 137, 183.0, 16, MSpapp, 0, 0, 0, 0, , 0, 0, 0, 0, 0, 
177, 1, 176, 201, -1, 176, 125, 141.0, 23, Eal, 0, 0, 0, 0, , 0, 0, 0, 0, 0, 
178, 1, 177, 203, -1, 194, 109, 67.0, 19, Caaa, 0, 0, 0, 0, , 0, 0, 0, 0, 0, 
179, 1, 178, 204, -1, 246, 124, 67.0, 17, Caap, 0, 0, 0, 0, , 0, 0, 0, 0, 0, 
180, 1, 179, 205, -1, 220, 146, 84.0, 17, Capa, 0, 0, 0, 0, , 0, 0, 0, 0, 0, 
181, 1, 180, 206, -1, 260, 150, 87.0, 21, Capp, 0, 0, 0, 0, , 0, 0, 0, 0, 0, 
182, 1, 181, 207, -1, 254, 80, 85.0, 19, Cpaa, 0, 0, 0, 0, , 0, 0, 0, 0, 0, 
183, 1, 182, 208, -1, 280, 124, 86.0, 19, Cpap, 0, 0, 0, 0, , 0, 0, 0, 0, 0, 
184, 1, 183, 209, -1, 296, 158, 94.0, 17, Cppp, 0, 0, 0, 0, , 0, 0, 0, 0, 0, 
185, 1, 184, 210, -1, 321, 129, 114.0, 17, Cppa, 0, 0, 0, 0, , 0, 0, 0, 0, 0, 
186, 1, 185, 211, -1, 293, 145, 140.0, 20, Dp, 0, 0, 0, 0, , 0, 0, 0, 0, 0, 
187, 1, 186, 212, -1, 259, 148, 170.0, 18, Z2, 0, 0, 0, 0, , 0, 0, 0, 0, 0, 
188, 1, 187, 213, -1, 200, 159, 176.0, 16, Z3, 0, 0, 0, 0, , 0, 0, 0, 0, 0, 
189, 1, 188, 214, -1, 102, 53, 140.0, 16, ABarpaaa, 0, 0, 0, 0, , 0, 0, 0, 0, 0, 
190, 1, 189, 215, -1, 132, 57, 107.0, 19, ABarpaap, 0, 0, 0, 0, , 0, 0, 0, 0, 0, 
191, 1, 190, 216, -1, 126, 74, 144.0, 19, ABarpapa, 0, 0, 0, 0, , 0, 0, 0, 0, 0, 
192, 1, 191, 217, -1, 168, 69, 124.0, 18, ABarpapp, 0, 0, 0, 0, , 0, 0, 0, 0, 0, 
193, 1, 192, 218, -1, 158, 51, 94.0, 19, ABarppaa, 0, 0, 0, 0, , 0, 0, 0, 0, 0, 
194, 1, 193, 219, -1, 187, 75, 82.0, 19, ABarppap, 0, 0, 0, 0, , 0, 0, 0, 0, 0, 
195, 1, 194, 220, -1, 209, 67, 112.0, 18, ABarpppa, 0, 0, 0, 0, , 0, 0, 0, 0, 0, 
196, 1, 195, 221, -1, 239, 102, 95.0, 18, ABarpppp, 0, 0, 0, 0, , 0, 0, 0, 0, 0, 
197, 1, 196, 222, -1, 68, 103, 83.0, 17, ABplaaaa, 0, 0, 0, 0, , 0, 0, 0, 0, 0, 
198, 1, 197, 223, -1, 104, 85, 76.0, 17, ABplaaap, 0, 0, 0, 0, , 0, 0, 0, 0, 0, 
199, 1, 198, 224, -1, 85, 124, 75.0, 17, ABplaapa, 0, 0, 0, 0, , 0, 0, 0, 0, 0, 
200, 1, 199, 225, -1, 130, 120, 86.0, 17, ABplaapp, 0, 0, 0, 0, , 0, 0, 0, 0, 0, 
201, 1, 200, 226, -1, 112, 102, 59.0, 17, ABplapaa, 0, 0, 0, 0, , 0, 0, 0, 0, 0, 
202, 1, 201, 227, -1, 152, 94, 67.0, 18, ABplapap, 0, 0, 0, 0, , 0, 0, 0, 0, 0, 
203, 1, 202, 228, -1, 156, 127, 67.0, 19, ABplappa, 0, 0, 0, 0, , 0, 0, 0, 0, 0, 
204, 1, 203, 229, -1, 189, 139, 92.0, 17, ABplappp, 0, 0, 0, 0, , 0, 0, 0, 0, 0, 
