1, 0, 1, -1, -1, 196, 149, 169.0, 7, , 60, 0, 0, 0, , 0, 0, 0, 0, 0, 
2, 0, 2, -1, -1, 45, 109, 88.0, 9, , 50, 0, 0, 0, , 0, 0, 0, 0, 0, 
3, 0, 3, -1, -1, 154, 40, 144.0, 9, , 15, 0, 0, 0, , 0, 0, 0, 0, 0, 
4, 0, 4, -1, -1, 226, 47, 172.0, 7, , 24, 0, 0, 0, , 0, 0, 0, 0, 0, 
5, 0, 5, -1, -1, 150, 64, 181.0, 7, , 3, 0, 0, 0, , 0, 0, 0, 0, 0, 
6, 0, 6, -1, -1, 237, 104, 86.0, 7, , 61, 0, 0, 0, , 0, 0, 0, 0, 0, 
7, 0, 7, -1, -1, 97, 54, 128.0, 9, , 37, 0, 0, 0, , 0, 0, 0, 0, 0, 
8, 0, 8, -1, -1, 227, 52, 172.0, 8, , 32, 0, 0, 0, , 0, 0, 0, 0, 0, 
9, 0, 9, -1, -1, 163, 62, 190.0, 8, , 10, 0, 0, 0, , 0, 0, 0, 0, 0, 
10, 0, 10, -1, -1, 76, 101, 172.0, 8, , 16, 0, 0, 0, , 0, 0, 0, 0, 0, 
11, 0, 11, -1, -1, 251, 60, 173.0, 8, , 29, 0, 0, 0, , 0, 0, 0, 0, 0, 
12, 0, 12, -1, -1, 104, 103, 200.0, 9, , 14, 0, 0, 0, , 0, 0, 0, 0, 0, 
13, 0, 13, -1, -1, 286, 72, 168.0, 7, , 9, 0, 0, 0, , 0, 0, 0, 0, 0, 
14, 0, 14, -1, -1, 96, 50, 139.0, 9, , 35, 0, 0, 0, , 0, 0, 0, 0, 0, 
15, 0, 15, -1, -1, 80, 90, 176.0, 8, , 14, 0, 0, 0, , 0, 0, 0, 0, 0, 
16, 0, 16, -1, -1, 218, 133, 186.0, 9, , 20, 0, 0, 0, , 0, 0, 0, 0, 0, 
17, 0, 17, -1, -1, 142, 104, 196.0, 8, , 5, 0, 0, 0, , 0, 0, 0, 0, 0, 
18, 0, 18, -1, -1, 198, 130, 192.0, 8, , 2, 0, 0, 0, , 0, 0, 0, 0, 0, 
19, 0, 19, -1, -1, 48, 113, 75.0, 7, , 23, 0, 0, 0, , 0, 0, 0, 0, 0, 
20, 0, 20, -1, -1, 47, 113, 78.0, 9, , 223, 0, 0, 0, , 0, 0, 0, 0, 0, 
21, 0, 21, -1, -1, 76, 87, 177.0, 7, , 5, 0, 0, 0, , 0, 0, 0, 0, 0, 
22, 0, 22, -1, -1, 239, 105, 94.0, 8, , 6, 0, 0, 0, , 0, 0, 0, 0, 0, 
23, 0, 24, -1, -1, 145, 61, 174.0, 7, , 19, 0, 0, 0, , 0, 0, 0, 0, 0, 
24, 0, 25, -1, -1, 168, 64, 183.0, 7, , 11, 0, 0, 0, , 0, 0, 0, 0, 0, 
25, 0, 26, -1, -1, 93, 72, 157.0, 8, , 5, 0, 0, 0, , 0, 0, 0, 0, 0, 
26, 0, 27, -1, -1, 281, 70, 165.0, 8, , 3, 0, 0, 0, , 0, 0, 0, 0, 0, 
27, 0, 28, -1, -1, 135, 130, 164.0, 9, , 6, 0, 0, 0, , 0, 0, 0, 0, 0, 
28, 0, 29, -1, -1, 152, 96, 173.0, 7, , 17, 0, 0, 0, , 0, 0, 0, 0, 0, 
29, 0, 30, -1, -1, 178, 111, 175.0, 9, , 17, 0, 0, 0, , 0, 0, 0, 0, 0, 
30, 0, 31, -1, -1, 180, 106, 187.0, 11, , 10, 0, 0, 0, , 0, 0, 0, 0, 0, 
31, 0, 32, -1, -1, 199, 80, 175.0, 7, , 6, 0, 0, 0, , 0, 0, 0, 0, 0, 
32, 0, 33, -1, -1, 227, 89, 182.0, 9, , 43, 0, 0, 0, , 0, 0, 0, 0, 0, 
33, 0, 35, -1, -1, 216, 44, 169.0, 9, , 15, 0, 0, 0, , 0, 0, 0, 0, 0, 
34, 0, 36, -1, -1, 193, 152, 176.0, 8, , 5, 0, 0, 0, , 0, 0, 0, 0, 0, 
35, 0, 37, -1, -1, 130, 130, 170.0, 8, , 7, 0, 0, 0, , 0, 0, 0, 0, 0, 
36, 0, 38, -1, -1, 259, 116, 175.0, 8, , 23, 0, 0, 0, , 0, 0, 0, 0, 0, 
37, 0, 39, -1, -1, 106, 66, 192.0, 7, , 16, 0, 0, 0, , 0, 0, 0, 0, 0, 
38, 0, 40, -1, -1, 44, 118, 149.0, 7, , 3, 0, 0, 0, , 0, 0, 0, 0, 0, 
39, 0, 41, -1, -1, 163, 63, 179.0, 8, , 7, 0, 0, 0, , 0, 0, 0, 0, 0, 
40, 0, 42, -1, -1, 222, 94, 188.0, 7, , 16, 0, 0, 0, , 0, 0, 0, 0, 0, 
41, 0, 43, -1, -1, 226, 102, 190.0, 9, , 34, 0, 0, 0, , 0, 0, 0, 0, 0, 
42, 0, 45, -1, -1, 70, 95, 180.0, 7, , 49, 0, 0, 0, , 0, 0, 0, 0, 0, 
43, 0, 46, -1, -1, 70, 100, 169.0, 8, , 2, 0, 0, 0, , 0, 0, 0, 0, 0, 
44, 0, 47, -1, -1, 196, 156, 167.0, 8, , 15, 0, 0, 0, , 0, 0, 0, 0, 0, 
45, 0, 48, -1, -1, 231, 103, 183.0, 7, , 20, 0, 0, 0, , 0, 0, 0, 0, 0, 
46, 0, 49, -1, -1, 220, 94, 182.0, 8, , 44, 0, 0, 0, , 0, 0, 0, 0, 0, 
47, 0, 50, -1, -1, 236, 96, 176.0, 9, , 76, 0, 0, 0, , 0, 0, 0, 0, 0, 
48, 0, 51, -1, -1, 256, 119, 184.0, 8, , 17, 0, 0, 0, , 0, 0, 0, 0, 0, 
49, 0, 52, -1, -1, 90, 67, 160.0, 9, , 42, 0, 0, 0, , 0, 0, 0, 0, 0, 
50, 0, 53, -1, -1, 95, 119, 167.0, 7, , 9, 0, 0, 0, , 0, 0, 0, 0, 0, 
51, 0, 54, -1, -1, 195, 123, 192.0, 9, , 10, 0, 0, 0, , 0, 0, 0, 0, 0, 
52, 0, 55, -1, -1, 198, 167, 133.0, 7, , 34, 0, 0, 0, , 0, 0, 0, 0, 0, 
53, 0, 56, -1, -1, 59, 83, 135.0, 8, , 15, 0, 0, 0, , 0, 0, 0, 0, 0, 
54, 0, 57, -1, -1, 192, 169, 136.0, 8, , 16, 0, 0, 0, , 0, 0, 0, 0, 0, 
55, 0, 58, -1, -1, 191, 170, 142.0, 8, , 29, 0, 0, 0, , 0, 0, 0, 0, 0, 
56, 0, 59, -1, -1, 192, 164, 144.0, 8, , 64, 0, 0, 0, , 0, 0, 0, 0, 0, 
57, 0, 60, -1, -1, 170, 157, 146.0, 8, , 2, 0, 0, 0, , 0, 0, 0, 0, 0, 
58, 0, 61, -1, -1, 81, 148, 147.0, 8, , 29, 0, 0, 0, , 0, 0, 0, 0, 0, 
59, 0, 62, -1, -1, 80, 103, 143.0, 7, , 9, 0, 0, 0, , 0, 0, 0, 0, 0, 
60, 0, 63, -1, -1, 158, 38, 150.0, 8, , 30, 0, 0, 0, , 0, 0, 0, 0, 0, 
61, 0, 64, -1, -1, 193, 168, 151.0, 9, , 31, 0, 0, 0, , 0, 0, 0, 0, 0, 
62, 0, 65, -1, -1, 287, 138, 150.0, 7, , 10, 0, 0, 0, , 0, 0, 0, 0, 0, 
63, 0, 66, -1, -1, 159, 47, 154.0, 7, , 13, 0, 0, 0, , 0, 0, 0, 0, 0, 
64, 0, 67, -1, -1, 292, 66, 161.0, 8, , 8, 0, 0, 0, , 0, 0, 0, 0, 0, 
65, 0, 68, -1, -1, 221, 53, 166.0, 9, , 17, 0, 0, 0, , 0, 0, 0, 0, 0, 
66, 0, 69, -1, -1, 199, 162, 168.0, 7, , 20, 0, 0, 0, , 0, 0, 0, 0, 0, 
67, 0, 70, -1, -1, 253, 144, 168.0, 8, , 5, 0, 0, 0, , 0, 0, 0, 0, 0, 
68, 0, 71, -1, -1, 269, 147, 167.0, 8, , 39, 0, 0, 0, , 0, 0, 0, 0, 0, 
69, 0, 72, -1, -1, 201, 75, 169.0, 8, , 1, 0, 0, 0, , 0, 0, 0, 0, 0, 
70, 0, 73, -1, -1, 93, 119, 170.0, 7, , 4, 0, 0, 0, , 0, 0, 0, 0, 0, 
71, 0, 74, -1, -1, 260, 115, 171.0, 8, , 15, 0, 0, 0, , 0, 0, 0, 0, 0, 
72, 0, 75, -1, -1, 149, 57, 178.0, 8, , 20, 0, 0, 0, , 0, 0, 0, 0, 0, 
73, 0, 76, -1, -1, 252, 119, 180.0, 8, , 39, 0, 0, 0, , 0, 0, 0, 0, 0, 
74, 0, 77, -1, -1, 136, 104, 207.0, 8, , 5, 0, 0, 0, , 0, 0, 0, 0, 0, 
75, 0, 78, -1, -1, 219, 93, 177.0, 8, , 16, 0, 0, 0, , 0, 0, 0, 0, 0, 
76, 0, 79, -1, -1, 47, 112, 85.0, 8, , 170, 0, 0, 0, , 0, 0, 0, 0, 0, 
77, 0, 80, -1, -1, 100, 47, 124.0, 7, , 5, 0, 0, 0, , 0, 0, 0, 0, 0, 
78, 0, 81, -1, -1, 99, 56, 136.0, 7, , 17, 0, 0, 0, , 0, 0, 0, 0, 0, 
79, 0, 82, -1, -1, 151, 38, 148.0, 9, , 15, 0, 0, 0, , 0, 0, 0, 0, 0, 
80, 0, 83, -1, -1, 150, 155, 154.0, 8, , 2, 0, 0, 0, , 0, 0, 0, 0, 0, 
81, 0, 84, -1, -1, 76, 92, 151.0, 7, , 11, 0, 0, 0, , 0, 0, 0, 0, 0, 
82, 0, 85, -1, -1, 132, 135, 158.0, 8, , 6, 0, 0, 0, , 0, 0, 0, 0, 0, 
83, 0, 86, -1, -1, 150, 92, 166.0, 9, , 16, 0, 0, 0, , 0, 0, 0, 0, 0, 
84, 0, 87, -1, -1, 151, 93, 180.0, 9, , 22, 0, 0, 0, , 0, 0, 0, 0, 0, 
85, 0, 88, -1, -1, 74, 94, 171.0, 7, , 19, 0, 0, 0, , 0, 0, 0, 0, 0, 
86, 0, 89, -1, -1, 224, 89, 175.0, 8, , 48, 0, 0, 0, , 0, 0, 0, 0, 0, 
87, 0, 90, -1, -1, 155, 84, 173.0, 8, , 8, 0, 0, 0, , 0, 0, 0, 0, 0, 
88, 0, 91, -1, -1, 249, 124, 186.0, 8, , 18, 0, 0, 0, , 0, 0, 0, 0, 0, 
89, 0, 92, -1, -1, 198, 115, 195.0, 8, , 6, 0, 0, 0, , 0, 0, 0, 0, 0, 
90, 0, 93, -1, -1, 164, 161, 157.0, 9, , 29, 0, 0, 0, , 0, 0, 0, 0, 0, 
91, 0, 94, -1, -1, 150, 157, 160.0, 8, , 5, 0, 0, 0, , 0, 0, 0, 0, 0, 
92, 0, 95, -1, -1, 96, 69, 167.0, 9, , 11, 0, 0, 0, , 0, 0, 0, 0, 0, 
93, 0, 96, -1, -1, 150, 149, 164.0, 7, , 13, 0, 0, 0, , 0, 0, 0, 0, 0, 
94, 0, 97, -1, -1, 102, 63, 97.0, 8, , 2, 0, 0, 0, , 0, 0, 0, 0, 0, 
95, 0, 98, -1, -1, 55, 146, 107.0, 8, , 10, 0, 0, 0, , 0, 0, 0, 0, 0, 
96, 0, 99, -1, -1, 261, 173, 130.0, 9, , 21, 0, 0, 0, , 0, 0, 0, 0, 0, 
97, 0, 100, -1, -1, 268, 68, 140.0, 8, , 3, 0, 0, 0, , 0, 0, 0, 0, 0, 
98, 0, 101, -1, -1, 91, 64, 153.0, 8, , 29, 0, 0, 0, , 0, 0, 0, 0, 0, 
99, 0, 102, -1, -1, 320, 98, 164.0, 8, , 2, 0, 0, 0, , 0, 0, 0, 0, 0, 
100, 0, 103, -1, -1, 72, 93, 166.0, 7, , 20, 0, 0, 0, , 0, 0, 0, 0, 0, 
101, 0, 104, -1, -1, 201, 154, 165.0, 7, , 18, 0, 0, 0, , 0, 0, 0, 0, 0, 
102, 0, 105, -1, -1, 206, 157, 171.0, 8, , 4, 0, 0, 0, , 0, 0, 0, 0, 0, 
103, 0, 106, -1, -1, 228, 102, 174.0, 9, , 32, 0, 0, 0, , 0, 0, 0, 0, 0, 
104, 0, 107, -1, -1, 248, 123, 180.0, 9, , 98, 0, 0, 0, , 0, 0, 0, 0, 0, 
105, 0, 108, -1, -1, 262, 118, 179.0, 7, , 8, 0, 0, 0, , 0, 0, 0, 0, 0, 
106, 0, 109, -1, -1, 197, 74, 180.0, 8, , 6, 0, 0, 0, , 0, 0, 0, 0, 0, 
107, 0, 110, -1, -1, 104, 70, 188.0, 9, , 55, 0, 0, 0, , 0, 0, 0, 0, 0, 
108, 0, -1, -1, -1, 170, 157, 152.0, 7, , 19, 0, 0, 0, , 0, 0, 0, 0, 0, 
109, 0, -1, -1, -1, 256, 78, 186.0, 9, , 19, 0, 0, 0, , 0, 0, 0, 0, 0, 
110, 0, -1, -1, -1, 198, 164, 141.0, 8, , 48, 0, 0, 0, , 0, 0, 0, 0, 0, 
111, 0, -1, -1, -1, 281, 68, 161.0, 8, , 38, 0, 0, 0, , 0, 0, 0, 0, 0, 
112, 0, -1, -1, -1, 96, 72, 95.0, 7, , 6, 0, 0, 0, , 0, 0, 0, 0, 0, 
113, 0, -1, -1, -1, 59, 149, 99.0, 7, , 13, 0, 0, 0, , 0, 0, 0, 0, 0, 
114, 0, -1, -1, -1, 62, 141, 100.0, 8, , 2, 0, 0, 0, , 0, 0, 0, 0, 0, 
115, 0, -1, -1, -1, 101, 57, 126.0, 9, , 7, 0, 0, 0, , 0, 0, 0, 0, 0, 
116, 0, -1, -1, -1, 108, 48, 137.0, 8, , 3, 0, 0, 0, , 0, 0, 0, 0, 0, 
117, 0, -1, -1, -1, 193, 163, 137.0, 8, , 20, 0, 0, 0, , 0, 0, 0, 0, 0, 
118, 0, -1, -1, -1, 152, 40, 140.0, 8, , 1, 0, 0, 0, , 0, 0, 0, 0, 0, 
119, 0, -1, -1, -1, 85, 94, 146.0, 7, , 16, 0, 0, 0, , 0, 0, 0, 0, 0, 
120, 0, -1, -1, -1, 76, 140, 149.0, 8, , 3, 0, 0, 0, , 0, 0, 0, 0, 0, 
121, 0, -1, -1, -1, 94, 72, 153.0, 8, , 9, 0, 0, 0, , 0, 0, 0, 0, 0, 
122, 0, -1, -1, -1, 169, 161, 163.0, 7, , 7, 0, 0, 0, , 0, 0, 0, 0, 0, 
123, 0, -1, -1, -1, 206, 74, 169.0, 7, , 6, 0, 0, 0, , 0, 0, 0, 0, 0, 
124, 0, -1, -1, -1, 229, 99, 170.0, 9, , 18, 0, 0, 0, , 0, 0, 0, 0, 0, 
125, 0, -1, -1, -1, 282, 65, 172.0, 9, , 6, 0, 0, 0, , 0, 0, 0, 0, 0, 
126, 0, -1, -1, -1, 169, 62, 177.0, 8, , 13, 0, 0, 0, , 0, 0, 0, 0, 0, 
127, 0, -1, -1, -1, 109, 73, 193.0, 7, , 19, 0, 0, 0, , 0, 0, 0, 0, 0, 
128, 0, -1, -1, -1, 140, 95, 194.0, 8, , 9, 0, 0, 0, , 0, 0, 0, 0, 0, 
129, 0, -1, -1, -1, 256, 82, 197.0, 8, , 14, 0, 0, 0, , 0, 0, 0, 0, 0, 
130, 0, -1, -1, -1, 145, 104, 199.0, 8, , 4, 0, 0, 0, , 0, 0, 0, 0, 0, 
131, 0, -1, -1, -1, 236, 102, 90.0, 8, , 3, 0, 0, 0, , 0, 0, 0, 0, 0, 
132, 0, -1, -1, -1, 190, 171, 147.0, 8, , 7, 0, 0, 0, , 0, 0, 0, 0, 0, 
133, 1, 111, 113, -1, 257, 168, 131.0, 22, Da, 0, 0, 0, 0, , 0, 0, 0, 0, 0, 
134, 1, 112, 114, -1, 256, 118, 129.0, 26, Epr, 0, 0, 0, 0, , 0, 0, 0, 0, 0, 
135, 1, 113, 115, -1, 186, 47, 120.0, 19, ABpraaap, 0, 0, 0, 0, , 0, 0, 0, 0, 0, 
136, 1, 114, 116, -1, 200, 74, 177.0, 19, ABarappp, 0, 0, 0, 0, , 0, 0, 0, 0, 0, 
137, 1, 115, 117, -1, 170, 65, 189.0, 21, ABarappa, 0, 0, 0, 0, , 0, 0, 0, 0, 0, 
138, 0, 116, -1, -1, 119, 71, 177.80852, 17, , 0, 0, 0, 0, , 0, 0, 0, 0, 0, 
139, 0, 117, -1, -1, 117, 67, 183.66667, 21, , 0, 0, 0, 0, , 0, 0, 0, 0, 0, 
140, 1, 117, 120, -1, 110, 71, 185.0, 21, ABarapaa, 0, 0, 0, 0, , 0, 0, 0, 0, 0, 
141, 1, 118, 121, -1, 142, 58, 179.0, 21, ABarapap, 0, 0, 0, 0, , 0, 0, 0, 0, 0, 
142, 1, 119, 122, -1, 100, 102, 192.0, 22, ABaraapa, 0, 0, 0, 0, , 0, 0, 0, 0, 0, 
143, 1, 120, 123, -1, 143, 102, 201.0, 21, ABaraapp, 0, 0, 0, 0, , 0, 0, 0, 0, 0, 
144, 1, 121, 124, -1, 97, 70, 157.0, 21, ABaraaap, 0, 0, 0, 0, , 0, 0, 0, 0, 0, 
145, 1, 122, 125, -1, 72, 95, 175.0, 19, ABaraaaa, 0, 0, 0, 0, , 0, 0, 0, 0, 0, 
146, 1, 123, 126, -1, 76, 130, 120.0, 23, ABalpaap, 0, 0, 0, 0, , 0, 0, 0, 0, 0, 
147, 1, 124, 127, -1, 44, 124, 133.0, 21, ABalpaaa, 0, 0, 0, 0, , 0, 0, 0, 0, 0, 
148, 1, 125, 128, -1, 117, 162, 150.0, 23, ABalpapp, 0, 0, 0, 0, , 0, 0, 0, 0, 0, 
149, 1, 126, 129, -1, 61, 147, 101.0, 21, ABalppaa, 0, 0, 0, 0, , 0, 0, 0, 0, 0, 
150, 1, 127, 130, -1, 95, 167, 115.0, 21, ABalppap, 0, 0, 0, 0, , 0, 0, 0, 0, 0, 
151, 1, 128, 131, -1, 75, 149, 147.0, 21, ABalpapa, 0, 0, 0, 0, , 0, 0, 0, 0, 0, 
152, 1, 129, 132, -1, 106, 132, 124.0, 19, ABalpppa, 0, 0, 0, 0, , 0, 0, 0, 0, 0, 
153, 1, 130, 133, -1, 141, 143, 114.0, 18, ABalpppp, 0, 0, 0, 0, , 0, 0, 0, 0, 0, 
154, 1, 131, 134, -1, 53, 111, 158.0, 21, ABalaaaa, 0, 0, 0, 0, , 0, 0, 0, 0, 0, 
155, 1, 132, 135, -1, 67, 85, 131.0, 20, ABalaaap, 0, 0, 0, 0, , 0, 0, 0, 0, 0, 
156, 1, 133, 136, -1, 78, 99, 153.0, 19, ABalaapa, 0, 0, 0, 0, , 0, 0, 0, 0, 0, 
157, 1, 134, 137, -1, 121, 102, 147.0, 21, ABalaapp, 0, 0, 0, 0, , 0, 0, 0, 0, 0, 
158, 1, 135, 138, -1, 57, 90, 105.0, 21, ABalapaa, 0, 0, 0, 0, , 0, 0, 0, 0, 0, 
159, 1, 136, 139, -1, 94, 65, 103.0, 21, ABalapap, 0, 0, 0, 0, , 0, 0, 0, 0, 0, 
160, 1, 137, 140, -1, 102, 83, 123.0, 19, ABalappa, 0, 0, 0, 0, , 0, 0, 0, 0, 0, 
161, 1, 138, 141, -1, 148, 95, 110.0, 22, ABalappp, 0, 0, 0, 0, , 0, 0, 0, 0, 0, 
162, 1, 139, 142, -1, 152, 43, 148.0, 19, ABpraaaa, 0, 0, 0, 0, , 0, 0, 0, 0, 0, 
163, 1, 140, 143, -1, 191, 39, 157.2, 19, ABpraapa, 0, 0, 0, 0, , 0, 0, 0, 0, 0, 
164, 1, 141, 144, -1, 238, 55, 144.0, 13, ABpraapp, 0, 0, 0, 0, , 0, 0, 0, 0, 0, 
165, 1, 142, 145, -1, 274, 67, 134.0, 15, ABprappa, 0, 0, 0, 0, , 0, 0, 0, 0, 0, 
166, 1, 143, 146, -1, 297, 99, 115.0, 19, ABprappp, 0, 0, 0, 0, , 0, 0, 0, 0, 0, 
167, 1, 144, 147, -1, 213, 36, 130.0, 19, ABprapaa, 0, 0, 0, 0, , 0, 0, 0, 0, 0, 
168, 1, 145, 148, -1, 254, 56, 118.0, 20, ABprapap, 0, 0, 0, 0, , 0, 0, 0, 0, 0, 
169, 1, 147, 178, -1, 224, 91, 180.0, 16, MSppaa, 0, 0, 0, 0, , 0, 0, 0, 0, 0, 
170, 1, 147, 149, -1, 231, 99, 181.5, 16, MSppap, 0, 0, 0, 0, , 0, 0, 0, 0, 0, 
171, 1, 148, 150, 151, 251, 119, 175.0, 16, MSppp, 0, 0, 0, 0, , 0, 0, 0, 0, 0, 
172, 1, 149, 152, -1, 223, 134, 125.0, 20, Epl, 0, 0, 0, 0, , 0, 0, 0, 0, 0, 
173, 0, 150, -1, -1, 250, 111, 109.25714, 19, , 0, 0, 0, 0, , 0, 0, 0, 0, 0, 
174, 1, 151, 154, -1, 149, 158, 69.0, 17, ABplppaa, 0, 0, 0, 0, , 0, 0, 0, 0, 0, 
175, 1, 152, 155, -1, 182, 161, 83.333336, 16, ABplppap, 0, 0, 0, 0, , 0, 0, 0, 0, 0, 
176, 1, 153, 156, -1, 194, 172, 101.0, 17, ABplpppa, 0, 0, 0, 0, , 0, 0, 0, 0, 0, 
177, 1, 154, 157, -1, 232, 177, 108.0, 16, ABplpppp, 0, 0, 0, 0, , 0, 0, 0, 0, 0, 
178, 1, 155, 158, -1, 129, 174, 121.0, 17, ABplpapa, 0, 0, 0, 0, , 0, 0, 0, 0, 0, 
179, 1, 156, 159, -1, 93, 151, 75.0, 21, ABplpaaa, 0, 0, 0, 0, , 0, 0, 0, 0, 0, 
180, 1, 157, 160, -1, 127, 159, 90.0, 19, ABplpaap, 0, 0, 0, 0, , 0, 0, 0, 0, 0, 
181, 1, 158, 161, -1, 163, 169, 102.4, 19, ABplpapp, 0, 0, 0, 0, , 0, 0, 0, 0, 0, 
182, 1, 159, 162, -1, 219, 49, 175.0, 16, ABprpaaa, 0, 0, 0, 0, , 0, 0, 0, 0, 0, 
183, 1, 160, 163, -1, 257, 61, 165.875, 19, ABprpaap, 0, 0, 0, 0, , 0, 0, 0, 0, 0, 
184, 1, 161, 165, -1, 263, 81, 187.0, 21, ABprpapa, 0, 0, 0, 0, , 0, 0, 0, 0, 0, 
185, 1, 162, 164, -1, 284, 96, 169.5, 17, ABprpapp, 0, 0, 0, 0, , 0, 0, 0, 0, 0, 
186, 1, 163, 166, -1, 286, 67, 162.0, 16, ABprppaa, 0, 0, 0, 0, , 0, 0, 0, 0, 0, 
187, 1, 164, 167, -1, 304, 80, 143.0, 16, ABprppap, 0, 0, 0, 0, , 0, 0, 0, 0, 0, 
188, 1, 165, 168, -1, 321, 97, 161.55556, 16, ABprpppa, 0, 0, 0, 0, , 0, 0, 0, 0, 0, 
189, 1, 166, 169, -1, 297, 125, 164.0, 17, ABprpppp, 0, 0, 0, 0, , 0, 0, 0, 0, 0, 
190, 1, 167, 170, -1, 95, 122, 163.0, 15, MSaaaa, 0, 0, 0, 0, , 0, 0, 0, 0, 0, 
191, 1, 168, 171, -1, 130, 132, 162.0, 15, MSaaap, 0, 0, 0, 0, , 0, 0, 0, 0, 0, 
192, 1, 169, 172, -1, 144, 141, 186.5, 18, MSaapa, 0, 0, 0, 0, , 0, 0, 0, 0, 0, 
193, 1, 170, 173, -1, 177, 146, 184.0, 16, MSaapp, 0, 0, 0, 0, , 0, 0, 0, 0, 0, 
194, 1, 171, 175, -1, 150, 150, 151.0, 16, MSapaa, 0, 0, 0, 0, , 0, 0, 0, 0, 0, 
195, 1, 171, 174, -1, 165, 159, 150.0, 16, MSapap, 0, 0, 0, 0, , 0, 0, 0, 0, 0, 
196, 1, 172, 176, 177, 195, 165, 136.0, 16, MSapp, 0, 0, 0, 0, , 0, 0, 0, 0, 0, 
197, 1, 174, 179, -1, 149, 91, 175.0, 15, MSpaaa, 0, 0, 0, 0, , 0, 0, 0, 0, 0, 
198, 1, 173, 180, -1, 182, 107, 179.0, 15, MSpaap, 0, 0, 0, 0, , 0, 0, 0, 0, 0, 
199, 1, 175, 181, -1, 191, 121, 195.0, 16, MSpapa, 0, 0, 0, 0, , 0, 0, 0, 0, 0, 
200, 1, 176, 182, -1, 224, 135, 188.0, 16, MSpapp, 0, 0, 0, 0, , 0, 0, 0, 0, 0, 
201, 1, 177, 183, -1, 176, 122, 136.0, 23, Eal, 0, 0, 0, 0, , 0, 0, 0, 0, 0, 
202, 1, 146, 184, -1, 201, 91, 144.0, 23, Ear, 0, 0, 0, 0, , 0, 0, 0, 0, 0, 
203, 1, 178, 185, -1, 199, 111, 66.0, 17, Caaa, 0, 0, 0, 0, , 0, 0, 0, 0, 0, 
204, 1, 179, 186, -1, 250, 124, 67.0, 17, Caap, 0, 0, 0, 0, , 0, 0, 0, 0, 0, 
205, 1, 180, 187, -1, 220, 146, 84.0, 17, Capa, 0, 0, 0, 0, , 0, 0, 0, 0, 0, 
206, 1, 181, 188, -1, 260, 156, 87.0, 19, Capp, 0, 0, 0, 0, , 0, 0, 0, 0, 0, 
207, 1, 182, 189, -1, 260, 82, 89.0, 19, Cpaa, 0, 0, 0, 0, , 0, 0, 0, 0, 0, 
208, 1, 183, 190, -1, 282, 125, 86.0, 19, Cpap, 0, 0, 0, 0, , 0, 0, 0, 0, 0, 
209, 1, 184, 191, -1, 296, 155, 98.0, 17, Cppp, 0, 0, 0, 0, , 0, 0, 0, 0, 0, 
210, 1, 185, 192, -1, 319, 126, 115.0, 17, Cppa, 0, 0, 0, 0, , 0, 0, 0, 0, 0, 
211, 1, 186, 193, -1, 291, 143, 143.0, 18, Dp, 0, 0, 0, 0, , 0, 0, 0, 0, 0, 
212, 1, 187, 194, -1, 260, 147, 170.0, 18, Z2, 0, 0, 0, 0, , 0, 0, 0, 0, 0, 
213, 1, 188, 195, -1, 200, 154, 177.0, 16, Z3, 0, 0, 0, 0, , 0, 0, 0, 0, 0, 
214, 1, 189, 196, -1, 100, 52, 137.0, 16, ABarpaaa, 0, 0, 0, 0, , 0, 0, 0, 0, 0, 
215, 1, 190, 197, -1, 128, 57, 105.0, 19, ABarpaap, 0, 0, 0, 0, , 0, 0, 0, 0, 0, 
216, 1, 191, 198, -1, 129, 75, 143.0, 19, ABarpapa, 0, 0, 0, 0, , 0, 0, 0, 0, 0, 
217, 1, 192, 199, -1, 168, 69, 125.0, 18, ABarpapp, 0, 0, 0, 0, , 0, 0, 0, 0, 0, 
218, 1, 193, 200, -1, 161, 52, 94.0, 19, ABarppaa, 0, 0, 0, 0, , 0, 0, 0, 0, 0, 
219, 1, 194, 201, -1, 190, 75, 82.0, 19, ABarppap, 0, 0, 0, 0, , 0, 0, 0, 0, 0, 
220, 1, 195, 202, -1, 206, 65, 112.0, 18, ABarpppa, 0, 0, 0, 0, , 0, 0, 0, 0, 0, 
221, 1, 196, 203, -1, 236, 97, 98.0, 18, ABarpppp, 0, 0, 0, 0, , 0, 0, 0, 0, 0, 
222, 1, 197, 204, -1, 66, 103, 81.0, 17, ABplaaaa, 0, 0, 0, 0, , 0, 0, 0, 0, 0, 
223, 1, 198, 205, -1, 104, 85, 76.0, 17, ABplaaap, 0, 0, 0, 0, , 0, 0, 0, 0, 0, 
224, 1, 199, 206, -1, 85, 124, 76.0, 17, ABplaapa, 0, 0, 0, 0, , 0, 0, 0, 0, 0, 
225, 1, 200, 207, -1, 129, 121, 85.0, 17, ABplaapp, 0, 0, 0, 0, , 0, 0, 0, 0, 0, 
226, 1, 201, 208, -1, 115, 102, 59.0, 17, ABplapaa, 0, 0, 0, 0, , 0, 0, 0, 0, 0, 
227, 1, 202, 209, -1, 157, 95, 66.0, 18, ABplapap, 0, 0, 0, 0, , 0, 0, 0, 0, 0, 
228, 1, 203, 210, -1, 158, 124, 66.0, 19, ABplappa, 0, 0, 0, 0, , 0, 0, 0, 0, 0, 
229, 1, 204, 211, -1, 190, 137, 95.0, 17, ABplappp, 0, 0, 0, 0, , 0, 0, 0, 0, 0, 
