1, 0, 1, -1, -1, 199, 148, 167.0, 7, , 60, 0, 0, 0, , 0, 0, 0, 0, 0, 
2, 0, 2, -1, -1, 45, 111, 88.0, 7, , 33, 0, 0, 0, , 0, 0, 0, 0, 0, 
3, 0, 3, -1, -1, 155, 49, 144.0, 7, , 17, 0, 0, 0, , 0, 0, 0, 0, 0, 
4, 0, 4, -1, -1, 221, 45, 172.0, 7, , 24, 0, 0, 0, , 0, 0, 0, 0, 0, 
5, 0, 5, -1, -1, 148, 61, 181.0, 8, , 16, 0, 0, 0, , 0, 0, 0, 0, 0, 
6, 0, 7, -1, -1, 92, 52, 128.0, 8, , 2, 0, 0, 0, , 0, 0, 0, 0, 0, 
7, 0, 8, -1, -1, 222, 54, 175.0, 8, , 4, 0, 0, 0, , 0, 0, 0, 0, 0, 
8, 0, 9, -1, -1, 174, 60, 190.0, 7, , 3, 0, 0, 0, , 0, 0, 0, 0, 0, 
9, 0, 11, -1, -1, 246, 66, 176.0, 9, , 13, 0, 0, 0, , 0, 0, 0, 0, 0, 
10, 0, 12, -1, -1, 102, 103, 202.0, 9, , 8, 0, 0, 0, , 0, 0, 0, 0, 0, 
11, 0, 15, -1, -1, 72, 92, 177.0, 8, , 30, 0, 0, 0, , 0, 0, 0, 0, 0, 
12, 0, 17, -1, -1, 141, 105, 195.0, 8, , 5, 0, 0, 0, , 0, 0, 0, 0, 0, 
13, 0, 18, -1, -1, 197, 128, 192.0, 7, , 14, 0, 0, 0, , 0, 0, 0, 0, 0, 
14, 0, 19, -1, -1, 48, 113, 75.0, 7, , 12, 0, 0, 0, , 0, 0, 0, 0, 0, 
15, 0, 20, -1, -1, 47, 113, 79.0, 9, , 226, 0, 0, 0, , 0, 0, 0, 0, 0, 
16, 0, 21, -1, -1, 76, 86, 176.0, 7, , 5, 0, 0, 0, , 0, 0, 0, 0, 0, 
17, 0, 22, -1, -1, 233, 98, 95.0, 8, , 3, 0, 0, 0, , 0, 0, 0, 0, 0, 
18, 0, 23, -1, -1, 143, 63, 176.0, 7, , 6, 0, 0, 0, , 0, 0, 0, 0, 0, 
19, 0, 24, -1, -1, 166, 62, 184.0, 7, , 11, 0, 0, 0, , 0, 0, 0, 0, 0, 
20, 0, 26, -1, -1, 275, 65, 165.0, 7, , 11, 0, 0, 0, , 0, 0, 0, 0, 0, 
21, 0, 27, -1, -1, 132, 125, 166.0, 8, , 4, 0, 0, 0, , 0, 0, 0, 0, 0, 
22, 0, 28, -1, -1, 149, 100, 174.0, 7, , 14, 0, 0, 0, , 0, 0, 0, 0, 0, 
23, 0, 30, -1, -1, 178, 113, 186.0, 8, , 1, 0, 0, 0, , 0, 0, 0, 0, 0, 
24, 0, 33, -1, -1, 217, 44, 170.0, 9, , 49, 0, 0, 0, , 0, 0, 0, 0, 0, 
25, 0, 35, -1, -1, 131, 130, 169.0, 8, , 7, 0, 0, 0, , 0, 0, 0, 0, 0, 
26, 0, 36, -1, -1, 253, 122, 175.0, 8, , 26, 0, 0, 0, , 0, 0, 0, 0, 0, 
27, 0, 37, -1, -1, 103, 72, 191.0, 8, , 11, 0, 0, 0, , 0, 0, 0, 0, 0, 
28, 0, 38, -1, -1, 46, 119, 148.0, 7, , 3, 0, 0, 0, , 0, 0, 0, 0, 0, 
29, 0, 40, -1, -1, 209, 90, 189.0, 7, , 40, 0, 0, 0, , 0, 0, 0, 0, 0, 
30, 0, 41, -1, -1, 227, 103, 189.0, 9, , 34, 0, 0, 0, , 0, 0, 0, 0, 0, 
31, 0, 42, -1, -1, 71, 92, 182.0, 9, , 33, 0, 0, 0, , 0, 0, 0, 0, 0, 
32, 0, 43, -1, -1, 73, 98, 170.0, 7, , 10, 0, 0, 0, , 0, 0, 0, 0, 0, 
33, 0, 44, -1, -1, 196, 152, 167.0, 8, , 5, 0, 0, 0, , 0, 0, 0, 0, 0, 
34, 0, 45, -1, -1, 235, 108, 182.0, 8, , 18, 0, 0, 0, , 0, 0, 0, 0, 0, 
35, 0, 46, -1, -1, 225, 101, 181.0, 8, , 44, 0, 0, 0, , 0, 0, 0, 0, 0, 
36, 0, 47, -1, -1, 231, 104, 176.0, 8, , 22, 0, 0, 0, , 0, 0, 0, 0, 0, 
37, 0, 48, -1, -1, 254, 120, 188.0, 8, , 9, 0, 0, 0, , 0, 0, 0, 0, 0, 
38, 0, 49, -1, -1, 93, 72, 160.0, 8, , 22, 0, 0, 0, , 0, 0, 0, 0, 0, 
39, 0, 51, -1, -1, 200, 126, 197.0, 7, , 12, 0, 0, 0, , 0, 0, 0, 0, 0, 
40, 0, 53, -1, -1, 58, 81, 131.0, 8, , 4, 0, 0, 0, , 0, 0, 0, 0, 0, 
41, 0, 54, -1, -1, 186, 163, 135.0, 7, , 11, 0, 0, 0, , 0, 0, 0, 0, 0, 
42, 0, 56, -1, -1, 187, 166, 143.0, 8, , 33, 0, 0, 0, , 0, 0, 0, 0, 0, 
43, 0, 57, -1, -1, 169, 164, 145.0, 8, , 9, 0, 0, 0, , 0, 0, 0, 0, 0, 
44, 0, 58, -1, -1, 76, 147, 147.0, 9, , 23, 0, 0, 0, , 0, 0, 0, 0, 0, 
45, 0, 59, -1, -1, 85, 94, 142.0, 7, , 20, 0, 0, 0, , 0, 0, 0, 0, 0, 
46, 0, 60, -1, -1, 156, 42, 152.0, 7, , 17, 0, 0, 0, , 0, 0, 0, 0, 0, 
47, 0, 63, -1, -1, 154, 42, 155.0, 8, , 3, 0, 0, 0, , 0, 0, 0, 0, 0, 
48, 0, 65, -1, -1, 216, 48, 165.0, 9, , 29, 0, 0, 0, , 0, 0, 0, 0, 0, 
49, 0, 66, -1, -1, 198, 159, 167.0, 7, , 20, 0, 0, 0, , 0, 0, 0, 0, 0, 
50, 0, 67, -1, -1, 257, 142, 166.0, 8, , 50, 0, 0, 0, , 0, 0, 0, 0, 0, 
51, 0, 68, -1, -1, 272, 144, 168.0, 8, , 17, 0, 0, 0, , 0, 0, 0, 0, 0, 
52, 0, 71, -1, -1, 261, 124, 170.0, 8, , 14, 0, 0, 0, , 0, 0, 0, 0, 0, 
53, 0, 72, -1, -1, 139, 57, 178.0, 7, , 5, 0, 0, 0, , 0, 0, 0, 0, 0, 
54, 0, 73, -1, -1, 263, 126, 181.0, 8, , 29, 0, 0, 0, , 0, 0, 0, 0, 0, 
55, 0, 76, -1, -1, 46, 112, 85.0, 9, , 215, 0, 0, 0, , 0, 0, 0, 0, 0, 
56, 0, 77, -1, -1, 98, 50, 124.0, 8, , 12, 0, 0, 0, , 0, 0, 0, 0, 0, 
57, 0, 79, -1, -1, 142, 41, 146.0, 7, , 9, 0, 0, 0, , 0, 0, 0, 0, 0, 
58, 0, 80, -1, -1, 141, 144, 151.0, 8, , 7, 0, 0, 0, , 0, 0, 0, 0, 0, 
59, 0, 81, -1, -1, 81, 91, 151.0, 7, , 4, 0, 0, 0, , 0, 0, 0, 0, 0, 
60, 0, 82, -1, -1, 133, 132, 159.0, 8, , 6, 0, 0, 0, , 0, 0, 0, 0, 0, 
61, 0, 83, -1, -1, 145, 94, 170.0, 9, , 5, 0, 0, 0, , 0, 0, 0, 0, 0, 
62, 0, 84, -1, -1, 151, 98, 178.0, 9, , 26, 0, 0, 0, , 0, 0, 0, 0, 0, 
63, 0, 85, -1, -1, 79, 86, 172.0, 8, , 18, 0, 0, 0, , 0, 0, 0, 0, 0, 
64, 0, 88, -1, -1, 252, 124, 185.0, 8, , 17, 0, 0, 0, , 0, 0, 0, 0, 0, 
65, 0, 89, -1, -1, 198, 117, 197.0, 7, , 4, 0, 0, 0, , 0, 0, 0, 0, 0, 
66, 0, 90, -1, -1, 167, 165, 156.0, 8, , 25, 0, 0, 0, , 0, 0, 0, 0, 0, 
67, 0, 91, -1, -1, 141, 149, 159.0, 8, , 11, 0, 0, 0, , 0, 0, 0, 0, 0, 
68, 0, 92, -1, -1, 99, 76, 165.0, 9, , 6, 0, 0, 0, , 0, 0, 0, 0, 0, 
69, 0, 93, -1, -1, 141, 146, 162.0, 11, , 19, 0, 0, 0, , 0, 0, 0, 0, 0, 
70, 0, 95, -1, -1, 56, 143, 107.0, 8, , 10, 0, 0, 0, , 0, 0, 0, 0, 0, 
71, 0, 98, -1, -1, 97, 67, 152.0, 7, , 15, 0, 0, 0, , 0, 0, 0, 0, 0, 
72, 0, 99, -1, -1, 318, 98, 165.0, 11, , 6, 0, 0, 0, , 0, 0, 0, 0, 0, 
73, 0, 100, -1, -1, 73, 90, 167.0, 9, , 41, 0, 0, 0, , 0, 0, 0, 0, 0, 
74, 0, 101, -1, -1, 198, 150, 164.0, 9, , 7, 0, 0, 0, , 0, 0, 0, 0, 0, 
75, 0, 102, -1, -1, 207, 156, 172.0, 9, , 14, 0, 0, 0, , 0, 0, 0, 0, 0, 
76, 0, 103, -1, -1, 230, 108, 172.0, 8, , 14, 0, 0, 0, , 0, 0, 0, 0, 0, 
77, 0, 105, -1, -1, 257, 118, 180.0, 8, , 23, 0, 0, 0, , 0, 0, 0, 0, 0, 
78, 0, 106, -1, -1, 202, 70, 181.0, 8, , 3, 0, 0, 0, , 0, 0, 0, 0, 0, 
79, 0, 109, -1, -1, 255, 88, 188.0, 8, , 4, 0, 0, 0, , 0, 0, 0, 0, 0, 
80, 0, 111, -1, -1, 284, 68, 163.0, 8, , 4, 0, 0, 0, , 0, 0, 0, 0, 0, 
81, 0, 112, -1, -1, 96, 75, 94.0, 7, , 4, 0, 0, 0, , 0, 0, 0, 0, 0, 
82, 0, 113, -1, -1, 58, 148, 99.0, 9, , 13, 0, 0, 0, , 0, 0, 0, 0, 0, 
83, 0, 114, -1, -1, 59, 151, 102.0, 8, , 3, 0, 0, 0, , 0, 0, 0, 0, 0, 
84, 0, 115, -1, -1, 107, 58, 125.0, 7, , 15, 0, 0, 0, , 0, 0, 0, 0, 0, 
85, 0, 116, -1, -1, 106, 49, 136.0, 8, , 8, 0, 0, 0, , 0, 0, 0, 0, 0, 
86, 0, 117, -1, -1, 189, 165, 139.0, 8, , 23, 0, 0, 0, , 0, 0, 0, 0, 0, 
87, 0, 118, -1, -1, 150, 45, 139.0, 8, , 5, 0, 0, 0, , 0, 0, 0, 0, 0, 
88, 0, 121, -1, -1, 92, 75, 153.0, 8, , 6, 0, 0, 0, , 0, 0, 0, 0, 0, 
89, 0, 122, -1, -1, 168, 166, 160.0, 7, , 28, 0, 0, 0, , 0, 0, 0, 0, 0, 
90, 0, 124, -1, -1, 236, 104, 172.0, 8, , 38, 0, 0, 0, , 0, 0, 0, 0, 0, 
91, 0, 125, -1, -1, 286, 66, 173.0, 9, , 14, 0, 0, 0, , 0, 0, 0, 0, 0, 
92, 0, 126, -1, -1, 170, 58, 177.0, 8, , 8, 0, 0, 0, , 0, 0, 0, 0, 0, 
93, 0, 127, -1, -1, 109, 71, 196.0, 7, , 5, 0, 0, 0, , 0, 0, 0, 0, 0, 
94, 0, 128, -1, -1, 138, 105, 195.0, 8, , 13, 0, 0, 0, , 0, 0, 0, 0, 0, 
95, 0, 129, -1, -1, 243, 81, 197.0, 8, , 2, 0, 0, 0, , 0, 0, 0, 0, 0, 
96, 0, 130, -1, -1, 141, 98, 197.0, 8, , 6, 0, 0, 0, , 0, 0, 0, 0, 0, 
97, 0, 131, -1, -1, 229, 97, 90.0, 8, , 27, 0, 0, 0, , 0, 0, 0, 0, 0, 
98, 0, 132, -1, -1, 187, 167, 146.0, 9, , 25, 0, 0, 0, , 0, 0, 0, 0, 0, 
99, 0, -1, -1, -1, 219, 170, 132.0, 9, , 31, 0, 0, 0, , 0, 0, 0, 0, 0, 
100, 0, -1, -1, -1, 218, 173, 139.0, 11, , 86, 0, 0, 0, , 0, 0, 0, 0, 0, 
101, 0, -1, -1, -1, 209, 91, 194.0, 8, , 47, 0, 0, 0, , 0, 0, 0, 0, 0, 
102, 0, -1, -1, -1, 49, 113, 93.0, 8, , 2, 0, 0, 0, , 0, 0, 0, 0, 0, 
103, 0, -1, -1, -1, 305, 99, 115.0, 8, , 6, 0, 0, 0, , 0, 0, 0, 0, 0, 
104, 0, -1, -1, -1, 267, 174, 123.0, 7, , 4, 0, 0, 0, , 0, 0, 0, 0, 0, 
105, 0, -1, -1, -1, 40, 123, 139.0, 7, , 10, 0, 0, 0, , 0, 0, 0, 0, 0, 
106, 0, -1, -1, -1, 141, 146, 155.0, 9, , 71, 0, 0, 0, , 0, 0, 0, 0, 0, 
107, 0, -1, -1, -1, 199, 42, 156.0, 7, , 6, 0, 0, 0, , 0, 0, 0, 0, 0, 
108, 0, -1, -1, -1, 259, 150, 163.0, 8, , 10, 0, 0, 0, , 0, 0, 0, 0, 0, 
109, 0, -1, -1, -1, 245, 60, 167.0, 7, , 8, 0, 0, 0, , 0, 0, 0, 0, 0, 
110, 0, -1, -1, -1, 289, 96, 168.0, 8, , 2, 0, 0, 0, , 0, 0, 0, 0, 0, 
111, 0, -1, -1, -1, 209, 91, 187.0, 7, , 42, 0, 0, 0, , 0, 0, 0, 0, 0, 
112, 0, -1, -1, -1, 264, 125, 176.0, 7, , 21, 0, 0, 0, , 0, 0, 0, 0, 0, 
113, 1, 133, 164, -1, 261, 166, 128.0, 22, Da, 0, 0, 0, 0, , 0, 0, 0, 0, 0, 
114, 1, 134, 165, -1, 257, 115, 129.0, 24, Epr, 0, 0, 0, 0, , 0, 0, 0, 0, 0, 
115, 1, 135, 166, -1, 185, 46, 120.0, 18, ABpraaap, 0, 0, 0, 0, , 0, 0, 0, 0, 0, 
116, 1, 136, 167, -1, 197, 70, 174.5, 19, ABarappp, 0, 0, 0, 0, , 0, 0, 0, 0, 0, 
117, 1, 137, 168, -1, 168, 64, 189.0, 21, ABarappa, 0, 0, 0, 0, , 0, 0, 0, 0, 0, 
118, 0, 138, -1, -1, 119, 71, 178.04256, 17, , 0, 0, 0, 0, , 0, 0, 0, 0, 0, 
119, 0, 139, -1, -1, 118, 66, 183.6, 20, , 0, 0, 0, 0, , 0, 0, 0, 0, 0, 
120, 1, 140, 171, -1, 109, 72, 186.0, 21, ABarapaa, 0, 0, 0, 0, , 0, 0, 0, 0, 0, 
121, 1, 141, 172, -1, 141, 63, 182.0, 21, ABarapap, 0, 0, 0, 0, , 0, 0, 0, 0, 0, 
122, 1, 142, 173, -1, 101, 104, 193.0, 22, ABaraapa, 0, 0, 0, 0, , 0, 0, 0, 0, 0, 
123, 1, 143, 174, -1, 147, 104, 203.0, 21, ABaraapp, 0, 0, 0, 0, , 0, 0, 0, 0, 0, 
124, 1, 144, 175, -1, 100, 73, 156.0, 21, ABaraaap, 0, 0, 0, 0, , 0, 0, 0, 0, 0, 
125, 1, 145, 176, -1, 72, 92, 176.0, 19, ABaraaaa, 0, 0, 0, 0, , 0, 0, 0, 0, 0, 
126, 1, 146, 177, -1, 74, 131, 121.0, 23, ABalpaap, 0, 0, 0, 0, , 0, 0, 0, 0, 0, 
127, 1, 147, 178, -1, 43, 121, 132.0, 21, ABalpaaa, 0, 0, 0, 0, , 0, 0, 0, 0, 0, 
128, 1, 148, 179, -1, 114, 162, 153.0, 21, ABalpapp, 0, 0, 0, 0, , 0, 0, 0, 0, 0, 
129, 1, 149, 180, -1, 60, 148, 105.0, 21, ABalppaa, 0, 0, 0, 0, , 0, 0, 0, 0, 0, 
130, 1, 150, 181, -1, 95, 166, 118.0, 21, ABalppap, 0, 0, 0, 0, , 0, 0, 0, 0, 0, 
131, 1, 151, 182, -1, 70, 149, 148.0, 21, ABalpapa, 0, 0, 0, 0, , 0, 0, 0, 0, 0, 
132, 1, 152, 183, -1, 104, 134, 123.0, 19, ABalpppa, 0, 0, 0, 0, , 0, 0, 0, 0, 0, 
133, 1, 153, 184, -1, 142, 144, 114.0, 21, ABalpppp, 0, 0, 0, 0, , 0, 0, 0, 0, 0, 
134, 1, 154, 185, -1, 53, 108, 159.0, 21, ABalaaaa, 0, 0, 0, 0, , 0, 0, 0, 0, 0, 
135, 1, 155, 186, -1, 67, 84, 130.0, 22, ABalaaap, 0, 0, 0, 0, , 0, 0, 0, 0, 0, 
136, 1, 156, 187, -1, 79, 98, 150.0, 21, ABalaapa, 0, 0, 0, 0, , 0, 0, 0, 0, 0, 
137, 1, 157, 188, -1, 121, 103, 147.0, 21, ABalaapp, 0, 0, 0, 0, , 0, 0, 0, 0, 0, 
138, 1, 158, 189, -1, 58, 91, 104.0, 21, ABalapaa, 0, 0, 0, 0, , 0, 0, 0, 0, 0, 
139, 1, 159, 190, -1, 94, 68, 100.0, 21, ABalapap, 0, 0, 0, 0, , 0, 0, 0, 0, 0, 
140, 1, 160, 191, -1, 104, 83, 125.0, 19, ABalappa, 0, 0, 0, 0, , 0, 0, 0, 0, 0, 
141, 1, 161, 192, -1, 149, 96, 111.0, 20, ABalappp, 0, 0, 0, 0, , 0, 0, 0, 0, 0, 
142, 1, 162, 193, -1, 150, 44, 147.0, 19, ABpraaaa, 0, 0, 0, 0, , 0, 0, 0, 0, 0, 
143, 1, 163, 194, -1, 190, 39, 156.6, 20, ABpraapa, 0, 0, 0, 0, , 0, 0, 0, 0, 0, 
144, 1, 164, 195, -1, 237, 56, 145.0, 20, ABpraapp, 0, 0, 0, 0, , 0, 0, 0, 0, 0, 
145, 1, 165, 196, -1, 273, 69, 134.0, 21, ABprappa, 0, 0, 0, 0, , 0, 0, 0, 0, 0, 
146, 1, 166, 197, -1, 298, 99, 117.5, 19, ABprappp, 0, 0, 0, 0, , 0, 0, 0, 0, 0, 
147, 1, 167, 198, -1, 214, 35, 130.0, 17, ABprapaa, 0, 0, 0, 0, , 0, 0, 0, 0, 0, 
148, 1, 168, 199, -1, 253, 55, 118.0, 19, ABprapap, 0, 0, 0, 0, , 0, 0, 0, 0, 0, 
149, 1, 170, 228, -1, 232, 108, 178.0, 16, MSppap, 0, 0, 0, 0, , 0, 0, 0, 0, 0, 
150, 1, 171, 229, -1, 254, 120, 177.0, 16, MSpppa, 0, 0, 0, 0, , 0, 0, 0, 0, 0, 
151, 1, 171, 200, -1, 260, 126, 175.0, 16, MSpppp, 0, 0, 0, 0, , 0, 0, 0, 0, 0, 
152, 1, 172, 201, -1, 225, 135, 125.0, 20, Epl, 0, 0, 0, 0, , 0, 0, 0, 0, 0, 
153, 0, 173, -1, -1, 253, 111, 110.314285, 19, , 0, 0, 0, 0, , 0, 0, 0, 0, 0, 
154, 1, 174, 203, -1, 149, 159, 69.8, 17, ABplppaa, 0, 0, 0, 0, , 0, 0, 0, 0, 0, 
155, 1, 175, 204, -1, 180, 160, 84.0, 16, ABplppap, 0, 0, 0, 0, , 0, 0, 0, 0, 0, 
156, 1, 176, 205, -1, 194, 171, 101.0, 17, ABplpppa, 0, 0, 0, 0, , 0, 0, 0, 0, 0, 
157, 1, 177, 206, -1, 234, 177, 108.0, 16, ABplpppp, 0, 0, 0, 0, , 0, 0, 0, 0, 0, 
158, 1, 178, 207, -1, 128, 173, 123.0, 17, ABplpapa, 0, 0, 0, 0, , 0, 0, 0, 0, 0, 
159, 1, 179, 208, -1, 93, 154, 75.0, 21, ABplpaaa, 0, 0, 0, 0, , 0, 0, 0, 0, 0, 
160, 1, 180, 209, -1, 127, 159, 90.0, 19, ABplpaap, 0, 0, 0, 0, , 0, 0, 0, 0, 0, 
161, 1, 181, 210, -1, 165, 172, 102.8, 19, ABplpapp, 0, 0, 0, 0, , 0, 0, 0, 0, 0, 
162, 1, 182, 211, -1, 216, 49, 175.0, 16, ABprpaaa, 0, 0, 0, 0, , 0, 0, 0, 0, 0, 
163, 1, 183, 212, -1, 251, 66, 166.5, 19, ABprpaap, 0, 0, 0, 0, , 0, 0, 0, 0, 0, 
164, 1, 185, 213, -1, 281, 94, 171.25, 17, ABprpapp, 0, 0, 0, 0, , 0, 0, 0, 0, 0, 
165, 1, 184, 214, -1, 253, 84, 193.0, 19, ABprpapa, 0, 0, 0, 0, , 0, 0, 0, 0, 0, 
166, 1, 186, 215, -1, 281, 68, 167.0, 16, ABprppaa, 0, 0, 0, 0, , 0, 0, 0, 0, 0, 
167, 1, 187, 216, -1, 302, 78, 145.0, 16, ABprppap, 0, 0, 0, 0, , 0, 0, 0, 0, 0, 
168, 1, 188, 217, -1, 319, 97, 161.44444, 18, ABprpppa, 0, 0, 0, 0, , 0, 0, 0, 0, 0, 
169, 1, 189, 218, -1, 297, 122, 165.0, 17, ABprpppp, 0, 0, 0, 0, , 0, 0, 0, 0, 0, 
170, 1, 190, 219, -1, 90, 121, 163.0, 15, MSaaaa, 0, 0, 0, 0, , 0, 0, 0, 0, 0, 
171, 1, 191, 220, -1, 127, 131, 163.0, 15, MSaaap, 0, 0, 0, 0, , 0, 0, 0, 0, 0, 
172, 1, 192, 221, -1, 144, 142, 187.75, 18, MSaapa, 0, 0, 0, 0, , 0, 0, 0, 0, 0, 
173, 1, 193, 222, -1, 181, 147, 179.0, 16, MSaapp, 0, 0, 0, 0, , 0, 0, 0, 0, 0, 
174, 1, 195, 224, -1, 169, 165, 151.0, 16, MSapap, 0, 0, 0, 0, , 0, 0, 0, 0, 0, 
175, 1, 194, 223, -1, 141, 147, 153.0, 16, MSapaa, 0, 0, 0, 0, , 0, 0, 0, 0, 0, 
176, 1, 196, 226, -1, 188, 167, 136.0, 16, MSappa, 0, 0, 0, 0, , 0, 0, 0, 0, 0, 
177, 1, 196, 225, -1, 218, 172, 137.0, 16, MSappp, 0, 0, 0, 0, , 0, 0, 0, 0, 0, 
178, 1, 169, 227, -1, 208, 90, 185.0, 16, MSppaa, 0, 0, 0, 0, , 0, 0, 0, 0, 0, 
179, 1, 197, 230, -1, 149, 92, 171.0, 15, MSpaaa, 0, 0, 0, 0, , 0, 0, 0, 0, 0, 
180, 1, 198, 231, -1, 181, 111, 178.0, 15, MSpaap, 0, 0, 0, 0, , 0, 0, 0, 0, 0, 
181, 1, 199, 232, -1, 194, 124, 196.0, 16, MSpapa, 0, 0, 0, 0, , 0, 0, 0, 0, 0, 
182, 1, 200, 233, -1, 227, 140, 188.5, 18, MSpapp, 0, 0, 0, 0, , 0, 0, 0, 0, 0, 
183, 1, 201, 234, -1, 174, 125, 137.0, 23, Eal, 0, 0, 0, 0, , 0, 0, 0, 0, 0, 
184, 1, 202, 235, -1, 199, 92, 146.0, 23, Ear, 0, 0, 0, 0, , 0, 0, 0, 0, 0, 
185, 1, 203, 236, -1, 201, 112, 69.0, 19, Caaa, 0, 0, 0, 0, , 0, 0, 0, 0, 0, 
186, 1, 204, 237, -1, 248, 122, 66.0, 17, Caap, 0, 0, 0, 0, , 0, 0, 0, 0, 0, 
187, 1, 205, 238, -1, 221, 148, 81.0, 17, Capa, 0, 0, 0, 0, , 0, 0, 0, 0, 0, 
188, 1, 206, 239, -1, 262, 154, 88.0, 17, Capp, 0, 0, 0, 0, , 0, 0, 0, 0, 0, 
189, 1, 207, 240, -1, 255, 78, 91.0, 19, Cpaa, 0, 0, 0, 0, , 0, 0, 0, 0, 0, 
190, 1, 208, 241, -1, 284, 122, 89.0, 19, Cpap, 0, 0, 0, 0, , 0, 0, 0, 0, 0, 
191, 1, 209, 242, -1, 296, 153, 99.0, 17, Cppp, 0, 0, 0, 0, , 0, 0, 0, 0, 0, 
192, 1, 210, 243, -1, 321, 126, 118.0, 17, Cppa, 0, 0, 0, 0, , 0, 0, 0, 0, 0, 
193, 1, 211, 244, -1, 295, 144, 145.0, 20, Dp, 0, 0, 0, 0, , 0, 0, 0, 0, 0, 
194, 1, 212, 245, -1, 262, 148, 169.0, 18, Z2, 0, 0, 0, 0, , 0, 0, 0, 0, 0, 
195, 1, 213, 246, -1, 203, 153, 170.0, 16, Z3, 0, 0, 0, 0, , 0, 0, 0, 0, 0, 
196, 1, 214, 247, -1, 101, 53, 134.0, 16, ABarpaaa, 0, 0, 0, 0, , 0, 0, 0, 0, 0, 
197, 1, 215, 248, -1, 131, 59, 106.0, 19, ABarpaap, 0, 0, 0, 0, , 0, 0, 0, 0, 0, 
198, 1, 216, 249, -1, 128, 76, 141.0, 19, ABarpapa, 0, 0, 0, 0, , 0, 0, 0, 0, 0, 
199, 1, 217, 250, -1, 167, 70, 124.0, 18, ABarpapp, 0, 0, 0, 0, , 0, 0, 0, 0, 0, 
200, 1, 218, 251, -1, 159, 52, 91.0, 19, ABarppaa, 0, 0, 0, 0, , 0, 0, 0, 0, 0, 
201, 1, 219, 252, -1, 189, 79, 84.0, 19, ABarppap, 0, 0, 0, 0, , 0, 0, 0, 0, 0, 
202, 1, 220, 253, -1, 206, 67, 114.0, 18, ABarpppa, 0, 0, 0, 0, , 0, 0, 0, 0, 0, 
203, 1, 221, 254, -1, 232, 95, 102.0, 18, ABarpppp, 0, 0, 0, 0, , 0, 0, 0, 0, 0, 
204, 1, 222, 255, -1, 69, 104, 80.0, 17, ABplaaaa, 0, 0, 0, 0, , 0, 0, 0, 0, 0, 
205, 1, 223, 256, -1, 103, 90, 77.0, 17, ABplaaap, 0, 0, 0, 0, , 0, 0, 0, 0, 0, 
206, 1, 224, 257, -1, 88, 125, 76.0, 17, ABplaapa, 0, 0, 0, 0, , 0, 0, 0, 0, 0, 
207, 1, 225, 258, -1, 131, 126, 86.0, 17, ABplaapp, 0, 0, 0, 0, , 0, 0, 0, 0, 0, 
208, 1, 226, 259, -1, 115, 105, 58.0, 17, ABplapaa, 0, 0, 0, 0, , 0, 0, 0, 0, 0, 
209, 1, 227, 260, -1, 153, 95, 67.0, 18, ABplapap, 0, 0, 0, 0, , 0, 0, 0, 0, 0, 
210, 1, 228, 261, -1, 157, 126, 68.0, 19, ABplappa, 0, 0, 0, 0, , 0, 0, 0, 0, 0, 
211, 1, 229, 262, -1, 190, 140, 95.0, 17, ABplappp, 0, 0, 0, 0, , 0, 0, 0, 0, 0, 
