1, 0, 1, -1, -1, 202, 146, 166.0, 8, , 25, 0, 0, 0, , 0, 0, 0, 0, 0, 
2, 0, 2, -1, -1, 46, 111, 87.0, 9, , 250, 0, 0, 0, , 0, 0, 0, 0, 0, 
3, 0, 3, -1, -1, 147, 50, 143.0, 8, , 5, 0, 0, 0, , 0, 0, 0, 0, 0, 
4, 0, 4, -1, -1, 215, 43, 173.0, 11, , 53, 0, 0, 0, , 0, 0, 0, 0, 0, 
5, 0, 5, -1, -1, 148, 67, 183.0, 8, , 21, 0, 0, 0, , 0, 0, 0, 0, 0, 
6, 0, 6, -1, -1, 101, 48, 129.0, 9, , 54, 0, 0, 0, , 0, 0, 0, 0, 0, 
7, 0, 7, -1, -1, 218, 52, 175.0, 8, , 21, 0, 0, 0, , 0, 0, 0, 0, 0, 
8, 0, 8, -1, -1, 190, 73, 190.0, 8, , 8, 0, 0, 0, , 0, 0, 0, 0, 0, 
9, 0, 9, -1, -1, 242, 67, 175.0, 8, , 51, 0, 0, 0, , 0, 0, 0, 0, 0, 
10, 0, 10, -1, -1, 103, 105, 202.0, 9, , 20, 0, 0, 0, , 0, 0, 0, 0, 0, 
11, 0, 11, -1, -1, 71, 92, 178.0, 8, , 64, 0, 0, 0, , 0, 0, 0, 0, 0, 
12, 0, 12, -1, -1, 140, 105, 195.0, 8, , 5, 0, 0, 0, , 0, 0, 0, 0, 0, 
13, 0, 14, -1, -1, 48, 113, 75.0, 7, , 12, 0, 0, 0, , 0, 0, 0, 0, 0, 
14, 0, 15, -1, -1, 47, 113, 79.0, 9, , 443, 0, 0, 0, , 0, 0, 0, 0, 0, 
15, 0, 16, -1, -1, 75, 84, 176.0, 7, , 15, 0, 0, 0, , 0, 0, 0, 0, 0, 
16, 0, 17, -1, -1, 229, 96, 93.0, 8, , 11, 0, 0, 0, , 0, 0, 0, 0, 0, 
17, 0, 18, -1, -1, 138, 64, 175.0, 9, , 6, 0, 0, 0, , 0, 0, 0, 0, 0, 
18, 0, 19, -1, -1, 165, 61, 186.0, 7, , 11, 0, 0, 0, , 0, 0, 0, 0, 0, 
19, 0, 20, -1, -1, 281, 66, 166.0, 8, , 12, 0, 0, 0, , 0, 0, 0, 0, 0, 
20, 0, 21, -1, -1, 131, 125, 164.0, 7, , 14, 0, 0, 0, , 0, 0, 0, 0, 0, 
21, 0, 22, -1, -1, 150, 98, 174.0, 7, , 36, 0, 0, 0, , 0, 0, 0, 0, 0, 
22, 0, 24, -1, -1, 215, 54, 170.0, 9, , 40, 0, 0, 0, , 0, 0, 0, 0, 0, 
23, 0, 25, -1, -1, 132, 130, 168.0, 8, , 7, 0, 0, 0, , 0, 0, 0, 0, 0, 
24, 0, 27, -1, -1, 102, 74, 191.0, 8, , 18, 0, 0, 0, , 0, 0, 0, 0, 0, 
25, 0, 28, -1, -1, 47, 119, 147.0, 7, , 3, 0, 0, 0, , 0, 0, 0, 0, 0, 
26, 0, 30, -1, -1, 227, 105, 189.0, 9, , 34, 0, 0, 0, , 0, 0, 0, 0, 0, 
27, 0, 31, -1, -1, 72, 90, 185.0, 9, , 15, 0, 0, 0, , 0, 0, 0, 0, 0, 
28, 0, 32, -1, -1, 74, 97, 170.0, 7, , 28, 0, 0, 0, , 0, 0, 0, 0, 0, 
29, 0, 33, -1, -1, 201, 153, 168.0, 7, , 22, 0, 0, 0, , 0, 0, 0, 0, 0, 
30, 0, 34, -1, -1, 231, 107, 184.0, 8, , 20, 0, 0, 0, , 0, 0, 0, 0, 0, 
31, 0, 35, -1, -1, 230, 107, 181.0, 11, , 55, 0, 0, 0, , 0, 0, 0, 0, 0, 
32, 0, 37, -1, -1, 246, 114, 190.0, 9, , 50, 0, 0, 0, , 0, 0, 0, 0, 0, 
33, 0, 38, -1, -1, 111, 69, 162.0, 7, , 14, 0, 0, 0, , 0, 0, 0, 0, 0, 
34, 0, 39, -1, -1, 198, 126, 196.0, 11, , 42, 0, 0, 0, , 0, 0, 0, 0, 0, 
35, 0, 40, -1, -1, 61, 85, 135.0, 9, , 25, 0, 0, 0, , 0, 0, 0, 0, 0, 
36, 0, 41, -1, -1, 187, 166, 135.0, 7, , 10, 0, 0, 0, , 0, 0, 0, 0, 0, 
37, 0, 42, -1, -1, 188, 165, 143.0, 8, , 16, 0, 0, 0, , 0, 0, 0, 0, 0, 
38, 0, 44, -1, -1, 77, 145, 144.0, 8, , 6, 0, 0, 0, , 0, 0, 0, 0, 0, 
39, 0, 45, -1, -1, 85, 90, 144.0, 8, , 21, 0, 0, 0, , 0, 0, 0, 0, 0, 
40, 0, 46, -1, -1, 154, 39, 152.0, 8, , 19, 0, 0, 0, , 0, 0, 0, 0, 0, 
41, 0, 47, -1, -1, 158, 45, 154.0, 8, , 2, 0, 0, 0, , 0, 0, 0, 0, 0, 
42, 0, 48, -1, -1, 211, 47, 166.0, 9, , 66, 0, 0, 0, , 0, 0, 0, 0, 0, 
43, 0, 49, -1, -1, 196, 157, 167.0, 7, , 20, 0, 0, 0, , 0, 0, 0, 0, 0, 
44, 0, 50, -1, -1, 253, 151, 165.0, 9, , 17, 0, 0, 0, , 0, 0, 0, 0, 0, 
45, 0, 51, -1, -1, 271, 140, 169.0, 8, , 17, 0, 0, 0, , 0, 0, 0, 0, 0, 
46, 0, 52, -1, -1, 270, 131, 171.0, 11, , 65, 0, 0, 0, , 0, 0, 0, 0, 0, 
47, 0, 53, -1, -1, 136, 61, 177.0, 9, , 27, 0, 0, 0, , 0, 0, 0, 0, 0, 
48, 0, 54, -1, -1, 267, 131, 180.0, 8, , 29, 0, 0, 0, , 0, 0, 0, 0, 0, 
49, 0, 55, -1, -1, 49, 112, 92.0, 8, , 5, 0, 0, 0, , 0, 0, 0, 0, 0, 
50, 0, 56, -1, -1, 99, 52, 123.0, 8, , 15, 0, 0, 0, , 0, 0, 0, 0, 0, 
51, 0, 57, -1, -1, 150, 41, 147.0, 7, , 20, 0, 0, 0, , 0, 0, 0, 0, 0, 
52, 0, 58, -1, -1, 143, 141, 152.0, 7, , 20, 0, 0, 0, , 0, 0, 0, 0, 0, 
53, 0, 59, -1, -1, 86, 94, 150.0, 8, , 7, 0, 0, 0, , 0, 0, 0, 0, 0, 
54, 0, 60, -1, -1, 133, 129, 160.0, 8, , 6, 0, 0, 0, , 0, 0, 0, 0, 0, 
55, 0, 61, -1, -1, 149, 98, 169.0, 7, , 16, 0, 0, 0, , 0, 0, 0, 0, 0, 
56, 0, 62, -1, -1, 146, 99, 177.0, 8, , 10, 0, 0, 0, , 0, 0, 0, 0, 0, 
57, 0, 63, -1, -1, 78, 88, 173.0, 11, , 196, 0, 0, 0, , 0, 0, 0, 0, 0, 
58, 0, 64, -1, -1, 249, 111, 184.0, 9, , 55, 0, 0, 0, , 0, 0, 0, 0, 0, 
59, 0, 65, -1, -1, 196, 118, 196.0, 8, , 8, 0, 0, 0, , 0, 0, 0, 0, 0, 
60, 0, 66, -1, -1, 169, 165, 153.0, 7, , 11, 0, 0, 0, , 0, 0, 0, 0, 0, 
61, 0, 67, -1, -1, 140, 145, 159.0, 11, , 122, 0, 0, 0, , 0, 0, 0, 0, 0, 
62, 0, 69, -1, -1, 141, 145, 162.0, 8, , 5, 0, 0, 0, , 0, 0, 0, 0, 0, 
63, 0, 70, -1, -1, 57, 140, 106.0, 8, , 11, 0, 0, 0, , 0, 0, 0, 0, 0, 
64, 0, 71, -1, -1, 101, 64, 152.0, 9, , 23, 0, 0, 0, , 0, 0, 0, 0, 0, 
65, 0, 72, -1, -1, 315, 97, 167.0, 11, , 43, 0, 0, 0, , 0, 0, 0, 0, 0, 
66, 0, 73, -1, -1, 72, 90, 167.0, 8, , 48, 0, 0, 0, , 0, 0, 0, 0, 0, 
67, 0, 74, -1, -1, 204, 160, 162.0, 7, , 13, 0, 0, 0, , 0, 0, 0, 0, 0, 
68, 0, 75, -1, -1, 198, 154, 171.0, 7, , 22, 0, 0, 0, , 0, 0, 0, 0, 0, 
69, 0, 76, -1, -1, 229, 105, 173.0, 11, , 83, 0, 0, 0, , 0, 0, 0, 0, 0, 
70, 0, 77, -1, -1, 246, 115, 179.0, 9, , 19, 0, 0, 0, , 0, 0, 0, 0, 0, 
71, 0, 78, -1, -1, 195, 68, 179.0, 8, , 4, 0, 0, 0, , 0, 0, 0, 0, 0, 
72, 0, 79, -1, -1, 250, 85, 187.0, 7, , 11, 0, 0, 0, , 0, 0, 0, 0, 0, 
73, 0, 81, -1, -1, 98, 73, 94.0, 7, , 8, 0, 0, 0, , 0, 0, 0, 0, 0, 
74, 0, 82, -1, -1, 57, 151, 98.0, 7, , 7, 0, 0, 0, , 0, 0, 0, 0, 0, 
75, 0, 83, -1, -1, 54, 148, 103.0, 9, , 10, 0, 0, 0, , 0, 0, 0, 0, 0, 
76, 0, 84, -1, -1, 111, 48, 127.0, 8, , 6, 0, 0, 0, , 0, 0, 0, 0, 0, 
77, 0, 85, -1, -1, 99, 52, 137.0, 8, , 9, 0, 0, 0, , 0, 0, 0, 0, 0, 
78, 0, 86, -1, -1, 188, 167, 140.0, 9, , 26, 0, 0, 0, , 0, 0, 0, 0, 0, 
79, 0, 87, -1, -1, 147, 45, 139.0, 11, , 44, 0, 0, 0, , 0, 0, 0, 0, 0, 
80, 0, 88, -1, -1, 96, 65, 157.0, 8, , 14, 0, 0, 0, , 0, 0, 0, 0, 0, 
81, 0, 89, -1, -1, 170, 164, 160.0, 8, , 17, 0, 0, 0, , 0, 0, 0, 0, 0, 
82, 0, 90, -1, -1, 236, 101, 173.0, 8, , 33, 0, 0, 0, , 0, 0, 0, 0, 0, 
83, 0, 91, -1, -1, 284, 65, 172.0, 8, , 34, 0, 0, 0, , 0, 0, 0, 0, 0, 
84, 0, 92, -1, -1, 171, 61, 175.0, 11, , 30, 0, 0, 0, , 0, 0, 0, 0, 0, 
85, 0, 93, -1, -1, 109, 79, 193.0, 7, , 42, 0, 0, 0, , 0, 0, 0, 0, 0, 
86, 0, 94, -1, -1, 140, 105, 195.0, 7, , 17, 0, 0, 0, , 0, 0, 0, 0, 0, 
87, 0, 95, -1, -1, 237, 82, 198.0, 9, , 28, 0, 0, 0, , 0, 0, 0, 0, 0, 
88, 0, 96, -1, -1, 148, 97, 198.0, 7, , 12, 0, 0, 0, , 0, 0, 0, 0, 0, 
89, 0, 97, -1, -1, 229, 97, 89.0, 8, , 43, 0, 0, 0, , 0, 0, 0, 0, 0, 
90, 0, 98, -1, -1, 188, 170, 146.0, 9, , 65, 0, 0, 0, , 0, 0, 0, 0, 0, 
91, 0, 99, -1, -1, 222, 167, 129.0, 7, , 11, 0, 0, 0, , 0, 0, 0, 0, 0, 
92, 0, 100, -1, -1, 223, 168, 139.0, 8, , 44, 0, 0, 0, , 0, 0, 0, 0, 0, 
93, 0, 101, -1, -1, 203, 90, 194.0, 9, , 164, 0, 0, 0, , 0, 0, 0, 0, 0, 
94, 0, 102, -1, -1, 44, 107, 91.0, 9, , 21, 0, 0, 0, , 0, 0, 0, 0, 0, 
95, 0, 103, -1, -1, 300, 88, 117.0, 8, , 11, 0, 0, 0, , 0, 0, 0, 0, 0, 
96, 0, 104, -1, -1, 270, 161, 125.0, 7, , 9, 0, 0, 0, , 0, 0, 0, 0, 0, 
97, 0, 105, -1, -1, 44, 119, 140.0, 9, , 30, 0, 0, 0, , 0, 0, 0, 0, 0, 
98, 0, 106, -1, -1, 139, 147, 155.0, 7, , 44, 0, 0, 0, , 0, 0, 0, 0, 0, 
99, 0, 107, -1, -1, 184, 41, 156.0, 7, , 5, 0, 0, 0, , 0, 0, 0, 0, 0, 
100, 0, 108, -1, -1, 254, 147, 159.0, 8, , 26, 0, 0, 0, , 0, 0, 0, 0, 0, 
101, 0, 109, -1, -1, 239, 62, 168.0, 8, , 23, 0, 0, 0, , 0, 0, 0, 0, 0, 
102, 0, 110, -1, -1, 275, 96, 168.0, 7, , 4, 0, 0, 0, , 0, 0, 0, 0, 0, 
103, 0, 111, -1, -1, 201, 90, 186.0, 15, , 77, 0, 0, 0, , 0, 0, 0, 0, 0, 
104, 0, 112, -1, -1, 272, 132, 177.0, 9, , 104, 0, 0, 0, , 0, 0, 0, 0, 0, 
105, 0, -1, -1, -1, 202, 150, 154.0, 8, , 34, 0, 0, 0, , 0, 0, 0, 0, 0, 
106, 0, -1, -1, -1, 83, 89, 154.0, 9, , 39, 0, 0, 0, , 0, 0, 0, 0, 0, 
107, 0, -1, -1, -1, 144, 63, 178.0, 8, , 23, 0, 0, 0, , 0, 0, 0, 0, 0, 
108, 0, -1, -1, -1, 165, 63, 190.0, 9, , 36, 0, 0, 0, , 0, 0, 0, 0, 0, 
109, 0, -1, -1, -1, 187, 124, 133.0, 8, , 19, 0, 0, 0, , 0, 0, 0, 0, 0, 
110, 0, -1, -1, -1, 97, 129, 65.0, 9, , 4, 0, 0, 0, , 0, 0, 0, 0, 0, 
111, 0, -1, -1, -1, 54, 141, 110.0, 8, , 2, 0, 0, 0, , 0, 0, 0, 0, 0, 
112, 0, -1, -1, -1, 53, 148, 112.0, 8, , 13, 0, 0, 0, , 0, 0, 0, 0, 0, 
113, 0, -1, -1, -1, 106, 55, 122.0, 9, , 31, 0, 0, 0, , 0, 0, 0, 0, 0, 
114, 0, -1, -1, -1, 104, 47, 123.0, 7, , 21, 0, 0, 0, , 0, 0, 0, 0, 0, 
115, 0, -1, -1, -1, 182, 35, 125.0, 8, , 8, 0, 0, 0, , 0, 0, 0, 0, 0, 
116, 0, -1, -1, -1, 175, 113, 131.0, 8, , 5, 0, 0, 0, , 0, 0, 0, 0, 0, 
117, 0, -1, -1, -1, 223, 169, 133.0, 7, , 27, 0, 0, 0, , 0, 0, 0, 0, 0, 
118, 0, -1, -1, -1, 123, 72, 135.0, 7, , 6, 0, 0, 0, , 0, 0, 0, 0, 0, 
119, 0, -1, -1, -1, 171, 128, 135.0, 8, , 2, 0, 0, 0, , 0, 0, 0, 0, 0, 
120, 0, -1, -1, -1, 174, 115, 137.0, 8, , 9, 0, 0, 0, , 0, 0, 0, 0, 0, 
121, 0, -1, -1, -1, 207, 82, 140.0, 8, , 4, 0, 0, 0, , 0, 0, 0, 0, 0, 
122, 0, -1, -1, -1, 174, 125, 143.0, 8, , 1, 0, 0, 0, , 0, 0, 0, 0, 0, 
123, 0, -1, -1, -1, 230, 48, 144.0, 8, , 2, 0, 0, 0, , 0, 0, 0, 0, 0, 
124, 0, -1, -1, -1, 83, 100, 145.0, 7, , 10, 0, 0, 0, , 0, 0, 0, 0, 0, 
125, 0, -1, -1, -1, 202, 88, 145.0, 8, , 6, 0, 0, 0, , 0, 0, 0, 0, 0, 
126, 0, -1, -1, -1, 197, 83, 147.0, 8, , 2, 0, 0, 0, , 0, 0, 0, 0, 0, 
127, 0, -1, -1, -1, 56, 108, 148.0, 9, , 5, 0, 0, 0, , 0, 0, 0, 0, 0, 
128, 0, -1, -1, -1, 112, 97, 148.0, 7, , 13, 0, 0, 0, , 0, 0, 0, 0, 0, 
129, 0, -1, -1, -1, 140, 148, 148.0, 8, , 17, 0, 0, 0, , 0, 0, 0, 0, 0, 
130, 0, -1, -1, -1, 199, 95, 149.0, 8, , 2, 0, 0, 0, , 0, 0, 0, 0, 0, 
131, 0, -1, -1, -1, 234, 47, 149.0, 7, , 7, 0, 0, 0, , 0, 0, 0, 0, 0, 
132, 0, -1, -1, -1, 182, 36, 150.0, 7, , 9, 0, 0, 0, , 0, 0, 0, 0, 0, 
133, 0, -1, -1, -1, 205, 85, 150.0, 7, , 17, 0, 0, 0, , 0, 0, 0, 0, 0, 
134, 0, -1, -1, -1, 195, 86, 153.0, 8, , 11, 0, 0, 0, , 0, 0, 0, 0, 0, 
135, 0, -1, -1, -1, 72, 96, 154.0, 7, , 16, 0, 0, 0, , 0, 0, 0, 0, 0, 
136, 0, -1, -1, -1, 264, 146, 155.0, 7, , 14, 0, 0, 0, , 0, 0, 0, 0, 0, 
137, 0, -1, -1, -1, 96, 72, 156.0, 8, , 10, 0, 0, 0, , 0, 0, 0, 0, 0, 
138, 0, -1, -1, -1, 184, 31, 157.0, 8, , 8, 0, 0, 0, , 0, 0, 0, 0, 0, 
139, 0, -1, -1, -1, 266, 151, 157.0, 8, , 4, 0, 0, 0, , 0, 0, 0, 0, 0, 
140, 0, -1, -1, -1, 62, 110, 159.0, 7, , 12, 0, 0, 0, , 0, 0, 0, 0, 0, 
141, 0, -1, -1, -1, 195, 151, 161.0, 7, , 10, 0, 0, 0, , 0, 0, 0, 0, 0, 
142, 0, -1, -1, -1, 216, 53, 168.0, 7, , 15, 0, 0, 0, , 0, 0, 0, 0, 0, 
143, 0, -1, -1, -1, 155, 86, 170.0, 8, , 4, 0, 0, 0, , 0, 0, 0, 0, 0, 
144, 0, -1, -1, -1, 177, 117, 170.0, 7, , 9, 0, 0, 0, , 0, 0, 0, 0, 0, 
145, 0, -1, -1, -1, 194, 72, 171.0, 8, , 8, 0, 0, 0, , 0, 0, 0, 0, 0, 
146, 0, -1, -1, -1, 280, 90, 172.0, 8, , 7, 0, 0, 0, , 0, 0, 0, 0, 0, 
147, 0, -1, -1, -1, 292, 117, 172.0, 8, , 3, 0, 0, 0, , 0, 0, 0, 0, 0, 
148, 0, -1, -1, -1, 200, 73, 173.0, 7, , 8, 0, 0, 0, , 0, 0, 0, 0, 0, 
149, 0, -1, -1, -1, 195, 67, 175.0, 7, , 20, 0, 0, 0, , 0, 0, 0, 0, 0, 
150, 0, -1, -1, -1, 174, 56, 177.0, 7, , 13, 0, 0, 0, , 0, 0, 0, 0, 0, 
151, 0, -1, -1, -1, 144, 68, 178.0, 8, , 4, 0, 0, 0, , 0, 0, 0, 0, 0, 
152, 0, -1, -1, -1, 176, 113, 179.0, 7, , 6, 0, 0, 0, , 0, 0, 0, 0, 0, 
153, 0, -1, -1, -1, 167, 69, 180.0, 7, , 4, 0, 0, 0, , 0, 0, 0, 0, 0, 
154, 0, -1, -1, -1, 245, 64, 181.0, 9, , 7, 0, 0, 0, , 0, 0, 0, 0, 0, 
155, 0, -1, -1, -1, 117, 71, 184.0, 9, , 10, 0, 0, 0, , 0, 0, 0, 0, 0, 
156, 0, -1, -1, -1, 167, 53, 184.0, 8, , 7, 0, 0, 0, , 0, 0, 0, 0, 0, 
157, 0, -1, -1, -1, 97, 100, 185.0, 7, , 3, 0, 0, 0, , 0, 0, 0, 0, 0, 
158, 0, -1, -1, -1, 272, 94, 185.0, 8, , 6, 0, 0, 0, , 0, 0, 0, 0, 0, 
159, 0, -1, -1, -1, 141, 140, 187.0, 8, , 2, 0, 0, 0, , 0, 0, 0, 0, 0, 
160, 0, -1, -1, -1, 279, 93, 188.0, 8, , 3, 0, 0, 0, , 0, 0, 0, 0, 0, 
161, 0, -1, -1, -1, 240, 79, 190.0, 8, , 12, 0, 0, 0, , 0, 0, 0, 0, 0, 
162, 0, -1, -1, -1, 144, 108, 198.0, 9, , 21, 0, 0, 0, , 0, 0, 0, 0, 0, 
163, 0, -1, -1, -1, 139, 103, 202.0, 9, , 7, 0, 0, 0, , 0, 0, 0, 0, 0, 
164, 1, 113, 156, -1, 263, 164, 128.0, 22, Da, 0, 0, 0, 0, , 0, 0, 0, 0, 0, 
165, 1, 114, 157, -1, 259, 112, 131.0, 24, Epr, 0, 0, 0, 0, , 0, 0, 0, 0, 0, 
166, 1, 115, 158, -1, 184, 45, 120.0, 18, ABpraaap, 0, 0, 0, 0, , 0, 0, 0, 0, 0, 
167, 1, 116, 159, -1, 196, 72, 176.0, 17, ABarappp, 0, 0, 0, 0, , 0, 0, 0, 0, 0, 
168, 1, 117, 160, -1, 168, 62, 188.0, 19, ABarappa, 0, 0, 0, 0, , 0, 0, 0, 0, 0, 
169, 0, 118, -1, -1, 120, 72, 178.2766, 17, , 0, 0, 0, 0, , 0, 0, 0, 0, 0, 
170, 0, 119, -1, -1, 119, 66, 183.53334, 20, , 0, 0, 0, 0, , 0, 0, 0, 0, 0, 
171, 1, 120, 163, -1, 109, 75, 188.0, 21, ABarapaa, 0, 0, 0, 0, , 0, 0, 0, 0, 0, 
172, 1, 121, 164, -1, 139, 64, 184.0, 21, ABarapap, 0, 0, 0, 0, , 0, 0, 0, 0, 0, 
173, 1, 122, 165, -1, 101, 105, 195.0, 22, ABaraapa, 0, 0, 0, 0, , 0, 0, 0, 0, 0, 
174, 1, 123, 166, -1, 147, 103, 201.0, 23, ABaraapp, 0, 0, 0, 0, , 0, 0, 0, 0, 0, 
175, 1, 124, 167, -1, 102, 70, 155.0, 21, ABaraaap, 0, 0, 0, 0, , 0, 0, 0, 0, 0, 
176, 1, 125, 168, -1, 72, 91, 175.0, 19, ABaraaaa, 0, 0, 0, 0, , 0, 0, 0, 0, 0, 
177, 1, 126, 169, -1, 71, 130, 119.0, 23, ABalpaap, 0, 0, 0, 0, , 0, 0, 0, 0, 0, 
178, 1, 127, 170, -1, 45, 119, 132.0, 21, ABalpaaa, 0, 0, 0, 0, , 0, 0, 0, 0, 0, 
179, 1, 128, 171, -1, 111, 159, 154.0, 23, ABalpapp, 0, 0, 0, 0, , 0, 0, 0, 0, 0, 
180, 1, 129, 172, -1, 59, 148, 107.0, 21, ABalppaa, 0, 0, 0, 0, , 0, 0, 0, 0, 0, 
181, 1, 130, 173, -1, 96, 168, 121.0, 21, ABalppap, 0, 0, 0, 0, , 0, 0, 0, 0, 0, 
182, 1, 131, 174, -1, 69, 149, 146.0, 21, ABalpapa, 0, 0, 0, 0, , 0, 0, 0, 0, 0, 
183, 1, 132, 175, -1, 103, 132, 122.0, 19, ABalpppa, 0, 0, 0, 0, , 0, 0, 0, 0, 0, 
184, 1, 133, 176, -1, 143, 147, 112.0, 23, ABalpppp, 0, 0, 0, 0, , 0, 0, 0, 0, 0, 
185, 1, 134, 177, -1, 53, 109, 160.0, 21, ABalaaaa, 0, 0, 0, 0, , 0, 0, 0, 0, 0, 
186, 1, 135, 178, -1, 68, 84, 131.0, 20, ABalaaap, 0, 0, 0, 0, , 0, 0, 0, 0, 0, 
187, 1, 136, 179, -1, 79, 95, 147.0, 21, ABalaapa, 0, 0, 0, 0, , 0, 0, 0, 0, 0, 
188, 1, 137, 180, -1, 117, 102, 143.0, 21, ABalaapp, 0, 0, 0, 0, , 0, 0, 0, 0, 0, 
189, 1, 138, 181, -1, 63, 88, 105.0, 23, ABalapaa, 0, 0, 0, 0, , 0, 0, 0, 0, 0, 
190, 1, 139, 182, -1, 97, 65, 98.0, 21, ABalapap, 0, 0, 0, 0, , 0, 0, 0, 0, 0, 
191, 1, 140, 183, -1, 105, 83, 122.0, 21, ABalappa, 0, 0, 0, 0, , 0, 0, 0, 0, 0, 
192, 1, 141, 184, -1, 148, 95, 111.0, 22, ABalappp, 0, 0, 0, 0, , 0, 0, 0, 0, 0, 
193, 1, 142, 185, -1, 150, 44, 148.0, 19, ABpraaaa, 0, 0, 0, 0, , 0, 0, 0, 0, 0, 
194, 1, 143, 186, -1, 189, 38, 156.0, 18, ABpraapa, 0, 0, 0, 0, , 0, 0, 0, 0, 0, 
195, 1, 144, 187, -1, 237, 55, 146.33333, 17, ABpraapp, 0, 0, 0, 0, , 0, 0, 0, 0, 0, 
196, 1, 145, 188, -1, 273, 69, 135.2, 20, ABprappa, 0, 0, 0, 0, , 0, 0, 0, 0, 0, 
197, 1, 146, 189, -1, 301, 95, 120.0, 21, ABprappp, 0, 0, 0, 0, , 0, 0, 0, 0, 0, 
198, 1, 147, 190, -1, 214, 34, 130.0, 16, ABprapaa, 0, 0, 0, 0, , 0, 0, 0, 0, 0, 
199, 1, 148, 191, -1, 254, 53, 118.0, 21, ABprapap, 0, 0, 0, 0, , 0, 0, 0, 0, 0, 
200, 1, 151, 221, -1, 270, 132, 175.0, 16, MSpppp, 0, 0, 0, 0, , 0, 0, 0, 0, 0, 
201, 1, 152, 192, -1, 226, 130, 123.0, 20, Epl, 0, 0, 0, 0, , 0, 0, 0, 0, 0, 
202, 0, 153, -1, -1, 257, 112, 111.37143, 19, , 0, 0, 0, 0, , 0, 0, 0, 0, 0, 
203, 1, 154, 194, -1, 150, 160, 70.6, 17, ABplppaa, 0, 0, 0, 0, , 0, 0, 0, 0, 0, 
204, 1, 155, 195, -1, 181, 159, 85.5, 16, ABplppap, 0, 0, 0, 0, , 0, 0, 0, 0, 0, 
205, 1, 156, 196, -1, 195, 170, 101.0, 17, ABplpppa, 0, 0, 0, 0, , 0, 0, 0, 0, 0, 
206, 1, 157, 197, -1, 234, 174, 107.0, 16, ABplpppp, 0, 0, 0, 0, , 0, 0, 0, 0, 0, 
207, 1, 158, 198, -1, 127, 172, 124.0, 17, ABplpapa, 0, 0, 0, 0, , 0, 0, 0, 0, 0, 
208, 1, 159, 199, -1, 93, 153, 75.0, 19, ABplpaaa, 0, 0, 0, 0, , 0, 0, 0, 0, 0, 
209, 1, 160, 200, -1, 125, 163, 91.0, 19, ABplpaap, 0, 0, 0, 0, , 0, 0, 0, 0, 0, 
210, 1, 161, 201, -1, 164, 173, 103.2, 18, ABplpapp, 0, 0, 0, 0, , 0, 0, 0, 0, 0, 
211, 1, 162, 202, -1, 212, 48, 175.0, 16, ABprpaaa, 0, 0, 0, 0, , 0, 0, 0, 0, 0, 
212, 1, 163, 203, -1, 248, 66, 167.125, 19, ABprpaap, 0, 0, 0, 0, , 0, 0, 0, 0, 0, 
213, 1, 164, 204, -1, 278, 94, 173.0, 17, ABprpapp, 0, 0, 0, 0, , 0, 0, 0, 0, 0, 
214, 1, 165, 205, -1, 245, 82, 194.0, 19, ABprpapa, 0, 0, 0, 0, , 0, 0, 0, 0, 0, 
215, 1, 166, 206, -1, 276, 64, 168.0, 16, ABprppaa, 0, 0, 0, 0, , 0, 0, 0, 0, 0, 
216, 1, 167, 207, -1, 299, 77, 149.0, 16, ABprppap, 0, 0, 0, 0, , 0, 0, 0, 0, 0, 
217, 1, 168, 208, -1, 319, 96, 161.33333, 18, ABprpppa, 0, 0, 0, 0, , 0, 0, 0, 0, 0, 
218, 1, 169, 209, -1, 298, 116, 163.0, 19, ABprpppp, 0, 0, 0, 0, , 0, 0, 0, 0, 0, 
219, 1, 170, 210, -1, 88, 119, 162.0, 15, MSaaaa, 0, 0, 0, 0, , 0, 0, 0, 0, 0, 
220, 1, 171, 211, -1, 126, 131, 163.0, 17, MSaaap, 0, 0, 0, 0, , 0, 0, 0, 0, 0, 
221, 1, 172, 212, -1, 142, 140, 189.0, 16, MSaapa, 0, 0, 0, 0, , 0, 0, 0, 0, 0, 
222, 1, 173, 213, -1, 182, 147, 178.0, 16, MSaapp, 0, 0, 0, 0, , 0, 0, 0, 0, 0, 
223, 1, 175, 214, -1, 142, 144, 152.0, 16, MSapaa, 0, 0, 0, 0, , 0, 0, 0, 0, 0, 
224, 1, 174, 215, -1, 169, 168, 154.0, 16, MSapap, 0, 0, 0, 0, , 0, 0, 0, 0, 0, 
225, 1, 177, 217, -1, 220, 172, 138.0, 16, MSappp, 0, 0, 0, 0, , 0, 0, 0, 0, 0, 
226, 1, 176, 216, -1, 188, 167, 139.0, 16, MSappa, 0, 0, 0, 0, , 0, 0, 0, 0, 0, 
227, 1, 178, 218, -1, 202, 90, 187.0, 16, MSppaa, 0, 0, 0, 0, , 0, 0, 0, 0, 0, 
228, 1, 149, 219, -1, 231, 107, 180.0, 16, MSppap, 0, 0, 0, 0, , 0, 0, 0, 0, 0, 
229, 1, 150, 220, -1, 247, 114, 183.0, 16, MSpppa, 0, 0, 0, 0, , 0, 0, 0, 0, 0, 
230, 1, 179, 222, -1, 149, 91, 171.0, 15, MSpaaa, 0, 0, 0, 0, , 0, 0, 0, 0, 0, 
231, 1, 180, 223, -1, 180, 115, 178.0, 17, MSpaap, 0, 0, 0, 0, , 0, 0, 0, 0, 0, 
232, 1, 181, 224, -1, 190, 127, 195.0, 16, MSpapa, 0, 0, 0, 0, , 0, 0, 0, 0, 0, 
233, 1, 182, 225, -1, 229, 141, 190.0, 16, MSpapp, 0, 0, 0, 0, , 0, 0, 0, 0, 0, 
234, 1, 183, 226, -1, 175, 126, 136.0, 25, Eal, 0, 0, 0, 0, , 0, 0, 0, 0, 0, 
235, 1, 184, 227, -1, 197, 91, 148.0, 23, Ear, 0, 0, 0, 0, , 0, 0, 0, 0, 0, 
236, 1, 185, 228, -1, 199, 110, 70.0, 19, Caaa, 0, 0, 0, 0, , 0, 0, 0, 0, 0, 
237, 1, 186, 229, -1, 252, 124, 68.0, 17, Caap, 0, 0, 0, 0, , 0, 0, 0, 0, 0, 
238, 1, 187, 230, -1, 222, 147, 81.0, 17, Capa, 0, 0, 0, 0, , 0, 0, 0, 0, 0, 
239, 1, 188, 231, -1, 263, 152, 88.4, 19, Capp, 0, 0, 0, 0, , 0, 0, 0, 0, 0, 
240, 1, 189, 232, -1, 253, 83, 87.0, 19, Cpaa, 0, 0, 0, 0, , 0, 0, 0, 0, 0, 
241, 1, 190, 233, -1, 287, 119, 90.0, 19, Cpap, 0, 0, 0, 0, , 0, 0, 0, 0, 0, 
242, 1, 191, 234, -1, 298, 152, 98.0, 17, Cppp, 0, 0, 0, 0, , 0, 0, 0, 0, 0, 
243, 1, 192, 235, -1, 319, 121, 118.0, 17, Cppa, 0, 0, 0, 0, , 0, 0, 0, 0, 0, 
244, 1, 193, 236, -1, 297, 142, 147.0, 20, Dp, 0, 0, 0, 0, , 0, 0, 0, 0, 0, 
245, 1, 194, 237, -1, 261, 150, 163.0, 18, Z2, 0, 0, 0, 0, , 0, 0, 0, 0, 0, 
246, 1, 195, 238, -1, 201, 152, 167.0, 16, Z3, 0, 0, 0, 0, , 0, 0, 0, 0, 0, 
247, 1, 196, 239, -1, 106, 52, 132.0, 16, ABarpaaa, 0, 0, 0, 0, , 0, 0, 0, 0, 0, 
248, 1, 197, 240, -1, 133, 58, 104.0, 21, ABarpaap, 0, 0, 0, 0, , 0, 0, 0, 0, 0, 
249, 1, 198, 241, -1, 132, 77, 140.0, 19, ABarpapa, 0, 0, 0, 0, , 0, 0, 0, 0, 0, 
250, 1, 199, 242, -1, 170, 68, 122.0, 18, ABarpapp, 0, 0, 0, 0, , 0, 0, 0, 0, 0, 
251, 1, 200, 243, -1, 164, 53, 89.0, 19, ABarppaa, 0, 0, 0, 0, , 0, 0, 0, 0, 0, 
252, 1, 201, 244, -1, 189, 79, 84.0, 19, ABarppap, 0, 0, 0, 0, , 0, 0, 0, 0, 0, 
253, 1, 202, 245, -1, 209, 66, 112.0, 18, ABarpppa, 0, 0, 0, 0, , 0, 0, 0, 0, 0, 
254, 1, 203, 246, -1, 235, 92, 104.0, 18, ABarpppp, 0, 0, 0, 0, , 0, 0, 0, 0, 0, 
255, 1, 204, 247, -1, 72, 104, 80.0, 17, ABplaaaa, 0, 0, 0, 0, , 0, 0, 0, 0, 0, 
256, 1, 205, 248, -1, 105, 90, 77.0, 17, ABplaaap, 0, 0, 0, 0, , 0, 0, 0, 0, 0, 
257, 1, 206, 249, -1, 88, 125, 76.0, 17, ABplaapa, 0, 0, 0, 0, , 0, 0, 0, 0, 0, 
258, 1, 207, 250, -1, 129, 124, 85.0, 17, ABplaapp, 0, 0, 0, 0, , 0, 0, 0, 0, 0, 
259, 1, 208, 251, -1, 117, 103, 60.0, 17, ABplapaa, 0, 0, 0, 0, , 0, 0, 0, 0, 0, 
260, 1, 209, 252, -1, 156, 99, 65.0, 18, ABplapap, 0, 0, 0, 0, , 0, 0, 0, 0, 0, 
261, 1, 210, 253, -1, 159, 127, 67.0, 19, ABplappa, 0, 0, 0, 0, , 0, 0, 0, 0, 0, 
262, 1, 211, 254, -1, 195, 142, 93.0, 17, ABplappp, 0, 0, 0, 0, , 0, 0, 0, 0, 0, 
