1, 0, 1, -1, -1, 150, 48, 146.0, 9, , 12, 0, 0, 0, , 0, 0, 0, 0, 0, 
2, 0, 2, -1, -1, 149, 72, 185.0, 9, , 10, 0, 0, 0, , 0, 0, 0, 0, 0, 
3, 0, 3, -1, -1, 137, 109, 194.0, 9, , 23, 0, 0, 0, , 0, 0, 0, 0, 0, 
4, 0, 4, -1, -1, 46, 112, 83.0, 9, , 265, 0, 0, 0, , 0, 0, 0, 0, 0, 
5, 0, 5, -1, -1, 163, 61, 188.0, 8, , 5, 0, 0, 0, , 0, 0, 0, 0, 0, 
6, 0, 6, -1, -1, 273, 65, 168.0, 8, , 10, 0, 0, 0, , 0, 0, 0, 0, 0, 
7, 0, 8, -1, -1, 240, 60, 167.0, 8, , 14, 0, 0, 0, , 0, 0, 0, 0, 0, 
8, 0, 9, -1, -1, 135, 131, 160.0, 7, , 6, 0, 0, 0, , 0, 0, 0, 0, 0, 
9, 0, 10, -1, -1, 107, 75, 193.0, 9, , 16, 0, 0, 0, , 0, 0, 0, 0, 0, 
10, 0, 12, -1, -1, 77, 91, 171.0, 8, , 46, 0, 0, 0, , 0, 0, 0, 0, 0, 
11, 0, 13, -1, -1, 244, 105, 189.0, 7, , 3, 0, 0, 0, , 0, 0, 0, 0, 0, 
12, 0, 14, -1, -1, 100, 64, 162.0, 7, , 5, 0, 0, 0, , 0, 0, 0, 0, 0, 
13, 0, 16, -1, -1, 81, 91, 141.0, 9, , 5, 0, 0, 0, , 0, 0, 0, 0, 0, 
14, 0, 17, -1, -1, 153, 43, 155.0, 11, , 49, 0, 0, 0, , 0, 0, 0, 0, 0, 
15, 0, 18, -1, -1, 154, 49, 154.0, 8, , 5, 0, 0, 0, , 0, 0, 0, 0, 0, 
16, 0, 19, -1, -1, 209, 46, 168.0, 9, , 21, 0, 0, 0, , 0, 0, 0, 0, 0, 
17, 0, 20, -1, -1, 196, 149, 166.0, 7, , 8, 0, 0, 0, , 0, 0, 0, 0, 0, 
18, 0, 21, -1, -1, 242, 145, 172.0, 9, , 28, 0, 0, 0, , 0, 0, 0, 0, 0, 
19, 0, 22, -1, -1, 46, 112, 86.0, 9, , 207, 0, 0, 0, , 0, 0, 0, 0, 0, 
20, 0, 25, -1, -1, 83, 88, 174.0, 8, , 2, 0, 0, 0, , 0, 0, 0, 0, 0, 
21, 0, 30, -1, -1, 147, 104, 196.0, 8, , 2, 0, 0, 0, , 0, 0, 0, 0, 0, 
22, 0, 31, -1, -1, 235, 71, 193.0, 8, , 6, 0, 0, 0, , 0, 0, 0, 0, 0, 
23, 0, 33, -1, -1, 45, 109, 90.0, 7, , 25, 0, 0, 0, , 0, 0, 0, 0, 0, 
24, 0, 35, -1, -1, 244, 137, 163.0, 8, , 59, 0, 0, 0, , 0, 0, 0, 0, 0, 
25, 0, 38, -1, -1, 164, 69, 185.0, 7, , 6, 0, 0, 0, , 0, 0, 0, 0, 0, 
26, 0, 39, -1, -1, 105, 48, 119.0, 13, , 45, 0, 0, 0, , 0, 0, 0, 0, 0, 
27, 0, 41, -1, -1, 175, 40, 123.0, 11, , 18, 0, 0, 0, , 0, 0, 0, 0, 0, 
28, 0, 42, -1, -1, 158, 117, 136.0, 9, , 44, 0, 0, 0, , 0, 0, 0, 0, 0, 
29, 0, 43, -1, -1, 179, 132, 134.0, 8, , 7, 0, 0, 0, , 0, 0, 0, 0, 0, 
30, 0, 44, -1, -1, 197, 87, 146.0, 8, , 15, 0, 0, 0, , 0, 0, 0, 0, 0, 
31, 0, 47, -1, -1, 201, 101, 142.0, 9, , 23, 0, 0, 0, , 0, 0, 0, 0, 0, 
32, 0, 48, -1, -1, 205, 95, 148.0, 8, , 8, 0, 0, 0, , 0, 0, 0, 0, 0, 
33, 0, 50, -1, -1, 199, 107, 147.0, 8, , 6, 0, 0, 0, , 0, 0, 0, 0, 0, 
34, 0, 51, -1, -1, 189, 37, 152.0, 7, , 17, 0, 0, 0, , 0, 0, 0, 0, 0, 
35, 0, 52, -1, -1, 191, 98, 150.0, 7, , 12, 0, 0, 0, , 0, 0, 0, 0, 0, 
36, 0, 53, -1, -1, 199, 89, 153.0, 8, , 27, 0, 0, 0, , 0, 0, 0, 0, 0, 
37, 0, 54, -1, -1, 255, 147, 159.0, 9, , 15, 0, 0, 0, , 0, 0, 0, 0, 0, 
38, 0, 55, -1, -1, 204, 50, 166.0, 9, , 7, 0, 0, 0, , 0, 0, 0, 0, 0, 
39, 0, 57, -1, -1, 277, 96, 182.0, 9, , 20, 0, 0, 0, , 0, 0, 0, 0, 0, 
40, 0, 60, -1, -1, 144, 115, 198.0, 7, , 5, 0, 0, 0, , 0, 0, 0, 0, 0, 
41, 0, 61, -1, -1, 97, 105, 185.0, 7, , 5, 0, 0, 0, , 0, 0, 0, 0, 0, 
42, 0, 63, -1, -1, 48, 113, 78.0, 9, , 180, 0, 0, 0, , 0, 0, 0, 0, 0, 
43, 0, 66, -1, -1, 170, 36, 131.0, 7, , 7, 0, 0, 0, , 0, 0, 0, 0, 0, 
44, 0, 68, -1, -1, 185, 139, 138.0, 9, , 17, 0, 0, 0, , 0, 0, 0, 0, 0, 
45, 0, 69, -1, -1, 261, 118, 139.0, 8, , 18, 0, 0, 0, , 0, 0, 0, 0, 0, 
46, 0, 70, -1, -1, 186, 131, 140.0, 7, , 11, 0, 0, 0, , 0, 0, 0, 0, 0, 
47, 0, 73, -1, -1, 144, 68, 192.0, 9, , 7, 0, 0, 0, , 0, 0, 0, 0, 0, 
48, 0, 74, -1, -1, 149, 67, 195.0, 8, , 7, 0, 0, 0, , 0, 0, 0, 0, 0, 
49, 0, 76, -1, -1, 200, 101, 149.0, 8, , 14, 0, 0, 0, , 0, 0, 0, 0, 0, 
50, 0, 77, -1, -1, 257, 115, 132.0, 7, , 19, 0, 0, 0, , 0, 0, 0, 0, 0, 
51, 0, 78, -1, -1, 265, 112, 134.0, 8, , 5, 0, 0, 0, , 0, 0, 0, 0, 0, 
52, 0, 79, -1, -1, 262, 108, 130.0, 7, , 18, 0, 0, 0, , 0, 0, 0, 0, 0, 
53, 0, 80, -1, -1, 202, 98, 138.0, 8, , 4, 0, 0, 0, , 0, 0, 0, 0, 0, 
54, 0, 81, -1, -1, 90, 115, 148.0, 8, , 4, 0, 0, 0, , 0, 0, 0, 0, 0, 
55, 0, 83, -1, -1, 76, 86, 167.0, 9, , 14, 0, 0, 0, , 0, 0, 0, 0, 0, 
56, 0, 85, -1, -1, 176, 61, 178.0, 8, , 5, 0, 0, 0, , 0, 0, 0, 0, 0, 
57, 0, 86, -1, -1, 195, 99, 189.0, 9, , 8, 0, 0, 0, , 0, 0, 0, 0, 0, 
58, 0, 87, -1, -1, 157, 79, 199.0, 8, , 2, 0, 0, 0, , 0, 0, 0, 0, 0, 
59, 0, 88, -1, -1, 221, 91, 98.0, 8, , 57, 0, 0, 0, , 0, 0, 0, 0, 0, 
60, 0, 89, -1, -1, 184, 134, 129.0, 9, , 8, 0, 0, 0, , 0, 0, 0, 0, 0, 
61, 0, 90, -1, -1, 177, 68, 188.0, 7, , 4, 0, 0, 0, , 0, 0, 0, 0, 0, 
62, 0, 91, -1, -1, 67, 142, 141.0, 8, , 15, 0, 0, 0, , 0, 0, 0, 0, 0, 
63, 0, 92, -1, -1, 152, 42, 160.0, 8, , 3, 0, 0, 0, , 0, 0, 0, 0, 0, 
64, 0, 93, -1, -1, 208, 158, 162.0, 8, , 11, 0, 0, 0, , 0, 0, 0, 0, 0, 
65, 0, 94, -1, -1, 196, 147, 163.0, 8, , 6, 0, 0, 0, , 0, 0, 0, 0, 0, 
66, 0, -1, -1, -1, 186, 129, 135.0, 8, , 6, 0, 0, 0, , 0, 0, 0, 0, 0, 
67, 0, -1, -1, -1, 158, 119, 140.0, 9, , 44, 0, 0, 0, , 0, 0, 0, 0, 0, 
68, 0, -1, -1, -1, 194, 95, 155.0, 7, , 17, 0, 0, 0, , 0, 0, 0, 0, 0, 
69, 1, 95, 37, 38, 261, 111, 133.0, 16, Epr, 0, 0, 0, 0, , 0, 0, 0, 0, 0, 
70, 1, 96, 39, -1, 175, 42, 129.0, 21, ABpraaap, 0, 0, 0, 0, , 0, 0, 0, 0, 0, 
71, 1, 97, 40, -1, 202, 74, 176.0, 17, ABarappp, 0, 0, 0, 0, , 0, 0, 0, 0, 0, 
72, 1, 98, 41, -1, 169, 63, 184.0, 21, ABarappa, 0, 0, 0, 0, , 0, 0, 0, 0, 0, 
73, 0, 99, -1, -1, 121, 74, 179.21277, 17, , 0, 0, 0, 0, , 0, 0, 0, 0, 0, 
74, 0, 100, -1, -1, 124, 66, 183.26666, 20, , 0, 0, 0, 0, , 0, 0, 0, 0, 0, 
75, 1, 101, 44, -1, 115, 77, 190.0, 21, ABarapaa, 0, 0, 0, 0, , 0, 0, 0, 0, 0, 
76, 1, 102, 45, -1, 148, 76, 193.0, 23, ABarapap, 0, 0, 0, 0, , 0, 0, 0, 0, 0, 
77, 1, 103, 46, -1, 101, 104, 193.0, 22, ABaraapa, 0, 0, 0, 0, , 0, 0, 0, 0, 0, 
78, 1, 104, 47, -1, 148, 112, 204.0, 23, ABaraapp, 0, 0, 0, 0, , 0, 0, 0, 0, 0, 
79, 1, 105, 48, -1, 107, 69, 164.0, 21, ABaraaap, 0, 0, 0, 0, , 0, 0, 0, 0, 0, 
80, 1, 106, 49, -1, 76, 87, 179.0, 19, ABaraaaa, 0, 0, 0, 0, , 0, 0, 0, 0, 0, 
81, 1, 107, 50, -1, 66, 121, 122.0, 23, ABalpaap, 0, 0, 0, 0, , 0, 0, 0, 0, 0, 
82, 1, 108, 51, -1, 45, 115, 143.0, 21, ABalpaaa, 0, 0, 0, 0, , 0, 0, 0, 0, 0, 
83, 1, 109, 52, -1, 105, 154, 159.0, 23, ABalpapp, 0, 0, 0, 0, , 0, 0, 0, 0, 0, 
84, 1, 110, 53, -1, 59, 147, 108.0, 21, ABalppaa, 0, 0, 0, 0, , 0, 0, 0, 0, 0, 
85, 1, 111, 54, -1, 92, 157, 130.0, 23, ABalppap, 0, 0, 0, 0, , 0, 0, 0, 0, 0, 
86, 1, 112, 55, -1, 61, 141, 143.0, 19, ABalpapa, 0, 0, 0, 0, , 0, 0, 0, 0, 0, 
87, 1, 113, 56, -1, 98, 124, 118.666664, 19, ABalpppa, 0, 0, 0, 0, , 0, 0, 0, 0, 0, 
88, 1, 114, 57, -1, 137, 141, 113.333336, 18, ABalpppp, 0, 0, 0, 0, , 0, 0, 0, 0, 0, 
89, 1, 115, 58, -1, 60, 94, 153.0, 21, ABalaaaa, 0, 0, 0, 0, , 0, 0, 0, 0, 0, 
90, 1, 116, 59, -1, 75, 81, 127.0, 20, ABalaaap, 0, 0, 0, 0, , 0, 0, 0, 0, 0, 
91, 1, 117, 60, -1, 85, 89, 148.0, 21, ABalaapa, 0, 0, 0, 0, , 0, 0, 0, 0, 0, 
92, 1, 118, 61, -1, 125, 93, 145.0, 21, ABalaapp, 0, 0, 0, 0, , 0, 0, 0, 0, 0, 
93, 1, 119, 62, -1, 69, 83, 101.0, 21, ABalapaa, 0, 0, 0, 0, , 0, 0, 0, 0, 0, 
94, 1, 120, 63, -1, 103, 65, 96.0, 21, ABalapap, 0, 0, 0, 0, , 0, 0, 0, 0, 0, 
95, 1, 121, 64, -1, 108, 82, 121.0, 21, ABalappa, 0, 0, 0, 0, , 0, 0, 0, 0, 0, 
96, 1, 122, 65, -1, 147, 96, 109.0, 22, ABalappp, 0, 0, 0, 0, , 0, 0, 0, 0, 0, 
97, 1, 123, 66, -1, 150, 47, 151.0, 17, ABpraaaa, 0, 0, 0, 0, , 0, 0, 0, 0, 0, 
98, 1, 124, 67, -1, 192, 41, 156.0, 21, ABpraapa, 0, 0, 0, 0, , 0, 0, 0, 0, 0, 
99, 1, 125, 68, -1, 235, 52, 150.2, 18, ABpraapp, 0, 0, 0, 0, , 0, 0, 0, 0, 0, 
100, 1, 126, 69, -1, 273, 68, 140.0, 23, ABprappa, 0, 0, 0, 0, , 0, 0, 0, 0, 0, 
101, 1, 127, 70, -1, 299, 91, 124.0, 21, ABprappp, 0, 0, 0, 0, , 0, 0, 0, 0, 0, 
102, 1, 128, 71, -1, 210, 35, 126.666664, 16, ABprapaa, 0, 0, 0, 0, , 0, 0, 0, 0, 0, 
103, 1, 129, 72, -1, 255, 56, 120.0, 21, ABprapap, 0, 0, 0, 0, , 0, 0, 0, 0, 0, 
104, 1, 130, 73, -1, 228, 131, 123.0, 20, Epl, 0, 0, 0, 0, , 0, 0, 0, 0, 0, 
105, 0, 131, -1, -1, 269, 114, 115.6, 18, , 0, 0, 0, 0, , 0, 0, 0, 0, 0, 
106, 1, 132, 75, -1, 152, 162, 74.0, 17, ABplppaa, 0, 0, 0, 0, , 0, 0, 0, 0, 0, 
107, 1, 133, 76, -1, 175, 155, 92.833336, 18, ABplppap, 0, 0, 0, 0, , 0, 0, 0, 0, 0, 
108, 1, 134, 77, -1, 193, 172, 103.6, 17, ABplpppa, 0, 0, 0, 0, , 0, 0, 0, 0, 0, 
109, 1, 135, 78, -1, 230, 176, 108.0, 16, ABplpppp, 0, 0, 0, 0, , 0, 0, 0, 0, 0, 
110, 1, 136, 79, -1, 121, 172, 124.0, 17, ABplpapa, 0, 0, 0, 0, , 0, 0, 0, 0, 0, 
111, 1, 137, 80, -1, 92, 151, 79.0, 19, ABplpaaa, 0, 0, 0, 0, , 0, 0, 0, 0, 0, 
112, 1, 138, 81, -1, 117, 164, 89.0, 19, ABplpaap, 0, 0, 0, 0, , 0, 0, 0, 0, 0, 
113, 1, 139, 82, -1, 159, 175, 106.0, 21, ABplpapp, 0, 0, 0, 0, , 0, 0, 0, 0, 0, 
114, 1, 140, 83, -1, 207, 48, 176.28572, 18, ABprpaaa, 0, 0, 0, 0, , 0, 0, 0, 0, 0, 
115, 1, 141, 84, -1, 238, 68, 169.66667, 19, ABprpaap, 0, 0, 0, 0, , 0, 0, 0, 0, 0, 
116, 1, 142, 85, -1, 271, 96, 181.5, 17, ABprpapp, 0, 0, 0, 0, , 0, 0, 0, 0, 0, 
117, 1, 143, 86, -1, 237, 79, 197.0, 19, ABprpapa, 0, 0, 0, 0, , 0, 0, 0, 0, 0, 
118, 1, 144, 87, -1, 269, 63, 173.0, 16, ABprppaa, 0, 0, 0, 0, , 0, 0, 0, 0, 0, 
119, 1, 145, 88, -1, 290, 82, 160.0, 16, ABprppap, 0, 0, 0, 0, , 0, 0, 0, 0, 0, 
120, 1, 146, 89, -1, 317, 92, 163.0, 16, ABprpppa, 0, 0, 0, 0, , 0, 0, 0, 0, 0, 
121, 1, 147, 90, -1, 299, 115, 168.0, 19, ABprpppp, 0, 0, 0, 0, , 0, 0, 0, 0, 0, 
122, 1, 148, 91, -1, 89, 114, 156.0, 15, MSaaaa, 0, 0, 0, 0, , 0, 0, 0, 0, 0, 
123, 1, 149, 92, -1, 130, 129, 165.0, 17, MSaaap, 0, 0, 0, 0, , 0, 0, 0, 0, 0, 
124, 1, 150, 93, -1, 135, 145, 186.5, 18, MSaapa, 0, 0, 0, 0, , 0, 0, 0, 0, 0, 
125, 1, 151, 94, -1, 180, 158, 179.0, 16, MSaapp, 0, 0, 0, 0, , 0, 0, 0, 0, 0, 
126, 1, 152, 95, -1, 132, 147, 150.4, 18, MSapaa, 0, 0, 0, 0, , 0, 0, 0, 0, 0, 
127, 1, 153, 96, -1, 166, 167, 158.0, 16, MSapap, 0, 0, 0, 0, , 0, 0, 0, 0, 0, 
128, 1, 154, 97, -1, 187, 178, 141.0, 16, MSappa, 0, 0, 0, 0, , 0, 0, 0, 0, 0, 
129, 1, 155, 98, -1, 221, 171, 138.5, 18, MSappp, 0, 0, 0, 0, , 0, 0, 0, 0, 0, 
130, 1, 156, 99, -1, 196, 93, 193.0, 16, MSppaa, 0, 0, 0, 0, , 0, 0, 0, 0, 0, 
131, 1, 157, 100, -1, 229, 106, 182.0, 16, MSppap, 0, 0, 0, 0, , 0, 0, 0, 0, 0, 
132, 1, 158, 101, -1, 244, 112, 194.0, 18, MSpppa, 0, 0, 0, 0, , 0, 0, 0, 0, 0, 
133, 1, 159, 102, -1, 267, 133, 174.8, 18, MSpppp, 0, 0, 0, 0, , 0, 0, 0, 0, 0, 
134, 1, 160, 103, -1, 151, 94, 170.0, 15, MSpaaa, 0, 0, 0, 0, , 0, 0, 0, 0, 0, 
135, 1, 161, 104, -1, 180, 125, 176.0, 17, MSpaap, 0, 0, 0, 0, , 0, 0, 0, 0, 0, 
136, 1, 162, 105, -1, 189, 129, 197.0, 16, MSpapa, 0, 0, 0, 0, , 0, 0, 0, 0, 0, 
137, 1, 163, 106, -1, 230, 144, 194.0, 18, MSpapp, 0, 0, 0, 0, , 0, 0, 0, 0, 0, 
138, 1, 164, 108, -1, 156, 119, 138.0, 19, Eala, 0, 0, 0, 0, , 0, 0, 0, 0, 0, 
139, 1, 164, 107, -1, 185, 134, 134.5, 19, Ealp, 0, 0, 0, 0, , 0, 0, 0, 0, 0, 
140, 1, 165, 120, -1, 195, 93, 148.0, 15, Eara, 0, 0, 0, 0, , 0, 0, 0, 0, 0, 
141, 1, 165, 109, -1, 204, 97, 142.25, 17, Earp, 0, 0, 0, 0, , 0, 0, 0, 0, 0, 
142, 1, 166, 110, -1, 209, 116, 72.0, 19, Caaa, 0, 0, 0, 0, , 0, 0, 0, 0, 0, 
143, 1, 167, 111, -1, 260, 120, 68.0, 17, Caap, 0, 0, 0, 0, , 0, 0, 0, 0, 0, 
144, 1, 168, 112, -1, 225, 151, 81.0, 17, Capa, 0, 0, 0, 0, , 0, 0, 0, 0, 0, 
145, 1, 169, 113, -1, 266, 150, 90.0, 19, Capp, 0, 0, 0, 0, , 0, 0, 0, 0, 0, 
146, 1, 170, 114, -1, 255, 84, 90.0, 19, Cpaa, 0, 0, 0, 0, , 0, 0, 0, 0, 0, 
147, 1, 171, 115, -1, 293, 114, 89.0, 19, Cpap, 0, 0, 0, 0, , 0, 0, 0, 0, 0, 
148, 1, 172, 116, -1, 298, 148, 99.0, 17, Cppp, 0, 0, 0, 0, , 0, 0, 0, 0, 0, 
149, 1, 173, 117, -1, 317, 125, 121.2, 17, Cppa, 0, 0, 0, 0, , 0, 0, 0, 0, 0, 
150, 1, 174, 118, -1, 260, 168, 128.0, 20, Da, 0, 0, 0, 0, , 0, 0, 0, 0, 0, 
151, 1, 175, 119, -1, 292, 138, 146.0, 18, Dp, 0, 0, 0, 0, , 0, 0, 0, 0, 0, 
152, 1, 176, 121, -1, 246, 145, 163.0, 18, Z2, 0, 0, 0, 0, , 0, 0, 0, 0, 0, 
153, 1, 177, 122, -1, 201, 154, 164.0, 16, Z3, 0, 0, 0, 0, , 0, 0, 0, 0, 0, 
154, 1, 178, 123, -1, 108, 51, 130.0, 16, ABarpaaa, 0, 0, 0, 0, , 0, 0, 0, 0, 0, 
155, 1, 179, 124, -1, 141, 57, 102.0, 19, ABarpaap, 0, 0, 0, 0, , 0, 0, 0, 0, 0, 
156, 1, 180, 125, -1, 137, 69, 136.0, 19, ABarpapa, 0, 0, 0, 0, , 0, 0, 0, 0, 0, 
157, 1, 181, 126, -1, 177, 66, 118.0, 18, ABarpapp, 0, 0, 0, 0, , 0, 0, 0, 0, 0, 
158, 1, 182, 127, -1, 163, 66, 78.0, 19, ABarppaa, 0, 0, 0, 0, , 0, 0, 0, 0, 0, 
159, 1, 183, 128, -1, 187, 88, 84.0, 19, ABarppap, 0, 0, 0, 0, , 0, 0, 0, 0, 0, 
160, 1, 184, 129, -1, 206, 65, 113.0, 18, ABarpppa, 0, 0, 0, 0, , 0, 0, 0, 0, 0, 
161, 1, 185, 130, -1, 233, 90, 109.0, 18, ABarpppp, 0, 0, 0, 0, , 0, 0, 0, 0, 0, 
162, 1, 186, 131, -1, 76, 101, 78.0, 17, ABplaaaa, 0, 0, 0, 0, , 0, 0, 0, 0, 0, 
163, 1, 187, 132, -1, 117, 90, 79.0, 17, ABplaaap, 0, 0, 0, 0, , 0, 0, 0, 0, 0, 
164, 1, 188, 133, -1, 93, 124, 71.0, 17, ABplaapa, 0, 0, 0, 0, , 0, 0, 0, 0, 0, 
165, 1, 189, 134, -1, 129, 126, 80.0, 17, ABplaapp, 0, 0, 0, 0, , 0, 0, 0, 0, 0, 
166, 1, 190, 135, -1, 125, 103, 56.0, 17, ABplapaa, 0, 0, 0, 0, , 0, 0, 0, 0, 0, 
167, 1, 191, 136, -1, 167, 110, 59.0, 18, ABplapap, 0, 0, 0, 0, , 0, 0, 0, 0, 0, 
168, 1, 192, 137, -1, 165, 133, 73.0, 19, ABplappa, 0, 0, 0, 0, , 0, 0, 0, 0, 0, 
169, 1, 193, 138, -1, 195, 149, 87.0, 17, ABplappp, 0, 0, 0, 0, , 0, 0, 0, 0, 0, 
