1, 0, 1, -1, -1, 146, 52, 148.0, 9, , 39, 0, 0, 0, , 0, 0, 0, 0, 0, 
2, 0, 2, -1, -1, 136, 112, 193.0, 9, , 23, 0, 0, 0, , 0, 0, 0, 0, 0, 
3, 0, 3, -1, -1, 46, 106, 91.0, 7, , 17, 0, 0, 0, , 0, 0, 0, 0, 0, 
4, 0, 4, -1, -1, 97, 68, 162.0, 7, , 5, 0, 0, 0, , 0, 0, 0, 0, 0, 
5, 0, 5, -1, -1, 148, 46, 150.0, 8, , 19, 0, 0, 0, , 0, 0, 0, 0, 0, 
6, 0, 6, -1, -1, 153, 49, 153.0, 8, , 12, 0, 0, 0, , 0, 0, 0, 0, 0, 
7, 0, 7, -1, -1, 214, 50, 169.0, 9, , 21, 0, 0, 0, , 0, 0, 0, 0, 0, 
8, 0, 8, -1, -1, 47, 111, 85.0, 11, , 636, 0, 0, 0, , 0, 0, 0, 0, 0, 
9, 0, 9, -1, -1, 46, 110, 88.0, 7, , 25, 0, 0, 0, , 0, 0, 0, 0, 0, 
10, 0, 10, -1, -1, 255, 149, 163.0, 8, , 0, 0, 0, 0, , 0, 0, 0, 0, 0, 
11, 0, 11, -1, -1, 103, 45, 118.0, 13, , 45, 0, 0, 0, , 0, 0, 0, 0, 0, 
12, 0, 12, -1, -1, 205, 104, 143.0, 7, , 18, 0, 0, 0, , 0, 0, 0, 0, 0, 
13, 0, 13, -1, -1, 212, 99, 145.0, 8, , 29, 0, 0, 0, , 0, 0, 0, 0, 0, 
14, 0, 14, -1, -1, 179, 83, 153.0, 9, , 24, 0, 0, 0, , 0, 0, 0, 0, 0, 
15, 0, 15, -1, -1, 179, 84, 156.0, 9, , 53, 0, 0, 0, , 0, 0, 0, 0, 0, 
16, 0, 16, -1, -1, 143, 116, 198.0, 7, , 5, 0, 0, 0, , 0, 0, 0, 0, 0, 
17, 0, 17, -1, -1, 48, 113, 78.0, 9, , 209, 0, 0, 0, , 0, 0, 0, 0, 0, 
18, 0, 18, -1, -1, 143, 73, 192.0, 9, , 7, 0, 0, 0, , 0, 0, 0, 0, 0, 
19, 0, 19, -1, -1, 246, 97, 141.0, 9, , 37, 0, 0, 0, , 0, 0, 0, 0, 0, 
20, 0, 20, -1, -1, 285, 128, 140.0, 7, , 2, 0, 0, 0, , 0, 0, 0, 0, 0, 
21, 0, 21, -1, -1, 271, 118, 126.0, 8, , 18, 0, 0, 0, , 0, 0, 0, 0, 0, 
22, 0, 22, -1, -1, 207, 103, 138.0, 9, , 43, 0, 0, 0, , 0, 0, 0, 0, 0, 
23, 0, 23, -1, -1, 73, 84, 162.0, 9, , 31, 0, 0, 0, , 0, 0, 0, 0, 0, 
24, 0, 24, -1, -1, 155, 80, 199.0, 8, , 2, 0, 0, 0, , 0, 0, 0, 0, 0, 
25, 0, 25, -1, -1, 220, 95, 102.0, 8, , 24, 0, 0, 0, , 0, 0, 0, 0, 0, 
26, 0, 26, -1, -1, 67, 137, 145.0, 9, , 13, 0, 0, 0, , 0, 0, 0, 0, 0, 
27, 0, 27, -1, -1, 197, 148, 168.0, 8, , 3, 0, 0, 0, , 0, 0, 0, 0, 0, 
28, 0, 28, -1, -1, 199, 152, 161.0, 9, , 7, 0, 0, 0, , 0, 0, 0, 0, 0, 
29, 0, 29, -1, -1, 157, 121, 138.0, 8, , 3, 0, 0, 0, , 0, 0, 0, 0, 0, 
30, 0, 31, -1, -1, 248, 98, 151.0, 9, , 58, 0, 0, 0, , 0, 0, 0, 0, 0, 
31, 0, 32, -1, -1, 105, 48, 120.0, 9, , 43, 0, 0, 0, , 0, 0, 0, 0, 0, 
32, 0, 33, -1, -1, 231, 134, 125.0, 8, , 258, 0, 0, 0, , 0, 0, 0, 0, 0, 
33, 0, 34, -1, -1, 177, 125, 163.0, 9, , 18, 0, 0, 0, , 0, 0, 0, 0, 0, 
34, 0, 35, -1, -1, 179, 127, 171.0, 7, , 15, 0, 0, 0, , 0, 0, 0, 0, 0, 
35, 0, 36, -1, -1, 226, 73, 198.0, 7, , 16, 0, 0, 0, , 0, 0, 0, 0, 0, 
36, 0, -1, -1, -1, 268, 61, 178.0, 9, , 16, 0, 0, 0, , 0, 0, 0, 0, 0, 
37, 0, -1, -1, -1, 106, 83, 183.0, 9, , 38, 0, 0, 0, , 0, 0, 0, 0, 0, 
38, 0, -1, -1, -1, 145, 70, 191.0, 9, , 27, 0, 0, 0, , 0, 0, 0, 0, 0, 
39, 0, -1, -1, -1, 224, 78, 192.0, 9, , 44, 0, 0, 0, , 0, 0, 0, 0, 0, 
40, 0, -1, -1, -1, 131, 114, 194.0, 8, , 29, 0, 0, 0, , 0, 0, 0, 0, 0, 
41, 0, -1, -1, -1, 277, 113, 127.0, 11, , 75, 0, 0, 0, , 0, 0, 0, 0, 0, 
42, 0, -1, -1, -1, 234, 134, 136.0, 8, , 16, 0, 0, 0, , 0, 0, 0, 0, 0, 
43, 0, -1, -1, -1, 238, 47, 145.0, 9, , 40, 0, 0, 0, , 0, 0, 0, 0, 0, 
44, 0, -1, -1, -1, 76, 90, 166.0, 8, , 43, 0, 0, 0, , 0, 0, 0, 0, 0, 
45, 0, -1, -1, -1, 138, 72, 195.0, 7, , 23, 0, 0, 0, , 0, 0, 0, 0, 0, 
46, 0, -1, -1, -1, 103, 81, 197.0, 9, , 51, 0, 0, 0, , 0, 0, 0, 0, 0, 
47, 0, -1, -1, -1, 111, 48, 115.0, 8, , 16, 0, 0, 0, , 0, 0, 0, 0, 0, 
48, 0, -1, -1, -1, 205, 40, 129.0, 7, , 16, 0, 0, 0, , 0, 0, 0, 0, 0, 
49, 0, -1, -1, -1, 63, 126, 130.0, 8, , 2, 0, 0, 0, , 0, 0, 0, 0, 0, 
50, 0, -1, -1, -1, 89, 81, 138.0, 9, , 8, 0, 0, 0, , 0, 0, 0, 0, 0, 
51, 0, -1, -1, -1, 65, 145, 139.0, 9, , 24, 0, 0, 0, , 0, 0, 0, 0, 0, 
52, 0, -1, -1, -1, 284, 133, 141.0, 8, , 6, 0, 0, 0, , 0, 0, 0, 0, 0, 
53, 0, -1, -1, -1, 296, 124, 141.0, 8, , 2, 0, 0, 0, , 0, 0, 0, 0, 0, 
54, 0, -1, -1, -1, 68, 139, 142.0, 9, , 7, 0, 0, 0, , 0, 0, 0, 0, 0, 
55, 0, -1, -1, -1, 65, 91, 145.0, 8, , 7, 0, 0, 0, , 0, 0, 0, 0, 0, 
56, 0, -1, -1, -1, 289, 123, 146.0, 8, , 6, 0, 0, 0, , 0, 0, 0, 0, 0, 
57, 0, -1, -1, -1, 285, 128, 154.0, 7, , 9, 0, 0, 0, , 0, 0, 0, 0, 0, 
58, 0, -1, -1, -1, 153, 52, 157.0, 8, , 5, 0, 0, 0, , 0, 0, 0, 0, 0, 
59, 0, -1, -1, -1, 203, 148, 157.0, 8, , 6, 0, 0, 0, , 0, 0, 0, 0, 0, 
60, 0, -1, -1, -1, 231, 57, 158.0, 7, , 9, 0, 0, 0, , 0, 0, 0, 0, 0, 
61, 0, -1, -1, -1, 276, 78, 158.0, 9, , 9, 0, 0, 0, , 0, 0, 0, 0, 0, 
62, 0, -1, -1, -1, 287, 134, 159.0, 8, , 3, 0, 0, 0, , 0, 0, 0, 0, 0, 
63, 0, -1, -1, -1, 247, 134, 164.0, 9, , 18, 0, 0, 0, , 0, 0, 0, 0, 0, 
64, 0, -1, -1, -1, 103, 75, 165.0, 8, , 10, 0, 0, 0, , 0, 0, 0, 0, 0, 
65, 0, -1, -1, -1, 290, 83, 165.0, 7, , 11, 0, 0, 0, , 0, 0, 0, 0, 0, 
66, 0, -1, -1, -1, 206, 83, 173.0, 7, , 13, 0, 0, 0, , 0, 0, 0, 0, 0, 
67, 0, -1, -1, -1, 99, 70, 176.0, 8, , 15, 0, 0, 0, , 0, 0, 0, 0, 0, 
68, 0, -1, -1, -1, 207, 53, 178.0, 8, , 9, 0, 0, 0, , 0, 0, 0, 0, 0, 
69, 0, -1, -1, -1, 204, 54, 181.0, 7, , 14, 0, 0, 0, , 0, 0, 0, 0, 0, 
70, 0, -1, -1, -1, 174, 67, 183.0, 8, , 7, 0, 0, 0, , 0, 0, 0, 0, 0, 
71, 0, -1, -1, -1, 103, 84, 188.0, 9, , 16, 0, 0, 0, , 0, 0, 0, 0, 0, 
72, 0, -1, -1, -1, 103, 80, 193.0, 7, , 22, 0, 0, 0, , 0, 0, 0, 0, 0, 
73, 0, -1, -1, -1, 137, 122, 193.0, 7, , 14, 0, 0, 0, , 0, 0, 0, 0, 0, 
74, 1, 38, 105, -1, 246, 97, 146.0, 14, Epra, 0, 0, 0, 0, , 0, 0, 0, 0, 0, 
75, 1, 37, 68, -1, 274, 115, 126.0, 14, Eprp, 0, 0, 0, 0, , 0, 0, 0, 0, 0, 
76, 1, 39, 69, -1, 169, 41, 134.0, 19, ABpraaap, 0, 0, 0, 0, , 0, 0, 0, 0, 0, 
77, 1, 40, 70, -1, 201, 78, 176.0, 19, ABarappp, 0, 0, 0, 0, , 0, 0, 0, 0, 0, 
78, 1, 41, 71, -1, 166, 66, 185.0, 21, ABarappa, 0, 0, 0, 0, , 0, 0, 0, 0, 0, 
79, 0, 42, -1, -1, 122, 75, 179.68085, 17, , 0, 0, 0, 0, , 0, 0, 0, 0, 0, 
80, 0, 43, -1, -1, 126, 65, 183.13333, 19, , 0, 0, 0, 0, , 0, 0, 0, 0, 0, 
81, 1, 44, 74, -1, 110, 84, 192.0, 20, ABarapaa, 0, 0, 0, 0, , 0, 0, 0, 0, 0, 
82, 1, 45, 75, -1, 143, 78, 198.0, 21, ABarapap, 0, 0, 0, 0, , 0, 0, 0, 0, 0, 
83, 1, 46, 76, -1, 92, 108, 189.0, 20, ABaraapa, 0, 0, 0, 0, , 0, 0, 0, 0, 0, 
84, 1, 47, 77, -1, 138, 116, 199.5, 23, ABaraapp, 0, 0, 0, 0, , 0, 0, 0, 0, 0, 
85, 1, 48, 78, -1, 106, 70, 169.0, 23, ABaraaap, 0, 0, 0, 0, , 0, 0, 0, 0, 0, 
86, 1, 49, 79, -1, 73, 84, 173.0, 21, ABaraaaa, 0, 0, 0, 0, , 0, 0, 0, 0, 0, 
87, 1, 50, 80, -1, 62, 123, 121.0, 25, ABalpaap, 0, 0, 0, 0, , 0, 0, 0, 0, 0, 
88, 1, 51, 81, -1, 45, 116, 142.0, 21, ABalpaaa, 0, 0, 0, 0, , 0, 0, 0, 0, 0, 
89, 1, 52, 82, -1, 104, 155, 158.0, 21, ABalpapp, 0, 0, 0, 0, , 0, 0, 0, 0, 0, 
90, 1, 53, 83, -1, 63, 149, 107.0, 21, ABalppaa, 0, 0, 0, 0, , 0, 0, 0, 0, 0, 
91, 1, 54, 84, -1, 93, 155, 126.0, 23, ABalppap, 0, 0, 0, 0, , 0, 0, 0, 0, 0, 
92, 1, 55, 85, -1, 61, 142, 146.0, 21, ABalpapa, 0, 0, 0, 0, , 0, 0, 0, 0, 0, 
93, 1, 56, 86, -1, 95, 123, 113.5, 19, ABalpppa, 0, 0, 0, 0, , 0, 0, 0, 0, 0, 
94, 1, 57, 87, -1, 132, 143, 114.0, 21, ABalpppp, 0, 0, 0, 0, , 0, 0, 0, 0, 0, 
95, 1, 58, 88, -1, 56, 93, 147.0, 21, ABalaaaa, 0, 0, 0, 0, , 0, 0, 0, 0, 0, 
96, 1, 59, 89, -1, 78, 78, 126.0, 22, ABalaaap, 0, 0, 0, 0, , 0, 0, 0, 0, 0, 
97, 1, 60, 90, -1, 86, 81, 145.0, 21, ABalaapa, 0, 0, 0, 0, , 0, 0, 0, 0, 0, 
98, 1, 61, 91, -1, 120, 89, 144.0, 21, ABalaapp, 0, 0, 0, 0, , 0, 0, 0, 0, 0, 
99, 1, 62, 92, -1, 78, 81, 99.0, 23, ABalapaa, 0, 0, 0, 0, , 0, 0, 0, 0, 0, 
100, 1, 63, 93, -1, 105, 68, 91.0, 21, ABalapap, 0, 0, 0, 0, , 0, 0, 0, 0, 0, 
101, 1, 64, 94, -1, 111, 83, 119.0, 19, ABalappa, 0, 0, 0, 0, , 0, 0, 0, 0, 0, 
102, 1, 65, 95, -1, 151, 91, 105.0, 22, ABalappp, 0, 0, 0, 0, , 0, 0, 0, 0, 0, 
103, 1, 66, 96, -1, 147, 50, 154.0, 19, ABpraaaa, 0, 0, 0, 0, , 0, 0, 0, 0, 0, 
104, 1, 67, 97, -1, 193, 40, 156.0, 19, ABpraapa, 0, 0, 0, 0, , 0, 0, 0, 0, 0, 
105, 1, 68, 98, -1, 235, 52, 151.4, 13, ABpraapp, 0, 0, 0, 0, , 0, 0, 0, 0, 0, 
106, 1, 69, 99, -1, 273, 67, 140.0, 19, ABprappa, 0, 0, 0, 0, , 0, 0, 0, 0, 0, 
107, 1, 70, 100, -1, 297, 86, 124.0, 18, ABprappp, 0, 0, 0, 0, , 0, 0, 0, 0, 0, 
108, 1, 71, 101, -1, 212, 39, 124.2, 20, ABprapaa, 0, 0, 0, 0, , 0, 0, 0, 0, 0, 
109, 1, 72, 102, -1, 254, 52, 120.0, 21, ABprapap, 0, 0, 0, 0, , 0, 0, 0, 0, 0, 
110, 1, 73, 103, 104, 231, 133, 123.0, 20, Epl, 0, 0, 0, 0, , 0, 0, 0, 0, 0, 
111, 0, 74, -1, -1, 275, 116, 117.71429, 18, , 0, 0, 0, 0, , 0, 0, 0, 0, 0, 
112, 1, 75, 107, -1, 149, 164, 76.0, 17, ABplppaa, 0, 0, 0, 0, , 0, 0, 0, 0, 0, 
113, 1, 76, 108, -1, 175, 150, 98.0, 16, ABplppap, 0, 0, 0, 0, , 0, 0, 0, 0, 0, 
114, 1, 77, 109, -1, 193, 173, 104.8, 17, ABplpppa, 0, 0, 0, 0, , 0, 0, 0, 0, 0, 
115, 1, 78, 110, -1, 230, 177, 112.0, 16, ABplpppp, 0, 0, 0, 0, , 0, 0, 0, 0, 0, 
116, 1, 79, 111, -1, 120, 172, 123.0, 17, ABplpapa, 0, 0, 0, 0, , 0, 0, 0, 0, 0, 
117, 1, 80, 112, -1, 91, 149, 80.0, 21, ABplpaaa, 0, 0, 0, 0, , 0, 0, 0, 0, 0, 
118, 1, 81, 113, -1, 115, 162, 90.0, 19, ABplpaap, 0, 0, 0, 0, , 0, 0, 0, 0, 0, 
119, 1, 82, 114, -1, 157, 175, 109.0, 19, ABplpapp, 0, 0, 0, 0, , 0, 0, 0, 0, 0, 
120, 1, 83, 115, -1, 197, 51, 177.14285, 18, ABprpaaa, 0, 0, 0, 0, , 0, 0, 0, 0, 0, 
121, 1, 84, 116, -1, 231, 64, 171.0, 19, ABprpaap, 0, 0, 0, 0, , 0, 0, 0, 0, 0, 
122, 1, 85, 117, -1, 268, 96, 183.0, 17, ABprpapp, 0, 0, 0, 0, , 0, 0, 0, 0, 0, 
123, 1, 86, 118, -1, 229, 80, 196.0, 19, ABprpapa, 0, 0, 0, 0, , 0, 0, 0, 0, 0, 
124, 1, 87, 119, -1, 262, 63, 175.0, 16, ABprppaa, 0, 0, 0, 0, , 0, 0, 0, 0, 0, 
125, 1, 88, 120, -1, 283, 80, 167.0, 16, ABprppap, 0, 0, 0, 0, , 0, 0, 0, 0, 0, 
126, 1, 89, 121, -1, 312, 83, 162.5, 18, ABprpppa, 0, 0, 0, 0, , 0, 0, 0, 0, 0, 
127, 1, 90, 122, -1, 300, 108, 170.0, 19, ABprpppp, 0, 0, 0, 0, , 0, 0, 0, 0, 0, 
128, 1, 91, 123, -1, 84, 112, 150.0, 17, MSaaaa, 0, 0, 0, 0, , 0, 0, 0, 0, 0, 
129, 1, 92, 124, -1, 128, 129, 168.0, 17, MSaaap, 0, 0, 0, 0, , 0, 0, 0, 0, 0, 
130, 1, 93, 125, -1, 133, 147, 183.5, 18, MSaapa, 0, 0, 0, 0, , 0, 0, 0, 0, 0, 
131, 1, 94, 126, -1, 182, 158, 179.33333, 16, MSaapp, 0, 0, 0, 0, , 0, 0, 0, 0, 0, 
132, 1, 95, 127, -1, 135, 147, 151.0, 16, MSapaa, 0, 0, 0, 0, , 0, 0, 0, 0, 0, 
133, 1, 96, 128, -1, 170, 158, 154.0, 16, MSapap, 0, 0, 0, 0, , 0, 0, 0, 0, 0, 
134, 1, 97, 129, -1, 186, 173, 150.0, 16, MSappa, 0, 0, 0, 0, , 0, 0, 0, 0, 0, 
135, 1, 98, 130, -1, 221, 171, 140.16667, 18, MSappp, 0, 0, 0, 0, , 0, 0, 0, 0, 0, 
136, 1, 99, 131, -1, 189, 100, 196.0, 16, MSppaa, 0, 0, 0, 0, , 0, 0, 0, 0, 0, 
137, 1, 100, 132, -1, 224, 107, 175.0, 16, MSppap, 0, 0, 0, 0, , 0, 0, 0, 0, 0, 
138, 1, 101, 133, -1, 238, 110, 196.0, 18, MSpppa, 0, 0, 0, 0, , 0, 0, 0, 0, 0, 
139, 1, 102, 134, -1, 267, 127, 176.0, 16, MSpppp, 0, 0, 0, 0, , 0, 0, 0, 0, 0, 
140, 1, 103, 135, -1, 144, 98, 171.0, 19, MSpaaa, 0, 0, 0, 0, , 0, 0, 0, 0, 0, 
141, 1, 104, 136, -1, 179, 128, 171.0, 17, MSpaap, 0, 0, 0, 0, , 0, 0, 0, 0, 0, 
142, 1, 105, 137, -1, 183, 130, 197.0, 16, MSpapa, 0, 0, 0, 0, , 0, 0, 0, 0, 0, 
143, 1, 106, 138, -1, 233, 144, 197.0, 18, MSpapp, 0, 0, 0, 0, , 0, 0, 0, 0, 0, 
144, 1, 108, 139, -1, 156, 117, 136.0, 19, Eala, 0, 0, 0, 0, , 0, 0, 0, 0, 0, 
145, 1, 110, 140, -1, 217, 114, 74.0, 21, Caaa, 0, 0, 0, 0, , 0, 0, 0, 0, 0, 
146, 1, 111, 141, -1, 262, 121, 72.0, 17, Caap, 0, 0, 0, 0, , 0, 0, 0, 0, 0, 
147, 1, 112, 142, -1, 230, 153, 81.0, 17, Capa, 0, 0, 0, 0, , 0, 0, 0, 0, 0, 
148, 1, 113, 143, -1, 271, 149, 90.0, 17, Capp, 0, 0, 0, 0, , 0, 0, 0, 0, 0, 
149, 1, 114, 144, -1, 252, 83, 91.0, 19, Cpaa, 0, 0, 0, 0, , 0, 0, 0, 0, 0, 
150, 1, 115, 145, -1, 291, 111, 87.0, 19, Cpap, 0, 0, 0, 0, , 0, 0, 0, 0, 0, 
151, 1, 116, 146, -1, 300, 145, 101.0, 17, Cppp, 0, 0, 0, 0, , 0, 0, 0, 0, 0, 
152, 1, 117, 147, -1, 318, 124, 121.0, 17, Cppa, 0, 0, 0, 0, , 0, 0, 0, 0, 0, 
153, 1, 118, 148, -1, 262, 167, 133.0, 18, Da, 0, 0, 0, 0, , 0, 0, 0, 0, 0, 
154, 1, 119, 149, -1, 291, 132, 150.0, 18, Dp, 0, 0, 0, 0, , 0, 0, 0, 0, 0, 
155, 1, 107, 150, -1, 192, 138, 136.0, 19, Ealp, 0, 0, 0, 0, , 0, 0, 0, 0, 0, 
156, 1, 120, 151, -1, 175, 85, 154.0, 15, Eara, 0, 0, 0, 0, , 0, 0, 0, 0, 0, 
157, 1, 109, 152, -1, 207, 101, 141.0, 17, Earp, 0, 0, 0, 0, , 0, 0, 0, 0, 0, 
158, 1, 121, 153, -1, 249, 143, 165.0, 18, Z2, 0, 0, 0, 0, , 0, 0, 0, 0, 0, 
159, 1, 122, 154, -1, 203, 152, 165.0, 16, Z3, 0, 0, 0, 0, , 0, 0, 0, 0, 0, 
160, 1, 123, 155, -1, 110, 50, 125.0, 18, ABarpaaa, 0, 0, 0, 0, , 0, 0, 0, 0, 0, 
161, 1, 124, 156, -1, 147, 58, 97.0, 19, ABarpaap, 0, 0, 0, 0, , 0, 0, 0, 0, 0, 
162, 1, 125, 157, -1, 137, 68, 134.0, 19, ABarpapa, 0, 0, 0, 0, , 0, 0, 0, 0, 0, 
163, 1, 126, 158, -1, 179, 66, 117.0, 18, ABarpapp, 0, 0, 0, 0, , 0, 0, 0, 0, 0, 
164, 1, 127, 159, -1, 170, 72, 76.0, 19, ABarppaa, 0, 0, 0, 0, , 0, 0, 0, 0, 0, 
165, 1, 128, 160, -1, 190, 91, 85.0, 19, ABarppap, 0, 0, 0, 0, , 0, 0, 0, 0, 0, 
166, 1, 129, 161, -1, 202, 65, 115.0, 18, ABarpppa, 0, 0, 0, 0, , 0, 0, 0, 0, 0, 
167, 1, 130, 162, -1, 229, 90, 112.0, 18, ABarpppp, 0, 0, 0, 0, , 0, 0, 0, 0, 0, 
168, 1, 131, 163, -1, 83, 98, 71.0, 17, ABplaaaa, 0, 0, 0, 0, , 0, 0, 0, 0, 0, 
169, 1, 132, 164, -1, 123, 93, 75.0, 17, ABplaaap, 0, 0, 0, 0, , 0, 0, 0, 0, 0, 
170, 1, 133, 165, -1, 96, 124, 67.0, 17, ABplaapa, 0, 0, 0, 0, , 0, 0, 0, 0, 0, 
171, 1, 134, 166, -1, 140, 128, 78.0, 17, ABplaapp, 0, 0, 0, 0, , 0, 0, 0, 0, 0, 
172, 1, 135, 167, -1, 135, 108, 57.0, 17, ABplapaa, 0, 0, 0, 0, , 0, 0, 0, 0, 0, 
173, 1, 136, 168, -1, 178, 117, 59.0, 18, ABplapap, 0, 0, 0, 0, , 0, 0, 0, 0, 0, 
174, 1, 137, 169, -1, 172, 139, 73.0, 19, ABplappa, 0, 0, 0, 0, , 0, 0, 0, 0, 0, 
175, 1, 138, 170, -1, 199, 154, 88.0, 17, ABplappp, 0, 0, 0, 0, , 0, 0, 0, 0, 0, 
