1, 0, 1, -1, -1, 156, 41, 148.0, 7, , 10, 0, 0, 0, , 0, 0, 0, 0, 0, 
2, 0, 2, -1, -1, 138, 118, 199.0, 9, , 31, 0, 0, 0, , 0, 0, 0, 0, 0, 
3, 0, 3, -1, -1, 154, 49, 149.0, 8, , 7, 0, 0, 0, , 0, 0, 0, 0, 0, 
4, 0, 4, -1, -1, 224, 58, 172.0, 7, , 15, 0, 0, 0, , 0, 0, 0, 0, 0, 
5, 0, 5, -1, -1, 141, 121, 76.0, 8, , 10, 0, 0, 0, , 0, 0, 0, 0, 0, 
6, 0, 6, -1, -1, 45, 111, 85.0, 8, , 162, 0, 0, 0, , 0, 0, 0, 0, 0, 
7, 0, 7, -1, -1, 144, 120, 197.0, 8, , 7, 0, 0, 0, , 0, 0, 0, 0, 0, 
8, 0, 8, -1, -1, 48, 113, 79.0, 8, , 128, 0, 0, 0, , 0, 0, 0, 0, 0, 
9, 0, 9, -1, -1, 144, 85, 193.0, 8, , 56, 0, 0, 0, , 0, 0, 0, 0, 0, 
10, 0, 10, -1, -1, 76, 93, 162.0, 7, , 11, 0, 0, 0, , 0, 0, 0, 0, 0, 
11, 0, 11, -1, -1, 147, 80, 197.0, 8, , 2, 0, 0, 0, , 0, 0, 0, 0, 0, 
12, 0, 13, -1, -1, 195, 148, 169.0, 9, , 28, 0, 0, 0, , 0, 0, 0, 0, 0, 
13, 0, 14, -1, -1, 213, 150, 168.0, 8, , 5, 0, 0, 0, , 0, 0, 0, 0, 0, 
14, 0, 15, -1, -1, 217, 81, 200.0, 8, , 9, 0, 0, 0, , 0, 0, 0, 0, 0, 
15, 0, 16, -1, -1, 152, 90, 190.0, 7, , 12, 0, 0, 0, , 0, 0, 0, 0, 0, 
16, 0, 17, -1, -1, 223, 77, 194.0, 8, , 40, 0, 0, 0, , 0, 0, 0, 0, 0, 
17, 0, 18, -1, -1, 131, 125, 185.0, 7, , 14, 0, 0, 0, , 0, 0, 0, 0, 0, 
18, 0, 19, -1, -1, 224, 47, 149.0, 8, , 1, 0, 0, 0, , 0, 0, 0, 0, 0, 
19, 0, 20, -1, -1, 71, 94, 158.0, 7, , 10, 0, 0, 0, , 0, 0, 0, 0, 0, 
20, 0, 21, -1, -1, 141, 93, 198.0, 8, , 6, 0, 0, 0, , 0, 0, 0, 0, 0, 
21, 0, 22, -1, -1, 99, 87, 193.0, 8, , 3, 0, 0, 0, , 0, 0, 0, 0, 0, 
22, 0, 23, -1, -1, 105, 47, 112.0, 8, , 14, 0, 0, 0, , 0, 0, 0, 0, 0, 
23, 0, 24, -1, -1, 79, 74, 136.0, 7, , 5, 0, 0, 0, , 0, 0, 0, 0, 0, 
24, 0, 25, -1, -1, 62, 141, 141.0, 9, , 14, 0, 0, 0, , 0, 0, 0, 0, 0, 
25, 0, 26, -1, -1, 50, 88, 137.0, 8, , 10, 0, 0, 0, , 0, 0, 0, 0, 0, 
26, 0, 29, -1, -1, 147, 58, 159.0, 7, , 14, 0, 0, 0, , 0, 0, 0, 0, 0, 
27, 0, 32, -1, -1, 288, 99, 165.0, 8, , 4, 0, 0, 0, , 0, 0, 0, 0, 0, 
28, 0, 33, -1, -1, 295, 140, 155.0, 9, , 18, 0, 0, 0, , 0, 0, 0, 0, 0, 
29, 0, 34, -1, -1, 246, 128, 160.0, 7, , 5, 0, 0, 0, , 0, 0, 0, 0, 0, 
30, 0, 35, -1, -1, 292, 95, 166.0, 8, , 25, 0, 0, 0, , 0, 0, 0, 0, 0, 
31, 0, 36, -1, -1, 258, 60, 170.0, 7, , 4, 0, 0, 0, , 0, 0, 0, 0, 0, 
32, 0, 37, -1, -1, 102, 77, 175.0, 8, , 3, 0, 0, 0, , 0, 0, 0, 0, 0, 
33, 0, 38, -1, -1, 114, 86, 188.0, 7, , 5, 0, 0, 0, , 0, 0, 0, 0, 0, 
34, 0, 39, -1, -1, 83, 109, 188.0, 8, , 3, 0, 0, 0, , 0, 0, 0, 0, 0, 
35, 0, 40, -1, -1, 125, 125, 193.0, 8, , 4, 0, 0, 0, , 0, 0, 0, 0, 0, 
36, 0, 41, -1, -1, 86, 70, 140.0, 7, , 4, 0, 0, 0, , 0, 0, 0, 0, 0, 
37, 0, 42, -1, -1, 74, 90, 160.0, 7, , 22, 0, 0, 0, , 0, 0, 0, 0, 0, 
38, 0, 43, -1, -1, 148, 83, 202.0, 9, , 17, 0, 0, 0, , 0, 0, 0, 0, 0, 
39, 0, 44, -1, -1, 218, 82, 206.0, 8, , 12, 0, 0, 0, , 0, 0, 0, 0, 0, 
40, 0, 45, -1, -1, 86, 74, 119.0, 8, , 2, 0, 0, 0, , 0, 0, 0, 0, 0, 
41, 0, 46, -1, -1, 296, 145, 157.0, 9, , 6, 0, 0, 0, , 0, 0, 0, 0, 0, 
42, 0, 47, -1, -1, 230, 46, 145.0, 8, , 27, 0, 0, 0, , 0, 0, 0, 0, 0, 
43, 0, 48, -1, -1, 202, 141, 163.0, 8, , 10, 0, 0, 0, , 0, 0, 0, 0, 0, 
44, 0, 49, -1, -1, 109, 49, 98.0, 9, , 22, 0, 0, 0, , 0, 0, 0, 0, 0, 
45, 0, 50, -1, -1, 75, 73, 117.0, 7, , 4, 0, 0, 0, , 0, 0, 0, 0, 0, 
46, 0, 51, -1, -1, 266, 87, 193.0, 8, , 8, 0, 0, 0, , 0, 0, 0, 0, 0, 
47, 0, 52, -1, -1, 135, 133, 81.0, 7, , 15, 0, 0, 0, , 0, 0, 0, 0, 0, 
48, 0, 53, -1, -1, 303, 119, 85.0, 8, , 2, 0, 0, 0, , 0, 0, 0, 0, 0, 
49, 0, 54, -1, -1, 163, 39, 138.0, 9, , 18, 0, 0, 0, , 0, 0, 0, 0, 0, 
50, 0, 55, -1, -1, 234, 53, 149.0, 7, , 20, 0, 0, 0, , 0, 0, 0, 0, 0, 
51, 0, 56, -1, -1, 163, 36, 145.0, 8, , 6, 0, 0, 0, , 0, 0, 0, 0, 0, 
52, 0, 57, -1, -1, 91, 113, 176.0, 7, , 21, 0, 0, 0, , 0, 0, 0, 0, 0, 
53, 0, 58, -1, -1, 291, 95, 171.0, 7, , 6, 0, 0, 0, , 0, 0, 0, 0, 0, 
54, 0, 59, -1, -1, 71, 90, 174.0, 8, , 4, 0, 0, 0, , 0, 0, 0, 0, 0, 
55, 0, 60, -1, -1, 88, 115, 181.0, 8, , 15, 0, 0, 0, , 0, 0, 0, 0, 0, 
56, 0, 61, -1, -1, 144, 93, 192.0, 8, , 23, 0, 0, 0, , 0, 0, 0, 0, 0, 
57, 0, 62, -1, -1, 141, 91, 206.0, 9, , 31, 0, 0, 0, , 0, 0, 0, 0, 0, 
58, 0, 63, -1, -1, 200, 73, 176.0, 8, , 15, 0, 0, 0, , 0, 0, 0, 0, 0, 
59, 0, 64, -1, -1, 166, 62, 188.0, 8, , 8, 0, 0, 0, , 0, 0, 0, 0, 0, 
60, 0, 65, -1, -1, 143, 89, 202.0, 9, , 11, 0, 0, 0, , 0, 0, 0, 0, 0, 
61, 0, 66, -1, -1, 229, 56, 161.0, 7, , 14, 0, 0, 0, , 0, 0, 0, 0, 0, 
62, 0, 67, -1, -1, 142, 56, 171.0, 9, , 9, 0, 0, 0, , 0, 0, 0, 0, 0, 
63, 0, 68, -1, -1, 133, 116, 189.0, 8, , 28, 0, 0, 0, , 0, 0, 0, 0, 0, 
64, 0, 69, -1, -1, 148, 62, 91.0, 8, , 6, 0, 0, 0, , 0, 0, 0, 0, 0, 
65, 0, 70, -1, -1, 152, 65, 102.0, 9, , 6, 0, 0, 0, , 0, 0, 0, 0, 0, 
66, 0, 71, -1, -1, 53, 119, 129.0, 8, , 3, 0, 0, 0, , 0, 0, 0, 0, 0, 
67, 0, 72, -1, -1, 85, 75, 131.0, 7, , 5, 0, 0, 0, , 0, 0, 0, 0, 0, 
68, 0, 73, -1, -1, 256, 165, 132.0, 8, , 16, 0, 0, 0, , 0, 0, 0, 0, 0, 
69, 0, 74, -1, -1, 257, 159, 135.0, 8, , 13, 0, 0, 0, , 0, 0, 0, 0, 0, 
70, 0, 75, -1, -1, 61, 142, 141.0, 9, , 8, 0, 0, 0, , 0, 0, 0, 0, 0, 
71, 0, 76, -1, -1, 65, 135, 146.0, 8, , 7, 0, 0, 0, , 0, 0, 0, 0, 0, 
72, 0, 77, -1, -1, 90, 71, 148.0, 8, , 11, 0, 0, 0, , 0, 0, 0, 0, 0, 
73, 0, 78, -1, -1, 170, 39, 148.0, 8, , 8, 0, 0, 0, , 0, 0, 0, 0, 0, 
74, 0, 79, -1, -1, 203, 38, 148.0, 8, , 8, 0, 0, 0, , 0, 0, 0, 0, 0, 
75, 0, 80, -1, -1, 233, 45, 150.0, 8, , 14, 0, 0, 0, , 0, 0, 0, 0, 0, 
76, 0, 81, -1, -1, 200, 37, 152.0, 7, , 5, 0, 0, 0, , 0, 0, 0, 0, 0, 
77, 0, 82, -1, -1, 221, 47, 153.0, 8, , 9, 0, 0, 0, , 0, 0, 0, 0, 0, 
78, 0, 83, -1, -1, 96, 152, 156.0, 8, , 2, 0, 0, 0, , 0, 0, 0, 0, 0, 
79, 0, 84, -1, -1, 271, 80, 156.0, 9, , 6, 0, 0, 0, , 0, 0, 0, 0, 0, 
80, 0, 85, -1, -1, 230, 48, 158.0, 8, , 6, 0, 0, 0, , 0, 0, 0, 0, 0, 
81, 0, 86, -1, -1, 102, 146, 161.0, 8, , 4, 0, 0, 0, , 0, 0, 0, 0, 0, 
82, 0, 87, -1, -1, 94, 72, 167.0, 8, , 1, 0, 0, 0, , 0, 0, 0, 0, 0, 
83, 0, 88, -1, -1, 309, 78, 166.0, 7, , 9, 0, 0, 0, , 0, 0, 0, 0, 0, 
84, 0, 90, -1, -1, 290, 102, 169.0, 7, , 6, 0, 0, 0, , 0, 0, 0, 0, 0, 
85, 0, 91, -1, -1, 189, 45, 171.0, 9, , 12, 0, 0, 0, , 0, 0, 0, 0, 0, 
86, 0, 92, -1, -1, 195, 51, 176.0, 8, , 10, 0, 0, 0, , 0, 0, 0, 0, 0, 
87, 0, 93, -1, -1, 220, 66, 183.0, 7, , 12, 0, 0, 0, , 0, 0, 0, 0, 0, 
88, 0, 94, -1, -1, 201, 74, 182.0, 8, , 16, 0, 0, 0, , 0, 0, 0, 0, 0, 
89, 0, 95, -1, -1, 91, 117, 187.0, 7, , 5, 0, 0, 0, , 0, 0, 0, 0, 0, 
90, 0, -1, -1, -1, 129, 125, 188.0, 8, , 22, 0, 0, 0, , 0, 0, 0, 0, 0, 
91, 0, 97, -1, -1, 188, 49, 185.0, 7, , 18, 0, 0, 0, , 0, 0, 0, 0, 0, 
92, 0, 98, -1, -1, 137, 129, 191.0, 8, , 23, 0, 0, 0, , 0, 0, 0, 0, 0, 
93, 0, 99, -1, -1, 88, 112, 191.0, 7, , 12, 0, 0, 0, , 0, 0, 0, 0, 0, 
94, 0, 100, -1, -1, 137, 116, 192.0, 8, , 30, 0, 0, 0, , 0, 0, 0, 0, 0, 
95, 0, 101, -1, -1, 143, 128, 196.0, 8, , 6, 0, 0, 0, , 0, 0, 0, 0, 0, 
96, 0, 102, -1, -1, 103, 88, 196.0, 9, , 23, 0, 0, 0, , 0, 0, 0, 0, 0, 
97, 0, 103, -1, -1, 221, 75, 199.0, 8, , 5, 0, 0, 0, , 0, 0, 0, 0, 0, 
98, 0, 104, -1, -1, 128, 123, 199.0, 7, , 10, 0, 0, 0, , 0, 0, 0, 0, 0, 
99, 0, -1, -1, -1, 164, 46, 136.0, 8, , 40, 0, 0, 0, , 0, 0, 0, 0, 0, 
100, 0, -1, -1, -1, 148, 178, 137.0, 9, , 12, 0, 0, 0, , 0, 0, 0, 0, 0, 
101, 0, -1, -1, -1, 293, 142, 147.0, 8, , 44, 0, 0, 0, , 0, 0, 0, 0, 0, 
102, 0, -1, -1, -1, 260, 89, 188.0, 8, , 29, 0, 0, 0, , 0, 0, 0, 0, 0, 
103, 0, -1, -1, -1, 216, 92, 99.0, 8, , 29, 0, 0, 0, , 0, 0, 0, 0, 0, 
104, 0, -1, -1, -1, 153, 83, 195.0, 8, , 24, 0, 0, 0, , 0, 0, 0, 0, 0, 
105, 0, -1, -1, -1, 139, 122, 81.0, 8, , 17, 0, 0, 0, , 0, 0, 0, 0, 0, 
106, 0, -1, -1, -1, 306, 112, 89.0, 7, , 4, 0, 0, 0, , 0, 0, 0, 0, 0, 
107, 0, -1, -1, -1, 306, 111, 96.0, 8, , 6, 0, 0, 0, , 0, 0, 0, 0, 0, 
108, 0, -1, -1, -1, 145, 62, 97.0, 8, , 15, 0, 0, 0, , 0, 0, 0, 0, 0, 
109, 0, -1, -1, -1, 156, 45, 138.0, 8, , 5, 0, 0, 0, , 0, 0, 0, 0, 0, 
110, 0, -1, -1, -1, 55, 85, 141.0, 9, , 6, 0, 0, 0, , 0, 0, 0, 0, 0, 
111, 0, -1, -1, -1, 222, 53, 143.0, 8, , 11, 0, 0, 0, , 0, 0, 0, 0, 0, 
112, 0, -1, -1, -1, 93, 77, 170.0, 7, , 16, 0, 0, 0, , 0, 0, 0, 0, 0, 
113, 0, -1, -1, -1, 278, 127, 175.0, 8, , 10, 0, 0, 0, , 0, 0, 0, 0, 0, 
114, 0, -1, -1, -1, 95, 77, 176.0, 8, , 3, 0, 0, 0, , 0, 0, 0, 0, 0, 
115, 0, -1, -1, -1, 256, 93, 204.0, 8, , 3, 0, 0, 0, , 0, 0, 0, 0, 0, 
116, 0, -1, -1, -1, 135, 133, 78.0, 8, , 9, 0, 0, 0, , 0, 0, 0, 0, 0, 
117, 1, 105, 166, -1, 286, 115, 122.0, 18, Eprp, 0, 0, 0, 0, , 0, 0, 0, 0, 0, 
118, 1, 106, 167, -1, 165, 45, 146.0, 21, ABpraaap, 0, 0, 0, 0, , 0, 0, 0, 0, 0, 
119, 1, 107, 168, -1, 194, 77, 175.0, 17, ABarappp, 0, 0, 0, 0, , 0, 0, 0, 0, 0, 
120, 1, 108, 169, -1, 171, 66, 193.0, 23, ABarappa, 0, 0, 0, 0, , 0, 0, 0, 0, 0, 
121, 0, 109, -1, -1, 124, 78, 180.85106, 17, , 0, 0, 0, 0, , 0, 0, 0, 0, 0, 
122, 0, 110, -1, -1, 132, 64, 182.8, 18, , 0, 0, 0, 0, , 0, 0, 0, 0, 0, 
123, 1, 111, 172, -1, 109, 91, 194.0, 21, ABarapaa, 0, 0, 0, 0, , 0, 0, 0, 0, 0, 
124, 1, 112, 173, -1, 147, 90, 198.0, 19, ABarapap, 0, 0, 0, 0, , 0, 0, 0, 0, 0, 
125, 1, 113, 174, -1, 91, 112, 183.0, 18, ABaraapa, 0, 0, 0, 0, , 0, 0, 0, 0, 0, 
126, 1, 114, 175, -1, 134, 123, 193.0, 21, ABaraapp, 0, 0, 0, 0, , 0, 0, 0, 0, 0, 
127, 1, 115, 176, -1, 100, 77, 168.0, 21, ABaraaap, 0, 0, 0, 0, , 0, 0, 0, 0, 0, 
128, 1, 116, 177, -1, 70, 91, 169.0, 19, ABaraaaa, 0, 0, 0, 0, , 0, 0, 0, 0, 0, 
129, 1, 117, 178, -1, 61, 121, 124.0, 23, ABalpaap, 0, 0, 0, 0, , 0, 0, 0, 0, 0, 
130, 1, 118, 179, -1, 48, 109, 149.0, 23, ABalpaaa, 0, 0, 0, 0, , 0, 0, 0, 0, 0, 
131, 1, 119, 180, -1, 99, 152, 156.0, 17, ABalpapp, 0, 0, 0, 0, , 0, 0, 0, 0, 0, 
132, 1, 120, 181, -1, 57, 149, 115.0, 21, ABalppaa, 0, 0, 0, 0, , 0, 0, 0, 0, 0, 
133, 1, 121, 182, -1, 89, 154, 129.0, 21, ABalppap, 0, 0, 0, 0, , 0, 0, 0, 0, 0, 
134, 1, 122, 183, -1, 61, 136, 150.0, 19, ABalpapa, 0, 0, 0, 0, , 0, 0, 0, 0, 0, 
135, 1, 123, 184, -1, 85, 118, 100.5, 22, ABalpppa, 0, 0, 0, 0, , 0, 0, 0, 0, 0, 
136, 1, 124, 185, -1, 118, 131, 112.666664, 19, ABalpppp, 0, 0, 0, 0, , 0, 0, 0, 0, 0, 
137, 1, 125, 186, -1, 55, 87, 132.0, 21, ABalaaaa, 0, 0, 0, 0, , 0, 0, 0, 0, 0, 
138, 1, 126, 187, -1, 80, 70, 121.0, 20, ABalaaap, 0, 0, 0, 0, , 0, 0, 0, 0, 0, 
139, 1, 127, 188, -1, 83, 75, 146.0, 19, ABalaapa, 0, 0, 0, 0, , 0, 0, 0, 0, 0, 
140, 1, 128, 189, -1, 121, 80, 148.0, 21, ABalaapp, 0, 0, 0, 0, , 0, 0, 0, 0, 0, 
141, 1, 129, 190, -1, 78, 83, 97.0, 23, ABalapaa, 0, 0, 0, 0, , 0, 0, 0, 0, 0, 
142, 1, 130, 191, -1, 110, 74, 87.0, 21, ABalapap, 0, 0, 0, 0, , 0, 0, 0, 0, 0, 
143, 1, 131, 192, -1, 110, 73, 120.0, 21, ABalappa, 0, 0, 0, 0, , 0, 0, 0, 0, 0, 
144, 1, 132, 193, -1, 141, 90, 107.0, 20, ABalappp, 0, 0, 0, 0, , 0, 0, 0, 0, 0, 
145, 1, 133, 194, -1, 141, 53, 160.0, 19, ABpraaaa, 0, 0, 0, 0, , 0, 0, 0, 0, 0, 
146, 1, 134, 195, -1, 195, 40, 147.33333, 20, ABpraapa, 0, 0, 0, 0, , 0, 0, 0, 0, 0, 
147, 1, 135, 196, -1, 227, 50, 153.5, 16, ABpraapp, 0, 0, 0, 0, , 0, 0, 0, 0, 0, 
148, 1, 136, 197, -1, 273, 68, 142.0, 19, ABprappa, 0, 0, 0, 0, , 0, 0, 0, 0, 0, 
149, 1, 137, 198, -1, 299, 84, 125.0, 21, ABprappp, 0, 0, 0, 0, , 0, 0, 0, 0, 0, 
150, 1, 138, 199, -1, 215, 39, 119.0, 21, ABprapaa, 0, 0, 0, 0, , 0, 0, 0, 0, 0, 
151, 1, 139, 200, -1, 257, 57, 121.0, 21, ABprapap, 0, 0, 0, 0, , 0, 0, 0, 0, 0, 
152, 0, 141, -1, -1, 291, 119, 123.0, 17, , 0, 0, 0, 0, , 0, 0, 0, 0, 0, 
153, 1, 142, 201, -1, 155, 170, 87.75, 17, ABplppaa, 0, 0, 0, 0, , 0, 0, 0, 0, 0, 
154, 1, 143, 202, -1, 179, 157, 110.0, 16, ABplppap, 0, 0, 0, 0, , 0, 0, 0, 0, 0, 
155, 1, 144, 203, -1, 194, 174, 109.75, 17, ABplpppa, 0, 0, 0, 0, , 0, 0, 0, 0, 0, 
156, 1, 145, 204, -1, 225, 176, 120.0, 16, ABplpppp, 0, 0, 0, 0, , 0, 0, 0, 0, 0, 
157, 1, 146, 205, -1, 111, 169, 123.0, 21, ABplpapa, 0, 0, 0, 0, , 0, 0, 0, 0, 0, 
158, 1, 147, 206, -1, 89, 152, 85.666664, 20, ABplpaaa, 0, 0, 0, 0, , 0, 0, 0, 0, 0, 
159, 1, 148, 207, -1, 120, 156, 87.0, 19, ABplpaap, 0, 0, 0, 0, , 0, 0, 0, 0, 0, 
160, 1, 149, 208, -1, 151, 174, 122.0, 19, ABplpapp, 0, 0, 0, 0, , 0, 0, 0, 0, 0, 
161, 1, 150, 209, -1, 186, 50, 174.0, 16, ABprpaaa, 0, 0, 0, 0, , 0, 0, 0, 0, 0, 
162, 1, 151, 210, -1, 225, 60, 174.33333, 19, ABprpaap, 0, 0, 0, 0, , 0, 0, 0, 0, 0, 
163, 1, 153, 211, -1, 223, 82, 195.0, 19, ABprpapa, 0, 0, 0, 0, , 0, 0, 0, 0, 0, 
164, 1, 152, 212, -1, 257, 90, 192.0, 19, ABprpapp, 0, 0, 0, 0, , 0, 0, 0, 0, 0, 
165, 1, 154, 213, -1, 254, 60, 175.0, 16, ABprppaa, 0, 0, 0, 0, , 0, 0, 0, 0, 0, 
166, 1, 155, 214, -1, 271, 79, 170.0, 16, ABprppap, 0, 0, 0, 0, , 0, 0, 0, 0, 0, 
167, 1, 156, 215, -1, 301, 76, 159.66667, 18, ABprpppa, 0, 0, 0, 0, , 0, 0, 0, 0, 0, 
168, 1, 157, 216, -1, 296, 102, 175.6, 20, ABprpppp, 0, 0, 0, 0, , 0, 0, 0, 0, 0, 
169, 1, 158, 217, -1, 89, 109, 149.0, 19, MSaaaa, 0, 0, 0, 0, , 0, 0, 0, 0, 0, 
170, 1, 159, 218, -1, 123, 123, 162.0, 17, MSaaap, 0, 0, 0, 0, , 0, 0, 0, 0, 0, 
171, 1, 160, 219, -1, 136, 152, 179.66667, 16, MSaapa, 0, 0, 0, 0, , 0, 0, 0, 0, 0, 
172, 1, 161, 220, -1, 189, 160, 179.0, 16, MSaapp, 0, 0, 0, 0, , 0, 0, 0, 0, 0, 
173, 1, 162, 221, -1, 130, 143, 146.0, 16, MSapaa, 0, 0, 0, 0, , 0, 0, 0, 0, 0, 
174, 1, 163, 222, -1, 166, 152, 148.0, 16, MSapap, 0, 0, 0, 0, , 0, 0, 0, 0, 0, 
175, 1, 164, 223, -1, 178, 167, 153.0, 16, MSappa, 0, 0, 0, 0, , 0, 0, 0, 0, 0, 
176, 1, 165, 224, -1, 215, 157, 141.0, 16, MSappp, 0, 0, 0, 0, , 0, 0, 0, 0, 0, 
177, 1, 166, 225, -1, 179, 99, 185.4, 18, MSppaa, 0, 0, 0, 0, , 0, 0, 0, 0, 0, 
178, 1, 167, 226, -1, 211, 102, 166.2, 18, MSppap, 0, 0, 0, 0, , 0, 0, 0, 0, 0, 
179, 1, 168, 227, -1, 228, 108, 190.4, 17, MSpppa, 0, 0, 0, 0, , 0, 0, 0, 0, 0, 
180, 1, 169, 228, -1, 255, 112, 170.0, 16, MSpppp, 0, 0, 0, 0, , 0, 0, 0, 0, 0, 
181, 1, 170, 229, -1, 140, 89, 169.0, 19, MSpaaa, 0, 0, 0, 0, , 0, 0, 0, 0, 0, 
182, 1, 171, 230, -1, 174, 124, 169.0, 17, MSpaap, 0, 0, 0, 0, , 0, 0, 0, 0, 0, 
183, 1, 172, 231, -1, 175, 129, 196.0, 16, MSpapa, 0, 0, 0, 0, , 0, 0, 0, 0, 0, 
184, 1, 173, 232, -1, 231, 143, 195.0, 16, MSpapp, 0, 0, 0, 0, , 0, 0, 0, 0, 0, 
185, 1, 174, 233, -1, 151, 115, 122.0, 19, Eala, 0, 0, 0, 0, , 0, 0, 0, 0, 0, 
186, 1, 175, 234, -1, 236, 127, 75.0, 17, Caaa, 0, 0, 0, 0, , 0, 0, 0, 0, 0, 
187, 1, 176, 235, -1, 277, 127, 76.0, 17, Caap, 0, 0, 0, 0, , 0, 0, 0, 0, 0, 
188, 1, 177, 236, -1, 239, 162, 94.0, 17, Capa, 0, 0, 0, 0, , 0, 0, 0, 0, 0, 
189, 1, 178, 237, -1, 284, 155, 95.0, 17, Capp, 0, 0, 0, 0, , 0, 0, 0, 0, 0, 
190, 1, 179, 252, -1, 246, 88, 84.0, 17, Cpaaa, 0, 0, 0, 0, , 0, 0, 0, 0, 0, 
191, 1, 179, 238, -1, 264, 95, 89.5, 17, Cpaap, 0, 0, 0, 0, , 0, 0, 0, 0, 0, 
192, 1, 180, 239, 240, 301, 117, 89.0, 17, Cpap, 0, 0, 0, 0, , 0, 0, 0, 0, 0, 
193, 1, 181, 241, -1, 304, 147, 119.0, 17, Cppp, 0, 0, 0, 0, , 0, 0, 0, 0, 0, 
194, 1, 182, 242, -1, 321, 122, 139.0, 17, Cppa, 0, 0, 0, 0, , 0, 0, 0, 0, 0, 
195, 1, 183, 243, 244, 257, 159, 141.0, 16, Da, 0, 0, 0, 0, , 0, 0, 0, 0, 0, 
196, 1, 184, 253, -1, 278, 124, 166.0, 16, Dpa, 0, 0, 0, 0, , 0, 0, 0, 0, 0, 
197, 1, 184, 245, -1, 295, 140, 153.0, 16, Dpp, 0, 0, 0, 0, , 0, 0, 0, 0, 0, 
198, 1, 140, 246, -1, 241, 90, 148.0, 15, Epra, 0, 0, 0, 0, , 0, 0, 0, 0, 0, 
199, 1, 185, 247, -1, 193, 136, 128.0, 19, Ealp, 0, 0, 0, 0, , 0, 0, 0, 0, 0, 
200, 1, 186, 248, -1, 166, 84, 153.0, 17, Eara, 0, 0, 0, 0, , 0, 0, 0, 0, 0, 
201, 1, 187, 249, -1, 209, 92, 136.0, 17, Earp, 0, 0, 0, 0, , 0, 0, 0, 0, 0, 
202, 1, 188, 250, -1, 218, 123, 130.0, 16, Epla, 0, 0, 0, 0, , 0, 0, 0, 0, 0, 
203, 1, 189, 251, -1, 258, 141, 121.0, 19, Eplp, 0, 0, 0, 0, , 0, 0, 0, 0, 0, 
204, 1, 190, 254, -1, 243, 136, 169.0, 18, Z2, 0, 0, 0, 0, , 0, 0, 0, 0, 0, 
205, 1, 191, 255, -1, 205, 148, 164.0, 16, Z3, 0, 0, 0, 0, , 0, 0, 0, 0, 0, 
206, 1, 192, 256, -1, 112, 48, 108.0, 16, ABarpaaa, 0, 0, 0, 0, , 0, 0, 0, 0, 0, 
207, 1, 193, 257, -1, 148, 61, 95.0, 19, ABarpaap, 0, 0, 0, 0, , 0, 0, 0, 0, 0, 
208, 1, 194, 258, -1, 132, 52, 130.0, 19, ABarpapa, 0, 0, 0, 0, , 0, 0, 0, 0, 0, 
209, 1, 195, 259, -1, 178, 67, 121.0, 18, ABarpapp, 0, 0, 0, 0, , 0, 0, 0, 0, 0, 
210, 1, 196, 260, -1, 174, 82, 73.0, 19, ABarppaa, 0, 0, 0, 0, , 0, 0, 0, 0, 0, 
211, 1, 197, 261, -1, 196, 101, 89.0, 19, ABarppap, 0, 0, 0, 0, , 0, 0, 0, 0, 0, 
212, 1, 198, 262, -1, 202, 64, 105.0, 18, ABarpppa, 0, 0, 0, 0, , 0, 0, 0, 0, 0, 
213, 1, 199, 263, -1, 228, 90, 111.0, 18, ABarpppp, 0, 0, 0, 0, , 0, 0, 0, 0, 0, 
214, 1, 200, 264, -1, 91, 95, 69.0, 17, ABplaaaa, 0, 0, 0, 0, , 0, 0, 0, 0, 0, 
215, 1, 201, 265, -1, 135, 92, 73.0, 17, ABplaaap, 0, 0, 0, 0, , 0, 0, 0, 0, 0, 
216, 1, 202, 266, -1, 103, 123, 69.0, 17, ABplaapa, 0, 0, 0, 0, , 0, 0, 0, 0, 0, 
217, 1, 203, 267, -1, 139, 128, 75.0, 17, ABplaapp, 0, 0, 0, 0, , 0, 0, 0, 0, 0, 
218, 1, 204, 268, -1, 153, 114, 53.0, 19, ABplapaa, 0, 0, 0, 0, , 0, 0, 0, 0, 0, 
219, 1, 205, 269, -1, 185, 123, 65.0, 18, ABplapap, 0, 0, 0, 0, , 0, 0, 0, 0, 0, 
220, 1, 206, 270, -1, 177, 156, 77.0, 19, ABplappa, 0, 0, 0, 0, , 0, 0, 0, 0, 0, 
221, 1, 207, 271, -1, 213, 157, 94.0, 17, ABplappp, 0, 0, 0, 0, , 0, 0, 0, 0, 0, 
