1, 0, 1, -1, -1, 172, 42, 150.0, 7, , 13, 0, 0, 0, , 0, 0, 0, 0, 0, 
2, 0, 2, -1, -1, 122, 123, 197.0, 9, , 20, 0, 0, 0, , 0, 0, 0, 0, 0, 
3, 0, 3, -1, -1, 161, 49, 145.0, 7, , 26, 0, 0, 0, , 0, 0, 0, 0, 0, 
4, 0, 4, -1, -1, 225, 57, 171.0, 7, , 15, 0, 0, 0, , 0, 0, 0, 0, 0, 
5, 0, 5, -1, -1, 46, 111, 84.0, 9, , 116, 0, 0, 0, , 0, 0, 0, 0, 0, 
6, 0, 6, -1, -1, 48, 112, 80.0, 9, , 138, 0, 0, 0, , 0, 0, 0, 0, 0, 
7, 0, 7, -1, -1, 134, 86, 192.0, 8, , 22, 0, 0, 0, , 0, 0, 0, 0, 0, 
8, 0, 8, -1, -1, 73, 92, 162.0, 7, , 13, 0, 0, 0, , 0, 0, 0, 0, 0, 
9, 0, 9, -1, -1, 137, 83, 195.0, 9, , 34, 0, 0, 0, , 0, 0, 0, 0, 0, 
10, 0, 10, -1, -1, 201, 147, 164.0, 8, , 9, 0, 0, 0, , 0, 0, 0, 0, 0, 
11, 0, 11, -1, -1, 223, 88, 201.0, 8, , 4, 0, 0, 0, , 0, 0, 0, 0, 0, 
12, 0, 12, -1, -1, 224, 81, 192.0, 8, , 3, 0, 0, 0, , 0, 0, 0, 0, 0, 
13, 0, 13, -1, -1, 128, 132, 185.0, 7, , 14, 0, 0, 0, , 0, 0, 0, 0, 0, 
14, 0, 15, -1, -1, 133, 84, 199.0, 11, , 63, 0, 0, 0, , 0, 0, 0, 0, 0, 
15, 0, 16, -1, -1, 108, 92, 191.0, 8, , 19, 0, 0, 0, , 0, 0, 0, 0, 0, 
16, 0, 17, -1, -1, 95, 50, 105.0, 9, , 15, 0, 0, 0, , 0, 0, 0, 0, 0, 
17, 0, 18, -1, -1, 61, 143, 144.0, 8, , 14, 0, 0, 0, , 0, 0, 0, 0, 0, 
18, 0, 19, -1, -1, 53, 87, 136.0, 9, , 41, 0, 0, 0, , 0, 0, 0, 0, 0, 
19, 0, 20, -1, -1, 146, 53, 157.0, 9, , 14, 0, 0, 0, , 0, 0, 0, 0, 0, 
20, 0, 21, -1, -1, 295, 103, 163.0, 7, , 16, 0, 0, 0, , 0, 0, 0, 0, 0, 
21, 0, 22, -1, -1, 236, 127, 163.0, 8, , 4, 0, 0, 0, , 0, 0, 0, 0, 0, 
22, 0, 23, -1, -1, 293, 105, 167.0, 9, , 16, 0, 0, 0, , 0, 0, 0, 0, 0, 
23, 0, 24, -1, -1, 104, 78, 174.0, 8, , 12, 0, 0, 0, , 0, 0, 0, 0, 0, 
24, 0, 25, -1, -1, 113, 88, 191.0, 7, , 13, 0, 0, 0, , 0, 0, 0, 0, 0, 
25, 0, 28, -1, -1, 88, 76, 146.0, 7, , 11, 0, 0, 0, , 0, 0, 0, 0, 0, 
26, 0, 29, -1, -1, 71, 90, 159.0, 11, , 23, 0, 0, 0, , 0, 0, 0, 0, 0, 
27, 0, 31, -1, -1, 216, 82, 205.0, 8, , 8, 0, 0, 0, , 0, 0, 0, 0, 0, 
28, 0, 36, -1, -1, 255, 85, 192.0, 7, , 21, 0, 0, 0, , 0, 0, 0, 0, 0, 
29, 0, 37, -1, -1, 167, 42, 141.0, 8, , 51, 0, 0, 0, , 0, 0, 0, 0, 0, 
30, 0, 38, -1, -1, 169, 41, 146.0, 9, , 50, 0, 0, 0, , 0, 0, 0, 0, 0, 
31, 0, 39, -1, -1, 89, 120, 176.0, 7, , 48, 0, 0, 0, , 0, 0, 0, 0, 0, 
32, 0, 40, -1, -1, 293, 107, 173.0, 7, , 12, 0, 0, 0, , 0, 0, 0, 0, 0, 
33, 0, 41, -1, -1, 73, 86, 175.0, 9, , 6, 0, 0, 0, , 0, 0, 0, 0, 0, 
34, 0, 42, -1, -1, 93, 109, 174.0, 7, , 8, 0, 0, 0, , 0, 0, 0, 0, 0, 
35, 0, 43, -1, -1, 135, 81, 192.0, 9, , 37, 0, 0, 0, , 0, 0, 0, 0, 0, 
36, 0, 44, -1, -1, 196, 76, 180.0, 7, , 8, 0, 0, 0, , 0, 0, 0, 0, 0, 
37, 0, 45, -1, -1, 163, 72, 189.0, 8, , 3, 0, 0, 0, , 0, 0, 0, 0, 0, 
38, 0, 46, -1, -1, 145, 91, 200.0, 9, , 52, 0, 0, 0, , 0, 0, 0, 0, 0, 
39, 0, 47, -1, -1, 150, 50, 170.0, 8, , 2, 0, 0, 0, , 0, 0, 0, 0, 0, 
40, 0, 49, -1, -1, 83, 72, 133.0, 9, , 9, 0, 0, 0, , 0, 0, 0, 0, 0, 
41, 0, 52, -1, -1, 60, 144, 147.0, 8, , 10, 0, 0, 0, , 0, 0, 0, 0, 0, 
42, 0, 53, -1, -1, 68, 134, 148.0, 7, , 10, 0, 0, 0, , 0, 0, 0, 0, 0, 
43, 0, 54, -1, -1, 85, 68, 148.0, 8, , 14, 0, 0, 0, , 0, 0, 0, 0, 0, 
44, 0, 56, -1, -1, 202, 43, 149.0, 8, , 7, 0, 0, 0, , 0, 0, 0, 0, 0, 
45, 0, 57, -1, -1, 221, 45, 150.0, 7, , 25, 0, 0, 0, , 0, 0, 0, 0, 0, 
46, 0, 59, -1, -1, 119, 155, 162.0, 7, , 6, 0, 0, 0, , 0, 0, 0, 0, 0, 
47, 0, 60, -1, -1, 275, 85, 159.0, 8, , 2, 0, 0, 0, , 0, 0, 0, 0, 0, 
48, 0, 61, -1, -1, 85, 146, 163.0, 8, , 23, 0, 0, 0, , 0, 0, 0, 0, 0, 
49, 0, 62, -1, -1, 99, 72, 170.0, 8, , 10, 0, 0, 0, , 0, 0, 0, 0, 0, 
50, 0, 63, -1, -1, 308, 82, 163.0, 8, , 6, 0, 0, 0, , 0, 0, 0, 0, 0, 
51, 0, 64, -1, -1, 301, 110, 171.0, 8, , 2, 0, 0, 0, , 0, 0, 0, 0, 0, 
52, 0, 65, -1, -1, 181, 47, 172.0, 8, , 5, 0, 0, 0, , 0, 0, 0, 0, 0, 
53, 0, 66, -1, -1, 196, 50, 179.0, 8, , 4, 0, 0, 0, , 0, 0, 0, 0, 0, 
54, 0, 67, -1, -1, 90, 118, 184.0, 9, , 78, 0, 0, 0, , 0, 0, 0, 0, 0, 
55, 0, 68, -1, -1, 123, 121, 188.0, 7, , 11, 0, 0, 0, , 0, 0, 0, 0, 0, 
56, 0, 69, -1, -1, 184, 48, 185.0, 9, , 11, 0, 0, 0, , 0, 0, 0, 0, 0, 
57, 0, 70, -1, -1, 122, 127, 187.0, 8, , 25, 0, 0, 0, , 0, 0, 0, 0, 0, 
58, 0, 71, -1, -1, 87, 114, 187.0, 8, , 9, 0, 0, 0, , 0, 0, 0, 0, 0, 
59, 0, 73, -1, -1, 106, 93, 196.0, 8, , 25, 0, 0, 0, , 0, 0, 0, 0, 0, 
60, 0, 74, -1, -1, 253, 96, 199.0, 7, , 11, 0, 0, 0, , 0, 0, 0, 0, 0, 
61, 0, 76, -1, -1, 163, 47, 140.0, 8, , 18, 0, 0, 0, , 0, 0, 0, 0, 0, 
62, 0, 77, -1, -1, 144, 170, 140.0, 8, , 10, 0, 0, 0, , 0, 0, 0, 0, 0, 
63, 0, 79, -1, -1, 252, 96, 191.0, 8, , 26, 0, 0, 0, , 0, 0, 0, 0, 0, 
64, 0, 80, -1, -1, 222, 96, 98.0, 8, , 27, 0, 0, 0, , 0, 0, 0, 0, 0, 
65, 0, 84, -1, -1, 161, 46, 138.0, 9, , 20, 0, 0, 0, , 0, 0, 0, 0, 0, 
66, 0, 86, -1, -1, 219, 48, 144.0, 8, , 32, 0, 0, 0, , 0, 0, 0, 0, 0, 
67, 0, 87, -1, -1, 97, 82, 171.0, 8, , 16, 0, 0, 0, , 0, 0, 0, 0, 0, 
68, 0, 89, -1, -1, 91, 75, 175.0, 8, , 10, 0, 0, 0, , 0, 0, 0, 0, 0, 
69, 0, 90, -1, -1, 255, 93, 201.0, 7, , 12, 0, 0, 0, , 0, 0, 0, 0, 0, 
70, 0, 91, -1, -1, 202, 38, 150.0, 9, , 23, 0, 0, 0, , 0, 0, 0, 0, 0, 
71, 0, 92, -1, -1, 75, 98, 168.0, 8, , 10, 0, 0, 0, , 0, 0, 0, 0, 0, 
72, 0, 93, -1, -1, 222, 94, 102.0, 8, , 5, 0, 0, 0, , 0, 0, 0, 0, 0, 
73, 0, 94, -1, -1, 119, 155, 157.0, 8, , 11, 0, 0, 0, , 0, 0, 0, 0, 0, 
74, 0, 95, -1, -1, 87, 145, 169.0, 8, , 45, 0, 0, 0, , 0, 0, 0, 0, 0, 
75, 0, 96, -1, -1, 92, 115, 173.0, 8, , 20, 0, 0, 0, , 0, 0, 0, 0, 0, 
76, 0, 97, -1, -1, 103, 122, 63.0, 9, , 8, 0, 0, 0, , 0, 0, 0, 0, 0, 
77, 0, 98, -1, -1, 104, 128, 67.0, 9, , 29, 0, 0, 0, , 0, 0, 0, 0, 0, 
78, 0, 100, -1, -1, 102, 71, 83.0, 7, , 13, 0, 0, 0, , 0, 0, 0, 0, 0, 
79, 0, 102, -1, -1, 65, 123, 121.0, 8, , 4, 0, 0, 0, , 0, 0, 0, 0, 0, 
80, 0, 103, -1, -1, 59, 116, 123.0, 7, , 11, 0, 0, 0, , 0, 0, 0, 0, 0, 
81, 0, 104, -1, -1, 60, 114, 130.0, 9, , 18, 0, 0, 0, , 0, 0, 0, 0, 0, 
82, 0, 105, -1, -1, 110, 166, 129.0, 8, , 11, 0, 0, 0, , 0, 0, 0, 0, 0, 
83, 0, 106, -1, -1, 51, 128, 131.0, 9, , 20, 0, 0, 0, , 0, 0, 0, 0, 0, 
84, 0, 107, -1, -1, 59, 121, 134.0, 9, , 20, 0, 0, 0, , 0, 0, 0, 0, 0, 
85, 0, 109, -1, -1, 195, 44, 140.0, 8, , 12, 0, 0, 0, , 0, 0, 0, 0, 0, 
86, 0, 110, -1, -1, 188, 31, 141.0, 7, , 11, 0, 0, 0, , 0, 0, 0, 0, 0, 
87, 0, 111, -1, -1, 196, 34, 138.0, 8, , 11, 0, 0, 0, , 0, 0, 0, 0, 0, 
88, 0, 112, -1, -1, 195, 44, 142.0, 11, , 36, 0, 0, 0, , 0, 0, 0, 0, 0, 
89, 0, 113, -1, -1, 163, 46, 148.0, 8, , 8, 0, 0, 0, , 0, 0, 0, 0, 0, 
90, 0, 114, -1, -1, 273, 63, 147.0, 8, , 5, 0, 0, 0, , 0, 0, 0, 0, 0, 
91, 0, 115, -1, -1, 198, 32, 147.0, 8, , 18, 0, 0, 0, , 0, 0, 0, 0, 0, 
92, 0, 116, -1, -1, 278, 70, 149.0, 8, , 10, 0, 0, 0, , 0, 0, 0, 0, 0, 
93, 0, 117, -1, -1, 165, 46, 151.0, 7, , 24, 0, 0, 0, , 0, 0, 0, 0, 0, 
94, 0, 118, -1, -1, 300, 77, 153.0, 8, , 10, 0, 0, 0, , 0, 0, 0, 0, 0, 
95, 0, 119, -1, -1, 143, 48, 155.0, 9, , 22, 0, 0, 0, , 0, 0, 0, 0, 0, 
96, 0, 120, -1, -1, 97, 74, 163.0, 7, , 11, 0, 0, 0, , 0, 0, 0, 0, 0, 
97, 0, 121, -1, -1, 204, 147, 161.0, 7, , 12, 0, 0, 0, , 0, 0, 0, 0, 0, 
98, 0, 122, -1, -1, 297, 84, 160.0, 8, , 6, 0, 0, 0, , 0, 0, 0, 0, 0, 
99, 0, 123, -1, -1, 148, 54, 161.0, 8, , 16, 0, 0, 0, , 0, 0, 0, 0, 0, 
100, 0, 124, -1, -1, 114, 69, 159.0, 8, , 3, 0, 0, 0, , 0, 0, 0, 0, 0, 
101, 0, 125, -1, -1, 139, 43, 165.0, 8, , 1, 0, 0, 0, , 0, 0, 0, 0, 0, 
102, 0, 126, -1, -1, 187, 42, 168.0, 7, , 13, 0, 0, 0, , 0, 0, 0, 0, 0, 
103, 0, 127, -1, -1, 225, 62, 168.0, 7, , 13, 0, 0, 0, , 0, 0, 0, 0, 0, 
104, 0, 128, -1, -1, 305, 77, 167.0, 8, , 23, 0, 0, 0, , 0, 0, 0, 0, 0, 
105, 0, 129, -1, -1, 71, 100, 172.0, 8, , 3, 0, 0, 0, , 0, 0, 0, 0, 0, 
106, 0, 130, -1, -1, 229, 65, 172.0, 8, , 2, 0, 0, 0, , 0, 0, 0, 0, 0, 
107, 0, 131, -1, -1, 298, 103, 181.0, 9, , 19, 0, 0, 0, , 0, 0, 0, 0, 0, 
108, 0, 133, -1, -1, 116, 101, 183.0, 8, , 5, 0, 0, 0, , 0, 0, 0, 0, 0, 
109, 0, 135, -1, -1, 111, 90, 185.0, 8, , 16, 0, 0, 0, , 0, 0, 0, 0, 0, 
110, 0, 136, -1, -1, 119, 93, 191.0, 8, , 7, 0, 0, 0, , 0, 0, 0, 0, 0, 
111, 0, 137, -1, -1, 196, 74, 188.0, 7, , 9, 0, 0, 0, , 0, 0, 0, 0, 0, 
112, 0, 138, -1, -1, 219, 78, 191.0, 7, , 13, 0, 0, 0, , 0, 0, 0, 0, 0, 
113, 0, 139, -1, -1, 255, 85, 190.0, 7, , 18, 0, 0, 0, , 0, 0, 0, 0, 0, 
114, 0, 140, -1, -1, 252, 97, 196.0, 7, , 31, 0, 0, 0, , 0, 0, 0, 0, 0, 
115, 0, 141, -1, -1, 218, 87, 195.0, 7, , 10, 0, 0, 0, , 0, 0, 0, 0, 0, 
116, 0, 142, -1, -1, 252, 85, 197.0, 9, , 23, 0, 0, 0, , 0, 0, 0, 0, 0, 
117, 0, 143, -1, -1, 135, 85, 195.0, 9, , 45, 0, 0, 0, , 0, 0, 0, 0, 0, 
118, 0, 144, -1, -1, 108, 119, 70.0, 8, , 10, 0, 0, 0, , 0, 0, 0, 0, 0, 
119, 0, 145, -1, -1, 87, 140, 166.0, 9, , 24, 0, 0, 0, , 0, 0, 0, 0, 0, 
120, 0, 146, -1, -1, 284, 66, 134.0, 9, , 17, 0, 0, 0, , 0, 0, 0, 0, 0, 
121, 0, 148, -1, -1, 64, 138, 150.0, 8, , 4, 0, 0, 0, , 0, 0, 0, 0, 0, 
122, 0, 149, -1, -1, 220, 55, 176.0, 8, , 11, 0, 0, 0, , 0, 0, 0, 0, 0, 
123, 0, 151, -1, -1, 101, 89, 65.0, 7, , 12, 0, 0, 0, , 0, 0, 0, 0, 0, 
124, 0, 152, -1, -1, 106, 126, 72.0, 8, , 19, 0, 0, 0, , 0, 0, 0, 0, 0, 
125, 0, 153, -1, -1, 92, 162, 88.0, 8, , 10, 0, 0, 0, , 0, 0, 0, 0, 0, 
126, 0, 154, -1, -1, 95, 154, 90.0, 8, , 3, 0, 0, 0, , 0, 0, 0, 0, 0, 
127, 0, 155, -1, -1, 66, 86, 93.0, 8, , 7, 0, 0, 0, , 0, 0, 0, 0, 0, 
128, 0, 156, -1, -1, 95, 155, 98.0, 7, , 13, 0, 0, 0, , 0, 0, 0, 0, 0, 
129, 0, 157, -1, -1, 106, 68, 97.0, 8, , 8, 0, 0, 0, , 0, 0, 0, 0, 0, 
130, 0, 158, -1, -1, 177, 50, 117.0, 8, , 1, 0, 0, 0, , 0, 0, 0, 0, 0, 
131, 0, 159, -1, -1, 89, 156, 121.0, 7, , 8, 0, 0, 0, , 0, 0, 0, 0, 0, 
132, 0, 160, -1, -1, 260, 60, 121.0, 8, , 8, 0, 0, 0, , 0, 0, 0, 0, 0, 
133, 0, 161, -1, -1, 169, 56, 121.0, 8, , 3, 0, 0, 0, , 0, 0, 0, 0, 0, 
134, 0, 162, -1, -1, 166, 52, 151.0, 7, , 17, 0, 0, 0, , 0, 0, 0, 0, 0, 
135, 0, 163, -1, -1, 67, 130, 152.0, 8, , 5, 0, 0, 0, , 0, 0, 0, 0, 0, 
136, 0, 164, -1, -1, 66, 130, 155.0, 8, , 7, 0, 0, 0, , 0, 0, 0, 0, 0, 
137, 0, 165, -1, -1, 292, 82, 157.0, 7, , 19, 0, 0, 0, , 0, 0, 0, 0, 0, 
138, 0, 166, -1, -1, 91, 74, 165.0, 7, , 10, 0, 0, 0, , 0, 0, 0, 0, 0, 
139, 0, 167, -1, -1, 199, 69, 172.0, 8, , 6, 0, 0, 0, , 0, 0, 0, 0, 0, 
140, 0, 168, -1, -1, 292, 108, 177.0, 7, , 14, 0, 0, 0, , 0, 0, 0, 0, 0, 
141, 0, 169, -1, -1, 98, 74, 178.0, 8, , 10, 0, 0, 0, , 0, 0, 0, 0, 0, 
142, 0, 170, -1, -1, 101, 81, 180.0, 7, , 13, 0, 0, 0, , 0, 0, 0, 0, 0, 
143, 0, 171, -1, -1, 191, 76, 182.0, 8, , 6, 0, 0, 0, , 0, 0, 0, 0, 0, 
144, 0, -1, -1, -1, 254, 87, 185.0, 7, , 19, 0, 0, 0, , 0, 0, 0, 0, 0, 
145, 0, 173, -1, -1, 219, 57, 184.0, 9, , 15, 0, 0, 0, , 0, 0, 0, 0, 0, 
146, 0, 174, -1, -1, 110, 99, 193.0, 8, , 11, 0, 0, 0, , 0, 0, 0, 0, 0, 
147, 0, 175, -1, -1, 114, 97, 197.0, 7, , 10, 0, 0, 0, , 0, 0, 0, 0, 0, 
148, 0, 176, -1, -1, 216, 86, 203.0, 8, , 25, 0, 0, 0, , 0, 0, 0, 0, 0, 
149, 0, -1, -1, -1, 106, 121, 68.0, 8, , 26, 0, 0, 0, , 0, 0, 0, 0, 0, 
150, 0, -1, -1, -1, 88, 159, 127.0, 8, , 39, 0, 0, 0, , 0, 0, 0, 0, 0, 
151, 0, -1, -1, -1, 105, 76, 92.0, 8, , 33, 0, 0, 0, , 0, 0, 0, 0, 0, 
152, 0, -1, -1, -1, 200, 66, 177.0, 9, , 27, 0, 0, 0, , 0, 0, 0, 0, 0, 
153, 0, -1, -1, -1, 95, 92, 68.0, 8, , 12, 0, 0, 0, , 0, 0, 0, 0, 0, 
154, 0, -1, -1, -1, 95, 93, 73.0, 7, , 12, 0, 0, 0, , 0, 0, 0, 0, 0, 
155, 0, -1, -1, -1, 97, 100, 76.0, 8, , 1, 0, 0, 0, , 0, 0, 0, 0, 0, 
156, 0, -1, -1, -1, 105, 76, 85.0, 8, , 20, 0, 0, 0, , 0, 0, 0, 0, 0, 
157, 0, -1, -1, -1, 91, 147, 89.0, 8, , 8, 0, 0, 0, , 0, 0, 0, 0, 0, 
158, 0, -1, -1, -1, 75, 122, 99.0, 8, , 3, 0, 0, 0, , 0, 0, 0, 0, 0, 
159, 0, -1, -1, -1, 170, 59, 111.0, 8, , 4, 0, 0, 0, , 0, 0, 0, 0, 0, 
160, 0, -1, -1, -1, 172, 55, 119.0, 8, , 12, 0, 0, 0, , 0, 0, 0, 0, 0, 
161, 0, -1, -1, -1, 60, 115, 125.0, 7, , 16, 0, 0, 0, , 0, 0, 0, 0, 0, 
162, 0, -1, -1, -1, 219, 174, 131.0, 7, , 4, 0, 0, 0, , 0, 0, 0, 0, 0, 
163, 0, -1, -1, -1, 110, 168, 132.0, 8, , 13, 0, 0, 0, , 0, 0, 0, 0, 0, 
164, 0, -1, -1, -1, 45, 88, 133.0, 8, , 3, 0, 0, 0, , 0, 0, 0, 0, 0, 
165, 0, -1, -1, -1, 193, 37, 136.0, 9, , 21, 0, 0, 0, , 0, 0, 0, 0, 0, 
166, 0, -1, -1, -1, 161, 47, 137.0, 7, , 22, 0, 0, 0, , 0, 0, 0, 0, 0, 
167, 0, -1, -1, -1, 279, 75, 139.0, 8, , 6, 0, 0, 0, , 0, 0, 0, 0, 0, 
168, 0, -1, -1, -1, 197, 35, 142.0, 9, , 30, 0, 0, 0, , 0, 0, 0, 0, 0, 
169, 0, -1, -1, -1, 144, 176, 143.0, 8, , 2, 0, 0, 0, , 0, 0, 0, 0, 0, 
170, 0, -1, -1, -1, 270, 61, 144.0, 7, , 3, 0, 0, 0, , 0, 0, 0, 0, 0, 
171, 0, -1, -1, -1, 245, 54, 146.0, 8, , 19, 0, 0, 0, , 0, 0, 0, 0, 0, 
172, 0, -1, -1, -1, 100, 81, 163.0, 8, , 7, 0, 0, 0, , 0, 0, 0, 0, 0, 
173, 0, -1, -1, -1, 294, 83, 166.0, 9, , 7, 0, 0, 0, , 0, 0, 0, 0, 0, 
174, 0, -1, -1, -1, 299, 96, 170.0, 8, , 3, 0, 0, 0, , 0, 0, 0, 0, 0, 
175, 0, -1, -1, -1, 245, 137, 171.0, 7, , 8, 0, 0, 0, , 0, 0, 0, 0, 0, 
176, 0, -1, -1, -1, 199, 133, 174.0, 7, , 7, 0, 0, 0, , 0, 0, 0, 0, 0, 
177, 0, -1, -1, -1, 189, 72, 175.0, 7, , 4, 0, 0, 0, , 0, 0, 0, 0, 0, 
178, 0, -1, -1, -1, 93, 112, 178.0, 8, , 36, 0, 0, 0, , 0, 0, 0, 0, 0, 
179, 0, -1, -1, -1, 121, 94, 186.0, 8, , 6, 0, 0, 0, , 0, 0, 0, 0, 0, 
180, 0, -1, -1, -1, 194, 67, 187.0, 8, , 4, 0, 0, 0, , 0, 0, 0, 0, 0, 
181, 0, -1, -1, -1, 146, 126, 191.0, 9, , 14, 0, 0, 0, , 0, 0, 0, 0, 0, 
182, 0, -1, -1, -1, 224, 74, 199.0, 8, , 12, 0, 0, 0, , 0, 0, 0, 0, 0, 
183, 0, -1, -1, -1, 230, 81, 199.0, 8, , 3, 0, 0, 0, , 0, 0, 0, 0, 0, 
184, 0, -1, -1, -1, 147, 126, 203.0, 9, , 18, 0, 0, 0, , 0, 0, 0, 0, 0, 
185, 0, -1, -1, -1, 46, 111, 86.0, 9, , 101, 0, 0, 0, , 0, 0, 0, 0, 0, 
186, 0, -1, -1, -1, 105, 76, 96.0, 7, , 13, 0, 0, 0, , 0, 0, 0, 0, 0, 
187, 0, -1, -1, -1, 132, 57, 136.0, 9, , 8, 0, 0, 0, , 0, 0, 0, 0, 0, 
188, 0, -1, -1, -1, 221, 45, 153.0, 8, , 11, 0, 0, 0, , 0, 0, 0, 0, 0, 
189, 0, -1, -1, -1, 297, 74, 155.0, 9, , 16, 0, 0, 0, , 0, 0, 0, 0, 0, 
190, 0, -1, -1, -1, 47, 109, 89.0, 9, , 33, 0, 0, 0, , 0, 0, 0, 0, 0, 
191, 1, 177, 227, -1, 290, 117, 127.0, 18, Eprp, 0, 0, 0, 0, , 0, 0, 0, 0, 0, 
192, 1, 178, 228, -1, 166, 46, 147.0, 17, ABpraaap, 0, 0, 0, 0, , 0, 0, 0, 0, 0, 
193, 1, 179, 229, -1, 197, 73, 175.0, 17, ABarappp, 0, 0, 0, 0, , 0, 0, 0, 0, 0, 
194, 1, 180, 230, -1, 169, 70, 196.0, 21, ABarappa, 0, 0, 0, 0, , 0, 0, 0, 0, 0, 
195, 0, 181, -1, -1, 125, 79, 181.55319, 17, , 0, 0, 0, 0, , 0, 0, 0, 0, 0, 
196, 0, 182, -1, -1, 135, 64, 182.6, 18, , 0, 0, 0, 0, , 0, 0, 0, 0, 0, 
197, 1, 183, 233, -1, 113, 95, 192.0, 19, ABarapaa, 0, 0, 0, 0, , 0, 0, 0, 0, 0, 
198, 1, 184, 235, -1, 135, 84, 195.0, 15, ABarapapa, 0, 0, 0, 0, , 0, 0, 0, 0, 0, 
199, 1, 184, 234, -1, 164, 97, 197.0, 14, ABarapapp, 0, 0, 0, 0, , 0, 0, 0, 0, 0, 
200, 1, 185, 236, 237, 90, 116, 181.0, 14, ABaraapa, 0, 0, 0, 0, , 0, 0, 0, 0, 0, 
201, 1, 186, 239, -1, 123, 124, 193.0, 15, ABaraappa, 0, 0, 0, 0, , 0, 0, 0, 0, 0, 
202, 1, 186, 238, -1, 146, 127, 195.0, 17, ABaraappp, 0, 0, 0, 0, , 0, 0, 0, 0, 0, 
203, 1, 187, 240, -1, 99, 78, 173.0, 21, ABaraaap, 0, 0, 0, 0, , 0, 0, 0, 0, 0, 
204, 1, 188, 241, -1, 70, 92, 171.0, 19, ABaraaaa, 0, 0, 0, 0, , 0, 0, 0, 0, 0, 
205, 1, 189, 242, -1, 54, 120, 127.0, 19, ABalpaap, 0, 0, 0, 0, , 0, 0, 0, 0, 0, 
206, 1, 190, 243, -1, 50, 107, 153.0, 21, ABalpaaa, 0, 0, 0, 0, , 0, 0, 0, 0, 0, 
207, 1, 192, 245, -1, 116, 158, 159.0, 15, ABalpappp, 0, 0, 0, 0, , 0, 0, 0, 0, 0, 
208, 1, 191, 244, -1, 85, 143, 164.0, 15, ABalpappa, 0, 0, 0, 0, , 0, 0, 0, 0, 0, 
209, 1, 193, 246, -1, 60, 152, 118.0, 21, ABalppaa, 0, 0, 0, 0, , 0, 0, 0, 0, 0, 
210, 1, 194, 247, -1, 90, 150, 128.0, 21, ABalppap, 0, 0, 0, 0, , 0, 0, 0, 0, 0, 
211, 1, 195, 248, -1, 62, 137, 151.0, 19, ABalpapa, 0, 0, 0, 0, , 0, 0, 0, 0, 0, 
212, 1, 196, 249, -1, 85, 120, 100.333336, 22, ABalpppa, 0, 0, 0, 0, , 0, 0, 0, 0, 0, 
213, 1, 197, 250, 251, 120, 131, 112.0, 13, ABalpppp, 0, 0, 0, 0, , 0, 0, 0, 0, 0, 
214, 1, 198, 252, -1, 53, 86, 127.0, 19, ABalaaaa, 0, 0, 0, 0, , 0, 0, 0, 0, 0, 
215, 1, 199, 253, -1, 78, 72, 125.0, 18, ABalaaap, 0, 0, 0, 0, , 0, 0, 0, 0, 0, 
216, 1, 200, 254, -1, 80, 73, 152.0, 19, ABalaapa, 0, 0, 0, 0, , 0, 0, 0, 0, 0, 
217, 1, 201, 255, -1, 120, 67, 152.0, 21, ABalaapp, 0, 0, 0, 0, , 0, 0, 0, 0, 0, 
218, 1, 202, 256, -1, 76, 87, 94.0, 21, ABalapaa, 0, 0, 0, 0, , 0, 0, 0, 0, 0, 
219, 1, 203, 257, -1, 107, 74, 92.0, 17, ABalapap, 0, 0, 0, 0, , 0, 0, 0, 0, 0, 
220, 1, 204, 258, -1, 109, 72, 126.0, 21, ABalappa, 0, 0, 0, 0, , 0, 0, 0, 0, 0, 
221, 1, 205, 259, 260, 139, 89, 111.0, 16, ABalappp, 0, 0, 0, 0, , 0, 0, 0, 0, 0, 
222, 1, 206, 261, -1, 143, 50, 163.0, 19, ABpraaaa, 0, 0, 0, 0, , 0, 0, 0, 0, 0, 
223, 1, 207, 262, -1, 198, 39, 143.0, 16, ABpraapa, 0, 0, 0, 0, , 0, 0, 0, 0, 0, 
224, 1, 208, 264, -1, 220, 44, 146.0, 10, ABpraappa, 0, 0, 0, 0, , 0, 0, 0, 0, 0, 
225, 1, 208, 263, -1, 244, 54, 145.0, 10, ABpraappp, 0, 0, 0, 0, , 0, 0, 0, 0, 0, 
226, 1, 209, 265, -1, 275, 67, 143.33333, 19, ABprappa, 0, 0, 0, 0, , 0, 0, 0, 0, 0, 
227, 1, 210, 266, -1, 307, 90, 128.75, 17, ABprappp, 0, 0, 0, 0, , 0, 0, 0, 0, 0, 
228, 1, 211, 267, -1, 221, 44, 113.0, 17, ABprapaa, 0, 0, 0, 0, , 0, 0, 0, 0, 0, 
229, 1, 212, 268, 269, 258, 65, 115.0, 15, ABprapap, 0, 0, 0, 0, , 0, 0, 0, 0, 0, 
230, 1, 213, 270, -1, 155, 171, 97.25, 17, ABplppaa, 0, 0, 0, 0, , 0, 0, 0, 0, 0, 
231, 1, 214, 271, -1, 182, 155, 120.0, 16, ABplppap, 0, 0, 0, 0, , 0, 0, 0, 0, 0, 
232, 1, 215, 272, -1, 197, 174, 106.666664, 17, ABplpppa, 0, 0, 0, 0, , 0, 0, 0, 0, 0, 
233, 1, 216, 273, -1, 224, 173, 127.0, 16, ABplpppp, 0, 0, 0, 0, , 0, 0, 0, 0, 0, 
234, 1, 217, 274, -1, 115, 170, 126.0, 17, ABplpapa, 0, 0, 0, 0, , 0, 0, 0, 0, 0, 
235, 1, 218, 275, -1, 92, 155, 87.0, 17, ABplpaaa, 0, 0, 0, 0, , 0, 0, 0, 0, 0, 
236, 1, 219, 276, -1, 129, 162, 84.0, 19, ABplpaap, 0, 0, 0, 0, , 0, 0, 0, 0, 0, 
237, 1, 220, 278, -1, 145, 169, 131.0, 17, ABplpappa, 0, 0, 0, 0, , 0, 0, 0, 0, 0, 
238, 1, 220, 277, -1, 168, 173, 131.5, 17, ABplpappp, 0, 0, 0, 0, , 0, 0, 0, 0, 0, 
239, 1, 221, 279, -1, 188, 48, 174.0, 16, ABprpaaa, 0, 0, 0, 0, , 0, 0, 0, 0, 0, 
240, 1, 222, 280, -1, 226, 57, 173.66667, 19, ABprpaap, 0, 0, 0, 0, , 0, 0, 0, 0, 0, 
241, 1, 223, 281, -1, 222, 83, 196.33333, 17, ABprpapa, 0, 0, 0, 0, , 0, 0, 0, 0, 0, 
242, 1, 224, 282, -1, 252, 92, 193.0, 17, ABprpapp, 0, 0, 0, 0, , 0, 0, 0, 0, 0, 
243, 1, 225, 283, -1, 253, 59, 174.0, 16, ABprppaa, 0, 0, 0, 0, , 0, 0, 0, 0, 0, 
244, 1, 226, 284, -1, 270, 79, 167.0, 16, ABprppap, 0, 0, 0, 0, , 0, 0, 0, 0, 0, 
245, 1, 227, 285, -1, 298, 79, 160.66667, 16, ABprpppa, 0, 0, 0, 0, , 0, 0, 0, 0, 0, 
246, 1, 228, 286, -1, 300, 107, 178.0, 15, ABprpppp, 0, 0, 0, 0, , 0, 0, 0, 0, 0, 
247, 1, 229, 287, -1, 86, 107, 150.0, 19, MSaaaa, 0, 0, 0, 0, , 0, 0, 0, 0, 0, 
248, 1, 230, 288, -1, 120, 119, 160.0, 17, MSaaap, 0, 0, 0, 0, , 0, 0, 0, 0, 0, 
249, 1, 231, 289, -1, 140, 153, 179.2, 18, MSaapa, 0, 0, 0, 0, , 0, 0, 0, 0, 0, 
250, 1, 232, 290, -1, 188, 157, 184.0, 16, MSaapp, 0, 0, 0, 0, , 0, 0, 0, 0, 0, 
251, 1, 233, 291, -1, 128, 140, 146.0, 16, MSapaa, 0, 0, 0, 0, , 0, 0, 0, 0, 0, 
252, 1, 234, 292, -1, 161, 143, 145.0, 16, MSapap, 0, 0, 0, 0, , 0, 0, 0, 0, 0, 
253, 1, 235, 293, -1, 178, 160, 160.0, 16, MSappa, 0, 0, 0, 0, , 0, 0, 0, 0, 0, 
254, 1, 236, 294, -1, 208, 150, 137.0, 16, MSappp, 0, 0, 0, 0, , 0, 0, 0, 0, 0, 
255, 1, 237, 295, -1, 179, 99, 183.0, 16, MSppaa, 0, 0, 0, 0, , 0, 0, 0, 0, 0, 
256, 1, 238, 296, -1, 211, 95, 158.0, 16, MSppap, 0, 0, 0, 0, , 0, 0, 0, 0, 0, 
257, 1, 239, 297, -1, 224, 105, 184.0, 16, MSpppa, 0, 0, 0, 0, , 0, 0, 0, 0, 0, 
258, 1, 240, 298, -1, 251, 109, 169.0, 16, MSpppp, 0, 0, 0, 0, , 0, 0, 0, 0, 0, 
259, 1, 241, 299, -1, 142, 91, 171.0, 19, MSpaaa, 0, 0, 0, 0, , 0, 0, 0, 0, 0, 
260, 1, 242, 300, -1, 173, 125, 173.0, 17, MSpaap, 0, 0, 0, 0, , 0, 0, 0, 0, 0, 
261, 1, 243, 301, -1, 176, 127, 199.0, 16, MSpapa, 0, 0, 0, 0, , 0, 0, 0, 0, 0, 
262, 1, 244, 302, -1, 224, 141, 197.0, 16, MSpapp, 0, 0, 0, 0, , 0, 0, 0, 0, 0, 
263, 1, 245, 303, -1, 150, 111, 128.0, 19, Eala, 0, 0, 0, 0, , 0, 0, 0, 0, 0, 
264, 1, 246, 316, -1, 227, 112, 74.0, 17, Caaaa, 0, 0, 0, 0, , 0, 0, 0, 0, 0, 
265, 1, 246, 304, -1, 251, 136, 78.0, 17, Caaap, 0, 0, 0, 0, , 0, 0, 0, 0, 0, 
266, 1, 247, 305, -1, 284, 128, 81.0, 17, Caap, 0, 0, 0, 0, , 0, 0, 0, 0, 0, 
267, 1, 248, 306, -1, 240, 165, 101.0, 17, Capa, 0, 0, 0, 0, , 0, 0, 0, 0, 0, 
268, 1, 249, 307, -1, 280, 150, 96.0, 17, Capp, 0, 0, 0, 0, , 0, 0, 0, 0, 0, 
269, 1, 251, 308, -1, 302, 153, 125.0, 17, Cppp, 0, 0, 0, 0, , 0, 0, 0, 0, 0, 
270, 1, 252, 309, -1, 322, 123, 147.0, 17, Cppa, 0, 0, 0, 0, , 0, 0, 0, 0, 0, 
271, 1, 254, 310, -1, 239, 85, 146.0, 19, Epra, 0, 0, 0, 0, , 0, 0, 0, 0, 0, 
272, 1, 255, 311, -1, 194, 129, 125.0, 19, Ealp, 0, 0, 0, 0, , 0, 0, 0, 0, 0, 
273, 1, 256, 312, -1, 164, 83, 146.0, 19, Eara, 0, 0, 0, 0, , 0, 0, 0, 0, 0, 
274, 1, 257, 313, -1, 213, 87, 136.0, 19, Earp, 0, 0, 0, 0, , 0, 0, 0, 0, 0, 
275, 1, 258, 314, -1, 221, 121, 126.0, 16, Epla, 0, 0, 0, 0, , 0, 0, 0, 0, 0, 
276, 1, 259, 315, -1, 264, 131, 123.0, 17, Eplp, 0, 0, 0, 0, , 0, 0, 0, 0, 0, 
277, 1, 260, 317, -1, 238, 75, 82.0, 17, Cpaaa, 0, 0, 0, 0, , 0, 0, 0, 0, 0, 
278, 1, 261, 318, -1, 278, 96, 92.0, 17, Cpaap, 0, 0, 0, 0, , 0, 0, 0, 0, 0, 
279, 1, 262, 319, -1, 304, 103, 95.0, 17, Cpapa, 0, 0, 0, 0, , 0, 0, 0, 0, 0, 
280, 1, 250, 320, -1, 311, 133, 107.0, 15, Cpapp, 0, 0, 0, 0, , 0, 0, 0, 0, 0, 
281, 1, 263, 321, -1, 232, 159, 156.0, 16, Daa, 0, 0, 0, 0, , 0, 0, 0, 0, 0, 
282, 1, 253, 322, -1, 269, 167, 131.0, 16, Dap, 0, 0, 0, 0, , 0, 0, 0, 0, 0, 
283, 1, 264, 323, -1, 272, 123, 178.0, 16, Dpa, 0, 0, 0, 0, , 0, 0, 0, 0, 0, 
284, 1, 265, 324, -1, 297, 145, 155.0, 16, Dpp, 0, 0, 0, 0, , 0, 0, 0, 0, 0, 
285, 1, 266, 325, -1, 234, 133, 172.0, 18, Z2, 0, 0, 0, 0, , 0, 0, 0, 0, 0, 
286, 1, 267, 326, -1, 202, 141, 165.0, 16, Z3, 0, 0, 0, 0, , 0, 0, 0, 0, 0, 
287, 1, 268, 327, -1, 105, 50, 107.0, 16, ABarpaaa, 0, 0, 0, 0, , 0, 0, 0, 0, 0, 
288, 1, 270, 329, -1, 165, 67, 87.0, 17, ABarpaapp, 0, 0, 0, 0, , 0, 0, 0, 0, 0, 
289, 1, 269, 328, -1, 128, 52, 93.0, 19, ABarpaapa, 0, 0, 0, 0, , 0, 0, 0, 0, 0, 
290, 1, 271, 330, -1, 136, 51, 129.0, 19, ABarpapa, 0, 0, 0, 0, , 0, 0, 0, 0, 0, 
291, 1, 272, 331, -1, 175, 57, 125.0, 18, ABarpapp, 0, 0, 0, 0, , 0, 0, 0, 0, 0, 
292, 1, 273, 332, -1, 168, 95, 71.0, 19, ABarppaa, 0, 0, 0, 0, , 0, 0, 0, 0, 0, 
293, 1, 274, 333, -1, 196, 102, 92.0, 19, ABarppap, 0, 0, 0, 0, , 0, 0, 0, 0, 0, 
294, 1, 275, 334, -1, 202, 65, 106.0, 18, ABarpppa, 0, 0, 0, 0, , 0, 0, 0, 0, 0, 
295, 1, 276, 335, -1, 235, 90, 108.0, 18, ABarpppp, 0, 0, 0, 0, , 0, 0, 0, 0, 0, 
296, 1, 277, 336, -1, 95, 94, 67.0, 17, ABplaaaa, 0, 0, 0, 0, , 0, 0, 0, 0, 0, 
297, 1, 278, 337, -1, 132, 97, 80.0, 17, ABplaaap, 0, 0, 0, 0, , 0, 0, 0, 0, 0, 
298, 1, 279, 338, 339, 105, 124, 64.0, 17, ABplaapa, 0, 0, 0, 0, , 0, 0, 0, 0, 0, 
299, 1, 281, 340, -1, 161, 132, 80.0, 17, ABplaappp, 0, 0, 0, 0, , 0, 0, 0, 0, 0, 
300, 1, 280, 341, -1, 125, 135, 70.0, 17, ABplaappa, 0, 0, 0, 0, , 0, 0, 0, 0, 0, 
301, 1, 282, 342, -1, 146, 116, 56.0, 17, ABplapaa, 0, 0, 0, 0, , 0, 0, 0, 0, 0, 
302, 1, 283, 344, -1, 179, 116, 58.0, 16, ABplapapa, 0, 0, 0, 0, , 0, 0, 0, 0, 0, 
303, 1, 283, 343, -1, 207, 135, 68.0, 17, ABplapapp, 0, 0, 0, 0, , 0, 0, 0, 0, 0, 
304, 1, 284, 345, -1, 182, 161, 83.0, 19, ABplappa, 0, 0, 0, 0, , 0, 0, 0, 0, 0, 
305, 1, 285, 346, -1, 222, 153, 94.0, 17, ABplappp, 0, 0, 0, 0, , 0, 0, 0, 0, 0, 
