1, 0, 1, -1, -1, 164, 39, 148.0, 9, , 64, 0, 0, 0, , 0, 0, 0, 0, 0, 
2, 0, 2, -1, -1, 117, 127, 196.0, 7, , 8, 0, 0, 0, , 0, 0, 0, 0, 0, 
3, 0, 3, -1, -1, 161, 47, 144.0, 7, , 26, 0, 0, 0, , 0, 0, 0, 0, 0, 
4, 0, 4, -1, -1, 225, 57, 170.0, 8, , 52, 0, 0, 0, , 0, 0, 0, 0, 0, 
5, 0, 5, -1, -1, 45, 110, 84.0, 8, , 117, 0, 0, 0, , 0, 0, 0, 0, 0, 
6, 0, 6, -1, -1, 49, 112, 79.0, 9, , 116, 0, 0, 0, , 0, 0, 0, 0, 0, 
7, 0, 7, -1, -1, 131, 87, 193.0, 8, , 15, 0, 0, 0, , 0, 0, 0, 0, 0, 
8, 0, 8, -1, -1, 73, 96, 162.0, 9, , 13, 0, 0, 0, , 0, 0, 0, 0, 0, 
9, 0, 9, -1, -1, 133, 82, 195.0, 9, , 38, 0, 0, 0, , 0, 0, 0, 0, 0, 
10, 0, 11, -1, -1, 229, 83, 202.0, 8, , 13, 0, 0, 0, , 0, 0, 0, 0, 0, 
11, 0, 12, -1, -1, 221, 80, 194.0, 8, , 20, 0, 0, 0, , 0, 0, 0, 0, 0, 
12, 0, 13, -1, -1, 126, 134, 184.0, 7, , 14, 0, 0, 0, , 0, 0, 0, 0, 0, 
13, 0, 14, -1, -1, 132, 84, 198.0, 13, , 81, 0, 0, 0, , 0, 0, 0, 0, 0, 
14, 0, 15, -1, -1, 111, 95, 193.0, 9, , 41, 0, 0, 0, , 0, 0, 0, 0, 0, 
15, 0, 16, -1, -1, 98, 50, 105.0, 9, , 10, 0, 0, 0, , 0, 0, 0, 0, 0, 
16, 0, 17, -1, -1, 62, 147, 144.0, 8, , 7, 0, 0, 0, , 0, 0, 0, 0, 0, 
17, 0, 18, -1, -1, 56, 88, 135.0, 9, , 41, 0, 0, 0, , 0, 0, 0, 0, 0, 
18, 0, 19, -1, -1, 141, 55, 157.0, 8, , 11, 0, 0, 0, , 0, 0, 0, 0, 0, 
19, 0, 20, -1, -1, 292, 105, 162.0, 8, , 8, 0, 0, 0, , 0, 0, 0, 0, 0, 
20, 0, 21, -1, -1, 234, 127, 163.0, 7, , 3, 0, 0, 0, , 0, 0, 0, 0, 0, 
21, 0, 22, -1, -1, 291, 105, 167.0, 7, , 19, 0, 0, 0, , 0, 0, 0, 0, 0, 
22, 0, 23, -1, -1, 97, 90, 175.0, 8, , 12, 0, 0, 0, , 0, 0, 0, 0, 0, 
23, 0, 24, -1, -1, 115, 90, 190.0, 8, , 16, 0, 0, 0, , 0, 0, 0, 0, 0, 
24, 0, 26, -1, -1, 70, 90, 159.0, 9, , 37, 0, 0, 0, , 0, 0, 0, 0, 0, 
25, 0, 27, -1, -1, 216, 80, 204.0, 8, , 18, 0, 0, 0, , 0, 0, 0, 0, 0, 
26, 0, 28, -1, -1, 258, 91, 191.0, 8, , 10, 0, 0, 0, , 0, 0, 0, 0, 0, 
27, 0, 29, -1, -1, 161, 41, 143.0, 8, , 17, 0, 0, 0, , 0, 0, 0, 0, 0, 
28, 0, 30, -1, -1, 164, 36, 146.0, 7, , 15, 0, 0, 0, , 0, 0, 0, 0, 0, 
29, 0, 32, -1, -1, 289, 106, 172.0, 8, , 15, 0, 0, 0, , 0, 0, 0, 0, 0, 
30, 0, 35, -1, -1, 132, 82, 193.0, 7, , 23, 0, 0, 0, , 0, 0, 0, 0, 0, 
31, 0, 36, -1, -1, 186, 74, 182.0, 9, , 71, 0, 0, 0, , 0, 0, 0, 0, 0, 
32, 0, 37, -1, -1, 163, 74, 190.0, 8, , 3, 0, 0, 0, , 0, 0, 0, 0, 0, 
33, 0, 38, -1, -1, 141, 89, 199.0, 9, , 52, 0, 0, 0, , 0, 0, 0, 0, 0, 
34, 0, 39, -1, -1, 147, 51, 169.0, 8, , 8, 0, 0, 0, , 0, 0, 0, 0, 0, 
35, 0, 40, -1, -1, 84, 74, 133.0, 9, , 9, 0, 0, 0, , 0, 0, 0, 0, 0, 
36, 0, 41, -1, -1, 59, 141, 149.0, 8, , 21, 0, 0, 0, , 0, 0, 0, 0, 0, 
37, 0, 42, -1, -1, 70, 132, 147.0, 8, , 15, 0, 0, 0, , 0, 0, 0, 0, 0, 
38, 0, 43, -1, -1, 88, 69, 148.0, 7, , 14, 0, 0, 0, , 0, 0, 0, 0, 0, 
39, 0, 44, -1, -1, 198, 45, 150.0, 8, , 26, 0, 0, 0, , 0, 0, 0, 0, 0, 
40, 0, 45, -1, -1, 217, 45, 149.0, 11, , 134, 0, 0, 0, , 0, 0, 0, 0, 0, 
41, 0, 49, -1, -1, 98, 75, 171.0, 8, , 17, 0, 0, 0, , 0, 0, 0, 0, 0, 
42, 0, 50, -1, -1, 302, 79, 162.0, 8, , 18, 0, 0, 0, , 0, 0, 0, 0, 0, 
43, 0, 51, -1, -1, 301, 105, 173.0, 8, , 46, 0, 0, 0, , 0, 0, 0, 0, 0, 
44, 0, 52, -1, -1, 185, 41, 170.0, 7, , 14, 0, 0, 0, , 0, 0, 0, 0, 0, 
45, 0, 53, -1, -1, 192, 48, 178.0, 7, , 10, 0, 0, 0, , 0, 0, 0, 0, 0, 
46, 0, 54, -1, -1, 100, 121, 184.0, 9, , 53, 0, 0, 0, , 0, 0, 0, 0, 0, 
47, 0, 55, -1, -1, 118, 129, 188.0, 9, , 51, 0, 0, 0, , 0, 0, 0, 0, 0, 
48, 0, 56, -1, -1, 184, 50, 184.0, 7, , 16, 0, 0, 0, , 0, 0, 0, 0, 0, 
49, 0, 57, -1, -1, 120, 136, 186.0, 7, , 17, 0, 0, 0, , 0, 0, 0, 0, 0, 
50, 0, 59, -1, -1, 109, 97, 199.0, 9, , 29, 0, 0, 0, , 0, 0, 0, 0, 0, 
51, 0, 61, -1, -1, 159, 38, 140.0, 9, , 21, 0, 0, 0, , 0, 0, 0, 0, 0, 
52, 0, 62, -1, -1, 143, 168, 141.0, 8, , 21, 0, 0, 0, , 0, 0, 0, 0, 0, 
53, 0, 63, -1, -1, 252, 96, 189.0, 9, , 25, 0, 0, 0, , 0, 0, 0, 0, 0, 
54, 0, 64, -1, -1, 225, 96, 104.0, 7, , 14, 0, 0, 0, , 0, 0, 0, 0, 0, 
55, 0, 65, -1, -1, 162, 46, 138.0, 9, , 20, 0, 0, 0, , 0, 0, 0, 0, 0, 
56, 0, 67, -1, -1, 101, 91, 172.0, 8, , 15, 0, 0, 0, , 0, 0, 0, 0, 0, 
57, 0, 68, -1, -1, 97, 75, 173.0, 7, , 25, 0, 0, 0, , 0, 0, 0, 0, 0, 
58, 0, 71, -1, -1, 70, 97, 167.0, 8, , 6, 0, 0, 0, , 0, 0, 0, 0, 0, 
59, 0, 72, -1, -1, 225, 100, 102.0, 7, , 8, 0, 0, 0, , 0, 0, 0, 0, 0, 
60, 0, 74, -1, -1, 84, 141, 168.0, 11, , 21, 0, 0, 0, , 0, 0, 0, 0, 0, 
61, 0, 75, -1, -1, 90, 117, 172.0, 8, , 20, 0, 0, 0, , 0, 0, 0, 0, 0, 
62, 0, 78, -1, -1, 104, 68, 84.0, 8, , 8, 0, 0, 0, , 0, 0, 0, 0, 0, 
63, 0, 79, -1, -1, 65, 119, 122.0, 9, , 61, 0, 0, 0, , 0, 0, 0, 0, 0, 
64, 0, 80, -1, -1, 63, 121, 126.0, 9, , 49, 0, 0, 0, , 0, 0, 0, 0, 0, 
65, 0, 81, -1, -1, 60, 127, 125.0, 8, , 25, 0, 0, 0, , 0, 0, 0, 0, 0, 
66, 0, 82, -1, -1, 118, 165, 128.0, 9, , 13, 0, 0, 0, , 0, 0, 0, 0, 0, 
67, 0, 85, -1, -1, 191, 47, 141.0, 7, , 16, 0, 0, 0, , 0, 0, 0, 0, 0, 
68, 0, 87, -1, -1, 194, 39, 139.0, 9, , 50, 0, 0, 0, , 0, 0, 0, 0, 0, 
69, 0, 88, -1, -1, 192, 48, 143.0, 9, , 35, 0, 0, 0, , 0, 0, 0, 0, 0, 
70, 0, 89, -1, -1, 161, 48, 148.0, 9, , 77, 0, 0, 0, , 0, 0, 0, 0, 0, 
71, 0, 90, -1, -1, 281, 67, 143.0, 8, , 11, 0, 0, 0, , 0, 0, 0, 0, 0, 
72, 0, 91, -1, -1, 199, 40, 147.0, 8, , 20, 0, 0, 0, , 0, 0, 0, 0, 0, 
73, 0, 92, -1, -1, 279, 69, 148.0, 8, , 14, 0, 0, 0, , 0, 0, 0, 0, 0, 
74, 0, 93, -1, -1, 164, 42, 153.0, 8, , 16, 0, 0, 0, , 0, 0, 0, 0, 0, 
75, 0, 97, -1, -1, 204, 145, 159.0, 8, , 6, 0, 0, 0, , 0, 0, 0, 0, 0, 
76, 0, 98, -1, -1, 291, 86, 160.0, 8, , 10, 0, 0, 0, , 0, 0, 0, 0, 0, 
77, 0, 99, -1, -1, 145, 62, 163.0, 7, , 4, 0, 0, 0, , 0, 0, 0, 0, 0, 
78, 0, 100, -1, -1, 116, 74, 159.0, 8, , 15, 0, 0, 0, , 0, 0, 0, 0, 0, 
79, 0, 101, -1, -1, 146, 50, 166.0, 7, , 16, 0, 0, 0, , 0, 0, 0, 0, 0, 
80, 0, 102, -1, -1, 191, 44, 168.0, 8, , 7, 0, 0, 0, , 0, 0, 0, 0, 0, 
81, 0, 103, -1, -1, 216, 60, 169.0, 8, , 14, 0, 0, 0, , 0, 0, 0, 0, 0, 
82, 0, 104, -1, -1, 301, 76, 167.0, 9, , 34, 0, 0, 0, , 0, 0, 0, 0, 0, 
83, 0, 105, -1, -1, 72, 103, 171.0, 8, , 3, 0, 0, 0, , 0, 0, 0, 0, 0, 
84, 0, 106, -1, -1, 222, 65, 172.0, 8, , 18, 0, 0, 0, , 0, 0, 0, 0, 0, 
85, 0, 107, -1, -1, 297, 102, 180.0, 9, , 19, 0, 0, 0, , 0, 0, 0, 0, 0, 
86, 0, 108, -1, -1, 116, 101, 182.0, 8, , 17, 0, 0, 0, , 0, 0, 0, 0, 0, 
87, 0, 110, -1, -1, 119, 94, 191.0, 8, , 7, 0, 0, 0, , 0, 0, 0, 0, 0, 
88, 0, 111, -1, -1, 192, 70, 189.0, 9, , 28, 0, 0, 0, , 0, 0, 0, 0, 0, 
89, 0, 112, -1, -1, 224, 83, 189.0, 11, , 37, 0, 0, 0, , 0, 0, 0, 0, 0, 
90, 0, 113, -1, -1, 258, 86, 189.0, 8, , 35, 0, 0, 0, , 0, 0, 0, 0, 0, 
91, 0, 114, -1, -1, 255, 94, 194.0, 9, , 73, 0, 0, 0, , 0, 0, 0, 0, 0, 
92, 0, 115, -1, -1, 219, 86, 195.0, 7, , 10, 0, 0, 0, , 0, 0, 0, 0, 0, 
93, 0, 116, -1, -1, 256, 93, 197.0, 9, , 18, 0, 0, 0, , 0, 0, 0, 0, 0, 
94, 0, 117, -1, -1, 131, 88, 196.0, 7, , 27, 0, 0, 0, , 0, 0, 0, 0, 0, 
95, 0, 118, -1, -1, 97, 101, 71.0, 9, , 48, 0, 0, 0, , 0, 0, 0, 0, 0, 
96, 0, 120, -1, -1, 285, 68, 134.0, 9, , 17, 0, 0, 0, , 0, 0, 0, 0, 0, 
97, 0, 121, -1, -1, 60, 141, 151.0, 7, , 25, 0, 0, 0, , 0, 0, 0, 0, 0, 
98, 0, 122, -1, -1, 224, 50, 177.0, 8, , 23, 0, 0, 0, , 0, 0, 0, 0, 0, 
99, 0, 125, -1, -1, 98, 163, 90.0, 7, , 10, 0, 0, 0, , 0, 0, 0, 0, 0, 
100, 0, 126, -1, -1, 98, 158, 92.0, 8, , 7, 0, 0, 0, , 0, 0, 0, 0, 0, 
101, 0, 127, -1, -1, 69, 86, 89.0, 8, , 10, 0, 0, 0, , 0, 0, 0, 0, 0, 
102, 0, 128, -1, -1, 98, 156, 98.0, 8, , 4, 0, 0, 0, , 0, 0, 0, 0, 0, 
103, 0, 129, -1, -1, 106, 76, 97.0, 7, , 10, 0, 0, 0, , 0, 0, 0, 0, 0, 
104, 0, 131, -1, -1, 94, 148, 121.0, 8, , 6, 0, 0, 0, , 0, 0, 0, 0, 0, 
105, 0, 133, -1, -1, 170, 53, 124.0, 8, , 13, 0, 0, 0, , 0, 0, 0, 0, 0, 
106, 0, 135, -1, -1, 65, 134, 154.0, 8, , 23, 0, 0, 0, , 0, 0, 0, 0, 0, 
107, 0, 136, -1, -1, 63, 136, 158.0, 8, , 20, 0, 0, 0, , 0, 0, 0, 0, 0, 
108, 0, 137, -1, -1, 299, 80, 159.0, 7, , 28, 0, 0, 0, , 0, 0, 0, 0, 0, 
109, 0, 139, -1, -1, 196, 72, 172.0, 8, , 33, 0, 0, 0, , 0, 0, 0, 0, 0, 
110, 0, 140, -1, -1, 291, 108, 177.0, 7, , 21, 0, 0, 0, , 0, 0, 0, 0, 0, 
111, 0, 141, -1, -1, 104, 77, 181.0, 8, , 9, 0, 0, 0, , 0, 0, 0, 0, 0, 
112, 0, 142, -1, -1, 100, 79, 181.0, 9, , 31, 0, 0, 0, , 0, 0, 0, 0, 0, 
113, 0, 143, -1, -1, 188, 72, 185.0, 9, , 27, 0, 0, 0, , 0, 0, 0, 0, 0, 
114, 0, 144, -1, -1, 257, 88, 184.0, 9, , 74, 0, 0, 0, , 0, 0, 0, 0, 0, 
115, 0, 145, -1, -1, 222, 57, 184.0, 9, , 16, 0, 0, 0, , 0, 0, 0, 0, 0, 
116, 0, 146, -1, -1, 112, 104, 191.0, 8, , 38, 0, 0, 0, , 0, 0, 0, 0, 0, 
117, 0, 147, -1, -1, 109, 103, 197.0, 8, , 9, 0, 0, 0, , 0, 0, 0, 0, 0, 
118, 0, 150, -1, -1, 94, 146, 128.0, 9, , 66, 0, 0, 0, , 0, 0, 0, 0, 0, 
119, 0, 151, -1, -1, 107, 77, 93.0, 7, , 21, 0, 0, 0, , 0, 0, 0, 0, 0, 
120, 0, 152, -1, -1, 193, 73, 178.0, 7, , 23, 0, 0, 0, , 0, 0, 0, 0, 0, 
121, 0, 153, -1, -1, 93, 91, 70.0, 7, , 23, 0, 0, 0, , 0, 0, 0, 0, 0, 
122, 0, 154, -1, -1, 95, 95, 75.0, 8, , 12, 0, 0, 0, , 0, 0, 0, 0, 0, 
123, 0, 155, -1, -1, 94, 93, 76.0, 7, , 13, 0, 0, 0, , 0, 0, 0, 0, 0, 
124, 0, 156, -1, -1, 105, 71, 86.0, 9, , 34, 0, 0, 0, , 0, 0, 0, 0, 0, 
125, 0, 157, -1, -1, 98, 149, 88.0, 9, , 25, 0, 0, 0, , 0, 0, 0, 0, 0, 
126, 0, 158, -1, -1, 87, 118, 97.0, 7, , 21, 0, 0, 0, , 0, 0, 0, 0, 0, 
127, 0, 159, -1, -1, 162, 63, 114.0, 7, , 3, 0, 0, 0, , 0, 0, 0, 0, 0, 
128, 0, 160, -1, -1, 168, 56, 119.0, 7, , 16, 0, 0, 0, , 0, 0, 0, 0, 0, 
129, 0, 161, -1, -1, 64, 119, 124.0, 11, , 61, 0, 0, 0, , 0, 0, 0, 0, 0, 
130, 0, 162, -1, -1, 227, 166, 132.0, 8, , 21, 0, 0, 0, , 0, 0, 0, 0, 0, 
131, 0, 163, -1, -1, 115, 170, 131.0, 11, , 24, 0, 0, 0, , 0, 0, 0, 0, 0, 
132, 0, 164, -1, -1, 55, 90, 132.0, 8, , 3, 0, 0, 0, , 0, 0, 0, 0, 0, 
133, 0, 165, -1, -1, 189, 40, 137.0, 8, , 14, 0, 0, 0, , 0, 0, 0, 0, 0, 
134, 0, 166, -1, -1, 157, 45, 138.0, 9, , 31, 0, 0, 0, , 0, 0, 0, 0, 0, 
135, 0, 167, -1, -1, 276, 69, 139.0, 7, , 11, 0, 0, 0, , 0, 0, 0, 0, 0, 
136, 0, 169, -1, -1, 145, 173, 141.0, 8, , 6, 0, 0, 0, , 0, 0, 0, 0, 0, 
137, 0, 170, -1, -1, 272, 73, 143.0, 7, , 8, 0, 0, 0, , 0, 0, 0, 0, 0, 
138, 0, 171, -1, -1, 248, 55, 147.0, 8, , 38, 0, 0, 0, , 0, 0, 0, 0, 0, 
139, 0, 172, -1, -1, 100, 81, 163.0, 7, , 6, 0, 0, 0, , 0, 0, 0, 0, 0, 
140, 0, 173, -1, -1, 292, 87, 163.0, 8, , 14, 0, 0, 0, , 0, 0, 0, 0, 0, 
141, 0, 174, -1, -1, 296, 85, 172.0, 8, , 18, 0, 0, 0, , 0, 0, 0, 0, 0, 
142, 0, 175, -1, -1, 247, 133, 170.0, 8, , 7, 0, 0, 0, , 0, 0, 0, 0, 0, 
143, 0, 176, -1, -1, 197, 142, 176.0, 7, , 14, 0, 0, 0, , 0, 0, 0, 0, 0, 
144, 0, 177, -1, -1, 189, 77, 174.0, 7, , 12, 0, 0, 0, , 0, 0, 0, 0, 0, 
145, 0, 179, -1, -1, 116, 94, 186.0, 9, , 53, 0, 0, 0, , 0, 0, 0, 0, 0, 
146, 0, 180, -1, -1, 203, 70, 185.0, 8, , 10, 0, 0, 0, , 0, 0, 0, 0, 0, 
147, 0, 181, -1, -1, 153, 129, 194.0, 8, , 19, 0, 0, 0, , 0, 0, 0, 0, 0, 
148, 0, 182, -1, -1, 222, 76, 196.0, 8, , 20, 0, 0, 0, , 0, 0, 0, 0, 0, 
149, 0, 183, -1, -1, 224, 86, 199.0, 11, , 31, 0, 0, 0, , 0, 0, 0, 0, 0, 
150, 0, 184, -1, -1, 154, 124, 205.0, 7, , 8, 0, 0, 0, , 0, 0, 0, 0, 0, 
151, 0, 185, -1, -1, 47, 110, 87.0, 9, , 74, 0, 0, 0, , 0, 0, 0, 0, 0, 
152, 0, 186, -1, -1, 106, 76, 95.0, 8, , 11, 0, 0, 0, , 0, 0, 0, 0, 0, 
153, 0, 187, -1, -1, 125, 57, 134.0, 8, , 18, 0, 0, 0, , 0, 0, 0, 0, 0, 
154, 0, 188, -1, -1, 218, 44, 154.0, 8, , 44, 0, 0, 0, , 0, 0, 0, 0, 0, 
155, 0, 190, -1, -1, 47, 109, 89.0, 9, , 33, 0, 0, 0, , 0, 0, 0, 0, 0, 
156, 0, -1, -1, -1, 98, 160, 84.0, 9, , 58, 0, 0, 0, , 0, 0, 0, 0, 0, 
157, 0, -1, -1, -1, 117, 172, 121.0, 11, , 42, 0, 0, 0, , 0, 0, 0, 0, 0, 
158, 0, -1, -1, -1, 90, 155, 125.0, 8, , 79, 0, 0, 0, , 0, 0, 0, 0, 0, 
159, 0, -1, -1, -1, 145, 58, 167.0, 8, , 37, 0, 0, 0, , 0, 0, 0, 0, 0, 
160, 0, -1, -1, -1, 227, 173, 132.0, 9, , 47, 0, 0, 0, , 0, 0, 0, 0, 0, 
161, 0, -1, -1, -1, 61, 141, 144.0, 8, , 42, 0, 0, 0, , 0, 0, 0, 0, 0, 
162, 0, -1, -1, -1, 77, 116, 169.0, 8, , 49, 0, 0, 0, , 0, 0, 0, 0, 0, 
163, 0, -1, -1, -1, 97, 82, 174.0, 7, , 54, 0, 0, 0, , 0, 0, 0, 0, 0, 
164, 0, -1, -1, -1, 101, 121, 178.0, 9, , 58, 0, 0, 0, , 0, 0, 0, 0, 0, 
165, 0, -1, -1, -1, 218, 57, 180.0, 9, , 53, 0, 0, 0, , 0, 0, 0, 0, 0, 
166, 0, -1, -1, -1, 252, 94, 184.0, 9, , 46, 0, 0, 0, , 0, 0, 0, 0, 0, 
167, 0, -1, -1, -1, 115, 127, 57.0, 9, , 12, 0, 0, 0, , 0, 0, 0, 0, 0, 
168, 0, -1, -1, -1, 105, 75, 82.0, 9, , 24, 0, 0, 0, , 0, 0, 0, 0, 0, 
169, 0, -1, -1, -1, 132, 92, 85.0, 8, , 1, 0, 0, 0, , 0, 0, 0, 0, 0, 
170, 0, -1, -1, -1, 104, 69, 91.0, 9, , 30, 0, 0, 0, , 0, 0, 0, 0, 0, 
171, 0, -1, -1, -1, 83, 126, 98.0, 8, , 18, 0, 0, 0, , 0, 0, 0, 0, 0, 
172, 0, -1, -1, -1, 85, 126, 102.0, 9, , 26, 0, 0, 0, , 0, 0, 0, 0, 0, 
173, 0, -1, -1, -1, 86, 123, 108.0, 7, , 15, 0, 0, 0, , 0, 0, 0, 0, 0, 
174, 0, -1, -1, -1, 110, 45, 111.0, 8, , 5, 0, 0, 0, , 0, 0, 0, 0, 0, 
175, 0, -1, -1, -1, 253, 55, 114.0, 7, , 9, 0, 0, 0, , 0, 0, 0, 0, 0, 
176, 0, -1, -1, -1, 60, 156, 120.0, 7, , 8, 0, 0, 0, , 0, 0, 0, 0, 0, 
177, 0, -1, -1, -1, 129, 57, 121.0, 8, , 8, 0, 0, 0, , 0, 0, 0, 0, 0, 
178, 0, -1, -1, -1, 73, 68, 125.0, 7, , 6, 0, 0, 0, , 0, 0, 0, 0, 0, 
179, 0, -1, -1, -1, 226, 175, 126.0, 8, , 11, 0, 0, 0, , 0, 0, 0, 0, 0, 
180, 0, -1, -1, -1, 82, 70, 128.0, 8, , 8, 0, 0, 0, , 0, 0, 0, 0, 0, 
181, 0, -1, -1, -1, 126, 45, 129.0, 8, , 7, 0, 0, 0, , 0, 0, 0, 0, 0, 
182, 0, -1, -1, -1, 70, 79, 131.0, 9, , 10, 0, 0, 0, , 0, 0, 0, 0, 0, 
183, 0, -1, -1, -1, 83, 71, 132.0, 7, , 8, 0, 0, 0, , 0, 0, 0, 0, 0, 
184, 0, -1, -1, -1, 90, 151, 133.0, 7, , 6, 0, 0, 0, , 0, 0, 0, 0, 0, 
185, 0, -1, -1, -1, 279, 62, 136.0, 8, , 18, 0, 0, 0, , 0, 0, 0, 0, 0, 
186, 0, -1, -1, -1, 225, 170, 142.0, 9, , 5, 0, 0, 0, , 0, 0, 0, 0, 0, 
187, 0, -1, -1, -1, 196, 38, 143.0, 11, , 42, 0, 0, 0, , 0, 0, 0, 0, 0, 
188, 0, -1, -1, -1, 111, 71, 153.0, 7, , 14, 0, 0, 0, , 0, 0, 0, 0, 0, 
189, 0, -1, -1, -1, 57, 105, 157.0, 8, , 8, 0, 0, 0, , 0, 0, 0, 0, 0, 
190, 0, -1, -1, -1, 143, 48, 161.0, 8, , 13, 0, 0, 0, , 0, 0, 0, 0, 0, 
191, 0, -1, -1, -1, 187, 50, 165.0, 9, , 15, 0, 0, 0, , 0, 0, 0, 0, 0, 
192, 0, -1, -1, -1, 301, 101, 165.0, 7, , 16, 0, 0, 0, , 0, 0, 0, 0, 0, 
193, 0, -1, -1, -1, 303, 78, 170.0, 7, , 17, 0, 0, 0, , 0, 0, 0, 0, 0, 
194, 0, -1, -1, -1, 75, 111, 171.0, 8, , 21, 0, 0, 0, , 0, 0, 0, 0, 0, 
195, 0, -1, -1, -1, 135, 57, 172.0, 8, , 3, 0, 0, 0, , 0, 0, 0, 0, 0, 
196, 0, -1, -1, -1, 179, 48, 172.0, 7, , 16, 0, 0, 0, , 0, 0, 0, 0, 0, 
197, 0, -1, -1, -1, 218, 53, 172.0, 7, , 18, 0, 0, 0, , 0, 0, 0, 0, 0, 
198, 0, -1, -1, -1, 139, 52, 174.0, 8, , 3, 0, 0, 0, , 0, 0, 0, 0, 0, 
199, 0, -1, -1, -1, 74, 114, 175.0, 13, , 54, 0, 0, 0, , 0, 0, 0, 0, 0, 
200, 0, -1, -1, -1, 145, 58, 175.0, 7, , 13, 0, 0, 0, , 0, 0, 0, 0, 0, 
201, 0, -1, -1, -1, 72, 115, 178.0, 9, , 27, 0, 0, 0, , 0, 0, 0, 0, 0, 
202, 0, -1, -1, -1, 93, 83, 178.0, 7, , 18, 0, 0, 0, , 0, 0, 0, 0, 0, 
203, 0, -1, -1, -1, 185, 51, 182.0, 8, , 15, 0, 0, 0, , 0, 0, 0, 0, 0, 
204, 0, -1, -1, -1, 189, 69, 187.0, 7, , 14, 0, 0, 0, , 0, 0, 0, 0, 0, 
205, 0, -1, -1, -1, 116, 127, 192.0, 7, , 15, 0, 0, 0, , 0, 0, 0, 0, 0, 
206, 0, -1, -1, -1, 165, 67, 192.0, 7, , 14, 0, 0, 0, , 0, 0, 0, 0, 0, 
207, 0, -1, -1, -1, 167, 80, 194.0, 7, , 5, 0, 0, 0, , 0, 0, 0, 0, 0, 
208, 0, -1, -1, -1, 120, 133, 195.0, 8, , 23, 0, 0, 0, , 0, 0, 0, 0, 0, 
209, 0, -1, -1, -1, 169, 65, 195.0, 8, , 9, 0, 0, 0, , 0, 0, 0, 0, 0, 
210, 0, -1, -1, -1, 154, 126, 201.0, 9, , 31, 0, 0, 0, , 0, 0, 0, 0, 0, 
211, 0, -1, -1, -1, 161, 72, 201.0, 7, , 11, 0, 0, 0, , 0, 0, 0, 0, 0, 
212, 0, -1, -1, -1, 223, 79, 201.0, 8, , 22, 0, 0, 0, , 0, 0, 0, 0, 0, 
213, 0, -1, -1, -1, 175, 70, 203.0, 7, , 7, 0, 0, 0, , 0, 0, 0, 0, 0, 
214, 0, -1, -1, -1, 224, 80, 204.0, 8, , 22, 0, 0, 0, , 0, 0, 0, 0, 0, 
215, 0, -1, -1, -1, 129, 87, 205.0, 9, , 25, 0, 0, 0, , 0, 0, 0, 0, 0, 
216, 0, -1, -1, -1, 163, 75, 206.0, 8, , 4, 0, 0, 0, , 0, 0, 0, 0, 0, 
217, 0, -1, -1, -1, 165, 101, 208.0, 9, , 18, 0, 0, 0, , 0, 0, 0, 0, 0, 
218, 0, -1, -1, -1, 91, 123, 70.0, 11, , 34, 0, 0, 0, , 0, 0, 0, 0, 0, 
219, 0, -1, -1, -1, 96, 100, 76.0, 8, , 6, 0, 0, 0, , 0, 0, 0, 0, 0, 
220, 0, -1, -1, -1, 98, 148, 86.0, 9, , 25, 0, 0, 0, , 0, 0, 0, 0, 0, 
221, 0, -1, -1, -1, 294, 86, 165.0, 7, , 20, 0, 0, 0, , 0, 0, 0, 0, 0, 
222, 0, -1, -1, -1, 99, 81, 170.0, 7, , 32, 0, 0, 0, , 0, 0, 0, 0, 0, 
223, 0, -1, -1, -1, 295, 85, 170.0, 7, , 18, 0, 0, 0, , 0, 0, 0, 0, 0, 
224, 0, -1, -1, -1, 179, 45, 175.0, 7, , 14, 0, 0, 0, , 0, 0, 0, 0, 0, 
225, 0, -1, -1, -1, 154, 121, 192.0, 7, , 16, 0, 0, 0, , 0, 0, 0, 0, 0, 
226, 0, -1, -1, -1, 153, 123, 197.0, 8, , 14, 0, 0, 0, , 0, 0, 0, 0, 0, 
227, 1, 191, 248, -1, 290, 114, 127.0, 18, Eprp, 0, 0, 0, 0, , 0, 0, 0, 0, 0, 
228, 1, 192, 249, 385, 162, 43, 145.5, 17, ABpraaap, 0, 0, 0, 0, , 0, 0, 0, 0, 0, 
229, 1, 193, 251, -1, 193, 72, 176.0, 17, ABarappp, 0, 0, 0, 0, , 0, 0, 0, 0, 0, 
230, 1, 194, 252, -1, 170, 74, 199.0, 21, ABarappa, 0, 0, 0, 0, , 0, 0, 0, 0, 0, 
231, 0, 195, -1, -1, 125, 80, 181.78723, 17, , 0, 0, 0, 0, , 0, 0, 0, 0, 0, 
232, 0, 196, -1, -1, 136, 64, 182.53334, 18, , 0, 0, 0, 0, , 0, 0, 0, 0, 0, 
233, 1, 197, 256, -1, 112, 97, 192.0, 17, ABarapaa, 0, 0, 0, 0, , 0, 0, 0, 0, 0, 
234, 1, 199, 258, -1, 166, 98, 199.0, 15, ABarapapp, 0, 0, 0, 0, , 0, 0, 0, 0, 0, 
235, 1, 198, 257, -1, 132, 85, 196.0, 15, ABarapapa, 0, 0, 0, 0, , 0, 0, 0, 0, 0, 
236, 1, 200, 259, -1, 73, 113, 175.0, 14, ABaraapaa, 0, 0, 0, 0, , 0, 0, 0, 0, 0, 
237, 1, 200, 260, -1, 101, 121, 180.0, 14, ABaraapap, 0, 0, 0, 0, , 0, 0, 0, 0, 0, 
238, 1, 202, 262, -1, 152, 125, 194.0, 17, ABaraappp, 0, 0, 0, 0, , 0, 0, 0, 0, 0, 
239, 1, 201, 261, -1, 119, 132, 191.0, 15, ABaraappa, 0, 0, 0, 0, , 0, 0, 0, 0, 0, 
240, 1, 203, 263, -1, 97, 83, 176.0, 17, ABaraaap, 0, 0, 0, 0, , 0, 0, 0, 0, 0, 
241, 1, 204, 264, -1, 69, 90, 170.0, 19, ABaraaaa, 0, 0, 0, 0, , 0, 0, 0, 0, 0, 
242, 1, 205, 265, 266, 61, 123, 126.0, 19, ABalpaap, 0, 0, 0, 0, , 0, 0, 0, 0, 0, 
243, 1, 206, 267, -1, 50, 108, 153.0, 21, ABalpaaa, 0, 0, 0, 0, , 0, 0, 0, 0, 0, 
244, 1, 208, 268, -1, 85, 144, 166.0, 15, ABalpappa, 0, 0, 0, 0, , 0, 0, 0, 0, 0, 
245, 1, 207, 269, -1, 117, 157, 155.0, 15, ABalpappp, 0, 0, 0, 0, , 0, 0, 0, 0, 0, 
246, 1, 209, 270, -1, 65, 154, 112.0, 21, ABalppaa, 0, 0, 0, 0, , 0, 0, 0, 0, 0, 
247, 1, 210, 271, -1, 92, 151, 126.0, 17, ABalppap, 0, 0, 0, 0, , 0, 0, 0, 0, 0, 
248, 1, 211, 272, -1, 64, 138, 150.0, 15, ABalpapa, 0, 0, 0, 0, , 0, 0, 0, 0, 0, 
249, 1, 212, 273, -1, 86, 121, 99.666664, 21, ABalpppa, 0, 0, 0, 0, , 0, 0, 0, 0, 0, 
250, 1, 213, 274, -1, 110, 125, 112.0, 11, ABalppppa, 0, 0, 0, 0, , 0, 0, 0, 0, 0, 
251, 1, 213, 275, -1, 141, 134, 110.0, 13, ABalppppp, 0, 0, 0, 0, , 0, 0, 0, 0, 0, 
252, 1, 214, 276, -1, 50, 90, 128.0, 19, ABalaaaa, 0, 0, 0, 0, , 0, 0, 0, 0, 0, 
253, 1, 215, 277, -1, 77, 75, 128.0, 18, ABalaaap, 0, 0, 0, 0, , 0, 0, 0, 0, 0, 
254, 1, 216, 278, -1, 83, 74, 149.0, 19, ABalaapa, 0, 0, 0, 0, , 0, 0, 0, 0, 0, 
255, 1, 217, 279, -1, 118, 70, 150.0, 21, ABalaapp, 0, 0, 0, 0, , 0, 0, 0, 0, 0, 
256, 1, 218, 280, -1, 78, 85, 92.0, 19, ABalapaa, 0, 0, 0, 0, , 0, 0, 0, 0, 0, 
257, 1, 219, 281, 282, 105, 73, 90.0, 17, ABalapap, 0, 0, 0, 0, , 0, 0, 0, 0, 0, 
258, 1, 220, 283, -1, 108, 73, 122.0, 21, ABalappa, 0, 0, 0, 0, , 0, 0, 0, 0, 0, 
259, 1, 221, 285, -1, 125, 84, 117.0, 14, ABalapppa, 0, 0, 0, 0, , 0, 0, 0, 0, 0, 
260, 1, 221, 284, -1, 151, 87, 106.0, 14, ABalapppp, 0, 0, 0, 0, , 0, 0, 0, 0, 0, 
261, 1, 222, 286, -1, 141, 55, 163.0, 17, ABpraaaa, 0, 0, 0, 0, , 0, 0, 0, 0, 0, 
262, 1, 223, 307, 309, 194, 41, 143.0, 16, ABpraapa, 0, 0, 0, 0, , 0, 0, 0, 0, 0, 
263, 1, 225, 289, -1, 247, 54, 145.0, 10, ABpraappp, 0, 0, 0, 0, , 0, 0, 0, 0, 0, 
264, 1, 224, 290, -1, 216, 42, 147.5, 10, ABpraappa, 0, 0, 0, 0, , 0, 0, 0, 0, 0, 
265, 1, 226, 291, -1, 275, 66, 142.66667, 16, ABprappa, 0, 0, 0, 0, , 0, 0, 0, 0, 0, 
266, 1, 227, 292, -1, 309, 93, 130.0, 21, ABprappp, 0, 0, 0, 0, , 0, 0, 0, 0, 0, 
267, 1, 228, 293, -1, 220, 43, 114.75, 16, ABprapaa, 0, 0, 0, 0, , 0, 0, 0, 0, 0, 
268, 1, 229, 295, -1, 258, 68, 112.0, 13, ABprapapp, 0, 0, 0, 0, , 0, 0, 0, 0, 0, 
269, 1, 229, 294, -1, 248, 57, 112.0, 15, ABprapapa, 0, 0, 0, 0, , 0, 0, 0, 0, 0, 
270, 1, 230, 296, -1, 158, 171, 98.5, 17, ABplppaa, 0, 0, 0, 0, , 0, 0, 0, 0, 0, 
271, 1, 231, 297, -1, 187, 156, 122.0, 16, ABplppap, 0, 0, 0, 0, , 0, 0, 0, 0, 0, 
272, 1, 232, 298, -1, 202, 173, 106.333336, 17, ABplpppa, 0, 0, 0, 0, , 0, 0, 0, 0, 0, 
273, 1, 233, 299, -1, 227, 173, 130.0, 14, ABplpppp, 0, 0, 0, 0, , 0, 0, 0, 0, 0, 
274, 1, 234, 300, -1, 116, 167, 126.0, 17, ABplpapa, 0, 0, 0, 0, , 0, 0, 0, 0, 0, 
275, 1, 235, 301, 302, 98, 157, 86.0, 17, ABplpaaa, 0, 0, 0, 0, , 0, 0, 0, 0, 0, 
276, 1, 236, 303, 304, 135, 159, 85.0, 19, ABplpaap, 0, 0, 0, 0, , 0, 0, 0, 0, 0, 
277, 1, 238, 306, -1, 176, 174, 135.0, 17, ABplpappp, 0, 0, 0, 0, , 0, 0, 0, 0, 0, 
278, 1, 237, 305, -1, 142, 168, 135.0, 17, ABplpappa, 0, 0, 0, 0, , 0, 0, 0, 0, 0, 
279, 1, 239, 310, -1, 186, 48, 174.0, 16, ABprpaaa, 0, 0, 0, 0, , 0, 0, 0, 0, 0, 
280, 1, 240, 311, -1, 222, 57, 173.0, 19, ABprpaap, 0, 0, 0, 0, , 0, 0, 0, 0, 0, 
281, 1, 241, 312, -1, 223, 82, 197.0, 15, ABprpapa, 0, 0, 0, 0, , 0, 0, 0, 0, 0, 
282, 1, 242, 313, 314, 256, 92, 191.0, 17, ABprpapp, 0, 0, 0, 0, , 0, 0, 0, 0, 0, 
283, 1, 243, 315, -1, 252, 60, 177.0, 16, ABprppaa, 0, 0, 0, 0, , 0, 0, 0, 0, 0, 
284, 1, 244, 316, -1, 271, 77, 170.0, 16, ABprppap, 0, 0, 0, 0, , 0, 0, 0, 0, 0, 
285, 1, 245, 317, 318, 297, 81, 161.0, 16, ABprpppa, 0, 0, 0, 0, , 0, 0, 0, 0, 0, 
286, 1, 246, 319, 320, 297, 107, 177.0, 15, ABprpppp, 0, 0, 0, 0, , 0, 0, 0, 0, 0, 
287, 1, 247, 321, -1, 85, 107, 145.0, 19, MSaaaa, 0, 0, 0, 0, , 0, 0, 0, 0, 0, 
288, 1, 248, 322, -1, 120, 120, 158.0, 17, MSaaap, 0, 0, 0, 0, , 0, 0, 0, 0, 0, 
289, 1, 249, 323, -1, 141, 150, 179.4, 18, MSaapa, 0, 0, 0, 0, , 0, 0, 0, 0, 0, 
290, 1, 250, 324, -1, 189, 157, 182.5, 16, MSaapp, 0, 0, 0, 0, , 0, 0, 0, 0, 0, 
291, 1, 251, 325, -1, 130, 139, 143.0, 16, MSapaa, 0, 0, 0, 0, , 0, 0, 0, 0, 0, 
292, 1, 252, 326, -1, 162, 145, 141.0, 16, MSapap, 0, 0, 0, 0, , 0, 0, 0, 0, 0, 
293, 1, 253, 327, -1, 179, 162, 157.0, 16, MSappa, 0, 0, 0, 0, , 0, 0, 0, 0, 0, 
294, 1, 254, 328, -1, 209, 149, 138.0, 16, MSappp, 0, 0, 0, 0, , 0, 0, 0, 0, 0, 
295, 1, 255, 329, -1, 177, 100, 177.0, 16, MSppaa, 0, 0, 0, 0, , 0, 0, 0, 0, 0, 
296, 1, 256, 330, -1, 209, 95, 156.5, 18, MSppap, 0, 0, 0, 0, , 0, 0, 0, 0, 0, 
297, 1, 257, 331, -1, 223, 103, 181.0, 16, MSpppa, 0, 0, 0, 0, , 0, 0, 0, 0, 0, 
298, 1, 258, 332, -1, 250, 107, 168.0, 16, MSpppp, 0, 0, 0, 0, , 0, 0, 0, 0, 0, 
299, 1, 259, 333, -1, 139, 94, 170.0, 19, MSpaaa, 0, 0, 0, 0, , 0, 0, 0, 0, 0, 
300, 1, 260, 334, -1, 169, 124, 177.0, 17, MSpaap, 0, 0, 0, 0, , 0, 0, 0, 0, 0, 
301, 1, 261, 335, -1, 187, 125, 196.0, 16, MSpapa, 0, 0, 0, 0, , 0, 0, 0, 0, 0, 
302, 1, 262, 336, -1, 227, 137, 200.0, 16, MSpapp, 0, 0, 0, 0, , 0, 0, 0, 0, 0, 
303, 1, 263, 337, -1, 145, 111, 128.0, 19, Eala, 0, 0, 0, 0, , 0, 0, 0, 0, 0, 
304, 1, 265, 350, -1, 252, 141, 81.0, 17, Caaap, 0, 0, 0, 0, , 0, 0, 0, 0, 0, 
305, 1, 266, 338, -1, 285, 127, 82.0, 17, Caap, 0, 0, 0, 0, , 0, 0, 0, 0, 0, 
306, 1, 267, 339, -1, 246, 165, 108.0, 17, Capa, 0, 0, 0, 0, , 0, 0, 0, 0, 0, 
307, 1, 268, 340, -1, 280, 149, 101.0, 17, Capp, 0, 0, 0, 0, , 0, 0, 0, 0, 0, 
308, 1, 269, 341, -1, 305, 153, 125.0, 17, Cppp, 0, 0, 0, 0, , 0, 0, 0, 0, 0, 
309, 1, 270, 342, -1, 321, 122, 147.0, 17, Cppa, 0, 0, 0, 0, , 0, 0, 0, 0, 0, 
310, 1, 271, 343, -1, 238, 85, 143.0, 19, Epra, 0, 0, 0, 0, , 0, 0, 0, 0, 0, 
311, 1, 272, 344, -1, 194, 128, 126.0, 19, Ealp, 0, 0, 0, 0, , 0, 0, 0, 0, 0, 
312, 1, 273, 345, -1, 160, 84, 146.0, 19, Eara, 0, 0, 0, 0, , 0, 0, 0, 0, 0, 
313, 1, 274, 346, -1, 212, 85, 137.0, 19, Earp, 0, 0, 0, 0, , 0, 0, 0, 0, 0, 
314, 1, 275, 347, -1, 223, 119, 124.0, 16, Epla, 0, 0, 0, 0, , 0, 0, 0, 0, 0, 
315, 1, 276, 348, -1, 265, 127, 123.0, 17, Eplp, 0, 0, 0, 0, , 0, 0, 0, 0, 0, 
316, 1, 264, 349, -1, 222, 108, 74.0, 17, Caaaa, 0, 0, 0, 0, , 0, 0, 0, 0, 0, 
317, 1, 277, 351, -1, 232, 71, 86.0, 17, Cpaaa, 0, 0, 0, 0, , 0, 0, 0, 0, 0, 
318, 1, 278, 352, -1, 274, 94, 90.0, 17, Cpaap, 0, 0, 0, 0, , 0, 0, 0, 0, 0, 
319, 1, 279, 353, -1, 306, 103, 93.0, 17, Cpapa, 0, 0, 0, 0, , 0, 0, 0, 0, 0, 
320, 1, 280, 354, -1, 311, 133, 106.0, 15, Cpapp, 0, 0, 0, 0, , 0, 0, 0, 0, 0, 
321, 1, 281, 355, -1, 236, 158, 156.0, 16, Daa, 0, 0, 0, 0, , 0, 0, 0, 0, 0, 
322, 1, 282, 356, -1, 271, 162, 135.0, 16, Dap, 0, 0, 0, 0, , 0, 0, 0, 0, 0, 
323, 1, 283, 357, -1, 268, 122, 180.0, 16, Dpa, 0, 0, 0, 0, , 0, 0, 0, 0, 0, 
324, 1, 284, 358, -1, 297, 144, 156.0, 16, Dpp, 0, 0, 0, 0, , 0, 0, 0, 0, 0, 
325, 1, 285, 359, -1, 236, 132, 170.0, 18, Z2, 0, 0, 0, 0, , 0, 0, 0, 0, 0, 
326, 1, 286, 360, -1, 201, 140, 166.0, 16, Z3, 0, 0, 0, 0, , 0, 0, 0, 0, 0, 
327, 1, 287, 361, -1, 106, 49, 105.0, 16, ABarpaaa, 0, 0, 0, 0, , 0, 0, 0, 0, 0, 
328, 1, 289, 362, -1, 132, 50, 93.0, 19, ABarpaapa, 0, 0, 0, 0, , 0, 0, 0, 0, 0, 
329, 1, 288, 363, -1, 166, 64, 86.0, 18, ABarpaapp, 0, 0, 0, 0, , 0, 0, 0, 0, 0, 
330, 1, 290, 364, -1, 126, 54, 131.0, 19, ABarpapa, 0, 0, 0, 0, , 0, 0, 0, 0, 0, 
331, 1, 291, 365, 366, 167, 58, 123.0, 18, ABarpapp, 0, 0, 0, 0, , 0, 0, 0, 0, 0, 
332, 1, 292, 367, -1, 169, 92, 71.0, 19, ABarppaa, 0, 0, 0, 0, , 0, 0, 0, 0, 0, 
333, 1, 293, 368, -1, 195, 105, 94.0, 19, ABarppap, 0, 0, 0, 0, , 0, 0, 0, 0, 0, 
334, 1, 294, 369, -1, 202, 69, 109.0, 18, ABarpppa, 0, 0, 0, 0, , 0, 0, 0, 0, 0, 
335, 1, 295, 370, -1, 236, 88, 107.0, 18, ABarpppp, 0, 0, 0, 0, , 0, 0, 0, 0, 0, 
336, 1, 296, 371, 372, 96, 99, 69.0, 17, ABplaaaa, 0, 0, 0, 0, , 0, 0, 0, 0, 0, 
337, 1, 297, 373, -1, 131, 95, 83.0, 17, ABplaaap, 0, 0, 0, 0, , 0, 0, 0, 0, 0, 
338, 1, 298, 375, -1, 92, 123, 72.0, 17, ABplaapaa, 0, 0, 0, 0, , 0, 0, 0, 0, 0, 
339, 1, 298, 374, -1, 116, 127, 63.0, 17, ABplaapap, 0, 0, 0, 0, , 0, 0, 0, 0, 0, 
340, 1, 299, 376, -1, 160, 135, 79.0, 17, ABplaappp, 0, 0, 0, 0, , 0, 0, 0, 0, 0, 
341, 1, 300, 377, -1, 129, 139, 66.0, 17, ABplaappa, 0, 0, 0, 0, , 0, 0, 0, 0, 0, 
342, 1, 301, 378, 379, 150, 117, 58.0, 17, ABplapaa, 0, 0, 0, 0, , 0, 0, 0, 0, 0, 
343, 1, 303, 381, -1, 216, 138, 66.0, 16, ABplapapp, 0, 0, 0, 0, , 0, 0, 0, 0, 0, 
344, 1, 302, 380, -1, 183, 115, 56.0, 16, ABplapapa, 0, 0, 0, 0, , 0, 0, 0, 0, 0, 
345, 1, 304, 382, 383, 188, 148, 84.0, 19, ABplappa, 0, 0, 0, 0, , 0, 0, 0, 0, 0, 
346, 1, 305, 384, -1, 224, 152, 93.0, 17, ABplappp, 0, 0, 0, 0, , 0, 0, 0, 0, 0, 
