1, 0, 1, -1, -1, 163, 41, 149.0, 8, , 24, 0, 0, 0, , 0, 0, 0, 0, 0, 
2, 0, 3, -1, -1, 161, 46, 144.0, 7, , 26, 0, 0, 0, , 0, 0, 0, 0, 0, 
3, 0, 4, -1, -1, 214, 62, 173.0, 9, , 43, 0, 0, 0, , 0, 0, 0, 0, 0, 
4, 0, 5, -1, -1, 45, 112, 83.0, 8, , 129, 0, 0, 0, , 0, 0, 0, 0, 0, 
5, 0, 6, -1, -1, 48, 113, 79.0, 7, , 102, 0, 0, 0, , 0, 0, 0, 0, 0, 
6, 0, 7, -1, -1, 131, 89, 193.0, 8, , 15, 0, 0, 0, , 0, 0, 0, 0, 0, 
7, 0, 8, -1, -1, 73, 93, 165.0, 9, , 45, 0, 0, 0, , 0, 0, 0, 0, 0, 
8, 0, 9, -1, -1, 137, 87, 194.0, 7, , 35, 0, 0, 0, , 0, 0, 0, 0, 0, 
9, 0, 12, -1, -1, 125, 137, 184.0, 7, , 14, 0, 0, 0, , 0, 0, 0, 0, 0, 
10, 0, 13, -1, -1, 130, 87, 198.0, 8, , 21, 0, 0, 0, , 0, 0, 0, 0, 0, 
11, 0, 14, -1, -1, 112, 97, 192.0, 7, , 4, 0, 0, 0, , 0, 0, 0, 0, 0, 
12, 0, 15, -1, -1, 97, 48, 105.0, 8, , 21, 0, 0, 0, , 0, 0, 0, 0, 0, 
13, 0, 17, -1, -1, 59, 88, 135.0, 8, , 7, 0, 0, 0, , 0, 0, 0, 0, 0, 
14, 0, 18, -1, -1, 138, 51, 158.0, 8, , 11, 0, 0, 0, , 0, 0, 0, 0, 0, 
15, 0, 19, -1, -1, 297, 100, 166.0, 7, , 17, 0, 0, 0, , 0, 0, 0, 0, 0, 
16, 0, 20, -1, -1, 234, 124, 161.0, 8, , 23, 0, 0, 0, , 0, 0, 0, 0, 0, 
17, 0, 21, -1, -1, 291, 99, 167.0, 8, , 36, 0, 0, 0, , 0, 0, 0, 0, 0, 
18, 0, 22, -1, -1, 99, 89, 177.0, 8, , 12, 0, 0, 0, , 0, 0, 0, 0, 0, 
19, 0, 25, -1, -1, 214, 82, 202.0, 8, , 26, 0, 0, 0, , 0, 0, 0, 0, 0, 
20, 0, 27, -1, -1, 162, 46, 144.0, 7, , 14, 0, 0, 0, , 0, 0, 0, 0, 0, 
21, 0, 28, -1, -1, 166, 39, 145.0, 8, , 25, 0, 0, 0, , 0, 0, 0, 0, 0, 
22, 0, 29, -1, -1, 294, 112, 171.0, 7, , 22, 0, 0, 0, , 0, 0, 0, 0, 0, 
23, 0, 30, -1, -1, 134, 82, 192.0, 8, , 28, 0, 0, 0, , 0, 0, 0, 0, 0, 
24, 0, 31, -1, -1, 180, 83, 183.0, 8, , 17, 0, 0, 0, , 0, 0, 0, 0, 0, 
25, 0, 32, -1, -1, 162, 75, 190.0, 8, , 3, 0, 0, 0, , 0, 0, 0, 0, 0, 
26, 0, 33, -1, -1, 137, 87, 198.0, 7, , 22, 0, 0, 0, , 0, 0, 0, 0, 0, 
27, 0, 34, -1, -1, 136, 57, 170.0, 8, , 12, 0, 0, 0, , 0, 0, 0, 0, 0, 
28, 0, 35, -1, -1, 84, 76, 133.0, 9, , 9, 0, 0, 0, , 0, 0, 0, 0, 0, 
29, 0, 36, -1, -1, 60, 143, 147.0, 7, , 16, 0, 0, 0, , 0, 0, 0, 0, 0, 
30, 0, 40, -1, -1, 213, 37, 150.0, 9, , 19, 0, 0, 0, , 0, 0, 0, 0, 0, 
31, 0, 42, -1, -1, 301, 88, 163.0, 7, , 18, 0, 0, 0, , 0, 0, 0, 0, 0, 
32, 0, 43, -1, -1, 300, 99, 173.0, 8, , 21, 0, 0, 0, , 0, 0, 0, 0, 0, 
33, 0, 44, -1, -1, 178, 48, 169.0, 8, , 50, 0, 0, 0, , 0, 0, 0, 0, 0, 
34, 0, 45, -1, -1, 187, 51, 179.0, 8, , 8, 0, 0, 0, , 0, 0, 0, 0, 0, 
35, 0, 46, -1, -1, 103, 127, 182.0, 9, , 34, 0, 0, 0, , 0, 0, 0, 0, 0, 
36, 0, 47, -1, -1, 119, 134, 185.0, 9, , 42, 0, 0, 0, , 0, 0, 0, 0, 0, 
37, 0, 48, -1, -1, 181, 51, 185.0, 7, , 35, 0, 0, 0, , 0, 0, 0, 0, 0, 
38, 0, 49, -1, -1, 120, 136, 183.0, 9, , 13, 0, 0, 0, , 0, 0, 0, 0, 0, 
39, 0, 50, -1, -1, 112, 96, 200.0, 9, , 29, 0, 0, 0, , 0, 0, 0, 0, 0, 
40, 0, 51, -1, -1, 163, 41, 141.0, 8, , 31, 0, 0, 0, , 0, 0, 0, 0, 0, 
41, 0, 54, -1, -1, 223, 92, 105.0, 8, , 20, 0, 0, 0, , 0, 0, 0, 0, 0, 
42, 0, 55, -1, -1, 162, 46, 137.0, 9, , 20, 0, 0, 0, , 0, 0, 0, 0, 0, 
43, 0, 58, -1, -1, 74, 94, 169.0, 9, , 33, 0, 0, 0, , 0, 0, 0, 0, 0, 
44, 0, 59, -1, -1, 226, 97, 102.0, 8, , 16, 0, 0, 0, , 0, 0, 0, 0, 0, 
45, 0, 61, -1, -1, 87, 120, 172.0, 8, , 20, 0, 0, 0, , 0, 0, 0, 0, 0, 
46, 0, 65, -1, -1, 73, 134, 125.0, 7, , 28, 0, 0, 0, , 0, 0, 0, 0, 0, 
47, 0, 66, -1, -1, 97, 146, 124.0, 7, , 26, 0, 0, 0, , 0, 0, 0, 0, 0, 
48, 0, 70, -1, -1, 162, 46, 146.0, 7, , 17, 0, 0, 0, , 0, 0, 0, 0, 0, 
49, 0, 72, -1, -1, 209, 38, 147.0, 8, , 4, 0, 0, 0, , 0, 0, 0, 0, 0, 
50, 0, 73, -1, -1, 278, 67, 147.0, 8, , 21, 0, 0, 0, , 0, 0, 0, 0, 0, 
51, 0, 74, -1, -1, 166, 41, 153.0, 8, , 16, 0, 0, 0, , 0, 0, 0, 0, 0, 
52, 0, 77, -1, -1, 131, 63, 164.0, 8, , 7, 0, 0, 0, , 0, 0, 0, 0, 0, 
53, 0, 78, -1, -1, 112, 78, 157.0, 9, , 23, 0, 0, 0, , 0, 0, 0, 0, 0, 
54, 0, 79, -1, -1, 144, 61, 167.0, 8, , 31, 0, 0, 0, , 0, 0, 0, 0, 0, 
55, 0, 80, -1, -1, 191, 45, 168.0, 8, , 7, 0, 0, 0, , 0, 0, 0, 0, 0, 
56, 0, 81, -1, -1, 214, 54, 167.0, 9, , 54, 0, 0, 0, , 0, 0, 0, 0, 0, 
57, 0, 82, -1, -1, 298, 77, 167.0, 7, , 30, 0, 0, 0, , 0, 0, 0, 0, 0, 
58, 0, 83, -1, -1, 72, 105, 171.0, 8, , 3, 0, 0, 0, , 0, 0, 0, 0, 0, 
59, 0, 84, -1, -1, 216, 62, 175.0, 8, , 36, 0, 0, 0, , 0, 0, 0, 0, 0, 
60, 0, 85, -1, -1, 295, 100, 179.0, 11, , 26, 0, 0, 0, , 0, 0, 0, 0, 0, 
61, 0, 86, -1, -1, 110, 104, 183.0, 8, , 28, 0, 0, 0, , 0, 0, 0, 0, 0, 
62, 0, 87, -1, -1, 118, 94, 191.0, 8, , 7, 0, 0, 0, , 0, 0, 0, 0, 0, 
63, 0, 89, -1, -1, 215, 79, 191.0, 9, , 111, 0, 0, 0, , 0, 0, 0, 0, 0, 
64, 0, 92, -1, -1, 220, 86, 195.0, 7, , 10, 0, 0, 0, , 0, 0, 0, 0, 0, 
65, 0, 94, -1, -1, 132, 90, 196.0, 8, , 31, 0, 0, 0, , 0, 0, 0, 0, 0, 
66, 0, 95, -1, -1, 103, 100, 69.0, 8, , 29, 0, 0, 0, , 0, 0, 0, 0, 0, 
67, 0, 96, -1, -1, 286, 71, 134.0, 9, , 17, 0, 0, 0, , 0, 0, 0, 0, 0, 
68, 0, 97, -1, -1, 60, 143, 151.0, 8, , 13, 0, 0, 0, , 0, 0, 0, 0, 0, 
69, 0, 98, -1, -1, 217, 54, 179.0, 9, , 30, 0, 0, 0, , 0, 0, 0, 0, 0, 
70, 0, 101, -1, -1, 70, 87, 90.0, 8, , 2, 0, 0, 0, , 0, 0, 0, 0, 0, 
71, 0, 104, -1, -1, 97, 147, 120.0, 8, , 14, 0, 0, 0, , 0, 0, 0, 0, 0, 
72, 0, 106, -1, -1, 61, 142, 154.0, 7, , 34, 0, 0, 0, , 0, 0, 0, 0, 0, 
73, 0, 107, -1, -1, 66, 136, 161.0, 8, , 16, 0, 0, 0, , 0, 0, 0, 0, 0, 
74, 0, 108, -1, -1, 298, 83, 158.0, 7, , 18, 0, 0, 0, , 0, 0, 0, 0, 0, 
75, 0, 110, -1, -1, 290, 101, 176.0, 9, , 16, 0, 0, 0, , 0, 0, 0, 0, 0, 
76, 0, 111, -1, -1, 98, 82, 181.0, 11, , 103, 0, 0, 0, , 0, 0, 0, 0, 0, 
77, 0, 112, -1, -1, 98, 90, 181.0, 8, , 32, 0, 0, 0, , 0, 0, 0, 0, 0, 
78, 0, 113, -1, -1, 185, 79, 186.0, 9, , 55, 0, 0, 0, , 0, 0, 0, 0, 0, 
79, 0, 115, -1, -1, 215, 59, 183.0, 8, , 38, 0, 0, 0, , 0, 0, 0, 0, 0, 
80, 0, 116, -1, -1, 116, 101, 191.0, 13, , 81, 0, 0, 0, , 0, 0, 0, 0, 0, 
81, 0, 117, -1, -1, 115, 106, 196.0, 8, , 54, 0, 0, 0, , 0, 0, 0, 0, 0, 
82, 0, 118, -1, -1, 94, 146, 130.0, 8, , 6, 0, 0, 0, , 0, 0, 0, 0, 0, 
83, 0, 119, -1, -1, 106, 73, 93.0, 7, , 21, 0, 0, 0, , 0, 0, 0, 0, 0, 
84, 0, 120, -1, -1, 189, 75, 178.0, 9, , 140, 0, 0, 0, , 0, 0, 0, 0, 0, 
85, 0, 121, -1, -1, 102, 93, 70.0, 7, , 15, 0, 0, 0, , 0, 0, 0, 0, 0, 
86, 0, 122, -1, -1, 101, 93, 75.0, 9, , 14, 0, 0, 0, , 0, 0, 0, 0, 0, 
87, 0, 123, -1, -1, 87, 97, 76.0, 7, , 20, 0, 0, 0, , 0, 0, 0, 0, 0, 
88, 0, 126, -1, -1, 86, 114, 98.0, 8, , 58, 0, 0, 0, , 0, 0, 0, 0, 0, 
89, 0, 130, -1, -1, 232, 167, 134.0, 7, , 46, 0, 0, 0, , 0, 0, 0, 0, 0, 
90, 0, 132, -1, -1, 45, 86, 134.0, 9, , 34, 0, 0, 0, , 0, 0, 0, 0, 0, 
91, 0, 134, -1, -1, 163, 42, 138.0, 9, , 56, 0, 0, 0, , 0, 0, 0, 0, 0, 
92, 0, 135, -1, -1, 274, 68, 140.0, 8, , 40, 0, 0, 0, , 0, 0, 0, 0, 0, 
93, 0, 137, -1, -1, 272, 70, 143.0, 8, , 15, 0, 0, 0, , 0, 0, 0, 0, 0, 
94, 0, 138, -1, -1, 247, 54, 147.0, 8, , 3, 0, 0, 0, , 0, 0, 0, 0, 0, 
95, 0, 140, -1, -1, 290, 80, 163.0, 8, , 13, 0, 0, 0, , 0, 0, 0, 0, 0, 
96, 0, 141, -1, -1, 289, 100, 175.0, 9, , 29, 0, 0, 0, , 0, 0, 0, 0, 0, 
97, 0, 142, -1, -1, 244, 130, 172.0, 8, , 5, 0, 0, 0, , 0, 0, 0, 0, 0, 
98, 0, 143, -1, -1, 197, 133, 175.0, 9, , 18, 0, 0, 0, , 0, 0, 0, 0, 0, 
99, 0, 144, -1, -1, 184, 83, 173.0, 9, , 69, 0, 0, 0, , 0, 0, 0, 0, 0, 
100, 0, 145, -1, -1, 113, 96, 186.0, 8, , 10, 0, 0, 0, , 0, 0, 0, 0, 0, 
101, 0, 146, -1, -1, 213, 78, 188.0, 9, , 39, 0, 0, 0, , 0, 0, 0, 0, 0, 
102, 0, 147, -1, -1, 157, 128, 195.0, 7, , 16, 0, 0, 0, , 0, 0, 0, 0, 0, 
103, 0, 148, -1, -1, 215, 80, 197.0, 8, , 76, 0, 0, 0, , 0, 0, 0, 0, 0, 
104, 0, 149, -1, -1, 224, 87, 199.0, 11, , 31, 0, 0, 0, , 0, 0, 0, 0, 0, 
105, 0, 150, -1, -1, 154, 132, 205.0, 9, , 13, 0, 0, 0, , 0, 0, 0, 0, 0, 
106, 0, 151, -1, -1, 45, 107, 90.0, 9, , 15, 0, 0, 0, , 0, 0, 0, 0, 0, 
107, 0, 152, -1, -1, 106, 74, 95.0, 8, , 11, 0, 0, 0, , 0, 0, 0, 0, 0, 
108, 0, 153, -1, -1, 129, 63, 134.0, 9, , 19, 0, 0, 0, , 0, 0, 0, 0, 0, 
109, 0, 154, -1, -1, 214, 39, 155.0, 9, , 23, 0, 0, 0, , 0, 0, 0, 0, 0, 
110, 0, 155, -1, -1, 47, 110, 88.0, 9, , 33, 0, 0, 0, , 0, 0, 0, 0, 0, 
111, 0, 157, -1, -1, 115, 171, 120.0, 7, , 14, 0, 0, 0, , 0, 0, 0, 0, 0, 
112, 0, 158, -1, -1, 92, 156, 122.0, 9, , 67, 0, 0, 0, , 0, 0, 0, 0, 0, 
113, 0, 159, -1, -1, 149, 64, 170.0, 8, , 10, 0, 0, 0, , 0, 0, 0, 0, 0, 
114, 0, 160, -1, -1, 232, 167, 131.0, 7, , 17, 0, 0, 0, , 0, 0, 0, 0, 0, 
115, 0, 161, -1, -1, 65, 138, 144.0, 9, , 39, 0, 0, 0, , 0, 0, 0, 0, 0, 
116, 0, 162, -1, -1, 75, 118, 170.0, 9, , 42, 0, 0, 0, , 0, 0, 0, 0, 0, 
117, 0, 163, -1, -1, 99, 84, 175.0, 8, , 60, 0, 0, 0, , 0, 0, 0, 0, 0, 
118, 0, 164, -1, -1, 102, 128, 177.0, 9, , 33, 0, 0, 0, , 0, 0, 0, 0, 0, 
119, 0, 165, -1, -1, 216, 61, 178.0, 8, , 28, 0, 0, 0, , 0, 0, 0, 0, 0, 
120, 0, 167, -1, -1, 119, 128, 57.0, 8, , 22, 0, 0, 0, , 0, 0, 0, 0, 0, 
121, 0, 169, -1, -1, 132, 95, 82.0, 8, , 15, 0, 0, 0, , 0, 0, 0, 0, 0, 
122, 0, 170, -1, -1, 94, 75, 89.0, 7, , 25, 0, 0, 0, , 0, 0, 0, 0, 0, 
123, 0, 172, -1, -1, 85, 126, 102.0, 8, , 36, 0, 0, 0, , 0, 0, 0, 0, 0, 
124, 0, 173, -1, -1, 86, 126, 109.0, 8, , 11, 0, 0, 0, , 0, 0, 0, 0, 0, 
125, 0, 174, -1, -1, 107, 49, 113.0, 7, , 4, 0, 0, 0, , 0, 0, 0, 0, 0, 
126, 0, 175, -1, -1, 246, 51, 112.0, 9, , 53, 0, 0, 0, , 0, 0, 0, 0, 0, 
127, 0, 176, -1, -1, 61, 159, 120.0, 8, , 20, 0, 0, 0, , 0, 0, 0, 0, 0, 
128, 0, 177, -1, -1, 126, 55, 122.0, 8, , 25, 0, 0, 0, , 0, 0, 0, 0, 0, 
129, 0, 178, -1, -1, 79, 68, 126.0, 7, , 12, 0, 0, 0, , 0, 0, 0, 0, 0, 
130, 0, 179, -1, -1, 230, 174, 127.0, 8, , 16, 0, 0, 0, , 0, 0, 0, 0, 0, 
131, 0, 180, -1, -1, 79, 67, 128.0, 7, , 11, 0, 0, 0, , 0, 0, 0, 0, 0, 
132, 0, 181, -1, -1, 129, 50, 128.0, 7, , 26, 0, 0, 0, , 0, 0, 0, 0, 0, 
133, 0, 182, -1, -1, 75, 83, 128.0, 8, , 4, 0, 0, 0, , 0, 0, 0, 0, 0, 
134, 0, 183, -1, -1, 85, 71, 134.0, 8, , 31, 0, 0, 0, , 0, 0, 0, 0, 0, 
135, 0, 184, -1, -1, 90, 153, 133.0, 11, , 148, 0, 0, 0, , 0, 0, 0, 0, 0, 
136, 0, 185, -1, -1, 282, 63, 138.0, 7, , 10, 0, 0, 0, , 0, 0, 0, 0, 0, 
137, 0, 186, -1, -1, 233, 173, 141.0, 9, , 38, 0, 0, 0, , 0, 0, 0, 0, 0, 
138, 0, 188, -1, -1, 111, 69, 155.0, 8, , 13, 0, 0, 0, , 0, 0, 0, 0, 0, 
139, 0, 189, -1, -1, 61, 106, 156.0, 7, , 5, 0, 0, 0, , 0, 0, 0, 0, 0, 
140, 0, 190, -1, -1, 136, 45, 163.0, 9, , 38, 0, 0, 0, , 0, 0, 0, 0, 0, 
141, 0, 191, -1, -1, 185, 49, 165.0, 9, , 15, 0, 0, 0, , 0, 0, 0, 0, 0, 
142, 0, 192, -1, -1, 302, 113, 165.0, 8, , 17, 0, 0, 0, , 0, 0, 0, 0, 0, 
143, 0, 193, -1, -1, 299, 76, 169.0, 7, , 8, 0, 0, 0, , 0, 0, 0, 0, 0, 
144, 0, 194, -1, -1, 74, 112, 172.0, 8, , 32, 0, 0, 0, , 0, 0, 0, 0, 0, 
145, 0, 195, -1, -1, 130, 58, 171.0, 8, , 5, 0, 0, 0, , 0, 0, 0, 0, 0, 
146, 0, 196, -1, -1, 177, 47, 172.0, 7, , 16, 0, 0, 0, , 0, 0, 0, 0, 0, 
147, 0, 197, -1, -1, 217, 50, 174.0, 8, , 15, 0, 0, 0, , 0, 0, 0, 0, 0, 
148, 0, 198, -1, -1, 144, 58, 173.0, 8, , 12, 0, 0, 0, , 0, 0, 0, 0, 0, 
149, 0, 199, -1, -1, 76, 101, 172.0, 8, , 2, 0, 0, 0, , 0, 0, 0, 0, 0, 
150, 0, 200, -1, -1, 146, 64, 176.0, 8, , 11, 0, 0, 0, , 0, 0, 0, 0, 0, 
151, 0, 201, -1, -1, 73, 118, 179.0, 9, , 43, 0, 0, 0, , 0, 0, 0, 0, 0, 
152, 0, 203, -1, -1, 181, 54, 182.0, 7, , 19, 0, 0, 0, , 0, 0, 0, 0, 0, 
153, 0, 206, -1, -1, 167, 74, 193.0, 11, , 150, 0, 0, 0, , 0, 0, 0, 0, 0, 
154, 0, 207, -1, -1, 161, 83, 194.0, 8, , 29, 0, 0, 0, , 0, 0, 0, 0, 0, 
155, 0, 208, -1, -1, 121, 136, 195.0, 9, , 39, 0, 0, 0, , 0, 0, 0, 0, 0, 
156, 0, 209, -1, -1, 172, 71, 197.0, 7, , 13, 0, 0, 0, , 0, 0, 0, 0, 0, 
157, 0, 211, -1, -1, 168, 68, 202.0, 8, , 15, 0, 0, 0, , 0, 0, 0, 0, 0, 
158, 0, 213, -1, -1, 176, 78, 204.0, 7, , 9, 0, 0, 0, , 0, 0, 0, 0, 0, 
159, 0, 214, -1, -1, 225, 82, 204.0, 8, , 22, 0, 0, 0, , 0, 0, 0, 0, 0, 
160, 0, 215, -1, -1, 129, 89, 204.0, 8, , 19, 0, 0, 0, , 0, 0, 0, 0, 0, 
161, 0, 216, -1, -1, 170, 76, 208.0, 9, , 17, 0, 0, 0, , 0, 0, 0, 0, 0, 
162, 0, 217, -1, -1, 164, 106, 210.0, 9, , 16, 0, 0, 0, , 0, 0, 0, 0, 0, 
163, 0, 218, -1, -1, 89, 129, 71.0, 8, , 21, 0, 0, 0, , 0, 0, 0, 0, 0, 
164, 0, 219, -1, -1, 104, 103, 75.0, 9, , 16, 0, 0, 0, , 0, 0, 0, 0, 0, 
165, 0, 221, -1, -1, 304, 86, 167.0, 9, , 37, 0, 0, 0, , 0, 0, 0, 0, 0, 
166, 0, 223, -1, -1, 295, 81, 170.0, 8, , 29, 0, 0, 0, , 0, 0, 0, 0, 0, 
167, 0, 224, -1, -1, 173, 45, 175.0, 8, , 14, 0, 0, 0, , 0, 0, 0, 0, 0, 
168, 0, 225, -1, -1, 155, 126, 191.0, 7, , 21, 0, 0, 0, , 0, 0, 0, 0, 0, 
169, 0, -1, -1, -1, 97, 49, 103.0, 9, , 44, 0, 0, 0, , 0, 0, 0, 0, 0, 
170, 0, -1, -1, -1, 175, 63, 110.0, 9, , 81, 0, 0, 0, , 0, 0, 0, 0, 0, 
171, 0, -1, -1, -1, 215, 42, 119.0, 11, , 53, 0, 0, 0, , 0, 0, 0, 0, 0, 
172, 0, -1, -1, -1, 215, 41, 121.0, 8, , 21, 0, 0, 0, , 0, 0, 0, 0, 0, 
173, 0, -1, -1, -1, 195, 43, 127.0, 9, , 45, 0, 0, 0, , 0, 0, 0, 0, 0, 
174, 0, -1, -1, -1, 232, 175, 135.0, 9, , 66, 0, 0, 0, , 0, 0, 0, 0, 0, 
175, 0, -1, -1, -1, 67, 136, 153.0, 8, , 111, 0, 0, 0, , 0, 0, 0, 0, 0, 
176, 0, -1, -1, -1, 272, 92, 185.0, 8, , 73, 0, 0, 0, , 0, 0, 0, 0, 0, 
177, 0, -1, -1, -1, 122, 135, 191.0, 9, , 73, 0, 0, 0, , 0, 0, 0, 0, 0, 
178, 0, -1, -1, -1, 79, 85, 102.0, 11, , 48, 0, 0, 0, , 0, 0, 0, 0, 0, 
179, 0, -1, -1, -1, 69, 132, 120.0, 9, , 36, 0, 0, 0, , 0, 0, 0, 0, 0, 
180, 0, -1, -1, -1, 220, 40, 127.0, 8, , 27, 0, 0, 0, , 0, 0, 0, 0, 0, 
181, 0, -1, -1, -1, 195, 49, 128.0, 8, , 30, 0, 0, 0, , 0, 0, 0, 0, 0, 
182, 0, -1, -1, -1, 131, 55, 132.0, 8, , 28, 0, 0, 0, , 0, 0, 0, 0, 0, 
183, 0, -1, -1, -1, 127, 62, 129.0, 9, , 39, 0, 0, 0, , 0, 0, 0, 0, 0, 
184, 0, -1, -1, -1, 295, 113, 163.0, 7, , 35, 0, 0, 0, , 0, 0, 0, 0, 0, 
185, 0, -1, -1, -1, 179, 51, 176.0, 9, , 85, 0, 0, 0, , 0, 0, 0, 0, 0, 
186, 0, -1, -1, -1, 214, 88, 193.0, 9, , 172, 0, 0, 0, , 0, 0, 0, 0, 0, 
187, 0, -1, -1, -1, 297, 77, 163.0, 9, , 62, 0, 0, 0, , 0, 0, 0, 0, 0, 
188, 0, -1, -1, -1, 86, 103, 74.0, 7, , 5, 0, 0, 0, , 0, 0, 0, 0, 0, 
189, 0, -1, -1, -1, 118, 69, 78.0, 7, , 7, 0, 0, 0, , 0, 0, 0, 0, 0, 
190, 0, -1, -1, -1, 112, 151, 85.0, 8, , 8, 0, 0, 0, , 0, 0, 0, 0, 0, 
191, 0, -1, -1, -1, 132, 89, 85.0, 8, , 11, 0, 0, 0, , 0, 0, 0, 0, 0, 
192, 0, -1, -1, -1, 92, 76, 86.0, 7, , 24, 0, 0, 0, , 0, 0, 0, 0, 0, 
193, 0, -1, -1, -1, 111, 157, 88.0, 8, , 8, 0, 0, 0, , 0, 0, 0, 0, 0, 
194, 0, -1, -1, -1, 203, 155, 89.0, 7, , 7, 0, 0, 0, , 0, 0, 0, 0, 0, 
195, 0, -1, -1, -1, 102, 47, 97.0, 9, , 15, 0, 0, 0, , 0, 0, 0, 0, 0, 
196, 0, -1, -1, -1, 112, 48, 104.0, 9, , 7, 0, 0, 0, , 0, 0, 0, 0, 0, 
197, 0, -1, -1, -1, 59, 158, 109.0, 8, , 3, 0, 0, 0, , 0, 0, 0, 0, 0, 
198, 0, -1, -1, -1, 207, 72, 110.0, 8, , 9, 0, 0, 0, , 0, 0, 0, 0, 0, 
199, 0, -1, -1, -1, 105, 72, 111.0, 7, , 11, 0, 0, 0, , 0, 0, 0, 0, 0, 
200, 0, -1, -1, -1, 100, 74, 115.0, 7, , 16, 0, 0, 0, , 0, 0, 0, 0, 0, 
201, 0, -1, -1, -1, 248, 50, 116.0, 9, , 28, 0, 0, 0, , 0, 0, 0, 0, 0, 
202, 0, -1, -1, -1, 151, 51, 117.0, 8, , 28, 0, 0, 0, , 0, 0, 0, 0, 0, 
203, 0, -1, -1, -1, 247, 50, 122.0, 9, , 20, 0, 0, 0, , 0, 0, 0, 0, 0, 
204, 0, -1, -1, -1, 48, 115, 124.0, 8, , 10, 0, 0, 0, , 0, 0, 0, 0, 0, 
205, 0, -1, -1, -1, 96, 72, 124.0, 9, , 8, 0, 0, 0, , 0, 0, 0, 0, 0, 
206, 0, -1, -1, -1, 81, 81, 126.0, 8, , 11, 0, 0, 0, , 0, 0, 0, 0, 0, 
207, 0, -1, -1, -1, 92, 153, 126.0, 8, , 21, 0, 0, 0, , 0, 0, 0, 0, 0, 
208, 0, -1, -1, -1, 45, 117, 129.0, 9, , 37, 0, 0, 0, , 0, 0, 0, 0, 0, 
209, 0, -1, -1, -1, 80, 82, 130.0, 8, , 12, 0, 0, 0, , 0, 0, 0, 0, 0, 
210, 0, -1, -1, -1, 299, 93, 135.0, 9, , 4, 0, 0, 0, , 0, 0, 0, 0, 0, 
211, 0, -1, -1, -1, 74, 82, 136.0, 7, , 9, 0, 0, 0, , 0, 0, 0, 0, 0, 
212, 0, -1, -1, -1, 75, 77, 139.0, 8, , 16, 0, 0, 0, , 0, 0, 0, 0, 0, 
213, 0, -1, -1, -1, 134, 42, 153.0, 7, , 18, 0, 0, 0, , 0, 0, 0, 0, 0, 
214, 0, -1, -1, -1, 176, 35, 153.0, 7, , 29, 0, 0, 0, , 0, 0, 0, 0, 0, 
215, 0, -1, -1, -1, 122, 74, 154.0, 8, , 7, 0, 0, 0, , 0, 0, 0, 0, 0, 
216, 0, -1, -1, -1, 84, 67, 155.0, 7, , 12, 0, 0, 0, , 0, 0, 0, 0, 0, 
217, 0, -1, -1, -1, 182, 32, 155.0, 8, , 12, 0, 0, 0, , 0, 0, 0, 0, 0, 
218, 0, -1, -1, -1, 137, 45, 156.0, 9, , 34, 0, 0, 0, , 0, 0, 0, 0, 0, 
219, 0, -1, -1, -1, 67, 135, 158.0, 7, , 19, 0, 0, 0, , 0, 0, 0, 0, 0, 
220, 0, -1, -1, -1, 267, 76, 159.0, 8, , 10, 0, 0, 0, , 0, 0, 0, 0, 0, 
221, 0, -1, -1, -1, 134, 40, 161.0, 8, , 14, 0, 0, 0, , 0, 0, 0, 0, 0, 
222, 0, -1, -1, -1, 268, 83, 161.0, 8, , 2, 0, 0, 0, , 0, 0, 0, 0, 0, 
223, 0, -1, -1, -1, 60, 114, 162.0, 7, , 9, 0, 0, 0, , 0, 0, 0, 0, 0, 
224, 0, -1, -1, -1, 143, 68, 163.0, 8, , 16, 0, 0, 0, , 0, 0, 0, 0, 0, 
225, 0, -1, -1, -1, 273, 77, 164.0, 8, , 7, 0, 0, 0, , 0, 0, 0, 0, 0, 
226, 0, -1, -1, -1, 52, 111, 165.0, 9, , 9, 0, 0, 0, , 0, 0, 0, 0, 0, 
227, 0, -1, -1, -1, 130, 64, 169.0, 8, , 11, 0, 0, 0, , 0, 0, 0, 0, 0, 
228, 0, -1, -1, -1, 273, 80, 169.0, 8, , 10, 0, 0, 0, , 0, 0, 0, 0, 0, 
229, 0, -1, -1, -1, 197, 130, 170.0, 8, , 2, 0, 0, 0, , 0, 0, 0, 0, 0, 
230, 0, -1, -1, -1, 244, 55, 172.0, 9, , 23, 0, 0, 0, , 0, 0, 0, 0, 0, 
231, 0, -1, -1, -1, 299, 118, 173.0, 7, , 4, 0, 0, 0, , 0, 0, 0, 0, 0, 
232, 0, -1, -1, -1, 137, 67, 174.0, 8, , 22, 0, 0, 0, , 0, 0, 0, 0, 0, 
233, 0, -1, -1, -1, 273, 97, 179.0, 7, , 18, 0, 0, 0, , 0, 0, 0, 0, 0, 
234, 0, -1, -1, -1, 271, 97, 182.0, 8, , 38, 0, 0, 0, , 0, 0, 0, 0, 0, 
235, 0, -1, -1, -1, 248, 61, 185.0, 7, , 10, 0, 0, 0, , 0, 0, 0, 0, 0, 
236, 0, -1, -1, -1, 96, 81, 186.0, 9, , 36, 0, 0, 0, , 0, 0, 0, 0, 0, 
237, 0, -1, -1, -1, 158, 77, 198.0, 8, , 13, 0, 0, 0, , 0, 0, 0, 0, 0, 
238, 0, -1, -1, -1, 240, 89, 199.0, 9, , 60, 0, 0, 0, , 0, 0, 0, 0, 0, 
239, 0, -1, -1, -1, 170, 74, 202.0, 8, , 3, 0, 0, 0, , 0, 0, 0, 0, 0, 
240, 0, -1, -1, -1, 161, 77, 204.0, 7, , 18, 0, 0, 0, , 0, 0, 0, 0, 0, 
241, 0, -1, -1, -1, 84, 150, 90.0, 9, , 48, 0, 0, 0, , 0, 0, 0, 0, 0, 
242, 0, -1, -1, -1, 100, 75, 117.0, 7, , 15, 0, 0, 0, , 0, 0, 0, 0, 0, 
243, 0, -1, -1, -1, 154, 48, 122.0, 8, , 17, 0, 0, 0, , 0, 0, 0, 0, 0, 
244, 0, -1, -1, -1, 73, 134, 127.0, 9, , 20, 0, 0, 0, , 0, 0, 0, 0, 0, 
245, 0, -1, -1, -1, 212, 62, 171.0, 7, , 30, 0, 0, 0, , 0, 0, 0, 0, 0, 
246, 0, -1, -1, -1, 272, 99, 188.0, 7, , 17, 0, 0, 0, , 0, 0, 0, 0, 0, 
247, 0, -1, -1, -1, 290, 99, 170.0, 7, , 18, 0, 0, 0, , 0, 0, 0, 0, 0, 
248, 1, 227, 280, -1, 288, 118, 123.0, 18, Eprp, 0, 0, 0, 0, , 0, 0, 0, 0, 0, 
249, 1, 228, 281, -1, 163, 43, 144.0, 17, ABpraaapp, 0, 0, 0, 0, , 0, 0, 0, 0, 0, 
250, 0, 228, -1, -1, 164, 42, 146.0, 15, , 0, 0, 0, 0, , 0, 0, 0, 0, 0, 
251, 1, 229, 283, 284, 186, 81, 178.0, 17, ABarappp, 0, 0, 0, 0, , 0, 0, 0, 0, 0, 
252, 1, 230, 285, -1, 166, 78, 200.0, 21, ABarappa, 0, 0, 0, 0, , 0, 0, 0, 0, 0, 
253, 0, 231, -1, -1, 125, 80, 182.02127, 17, , 0, 0, 0, 0, , 0, 0, 0, 0, 0, 
254, 0, 232, -1, -1, 138, 64, 182.46666, 18, , 0, 0, 0, 0, , 0, 0, 0, 0, 0, 
255, 0, 233, -1, -1, 97, 85, 188.0, 17, , 0, 0, 0, 0, , 0, 0, 0, 0, 0, 
256, 1, 233, 288, 289, 114, 103, 193.0, 17, ABarapaa, 0, 0, 0, 0, , 0, 0, 0, 0, 0, 
257, 1, 235, 290, -1, 134, 87, 197.0, 15, ABarapapa, 0, 0, 0, 0, , 0, 0, 0, 0, 0, 
258, 1, 234, 291, -1, 164, 107, 203.0, 14, ABarapapp, 0, 0, 0, 0, , 0, 0, 0, 0, 0, 
259, 1, 236, 293, -1, 75, 117, 175.0, 14, ABaraapaa, 0, 0, 0, 0, , 0, 0, 0, 0, 0, 
260, 1, 237, 292, -1, 102, 127, 179.0, 14, ABaraapap, 0, 0, 0, 0, , 0, 0, 0, 0, 0, 
261, 1, 239, 294, -1, 122, 136, 189.0, 15, ABaraappa, 0, 0, 0, 0, , 0, 0, 0, 0, 0, 
262, 1, 238, 295, -1, 154, 131, 194.0, 17, ABaraappp, 0, 0, 0, 0, , 0, 0, 0, 0, 0, 
263, 1, 240, 296, 297, 98, 84, 178.0, 17, ABaraaap, 0, 0, 0, 0, , 0, 0, 0, 0, 0, 
264, 1, 241, 298, -1, 72, 94, 174.0, 19, ABaraaaa, 0, 0, 0, 0, , 0, 0, 0, 0, 0, 
265, 1, 242, 300, -1, 47, 114, 130.0, 17, ABalpaapa, 0, 0, 0, 0, , 0, 0, 0, 0, 0, 
266, 1, 242, 299, -1, 71, 132, 124.0, 16, ABalpaapp, 0, 0, 0, 0, , 0, 0, 0, 0, 0, 
267, 1, 243, 301, -1, 54, 109, 155.0, 21, ABalpaaa, 0, 0, 0, 0, , 0, 0, 0, 0, 0, 
268, 1, 244, 302, -1, 85, 151, 168.0, 17, ABalpappa, 0, 0, 0, 0, , 0, 0, 0, 0, 0, 
269, 1, 245, 303, -1, 120, 158, 154.0, 17, ABalpappp, 0, 0, 0, 0, , 0, 0, 0, 0, 0, 
270, 1, 246, 304, -1, 66, 156, 112.0, 21, ABalppaa, 0, 0, 0, 0, , 0, 0, 0, 0, 0, 
271, 1, 247, 305, 306, 94, 151, 125.0, 17, ABalppap, 0, 0, 0, 0, , 0, 0, 0, 0, 0, 
272, 1, 248, 307, 308, 64, 138, 152.0, 15, ABalpapa, 0, 0, 0, 0, , 0, 0, 0, 0, 0, 
273, 1, 249, 309, 310, 86, 120, 99.0, 15, ABalpppa, 0, 0, 0, 0, , 0, 0, 0, 0, 0, 
274, 1, 250, 312, -1, 114, 126, 110.0, 13, ABalppppa, 0, 0, 0, 0, , 0, 0, 0, 0, 0, 
275, 1, 251, 311, -1, 144, 134, 109.0, 14, ABalppppp, 0, 0, 0, 0, , 0, 0, 0, 0, 0, 
276, 1, 252, 313, -1, 52, 87, 130.0, 19, ABalaaaa, 0, 0, 0, 0, , 0, 0, 0, 0, 0, 
277, 1, 253, 314, -1, 78, 75, 129.0, 18, ABalaaap, 0, 0, 0, 0, , 0, 0, 0, 0, 0, 
278, 1, 254, 315, -1, 79, 74, 153.0, 19, ABalaapa, 0, 0, 0, 0, , 0, 0, 0, 0, 0, 
279, 1, 255, 316, -1, 115, 73, 152.0, 21, ABalaapp, 0, 0, 0, 0, , 0, 0, 0, 0, 0, 
280, 1, 256, 317, -1, 76, 87, 98.0, 19, ABalapaa, 0, 0, 0, 0, , 0, 0, 0, 0, 0, 
281, 1, 257, 319, -1, 95, 74, 90.0, 15, ABalapapa, 0, 0, 0, 0, , 0, 0, 0, 0, 0, 
282, 1, 257, 318, -1, 118, 73, 86.0, 14, ABalapapp, 0, 0, 0, 0, , 0, 0, 0, 0, 0, 
283, 1, 258, 320, -1, 103, 71, 121.0, 19, ABalappa, 0, 0, 0, 0, , 0, 0, 0, 0, 0, 
284, 1, 260, 322, -1, 151, 88, 101.0, 16, ABalapppp, 0, 0, 0, 0, , 0, 0, 0, 0, 0, 
285, 1, 259, 321, -1, 121, 92, 119.0, 14, ABalapppa, 0, 0, 0, 0, , 0, 0, 0, 0, 0, 
286, 1, 261, 323, -1, 139, 63, 169.0, 17, ABpraaaa, 0, 0, 0, 0, , 0, 0, 0, 0, 0, 
287, 0, 262, -1, -1, 197, 45, 132.0, 14, , 0, 0, 0, 0, , 0, 0, 0, 0, 0, 
288, 0, 262, -1, -1, 182, 35, 153.0, 14, , 0, 0, 0, 0, , 0, 0, 0, 0, 0, 
289, 1, 263, 325, -1, 244, 52, 148.0, 10, ABpraappp, 0, 0, 0, 0, , 0, 0, 0, 0, 0, 
290, 1, 264, 326, -1, 212, 40, 149.0, 14, ABpraappa, 0, 0, 0, 0, , 0, 0, 0, 0, 0, 
291, 1, 265, 327, 328, 278, 65, 142.0, 11, ABprappa, 0, 0, 0, 0, , 0, 0, 0, 0, 0, 
292, 1, 266, 329, -1, 309, 94, 130.5, 20, ABprappp, 0, 0, 0, 0, , 0, 0, 0, 0, 0, 
293, 1, 267, 330, -1, 218, 42, 116.5, 15, ABprapaa, 0, 0, 0, 0, , 0, 0, 0, 0, 0, 
294, 1, 269, 331, -1, 246, 52, 113.5, 16, ABprapapa, 0, 0, 0, 0, , 0, 0, 0, 0, 0, 
295, 1, 268, 332, -1, 270, 70, 111.0, 13, ABprapapp, 0, 0, 0, 0, , 0, 0, 0, 0, 0, 
296, 1, 270, 333, -1, 161, 171, 99.75, 17, ABplppaa, 0, 0, 0, 0, , 0, 0, 0, 0, 0, 
297, 1, 271, 334, -1, 192, 157, 118.0, 16, ABplppap, 0, 0, 0, 0, , 0, 0, 0, 0, 0, 
298, 1, 272, 335, -1, 207, 172, 106.0, 17, ABplpppa, 0, 0, 0, 0, , 0, 0, 0, 0, 0, 
299, 1, 273, 336, 337, 232, 173, 131.0, 14, ABplpppp, 0, 0, 0, 0, , 0, 0, 0, 0, 0, 
300, 1, 274, 338, 339, 119, 167, 123.0, 17, ABplpapa, 0, 0, 0, 0, , 0, 0, 0, 0, 0, 
301, 1, 275, 341, -1, 83, 152, 89.0, 17, ABplpaaaa, 0, 0, 0, 0, , 0, 0, 0, 0, 0, 
302, 1, 275, 340, -1, 110, 155, 86.5, 17, ABplpaaap, 0, 0, 0, 0, , 0, 0, 0, 0, 0, 
303, 1, 276, 342, -1, 124, 162, 78.0, 19, ABplpaapa, 0, 0, 0, 0, , 0, 0, 0, 0, 0, 
304, 1, 276, 343, -1, 155, 167, 78.0, 19, ABplpaapp, 0, 0, 0, 0, , 0, 0, 0, 0, 0, 
305, 1, 278, 344, -1, 143, 172, 135.0, 17, ABplpappa, 0, 0, 0, 0, , 0, 0, 0, 0, 0, 
306, 1, 277, 345, -1, 180, 176, 137.0, 17, ABplpappp, 0, 0, 0, 0, , 0, 0, 0, 0, 0, 
307, 1, 262, 348, -1, 197, 46, 131.0, 14, ABpraapap, 0, 0, 0, 0, , 0, 0, 0, 0, 0, 
308, 0, 262, -1, -1, 187, 38, 148.5, 15, , 0, 0, 0, 0, , 0, 0, 0, 0, 0, 
309, 1, 262, 347, -1, 181, 37, 154.0, 14, ABpraapaa, 0, 0, 0, 0, , 0, 0, 0, 0, 0, 
310, 1, 279, 349, -1, 179, 49, 174.0, 16, ABprpaaa, 0, 0, 0, 0, , 0, 0, 0, 0, 0, 
311, 1, 280, 350, 351, 214, 57, 174.0, 19, ABprpaap, 0, 0, 0, 0, , 0, 0, 0, 0, 0, 
312, 1, 281, 352, 353, 214, 83, 196.0, 15, ABprpapa, 0, 0, 0, 0, , 0, 0, 0, 0, 0, 
313, 1, 282, 355, -1, 238, 87, 195.0, 15, ABprpappa, 0, 0, 0, 0, , 0, 0, 0, 0, 0, 
314, 1, 282, 354, -1, 271, 95, 186.5, 16, ABprpappp, 0, 0, 0, 0, , 0, 0, 0, 0, 0, 
315, 1, 283, 356, -1, 247, 59, 179.0, 16, ABprppaa, 0, 0, 0, 0, , 0, 0, 0, 0, 0, 
316, 1, 284, 357, -1, 267, 77, 168.0, 16, ABprppap, 0, 0, 0, 0, , 0, 0, 0, 0, 0, 
317, 1, 285, 360, -1, 295, 80, 163.0, 12, ABprpppaa, 0, 0, 0, 0, , 0, 0, 0, 0, 0, 
318, 1, 285, 359, -1, 302, 84, 159.0, 12, ABprpppap, 0, 0, 0, 0, , 0, 0, 0, 0, 0, 
319, 1, 286, 362, -1, 294, 100, 175.0, 15, ABprppppa, 0, 0, 0, 0, , 0, 0, 0, 0, 0, 
320, 1, 286, 361, -1, 299, 114, 172.5, 15, ABprppppp, 0, 0, 0, 0, , 0, 0, 0, 0, 0, 
321, 1, 287, 363, -1, 85, 109, 144.0, 19, MSaaaa, 0, 0, 0, 0, , 0, 0, 0, 0, 0, 
322, 1, 288, 364, -1, 121, 124, 157.0, 17, MSaaap, 0, 0, 0, 0, , 0, 0, 0, 0, 0, 
323, 1, 289, 365, -1, 142, 153, 179.6, 18, MSaapa, 0, 0, 0, 0, , 0, 0, 0, 0, 0, 
324, 1, 290, 366, -1, 191, 158, 181.0, 16, MSaapp, 0, 0, 0, 0, , 0, 0, 0, 0, 0, 
325, 1, 291, 367, -1, 129, 141, 141.0, 16, MSapaa, 0, 0, 0, 0, , 0, 0, 0, 0, 0, 
326, 1, 292, 368, -1, 161, 146, 140.0, 16, MSapap, 0, 0, 0, 0, , 0, 0, 0, 0, 0, 
327, 1, 293, 369, -1, 177, 159, 158.0, 16, MSappa, 0, 0, 0, 0, , 0, 0, 0, 0, 0, 
328, 1, 294, 370, -1, 210, 147, 139.0, 16, MSappp, 0, 0, 0, 0, , 0, 0, 0, 0, 0, 
329, 1, 295, 371, -1, 171, 101, 175.5, 16, MSppaa, 0, 0, 0, 0, , 0, 0, 0, 0, 0, 
330, 1, 296, 372, -1, 204, 93, 155.0, 16, MSppap, 0, 0, 0, 0, , 0, 0, 0, 0, 0, 
331, 1, 297, 373, -1, 218, 107, 179.0, 16, MSpppa, 0, 0, 0, 0, , 0, 0, 0, 0, 0, 
332, 1, 298, 374, -1, 249, 104, 166.0, 16, MSpppp, 0, 0, 0, 0, , 0, 0, 0, 0, 0, 
333, 1, 299, 375, -1, 139, 96, 169.0, 19, MSpaaa, 0, 0, 0, 0, , 0, 0, 0, 0, 0, 
334, 1, 300, 376, -1, 170, 126, 175.0, 15, MSpaap, 0, 0, 0, 0, , 0, 0, 0, 0, 0, 
335, 1, 301, 377, -1, 189, 125, 195.0, 16, MSpapa, 0, 0, 0, 0, , 0, 0, 0, 0, 0, 
336, 1, 302, 378, -1, 228, 137, 195.0, 16, MSpapp, 0, 0, 0, 0, , 0, 0, 0, 0, 0, 
337, 1, 303, 379, -1, 142, 111, 128.0, 19, Eala, 0, 0, 0, 0, , 0, 0, 0, 0, 0, 
338, 1, 305, 380, -1, 286, 128, 81.0, 17, Caap, 0, 0, 0, 0, , 0, 0, 0, 0, 0, 
339, 1, 306, 381, -1, 251, 168, 111.0, 17, Capa, 0, 0, 0, 0, , 0, 0, 0, 0, 0, 
340, 1, 307, 382, -1, 277, 148, 102.0, 17, Capp, 0, 0, 0, 0, , 0, 0, 0, 0, 0, 
341, 1, 308, 383, -1, 303, 153, 124.0, 17, Cppp, 0, 0, 0, 0, , 0, 0, 0, 0, 0, 
342, 1, 309, 384, -1, 320, 122, 147.0, 17, Cppa, 0, 0, 0, 0, , 0, 0, 0, 0, 0, 
343, 1, 310, 385, -1, 237, 83, 145.0, 19, Epra, 0, 0, 0, 0, , 0, 0, 0, 0, 0, 
344, 1, 311, 386, -1, 194, 124, 123.0, 19, Ealp, 0, 0, 0, 0, , 0, 0, 0, 0, 0, 
345, 1, 312, 387, -1, 157, 83, 145.0, 17, Eara, 0, 0, 0, 0, , 0, 0, 0, 0, 0, 
346, 1, 313, 388, -1, 212, 83, 138.0, 17, Earp, 0, 0, 0, 0, , 0, 0, 0, 0, 0, 
347, 1, 314, 389, -1, 222, 120, 121.0, 16, Epla, 0, 0, 0, 0, , 0, 0, 0, 0, 0, 
348, 1, 315, 390, -1, 261, 128, 123.0, 17, Eplp, 0, 0, 0, 0, , 0, 0, 0, 0, 0, 
349, 1, 316, 391, -1, 223, 108, 74.0, 17, Caaaa, 0, 0, 0, 0, , 0, 0, 0, 0, 0, 
350, 1, 304, 392, -1, 253, 140, 82.0, 17, Caaap, 0, 0, 0, 0, , 0, 0, 0, 0, 0, 
351, 1, 317, 393, -1, 235, 70, 87.0, 17, Cpaaa, 0, 0, 0, 0, , 0, 0, 0, 0, 0, 
352, 1, 318, 394, -1, 277, 96, 88.0, 17, Cpaap, 0, 0, 0, 0, , 0, 0, 0, 0, 0, 
353, 1, 319, 395, -1, 308, 102, 96.0, 17, Cpapa, 0, 0, 0, 0, , 0, 0, 0, 0, 0, 
354, 1, 320, 396, -1, 312, 138, 104.0, 15, Cpapp, 0, 0, 0, 0, , 0, 0, 0, 0, 0, 
355, 1, 321, 397, -1, 237, 156, 157.0, 16, Daa, 0, 0, 0, 0, , 0, 0, 0, 0, 0, 
356, 1, 322, 398, -1, 273, 163, 138.0, 16, Dap, 0, 0, 0, 0, , 0, 0, 0, 0, 0, 
357, 1, 323, 399, -1, 267, 122, 183.0, 16, Dpa, 0, 0, 0, 0, , 0, 0, 0, 0, 0, 
358, 1, 324, 400, -1, 296, 144, 158.0, 16, Dpp, 0, 0, 0, 0, , 0, 0, 0, 0, 0, 
359, 1, 325, 401, -1, 236, 127, 171.0, 18, Z2, 0, 0, 0, 0, , 0, 0, 0, 0, 0, 
360, 1, 326, 402, -1, 199, 140, 166.0, 16, Z3, 0, 0, 0, 0, , 0, 0, 0, 0, 0, 
361, 1, 327, 403, -1, 105, 48, 104.0, 16, ABarpaaa, 0, 0, 0, 0, , 0, 0, 0, 0, 0, 
362, 1, 328, 404, -1, 132, 51, 96.0, 19, ABarpaapa, 0, 0, 0, 0, , 0, 0, 0, 0, 0, 
363, 1, 329, 405, -1, 167, 62, 85.0, 18, ABarpaapp, 0, 0, 0, 0, , 0, 0, 0, 0, 0, 
364, 1, 330, 406, 407, 128, 57, 129.0, 19, ABarpapa, 0, 0, 0, 0, , 0, 0, 0, 0, 0, 
365, 1, 331, 409, -1, 152, 50, 119.0, 14, ABarpappa, 0, 0, 0, 0, , 0, 0, 0, 0, 0, 
366, 1, 331, 408, -1, 176, 60, 119.5, 13, ABarpappp, 0, 0, 0, 0, , 0, 0, 0, 0, 0, 
367, 1, 332, 410, -1, 168, 93, 68.0, 19, ABarppaa, 0, 0, 0, 0, , 0, 0, 0, 0, 0, 
368, 1, 333, 411, -1, 196, 104, 97.0, 19, ABarppap, 0, 0, 0, 0, , 0, 0, 0, 0, 0, 
369, 1, 334, 412, -1, 202, 67, 111.0, 18, ABarpppa, 0, 0, 0, 0, , 0, 0, 0, 0, 0, 
370, 1, 335, 413, -1, 236, 88, 108.0, 18, ABarpppp, 0, 0, 0, 0, , 0, 0, 0, 0, 0, 
371, 1, 336, 415, -1, 84, 100, 73.0, 17, ABplaaaaa, 0, 0, 0, 0, , 0, 0, 0, 0, 0, 
372, 1, 336, 414, -1, 103, 98, 68.0, 17, ABplaaaap, 0, 0, 0, 0, , 0, 0, 0, 0, 0, 
373, 1, 337, 416, 417, 131, 90, 83.0, 17, ABplaaap, 0, 0, 0, 0, , 0, 0, 0, 0, 0, 
374, 1, 339, 419, -1, 119, 128, 62.0, 17, ABplaapap, 0, 0, 0, 0, , 0, 0, 0, 0, 0, 
375, 1, 338, 418, -1, 86, 126, 68.0, 17, ABplaapaa, 0, 0, 0, 0, , 0, 0, 0, 0, 0, 
376, 1, 340, 420, -1, 165, 135, 78.0, 17, ABplaappp, 0, 0, 0, 0, , 0, 0, 0, 0, 0, 
377, 1, 341, 421, -1, 134, 140, 70.0, 17, ABplaappa, 0, 0, 0, 0, , 0, 0, 0, 0, 0, 
378, 1, 342, 423, -1, 143, 121, 60.0, 17, ABplapaaa, 0, 0, 0, 0, , 0, 0, 0, 0, 0, 
379, 1, 342, 422, -1, 164, 121, 57.0, 17, ABplapaap, 0, 0, 0, 0, , 0, 0, 0, 0, 0, 
380, 1, 344, 424, -1, 185, 115, 56.0, 16, ABplapapa, 0, 0, 0, 0, , 0, 0, 0, 0, 0, 
381, 1, 343, 425, -1, 219, 136, 70.0, 17, ABplapapp, 0, 0, 0, 0, , 0, 0, 0, 0, 0, 
382, 1, 345, 427, -1, 187, 146, 82.0, 19, ABplappaa, 0, 0, 0, 0, , 0, 0, 0, 0, 0, 
383, 1, 345, 428, -1, 203, 158, 83.0, 19, ABplappap, 0, 0, 0, 0, , 0, 0, 0, 0, 0, 
384, 1, 346, 429, -1, 227, 153, 93.0, 17, ABplappp, 0, 0, 0, 0, , 0, 0, 0, 0, 0, 
385, 1, 228, 430, -1, 136, 45, 156.0, 17, ABpraaapa, 0, 0, 0, 0, , 0, 0, 0, 0, 0, 
