1, 0, 2, -1, -1, 161, 44, 143.0, 8, , 28, 0, 0, 0, , 0, 0, 0, 0, 0, 
2, 0, 3, -1, -1, 221, 61, 173.0, 9, , 21, 0, 0, 0, , 0, 0, 0, 0, 0, 
3, 0, 4, -1, -1, 47, 111, 82.0, 9, , 170, 0, 0, 0, , 0, 0, 0, 0, 0, 
4, 0, 5, -1, -1, 48, 112, 79.0, 9, , 133, 0, 0, 0, , 0, 0, 0, 0, 0, 
5, 0, 6, -1, -1, 131, 91, 194.0, 8, , 15, 0, 0, 0, , 0, 0, 0, 0, 0, 
6, 0, 9, -1, -1, 124, 139, 184.0, 9, , 31, 0, 0, 0, , 0, 0, 0, 0, 0, 
7, 0, 10, -1, -1, 128, 90, 200.0, 7, , 40, 0, 0, 0, , 0, 0, 0, 0, 0, 
8, 0, 12, -1, -1, 96, 48, 104.0, 8, , 14, 0, 0, 0, , 0, 0, 0, 0, 0, 
9, 0, 14, -1, -1, 135, 47, 159.0, 8, , 155, 0, 0, 0, , 0, 0, 0, 0, 0, 
10, 0, 16, -1, -1, 240, 124, 160.0, 7, , 15, 0, 0, 0, , 0, 0, 0, 0, 0, 
11, 0, 20, -1, -1, 162, 47, 140.0, 9, , 17, 0, 0, 0, , 0, 0, 0, 0, 0, 
12, 0, 23, -1, -1, 128, 88, 192.0, 8, , 11, 0, 0, 0, , 0, 0, 0, 0, 0, 
13, 0, 25, -1, -1, 162, 77, 191.0, 8, , 3, 0, 0, 0, , 0, 0, 0, 0, 0, 
14, 0, 26, -1, -1, 137, 90, 198.0, 8, , 33, 0, 0, 0, , 0, 0, 0, 0, 0, 
15, 0, 27, -1, -1, 141, 60, 169.0, 8, , 30, 0, 0, 0, , 0, 0, 0, 0, 0, 
16, 0, 28, -1, -1, 84, 78, 133.0, 7, , 11, 0, 0, 0, , 0, 0, 0, 0, 0, 
17, 0, 30, -1, -1, 210, 36, 149.0, 7, , 17, 0, 0, 0, , 0, 0, 0, 0, 0, 
18, 0, 32, -1, -1, 300, 93, 175.0, 7, , 24, 0, 0, 0, , 0, 0, 0, 0, 0, 
19, 0, 33, -1, -1, 172, 47, 170.0, 7, , 49, 0, 0, 0, , 0, 0, 0, 0, 0, 
20, 0, 35, -1, -1, 110, 131, 184.0, 8, , 12, 0, 0, 0, , 0, 0, 0, 0, 0, 
21, 0, 36, -1, -1, 119, 142, 184.0, 8, , 13, 0, 0, 0, , 0, 0, 0, 0, 0, 
22, 0, 38, -1, -1, 121, 142, 181.0, 8, , 7, 0, 0, 0, , 0, 0, 0, 0, 0, 
23, 0, 39, -1, -1, 114, 95, 201.0, 9, , 29, 0, 0, 0, , 0, 0, 0, 0, 0, 
24, 0, 40, -1, -1, 165, 40, 141.0, 9, , 26, 0, 0, 0, , 0, 0, 0, 0, 0, 
25, 0, 41, -1, -1, 229, 95, 102.0, 8, , 18, 0, 0, 0, , 0, 0, 0, 0, 0, 
26, 0, 42, -1, -1, 162, 46, 137.0, 7, , 19, 0, 0, 0, , 0, 0, 0, 0, 0, 
27, 0, 43, -1, -1, 75, 100, 168.0, 8, , 15, 0, 0, 0, , 0, 0, 0, 0, 0, 
28, 0, 44, -1, -1, 229, 101, 100.0, 8, , 5, 0, 0, 0, , 0, 0, 0, 0, 0, 
29, 0, 45, -1, -1, 85, 122, 171.0, 7, , 21, 0, 0, 0, , 0, 0, 0, 0, 0, 
30, 0, 46, -1, -1, 76, 131, 125.0, 9, , 50, 0, 0, 0, , 0, 0, 0, 0, 0, 
31, 0, 47, -1, -1, 93, 145, 123.0, 7, , 26, 0, 0, 0, , 0, 0, 0, 0, 0, 
32, 0, 51, -1, -1, 168, 40, 153.0, 8, , 16, 0, 0, 0, , 0, 0, 0, 0, 0, 
33, 0, 52, -1, -1, 136, 66, 161.0, 8, , 46, 0, 0, 0, , 0, 0, 0, 0, 0, 
34, 0, 53, -1, -1, 114, 78, 158.0, 8, , 28, 0, 0, 0, , 0, 0, 0, 0, 0, 
35, 0, 54, -1, -1, 141, 69, 167.0, 7, , 41, 0, 0, 0, , 0, 0, 0, 0, 0, 
36, 0, 55, -1, -1, 191, 45, 168.0, 8, , 7, 0, 0, 0, , 0, 0, 0, 0, 0, 
37, 0, 56, -1, -1, 222, 58, 167.0, 8, , 35, 0, 0, 0, , 0, 0, 0, 0, 0, 
38, 0, 58, -1, -1, 73, 107, 170.0, 8, , 3, 0, 0, 0, , 0, 0, 0, 0, 0, 
39, 0, 59, -1, -1, 220, 61, 175.0, 7, , 21, 0, 0, 0, , 0, 0, 0, 0, 0, 
40, 0, 60, -1, -1, 299, 93, 179.0, 7, , 16, 0, 0, 0, , 0, 0, 0, 0, 0, 
41, 0, 61, -1, -1, 105, 103, 185.0, 7, , 26, 0, 0, 0, , 0, 0, 0, 0, 0, 
42, 0, 62, -1, -1, 118, 95, 191.0, 8, , 7, 0, 0, 0, , 0, 0, 0, 0, 0, 
43, 0, 64, -1, -1, 220, 85, 196.0, 7, , 10, 0, 0, 0, , 0, 0, 0, 0, 0, 
44, 0, 65, -1, -1, 127, 87, 195.0, 8, , 14, 0, 0, 0, , 0, 0, 0, 0, 0, 
45, 0, 66, -1, -1, 101, 102, 67.0, 9, , 20, 0, 0, 0, , 0, 0, 0, 0, 0, 
46, 0, 67, -1, -1, 287, 73, 134.0, 9, , 17, 0, 0, 0, , 0, 0, 0, 0, 0, 
47, 0, 69, -1, -1, 203, 58, 177.0, 9, , 40, 0, 0, 0, , 0, 0, 0, 0, 0, 
48, 0, 72, -1, -1, 54, 133, 153.0, 7, , 35, 0, 0, 0, , 0, 0, 0, 0, 0, 
49, 0, 75, -1, -1, 291, 95, 177.0, 7, , 22, 0, 0, 0, , 0, 0, 0, 0, 0, 
50, 0, 76, -1, -1, 88, 85, 181.0, 9, , 95, 0, 0, 0, , 0, 0, 0, 0, 0, 
51, 0, 79, -1, -1, 252, 62, 183.0, 8, , 27, 0, 0, 0, , 0, 0, 0, 0, 0, 
52, 0, 82, -1, -1, 86, 144, 130.0, 7, , 29, 0, 0, 0, , 0, 0, 0, 0, 0, 
53, 0, 83, -1, -1, 104, 69, 93.0, 7, , 21, 0, 0, 0, , 0, 0, 0, 0, 0, 
54, 0, 84, -1, -1, 188, 85, 178.0, 8, , 12, 0, 0, 0, , 0, 0, 0, 0, 0, 
55, 0, 91, -1, -1, 169, 39, 138.0, 8, , 25, 0, 0, 0, , 0, 0, 0, 0, 0, 
56, 0, 95, -1, -1, 291, 72, 162.0, 9, , 70, 0, 0, 0, , 0, 0, 0, 0, 0, 
57, 0, 96, -1, -1, 291, 94, 173.0, 8, , 24, 0, 0, 0, , 0, 0, 0, 0, 0, 
58, 0, 97, -1, -1, 243, 129, 173.0, 8, , 18, 0, 0, 0, , 0, 0, 0, 0, 0, 
59, 0, 98, -1, -1, 197, 131, 175.0, 7, , 16, 0, 0, 0, , 0, 0, 0, 0, 0, 
60, 0, 99, -1, -1, 187, 87, 173.0, 7, , 26, 0, 0, 0, , 0, 0, 0, 0, 0, 
61, 0, 100, -1, -1, 118, 91, 184.0, 9, , 16, 0, 0, 0, , 0, 0, 0, 0, 0, 
62, 0, 102, -1, -1, 161, 131, 194.0, 7, , 15, 0, 0, 0, , 0, 0, 0, 0, 0, 
63, 0, 103, -1, -1, 221, 87, 198.0, 11, , 102, 0, 0, 0, , 0, 0, 0, 0, 0, 
64, 0, 104, -1, -1, 224, 88, 199.0, 11, , 31, 0, 0, 0, , 0, 0, 0, 0, 0, 
65, 0, 105, -1, -1, 153, 133, 202.0, 9, , 20, 0, 0, 0, , 0, 0, 0, 0, 0, 
66, 0, 106, -1, -1, 46, 106, 91.0, 7, , 8, 0, 0, 0, , 0, 0, 0, 0, 0, 
67, 0, 107, -1, -1, 106, 72, 94.0, 8, , 11, 0, 0, 0, , 0, 0, 0, 0, 0, 
68, 0, 109, -1, -1, 211, 38, 158.0, 8, , 12, 0, 0, 0, , 0, 0, 0, 0, 0, 
69, 0, 110, -1, -1, 47, 110, 88.0, 9, , 33, 0, 0, 0, , 0, 0, 0, 0, 0, 
70, 0, 116, -1, -1, 76, 121, 169.0, 9, , 36, 0, 0, 0, , 0, 0, 0, 0, 0, 
71, 0, 118, -1, -1, 108, 131, 175.0, 9, , 33, 0, 0, 0, , 0, 0, 0, 0, 0, 
72, 0, 119, -1, -1, 221, 61, 178.0, 8, , 20, 0, 0, 0, , 0, 0, 0, 0, 0, 
73, 0, 120, -1, -1, 113, 129, 56.0, 8, , 6, 0, 0, 0, , 0, 0, 0, 0, 0, 
74, 0, 121, -1, -1, 142, 98, 82.0, 8, , 2, 0, 0, 0, , 0, 0, 0, 0, 0, 
75, 0, 122, -1, -1, 89, 76, 89.0, 7, , 33, 0, 0, 0, , 0, 0, 0, 0, 0, 
76, 0, 125, -1, -1, 105, 54, 112.0, 8, , 12, 0, 0, 0, , 0, 0, 0, 0, 0, 
77, 0, 126, -1, -1, 245, 49, 113.0, 9, , 26, 0, 0, 0, , 0, 0, 0, 0, 0, 
78, 0, 127, -1, -1, 62, 158, 118.0, 7, , 6, 0, 0, 0, , 0, 0, 0, 0, 0, 
79, 0, 128, -1, -1, 133, 53, 123.0, 9, , 48, 0, 0, 0, , 0, 0, 0, 0, 0, 
80, 0, 129, -1, -1, 78, 75, 127.0, 9, , 35, 0, 0, 0, , 0, 0, 0, 0, 0, 
81, 0, 132, -1, -1, 135, 50, 129.0, 7, , 18, 0, 0, 0, , 0, 0, 0, 0, 0, 
82, 0, 133, -1, -1, 79, 83, 128.0, 8, , 12, 0, 0, 0, , 0, 0, 0, 0, 0, 
83, 0, 134, -1, -1, 83, 71, 137.0, 9, , 143, 0, 0, 0, , 0, 0, 0, 0, 0, 
84, 0, 137, -1, -1, 242, 172, 141.0, 8, , 12, 0, 0, 0, , 0, 0, 0, 0, 0, 
85, 0, 138, -1, -1, 109, 71, 154.0, 8, , 5, 0, 0, 0, , 0, 0, 0, 0, 0, 
86, 0, 141, -1, -1, 183, 49, 165.0, 9, , 15, 0, 0, 0, , 0, 0, 0, 0, 0, 
87, 0, 142, -1, -1, 304, 121, 167.0, 7, , 21, 0, 0, 0, , 0, 0, 0, 0, 0, 
88, 0, 143, -1, -1, 295, 68, 170.0, 8, , 52, 0, 0, 0, , 0, 0, 0, 0, 0, 
89, 0, 144, -1, -1, 68, 105, 172.0, 7, , 9, 0, 0, 0, , 0, 0, 0, 0, 0, 
90, 0, 145, -1, -1, 140, 60, 174.0, 8, , 24, 0, 0, 0, , 0, 0, 0, 0, 0, 
91, 0, 146, -1, -1, 175, 47, 171.0, 7, , 16, 0, 0, 0, , 0, 0, 0, 0, 0, 
92, 0, 147, -1, -1, 223, 55, 173.0, 8, , 44, 0, 0, 0, , 0, 0, 0, 0, 0, 
93, 0, 148, -1, -1, 136, 70, 173.0, 9, , 31, 0, 0, 0, , 0, 0, 0, 0, 0, 
94, 0, 149, -1, -1, 78, 100, 172.0, 8, , 21, 0, 0, 0, , 0, 0, 0, 0, 0, 
95, 0, 150, -1, -1, 142, 67, 176.0, 7, , 13, 0, 0, 0, , 0, 0, 0, 0, 0, 
96, 0, 151, -1, -1, 78, 106, 179.0, 8, , 14, 0, 0, 0, , 0, 0, 0, 0, 0, 
97, 0, 152, -1, -1, 171, 56, 182.0, 9, , 69, 0, 0, 0, , 0, 0, 0, 0, 0, 
98, 0, 153, -1, -1, 162, 75, 194.0, 8, , 38, 0, 0, 0, , 0, 0, 0, 0, 0, 
99, 0, 154, -1, -1, 159, 85, 196.0, 8, , 18, 0, 0, 0, , 0, 0, 0, 0, 0, 
100, 0, 156, -1, -1, 175, 75, 198.0, 8, , 37, 0, 0, 0, , 0, 0, 0, 0, 0, 
101, 0, 157, -1, -1, 171, 76, 201.0, 8, , 22, 0, 0, 0, , 0, 0, 0, 0, 0, 
102, 0, 158, -1, -1, 170, 74, 204.0, 9, , 20, 0, 0, 0, , 0, 0, 0, 0, 0, 
103, 0, 159, -1, -1, 226, 83, 204.0, 8, , 22, 0, 0, 0, , 0, 0, 0, 0, 0, 
104, 0, 160, -1, -1, 127, 92, 204.0, 8, , 19, 0, 0, 0, , 0, 0, 0, 0, 0, 
105, 0, 161, -1, -1, 169, 76, 208.0, 9, , 25, 0, 0, 0, , 0, 0, 0, 0, 0, 
106, 0, 162, -1, -1, 162, 110, 210.0, 8, , 21, 0, 0, 0, , 0, 0, 0, 0, 0, 
107, 0, 163, -1, -1, 87, 131, 72.0, 7, , 6, 0, 0, 0, , 0, 0, 0, 0, 0, 
108, 0, 166, -1, -1, 297, 94, 172.0, 7, , 10, 0, 0, 0, , 0, 0, 0, 0, 0, 
109, 0, 167, -1, -1, 172, 48, 173.0, 8, , 24, 0, 0, 0, , 0, 0, 0, 0, 0, 
110, 0, 168, -1, -1, 152, 131, 190.0, 8, , 3, 0, 0, 0, , 0, 0, 0, 0, 0, 
111, 0, 169, -1, -1, 97, 50, 108.0, 8, , 13, 0, 0, 0, , 0, 0, 0, 0, 0, 
112, 0, 170, -1, -1, 181, 61, 112.0, 8, , 10, 0, 0, 0, , 0, 0, 0, 0, 0, 
113, 0, 171, -1, -1, 219, 45, 119.0, 8, , 13, 0, 0, 0, , 0, 0, 0, 0, 0, 
114, 0, 172, -1, -1, 217, 37, 121.0, 9, , 52, 0, 0, 0, , 0, 0, 0, 0, 0, 
115, 0, -1, -1, -1, 193, 38, 126.0, 7, , 24, 0, 0, 0, , 0, 0, 0, 0, 0, 
116, 0, -1, -1, -1, 199, 41, 127.0, 9, , 23, 0, 0, 0, , 0, 0, 0, 0, 0, 
117, 0, 174, -1, -1, 243, 172, 135.0, 7, , 7, 0, 0, 0, , 0, 0, 0, 0, 0, 
118, 0, 176, -1, -1, 274, 101, 183.0, 7, , 12, 0, 0, 0, , 0, 0, 0, 0, 0, 
119, 0, 178, -1, -1, 81, 84, 103.0, 7, , 21, 0, 0, 0, , 0, 0, 0, 0, 0, 
120, 0, 179, -1, -1, 77, 130, 120.0, 9, , 31, 0, 0, 0, , 0, 0, 0, 0, 0, 
121, 0, 180, -1, -1, 219, 50, 129.0, 8, , 10, 0, 0, 0, , 0, 0, 0, 0, 0, 
122, 0, 181, -1, -1, 201, 43, 130.0, 8, , 15, 0, 0, 0, , 0, 0, 0, 0, 0, 
123, 0, 182, -1, -1, 136, 56, 130.0, 9, , 33, 0, 0, 0, , 0, 0, 0, 0, 0, 
124, 0, 183, -1, -1, 114, 59, 130.0, 9, , 40, 0, 0, 0, , 0, 0, 0, 0, 0, 
125, 0, 184, -1, -1, 307, 121, 164.0, 7, , 24, 0, 0, 0, , 0, 0, 0, 0, 0, 
126, 0, 185, -1, -1, 172, 52, 175.0, 8, , 50, 0, 0, 0, , 0, 0, 0, 0, 0, 
127, 0, 186, -1, -1, 222, 87, 192.0, 7, , 47, 0, 0, 0, , 0, 0, 0, 0, 0, 
128, 0, 187, -1, -1, 292, 72, 165.0, 8, , 14, 0, 0, 0, , 0, 0, 0, 0, 0, 
129, 0, 189, -1, -1, 117, 71, 79.0, 8, , 14, 0, 0, 0, , 0, 0, 0, 0, 0, 
130, 0, 190, -1, -1, 109, 152, 83.0, 7, , 11, 0, 0, 0, , 0, 0, 0, 0, 0, 
131, 0, 192, -1, -1, 88, 76, 87.0, 9, , 39, 0, 0, 0, , 0, 0, 0, 0, 0, 
132, 0, 193, -1, -1, 109, 152, 87.0, 8, , 14, 0, 0, 0, , 0, 0, 0, 0, 0, 
133, 0, 194, -1, -1, 212, 155, 88.0, 9, , 28, 0, 0, 0, , 0, 0, 0, 0, 0, 
134, 0, 195, -1, -1, 102, 53, 94.0, 9, , 53, 0, 0, 0, , 0, 0, 0, 0, 0, 
135, 0, 196, -1, -1, 107, 46, 105.0, 8, , 20, 0, 0, 0, , 0, 0, 0, 0, 0, 
136, 0, 197, -1, -1, 61, 158, 109.0, 8, , 4, 0, 0, 0, , 0, 0, 0, 0, 0, 
137, 0, 198, -1, -1, 202, 71, 111.0, 8, , 14, 0, 0, 0, , 0, 0, 0, 0, 0, 
138, 0, 199, -1, -1, 98, 73, 109.0, 7, , 14, 0, 0, 0, , 0, 0, 0, 0, 0, 
139, 0, 200, -1, -1, 94, 79, 117.0, 9, , 37, 0, 0, 0, , 0, 0, 0, 0, 0, 
140, 0, 202, -1, -1, 146, 46, 117.0, 9, , 63, 0, 0, 0, , 0, 0, 0, 0, 0, 
141, 0, 203, -1, -1, 246, 50, 122.0, 8, , 20, 0, 0, 0, , 0, 0, 0, 0, 0, 
142, 0, 204, -1, -1, 48, 109, 126.0, 8, , 30, 0, 0, 0, , 0, 0, 0, 0, 0, 
143, 0, 205, -1, -1, 94, 75, 124.0, 7, , 3, 0, 0, 0, , 0, 0, 0, 0, 0, 
144, 0, 206, -1, -1, 78, 80, 124.0, 8, , 22, 0, 0, 0, , 0, 0, 0, 0, 0, 
145, 0, 207, -1, -1, 87, 142, 125.0, 8, , 15, 0, 0, 0, , 0, 0, 0, 0, 0, 
146, 0, 208, -1, -1, 44, 115, 124.0, 9, , 11, 0, 0, 0, , 0, 0, 0, 0, 0, 
147, 0, 209, -1, -1, 83, 79, 131.0, 8, , 18, 0, 0, 0, , 0, 0, 0, 0, 0, 
148, 0, 210, -1, -1, 297, 96, 136.0, 9, , 20, 0, 0, 0, , 0, 0, 0, 0, 0, 
149, 0, 211, -1, -1, 76, 85, 134.0, 8, , 10, 0, 0, 0, , 0, 0, 0, 0, 0, 
150, 0, 212, -1, -1, 76, 82, 141.0, 8, , 14, 0, 0, 0, , 0, 0, 0, 0, 0, 
151, 0, 213, -1, -1, 133, 41, 154.0, 9, , 18, 0, 0, 0, , 0, 0, 0, 0, 0, 
152, 0, 214, -1, -1, 174, 33, 153.0, 7, , 40, 0, 0, 0, , 0, 0, 0, 0, 0, 
153, 0, 215, -1, -1, 117, 68, 153.0, 7, , 16, 0, 0, 0, , 0, 0, 0, 0, 0, 
154, 0, 216, -1, -1, 89, 68, 153.0, 8, , 37, 0, 0, 0, , 0, 0, 0, 0, 0, 
155, 0, 217, -1, -1, 175, 32, 155.0, 8, , 34, 0, 0, 0, , 0, 0, 0, 0, 0, 
156, 0, 218, -1, -1, 134, 41, 157.0, 7, , 27, 0, 0, 0, , 0, 0, 0, 0, 0, 
157, 0, 220, -1, -1, 269, 74, 158.0, 8, , 13, 0, 0, 0, , 0, 0, 0, 0, 0, 
158, 0, 221, -1, -1, 135, 41, 160.0, 7, , 39, 0, 0, 0, , 0, 0, 0, 0, 0, 
159, 0, 222, -1, -1, 269, 82, 162.0, 9, , 15, 0, 0, 0, , 0, 0, 0, 0, 0, 
160, 0, 223, -1, -1, 62, 115, 160.0, 9, , 13, 0, 0, 0, , 0, 0, 0, 0, 0, 
161, 0, 224, -1, -1, 137, 62, 165.0, 8, , 35, 0, 0, 0, , 0, 0, 0, 0, 0, 
162, 0, 225, -1, -1, 275, 77, 167.0, 8, , 15, 0, 0, 0, , 0, 0, 0, 0, 0, 
163, 0, 226, -1, -1, 59, 110, 166.0, 8, , 11, 0, 0, 0, , 0, 0, 0, 0, 0, 
164, 0, 227, -1, -1, 134, 70, 168.0, 8, , 30, 0, 0, 0, , 0, 0, 0, 0, 0, 
165, 0, 228, -1, -1, 276, 76, 169.0, 8, , 16, 0, 0, 0, , 0, 0, 0, 0, 0, 
166, 0, 229, -1, -1, 196, 129, 170.0, 8, , 8, 0, 0, 0, , 0, 0, 0, 0, 0, 
167, 0, 230, -1, -1, 242, 61, 174.0, 9, , 19, 0, 0, 0, , 0, 0, 0, 0, 0, 
168, 0, 232, -1, -1, 139, 70, 175.0, 9, , 42, 0, 0, 0, , 0, 0, 0, 0, 0, 
169, 0, 233, -1, -1, 273, 100, 179.0, 9, , 20, 0, 0, 0, , 0, 0, 0, 0, 0, 
170, 0, 234, -1, -1, 275, 93, 182.0, 8, , 11, 0, 0, 0, , 0, 0, 0, 0, 0, 
171, 0, 235, -1, -1, 245, 60, 183.0, 8, , 3, 0, 0, 0, , 0, 0, 0, 0, 0, 
172, 0, 236, -1, -1, 87, 86, 186.0, 7, , 26, 0, 0, 0, , 0, 0, 0, 0, 0, 
173, 0, 237, -1, -1, 164, 87, 200.0, 8, , 17, 0, 0, 0, , 0, 0, 0, 0, 0, 
174, 0, 238, -1, -1, 242, 91, 200.0, 8, , 17, 0, 0, 0, , 0, 0, 0, 0, 0, 
175, 0, 239, -1, -1, 160, 77, 202.0, 9, , 51, 0, 0, 0, , 0, 0, 0, 0, 0, 
176, 0, 240, -1, -1, 162, 78, 204.0, 8, , 24, 0, 0, 0, , 0, 0, 0, 0, 0, 
177, 0, 241, -1, -1, 77, 149, 91.0, 11, , 88, 0, 0, 0, , 0, 0, 0, 0, 0, 
178, 0, 242, -1, -1, 92, 73, 118.0, 7, , 6, 0, 0, 0, , 0, 0, 0, 0, 0, 
179, 0, 243, -1, -1, 151, 43, 120.0, 9, , 27, 0, 0, 0, , 0, 0, 0, 0, 0, 
180, 0, 244, -1, -1, 70, 132, 128.0, 8, , 14, 0, 0, 0, , 0, 0, 0, 0, 0, 
181, 0, 245, -1, -1, 221, 61, 171.0, 7, , 25, 0, 0, 0, , 0, 0, 0, 0, 0, 
182, 0, 246, -1, -1, 273, 97, 187.0, 9, , 35, 0, 0, 0, , 0, 0, 0, 0, 0, 
183, 0, 247, -1, -1, 294, 94, 170.0, 8, , 35, 0, 0, 0, , 0, 0, 0, 0, 0, 
184, 0, -1, -1, -1, 73, 102, 79.0, 11, , 27, 0, 0, 0, , 0, 0, 0, 0, 0, 
185, 0, -1, -1, -1, 77, 113, 114.0, 8, , 55, 0, 0, 0, , 0, 0, 0, 0, 0, 
186, 0, -1, -1, -1, 194, 40, 122.0, 11, , 81, 0, 0, 0, , 0, 0, 0, 0, 0, 
187, 0, -1, -1, -1, 308, 96, 122.0, 9, , 18, 0, 0, 0, , 0, 0, 0, 0, 0, 
188, 0, -1, -1, -1, 239, 63, 192.0, 11, , 90, 0, 0, 0, , 0, 0, 0, 0, 0, 
189, 0, -1, -1, -1, 86, 142, 120.0, 9, , 55, 0, 0, 0, , 0, 0, 0, 0, 0, 
190, 0, -1, -1, -1, 112, 53, 130.0, 8, , 31, 0, 0, 0, , 0, 0, 0, 0, 0, 
191, 0, -1, -1, -1, 294, 72, 138.0, 8, , 34, 0, 0, 0, , 0, 0, 0, 0, 0, 
192, 0, -1, -1, -1, 45, 89, 142.0, 9, , 59, 0, 0, 0, , 0, 0, 0, 0, 0, 
193, 0, -1, -1, -1, 55, 134, 149.0, 9, , 77, 0, 0, 0, , 0, 0, 0, 0, 0, 
194, 0, -1, -1, -1, 81, 148, 149.0, 8, , 62, 0, 0, 0, , 0, 0, 0, 0, 0, 
195, 0, -1, -1, -1, 240, 57, 176.0, 8, , 29, 0, 0, 0, , 0, 0, 0, 0, 0, 
196, 0, -1, -1, -1, 131, 116, 193.0, 8, , 70, 0, 0, 0, , 0, 0, 0, 0, 0, 
197, 0, -1, -1, -1, 271, 53, 146.0, 7, , 31, 0, 0, 0, , 0, 0, 0, 0, 0, 
198, 0, -1, -1, -1, 132, 111, 196.0, 9, , 88, 0, 0, 0, , 0, 0, 0, 0, 0, 
199, 0, -1, -1, -1, 130, 114, 203.0, 9, , 50, 0, 0, 0, , 0, 0, 0, 0, 0, 
200, 0, -1, -1, -1, 120, 99, 63.0, 7, , 4, 0, 0, 0, , 0, 0, 0, 0, 0, 
201, 0, -1, -1, -1, 118, 90, 69.0, 8, , 16, 0, 0, 0, , 0, 0, 0, 0, 0, 
202, 0, -1, -1, -1, 214, 159, 82.0, 7, , 10, 0, 0, 0, , 0, 0, 0, 0, 0, 
203, 0, -1, -1, -1, 46, 111, 84.0, 9, , 251, 0, 0, 0, , 0, 0, 0, 0, 0, 
204, 0, -1, -1, -1, 100, 120, 99.0, 8, , 18, 0, 0, 0, , 0, 0, 0, 0, 0, 
205, 0, -1, -1, -1, 110, 53, 100.0, 8, , 25, 0, 0, 0, , 0, 0, 0, 0, 0, 
206, 0, -1, -1, -1, 205, 64, 101.0, 9, , 16, 0, 0, 0, , 0, 0, 0, 0, 0, 
207, 0, -1, -1, -1, 202, 71, 106.0, 8, , 3, 0, 0, 0, , 0, 0, 0, 0, 0, 
208, 0, -1, -1, -1, 252, 88, 106.0, 7, , 3, 0, 0, 0, , 0, 0, 0, 0, 0, 
209, 0, -1, -1, -1, 109, 54, 108.0, 8, , 17, 0, 0, 0, , 0, 0, 0, 0, 0, 
210, 0, -1, -1, -1, 98, 80, 109.0, 8, , 12, 0, 0, 0, , 0, 0, 0, 0, 0, 
211, 0, -1, -1, -1, 109, 171, 110.0, 9, , 56, 0, 0, 0, , 0, 0, 0, 0, 0, 
212, 0, -1, -1, -1, 161, 172, 110.0, 8, , 15, 0, 0, 0, , 0, 0, 0, 0, 0, 
213, 0, -1, -1, -1, 95, 72, 112.0, 8, , 14, 0, 0, 0, , 0, 0, 0, 0, 0, 
214, 0, -1, -1, -1, 73, 114, 120.0, 7, , 11, 0, 0, 0, , 0, 0, 0, 0, 0, 
215, 0, -1, -1, -1, 301, 97, 121.0, 8, , 9, 0, 0, 0, , 0, 0, 0, 0, 0, 
216, 0, -1, -1, -1, 298, 100, 125.0, 8, , 2, 0, 0, 0, , 0, 0, 0, 0, 0, 
217, 0, -1, -1, -1, 164, 41, 133.0, 8, , 12, 0, 0, 0, , 0, 0, 0, 0, 0, 
218, 0, -1, -1, -1, 288, 75, 133.0, 9, , 34, 0, 0, 0, , 0, 0, 0, 0, 0, 
219, 0, -1, -1, -1, 105, 156, 135.0, 9, , 9, 0, 0, 0, , 0, 0, 0, 0, 0, 
220, 0, -1, -1, -1, 113, 57, 136.0, 8, , 21, 0, 0, 0, , 0, 0, 0, 0, 0, 
221, 0, -1, -1, -1, 82, 81, 137.0, 8, , 10, 0, 0, 0, , 0, 0, 0, 0, 0, 
222, 0, -1, -1, -1, 291, 76, 140.0, 8, , 34, 0, 0, 0, , 0, 0, 0, 0, 0, 
223, 0, -1, -1, -1, 117, 80, 143.0, 8, , 9, 0, 0, 0, , 0, 0, 0, 0, 0, 
224, 0, -1, -1, -1, 53, 135, 144.0, 7, , 19, 0, 0, 0, , 0, 0, 0, 0, 0, 
225, 0, -1, -1, -1, 77, 151, 144.0, 8, , 34, 0, 0, 0, , 0, 0, 0, 0, 0, 
226, 0, -1, -1, -1, 117, 72, 144.0, 8, , 3, 0, 0, 0, , 0, 0, 0, 0, 0, 
227, 0, -1, -1, -1, 214, 171, 145.0, 8, , 20, 0, 0, 0, , 0, 0, 0, 0, 0, 
228, 0, -1, -1, -1, 114, 83, 150.0, 8, , 3, 0, 0, 0, , 0, 0, 0, 0, 0, 
229, 0, -1, -1, -1, 267, 57, 150.0, 8, , 21, 0, 0, 0, , 0, 0, 0, 0, 0, 
230, 0, -1, -1, -1, 64, 108, 152.0, 8, , 5, 0, 0, 0, , 0, 0, 0, 0, 0, 
231, 0, -1, -1, -1, 122, 78, 152.0, 8, , 15, 0, 0, 0, , 0, 0, 0, 0, 0, 
232, 0, -1, -1, -1, 316, 94, 159.0, 9, , 30, 0, 0, 0, , 0, 0, 0, 0, 0, 
233, 0, -1, -1, -1, 62, 110, 160.0, 7, , 17, 0, 0, 0, , 0, 0, 0, 0, 0, 
234, 0, -1, -1, -1, 300, 119, 161.0, 8, , 14, 0, 0, 0, , 0, 0, 0, 0, 0, 
235, 0, -1, -1, -1, 307, 120, 162.0, 7, , 20, 0, 0, 0, , 0, 0, 0, 0, 0, 
236, 0, -1, -1, -1, 76, 76, 163.0, 9, , 29, 0, 0, 0, , 0, 0, 0, 0, 0, 
237, 0, -1, -1, -1, 268, 75, 163.0, 7, , 11, 0, 0, 0, , 0, 0, 0, 0, 0, 
238, 0, -1, -1, -1, 79, 122, 166.0, 9, , 30, 0, 0, 0, , 0, 0, 0, 0, 0, 
239, 0, -1, -1, -1, 266, 77, 170.0, 8, , 10, 0, 0, 0, , 0, 0, 0, 0, 0, 
240, 0, -1, -1, -1, 187, 87, 171.0, 9, , 16, 0, 0, 0, , 0, 0, 0, 0, 0, 
241, 0, -1, -1, -1, 88, 83, 173.0, 8, , 49, 0, 0, 0, , 0, 0, 0, 0, 0, 
242, 0, -1, -1, -1, 137, 65, 174.0, 5, , 4, 0, 0, 0, , 0, 0, 0, 0, 0, 
243, 0, -1, -1, -1, 76, 95, 176.0, 8, , 12, 0, 0, 0, , 0, 0, 0, 0, 0, 
244, 0, -1, -1, -1, 192, 81, 176.0, 8, , 7, 0, 0, 0, , 0, 0, 0, 0, 0, 
245, 0, -1, -1, -1, 166, 75, 177.0, 8, , 12, 0, 0, 0, , 0, 0, 0, 0, 0, 
246, 0, -1, -1, -1, 188, 89, 177.0, 8, , 13, 0, 0, 0, , 0, 0, 0, 0, 0, 
247, 0, -1, -1, -1, 114, 87, 179.0, 9, , 97, 0, 0, 0, , 0, 0, 0, 0, 0, 
248, 0, -1, -1, -1, 273, 122, 179.0, 7, , 7, 0, 0, 0, , 0, 0, 0, 0, 0, 
249, 0, -1, -1, -1, 236, 59, 181.0, 7, , 16, 0, 0, 0, , 0, 0, 0, 0, 0, 
250, 0, -1, -1, -1, 117, 85, 182.0, 8, , 15, 0, 0, 0, , 0, 0, 0, 0, 0, 
251, 0, -1, -1, -1, 126, 147, 184.0, 8, , 11, 0, 0, 0, , 0, 0, 0, 0, 0, 
252, 0, -1, -1, -1, 244, 61, 188.0, 8, , 18, 0, 0, 0, , 0, 0, 0, 0, 0, 
253, 0, -1, -1, -1, 235, 64, 189.0, 7, , 12, 0, 0, 0, , 0, 0, 0, 0, 0, 
254, 0, -1, -1, -1, 249, 65, 189.0, 9, , 14, 0, 0, 0, , 0, 0, 0, 0, 0, 
255, 0, -1, -1, -1, 105, 131, 190.0, 7, , 9, 0, 0, 0, , 0, 0, 0, 0, 0, 
256, 0, -1, -1, -1, 101, 104, 193.0, 9, , 94, 0, 0, 0, , 0, 0, 0, 0, 0, 
257, 0, -1, -1, -1, 130, 112, 200.0, 8, , 28, 0, 0, 0, , 0, 0, 0, 0, 0, 
258, 0, -1, -1, -1, 198, 81, 200.0, 9, , 36, 0, 0, 0, , 0, 0, 0, 0, 0, 
259, 0, -1, -1, -1, 163, 112, 204.0, 8, , 4, 0, 0, 0, , 0, 0, 0, 0, 0, 
260, 0, -1, -1, -1, 225, 86, 204.0, 7, , 29, 0, 0, 0, , 0, 0, 0, 0, 0, 
261, 0, -1, -1, -1, 77, 113, 110.0, 8, , 24, 0, 0, 0, , 0, 0, 0, 0, 0, 
262, 0, -1, -1, -1, 78, 109, 119.0, 7, , 8, 0, 0, 0, , 0, 0, 0, 0, 0, 
263, 0, -1, -1, -1, 216, 37, 125.0, 7, , 25, 0, 0, 0, , 0, 0, 0, 0, 0, 
264, 0, -1, -1, -1, 86, 143, 128.0, 9, , 31, 0, 0, 0, , 0, 0, 0, 0, 0, 
265, 0, -1, -1, -1, 294, 72, 135.0, 7, , 22, 0, 0, 0, , 0, 0, 0, 0, 0, 
266, 0, -1, -1, -1, 241, 172, 137.0, 9, , 11, 0, 0, 0, , 0, 0, 0, 0, 0, 
267, 0, -1, -1, -1, 213, 173, 142.0, 8, , 22, 0, 0, 0, , 0, 0, 0, 0, 0, 
268, 0, -1, -1, -1, 269, 54, 142.0, 9, , 39, 0, 0, 0, , 0, 0, 0, 0, 0, 
269, 0, -1, -1, -1, 49, 87, 147.0, 9, , 26, 0, 0, 0, , 0, 0, 0, 0, 0, 
270, 0, -1, -1, -1, 55, 87, 147.0, 9, , 33, 0, 0, 0, , 0, 0, 0, 0, 0, 
271, 0, -1, -1, -1, 77, 151, 155.0, 9, , 48, 0, 0, 0, , 0, 0, 0, 0, 0, 
272, 0, -1, -1, -1, 114, 77, 156.0, 7, , 30, 0, 0, 0, , 0, 0, 0, 0, 0, 
273, 0, -1, -1, -1, 271, 95, 180.0, 8, , 23, 0, 0, 0, , 0, 0, 0, 0, 0, 
274, 0, -1, -1, -1, 200, 78, 195.0, 7, , 24, 0, 0, 0, , 0, 0, 0, 0, 0, 
275, 0, -1, -1, -1, 129, 116, 196.0, 8, , 44, 0, 0, 0, , 0, 0, 0, 0, 0, 
276, 0, -1, -1, -1, 163, 74, 197.0, 8, , 19, 0, 0, 0, , 0, 0, 0, 0, 0, 
277, 0, -1, -1, -1, 76, 113, 108.0, 7, , 23, 0, 0, 0, , 0, 0, 0, 0, 0, 
278, 0, -1, -1, -1, 75, 151, 151.0, 7, , 14, 0, 0, 0, , 0, 0, 0, 0, 0, 
279, 0, -1, -1, -1, 129, 116, 198.0, 9, , 72, 0, 0, 0, , 0, 0, 0, 0, 0, 
280, 1, 248, 354, -1, 287, 117, 127.0, 20, Eprp, 0, 0, 0, 0, , 0, 0, 0, 0, 0, 
281, 1, 249, 355, -1, 163, 45, 139.0, 17, ABpraaapp, 0, 0, 0, 0, , 0, 0, 0, 0, 0, 
282, 0, -1, -1, -1, 163, 43, 146.5, 13, , 0, 0, 0, 0, , 0, 0, 0, 0, 0, 
283, 1, 251, 357, -1, 189, 86, 176.0, 17, ABarapppp, 0, 0, 0, 0, , 0, 0, 0, 0, 0, 
284, 1, 251, 356, -1, 171, 75, 175.0, 16, ABarapppa, 0, 0, 0, 0, , 0, 0, 0, 0, 0, 
285, 1, 252, 358, -1, 166, 78, 201.0, 21, ABarappa, 0, 0, 0, 0, , 0, 0, 0, 0, 0, 
286, 0, 253, -1, -1, 126, 81, 182.25533, 17, , 0, 0, 0, 0, , 0, 0, 0, 0, 0, 
287, 0, 254, -1, -1, 139, 63, 182.4, 17, , 0, 0, 0, 0, , 0, 0, 0, 0, 0, 
288, 1, 256, 362, -1, 102, 105, 192.0, 17, ABarapaaa, 0, 0, 0, 0, , 0, 0, 0, 0, 0, 
289, 1, 256, 361, -1, 131, 113, 194.0, 15, ABarapaap, 0, 0, 0, 0, , 0, 0, 0, 0, 0, 
290, 1, 257, 363, -1, 132, 89, 196.0, 15, ABarapapa, 0, 0, 0, 0, , 0, 0, 0, 0, 0, 
291, 1, 258, 364, -1, 163, 110, 206.0, 16, ABarapapp, 0, 0, 0, 0, , 0, 0, 0, 0, 0, 
292, 1, 260, 366, -1, 106, 130, 178.0, 14, ABaraapap, 0, 0, 0, 0, , 0, 0, 0, 0, 0, 
293, 1, 259, 365, -1, 80, 120, 171.0, 14, ABaraapaa, 0, 0, 0, 0, , 0, 0, 0, 0, 0, 
294, 1, 261, 367, -1, 123, 144, 186.0, 15, ABaraappa, 0, 0, 0, 0, , 0, 0, 0, 0, 0, 
295, 1, 262, 368, -1, 154, 135, 194.0, 17, ABaraappp, 0, 0, 0, 0, , 0, 0, 0, 0, 0, 
296, 1, 263, 370, -1, 87, 85, 181.0, 17, ABaraaapa, 0, 0, 0, 0, , 0, 0, 0, 0, 0, 
297, 1, 263, 369, -1, 114, 87, 179.5, 17, ABaraaapp, 0, 0, 0, 0, , 0, 0, 0, 0, 0, 
298, 1, 264, 371, -1, 72, 101, 176.0, 19, ABaraaaa, 0, 0, 0, 0, , 0, 0, 0, 0, 0, 
299, 1, 266, 374, -1, 74, 130, 122.0, 17, ABalpaapp, 0, 0, 0, 0, , 0, 0, 0, 0, 0, 
300, 1, 265, 372, -1, 44, 113, 129.0, 17, ABalpaapa, 0, 0, 0, 0, , 0, 0, 0, 0, 0, 
301, 1, 267, 373, -1, 56, 113, 156.0, 21, ABalpaaa, 0, 0, 0, 0, , 0, 0, 0, 0, 0, 
302, 1, 268, 375, -1, 88, 153, 169.0, 17, ABalpappa, 0, 0, 0, 0, , 0, 0, 0, 0, 0, 
303, 1, 269, 376, -1, 123, 162, 151.0, 17, ABalpappp, 0, 0, 0, 0, , 0, 0, 0, 0, 0, 
304, 1, 270, 377, -1, 61, 151, 116.0, 21, ABalppaa, 0, 0, 0, 0, , 0, 0, 0, 0, 0, 
305, 1, 271, 379, -1, 84, 143, 124.0, 15, ABalppapa, 0, 0, 0, 0, , 0, 0, 0, 0, 0, 
306, 1, 271, 378, -1, 106, 159, 126.0, 15, ABalppapp, 0, 0, 0, 0, , 0, 0, 0, 0, 0, 
307, 1, 272, 381, -1, 55, 135, 151.0, 15, ABalpapaa, 0, 0, 0, 0, , 0, 0, 0, 0, 0, 
308, 1, 272, 380, -1, 78, 149, 149.5, 15, ABalpapap, 0, 0, 0, 0, , 0, 0, 0, 0, 0, 
309, 1, 273, 382, -1, 78, 112, 107.0, 11, ABalpppaa, 0, 0, 0, 0, , 0, 0, 0, 0, 0, 
310, 1, 273, 383, -1, 100, 123, 104.0, 13, ABalpppap, 0, 0, 0, 0, , 0, 0, 0, 0, 0, 
311, 1, 275, 384, -1, 146, 137, 108.0, 15, ABalppppp, 0, 0, 0, 0, , 0, 0, 0, 0, 0, 
312, 1, 274, 385, -1, 115, 125, 112.0, 15, ABalppppa, 0, 0, 0, 0, , 0, 0, 0, 0, 0, 
313, 1, 276, 386, -1, 52, 86, 137.0, 19, ABalaaaa, 0, 0, 0, 0, , 0, 0, 0, 0, 0, 
314, 1, 277, 387, -1, 78, 77, 130.0, 16, ABalaaap, 0, 0, 0, 0, , 0, 0, 0, 0, 0, 
315, 1, 278, 388, -1, 82, 72, 156.0, 19, ABalaapa, 0, 0, 0, 0, , 0, 0, 0, 0, 0, 
316, 1, 279, 389, -1, 116, 76, 151.0, 19, ABalaapp, 0, 0, 0, 0, , 0, 0, 0, 0, 0, 
317, 1, 280, 390, 394, 75, 82, 103.0, 17, ABalapaa, 0, 0, 0, 0, , 0, 0, 0, 0, 0, 
318, 1, 282, 396, -1, 119, 72, 82.0, 15, ABalapapp, 0, 0, 0, 0, , 0, 0, 0, 0, 0, 
319, 1, 281, 395, -1, 88, 75, 87.0, 15, ABalapapa, 0, 0, 0, 0, , 0, 0, 0, 0, 0, 
320, 1, 283, 397, -1, 101, 79, 121.0, 19, ABalappa, 0, 0, 0, 0, , 0, 0, 0, 0, 0, 
321, 1, 285, 398, -1, 117, 91, 114.0, 14, ABalapppa, 0, 0, 0, 0, , 0, 0, 0, 0, 0, 
322, 1, 284, 399, -1, 149, 85, 106.0, 14, ABalapppp, 0, 0, 0, 0, , 0, 0, 0, 0, 0, 
323, 1, 286, 400, -1, 138, 66, 168.0, 15, ABpraaaa, 0, 0, 0, 0, , 0, 0, 0, 0, 0, 
324, 0, 288, -1, -1, 178, 35, 152.5, 14, , 0, 0, 0, 0, , 0, 0, 0, 0, 0, 
325, 1, 289, 402, -1, 241, 50, 151.0, 10, ABpraappp, 0, 0, 0, 0, , 0, 0, 0, 0, 0, 
326, 1, 290, 403, -1, 208, 40, 151.5, 12, ABpraappa, 0, 0, 0, 0, , 0, 0, 0, 0, 0, 
327, 1, 291, 405, -1, 292, 75, 138.0, 13, ABprappap, 0, 0, 0, 0, , 0, 0, 0, 0, 0, 
328, 1, 291, 404, -1, 268, 56, 141.0, 13, ABprappaa, 0, 0, 0, 0, , 0, 0, 0, 0, 0, 
329, 1, 292, 406, -1, 308, 96, 131.0, 18, ABprappp, 0, 0, 0, 0, , 0, 0, 0, 0, 0, 
330, 1, 293, 407, -1, 217, 41, 118.25, 14, ABprapaa, 0, 0, 0, 0, , 0, 0, 0, 0, 0, 
331, 1, 294, 408, -1, 244, 50, 115.0, 13, ABprapapa, 0, 0, 0, 0, , 0, 0, 0, 0, 0, 
332, 1, 295, 409, -1, 272, 70, 113.333336, 13, ABprapapp, 0, 0, 0, 0, , 0, 0, 0, 0, 0, 
333, 1, 296, 410, -1, 165, 172, 101.0, 17, ABplppaa, 0, 0, 0, 0, , 0, 0, 0, 0, 0, 
334, 1, 297, 411, -1, 192, 152, 116.0, 16, ABplppap, 0, 0, 0, 0, , 0, 0, 0, 0, 0, 
335, 1, 298, 412, 413, 214, 171, 108.0, 17, ABplpppa, 0, 0, 0, 0, , 0, 0, 0, 0, 0, 
336, 1, 299, 415, -1, 212, 170, 139.0, 14, ABplppppa, 0, 0, 0, 0, , 0, 0, 0, 0, 0, 
337, 1, 299, 414, -1, 241, 175, 135.5, 15, ABplppppp, 0, 0, 0, 0, , 0, 0, 0, 0, 0, 
338, 1, 300, 421, -1, 108, 170, 112.0, 15, ABplpapaa, 0, 0, 0, 0, , 0, 0, 0, 0, 0, 
339, 1, 300, 416, -1, 137, 170, 119.5, 16, ABplpapap, 0, 0, 0, 0, , 0, 0, 0, 0, 0, 
340, 1, 302, 418, -1, 109, 151, 87.0, 17, ABplpaaap, 0, 0, 0, 0, , 0, 0, 0, 0, 0, 
341, 1, 301, 417, -1, 76, 149, 91.0, 17, ABplpaaaa, 0, 0, 0, 0, , 0, 0, 0, 0, 0, 
342, 1, 303, 419, -1, 124, 163, 84.0, 17, ABplpaapa, 0, 0, 0, 0, , 0, 0, 0, 0, 0, 
343, 1, 304, 420, -1, 157, 166, 76.0, 19, ABplpaapp, 0, 0, 0, 0, , 0, 0, 0, 0, 0, 
344, 1, 305, 422, -1, 147, 173, 135.0, 17, ABplpappa, 0, 0, 0, 0, , 0, 0, 0, 0, 0, 
345, 1, 306, 423, -1, 185, 175, 134.0, 17, ABplpappp, 0, 0, 0, 0, , 0, 0, 0, 0, 0, 
346, 0, 308, -1, -1, 179, 34, 154.0, 14, , 0, 0, 0, 0, , 0, 0, 0, 0, 0, 
347, 1, 309, 424, -1, 178, 34, 154.0, 14, ABpraapaa, 0, 0, 0, 0, , 0, 0, 0, 0, 0, 
348, 1, 307, 425, -1, 197, 42, 128.0, 14, ABpraapap, 0, 0, 0, 0, , 0, 0, 0, 0, 0, 
349, 1, 310, 426, 427, 172, 54, 174.0, 16, ABprpaaa, 0, 0, 0, 0, , 0, 0, 0, 0, 0, 
350, 1, 311, 429, -1, 201, 55, 174.0, 15, ABprpaapa, 0, 0, 0, 0, , 0, 0, 0, 0, 0, 
351, 1, 311, 428, -1, 221, 58, 175.0, 15, ABprpaapp, 0, 0, 0, 0, , 0, 0, 0, 0, 0, 
352, 1, 312, 431, -1, 199, 82, 198.0, 15, ABprpapaa, 0, 0, 0, 0, , 0, 0, 0, 0, 0, 
353, 1, 312, 430, -1, 222, 86, 196.5, 15, ABprpapap, 0, 0, 0, 0, , 0, 0, 0, 0, 0, 
354, 1, 314, 433, -1, 272, 97, 182.0, 15, ABprpappp, 0, 0, 0, 0, , 0, 0, 0, 0, 0, 
355, 1, 313, 432, -1, 238, 89, 197.0, 15, ABprpappa, 0, 0, 0, 0, , 0, 0, 0, 0, 0, 
356, 1, 315, 434, -1, 243, 61, 181.0, 16, ABprppaa, 0, 0, 0, 0, , 0, 0, 0, 0, 0, 
357, 1, 316, 435, -1, 268, 76, 171.0, 16, ABprppap, 0, 0, 0, 0, , 0, 0, 0, 0, 0, 
358, 0, 317, -1, -1, 292, 71, 164.0, 16, , 0, 0, 0, 0, , 0, 0, 0, 0, 0, 
359, 1, 318, 437, -1, 316, 92, 157.0, 16, ABprpppap, 0, 0, 0, 0, , 0, 0, 0, 0, 0, 
360, 1, 317, 436, -1, 291, 70, 163.0, 12, ABprpppaa, 0, 0, 0, 0, , 0, 0, 0, 0, 0, 
361, 1, 320, 439, -1, 302, 120, 168.0, 15, ABprppppp, 0, 0, 0, 0, , 0, 0, 0, 0, 0, 
362, 1, 319, 438, -1, 297, 93, 174.0, 15, ABprppppa, 0, 0, 0, 0, , 0, 0, 0, 0, 0, 
363, 1, 321, 440, -1, 87, 112, 145.0, 19, MSaaaa, 0, 0, 0, 0, , 0, 0, 0, 0, 0, 
364, 1, 322, 441, -1, 125, 125, 157.0, 19, MSaaap, 0, 0, 0, 0, , 0, 0, 0, 0, 0, 
365, 1, 323, 442, -1, 144, 157, 179.8, 16, MSaapa, 0, 0, 0, 0, , 0, 0, 0, 0, 0, 
366, 1, 324, 443, -1, 194, 159, 183.0, 16, MSaapp, 0, 0, 0, 0, , 0, 0, 0, 0, 0, 
367, 1, 325, 444, -1, 130, 141, 137.0, 16, MSapaa, 0, 0, 0, 0, , 0, 0, 0, 0, 0, 
368, 1, 326, 445, -1, 162, 145, 134.0, 16, MSapap, 0, 0, 0, 0, , 0, 0, 0, 0, 0, 
369, 1, 327, 446, -1, 177, 156, 158.0, 16, MSappa, 0, 0, 0, 0, , 0, 0, 0, 0, 0, 
370, 1, 328, 447, -1, 208, 142, 140.0, 16, MSappp, 0, 0, 0, 0, , 0, 0, 0, 0, 0, 
371, 1, 329, 448, -1, 169, 102, 174.0, 16, MSppaa, 0, 0, 0, 0, , 0, 0, 0, 0, 0, 
372, 1, 330, 449, -1, 205, 91, 158.0, 16, MSppap, 0, 0, 0, 0, , 0, 0, 0, 0, 0, 
373, 1, 331, 450, -1, 218, 104, 177.0, 16, MSpppa, 0, 0, 0, 0, , 0, 0, 0, 0, 0, 
374, 1, 332, 451, -1, 246, 101, 168.0, 16, MSpppp, 0, 0, 0, 0, , 0, 0, 0, 0, 0, 
375, 1, 333, 452, -1, 137, 99, 168.0, 19, MSpaaa, 0, 0, 0, 0, , 0, 0, 0, 0, 0, 
376, 1, 334, 453, -1, 173, 123, 174.0, 17, MSpaap, 0, 0, 0, 0, , 0, 0, 0, 0, 0, 
377, 1, 335, 454, -1, 190, 124, 197.0, 16, MSpapa, 0, 0, 0, 0, , 0, 0, 0, 0, 0, 
378, 1, 336, 455, -1, 228, 134, 198.0, 16, MSpapp, 0, 0, 0, 0, , 0, 0, 0, 0, 0, 
379, 1, 337, 456, -1, 144, 112, 129.0, 19, Eala, 0, 0, 0, 0, , 0, 0, 0, 0, 0, 
380, 1, 338, 457, -1, 287, 130, 81.0, 17, Caap, 0, 0, 0, 0, , 0, 0, 0, 0, 0, 
381, 1, 339, 458, -1, 250, 170, 112.0, 17, Capa, 0, 0, 0, 0, , 0, 0, 0, 0, 0, 
382, 1, 340, 459, -1, 277, 146, 102.0, 17, Capp, 0, 0, 0, 0, , 0, 0, 0, 0, 0, 
383, 1, 341, 460, -1, 303, 149, 124.25, 17, Cppp, 0, 0, 0, 0, , 0, 0, 0, 0, 0, 
384, 1, 342, 461, -1, 321, 124, 147.0, 17, Cppa, 0, 0, 0, 0, , 0, 0, 0, 0, 0, 
385, 1, 343, 462, -1, 239, 82, 145.0, 19, Epra, 0, 0, 0, 0, , 0, 0, 0, 0, 0, 
386, 1, 344, 463, -1, 193, 125, 125.0, 19, Ealp, 0, 0, 0, 0, , 0, 0, 0, 0, 0, 
387, 1, 345, 464, -1, 155, 81, 141.0, 19, Eara, 0, 0, 0, 0, , 0, 0, 0, 0, 0, 
388, 1, 346, 465, -1, 213, 80, 138.0, 17, Earp, 0, 0, 0, 0, , 0, 0, 0, 0, 0, 
389, 1, 347, 466, -1, 222, 115, 124.0, 18, Epla, 0, 0, 0, 0, , 0, 0, 0, 0, 0, 
390, 1, 348, 467, -1, 259, 124, 124.0, 17, Eplp, 0, 0, 0, 0, , 0, 0, 0, 0, 0, 
391, 1, 349, 468, -1, 225, 104, 74.0, 17, Caaaa, 0, 0, 0, 0, , 0, 0, 0, 0, 0, 
392, 1, 350, 469, -1, 251, 136, 82.0, 17, Caaap, 0, 0, 0, 0, , 0, 0, 0, 0, 0, 
393, 1, 351, 470, -1, 232, 65, 90.0, 17, Cpaaa, 0, 0, 0, 0, , 0, 0, 0, 0, 0, 
394, 1, 352, 471, -1, 278, 96, 90.0, 17, Cpaap, 0, 0, 0, 0, , 0, 0, 0, 0, 0, 
395, 1, 353, 472, -1, 309, 102, 99.0, 17, Cpapa, 0, 0, 0, 0, , 0, 0, 0, 0, 0, 
396, 1, 354, 473, -1, 309, 137, 105.0, 15, Cpapp, 0, 0, 0, 0, , 0, 0, 0, 0, 0, 
397, 1, 355, 474, -1, 235, 154, 159.0, 16, Daa, 0, 0, 0, 0, , 0, 0, 0, 0, 0, 
398, 1, 356, 475, -1, 271, 164, 139.0, 16, Dap, 0, 0, 0, 0, , 0, 0, 0, 0, 0, 
399, 1, 357, 476, -1, 267, 121, 185.0, 16, Dpa, 0, 0, 0, 0, , 0, 0, 0, 0, 0, 
400, 1, 358, 477, -1, 295, 147, 156.0, 16, Dpp, 0, 0, 0, 0, , 0, 0, 0, 0, 0, 
401, 1, 359, 478, -1, 236, 126, 171.0, 18, Z2, 0, 0, 0, 0, , 0, 0, 0, 0, 0, 
402, 1, 360, 479, -1, 201, 137, 166.0, 16, Z3, 0, 0, 0, 0, , 0, 0, 0, 0, 0, 
403, 1, 361, 480, -1, 103, 51, 103.0, 16, ABarpaaa, 0, 0, 0, 0, , 0, 0, 0, 0, 0, 
404, 1, 362, 481, -1, 132, 49, 94.0, 19, ABarpaapa, 0, 0, 0, 0, , 0, 0, 0, 0, 0, 
405, 1, 363, 482, -1, 168, 60, 83.0, 18, ABarpaapp, 0, 0, 0, 0, , 0, 0, 0, 0, 0, 
406, 1, 364, 484, -1, 114, 57, 131.0, 15, ABarpapaa, 0, 0, 0, 0, , 0, 0, 0, 0, 0, 
407, 1, 364, 483, -1, 133, 54, 126.0, 15, ABarpapap, 0, 0, 0, 0, , 0, 0, 0, 0, 0, 
408, 1, 366, 486, -1, 177, 65, 116.0, 16, ABarpappp, 0, 0, 0, 0, , 0, 0, 0, 0, 0, 
409, 1, 365, 485, -1, 148, 44, 117.0, 14, ABarpappa, 0, 0, 0, 0, , 0, 0, 0, 0, 0, 
410, 1, 367, 487, -1, 171, 90, 72.0, 19, ABarppaa, 0, 0, 0, 0, , 0, 0, 0, 0, 0, 
411, 1, 368, 488, -1, 197, 106, 97.0, 19, ABarppap, 0, 0, 0, 0, , 0, 0, 0, 0, 0, 
412, 1, 369, 489, -1, 202, 68, 109.0, 18, ABarpppa, 0, 0, 0, 0, , 0, 0, 0, 0, 0, 
413, 1, 370, 490, -1, 241, 86, 108.0, 18, ABarpppp, 0, 0, 0, 0, , 0, 0, 0, 0, 0, 
414, 1, 372, 492, -1, 101, 99, 67.0, 17, ABplaaaap, 0, 0, 0, 0, , 0, 0, 0, 0, 0, 
415, 1, 371, 491, -1, 71, 101, 76.0, 17, ABplaaaaa, 0, 0, 0, 0, , 0, 0, 0, 0, 0, 
416, 1, 373, 493, -1, 142, 98, 81.0, 17, ABplaaapp, 0, 0, 0, 0, , 0, 0, 0, 0, 0, 
417, 1, 373, 494, -1, 118, 95, 70.0, 17, ABplaaapa, 0, 0, 0, 0, , 0, 0, 0, 0, 0, 
418, 1, 375, 495, -1, 84, 129, 68.0, 17, ABplaapaa, 0, 0, 0, 0, , 0, 0, 0, 0, 0, 
419, 1, 374, 496, -1, 114, 128, 62.0, 17, ABplaapap, 0, 0, 0, 0, , 0, 0, 0, 0, 0, 
420, 1, 376, 497, -1, 164, 132, 78.0, 17, ABplaappp, 0, 0, 0, 0, , 0, 0, 0, 0, 0, 
421, 1, 377, 498, -1, 130, 139, 70.0, 17, ABplaappa, 0, 0, 0, 0, , 0, 0, 0, 0, 0, 
422, 1, 379, 500, -1, 168, 119, 56.0, 17, ABplapaap, 0, 0, 0, 0, , 0, 0, 0, 0, 0, 
423, 1, 378, 499, -1, 134, 117, 55.0, 17, ABplapaaa, 0, 0, 0, 0, , 0, 0, 0, 0, 0, 
424, 1, 380, 501, -1, 190, 109, 60.0, 16, ABplapapa, 0, 0, 0, 0, , 0, 0, 0, 0, 0, 
425, 1, 381, 502, -1, 219, 140, 70.0, 17, ABplapapp, 0, 0, 0, 0, , 0, 0, 0, 0, 0, 
426, 0, 382, -1, -1, 201, 152, 81.5, 19, , 0, 0, 0, 0, , 0, 0, 0, 0, 0, 
427, 1, 382, 504, -1, 186, 143, 74.0, 19, ABplappaa, 0, 0, 0, 0, , 0, 0, 0, 0, 0, 
428, 1, 383, 505, -1, 215, 155, 81.0, 19, ABplappap, 0, 0, 0, 0, , 0, 0, 0, 0, 0, 
429, 1, 384, 506, -1, 231, 146, 97.0, 17, ABplappp, 0, 0, 0, 0, , 0, 0, 0, 0, 0, 
430, 1, 385, 507, -1, 134, 44, 156.0, 17, ABpraaapa, 0, 0, 0, 0, , 0, 0, 0, 0, 0, 
