1, 0, 1, -1, -1, 216, 65, 175.0, 9, , 43, 0, 0, 0, , 0, 0, 0, 0, 0, 
2, 0, 2, -1, -1, 46, 111, 84.0, 9, , 326, 0, 0, 0, , 0, 0, 0, 0, 0, 
3, 0, 3, -1, -1, 48, 112, 79.0, 9, , 160, 0, 0, 0, , 0, 0, 0, 0, 0, 
4, 0, 4, -1, -1, 130, 98, 194.0, 7, , 17, 0, 0, 0, , 0, 0, 0, 0, 0, 
5, 0, 5, -1, -1, 129, 143, 186.0, 7, , 21, 0, 0, 0, , 0, 0, 0, 0, 0, 
6, 0, 6, -1, -1, 128, 97, 200.0, 9, , 17, 0, 0, 0, , 0, 0, 0, 0, 0, 
7, 0, 7, -1, -1, 98, 52, 104.0, 9, , 48, 0, 0, 0, , 0, 0, 0, 0, 0, 
8, 0, 9, -1, -1, 234, 124, 161.0, 9, , 28, 0, 0, 0, , 0, 0, 0, 0, 0, 
9, 0, 12, -1, -1, 126, 86, 192.0, 8, , 34, 0, 0, 0, , 0, 0, 0, 0, 0, 
10, 0, 14, -1, -1, 130, 88, 197.0, 8, , 6, 0, 0, 0, , 0, 0, 0, 0, 0, 
11, 0, 16, -1, -1, 88, 79, 135.0, 7, , 42, 0, 0, 0, , 0, 0, 0, 0, 0, 
12, 0, 17, -1, -1, 294, 93, 174.0, 7, , 18, 0, 0, 0, , 0, 0, 0, 0, 0, 
13, 0, 18, -1, -1, 178, 47, 169.0, 8, , 43, 0, 0, 0, , 0, 0, 0, 0, 0, 
14, 0, 19, -1, -1, 110, 141, 181.0, 7, , 25, 0, 0, 0, , 0, 0, 0, 0, 0, 
15, 0, 20, -1, -1, 121, 149, 187.0, 8, , 26, 0, 0, 0, , 0, 0, 0, 0, 0, 
16, 0, 21, -1, -1, 126, 143, 181.0, 7, , 20, 0, 0, 0, , 0, 0, 0, 0, 0, 
17, 0, 22, -1, -1, 118, 93, 202.0, 8, , 29, 0, 0, 0, , 0, 0, 0, 0, 0, 
18, 0, 25, -1, -1, 72, 100, 169.0, 8, , 18, 0, 0, 0, , 0, 0, 0, 0, 0, 
19, 0, 26, -1, -1, 250, 80, 103.0, 7, , 16, 0, 0, 0, , 0, 0, 0, 0, 0, 
20, 0, 29, -1, -1, 172, 38, 153.0, 8, , 9, 0, 0, 0, , 0, 0, 0, 0, 0, 
21, 0, 30, -1, -1, 131, 64, 159.0, 7, , 39, 0, 0, 0, , 0, 0, 0, 0, 0, 
22, 0, 32, -1, -1, 190, 47, 167.0, 8, , 7, 0, 0, 0, , 0, 0, 0, 0, 0, 
23, 0, 33, -1, -1, 74, 112, 170.0, 8, , 55, 0, 0, 0, , 0, 0, 0, 0, 0, 
24, 0, 35, -1, -1, 298, 91, 179.0, 7, , 9, 0, 0, 0, , 0, 0, 0, 0, 0, 
25, 0, 36, -1, -1, 100, 110, 188.0, 11, , 70, 0, 0, 0, , 0, 0, 0, 0, 0, 
26, 0, 37, -1, -1, 117, 96, 190.0, 8, , 7, 0, 0, 0, , 0, 0, 0, 0, 0, 
27, 0, 38, -1, -1, 222, 84, 196.0, 8, , 49, 0, 0, 0, , 0, 0, 0, 0, 0, 
28, 0, 39, -1, -1, 124, 88, 195.0, 7, , 18, 0, 0, 0, , 0, 0, 0, 0, 0, 
29, 0, 40, -1, -1, 289, 77, 135.0, 7, , 19, 0, 0, 0, , 0, 0, 0, 0, 0, 
30, 0, 41, -1, -1, 49, 119, 150.0, 8, , 15, 0, 0, 0, , 0, 0, 0, 0, 0, 
31, 0, 42, -1, -1, 299, 91, 177.0, 9, , 34, 0, 0, 0, , 0, 0, 0, 0, 0, 
32, 0, 43, -1, -1, 87, 91, 182.0, 8, , 24, 0, 0, 0, , 0, 0, 0, 0, 0, 
33, 0, 44, -1, -1, 247, 66, 184.0, 8, , 19, 0, 0, 0, , 0, 0, 0, 0, 0, 
34, 0, 45, -1, -1, 101, 56, 93.0, 11, , 61, 0, 0, 0, , 0, 0, 0, 0, 0, 
35, 0, 46, -1, -1, 187, 91, 180.0, 7, , 14, 0, 0, 0, , 0, 0, 0, 0, 0, 
36, 0, 47, -1, -1, 151, 46, 133.0, 8, , 5, 0, 0, 0, , 0, 0, 0, 0, 0, 
37, 0, 48, -1, -1, 291, 70, 162.0, 8, , 44, 0, 0, 0, , 0, 0, 0, 0, 0, 
38, 0, 49, -1, -1, 290, 90, 172.0, 8, , 2, 0, 0, 0, , 0, 0, 0, 0, 0, 
39, 0, 51, -1, -1, 195, 133, 175.0, 9, , 11, 0, 0, 0, , 0, 0, 0, 0, 0, 
40, 0, 52, -1, -1, 187, 86, 173.0, 9, , 40, 0, 0, 0, , 0, 0, 0, 0, 0, 
41, 0, 53, -1, -1, 118, 96, 186.0, 7, , 19, 0, 0, 0, , 0, 0, 0, 0, 0, 
42, 0, 54, -1, -1, 165, 132, 197.0, 9, , 17, 0, 0, 0, , 0, 0, 0, 0, 0, 
43, 0, 55, -1, -1, 224, 84, 197.0, 9, , 72, 0, 0, 0, , 0, 0, 0, 0, 0, 
44, 0, 56, -1, -1, 225, 90, 198.0, 11, , 31, 0, 0, 0, , 0, 0, 0, 0, 0, 
45, 0, 57, -1, -1, 46, 108, 91.0, 7, , 26, 0, 0, 0, , 0, 0, 0, 0, 0, 
46, 0, 58, -1, -1, 105, 69, 93.0, 8, , 11, 0, 0, 0, , 0, 0, 0, 0, 0, 
47, 0, 60, -1, -1, 47, 111, 87.0, 9, , 33, 0, 0, 0, , 0, 0, 0, 0, 0, 
48, 0, 61, -1, -1, 82, 125, 168.0, 7, , 23, 0, 0, 0, , 0, 0, 0, 0, 0, 
49, 0, 62, -1, -1, 107, 139, 174.0, 9, , 24, 0, 0, 0, , 0, 0, 0, 0, 0, 
50, 0, 63, -1, -1, 213, 60, 177.0, 7, , 9, 0, 0, 0, , 0, 0, 0, 0, 0, 
51, 0, 64, -1, -1, 83, 82, 88.0, 8, , 8, 0, 0, 0, , 0, 0, 0, 0, 0, 
52, 0, 65, -1, -1, 132, 61, 125.0, 9, , 33, 0, 0, 0, , 0, 0, 0, 0, 0, 
53, 0, 68, -1, -1, 179, 48, 165.0, 9, , 15, 0, 0, 0, , 0, 0, 0, 0, 0, 
54, 0, 69, -1, -1, 294, 70, 170.0, 7, , 21, 0, 0, 0, , 0, 0, 0, 0, 0, 
55, 0, 70, -1, -1, 66, 114, 172.0, 8, , 6, 0, 0, 0, , 0, 0, 0, 0, 0, 
56, 0, 71, -1, -1, 142, 53, 173.0, 8, , 24, 0, 0, 0, , 0, 0, 0, 0, 0, 
57, 0, 72, -1, -1, 179, 46, 172.0, 8, , 21, 0, 0, 0, , 0, 0, 0, 0, 0, 
58, 0, 72, -1, -1, 174, 51, 170.0, 9, , 50, 0, 0, 0, , 0, 0, 0, 0, 0, 
59, 0, 74, -1, -1, 65, 100, 170.0, 8, , 17, 0, 0, 0, , 0, 0, 0, 0, 0, 
60, 0, 75, -1, -1, 69, 107, 179.0, 9, , 24, 0, 0, 0, , 0, 0, 0, 0, 0, 
61, 0, 76, -1, -1, 152, 76, 196.0, 8, , 55, 0, 0, 0, , 0, 0, 0, 0, 0, 
62, 0, 77, -1, -1, 153, 79, 193.0, 8, , 14, 0, 0, 0, , 0, 0, 0, 0, 0, 
63, 0, 78, -1, -1, 227, 86, 205.0, 8, , 22, 0, 0, 0, , 0, 0, 0, 0, 0, 
64, 0, 79, -1, -1, 122, 95, 206.0, 9, , 36, 0, 0, 0, , 0, 0, 0, 0, 0, 
65, 0, 80, -1, -1, 159, 110, 209.0, 8, , 9, 0, 0, 0, , 0, 0, 0, 0, 0, 
66, 0, 82, -1, -1, 173, 52, 172.0, 8, , 49, 0, 0, 0, , 0, 0, 0, 0, 0, 
67, 0, 83, -1, -1, 106, 60, 104.0, 7, , 26, 0, 0, 0, , 0, 0, 0, 0, 0, 
68, 0, 87, -1, -1, 186, 34, 124.0, 7, , 13, 0, 0, 0, , 0, 0, 0, 0, 0, 
69, 0, 89, -1, -1, 243, 174, 134.0, 9, , 23, 0, 0, 0, , 0, 0, 0, 0, 0, 
70, 0, 90, -1, -1, 270, 101, 183.0, 7, , 21, 0, 0, 0, , 0, 0, 0, 0, 0, 
71, 0, 94, -1, -1, 173, 52, 174.0, 11, , 103, 0, 0, 0, , 0, 0, 0, 0, 0, 
72, 0, 95, -1, -1, 195, 83, 193.0, 11, , 43, 0, 0, 0, , 0, 0, 0, 0, 0, 
73, 0, 96, -1, -1, 290, 71, 168.0, 8, , 13, 0, 0, 0, , 0, 0, 0, 0, 0, 
74, 0, 100, -1, -1, 102, 58, 91.0, 7, , 52, 0, 0, 0, , 0, 0, 0, 0, 0, 
75, 0, 101, -1, -1, 100, 51, 106.0, 7, , 15, 0, 0, 0, , 0, 0, 0, 0, 0, 
76, 0, 102, -1, -1, 70, 159, 107.0, 9, , 10, 0, 0, 0, , 0, 0, 0, 0, 0, 
77, 0, 104, -1, -1, 93, 77, 107.0, 7, , 11, 0, 0, 0, , 0, 0, 0, 0, 0, 
78, 0, 105, -1, -1, 99, 75, 118.0, 8, , 19, 0, 0, 0, , 0, 0, 0, 0, 0, 
79, 0, 106, -1, -1, 148, 37, 119.0, 7, , 10, 0, 0, 0, , 0, 0, 0, 0, 0, 
80, 0, 112, -1, -1, 86, 72, 130.0, 8, , 17, 0, 0, 0, , 0, 0, 0, 0, 0, 
81, 0, 114, -1, -1, 85, 79, 132.0, 8, , 17, 0, 0, 0, , 0, 0, 0, 0, 0, 
82, 0, 117, -1, -1, 165, 31, 154.0, 9, , 21, 0, 0, 0, , 0, 0, 0, 0, 0, 
83, 0, 118, -1, -1, 89, 65, 155.0, 9, , 24, 0, 0, 0, , 0, 0, 0, 0, 0, 
84, 0, 119, -1, -1, 165, 32, 156.0, 7, , 24, 0, 0, 0, , 0, 0, 0, 0, 0, 
85, 0, 120, -1, -1, 122, 45, 155.0, 9, , 25, 0, 0, 0, , 0, 0, 0, 0, 0, 
86, 0, 121, -1, -1, 268, 70, 161.0, 7, , 23, 0, 0, 0, , 0, 0, 0, 0, 0, 
87, 0, 122, -1, -1, 273, 82, 160.0, 8, , 15, 0, 0, 0, , 0, 0, 0, 0, 0, 
88, 0, 123, -1, -1, 68, 111, 162.0, 7, , 7, 0, 0, 0, , 0, 0, 0, 0, 0, 
89, 0, 124, -1, -1, 272, 67, 166.0, 8, , 52, 0, 0, 0, , 0, 0, 0, 0, 0, 
90, 0, 125, -1, -1, 66, 113, 168.0, 7, , 16, 0, 0, 0, , 0, 0, 0, 0, 0, 
91, 0, 127, -1, -1, 268, 71, 167.0, 7, , 7, 0, 0, 0, , 0, 0, 0, 0, 0, 
92, 0, 129, -1, -1, 241, 65, 175.0, 8, , 13, 0, 0, 0, , 0, 0, 0, 0, 0, 
93, 0, 131, -1, -1, 273, 94, 177.0, 8, , 15, 0, 0, 0, , 0, 0, 0, 0, 0, 
94, 0, 132, -1, -1, 268, 101, 181.0, 8, , 8, 0, 0, 0, , 0, 0, 0, 0, 0, 
95, 0, 133, -1, -1, 245, 56, 182.0, 8, , 52, 0, 0, 0, , 0, 0, 0, 0, 0, 
96, 0, 134, -1, -1, 86, 91, 184.0, 7, , 16, 0, 0, 0, , 0, 0, 0, 0, 0, 
97, 0, 135, -1, -1, 153, 85, 197.0, 8, , 40, 0, 0, 0, , 0, 0, 0, 0, 0, 
98, 0, 136, -1, -1, 240, 93, 202.0, 7, , 21, 0, 0, 0, , 0, 0, 0, 0, 0, 
99, 0, 137, -1, -1, 167, 80, 207.0, 7, , 13, 0, 0, 0, , 0, 0, 0, 0, 0, 
100, 0, 138, -1, -1, 166, 84, 204.0, 8, , 23, 0, 0, 0, , 0, 0, 0, 0, 0, 
101, 0, 140, -1, -1, 97, 83, 118.0, 8, , 27, 0, 0, 0, , 0, 0, 0, 0, 0, 
102, 0, 142, -1, -1, 218, 59, 172.0, 8, , 71, 0, 0, 0, , 0, 0, 0, 0, 0, 
103, 0, 143, -1, -1, 271, 101, 188.0, 7, , 4, 0, 0, 0, , 0, 0, 0, 0, 0, 
104, 0, 144, -1, -1, 294, 90, 168.0, 7, , 15, 0, 0, 0, , 0, 0, 0, 0, 0, 
105, 0, 146, -1, -1, 75, 108, 113.0, 8, , 12, 0, 0, 0, , 0, 0, 0, 0, 0, 
106, 0, 147, -1, -1, 186, 35, 122.0, 7, , 17, 0, 0, 0, , 0, 0, 0, 0, 0, 
107, 0, 148, -1, -1, 307, 96, 122.0, 7, , 22, 0, 0, 0, , 0, 0, 0, 0, 0, 
108, 0, 149, -1, -1, 237, 64, 191.0, 9, , 78, 0, 0, 0, , 0, 0, 0, 0, 0, 
109, 0, 150, -1, -1, 85, 146, 119.0, 8, , 2, 0, 0, 0, , 0, 0, 0, 0, 0, 
110, 0, 151, -1, -1, 100, 54, 127.0, 9, , 43, 0, 0, 0, , 0, 0, 0, 0, 0, 
111, 0, 152, -1, -1, 298, 74, 139.0, 9, , 19, 0, 0, 0, , 0, 0, 0, 0, 0, 
112, 0, 153, -1, -1, 44, 92, 141.0, 7, , 5, 0, 0, 0, , 0, 0, 0, 0, 0, 
113, 0, 155, -1, -1, 82, 154, 146.0, 8, , 24, 0, 0, 0, , 0, 0, 0, 0, 0, 
114, 0, 156, -1, -1, 235, 60, 176.0, 8, , 23, 0, 0, 0, , 0, 0, 0, 0, 0, 
115, 0, 157, -1, -1, 130, 120, 194.0, 8, , 4, 0, 0, 0, , 0, 0, 0, 0, 0, 
116, 0, 158, -1, -1, 269, 51, 149.0, 9, , 41, 0, 0, 0, , 0, 0, 0, 0, 0, 
117, 0, 159, -1, -1, 135, 113, 197.0, 9, , 29, 0, 0, 0, , 0, 0, 0, 0, 0, 
118, 0, 160, -1, -1, 132, 118, 205.0, 9, , 43, 0, 0, 0, , 0, 0, 0, 0, 0, 
119, 0, 162, -1, -1, 116, 98, 66.0, 8, , 20, 0, 0, 0, , 0, 0, 0, 0, 0, 
120, 0, 163, -1, -1, 217, 152, 81.0, 8, , 2, 0, 0, 0, , 0, 0, 0, 0, 0, 
121, 0, 164, -1, -1, 47, 112, 85.0, 9, , 215, 0, 0, 0, , 0, 0, 0, 0, 0, 
122, 0, 165, -1, -1, 105, 123, 100.0, 9, , 7, 0, 0, 0, , 0, 0, 0, 0, 0, 
123, 0, 166, -1, -1, 97, 53, 98.0, 7, , 30, 0, 0, 0, , 0, 0, 0, 0, 0, 
124, 0, 167, -1, -1, 195, 63, 102.0, 8, , 8, 0, 0, 0, , 0, 0, 0, 0, 0, 
125, 0, 169, -1, -1, 232, 95, 107.0, 8, , 4, 0, 0, 0, , 0, 0, 0, 0, 0, 
126, 0, 170, -1, -1, 104, 57, 109.0, 8, , 42, 0, 0, 0, , 0, 0, 0, 0, 0, 
127, 0, 171, -1, -1, 93, 87, 103.0, 8, , 41, 0, 0, 0, , 0, 0, 0, 0, 0, 
128, 0, 172, -1, -1, 104, 170, 110.0, 7, , 20, 0, 0, 0, , 0, 0, 0, 0, 0, 
129, 0, 173, -1, -1, 166, 175, 107.0, 7, , 4, 0, 0, 0, , 0, 0, 0, 0, 0, 
130, 0, 174, -1, -1, 93, 77, 109.0, 7, , 25, 0, 0, 0, , 0, 0, 0, 0, 0, 
131, 0, 175, -1, -1, 75, 116, 117.0, 9, , 61, 0, 0, 0, , 0, 0, 0, 0, 0, 
132, 0, 176, -1, -1, 303, 104, 124.0, 8, , 31, 0, 0, 0, , 0, 0, 0, 0, 0, 
133, 0, 177, -1, -1, 312, 96, 127.0, 7, , 17, 0, 0, 0, , 0, 0, 0, 0, 0, 
134, 0, 178, -1, -1, 161, 51, 130.0, 9, , 20, 0, 0, 0, , 0, 0, 0, 0, 0, 
135, 0, 179, -1, -1, 288, 79, 133.0, 8, , 10, 0, 0, 0, , 0, 0, 0, 0, 0, 
136, 0, 181, -1, -1, 103, 51, 135.0, 9, , 22, 0, 0, 0, , 0, 0, 0, 0, 0, 
137, 0, 182, -1, -1, 87, 73, 137.0, 8, , 11, 0, 0, 0, , 0, 0, 0, 0, 0, 
138, 0, 183, -1, -1, 296, 79, 140.0, 8, , 17, 0, 0, 0, , 0, 0, 0, 0, 0, 
139, 0, 184, -1, -1, 115, 78, 146.0, 7, , 36, 0, 0, 0, , 0, 0, 0, 0, 0, 
140, 0, 185, -1, -1, 54, 138, 141.0, 9, , 29, 0, 0, 0, , 0, 0, 0, 0, 0, 
141, 0, 188, -1, -1, 212, 169, 142.0, 7, , 9, 0, 0, 0, , 0, 0, 0, 0, 0, 
142, 0, 189, -1, -1, 112, 87, 148.0, 8, , 52, 0, 0, 0, , 0, 0, 0, 0, 0, 
143, 0, 191, -1, -1, 58, 113, 149.0, 8, , 22, 0, 0, 0, , 0, 0, 0, 0, 0, 
144, 0, 192, -1, -1, 114, 82, 151.0, 8, , 34, 0, 0, 0, , 0, 0, 0, 0, 0, 
145, 0, 193, -1, -1, 315, 96, 159.0, 9, , 15, 0, 0, 0, , 0, 0, 0, 0, 0, 
146, 0, 194, -1, -1, 57, 123, 159.0, 8, , 13, 0, 0, 0, , 0, 0, 0, 0, 0, 
147, 0, 195, -1, -1, 304, 122, 164.0, 7, , 13, 0, 0, 0, , 0, 0, 0, 0, 0, 
148, 0, 196, -1, -1, 312, 123, 164.0, 7, , 11, 0, 0, 0, , 0, 0, 0, 0, 0, 
149, 0, 197, -1, -1, 81, 67, 159.0, 8, , 14, 0, 0, 0, , 0, 0, 0, 0, 0, 
150, 0, 198, -1, -1, 267, 78, 165.0, 8, , 64, 0, 0, 0, , 0, 0, 0, 0, 0, 
151, 0, 199, -1, -1, 77, 127, 164.0, 11, , 49, 0, 0, 0, , 0, 0, 0, 0, 0, 
152, 0, 200, -1, -1, 267, 80, 171.0, 9, , 33, 0, 0, 0, , 0, 0, 0, 0, 0, 
153, 0, 201, -1, -1, 187, 86, 169.0, 9, , 38, 0, 0, 0, , 0, 0, 0, 0, 0, 
154, 0, 202, -1, -1, 85, 91, 172.0, 7, , 23, 0, 0, 0, , 0, 0, 0, 0, 0, 
155, 0, 204, -1, -1, 82, 101, 176.0, 8, , 10, 0, 0, 0, , 0, 0, 0, 0, 0, 
156, 0, 205, -1, -1, 156, 66, 182.0, 8, , 9, 0, 0, 0, , 0, 0, 0, 0, 0, 
157, 0, 206, -1, -1, 190, 85, 178.0, 8, , 24, 0, 0, 0, , 0, 0, 0, 0, 0, 
158, 0, 207, -1, -1, 117, 94, 182.0, 9, , 13, 0, 0, 0, , 0, 0, 0, 0, 0, 
159, 0, 208, -1, -1, 116, 89, 179.0, 9, , 27, 0, 0, 0, , 0, 0, 0, 0, 0, 
160, 0, 210, -1, -1, 238, 55, 179.0, 8, , 16, 0, 0, 0, , 0, 0, 0, 0, 0, 
161, 0, 211, -1, -1, 118, 87, 183.0, 8, , 37, 0, 0, 0, , 0, 0, 0, 0, 0, 
162, 0, 212, -1, -1, 125, 148, 180.0, 7, , 31, 0, 0, 0, , 0, 0, 0, 0, 0, 
163, 0, 213, -1, -1, 234, 67, 183.0, 8, , 39, 0, 0, 0, , 0, 0, 0, 0, 0, 
164, 0, 214, -1, -1, 234, 56, 185.0, 8, , 15, 0, 0, 0, , 0, 0, 0, 0, 0, 
165, 0, 215, -1, -1, 243, 58, 189.0, 8, , 13, 0, 0, 0, , 0, 0, 0, 0, 0, 
166, 0, 216, -1, -1, 104, 136, 192.0, 8, , 8, 0, 0, 0, , 0, 0, 0, 0, 0, 
167, 0, 217, -1, -1, 95, 115, 192.0, 8, , 12, 0, 0, 0, , 0, 0, 0, 0, 0, 
168, 0, 218, -1, -1, 131, 120, 203.0, 11, , 36, 0, 0, 0, , 0, 0, 0, 0, 0, 
169, 0, 219, -1, -1, 195, 82, 202.0, 7, , 29, 0, 0, 0, , 0, 0, 0, 0, 0, 
170, 0, 220, -1, -1, 164, 114, 205.0, 9, , 8, 0, 0, 0, , 0, 0, 0, 0, 0, 
171, 0, 221, -1, -1, 223, 88, 207.0, 9, , 45, 0, 0, 0, , 0, 0, 0, 0, 0, 
172, 0, 222, -1, -1, 72, 117, 108.0, 9, , 24, 0, 0, 0, , 0, 0, 0, 0, 0, 
173, 0, 223, -1, -1, 75, 109, 117.0, 7, , 34, 0, 0, 0, , 0, 0, 0, 0, 0, 
174, 0, 224, -1, -1, 94, 144, 125.0, 9, , 29, 0, 0, 0, , 0, 0, 0, 0, 0, 
175, 0, 225, -1, -1, 297, 74, 134.0, 7, , 6, 0, 0, 0, , 0, 0, 0, 0, 0, 
176, 0, 226, -1, -1, 242, 173, 139.0, 11, , 18, 0, 0, 0, , 0, 0, 0, 0, 0, 
177, 0, 227, -1, -1, 209, 179, 140.0, 8, , 2, 0, 0, 0, , 0, 0, 0, 0, 0, 
178, 0, 229, -1, -1, 44, 94, 145.0, 8, , 41, 0, 0, 0, , 0, 0, 0, 0, 0, 
179, 0, 230, -1, -1, 52, 86, 146.0, 7, , 11, 0, 0, 0, , 0, 0, 0, 0, 0, 
180, 0, 231, -1, -1, 86, 154, 155.0, 9, , 8, 0, 0, 0, , 0, 0, 0, 0, 0, 
181, 0, 232, -1, -1, 273, 95, 179.0, 8, , 13, 0, 0, 0, , 0, 0, 0, 0, 0, 
182, 0, 233, -1, -1, 195, 78, 198.0, 9, , 93, 0, 0, 0, , 0, 0, 0, 0, 0, 
183, 0, 234, -1, -1, 136, 119, 193.0, 8, , 24, 0, 0, 0, , 0, 0, 0, 0, 0, 
184, 0, 236, -1, -1, 73, 110, 110.0, 8, , 9, 0, 0, 0, , 0, 0, 0, 0, 0, 
185, 0, 237, -1, -1, 78, 159, 149.0, 8, , 5, 0, 0, 0, , 0, 0, 0, 0, 0, 
186, 0, 238, -1, -1, 134, 116, 199.0, 15, , 439, 0, 0, 0, , 0, 0, 0, 0, 0, 
187, 0, 239, -1, -1, 60, 88, 94.0, 7, , 16, 0, 0, 0, , 0, 0, 0, 0, 0, 
188, 0, 240, -1, -1, 131, 54, 123.0, 9, , 25, 0, 0, 0, , 0, 0, 0, 0, 0, 
189, 0, 241, -1, -1, 304, 101, 130.0, 9, , 82, 0, 0, 0, , 0, 0, 0, 0, 0, 
190, 0, 242, -1, -1, 60, 125, 155.0, 7, , 14, 0, 0, 0, , 0, 0, 0, 0, 0, 
191, 0, 243, -1, -1, 146, 49, 163.0, 8, , 26, 0, 0, 0, , 0, 0, 0, 0, 0, 
192, 0, 244, -1, -1, 187, 53, 184.0, 8, , 61, 0, 0, 0, , 0, 0, 0, 0, 0, 
193, 0, 245, -1, -1, 80, 149, 91.0, 8, , 6, 0, 0, 0, , 0, 0, 0, 0, 0, 
194, 0, 246, -1, -1, 96, 53, 102.0, 8, , 26, 0, 0, 0, , 0, 0, 0, 0, 0, 
195, 0, 247, -1, -1, 228, 179, 111.0, 8, , 15, 0, 0, 0, , 0, 0, 0, 0, 0, 
196, 0, 248, -1, -1, 89, 77, 138.0, 7, , 13, 0, 0, 0, , 0, 0, 0, 0, 0, 
197, 0, 249, -1, -1, 72, 82, 142.0, 7, , 33, 0, 0, 0, , 0, 0, 0, 0, 0, 
198, 0, 251, -1, -1, 70, 106, 174.0, 9, , 33, 0, 0, 0, , 0, 0, 0, 0, 0, 
199, 0, 252, -1, -1, 131, 151, 189.0, 8, , 4, 0, 0, 0, , 0, 0, 0, 0, 0, 
200, 0, 253, -1, -1, 120, 101, 60.0, 7, , 7, 0, 0, 0, , 0, 0, 0, 0, 0, 
201, 0, 254, -1, -1, 60, 88, 92.0, 8, , 12, 0, 0, 0, , 0, 0, 0, 0, 0, 
202, 0, 255, -1, -1, 238, 157, 96.0, 7, , 21, 0, 0, 0, , 0, 0, 0, 0, 0, 
203, 0, 256, -1, -1, 161, 170, 101.0, 8, , 8, 0, 0, 0, , 0, 0, 0, 0, 0, 
204, 0, 257, -1, -1, 101, 64, 102.0, 7, , 21, 0, 0, 0, , 0, 0, 0, 0, 0, 
205, 0, 258, -1, -1, 199, 172, 102.0, 8, , 20, 0, 0, 0, , 0, 0, 0, 0, 0, 
206, 0, 259, -1, -1, 101, 64, 104.0, 7, , 16, 0, 0, 0, , 0, 0, 0, 0, 0, 
207, 0, 260, -1, -1, 113, 171, 103.0, 8, , 20, 0, 0, 0, , 0, 0, 0, 0, 0, 
208, 0, 261, -1, -1, 234, 151, 104.0, 8, , 37, 0, 0, 0, , 0, 0, 0, 0, 0, 
209, 0, 262, -1, -1, 197, 176, 108.0, 9, , 23, 0, 0, 0, , 0, 0, 0, 0, 0, 
210, 0, 263, -1, -1, 97, 80, 109.0, 11, , 76, 0, 0, 0, , 0, 0, 0, 0, 0, 
211, 0, 264, -1, -1, 239, 159, 109.0, 7, , 8, 0, 0, 0, , 0, 0, 0, 0, 0, 
212, 0, 267, -1, -1, 236, 147, 111.0, 8, , 16, 0, 0, 0, , 0, 0, 0, 0, 0, 
213, 0, 268, -1, -1, 102, 79, 114.0, 8, , 39, 0, 0, 0, , 0, 0, 0, 0, 0, 
214, 0, 269, -1, -1, 239, 86, 114.0, 8, , 30, 0, 0, 0, , 0, 0, 0, 0, 0, 
215, 0, 270, -1, -1, 67, 81, 116.0, 9, , 24, 0, 0, 0, , 0, 0, 0, 0, 0, 
216, 0, 271, -1, -1, 96, 139, 117.0, 7, , 16, 0, 0, 0, , 0, 0, 0, 0, 0, 
217, 0, 272, -1, -1, 227, 173, 117.0, 8, , 23, 0, 0, 0, , 0, 0, 0, 0, 0, 
218, 0, 273, -1, -1, 99, 77, 122.0, 8, , 13, 0, 0, 0, , 0, 0, 0, 0, 0, 
219, 0, 274, -1, -1, 155, 49, 128.0, 8, , 21, 0, 0, 0, , 0, 0, 0, 0, 0, 
220, 0, 275, -1, -1, 314, 99, 131.0, 9, , 9, 0, 0, 0, , 0, 0, 0, 0, 0, 
221, 0, 276, -1, -1, 102, 51, 131.0, 9, , 48, 0, 0, 0, , 0, 0, 0, 0, 0, 
222, 0, 277, -1, -1, 307, 101, 134.0, 9, , 35, 0, 0, 0, , 0, 0, 0, 0, 0, 
223, 0, 278, -1, -1, 100, 57, 134.0, 8, , 40, 0, 0, 0, , 0, 0, 0, 0, 0, 
224, 0, 279, -1, -1, 191, 42, 131.0, 8, , 21, 0, 0, 0, , 0, 0, 0, 0, 0, 
225, 0, 281, -1, -1, 48, 100, 140.0, 8, , 15, 0, 0, 0, , 0, 0, 0, 0, 0, 
226, 0, 282, -1, -1, 310, 95, 141.0, 8, , 3, 0, 0, 0, , 0, 0, 0, 0, 0, 
227, 0, 283, -1, -1, 114, 76, 144.0, 9, , 32, 0, 0, 0, , 0, 0, 0, 0, 0, 
228, 0, 284, -1, -1, 110, 89, 144.0, 11, , 34, 0, 0, 0, , 0, 0, 0, 0, 0, 
229, 0, 285, -1, -1, 52, 119, 144.0, 8, , 20, 0, 0, 0, , 0, 0, 0, 0, 0, 
230, 0, 286, -1, -1, 52, 113, 146.0, 8, , 2, 0, 0, 0, , 0, 0, 0, 0, 0, 
231, 0, 287, -1, -1, 108, 74, 148.0, 8, , 8, 0, 0, 0, , 0, 0, 0, 0, 0, 
232, 0, 288, -1, -1, 166, 37, 148.0, 13, , 16, 0, 0, 0, , 0, 0, 0, 0, 0, 
233, 0, 289, -1, -1, 120, 40, 149.0, 8, , 7, 0, 0, 0, , 0, 0, 0, 0, 0, 
234, 0, 290, -1, -1, 241, 49, 147.0, 9, , 17, 0, 0, 0, , 0, 0, 0, 0, 0, 
235, 0, 291, -1, -1, 169, 31, 151.0, 8, , 14, 0, 0, 0, , 0, 0, 0, 0, 0, 
236, 0, 292, -1, -1, 54, 92, 151.0, 8, , 17, 0, 0, 0, , 0, 0, 0, 0, 0, 
237, 0, 293, -1, -1, 119, 46, 153.0, 9, , 25, 0, 0, 0, , 0, 0, 0, 0, 0, 
238, 0, 294, -1, -1, 270, 50, 152.0, 7, , 25, 0, 0, 0, , 0, 0, 0, 0, 0, 
239, 0, 295, -1, -1, 49, 118, 153.0, 8, , 8, 0, 0, 0, , 0, 0, 0, 0, 0, 
240, 0, 296, -1, -1, 197, 35, 155.0, 8, , 3, 0, 0, 0, , 0, 0, 0, 0, 0, 
241, 0, 297, -1, -1, 49, 123, 155.0, 7, , 8, 0, 0, 0, , 0, 0, 0, 0, 0, 
242, 0, 298, -1, -1, 81, 77, 158.0, 8, , 2, 0, 0, 0, , 0, 0, 0, 0, 0, 
243, 0, 299, -1, -1, 93, 75, 159.0, 11, , 51, 0, 0, 0, , 0, 0, 0, 0, 0, 
244, 0, 300, -1, -1, 199, 39, 160.0, 7, , 23, 0, 0, 0, , 0, 0, 0, 0, 0, 
245, 0, 301, -1, -1, 206, 137, 161.0, 8, , 4, 0, 0, 0, , 0, 0, 0, 0, 0, 
246, 0, 302, -1, -1, 316, 94, 162.0, 7, , 13, 0, 0, 0, , 0, 0, 0, 0, 0, 
247, 0, 303, -1, -1, 93, 64, 161.0, 9, , 14, 0, 0, 0, , 0, 0, 0, 0, 0, 
248, 0, 304, -1, -1, 142, 106, 161.0, 7, , 4, 0, 0, 0, , 0, 0, 0, 0, 0, 
249, 0, 305, -1, -1, 55, 118, 163.0, 7, , 12, 0, 0, 0, , 0, 0, 0, 0, 0, 
250, 0, 306, -1, -1, 93, 65, 164.0, 8, , 23, 0, 0, 0, , 0, 0, 0, 0, 0, 
251, 0, 307, -1, -1, 136, 66, 164.0, 11, , 96, 0, 0, 0, , 0, 0, 0, 0, 0, 
252, 0, 308, -1, -1, 197, 41, 164.0, 9, , 36, 0, 0, 0, , 0, 0, 0, 0, 0, 
253, 0, 309, -1, -1, 239, 129, 164.0, 8, , 5, 0, 0, 0, , 0, 0, 0, 0, 0, 
254, 0, 310, -1, -1, 99, 72, 166.0, 7, , 14, 0, 0, 0, , 0, 0, 0, 0, 0, 
255, 0, 311, -1, -1, 268, 69, 163.0, 8, , 20, 0, 0, 0, , 0, 0, 0, 0, 0, 
256, 0, 312, -1, -1, 81, 76, 165.0, 9, , 60, 0, 0, 0, , 0, 0, 0, 0, 0, 
257, 0, 314, -1, -1, 302, 67, 168.0, 8, , 12, 0, 0, 0, , 0, 0, 0, 0, 0, 
258, 0, 315, -1, -1, 86, 71, 170.0, 11, , 41, 0, 0, 0, , 0, 0, 0, 0, 0, 
259, 0, 316, -1, -1, 158, 65, 172.0, 8, , 32, 0, 0, 0, , 0, 0, 0, 0, 0, 
260, 0, 317, -1, -1, 305, 89, 175.0, 8, , 9, 0, 0, 0, , 0, 0, 0, 0, 0, 
261, 0, 318, -1, -1, 145, 51, 176.0, 8, , 34, 0, 0, 0, , 0, 0, 0, 0, 0, 
262, 0, 320, -1, -1, 60, 107, 178.0, 9, , 31, 0, 0, 0, , 0, 0, 0, 0, 0, 
263, 0, 321, -1, -1, 175, 53, 178.0, 8, , 26, 0, 0, 0, , 0, 0, 0, 0, 0, 
264, 0, 322, -1, -1, 102, 110, 181.0, 9, , 28, 0, 0, 0, , 0, 0, 0, 0, 0, 
265, 0, 323, -1, -1, 245, 64, 181.0, 9, , 9, 0, 0, 0, , 0, 0, 0, 0, 0, 
266, 0, 324, -1, -1, 242, 67, 183.0, 8, , 30, 0, 0, 0, , 0, 0, 0, 0, 0, 
267, 0, 325, -1, -1, 85, 101, 182.0, 9, , 23, 0, 0, 0, , 0, 0, 0, 0, 0, 
268, 0, 326, -1, -1, 297, 93, 183.0, 9, , 24, 0, 0, 0, , 0, 0, 0, 0, 0, 
269, 0, 327, -1, -1, 131, 151, 185.0, 9, , 24, 0, 0, 0, , 0, 0, 0, 0, 0, 
270, 0, 328, -1, -1, 194, 126, 190.0, 8, , 9, 0, 0, 0, , 0, 0, 0, 0, 0, 
271, 0, 329, -1, -1, 153, 84, 191.0, 8, , 12, 0, 0, 0, , 0, 0, 0, 0, 0, 
272, 0, 330, -1, -1, 243, 67, 189.0, 8, , 26, 0, 0, 0, , 0, 0, 0, 0, 0, 
273, 0, 331, -1, -1, 121, 147, 192.0, 8, , 13, 0, 0, 0, , 0, 0, 0, 0, 0, 
274, 0, 332, -1, -1, 98, 113, 194.0, 9, , 53, 0, 0, 0, , 0, 0, 0, 0, 0, 
275, 0, 333, -1, -1, 225, 90, 197.0, 7, , 32, 0, 0, 0, , 0, 0, 0, 0, 0, 
276, 0, 334, -1, -1, 164, 118, 199.0, 8, , 6, 0, 0, 0, , 0, 0, 0, 0, 0, 
277, 0, 335, -1, -1, 165, 85, 202.0, 8, , 28, 0, 0, 0, , 0, 0, 0, 0, 0, 
278, 0, 336, -1, -1, 240, 93, 204.0, 9, , 29, 0, 0, 0, , 0, 0, 0, 0, 0, 
279, 0, 337, -1, -1, 132, 117, 206.0, 9, , 43, 0, 0, 0, , 0, 0, 0, 0, 0, 
280, 0, 338, -1, -1, 141, 39, 110.0, 8, , 3, 0, 0, 0, , 0, 0, 0, 0, 0, 
281, 0, 339, -1, -1, 73, 116, 111.0, 8, , 22, 0, 0, 0, , 0, 0, 0, 0, 0, 
282, 0, 340, -1, -1, 132, 61, 120.0, 8, , 18, 0, 0, 0, , 0, 0, 0, 0, 0, 
283, 0, 341, -1, -1, 100, 59, 137.0, 8, , 18, 0, 0, 0, , 0, 0, 0, 0, 0, 
284, 0, 342, -1, -1, 55, 138, 138.0, 9, , 20, 0, 0, 0, , 0, 0, 0, 0, 0, 
285, 0, 344, -1, -1, 93, 74, 156.0, 7, , 40, 0, 0, 0, , 0, 0, 0, 0, 0, 
286, 0, 345, -1, -1, 296, 67, 156.0, 9, , 32, 0, 0, 0, , 0, 0, 0, 0, 0, 
287, 0, 346, -1, -1, 148, 48, 167.0, 8, , 38, 0, 0, 0, , 0, 0, 0, 0, 0, 
288, 0, 347, -1, -1, 148, 50, 171.0, 9, , 116, 0, 0, 0, , 0, 0, 0, 0, 0, 
289, 0, 348, -1, -1, 80, 91, 177.0, 7, , 17, 0, 0, 0, , 0, 0, 0, 0, 0, 
290, 0, 349, -1, -1, 154, 72, 181.0, 8, , 4, 0, 0, 0, , 0, 0, 0, 0, 0, 
291, 0, 350, -1, -1, 236, 56, 182.0, 7, , 28, 0, 0, 0, , 0, 0, 0, 0, 0, 
292, 0, 351, -1, -1, 187, 52, 188.0, 8, , 15, 0, 0, 0, , 0, 0, 0, 0, 0, 
293, 0, 352, -1, -1, 195, 84, 199.0, 9, , 26, 0, 0, 0, , 0, 0, 0, 0, 0, 
294, 0, 353, -1, -1, 215, 67, 180.0, 7, , 16, 0, 0, 0, , 0, 0, 0, 0, 0, 
295, 0, -1, -1, -1, 205, 35, 125.0, 8, , 86, 0, 0, 0, , 0, 0, 0, 0, 0, 
296, 0, -1, -1, -1, 248, 50, 132.0, 9, , 22, 0, 0, 0, , 0, 0, 0, 0, 0, 
297, 0, -1, -1, -1, 300, 123, 175.0, 8, , 24, 0, 0, 0, , 0, 0, 0, 0, 0, 
298, 0, -1, -1, -1, 237, 85, 103.0, 8, , 28, 0, 0, 0, , 0, 0, 0, 0, 0, 
299, 0, -1, -1, -1, 242, 83, 107.0, 8, , 20, 0, 0, 0, , 0, 0, 0, 0, 0, 
300, 0, -1, -1, -1, 231, 45, 123.0, 8, , 70, 0, 0, 0, , 0, 0, 0, 0, 0, 
301, 0, -1, -1, -1, 179, 38, 123.0, 8, , 28, 0, 0, 0, , 0, 0, 0, 0, 0, 
302, 0, -1, -1, -1, 60, 120, 146.0, 8, , 29, 0, 0, 0, , 0, 0, 0, 0, 0, 
303, 0, -1, -1, -1, 273, 74, 173.0, 8, , 30, 0, 0, 0, , 0, 0, 0, 0, 0, 
304, 0, -1, -1, -1, 166, 82, 196.0, 9, , 132, 0, 0, 0, , 0, 0, 0, 0, 0, 
305, 0, -1, -1, -1, 177, 84, 72.0, 7, , 8, 0, 0, 0, , 0, 0, 0, 0, 0, 
306, 0, -1, -1, -1, 169, 81, 73.0, 8, , 10, 0, 0, 0, , 0, 0, 0, 0, 0, 
307, 0, -1, -1, -1, 175, 91, 78.0, 8, , 6, 0, 0, 0, , 0, 0, 0, 0, 0, 
308, 0, -1, -1, -1, 236, 148, 97.0, 11, , 43, 0, 0, 0, , 0, 0, 0, 0, 0, 
309, 0, -1, -1, -1, 205, 151, 102.0, 8, , 3, 0, 0, 0, , 0, 0, 0, 0, 0, 
310, 0, -1, -1, -1, 200, 146, 104.0, 7, , 10, 0, 0, 0, , 0, 0, 0, 0, 0, 
311, 0, -1, -1, -1, 93, 80, 105.0, 8, , 16, 0, 0, 0, , 0, 0, 0, 0, 0, 
312, 0, -1, -1, -1, 93, 145, 114.0, 7, , 17, 0, 0, 0, , 0, 0, 0, 0, 0, 
313, 0, -1, -1, -1, 97, 91, 114.0, 8, , 8, 0, 0, 0, , 0, 0, 0, 0, 0, 
314, 0, -1, -1, -1, 201, 147, 115.0, 9, , 17, 0, 0, 0, , 0, 0, 0, 0, 0, 
315, 0, -1, -1, -1, 131, 61, 116.0, 7, , 17, 0, 0, 0, , 0, 0, 0, 0, 0, 
316, 0, -1, -1, -1, 230, 50, 119.0, 9, , 30, 0, 0, 0, , 0, 0, 0, 0, 0, 
317, 0, -1, -1, -1, 294, 141, 122.0, 7, , 18, 0, 0, 0, , 0, 0, 0, 0, 0, 
318, 0, -1, -1, -1, 227, 48, 124.0, 8, , 26, 0, 0, 0, , 0, 0, 0, 0, 0, 
319, 0, -1, -1, -1, 292, 141, 124.0, 7, , 13, 0, 0, 0, , 0, 0, 0, 0, 0, 
320, 0, -1, -1, -1, 304, 98, 126.0, 8, , 20, 0, 0, 0, , 0, 0, 0, 0, 0, 
321, 0, -1, -1, -1, 231, 49, 130.0, 7, , 29, 0, 0, 0, , 0, 0, 0, 0, 0, 
322, 0, -1, -1, -1, 204, 35, 131.0, 11, , 68, 0, 0, 0, , 0, 0, 0, 0, 0, 
323, 0, -1, -1, -1, 48, 91, 135.0, 8, , 8, 0, 0, 0, , 0, 0, 0, 0, 0, 
324, 0, -1, -1, -1, 73, 76, 141.0, 9, , 53, 0, 0, 0, , 0, 0, 0, 0, 0, 
325, 0, -1, -1, -1, 72, 77, 145.0, 8, , 30, 0, 0, 0, , 0, 0, 0, 0, 0, 
326, 0, -1, -1, -1, 53, 139, 146.0, 8, , 22, 0, 0, 0, , 0, 0, 0, 0, 0, 
327, 0, -1, -1, -1, 54, 98, 148.0, 8, , 4, 0, 0, 0, , 0, 0, 0, 0, 0, 
328, 0, -1, -1, -1, 48, 95, 150.0, 9, , 51, 0, 0, 0, , 0, 0, 0, 0, 0, 
329, 0, -1, -1, -1, 64, 118, 150.0, 8, , 15, 0, 0, 0, , 0, 0, 0, 0, 0, 
330, 0, -1, -1, -1, 57, 124, 151.0, 8, , 32, 0, 0, 0, , 0, 0, 0, 0, 0, 
331, 0, -1, -1, -1, 242, 49, 155.0, 7, , 3, 0, 0, 0, , 0, 0, 0, 0, 0, 
332, 0, -1, -1, -1, 200, 136, 157.0, 11, , 31, 0, 0, 0, , 0, 0, 0, 0, 0, 
333, 0, -1, -1, -1, 269, 51, 157.0, 7, , 9, 0, 0, 0, , 0, 0, 0, 0, 0, 
334, 0, -1, -1, -1, 86, 77, 159.0, 9, , 41, 0, 0, 0, , 0, 0, 0, 0, 0, 
335, 0, -1, -1, -1, 73, 128, 162.0, 7, , 20, 0, 0, 0, , 0, 0, 0, 0, 0, 
336, 0, -1, -1, -1, 163, 36, 162.0, 7, , 5, 0, 0, 0, , 0, 0, 0, 0, 0, 
337, 0, -1, -1, -1, 64, 101, 165.0, 8, , 8, 0, 0, 0, , 0, 0, 0, 0, 0, 
338, 0, -1, -1, -1, 303, 123, 166.0, 8, , 15, 0, 0, 0, , 0, 0, 0, 0, 0, 
339, 0, -1, -1, -1, 116, 69, 170.0, 8, , 31, 0, 0, 0, , 0, 0, 0, 0, 0, 
340, 0, -1, -1, -1, 192, 79, 170.0, 7, , 10, 0, 0, 0, , 0, 0, 0, 0, 0, 
341, 0, -1, -1, -1, 143, 45, 172.0, 8, , 5, 0, 0, 0, , 0, 0, 0, 0, 0, 
342, 0, -1, -1, -1, 149, 73, 176.0, 7, , 38, 0, 0, 0, , 0, 0, 0, 0, 0, 
343, 0, -1, -1, -1, 189, 91, 176.0, 7, , 14, 0, 0, 0, , 0, 0, 0, 0, 0, 
344, 0, -1, -1, -1, 120, 67, 179.0, 8, , 34, 0, 0, 0, , 0, 0, 0, 0, 0, 
345, 0, -1, -1, -1, 187, 86, 181.0, 7, , 15, 0, 0, 0, , 0, 0, 0, 0, 0, 
346, 0, -1, -1, -1, 278, 103, 182.0, 7, , 5, 0, 0, 0, , 0, 0, 0, 0, 0, 
347, 0, -1, -1, -1, 185, 60, 184.0, 8, , 54, 0, 0, 0, , 0, 0, 0, 0, 0, 
348, 0, -1, -1, -1, 218, 61, 184.0, 7, , 14, 0, 0, 0, , 0, 0, 0, 0, 0, 
349, 0, -1, -1, -1, 83, 94, 188.0, 9, , 25, 0, 0, 0, , 0, 0, 0, 0, 0, 
350, 0, -1, -1, -1, 118, 94, 188.0, 7, , 24, 0, 0, 0, , 0, 0, 0, 0, 0, 
351, 0, -1, -1, -1, 113, 91, 192.0, 8, , 18, 0, 0, 0, , 0, 0, 0, 0, 0, 
352, 0, -1, -1, -1, 188, 57, 195.0, 9, , 38, 0, 0, 0, , 0, 0, 0, 0, 0, 
353, 0, -1, -1, -1, 123, 87, 198.0, 8, , 15, 0, 0, 0, , 0, 0, 0, 0, 0, 
354, 0, -1, -1, -1, 247, 90, 199.0, 9, , 23, 0, 0, 0, , 0, 0, 0, 0, 0, 
355, 0, -1, -1, -1, 136, 116, 204.0, 8, , 13, 0, 0, 0, , 0, 0, 0, 0, 0, 
356, 0, -1, -1, -1, 193, 81, 205.0, 9, , 37, 0, 0, 0, , 0, 0, 0, 0, 0, 
357, 0, -1, -1, -1, 102, 63, 99.0, 8, , 37, 0, 0, 0, , 0, 0, 0, 0, 0, 
358, 0, -1, -1, -1, 96, 83, 116.0, 9, , 17, 0, 0, 0, , 0, 0, 0, 0, 0, 
359, 0, -1, -1, -1, 203, 34, 134.0, 9, , 34, 0, 0, 0, , 0, 0, 0, 0, 0, 
360, 0, -1, -1, -1, 131, 65, 157.0, 9, , 31, 0, 0, 0, , 0, 0, 0, 0, 0, 
361, 0, -1, -1, -1, 55, 122, 160.0, 7, , 30, 0, 0, 0, , 0, 0, 0, 0, 0, 
362, 0, -1, -1, -1, 71, 105, 163.0, 9, , 39, 0, 0, 0, , 0, 0, 0, 0, 0, 
363, 0, -1, -1, -1, 149, 73, 178.0, 7, , 27, 0, 0, 0, , 0, 0, 0, 0, 0, 
364, 0, -1, -1, -1, 118, 95, 180.0, 7, , 9, 0, 0, 0, , 0, 0, 0, 0, 0, 
365, 0, -1, -1, -1, 188, 56, 190.0, 11, , 53, 0, 0, 0, , 0, 0, 0, 0, 0, 
366, 1, 354, 349, -1, 283, 115, 130.0, 20, Eprp, 0, 0, 0, 0, , 0, 0, 0, 0, 0, 
367, 1, 355, 350, -1, 158, 50, 135.0, 17, ABpraaapp, 0, 0, 0, 0, , 0, 0, 0, 0, 0, 
368, 1, 357, 351, -1, 189, 84, 176.0, 17, ABarapppp, 0, 0, 0, 0, , 0, 0, 0, 0, 0, 
369, 1, 358, 353, -1, 151, 81, 200.0, 17, ABarappaa, 0, 0, 0, 0, , 0, 0, 0, 0, 0, 
370, 1, 358, 357, -1, 165, 82, 200.5, 17, ABarappap, 0, 0, 0, 0, , 0, 0, 0, 0, 0, 
371, 1, 356, 354, -1, 155, 70, 173.0, 16, ABarapppa, 0, 0, 0, 0, , 0, 0, 0, 0, 0, 
372, 0, 359, -1, -1, 126, 82, 182.7234, 17, , 0, 0, 0, 0, , 0, 0, 0, 0, 0, 
373, 0, 360, -1, -1, 141, 63, 182.26666, 17, , 0, 0, 0, 0, , 0, 0, 0, 0, 0, 
374, 1, 362, 358, -1, 99, 112, 190.0, 17, ABarapaaa, 0, 0, 0, 0, , 0, 0, 0, 0, 0, 
375, 1, 361, 359, -1, 133, 117, 193.0, 15, ABarapaap, 0, 0, 0, 0, , 0, 0, 0, 0, 0, 
376, 1, 363, 360, -1, 125, 93, 198.0, 17, ABarapapa, 0, 0, 0, 0, , 0, 0, 0, 0, 0, 
377, 1, 364, 361, -1, 163, 112, 206.0, 18, ABarapapp, 0, 0, 0, 0, , 0, 0, 0, 0, 0, 
378, 1, 365, 362, -1, 78, 127, 167.0, 16, ABaraapaa, 0, 0, 0, 0, , 0, 0, 0, 0, 0, 
379, 1, 366, 363, -1, 107, 138, 179.0, 16, ABaraapap, 0, 0, 0, 0, , 0, 0, 0, 0, 0, 
380, 1, 367, 364, -1, 127, 148, 186.0, 15, ABaraappa, 0, 0, 0, 0, , 0, 0, 0, 0, 0, 
381, 1, 368, 365, -1, 159, 137, 198.0, 19, ABaraappp, 0, 0, 0, 0, , 0, 0, 0, 0, 0, 
382, 1, 370, 366, -1, 84, 96, 183.0, 17, ABaraaapa, 0, 0, 0, 0, , 0, 0, 0, 0, 0, 
383, 1, 369, 367, -1, 116, 90, 183.0, 17, ABaraaapp, 0, 0, 0, 0, , 0, 0, 0, 0, 0, 
384, 1, 371, 368, -1, 68, 108, 174.0, 19, ABaraaaa, 0, 0, 0, 0, , 0, 0, 0, 0, 0, 
385, 1, 373, 369, -1, 55, 119, 156.0, 19, ABalpaaa, 0, 0, 0, 0, , 0, 0, 0, 0, 0, 
386, 1, 372, 370, -1, 48, 113, 124.0, 17, ABalpaapa, 0, 0, 0, 0, , 0, 0, 0, 0, 0, 
387, 1, 374, 371, -1, 77, 132, 119.0, 16, ABalpaapp, 0, 0, 0, 0, , 0, 0, 0, 0, 0, 
388, 1, 375, 372, -1, 89, 155, 164.0, 17, ABalpappa, 0, 0, 0, 0, , 0, 0, 0, 0, 0, 
389, 1, 376, 373, -1, 131, 164, 151.0, 17, ABalpappp, 0, 0, 0, 0, , 0, 0, 0, 0, 0, 
390, 1, 377, 374, -1, 66, 153, 114.0, 21, ABalppaa, 0, 0, 0, 0, , 0, 0, 0, 0, 0, 
391, 1, 379, 375, -1, 93, 143, 121.0, 15, ABalppapa, 0, 0, 0, 0, , 0, 0, 0, 0, 0, 
392, 1, 378, 376, -1, 114, 165, 130.0, 17, ABalppapp, 0, 0, 0, 0, , 0, 0, 0, 0, 0, 
393, 1, 381, 377, -1, 51, 141, 145.0, 15, ABalpapaa, 0, 0, 0, 0, , 0, 0, 0, 0, 0, 
394, 1, 380, 378, -1, 82, 155, 146.0, 15, ABalpapap, 0, 0, 0, 0, , 0, 0, 0, 0, 0, 
395, 1, 382, 379, -1, 72, 113, 111.0, 13, ABalpppaa, 0, 0, 0, 0, , 0, 0, 0, 0, 0, 
396, 1, 383, 380, -1, 103, 121, 97.333336, 11, ABalpppap, 0, 0, 0, 0, , 0, 0, 0, 0, 0, 
397, 1, 384, 381, -1, 147, 136, 108.0, 17, ABalppppp, 0, 0, 0, 0, , 0, 0, 0, 0, 0, 
398, 1, 385, 382, -1, 120, 119, 110.0, 15, ABalppppa, 0, 0, 0, 0, , 0, 0, 0, 0, 0, 
399, 1, 386, 383, -1, 52, 93, 144.0, 21, ABalaaaa, 0, 0, 0, 0, , 0, 0, 0, 0, 0, 
400, 1, 387, 385, -1, 85, 77, 129.0, 14, ABalaaapp, 0, 0, 0, 0, , 0, 0, 0, 0, 0, 
401, 1, 387, 384, -1, 69, 79, 138.0, 16, ABalaaapa, 0, 0, 0, 0, , 0, 0, 0, 0, 0, 
402, 1, 388, 386, -1, 89, 71, 161.0, 19, ABalaapa, 0, 0, 0, 0, , 0, 0, 0, 0, 0, 
403, 1, 389, 387, 388, 110, 82, 143.0, 17, ABalaapp, 0, 0, 0, 0, , 0, 0, 0, 0, 0, 
404, 0, -1, -1, -1, 69, 85, 115.0, 17, , 0, 0, 0, 0, , 0, 0, 0, 0, 0, 
405, 0, -1, -1, -1, 68, 85, 117.0, 17, , 0, 0, 0, 0, , 0, 0, 0, 0, 0, 
406, 1, 394, 391, -1, 68, 85, 115.666664, 17, ABalapaaa, 0, 0, 0, 0, , 0, 0, 0, 0, 0, 
407, 1, 390, 392, -1, 64, 88, 90.0, 17, ABalapaap, 0, 0, 0, 0, , 0, 0, 0, 0, 0, 
408, 1, 395, 393, -1, 84, 81, 84.0, 15, ABalapapa, 0, 0, 0, 0, , 0, 0, 0, 0, 0, 
409, 1, 396, 394, -1, 117, 75, 79.0, 14, ABalapapp, 0, 0, 0, 0, , 0, 0, 0, 0, 0, 
410, 1, 397, 395, -1, 98, 84, 113.0, 17, ABalappa, 0, 0, 0, 0, , 0, 0, 0, 0, 0, 
411, 1, 398, 396, -1, 117, 92, 114.0, 16, ABalapppa, 0, 0, 0, 0, , 0, 0, 0, 0, 0, 
412, 1, 399, 397, -1, 153, 84, 110.0, 16, ABalapppp, 0, 0, 0, 0, , 0, 0, 0, 0, 0, 
413, 1, 400, 399, -1, 135, 65, 162.0, 15, ABpraaaap, 0, 0, 0, 0, , 0, 0, 0, 0, 0, 
414, 1, 400, 398, -1, 117, 68, 170.5, 14, ABpraaaaa, 0, 0, 0, 0, , 0, 0, 0, 0, 0, 
415, 0, 401, -1, -1, 168, 35, 151.5, 18, , 0, 0, 0, 0, , 0, 0, 0, 0, 0, 
416, 1, 402, 401, -1, 237, 48, 154.0, 14, ABpraappp, 0, 0, 0, 0, , 0, 0, 0, 0, 0, 
417, 1, 403, 402, -1, 199, 41, 155.66667, 13, ABpraappa, 0, 0, 0, 0, , 0, 0, 0, 0, 0, 
418, 1, 404, 403, -1, 267, 51, 141.0, 13, ABprappaa, 0, 0, 0, 0, , 0, 0, 0, 0, 0, 
419, 1, 405, 404, -1, 295, 78, 138.0, 13, ABprappap, 0, 0, 0, 0, , 0, 0, 0, 0, 0, 
420, 1, 406, 405, -1, 307, 99, 132.0, 17, ABprappp, 0, 0, 0, 0, , 0, 0, 0, 0, 0, 
421, 1, 407, 406, -1, 205, 35, 126.0, 13, ABprapaaa, 0, 0, 0, 0, , 0, 0, 0, 0, 0, 
422, 1, 407, 407, -1, 229, 47, 124.0, 11, ABprapaap, 0, 0, 0, 0, , 0, 0, 0, 0, 0, 
423, 1, 408, 408, -1, 246, 48, 119.0, 14, ABprapapa, 0, 0, 0, 0, , 0, 0, 0, 0, 0, 
424, 1, 409, 409, -1, 275, 68, 118.0, 17, ABprapapp, 0, 0, 0, 0, , 0, 0, 0, 0, 0, 
425, 1, 410, 410, -1, 167, 170, 102.0, 17, ABplppaa, 0, 0, 0, 0, , 0, 0, 0, 0, 0, 
426, 1, 411, 411, -1, 199, 153, 110.5, 18, ABplppap, 0, 0, 0, 0, , 0, 0, 0, 0, 0, 
427, 1, 413, 413, -1, 225, 176, 114.0, 17, ABplpppap, 0, 0, 0, 0, , 0, 0, 0, 0, 0, 
428, 1, 412, 412, -1, 197, 174, 108.0, 15, ABplpppaa, 0, 0, 0, 0, , 0, 0, 0, 0, 0, 
429, 1, 415, 414, -1, 210, 172, 140.0, 14, ABplppppa, 0, 0, 0, 0, , 0, 0, 0, 0, 0, 
430, 1, 414, 415, -1, 241, 175, 137.0, 17, ABplppppp, 0, 0, 0, 0, , 0, 0, 0, 0, 0, 
431, 1, 416, 416, -1, 141, 172, 113.0, 16, ABplpapap, 0, 0, 0, 0, , 0, 0, 0, 0, 0, 
432, 1, 417, 417, -1, 86, 151, 92.0, 17, ABplpaaaa, 0, 0, 0, 0, , 0, 0, 0, 0, 0, 
433, 1, 418, 418, -1, 114, 149, 85.0, 17, ABplpaaap, 0, 0, 0, 0, , 0, 0, 0, 0, 0, 
434, 1, 419, 419, -1, 130, 167, 83.0, 19, ABplpaapa, 0, 0, 0, 0, , 0, 0, 0, 0, 0, 
435, 1, 420, 420, -1, 164, 167, 78.0, 19, ABplpaapp, 0, 0, 0, 0, , 0, 0, 0, 0, 0, 
436, 1, 421, 421, -1, 107, 171, 109.0, 15, ABplpapaa, 0, 0, 0, 0, , 0, 0, 0, 0, 0, 
437, 1, 422, 422, -1, 154, 177, 136.0, 17, ABplpappa, 0, 0, 0, 0, , 0, 0, 0, 0, 0, 
438, 1, 423, 423, -1, 190, 177, 132.0, 17, ABplpappp, 0, 0, 0, 0, , 0, 0, 0, 0, 0, 
439, 1, 424, 424, -1, 167, 36, 153.0, 14, ABpraapaa, 0, 0, 0, 0, , 0, 0, 0, 0, 0, 
440, 1, 425, 425, -1, 184, 40, 126.0, 14, ABpraapap, 0, 0, 0, 0, , 0, 0, 0, 0, 0, 
441, 1, 427, 427, -1, 175, 51, 171.0, 14, ABprpaaap, 0, 0, 0, 0, , 0, 0, 0, 0, 0, 
442, 1, 426, 426, -1, 147, 49, 168.0, 14, ABprpaaaa, 0, 0, 0, 0, , 0, 0, 0, 0, 0, 
443, 1, 429, 428, -1, 187, 56, 184.0, 15, ABprpaapa, 0, 0, 0, 0, , 0, 0, 0, 0, 0, 
444, 1, 428, 429, -1, 216, 60, 177.0, 15, ABprpaapp, 0, 0, 0, 0, , 0, 0, 0, 0, 0, 
445, 1, 431, 430, -1, 194, 81, 197.0, 15, ABprpapaa, 0, 0, 0, 0, , 0, 0, 0, 0, 0, 
446, 1, 430, 431, -1, 223, 85, 199.0, 15, ABprpapap, 0, 0, 0, 0, , 0, 0, 0, 0, 0, 
447, 1, 432, 432, -1, 242, 92, 201.0, 15, ABprpappa, 0, 0, 0, 0, , 0, 0, 0, 0, 0, 
448, 1, 433, 433, -1, 275, 99, 179.0, 16, ABprpappp, 0, 0, 0, 0, , 0, 0, 0, 0, 0, 
449, 1, 434, 434, -1, 240, 62, 180.0, 16, ABprppaa, 0, 0, 0, 0, , 0, 0, 0, 0, 0, 
450, 1, 435, 435, 436, 268, 73, 168.0, 16, ABprppap, 0, 0, 0, 0, , 0, 0, 0, 0, 0, 
451, 1, 436, 437, -1, 295, 68, 162.0, 12, ABprpppaa, 0, 0, 0, 0, , 0, 0, 0, 0, 0, 
452, 1, 437, 438, -1, 320, 93, 157.0, 14, ABprpppap, 0, 0, 0, 0, , 0, 0, 0, 0, 0, 
453, 1, 438, 439, -1, 298, 91, 176.0, 15, ABprppppa, 0, 0, 0, 0, , 0, 0, 0, 0, 0, 
454, 1, 439, 440, -1, 305, 122, 172.0, 15, ABprppppp, 0, 0, 0, 0, , 0, 0, 0, 0, 0, 
455, 1, 440, 441, -1, 86, 113, 144.42857, 20, MSaaaa, 0, 0, 0, 0, , 0, 0, 0, 0, 0, 
456, 1, 441, 442, -1, 128, 128, 156.0, 19, MSaaap, 0, 0, 0, 0, , 0, 0, 0, 0, 0, 
457, 1, 442, 443, -1, 153, 157, 180.0, 16, MSaapa, 0, 0, 0, 0, , 0, 0, 0, 0, 0, 
458, 1, 443, 444, -1, 196, 159, 181.4, 16, MSaapp, 0, 0, 0, 0, , 0, 0, 0, 0, 0, 
459, 1, 444, 445, -1, 129, 141, 129.0, 16, MSapaa, 0, 0, 0, 0, , 0, 0, 0, 0, 0, 
460, 1, 445, 446, -1, 159, 144, 131.0, 16, MSapap, 0, 0, 0, 0, , 0, 0, 0, 0, 0, 
461, 1, 446, 447, -1, 176, 150, 154.0, 16, MSappa, 0, 0, 0, 0, , 0, 0, 0, 0, 0, 
462, 1, 447, 448, -1, 207, 142, 138.0, 16, MSappp, 0, 0, 0, 0, , 0, 0, 0, 0, 0, 
463, 1, 448, 449, -1, 167, 99, 174.0, 16, MSppaa, 0, 0, 0, 0, , 0, 0, 0, 0, 0, 
464, 1, 449, 450, -1, 203, 92, 159.0, 16, MSppap, 0, 0, 0, 0, , 0, 0, 0, 0, 0, 
465, 1, 450, 451, -1, 212, 103, 184.0, 16, MSpppa, 0, 0, 0, 0, , 0, 0, 0, 0, 0, 
466, 1, 451, 452, -1, 242, 97, 172.0, 16, MSpppp, 0, 0, 0, 0, , 0, 0, 0, 0, 0, 
467, 1, 452, 453, -1, 136, 101, 163.0, 19, MSpaaa, 0, 0, 0, 0, , 0, 0, 0, 0, 0, 
468, 1, 453, 454, -1, 169, 125, 171.0, 17, MSpaap, 0, 0, 0, 0, , 0, 0, 0, 0, 0, 
469, 1, 454, 455, -1, 192, 124, 199.0, 16, MSpapa, 0, 0, 0, 0, , 0, 0, 0, 0, 0, 
470, 1, 455, 456, -1, 225, 133, 200.0, 16, MSpapp, 0, 0, 0, 0, , 0, 0, 0, 0, 0, 
471, 1, 456, 457, -1, 148, 111, 122.0, 19, Eala, 0, 0, 0, 0, , 0, 0, 0, 0, 0, 
472, 1, 457, 458, -1, 290, 127, 82.0, 17, Caap, 0, 0, 0, 0, , 0, 0, 0, 0, 0, 
473, 1, 458, 459, -1, 260, 169, 112.0, 17, Capa, 0, 0, 0, 0, , 0, 0, 0, 0, 0, 
474, 1, 459, 460, -1, 274, 143, 108.0, 17, Capp, 0, 0, 0, 0, , 0, 0, 0, 0, 0, 
475, 1, 460, 461, -1, 302, 141, 124.75, 17, Cppp, 0, 0, 0, 0, , 0, 0, 0, 0, 0, 
476, 1, 461, 462, -1, 322, 126, 148.0, 17, Cppa, 0, 0, 0, 0, , 0, 0, 0, 0, 0, 
477, 1, 462, 463, -1, 238, 81, 148.0, 19, Epra, 0, 0, 0, 0, , 0, 0, 0, 0, 0, 
478, 1, 463, 464, -1, 191, 120, 124.0, 19, Ealp, 0, 0, 0, 0, , 0, 0, 0, 0, 0, 
479, 1, 464, 465, -1, 153, 82, 140.0, 19, Eara, 0, 0, 0, 0, , 0, 0, 0, 0, 0, 
480, 1, 465, 466, -1, 213, 86, 136.0, 17, Earp, 0, 0, 0, 0, , 0, 0, 0, 0, 0, 
481, 1, 466, 467, -1, 222, 116, 119.0, 16, Epla, 0, 0, 0, 0, , 0, 0, 0, 0, 0, 
482, 1, 467, 468, -1, 255, 125, 129.0, 19, Eplp, 0, 0, 0, 0, , 0, 0, 0, 0, 0, 
483, 1, 468, 469, -1, 230, 103, 77.0, 17, Caaaa, 0, 0, 0, 0, , 0, 0, 0, 0, 0, 
484, 1, 469, 470, -1, 259, 137, 84.0, 17, Caaap, 0, 0, 0, 0, , 0, 0, 0, 0, 0, 
485, 1, 470, 471, -1, 235, 62, 91.0, 17, Cpaaa, 0, 0, 0, 0, , 0, 0, 0, 0, 0, 
486, 1, 471, 472, -1, 282, 97, 92.0, 17, Cpaap, 0, 0, 0, 0, , 0, 0, 0, 0, 0, 
487, 1, 472, 473, -1, 310, 102, 99.0, 17, Cpapa, 0, 0, 0, 0, , 0, 0, 0, 0, 0, 
488, 1, 473, 474, -1, 316, 140, 103.0, 15, Cpapp, 0, 0, 0, 0, , 0, 0, 0, 0, 0, 
489, 1, 474, 475, -1, 227, 157, 159.0, 16, Daa, 0, 0, 0, 0, , 0, 0, 0, 0, 0, 
490, 1, 475, 476, -1, 274, 160, 141.0, 16, Dap, 0, 0, 0, 0, , 0, 0, 0, 0, 0, 
491, 1, 476, 477, -1, 262, 122, 184.0, 16, Dpa, 0, 0, 0, 0, , 0, 0, 0, 0, 0, 
492, 1, 477, 478, -1, 292, 146, 156.0, 16, Dpp, 0, 0, 0, 0, , 0, 0, 0, 0, 0, 
493, 1, 478, 479, -1, 231, 127, 173.0, 18, Z2, 0, 0, 0, 0, , 0, 0, 0, 0, 0, 
494, 1, 479, 480, -1, 196, 135, 165.0, 16, Z3, 0, 0, 0, 0, , 0, 0, 0, 0, 0, 
495, 1, 480, 481, -1, 102, 59, 102.0, 16, ABarpaaa, 0, 0, 0, 0, , 0, 0, 0, 0, 0, 
496, 1, 481, 482, -1, 127, 51, 92.0, 19, ABarpaapa, 0, 0, 0, 0, , 0, 0, 0, 0, 0, 
497, 1, 482, 483, -1, 173, 57, 83.0, 18, ABarpaapp, 0, 0, 0, 0, , 0, 0, 0, 0, 0, 
498, 1, 484, 484, -1, 102, 54, 129.0, 15, ABarpapaa, 0, 0, 0, 0, , 0, 0, 0, 0, 0, 
499, 1, 483, 485, -1, 131, 57, 124.0, 15, ABarpapap, 0, 0, 0, 0, , 0, 0, 0, 0, 0, 
500, 1, 485, 486, -1, 144, 39, 113.0, 14, ABarpappa, 0, 0, 0, 0, , 0, 0, 0, 0, 0, 
501, 1, 486, 487, -1, 177, 63, 117.0, 17, ABarpappp, 0, 0, 0, 0, , 0, 0, 0, 0, 0, 
502, 1, 487, 488, -1, 175, 89, 72.0, 19, ABarppaa, 0, 0, 0, 0, , 0, 0, 0, 0, 0, 
503, 1, 488, 489, -1, 202, 107, 98.0, 19, ABarppap, 0, 0, 0, 0, , 0, 0, 0, 0, 0, 
504, 1, 489, 491, -1, 191, 62, 107.0, 16, ABarpppaa, 0, 0, 0, 0, , 0, 0, 0, 0, 0, 
505, 1, 489, 490, -1, 218, 69, 106.0, 17, ABarpppap, 0, 0, 0, 0, , 0, 0, 0, 0, 0, 
506, 1, 490, 492, -1, 244, 85, 113.0, 18, ABarpppp, 0, 0, 0, 0, , 0, 0, 0, 0, 0, 
507, 1, 491, 493, -1, 70, 110, 76.0, 17, ABplaaaaa, 0, 0, 0, 0, , 0, 0, 0, 0, 0, 
508, 1, 492, 494, -1, 99, 97, 66.0, 17, ABplaaaap, 0, 0, 0, 0, , 0, 0, 0, 0, 0, 
509, 1, 493, 496, -1, 148, 98, 77.0, 17, ABplaaapp, 0, 0, 0, 0, , 0, 0, 0, 0, 0, 
510, 1, 494, 495, -1, 116, 96, 64.0, 17, ABplaaapa, 0, 0, 0, 0, , 0, 0, 0, 0, 0, 
511, 1, 495, 497, -1, 83, 129, 72.0, 17, ABplaapaa, 0, 0, 0, 0, , 0, 0, 0, 0, 0, 
512, 1, 496, 498, -1, 120, 126, 59.0, 17, ABplaapap, 0, 0, 0, 0, , 0, 0, 0, 0, 0, 
513, 1, 497, 499, -1, 165, 129, 72.0, 17, ABplaappp, 0, 0, 0, 0, , 0, 0, 0, 0, 0, 
514, 1, 498, 500, -1, 130, 143, 69.0, 17, ABplaappa, 0, 0, 0, 0, , 0, 0, 0, 0, 0, 
515, 1, 499, 501, -1, 139, 115, 54.0, 17, ABplapaaa, 0, 0, 0, 0, , 0, 0, 0, 0, 0, 
516, 1, 500, 502, -1, 172, 115, 55.0, 17, ABplapaap, 0, 0, 0, 0, , 0, 0, 0, 0, 0, 
517, 1, 501, 503, -1, 194, 113, 60.0, 16, ABplapapa, 0, 0, 0, 0, , 0, 0, 0, 0, 0, 
518, 1, 502, 504, -1, 227, 140, 70.0, 17, ABplapapp, 0, 0, 0, 0, , 0, 0, 0, 0, 0, 
519, 1, 504, 505, -1, 187, 142, 72.0, 19, ABplappaa, 0, 0, 0, 0, , 0, 0, 0, 0, 0, 
520, 1, 505, 506, -1, 216, 158, 83.0, 19, ABplappap, 0, 0, 0, 0, , 0, 0, 0, 0, 0, 
521, 1, 506, 507, -1, 236, 151, 100.0, 17, ABplappp, 0, 0, 0, 0, , 0, 0, 0, 0, 0, 
522, 1, 507, 508, -1, 120, 46, 150.0, 17, ABpraaapa, 0, 0, 0, 0, , 0, 0, 0, 0, 0, 
