1, 0, 3, -1, -1, 48, 113, 79.0, 8, , 148, 0, 0, 0, , 0, 0, 0, 0, 0, 
2, 0, 4, -1, -1, 126, 99, 196.0, 9, , 25, 0, 0, 0, , 0, 0, 0, 0, 0, 
3, 0, 6, -1, -1, 126, 105, 197.0, 8, , 22, 0, 0, 0, , 0, 0, 0, 0, 0, 
4, 0, 9, -1, -1, 126, 84, 191.0, 8, , 34, 0, 0, 0, , 0, 0, 0, 0, 0, 
5, 0, 10, -1, -1, 86, 76, 137.0, 9, , 105, 0, 0, 0, , 0, 0, 0, 0, 0, 
6, 0, 11, -1, -1, 294, 90, 174.0, 7, , 18, 0, 0, 0, , 0, 0, 0, 0, 0, 
7, 0, 12, -1, -1, 179, 49, 169.0, 7, , 23, 0, 0, 0, , 0, 0, 0, 0, 0, 
8, 0, 14, -1, -1, 125, 156, 185.0, 9, , 7, 0, 0, 0, , 0, 0, 0, 0, 0, 
9, 0, 15, -1, -1, 115, 102, 207.0, 7, , 33, 0, 0, 0, , 0, 0, 0, 0, 0, 
10, 0, 16, -1, -1, 67, 105, 169.0, 8, , 30, 0, 0, 0, , 0, 0, 0, 0, 0, 
11, 0, 18, -1, -1, 134, 67, 161.0, 8, , 49, 0, 0, 0, , 0, 0, 0, 0, 0, 
12, 0, 19, -1, -1, 190, 48, 167.0, 9, , 43, 0, 0, 0, , 0, 0, 0, 0, 0, 
13, 0, 20, -1, -1, 74, 118, 169.0, 8, , 28, 0, 0, 0, , 0, 0, 0, 0, 0, 
14, 0, 21, -1, -1, 298, 84, 181.0, 7, , 12, 0, 0, 0, , 0, 0, 0, 0, 0, 
15, 0, 22, -1, -1, 88, 96, 186.0, 8, , 23, 0, 0, 0, , 0, 0, 0, 0, 0, 
16, 0, 23, -1, -1, 118, 95, 189.0, 7, , 34, 0, 0, 0, , 0, 0, 0, 0, 0, 
17, 0, 25, -1, -1, 121, 91, 195.0, 8, , 4, 0, 0, 0, , 0, 0, 0, 0, 0, 
18, 0, 26, -1, -1, 49, 123, 151.0, 8, , 30, 0, 0, 0, , 0, 0, 0, 0, 0, 
19, 0, 27, -1, -1, 300, 84, 178.0, 8, , 18, 0, 0, 0, , 0, 0, 0, 0, 0, 
20, 0, 28, -1, -1, 89, 101, 180.0, 9, , 23, 0, 0, 0, , 0, 0, 0, 0, 0, 
21, 0, 29, -1, -1, 233, 64, 188.0, 9, , 73, 0, 0, 0, , 0, 0, 0, 0, 0, 
22, 0, 30, -1, -1, 89, 65, 97.0, 9, , 125, 0, 0, 0, , 0, 0, 0, 0, 0, 
23, 0, 31, -1, -1, 288, 68, 162.0, 8, , 27, 0, 0, 0, , 0, 0, 0, 0, 0, 
24, 0, 33, -1, -1, 190, 78, 174.0, 8, , 12, 0, 0, 0, , 0, 0, 0, 0, 0, 
25, 0, 35, -1, -1, 115, 88, 187.0, 8, , 9, 0, 0, 0, , 0, 0, 0, 0, 0, 
26, 0, 36, -1, -1, 166, 132, 197.0, 7, , 23, 0, 0, 0, , 0, 0, 0, 0, 0, 
27, 0, 37, -1, -1, 219, 91, 198.0, 9, , 36, 0, 0, 0, , 0, 0, 0, 0, 0, 
28, 0, 38, -1, -1, 227, 94, 196.0, 9, , 13, 0, 0, 0, , 0, 0, 0, 0, 0, 
29, 0, 39, -1, -1, 45, 106, 92.0, 7, , 24, 0, 0, 0, , 0, 0, 0, 0, 0, 
30, 0, 40, -1, -1, 107, 56, 91.0, 8, , 63, 0, 0, 0, , 0, 0, 0, 0, 0, 
31, 0, 41, -1, -1, 47, 112, 85.0, 9, , 271, 0, 0, 0, , 0, 0, 0, 0, 0, 
32, 0, 42, -1, -1, 208, 60, 177.0, 7, , 5, 0, 0, 0, , 0, 0, 0, 0, 0, 
33, 0, 43, -1, -1, 127, 61, 124.0, 8, , 12, 0, 0, 0, , 0, 0, 0, 0, 0, 
34, 0, 44, -1, -1, 176, 47, 165.0, 8, , 51, 0, 0, 0, , 0, 0, 0, 0, 0, 
35, 0, 46, -1, -1, 70, 117, 172.0, 9, , 44, 0, 0, 0, , 0, 0, 0, 0, 0, 
36, 0, 47, -1, -1, 144, 48, 172.0, 7, , 4, 0, 0, 0, , 0, 0, 0, 0, 0, 
37, 0, 48, -1, -1, 175, 46, 169.0, 8, , 61, 0, 0, 0, , 0, 0, 0, 0, 0, 
38, 0, 49, -1, -1, 169, 50, 167.0, 9, , 40, 0, 0, 0, , 0, 0, 0, 0, 0, 
39, 0, 50, -1, -1, 61, 112, 172.0, 8, , 20, 0, 0, 0, , 0, 0, 0, 0, 0, 
40, 0, 51, -1, -1, 73, 114, 179.0, 8, , 21, 0, 0, 0, , 0, 0, 0, 0, 0, 
41, 0, 52, -1, -1, 138, 82, 194.0, 11, , 239, 0, 0, 0, , 0, 0, 0, 0, 0, 
42, 0, 53, -1, -1, 228, 91, 203.0, 8, , 31, 0, 0, 0, , 0, 0, 0, 0, 0, 
43, 0, 54, -1, -1, 119, 102, 209.0, 13, , 57, 0, 0, 0, , 0, 0, 0, 0, 0, 
44, 0, 55, -1, -1, 163, 114, 207.0, 7, , 14, 0, 0, 0, , 0, 0, 0, 0, 0, 
45, 0, 56, -1, -1, 172, 50, 173.0, 13, , 141, 0, 0, 0, , 0, 0, 0, 0, 0, 
46, 0, 58, -1, -1, 272, 95, 183.0, 8, , 8, 0, 0, 0, , 0, 0, 0, 0, 0, 
47, 0, 59, -1, -1, 287, 69, 166.0, 7, , 5, 0, 0, 0, , 0, 0, 0, 0, 0, 
48, 0, 60, -1, -1, 104, 56, 92.0, 9, , 149, 0, 0, 0, , 0, 0, 0, 0, 0, 
49, 0, 61, -1, -1, 75, 159, 108.0, 8, , 25, 0, 0, 0, , 0, 0, 0, 0, 0, 
50, 0, 63, -1, -1, 88, 70, 129.0, 8, , 29, 0, 0, 0, , 0, 0, 0, 0, 0, 
51, 0, 66, -1, -1, 83, 73, 157.0, 9, , 56, 0, 0, 0, , 0, 0, 0, 0, 0, 
52, 0, 67, -1, -1, 162, 31, 155.0, 7, , 23, 0, 0, 0, , 0, 0, 0, 0, 0, 
53, 0, 68, -1, -1, 114, 47, 153.0, 8, , 9, 0, 0, 0, , 0, 0, 0, 0, 0, 
54, 0, 69, -1, -1, 276, 81, 157.0, 7, , 41, 0, 0, 0, , 0, 0, 0, 0, 0, 
55, 0, 70, -1, -1, 274, 81, 160.0, 8, , 25, 0, 0, 0, , 0, 0, 0, 0, 0, 
56, 0, 72, -1, -1, 277, 67, 167.0, 8, , 52, 0, 0, 0, , 0, 0, 0, 0, 0, 
57, 0, 73, -1, -1, 60, 115, 169.0, 8, , 16, 0, 0, 0, , 0, 0, 0, 0, 0, 
58, 0, 74, -1, -1, 237, 67, 178.0, 9, , 55, 0, 0, 0, , 0, 0, 0, 0, 0, 
59, 0, 75, -1, -1, 246, 59, 181.0, 8, , 52, 0, 0, 0, , 0, 0, 0, 0, 0, 
60, 0, 76, -1, -1, 251, 94, 202.0, 8, , 13, 0, 0, 0, , 0, 0, 0, 0, 0, 
61, 0, 77, -1, -1, 170, 85, 206.0, 9, , 50, 0, 0, 0, , 0, 0, 0, 0, 0, 
62, 0, 78, -1, -1, 169, 84, 202.0, 13, , 129, 0, 0, 0, , 0, 0, 0, 0, 0, 
63, 0, 79, -1, -1, 87, 85, 121.0, 8, , 57, 0, 0, 0, , 0, 0, 0, 0, 0, 
64, 0, 81, -1, -1, 293, 89, 171.0, 8, , 30, 0, 0, 0, , 0, 0, 0, 0, 0, 
65, 0, 82, -1, -1, 76, 108, 116.0, 7, , 29, 0, 0, 0, , 0, 0, 0, 0, 0, 
66, 0, 83, -1, -1, 187, 34, 121.0, 9, , 13, 0, 0, 0, , 0, 0, 0, 0, 0, 
67, 0, 84, -1, -1, 305, 86, 122.0, 7, , 38, 0, 0, 0, , 0, 0, 0, 0, 0, 
68, 0, 85, -1, -1, 235, 59, 190.0, 7, , 31, 0, 0, 0, , 0, 0, 0, 0, 0, 
69, 0, 87, -1, -1, 93, 54, 125.0, 7, , 17, 0, 0, 0, , 0, 0, 0, 0, 0, 
70, 0, 88, -1, -1, 45, 98, 143.0, 7, , 23, 0, 0, 0, , 0, 0, 0, 0, 0, 
71, 0, 89, -1, -1, 78, 152, 146.0, 8, , 24, 0, 0, 0, , 0, 0, 0, 0, 0, 
72, 0, 90, -1, -1, 236, 60, 176.0, 7, , 38, 0, 0, 0, , 0, 0, 0, 0, 0, 
73, 0, 91, -1, -1, 132, 120, 192.0, 9, , 16, 0, 0, 0, , 0, 0, 0, 0, 0, 
74, 0, 92, -1, -1, 140, 117, 196.0, 7, , 7, 0, 0, 0, , 0, 0, 0, 0, 0, 
75, 0, 93, -1, -1, 133, 124, 206.0, 7, , 31, 0, 0, 0, , 0, 0, 0, 0, 0, 
76, 0, 94, -1, -1, 47, 112, 83.0, 11, , 342, 0, 0, 0, , 0, 0, 0, 0, 0, 
77, 0, 95, -1, -1, 107, 53, 98.0, 7, , 40, 0, 0, 0, , 0, 0, 0, 0, 0, 
78, 0, 97, -1, -1, 101, 92, 104.0, 8, , 24, 0, 0, 0, , 0, 0, 0, 0, 0, 
79, 0, 98, -1, -1, 167, 174, 108.0, 8, , 45, 0, 0, 0, , 0, 0, 0, 0, 0, 
80, 0, 99, -1, -1, 102, 84, 106.0, 8, , 12, 0, 0, 0, , 0, 0, 0, 0, 0, 
81, 0, 100, -1, -1, 297, 130, 126.0, 8, , 4, 0, 0, 0, , 0, 0, 0, 0, 0, 
82, 0, 102, -1, -1, 97, 81, 144.0, 8, , 74, 0, 0, 0, , 0, 0, 0, 0, 0, 
83, 0, 104, -1, -1, 99, 78, 151.0, 8, , 110, 0, 0, 0, , 0, 0, 0, 0, 0, 
84, 0, 105, -1, -1, 314, 91, 159.0, 7, , 4, 0, 0, 0, , 0, 0, 0, 0, 0, 
85, 0, 106, -1, -1, 56, 128, 159.0, 9, , 45, 0, 0, 0, , 0, 0, 0, 0, 0, 
86, 0, 107, -1, -1, 80, 74, 161.0, 8, , 15, 0, 0, 0, , 0, 0, 0, 0, 0, 
87, 0, 109, -1, -1, 86, 131, 166.0, 7, , 10, 0, 0, 0, , 0, 0, 0, 0, 0, 
88, 0, 110, -1, -1, 256, 68, 171.0, 9, , 61, 0, 0, 0, , 0, 0, 0, 0, 0, 
89, 0, 111, -1, -1, 187, 88, 172.0, 8, , 13, 0, 0, 0, , 0, 0, 0, 0, 0, 
90, 0, 112, -1, -1, 87, 100, 175.0, 8, , 7, 0, 0, 0, , 0, 0, 0, 0, 0, 
91, 0, 115, -1, -1, 110, 95, 183.0, 7, , 4, 0, 0, 0, , 0, 0, 0, 0, 0, 
92, 0, 116, -1, -1, 107, 65, 177.0, 8, , 18, 0, 0, 0, , 0, 0, 0, 0, 0, 
93, 0, 117, -1, -1, 244, 60, 178.0, 9, , 35, 0, 0, 0, , 0, 0, 0, 0, 0, 
94, 0, 118, -1, -1, 116, 93, 185.0, 9, , 33, 0, 0, 0, , 0, 0, 0, 0, 0, 
95, 0, 119, -1, -1, 125, 151, 180.0, 8, , 9, 0, 0, 0, , 0, 0, 0, 0, 0, 
96, 0, 120, -1, -1, 234, 60, 184.0, 9, , 65, 0, 0, 0, , 0, 0, 0, 0, 0, 
97, 0, 121, -1, -1, 246, 62, 189.0, 8, , 13, 0, 0, 0, , 0, 0, 0, 0, 0, 
98, 0, 122, -1, -1, 102, 119, 194.0, 11, , 49, 0, 0, 0, , 0, 0, 0, 0, 0, 
99, 0, 124, -1, -1, 199, 86, 201.0, 7, , 44, 0, 0, 0, , 0, 0, 0, 0, 0, 
100, 0, 125, -1, -1, 226, 91, 207.0, 9, , 27, 0, 0, 0, , 0, 0, 0, 0, 0, 
101, 0, 126, -1, -1, 74, 116, 110.0, 9, , 20, 0, 0, 0, , 0, 0, 0, 0, 0, 
102, 0, 127, -1, -1, 69, 109, 119.0, 8, , 12, 0, 0, 0, , 0, 0, 0, 0, 0, 
103, 0, 128, -1, -1, 48, 104, 144.0, 7, , 67, 0, 0, 0, , 0, 0, 0, 0, 0, 
104, 0, 130, -1, -1, 273, 95, 180.0, 9, , 35, 0, 0, 0, , 0, 0, 0, 0, 0, 
105, 0, 131, -1, -1, 196, 88, 197.0, 8, , 60, 0, 0, 0, , 0, 0, 0, 0, 0, 
106, 0, 132, -1, -1, 141, 122, 194.0, 9, , 42, 0, 0, 0, , 0, 0, 0, 0, 0, 
107, 0, 133, -1, -1, 132, 111, 199.0, 15, , 439, 0, 0, 0, , 0, 0, 0, 0, 0, 
108, 0, 134, -1, -1, 69, 88, 94.0, 7, , 12, 0, 0, 0, , 0, 0, 0, 0, 0, 
109, 0, 136, -1, -1, 306, 86, 124.0, 7, , 41, 0, 0, 0, , 0, 0, 0, 0, 0, 
110, 0, 137, -1, -1, 59, 126, 156.0, 9, , 98, 0, 0, 0, , 0, 0, 0, 0, 0, 
111, 0, 138, -1, -1, 142, 52, 163.0, 7, , 8, 0, 0, 0, , 0, 0, 0, 0, 0, 
112, 0, 139, -1, -1, 186, 57, 185.0, 7, , 6, 0, 0, 0, , 0, 0, 0, 0, 0, 
113, 0, 140, -1, -1, 78, 146, 92.0, 8, , 6, 0, 0, 0, , 0, 0, 0, 0, 0, 
114, 0, 141, -1, -1, 108, 58, 103.0, 8, , 56, 0, 0, 0, , 0, 0, 0, 0, 0, 
115, 0, 143, -1, -1, 72, 106, 175.0, 7, , 33, 0, 0, 0, , 0, 0, 0, 0, 0, 
116, 0, 145, -1, -1, 58, 87, 90.0, 7, , 12, 0, 0, 0, , 0, 0, 0, 0, 0, 
117, 0, 147, -1, -1, 172, 160, 104.0, 8, , 17, 0, 0, 0, , 0, 0, 0, 0, 0, 
118, 0, 148, -1, -1, 89, 64, 104.0, 8, , 80, 0, 0, 0, , 0, 0, 0, 0, 0, 
119, 0, 151, -1, -1, 251, 153, 101.0, 9, , 39, 0, 0, 0, , 0, 0, 0, 0, 0, 
120, 0, 152, -1, -1, 105, 90, 108.0, 8, , 23, 0, 0, 0, , 0, 0, 0, 0, 0, 
121, 0, 155, -1, -1, 85, 89, 113.0, 9, , 36, 0, 0, 0, , 0, 0, 0, 0, 0, 
122, 0, 156, -1, -1, 233, 77, 112.0, 8, , 24, 0, 0, 0, , 0, 0, 0, 0, 0, 
123, 0, 157, -1, -1, 71, 89, 118.0, 9, , 15, 0, 0, 0, , 0, 0, 0, 0, 0, 
124, 0, 158, -1, -1, 103, 148, 117.0, 8, , 3, 0, 0, 0, , 0, 0, 0, 0, 0, 
125, 0, 159, -1, -1, 230, 170, 116.0, 8, , 14, 0, 0, 0, , 0, 0, 0, 0, 0, 
126, 0, 160, -1, -1, 96, 53, 123.0, 7, , 27, 0, 0, 0, , 0, 0, 0, 0, 0, 
127, 0, 161, -1, -1, 313, 106, 130.0, 8, , 8, 0, 0, 0, , 0, 0, 0, 0, 0, 
128, 0, 162, -1, -1, 102, 57, 131.0, 8, , 2, 0, 0, 0, , 0, 0, 0, 0, 0, 
129, 0, 164, -1, -1, 97, 51, 133.0, 7, , 19, 0, 0, 0, , 0, 0, 0, 0, 0, 
130, 0, 165, -1, -1, 194, 40, 133.0, 7, , 16, 0, 0, 0, , 0, 0, 0, 0, 0, 
131, 0, 166, -1, -1, 56, 105, 141.0, 8, , 32, 0, 0, 0, , 0, 0, 0, 0, 0, 
132, 0, 167, -1, -1, 128, 82, 145.0, 7, , 7, 0, 0, 0, , 0, 0, 0, 0, 0, 
133, 0, 170, -1, -1, 60, 105, 146.0, 8, , 13, 0, 0, 0, , 0, 0, 0, 0, 0, 
134, 0, 171, -1, -1, 100, 77, 146.0, 9, , 46, 0, 0, 0, , 0, 0, 0, 0, 0, 
135, 0, 172, -1, -1, 162, 35, 149.0, 14, , 3, 0, 0, 0, , 0, 0, 0, 0, 0, 
136, 0, 173, -1, -1, 114, 47, 149.0, 8, , 11, 0, 0, 0, , 0, 0, 0, 0, 0, 
137, 0, 174, -1, -1, 238, 48, 148.0, 8, , 7, 0, 0, 0, , 0, 0, 0, 0, 0, 
138, 0, 175, -1, -1, 167, 32, 152.0, 9, , 38, 0, 0, 0, , 0, 0, 0, 0, 0, 
139, 0, 176, -1, -1, 52, 99, 151.0, 8, , 41, 0, 0, 0, , 0, 0, 0, 0, 0, 
140, 0, 177, -1, -1, 107, 50, 151.0, 8, , 92, 0, 0, 0, , 0, 0, 0, 0, 0, 
141, 0, 178, -1, -1, 263, 46, 153.0, 7, , 18, 0, 0, 0, , 0, 0, 0, 0, 0, 
142, 0, 179, -1, -1, 56, 126, 153.0, 8, , 19, 0, 0, 0, , 0, 0, 0, 0, 0, 
143, 0, 180, -1, -1, 50, 126, 156.0, 9, , 48, 0, 0, 0, , 0, 0, 0, 0, 0, 
144, 0, 181, -1, -1, 89, 82, 157.0, 8, , 37, 0, 0, 0, , 0, 0, 0, 0, 0, 
145, 0, 182, -1, -1, 92, 78, 162.0, 8, , 28, 0, 0, 0, , 0, 0, 0, 0, 0, 
146, 0, 187, -1, -1, 138, 60, 161.0, 8, , 29, 0, 0, 0, , 0, 0, 0, 0, 0, 
147, 0, 188, -1, -1, 187, 48, 163.0, 7, , 14, 0, 0, 0, , 0, 0, 0, 0, 0, 
148, 0, 190, -1, -1, 93, 78, 164.0, 7, , 29, 0, 0, 0, , 0, 0, 0, 0, 0, 
149, 0, 191, -1, -1, 278, 80, 165.0, 8, , 11, 0, 0, 0, , 0, 0, 0, 0, 0, 
150, 0, 192, -1, -1, 86, 81, 163.0, 8, , 13, 0, 0, 0, , 0, 0, 0, 0, 0, 
151, 0, 193, -1, -1, 79, 78, 169.0, 8, , 52, 0, 0, 0, , 0, 0, 0, 0, 0, 
152, 0, 194, -1, -1, 147, 66, 174.0, 7, , 28, 0, 0, 0, , 0, 0, 0, 0, 0, 
153, 0, 195, -1, -1, 141, 54, 176.0, 9, , 15, 0, 0, 0, , 0, 0, 0, 0, 0, 
154, 0, 196, -1, -1, 68, 113, 181.0, 8, , 10, 0, 0, 0, , 0, 0, 0, 0, 0, 
155, 0, 197, -1, -1, 171, 56, 177.0, 8, , 29, 0, 0, 0, , 0, 0, 0, 0, 0, 
156, 0, 200, -1, -1, 233, 70, 182.0, 7, , 52, 0, 0, 0, , 0, 0, 0, 0, 0, 
157, 0, 201, -1, -1, 294, 89, 186.0, 9, , 37, 0, 0, 0, , 0, 0, 0, 0, 0, 
158, 0, 202, -1, -1, 131, 155, 182.0, 7, , 12, 0, 0, 0, , 0, 0, 0, 0, 0, 
159, 0, 204, -1, -1, 139, 86, 190.0, 9, , 36, 0, 0, 0, , 0, 0, 0, 0, 0, 
160, 0, 205, -1, -1, 235, 69, 186.0, 7, , 39, 0, 0, 0, , 0, 0, 0, 0, 0, 
161, 0, 207, -1, -1, 95, 116, 197.0, 11, , 61, 0, 0, 0, , 0, 0, 0, 0, 0, 
162, 0, 208, -1, -1, 218, 91, 200.0, 7, , 21, 0, 0, 0, , 0, 0, 0, 0, 0, 
163, 0, 209, -1, -1, 169, 86, 200.0, 8, , 52, 0, 0, 0, , 0, 0, 0, 0, 0, 
164, 0, 210, -1, -1, 240, 93, 207.0, 11, , 22, 0, 0, 0, , 0, 0, 0, 0, 0, 
165, 0, 211, -1, -1, 138, 123, 207.0, 7, , 16, 0, 0, 0, , 0, 0, 0, 0, 0, 
166, 0, 212, -1, -1, 138, 35, 113.0, 9, , 55, 0, 0, 0, , 0, 0, 0, 0, 0, 
167, 0, 213, -1, -1, 76, 115, 112.0, 9, , 24, 0, 0, 0, , 0, 0, 0, 0, 0, 
168, 0, 214, -1, -1, 127, 58, 121.0, 8, , 18, 0, 0, 0, , 0, 0, 0, 0, 0, 
169, 0, 216, -1, -1, 92, 68, 158.0, 9, , 38, 0, 0, 0, , 0, 0, 0, 0, 0, 
170, 0, 217, -1, -1, 298, 66, 159.0, 8, , 8, 0, 0, 0, , 0, 0, 0, 0, 0, 
171, 0, 218, -1, -1, 136, 49, 166.0, 8, , 28, 0, 0, 0, , 0, 0, 0, 0, 0, 
172, 0, 219, -1, -1, 144, 51, 170.0, 9, , 91, 0, 0, 0, , 0, 0, 0, 0, 0, 
173, 0, 220, -1, -1, 149, 70, 185.0, 8, , 60, 0, 0, 0, , 0, 0, 0, 0, 0, 
174, 0, 221, -1, -1, 236, 59, 180.0, 8, , 47, 0, 0, 0, , 0, 0, 0, 0, 0, 
175, 0, 222, -1, -1, 187, 53, 191.0, 8, , 17, 0, 0, 0, , 0, 0, 0, 0, 0, 
176, 0, 223, -1, -1, 191, 87, 200.0, 7, , 20, 0, 0, 0, , 0, 0, 0, 0, 0, 
177, 0, 224, -1, -1, 214, 63, 183.0, 9, , 21, 0, 0, 0, , 0, 0, 0, 0, 0, 
178, 0, 225, -1, -1, 211, 34, 128.0, 7, , 23, 0, 0, 0, , 0, 0, 0, 0, 0, 
179, 0, 226, -1, -1, 247, 49, 131.0, 8, , 8, 0, 0, 0, , 0, 0, 0, 0, 0, 
180, 0, 227, -1, -1, 299, 123, 176.0, 8, , 15, 0, 0, 0, , 0, 0, 0, 0, 0, 
181, 0, 229, -1, -1, 232, 78, 108.0, 8, , 23, 0, 0, 0, , 0, 0, 0, 0, 0, 
182, 0, 230, -1, -1, 228, 47, 122.0, 9, , 31, 0, 0, 0, , 0, 0, 0, 0, 0, 
183, 0, 232, -1, -1, 56, 121, 145.0, 8, , 46, 0, 0, 0, , 0, 0, 0, 0, 0, 
184, 0, 233, -1, -1, 168, 82, 197.0, 9, , 49, 0, 0, 0, , 0, 0, 0, 0, 0, 
185, 0, 234, -1, -1, 168, 84, 71.0, 8, , 13, 0, 0, 0, , 0, 0, 0, 0, 0, 
186, 0, 235, -1, -1, 176, 84, 73.0, 8, , 10, 0, 0, 0, , 0, 0, 0, 0, 0, 
187, 0, 236, -1, -1, 167, 84, 78.0, 8, , 40, 0, 0, 0, , 0, 0, 0, 0, 0, 
188, 0, 238, -1, -1, 190, 149, 104.0, 7, , 29, 0, 0, 0, , 0, 0, 0, 0, 0, 
189, 0, 239, -1, -1, 207, 153, 108.0, 8, , 19, 0, 0, 0, , 0, 0, 0, 0, 0, 
190, 0, 240, -1, -1, 102, 86, 102.0, 8, , 29, 0, 0, 0, , 0, 0, 0, 0, 0, 
191, 0, 241, -1, -1, 94, 149, 112.0, 7, , 6, 0, 0, 0, , 0, 0, 0, 0, 0, 
192, 0, 242, -1, -1, 86, 91, 116.0, 8, , 26, 0, 0, 0, , 0, 0, 0, 0, 0, 
193, 0, 244, -1, -1, 136, 60, 113.0, 8, , 3, 0, 0, 0, , 0, 0, 0, 0, 0, 
194, 0, 245, -1, -1, 228, 54, 122.0, 9, , 23, 0, 0, 0, , 0, 0, 0, 0, 0, 
195, 0, 246, -1, -1, 298, 144, 123.0, 8, , 7, 0, 0, 0, , 0, 0, 0, 0, 0, 
196, 0, 247, -1, -1, 228, 47, 127.0, 11, , 69, 0, 0, 0, , 0, 0, 0, 0, 0, 
197, 0, 248, -1, -1, 293, 139, 124.0, 8, , 13, 0, 0, 0, , 0, 0, 0, 0, 0, 
198, 0, 249, -1, -1, 230, 50, 131.0, 9, , 30, 0, 0, 0, , 0, 0, 0, 0, 0, 
199, 0, 250, -1, -1, 202, 40, 131.0, 8, , 6, 0, 0, 0, , 0, 0, 0, 0, 0, 
200, 0, 251, -1, -1, 49, 102, 137.0, 8, , 12, 0, 0, 0, , 0, 0, 0, 0, 0, 
201, 0, 252, -1, -1, 58, 80, 144.0, 11, , 58, 0, 0, 0, , 0, 0, 0, 0, 0, 
202, 0, 253, -1, -1, 51, 148, 144.0, 9, , 30, 0, 0, 0, , 0, 0, 0, 0, 0, 
203, 0, 254, -1, -1, 41, 105, 145.0, 8, , 44, 0, 0, 0, , 0, 0, 0, 0, 0, 
204, 0, 255, -1, -1, 45, 103, 150.0, 7, , 39, 0, 0, 0, , 0, 0, 0, 0, 0, 
205, 0, 256, -1, -1, 62, 125, 151.0, 7, , 55, 0, 0, 0, , 0, 0, 0, 0, 0, 
206, 0, 258, -1, -1, 239, 50, 155.0, 8, , 8, 0, 0, 0, , 0, 0, 0, 0, 0, 
207, 0, 259, -1, -1, 200, 140, 155.0, 8, , 8, 0, 0, 0, , 0, 0, 0, 0, 0, 
208, 0, 260, -1, -1, 267, 49, 158.0, 8, , 16, 0, 0, 0, , 0, 0, 0, 0, 0, 
209, 0, 261, -1, -1, 90, 82, 159.0, 9, , 75, 0, 0, 0, , 0, 0, 0, 0, 0, 
210, 0, 262, -1, -1, 80, 133, 162.0, 11, , 135, 0, 0, 0, , 0, 0, 0, 0, 0, 
211, 0, 263, -1, -1, 162, 36, 161.0, 9, , 25, 0, 0, 0, , 0, 0, 0, 0, 0, 
212, 0, 264, -1, -1, 304, 123, 169.0, 7, , 11, 0, 0, 0, , 0, 0, 0, 0, 0, 
213, 0, 265, -1, -1, 109, 73, 173.0, 9, , 97, 0, 0, 0, , 0, 0, 0, 0, 0, 
214, 0, 267, -1, -1, 135, 50, 170.0, 7, , 30, 0, 0, 0, , 0, 0, 0, 0, 0, 
215, 0, 268, -1, -1, 152, 73, 177.0, 8, , 5, 0, 0, 0, , 0, 0, 0, 0, 0, 
216, 0, 269, -1, -1, 111, 71, 181.0, 9, , 64, 0, 0, 0, , 0, 0, 0, 0, 0, 
217, 0, 270, -1, -1, 188, 80, 180.0, 8, , 6, 0, 0, 0, , 0, 0, 0, 0, 0, 
218, 0, 271, -1, -1, 176, 59, 184.0, 7, , 18, 0, 0, 0, , 0, 0, 0, 0, 0, 
219, 0, 272, -1, -1, 216, 62, 183.0, 8, , 17, 0, 0, 0, , 0, 0, 0, 0, 0, 
220, 0, 273, -1, -1, 79, 103, 191.0, 9, , 17, 0, 0, 0, , 0, 0, 0, 0, 0, 
221, 0, 274, -1, -1, 108, 97, 188.0, 8, , 10, 0, 0, 0, , 0, 0, 0, 0, 0, 
222, 0, 275, -1, -1, 112, 94, 194.0, 9, , 54, 0, 0, 0, , 0, 0, 0, 0, 0, 
223, 0, 276, -1, -1, 181, 57, 196.0, 7, , 32, 0, 0, 0, , 0, 0, 0, 0, 0, 
224, 0, 278, -1, -1, 248, 88, 199.0, 8, , 22, 0, 0, 0, , 0, 0, 0, 0, 0, 
225, 0, 279, -1, -1, 127, 102, 203.0, 9, , 46, 0, 0, 0, , 0, 0, 0, 0, 0, 
226, 0, 280, -1, -1, 192, 89, 207.0, 7, , 18, 0, 0, 0, , 0, 0, 0, 0, 0, 
227, 0, 281, -1, -1, 94, 68, 99.0, 8, , 13, 0, 0, 0, , 0, 0, 0, 0, 0, 
228, 0, 282, -1, -1, 84, 84, 115.0, 7, , 19, 0, 0, 0, , 0, 0, 0, 0, 0, 
229, 0, 283, -1, -1, 202, 36, 136.0, 8, , 23, 0, 0, 0, , 0, 0, 0, 0, 0, 
230, 0, 284, -1, -1, 136, 70, 157.0, 8, , 27, 0, 0, 0, , 0, 0, 0, 0, 0, 
231, 0, 286, -1, -1, 72, 110, 163.0, 7, , 46, 0, 0, 0, , 0, 0, 0, 0, 0, 
232, 0, 287, -1, -1, 145, 66, 180.0, 9, , 15, 0, 0, 0, , 0, 0, 0, 0, 0, 
233, 0, 289, -1, -1, 112, 54, 158.0, 8, , 18, 0, 0, 0, , 0, 0, 0, 0, 0, 
234, 0, 290, -1, -1, 91, 118, 194.0, 8, , 62, 0, 0, 0, , 0, 0, 0, 0, 0, 
235, 0, 292, -1, -1, 189, 148, 116.0, 9, , 20, 0, 0, 0, , 0, 0, 0, 0, 0, 
236, 0, 293, -1, -1, 299, 64, 165.0, 8, , 57, 0, 0, 0, , 0, 0, 0, 0, 0, 
237, 0, 294, -1, -1, 112, 135, 178.0, 8, , 10, 0, 0, 0, , 0, 0, 0, 0, 0, 
238, 0, 295, -1, -1, 257, 67, 176.0, 9, , 63, 0, 0, 0, , 0, 0, 0, 0, 0, 
239, 0, 296, -1, -1, 169, 83, 193.0, 7, , 28, 0, 0, 0, , 0, 0, 0, 0, 0, 
240, 0, 297, -1, -1, 168, 90, 69.0, 8, , 10, 0, 0, 0, , 0, 0, 0, 0, 0, 
241, 0, 298, -1, -1, 86, 161, 80.0, 8, , 3, 0, 0, 0, , 0, 0, 0, 0, 0, 
242, 0, 299, -1, -1, 90, 146, 81.0, 8, , 14, 0, 0, 0, , 0, 0, 0, 0, 0, 
243, 0, 301, -1, -1, 61, 87, 98.0, 7, , 5, 0, 0, 0, , 0, 0, 0, 0, 0, 
244, 0, 302, -1, -1, 201, 173, 105.0, 9, , 18, 0, 0, 0, , 0, 0, 0, 0, 0, 
245, 0, 303, -1, -1, 83, 134, 113.0, 8, , 5, 0, 0, 0, , 0, 0, 0, 0, 0, 
246, 0, 304, -1, -1, 67, 156, 113.0, 9, , 27, 0, 0, 0, , 0, 0, 0, 0, 0, 
247, 0, 306, -1, -1, 298, 144, 129.0, 8, , 5, 0, 0, 0, , 0, 0, 0, 0, 0, 
248, 0, 307, -1, -1, 155, 176, 130.0, 7, , 10, 0, 0, 0, , 0, 0, 0, 0, 0, 
249, 0, 308, -1, -1, 187, 31, 133.0, 7, , 9, 0, 0, 0, , 0, 0, 0, 0, 0, 
250, 0, 309, -1, -1, 298, 140, 133.0, 9, , 15, 0, 0, 0, , 0, 0, 0, 0, 0, 
251, 0, 310, -1, -1, 85, 156, 137.0, 7, , 5, 0, 0, 0, , 0, 0, 0, 0, 0, 
252, 0, 311, -1, -1, 150, 47, 135.0, 9, , 24, 0, 0, 0, , 0, 0, 0, 0, 0, 
253, 0, 312, -1, -1, 158, 54, 136.0, 7, , 25, 0, 0, 0, , 0, 0, 0, 0, 0, 
254, 0, 313, -1, -1, 62, 86, 140.0, 7, , 25, 0, 0, 0, , 0, 0, 0, 0, 0, 
255, 0, 314, -1, -1, 125, 82, 140.0, 9, , 48, 0, 0, 0, , 0, 0, 0, 0, 0, 
256, 0, 315, -1, -1, 128, 87, 143.0, 8, , 20, 0, 0, 0, , 0, 0, 0, 0, 0, 
257, 0, 316, -1, -1, 53, 97, 145.0, 7, , 10, 0, 0, 0, , 0, 0, 0, 0, 0, 
258, 0, 317, -1, -1, 56, 104, 147.0, 7, , 42, 0, 0, 0, , 0, 0, 0, 0, 0, 
259, 0, 318, -1, -1, 61, 84, 149.0, 7, , 49, 0, 0, 0, , 0, 0, 0, 0, 0, 
260, 0, 319, -1, -1, 332, 119, 150.0, 9, , 6, 0, 0, 0, , 0, 0, 0, 0, 0, 
261, 0, 320, -1, -1, 80, 80, 153.0, 8, , 11, 0, 0, 0, , 0, 0, 0, 0, 0, 
262, 0, 321, -1, -1, 275, 89, 159.0, 8, , 12, 0, 0, 0, , 0, 0, 0, 0, 0, 
263, 0, 322, -1, -1, 74, 117, 165.0, 8, , 24, 0, 0, 0, , 0, 0, 0, 0, 0, 
264, 0, 323, -1, -1, 138, 63, 165.0, 9, , 36, 0, 0, 0, , 0, 0, 0, 0, 0, 
265, 0, 324, -1, -1, 90, 81, 169.0, 8, , 32, 0, 0, 0, , 0, 0, 0, 0, 0, 
266, 0, 325, -1, -1, 195, 49, 168.0, 8, , 6, 0, 0, 0, , 0, 0, 0, 0, 0, 
267, 0, 326, -1, -1, 74, 107, 170.0, 8, , 24, 0, 0, 0, , 0, 0, 0, 0, 0, 
268, 0, 327, -1, -1, 235, 122, 171.0, 7, , 19, 0, 0, 0, , 0, 0, 0, 0, 0, 
269, 0, 328, -1, -1, 303, 120, 170.0, 7, , 10, 0, 0, 0, , 0, 0, 0, 0, 0, 
270, 0, 329, -1, -1, 236, 67, 174.0, 7, , 25, 0, 0, 0, , 0, 0, 0, 0, 0, 
271, 0, 331, -1, -1, 174, 57, 188.0, 8, , 33, 0, 0, 0, , 0, 0, 0, 0, 0, 
272, 0, 332, -1, -1, 138, 85, 200.0, 8, , 47, 0, 0, 0, , 0, 0, 0, 0, 0, 
273, 0, 333, -1, -1, 192, 88, 202.0, 7, , 22, 0, 0, 0, , 0, 0, 0, 0, 0, 
274, 0, 334, -1, -1, 135, 126, 200.0, 9, , 25, 0, 0, 0, , 0, 0, 0, 0, 0, 
275, 0, 335, -1, -1, 121, 105, 205.0, 7, , 5, 0, 0, 0, , 0, 0, 0, 0, 0, 
276, 0, 336, -1, -1, 157, 108, 204.0, 7, , 11, 0, 0, 0, , 0, 0, 0, 0, 0, 
277, 0, 337, -1, -1, 195, 82, 206.0, 7, , 15, 0, 0, 0, , 0, 0, 0, 0, 0, 
278, 0, 339, -1, -1, 191, 148, 106.0, 8, , 29, 0, 0, 0, , 0, 0, 0, 0, 0, 
279, 0, 340, -1, -1, 207, 150, 114.0, 9, , 6, 0, 0, 0, , 0, 0, 0, 0, 0, 
280, 0, 341, -1, -1, 62, 84, 146.0, 9, , 46, 0, 0, 0, , 0, 0, 0, 0, 0, 
281, 0, 342, -1, -1, 49, 100, 156.0, 7, , 20, 0, 0, 0, , 0, 0, 0, 0, 0, 
282, 0, 343, -1, -1, 139, 49, 161.0, 7, , 21, 0, 0, 0, , 0, 0, 0, 0, 0, 
283, 0, 344, -1, -1, 110, 68, 176.0, 8, , 49, 0, 0, 0, , 0, 0, 0, 0, 0, 
284, 0, 345, -1, -1, 138, 84, 202.0, 9, , 81, 0, 0, 0, , 0, 0, 0, 0, 0, 
285, 0, 346, -1, -1, 220, 94, 203.0, 9, , 86, 0, 0, 0, , 0, 0, 0, 0, 0, 
286, 0, 347, -1, -1, 215, 62, 180.0, 8, , 34, 0, 0, 0, , 0, 0, 0, 0, 0, 
287, 0, 348, -1, -1, 139, 55, 178.0, 8, , 17, 0, 0, 0, , 0, 0, 0, 0, 0, 
288, 0, -1, -1, -1, 72, 157, 96.0, 8, , 48, 0, 0, 0, , 0, 0, 0, 0, 0, 
289, 0, -1, -1, -1, 289, 67, 160.0, 9, , 37, 0, 0, 0, , 0, 0, 0, 0, 0, 
290, 0, -1, -1, -1, 89, 104, 186.0, 9, , 76, 0, 0, 0, , 0, 0, 0, 0, 0, 
291, 0, -1, -1, -1, 92, 118, 186.0, 8, , 31, 0, 0, 0, , 0, 0, 0, 0, 0, 
292, 0, -1, -1, -1, 199, 89, 205.0, 9, , 49, 0, 0, 0, , 0, 0, 0, 0, 0, 
293, 0, -1, -1, -1, 90, 153, 76.0, 9, , 28, 0, 0, 0, , 0, 0, 0, 0, 0, 
294, 0, -1, -1, -1, 108, 57, 97.0, 8, , 28, 0, 0, 0, , 0, 0, 0, 0, 0, 
295, 0, -1, -1, -1, 75, 148, 100.0, 8, , 10, 0, 0, 0, , 0, 0, 0, 0, 0, 
296, 0, -1, -1, -1, 67, 152, 101.0, 7, , 21, 0, 0, 0, , 0, 0, 0, 0, 0, 
297, 0, -1, -1, -1, 77, 149, 103.0, 7, , 9, 0, 0, 0, , 0, 0, 0, 0, 0, 
298, 0, -1, -1, -1, 171, 169, 103.0, 7, , 29, 0, 0, 0, , 0, 0, 0, 0, 0, 
299, 0, -1, -1, -1, 72, 161, 105.0, 7, , 18, 0, 0, 0, , 0, 0, 0, 0, 0, 
300, 0, -1, -1, -1, 71, 148, 107.0, 7, , 23, 0, 0, 0, , 0, 0, 0, 0, 0, 
301, 0, -1, -1, -1, 176, 162, 110.0, 8, , 13, 0, 0, 0, , 0, 0, 0, 0, 0, 
302, 0, -1, -1, -1, 178, 50, 115.0, 7, , 5, 0, 0, 0, , 0, 0, 0, 0, 0, 
303, 0, -1, -1, -1, 312, 109, 120.0, 7, , 27, 0, 0, 0, , 0, 0, 0, 0, 0, 
304, 0, -1, -1, -1, 95, 59, 122.0, 7, , 16, 0, 0, 0, , 0, 0, 0, 0, 0, 
305, 0, -1, -1, -1, 208, 35, 122.0, 9, , 49, 0, 0, 0, , 0, 0, 0, 0, 0, 
306, 0, -1, -1, -1, 71, 87, 126.0, 8, , 8, 0, 0, 0, , 0, 0, 0, 0, 0, 
307, 0, -1, -1, -1, 86, 72, 126.0, 9, , 52, 0, 0, 0, , 0, 0, 0, 0, 0, 
308, 0, -1, -1, -1, 182, 35, 127.0, 8, , 18, 0, 0, 0, , 0, 0, 0, 0, 0, 
309, 0, -1, -1, -1, 231, 54, 127.0, 8, , 18, 0, 0, 0, , 0, 0, 0, 0, 0, 
310, 0, -1, -1, -1, 312, 111, 127.0, 9, , 44, 0, 0, 0, , 0, 0, 0, 0, 0, 
311, 0, -1, -1, -1, 305, 87, 128.0, 9, , 44, 0, 0, 0, , 0, 0, 0, 0, 0, 
312, 0, -1, -1, -1, 98, 50, 129.0, 8, , 25, 0, 0, 0, , 0, 0, 0, 0, 0, 
313, 0, -1, -1, -1, 306, 85, 131.0, 9, , 36, 0, 0, 0, , 0, 0, 0, 0, 0, 
314, 0, -1, -1, -1, 150, 48, 133.0, 9, , 37, 0, 0, 0, , 0, 0, 0, 0, 0, 
315, 0, -1, -1, -1, 183, 40, 134.0, 7, , 12, 0, 0, 0, , 0, 0, 0, 0, 0, 
316, 0, -1, -1, -1, 58, 86, 137.0, 8, , 17, 0, 0, 0, , 0, 0, 0, 0, 0, 
317, 0, -1, -1, -1, 48, 99, 139.0, 7, , 26, 0, 0, 0, , 0, 0, 0, 0, 0, 
318, 0, -1, -1, -1, 54, 80, 139.0, 8, , 22, 0, 0, 0, , 0, 0, 0, 0, 0, 
319, 0, -1, -1, -1, 301, 138, 139.0, 9, , 32, 0, 0, 0, , 0, 0, 0, 0, 0, 
320, 0, -1, -1, -1, 115, 55, 144.0, 9, , 23, 0, 0, 0, , 0, 0, 0, 0, 0, 
321, 0, -1, -1, -1, 157, 35, 148.0, 9, , 31, 0, 0, 0, , 0, 0, 0, 0, 0, 
322, 0, -1, -1, -1, 200, 138, 152.0, 8, , 16, 0, 0, 0, , 0, 0, 0, 0, 0, 
323, 0, -1, -1, -1, 84, 85, 153.0, 8, , 35, 0, 0, 0, , 0, 0, 0, 0, 0, 
324, 0, -1, -1, -1, 274, 86, 154.0, 9, , 33, 0, 0, 0, , 0, 0, 0, 0, 0, 
325, 0, -1, -1, -1, 81, 74, 155.0, 8, , 26, 0, 0, 0, , 0, 0, 0, 0, 0, 
326, 0, -1, -1, -1, 185, 47, 157.0, 7, , 12, 0, 0, 0, , 0, 0, 0, 0, 0, 
327, 0, -1, -1, -1, 236, 121, 157.0, 9, , 32, 0, 0, 0, , 0, 0, 0, 0, 0, 
328, 0, -1, -1, -1, 76, 82, 160.0, 7, , 38, 0, 0, 0, , 0, 0, 0, 0, 0, 
329, 0, -1, -1, -1, 138, 44, 164.0, 7, , 17, 0, 0, 0, , 0, 0, 0, 0, 0, 
330, 0, -1, -1, -1, 62, 114, 178.0, 8, , 26, 0, 0, 0, , 0, 0, 0, 0, 0, 
331, 0, -1, -1, -1, 270, 95, 178.0, 8, , 23, 0, 0, 0, , 0, 0, 0, 0, 0, 
332, 0, -1, -1, -1, 77, 97, 180.0, 8, , 13, 0, 0, 0, , 0, 0, 0, 0, 0, 
333, 0, -1, -1, -1, 140, 69, 182.0, 8, , 2, 0, 0, 0, , 0, 0, 0, 0, 0, 
334, 0, -1, -1, -1, 131, 148, 185.0, 7, , 5, 0, 0, 0, , 0, 0, 0, 0, 0, 
335, 0, -1, -1, -1, 275, 103, 189.0, 9, , 6, 0, 0, 0, , 0, 0, 0, 0, 0, 
336, 0, -1, -1, -1, 199, 120, 192.0, 7, , 9, 0, 0, 0, , 0, 0, 0, 0, 0, 
337, 0, -1, -1, -1, 199, 124, 197.0, 9, , 14, 0, 0, 0, , 0, 0, 0, 0, 0, 
338, 0, -1, -1, -1, 95, 119, 200.0, 9, , 51, 0, 0, 0, , 0, 0, 0, 0, 0, 
339, 0, -1, -1, -1, 243, 93, 203.0, 9, , 26, 0, 0, 0, , 0, 0, 0, 0, 0, 
340, 0, -1, -1, -1, 47, 111, 88.0, 9, , 70, 0, 0, 0, , 0, 0, 0, 0, 0, 
341, 0, -1, -1, -1, 171, 169, 101.0, 7, , 26, 0, 0, 0, , 0, 0, 0, 0, 0, 
342, 0, -1, -1, -1, 251, 147, 103.0, 7, , 22, 0, 0, 0, , 0, 0, 0, 0, 0, 
343, 0, -1, -1, -1, 70, 148, 105.0, 7, , 20, 0, 0, 0, , 0, 0, 0, 0, 0, 
344, 0, -1, -1, -1, 302, 86, 120.0, 7, , 11, 0, 0, 0, , 0, 0, 0, 0, 0, 
345, 0, -1, -1, -1, 137, 59, 158.0, 7, , 14, 0, 0, 0, , 0, 0, 0, 0, 0, 
346, 0, -1, -1, -1, 71, 109, 165.0, 7, , 13, 0, 0, 0, , 0, 0, 0, 0, 0, 
347, 0, -1, -1, -1, 257, 68, 178.0, 7, , 35, 0, 0, 0, , 0, 0, 0, 0, 0, 
348, 0, -1, -1, -1, 107, 54, 103.0, 7, , 18, 0, 0, 0, , 0, 0, 0, 0, 0, 
349, 0, -1, -1, -1, 256, 67, 180.0, 7, , 26, 0, 0, 0, , 0, 0, 0, 0, 0, 
350, 0, -1, -1, -1, 91, 118, 189.0, 7, , 26, 0, 0, 0, , 0, 0, 0, 0, 0, 
351, 1, 349, 332, -1, 282, 113, 129.0, 18, Eprp, 0, 0, 0, 0, , 0, 0, 0, 0, 0, 
352, 1, 350, 333, -1, 151, 51, 136.0, 17, ABpraaapp, 0, 0, 0, 0, , 0, 0, 0, 0, 0, 
353, 1, 351, 334, -1, 185, 82, 174.0, 17, ABarapppp, 0, 0, 0, 0, , 0, 0, 0, 0, 0, 
354, 1, 353, 335, -1, 138, 85, 197.0, 17, ABarappaa, 0, 0, 0, 0, , 0, 0, 0, 0, 0, 
355, 1, 354, 336, -1, 147, 69, 177.0, 16, ABarapppa, 0, 0, 0, 0, , 0, 0, 0, 0, 0, 
356, 0, 355, -1, -1, 127, 83, 183.19148, 17, , 0, 0, 0, 0, , 0, 0, 0, 0, 0, 
357, 0, 356, -1, -1, 143, 63, 182.13333, 17, , 0, 0, 0, 0, , 0, 0, 0, 0, 0, 
358, 1, 357, 339, -1, 170, 84, 200.0, 17, ABarappap, 0, 0, 0, 0, , 0, 0, 0, 0, 0, 
359, 1, 358, 340, -1, 96, 120, 195.0, 17, ABarapaaa, 0, 0, 0, 0, , 0, 0, 0, 0, 0, 
360, 1, 359, 341, -1, 136, 123, 195.0, 15, ABarapaap, 0, 0, 0, 0, , 0, 0, 0, 0, 0, 
361, 1, 360, 342, -1, 121, 101, 203.0, 19, ABarapapa, 0, 0, 0, 0, , 0, 0, 0, 0, 0, 
362, 1, 361, 343, -1, 163, 111, 204.0, 16, ABarapapp, 0, 0, 0, 0, , 0, 0, 0, 0, 0, 
363, 1, 362, 344, -1, 80, 132, 167.0, 16, ABaraapaa, 0, 0, 0, 0, , 0, 0, 0, 0, 0, 
364, 1, 363, 345, -1, 111, 141, 177.0, 16, ABaraapap, 0, 0, 0, 0, , 0, 0, 0, 0, 0, 
365, 1, 364, 346, -1, 130, 153, 185.0, 15, ABaraappa, 0, 0, 0, 0, , 0, 0, 0, 0, 0, 
366, 1, 365, 347, -1, 160, 136, 196.0, 19, ABaraappp, 0, 0, 0, 0, , 0, 0, 0, 0, 0, 
367, 1, 366, 348, -1, 82, 101, 187.0, 17, ABaraaapa, 0, 0, 0, 0, , 0, 0, 0, 0, 0, 
368, 1, 367, 349, -1, 115, 95, 188.0, 19, ABaraaapp, 0, 0, 0, 0, , 0, 0, 0, 0, 0, 
369, 1, 368, 350, -1, 68, 112, 173.0, 17, ABaraaaa, 0, 0, 0, 0, , 0, 0, 0, 0, 0, 
370, 1, 369, 351, 352, 54, 124, 152.0, 17, ABalpaaa, 0, 0, 0, 0, , 0, 0, 0, 0, 0, 
371, 1, 370, 353, -1, 47, 119, 119.0, 19, ABalpaapa, 0, 0, 0, 0, , 0, 0, 0, 0, 0, 
372, 1, 371, 354, -1, 82, 134, 117.0, 16, ABalpaapp, 0, 0, 0, 0, , 0, 0, 0, 0, 0, 
373, 1, 372, 355, -1, 89, 158, 161.0, 19, ABalpappa, 0, 0, 0, 0, , 0, 0, 0, 0, 0, 
374, 1, 373, 356, -1, 133, 167, 160.0, 19, ABalpappp, 0, 0, 0, 0, , 0, 0, 0, 0, 0, 
375, 1, 374, 357, -1, 72, 155, 106.0, 19, ABalppaa, 0, 0, 0, 0, , 0, 0, 0, 0, 0, 
376, 1, 375, 358, -1, 98, 145, 119.0, 17, ABalppapa, 0, 0, 0, 0, , 0, 0, 0, 0, 0, 
377, 1, 376, 359, -1, 121, 169, 132.0, 19, ABalppapp, 0, 0, 0, 0, , 0, 0, 0, 0, 0, 
378, 1, 377, 360, -1, 55, 147, 142.0, 15, ABalpapaa, 0, 0, 0, 0, , 0, 0, 0, 0, 0, 
379, 1, 378, 361, -1, 91, 158, 137.0, 17, ABalpapap, 0, 0, 0, 0, , 0, 0, 0, 0, 0, 
380, 1, 379, 362, -1, 72, 112, 113.0, 16, ABalpppaa, 0, 0, 0, 0, , 0, 0, 0, 0, 0, 
381, 1, 380, 363, -1, 103, 119, 94.0, 13, ABalpppap, 0, 0, 0, 0, , 0, 0, 0, 0, 0, 
382, 1, 381, 364, -1, 152, 133, 99.0, 19, ABalppppp, 0, 0, 0, 0, , 0, 0, 0, 0, 0, 
383, 1, 382, 365, -1, 119, 117, 109.333336, 13, ABalppppa, 0, 0, 0, 0, , 0, 0, 0, 0, 0, 
384, 1, 383, 366, -1, 49, 101, 146.0, 17, ABalaaaa, 0, 0, 0, 0, , 0, 0, 0, 0, 0, 
385, 1, 384, 367, -1, 59, 83, 142.0, 16, ABalaaapa, 0, 0, 0, 0, , 0, 0, 0, 0, 0, 
386, 1, 385, 368, -1, 86, 75, 132.0, 14, ABalaaapp, 0, 0, 0, 0, , 0, 0, 0, 0, 0, 
387, 1, 386, 369, -1, 84, 80, 162.0, 17, ABalaapa, 0, 0, 0, 0, , 0, 0, 0, 0, 0, 
388, 1, 388, 370, -1, 127, 83, 143.0, 15, ABalaappp, 0, 0, 0, 0, , 0, 0, 0, 0, 0, 
389, 1, 387, 371, -1, 99, 78, 146.0, 17, ABalaappa, 0, 0, 0, 0, , 0, 0, 0, 0, 0, 
390, 1, 392, 372, -1, 63, 88, 93.0, 17, ABalapaap, 0, 0, 0, 0, , 0, 0, 0, 0, 0, 
391, 1, 391, 373, -1, 68, 83, 120.0, 17, ABalapaaa, 0, 0, 0, 0, , 0, 0, 0, 0, 0, 
392, 1, 393, 374, -1, 82, 86, 83.0, 15, ABalapapa, 0, 0, 0, 0, , 0, 0, 0, 0, 0, 
393, 1, 394, 375, -1, 119, 74, 76.0, 14, ABalapapp, 0, 0, 0, 0, , 0, 0, 0, 0, 0, 
394, 1, 395, 377, -1, 85, 88, 115.0, 15, ABalappaa, 0, 0, 0, 0, , 0, 0, 0, 0, 0, 
395, 1, 395, 376, -1, 104, 87, 108.0, 14, ABalappap, 0, 0, 0, 0, , 0, 0, 0, 0, 0, 
396, 1, 396, 378, -1, 120, 90, 111.0, 16, ABalapppa, 0, 0, 0, 0, , 0, 0, 0, 0, 0, 
397, 1, 397, 379, -1, 159, 80, 106.0, 16, ABalapppp, 0, 0, 0, 0, , 0, 0, 0, 0, 0, 
398, 1, 399, 381, -1, 136, 68, 165.0, 15, ABpraaaap, 0, 0, 0, 0, , 0, 0, 0, 0, 0, 
399, 1, 398, 380, -1, 109, 70, 174.0, 14, ABpraaaaa, 0, 0, 0, 0, , 0, 0, 0, 0, 0, 
400, 1, 401, 382, -1, 234, 48, 154.0, 18, ABpraappp, 0, 0, 0, 0, , 0, 0, 0, 0, 0, 
401, 1, 402, 383, -1, 192, 47, 159.0, 14, ABpraappa, 0, 0, 0, 0, , 0, 0, 0, 0, 0, 
402, 1, 403, 384, -1, 265, 47, 148.33333, 13, ABprappaa, 0, 0, 0, 0, , 0, 0, 0, 0, 0, 
403, 1, 404, 385, -1, 295, 72, 134.66667, 13, ABprappap, 0, 0, 0, 0, , 0, 0, 0, 0, 0, 
404, 1, 405, 386, -1, 305, 87, 129.0, 17, ABprapppa, 0, 0, 0, 0, , 0, 0, 0, 0, 0, 
405, 1, 406, 387, -1, 207, 35, 128.0, 13, ABprapaaa, 0, 0, 0, 0, , 0, 0, 0, 0, 0, 
406, 1, 407, 388, -1, 227, 50, 124.0, 15, ABprapaap, 0, 0, 0, 0, , 0, 0, 0, 0, 0, 
407, 1, 408, 389, -1, 247, 47, 121.666664, 17, ABprapapa, 0, 0, 0, 0, , 0, 0, 0, 0, 0, 
408, 1, 409, 390, -1, 276, 66, 118.666664, 15, ABprapapp, 0, 0, 0, 0, , 0, 0, 0, 0, 0, 
409, 1, 410, 391, -1, 171, 168, 103.0, 15, ABplppaa, 0, 0, 0, 0, , 0, 0, 0, 0, 0, 
410, 1, 411, 393, -1, 190, 146, 111.0, 14, ABplppapa, 0, 0, 0, 0, , 0, 0, 0, 0, 0, 
411, 1, 411, 392, -1, 204, 154, 109.5, 15, ABplppapp, 0, 0, 0, 0, , 0, 0, 0, 0, 0, 
412, 1, 412, 394, -1, 202, 176, 104.0, 15, ABplpppaa, 0, 0, 0, 0, , 0, 0, 0, 0, 0, 
413, 1, 413, 395, -1, 231, 173, 116.0, 17, ABplpppap, 0, 0, 0, 0, , 0, 0, 0, 0, 0, 
414, 1, 414, 396, -1, 212, 174, 138.0, 14, ABplppppa, 0, 0, 0, 0, , 0, 0, 0, 0, 0, 
415, 1, 415, 397, -1, 242, 177, 138.0, 17, ABplppppp, 0, 0, 0, 0, , 0, 0, 0, 0, 0, 
416, 1, 416, 398, -1, 142, 177, 111.0, 16, ABplpapap, 0, 0, 0, 0, , 0, 0, 0, 0, 0, 
417, 1, 417, 399, -1, 87, 152, 84.0, 17, ABplpaaaa, 0, 0, 0, 0, , 0, 0, 0, 0, 0, 
418, 1, 418, 400, -1, 122, 150, 85.0, 17, ABplpaaap, 0, 0, 0, 0, , 0, 0, 0, 0, 0, 
419, 1, 419, 401, -1, 132, 172, 88.0, 19, ABplpaapa, 0, 0, 0, 0, , 0, 0, 0, 0, 0, 
420, 1, 420, 402, -1, 170, 165, 75.0, 19, ABplpaapp, 0, 0, 0, 0, , 0, 0, 0, 0, 0, 
421, 1, 421, 403, -1, 106, 172, 108.0, 15, ABplpapaa, 0, 0, 0, 0, , 0, 0, 0, 0, 0, 
422, 1, 422, 404, -1, 153, 178, 138.0, 17, ABplpappa, 0, 0, 0, 0, , 0, 0, 0, 0, 0, 
423, 1, 423, 405, -1, 192, 178, 131.0, 17, ABplpappp, 0, 0, 0, 0, , 0, 0, 0, 0, 0, 
424, 1, 425, 406, -1, 188, 38, 128.0, 16, ABpraapap, 0, 0, 0, 0, , 0, 0, 0, 0, 0, 
425, 1, 426, 407, -1, 139, 48, 167.0, 14, ABprpaaaa, 0, 0, 0, 0, , 0, 0, 0, 0, 0, 
426, 1, 427, 408, -1, 173, 48, 170.0, 15, ABprpaaap, 0, 0, 0, 0, , 0, 0, 0, 0, 0, 
427, 1, 428, 409, -1, 182, 56, 186.8, 15, ABprpaapa, 0, 0, 0, 0, , 0, 0, 0, 0, 0, 
428, 1, 429, 410, -1, 211, 62, 179.0, 15, ABprpaapp, 0, 0, 0, 0, , 0, 0, 0, 0, 0, 
429, 1, 430, 411, -1, 196, 87, 201.0, 15, ABprpapaa, 0, 0, 0, 0, , 0, 0, 0, 0, 0, 
430, 1, 431, 412, -1, 222, 91, 204.0, 15, ABprpapap, 0, 0, 0, 0, , 0, 0, 0, 0, 0, 
431, 1, 432, 413, -1, 244, 92, 201.0, 15, ABprpappa, 0, 0, 0, 0, , 0, 0, 0, 0, 0, 
432, 1, 433, 414, -1, 272, 101, 181.0, 16, ABprpappp, 0, 0, 0, 0, , 0, 0, 0, 0, 0, 
433, 1, 434, 415, 416, 235, 66, 181.0, 16, ABprppaa, 0, 0, 0, 0, , 0, 0, 0, 0, 0, 
434, 1, 436, 417, -1, 254, 67, 174.0, 16, ABprppapa, 0, 0, 0, 0, , 0, 0, 0, 0, 0, 
435, 1, 435, 418, -1, 277, 85, 160.0, 14, ABprppapp, 0, 0, 0, 0, , 0, 0, 0, 0, 0, 
436, 1, 437, 419, -1, 293, 67, 167.0, 12, ABprpppaa, 0, 0, 0, 0, , 0, 0, 0, 0, 0, 
437, 1, 438, 420, -1, 312, 96, 158.0, 14, ABprpppap, 0, 0, 0, 0, , 0, 0, 0, 0, 0, 
438, 1, 439, 421, -1, 296, 87, 178.0, 15, ABprppppa, 0, 0, 0, 0, , 0, 0, 0, 0, 0, 
439, 1, 440, 422, -1, 303, 122, 179.0, 15, ABprppppp, 0, 0, 0, 0, , 0, 0, 0, 0, 0, 
440, 1, 441, 423, -1, 88, 111, 143.85715, 19, MSaaaa, 0, 0, 0, 0, , 0, 0, 0, 0, 0, 
441, 1, 442, 424, -1, 130, 129, 155.0, 19, MSaaap, 0, 0, 0, 0, , 0, 0, 0, 0, 0, 
442, 1, 443, 425, -1, 158, 157, 172.0, 16, MSaapa, 0, 0, 0, 0, , 0, 0, 0, 0, 0, 
443, 1, 444, 426, -1, 199, 159, 179.8, 16, MSaapp, 0, 0, 0, 0, , 0, 0, 0, 0, 0, 
444, 1, 445, 427, -1, 129, 141, 128.0, 16, MSapaa, 0, 0, 0, 0, , 0, 0, 0, 0, 0, 
445, 1, 446, 428, -1, 161, 143, 129.0, 16, MSapap, 0, 0, 0, 0, , 0, 0, 0, 0, 0, 
446, 1, 447, 429, -1, 178, 152, 151.0, 16, MSappa, 0, 0, 0, 0, , 0, 0, 0, 0, 0, 
447, 1, 448, 430, -1, 207, 143, 137.0, 16, MSappp, 0, 0, 0, 0, , 0, 0, 0, 0, 0, 
448, 1, 449, 431, -1, 160, 91, 174.0, 16, MSppaa, 0, 0, 0, 0, , 0, 0, 0, 0, 0, 
449, 1, 450, 432, -1, 201, 89, 160.0, 16, MSppap, 0, 0, 0, 0, , 0, 0, 0, 0, 0, 
450, 1, 451, 433, -1, 209, 105, 184.0, 16, MSpppa, 0, 0, 0, 0, , 0, 0, 0, 0, 0, 
451, 1, 452, 434, -1, 237, 97, 172.0, 16, MSpppp, 0, 0, 0, 0, , 0, 0, 0, 0, 0, 
452, 1, 453, 435, -1, 130, 101, 161.0, 17, MSpaaa, 0, 0, 0, 0, , 0, 0, 0, 0, 0, 
453, 1, 454, 436, -1, 168, 122, 173.0, 17, MSpaap, 0, 0, 0, 0, , 0, 0, 0, 0, 0, 
454, 1, 455, 437, -1, 191, 125, 200.0, 18, MSpapa, 0, 0, 0, 0, , 0, 0, 0, 0, 0, 
455, 1, 456, 438, -1, 227, 131, 200.0, 16, MSpapp, 0, 0, 0, 0, , 0, 0, 0, 0, 0, 
456, 1, 457, 439, -1, 146, 114, 121.0, 19, Eala, 0, 0, 0, 0, , 0, 0, 0, 0, 0, 
457, 1, 458, 440, -1, 291, 132, 86.0, 17, Caap, 0, 0, 0, 0, , 0, 0, 0, 0, 0, 
458, 1, 459, 441, -1, 266, 171, 112.0, 17, Capa, 0, 0, 0, 0, , 0, 0, 0, 0, 0, 
459, 1, 460, 442, -1, 275, 145, 114.0, 17, Capp, 0, 0, 0, 0, , 0, 0, 0, 0, 0, 
460, 1, 461, 443, -1, 302, 137, 126.0, 17, Cppp, 0, 0, 0, 0, , 0, 0, 0, 0, 0, 
461, 1, 462, 444, -1, 324, 124, 152.0, 17, Cppa, 0, 0, 0, 0, , 0, 0, 0, 0, 0, 
462, 1, 463, 445, -1, 239, 77, 148.0, 19, Epra, 0, 0, 0, 0, , 0, 0, 0, 0, 0, 
463, 1, 464, 446, -1, 193, 117, 123.0, 19, Ealp, 0, 0, 0, 0, , 0, 0, 0, 0, 0, 
464, 1, 465, 447, -1, 155, 86, 140.0, 19, Eara, 0, 0, 0, 0, , 0, 0, 0, 0, 0, 
465, 1, 466, 448, -1, 213, 89, 136.0, 17, Earp, 0, 0, 0, 0, , 0, 0, 0, 0, 0, 
466, 1, 467, 449, -1, 223, 113, 119.0, 18, Epla, 0, 0, 0, 0, , 0, 0, 0, 0, 0, 
467, 1, 468, 450, -1, 254, 121, 133.0, 19, Eplp, 0, 0, 0, 0, , 0, 0, 0, 0, 0, 
468, 1, 469, 451, -1, 232, 105, 76.0, 17, Caaaa, 0, 0, 0, 0, , 0, 0, 0, 0, 0, 
469, 1, 470, 452, -1, 261, 142, 84.0, 17, Caaap, 0, 0, 0, 0, , 0, 0, 0, 0, 0, 
470, 1, 471, 453, -1, 239, 64, 90.0, 17, Cpaaa, 0, 0, 0, 0, , 0, 0, 0, 0, 0, 
471, 1, 472, 454, -1, 284, 97, 93.0, 17, Cpaap, 0, 0, 0, 0, , 0, 0, 0, 0, 0, 
472, 1, 473, 455, -1, 308, 101, 98.0, 17, Cpapa, 0, 0, 0, 0, , 0, 0, 0, 0, 0, 
473, 1, 474, 456, -1, 320, 142, 107.0, 15, Cpapp, 0, 0, 0, 0, , 0, 0, 0, 0, 0, 
474, 1, 475, 457, -1, 232, 156, 161.0, 16, Daa, 0, 0, 0, 0, , 0, 0, 0, 0, 0, 
475, 1, 476, 458, -1, 270, 159, 149.0, 16, Dap, 0, 0, 0, 0, , 0, 0, 0, 0, 0, 
476, 1, 477, 459, -1, 258, 127, 183.0, 16, Dpa, 0, 0, 0, 0, , 0, 0, 0, 0, 0, 
477, 1, 478, 460, -1, 295, 146, 157.0, 16, Dpp, 0, 0, 0, 0, , 0, 0, 0, 0, 0, 
478, 1, 479, 461, -1, 232, 123, 167.0, 18, Z2, 0, 0, 0, 0, , 0, 0, 0, 0, 0, 
479, 1, 480, 462, -1, 199, 133, 161.0, 16, Z3, 0, 0, 0, 0, , 0, 0, 0, 0, 0, 
480, 1, 481, 464, -1, 92, 67, 99.0, 14, ABarpaaaa, 0, 0, 0, 0, , 0, 0, 0, 0, 0, 
481, 1, 481, 463, -1, 108, 58, 99.5, 16, ABarpaaap, 0, 0, 0, 0, , 0, 0, 0, 0, 0, 
482, 1, 482, 465, -1, 126, 52, 94.0, 19, ABarpaapa, 0, 0, 0, 0, , 0, 0, 0, 0, 0, 
483, 1, 483, 466, -1, 171, 53, 85.0, 18, ABarpaapp, 0, 0, 0, 0, , 0, 0, 0, 0, 0, 
484, 1, 484, 467, -1, 97, 55, 128.0, 15, ABarpapaa, 0, 0, 0, 0, , 0, 0, 0, 0, 0, 
485, 1, 485, 468, -1, 132, 61, 122.0, 15, ABarpapap, 0, 0, 0, 0, , 0, 0, 0, 0, 0, 
486, 1, 486, 469, -1, 141, 38, 113.0, 14, ABarpappa, 0, 0, 0, 0, , 0, 0, 0, 0, 0, 
487, 1, 487, 470, -1, 177, 55, 117.0, 17, ABarpappp, 0, 0, 0, 0, , 0, 0, 0, 0, 0, 
488, 1, 488, 472, -1, 167, 89, 70.0, 17, ABarppaaa, 0, 0, 0, 0, ABarppaaa, 0, 0, 0, 0, 0, 
489, 1, 488, 471, -1, 177, 90, 73.0, 16, ABarppaap, 0, 0, 0, 0, ABarppaap, 0, 0, 0, 0, 0, 
490, 1, 489, 474, -1, 189, 98, 94.0, 19, ABarppapa, 0, 0, 0, 0, , 0, 0, 0, 0, 0, 
491, 1, 489, 473, -1, 217, 107, 92.5, 19, ABarppapp, 0, 0, 0, 0, , 0, 0, 0, 0, 0, 
492, 1, 491, 475, -1, 189, 56, 104.0, 16, ABarpppaa, 0, 0, 0, 0, , 0, 0, 0, 0, 0, 
493, 1, 490, 476, -1, 219, 68, 103.0, 17, ABarpppap, 0, 0, 0, 0, , 0, 0, 0, 0, 0, 
494, 1, 492, 478, -1, 229, 82, 111.0, 18, ABarppppa, 0, 0, 0, 0, , 0, 0, 0, 0, 0, 
495, 1, 492, 477, -1, 255, 92, 110.5, 18, ABarppppp, 0, 0, 0, 0, , 0, 0, 0, 0, 0, 
496, 1, 493, 483, -1, 67, 112, 83.0, 17, ABplaaaaa, 0, 0, 0, 0, , 0, 0, 0, 0, 0, 
497, 1, 494, 484, -1, 98, 99, 63.0, 17, ABplaaaap, 0, 0, 0, 0, , 0, 0, 0, 0, 0, 
498, 1, 495, 485, -1, 117, 99, 59.0, 17, ABplaaapa, 0, 0, 0, 0, , 0, 0, 0, 0, 0, 
499, 1, 496, 486, -1, 146, 97, 76.0, 17, ABplaaapp, 0, 0, 0, 0, , 0, 0, 0, 0, 0, 
500, 1, 497, 487, -1, 81, 129, 71.0, 17, ABplaapaa, 0, 0, 0, 0, , 0, 0, 0, 0, 0, 
501, 1, 498, 488, -1, 117, 131, 55.0, 17, ABplaapap, 0, 0, 0, 0, , 0, 0, 0, 0, 0, 
502, 1, 499, 489, -1, 168, 128, 74.0, 17, ABplaappp, 0, 0, 0, 0, , 0, 0, 0, 0, 0, 
503, 1, 500, 490, -1, 135, 142, 66.0, 17, ABplaappa, 0, 0, 0, 0, , 0, 0, 0, 0, 0, 
504, 1, 501, 491, -1, 142, 113, 53.0, 17, ABplapaaa, 0, 0, 0, 0, , 0, 0, 0, 0, 0, 
505, 1, 502, 492, -1, 173, 116, 53.0, 17, ABplapaap, 0, 0, 0, 0, , 0, 0, 0, 0, 0, 
506, 1, 503, 493, -1, 194, 114, 59.0, 16, ABplapapa, 0, 0, 0, 0, , 0, 0, 0, 0, 0, 
507, 1, 504, 494, -1, 229, 140, 69.0, 17, ABplapapp, 0, 0, 0, 0, , 0, 0, 0, 0, 0, 
508, 1, 505, 495, -1, 190, 140, 73.0, 19, ABplappaa, 0, 0, 0, 0, , 0, 0, 0, 0, 0, 
509, 1, 506, 496, -1, 221, 156, 82.0, 19, ABplappap, 0, 0, 0, 0, , 0, 0, 0, 0, 0, 
510, 1, 507, 498, -1, 224, 149, 100.0, 17, ABplapppa, 0, 0, 0, 0, , 0, 0, 0, 0, 0, 
511, 1, 507, 497, -1, 251, 151, 102.0, 17, ABplapppp, 0, 0, 0, 0, , 0, 0, 0, 0, 0, 
512, 0, 424, -1, -1, 163, 35, 149.0, 14, , 0, 0, 0, 0, , 0, 0, 0, 0, 0, 
513, 1, 508, 499, -1, 112, 53, 150.0, 17, ABpraaapa, 0, 0, 0, 0, , 0, 0, 0, 0, 0, 
514, 1, 424, 500, -1, 162, 34, 150.0, 14, ABpraapaa, 0, 0, 0, 0, , 0, 0, 0, 0, 0, 
515, 1, 405, 501, -1, 313, 109, 128.0, 17, ABprapppp, 0, 0, 0, 0, , 0, 0, 0, 0, 0, 
