1, 0, 1, -1, -1, 49, 113, 79.0, 7, , 121, 0, 0, 0, , 0, 0, 0, 0, 0, 
2, 0, 2, -1, -1, 127, 102, 196.0, 9, , 34, 0, 0, 0, , 0, 0, 0, 0, 0, 
3, 0, 3, -1, -1, 130, 103, 200.0, 8, , 26, 0, 0, 0, , 0, 0, 0, 0, 0, 
4, 0, 4, -1, -1, 125, 83, 191.0, 8, , 34, 0, 0, 0, , 0, 0, 0, 0, 0, 
5, 0, 5, -1, -1, 90, 79, 135.0, 8, , 31, 0, 0, 0, , 0, 0, 0, 0, 0, 
6, 0, 6, -1, -1, 294, 88, 174.0, 7, , 18, 0, 0, 0, , 0, 0, 0, 0, 0, 
7, 0, 7, -1, -1, 171, 45, 167.0, 8, , 13, 0, 0, 0, , 0, 0, 0, 0, 0, 
8, 0, 8, -1, -1, 125, 150, 185.0, 8, , 10, 0, 0, 0, , 0, 0, 0, 0, 0, 
9, 0, 9, -1, -1, 124, 105, 207.0, 8, , 21, 0, 0, 0, , 0, 0, 0, 0, 0, 
10, 0, 10, -1, -1, 70, 112, 168.0, 9, , 108, 0, 0, 0, , 0, 0, 0, 0, 0, 
11, 0, 11, -1, -1, 138, 71, 154.0, 7, , 18, 0, 0, 0, , 0, 0, 0, 0, 0, 
12, 0, 12, -1, -1, 186, 48, 165.0, 8, , 17, 0, 0, 0, , 0, 0, 0, 0, 0, 
13, 0, 13, -1, -1, 70, 119, 169.0, 7, , 34, 0, 0, 0, , 0, 0, 0, 0, 0, 
14, 0, 15, -1, -1, 87, 95, 190.0, 8, , 35, 0, 0, 0, , 0, 0, 0, 0, 0, 
15, 0, 17, -1, -1, 119, 91, 196.0, 8, , 4, 0, 0, 0, , 0, 0, 0, 0, 0, 
16, 0, 19, -1, -1, 299, 83, 176.0, 7, , 18, 0, 0, 0, , 0, 0, 0, 0, 0, 
17, 0, 20, -1, -1, 87, 99, 182.0, 8, , 4, 0, 0, 0, , 0, 0, 0, 0, 0, 
18, 0, 21, -1, -1, 239, 65, 187.0, 8, , 65, 0, 0, 0, , 0, 0, 0, 0, 0, 
19, 0, 22, -1, -1, 80, 67, 99.0, 8, , 25, 0, 0, 0, , 0, 0, 0, 0, 0, 
20, 0, 23, -1, -1, 285, 65, 161.0, 7, , 5, 0, 0, 0, , 0, 0, 0, 0, 0, 
21, 0, 25, -1, -1, 117, 88, 187.0, 9, , 84, 0, 0, 0, , 0, 0, 0, 0, 0, 
22, 0, 27, -1, -1, 217, 87, 197.0, 7, , 18, 0, 0, 0, , 0, 0, 0, 0, 0, 
23, 0, 28, -1, -1, 223, 94, 197.0, 7, , 6, 0, 0, 0, , 0, 0, 0, 0, 0, 
24, 0, 29, -1, -1, 46, 107, 92.0, 8, , 16, 0, 0, 0, , 0, 0, 0, 0, 0, 
25, 0, 30, -1, -1, 109, 59, 92.0, 9, , 61, 0, 0, 0, , 0, 0, 0, 0, 0, 
26, 0, 31, -1, -1, 47, 112, 86.0, 9, , 207, 0, 0, 0, , 0, 0, 0, 0, 0, 
27, 0, 32, -1, -1, 212, 57, 176.0, 7, , 17, 0, 0, 0, , 0, 0, 0, 0, 0, 
28, 0, 33, -1, -1, 126, 55, 123.0, 7, , 16, 0, 0, 0, , 0, 0, 0, 0, 0, 
29, 0, 34, -1, -1, 175, 48, 164.0, 8, , 50, 0, 0, 0, , 0, 0, 0, 0, 0, 
30, 0, 35, -1, -1, 71, 121, 172.0, 7, , 19, 0, 0, 0, , 0, 0, 0, 0, 0, 
31, 0, 36, -1, -1, 142, 46, 172.0, 8, , 3, 0, 0, 0, , 0, 0, 0, 0, 0, 
32, 0, 37, -1, -1, 174, 48, 170.0, 11, , 49, 0, 0, 0, , 0, 0, 0, 0, 0, 
33, 0, 38, -1, -1, 168, 51, 167.0, 9, , 31, 0, 0, 0, , 0, 0, 0, 0, 0, 
34, 0, 39, -1, -1, 67, 114, 173.0, 7, , 63, 0, 0, 0, , 0, 0, 0, 0, 0, 
35, 0, 41, -1, -1, 141, 81, 195.0, 9, , 65, 0, 0, 0, , 0, 0, 0, 0, 0, 
36, 0, 42, -1, -1, 227, 89, 202.0, 8, , 30, 0, 0, 0, , 0, 0, 0, 0, 0, 
37, 0, 43, -1, -1, 120, 103, 209.0, 9, , 44, 0, 0, 0, , 0, 0, 0, 0, 0, 
38, 0, 45, -1, -1, 171, 49, 174.0, 9, , 37, 0, 0, 0, , 0, 0, 0, 0, 0, 
39, 0, 46, -1, -1, 270, 90, 183.0, 7, , 7, 0, 0, 0, , 0, 0, 0, 0, 0, 
40, 0, 47, -1, -1, 290, 66, 166.0, 8, , 8, 0, 0, 0, , 0, 0, 0, 0, 0, 
41, 0, 48, -1, -1, 108, 53, 93.0, 7, , 13, 0, 0, 0, , 0, 0, 0, 0, 0, 
42, 0, 50, -1, -1, 83, 77, 128.0, 8, , 15, 0, 0, 0, , 0, 0, 0, 0, 0, 
43, 0, 51, -1, -1, 78, 78, 157.0, 7, , 15, 0, 0, 0, , 0, 0, 0, 0, 0, 
44, 0, 52, -1, -1, 158, 30, 155.0, 8, , 9, 0, 0, 0, , 0, 0, 0, 0, 0, 
45, 0, 53, -1, -1, 108, 52, 155.0, 8, , 21, 0, 0, 0, , 0, 0, 0, 0, 0, 
46, 0, 54, -1, -1, 281, 78, 157.0, 8, , 5, 0, 0, 0, , 0, 0, 0, 0, 0, 
47, 0, 56, -1, -1, 279, 67, 167.0, 8, , 52, 0, 0, 0, , 0, 0, 0, 0, 0, 
48, 0, 58, -1, -1, 239, 60, 178.0, 8, , 26, 0, 0, 0, , 0, 0, 0, 0, 0, 
49, 0, 59, -1, -1, 247, 60, 181.0, 8, , 52, 0, 0, 0, , 0, 0, 0, 0, 0, 
50, 0, 60, -1, -1, 249, 93, 202.0, 7, , 3, 0, 0, 0, , 0, 0, 0, 0, 0, 
51, 0, 61, -1, -1, 167, 87, 206.0, 7, , 17, 0, 0, 0, , 0, 0, 0, 0, 0, 
52, 0, 62, -1, -1, 167, 86, 204.0, 7, , 21, 0, 0, 0, , 0, 0, 0, 0, 0, 
53, 0, 63, -1, -1, 83, 89, 121.0, 8, , 24, 0, 0, 0, , 0, 0, 0, 0, 0, 
54, 0, 64, -1, -1, 293, 88, 170.0, 9, , 20, 0, 0, 0, , 0, 0, 0, 0, 0, 
55, 0, 65, -1, -1, 78, 110, 117.0, 9, , 27, 0, 0, 0, , 0, 0, 0, 0, 0, 
56, 0, 66, -1, -1, 188, 35, 122.0, 8, , 3, 0, 0, 0, , 0, 0, 0, 0, 0, 
57, 0, 67, -1, -1, 304, 82, 122.0, 9, , 42, 0, 0, 0, , 0, 0, 0, 0, 0, 
58, 0, 68, -1, -1, 241, 64, 191.0, 8, , 32, 0, 0, 0, , 0, 0, 0, 0, 0, 
59, 0, 69, -1, -1, 102, 59, 122.0, 9, , 32, 0, 0, 0, , 0, 0, 0, 0, 0, 
60, 0, 71, -1, -1, 77, 151, 146.0, 8, , 24, 0, 0, 0, , 0, 0, 0, 0, 0, 
61, 0, 72, -1, -1, 239, 64, 175.0, 8, , 11, 0, 0, 0, , 0, 0, 0, 0, 0, 
62, 0, 73, -1, -1, 131, 123, 192.0, 8, , 6, 0, 0, 0, , 0, 0, 0, 0, 0, 
63, 0, 74, -1, -1, 134, 120, 194.0, 9, , 24, 0, 0, 0, , 0, 0, 0, 0, 0, 
64, 0, 75, -1, -1, 133, 127, 205.0, 9, , 24, 0, 0, 0, , 0, 0, 0, 0, 0, 
65, 0, 76, -1, -1, 48, 112, 83.0, 11, , 531, 0, 0, 0, , 0, 0, 0, 0, 0, 
66, 0, 77, -1, -1, 107, 58, 99.0, 9, , 61, 0, 0, 0, , 0, 0, 0, 0, 0, 
67, 0, 78, -1, -1, 104, 85, 102.0, 8, , 19, 0, 0, 0, , 0, 0, 0, 0, 0, 
68, 0, 79, -1, -1, 172, 168, 108.0, 9, , 38, 0, 0, 0, , 0, 0, 0, 0, 0, 
69, 0, 81, -1, -1, 305, 136, 126.0, 7, , 24, 0, 0, 0, , 0, 0, 0, 0, 0, 
70, 0, 82, -1, -1, 98, 74, 143.0, 11, , 14, 0, 0, 0, , 0, 0, 0, 0, 0, 
71, 0, 83, -1, -1, 99, 79, 151.0, 9, , 51, 0, 0, 0, , 0, 0, 0, 0, 0, 
72, 0, 84, -1, -1, 313, 94, 161.0, 8, , 16, 0, 0, 0, , 0, 0, 0, 0, 0, 
73, 0, 85, -1, -1, 58, 122, 162.0, 8, , 15, 0, 0, 0, , 0, 0, 0, 0, 0, 
74, 0, 86, -1, -1, 83, 74, 160.0, 8, , 124, 0, 0, 0, , 0, 0, 0, 0, 0, 
75, 0, 87, -1, -1, 84, 134, 166.0, 8, , 21, 0, 0, 0, , 0, 0, 0, 0, 0, 
76, 0, 88, -1, -1, 257, 65, 172.0, 8, , 27, 0, 0, 0, , 0, 0, 0, 0, 0, 
77, 0, 89, -1, -1, 185, 83, 173.0, 8, , 4, 0, 0, 0, , 0, 0, 0, 0, 0, 
78, 0, 91, -1, -1, 112, 69, 182.0, 8, , 44, 0, 0, 0, , 0, 0, 0, 0, 0, 
79, 0, 92, -1, -1, 108, 64, 177.0, 8, , 48, 0, 0, 0, , 0, 0, 0, 0, 0, 
80, 0, 93, -1, -1, 244, 60, 177.0, 9, , 35, 0, 0, 0, , 0, 0, 0, 0, 0, 
81, 0, 95, -1, -1, 130, 147, 181.0, 9, , 26, 0, 0, 0, , 0, 0, 0, 0, 0, 
82, 0, 96, -1, -1, 238, 61, 186.0, 8, , 19, 0, 0, 0, , 0, 0, 0, 0, 0, 
83, 0, 97, -1, -1, 248, 64, 188.0, 8, , 13, 0, 0, 0, , 0, 0, 0, 0, 0, 
84, 0, 98, -1, -1, 102, 118, 196.0, 8, , 19, 0, 0, 0, , 0, 0, 0, 0, 0, 
85, 0, 99, -1, -1, 200, 86, 202.0, 8, , 19, 0, 0, 0, , 0, 0, 0, 0, 0, 
86, 0, 100, -1, -1, 221, 89, 206.0, 9, , 67, 0, 0, 0, , 0, 0, 0, 0, 0, 
87, 0, 102, -1, -1, 69, 108, 120.0, 7, , 14, 0, 0, 0, , 0, 0, 0, 0, 0, 
88, 0, 103, -1, -1, 49, 107, 145.0, 7, , 35, 0, 0, 0, , 0, 0, 0, 0, 0, 
89, 0, 104, -1, -1, 275, 97, 181.0, 7, , 6, 0, 0, 0, , 0, 0, 0, 0, 0, 
90, 0, 105, -1, -1, 196, 91, 197.0, 8, , 16, 0, 0, 0, , 0, 0, 0, 0, 0, 
91, 0, 106, -1, -1, 142, 125, 195.0, 8, , 6, 0, 0, 0, , 0, 0, 0, 0, 0, 
92, 0, 107, -1, -1, 131, 109, 199.0, 15, , 439, 0, 0, 0, , 0, 0, 0, 0, 0, 
93, 0, 108, -1, -1, 68, 88, 95.0, 8, , 6, 0, 0, 0, , 0, 0, 0, 0, 0, 
94, 0, 109, -1, -1, 307, 80, 125.0, 8, , 16, 0, 0, 0, , 0, 0, 0, 0, 0, 
95, 0, 110, -1, -1, 63, 119, 158.0, 7, , 37, 0, 0, 0, , 0, 0, 0, 0, 0, 
96, 0, 113, -1, -1, 77, 145, 92.0, 8, , 6, 0, 0, 0, , 0, 0, 0, 0, 0, 
97, 0, 114, -1, -1, 109, 54, 104.0, 7, , 27, 0, 0, 0, , 0, 0, 0, 0, 0, 
98, 0, 115, -1, -1, 73, 105, 177.0, 7, , 29, 0, 0, 0, , 0, 0, 0, 0, 0, 
99, 0, 117, -1, -1, 172, 162, 106.0, 7, , 10, 0, 0, 0, , 0, 0, 0, 0, 0, 
100, 0, 118, -1, -1, 84, 71, 101.0, 7, , 30, 0, 0, 0, , 0, 0, 0, 0, 0, 
101, 0, 119, -1, -1, 254, 152, 102.0, 9, , 45, 0, 0, 0, , 0, 0, 0, 0, 0, 
102, 0, 121, -1, -1, 77, 90, 114.0, 7, , 17, 0, 0, 0, , 0, 0, 0, 0, 0, 
103, 0, 122, -1, -1, 231, 75, 111.0, 7, , 29, 0, 0, 0, , 0, 0, 0, 0, 0, 
104, 0, 123, -1, -1, 64, 91, 118.0, 7, , 8, 0, 0, 0, , 0, 0, 0, 0, 0, 
105, 0, 125, -1, -1, 229, 168, 115.0, 8, , 5, 0, 0, 0, , 0, 0, 0, 0, 0, 
106, 0, 126, -1, -1, 98, 52, 124.0, 8, , 19, 0, 0, 0, , 0, 0, 0, 0, 0, 
107, 0, 131, -1, -1, 56, 111, 143.0, 8, , 38, 0, 0, 0, , 0, 0, 0, 0, 0, 
108, 0, 133, -1, -1, 65, 105, 145.0, 9, , 64, 0, 0, 0, , 0, 0, 0, 0, 0, 
109, 0, 134, -1, -1, 101, 75, 146.0, 8, , 31, 0, 0, 0, , 0, 0, 0, 0, 0, 
110, 0, 135, -1, -1, 157, 34, 148.0, 15, , 41, 0, 0, 0, , 0, 0, 0, 0, 0, 
111, 0, 136, -1, -1, 113, 50, 150.0, 8, , 23, 0, 0, 0, , 0, 0, 0, 0, 0, 
112, 0, 137, -1, -1, 237, 46, 153.0, 9, , 13, 0, 0, 0, , 0, 0, 0, 0, 0, 
113, 0, 138, -1, -1, 165, 31, 151.0, 8, , 9, 0, 0, 0, , 0, 0, 0, 0, 0, 
114, 0, 139, -1, -1, 53, 101, 151.0, 7, , 28, 0, 0, 0, , 0, 0, 0, 0, 0, 
115, 0, 140, -1, -1, 106, 52, 151.0, 8, , 1, 0, 0, 0, , 0, 0, 0, 0, 0, 
116, 0, 141, -1, -1, 258, 43, 150.0, 8, , 8, 0, 0, 0, , 0, 0, 0, 0, 0, 
117, 0, 144, -1, -1, 88, 85, 157.0, 7, , 31, 0, 0, 0, , 0, 0, 0, 0, 0, 
118, 0, 146, -1, -1, 141, 62, 160.0, 8, , 17, 0, 0, 0, , 0, 0, 0, 0, 0, 
119, 0, 147, -1, -1, 186, 48, 161.0, 7, , 9, 0, 0, 0, , 0, 0, 0, 0, 0, 
120, 0, 148, -1, -1, 89, 83, 165.0, 8, , 20, 0, 0, 0, , 0, 0, 0, 0, 0, 
121, 0, 149, -1, -1, 279, 85, 164.0, 9, , 28, 0, 0, 0, , 0, 0, 0, 0, 0, 
122, 0, 150, -1, -1, 85, 85, 164.0, 9, , 106, 0, 0, 0, , 0, 0, 0, 0, 0, 
123, 0, 151, -1, -1, 83, 73, 168.0, 8, , 30, 0, 0, 0, , 0, 0, 0, 0, 0, 
124, 0, 156, -1, -1, 238, 66, 182.0, 9, , 58, 0, 0, 0, , 0, 0, 0, 0, 0, 
125, 0, 157, -1, -1, 292, 88, 186.0, 7, , 10, 0, 0, 0, , 0, 0, 0, 0, 0, 
126, 0, 158, -1, -1, 131, 156, 184.0, 9, , 7, 0, 0, 0, , 0, 0, 0, 0, 0, 
127, 0, 159, -1, -1, 137, 77, 192.0, 8, , 39, 0, 0, 0, , 0, 0, 0, 0, 0, 
128, 0, 160, -1, -1, 226, 65, 186.0, 8, , 40, 0, 0, 0, , 0, 0, 0, 0, 0, 
129, 0, 161, -1, -1, 92, 116, 197.0, 8, , 21, 0, 0, 0, , 0, 0, 0, 0, 0, 
130, 0, 162, -1, -1, 216, 90, 201.0, 8, , 24, 0, 0, 0, , 0, 0, 0, 0, 0, 
131, 0, 163, -1, -1, 174, 89, 197.0, 7, , 6, 0, 0, 0, , 0, 0, 0, 0, 0, 
132, 0, 164, -1, -1, 238, 94, 206.0, 9, , 24, 0, 0, 0, , 0, 0, 0, 0, 0, 
133, 0, 165, -1, -1, 134, 125, 207.0, 9, , 44, 0, 0, 0, , 0, 0, 0, 0, 0, 
134, 0, 166, -1, -1, 137, 38, 112.0, 8, , 10, 0, 0, 0, , 0, 0, 0, 0, 0, 
135, 0, 167, -1, -1, 76, 115, 111.0, 8, , 16, 0, 0, 0, , 0, 0, 0, 0, 0, 
136, 0, 168, -1, -1, 125, 57, 121.0, 8, , 18, 0, 0, 0, , 0, 0, 0, 0, 0, 
137, 0, 169, -1, -1, 93, 66, 158.0, 9, , 38, 0, 0, 0, , 0, 0, 0, 0, 0, 
138, 0, 170, -1, -1, 295, 67, 160.0, 8, , 9, 0, 0, 0, , 0, 0, 0, 0, 0, 
139, 0, 171, -1, -1, 133, 47, 166.0, 8, , 33, 0, 0, 0, , 0, 0, 0, 0, 0, 
140, 0, 172, -1, -1, 143, 52, 171.0, 8, , 13, 0, 0, 0, , 0, 0, 0, 0, 0, 
141, 0, 173, -1, -1, 150, 72, 184.0, 7, , 8, 0, 0, 0, , 0, 0, 0, 0, 0, 
142, 0, 174, -1, -1, 239, 60, 182.0, 7, , 33, 0, 0, 0, , 0, 0, 0, 0, 0, 
143, 0, 176, -1, -1, 190, 84, 200.0, 8, , 22, 0, 0, 0, , 0, 0, 0, 0, 0, 
144, 0, 177, -1, -1, 216, 60, 183.0, 9, , 21, 0, 0, 0, , 0, 0, 0, 0, 0, 
145, 0, 178, -1, -1, 212, 37, 127.0, 8, , 16, 0, 0, 0, , 0, 0, 0, 0, 0, 
146, 0, 179, -1, -1, 246, 46, 132.0, 7, , 21, 0, 0, 0, , 0, 0, 0, 0, 0, 
147, 0, 180, -1, -1, 298, 122, 178.0, 8, , 8, 0, 0, 0, , 0, 0, 0, 0, 0, 
148, 0, 181, -1, -1, 230, 77, 107.0, 11, , 28, 0, 0, 0, , 0, 0, 0, 0, 0, 
149, 0, 182, -1, -1, 228, 46, 122.0, 9, , 31, 0, 0, 0, , 0, 0, 0, 0, 0, 
150, 0, 183, -1, -1, 58, 116, 145.0, 8, , 46, 0, 0, 0, , 0, 0, 0, 0, 0, 
151, 0, 184, -1, -1, 170, 83, 198.0, 11, , 50, 0, 0, 0, , 0, 0, 0, 0, 0, 
152, 0, 189, -1, -1, 213, 153, 108.0, 8, , 11, 0, 0, 0, , 0, 0, 0, 0, 0, 
153, 0, 190, -1, -1, 103, 88, 99.0, 8, , 22, 0, 0, 0, , 0, 0, 0, 0, 0, 
154, 0, 192, -1, -1, 83, 90, 116.0, 9, , 57, 0, 0, 0, , 0, 0, 0, 0, 0, 
155, 0, 194, -1, -1, 232, 54, 122.0, 7, , 18, 0, 0, 0, , 0, 0, 0, 0, 0, 
156, 0, 195, -1, -1, 301, 137, 122.0, 7, , 48, 0, 0, 0, , 0, 0, 0, 0, 0, 
157, 0, 196, -1, -1, 227, 47, 126.0, 11, , 69, 0, 0, 0, , 0, 0, 0, 0, 0, 
158, 0, 197, -1, -1, 296, 132, 125.0, 8, , 19, 0, 0, 0, , 0, 0, 0, 0, 0, 
159, 0, 199, -1, -1, 209, 36, 131.0, 7, , 18, 0, 0, 0, , 0, 0, 0, 0, 0, 
160, 0, 206, -1, -1, 234, 53, 154.0, 11, , 8, 0, 0, 0, , 0, 0, 0, 0, 0, 
161, 0, 207, -1, -1, 200, 142, 155.0, 8, , 3, 0, 0, 0, , 0, 0, 0, 0, 0, 
162, 0, 208, -1, -1, 262, 46, 159.0, 7, , 13, 0, 0, 0, , 0, 0, 0, 0, 0, 
163, 0, 209, -1, -1, 89, 79, 160.0, 8, , 4, 0, 0, 0, , 0, 0, 0, 0, 0, 
164, 0, 210, -1, -1, 75, 136, 159.0, 7, , 13, 0, 0, 0, , 0, 0, 0, 0, 0, 
165, 0, 213, -1, -1, 106, 71, 174.0, 8, , 27, 0, 0, 0, , 0, 0, 0, 0, 0, 
166, 0, 214, -1, -1, 132, 50, 171.0, 8, , 19, 0, 0, 0, , 0, 0, 0, 0, 0, 
167, 0, 215, -1, -1, 151, 66, 178.0, 9, , 24, 0, 0, 0, , 0, 0, 0, 0, 0, 
168, 0, 216, -1, -1, 111, 69, 180.0, 11, , 74, 0, 0, 0, , 0, 0, 0, 0, 0, 
169, 0, 217, -1, -1, 186, 82, 182.0, 7, , 10, 0, 0, 0, , 0, 0, 0, 0, 0, 
170, 0, 218, -1, -1, 174, 58, 185.0, 7, , 16, 0, 0, 0, , 0, 0, 0, 0, 0, 
171, 0, 219, -1, -1, 211, 65, 185.0, 8, , 11, 0, 0, 0, , 0, 0, 0, 0, 0, 
172, 0, 220, -1, -1, 78, 101, 192.0, 8, , 11, 0, 0, 0, , 0, 0, 0, 0, 0, 
173, 0, 221, -1, -1, 104, 114, 187.0, 9, , 6, 0, 0, 0, , 0, 0, 0, 0, 0, 
174, 0, 222, -1, -1, 108, 90, 193.0, 7, , 21, 0, 0, 0, , 0, 0, 0, 0, 0, 
175, 0, 223, -1, -1, 177, 60, 196.0, 7, , 23, 0, 0, 0, , 0, 0, 0, 0, 0, 
176, 0, 224, -1, -1, 246, 90, 199.0, 7, , 16, 0, 0, 0, , 0, 0, 0, 0, 0, 
177, 0, 225, -1, -1, 128, 104, 204.0, 9, , 53, 0, 0, 0, , 0, 0, 0, 0, 0, 
178, 0, 226, -1, -1, 191, 88, 208.0, 9, , 12, 0, 0, 0, , 0, 0, 0, 0, 0, 
179, 0, 227, -1, -1, 84, 71, 99.0, 7, , 39, 0, 0, 0, , 0, 0, 0, 0, 0, 
180, 0, 229, -1, -1, 202, 35, 136.0, 9, , 18, 0, 0, 0, , 0, 0, 0, 0, 0, 
181, 0, 230, -1, -1, 142, 68, 158.0, 7, , 18, 0, 0, 0, , 0, 0, 0, 0, 0, 
182, 0, 231, -1, -1, 74, 116, 163.0, 8, , 43, 0, 0, 0, , 0, 0, 0, 0, 0, 
183, 0, 232, -1, -1, 142, 69, 180.0, 8, , 23, 0, 0, 0, , 0, 0, 0, 0, 0, 
184, 0, 233, -1, -1, 108, 54, 157.0, 9, , 28, 0, 0, 0, , 0, 0, 0, 0, 0, 
185, 0, 234, -1, -1, 92, 114, 192.0, 7, , 26, 0, 0, 0, , 0, 0, 0, 0, 0, 
186, 0, 236, -1, -1, 297, 62, 163.0, 7, , 24, 0, 0, 0, , 0, 0, 0, 0, 0, 
187, 0, 238, -1, -1, 258, 67, 177.0, 9, , 44, 0, 0, 0, , 0, 0, 0, 0, 0, 
188, 0, 239, -1, -1, 171, 84, 191.0, 11, , 31, 0, 0, 0, , 0, 0, 0, 0, 0, 
189, 0, 243, -1, -1, 61, 89, 100.0, 9, , 10, 0, 0, 0, , 0, 0, 0, 0, 0, 
190, 0, 244, -1, -1, 201, 172, 105.0, 7, , 9, 0, 0, 0, , 0, 0, 0, 0, 0, 
191, 0, 245, -1, -1, 86, 131, 112.0, 9, , 17, 0, 0, 0, , 0, 0, 0, 0, 0, 
192, 0, 247, -1, -1, 297, 133, 130.0, 7, , 16, 0, 0, 0, , 0, 0, 0, 0, 0, 
193, 0, 249, -1, -1, 187, 28, 134.0, 8, , 8, 0, 0, 0, , 0, 0, 0, 0, 0, 
194, 0, 250, -1, -1, 298, 136, 135.0, 8, , 25, 0, 0, 0, , 0, 0, 0, 0, 0, 
195, 0, 251, -1, -1, 88, 157, 135.0, 8, , 3, 0, 0, 0, , 0, 0, 0, 0, 0, 
196, 0, 252, -1, -1, 149, 46, 136.0, 9, , 18, 0, 0, 0, , 0, 0, 0, 0, 0, 
197, 0, 253, -1, -1, 154, 46, 137.0, 8, , 6, 0, 0, 0, , 0, 0, 0, 0, 0, 
198, 0, 254, -1, -1, 63, 85, 139.0, 7, , 11, 0, 0, 0, , 0, 0, 0, 0, 0, 
199, 0, 255, -1, -1, 126, 82, 138.0, 8, , 4, 0, 0, 0, , 0, 0, 0, 0, 0, 
200, 0, 256, -1, -1, 129, 82, 142.0, 8, , 2, 0, 0, 0, , 0, 0, 0, 0, 0, 
201, 0, 257, -1, -1, 53, 96, 145.0, 7, , 10, 0, 0, 0, , 0, 0, 0, 0, 0, 
202, 0, 258, -1, -1, 57, 100, 146.0, 8, , 37, 0, 0, 0, , 0, 0, 0, 0, 0, 
203, 0, 259, -1, -1, 64, 84, 148.0, 7, , 16, 0, 0, 0, , 0, 0, 0, 0, 0, 
204, 0, 262, -1, -1, 276, 85, 158.0, 7, , 45, 0, 0, 0, , 0, 0, 0, 0, 0, 
205, 0, 263, -1, -1, 71, 119, 167.0, 7, , 38, 0, 0, 0, , 0, 0, 0, 0, 0, 
206, 0, 264, -1, -1, 140, 63, 163.0, 8, , 11, 0, 0, 0, , 0, 0, 0, 0, 0, 
207, 0, 265, -1, -1, 85, 84, 168.0, 8, , 22, 0, 0, 0, , 0, 0, 0, 0, 0, 
208, 0, 265, -1, -1, 80, 78, 170.0, 8, , 19, 0, 0, 0, , 0, 0, 0, 0, 0, 
209, 0, 266, -1, -1, 191, 43, 169.0, 7, , 5, 0, 0, 0, , 0, 0, 0, 0, 0, 
210, 0, 267, -1, -1, 76, 105, 169.0, 7, , 28, 0, 0, 0, , 0, 0, 0, 0, 0, 
211, 0, 268, -1, -1, 238, 120, 172.0, 7, , 19, 0, 0, 0, , 0, 0, 0, 0, 0, 
212, 0, 270, -1, -1, 252, 70, 174.0, 8, , 7, 0, 0, 0, , 0, 0, 0, 0, 0, 
213, 0, 271, -1, -1, 171, 57, 189.0, 8, , 20, 0, 0, 0, , 0, 0, 0, 0, 0, 
214, 0, 272, -1, -1, 138, 81, 199.0, 9, , 56, 0, 0, 0, , 0, 0, 0, 0, 0, 
215, 0, 273, -1, -1, 189, 84, 203.0, 8, , 10, 0, 0, 0, , 0, 0, 0, 0, 0, 
216, 0, 274, -1, -1, 131, 120, 200.0, 8, , 3, 0, 0, 0, , 0, 0, 0, 0, 0, 
217, 0, 275, -1, -1, 117, 103, 204.0, 8, , 12, 0, 0, 0, , 0, 0, 0, 0, 0, 
218, 0, 276, -1, -1, 157, 108, 204.0, 9, , 15, 0, 0, 0, , 0, 0, 0, 0, 0, 
219, 0, 277, -1, -1, 196, 81, 206.0, 8, , 10, 0, 0, 0, , 0, 0, 0, 0, 0, 
220, 0, 278, -1, -1, 185, 143, 107.0, 11, , 66, 0, 0, 0, , 0, 0, 0, 0, 0, 
221, 0, 279, -1, -1, 211, 154, 114.0, 7, , 12, 0, 0, 0, , 0, 0, 0, 0, 0, 
222, 0, 280, -1, -1, 65, 85, 145.0, 7, , 16, 0, 0, 0, , 0, 0, 0, 0, 0, 
223, 0, 281, -1, -1, 53, 99, 156.0, 8, , 9, 0, 0, 0, , 0, 0, 0, 0, 0, 
224, 0, 282, -1, -1, 136, 47, 161.0, 9, , 27, 0, 0, 0, , 0, 0, 0, 0, 0, 
225, 0, 283, -1, -1, 115, 70, 175.0, 7, , 11, 0, 0, 0, , 0, 0, 0, 0, 0, 
226, 0, 284, -1, -1, 136, 82, 203.0, 9, , 31, 0, 0, 0, , 0, 0, 0, 0, 0, 
227, 0, 285, -1, -1, 219, 92, 203.0, 8, , 23, 0, 0, 0, , 0, 0, 0, 0, 0, 
228, 0, 286, -1, -1, 224, 59, 181.0, 8, , 66, 0, 0, 0, , 0, 0, 0, 0, 0, 
229, 0, 287, -1, -1, 139, 52, 177.0, 7, , 8, 0, 0, 0, , 0, 0, 0, 0, 0, 
230, 0, -1, -1, -1, 69, 155, 98.0, 9, , 21, 0, 0, 0, , 0, 0, 0, 0, 0, 
231, 0, 289, -1, -1, 296, 64, 156.0, 9, , 11, 0, 0, 0, , 0, 0, 0, 0, 0, 
232, 0, 290, -1, -1, 90, 100, 186.0, 7, , 9, 0, 0, 0, , 0, 0, 0, 0, 0, 
233, 0, 291, -1, -1, 92, 116, 188.0, 7, , 26, 0, 0, 0, , 0, 0, 0, 0, 0, 
234, 0, 292, -1, -1, 195, 92, 204.0, 8, , 13, 0, 0, 0, , 0, 0, 0, 0, 0, 
235, 0, 293, -1, -1, 86, 152, 75.0, 8, , 2, 0, 0, 0, , 0, 0, 0, 0, 0, 
236, 0, 294, -1, -1, 108, 59, 96.0, 8, , 45, 0, 0, 0, , 0, 0, 0, 0, 0, 
237, 0, 295, -1, -1, 73, 145, 102.0, 7, , 5, 0, 0, 0, , 0, 0, 0, 0, 0, 
238, 0, 296, -1, -1, 69, 152, 100.0, 7, , 9, 0, 0, 0, , 0, 0, 0, 0, 0, 
239, 0, 297, -1, -1, 81, 148, 103.0, 8, , 13, 0, 0, 0, , 0, 0, 0, 0, 0, 
240, 0, 298, -1, -1, 172, 162, 102.0, 7, , 28, 0, 0, 0, , 0, 0, 0, 0, 0, 
241, 0, 299, -1, -1, 72, 158, 106.0, 7, , 18, 0, 0, 0, , 0, 0, 0, 0, 0, 
242, 0, 300, -1, -1, 75, 148, 107.0, 9, , 23, 0, 0, 0, , 0, 0, 0, 0, 0, 
243, 0, 301, -1, -1, 172, 168, 111.0, 9, , 18, 0, 0, 0, , 0, 0, 0, 0, 0, 
244, 0, 302, -1, -1, 168, 53, 113.0, 8, , 9, 0, 0, 0, , 0, 0, 0, 0, 0, 
245, 0, 303, -1, -1, 314, 109, 121.0, 7, , 14, 0, 0, 0, , 0, 0, 0, 0, 0, 
246, 0, 304, -1, -1, 93, 55, 121.0, 7, , 13, 0, 0, 0, , 0, 0, 0, 0, 0, 
247, 0, 306, -1, -1, 63, 84, 125.0, 9, , 5, 0, 0, 0, , 0, 0, 0, 0, 0, 
248, 0, 307, -1, -1, 89, 74, 125.0, 7, , 17, 0, 0, 0, , 0, 0, 0, 0, 0, 
249, 0, 308, -1, -1, 184, 39, 127.0, 9, , 5, 0, 0, 0, , 0, 0, 0, 0, 0, 
250, 0, 310, -1, -1, 313, 111, 126.0, 7, , 24, 0, 0, 0, , 0, 0, 0, 0, 0, 
251, 0, 311, -1, -1, 307, 80, 128.0, 8, , 20, 0, 0, 0, , 0, 0, 0, 0, 0, 
252, 0, 312, -1, -1, 95, 55, 129.0, 7, , 17, 0, 0, 0, , 0, 0, 0, 0, 0, 
253, 0, 313, -1, -1, 306, 80, 130.0, 7, , 29, 0, 0, 0, , 0, 0, 0, 0, 0, 
254, 0, 314, -1, -1, 155, 48, 132.0, 7, , 4, 0, 0, 0, , 0, 0, 0, 0, 0, 
255, 0, 315, -1, -1, 192, 39, 136.0, 8, , 14, 0, 0, 0, , 0, 0, 0, 0, 0, 
256, 0, 316, -1, -1, 59, 83, 138.0, 9, , 23, 0, 0, 0, , 0, 0, 0, 0, 0, 
257, 0, 318, -1, -1, 55, 78, 140.0, 7, , 10, 0, 0, 0, , 0, 0, 0, 0, 0, 
258, 0, 319, -1, -1, 306, 136, 136.0, 8, , 8, 0, 0, 0, , 0, 0, 0, 0, 0, 
259, 0, 320, -1, -1, 116, 58, 144.0, 8, , 8, 0, 0, 0, , 0, 0, 0, 0, 0, 
260, 0, 321, -1, -1, 153, 32, 148.0, 8, , 24, 0, 0, 0, , 0, 0, 0, 0, 0, 
261, 0, 322, -1, -1, 202, 139, 151.0, 8, , 22, 0, 0, 0, , 0, 0, 0, 0, 0, 
262, 0, 323, -1, -1, 83, 85, 153.0, 7, , 33, 0, 0, 0, , 0, 0, 0, 0, 0, 
263, 0, 324, -1, -1, 272, 81, 153.0, 8, , 17, 0, 0, 0, , 0, 0, 0, 0, 0, 
264, 0, 325, -1, -1, 79, 79, 155.0, 7, , 21, 0, 0, 0, , 0, 0, 0, 0, 0, 
265, 0, 326, -1, -1, 183, 47, 157.0, 8, , 8, 0, 0, 0, , 0, 0, 0, 0, 0, 
266, 0, 327, -1, -1, 233, 119, 158.0, 7, , 16, 0, 0, 0, , 0, 0, 0, 0, 0, 
267, 0, 328, -1, -1, 77, 78, 160.0, 7, , 19, 0, 0, 0, , 0, 0, 0, 0, 0, 
268, 0, 329, -1, -1, 135, 44, 163.0, 8, , 11, 0, 0, 0, , 0, 0, 0, 0, 0, 
269, 0, 330, -1, -1, 67, 112, 177.0, 8, , 62, 0, 0, 0, , 0, 0, 0, 0, 0, 
270, 0, 332, -1, -1, 82, 95, 180.0, 8, , 18, 0, 0, 0, , 0, 0, 0, 0, 0, 
271, 0, 333, -1, -1, 142, 63, 183.0, 8, , 5, 0, 0, 0, , 0, 0, 0, 0, 0, 
272, 0, 334, -1, -1, 131, 145, 186.0, 7, , 9, 0, 0, 0, , 0, 0, 0, 0, 0, 
273, 0, 335, -1, -1, 267, 99, 189.0, 7, , 5, 0, 0, 0, , 0, 0, 0, 0, 0, 
274, 0, 336, -1, -1, 196, 121, 193.0, 9, , 18, 0, 0, 0, , 0, 0, 0, 0, 0, 
275, 0, 337, -1, -1, 196, 126, 199.0, 8, , 4, 0, 0, 0, , 0, 0, 0, 0, 0, 
276, 0, 338, -1, -1, 96, 114, 200.0, 8, , 29, 0, 0, 0, , 0, 0, 0, 0, 0, 
277, 0, 339, -1, -1, 238, 95, 202.0, 9, , 23, 0, 0, 0, , 0, 0, 0, 0, 0, 
278, 0, 340, -1, -1, 47, 110, 89.0, 7, , 64, 0, 0, 0, , 0, 0, 0, 0, 0, 
279, 0, 341, -1, -1, 172, 162, 100.0, 7, , 23, 0, 0, 0, , 0, 0, 0, 0, 0, 
280, 0, 343, -1, -1, 68, 152, 105.0, 8, , 4, 0, 0, 0, , 0, 0, 0, 0, 0, 
281, 0, 344, -1, -1, 303, 82, 120.0, 7, , 21, 0, 0, 0, , 0, 0, 0, 0, 0, 
282, 0, 345, -1, -1, 137, 60, 157.0, 8, , 7, 0, 0, 0, , 0, 0, 0, 0, 0, 
283, 0, 346, -1, -1, 78, 107, 164.0, 8, , 47, 0, 0, 0, , 0, 0, 0, 0, 0, 
284, 0, 347, -1, -1, 258, 63, 180.0, 7, , 19, 0, 0, 0, , 0, 0, 0, 0, 0, 
285, 0, 348, -1, -1, 108, 53, 102.0, 8, , 33, 0, 0, 0, , 0, 0, 0, 0, 0, 
286, 0, 349, -1, -1, 253, 69, 180.0, 8, , 30, 0, 0, 0, , 0, 0, 0, 0, 0, 
287, 0, 350, -1, -1, 91, 116, 190.0, 8, , 14, 0, 0, 0, , 0, 0, 0, 0, 0, 
288, 0, -1, -1, -1, 173, 171, 100.0, 9, , 147, 0, 0, 0, , 0, 0, 0, 0, 0, 
289, 0, -1, -1, -1, 66, 139, 142.0, 8, , 85, 0, 0, 0, , 0, 0, 0, 0, 0, 
290, 0, -1, -1, -1, 67, 107, 178.0, 7, , 48, 0, 0, 0, , 0, 0, 0, 0, 0, 
291, 0, -1, -1, -1, 293, 136, 86.0, 7, , 20, 0, 0, 0, , 0, 0, 0, 0, 0, 
292, 0, -1, -1, -1, 76, 148, 90.0, 8, , 8, 0, 0, 0, , 0, 0, 0, 0, 0, 
293, 0, -1, -1, -1, 76, 149, 95.0, 8, , 20, 0, 0, 0, , 0, 0, 0, 0, 0, 
294, 0, -1, -1, -1, 83, 71, 97.0, 8, , 29, 0, 0, 0, , 0, 0, 0, 0, 0, 
295, 0, -1, -1, -1, 80, 146, 99.0, 8, , 17, 0, 0, 0, , 0, 0, 0, 0, 0, 
296, 0, -1, -1, -1, 77, 67, 103.0, 7, , 23, 0, 0, 0, , 0, 0, 0, 0, 0, 
297, 0, -1, -1, -1, 212, 162, 109.0, 7, , 8, 0, 0, 0, , 0, 0, 0, 0, 0, 
298, 0, -1, -1, -1, 94, 61, 116.0, 8, , 11, 0, 0, 0, , 0, 0, 0, 0, 0, 
299, 0, -1, -1, -1, 57, 151, 121.0, 8, , 15, 0, 0, 0, , 0, 0, 0, 0, 0, 
300, 0, -1, -1, -1, 61, 93, 124.0, 9, , 14, 0, 0, 0, , 0, 0, 0, 0, 0, 
301, 0, -1, -1, -1, 300, 82, 128.0, 9, , 10, 0, 0, 0, , 0, 0, 0, 0, 0, 
302, 0, -1, -1, -1, 312, 133, 129.0, 9, , 19, 0, 0, 0, , 0, 0, 0, 0, 0, 
303, 0, -1, -1, -1, 303, 137, 130.0, 8, , 22, 0, 0, 0, , 0, 0, 0, 0, 0, 
304, 0, -1, -1, -1, 97, 160, 136.0, 7, , 14, 0, 0, 0, , 0, 0, 0, 0, 0, 
305, 0, -1, -1, -1, 59, 138, 140.0, 8, , 19, 0, 0, 0, , 0, 0, 0, 0, 0, 
306, 0, -1, -1, -1, 156, 33, 144.0, 9, , 25, 0, 0, 0, , 0, 0, 0, 0, 0, 
307, 0, -1, -1, -1, 55, 79, 145.0, 8, , 17, 0, 0, 0, , 0, 0, 0, 0, 0, 
308, 0, -1, -1, -1, 60, 139, 147.0, 13, , 41, 0, 0, 0, , 0, 0, 0, 0, 0, 
309, 0, -1, -1, -1, 63, 97, 150.0, 9, , 49, 0, 0, 0, , 0, 0, 0, 0, 0, 
310, 0, -1, -1, -1, 53, 101, 153.0, 7, , 45, 0, 0, 0, , 0, 0, 0, 0, 0, 
311, 0, -1, -1, -1, 116, 61, 153.0, 8, , 8, 0, 0, 0, , 0, 0, 0, 0, 0, 
312, 0, -1, -1, -1, 115, 53, 156.0, 7, , 10, 0, 0, 0, , 0, 0, 0, 0, 0, 
313, 0, -1, -1, -1, 156, 88, 170.0, 7, , 10, 0, 0, 0, , 0, 0, 0, 0, 0, 
314, 0, -1, -1, -1, 213, 63, 174.0, 8, , 22, 0, 0, 0, , 0, 0, 0, 0, 0, 
315, 0, -1, -1, -1, 299, 85, 174.0, 9, , 12, 0, 0, 0, , 0, 0, 0, 0, 0, 
316, 0, -1, -1, -1, 115, 68, 176.0, 7, , 14, 0, 0, 0, , 0, 0, 0, 0, 0, 
317, 0, -1, -1, -1, 170, 52, 180.0, 9, , 35, 0, 0, 0, , 0, 0, 0, 0, 0, 
318, 0, -1, -1, -1, 304, 114, 188.0, 7, , 11, 0, 0, 0, , 0, 0, 0, 0, 0, 
319, 0, -1, -1, -1, 225, 65, 190.0, 9, , 40, 0, 0, 0, , 0, 0, 0, 0, 0, 
320, 0, -1, -1, -1, 171, 59, 192.0, 7, , 6, 0, 0, 0, , 0, 0, 0, 0, 0, 
321, 0, -1, -1, -1, 171, 82, 193.0, 9, , 44, 0, 0, 0, , 0, 0, 0, 0, 0, 
322, 0, -1, -1, -1, 133, 78, 195.0, 8, , 24, 0, 0, 0, , 0, 0, 0, 0, 0, 
323, 0, -1, -1, -1, 224, 85, 195.0, 8, , 6, 0, 0, 0, , 0, 0, 0, 0, 0, 
324, 0, -1, -1, -1, 197, 81, 204.0, 7, , 19, 0, 0, 0, , 0, 0, 0, 0, 0, 
325, 0, -1, -1, -1, 197, 89, 210.0, 7, , 15, 0, 0, 0, , 0, 0, 0, 0, 0, 
326, 0, -1, -1, -1, 75, 149, 97.0, 7, , 29, 0, 0, 0, , 0, 0, 0, 0, 0, 
327, 0, -1, -1, -1, 107, 53, 97.0, 9, , 32, 0, 0, 0, , 0, 0, 0, 0, 0, 
328, 0, -1, -1, -1, 152, 33, 151.0, 9, , 14, 0, 0, 0, , 0, 0, 0, 0, 0, 
329, 0, -1, -1, -1, 142, 47, 166.0, 8, , 9, 0, 0, 0, , 0, 0, 0, 0, 0, 
330, 0, -1, -1, -1, 74, 105, 175.0, 8, , 26, 0, 0, 0, , 0, 0, 0, 0, 0, 
331, 0, -1, -1, -1, 218, 87, 193.0, 7, , 18, 0, 0, 0, , 0, 0, 0, 0, 0, 
332, 1, 351, 248, -1, 284, 112, 130.0, 18, Eprp, 0, 0, 0, 0, , 0, 0, 0, 0, 0, 
333, 1, 352, 249, -1, 148, 50, 138.0, 17, ABpraaapp, 0, 0, 0, 0, , 0, 0, 0, 0, 0, 
334, 1, 353, 250, -1, 185, 83, 174.0, 17, ABarapppp, 0, 0, 0, 0, , 0, 0, 0, 0, 0, 
335, 1, 354, 251, -1, 137, 83, 195.0, 17, ABarappaa, 0, 0, 0, 0, , 0, 0, 0, 0, 0, 
336, 1, 355, 252, -1, 148, 68, 179.0, 16, ABarapppa, 0, 0, 0, 0, , 0, 0, 0, 0, 0, 
337, 0, 356, -1, -1, 128, 84, 183.42554, 17, , 0, 0, 0, 0, , 0, 0, 0, 0, 0, 
338, 0, 357, -1, -1, 144, 63, 182.06667, 17, , 0, 0, 0, 0, , 0, 0, 0, 0, 0, 
339, 1, 358, 255, -1, 170, 85, 202.0, 17, ABarappap, 0, 0, 0, 0, , 0, 0, 0, 0, 0, 
340, 1, 359, 256, -1, 97, 116, 194.0, 17, ABarapaaa, 0, 0, 0, 0, , 0, 0, 0, 0, 0, 
341, 1, 360, 257, -1, 137, 124, 197.0, 17, ABarapaap, 0, 0, 0, 0, , 0, 0, 0, 0, 0, 
342, 1, 361, 258, -1, 122, 102, 204.0, 17, ABarapapa, 0, 0, 0, 0, , 0, 0, 0, 0, 0, 
343, 1, 362, 259, -1, 162, 108, 202.0, 20, ABarapapp, 0, 0, 0, 0, , 0, 0, 0, 0, 0, 
344, 1, 363, 260, -1, 79, 138, 166.0, 16, ABaraapaa, 0, 0, 0, 0, , 0, 0, 0, 0, 0, 
345, 1, 364, 261, -1, 110, 140, 179.0, 18, ABaraapap, 0, 0, 0, 0, , 0, 0, 0, 0, 0, 
346, 1, 365, 262, -1, 132, 151, 187.0, 15, ABaraappa, 0, 0, 0, 0, , 0, 0, 0, 0, 0, 
347, 1, 366, 263, -1, 159, 131, 195.0, 17, ABaraappp, 0, 0, 0, 0, , 0, 0, 0, 0, 0, 
348, 1, 367, 264, -1, 83, 100, 189.0, 19, ABaraaapa, 0, 0, 0, 0, , 0, 0, 0, 0, 0, 
349, 1, 368, 265, -1, 114, 90, 190.0, 19, ABaraaapp, 0, 0, 0, 0, , 0, 0, 0, 0, 0, 
350, 1, 369, 266, -1, 69, 111, 172.0, 15, ABaraaaa, 0, 0, 0, 0, , 0, 0, 0, 0, 0, 
351, 1, 370, 268, -1, 61, 140, 148.0, 15, ABalpaaap, 0, 0, 0, 0, , 0, 0, 0, 0, 0, 
352, 1, 370, 267, -1, 61, 118, 154.5, 15, ABalpaaaa, 0, 0, 0, 0, , 0, 0, 0, 0, 0, 
353, 1, 371, 269, -1, 47, 123, 120.0, 19, ABalpaapa, 0, 0, 0, 0, , 0, 0, 0, 0, 0, 
354, 1, 372, 270, -1, 87, 132, 118.0, 18, ABalpaapp, 0, 0, 0, 0, , 0, 0, 0, 0, 0, 
355, 1, 373, 271, -1, 92, 160, 162.0, 19, ABalpappa, 0, 0, 0, 0, , 0, 0, 0, 0, 0, 
356, 1, 374, 272, -1, 134, 167, 163.0, 19, ABalpappp, 0, 0, 0, 0, , 0, 0, 0, 0, 0, 
357, 1, 375, 273, -1, 76, 152, 104.0, 19, ABalppaa, 0, 0, 0, 0, , 0, 0, 0, 0, 0, 
358, 1, 376, 274, -1, 99, 145, 116.0, 17, ABalppapa, 0, 0, 0, 0, , 0, 0, 0, 0, 0, 
359, 1, 377, 275, -1, 125, 165, 130.0, 17, ABalppapp, 0, 0, 0, 0, , 0, 0, 0, 0, 0, 
360, 1, 378, 276, -1, 56, 151, 131.0, 17, ABalpapaa, 0, 0, 0, 0, , 0, 0, 0, 0, 0, 
361, 1, 379, 277, -1, 93, 162, 137.0, 15, ABalpapap, 0, 0, 0, 0, , 0, 0, 0, 0, 0, 
362, 1, 380, 278, -1, 74, 112, 114.0, 17, ABalpppaa, 0, 0, 0, 0, , 0, 0, 0, 0, 0, 
363, 1, 381, 279, -1, 105, 118, 93.0, 15, ABalpppap, 0, 0, 0, 0, , 0, 0, 0, 0, 0, 
364, 1, 382, 280, -1, 153, 132, 94.0, 17, ABalppppp, 0, 0, 0, 0, , 0, 0, 0, 0, 0, 
365, 1, 383, 281, -1, 120, 116, 109.0, 17, ABalppppa, 0, 0, 0, 0, , 0, 0, 0, 0, 0, 
366, 1, 384, 282, -1, 58, 102, 147.0, 19, ABalaaaa, 0, 0, 0, 0, , 0, 0, 0, 0, 0, 
367, 1, 385, 283, -1, 60, 81, 141.0, 16, ABalaaapa, 0, 0, 0, 0, , 0, 0, 0, 0, 0, 
368, 1, 386, 284, -1, 88, 75, 129.0, 14, ABalaaapp, 0, 0, 0, 0, , 0, 0, 0, 0, 0, 
369, 1, 387, 285, -1, 84, 80, 162.0, 19, ABalaapa, 0, 0, 0, 0, , 0, 0, 0, 0, 0, 
370, 1, 388, 286, -1, 128, 84, 138.0, 14, ABalaappp, 0, 0, 0, 0, , 0, 0, 0, 0, 0, 
371, 1, 389, 287, -1, 98, 78, 145.0, 17, ABalaappa, 0, 0, 0, 0, , 0, 0, 0, 0, 0, 
372, 1, 390, 288, -1, 63, 89, 93.0, 17, ABalapaap, 0, 0, 0, 0, , 0, 0, 0, 0, 0, 
373, 1, 391, 289, -1, 63, 88, 123.0, 17, ABalapaaa, 0, 0, 0, 0, , 0, 0, 0, 0, 0, 
374, 1, 392, 290, -1, 78, 86, 83.0, 17, ABalapapa, 0, 0, 0, 0, , 0, 0, 0, 0, 0, 
375, 1, 393, 291, -1, 115, 78, 76.0, 16, ABalapapp, 0, 0, 0, 0, , 0, 0, 0, 0, 0, 
376, 1, 395, 293, -1, 104, 89, 103.0, 15, ABalappap, 0, 0, 0, 0, , 0, 0, 0, 0, 0, 
377, 1, 394, 292, -1, 82, 89, 117.0, 15, ABalappaa, 0, 0, 0, 0, , 0, 0, 0, 0, 0, 
378, 1, 396, 294, -1, 124, 89, 111.0, 18, ABalapppa, 0, 0, 0, 0, , 0, 0, 0, 0, 0, 
379, 1, 397, 295, -1, 159, 78, 107.0, 16, ABalapppp, 0, 0, 0, 0, , 0, 0, 0, 0, 0, 
380, 1, 399, 296, -1, 110, 68, 175.0, 14, ABpraaaaa, 0, 0, 0, 0, , 0, 0, 0, 0, 0, 
381, 1, 398, 297, -1, 138, 68, 162.0, 15, ABpraaaap, 0, 0, 0, 0, , 0, 0, 0, 0, 0, 
382, 1, 400, 298, -1, 232, 48, 153.5, 14, ABpraappp, 0, 0, 0, 0, , 0, 0, 0, 0, 0, 
383, 1, 401, 299, -1, 190, 47, 159.5, 13, ABpraappa, 0, 0, 0, 0, , 0, 0, 0, 0, 0, 
384, 1, 402, 300, -1, 265, 47, 152.0, 17, ABprappaa, 0, 0, 0, 0, , 0, 0, 0, 0, 0, 
385, 1, 403, 301, -1, 294, 70, 133.0, 17, ABprappap, 0, 0, 0, 0, , 0, 0, 0, 0, 0, 
386, 1, 404, 302, -1, 305, 84, 127.666664, 12, ABprapppa, 0, 0, 0, 0, , 0, 0, 0, 0, 0, 
387, 1, 405, 303, -1, 208, 35, 128.25, 13, ABprapaaa, 0, 0, 0, 0, , 0, 0, 0, 0, 0, 
388, 1, 406, 304, -1, 227, 49, 122.333336, 14, ABprapaap, 0, 0, 0, 0, , 0, 0, 0, 0, 0, 
389, 1, 407, 305, -1, 247, 46, 122.333336, 16, ABprapapa, 0, 0, 0, 0, , 0, 0, 0, 0, 0, 
390, 1, 408, 306, -1, 276, 62, 119.0, 17, ABprapapp, 0, 0, 0, 0, , 0, 0, 0, 0, 0, 
391, 1, 409, 307, 308, 172, 168, 104.0, 17, ABplppaa, 0, 0, 0, 0, , 0, 0, 0, 0, 0, 
392, 1, 411, 310, -1, 212, 157, 109.0, 14, ABplppapp, 0, 0, 0, 0, , 0, 0, 0, 0, 0, 
393, 1, 410, 309, -1, 184, 144, 108.0, 14, ABplppapa, 0, 0, 0, 0, , 0, 0, 0, 0, 0, 
394, 1, 412, 311, -1, 201, 174, 103.0, 15, ABplpppaa, 0, 0, 0, 0, , 0, 0, 0, 0, 0, 
395, 1, 413, 312, -1, 234, 171, 113.0, 17, ABplpppap, 0, 0, 0, 0, , 0, 0, 0, 0, 0, 
396, 1, 414, 313, -1, 212, 169, 137.0, 14, ABplppppa, 0, 0, 0, 0, , 0, 0, 0, 0, 0, 
397, 1, 415, 314, -1, 245, 178, 136.0, 17, ABplppppp, 0, 0, 0, 0, , 0, 0, 0, 0, 0, 
398, 1, 416, 315, -1, 144, 177, 111.75, 16, ABplpapap, 0, 0, 0, 0, , 0, 0, 0, 0, 0, 
399, 1, 417, 316, -1, 90, 153, 80.0, 17, ABplpaaaa, 0, 0, 0, 0, , 0, 0, 0, 0, 0, 
400, 1, 418, 317, -1, 122, 153, 84.0, 17, ABplpaaap, 0, 0, 0, 0, , 0, 0, 0, 0, 0, 
401, 1, 419, 318, -1, 135, 171, 89.0, 19, ABplpaapa, 0, 0, 0, 0, , 0, 0, 0, 0, 0, 
402, 1, 420, 319, -1, 171, 162, 72.0, 19, ABplpaapp, 0, 0, 0, 0, , 0, 0, 0, 0, 0, 
403, 1, 421, 320, -1, 107, 173, 112.0, 15, ABplpapaa, 0, 0, 0, 0, , 0, 0, 0, 0, 0, 
404, 1, 422, 321, -1, 156, 177, 138.0, 17, ABplpappa, 0, 0, 0, 0, , 0, 0, 0, 0, 0, 
405, 1, 423, 322, -1, 194, 178, 133.0, 17, ABplpappp, 0, 0, 0, 0, , 0, 0, 0, 0, 0, 
406, 1, 424, 323, -1, 187, 35, 130.0, 14, ABpraapap, 0, 0, 0, 0, , 0, 0, 0, 0, 0, 
407, 1, 425, 324, -1, 137, 48, 168.0, 14, ABprpaaaa, 0, 0, 0, 0, , 0, 0, 0, 0, 0, 
408, 1, 426, 325, -1, 172, 49, 172.0, 15, ABprpaaap, 0, 0, 0, 0, , 0, 0, 0, 0, 0, 
409, 1, 427, 326, -1, 178, 56, 187.6, 15, ABprpaapa, 0, 0, 0, 0, , 0, 0, 0, 0, 0, 
410, 1, 428, 327, -1, 207, 64, 176.0, 15, ABprpaapp, 0, 0, 0, 0, , 0, 0, 0, 0, 0, 
411, 1, 429, 328, -1, 196, 86, 202.0, 15, ABprpapaa, 0, 0, 0, 0, , 0, 0, 0, 0, 0, 
412, 1, 430, 329, -1, 221, 89, 201.0, 15, ABprpapap, 0, 0, 0, 0, , 0, 0, 0, 0, 0, 
413, 1, 431, 330, -1, 241, 93, 200.0, 15, ABprpappa, 0, 0, 0, 0, , 0, 0, 0, 0, 0, 
414, 1, 432, 331, -1, 272, 95, 183.0, 16, ABprpappp, 0, 0, 0, 0, , 0, 0, 0, 0, 0, 
415, 1, 433, 333, -1, 225, 64, 183.0, 14, ABprppaaa, 0, 0, 0, 0, , 0, 0, 0, 0, 0, 
416, 1, 433, 332, -1, 239, 64, 181.5, 15, ABprppaap, 0, 0, 0, 0, , 0, 0, 0, 0, 0, 
417, 1, 434, 334, -1, 256, 66, 175.0, 16, ABprppapa, 0, 0, 0, 0, , 0, 0, 0, 0, 0, 
418, 1, 435, 335, -1, 277, 83, 157.0, 14, ABprppapp, 0, 0, 0, 0, , 0, 0, 0, 0, 0, 
419, 1, 436, 336, -1, 291, 63, 165.0, 14, ABprpppaa, 0, 0, 0, 0, , 0, 0, 0, 0, 0, 
420, 1, 437, 337, -1, 313, 93, 155.0, 14, ABprpppap, 0, 0, 0, 0, , 0, 0, 0, 0, 0, 
421, 1, 438, 338, -1, 292, 87, 178.0, 15, ABprppppa, 0, 0, 0, 0, , 0, 0, 0, 0, 0, 
422, 1, 439, 339, -1, 301, 117, 179.0, 15, ABprppppp, 0, 0, 0, 0, , 0, 0, 0, 0, 0, 
423, 1, 440, 340, -1, 88, 111, 143.57143, 17, MSaaaa, 0, 0, 0, 0, , 0, 0, 0, 0, 0, 
424, 1, 441, 341, -1, 130, 130, 153.0, 19, MSaaap, 0, 0, 0, 0, , 0, 0, 0, 0, 0, 
425, 1, 442, 342, -1, 160, 156, 171.0, 16, MSaapa, 0, 0, 0, 0, , 0, 0, 0, 0, 0, 
426, 1, 443, 343, -1, 201, 158, 179.0, 16, MSaapp, 0, 0, 0, 0, , 0, 0, 0, 0, 0, 
427, 1, 444, 344, -1, 127, 141, 127.4, 16, MSapaa, 0, 0, 0, 0, , 0, 0, 0, 0, 0, 
428, 1, 445, 345, -1, 161, 144, 127.0, 16, MSapap, 0, 0, 0, 0, , 0, 0, 0, 0, 0, 
429, 1, 446, 346, -1, 177, 150, 146.0, 16, MSappa, 0, 0, 0, 0, , 0, 0, 0, 0, 0, 
430, 1, 447, 347, -1, 203, 146, 139.0, 16, MSappp, 0, 0, 0, 0, , 0, 0, 0, 0, 0, 
431, 1, 448, 348, -1, 160, 89, 174.0, 16, MSppaa, 0, 0, 0, 0, , 0, 0, 0, 0, 0, 
432, 1, 449, 349, -1, 199, 88, 159.0, 16, MSppap, 0, 0, 0, 0, , 0, 0, 0, 0, 0, 
433, 1, 450, 350, -1, 208, 103, 180.0, 16, MSpppa, 0, 0, 0, 0, , 0, 0, 0, 0, 0, 
434, 1, 451, 351, -1, 235, 94, 172.0, 16, MSpppp, 0, 0, 0, 0, , 0, 0, 0, 0, 0, 
435, 1, 452, 352, -1, 128, 101, 162.0, 17, MSpaaa, 0, 0, 0, 0, , 0, 0, 0, 0, 0, 
436, 1, 453, 353, -1, 166, 121, 169.0, 17, MSpaap, 0, 0, 0, 0, , 0, 0, 0, 0, 0, 
437, 1, 454, 354, -1, 189, 125, 195.0, 16, MSpapa, 0, 0, 0, 0, , 0, 0, 0, 0, 0, 
438, 1, 455, 355, -1, 224, 127, 202.0, 16, MSpapp, 0, 0, 0, 0, , 0, 0, 0, 0, 0, 
439, 1, 456, 356, -1, 144, 115, 122.0, 19, Eala, 0, 0, 0, 0, , 0, 0, 0, 0, 0, 
440, 1, 457, 357, -1, 295, 134, 88.0, 17, Caap, 0, 0, 0, 0, , 0, 0, 0, 0, 0, 
441, 1, 458, 358, -1, 263, 171, 116.0, 17, Capa, 0, 0, 0, 0, , 0, 0, 0, 0, 0, 
442, 1, 459, 359, -1, 275, 146, 116.0, 17, Capp, 0, 0, 0, 0, , 0, 0, 0, 0, 0, 
443, 1, 460, 361, -1, 304, 136, 126.0, 15, Cppp, 0, 0, 0, 0, , 0, 0, 0, 0, 0, 
444, 1, 461, 360, -1, 320, 124, 152.0, 17, Cppa, 0, 0, 0, 0, , 0, 0, 0, 0, 0, 
445, 1, 462, 362, -1, 238, 75, 148.0, 19, Epra, 0, 0, 0, 0, , 0, 0, 0, 0, 0, 
446, 1, 463, 363, -1, 194, 117, 119.0, 19, Ealp, 0, 0, 0, 0, , 0, 0, 0, 0, 0, 
447, 1, 464, 364, -1, 157, 90, 140.0, 19, Eara, 0, 0, 0, 0, , 0, 0, 0, 0, 0, 
448, 1, 465, 365, -1, 212, 89, 136.0, 17, Earp, 0, 0, 0, 0, , 0, 0, 0, 0, 0, 
449, 1, 466, 366, -1, 223, 112, 120.0, 18, Epla, 0, 0, 0, 0, , 0, 0, 0, 0, 0, 
450, 1, 467, 367, -1, 254, 120, 136.0, 17, Eplp, 0, 0, 0, 0, , 0, 0, 0, 0, 0, 
451, 1, 468, 368, -1, 239, 105, 75.0, 17, Caaaa, 0, 0, 0, 0, , 0, 0, 0, 0, 0, 
452, 1, 469, 369, -1, 267, 142, 84.0, 17, Caaap, 0, 0, 0, 0, , 0, 0, 0, 0, 0, 
453, 1, 470, 370, -1, 238, 67, 88.0, 17, Cpaaa, 0, 0, 0, 0, , 0, 0, 0, 0, 0, 
454, 1, 471, 371, -1, 285, 97, 91.0, 17, Cpaap, 0, 0, 0, 0, , 0, 0, 0, 0, 0, 
455, 1, 472, 372, -1, 307, 99, 95.0, 17, Cpapa, 0, 0, 0, 0, , 0, 0, 0, 0, 0, 
456, 1, 473, 373, -1, 323, 140, 109.0, 15, Cpapp, 0, 0, 0, 0, , 0, 0, 0, 0, 0, 
457, 1, 474, 374, -1, 232, 156, 160.0, 16, Daa, 0, 0, 0, 0, , 0, 0, 0, 0, 0, 
458, 1, 475, 375, -1, 271, 157, 152.0, 16, Dap, 0, 0, 0, 0, , 0, 0, 0, 0, 0, 
459, 1, 476, 376, -1, 258, 126, 183.0, 16, Dpa, 0, 0, 0, 0, , 0, 0, 0, 0, 0, 
460, 1, 477, 377, -1, 294, 142, 158.0, 16, Dpp, 0, 0, 0, 0, , 0, 0, 0, 0, 0, 
461, 1, 478, 378, -1, 234, 123, 167.0, 18, Z2, 0, 0, 0, 0, , 0, 0, 0, 0, 0, 
462, 1, 479, 379, -1, 199, 134, 159.0, 16, Z3, 0, 0, 0, 0, , 0, 0, 0, 0, 0, 
463, 1, 481, 381, -1, 108, 56, 98.0, 16, ABarpaaap, 0, 0, 0, 0, , 0, 0, 0, 0, 0, 
464, 1, 480, 380, -1, 82, 71, 100.0, 14, ABarpaaaa, 0, 0, 0, 0, , 0, 0, 0, 0, 0, 
465, 1, 482, 382, -1, 125, 54, 93.0, 19, ABarpaapa, 0, 0, 0, 0, , 0, 0, 0, 0, 0, 
466, 1, 483, 383, -1, 171, 53, 83.0, 18, ABarpaapp, 0, 0, 0, 0, , 0, 0, 0, 0, 0, 
467, 1, 484, 384, -1, 97, 58, 125.0, 15, ABarpapaa, 0, 0, 0, 0, , 0, 0, 0, 0, 0, 
468, 1, 485, 385, -1, 130, 57, 120.0, 15, ABarpapap, 0, 0, 0, 0, , 0, 0, 0, 0, 0, 
469, 1, 486, 386, -1, 144, 38, 113.0, 14, ABarpappa, 0, 0, 0, 0, , 0, 0, 0, 0, 0, 
470, 1, 487, 387, -1, 174, 53, 118.0, 17, ABarpappp, 0, 0, 0, 0, , 0, 0, 0, 0, 0, 
471, 1, 489, 389, -1, 185, 85, 76.0, 17, ABarppaap, 0, 0, 0, 0, , 0, 0, 0, 0, 0, 
472, 1, 488, 390, -1, 155, 81, 74.0, 17, ABarppaaa, 0, 0, 0, 0, , 0, 0, 0, 0, 0, 
473, 1, 491, 392, -1, 223, 108, 92.0, 19, ABarppapp, 0, 0, 0, 0, , 0, 0, 0, 0, 0, 
474, 1, 490, 391, -1, 189, 95, 95.0, 19, ABarppapa, 0, 0, 0, 0, , 0, 0, 0, 0, 0, 
475, 1, 492, 393, -1, 191, 53, 102.0, 16, ABarpppaa, 0, 0, 0, 0, , 0, 0, 0, 0, 0, 
476, 1, 493, 394, -1, 215, 68, 100.0, 17, ABarpppap, 0, 0, 0, 0, , 0, 0, 0, 0, 0, 
477, 1, 495, 396, -1, 258, 94, 110.0, 18, ABarppppp, 0, 0, 0, 0, , 0, 0, 0, 0, 0, 
478, 1, 494, 395, -1, 227, 79, 110.0, 18, ABarppppa, 0, 0, 0, 0, , 0, 0, 0, 0, 0, 
479, 0, 488, -1, -1, 187, 88, 73.0, 16, , 0, 0, 0, 0, , 0, 0, 0, 0, 0, 
480, 0, 488, -1, -1, 154, 82, 70.0, 17, , 0, 0, 0, 0, , 0, 0, 0, 0, 0, 
481, 0, 488, -1, -1, 160, 84, 70.0, 17, , 0, 0, 0, 0, , 0, 0, 0, 0, 0, 
482, 0, 489, -1, -1, 187, 91, 73.0, 16, , 0, 0, 0, 0, , 0, 0, 0, 0, 0, 
483, 1, 496, 397, -1, 69, 116, 86.0, 17, ABplaaaaa, 0, 0, 0, 0, , 0, 0, 0, 0, 0, 
484, 1, 497, 398, -1, 92, 98, 62.0, 17, ABplaaaap, 0, 0, 0, 0, , 0, 0, 0, 0, 0, 
485, 1, 498, 399, -1, 115, 100, 57.0, 17, ABplaaapa, 0, 0, 0, 0, , 0, 0, 0, 0, 0, 
486, 1, 499, 400, -1, 144, 98, 76.0, 17, ABplaaapp, 0, 0, 0, 0, , 0, 0, 0, 0, 0, 
487, 1, 500, 401, -1, 81, 132, 70.0, 17, ABplaapaa, 0, 0, 0, 0, , 0, 0, 0, 0, 0, 
488, 1, 501, 402, -1, 118, 130, 59.0, 17, ABplaapap, 0, 0, 0, 0, , 0, 0, 0, 0, 0, 
489, 1, 502, 403, -1, 170, 126, 74.0, 17, ABplaappp, 0, 0, 0, 0, , 0, 0, 0, 0, 0, 
490, 1, 503, 404, -1, 132, 144, 62.0, 17, ABplaappa, 0, 0, 0, 0, , 0, 0, 0, 0, 0, 
491, 1, 504, 405, -1, 146, 113, 52.0, 17, ABplapaaa, 0, 0, 0, 0, , 0, 0, 0, 0, 0, 
492, 1, 505, 406, -1, 177, 110, 53.0, 17, ABplapaap, 0, 0, 0, 0, , 0, 0, 0, 0, 0, 
493, 1, 506, 407, -1, 196, 108, 59.0, 16, ABplapapa, 0, 0, 0, 0, , 0, 0, 0, 0, 0, 
494, 1, 507, 408, -1, 233, 138, 70.0, 17, ABplapapp, 0, 0, 0, 0, , 0, 0, 0, 0, 0, 
495, 1, 508, 409, -1, 192, 136, 69.0, 19, ABplappaa, 0, 0, 0, 0, , 0, 0, 0, 0, 0, 
496, 1, 509, 410, -1, 217, 158, 78.0, 19, ABplappap, 0, 0, 0, 0, , 0, 0, 0, 0, 0, 
497, 1, 511, 412, -1, 253, 155, 104.0, 17, ABplapppp, 0, 0, 0, 0, , 0, 0, 0, 0, 0, 
498, 1, 510, 411, -1, 223, 148, 97.0, 17, ABplapppa, 0, 0, 0, 0, , 0, 0, 0, 0, 0, 
499, 1, 513, 413, -1, 112, 55, 150.0, 17, ABpraaapa, 0, 0, 0, 0, , 0, 0, 0, 0, 0, 
500, 1, 514, 414, -1, 157, 33, 150.0, 14, ABpraapaa, 0, 0, 0, 0, , 0, 0, 0, 0, 0, 
501, 1, 515, 415, -1, 317, 109, 127.0, 17, ABprapppp, 0, 0, 0, 0, , 0, 0, 0, 0, 0, 
