1, 0, 1, -1, -1, 48, 113, 80.0, 9, , 152, 0, 0, 0, , 0, 0, 0, 0, 0, 
2, 0, 2, -1, -1, 132, 104, 197.0, 9, , 19, 0, 0, 0, , 0, 0, 0, 0, 0, 
3, 0, 3, -1, -1, 133, 104, 201.0, 9, , 31, 0, 0, 0, , 0, 0, 0, 0, 0, 
4, 0, 4, -1, -1, 126, 78, 188.0, 8, , 31, 0, 0, 0, , 0, 0, 0, 0, 0, 
5, 0, 6, -1, -1, 287, 85, 174.0, 7, , 9, 0, 0, 0, , 0, 0, 0, 0, 0, 
6, 0, 7, -1, -1, 178, 47, 166.0, 8, , 13, 0, 0, 0, , 0, 0, 0, 0, 0, 
7, 0, 8, -1, -1, 125, 107, 208.0, 7, , 17, 0, 0, 0, , 0, 0, 0, 0, 0, 
8, 0, 9, -1, -1, 66, 111, 167.0, 9, , 108, 0, 0, 0, , 0, 0, 0, 0, 0, 
9, 0, 10, -1, -1, 184, 49, 166.0, 9, , 13, 0, 0, 0, , 0, 0, 0, 0, 0, 
10, 0, 11, -1, -1, 117, 90, 197.0, 7, , 9, 0, 0, 0, , 0, 0, 0, 0, 0, 
11, 0, 12, -1, -1, 248, 65, 187.0, 9, , 24, 0, 0, 0, , 0, 0, 0, 0, 0, 
12, 0, 13, -1, -1, 291, 65, 163.0, 7, , 18, 0, 0, 0, , 0, 0, 0, 0, 0, 
13, 0, 14, -1, -1, 210, 85, 199.0, 7, , 12, 0, 0, 0, , 0, 0, 0, 0, 0, 
14, 0, 15, -1, -1, 46, 110, 91.0, 7, , 25, 0, 0, 0, , 0, 0, 0, 0, 0, 
15, 0, 17, -1, -1, 47, 112, 86.0, 9, , 208, 0, 0, 0, , 0, 0, 0, 0, 0, 
16, 0, 18, -1, -1, 172, 48, 165.0, 9, , 31, 0, 0, 0, , 0, 0, 0, 0, 0, 
17, 0, 19, -1, -1, 136, 55, 172.0, 7, , 17, 0, 0, 0, , 0, 0, 0, 0, 0, 
18, 0, 20, -1, -1, 170, 49, 166.0, 9, , 31, 0, 0, 0, , 0, 0, 0, 0, 0, 
19, 0, 21, -1, -1, 165, 52, 172.0, 8, , 27, 0, 0, 0, , 0, 0, 0, 0, 0, 
20, 0, 22, -1, -1, 138, 82, 195.0, 9, , 44, 0, 0, 0, , 0, 0, 0, 0, 0, 
21, 0, 23, -1, -1, 221, 89, 205.0, 7, , 16, 0, 0, 0, , 0, 0, 0, 0, 0, 
22, 0, 24, -1, -1, 169, 45, 174.0, 9, , 15, 0, 0, 0, , 0, 0, 0, 0, 0, 
23, 0, 25, -1, -1, 293, 63, 168.0, 9, , 14, 0, 0, 0, , 0, 0, 0, 0, 0, 
24, 0, 26, -1, -1, 106, 51, 93.0, 7, , 13, 0, 0, 0, , 0, 0, 0, 0, 0, 
25, 0, 28, -1, -1, 87, 75, 158.0, 8, , 10, 0, 0, 0, , 0, 0, 0, 0, 0, 
26, 0, 30, -1, -1, 108, 53, 153.0, 8, , 13, 0, 0, 0, , 0, 0, 0, 0, 0, 
27, 0, 31, -1, -1, 282, 80, 154.0, 7, , 13, 0, 0, 0, , 0, 0, 0, 0, 0, 
28, 0, 32, -1, -1, 288, 59, 168.0, 8, , 6, 0, 0, 0, , 0, 0, 0, 0, 0, 
29, 0, 34, -1, -1, 257, 65, 182.0, 8, , 16, 0, 0, 0, , 0, 0, 0, 0, 0, 
30, 0, 35, -1, -1, 168, 90, 205.0, 9, , 21, 0, 0, 0, , 0, 0, 0, 0, 0, 
31, 0, 36, -1, -1, 309, 81, 122.0, 8, , 24, 0, 0, 0, , 0, 0, 0, 0, 0, 
32, 0, 37, -1, -1, 244, 62, 193.0, 11, , 71, 0, 0, 0, , 0, 0, 0, 0, 0, 
33, 0, 38, -1, -1, 100, 55, 122.0, 9, , 11, 0, 0, 0, , 0, 0, 0, 0, 0, 
34, 0, 39, -1, -1, 71, 147, 146.0, 8, , 17, 0, 0, 0, , 0, 0, 0, 0, 0, 
35, 0, 40, -1, -1, 132, 128, 208.0, 9, , 10, 0, 0, 0, , 0, 0, 0, 0, 0, 
36, 0, 41, -1, -1, 47, 112, 84.0, 11, , 255, 0, 0, 0, , 0, 0, 0, 0, 0, 
37, 0, 42, -1, -1, 113, 52, 98.0, 8, , 8, 0, 0, 0, , 0, 0, 0, 0, 0, 
38, 0, 44, -1, -1, 93, 64, 145.0, 8, , 18, 0, 0, 0, , 0, 0, 0, 0, 0, 
39, 0, 45, -1, -1, 98, 70, 154.0, 7, , 21, 0, 0, 0, , 0, 0, 0, 0, 0, 
40, 0, 46, -1, -1, 57, 124, 163.0, 8, , 8, 0, 0, 0, , 0, 0, 0, 0, 0, 
41, 0, 47, -1, -1, 261, 61, 169.0, 9, , 14, 0, 0, 0, , 0, 0, 0, 0, 0, 
42, 0, 48, -1, -1, 116, 72, 182.0, 8, , 13, 0, 0, 0, , 0, 0, 0, 0, 0, 
43, 0, 50, -1, -1, 132, 152, 182.0, 7, , 6, 0, 0, 0, , 0, 0, 0, 0, 0, 
44, 0, 51, -1, -1, 244, 60, 189.0, 9, , 36, 0, 0, 0, , 0, 0, 0, 0, 0, 
45, 0, 54, -1, -1, 141, 127, 195.0, 8, , 6, 0, 0, 0, , 0, 0, 0, 0, 0, 
46, 0, 55, -1, -1, 124, 107, 201.0, 7, , 10, 0, 0, 0, , 0, 0, 0, 0, 0, 
47, 0, 56, -1, -1, 310, 80, 129.0, 7, , 11, 0, 0, 0, , 0, 0, 0, 0, 0, 
48, 0, 57, -1, -1, 62, 128, 155.0, 7, , 39, 0, 0, 0, , 0, 0, 0, 0, 0, 
49, 0, 59, -1, -1, 89, 97, 111.0, 8, , 6, 0, 0, 0, , 0, 0, 0, 0, 0, 
50, 0, 60, -1, -1, 88, 61, 123.0, 7, , 5, 0, 0, 0, , 0, 0, 0, 0, 0, 
51, 0, 62, -1, -1, 89, 68, 147.0, 8, , 16, 0, 0, 0, , 0, 0, 0, 0, 0, 
52, 0, 63, -1, -1, 161, 34, 148.0, 15, , 19, 0, 0, 0, , 0, 0, 0, 0, 0, 
53, 0, 64, -1, -1, 165, 30, 152.0, 8, , 4, 0, 0, 0, , 0, 0, 0, 0, 0, 
54, 0, 65, -1, -1, 72, 91, 155.0, 7, , 17, 0, 0, 0, , 0, 0, 0, 0, 0, 
55, 0, 66, -1, -1, 94, 80, 163.0, 9, , 118, 0, 0, 0, , 0, 0, 0, 0, 0, 
56, 0, 67, -1, -1, 282, 85, 164.0, 9, , 28, 0, 0, 0, , 0, 0, 0, 0, 0, 
57, 0, 68, -1, -1, 70, 92, 160.0, 9, , 104, 0, 0, 0, , 0, 0, 0, 0, 0, 
58, 0, 69, -1, -1, 245, 66, 181.0, 9, , 22, 0, 0, 0, , 0, 0, 0, 0, 0, 
59, 0, 70, -1, -1, 135, 80, 189.0, 7, , 14, 0, 0, 0, , 0, 0, 0, 0, 0, 
60, 0, 71, -1, -1, 220, 61, 179.0, 9, , 38, 0, 0, 0, , 0, 0, 0, 0, 0, 
61, 0, 72, -1, -1, 210, 88, 203.0, 7, , 5, 0, 0, 0, , 0, 0, 0, 0, 0, 
62, 0, 74, -1, -1, 232, 92, 208.0, 7, , 13, 0, 0, 0, , 0, 0, 0, 0, 0, 
63, 0, 75, -1, -1, 138, 127, 210.0, 9, , 6, 0, 0, 0, , 0, 0, 0, 0, 0, 
64, 0, 76, -1, -1, 96, 63, 158.0, 9, , 38, 0, 0, 0, , 0, 0, 0, 0, 0, 
65, 0, 77, -1, -1, 126, 49, 167.0, 8, , 4, 0, 0, 0, , 0, 0, 0, 0, 0, 
66, 0, 78, -1, -1, 136, 53, 170.0, 8, , 6, 0, 0, 0, , 0, 0, 0, 0, 0, 
67, 0, 79, -1, -1, 218, 59, 183.0, 8, , 16, 0, 0, 0, , 0, 0, 0, 0, 0, 
68, 0, 80, -1, -1, 214, 40, 129.0, 7, , 8, 0, 0, 0, , 0, 0, 0, 0, 0, 
69, 0, 81, -1, -1, 227, 45, 123.0, 9, , 31, 0, 0, 0, , 0, 0, 0, 0, 0, 
70, 0, 82, -1, -1, 169, 85, 195.0, 8, , 5, 0, 0, 0, , 0, 0, 0, 0, 0, 
71, 0, 83, -1, -1, 227, 44, 125.0, 11, , 69, 0, 0, 0, , 0, 0, 0, 0, 0, 
72, 0, 84, -1, -1, 271, 145, 122.0, 7, , 10, 0, 0, 0, , 0, 0, 0, 0, 0, 
73, 0, 85, -1, -1, 203, 35, 128.0, 8, , 3, 0, 0, 0, , 0, 0, 0, 0, 0, 
74, 0, 86, -1, -1, 204, 134, 162.0, 9, , 10, 0, 0, 0, , 0, 0, 0, 0, 0, 
75, 0, 87, -1, -1, 82, 137, 157.0, 9, , 25, 0, 0, 0, , 0, 0, 0, 0, 0, 
76, 0, 88, -1, -1, 104, 70, 177.0, 7, , 14, 0, 0, 0, , 0, 0, 0, 0, 0, 
77, 0, 89, -1, -1, 127, 45, 171.0, 11, , 47, 0, 0, 0, , 0, 0, 0, 0, 0, 
78, 0, 90, -1, -1, 112, 65, 178.0, 7, , 19, 0, 0, 0, , 0, 0, 0, 0, 0, 
79, 0, 91, -1, -1, 169, 55, 189.0, 9, , 16, 0, 0, 0, , 0, 0, 0, 0, 0, 
80, 0, 92, -1, -1, 218, 66, 187.0, 7, , 24, 0, 0, 0, , 0, 0, 0, 0, 0, 
81, 0, 93, -1, -1, 106, 120, 188.0, 7, , 5, 0, 0, 0, , 0, 0, 0, 0, 0, 
82, 0, 95, -1, -1, 174, 62, 200.0, 9, , 25, 0, 0, 0, , 0, 0, 0, 0, 0, 
83, 0, 96, -1, -1, 133, 103, 205.0, 9, , 29, 0, 0, 0, , 0, 0, 0, 0, 0, 
84, 0, 97, -1, -1, 187, 95, 206.0, 9, , 24, 0, 0, 0, , 0, 0, 0, 0, 0, 
85, 0, 99, -1, -1, 65, 113, 163.0, 8, , 48, 0, 0, 0, , 0, 0, 0, 0, 0, 
86, 0, 100, -1, -1, 110, 54, 158.0, 9, , 23, 0, 0, 0, , 0, 0, 0, 0, 0, 
87, 0, 101, -1, -1, 91, 124, 193.0, 7, , 19, 0, 0, 0, , 0, 0, 0, 0, 0, 
88, 0, 103, -1, -1, 118, 82, 143.0, 9, , 21, 0, 0, 0, , 0, 0, 0, 0, 0, 
89, 0, 104, -1, -1, 53, 92, 144.0, 7, , 10, 0, 0, 0, , 0, 0, 0, 0, 0, 
90, 0, 105, -1, -1, 66, 110, 168.0, 8, , 101, 0, 0, 0, , 0, 0, 0, 0, 0, 
91, 0, 106, -1, -1, 99, 85, 167.0, 9, , 10, 0, 0, 0, , 0, 0, 0, 0, 0, 
92, 0, 107, -1, -1, 77, 108, 169.0, 9, , 133, 0, 0, 0, , 0, 0, 0, 0, 0, 
93, 0, 108, -1, -1, 254, 65, 175.0, 9, , 13, 0, 0, 0, , 0, 0, 0, 0, 0, 
94, 0, 109, -1, -1, 133, 83, 199.0, 9, , 56, 0, 0, 0, , 0, 0, 0, 0, 0, 
95, 0, 111, -1, -1, 130, 108, 204.0, 9, , 8, 0, 0, 0, , 0, 0, 0, 0, 0, 
96, 0, 112, -1, -1, 199, 95, 208.0, 8, , 14, 0, 0, 0, , 0, 0, 0, 0, 0, 
97, 0, 113, -1, -1, 60, 84, 143.0, 9, , 5, 0, 0, 0, , 0, 0, 0, 0, 0, 
98, 0, 114, -1, -1, 214, 91, 208.0, 7, , 12, 0, 0, 0, , 0, 0, 0, 0, 0, 
99, 0, 115, -1, -1, 218, 65, 183.0, 7, , 29, 0, 0, 0, , 0, 0, 0, 0, 0, 
100, 0, 116, -1, -1, 129, 55, 178.0, 9, , 18, 0, 0, 0, , 0, 0, 0, 0, 0, 
101, 0, 117, -1, -1, 87, 126, 189.0, 9, , 64, 0, 0, 0, , 0, 0, 0, 0, 0, 
102, 0, 118, -1, -1, 198, 91, 204.0, 7, , 6, 0, 0, 0, , 0, 0, 0, 0, 0, 
103, 0, 119, -1, -1, 106, 56, 97.0, 7, , 13, 0, 0, 0, , 0, 0, 0, 0, 0, 
104, 0, 120, -1, -1, 67, 133, 98.0, 8, , 5, 0, 0, 0, , 0, 0, 0, 0, 0, 
105, 0, 121, -1, -1, 75, 135, 104.0, 8, , 16, 0, 0, 0, , 0, 0, 0, 0, 0, 
106, 0, 122, -1, -1, 163, 165, 104.0, 9, , 51, 0, 0, 0, , 0, 0, 0, 0, 0, 
107, 0, 123, -1, -1, 68, 135, 109.0, 8, , 9, 0, 0, 0, , 0, 0, 0, 0, 0, 
108, 0, 125, -1, -1, 311, 79, 118.0, 7, , 5, 0, 0, 0, , 0, 0, 0, 0, 0, 
109, 0, 126, -1, -1, 90, 61, 114.0, 8, , 10, 0, 0, 0, , 0, 0, 0, 0, 0, 
110, 0, 128, -1, -1, 100, 80, 125.0, 9, , 8, 0, 0, 0, , 0, 0, 0, 0, 0, 
111, 0, 129, -1, -1, 308, 153, 136.0, 9, , 23, 0, 0, 0, , 0, 0, 0, 0, 0, 
112, 0, 130, -1, -1, 310, 120, 136.0, 7, , 16, 0, 0, 0, , 0, 0, 0, 0, 0, 
113, 0, 131, -1, -1, 195, 137, 147.0, 7, , 10, 0, 0, 0, , 0, 0, 0, 0, 0, 
114, 0, 133, -1, -1, 83, 78, 152.0, 9, , 56, 0, 0, 0, , 0, 0, 0, 0, 0, 
115, 0, 134, -1, -1, 150, 67, 182.0, 8, , 10, 0, 0, 0, , 0, 0, 0, 0, 0, 
116, 0, 135, -1, -1, 268, 85, 192.0, 8, , 19, 0, 0, 0, , 0, 0, 0, 0, 0, 
117, 0, 136, -1, -1, 103, 123, 203.0, 9, , 30, 0, 0, 0, , 0, 0, 0, 0, 0, 
118, 0, 137, -1, -1, 47, 112, 88.0, 7, , 84, 0, 0, 0, , 0, 0, 0, 0, 0, 
119, 0, 139, -1, -1, 307, 79, 116.0, 9, , 6, 0, 0, 0, , 0, 0, 0, 0, 0, 
120, 0, 140, -1, -1, 84, 126, 187.0, 9, , 26, 0, 0, 0, , 0, 0, 0, 0, 0, 
121, 0, 141, -1, -1, 191, 169, 101.0, 8, , 23, 0, 0, 0, , 0, 0, 0, 0, 0, 
122, 0, 142, -1, -1, 71, 146, 142.0, 8, , 12, 0, 0, 0, , 0, 0, 0, 0, 0, 
123, 0, 144, -1, -1, 71, 148, 88.0, 9, , 38, 0, 0, 0, , 0, 0, 0, 0, 0, 
124, 0, 146, -1, -1, 72, 134, 100.0, 7, , 26, 0, 0, 0, , 0, 0, 0, 0, 0, 
125, 0, 147, -1, -1, 74, 68, 103.0, 8, , 26, 0, 0, 0, , 0, 0, 0, 0, 0, 
126, 0, 148, -1, -1, 102, 61, 118.0, 8, , 9, 0, 0, 0, , 0, 0, 0, 0, 0, 
127, 0, 149, -1, -1, 61, 159, 120.0, 9, , 11, 0, 0, 0, , 0, 0, 0, 0, 0, 
128, 0, 150, -1, -1, 58, 107, 125.0, 7, , 21, 0, 0, 0, , 0, 0, 0, 0, 0, 
129, 0, 151, -1, -1, 304, 122, 131.0, 9, , 60, 0, 0, 0, , 0, 0, 0, 0, 0, 
130, 0, 152, -1, -1, 66, 150, 141.0, 8, , 5, 0, 0, 0, , 0, 0, 0, 0, 0, 
131, 0, 153, -1, -1, 160, 34, 142.0, 9, , 29, 0, 0, 0, , 0, 0, 0, 0, 0, 
132, 0, 154, -1, -1, 54, 84, 143.0, 7, , 22, 0, 0, 0, , 0, 0, 0, 0, 0, 
133, 0, 155, -1, -1, 63, 143, 144.0, 9, , 17, 0, 0, 0, , 0, 0, 0, 0, 0, 
134, 0, 156, -1, -1, 60, 107, 152.0, 11, , 96, 0, 0, 0, , 0, 0, 0, 0, 0, 
135, 0, 157, -1, -1, 58, 109, 154.0, 7, , 29, 0, 0, 0, , 0, 0, 0, 0, 0, 
136, 0, 159, -1, -1, 117, 52, 155.0, 7, , 24, 0, 0, 0, , 0, 0, 0, 0, 0, 
137, 0, 160, -1, -1, 129, 100, 160.0, 9, , 35, 0, 0, 0, , 0, 0, 0, 0, 0, 
138, 0, 161, -1, -1, 208, 60, 171.0, 9, , 22, 0, 0, 0, , 0, 0, 0, 0, 0, 
139, 0, 162, -1, -1, 283, 86, 178.0, 9, , 9, 0, 0, 0, , 0, 0, 0, 0, 0, 
140, 0, 163, -1, -1, 166, 50, 181.0, 8, , 14, 0, 0, 0, , 0, 0, 0, 0, 0, 
141, 0, 164, -1, -1, 293, 121, 186.0, 7, , 5, 0, 0, 0, , 0, 0, 0, 0, 0, 
142, 0, 165, -1, -1, 222, 63, 191.0, 11, , 48, 0, 0, 0, , 0, 0, 0, 0, 0, 
143, 0, 166, -1, -1, 168, 61, 192.0, 7, , 17, 0, 0, 0, , 0, 0, 0, 0, 0, 
144, 0, 167, -1, -1, 135, 79, 197.0, 8, , 29, 0, 0, 0, , 0, 0, 0, 0, 0, 
145, 0, 168, -1, -1, 213, 87, 196.0, 9, , 27, 0, 0, 0, , 0, 0, 0, 0, 0, 
146, 0, 170, -1, -1, 214, 86, 194.0, 9, , 24, 0, 0, 0, , 0, 0, 0, 0, 0, 
147, 0, 171, -1, -1, 154, 72, 189.0, 7, , 15, 0, 0, 0, , 0, 0, 0, 0, 0, 
148, 0, 172, -1, -1, 161, 169, 99.0, 8, , 24, 0, 0, 0, , 0, 0, 0, 0, 0, 
149, 0, 173, -1, -1, 222, 85, 114.0, 8, , 20, 0, 0, 0, , 0, 0, 0, 0, 0, 
150, 0, 175, -1, -1, 196, 38, 143.0, 9, , 12, 0, 0, 0, , 0, 0, 0, 0, 0, 
151, 0, 176, -1, -1, 129, 97, 153.0, 9, , 12, 0, 0, 0, , 0, 0, 0, 0, 0, 
152, 0, 177, -1, -1, 96, 65, 157.0, 8, , 11, 0, 0, 0, , 0, 0, 0, 0, 0, 
153, 0, 178, -1, -1, 131, 93, 158.0, 8, , 6, 0, 0, 0, , 0, 0, 0, 0, 0, 
154, 0, 179, -1, -1, 231, 115, 160.0, 7, , 26, 0, 0, 0, , 0, 0, 0, 0, 0, 
155, 0, 180, -1, -1, 130, 93, 163.0, 8, , 12, 0, 0, 0, , 0, 0, 0, 0, 0, 
156, 0, 181, -1, -1, 230, 119, 175.0, 8, , 13, 0, 0, 0, , 0, 0, 0, 0, 0, 
157, 0, 182, -1, -1, 193, 123, 180.0, 8, , 3, 0, 0, 0, , 0, 0, 0, 0, 0, 
158, 0, 183, -1, -1, 208, 62, 183.0, 8, , 2, 0, 0, 0, , 0, 0, 0, 0, 0, 
159, 0, 184, -1, -1, 111, 71, 186.0, 9, , 16, 0, 0, 0, , 0, 0, 0, 0, 0, 
160, 0, 185, -1, -1, 218, 87, 209.0, 8, , 23, 0, 0, 0, , 0, 0, 0, 0, 0, 
161, 0, 186, -1, -1, 192, 172, 93.0, 8, , 10, 0, 0, 0, , 0, 0, 0, 0, 0, 
162, 0, 187, -1, -1, 94, 69, 147.0, 9, , 15, 0, 0, 0, , 0, 0, 0, 0, 0, 
163, 0, 188, -1, -1, 53, 104, 162.0, 8, , 11, 0, 0, 0, , 0, 0, 0, 0, 0, 
164, 0, 189, -1, -1, 59, 102, 129.0, 8, , 8, 0, 0, 0, , 0, 0, 0, 0, 0, 
165, 0, 190, -1, -1, 87, 127, 181.0, 9, , 64, 0, 0, 0, , 0, 0, 0, 0, 0, 
166, 0, 191, -1, -1, 301, 131, 84.0, 9, , 22, 0, 0, 0, , 0, 0, 0, 0, 0, 
167, 0, 192, -1, -1, 109, 54, 91.0, 9, , 22, 0, 0, 0, , 0, 0, 0, 0, 0, 
168, 0, 193, -1, -1, 229, 43, 120.0, 9, , 5, 0, 0, 0, , 0, 0, 0, 0, 0, 
169, 0, 194, -1, -1, 280, 148, 121.0, 8, , 12, 0, 0, 0, , 0, 0, 0, 0, 0, 
170, 0, 195, -1, -1, 119, 54, 123.0, 8, , 4, 0, 0, 0, , 0, 0, 0, 0, 0, 
171, 0, 196, -1, -1, 306, 120, 125.0, 9, , 27, 0, 0, 0, , 0, 0, 0, 0, 0, 
172, 0, -1, -1, -1, 48, 102, 127.0, 8, , 16, 0, 0, 0, , 0, 0, 0, 0, 0, 
173, 0, 198, -1, -1, 263, 147, 125.0, 7, , 5, 0, 0, 0, , 0, 0, 0, 0, 0, 
174, 0, 199, -1, -1, 300, 70, 132.0, 7, , 6, 0, 0, 0, , 0, 0, 0, 0, 0, 
175, 0, 200, -1, -1, 61, 110, 157.0, 7, , 23, 0, 0, 0, , 0, 0, 0, 0, 0, 
176, 0, 201, -1, -1, 312, 89, 165.0, 11, , 29, 0, 0, 0, , 0, 0, 0, 0, 0, 
177, 0, 202, -1, -1, 64, 109, 172.0, 11, , 77, 0, 0, 0, , 0, 0, 0, 0, 0, 
178, 0, 203, -1, -1, 184, 125, 180.0, 7, , 7, 0, 0, 0, , 0, 0, 0, 0, 0, 
179, 0, 204, -1, -1, 293, 82, 181.0, 8, , 4, 0, 0, 0, , 0, 0, 0, 0, 0, 
180, 0, 205, -1, -1, 133, 77, 188.0, 8, , 31, 0, 0, 0, , 0, 0, 0, 0, 0, 
181, 0, 206, -1, -1, 224, 66, 189.0, 8, , 11, 0, 0, 0, , 0, 0, 0, 0, 0, 
182, 0, 207, -1, -1, 132, 77, 194.0, 11, , 13, 0, 0, 0, , 0, 0, 0, 0, 0, 
183, 0, 208, -1, -1, 108, 90, 196.0, 9, , 15, 0, 0, 0, , 0, 0, 0, 0, 0, 
184, 0, 209, -1, -1, 98, 124, 197.0, 8, , 50, 0, 0, 0, , 0, 0, 0, 0, 0, 
185, 0, 210, -1, -1, 59, 104, 159.0, 8, , 54, 0, 0, 0, , 0, 0, 0, 0, 0, 
186, 0, 211, -1, -1, 131, 99, 168.0, 8, , 35, 0, 0, 0, , 0, 0, 0, 0, 0, 
187, 0, 212, -1, -1, 218, 67, 185.0, 7, , 24, 0, 0, 0, , 0, 0, 0, 0, 0, 
188, 0, -1, -1, -1, 78, 154, 88.0, 11, , 48, 0, 0, 0, , 0, 0, 0, 0, 0, 
189, 0, -1, -1, -1, 96, 82, 171.0, 7, , 37, 0, 0, 0, , 0, 0, 0, 0, 0, 
190, 0, -1, -1, -1, 80, 156, 94.0, 9, , 35, 0, 0, 0, , 0, 0, 0, 0, 0, 
191, 0, -1, -1, -1, 80, 162, 97.0, 7, , 17, 0, 0, 0, , 0, 0, 0, 0, 0, 
192, 0, -1, -1, -1, 163, 168, 97.0, 9, , 30, 0, 0, 0, , 0, 0, 0, 0, 0, 
193, 0, -1, -1, -1, 74, 162, 98.0, 7, , 6, 0, 0, 0, , 0, 0, 0, 0, 0, 
194, 0, -1, -1, -1, 161, 163, 98.0, 8, , 4, 0, 0, 0, , 0, 0, 0, 0, 0, 
195, 0, -1, -1, -1, 110, 47, 102.0, 8, , 13, 0, 0, 0, , 0, 0, 0, 0, 0, 
196, 0, -1, -1, -1, 232, 47, 112.0, 8, , 11, 0, 0, 0, , 0, 0, 0, 0, 0, 
197, 0, -1, -1, -1, 97, 56, 115.0, 9, , 14, 0, 0, 0, , 0, 0, 0, 0, 0, 
198, 0, -1, -1, -1, 272, 152, 116.0, 8, , 4, 0, 0, 0, , 0, 0, 0, 0, 0, 
199, 0, -1, -1, -1, 118, 49, 118.0, 8, , 5, 0, 0, 0, , 0, 0, 0, 0, 0, 
200, 0, -1, -1, -1, 49, 106, 123.0, 8, , 9, 0, 0, 0, , 0, 0, 0, 0, 0, 
201, 0, -1, -1, -1, 54, 104, 130.0, 9, , 48, 0, 0, 0, , 0, 0, 0, 0, 0, 
202, 0, -1, -1, -1, 83, 108, 137.0, 8, , 7, 0, 0, 0, , 0, 0, 0, 0, 0, 
203, 0, -1, -1, -1, 93, 104, 140.0, 8, , 7, 0, 0, 0, , 0, 0, 0, 0, 0, 
204, 0, -1, -1, -1, 158, 33, 145.0, 9, , 37, 0, 0, 0, , 0, 0, 0, 0, 0, 
205, 0, -1, -1, -1, 95, 106, 146.0, 8, , 8, 0, 0, 0, , 0, 0, 0, 0, 0, 
206, 0, -1, -1, -1, 264, 45, 152.0, 8, , 2, 0, 0, 0, , 0, 0, 0, 0, 0, 
207, 0, -1, -1, -1, 161, 157, 154.0, 9, , 5, 0, 0, 0, , 0, 0, 0, 0, 0, 
208, 0, -1, -1, -1, 53, 110, 156.0, 8, , 19, 0, 0, 0, , 0, 0, 0, 0, 0, 
209, 0, -1, -1, -1, 156, 148, 156.0, 7, , 4, 0, 0, 0, , 0, 0, 0, 0, 0, 
210, 0, -1, -1, -1, 147, 66, 157.0, 7, , 17, 0, 0, 0, , 0, 0, 0, 0, 0, 
211, 0, -1, -1, -1, 160, 158, 158.0, 9, , 12, 0, 0, 0, , 0, 0, 0, 0, 0, 
212, 0, -1, -1, -1, 306, 89, 159.0, 7, , 4, 0, 0, 0, , 0, 0, 0, 0, 0, 
213, 0, -1, -1, -1, 141, 62, 161.0, 7, , 18, 0, 0, 0, , 0, 0, 0, 0, 0, 
214, 0, -1, -1, -1, 161, 159, 163.0, 8, , 11, 0, 0, 0, , 0, 0, 0, 0, 0, 
215, 0, -1, -1, -1, 284, 84, 164.0, 7, , 14, 0, 0, 0, , 0, 0, 0, 0, 0, 
216, 0, -1, -1, -1, 160, 151, 165.0, 8, , 17, 0, 0, 0, , 0, 0, 0, 0, 0, 
217, 0, -1, -1, -1, 131, 107, 170.0, 8, , 8, 0, 0, 0, , 0, 0, 0, 0, 0, 
218, 0, -1, -1, -1, 136, 47, 174.0, 8, , 7, 0, 0, 0, , 0, 0, 0, 0, 0, 
219, 0, -1, -1, -1, 210, 54, 175.0, 8, , 23, 0, 0, 0, , 0, 0, 0, 0, 0, 
220, 0, -1, -1, -1, 132, 153, 178.0, 8, , 14, 0, 0, 0, , 0, 0, 0, 0, 0, 
221, 0, -1, -1, -1, 133, 153, 181.0, 8, , 15, 0, 0, 0, , 0, 0, 0, 0, 0, 
222, 0, -1, -1, -1, 192, 80, 181.0, 8, , 1, 0, 0, 0, , 0, 0, 0, 0, 0, 
223, 0, -1, -1, -1, 135, 149, 182.0, 8, , 4, 0, 0, 0, , 0, 0, 0, 0, 0, 
224, 0, -1, -1, -1, 89, 125, 184.0, 8, , 19, 0, 0, 0, , 0, 0, 0, 0, 0, 
225, 0, -1, -1, -1, 147, 73, 185.0, 7, , 5, 0, 0, 0, , 0, 0, 0, 0, 0, 
226, 0, -1, -1, -1, 143, 67, 188.0, 9, , 8, 0, 0, 0, , 0, 0, 0, 0, 0, 
227, 0, -1, -1, -1, 286, 86, 189.0, 9, , 15, 0, 0, 0, , 0, 0, 0, 0, 0, 
228, 0, -1, -1, -1, 185, 130, 190.0, 8, , 8, 0, 0, 0, , 0, 0, 0, 0, 0, 
229, 0, -1, -1, -1, 135, 122, 195.0, 8, , 19, 0, 0, 0, , 0, 0, 0, 0, 0, 
230, 0, -1, -1, -1, 168, 59, 197.0, 11, , 21, 0, 0, 0, , 0, 0, 0, 0, 0, 
231, 0, -1, -1, -1, 135, 125, 201.0, 9, , 16, 0, 0, 0, , 0, 0, 0, 0, 0, 
232, 0, -1, -1, -1, 109, 93, 202.0, 9, , 11, 0, 0, 0, , 0, 0, 0, 0, 0, 
233, 0, -1, -1, -1, 174, 86, 202.0, 9, , 6, 0, 0, 0, , 0, 0, 0, 0, 0, 
234, 0, -1, -1, -1, 158, 111, 210.0, 7, , 5, 0, 0, 0, , 0, 0, 0, 0, 0, 
235, 1, 213, 234, -1, 281, 110, 132.0, 20, Eprp, 0, 0, 0, 0, , 0, 0, 0, 0, 0, 
236, 1, 214, 235, -1, 148, 51, 142.0, 18, ABpraaapp, 0, 0, 0, 0, , 0, 0, 0, 0, 0, 
237, 1, 215, 236, -1, 186, 82, 181.0, 17, ABarapppp, 0, 0, 0, 0, , 0, 0, 0, 0, 0, 
238, 1, 216, 237, -1, 129, 78, 196.0, 17, ABarappaa, 0, 0, 0, 0, , 0, 0, 0, 0, 0, 
239, 0, 217, -1, -1, 129, 85, 184.12766, 17, , 0, 0, 0, 0, , 0, 0, 0, 0, 0, 
240, 1, 218, 239, -1, 147, 69, 186.0, 16, ABarapppa, 0, 0, 0, 0, , 0, 0, 0, 0, 0, 
241, 1, 219, 240, -1, 171, 90, 201.0, 17, ABarappap, 0, 0, 0, 0, , 0, 0, 0, 0, 0, 
242, 1, 220, 241, -1, 103, 122, 196.0, 19, ABarapaaa, 0, 0, 0, 0, , 0, 0, 0, 0, 0, 
243, 1, 221, 242, -1, 138, 128, 201.0, 19, ABarapaap, 0, 0, 0, 0, , 0, 0, 0, 0, 0, 
244, 1, 222, 243, -1, 127, 104, 204.0, 17, ABarapapa, 0, 0, 0, 0, , 0, 0, 0, 0, 0, 
245, 1, 223, 244, -1, 164, 115, 206.0, 20, ABarapapp, 0, 0, 0, 0, , 0, 0, 0, 0, 0, 
246, 1, 224, 245, -1, 81, 138, 163.0, 18, ABaraapaa, 0, 0, 0, 0, , 0, 0, 0, 0, 0, 
247, 1, 225, 246, -1, 113, 142, 177.0, 18, ABaraapap, 0, 0, 0, 0, , 0, 0, 0, 0, 0, 
248, 1, 226, 247, -1, 131, 153, 183.0, 15, ABaraappa, 0, 0, 0, 0, , 0, 0, 0, 0, 0, 
249, 1, 227, 248, -1, 156, 133, 192.0, 19, ABaraappp, 0, 0, 0, 0, , 0, 0, 0, 0, 0, 
250, 1, 228, 249, -1, 89, 105, 187.0, 21, ABaraaapa, 0, 0, 0, 0, , 0, 0, 0, 0, 0, 
251, 1, 229, 250, -1, 111, 93, 194.5, 19, ABaraaapp, 0, 0, 0, 0, , 0, 0, 0, 0, 0, 
252, 1, 231, 252, -1, 88, 126, 181.0, 13, ABaraaaap, 0, 0, 0, 0, , 0, 0, 0, 0, 0, 
253, 1, 230, 251, -1, 65, 111, 170.0, 15, ABaraaaaa, 0, 0, 0, 0, , 0, 0, 0, 0, 0, 
254, 1, 232, 253, -1, 66, 147, 143.0, 17, ABalpaaap, 0, 0, 0, 0, , 0, 0, 0, 0, 0, 
255, 1, 233, 254, -1, 58, 126, 159.0, 17, ABalpaaaa, 0, 0, 0, 0, , 0, 0, 0, 0, 0, 
256, 1, 234, 255, -1, 54, 128, 126.0, 19, ABalpaapa, 0, 0, 0, 0, , 0, 0, 0, 0, 0, 
257, 1, 235, 256, -1, 89, 136, 123.0, 18, ABalpaapp, 0, 0, 0, 0, , 0, 0, 0, 0, 0, 
258, 1, 236, 257, -1, 97, 162, 164.0, 19, ABalpappa, 0, 0, 0, 0, , 0, 0, 0, 0, 0, 
259, 1, 237, 258, -1, 137, 170, 160.0, 19, ABalpappp, 0, 0, 0, 0, , 0, 0, 0, 0, 0, 
260, 1, 238, 260, -1, 69, 134, 101.0, 17, ABalppaaa, 0, 0, 0, 0, , 0, 0, 0, 0, 0, 
261, 1, 238, 259, -1, 76, 160, 98.5, 17, ABalppaap, 0, 0, 0, 0, , 0, 0, 0, 0, 0, 
262, 1, 239, 261, -1, 97, 156, 112.0, 17, ABalppapa, 0, 0, 0, 0, , 0, 0, 0, 0, 0, 
263, 1, 240, 262, -1, 125, 165, 132.0, 19, ABalppapp, 0, 0, 0, 0, , 0, 0, 0, 0, 0, 
264, 1, 241, 263, -1, 58, 156, 129.0, 15, ABalpapaa, 0, 0, 0, 0, , 0, 0, 0, 0, 0, 
265, 1, 242, 264, -1, 91, 161, 140.0, 17, ABalpapap, 0, 0, 0, 0, , 0, 0, 0, 0, 0, 
266, 1, 243, 265, -1, 76, 112, 114.0, 16, ABalpppaa, 0, 0, 0, 0, , 0, 0, 0, 0, 0, 
267, 1, 244, 266, -1, 101, 119, 94.0, 17, ABalpppap, 0, 0, 0, 0, , 0, 0, 0, 0, 0, 
268, 1, 245, 267, -1, 154, 131, 89.0, 17, ABalppppp, 0, 0, 0, 0, , 0, 0, 0, 0, 0, 
269, 1, 246, 268, -1, 122, 119, 99.0, 17, ABalppppa, 0, 0, 0, 0, , 0, 0, 0, 0, 0, 
270, 1, 247, 269, -1, 58, 85, 131.0, 16, ABalaaapa, 0, 0, 0, 0, , 0, 0, 0, 0, 0, 
271, 1, 248, 270, -1, 96, 82, 129.0, 16, ABalaaapp, 0, 0, 0, 0, , 0, 0, 0, 0, 0, 
272, 1, 249, 272, -1, 70, 92, 159.0, 15, ABalaapaa, 0, 0, 0, 0, , 0, 0, 0, 0, 0, 
273, 1, 249, 271, -1, 95, 83, 164.0, 15, ABalaapap, 0, 0, 0, 0, , 0, 0, 0, 0, 0, 
274, 1, 250, 273, -1, 57, 108, 159.0, 17, ABalaaaar, 0, 0, 0, 0, , 0, 0, 0, 0, 0, 
275, 1, 251, 274, -1, 53, 103, 128.0, 17, ABalaaaal, 0, 0, 0, 0, , 0, 0, 0, 0, 0, 
276, 1, 252, 275, -1, 122, 82, 141.0, 18, ABalaappp, 0, 0, 0, 0, , 0, 0, 0, 0, 0, 
277, 1, 253, 276, -1, 93, 66, 149.0, 17, ABalaappa, 0, 0, 0, 0, , 0, 0, 0, 0, 0, 
278, 1, 254, 277, -1, 63, 90, 94.0, 17, ABalapaap, 0, 0, 0, 0, , 0, 0, 0, 0, 0, 
279, 1, 255, 278, -1, 69, 87, 120.0, 17, ABalapaaa, 0, 0, 0, 0, , 0, 0, 0, 0, 0, 
280, 1, 256, 279, -1, 80, 86, 81.0, 17, ABalapapa, 0, 0, 0, 0, , 0, 0, 0, 0, 0, 
281, 1, 257, 280, -1, 114, 80, 81.0, 16, ABalapapp, 0, 0, 0, 0, , 0, 0, 0, 0, 0, 
282, 1, 258, 281, -1, 90, 94, 115.0, 17, ABalappaa, 0, 0, 0, 0, , 0, 0, 0, 0, 0, 
283, 1, 259, 282, -1, 108, 89, 102.0, 16, ABalappap, 0, 0, 0, 0, , 0, 0, 0, 0, 0, 
284, 1, 260, 283, -1, 126, 82, 116.0, 18, ABalapppa, 0, 0, 0, 0, , 0, 0, 0, 0, 0, 
285, 1, 261, 284, -1, 160, 77, 103.0, 18, ABalapppp, 0, 0, 0, 0, , 0, 0, 0, 0, 0, 
286, 1, 262, 285, -1, 110, 70, 180.0, 14, ABpraaaaa, 0, 0, 0, 0, , 0, 0, 0, 0, 0, 
287, 1, 263, 286, -1, 141, 67, 161.0, 17, ABpraaaap, 0, 0, 0, 0, , 0, 0, 0, 0, 0, 
288, 1, 264, 287, -1, 232, 47, 154.33333, 12, ABpraappp, 0, 0, 0, 0, , 0, 0, 0, 0, 0, 
289, 1, 265, 288, -1, 189, 47, 161.0, 18, ABpraappa, 0, 0, 0, 0, , 0, 0, 0, 0, 0, 
290, 1, 266, 289, -1, 265, 46, 152.0, 15, ABprappaa, 0, 0, 0, 0, , 0, 0, 0, 0, 0, 
291, 1, 267, 290, -1, 298, 66, 133.0, 19, ABprappap, 0, 0, 0, 0, , 0, 0, 0, 0, 0, 
292, 1, 268, 291, -1, 307, 80, 125.333336, 15, ABprapppa, 0, 0, 0, 0, , 0, 0, 0, 0, 0, 
293, 1, 269, 292, -1, 210, 36, 129.0, 15, ABprapaaa, 0, 0, 0, 0, , 0, 0, 0, 0, 0, 
294, 1, 270, 293, -1, 229, 46, 119.0, 15, ABprapaap, 0, 0, 0, 0, , 0, 0, 0, 0, 0, 
295, 1, 271, 294, -1, 253, 43, 123.0, 17, ABprapapa, 0, 0, 0, 0, , 0, 0, 0, 0, 0, 
296, 1, 272, 295, -1, 275, 65, 117.0, 16, ABprapapp, 0, 0, 0, 0, , 0, 0, 0, 0, 0, 
297, 1, 274, 296, -1, 161, 167, 103.75, 15, ABplppaaa, 0, 0, 0, 0, , 0, 0, 0, 0, 0, 
298, 1, 273, 297, -1, 190, 172, 102.0, 17, ABplppaap, 0, 0, 0, 0, , 0, 0, 0, 0, 0, 
299, 1, 275, 298, -1, 185, 145, 98.0, 14, ABplppapa, 0, 0, 0, 0, , 0, 0, 0, 0, 0, 
300, 1, 276, 299, -1, 222, 156, 108.666664, 15, ABplppapp, 0, 0, 0, 0, , 0, 0, 0, 0, 0, 
301, 1, 277, 300, -1, 209, 175, 101.5, 15, ABplpppaa, 0, 0, 0, 0, , 0, 0, 0, 0, 0, 
302, 1, 278, 301, -1, 237, 172, 110.0, 17, ABplpppap, 0, 0, 0, 0, , 0, 0, 0, 0, 0, 
303, 1, 279, 302, -1, 212, 172, 132.0, 14, ABplppppa, 0, 0, 0, 0, , 0, 0, 0, 0, 0, 
304, 1, 280, 303, -1, 241, 180, 138.0, 17, ABplppppp, 0, 0, 0, 0, , 0, 0, 0, 0, 0, 
305, 1, 281, 304, -1, 150, 177, 114.0, 16, ABplpapap, 0, 0, 0, 0, , 0, 0, 0, 0, 0, 
306, 1, 282, 305, -1, 95, 155, 72.0, 17, ABplpaaaa, 0, 0, 0, 0, , 0, 0, 0, 0, 0, 
307, 1, 283, 306, -1, 122, 157, 90.0, 17, ABplpaaap, 0, 0, 0, 0, , 0, 0, 0, 0, 0, 
308, 1, 284, 307, -1, 139, 169, 86.0, 19, ABplpaapa, 0, 0, 0, 0, , 0, 0, 0, 0, 0, 
309, 1, 285, 308, -1, 170, 162, 76.0, 19, ABplpaapp, 0, 0, 0, 0, , 0, 0, 0, 0, 0, 
310, 1, 286, 309, -1, 117, 176, 111.0, 15, ABplpapaa, 0, 0, 0, 0, , 0, 0, 0, 0, 0, 
311, 1, 287, 310, -1, 163, 177, 135.0, 17, ABplpappa, 0, 0, 0, 0, , 0, 0, 0, 0, 0, 
312, 1, 288, 311, -1, 194, 180, 132.0, 17, ABplpappp, 0, 0, 0, 0, , 0, 0, 0, 0, 0, 
313, 1, 289, 312, -1, 189, 35, 137.0, 16, ABpraapap, 0, 0, 0, 0, , 0, 0, 0, 0, 0, 
314, 1, 290, 313, -1, 132, 50, 169.0, 14, ABprpaaaa, 0, 0, 0, 0, , 0, 0, 0, 0, 0, 
315, 1, 291, 314, -1, 169, 49, 170.0, 17, ABprpaaap, 0, 0, 0, 0, , 0, 0, 0, 0, 0, 
316, 1, 292, 315, -1, 174, 58, 190.0, 15, ABprpaapa, 0, 0, 0, 0, , 0, 0, 0, 0, 0, 
317, 1, 293, 316, -1, 206, 58, 173.0, 15, ABprpaapp, 0, 0, 0, 0, , 0, 0, 0, 0, 0, 
318, 1, 294, 317, -1, 193, 95, 205.0, 17, ABprpapaa, 0, 0, 0, 0, , 0, 0, 0, 0, 0, 
319, 1, 295, 318, -1, 216, 88, 200.0, 15, ABprpapap, 0, 0, 0, 0, , 0, 0, 0, 0, 0, 
320, 1, 296, 319, -1, 237, 89, 204.0, 15, ABprpappa, 0, 0, 0, 0, , 0, 0, 0, 0, 0, 
321, 1, 297, 320, -1, 265, 90, 191.0, 16, ABprpappp, 0, 0, 0, 0, , 0, 0, 0, 0, 0, 
322, 1, 298, 321, -1, 222, 64, 186.0, 14, ABprppaaa, 0, 0, 0, 0, , 0, 0, 0, 0, 0, 
323, 1, 299, 322, -1, 245, 63, 184.0, 15, ABprppaap, 0, 0, 0, 0, , 0, 0, 0, 0, 0, 
324, 1, 300, 323, -1, 257, 62, 174.0, 16, ABprppapa, 0, 0, 0, 0, , 0, 0, 0, 0, 0, 
325, 1, 301, 324, -1, 284, 85, 158.0, 14, ABprppapp, 0, 0, 0, 0, , 0, 0, 0, 0, 0, 
326, 1, 302, 325, -1, 288, 64, 168.0, 14, ABprpppaa, 0, 0, 0, 0, , 0, 0, 0, 0, 0, 
327, 1, 303, 326, -1, 312, 91, 158.0, 16, ABprpppap, 0, 0, 0, 0, , 0, 0, 0, 0, 0, 
328, 1, 304, 327, -1, 287, 84, 182.0, 17, ABprppppa, 0, 0, 0, 0, , 0, 0, 0, 0, 0, 
329, 1, 305, 328, -1, 295, 116, 185.0, 15, ABprppppp, 0, 0, 0, 0, , 0, 0, 0, 0, 0, 
330, 1, 306, 329, -1, 90, 111, 141.0, 15, MSaaaa, 0, 0, 0, 0, , 0, 0, 0, 0, 0, 
331, 1, 307, 330, -1, 125, 129, 149.0, 19, MSaaap, 0, 0, 0, 0, , 0, 0, 0, 0, 0, 
332, 1, 308, 331, -1, 160, 156, 166.0, 16, MSaapa, 0, 0, 0, 0, , 0, 0, 0, 0, 0, 
333, 1, 309, 332, -1, 201, 159, 176.0, 16, MSaapp, 0, 0, 0, 0, , 0, 0, 0, 0, 0, 
334, 1, 310, 333, -1, 120, 137, 125.6, 18, MSapaa, 0, 0, 0, 0, , 0, 0, 0, 0, 0, 
335, 1, 311, 334, -1, 159, 142, 119.0, 16, MSapap, 0, 0, 0, 0, , 0, 0, 0, 0, 0, 
336, 1, 312, 335, -1, 171, 147, 145.0, 16, MSappa, 0, 0, 0, 0, , 0, 0, 0, 0, 0, 
337, 1, 313, 336, -1, 196, 145, 128.0, 16, MSappp, 0, 0, 0, 0, , 0, 0, 0, 0, 0, 
338, 1, 314, 337, -1, 159, 87, 171.0, 16, MSppaa, 0, 0, 0, 0, , 0, 0, 0, 0, 0, 
339, 1, 315, 338, -1, 191, 86, 161.0, 18, MSppap, 0, 0, 0, 0, , 0, 0, 0, 0, 0, 
340, 1, 316, 339, -1, 204, 101, 175.0, 16, MSpppa, 0, 0, 0, 0, , 0, 0, 0, 0, 0, 
341, 1, 317, 340, -1, 234, 94, 175.0, 16, MSpppp, 0, 0, 0, 0, , 0, 0, 0, 0, 0, 
342, 1, 318, 341, -1, 129, 102, 161.0, 15, MSpaaa, 0, 0, 0, 0, , 0, 0, 0, 0, 0, 
343, 1, 319, 342, -1, 159, 119, 162.0, 19, MSpaap, 0, 0, 0, 0, , 0, 0, 0, 0, 0, 
344, 1, 320, 343, -1, 188, 128, 179.0, 16, MSpapa, 0, 0, 0, 0, , 0, 0, 0, 0, 0, 
345, 1, 321, 344, -1, 226, 124, 196.0, 16, MSpapp, 0, 0, 0, 0, , 0, 0, 0, 0, 0, 
346, 1, 322, 345, -1, 141, 112, 119.0, 19, Eala, 0, 0, 0, 0, , 0, 0, 0, 0, 0, 
347, 1, 323, 347, -1, 298, 131, 86.0, 15, Caapa, 0, 0, 0, 0, , 0, 0, 0, 0, 0, 
348, 1, 323, 346, -1, 295, 141, 94.0, 17, Caapp, 0, 0, 0, 0, , 0, 0, 0, 0, 0, 
349, 1, 324, 348, -1, 261, 172, 122.0, 17, Capa, 0, 0, 0, 0, , 0, 0, 0, 0, 0, 
350, 1, 325, 349, -1, 273, 148, 124.0, 17, Capp, 0, 0, 0, 0, , 0, 0, 0, 0, 0, 
351, 1, 326, 350, -1, 319, 127, 158.0, 17, Cppa, 0, 0, 0, 0, , 0, 0, 0, 0, 0, 
352, 1, 328, 364, -1, 305, 153, 131.0, 17, Cpppp, 0, 0, 0, 0, , 0, 0, 0, 0, 0, 
353, 1, 329, 351, -1, 239, 75, 147.0, 17, Epra, 0, 0, 0, 0, , 0, 0, 0, 0, 0, 
354, 1, 330, 352, -1, 189, 112, 118.0, 19, Ealp, 0, 0, 0, 0, , 0, 0, 0, 0, 0, 
355, 1, 331, 353, -1, 156, 85, 134.0, 19, Eara, 0, 0, 0, 0, , 0, 0, 0, 0, 0, 
356, 1, 332, 354, -1, 211, 88, 142.0, 19, Earp, 0, 0, 0, 0, , 0, 0, 0, 0, 0, 
357, 1, 333, 355, -1, 222, 110, 120.0, 18, Epla, 0, 0, 0, 0, , 0, 0, 0, 0, 0, 
358, 1, 334, 356, -1, 254, 120, 141.0, 19, Eplp, 0, 0, 0, 0, , 0, 0, 0, 0, 0, 
359, 1, 335, 357, -1, 242, 109, 74.0, 17, Caaaa, 0, 0, 0, 0, , 0, 0, 0, 0, 0, 
360, 1, 336, 358, -1, 268, 136, 86.0, 17, Caaap, 0, 0, 0, 0, , 0, 0, 0, 0, 0, 
361, 1, 337, 359, -1, 236, 73, 84.0, 17, Cpaaa, 0, 0, 0, 0, , 0, 0, 0, 0, 0, 
362, 1, 338, 360, -1, 290, 99, 93.0, 17, Cpaap, 0, 0, 0, 0, , 0, 0, 0, 0, 0, 
363, 1, 339, 361, -1, 310, 99, 98.0, 17, Cpapa, 0, 0, 0, 0, , 0, 0, 0, 0, 0, 
364, 1, 340, 362, -1, 326, 138, 115.0, 15, Cpapp, 0, 0, 0, 0, , 0, 0, 0, 0, 0, 
365, 1, 327, 363, -1, 307, 122, 132.0, 17, Cpppa, 0, 0, 0, 0, , 0, 0, 0, 0, 0, 
366, 1, 341, 365, -1, 229, 155, 157.0, 16, Daa, 0, 0, 0, 0, , 0, 0, 0, 0, 0, 
367, 1, 342, 366, -1, 267, 159, 159.0, 16, Dap, 0, 0, 0, 0, , 0, 0, 0, 0, 0, 
368, 1, 343, 367, -1, 259, 119, 181.0, 16, Dpa, 0, 0, 0, 0, , 0, 0, 0, 0, 0, 
369, 1, 344, 368, -1, 287, 136, 159.0, 16, Dpp, 0, 0, 0, 0, , 0, 0, 0, 0, 0, 
370, 1, 345, 369, -1, 230, 120, 168.0, 18, Z2, 0, 0, 0, 0, , 0, 0, 0, 0, 0, 
371, 1, 346, 370, -1, 198, 133, 156.0, 16, Z3, 0, 0, 0, 0, , 0, 0, 0, 0, 0, 
372, 1, 347, 371, -1, 79, 73, 100.0, 14, ABarpaaaa, 0, 0, 0, 0, , 0, 0, 0, 0, 0, 
373, 1, 348, 372, -1, 108, 52, 96.0, 16, ABarpaaap, 0, 0, 0, 0, , 0, 0, 0, 0, 0, 
374, 1, 349, 373, -1, 124, 54, 88.0, 19, ABarpaapa, 0, 0, 0, 0, , 0, 0, 0, 0, 0, 
375, 1, 350, 374, -1, 169, 59, 92.0, 18, ABarpaapp, 0, 0, 0, 0, , 0, 0, 0, 0, 0, 
376, 1, 351, 375, -1, 95, 61, 118.0, 15, ABarpapaa, 0, 0, 0, 0, , 0, 0, 0, 0, 0, 
377, 1, 352, 376, -1, 125, 50, 121.0, 15, ABarpapap, 0, 0, 0, 0, , 0, 0, 0, 0, 0, 
378, 1, 353, 377, -1, 142, 37, 115.0, 14, ABarpappa, 0, 0, 0, 0, , 0, 0, 0, 0, 0, 
379, 1, 354, 378, -1, 174, 49, 119.0, 17, ABarpappp, 0, 0, 0, 0, , 0, 0, 0, 0, 0, 
380, 1, 355, 379, -1, 191, 76, 72.0, 16, ABarppaap, 0, 0, 0, 0, , 0, 0, 0, 0, 0, 
381, 1, 356, 380, -1, 155, 79, 68.0, 17, ABarppaaa, 0, 0, 0, 0, , 0, 0, 0, 0, 0, 
382, 1, 357, 381, -1, 190, 89, 94.0, 19, ABarppapa, 0, 0, 0, 0, , 0, 0, 0, 0, 0, 
383, 1, 358, 382, -1, 228, 106, 91.0, 19, ABarppapp, 0, 0, 0, 0, , 0, 0, 0, 0, 0, 
384, 1, 359, 383, -1, 190, 50, 103.0, 16, ABarpppaa, 0, 0, 0, 0, , 0, 0, 0, 0, 0, 
385, 1, 360, 384, -1, 218, 66, 102.0, 17, ABarpppap, 0, 0, 0, 0, , 0, 0, 0, 0, 0, 
386, 1, 361, 385, -1, 227, 74, 112.0, 18, ABarppppa, 0, 0, 0, 0, , 0, 0, 0, 0, 0, 
387, 1, 362, 386, -1, 261, 100, 112.0, 18, ABarppppp, 0, 0, 0, 0, , 0, 0, 0, 0, 0, 
388, 1, 363, 387, -1, 69, 113, 83.0, 17, ABplaaaaa, 0, 0, 0, 0, , 0, 0, 0, 0, 0, 
389, 1, 364, 388, -1, 97, 99, 62.0, 17, ABplaaaap, 0, 0, 0, 0, , 0, 0, 0, 0, 0, 
390, 1, 365, 389, -1, 117, 96, 55.0, 17, ABplaaapa, 0, 0, 0, 0, , 0, 0, 0, 0, 0, 
391, 1, 366, 390, -1, 147, 99, 77.0, 17, ABplaaapp, 0, 0, 0, 0, , 0, 0, 0, 0, 0, 
392, 1, 367, 391, -1, 84, 132, 67.0, 17, ABplaapaa, 0, 0, 0, 0, , 0, 0, 0, 0, 0, 
393, 1, 368, 392, -1, 120, 128, 58.0, 17, ABplaapap, 0, 0, 0, 0, , 0, 0, 0, 0, 0, 
394, 1, 369, 393, -1, 173, 126, 72.0, 17, ABplaappp, 0, 0, 0, 0, , 0, 0, 0, 0, 0, 
395, 1, 370, 394, -1, 136, 139, 63.0, 17, ABplaappa, 0, 0, 0, 0, , 0, 0, 0, 0, 0, 
396, 1, 371, 395, -1, 146, 112, 52.0, 17, ABplapaaa, 0, 0, 0, 0, , 0, 0, 0, 0, 0, 
397, 1, 372, 396, -1, 184, 103, 54.0, 17, ABplapaap, 0, 0, 0, 0, , 0, 0, 0, 0, 0, 
398, 1, 373, 397, -1, 200, 102, 64.0, 16, ABplapapa, 0, 0, 0, 0, , 0, 0, 0, 0, 0, 
399, 1, 374, 398, -1, 228, 138, 70.0, 17, ABplapapp, 0, 0, 0, 0, , 0, 0, 0, 0, 0, 
400, 1, 375, 399, -1, 192, 135, 64.0, 19, ABplappaa, 0, 0, 0, 0, , 0, 0, 0, 0, 0, 
401, 1, 376, 400, -1, 221, 158, 76.0, 19, ABplappap, 0, 0, 0, 0, , 0, 0, 0, 0, 0, 
402, 1, 377, 401, -1, 226, 144, 95.0, 17, ABplapppa, 0, 0, 0, 0, , 0, 0, 0, 0, 0, 
403, 1, 378, 402, -1, 254, 157, 95.0, 17, ABplapppp, 0, 0, 0, 0, , 0, 0, 0, 0, 0, 
404, 1, 379, 403, -1, 113, 57, 154.0, 17, ABpraaapa, 0, 0, 0, 0, , 0, 0, 0, 0, 0, 
405, 1, 380, 404, -1, 160, 34, 153.0, 14, ABpraapaa, 0, 0, 0, 0, , 0, 0, 0, 0, 0, 
406, 1, 381, 405, -1, 323, 107, 136.0, 17, ABprapppp, 0, 0, 0, 0, , 0, 0, 0, 0, 0, 
