1, 0, 1, -1, -1, 49, 112, 80.0, 9, , 152, 0, 0, 0, , 0, 0, 0, 0, 0, 
2, 0, 3, -1, -1, 134, 106, 203.0, 9, , 18, 0, 0, 0, , 0, 0, 0, 0, 0, 
3, 0, 4, -1, -1, 104, 67, 185.0, 8, , 3, 0, 0, 0, , 0, 0, 0, 0, 0, 
4, 0, 6, -1, -1, 181, 48, 166.0, 8, , 11, 0, 0, 0, , 0, 0, 0, 0, 0, 
5, 0, 7, -1, -1, 127, 108, 207.0, 9, , 15, 0, 0, 0, , 0, 0, 0, 0, 0, 
6, 0, 8, -1, -1, 55, 111, 167.0, 7, , 16, 0, 0, 0, , 0, 0, 0, 0, 0, 
7, 0, 9, -1, -1, 181, 52, 163.0, 7, , 11, 0, 0, 0, , 0, 0, 0, 0, 0, 
8, 0, 10, -1, -1, 110, 96, 198.0, 7, , 7, 0, 0, 0, , 0, 0, 0, 0, 0, 
9, 0, 11, -1, -1, 251, 65, 188.0, 7, , 18, 0, 0, 0, , 0, 0, 0, 0, 0, 
10, 0, 12, -1, -1, 286, 71, 162.0, 8, , 6, 0, 0, 0, , 0, 0, 0, 0, 0, 
11, 0, 13, -1, -1, 215, 81, 201.0, 8, , 3, 0, 0, 0, , 0, 0, 0, 0, 0, 
12, 0, 15, -1, -1, 175, 48, 166.0, 8, , 4, 0, 0, 0, , 0, 0, 0, 0, 0, 
13, 0, 16, -1, -1, 166, 47, 166.0, 9, , 44, 0, 0, 0, , 0, 0, 0, 0, 0, 
14, 0, 17, -1, -1, 160, 52, 172.0, 11, , 10, 0, 0, 0, , 0, 0, 0, 0, 0, 
15, 0, 18, -1, -1, 132, 84, 193.0, 7, , 5, 0, 0, 0, , 0, 0, 0, 0, 0, 
16, 0, 22, -1, -1, 104, 48, 93.0, 8, , 4, 0, 0, 0, , 0, 0, 0, 0, 0, 
17, 0, 23, -1, -1, 91, 77, 159.0, 8, , 10, 0, 0, 0, , 0, 0, 0, 0, 0, 
18, 0, 24, -1, -1, 89, 64, 150.0, 11, , 31, 0, 0, 0, , 0, 0, 0, 0, 0, 
19, 0, 28, -1, -1, 175, 92, 204.0, 7, , 4, 0, 0, 0, , 0, 0, 0, 0, 0, 
20, 0, 30, -1, -1, 255, 67, 190.0, 7, , 10, 0, 0, 0, , 0, 0, 0, 0, 0, 
21, 0, 31, -1, -1, 74, 154, 148.0, 8, , 10, 0, 0, 0, , 0, 0, 0, 0, 0, 
22, 0, 32, -1, -1, 47, 111, 86.0, 9, , 170, 0, 0, 0, , 0, 0, 0, 0, 0, 
23, 0, 35, -1, -1, 59, 120, 161.0, 8, , 23, 0, 0, 0, , 0, 0, 0, 0, 0, 
24, 0, 38, -1, -1, 244, 69, 191.0, 9, , 20, 0, 0, 0, , 0, 0, 0, 0, 0, 
25, 0, 40, -1, -1, 128, 102, 201.0, 7, , 10, 0, 0, 0, , 0, 0, 0, 0, 0, 
26, 0, 42, -1, -1, 57, 127, 155.0, 9, , 9, 0, 0, 0, , 0, 0, 0, 0, 0, 
27, 0, 43, -1, -1, 90, 90, 112.0, 8, , 5, 0, 0, 0, , 0, 0, 0, 0, 0, 
28, 0, 44, -1, -1, 88, 66, 149.0, 8, , 29, 0, 0, 0, , 0, 0, 0, 0, 0, 
29, 0, 47, -1, -1, 88, 79, 165.0, 7, , 26, 0, 0, 0, , 0, 0, 0, 0, 0, 
30, 0, 49, -1, -1, 57, 91, 163.0, 8, , 9, 0, 0, 0, , 0, 0, 0, 0, 0, 
31, 0, 50, -1, -1, 137, 87, 184.0, 7, , 16, 0, 0, 0, , 0, 0, 0, 0, 0, 
32, 0, 51, -1, -1, 220, 64, 180.0, 9, , 37, 0, 0, 0, , 0, 0, 0, 0, 0, 
33, 0, 52, -1, -1, 208, 91, 205.0, 7, , 21, 0, 0, 0, , 0, 0, 0, 0, 0, 
34, 0, 53, -1, -1, 229, 92, 210.0, 9, , 7, 0, 0, 0, , 0, 0, 0, 0, 0, 
35, 0, 54, -1, -1, 134, 128, 206.0, 7, , 4, 0, 0, 0, , 0, 0, 0, 0, 0, 
36, 0, 55, -1, -1, 92, 81, 162.0, 11, , 27, 0, 0, 0, , 0, 0, 0, 0, 0, 
37, 0, 57, -1, -1, 214, 37, 131.0, 7, , 8, 0, 0, 0, , 0, 0, 0, 0, 0, 
38, 0, 58, -1, -1, 230, 42, 118.0, 8, , 10, 0, 0, 0, , 0, 0, 0, 0, 0, 
39, 0, 59, -1, -1, 230, 41, 124.0, 9, , 13, 0, 0, 0, , 0, 0, 0, 0, 0, 
40, 0, 62, -1, -1, 80, 131, 158.0, 7, , 15, 0, 0, 0, , 0, 0, 0, 0, 0, 
41, 0, 63, -1, -1, 107, 68, 175.0, 7, , 13, 0, 0, 0, , 0, 0, 0, 0, 0, 
42, 0, 66, -1, -1, 115, 71, 178.0, 8, , 13, 0, 0, 0, , 0, 0, 0, 0, 0, 
43, 0, 69, -1, -1, 102, 115, 190.0, 8, , 3, 0, 0, 0, , 0, 0, 0, 0, 0, 
44, 0, 72, -1, -1, 189, 105, 205.0, 9, , 44, 0, 0, 0, , 0, 0, 0, 0, 0, 
45, 0, 73, -1, -1, 56, 111, 165.0, 7, , 12, 0, 0, 0, , 0, 0, 0, 0, 0, 
46, 0, 75, -1, -1, 87, 129, 192.0, 7, , 20, 0, 0, 0, , 0, 0, 0, 0, 0, 
47, 0, 78, -1, -1, 67, 113, 168.0, 8, , 11, 0, 0, 0, , 0, 0, 0, 0, 0, 
48, 0, 79, -1, -1, 94, 83, 166.0, 7, , 25, 0, 0, 0, , 0, 0, 0, 0, 0, 
49, 0, 80, -1, -1, 80, 104, 170.0, 9, , 133, 0, 0, 0, , 0, 0, 0, 0, 0, 
50, 0, 83, -1, -1, 124, 105, 204.0, 8, , 9, 0, 0, 0, , 0, 0, 0, 0, 0, 
51, 0, 86, -1, -1, 217, 64, 183.0, 9, , 19, 0, 0, 0, , 0, 0, 0, 0, 0, 
52, 0, 87, -1, -1, 125, 54, 178.0, 9, , 18, 0, 0, 0, , 0, 0, 0, 0, 0, 
53, 0, 88, -1, -1, 90, 127, 189.0, 11, , 39, 0, 0, 0, , 0, 0, 0, 0, 0, 
54, 0, 89, -1, -1, 185, 103, 203.0, 8, , 13, 0, 0, 0, , 0, 0, 0, 0, 0, 
55, 0, 91, -1, -1, 64, 126, 98.0, 8, , 4, 0, 0, 0, , 0, 0, 0, 0, 0, 
56, 0, 92, -1, -1, 84, 112, 107.0, 7, , 12, 0, 0, 0, , 0, 0, 0, 0, 0, 
57, 0, 98, -1, -1, 47, 111, 89.0, 7, , 19, 0, 0, 0, , 0, 0, 0, 0, 0, 
58, 0, 102, -1, -1, 77, 151, 90.0, 7, , 8, 0, 0, 0, , 0, 0, 0, 0, 0, 
59, 0, 103, -1, -1, 99, 58, 114.0, 8, , 11, 0, 0, 0, , 0, 0, 0, 0, 0, 
60, 0, 105, -1, -1, 161, 30, 142.0, 11, , 15, 0, 0, 0, , 0, 0, 0, 0, 0, 
61, 0, 107, -1, -1, 68, 150, 146.0, 9, , 17, 0, 0, 0, , 0, 0, 0, 0, 0, 
62, 0, 110, -1, -1, 108, 50, 155.0, 8, , 5, 0, 0, 0, , 0, 0, 0, 0, 0, 
63, 0, 112, -1, -1, 175, 54, 181.0, 7, , 6, 0, 0, 0, , 0, 0, 0, 0, 0, 
64, 0, 116, -1, -1, 208, 86, 195.0, 9, , 20, 0, 0, 0, , 0, 0, 0, 0, 0, 
65, 0, 117, -1, -1, 152, 70, 195.0, 7, , 17, 0, 0, 0, , 0, 0, 0, 0, 0, 
66, 0, 118, -1, -1, 219, 89, 113.0, 8, , 5, 0, 0, 0, , 0, 0, 0, 0, 0, 
67, 0, 120, -1, -1, 145, 93, 160.0, 9, , 22, 0, 0, 0, , 0, 0, 0, 0, 0, 
68, 0, 123, -1, -1, 230, 118, 169.0, 7, , 10, 0, 0, 0, , 0, 0, 0, 0, 0, 
69, 0, 125, -1, -1, 113, 70, 188.0, 8, , 4, 0, 0, 0, , 0, 0, 0, 0, 0, 
70, 0, 126, -1, -1, 213, 87, 210.0, 8, , 22, 0, 0, 0, , 0, 0, 0, 0, 0, 
71, 0, 127, -1, -1, 90, 61, 147.0, 8, , 13, 0, 0, 0, , 0, 0, 0, 0, 0, 
72, 0, 129, -1, -1, 91, 128, 183.0, 9, , 7, 0, 0, 0, , 0, 0, 0, 0, 0, 
73, 0, 131, -1, -1, 113, 49, 90.0, 9, , 15, 0, 0, 0, , 0, 0, 0, 0, 0, 
74, 0, 132, -1, -1, 236, 43, 126.0, 8, , 5, 0, 0, 0, , 0, 0, 0, 0, 0, 
75, 0, 133, -1, -1, 286, 152, 124.0, 9, , 45, 0, 0, 0, , 0, 0, 0, 0, 0, 
76, 0, 137, -1, -1, 310, 86, 166.0, 8, , 2, 0, 0, 0, , 0, 0, 0, 0, 0, 
77, 0, 140, -1, -1, 136, 83, 189.0, 8, , 9, 0, 0, 0, , 0, 0, 0, 0, 0, 
78, 0, 141, -1, -1, 216, 67, 188.0, 8, , 9, 0, 0, 0, , 0, 0, 0, 0, 0, 
79, 0, 142, -1, -1, 145, 74, 192.0, 8, , 7, 0, 0, 0, , 0, 0, 0, 0, 0, 
80, 0, 143, -1, -1, 108, 92, 195.0, 8, , 14, 0, 0, 0, , 0, 0, 0, 0, 0, 
81, 0, 144, -1, -1, 99, 119, 199.0, 7, , 31, 0, 0, 0, , 0, 0, 0, 0, 0, 
82, 0, 145, -1, -1, 62, 96, 159.0, 7, , 4, 0, 0, 0, , 0, 0, 0, 0, 0, 
83, 0, 148, -1, -1, 87, 80, 168.0, 9, , 16, 0, 0, 0, , 0, 0, 0, 0, 0, 
84, 0, 156, -1, -1, 117, 47, 118.0, 9, , 10, 0, 0, 0, , 0, 0, 0, 0, 0, 
85, 0, 163, -1, -1, 65, 96, 155.0, 8, , 5, 0, 0, 0, , 0, 0, 0, 0, 0, 
86, 0, 164, -1, -1, 43, 107, 156.0, 8, , 7, 0, 0, 0, , 0, 0, 0, 0, 0, 
87, 0, 169, -1, -1, 138, 61, 162.0, 8, , 12, 0, 0, 0, , 0, 0, 0, 0, 0, 
88, 0, 173, -1, -1, 114, 96, 173.0, 8, , 10, 0, 0, 0, , 0, 0, 0, 0, 0, 
89, 0, 174, -1, -1, 124, 54, 177.0, 7, , 15, 0, 0, 0, , 0, 0, 0, 0, 0, 
90, 0, 175, -1, -1, 205, 56, 174.0, 9, , 18, 0, 0, 0, , 0, 0, 0, 0, 0, 
91, 0, 181, -1, -1, 88, 129, 185.0, 9, , 73, 0, 0, 0, , 0, 0, 0, 0, 0, 
92, 0, 182, -1, -1, 147, 68, 186.0, 8, , 11, 0, 0, 0, , 0, 0, 0, 0, 0, 
93, 0, 186, -1, -1, 169, 55, 194.0, 7, , 24, 0, 0, 0, , 0, 0, 0, 0, 0, 
94, 0, 188, -1, -1, 111, 92, 203.0, 8, , 2, 0, 0, 0, , 0, 0, 0, 0, 0, 
95, 0, 193, -1, -1, 210, 53, 178.0, 7, , 5, 0, 0, 0, , 0, 0, 0, 0, 0, 
96, 0, 195, -1, -1, 172, 122, 180.0, 8, , 14, 0, 0, 0, , 0, 0, 0, 0, 0, 
97, 0, 197, -1, -1, 84, 104, 113.0, 7, , 12, 0, 0, 0, , 0, 0, 0, 0, 0, 
98, 0, 198, -1, -1, 84, 81, 132.0, 7, , 5, 0, 0, 0, , 0, 0, 0, 0, 0, 
99, 0, 199, -1, -1, 205, 33, 136.0, 9, , 8, 0, 0, 0, , 0, 0, 0, 0, 0, 
100, 0, 202, -1, -1, 105, 52, 150.0, 9, , 20, 0, 0, 0, , 0, 0, 0, 0, 0, 
101, 0, 204, -1, -1, 67, 93, 163.0, 9, , 32, 0, 0, 0, , 0, 0, 0, 0, 0, 
102, 0, 205, -1, -1, 95, 78, 174.0, 7, , 9, 0, 0, 0, , 0, 0, 0, 0, 0, 
103, 0, 206, -1, -1, 111, 64, 182.0, 8, , 3, 0, 0, 0, , 0, 0, 0, 0, 0, 
104, 0, 207, -1, -1, 171, 124, 186.0, 8, , 2, 0, 0, 0, , 0, 0, 0, 0, 0, 
105, 0, 208, -1, -1, 184, 81, 189.0, 8, , 12, 0, 0, 0, , 0, 0, 0, 0, 0, 
106, 0, 211, -1, -1, 254, 67, 196.0, 8, , 9, 0, 0, 0, , 0, 0, 0, 0, 0, 
107, 0, 212, -1, -1, 192, 104, 198.0, 7, , 8, 0, 0, 0, , 0, 0, 0, 0, 0, 
108, 0, 213, -1, -1, 74, 153, 96.0, 9, , 15, 0, 0, 0, , 0, 0, 0, 0, 0, 
109, 0, 214, -1, -1, 100, 58, 118.0, 8, , 3, 0, 0, 0, , 0, 0, 0, 0, 0, 
110, 0, 216, -1, -1, 114, 47, 155.0, 7, , 6, 0, 0, 0, , 0, 0, 0, 0, 0, 
111, 0, 217, -1, -1, 292, 112, 187.0, 7, , 9, 0, 0, 0, , 0, 0, 0, 0, 0, 
112, 0, 219, -1, -1, 208, 133, 156.0, 7, , 11, 0, 0, 0, , 0, 0, 0, 0, 0, 
113, 0, 220, -1, -1, 63, 158, 117.0, 9, , 9, 0, 0, 0, , 0, 0, 0, 0, 0, 
114, 0, 221, -1, -1, 249, 44, 135.0, 8, , 3, 0, 0, 0, , 0, 0, 0, 0, 0, 
115, 0, 222, -1, -1, 163, 33, 140.0, 13, , 18, 0, 0, 0, , 0, 0, 0, 0, 0, 
116, 0, 223, -1, -1, 329, 102, 147.0, 8, , 13, 0, 0, 0, , 0, 0, 0, 0, 0, 
117, 0, 224, -1, -1, 81, 131, 155.0, 9, , 12, 0, 0, 0, , 0, 0, 0, 0, 0, 
118, 0, 225, -1, -1, 65, 88, 157.0, 8, , 11, 0, 0, 0, , 0, 0, 0, 0, 0, 
119, 0, 226, -1, -1, 43, 113, 156.0, 8, , 10, 0, 0, 0, , 0, 0, 0, 0, 0, 
120, 0, 228, -1, -1, 94, 66, 160.0, 7, , 20, 0, 0, 0, , 0, 0, 0, 0, 0, 
121, 0, 232, -1, -1, 309, 84, 170.0, 7, , 12, 0, 0, 0, , 0, 0, 0, 0, 0, 
122, 0, 233, -1, -1, 62, 93, 169.0, 9, , 21, 0, 0, 0, , 0, 0, 0, 0, 0, 
123, 0, 234, -1, -1, 210, 129, 174.0, 8, , 23, 0, 0, 0, , 0, 0, 0, 0, 0, 
124, 0, 237, -1, -1, 100, 116, 192.0, 7, , 10, 0, 0, 0, , 0, 0, 0, 0, 0, 
125, 0, 238, -1, -1, 255, 72, 194.0, 8, , 12, 0, 0, 0, , 0, 0, 0, 0, 0, 
126, 0, 243, -1, -1, 116, 96, 194.0, 7, , 15, 0, 0, 0, , 0, 0, 0, 0, 0, 
127, 0, -1, -1, -1, 272, 139, 110.0, 8, , 15, 0, 0, 0, , 0, 0, 0, 0, 0, 
128, 0, -1, -1, -1, 210, 128, 177.0, 8, , 49, 0, 0, 0, , 0, 0, 0, 0, 0, 
129, 0, -1, -1, -1, 49, 100, 112.0, 7, , 6, 0, 0, 0, , 0, 0, 0, 0, 0, 
130, 0, -1, -1, -1, 292, 150, 119.0, 7, , 22, 0, 0, 0, , 0, 0, 0, 0, 0, 
131, 0, -1, -1, -1, 89, 89, 124.0, 9, , 6, 0, 0, 0, , 0, 0, 0, 0, 0, 
132, 0, -1, -1, -1, 133, 125, 144.0, 8, , 2, 0, 0, 0, , 0, 0, 0, 0, 0, 
133, 0, -1, -1, -1, 71, 106, 149.0, 8, , 7, 0, 0, 0, , 0, 0, 0, 0, 0, 
134, 0, -1, -1, -1, 228, 111, 156.0, 8, , 20, 0, 0, 0, , 0, 0, 0, 0, 0, 
135, 0, -1, -1, -1, 251, 59, 167.0, 9, , 15, 0, 0, 0, , 0, 0, 0, 0, 0, 
136, 0, -1, -1, -1, 246, 56, 179.0, 8, , 3, 0, 0, 0, , 0, 0, 0, 0, 0, 
137, 0, -1, -1, -1, 134, 85, 180.0, 8, , 28, 0, 0, 0, , 0, 0, 0, 0, 0, 
138, 0, -1, -1, -1, 163, 49, 180.0, 7, , 22, 0, 0, 0, , 0, 0, 0, 0, 0, 
139, 0, -1, -1, -1, 123, 55, 181.0, 7, , 3, 0, 0, 0, , 0, 0, 0, 0, 0, 
140, 0, -1, -1, -1, 131, 103, 194.0, 8, , 4, 0, 0, 0, , 0, 0, 0, 0, 0, 
141, 0, -1, -1, -1, 148, 70, 199.0, 9, , 20, 0, 0, 0, , 0, 0, 0, 0, 0, 
142, 1, 244, 161, -1, 282, 101, 132.0, 20, Eprp, 0, 0, 0, 0, , 0, 0, 0, 0, 0, 
143, 1, 245, 162, -1, 147, 53, 146.0, 17, ABpraaapp, 0, 0, 0, 0, , 0, 0, 0, 0, 0, 
144, 0, 45, -1, -1, 160, 32, 146.0, 15, , 0, 0, 0, 0, , 0, 0, 0, 0, 0, 
145, 1, 246, 164, -1, 186, 77, 190.0, 17, ABarapppp, 0, 0, 0, 0, , 0, 0, 0, 0, 0, 
146, 1, 247, 165, -1, 131, 85, 189.0, 17, ABarappaa, 0, 0, 0, 0, , 0, 0, 0, 0, 0, 
147, 0, 248, -1, -1, 130, 87, 184.82979, 17, , 0, 0, 0, 0, , 0, 0, 0, 0, 0, 
148, 1, 249, 167, -1, 147, 70, 191.0, 16, ABarapppa, 0, 0, 0, 0, , 0, 0, 0, 0, 0, 
149, 1, 250, 168, -1, 168, 91, 203.0, 17, ABarappap, 0, 0, 0, 0, , 0, 0, 0, 0, 0, 
150, 1, 251, 169, -1, 99, 116, 198.0, 19, ABarapaaa, 0, 0, 0, 0, , 0, 0, 0, 0, 0, 
151, 1, 252, 170, -1, 133, 128, 201.0, 19, ABarapaap, 0, 0, 0, 0, , 0, 0, 0, 0, 0, 
152, 1, 253, 171, -1, 129, 107, 200.0, 17, ABarapapa, 0, 0, 0, 0, , 0, 0, 0, 0, 0, 
153, 1, 254, 172, -1, 162, 117, 203.0, 20, ABarapapp, 0, 0, 0, 0, , 0, 0, 0, 0, 0, 
154, 1, 255, 173, -1, 82, 135, 159.0, 18, ABaraapaa, 0, 0, 0, 0, , 0, 0, 0, 0, 0, 
155, 1, 256, 174, -1, 109, 139, 177.0, 18, ABaraapap, 0, 0, 0, 0, , 0, 0, 0, 0, 0, 
156, 1, 257, 175, -1, 126, 150, 183.0, 17, ABaraappa, 0, 0, 0, 0, , 0, 0, 0, 0, 0, 
157, 1, 258, 176, -1, 146, 132, 187.0, 19, ABaraappp, 0, 0, 0, 0, , 0, 0, 0, 0, 0, 
158, 1, 259, 177, -1, 83, 104, 182.0, 21, ABaraaapa, 0, 0, 0, 0, , 0, 0, 0, 0, 0, 
159, 1, 260, 178, -1, 109, 93, 197.0, 19, ABaraaapp, 0, 0, 0, 0, , 0, 0, 0, 0, 0, 
160, 1, 261, 179, -1, 60, 114, 168.0, 17, ABaraaaaa, 0, 0, 0, 0, , 0, 0, 0, 0, 0, 
161, 1, 262, 180, -1, 87, 127, 185.0, 14, ABaraaaap, 0, 0, 0, 0, , 0, 0, 0, 0, 0, 
162, 1, 263, 181, -1, 69, 155, 146.0, 17, ABalpaaap, 0, 0, 0, 0, , 0, 0, 0, 0, 0, 
163, 1, 264, 182, -1, 54, 130, 158.0, 19, ABalpaaaa, 0, 0, 0, 0, , 0, 0, 0, 0, 0, 
164, 1, 265, 183, -1, 54, 130, 129.0, 21, ABalpaapa, 0, 0, 0, 0, , 0, 0, 0, 0, 0, 
165, 1, 266, 184, -1, 89, 137, 124.0, 18, ABalpaapp, 0, 0, 0, 0, , 0, 0, 0, 0, 0, 
166, 1, 267, 185, -1, 101, 161, 165.0, 19, ABalpappa, 0, 0, 0, 0, , 0, 0, 0, 0, 0, 
167, 1, 268, 186, -1, 135, 173, 163.0, 17, ABalpappp, 0, 0, 0, 0, , 0, 0, 0, 0, 0, 
168, 1, 269, 187, -1, 65, 125, 103.0, 17, ABalppaaa, 0, 0, 0, 0, , 0, 0, 0, 0, 0, 
169, 1, 270, 188, -1, 72, 154, 95.0, 17, ABalppaap, 0, 0, 0, 0, , 0, 0, 0, 0, 0, 
170, 1, 271, 189, -1, 96, 157, 108.0, 19, ABalppapa, 0, 0, 0, 0, , 0, 0, 0, 0, 0, 
171, 1, 272, 190, -1, 131, 162, 128.0, 19, ABalppapp, 0, 0, 0, 0, , 0, 0, 0, 0, 0, 
172, 1, 273, 191, -1, 61, 156, 124.0, 17, ABalpapaa, 0, 0, 0, 0, , 0, 0, 0, 0, 0, 
173, 1, 274, 192, -1, 95, 158, 141.0, 17, ABalpapap, 0, 0, 0, 0, , 0, 0, 0, 0, 0, 
174, 1, 275, 193, -1, 82, 109, 114.5, 18, ABalpppaa, 0, 0, 0, 0, , 0, 0, 0, 0, 0, 
175, 1, 276, 194, -1, 103, 127, 87.0, 19, ABalpppap, 0, 0, 0, 0, , 0, 0, 0, 0, 0, 
176, 1, 277, 195, -1, 154, 130, 86.0, 19, ABalppppp, 0, 0, 0, 0, , 0, 0, 0, 0, 0, 
177, 1, 278, 196, -1, 121, 117, 92.0, 19, ABalppppa, 0, 0, 0, 0, , 0, 0, 0, 0, 0, 
178, 1, 279, 197, -1, 49, 91, 136.0, 18, ABalaaapa, 0, 0, 0, 0, , 0, 0, 0, 0, 0, 
179, 1, 280, 198, -1, 84, 80, 138.0, 16, ABalaaapp, 0, 0, 0, 0, , 0, 0, 0, 0, 0, 
180, 1, 281, 199, -1, 63, 91, 159.0, 15, ABalaapaa, 0, 0, 0, 0, , 0, 0, 0, 0, 0, 
181, 1, 282, 200, -1, 91, 80, 166.0, 15, ABalaapap, 0, 0, 0, 0, , 0, 0, 0, 0, 0, 
182, 1, 283, 201, -1, 47, 111, 153.0, 17, ABalaaaar, 0, 0, 0, 0, , 0, 0, 0, 0, 0, 
183, 1, 284, 202, -1, 55, 102, 117.0, 17, ABalaaaal, 0, 0, 0, 0, , 0, 0, 0, 0, 0, 
184, 1, 285, 203, -1, 116, 76, 144.0, 18, ABalaappp, 0, 0, 0, 0, , 0, 0, 0, 0, 0, 
185, 1, 286, 204, -1, 91, 64, 156.0, 17, ABalaappa, 0, 0, 0, 0, , 0, 0, 0, 0, 0, 
186, 1, 287, 205, -1, 70, 96, 90.0, 19, ABalapaap, 0, 0, 0, 0, , 0, 0, 0, 0, 0, 
187, 1, 288, 206, -1, 69, 86, 119.0, 19, ABalapaaa, 0, 0, 0, 0, , 0, 0, 0, 0, 0, 
188, 1, 289, 207, -1, 86, 84, 80.0, 17, ABalapapa, 0, 0, 0, 0, , 0, 0, 0, 0, 0, 
189, 1, 290, 208, -1, 116, 86, 80.0, 16, ABalapapp, 0, 0, 0, 0, , 0, 0, 0, 0, 0, 
190, 1, 291, 209, -1, 90, 88, 119.0, 19, ABalappaa, 0, 0, 0, 0, , 0, 0, 0, 0, 0, 
191, 1, 292, 210, -1, 114, 85, 103.0, 16, ABalappap, 0, 0, 0, 0, , 0, 0, 0, 0, 0, 
192, 1, 293, 211, -1, 123, 77, 124.0, 18, ABalapppa, 0, 0, 0, 0, , 0, 0, 0, 0, 0, 
193, 1, 294, 212, -1, 157, 71, 107.0, 18, ABalapppp, 0, 0, 0, 0, , 0, 0, 0, 0, 0, 
194, 1, 295, 213, -1, 110, 69, 184.0, 14, ABpraaaaa, 0, 0, 0, 0, , 0, 0, 0, 0, 0, 
195, 1, 296, 214, -1, 134, 67, 161.0, 17, ABpraaaap, 0, 0, 0, 0, , 0, 0, 0, 0, 0, 
196, 1, 297, 215, -1, 229, 52, 159.0, 13, ABpraappp, 0, 0, 0, 0, , 0, 0, 0, 0, 0, 
197, 1, 298, 216, -1, 187, 47, 161.0, 14, ABpraappa, 0, 0, 0, 0, , 0, 0, 0, 0, 0, 
198, 1, 299, 217, -1, 262, 48, 153.5, 16, ABprappaa, 0, 0, 0, 0, , 0, 0, 0, 0, 0, 
199, 1, 300, 218, -1, 294, 61, 134.0, 17, ABprappap, 0, 0, 0, 0, , 0, 0, 0, 0, 0, 
200, 1, 301, 219, -1, 308, 77, 126.0, 17, ABprapppa, 0, 0, 0, 0, , 0, 0, 0, 0, 0, 
201, 1, 302, 220, -1, 207, 36, 130.5, 14, ABprapaaa, 0, 0, 0, 0, , 0, 0, 0, 0, 0, 
202, 1, 303, 221, -1, 231, 43, 120.0, 17, ABprapaap, 0, 0, 0, 0, , 0, 0, 0, 0, 0, 
203, 1, 304, 222, -1, 252, 44, 126.0, 18, ABprapapa, 0, 0, 0, 0, , 0, 0, 0, 0, 0, 
204, 1, 305, 223, -1, 278, 64, 117.0, 15, ABprapapp, 0, 0, 0, 0, , 0, 0, 0, 0, 0, 
205, 1, 306, 224, -1, 166, 166, 106.0, 17, ABplppaaa, 0, 0, 0, 0, , 0, 0, 0, 0, 0, 
206, 1, 307, 225, -1, 192, 174, 103.0, 17, ABplppaap, 0, 0, 0, 0, , 0, 0, 0, 0, 0, 
207, 1, 308, 226, -1, 192, 150, 96.0, 14, ABplppapa, 0, 0, 0, 0, , 0, 0, 0, 0, 0, 
208, 1, 309, 227, -1, 230, 154, 109.0, 15, ABplppapp, 0, 0, 0, 0, , 0, 0, 0, 0, 0, 
209, 1, 310, 228, -1, 215, 175, 101.333336, 15, ABplpppaa, 0, 0, 0, 0, , 0, 0, 0, 0, 0, 
210, 1, 311, 229, -1, 242, 170, 107.0, 17, ABplpppap, 0, 0, 0, 0, , 0, 0, 0, 0, 0, 
211, 1, 312, 230, -1, 216, 169, 133.0, 14, ABplppppa, 0, 0, 0, 0, , 0, 0, 0, 0, 0, 
212, 1, 313, 231, -1, 246, 179, 139.0, 17, ABplppppp, 0, 0, 0, 0, , 0, 0, 0, 0, 0, 
213, 1, 314, 232, -1, 148, 175, 116.5, 16, ABplpapap, 0, 0, 0, 0, , 0, 0, 0, 0, 0, 
214, 1, 315, 233, -1, 94, 154, 72.0, 17, ABplpaaaa, 0, 0, 0, 0, , 0, 0, 0, 0, 0, 
215, 1, 316, 234, -1, 124, 162, 92.0, 17, ABplpaaap, 0, 0, 0, 0, , 0, 0, 0, 0, 0, 
216, 1, 317, 235, -1, 145, 168, 81.0, 19, ABplpaapa, 0, 0, 0, 0, , 0, 0, 0, 0, 0, 
217, 1, 318, 236, -1, 175, 163, 78.0, 19, ABplpaapp, 0, 0, 0, 0, , 0, 0, 0, 0, 0, 
218, 1, 319, 237, -1, 124, 175, 106.0, 15, ABplpapaa, 0, 0, 0, 0, , 0, 0, 0, 0, 0, 
219, 1, 320, 238, -1, 172, 174, 135.0, 17, ABplpappa, 0, 0, 0, 0, , 0, 0, 0, 0, 0, 
220, 1, 321, 239, -1, 198, 173, 135.0, 17, ABplpappp, 0, 0, 0, 0, , 0, 0, 0, 0, 0, 
221, 1, 322, 240, -1, 189, 35, 141.0, 16, ABpraapap, 0, 0, 0, 0, , 0, 0, 0, 0, 0, 
222, 1, 323, 241, -1, 129, 53, 176.0, 16, ABprpaaaa, 0, 0, 0, 0, , 0, 0, 0, 0, 0, 
223, 1, 324, 242, -1, 162, 49, 171.0, 17, ABprpaaap, 0, 0, 0, 0, , 0, 0, 0, 0, 0, 
224, 1, 325, 243, -1, 174, 55, 188.85715, 15, ABprpaapa, 0, 0, 0, 0, , 0, 0, 0, 0, 0, 
225, 1, 326, 244, -1, 203, 56, 177.0, 15, ABprpaapp, 0, 0, 0, 0, , 0, 0, 0, 0, 0, 
226, 1, 327, 245, -1, 193, 104, 204.4, 17, ABprpapaa, 0, 0, 0, 0, , 0, 0, 0, 0, 0, 
227, 1, 328, 246, -1, 212, 87, 201.0, 15, ABprpapap, 0, 0, 0, 0, , 0, 0, 0, 0, 0, 
228, 1, 329, 247, -1, 231, 91, 205.0, 15, ABprpappa, 0, 0, 0, 0, , 0, 0, 0, 0, 0, 
229, 1, 330, 248, -1, 256, 93, 191.0, 16, ABprpappp, 0, 0, 0, 0, , 0, 0, 0, 0, 0, 
230, 1, 331, 249, -1, 220, 65, 188.0, 14, ABprppaaa, 0, 0, 0, 0, , 0, 0, 0, 0, 0, 
231, 1, 332, 250, -1, 251, 69, 190.0, 15, ABprppaap, 0, 0, 0, 0, , 0, 0, 0, 0, 0, 
232, 1, 333, 251, -1, 252, 60, 178.0, 16, ABprppapa, 0, 0, 0, 0, , 0, 0, 0, 0, 0, 
233, 1, 334, 252, -1, 282, 81, 157.0, 14, ABprppapp, 0, 0, 0, 0, , 0, 0, 0, 0, 0, 
234, 1, 335, 253, -1, 284, 63, 172.0, 14, ABprpppaa, 0, 0, 0, 0, , 0, 0, 0, 0, 0, 
235, 1, 336, 254, -1, 309, 85, 162.0, 14, ABprpppap, 0, 0, 0, 0, , 0, 0, 0, 0, 0, 
236, 1, 337, 255, -1, 278, 86, 183.0, 17, ABprppppa, 0, 0, 0, 0, , 0, 0, 0, 0, 0, 
237, 1, 338, 256, -1, 298, 111, 184.0, 17, ABprppppp, 0, 0, 0, 0, , 0, 0, 0, 0, 0, 
238, 1, 339, 268, -1, 73, 112, 146.0, 15, MSaaaaa, 0, 0, 0, 0, , 0, 0, 0, 0, 0, 
239, 1, 339, 257, -1, 106, 103, 139.0, 15, MSaaaap, 0, 0, 0, 0, , 0, 0, 0, 0, 0, 
240, 1, 340, 258, -1, 126, 123, 145.0, 19, MSaaap, 0, 0, 0, 0, , 0, 0, 0, 0, 0, 
241, 1, 342, 269, -1, 182, 153, 160.0, 16, MSaapap, 0, 0, 0, 0, , 0, 0, 0, 0, 0, 
242, 1, 343, 259, -1, 204, 156, 173.0, 16, MSaapp, 0, 0, 0, 0, , 0, 0, 0, 0, 0, 
243, 1, 344, 260, -1, 113, 137, 124.0, 18, MSapaa, 0, 0, 0, 0, , 0, 0, 0, 0, 0, 
244, 1, 345, 261, -1, 158, 142, 114.0, 16, MSapap, 0, 0, 0, 0, , 0, 0, 0, 0, 0, 
245, 1, 346, 262, -1, 177, 146, 139.33333, 16, MSappa, 0, 0, 0, 0, , 0, 0, 0, 0, 0, 
246, 1, 347, 263, -1, 196, 143, 122.0, 16, MSappp, 0, 0, 0, 0, , 0, 0, 0, 0, 0, 
247, 1, 348, 264, -1, 160, 82, 171.0, 16, MSppaa, 0, 0, 0, 0, , 0, 0, 0, 0, 0, 
248, 1, 349, 265, -1, 189, 84, 162.0, 17, MSppap, 0, 0, 0, 0, , 0, 0, 0, 0, 0, 
249, 1, 350, 266, -1, 199, 102, 176.0, 18, MSpppa, 0, 0, 0, 0, , 0, 0, 0, 0, 0, 
250, 1, 351, 267, -1, 228, 88, 168.0, 16, MSpppp, 0, 0, 0, 0, , 0, 0, 0, 0, 0, 
251, 1, 341, 270, -1, 147, 153, 158.33333, 16, MSaapaa, 0, 0, 0, 0, , 0, 0, 0, 0, 0, 
252, 1, 353, 334, -1, 146, 97, 159.0, 15, MSpaaap, 0, 0, 0, 0, , 0, 0, 0, 0, 0, 
253, 1, 354, 271, -1, 160, 118, 159.0, 17, MSpaap, 0, 0, 0, 0, , 0, 0, 0, 0, 0, 
254, 1, 356, 332, -1, 209, 131, 181.0, 16, MSpapap, 0, 0, 0, 0, , 0, 0, 0, 0, 0, 
255, 1, 357, 272, -1, 232, 124, 196.0, 16, MSpapp, 0, 0, 0, 0, , 0, 0, 0, 0, 0, 
256, 1, 358, 273, -1, 139, 109, 115.0, 19, Eala, 0, 0, 0, 0, , 0, 0, 0, 0, 0, 
257, 1, 360, 274, -1, 304, 143, 100.0, 17, Caapp, 0, 0, 0, 0, , 0, 0, 0, 0, 0, 
258, 1, 361, 275, -1, 265, 169, 123.0, 17, Capa, 0, 0, 0, 0, , 0, 0, 0, 0, 0, 
259, 1, 362, 287, -1, 290, 154, 120.0, 17, Cappp, 0, 0, 0, 0, , 0, 0, 0, 0, 0, 
260, 1, 362, 276, -1, 270, 140, 117.0, 17, Cappa, 0, 0, 0, 0, , 0, 0, 0, 0, 0, 
261, 1, 363, 277, -1, 314, 128, 162.0, 17, Cppa, 0, 0, 0, 0, , 0, 0, 0, 0, 0, 
262, 1, 364, 278, -1, 236, 72, 145.0, 19, Epra, 0, 0, 0, 0, , 0, 0, 0, 0, 0, 
263, 1, 365, 279, -1, 186, 109, 114.0, 19, Ealp, 0, 0, 0, 0, , 0, 0, 0, 0, 0, 
264, 1, 366, 280, -1, 160, 81, 132.0, 19, Eara, 0, 0, 0, 0, , 0, 0, 0, 0, 0, 
265, 1, 367, 281, -1, 207, 89, 137.0, 19, Earp, 0, 0, 0, 0, , 0, 0, 0, 0, 0, 
266, 1, 368, 282, -1, 218, 111, 119.0, 18, Epla, 0, 0, 0, 0, , 0, 0, 0, 0, 0, 
267, 1, 369, 283, -1, 255, 115, 132.0, 19, Eplp, 0, 0, 0, 0, , 0, 0, 0, 0, 0, 
268, 1, 370, 284, -1, 244, 106, 72.0, 19, Caaaa, 0, 0, 0, 0, , 0, 0, 0, 0, 0, 
269, 1, 371, 285, -1, 278, 134, 89.0, 17, Caaap, 0, 0, 0, 0, , 0, 0, 0, 0, 0, 
270, 1, 359, 286, -1, 304, 120, 80.0, 15, Caapa, 0, 0, 0, 0, , 0, 0, 0, 0, 0, 
271, 1, 372, 288, -1, 234, 71, 87.0, 17, Cpaaa, 0, 0, 0, 0, , 0, 0, 0, 0, 0, 
272, 1, 373, 289, -1, 283, 98, 92.0, 17, Cpaap, 0, 0, 0, 0, , 0, 0, 0, 0, 0, 
273, 1, 374, 290, -1, 308, 95, 102.0, 17, Cpapa, 0, 0, 0, 0, , 0, 0, 0, 0, 0, 
274, 1, 375, 291, -1, 326, 136, 119.0, 15, Cpapp, 0, 0, 0, 0, , 0, 0, 0, 0, 0, 
275, 1, 376, 292, -1, 307, 116, 131.0, 17, Cpppa, 0, 0, 0, 0, , 0, 0, 0, 0, 0, 
276, 1, 377, 293, -1, 311, 151, 132.0, 17, Cpppp, 0, 0, 0, 0, , 0, 0, 0, 0, 0, 
277, 1, 378, 294, -1, 232, 153, 155.0, 16, Daa, 0, 0, 0, 0, , 0, 0, 0, 0, 0, 
278, 1, 379, 295, -1, 264, 153, 159.0, 16, Dap, 0, 0, 0, 0, , 0, 0, 0, 0, 0, 
279, 1, 380, 296, -1, 258, 120, 176.0, 16, Dpa, 0, 0, 0, 0, , 0, 0, 0, 0, 0, 
280, 1, 381, 297, -1, 289, 131, 159.0, 16, Dpp, 0, 0, 0, 0, , 0, 0, 0, 0, 0, 
281, 1, 382, 298, -1, 230, 117, 164.0, 18, Z2, 0, 0, 0, 0, , 0, 0, 0, 0, 0, 
282, 1, 383, 299, -1, 201, 132, 154.0, 16, Z3, 0, 0, 0, 0, , 0, 0, 0, 0, 0, 
283, 1, 384, 300, -1, 79, 70, 99.0, 14, ABarpaaaa, 0, 0, 0, 0, , 0, 0, 0, 0, 0, 
284, 1, 385, 301, -1, 109, 51, 94.0, 16, ABarpaaap, 0, 0, 0, 0, , 0, 0, 0, 0, 0, 
285, 1, 386, 302, -1, 130, 60, 86.0, 19, ABarpaapa, 0, 0, 0, 0, , 0, 0, 0, 0, 0, 
286, 1, 387, 303, -1, 171, 57, 92.0, 18, ABarpaapp, 0, 0, 0, 0, , 0, 0, 0, 0, 0, 
287, 1, 388, 304, -1, 94, 59, 115.0, 15, ABarpapaa, 0, 0, 0, 0, , 0, 0, 0, 0, 0, 
288, 1, 389, 305, -1, 123, 47, 119.0, 15, ABarpapap, 0, 0, 0, 0, , 0, 0, 0, 0, 0, 
289, 1, 390, 306, -1, 142, 38, 118.0, 14, ABarpappa, 0, 0, 0, 0, , 0, 0, 0, 0, 0, 
290, 1, 391, 307, -1, 174, 47, 119.0, 17, ABarpappp, 0, 0, 0, 0, , 0, 0, 0, 0, 0, 
291, 1, 392, 308, -1, 197, 71, 77.0, 16, ABarppaap, 0, 0, 0, 0, , 0, 0, 0, 0, 0, 
292, 1, 393, 309, -1, 160, 78, 67.0, 17, ABarppaaa, 0, 0, 0, 0, , 0, 0, 0, 0, 0, 
293, 1, 394, 310, -1, 190, 92, 92.0, 19, ABarppapa, 0, 0, 0, 0, , 0, 0, 0, 0, 0, 
294, 1, 395, 311, -1, 229, 110, 93.0, 19, ABarppapp, 0, 0, 0, 0, , 0, 0, 0, 0, 0, 
295, 1, 396, 312, -1, 191, 49, 106.0, 16, ABarpppaa, 0, 0, 0, 0, , 0, 0, 0, 0, 0, 
296, 1, 397, 313, -1, 217, 57, 107.0, 17, ABarpppap, 0, 0, 0, 0, , 0, 0, 0, 0, 0, 
297, 1, 398, 314, -1, 226, 74, 118.0, 18, ABarppppa, 0, 0, 0, 0, , 0, 0, 0, 0, 0, 
298, 1, 399, 315, -1, 266, 92, 112.0, 18, ABarppppp, 0, 0, 0, 0, , 0, 0, 0, 0, 0, 
299, 1, 400, 316, -1, 73, 111, 74.0, 17, ABplaaaaa, 0, 0, 0, 0, , 0, 0, 0, 0, 0, 
300, 1, 401, 317, -1, 104, 97, 60.0, 17, ABplaaaap, 0, 0, 0, 0, , 0, 0, 0, 0, 0, 
301, 1, 402, 318, -1, 121, 92, 54.0, 17, ABplaaapa, 0, 0, 0, 0, , 0, 0, 0, 0, 0, 
302, 1, 403, 319, -1, 150, 95, 78.0, 17, ABplaaapp, 0, 0, 0, 0, , 0, 0, 0, 0, 0, 
303, 1, 404, 320, -1, 89, 131, 67.0, 17, ABplaapaa, 0, 0, 0, 0, , 0, 0, 0, 0, 0, 
304, 1, 405, 321, -1, 125, 128, 62.0, 17, ABplaapap, 0, 0, 0, 0, , 0, 0, 0, 0, 0, 
305, 1, 406, 322, -1, 175, 129, 69.0, 17, ABplaappp, 0, 0, 0, 0, , 0, 0, 0, 0, 0, 
306, 1, 407, 323, -1, 141, 141, 63.0, 17, ABplaappa, 0, 0, 0, 0, , 0, 0, 0, 0, 0, 
307, 1, 408, 324, -1, 152, 111, 52.0, 17, ABplapaaa, 0, 0, 0, 0, , 0, 0, 0, 0, 0, 
308, 1, 409, 325, -1, 184, 101, 57.0, 17, ABplapaap, 0, 0, 0, 0, , 0, 0, 0, 0, 0, 
309, 1, 410, 326, -1, 205, 103, 68.0, 16, ABplapapa, 0, 0, 0, 0, , 0, 0, 0, 0, 0, 
310, 1, 411, 327, -1, 233, 137, 73.0, 17, ABplapapp, 0, 0, 0, 0, , 0, 0, 0, 0, 0, 
311, 1, 412, 328, -1, 194, 136, 61.0, 19, ABplappaa, 0, 0, 0, 0, , 0, 0, 0, 0, 0, 
312, 1, 413, 329, -1, 224, 156, 77.0, 19, ABplappap, 0, 0, 0, 0, , 0, 0, 0, 0, 0, 
313, 1, 414, 330, -1, 233, 142, 90.0, 17, ABplapppa, 0, 0, 0, 0, , 0, 0, 0, 0, 0, 
314, 1, 415, 331, -1, 261, 159, 92.0, 17, ABplapppp, 0, 0, 0, 0, , 0, 0, 0, 0, 0, 
315, 1, 352, 333, -1, 113, 98, 166.0, 15, MSpaaaa, 0, 0, 0, 0, , 0, 0, 0, 0, 0, 
316, 1, 355, 335, -1, 171, 126, 182.0, 16, MSpapaa, 0, 0, 0, 0, , 0, 0, 0, 0, 0, 
317, 1, 416, 336, -1, 112, 52, 152.0, 17, ABpraaapa, 0, 0, 0, 0, , 0, 0, 0, 0, 0, 
318, 1, 417, 337, -1, 161, 33, 151.0, 14, ABpraapaa, 0, 0, 0, 0, , 0, 0, 0, 0, 0, 
319, 1, 418, 338, -1, 324, 101, 142.0, 21, ABprapppp, 0, 0, 0, 0, , 0, 0, 0, 0, 0, 
