1, 0, 1, -1, -1, 49, 112, 80.0, 9, , 154, 0, 0, 0, , 0, 0, 0, 0, 0, 
2, 0, 2, -1, -1, 133, 103, 204.0, 7, , 12, 0, 0, 0, , 0, 0, 0, 0, 0, 
3, 0, 3, -1, -1, 103, 70, 186.0, 7, , 20, 0, 0, 0, , 0, 0, 0, 0, 0, 
4, 0, 4, -1, -1, 177, 47, 164.0, 9, , 11, 0, 0, 0, , 0, 0, 0, 0, 0, 
5, 0, 6, -1, -1, 60, 129, 162.0, 7, , 9, 0, 0, 0, , 0, 0, 0, 0, 0, 
6, 0, 7, -1, -1, 184, 52, 163.0, 7, , 10, 0, 0, 0, , 0, 0, 0, 0, 0, 
7, 0, 10, -1, -1, 283, 72, 162.0, 8, , 6, 0, 0, 0, , 0, 0, 0, 0, 0, 
8, 0, 11, -1, -1, 206, 86, 204.0, 8, , 6, 0, 0, 0, , 0, 0, 0, 0, 0, 
9, 0, 12, -1, -1, 179, 47, 167.0, 8, , 10, 0, 0, 0, , 0, 0, 0, 0, 0, 
10, 0, 13, -1, -1, 162, 47, 168.0, 7, , 24, 0, 0, 0, , 0, 0, 0, 0, 0, 
11, 0, 14, -1, -1, 160, 56, 176.0, 8, , 4, 0, 0, 0, , 0, 0, 0, 0, 0, 
12, 0, 16, -1, -1, 108, 51, 91.0, 7, , 12, 0, 0, 0, , 0, 0, 0, 0, 0, 
13, 0, 17, -1, -1, 90, 75, 161.0, 8, , 8, 0, 0, 0, , 0, 0, 0, 0, 0, 
14, 0, 18, -1, -1, 86, 64, 149.0, 11, , 31, 0, 0, 0, , 0, 0, 0, 0, 0, 
15, 0, 20, -1, -1, 249, 66, 191.0, 8, , 28, 0, 0, 0, , 0, 0, 0, 0, 0, 
16, 0, 22, -1, -1, 46, 111, 85.0, 8, , 119, 0, 0, 0, , 0, 0, 0, 0, 0, 
17, 0, 23, -1, -1, 65, 112, 163.0, 9, , 5, 0, 0, 0, , 0, 0, 0, 0, 0, 
18, 0, 25, -1, -1, 123, 109, 201.0, 7, , 16, 0, 0, 0, , 0, 0, 0, 0, 0, 
19, 0, 26, -1, -1, 58, 128, 156.0, 8, , 4, 0, 0, 0, , 0, 0, 0, 0, 0, 
20, 0, 27, -1, -1, 89, 82, 112.0, 8, , 6, 0, 0, 0, , 0, 0, 0, 0, 0, 
21, 0, 28, -1, -1, 94, 60, 155.0, 8, , 8, 0, 0, 0, , 0, 0, 0, 0, 0, 
22, 0, 29, -1, -1, 97, 77, 165.0, 8, , 1, 0, 0, 0, , 0, 0, 0, 0, 0, 
23, 0, 30, -1, -1, 54, 91, 164.0, 8, , 10, 0, 0, 0, , 0, 0, 0, 0, 0, 
24, 0, 31, -1, -1, 127, 87, 183.0, 7, , 12, 0, 0, 0, , 0, 0, 0, 0, 0, 
25, 0, 33, -1, -1, 224, 94, 210.0, 8, , 8, 0, 0, 0, , 0, 0, 0, 0, 0, 
26, 0, 35, -1, -1, 213, 34, 132.0, 7, , 8, 0, 0, 0, , 0, 0, 0, 0, 0, 
27, 0, 36, -1, -1, 229, 41, 120.0, 9, , 6, 0, 0, 0, , 0, 0, 0, 0, 0, 
28, 0, 37, -1, -1, 237, 42, 125.0, 7, , 9, 0, 0, 0, , 0, 0, 0, 0, 0, 
29, 0, 38, -1, -1, 99, 71, 179.0, 8, , 8, 0, 0, 0, , 0, 0, 0, 0, 0, 
30, 0, 39, -1, -1, 111, 71, 179.0, 7, , 12, 0, 0, 0, , 0, 0, 0, 0, 0, 
31, 0, 40, -1, -1, 97, 111, 191.0, 8, , 3, 0, 0, 0, , 0, 0, 0, 0, 0, 
32, 0, 41, -1, -1, 189, 106, 204.0, 9, , 13, 0, 0, 0, , 0, 0, 0, 0, 0, 
33, 0, 42, -1, -1, 63, 111, 161.0, 7, , 3, 0, 0, 0, , 0, 0, 0, 0, 0, 
34, 0, 44, -1, -1, 66, 110, 168.0, 8, , 6, 0, 0, 0, , 0, 0, 0, 0, 0, 
35, 0, 45, -1, -1, 97, 78, 166.0, 7, , 4, 0, 0, 0, , 0, 0, 0, 0, 0, 
36, 0, 50, -1, -1, 89, 126, 190.0, 11, , 39, 0, 0, 0, , 0, 0, 0, 0, 0, 
37, 0, 51, -1, -1, 187, 104, 202.0, 9, , 18, 0, 0, 0, , 0, 0, 0, 0, 0, 
38, 0, 52, -1, -1, 48, 111, 88.0, 9, , 35, 0, 0, 0, , 0, 0, 0, 0, 0, 
39, 0, 54, -1, -1, 162, 34, 145.0, 9, , 5, 0, 0, 0, , 0, 0, 0, 0, 0, 
40, 0, 55, -1, -1, 69, 150, 147.0, 7, , 24, 0, 0, 0, , 0, 0, 0, 0, 0, 
41, 0, 56, -1, -1, 105, 49, 153.0, 8, , 6, 0, 0, 0, , 0, 0, 0, 0, 0, 
42, 0, 57, -1, -1, 176, 53, 181.0, 8, , 17, 0, 0, 0, , 0, 0, 0, 0, 0, 
43, 0, 58, -1, -1, 207, 87, 196.0, 9, , 20, 0, 0, 0, , 0, 0, 0, 0, 0, 
44, 0, 59, -1, -1, 147, 73, 196.0, 7, , 17, 0, 0, 0, , 0, 0, 0, 0, 0, 
45, 0, 61, -1, -1, 152, 99, 160.0, 9, , 22, 0, 0, 0, , 0, 0, 0, 0, 0, 
46, 0, 63, -1, -1, 136, 58, 186.0, 8, , 6, 0, 0, 0, , 0, 0, 0, 0, 0, 
47, 0, 65, -1, -1, 91, 56, 148.0, 8, , 13, 0, 0, 0, , 0, 0, 0, 0, 0, 
48, 0, 66, -1, -1, 87, 124, 181.0, 8, , 27, 0, 0, 0, , 0, 0, 0, 0, 0, 
49, 0, 67, -1, -1, 105, 53, 86.0, 8, , 12, 0, 0, 0, , 0, 0, 0, 0, 0, 
50, 0, 68, -1, -1, 236, 39, 132.0, 8, , 3, 0, 0, 0, , 0, 0, 0, 0, 0, 
51, 0, 70, -1, -1, 307, 78, 166.0, 8, , 3, 0, 0, 0, , 0, 0, 0, 0, 0, 
52, 0, 72, -1, -1, 218, 69, 189.0, 8, , 4, 0, 0, 0, , 0, 0, 0, 0, 0, 
53, 0, 73, -1, -1, 146, 75, 196.0, 7, , 14, 0, 0, 0, , 0, 0, 0, 0, 0, 
54, 0, 74, -1, -1, 105, 92, 196.0, 8, , 14, 0, 0, 0, , 0, 0, 0, 0, 0, 
55, 0, 76, -1, -1, 58, 98, 157.0, 8, , 2, 0, 0, 0, , 0, 0, 0, 0, 0, 
56, 0, 77, -1, -1, 86, 77, 168.0, 7, , 16, 0, 0, 0, , 0, 0, 0, 0, 0, 
57, 0, 81, -1, -1, 134, 61, 166.0, 8, , 35, 0, 0, 0, , 0, 0, 0, 0, 0, 
58, 0, 82, -1, -1, 134, 64, 183.0, 8, , 11, 0, 0, 0, , 0, 0, 0, 0, 0, 
59, 0, 84, -1, -1, 88, 128, 185.0, 9, , 8, 0, 0, 0, , 0, 0, 0, 0, 0, 
60, 0, 85, -1, -1, 145, 72, 191.0, 11, , 34, 0, 0, 0, , 0, 0, 0, 0, 0, 
61, 0, 86, -1, -1, 173, 56, 193.0, 7, , 7, 0, 0, 0, , 0, 0, 0, 0, 0, 
62, 0, 87, -1, -1, 106, 93, 200.0, 9, , 15, 0, 0, 0, , 0, 0, 0, 0, 0, 
63, 0, 88, -1, -1, 209, 61, 178.0, 8, , 2, 0, 0, 0, , 0, 0, 0, 0, 0, 
64, 0, 89, -1, -1, 87, 106, 113.0, 9, , 4, 0, 0, 0, , 0, 0, 0, 0, 0, 
65, 0, 90, -1, -1, 84, 79, 132.0, 7, , 10, 0, 0, 0, , 0, 0, 0, 0, 0, 
66, 0, 91, -1, -1, 203, 34, 134.0, 9, , 8, 0, 0, 0, , 0, 0, 0, 0, 0, 
67, 0, 92, -1, -1, 107, 48, 151.0, 8, , 3, 0, 0, 0, , 0, 0, 0, 0, 0, 
68, 0, 93, -1, -1, 63, 96, 161.0, 7, , 13, 0, 0, 0, , 0, 0, 0, 0, 0, 
69, 0, 94, -1, -1, 93, 75, 174.0, 7, , 9, 0, 0, 0, , 0, 0, 0, 0, 0, 
70, 0, 95, -1, -1, 107, 63, 183.0, 8, , 19, 0, 0, 0, , 0, 0, 0, 0, 0, 
71, 0, 96, -1, -1, 249, 70, 199.0, 7, , 12, 0, 0, 0, , 0, 0, 0, 0, 0, 
72, 0, 97, -1, -1, 194, 114, 201.0, 9, , 26, 0, 0, 0, , 0, 0, 0, 0, 0, 
73, 0, 98, -1, -1, 99, 55, 112.0, 9, , 13, 0, 0, 0, , 0, 0, 0, 0, 0, 
74, 0, 99, -1, -1, 112, 48, 154.0, 9, , 29, 0, 0, 0, , 0, 0, 0, 0, 0, 
75, 0, 100, -1, -1, 290, 109, 191.0, 9, , 18, 0, 0, 0, , 0, 0, 0, 0, 0, 
76, 0, 103, -1, -1, 257, 45, 140.0, 8, , 11, 0, 0, 0, , 0, 0, 0, 0, 0, 
77, 0, 104, -1, -1, 155, 34, 141.0, 9, , 43, 0, 0, 0, , 0, 0, 0, 0, 0, 
78, 0, 105, -1, -1, 324, 97, 152.0, 9, , 9, 0, 0, 0, , 0, 0, 0, 0, 0, 
79, 0, 106, -1, -1, 73, 146, 154.0, 8, , 4, 0, 0, 0, , 0, 0, 0, 0, 0, 
80, 0, 107, -1, -1, 62, 88, 156.0, 7, , 9, 0, 0, 0, , 0, 0, 0, 0, 0, 
81, 0, 108, -1, -1, 45, 115, 158.0, 9, , 13, 0, 0, 0, , 0, 0, 0, 0, 0, 
82, 0, 109, -1, -1, 92, 65, 161.0, 7, , 21, 0, 0, 0, , 0, 0, 0, 0, 0, 
83, 0, 110, -1, -1, 305, 83, 172.0, 7, , 12, 0, 0, 0, , 0, 0, 0, 0, 0, 
84, 0, 111, -1, -1, 58, 93, 168.0, 9, , 10, 0, 0, 0, , 0, 0, 0, 0, 0, 
85, 0, 113, -1, -1, 98, 116, 198.0, 9, , 48, 0, 0, 0, , 0, 0, 0, 0, 0, 
86, 0, 114, -1, -1, 252, 74, 193.0, 8, , 2, 0, 0, 0, , 0, 0, 0, 0, 0, 
87, 0, 115, -1, -1, 109, 93, 190.0, 8, , 11, 0, 0, 0, , 0, 0, 0, 0, 0, 
88, 0, 120, -1, -1, 86, 81, 124.0, 7, , 11, 0, 0, 0, , 0, 0, 0, 0, 0, 
89, 0, 121, -1, -1, 131, 126, 143.0, 8, , 8, 0, 0, 0, , 0, 0, 0, 0, 0, 
90, 0, 122, -1, -1, 81, 109, 152.0, 8, , 6, 0, 0, 0, , 0, 0, 0, 0, 0, 
91, 0, 123, -1, -1, 230, 106, 156.0, 8, , 13, 0, 0, 0, , 0, 0, 0, 0, 0, 
92, 0, 125, -1, -1, 243, 57, 178.0, 8, , 4, 0, 0, 0, , 0, 0, 0, 0, 0, 
93, 0, 126, -1, -1, 136, 89, 182.0, 8, , 27, 0, 0, 0, , 0, 0, 0, 0, 0, 
94, 0, 127, -1, -1, 160, 48, 183.0, 9, , 26, 0, 0, 0, , 0, 0, 0, 0, 0, 
95, 0, 128, -1, -1, 124, 57, 183.0, 7, , 13, 0, 0, 0, , 0, 0, 0, 0, 0, 
96, 0, 129, -1, -1, 126, 114, 196.0, 9, , 6, 0, 0, 0, , 0, 0, 0, 0, 0, 
97, 0, 130, -1, -1, 154, 73, 200.0, 8, , 8, 0, 0, 0, , 0, 0, 0, 0, 0, 
98, 0, 131, -1, -1, 87, 84, 140.0, 7, , 9, 0, 0, 0, , 0, 0, 0, 0, 0, 
99, 0, -1, -1, -1, 57, 131, 153.0, 9, , 17, 0, 0, 0, , 0, 0, 0, 0, 0, 
100, 0, 133, -1, -1, 54, 127, 158.0, 8, , 5, 0, 0, 0, , 0, 0, 0, 0, 0, 
101, 0, 134, -1, -1, 132, 87, 186.0, 8, , 39, 0, 0, 0, , 0, 0, 0, 0, 0, 
102, 0, 135, -1, -1, 72, 67, 96.0, 8, , 10, 0, 0, 0, , 0, 0, 0, 0, 0, 
103, 0, 136, -1, -1, 170, 169, 117.0, 9, , 11, 0, 0, 0, , 0, 0, 0, 0, 0, 
104, 0, 138, -1, -1, 201, 34, 134.0, 7, , 14, 0, 0, 0, , 0, 0, 0, 0, 0, 
105, 0, 139, -1, -1, 184, 33, 134.0, 7, , 3, 0, 0, 0, , 0, 0, 0, 0, 0, 
106, 0, 140, -1, -1, 129, 120, 137.0, 9, , 14, 0, 0, 0, , 0, 0, 0, 0, 0, 
107, 0, 141, -1, -1, 197, 130, 138.0, 7, , 9, 0, 0, 0, , 0, 0, 0, 0, 0, 
108, 0, 142, -1, -1, 51, 92, 142.0, 9, , 6, 0, 0, 0, , 0, 0, 0, 0, 0, 
109, 0, 143, -1, -1, 73, 114, 140.0, 9, , 5, 0, 0, 0, , 0, 0, 0, 0, 0, 
110, 0, 144, -1, -1, 106, 50, 144.0, 8, , 12, 0, 0, 0, , 0, 0, 0, 0, 0, 
111, 0, 145, -1, -1, 108, 47, 148.0, 7, , 17, 0, 0, 0, , 0, 0, 0, 0, 0, 
112, 0, 146, -1, -1, 128, 129, 146.0, 7, , 5, 0, 0, 0, , 0, 0, 0, 0, 0, 
113, 0, 147, -1, -1, 92, 81, 157.0, 7, , 7, 0, 0, 0, , 0, 0, 0, 0, 0, 
114, 0, 148, -1, -1, 255, 42, 162.0, 7, , 9, 0, 0, 0, , 0, 0, 0, 0, 0, 
115, 0, 149, -1, -1, 269, 80, 159.0, 8, , 3, 0, 0, 0, , 0, 0, 0, 0, 0, 
116, 0, 150, -1, -1, 191, 85, 161.0, 8, , 5, 0, 0, 0, , 0, 0, 0, 0, 0, 
117, 0, 151, -1, -1, 297, 79, 163.0, 7, , 3, 0, 0, 0, , 0, 0, 0, 0, 0, 
118, 0, 152, -1, -1, 286, 68, 173.0, 8, , 10, 0, 0, 0, , 0, 0, 0, 0, 0, 
119, 0, 153, -1, -1, 272, 86, 180.0, 8, , 8, 0, 0, 0, , 0, 0, 0, 0, 0, 
120, 0, 154, -1, -1, 141, 127, 192.0, 7, , 12, 0, 0, 0, , 0, 0, 0, 0, 0, 
121, 0, 155, -1, -1, 212, 66, 191.0, 8, , 16, 0, 0, 0, , 0, 0, 0, 0, 0, 
122, 0, 156, -1, -1, 216, 69, 195.0, 8, , 36, 0, 0, 0, , 0, 0, 0, 0, 0, 
123, 0, 157, -1, -1, 239, 72, 193.0, 7, , 13, 0, 0, 0, , 0, 0, 0, 0, 0, 
124, 0, 158, -1, -1, 134, 130, 198.0, 11, , 28, 0, 0, 0, , 0, 0, 0, 0, 0, 
125, 0, 159, -1, -1, 130, 111, 202.0, 8, , 10, 0, 0, 0, , 0, 0, 0, 0, 0, 
126, 0, 160, -1, -1, 197, 113, 208.0, 8, , 12, 0, 0, 0, , 0, 0, 0, 0, 0, 
127, 0, -1, -1, -1, 130, 121, 153.0, 9, , 20, 0, 0, 0, , 0, 0, 0, 0, 0, 
128, 0, -1, -1, -1, 173, 49, 183.0, 8, , 34, 0, 0, 0, , 0, 0, 0, 0, 0, 
129, 0, -1, -1, -1, 220, 86, 114.0, 8, , 6, 0, 0, 0, , 0, 0, 0, 0, 0, 
130, 0, -1, -1, -1, 44, 92, 128.0, 8, , 1, 0, 0, 0, , 0, 0, 0, 0, 0, 
131, 0, -1, -1, -1, 114, 55, 155.0, 7, , 3, 0, 0, 0, , 0, 0, 0, 0, 0, 
132, 0, -1, -1, -1, 191, 77, 156.0, 8, , 2, 0, 0, 0, , 0, 0, 0, 0, 0, 
133, 0, -1, -1, -1, 203, 157, 161.0, 7, , 9, 0, 0, 0, , 0, 0, 0, 0, 0, 
134, 0, -1, -1, -1, 235, 118, 163.0, 8, , 14, 0, 0, 0, , 0, 0, 0, 0, 0, 
135, 0, -1, -1, -1, 100, 117, 188.0, 8, , 7, 0, 0, 0, , 0, 0, 0, 0, 0, 
136, 0, -1, -1, -1, 182, 84, 192.0, 8, , 3, 0, 0, 0, , 0, 0, 0, 0, 0, 
137, 0, -1, -1, -1, 173, 53, 194.0, 9, , 7, 0, 0, 0, , 0, 0, 0, 0, 0, 
138, 0, -1, -1, -1, 140, 72, 195.0, 8, , 4, 0, 0, 0, , 0, 0, 0, 0, 0, 
139, 0, -1, -1, -1, 191, 80, 196.0, 7, , 3, 0, 0, 0, , 0, 0, 0, 0, 0, 
140, 0, -1, -1, -1, 173, 93, 207.0, 7, , 6, 0, 0, 0, , 0, 0, 0, 0, 0, 
141, 0, -1, -1, -1, 107, 53, 84.0, 9, , 33, 0, 0, 0, , 0, 0, 0, 0, 0, 
142, 1, 161, 180, -1, 282, 99, 128.0, 20, Eprp, 0, 0, 0, 0, , 0, 0, 0, 0, 0, 
143, 1, 162, 181, -1, 148, 54, 144.0, 15, ABpraaapp, 0, 0, 0, 0, , 0, 0, 0, 0, 0, 
144, 0, 163, -1, -1, 156, 34, 147.0, 17, , 0, 0, 0, 0, , 0, 0, 0, 0, 0, 
145, 1, 164, 183, -1, 183, 78, 195.0, 17, ABarapppp, 0, 0, 0, 0, , 0, 0, 0, 0, 0, 
146, 1, 165, 184, -1, 131, 90, 185.0, 17, ABarappaa, 0, 0, 0, 0, , 0, 0, 0, 0, 0, 
147, 0, 166, -1, -1, 130, 88, 185.29787, 17, , 0, 0, 0, 0, , 0, 0, 0, 0, 0, 
148, 1, 167, 186, -1, 149, 71, 195.0, 16, ABarapppa, 0, 0, 0, 0, , 0, 0, 0, 0, 0, 
149, 1, 168, 187, -1, 168, 92, 201.0, 17, ABarappap, 0, 0, 0, 0, , 0, 0, 0, 0, 0, 
150, 1, 169, 188, -1, 98, 118, 196.0, 17, ABarapaaa, 0, 0, 0, 0, , 0, 0, 0, 0, 0, 
151, 1, 170, 189, -1, 130, 127, 198.0, 19, ABarapaap, 0, 0, 0, 0, , 0, 0, 0, 0, 0, 
152, 1, 171, 190, -1, 127, 106, 202.0, 17, ABarapapa, 0, 0, 0, 0, , 0, 0, 0, 0, 0, 
153, 1, 172, 191, -1, 162, 118, 203.0, 18, ABarapapp, 0, 0, 0, 0, , 0, 0, 0, 0, 0, 
154, 1, 173, 192, -1, 85, 134, 155.0, 18, ABaraapaa, 0, 0, 0, 0, , 0, 0, 0, 0, 0, 
155, 1, 174, 193, -1, 109, 138, 174.0, 18, ABaraapap, 0, 0, 0, 0, , 0, 0, 0, 0, 0, 
156, 1, 175, 194, -1, 126, 150, 179.0, 19, ABaraappa, 0, 0, 0, 0, , 0, 0, 0, 0, 0, 
157, 1, 176, 195, -1, 145, 128, 184.0, 19, ABaraappp, 0, 0, 0, 0, , 0, 0, 0, 0, 0, 
158, 1, 177, 196, -1, 83, 102, 180.0, 21, ABaraaapa, 0, 0, 0, 0, , 0, 0, 0, 0, 0, 
159, 1, 178, 197, -1, 107, 94, 193.0, 19, ABaraaapp, 0, 0, 0, 0, , 0, 0, 0, 0, 0, 
160, 1, 179, 198, -1, 60, 113, 167.0, 17, ABaraaaaa, 0, 0, 0, 0, , 0, 0, 0, 0, 0, 
161, 1, 180, 199, -1, 84, 129, 187.0, 16, ABaraaaap, 0, 0, 0, 0, , 0, 0, 0, 0, 0, 
162, 1, 181, 200, -1, 70, 152, 152.0, 17, ABalpaaap, 0, 0, 0, 0, , 0, 0, 0, 0, 0, 
163, 1, 182, 201, -1, 55, 133, 160.0, 17, ABalpaaaa, 0, 0, 0, 0, , 0, 0, 0, 0, 0, 
164, 1, 183, 202, -1, 56, 129, 128.0, 21, ABalpaapa, 0, 0, 0, 0, , 0, 0, 0, 0, 0, 
165, 1, 184, 203, -1, 90, 138, 126.0, 18, ABalpaapp, 0, 0, 0, 0, , 0, 0, 0, 0, 0, 
166, 1, 185, 204, -1, 100, 160, 162.0, 17, ABalpappa, 0, 0, 0, 0, , 0, 0, 0, 0, 0, 
167, 1, 186, 205, -1, 138, 170, 161.0, 19, ABalpappp, 0, 0, 0, 0, , 0, 0, 0, 0, 0, 
168, 1, 187, 206, -1, 67, 126, 106.0, 17, ABalppaaa, 0, 0, 0, 0, , 0, 0, 0, 0, 0, 
169, 1, 188, 207, -1, 71, 153, 93.0, 17, ABalppaap, 0, 0, 0, 0, , 0, 0, 0, 0, 0, 
170, 1, 189, 208, -1, 97, 159, 112.0, 19, ABalppapa, 0, 0, 0, 0, , 0, 0, 0, 0, 0, 
171, 1, 190, 209, -1, 128, 164, 131.0, 19, ABalppapp, 0, 0, 0, 0, , 0, 0, 0, 0, 0, 
172, 1, 191, 210, -1, 64, 155, 127.0, 17, ABalpapaa, 0, 0, 0, 0, , 0, 0, 0, 0, 0, 
173, 1, 192, 211, -1, 94, 163, 141.0, 19, ABalpapap, 0, 0, 0, 0, , 0, 0, 0, 0, 0, 
174, 1, 193, 212, -1, 85, 111, 112.5, 17, ABalpppaa, 0, 0, 0, 0, , 0, 0, 0, 0, 0, 
175, 1, 194, 213, -1, 101, 131, 85.666664, 14, ABalpppap, 0, 0, 0, 0, , 0, 0, 0, 0, 0, 
176, 1, 195, 214, -1, 154, 129, 86.0, 15, ABalppppp, 0, 0, 0, 0, , 0, 0, 0, 0, 0, 
177, 1, 196, 215, -1, 119, 122, 92.0, 19, ABalppppa, 0, 0, 0, 0, , 0, 0, 0, 0, 0, 
178, 1, 197, 216, -1, 49, 93, 134.0, 18, ABalaaapa, 0, 0, 0, 0, , 0, 0, 0, 0, 0, 
179, 1, 198, 217, -1, 81, 81, 138.0, 16, ABalaaapp, 0, 0, 0, 0, , 0, 0, 0, 0, 0, 
180, 1, 199, 218, -1, 59, 92, 159.0, 17, ABalaapaa, 0, 0, 0, 0, , 0, 0, 0, 0, 0, 
181, 1, 200, 219, -1, 91, 79, 166.0, 15, ABalaapap, 0, 0, 0, 0, , 0, 0, 0, 0, 0, 
182, 1, 201, 220, -1, 46, 113, 153.0, 17, ABalaaaar, 0, 0, 0, 0, , 0, 0, 0, 0, 0, 
183, 1, 202, 221, -1, 53, 105, 112.0, 17, ABalaaaal, 0, 0, 0, 0, , 0, 0, 0, 0, 0, 
184, 1, 203, 222, -1, 112, 71, 141.0, 16, ABalaappp, 0, 0, 0, 0, , 0, 0, 0, 0, 0, 
185, 1, 204, 223, -1, 89, 64, 154.5, 17, ABalaappa, 0, 0, 0, 0, , 0, 0, 0, 0, 0, 
186, 1, 205, 224, -1, 71, 97, 90.0, 19, ABalapaap, 0, 0, 0, 0, , 0, 0, 0, 0, 0, 
187, 1, 206, 225, -1, 72, 93, 117.0, 19, ABalapaaa, 0, 0, 0, 0, , 0, 0, 0, 0, 0, 
188, 1, 207, 226, -1, 86, 88, 82.0, 19, ABalapapa, 0, 0, 0, 0, , 0, 0, 0, 0, 0, 
189, 1, 208, 227, -1, 118, 86, 82.0, 18, ABalapapp, 0, 0, 0, 0, , 0, 0, 0, 0, 0, 
190, 1, 209, 228, -1, 88, 80, 117.0, 17, ABalappaa, 0, 0, 0, 0, , 0, 0, 0, 0, 0, 
191, 1, 210, 229, -1, 111, 82, 107.0, 16, ABalappap, 0, 0, 0, 0, , 0, 0, 0, 0, 0, 
192, 1, 211, 230, -1, 121, 70, 124.0, 18, ABalapppa, 0, 0, 0, 0, , 0, 0, 0, 0, 0, 
193, 1, 212, 231, -1, 153, 64, 112.0, 18, ABalapppp, 0, 0, 0, 0, , 0, 0, 0, 0, 0, 
194, 1, 213, 232, -1, 104, 68, 182.0, 14, ABpraaaaa, 0, 0, 0, 0, , 0, 0, 0, 0, 0, 
195, 1, 214, 233, -1, 131, 66, 165.0, 17, ABpraaaap, 0, 0, 0, 0, , 0, 0, 0, 0, 0, 
196, 1, 215, 234, -1, 225, 51, 161.0, 16, ABpraappp, 0, 0, 0, 0, , 0, 0, 0, 0, 0, 
197, 1, 216, 235, -1, 184, 46, 161.0, 20, ABpraappa, 0, 0, 0, 0, , 0, 0, 0, 0, 0, 
198, 1, 217, 236, -1, 256, 48, 156.5, 14, ABprappaa, 0, 0, 0, 0, , 0, 0, 0, 0, 0, 
199, 1, 218, 237, -1, 293, 61, 137.5, 15, ABprappap, 0, 0, 0, 0, , 0, 0, 0, 0, 0, 
200, 1, 219, 238, -1, 309, 77, 126.0, 17, ABprapppa, 0, 0, 0, 0, , 0, 0, 0, 0, 0, 
201, 1, 220, 239, -1, 205, 35, 131.75, 18, ABprapaaa, 0, 0, 0, 0, , 0, 0, 0, 0, 0, 
202, 1, 221, 240, -1, 232, 40, 122.0, 19, ABprapaap, 0, 0, 0, 0, , 0, 0, 0, 0, 0, 
203, 1, 222, 241, -1, 253, 44, 132.0, 17, ABprapapa, 0, 0, 0, 0, , 0, 0, 0, 0, 0, 
204, 1, 223, 242, -1, 278, 61, 117.0, 17, ABprapapp, 0, 0, 0, 0, , 0, 0, 0, 0, 0, 
205, 1, 224, 243, -1, 168, 168, 107.333336, 16, ABplppaaa, 0, 0, 0, 0, , 0, 0, 0, 0, 0, 
206, 1, 225, 244, -1, 200, 176, 110.0, 17, ABplppaap, 0, 0, 0, 0, , 0, 0, 0, 0, 0, 
207, 1, 226, 245, -1, 194, 154, 94.0, 14, ABplppapa, 0, 0, 0, 0, , 0, 0, 0, 0, 0, 
208, 1, 227, 246, -1, 231, 154, 110.333336, 15, ABplppapp, 0, 0, 0, 0, , 0, 0, 0, 0, 0, 
209, 1, 228, 247, -1, 217, 174, 100.4, 15, ABplpppaa, 0, 0, 0, 0, , 0, 0, 0, 0, 0, 
210, 1, 229, 248, -1, 244, 168, 104.333336, 17, ABplpppap, 0, 0, 0, 0, , 0, 0, 0, 0, 0, 
211, 1, 230, 249, -1, 218, 169, 132.0, 14, ABplppppa, 0, 0, 0, 0, , 0, 0, 0, 0, 0, 
212, 1, 231, 250, -1, 245, 178, 142.0, 17, ABplppppp, 0, 0, 0, 0, , 0, 0, 0, 0, 0, 
213, 1, 232, 251, -1, 149, 174, 118.0, 16, ABplpapap, 0, 0, 0, 0, , 0, 0, 0, 0, 0, 
214, 1, 233, 252, -1, 93, 154, 80.0, 17, ABplpaaaa, 0, 0, 0, 0, , 0, 0, 0, 0, 0, 
215, 1, 234, 253, -1, 122, 161, 90.0, 17, ABplpaaap, 0, 0, 0, 0, , 0, 0, 0, 0, 0, 
216, 1, 235, 254, -1, 145, 166, 77.0, 19, ABplpaapa, 0, 0, 0, 0, , 0, 0, 0, 0, 0, 
217, 1, 236, 255, -1, 176, 167, 84.0, 19, ABplpaapp, 0, 0, 0, 0, , 0, 0, 0, 0, 0, 
218, 1, 237, 256, -1, 122, 176, 110.0, 15, ABplpapaa, 0, 0, 0, 0, , 0, 0, 0, 0, 0, 
219, 1, 238, 257, -1, 170, 174, 136.0, 17, ABplpappa, 0, 0, 0, 0, , 0, 0, 0, 0, 0, 
220, 1, 239, 258, -1, 198, 174, 139.0, 17, ABplpappp, 0, 0, 0, 0, , 0, 0, 0, 0, 0, 
221, 1, 240, 259, -1, 186, 35, 141.0, 16, ABpraapap, 0, 0, 0, 0, , 0, 0, 0, 0, 0, 
222, 1, 241, 260, -1, 130, 59, 182.0, 16, ABprpaaaa, 0, 0, 0, 0, , 0, 0, 0, 0, 0, 
223, 1, 242, 261, -1, 159, 49, 174.0, 17, ABprpaaap, 0, 0, 0, 0, , 0, 0, 0, 0, 0, 
224, 1, 243, 262, -1, 174, 54, 187.71428, 15, ABprpaapa, 0, 0, 0, 0, , 0, 0, 0, 0, 0, 
225, 1, 244, 263, -1, 203, 59, 178.0, 15, ABprpaapp, 0, 0, 0, 0, , 0, 0, 0, 0, 0, 
226, 1, 245, 264, -1, 192, 111, 204.8, 18, ABprpapaa, 0, 0, 0, 0, , 0, 0, 0, 0, 0, 
227, 1, 246, 265, -1, 206, 92, 203.0, 15, ABprpapap, 0, 0, 0, 0, , 0, 0, 0, 0, 0, 
228, 1, 247, 266, -1, 224, 95, 201.0, 17, ABprpappa, 0, 0, 0, 0, , 0, 0, 0, 0, 0, 
229, 1, 248, 267, -1, 250, 96, 192.0, 16, ABprpappp, 0, 0, 0, 0, , 0, 0, 0, 0, 0, 
230, 1, 249, 268, -1, 219, 65, 188.0, 14, ABprppaaa, 0, 0, 0, 0, , 0, 0, 0, 0, 0, 
231, 1, 250, 269, -1, 246, 71, 193.0, 17, ABprppaap, 0, 0, 0, 0, , 0, 0, 0, 0, 0, 
232, 1, 251, 270, -1, 249, 61, 179.0, 16, ABprppapa, 0, 0, 0, 0, , 0, 0, 0, 0, 0, 
233, 1, 252, 271, -1, 276, 80, 158.0, 14, ABprppapp, 0, 0, 0, 0, , 0, 0, 0, 0, 0, 
234, 1, 253, 272, -1, 280, 66, 174.33333, 16, ABprpppaa, 0, 0, 0, 0, , 0, 0, 0, 0, 0, 
235, 1, 254, 273, -1, 304, 83, 166.0, 16, ABprpppap, 0, 0, 0, 0, , 0, 0, 0, 0, 0, 
236, 1, 255, 274, -1, 272, 85, 186.85715, 17, ABprppppa, 0, 0, 0, 0, , 0, 0, 0, 0, 0, 
237, 1, 256, 275, -1, 295, 108, 187.0, 17, ABprppppp, 0, 0, 0, 0, , 0, 0, 0, 0, 0, 
238, 1, 258, 276, -1, 129, 122, 148.0, 15, MSaaap, 0, 0, 0, 0, , 0, 0, 0, 0, 0, 
239, 1, 259, 277, -1, 201, 154, 171.0, 16, MSaapp, 0, 0, 0, 0, , 0, 0, 0, 0, 0, 
240, 1, 260, 278, -1, 115, 134, 122.0, 18, MSapaa, 0, 0, 0, 0, , 0, 0, 0, 0, 0, 
241, 1, 261, 279, -1, 155, 145, 112.4, 20, MSapap, 0, 0, 0, 0, , 0, 0, 0, 0, 0, 
242, 1, 262, 280, -1, 181, 150, 140.0, 16, MSappa, 0, 0, 0, 0, , 0, 0, 0, 0, 0, 
243, 1, 263, 281, -1, 196, 142, 120.0, 16, MSappp, 0, 0, 0, 0, , 0, 0, 0, 0, 0, 
244, 1, 264, 282, -1, 156, 79, 169.0, 16, MSppaa, 0, 0, 0, 0, , 0, 0, 0, 0, 0, 
245, 1, 265, 283, -1, 185, 80, 159.0, 16, MSppap, 0, 0, 0, 0, , 0, 0, 0, 0, 0, 
246, 1, 266, 284, -1, 195, 104, 177.0, 18, MSpppa, 0, 0, 0, 0, , 0, 0, 0, 0, 0, 
247, 1, 267, 285, -1, 225, 87, 171.0, 16, MSpppp, 0, 0, 0, 0, , 0, 0, 0, 0, 0, 
248, 1, 268, 286, -1, 75, 110, 144.0, 15, MSaaaaa, 0, 0, 0, 0, , 0, 0, 0, 0, 0, 
249, 1, 257, 287, -1, 109, 100, 132.66667, 15, MSaaaap, 0, 0, 0, 0, , 0, 0, 0, 0, 0, 
250, 1, 269, 288, -1, 180, 155, 157.33333, 16, MSaapap, 0, 0, 0, 0, , 0, 0, 0, 0, 0, 
251, 1, 270, 289, -1, 146, 149, 153.0, 14, MSaapaa, 0, 0, 0, 0, , 0, 0, 0, 0, 0, 
252, 1, 271, 290, -1, 154, 113, 161.0, 17, MSpaap, 0, 0, 0, 0, , 0, 0, 0, 0, 0, 
253, 1, 272, 291, -1, 229, 124, 193.0, 16, MSpapp, 0, 0, 0, 0, , 0, 0, 0, 0, 0, 
254, 1, 273, 292, -1, 141, 106, 113.5, 25, Eala, 0, 0, 0, 0, , 0, 0, 0, 0, 0, 
255, 1, 275, 293, -1, 269, 166, 134.0, 17, Capa, 0, 0, 0, 0, , 0, 0, 0, 0, 0, 
256, 1, 277, 294, -1, 308, 128, 165.0, 17, Cppa, 0, 0, 0, 0, , 0, 0, 0, 0, 0, 
257, 1, 278, 295, -1, 232, 71, 143.0, 19, Epra, 0, 0, 0, 0, , 0, 0, 0, 0, 0, 
258, 1, 279, 296, -1, 183, 110, 112.0, 19, Ealp, 0, 0, 0, 0, , 0, 0, 0, 0, 0, 
259, 1, 280, 297, -1, 161, 81, 133.0, 19, Eara, 0, 0, 0, 0, , 0, 0, 0, 0, 0, 
260, 1, 281, 298, -1, 202, 90, 139.0, 19, Earp, 0, 0, 0, 0, , 0, 0, 0, 0, 0, 
261, 1, 282, 299, -1, 216, 111, 118.0, 18, Epla, 0, 0, 0, 0, , 0, 0, 0, 0, 0, 
262, 1, 283, 300, -1, 254, 110, 130.0, 17, Eplp, 0, 0, 0, 0, , 0, 0, 0, 0, 0, 
263, 1, 284, 301, -1, 245, 106, 70.0, 19, Caaaa, 0, 0, 0, 0, , 0, 0, 0, 0, 0, 
264, 1, 285, 302, -1, 281, 129, 84.0, 17, Caaap, 0, 0, 0, 0, , 0, 0, 0, 0, 0, 
265, 1, 286, 303, -1, 306, 114, 82.0, 15, Caapa, 0, 0, 0, 0, , 0, 0, 0, 0, 0, 
266, 1, 274, 304, -1, 303, 141, 101.0, 17, Caapp, 0, 0, 0, 0, , 0, 0, 0, 0, 0, 
267, 1, 276, 305, -1, 269, 135, 109.0, 17, Cappa, 0, 0, 0, 0, , 0, 0, 0, 0, 0, 
268, 1, 287, 306, -1, 294, 154, 122.0, 17, Cappp, 0, 0, 0, 0, , 0, 0, 0, 0, 0, 
269, 1, 288, 307, -1, 225, 70, 88.0, 17, Cpaaa, 0, 0, 0, 0, , 0, 0, 0, 0, 0, 
270, 1, 289, 308, -1, 282, 91, 95.0, 17, Cpaap, 0, 0, 0, 0, , 0, 0, 0, 0, 0, 
271, 1, 290, 309, -1, 310, 96, 104.0, 17, Cpapa, 0, 0, 0, 0, , 0, 0, 0, 0, 0, 
272, 1, 291, 310, -1, 328, 134, 118.0, 15, Cpapp, 0, 0, 0, 0, , 0, 0, 0, 0, 0, 
273, 1, 292, 311, -1, 308, 113, 132.0, 17, Cpppa, 0, 0, 0, 0, , 0, 0, 0, 0, 0, 
274, 1, 293, 312, -1, 313, 151, 134.0, 17, Cpppp, 0, 0, 0, 0, , 0, 0, 0, 0, 0, 
275, 1, 294, 313, -1, 231, 149, 151.0, 16, Daa, 0, 0, 0, 0, , 0, 0, 0, 0, 0, 
276, 1, 295, 314, -1, 261, 148, 156.0, 16, Dap, 0, 0, 0, 0, , 0, 0, 0, 0, 0, 
277, 1, 296, 315, -1, 259, 115, 176.0, 16, Dpa, 0, 0, 0, 0, , 0, 0, 0, 0, 0, 
278, 1, 297, 316, -1, 285, 123, 155.0, 16, Dpp, 0, 0, 0, 0, , 0, 0, 0, 0, 0, 
279, 1, 298, 317, -1, 232, 113, 160.0, 18, Z2, 0, 0, 0, 0, , 0, 0, 0, 0, 0, 
280, 1, 299, 318, -1, 197, 132, 148.0, 16, Z3, 0, 0, 0, 0, , 0, 0, 0, 0, 0, 
281, 1, 300, 319, -1, 79, 71, 95.0, 14, ABarpaaaa, 0, 0, 0, 0, , 0, 0, 0, 0, 0, 
282, 1, 301, 320, -1, 111, 54, 89.0, 16, ABarpaaap, 0, 0, 0, 0, , 0, 0, 0, 0, 0, 
283, 1, 302, 321, -1, 132, 61, 86.0, 19, ABarpaapa, 0, 0, 0, 0, , 0, 0, 0, 0, 0, 
284, 1, 303, 322, -1, 172, 56, 89.0, 18, ABarpaapp, 0, 0, 0, 0, , 0, 0, 0, 0, 0, 
285, 1, 304, 323, -1, 92, 57, 115.0, 15, ABarpapaa, 0, 0, 0, 0, , 0, 0, 0, 0, 0, 
286, 1, 305, 324, -1, 122, 45, 118.0, 15, ABarpapap, 0, 0, 0, 0, , 0, 0, 0, 0, 0, 
287, 1, 306, 325, -1, 143, 37, 120.0, 14, ABarpappa, 0, 0, 0, 0, , 0, 0, 0, 0, 0, 
288, 1, 307, 326, -1, 174, 47, 117.0, 17, ABarpappp, 0, 0, 0, 0, , 0, 0, 0, 0, 0, 
289, 1, 308, 327, -1, 196, 72, 75.0, 16, ABarppaap, 0, 0, 0, 0, , 0, 0, 0, 0, 0, 
290, 1, 309, 328, -1, 165, 78, 65.0, 17, ABarppaaa, 0, 0, 0, 0, , 0, 0, 0, 0, 0, 
291, 1, 310, 329, -1, 191, 91, 89.0, 19, ABarppapa, 0, 0, 0, 0, , 0, 0, 0, 0, 0, 
292, 1, 311, 330, -1, 230, 108, 89.0, 19, ABarppapp, 0, 0, 0, 0, , 0, 0, 0, 0, 0, 
293, 1, 312, 331, -1, 192, 46, 110.0, 16, ABarpppaa, 0, 0, 0, 0, , 0, 0, 0, 0, 0, 
294, 1, 313, 332, -1, 218, 53, 113.0, 17, ABarpppap, 0, 0, 0, 0, , 0, 0, 0, 0, 0, 
295, 1, 314, 333, -1, 231, 66, 115.0, 18, ABarppppa, 0, 0, 0, 0, , 0, 0, 0, 0, 0, 
296, 1, 315, 334, -1, 263, 85, 115.0, 18, ABarppppp, 0, 0, 0, 0, , 0, 0, 0, 0, 0, 
297, 1, 316, 335, -1, 79, 111, 71.0, 17, ABplaaaaa, 0, 0, 0, 0, , 0, 0, 0, 0, 0, 
298, 1, 317, 336, -1, 107, 97, 58.0, 17, ABplaaaap, 0, 0, 0, 0, , 0, 0, 0, 0, 0, 
299, 1, 318, 337, -1, 128, 92, 56.0, 17, ABplaaapa, 0, 0, 0, 0, , 0, 0, 0, 0, 0, 
300, 1, 319, 338, -1, 152, 92, 78.0, 17, ABplaaapp, 0, 0, 0, 0, , 0, 0, 0, 0, 0, 
301, 1, 320, 339, -1, 93, 130, 64.0, 17, ABplaapaa, 0, 0, 0, 0, , 0, 0, 0, 0, 0, 
302, 1, 321, 340, -1, 130, 127, 60.0, 17, ABplaapap, 0, 0, 0, 0, , 0, 0, 0, 0, 0, 
303, 1, 322, 341, -1, 175, 134, 70.0, 17, ABplaappp, 0, 0, 0, 0, , 0, 0, 0, 0, 0, 
304, 1, 323, 342, -1, 144, 145, 60.0, 17, ABplaappa, 0, 0, 0, 0, , 0, 0, 0, 0, 0, 
305, 1, 324, 343, -1, 154, 117, 51.0, 17, ABplapaaa, 0, 0, 0, 0, , 0, 0, 0, 0, 0, 
306, 1, 325, 344, -1, 187, 103, 55.0, 17, ABplapaap, 0, 0, 0, 0, , 0, 0, 0, 0, 0, 
307, 1, 326, 345, -1, 208, 113, 67.0, 16, ABplapapa, 0, 0, 0, 0, , 0, 0, 0, 0, 0, 
308, 1, 327, 346, -1, 235, 136, 74.0, 17, ABplapapp, 0, 0, 0, 0, , 0, 0, 0, 0, 0, 
309, 1, 328, 347, -1, 196, 136, 65.0, 19, ABplappaa, 0, 0, 0, 0, , 0, 0, 0, 0, 0, 
310, 1, 329, 348, -1, 225, 156, 78.0, 19, ABplappap, 0, 0, 0, 0, , 0, 0, 0, 0, 0, 
311, 1, 330, 349, -1, 239, 145, 91.0, 17, ABplapppa, 0, 0, 0, 0, , 0, 0, 0, 0, 0, 
312, 1, 331, 350, -1, 265, 162, 97.0, 17, ABplapppp, 0, 0, 0, 0, , 0, 0, 0, 0, 0, 
313, 1, 332, 351, -1, 210, 130, 181.0, 16, MSpapap, 0, 0, 0, 0, , 0, 0, 0, 0, 0, 
314, 1, 333, 352, -1, 110, 96, 168.0, 15, MSpaaaa, 0, 0, 0, 0, , 0, 0, 0, 0, 0, 
315, 1, 334, 353, -1, 145, 90, 151.0, 15, MSpaaap, 0, 0, 0, 0, , 0, 0, 0, 0, 0, 
316, 1, 335, 354, -1, 170, 126, 183.0, 16, MSpapaa, 0, 0, 0, 0, , 0, 0, 0, 0, 0, 
317, 1, 336, 355, -1, 112, 52, 152.0, 17, ABpraaapa, 0, 0, 0, 0, , 0, 0, 0, 0, 0, 
318, 1, 337, 356, -1, 155, 35, 148.0, 14, ABpraapaa, 0, 0, 0, 0, , 0, 0, 0, 0, 0, 
319, 1, 338, 357, -1, 322, 98, 144.0, 21, ABprapppp, 0, 0, 0, 0, , 0, 0, 0, 0, 0, 
