1, 0, 1, -1, -1, 49, 112, 80.0, 7, , 66, 0, 0, 0, , 0, 0, 0, 0, 0, 
2, 0, 4, -1, -1, 180, 45, 166.0, 8, , 16, 0, 0, 0, , 0, 0, 0, 0, 0, 
3, 0, 8, -1, -1, 157, 48, 169.0, 9, , 15, 0, 0, 0, , 0, 0, 0, 0, 0, 
4, 0, 9, -1, -1, 177, 48, 177.0, 11, , 17, 0, 0, 0, , 0, 0, 0, 0, 0, 
5, 0, 11, -1, -1, 89, 77, 161.0, 7, , 12, 0, 0, 0, , 0, 0, 0, 0, 0, 
6, 0, 12, -1, -1, 93, 54, 150.0, 9, , 12, 0, 0, 0, , 0, 0, 0, 0, 0, 
7, 0, 13, -1, -1, 238, 72, 191.0, 9, , 14, 0, 0, 0, , 0, 0, 0, 0, 0, 
8, 0, 14, -1, -1, 48, 111, 86.0, 9, , 149, 0, 0, 0, , 0, 0, 0, 0, 0, 
9, 0, 16, -1, -1, 133, 104, 201.0, 7, , 5, 0, 0, 0, , 0, 0, 0, 0, 0, 
10, 0, 17, -1, -1, 54, 121, 158.0, 8, , 2, 0, 0, 0, , 0, 0, 0, 0, 0, 
11, 0, 19, -1, -1, 94, 58, 155.0, 9, , 27, 0, 0, 0, , 0, 0, 0, 0, 0, 
12, 0, 20, -1, -1, 84, 73, 164.0, 8, , 10, 0, 0, 0, , 0, 0, 0, 0, 0, 
13, 0, 21, -1, -1, 54, 91, 161.0, 8, , 35, 0, 0, 0, , 0, 0, 0, 0, 0, 
14, 0, 23, -1, -1, 215, 88, 208.0, 8, , 6, 0, 0, 0, , 0, 0, 0, 0, 0, 
15, 0, 24, -1, -1, 211, 33, 132.0, 7, , 7, 0, 0, 0, , 0, 0, 0, 0, 0, 
16, 0, 25, -1, -1, 238, 42, 124.0, 7, , 16, 0, 0, 0, , 0, 0, 0, 0, 0, 
17, 0, 27, -1, -1, 98, 70, 176.0, 8, , 10, 0, 0, 0, , 0, 0, 0, 0, 0, 
18, 0, 28, -1, -1, 100, 64, 181.0, 11, , 67, 0, 0, 0, , 0, 0, 0, 0, 0, 
19, 0, 29, -1, -1, 97, 115, 193.0, 9, , 8, 0, 0, 0, , 0, 0, 0, 0, 0, 
20, 0, 30, -1, -1, 197, 91, 201.0, 7, , 7, 0, 0, 0, , 0, 0, 0, 0, 0, 
21, 0, 31, -1, -1, 60, 113, 161.0, 8, , 7, 0, 0, 0, , 0, 0, 0, 0, 0, 
22, 0, 34, -1, -1, 78, 121, 191.0, 8, , 14, 0, 0, 0, , 0, 0, 0, 0, 0, 
23, 0, 35, -1, -1, 187, 103, 202.0, 9, , 18, 0, 0, 0, , 0, 0, 0, 0, 0, 
24, 0, 36, -1, -1, 47, 109, 90.0, 9, , 19, 0, 0, 0, , 0, 0, 0, 0, 0, 
25, 0, 37, -1, -1, 156, 30, 145.0, 9, , 6, 0, 0, 0, , 0, 0, 0, 0, 0, 
26, 0, 38, -1, -1, 69, 149, 149.0, 11, , 50, 0, 0, 0, , 0, 0, 0, 0, 0, 
27, 0, 40, -1, -1, 175, 52, 180.0, 8, , 17, 0, 0, 0, , 0, 0, 0, 0, 0, 
28, 0, 41, -1, -1, 206, 88, 196.0, 9, , 20, 0, 0, 0, , 0, 0, 0, 0, 0, 
29, 0, 42, -1, -1, 145, 71, 195.0, 8, , 19, 0, 0, 0, , 0, 0, 0, 0, 0, 
30, 0, 43, -1, -1, 158, 105, 159.0, 8, , 17, 0, 0, 0, , 0, 0, 0, 0, 0, 
31, 0, 45, -1, -1, 88, 56, 147.0, 9, , 36, 0, 0, 0, , 0, 0, 0, 0, 0, 
32, 0, 47, -1, -1, 110, 54, 86.0, 7, , 16, 0, 0, 0, , 0, 0, 0, 0, 0, 
33, 0, 49, -1, -1, 303, 124, 165.0, 8, , 13, 0, 0, 0, , 0, 0, 0, 0, 0, 
34, 0, 50, -1, -1, 214, 60, 187.0, 8, , 15, 0, 0, 0, , 0, 0, 0, 0, 0, 
35, 0, 51, -1, -1, 151, 71, 201.0, 7, , 13, 0, 0, 0, , 0, 0, 0, 0, 0, 
36, 0, 53, -1, -1, 53, 89, 158.0, 8, , 4, 0, 0, 0, , 0, 0, 0, 0, 0, 
37, 0, 54, -1, -1, 85, 72, 167.0, 7, , 4, 0, 0, 0, , 0, 0, 0, 0, 0, 
38, 0, 55, -1, -1, 128, 61, 165.0, 8, , 7, 0, 0, 0, , 0, 0, 0, 0, 0, 
39, 0, 57, -1, -1, 78, 124, 187.0, 9, , 44, 0, 0, 0, , 0, 0, 0, 0, 0, 
40, 0, 58, -1, -1, 152, 74, 192.0, 8, , 3, 0, 0, 0, , 0, 0, 0, 0, 0, 
41, 0, 61, -1, -1, 201, 57, 174.0, 8, , 9, 0, 0, 0, , 0, 0, 0, 0, 0, 
42, 0, 62, -1, -1, 83, 79, 133.0, 8, , 14, 0, 0, 0, , 0, 0, 0, 0, 0, 
43, 0, 63, -1, -1, 201, 34, 132.0, 8, , 8, 0, 0, 0, , 0, 0, 0, 0, 0, 
44, 0, 66, -1, -1, 90, 72, 175.0, 7, , 9, 0, 0, 0, , 0, 0, 0, 0, 0, 
45, 0, 67, -1, -1, 100, 65, 185.0, 9, , 53, 0, 0, 0, , 0, 0, 0, 0, 0, 
46, 0, 68, -1, -1, 244, 71, 200.0, 9, , 21, 0, 0, 0, , 0, 0, 0, 0, 0, 
47, 0, 69, -1, -1, 196, 111, 200.0, 9, , 7, 0, 0, 0, , 0, 0, 0, 0, 0, 
48, 0, 71, -1, -1, 108, 48, 156.0, 8, , 1, 0, 0, 0, , 0, 0, 0, 0, 0, 
49, 0, 73, -1, -1, 252, 45, 145.0, 11, , 12, 0, 0, 0, , 0, 0, 0, 0, 0, 
50, 0, 74, -1, -1, 159, 31, 139.0, 8, , 15, 0, 0, 0, , 0, 0, 0, 0, 0, 
51, 0, 76, -1, -1, 69, 150, 155.0, 9, , 12, 0, 0, 0, , 0, 0, 0, 0, 0, 
52, 0, 77, -1, -1, 61, 87, 153.0, 9, , 15, 0, 0, 0, , 0, 0, 0, 0, 0, 
53, 0, 78, -1, -1, 46, 110, 156.0, 9, , 8, 0, 0, 0, , 0, 0, 0, 0, 0, 
54, 0, 81, -1, -1, 97, 111, 201.0, 11, , 22, 0, 0, 0, , 0, 0, 0, 0, 0, 
55, 0, 83, -1, -1, 112, 92, 190.0, 7, , 25, 0, 0, 0, , 0, 0, 0, 0, 0, 
56, 0, 84, -1, -1, 80, 72, 122.0, 8, , 10, 0, 0, 0, , 0, 0, 0, 0, 0, 
57, 0, 85, -1, -1, 109, 125, 144.0, 8, , 13, 0, 0, 0, , 0, 0, 0, 0, 0, 
58, 0, 87, -1, -1, 229, 106, 155.0, 7, , 14, 0, 0, 0, , 0, 0, 0, 0, 0, 
59, 0, 88, -1, -1, 244, 68, 180.0, 7, , 6, 0, 0, 0, , 0, 0, 0, 0, 0, 
60, 0, 89, -1, -1, 126, 85, 184.0, 7, , 20, 0, 0, 0, , 0, 0, 0, 0, 0, 
61, 0, 90, -1, -1, 157, 49, 182.0, 9, , 38, 0, 0, 0, , 0, 0, 0, 0, 0, 
62, 0, 91, -1, -1, 123, 56, 182.0, 7, , 8, 0, 0, 0, , 0, 0, 0, 0, 0, 
63, 0, 94, -1, -1, 85, 79, 142.0, 8, , 13, 0, 0, 0, , 0, 0, 0, 0, 0, 
64, 0, 97, -1, -1, 137, 87, 186.0, 9, , 26, 0, 0, 0, , 0, 0, 0, 0, 0, 
65, 0, 102, -1, -1, 137, 125, 137.0, 8, , 12, 0, 0, 0, , 0, 0, 0, 0, 0, 
66, 0, 107, -1, -1, 112, 44, 148.0, 7, , 14, 0, 0, 0, , 0, 0, 0, 0, 0, 
67, 0, 108, -1, -1, 137, 126, 148.0, 7, , 11, 0, 0, 0, , 0, 0, 0, 0, 0, 
68, 0, 110, -1, -1, 255, 44, 165.0, 9, , 6, 0, 0, 0, , 0, 0, 0, 0, 0, 
69, 0, 111, -1, -1, 269, 80, 158.0, 7, , 8, 0, 0, 0, , 0, 0, 0, 0, 0, 
70, 0, 112, -1, -1, 181, 79, 160.0, 9, , 18, 0, 0, 0, , 0, 0, 0, 0, 0, 
71, 0, 115, -1, -1, 269, 88, 183.0, 9, , 12, 0, 0, 0, , 0, 0, 0, 0, 0, 
72, 0, 116, -1, -1, 138, 125, 191.0, 7, , 11, 0, 0, 0, , 0, 0, 0, 0, 0, 
73, 0, 119, -1, -1, 248, 76, 196.0, 8, , 16, 0, 0, 0, , 0, 0, 0, 0, 0, 
74, 0, 121, -1, -1, 131, 111, 203.0, 9, , 7, 0, 0, 0, , 0, 0, 0, 0, 0, 
75, 0, 125, -1, -1, 221, 83, 113.0, 8, , 10, 0, 0, 0, , 0, 0, 0, 0, 0, 
76, 0, 126, -1, -1, 46, 92, 135.0, 8, , 1, 0, 0, 0, , 0, 0, 0, 0, 0, 
77, 0, 129, -1, -1, 203, 148, 162.0, 7, , 11, 0, 0, 0, , 0, 0, 0, 0, 0, 
78, 0, 130, -1, -1, 233, 118, 161.0, 8, , 9, 0, 0, 0, , 0, 0, 0, 0, 0, 
79, 0, 134, -1, -1, 201, 83, 197.0, 8, , 15, 0, 0, 0, , 0, 0, 0, 0, 0, 
80, 0, 136, -1, -1, 116, 55, 82.0, 9, , 58, 0, 0, 0, , 0, 0, 0, 0, 0, 
81, 0, -1, -1, -1, 234, 41, 119.0, 9, , 12, 0, 0, 0, , 0, 0, 0, 0, 0, 
82, 0, 138, -1, -1, 152, 36, 140.0, 7, , 4, 0, 0, 0, , 0, 0, 0, 0, 0, 
83, 0, 140, -1, -1, 158, 113, 158.0, 8, , 23, 0, 0, 0, , 0, 0, 0, 0, 0, 
84, 0, 141, -1, -1, 150, 76, 163.0, 9, , 17, 0, 0, 0, , 0, 0, 0, 0, 0, 
85, 0, 142, -1, -1, 297, 127, 167.0, 8, , 11, 0, 0, 0, , 0, 0, 0, 0, 0, 
86, 0, 143, -1, -1, 66, 109, 170.0, 8, , 5, 0, 0, 0, , 0, 0, 0, 0, 0, 
87, 0, 146, -1, -1, 227, 114, 182.0, 8, , 6, 0, 0, 0, , 0, 0, 0, 0, 0, 
88, 0, 147, -1, -1, 195, 116, 205.0, 11, , 8, 0, 0, 0, , 0, 0, 0, 0, 0, 
89, 0, 149, -1, -1, 50, 106, 112.0, 8, , 4, 0, 0, 0, , 0, 0, 0, 0, 0, 
90, 0, 150, -1, -1, 51, 106, 114.0, 8, , 10, 0, 0, 0, , 0, 0, 0, 0, 0, 
91, 0, 152, -1, -1, 272, 165, 126.0, 8, , 4, 0, 0, 0, , 0, 0, 0, 0, 0, 
92, 0, 153, -1, -1, 105, 65, 135.0, 7, , 17, 0, 0, 0, , 0, 0, 0, 0, 0, 
93, 0, 155, -1, -1, 90, 62, 143.0, 8, , 14, 0, 0, 0, , 0, 0, 0, 0, 0, 
94, 0, 157, -1, -1, 114, 48, 161.0, 7, , 4, 0, 0, 0, , 0, 0, 0, 0, 0, 
95, 0, 158, -1, -1, 298, 126, 158.0, 8, , 11, 0, 0, 0, , 0, 0, 0, 0, 0, 
96, 0, 159, -1, -1, 155, 118, 161.0, 8, , 8, 0, 0, 0, , 0, 0, 0, 0, 0, 
97, 0, 160, -1, -1, 303, 124, 158.0, 7, , 10, 0, 0, 0, , 0, 0, 0, 0, 0, 
98, 0, 161, -1, -1, 183, 78, 162.0, 7, , 19, 0, 0, 0, , 0, 0, 0, 0, 0, 
99, 0, 162, -1, -1, 159, 112, 163.0, 8, , 11, 0, 0, 0, , 0, 0, 0, 0, 0, 
100, 0, 163, -1, -1, 56, 88, 166.0, 9, , 25, 0, 0, 0, , 0, 0, 0, 0, 0, 
101, 0, 164, -1, -1, 151, 82, 167.0, 7, , 11, 0, 0, 0, , 0, 0, 0, 0, 0, 
102, 0, 165, -1, -1, 205, 152, 167.0, 7, , 6, 0, 0, 0, , 0, 0, 0, 0, 0, 
103, 0, 166, -1, -1, 119, 70, 170.0, 7, , 6, 0, 0, 0, , 0, 0, 0, 0, 0, 
104, 0, 167, -1, -1, 155, 81, 172.0, 9, , 19, 0, 0, 0, , 0, 0, 0, 0, 0, 
105, 0, 168, -1, -1, 249, 62, 171.0, 9, , 21, 0, 0, 0, , 0, 0, 0, 0, 0, 
106, 0, 169, -1, -1, 103, 63, 172.0, 9, , 12, 0, 0, 0, , 0, 0, 0, 0, 0, 
107, 0, 170, -1, -1, 75, 97, 174.0, 8, , 2, 0, 0, 0, , 0, 0, 0, 0, 0, 
108, 0, 172, -1, -1, 169, 52, 185.0, 7, , 14, 0, 0, 0, , 0, 0, 0, 0, 0, 
109, 0, 174, -1, -1, 230, 123, 187.0, 8, , 2, 0, 0, 0, , 0, 0, 0, 0, 0, 
110, 0, 175, -1, -1, 286, 110, 188.0, 9, , 7, 0, 0, 0, , 0, 0, 0, 0, 0, 
111, 0, 177, -1, -1, 213, 64, 193.0, 8, , 29, 0, 0, 0, , 0, 0, 0, 0, 0, 
112, 0, 178, -1, -1, 195, 113, 199.0, 8, , 14, 0, 0, 0, , 0, 0, 0, 0, 0, 
113, 0, 179, -1, -1, 97, 114, 203.0, 9, , 17, 0, 0, 0, , 0, 0, 0, 0, 0, 
114, 0, -1, -1, -1, 267, 160, 134.0, 8, , 3, 0, 0, 0, , 0, 0, 0, 0, 0, 
115, 0, -1, -1, -1, 106, 119, 148.0, 8, , 16, 0, 0, 0, , 0, 0, 0, 0, 0, 
116, 0, -1, -1, -1, 316, 95, 161.0, 7, , 14, 0, 0, 0, , 0, 0, 0, 0, 0, 
117, 0, -1, -1, -1, 199, 145, 165.0, 8, , 10, 0, 0, 0, , 0, 0, 0, 0, 0, 
118, 0, -1, -1, -1, 297, 129, 166.0, 8, , 17, 0, 0, 0, , 0, 0, 0, 0, 0, 
119, 0, -1, -1, -1, 301, 131, 171.0, 8, , 5, 0, 0, 0, , 0, 0, 0, 0, 0, 
120, 0, -1, -1, -1, 148, 82, 173.0, 8, , 2, 0, 0, 0, , 0, 0, 0, 0, 0, 
121, 0, -1, -1, -1, 283, 65, 180.0, 8, , 1, 0, 0, 0, , 0, 0, 0, 0, 0, 
122, 0, -1, -1, -1, 132, 82, 187.0, 8, , 7, 0, 0, 0, , 0, 0, 0, 0, 0, 
123, 0, -1, -1, -1, 222, 124, 189.0, 8, , 2, 0, 0, 0, , 0, 0, 0, 0, 0, 
124, 1, 180, 113, -1, 283, 98, 130.0, 22, Eprp, 0, 0, 0, 0, , 0, 0, 0, 0, 0, 
125, 1, 181, 114, -1, 151, 55, 145.0, 17, ABpraaapp, 0, 0, 0, 0, , 0, 0, 0, 0, 0, 
126, 0, 182, -1, -1, 156, 34, 143.0, 17, , 0, 0, 0, 0, , 0, 0, 0, 0, 0, 
127, 1, 183, 116, -1, 179, 75, 198.0, 17, ABarapppp, 0, 0, 0, 0, , 0, 0, 0, 0, 0, 
128, 1, 184, 119, -1, 131, 87, 186.0, 17, ABarappaa, 0, 0, 0, 0, , 0, 0, 0, 0, 0, 
129, 0, 185, -1, -1, 131, 89, 185.76596, 17, , 0, 0, 0, 0, , 0, 0, 0, 0, 0, 
130, 1, 186, 118, -1, 146, 69, 195.0, 16, ABarapppa, 0, 0, 0, 0, , 0, 0, 0, 0, 0, 
131, 1, 187, 120, -1, 168, 94, 200.0, 17, ABarappap, 0, 0, 0, 0, , 0, 0, 0, 0, 0, 
132, 1, 188, 121, -1, 98, 112, 196.0, 17, ABarapaaa, 0, 0, 0, 0, , 0, 0, 0, 0, 0, 
133, 1, 189, 122, -1, 127, 123, 198.0, 19, ABarapaap, 0, 0, 0, 0, , 0, 0, 0, 0, 0, 
134, 1, 190, 123, -1, 129, 103, 203.0, 17, ABarapapa, 0, 0, 0, 0, , 0, 0, 0, 0, 0, 
135, 1, 191, 124, -1, 159, 119, 205.0, 18, ABarapapp, 0, 0, 0, 0, , 0, 0, 0, 0, 0, 
136, 1, 192, 125, -1, 84, 130, 160.0, 18, ABaraapaa, 0, 0, 0, 0, , 0, 0, 0, 0, 0, 
137, 1, 193, 126, -1, 109, 132, 175.0, 18, ABaraapap, 0, 0, 0, 0, , 0, 0, 0, 0, 0, 
138, 1, 194, 127, -1, 126, 145, 179.0, 19, ABaraappa, 0, 0, 0, 0, , 0, 0, 0, 0, 0, 
139, 1, 195, 128, -1, 143, 127, 186.0, 19, ABaraappp, 0, 0, 0, 0, , 0, 0, 0, 0, 0, 
140, 1, 196, 129, -1, 82, 98, 178.0, 21, ABaraaapa, 0, 0, 0, 0, , 0, 0, 0, 0, 0, 
141, 1, 197, 130, -1, 107, 91, 189.0, 17, ABaraaapp, 0, 0, 0, 0, , 0, 0, 0, 0, 0, 
142, 1, 198, 131, -1, 59, 107, 168.0, 17, ABaraaaaa, 0, 0, 0, 0, , 0, 0, 0, 0, 0, 
143, 1, 199, 132, -1, 82, 122, 185.0, 16, ABaraaaap, 0, 0, 0, 0, , 0, 0, 0, 0, 0, 
144, 1, 200, 133, -1, 65, 147, 152.0, 17, ABalpaaap, 0, 0, 0, 0, , 0, 0, 0, 0, 0, 
145, 1, 201, 134, -1, 54, 126, 158.0, 17, ABalpaaaa, 0, 0, 0, 0, , 0, 0, 0, 0, 0, 
146, 1, 202, 135, -1, 57, 129, 126.0, 21, ABalpaapa, 0, 0, 0, 0, , 0, 0, 0, 0, 0, 
147, 1, 203, 136, -1, 89, 139, 125.0, 18, ABalpaapp, 0, 0, 0, 0, , 0, 0, 0, 0, 0, 
148, 1, 204, 137, -1, 103, 158, 169.0, 19, ABalpappa, 0, 0, 0, 0, , 0, 0, 0, 0, 0, 
149, 1, 205, 138, -1, 137, 166, 163.0, 19, ABalpappp, 0, 0, 0, 0, , 0, 0, 0, 0, 0, 
150, 1, 206, 139, -1, 66, 129, 101.0, 21, ABalppaaa, 0, 0, 0, 0, , 0, 0, 0, 0, 0, 
151, 1, 207, 140, -1, 66, 156, 97.0, 17, ABalppaap, 0, 0, 0, 0, , 0, 0, 0, 0, 0, 
152, 1, 208, 141, -1, 98, 162, 116.0, 19, ABalppapa, 0, 0, 0, 0, , 0, 0, 0, 0, 0, 
153, 1, 209, 142, -1, 128, 160, 132.0, 19, ABalppapp, 0, 0, 0, 0, , 0, 0, 0, 0, 0, 
154, 1, 210, 143, -1, 66, 156, 131.0, 17, ABalpapaa, 0, 0, 0, 0, , 0, 0, 0, 0, 0, 
155, 1, 211, 144, -1, 92, 160, 148.0, 19, ABalpapap, 0, 0, 0, 0, , 0, 0, 0, 0, 0, 
156, 1, 212, 145, -1, 87, 115, 109.5, 19, ABalpppaa, 0, 0, 0, 0, , 0, 0, 0, 0, 0, 
157, 1, 213, 146, -1, 101, 134, 85.0, 17, ABalpppap, 0, 0, 0, 0, , 0, 0, 0, 0, 0, 
158, 1, 214, 147, -1, 156, 126, 85.0, 18, ABalppppp, 0, 0, 0, 0, , 0, 0, 0, 0, 0, 
159, 1, 215, 148, -1, 119, 122, 85.0, 19, ABalppppa, 0, 0, 0, 0, , 0, 0, 0, 0, 0, 
160, 1, 216, 149, -1, 52, 92, 131.0, 18, ABalaaapa, 0, 0, 0, 0, , 0, 0, 0, 0, 0, 
161, 1, 217, 150, -1, 80, 79, 138.0, 18, ABalaaapp, 0, 0, 0, 0, , 0, 0, 0, 0, 0, 
162, 1, 218, 151, -1, 58, 89, 158.0, 17, ABalaapaa, 0, 0, 0, 0, , 0, 0, 0, 0, 0, 
163, 1, 219, 152, -1, 90, 73, 163.0, 15, ABalaapap, 0, 0, 0, 0, , 0, 0, 0, 0, 0, 
164, 1, 220, 153, -1, 47, 108, 150.0, 17, ABalaaaar, 0, 0, 0, 0, , 0, 0, 0, 0, 0, 
165, 1, 221, 154, -1, 54, 105, 111.0, 19, ABalaaaal, 0, 0, 0, 0, , 0, 0, 0, 0, 0, 
166, 1, 222, 155, -1, 111, 68, 139.0, 18, ABalaappp, 0, 0, 0, 0, , 0, 0, 0, 0, 0, 
167, 1, 223, 156, -1, 91, 60, 149.0, 17, ABalaappa, 0, 0, 0, 0, , 0, 0, 0, 0, 0, 
168, 1, 224, 157, -1, 73, 103, 90.0, 19, ABalapaap, 0, 0, 0, 0, , 0, 0, 0, 0, 0, 
169, 1, 225, 158, -1, 78, 92, 115.0, 19, ABalapaaa, 0, 0, 0, 0, , 0, 0, 0, 0, 0, 
170, 1, 226, 159, -1, 91, 90, 84.0, 17, ABalapapa, 0, 0, 0, 0, , 0, 0, 0, 0, 0, 
171, 1, 227, 160, -1, 118, 88, 88.0, 18, ABalapapp, 0, 0, 0, 0, , 0, 0, 0, 0, 0, 
172, 1, 228, 161, -1, 81, 68, 118.0, 17, ABalappaa, 0, 0, 0, 0, , 0, 0, 0, 0, 0, 
173, 1, 229, 162, -1, 108, 77, 108.0, 16, ABalappap, 0, 0, 0, 0, , 0, 0, 0, 0, 0, 
174, 1, 230, 163, -1, 124, 69, 120.0, 18, ABalapppa, 0, 0, 0, 0, , 0, 0, 0, 0, 0, 
175, 1, 231, 164, -1, 154, 66, 107.0, 18, ABalapppp, 0, 0, 0, 0, , 0, 0, 0, 0, 0, 
176, 1, 232, 165, -1, 101, 67, 181.0, 16, ABpraaaaa, 0, 0, 0, 0, , 0, 0, 0, 0, 0, 
177, 1, 233, 166, -1, 126, 67, 165.0, 17, ABpraaaap, 0, 0, 0, 0, , 0, 0, 0, 0, 0, 
178, 1, 234, 167, -1, 224, 51, 161.0, 18, ABpraappp, 0, 0, 0, 0, , 0, 0, 0, 0, 0, 
179, 1, 235, 168, -1, 182, 48, 160.2, 16, ABpraappa, 0, 0, 0, 0, , 0, 0, 0, 0, 0, 
180, 1, 236, 169, -1, 253, 47, 158.75, 16, ABprappaa, 0, 0, 0, 0, , 0, 0, 0, 0, 0, 
181, 1, 237, 170, -1, 292, 62, 141.0, 17, ABprappap, 0, 0, 0, 0, , 0, 0, 0, 0, 0, 
182, 1, 238, 171, -1, 310, 74, 135.5, 17, ABprapppa, 0, 0, 0, 0, , 0, 0, 0, 0, 0, 
183, 1, 239, 172, -1, 205, 33, 133.25, 15, ABprapaaa, 0, 0, 0, 0, , 0, 0, 0, 0, 0, 
184, 1, 240, 173, -1, 233, 40, 123.333336, 14, ABprapaap, 0, 0, 0, 0, , 0, 0, 0, 0, 0, 
185, 1, 241, 174, -1, 252, 44, 132.66667, 16, ABprapapa, 0, 0, 0, 0, , 0, 0, 0, 0, 0, 
186, 1, 242, 175, -1, 282, 62, 117.0, 17, ABprapapp, 0, 0, 0, 0, , 0, 0, 0, 0, 0, 
187, 1, 243, 176, -1, 171, 170, 109.666664, 15, ABplppaaa, 0, 0, 0, 0, , 0, 0, 0, 0, 0, 
188, 1, 244, 177, -1, 199, 176, 112.5, 17, ABplppaap, 0, 0, 0, 0, , 0, 0, 0, 0, 0, 
189, 1, 245, 178, -1, 199, 159, 94.666664, 18, ABplppapa, 0, 0, 0, 0, , 0, 0, 0, 0, 0, 
190, 1, 246, 179, -1, 232, 153, 110.666664, 15, ABplppapp, 0, 0, 0, 0, , 0, 0, 0, 0, 0, 
191, 1, 247, 180, -1, 218, 174, 99.2, 15, ABplpppaa, 0, 0, 0, 0, , 0, 0, 0, 0, 0, 
192, 1, 248, 181, -1, 245, 169, 105.0, 17, ABplpppap, 0, 0, 0, 0, , 0, 0, 0, 0, 0, 
193, 1, 249, 182, -1, 218, 168, 129.0, 14, ABplppppa, 0, 0, 0, 0, , 0, 0, 0, 0, 0, 
194, 1, 250, 183, -1, 242, 177, 146.0, 15, ABplppppp, 0, 0, 0, 0, , 0, 0, 0, 0, 0, 
195, 1, 251, 184, -1, 149, 174, 119.5, 16, ABplpapap, 0, 0, 0, 0, , 0, 0, 0, 0, 0, 
196, 1, 252, 185, -1, 91, 153, 87.0, 17, ABplpaaaa, 0, 0, 0, 0, , 0, 0, 0, 0, 0, 
197, 1, 253, 186, -1, 125, 163, 89.5, 17, ABplpaaap, 0, 0, 0, 0, , 0, 0, 0, 0, 0, 
198, 1, 254, 187, -1, 138, 162, 77.0, 19, ABplpaapa, 0, 0, 0, 0, , 0, 0, 0, 0, 0, 
199, 1, 255, 188, -1, 172, 171, 91.0, 19, ABplpaapp, 0, 0, 0, 0, , 0, 0, 0, 0, 0, 
200, 1, 256, 189, -1, 123, 177, 114.0, 15, ABplpapaa, 0, 0, 0, 0, , 0, 0, 0, 0, 0, 
201, 1, 257, 190, -1, 163, 176, 140.0, 17, ABplpappa, 0, 0, 0, 0, , 0, 0, 0, 0, 0, 
202, 1, 258, 191, -1, 197, 174, 141.0, 17, ABplpappp, 0, 0, 0, 0, , 0, 0, 0, 0, 0, 
203, 1, 259, 192, -1, 186, 34, 144.0, 16, ABpraapap, 0, 0, 0, 0, , 0, 0, 0, 0, 0, 
204, 1, 260, 193, -1, 127, 57, 183.28572, 18, ABprpaaaa, 0, 0, 0, 0, , 0, 0, 0, 0, 0, 
205, 1, 261, 194, -1, 156, 51, 175.0, 17, ABprpaaap, 0, 0, 0, 0, , 0, 0, 0, 0, 0, 
206, 1, 262, 195, -1, 172, 50, 186.57143, 15, ABprpaapa, 0, 0, 0, 0, , 0, 0, 0, 0, 0, 
207, 1, 263, 196, -1, 201, 58, 178.25, 15, ABprpaapp, 0, 0, 0, 0, , 0, 0, 0, 0, 0, 
208, 1, 264, 197, -1, 193, 113, 203.0, 17, ABprpapaa, 0, 0, 0, 0, , 0, 0, 0, 0, 0, 
209, 1, 265, 198, -1, 202, 87, 202.0, 17, ABprpapap, 0, 0, 0, 0, , 0, 0, 0, 0, 0, 
210, 1, 266, 199, -1, 219, 93, 204.0, 17, ABprpappa, 0, 0, 0, 0, , 0, 0, 0, 0, 0, 
211, 1, 267, 200, -1, 243, 96, 195.0, 16, ABprpappp, 0, 0, 0, 0, , 0, 0, 0, 0, 0, 
212, 1, 268, 201, -1, 219, 62, 187.0, 14, ABprppaaa, 0, 0, 0, 0, , 0, 0, 0, 0, 0, 
213, 1, 269, 202, -1, 243, 73, 195.0, 17, ABprppaap, 0, 0, 0, 0, , 0, 0, 0, 0, 0, 
214, 1, 270, 203, -1, 247, 64, 179.0, 16, ABprppapa, 0, 0, 0, 0, , 0, 0, 0, 0, 0, 
215, 1, 271, 204, -1, 273, 77, 159.0, 14, ABprppapp, 0, 0, 0, 0, , 0, 0, 0, 0, 0, 
216, 1, 272, 205, -1, 277, 67, 176.66667, 17, ABprpppaa, 0, 0, 0, 0, , 0, 0, 0, 0, 0, 
217, 1, 273, 206, -1, 300, 82, 171.0, 16, ABprpppap, 0, 0, 0, 0, , 0, 0, 0, 0, 0, 
218, 1, 274, 207, -1, 266, 85, 188.57143, 17, ABprppppa, 0, 0, 0, 0, , 0, 0, 0, 0, 0, 
219, 1, 275, 208, -1, 291, 107, 186.0, 17, ABprppppp, 0, 0, 0, 0, , 0, 0, 0, 0, 0, 
220, 1, 276, 222, -1, 107, 122, 146.0, 15, MSaaapa, 0, 0, 0, 0, , 0, 0, 0, 0, 0, 
221, 1, 276, 209, -1, 137, 124, 143.0, 15, MSaaapp, 0, 0, 0, 0, , 0, 0, 0, 0, 0, 
222, 1, 277, 210, -1, 200, 151, 166.0, 16, MSaapp, 0, 0, 0, 0, , 0, 0, 0, 0, 0, 
223, 1, 278, 211, -1, 117, 137, 118.0, 16, MSapaa, 0, 0, 0, 0, , 0, 0, 0, 0, 0, 
224, 1, 279, 212, -1, 155, 144, 110.8, 18, MSapap, 0, 0, 0, 0, , 0, 0, 0, 0, 0, 
225, 1, 280, 213, -1, 181, 147, 136.0, 16, MSappa, 0, 0, 0, 0, , 0, 0, 0, 0, 0, 
226, 1, 281, 214, -1, 192, 143, 116.0, 16, MSappp, 0, 0, 0, 0, , 0, 0, 0, 0, 0, 
227, 1, 282, 215, -1, 151, 77, 166.0, 16, MSppaa, 0, 0, 0, 0, , 0, 0, 0, 0, 0, 
228, 1, 283, 216, 217, 180, 85, 159.0, 16, MSppap, 0, 0, 0, 0, , 0, 0, 0, 0, 0, 
229, 1, 284, 218, -1, 187, 105, 177.0, 17, MSpppa, 0, 0, 0, 0, , 0, 0, 0, 0, 0, 
230, 1, 285, 219, -1, 216, 85, 170.0, 16, MSpppp, 0, 0, 0, 0, , 0, 0, 0, 0, 0, 
231, 1, 286, 220, -1, 75, 105, 142.0, 17, MSaaaaa, 0, 0, 0, 0, , 0, 0, 0, 0, 0, 
232, 1, 287, 221, -1, 109, 97, 128.0, 17, MSaaaap, 0, 0, 0, 0, , 0, 0, 0, 0, 0, 
233, 1, 288, 223, -1, 178, 159, 155.5, 16, MSaapap, 0, 0, 0, 0, , 0, 0, 0, 0, 0, 
234, 1, 289, 224, -1, 146, 145, 154.33333, 15, MSaapaa, 0, 0, 0, 0, , 0, 0, 0, 0, 0, 
235, 1, 290, 225, -1, 157, 112, 158.0, 15, MSpaap, 0, 0, 0, 0, , 0, 0, 0, 0, 0, 
236, 1, 291, 226, -1, 226, 122, 188.0, 16, MSpapp, 0, 0, 0, 0, , 0, 0, 0, 0, 0, 
237, 1, 292, 227, -1, 144, 103, 109.0, 21, Eala, 0, 0, 0, 0, , 0, 0, 0, 0, 0, 
238, 1, 293, 228, -1, 272, 165, 139.0, 17, Capa, 0, 0, 0, 0, , 0, 0, 0, 0, 0, 
239, 1, 294, 229, -1, 305, 128, 165.0, 17, Cppa, 0, 0, 0, 0, , 0, 0, 0, 0, 0, 
240, 1, 295, 230, -1, 231, 74, 141.0, 17, Epra, 0, 0, 0, 0, , 0, 0, 0, 0, 0, 
241, 1, 296, 231, -1, 184, 114, 108.0, 19, Ealp, 0, 0, 0, 0, , 0, 0, 0, 0, 0, 
242, 1, 297, 232, -1, 159, 83, 129.0, 19, Eara, 0, 0, 0, 0, , 0, 0, 0, 0, 0, 
243, 1, 298, 233, -1, 198, 92, 136.0, 19, Earp, 0, 0, 0, 0, , 0, 0, 0, 0, 0, 
244, 1, 299, 234, -1, 213, 110, 114.0, 18, Epla, 0, 0, 0, 0, , 0, 0, 0, 0, 0, 
245, 1, 300, 235, -1, 255, 109, 132.0, 17, Eplp, 0, 0, 0, 0, , 0, 0, 0, 0, 0, 
246, 1, 301, 236, -1, 245, 104, 69.0, 19, Caaaa, 0, 0, 0, 0, , 0, 0, 0, 0, 0, 
247, 1, 302, 237, -1, 284, 127, 84.0, 17, Caaap, 0, 0, 0, 0, , 0, 0, 0, 0, 0, 
248, 1, 303, 238, -1, 309, 112, 80.0, 15, Caapa, 0, 0, 0, 0, , 0, 0, 0, 0, 0, 
249, 1, 304, 239, -1, 304, 139, 101.0, 17, Caapp, 0, 0, 0, 0, , 0, 0, 0, 0, 0, 
250, 1, 305, 240, -1, 274, 138, 106.0, 17, Cappa, 0, 0, 0, 0, , 0, 0, 0, 0, 0, 
251, 1, 306, 241, -1, 298, 159, 123.0, 17, Cappp, 0, 0, 0, 0, , 0, 0, 0, 0, 0, 
252, 1, 307, 242, -1, 224, 68, 92.0, 17, Cpaaa, 0, 0, 0, 0, , 0, 0, 0, 0, 0, 
253, 1, 308, 243, -1, 282, 88, 95.0, 17, Cpaap, 0, 0, 0, 0, , 0, 0, 0, 0, 0, 
254, 1, 309, 244, -1, 310, 93, 108.0, 17, Cpapa, 0, 0, 0, 0, , 0, 0, 0, 0, 0, 
255, 1, 310, 245, -1, 327, 133, 116.0, 15, Cpapp, 0, 0, 0, 0, , 0, 0, 0, 0, 0, 
256, 1, 311, 246, -1, 312, 111, 132.0, 17, Cpppa, 0, 0, 0, 0, , 0, 0, 0, 0, 0, 
257, 1, 312, 247, -1, 312, 150, 139.0, 17, Cpppp, 0, 0, 0, 0, , 0, 0, 0, 0, 0, 
258, 1, 313, 248, -1, 230, 149, 149.0, 16, Daa, 0, 0, 0, 0, , 0, 0, 0, 0, 0, 
259, 1, 314, 249, -1, 259, 145, 153.0, 16, Dap, 0, 0, 0, 0, , 0, 0, 0, 0, 0, 
260, 1, 315, 250, -1, 253, 116, 173.0, 16, Dpa, 0, 0, 0, 0, , 0, 0, 0, 0, 0, 
261, 1, 316, 251, -1, 283, 121, 150.0, 16, Dpp, 0, 0, 0, 0, , 0, 0, 0, 0, 0, 
262, 1, 317, 252, -1, 230, 114, 157.0, 18, Z2, 0, 0, 0, 0, , 0, 0, 0, 0, 0, 
263, 1, 318, 253, -1, 199, 133, 144.0, 16, Z3, 0, 0, 0, 0, , 0, 0, 0, 0, 0, 
264, 1, 319, 254, -1, 82, 71, 90.0, 14, ABarpaaaa, 0, 0, 0, 0, , 0, 0, 0, 0, 0, 
265, 1, 320, 255, -1, 117, 55, 84.0, 16, ABarpaaap, 0, 0, 0, 0, , 0, 0, 0, 0, 0, 
266, 1, 321, 256, -1, 138, 58, 82.0, 19, ABarpaapa, 0, 0, 0, 0, , 0, 0, 0, 0, 0, 
267, 1, 322, 257, -1, 177, 57, 90.0, 18, ABarpaapp, 0, 0, 0, 0, , 0, 0, 0, 0, 0, 
268, 1, 323, 258, -1, 97, 52, 108.0, 15, ABarpapaa, 0, 0, 0, 0, , 0, 0, 0, 0, 0, 
269, 1, 324, 259, -1, 125, 44, 115.0, 15, ABarpapap, 0, 0, 0, 0, , 0, 0, 0, 0, 0, 
270, 1, 325, 260, -1, 148, 37, 121.0, 14, ABarpappa, 0, 0, 0, 0, , 0, 0, 0, 0, 0, 
271, 1, 326, 261, -1, 176, 48, 118.0, 17, ABarpappp, 0, 0, 0, 0, , 0, 0, 0, 0, 0, 
272, 1, 327, 262, -1, 197, 76, 78.0, 16, ABarppaap, 0, 0, 0, 0, , 0, 0, 0, 0, 0, 
273, 1, 328, 263, -1, 167, 76, 65.0, 17, ABarppaaa, 0, 0, 0, 0, , 0, 0, 0, 0, 0, 
274, 1, 329, 264, -1, 201, 96, 84.0, 19, ABarppapa, 0, 0, 0, 0, , 0, 0, 0, 0, 0, 
275, 1, 330, 265, -1, 234, 111, 87.0, 19, ABarppapp, 0, 0, 0, 0, , 0, 0, 0, 0, 0, 
276, 1, 331, 266, -1, 193, 46, 108.0, 16, ABarpppaa, 0, 0, 0, 0, , 0, 0, 0, 0, 0, 
277, 1, 332, 267, -1, 219, 52, 114.0, 17, ABarpppap, 0, 0, 0, 0, , 0, 0, 0, 0, 0, 
278, 1, 333, 268, -1, 236, 62, 114.0, 18, ABarppppa, 0, 0, 0, 0, , 0, 0, 0, 0, 0, 
279, 1, 334, 269, -1, 264, 82, 112.0, 18, ABarppppp, 0, 0, 0, 0, , 0, 0, 0, 0, 0, 
280, 1, 335, 270, -1, 86, 106, 64.0, 17, ABplaaaaa, 0, 0, 0, 0, , 0, 0, 0, 0, 0, 
281, 1, 336, 271, -1, 112, 93, 57.0, 17, ABplaaaap, 0, 0, 0, 0, , 0, 0, 0, 0, 0, 
282, 1, 337, 272, -1, 133, 86, 58.0, 17, ABplaaapa, 0, 0, 0, 0, , 0, 0, 0, 0, 0, 
283, 1, 338, 273, -1, 159, 95, 72.0, 17, ABplaaapp, 0, 0, 0, 0, , 0, 0, 0, 0, 0, 
284, 1, 339, 274, -1, 94, 127, 60.0, 17, ABplaapaa, 0, 0, 0, 0, , 0, 0, 0, 0, 0, 
285, 1, 340, 275, -1, 131, 127, 57.0, 17, ABplaapap, 0, 0, 0, 0, , 0, 0, 0, 0, 0, 
286, 1, 341, 276, -1, 176, 137, 69.0, 17, ABplaappp, 0, 0, 0, 0, , 0, 0, 0, 0, 0, 
287, 1, 342, 277, -1, 150, 145, 60.0, 17, ABplaappa, 0, 0, 0, 0, , 0, 0, 0, 0, 0, 
288, 1, 343, 278, -1, 160, 118, 54.0, 17, ABplapaaa, 0, 0, 0, 0, , 0, 0, 0, 0, 0, 
289, 1, 344, 279, -1, 188, 107, 58.0, 17, ABplapaap, 0, 0, 0, 0, , 0, 0, 0, 0, 0, 
290, 1, 345, 280, -1, 208, 116, 69.0, 16, ABplapapa, 0, 0, 0, 0, , 0, 0, 0, 0, 0, 
291, 1, 346, 281, -1, 244, 137, 72.0, 17, ABplapapp, 0, 0, 0, 0, , 0, 0, 0, 0, 0, 
292, 1, 347, 282, -1, 200, 142, 69.0, 19, ABplappaa, 0, 0, 0, 0, , 0, 0, 0, 0, 0, 
293, 1, 348, 283, -1, 230, 154, 78.0, 19, ABplappap, 0, 0, 0, 0, , 0, 0, 0, 0, 0, 
294, 1, 349, 284, -1, 245, 148, 93.0, 17, ABplapppa, 0, 0, 0, 0, , 0, 0, 0, 0, 0, 
295, 1, 350, 285, -1, 271, 166, 101.0, 17, ABplapppp, 0, 0, 0, 0, , 0, 0, 0, 0, 0, 
296, 1, 351, 286, -1, 210, 128, 175.0, 16, MSpapap, 0, 0, 0, 0, , 0, 0, 0, 0, 0, 
297, 1, 352, 287, -1, 106, 95, 163.0, 15, MSpaaaa, 0, 0, 0, 0, , 0, 0, 0, 0, 0, 
298, 1, 353, 288, -1, 143, 89, 147.0, 15, MSpaaap, 0, 0, 0, 0, , 0, 0, 0, 0, 0, 
299, 1, 354, 289, -1, 168, 128, 179.0, 16, MSpapaa, 0, 0, 0, 0, , 0, 0, 0, 0, 0, 
300, 1, 355, 290, -1, 116, 49, 154.0, 17, ABpraaapa, 0, 0, 0, 0, , 0, 0, 0, 0, 0, 
301, 1, 356, 291, -1, 155, 33, 144.0, 14, ABpraapaa, 0, 0, 0, 0, , 0, 0, 0, 0, 0, 
302, 1, 357, 292, -1, 315, 96, 151.0, 21, ABprapppp, 0, 0, 0, 0, , 0, 0, 0, 0, 0, 
