1, 0, 1, -1, -1, 49, 113, 80.0, 8, , 117, 0, 0, 0, , 0, 0, 0, 0, 0, 
2, 0, 3, -1, -1, 153, 52, 172.0, 8, , 10, 0, 0, 0, , 0, 0, 0, 0, 0, 
3, 0, 4, -1, -1, 175, 53, 174.0, 9, , 13, 0, 0, 0, , 0, 0, 0, 0, 0, 
4, 0, 5, -1, -1, 90, 78, 160.0, 7, , 12, 0, 0, 0, , 0, 0, 0, 0, 0, 
5, 0, 7, -1, -1, 238, 70, 192.0, 8, , 7, 0, 0, 0, , 0, 0, 0, 0, 0, 
6, 0, 8, -1, -1, 47, 111, 85.0, 9, , 160, 0, 0, 0, , 0, 0, 0, 0, 0, 
7, 0, 11, -1, -1, 95, 63, 156.0, 7, , 5, 0, 0, 0, , 0, 0, 0, 0, 0, 
8, 0, 12, -1, -1, 91, 78, 165.0, 8, , 20, 0, 0, 0, , 0, 0, 0, 0, 0, 
9, 0, 13, -1, -1, 54, 93, 161.0, 8, , 35, 0, 0, 0, , 0, 0, 0, 0, 0, 
10, 0, 15, -1, -1, 209, 32, 131.0, 7, , 7, 0, 0, 0, , 0, 0, 0, 0, 0, 
11, 0, 16, -1, -1, 238, 44, 122.0, 7, , 4, 0, 0, 0, , 0, 0, 0, 0, 0, 
12, 0, 17, -1, -1, 98, 70, 177.0, 8, , 21, 0, 0, 0, , 0, 0, 0, 0, 0, 
13, 0, 18, -1, -1, 98, 65, 183.0, 11, , 59, 0, 0, 0, , 0, 0, 0, 0, 0, 
14, 0, 19, -1, -1, 96, 113, 193.0, 9, , 22, 0, 0, 0, , 0, 0, 0, 0, 0, 
15, 0, 20, -1, -1, 197, 85, 199.0, 9, , 6, 0, 0, 0, , 0, 0, 0, 0, 0, 
16, 0, 21, -1, -1, 58, 111, 159.0, 9, , 5, 0, 0, 0, , 0, 0, 0, 0, 0, 
17, 0, 22, -1, -1, 86, 124, 190.0, 8, , 2, 0, 0, 0, , 0, 0, 0, 0, 0, 
18, 0, 23, -1, -1, 187, 102, 202.0, 9, , 18, 0, 0, 0, , 0, 0, 0, 0, 0, 
19, 0, 24, -1, -1, 48, 111, 88.0, 9, , 73, 0, 0, 0, , 0, 0, 0, 0, 0, 
20, 0, 25, -1, -1, 148, 33, 143.0, 8, , 6, 0, 0, 0, , 0, 0, 0, 0, 0, 
21, 0, 26, -1, -1, 68, 149, 147.0, 9, , 34, 0, 0, 0, , 0, 0, 0, 0, 0, 
22, 0, 27, -1, -1, 174, 51, 180.0, 8, , 17, 0, 0, 0, , 0, 0, 0, 0, 0, 
23, 0, 28, -1, -1, 205, 88, 196.0, 8, , 13, 0, 0, 0, , 0, 0, 0, 0, 0, 
24, 0, 29, -1, -1, 144, 68, 196.0, 9, , 5, 0, 0, 0, , 0, 0, 0, 0, 0, 
25, 0, 30, -1, -1, 159, 108, 159.0, 7, , 10, 0, 0, 0, , 0, 0, 0, 0, 0, 
26, 0, 31, -1, -1, 86, 59, 147.0, 9, , 36, 0, 0, 0, , 0, 0, 0, 0, 0, 
27, 0, 33, -1, -1, 299, 128, 164.0, 7, , 12, 0, 0, 0, , 0, 0, 0, 0, 0, 
28, 0, 34, -1, -1, 215, 60, 189.0, 8, , 32, 0, 0, 0, , 0, 0, 0, 0, 0, 
29, 0, 35, -1, -1, 151, 70, 202.0, 8, , 2, 0, 0, 0, , 0, 0, 0, 0, 0, 
30, 0, 37, -1, -1, 91, 74, 170.0, 9, , 38, 0, 0, 0, , 0, 0, 0, 0, 0, 
31, 0, 39, -1, -1, 78, 124, 187.0, 9, , 44, 0, 0, 0, , 0, 0, 0, 0, 0, 
32, 0, 40, -1, -1, 142, 71, 192.0, 11, , 36, 0, 0, 0, , 0, 0, 0, 0, 0, 
33, 0, 41, -1, -1, 201, 58, 176.0, 9, , 18, 0, 0, 0, , 0, 0, 0, 0, 0, 
34, 0, 42, -1, -1, 83, 76, 134.0, 8, , 10, 0, 0, 0, , 0, 0, 0, 0, 0, 
35, 0, 43, -1, -1, 200, 34, 135.0, 9, , 7, 0, 0, 0, , 0, 0, 0, 0, 0, 
36, 0, 44, -1, -1, 89, 71, 175.0, 7, , 9, 0, 0, 0, , 0, 0, 0, 0, 0, 
37, 0, 45, -1, -1, 99, 65, 185.0, 9, , 30, 0, 0, 0, , 0, 0, 0, 0, 0, 
38, 0, 46, -1, -1, 244, 73, 198.0, 9, , 21, 0, 0, 0, , 0, 0, 0, 0, 0, 
39, 0, 47, -1, -1, 188, 106, 201.0, 7, , 14, 0, 0, 0, , 0, 0, 0, 0, 0, 
40, 0, 48, -1, -1, 110, 46, 157.0, 8, , 15, 0, 0, 0, , 0, 0, 0, 0, 0, 
41, 0, 49, -1, -1, 253, 44, 145.0, 9, , 18, 0, 0, 0, , 0, 0, 0, 0, 0, 
42, 0, 51, -1, -1, 70, 149, 155.0, 9, , 15, 0, 0, 0, , 0, 0, 0, 0, 0, 
43, 0, 52, -1, -1, 59, 88, 151.0, 7, , 10, 0, 0, 0, , 0, 0, 0, 0, 0, 
44, 0, 53, -1, -1, 45, 108, 157.0, 9, , 9, 0, 0, 0, , 0, 0, 0, 0, 0, 
45, 0, 54, -1, -1, 98, 113, 199.0, 9, , 47, 0, 0, 0, , 0, 0, 0, 0, 0, 
46, 0, 55, -1, -1, 114, 93, 190.0, 7, , 25, 0, 0, 0, , 0, 0, 0, 0, 0, 
47, 0, 58, -1, -1, 233, 106, 153.0, 9, , 19, 0, 0, 0, , 0, 0, 0, 0, 0, 
48, 0, 59, -1, -1, 241, 68, 177.0, 7, , 14, 0, 0, 0, , 0, 0, 0, 0, 0, 
49, 0, 60, -1, -1, 124, 86, 184.0, 8, , 13, 0, 0, 0, , 0, 0, 0, 0, 0, 
50, 0, 61, -1, -1, 155, 50, 182.0, 9, , 38, 0, 0, 0, , 0, 0, 0, 0, 0, 
51, 0, 63, -1, -1, 83, 78, 143.0, 7, , 4, 0, 0, 0, , 0, 0, 0, 0, 0, 
52, 0, 64, -1, -1, 133, 94, 187.0, 7, , 12, 0, 0, 0, , 0, 0, 0, 0, 0, 
53, 0, 65, -1, -1, 139, 126, 138.0, 9, , 6, 0, 0, 0, , 0, 0, 0, 0, 0, 
54, 0, 67, -1, -1, 140, 126, 146.0, 8, , 19, 0, 0, 0, , 0, 0, 0, 0, 0, 
55, 0, 70, -1, -1, 173, 84, 160.0, 8, , 20, 0, 0, 0, , 0, 0, 0, 0, 0, 
56, 0, 73, -1, -1, 247, 69, 197.0, 9, , 35, 0, 0, 0, , 0, 0, 0, 0, 0, 
57, 0, 74, -1, -1, 132, 112, 203.0, 9, , 7, 0, 0, 0, , 0, 0, 0, 0, 0, 
58, 0, 75, -1, -1, 221, 77, 116.0, 8, , 7, 0, 0, 0, , 0, 0, 0, 0, 0, 
59, 0, 77, -1, -1, 204, 144, 162.0, 7, , 10, 0, 0, 0, , 0, 0, 0, 0, 0, 
60, 0, 78, -1, -1, 231, 117, 159.0, 7, , 14, 0, 0, 0, , 0, 0, 0, 0, 0, 
61, 0, 79, -1, -1, 204, 83, 198.0, 7, , 13, 0, 0, 0, , 0, 0, 0, 0, 0, 
62, 0, 80, -1, -1, 115, 55, 81.0, 11, , 13, 0, 0, 0, , 0, 0, 0, 0, 0, 
63, 0, 81, -1, -1, 234, 39, 121.0, 9, , 8, 0, 0, 0, , 0, 0, 0, 0, 0, 
64, 0, 82, -1, -1, 157, 32, 142.0, 8, , 3, 0, 0, 0, , 0, 0, 0, 0, 0, 
65, 0, 83, -1, -1, 162, 114, 160.0, 8, , 23, 0, 0, 0, , 0, 0, 0, 0, 0, 
66, 0, 84, -1, -1, 150, 79, 162.0, 9, , 25, 0, 0, 0, , 0, 0, 0, 0, 0, 
67, 0, 85, -1, -1, 294, 123, 168.0, 8, , 11, 0, 0, 0, , 0, 0, 0, 0, 0, 
68, 0, 87, -1, -1, 225, 130, 181.0, 7, , 5, 0, 0, 0, , 0, 0, 0, 0, 0, 
69, 0, 88, -1, -1, 187, 106, 206.0, 7, , 18, 0, 0, 0, , 0, 0, 0, 0, 0, 
70, 0, 89, -1, -1, 49, 115, 110.0, 7, , 10, 0, 0, 0, , 0, 0, 0, 0, 0, 
71, 0, 90, -1, -1, 49, 109, 115.0, 8, , 19, 0, 0, 0, , 0, 0, 0, 0, 0, 
72, 0, 91, -1, -1, 271, 169, 127.0, 7, , 3, 0, 0, 0, , 0, 0, 0, 0, 0, 
73, 0, 92, -1, -1, 105, 63, 137.0, 9, , 10, 0, 0, 0, , 0, 0, 0, 0, 0, 
74, 0, 93, -1, -1, 91, 59, 142.0, 11, , 29, 0, 0, 0, , 0, 0, 0, 0, 0, 
75, 0, 94, -1, -1, 113, 49, 162.0, 7, , 9, 0, 0, 0, , 0, 0, 0, 0, 0, 
76, 0, 95, -1, -1, 297, 127, 158.0, 7, , 13, 0, 0, 0, , 0, 0, 0, 0, 0, 
77, 0, 96, -1, -1, 157, 119, 160.0, 8, , 124, 0, 0, 0, , 0, 0, 0, 0, 0, 
78, 0, 97, -1, -1, 304, 120, 160.0, 8, , 11, 0, 0, 0, , 0, 0, 0, 0, 0, 
79, 0, 98, -1, -1, 175, 75, 163.0, 8, , 8, 0, 0, 0, , 0, 0, 0, 0, 0, 
80, 0, 99, -1, -1, 159, 111, 164.0, 8, , 6, 0, 0, 0, , 0, 0, 0, 0, 0, 
81, 0, 101, -1, -1, 151, 82, 168.0, 8, , 40, 0, 0, 0, , 0, 0, 0, 0, 0, 
82, 0, 102, -1, -1, 201, 146, 168.0, 8, , 11, 0, 0, 0, , 0, 0, 0, 0, 0, 
83, 0, 104, -1, -1, 151, 73, 172.0, 8, , 19, 0, 0, 0, , 0, 0, 0, 0, 0, 
84, 0, 105, -1, -1, 251, 66, 171.0, 8, , 6, 0, 0, 0, , 0, 0, 0, 0, 0, 
85, 0, 106, -1, -1, 102, 62, 173.0, 9, , 36, 0, 0, 0, , 0, 0, 0, 0, 0, 
86, 0, 108, -1, -1, 172, 56, 183.0, 7, , 12, 0, 0, 0, , 0, 0, 0, 0, 0, 
87, 0, 109, -1, -1, 227, 131, 187.0, 8, , 9, 0, 0, 0, , 0, 0, 0, 0, 0, 
88, 0, 110, -1, -1, 284, 106, 185.0, 7, , 3, 0, 0, 0, , 0, 0, 0, 0, 0, 
89, 0, 111, -1, -1, 211, 65, 196.0, 9, , 28, 0, 0, 0, , 0, 0, 0, 0, 0, 
90, 0, 112, -1, -1, 195, 113, 199.0, 7, , 8, 0, 0, 0, , 0, 0, 0, 0, 0, 
91, 0, 113, -1, -1, 97, 115, 202.0, 9, , 17, 0, 0, 0, , 0, 0, 0, 0, 0, 
92, 0, 114, -1, -1, 268, 158, 134.0, 7, , 33, 0, 0, 0, , 0, 0, 0, 0, 0, 
93, 0, 115, -1, -1, 103, 125, 149.0, 9, , 24, 0, 0, 0, , 0, 0, 0, 0, 0, 
94, 0, 116, -1, -1, 317, 96, 160.0, 9, , 6, 0, 0, 0, , 0, 0, 0, 0, 0, 
95, 0, 117, -1, -1, 200, 153, 164.0, 9, , 16, 0, 0, 0, , 0, 0, 0, 0, 0, 
96, 0, 118, -1, -1, 296, 131, 166.0, 9, , 80, 0, 0, 0, , 0, 0, 0, 0, 0, 
97, 0, 119, -1, -1, 301, 133, 172.0, 7, , 6, 0, 0, 0, , 0, 0, 0, 0, 0, 
98, 0, 120, -1, -1, 147, 85, 171.0, 8, , 6, 0, 0, 0, , 0, 0, 0, 0, 0, 
99, 0, 121, -1, -1, 281, 68, 177.0, 9, , 25, 0, 0, 0, , 0, 0, 0, 0, 0, 
100, 0, 122, -1, -1, 132, 84, 187.0, 8, , 11, 0, 0, 0, , 0, 0, 0, 0, 0, 
101, 0, 123, -1, -1, 229, 125, 192.0, 8, , 28, 0, 0, 0, , 0, 0, 0, 0, 0, 
102, 0, -1, -1, -1, 155, 139, 111.0, 7, , 11, 0, 0, 0, , 0, 0, 0, 0, 0, 
103, 0, -1, -1, -1, 269, 164, 124.0, 8, , 9, 0, 0, 0, , 0, 0, 0, 0, 0, 
104, 0, -1, -1, -1, 96, 66, 147.0, 9, , 11, 0, 0, 0, , 0, 0, 0, 0, 0, 
105, 0, -1, -1, -1, 106, 64, 178.0, 8, , 2, 0, 0, 0, , 0, 0, 0, 0, 0, 
106, 0, -1, -1, -1, 80, 125, 179.0, 8, , 5, 0, 0, 0, , 0, 0, 0, 0, 0, 
107, 0, -1, -1, -1, 132, 63, 179.0, 8, , 6, 0, 0, 0, , 0, 0, 0, 0, 0, 
108, 0, -1, -1, -1, 132, 89, 180.0, 9, , 39, 0, 0, 0, , 0, 0, 0, 0, 0, 
109, 0, -1, -1, -1, 160, 53, 181.0, 7, , 15, 0, 0, 0, , 0, 0, 0, 0, 0, 
110, 0, -1, -1, -1, 225, 120, 182.0, 9, , 27, 0, 0, 0, , 0, 0, 0, 0, 0, 
111, 0, -1, -1, -1, 83, 115, 184.0, 8, , 3, 0, 0, 0, , 0, 0, 0, 0, 0, 
112, 0, -1, -1, -1, 267, 158, 138.0, 7, , 11, 0, 0, 0, , 0, 0, 0, 0, 0, 
113, 1, 124, 110, -1, 284, 97, 126.0, 22, Eprp, 0, 0, 0, 0, , 0, 0, 0, 0, 0, 
114, 1, 125, 111, -1, 148, 57, 145.0, 17, ABpraaapp, 0, 0, 0, 0, , 0, 0, 0, 0, 0, 
115, 0, 126, -1, -1, 151, 35, 145.0, 17, , 0, 0, 0, 0, , 0, 0, 0, 0, 0, 
116, 1, 127, 113, -1, 178, 76, 196.0, 17, ABarapppp, 0, 0, 0, 0, , 0, 0, 0, 0, 0, 
117, 0, 129, -1, -1, 132, 90, 186.0, 17, , 0, 0, 0, 0, , 0, 0, 0, 0, 0, 
118, 1, 130, 114, -1, 144, 69, 196.0, 16, ABarapppa, 0, 0, 0, 0, , 0, 0, 0, 0, 0, 
119, 1, 128, 115, -1, 129, 90, 186.0, 17, ABarappaa, 0, 0, 0, 0, , 0, 0, 0, 0, 0, 
120, 1, 131, 116, -1, 165, 93, 203.0, 17, ABarappap, 0, 0, 0, 0, , 0, 0, 0, 0, 0, 
121, 1, 132, 117, -1, 98, 112, 195.0, 19, ABarapaaa, 0, 0, 0, 0, , 0, 0, 0, 0, 0, 
122, 1, 133, 118, -1, 124, 126, 198.0, 19, ABarapaap, 0, 0, 0, 0, , 0, 0, 0, 0, 0, 
123, 1, 134, 119, -1, 130, 104, 204.0, 17, ABarapapa, 0, 0, 0, 0, , 0, 0, 0, 0, 0, 
124, 1, 135, 120, -1, 159, 121, 205.0, 18, ABarapapp, 0, 0, 0, 0, , 0, 0, 0, 0, 0, 
125, 1, 136, 121, -1, 82, 131, 163.0, 18, ABaraapaa, 0, 0, 0, 0, , 0, 0, 0, 0, 0, 
126, 1, 137, 122, -1, 109, 130, 175.0, 18, ABaraapap, 0, 0, 0, 0, , 0, 0, 0, 0, 0, 
127, 1, 138, 123, -1, 127, 143, 178.0, 19, ABaraappa, 0, 0, 0, 0, , 0, 0, 0, 0, 0, 
128, 1, 139, 124, -1, 146, 127, 188.0, 19, ABaraappp, 0, 0, 0, 0, , 0, 0, 0, 0, 0, 
129, 1, 140, 125, -1, 82, 98, 176.0, 21, ABaraaapa, 0, 0, 0, 0, , 0, 0, 0, 0, 0, 
130, 1, 141, 126, -1, 107, 94, 187.0, 17, ABaraaapp, 0, 0, 0, 0, , 0, 0, 0, 0, 0, 
131, 1, 142, 127, -1, 58, 110, 168.0, 17, ABaraaaaa, 0, 0, 0, 0, , 0, 0, 0, 0, 0, 
132, 1, 143, 128, -1, 81, 123, 187.0, 18, ABaraaaap, 0, 0, 0, 0, , 0, 0, 0, 0, 0, 
133, 1, 144, 129, -1, 65, 147, 152.0, 17, ABalpaaap, 0, 0, 0, 0, , 0, 0, 0, 0, 0, 
134, 1, 145, 130, -1, 54, 127, 159.0, 17, ABalpaaaa, 0, 0, 0, 0, , 0, 0, 0, 0, 0, 
135, 1, 146, 131, -1, 58, 131, 126.0, 21, ABalpaapa, 0, 0, 0, 0, , 0, 0, 0, 0, 0, 
136, 1, 147, 132, -1, 89, 145, 125.0, 18, ABalpaapp, 0, 0, 0, 0, , 0, 0, 0, 0, 0, 
137, 1, 148, 133, -1, 106, 157, 169.0, 19, ABalpappa, 0, 0, 0, 0, , 0, 0, 0, 0, 0, 
138, 1, 149, 134, -1, 137, 164, 164.0, 19, ABalpappp, 0, 0, 0, 0, , 0, 0, 0, 0, 0, 
139, 1, 150, 135, -1, 71, 134, 99.0, 19, ABalppaaa, 0, 0, 0, 0, , 0, 0, 0, 0, 0, 
140, 1, 151, 136, -1, 70, 157, 97.0, 17, ABalppaap, 0, 0, 0, 0, , 0, 0, 0, 0, 0, 
141, 1, 152, 137, -1, 102, 162, 117.0, 19, ABalppapa, 0, 0, 0, 0, , 0, 0, 0, 0, 0, 
142, 1, 153, 138, -1, 131, 160, 132.0, 19, ABalppapp, 0, 0, 0, 0, , 0, 0, 0, 0, 0, 
143, 1, 154, 139, -1, 69, 158, 132.0, 17, ABalpapaa, 0, 0, 0, 0, , 0, 0, 0, 0, 0, 
144, 1, 155, 140, -1, 94, 160, 149.0, 19, ABalpapap, 0, 0, 0, 0, , 0, 0, 0, 0, 0, 
145, 1, 156, 141, -1, 88, 117, 108.0, 19, ABalpppaa, 0, 0, 0, 0, , 0, 0, 0, 0, 0, 
146, 1, 157, 142, -1, 103, 140, 85.0, 17, ABalpppap, 0, 0, 0, 0, , 0, 0, 0, 0, 0, 
147, 1, 158, 143, -1, 149, 128, 84.0, 16, ABalppppp, 0, 0, 0, 0, , 0, 0, 0, 0, 0, 
148, 1, 159, 144, -1, 116, 124, 83.0, 17, ABalppppa, 0, 0, 0, 0, , 0, 0, 0, 0, 0, 
149, 1, 160, 145, -1, 49, 92, 131.0, 18, ABalaaapa, 0, 0, 0, 0, , 0, 0, 0, 0, 0, 
150, 1, 161, 146, -1, 77, 77, 138.0, 18, ABalaaapp, 0, 0, 0, 0, , 0, 0, 0, 0, 0, 
151, 1, 162, 147, -1, 59, 89, 157.0, 17, ABalaapaa, 0, 0, 0, 0, , 0, 0, 0, 0, 0, 
152, 1, 163, 148, -1, 88, 75, 164.0, 15, ABalaapap, 0, 0, 0, 0, , 0, 0, 0, 0, 0, 
153, 1, 164, 149, -1, 46, 108, 151.0, 19, ABalaaaar, 0, 0, 0, 0, , 0, 0, 0, 0, 0, 
154, 1, 165, 150, -1, 53, 110, 109.0, 17, ABalaaaal, 0, 0, 0, 0, , 0, 0, 0, 0, 0, 
155, 1, 166, 151, -1, 110, 66, 135.0, 16, ABalaappp, 0, 0, 0, 0, , 0, 0, 0, 0, 0, 
156, 1, 167, 152, -1, 91, 62, 149.0, 17, ABalaappa, 0, 0, 0, 0, , 0, 0, 0, 0, 0, 
157, 1, 168, 153, -1, 76, 104, 91.0, 19, ABalapaap, 0, 0, 0, 0, , 0, 0, 0, 0, 0, 
158, 1, 169, 154, -1, 75, 93, 115.0, 19, ABalapaaa, 0, 0, 0, 0, , 0, 0, 0, 0, 0, 
159, 1, 170, 155, -1, 92, 89, 84.0, 19, ABalapapa, 0, 0, 0, 0, , 0, 0, 0, 0, 0, 
160, 1, 171, 156, -1, 116, 91, 90.0, 18, ABalapapp, 0, 0, 0, 0, , 0, 0, 0, 0, 0, 
161, 1, 172, 157, -1, 78, 67, 116.0, 17, ABalappaa, 0, 0, 0, 0, , 0, 0, 0, 0, 0, 
162, 1, 173, 158, -1, 103, 77, 109.0, 16, ABalappap, 0, 0, 0, 0, , 0, 0, 0, 0, 0, 
163, 1, 174, 159, -1, 121, 66, 118.0, 18, ABalapppa, 0, 0, 0, 0, , 0, 0, 0, 0, 0, 
164, 1, 175, 160, -1, 151, 66, 106.0, 18, ABalapppp, 0, 0, 0, 0, , 0, 0, 0, 0, 0, 
165, 1, 176, 161, -1, 98, 66, 179.0, 16, ABpraaaaa, 0, 0, 0, 0, , 0, 0, 0, 0, 0, 
166, 1, 177, 162, -1, 123, 69, 166.0, 17, ABpraaaap, 0, 0, 0, 0, , 0, 0, 0, 0, 0, 
167, 1, 178, 163, -1, 222, 51, 160.0, 16, ABpraappp, 0, 0, 0, 0, , 0, 0, 0, 0, 0, 
168, 1, 179, 164, -1, 180, 49, 159.8, 14, ABpraappa, 0, 0, 0, 0, , 0, 0, 0, 0, 0, 
169, 1, 180, 165, -1, 252, 47, 159.5, 15, ABprappaa, 0, 0, 0, 0, , 0, 0, 0, 0, 0, 
170, 1, 181, 166, -1, 290, 61, 143.6, 17, ABprappap, 0, 0, 0, 0, , 0, 0, 0, 0, 0, 
171, 1, 182, 167, -1, 311, 73, 136.0, 19, ABprapppa, 0, 0, 0, 0, , 0, 0, 0, 0, 0, 
172, 1, 183, 168, -1, 204, 32, 134.0, 17, ABprapaaa, 0, 0, 0, 0, , 0, 0, 0, 0, 0, 
173, 1, 184, 169, -1, 232, 39, 124.0, 17, ABprapaap, 0, 0, 0, 0, , 0, 0, 0, 0, 0, 
174, 1, 185, 170, -1, 251, 45, 133.0, 17, ABprapapa, 0, 0, 0, 0, , 0, 0, 0, 0, 0, 
175, 1, 186, 171, -1, 281, 62, 118.0, 15, ABprapapp, 0, 0, 0, 0, , 0, 0, 0, 0, 0, 
176, 1, 187, 172, -1, 172, 171, 111.333336, 15, ABplppaaa, 0, 0, 0, 0, , 0, 0, 0, 0, 0, 
177, 1, 188, 173, -1, 200, 175, 112.0, 17, ABplppaap, 0, 0, 0, 0, , 0, 0, 0, 0, 0, 
178, 1, 189, 174, -1, 201, 157, 95.0, 14, ABplppapa, 0, 0, 0, 0, , 0, 0, 0, 0, 0, 
179, 1, 190, 175, -1, 232, 154, 110.333336, 15, ABplppapp, 0, 0, 0, 0, , 0, 0, 0, 0, 0, 
180, 1, 191, 176, -1, 219, 174, 98.6, 15, ABplpppaa, 0, 0, 0, 0, , 0, 0, 0, 0, 0, 
181, 1, 192, 177, -1, 244, 170, 107.0, 17, ABplpppap, 0, 0, 0, 0, , 0, 0, 0, 0, 0, 
182, 1, 193, 178, -1, 218, 171, 129.0, 14, ABplppppa, 0, 0, 0, 0, , 0, 0, 0, 0, 0, 
183, 1, 194, 179, -1, 242, 177, 148.0, 15, ABplppppp, 0, 0, 0, 0, , 0, 0, 0, 0, 0, 
184, 1, 195, 180, -1, 149, 174, 120.25, 16, ABplpapap, 0, 0, 0, 0, , 0, 0, 0, 0, 0, 
185, 1, 196, 181, -1, 96, 159, 90.0, 17, ABplpaaaa, 0, 0, 0, 0, , 0, 0, 0, 0, 0, 
186, 1, 197, 182, -1, 125, 165, 90.0, 17, ABplpaaap, 0, 0, 0, 0, , 0, 0, 0, 0, 0, 
187, 1, 198, 183, -1, 139, 164, 78.0, 19, ABplpaapa, 0, 0, 0, 0, , 0, 0, 0, 0, 0, 
188, 1, 199, 184, -1, 173, 172, 92.0, 19, ABplpaapp, 0, 0, 0, 0, , 0, 0, 0, 0, 0, 
189, 1, 200, 185, -1, 126, 177, 118.0, 15, ABplpapaa, 0, 0, 0, 0, , 0, 0, 0, 0, 0, 
190, 1, 201, 186, -1, 166, 176, 142.0, 17, ABplpappa, 0, 0, 0, 0, , 0, 0, 0, 0, 0, 
191, 1, 202, 187, -1, 201, 173, 142.0, 17, ABplpappp, 0, 0, 0, 0, , 0, 0, 0, 0, 0, 
192, 1, 203, 188, -1, 183, 33, 142.0, 14, ABpraapap, 0, 0, 0, 0, , 0, 0, 0, 0, 0, 
193, 1, 204, 189, -1, 129, 58, 183.57143, 16, ABprpaaaa, 0, 0, 0, 0, , 0, 0, 0, 0, 0, 
194, 1, 205, 190, -1, 157, 49, 176.0, 17, ABprpaaap, 0, 0, 0, 0, , 0, 0, 0, 0, 0, 
195, 1, 206, 191, -1, 175, 52, 186.0, 15, ABprpaapa, 0, 0, 0, 0, , 0, 0, 0, 0, 0, 
196, 1, 207, 192, -1, 200, 59, 178.5, 15, ABprpaapp, 0, 0, 0, 0, , 0, 0, 0, 0, 0, 
197, 1, 208, 193, -1, 191, 111, 202.8, 17, ABprpapaa, 0, 0, 0, 0, , 0, 0, 0, 0, 0, 
198, 1, 209, 194, -1, 201, 87, 200.0, 17, ABprpapap, 0, 0, 0, 0, , 0, 0, 0, 0, 0, 
199, 1, 210, 195, -1, 220, 97, 205.0, 17, ABprpappa, 0, 0, 0, 0, , 0, 0, 0, 0, 0, 
200, 1, 211, 196, -1, 242, 95, 197.0, 16, ABprpappp, 0, 0, 0, 0, , 0, 0, 0, 0, 0, 
201, 1, 212, 197, -1, 217, 64, 190.0, 14, ABprppaaa, 0, 0, 0, 0, , 0, 0, 0, 0, 0, 
202, 1, 213, 198, -1, 243, 69, 195.0, 17, ABprppaap, 0, 0, 0, 0, , 0, 0, 0, 0, 0, 
203, 1, 214, 199, -1, 245, 68, 176.0, 16, ABprppapa, 0, 0, 0, 0, , 0, 0, 0, 0, 0, 
204, 1, 215, 200, -1, 270, 77, 160.0, 14, ABprppapp, 0, 0, 0, 0, , 0, 0, 0, 0, 0, 
205, 1, 216, 201, -1, 276, 67, 177.83333, 17, ABprpppaa, 0, 0, 0, 0, , 0, 0, 0, 0, 0, 
206, 1, 217, 202, -1, 300, 82, 171.0, 14, ABprpppap, 0, 0, 0, 0, , 0, 0, 0, 0, 0, 
207, 1, 218, 203, -1, 263, 85, 189.42857, 16, ABprppppa, 0, 0, 0, 0, , 0, 0, 0, 0, 0, 
208, 1, 219, 204, -1, 291, 108, 188.0, 17, ABprppppp, 0, 0, 0, 0, , 0, 0, 0, 0, 0, 
209, 1, 221, 216, -1, 140, 123, 141.0, 15, MSaaapp, 0, 0, 0, 0, , 0, 0, 0, 0, 0, 
210, 1, 222, 205, -1, 199, 150, 167.0, 16, MSaapp, 0, 0, 0, 0, , 0, 0, 0, 0, 0, 
211, 1, 223, 206, -1, 120, 136, 115.0, 16, MSapaa, 0, 0, 0, 0, , 0, 0, 0, 0, 0, 
212, 1, 224, 207, -1, 154, 142, 110.0, 16, MSapap, 0, 0, 0, 0, , 0, 0, 0, 0, 0, 
213, 1, 225, 208, -1, 176, 148, 136.2, 20, MSappa, 0, 0, 0, 0, , 0, 0, 0, 0, 0, 
214, 1, 226, 209, -1, 191, 142, 116.0, 16, MSappp, 0, 0, 0, 0, , 0, 0, 0, 0, 0, 
215, 1, 227, 210, -1, 149, 78, 167.0, 16, MSppaa, 0, 0, 0, 0, , 0, 0, 0, 0, 0, 
216, 1, 228, 287, -1, 175, 81, 160.0, 14, MSppapa, 0, 0, 0, 0, , 0, 0, 0, 0, 0, 
217, 1, 228, 211, -1, 184, 85, 157.0, 15, MSppapp, 0, 0, 0, 0, , 0, 0, 0, 0, 0, 
218, 1, 229, 212, -1, 182, 104, 177.0, 16, MSpppa, 0, 0, 0, 0, , 0, 0, 0, 0, 0, 
219, 1, 230, 213, -1, 214, 86, 170.0, 16, MSpppp, 0, 0, 0, 0, , 0, 0, 0, 0, 0, 
220, 1, 231, 214, -1, 74, 105, 141.6, 17, MSaaaaa, 0, 0, 0, 0, , 0, 0, 0, 0, 0, 
221, 1, 232, 215, -1, 109, 97, 126.333336, 17, MSaaaap, 0, 0, 0, 0, , 0, 0, 0, 0, 0, 
222, 1, 220, 217, -1, 105, 120, 146.66667, 15, MSaaapa, 0, 0, 0, 0, , 0, 0, 0, 0, 0, 
223, 1, 233, 218, -1, 177, 162, 155.0, 16, MSaapap, 0, 0, 0, 0, , 0, 0, 0, 0, 0, 
224, 1, 234, 219, -1, 143, 143, 155.0, 18, MSaapaa, 0, 0, 0, 0, , 0, 0, 0, 0, 0, 
225, 1, 235, 220, 221, 157, 115, 159.0, 15, MSpaap, 0, 0, 0, 0, , 0, 0, 0, 0, 0, 
226, 1, 236, 222, -1, 226, 126, 186.0, 16, MSpapp, 0, 0, 0, 0, , 0, 0, 0, 0, 0, 
227, 1, 237, 223, -1, 142, 105, 107.0, 21, Eala, 0, 0, 0, 0, , 0, 0, 0, 0, 0, 
228, 1, 238, 224, 225, 271, 165, 136.0, 17, Capa, 0, 0, 0, 0, , 0, 0, 0, 0, 0, 
229, 1, 239, 226, -1, 299, 128, 166.0, 17, Cppa, 0, 0, 0, 0, , 0, 0, 0, 0, 0, 
230, 1, 240, 227, -1, 230, 73, 144.0, 19, Epra, 0, 0, 0, 0, , 0, 0, 0, 0, 0, 
231, 1, 241, 228, -1, 183, 115, 108.0, 19, Ealp, 0, 0, 0, 0, , 0, 0, 0, 0, 0, 
232, 1, 242, 229, -1, 157, 83, 128.0, 19, Eara, 0, 0, 0, 0, , 0, 0, 0, 0, 0, 
233, 1, 243, 230, -1, 197, 89, 136.0, 21, Earp, 0, 0, 0, 0, , 0, 0, 0, 0, 0, 
234, 1, 244, 231, -1, 214, 108, 114.0, 18, Epla, 0, 0, 0, 0, , 0, 0, 0, 0, 0, 
235, 1, 245, 232, -1, 255, 109, 129.0, 19, Eplp, 0, 0, 0, 0, , 0, 0, 0, 0, 0, 
236, 1, 246, 233, -1, 249, 105, 70.0, 19, Caaaa, 0, 0, 0, 0, , 0, 0, 0, 0, 0, 
237, 1, 247, 234, -1, 283, 127, 84.0, 17, Caaap, 0, 0, 0, 0, , 0, 0, 0, 0, 0, 
238, 1, 248, 235, -1, 307, 111, 81.0, 15, Caapa, 0, 0, 0, 0, , 0, 0, 0, 0, 0, 
239, 1, 249, 236, -1, 304, 141, 101.0, 17, Caapp, 0, 0, 0, 0, , 0, 0, 0, 0, 0, 
240, 1, 250, 237, -1, 274, 139, 108.0, 17, Cappa, 0, 0, 0, 0, , 0, 0, 0, 0, 0, 
241, 1, 251, 238, -1, 297, 161, 126.0, 17, Cappp, 0, 0, 0, 0, , 0, 0, 0, 0, 0, 
242, 1, 252, 239, -1, 224, 66, 92.0, 17, Cpaaa, 0, 0, 0, 0, , 0, 0, 0, 0, 0, 
243, 1, 253, 240, -1, 285, 93, 94.0, 17, Cpaap, 0, 0, 0, 0, , 0, 0, 0, 0, 0, 
244, 1, 254, 241, -1, 309, 93, 107.0, 17, Cpapa, 0, 0, 0, 0, , 0, 0, 0, 0, 0, 
245, 1, 255, 242, -1, 328, 133, 119.0, 15, Cpapp, 0, 0, 0, 0, , 0, 0, 0, 0, 0, 
246, 1, 256, 243, -1, 315, 112, 133.0, 17, Cpppa, 0, 0, 0, 0, , 0, 0, 0, 0, 0, 
247, 1, 257, 244, -1, 315, 149, 138.0, 17, Cpppp, 0, 0, 0, 0, , 0, 0, 0, 0, 0, 
248, 1, 258, 245, -1, 229, 149, 145.0, 16, Daa, 0, 0, 0, 0, , 0, 0, 0, 0, 0, 
249, 1, 259, 246, -1, 256, 140, 153.0, 16, Dap, 0, 0, 0, 0, , 0, 0, 0, 0, 0, 
250, 1, 260, 247, -1, 252, 112, 172.0, 16, Dpa, 0, 0, 0, 0, , 0, 0, 0, 0, 0, 
251, 1, 261, 248, -1, 280, 120, 149.0, 16, Dpp, 0, 0, 0, 0, , 0, 0, 0, 0, 0, 
252, 1, 262, 249, -1, 230, 111, 157.0, 18, Z2, 0, 0, 0, 0, , 0, 0, 0, 0, 0, 
253, 1, 263, 250, -1, 198, 132, 143.0, 16, Z3, 0, 0, 0, 0, , 0, 0, 0, 0, 0, 
254, 1, 264, 251, -1, 83, 72, 86.0, 16, ABarpaaaa, 0, 0, 0, 0, , 0, 0, 0, 0, 0, 
255, 1, 265, 252, -1, 114, 56, 87.0, 16, ABarpaaap, 0, 0, 0, 0, , 0, 0, 0, 0, 0, 
256, 1, 266, 253, -1, 136, 62, 81.0, 19, ABarpaapa, 0, 0, 0, 0, , 0, 0, 0, 0, 0, 
257, 1, 267, 254, -1, 179, 58, 88.0, 18, ABarpaapp, 0, 0, 0, 0, , 0, 0, 0, 0, 0, 
258, 1, 268, 255, -1, 96, 53, 106.0, 15, ABarpapaa, 0, 0, 0, 0, , 0, 0, 0, 0, 0, 
259, 1, 269, 256, -1, 125, 42, 114.0, 15, ABarpapap, 0, 0, 0, 0, , 0, 0, 0, 0, 0, 
260, 1, 270, 257, -1, 147, 37, 123.0, 14, ABarpappa, 0, 0, 0, 0, , 0, 0, 0, 0, 0, 
261, 1, 271, 258, -1, 176, 48, 118.0, 17, ABarpappp, 0, 0, 0, 0, , 0, 0, 0, 0, 0, 
262, 1, 272, 259, -1, 197, 77, 78.0, 16, ABarppaap, 0, 0, 0, 0, , 0, 0, 0, 0, 0, 
263, 1, 273, 260, -1, 168, 75, 65.0, 17, ABarppaaa, 0, 0, 0, 0, , 0, 0, 0, 0, 0, 
264, 1, 274, 261, -1, 206, 99, 80.0, 19, ABarppapa, 0, 0, 0, 0, , 0, 0, 0, 0, 0, 
265, 1, 275, 262, -1, 232, 109, 86.0, 19, ABarppapp, 0, 0, 0, 0, , 0, 0, 0, 0, 0, 
266, 1, 276, 263, -1, 192, 46, 109.0, 16, ABarpppaa, 0, 0, 0, 0, , 0, 0, 0, 0, 0, 
267, 1, 277, 264, -1, 218, 53, 117.0, 17, ABarpppap, 0, 0, 0, 0, , 0, 0, 0, 0, 0, 
268, 1, 278, 265, -1, 238, 59, 113.0, 18, ABarppppa, 0, 0, 0, 0, , 0, 0, 0, 0, 0, 
269, 1, 279, 266, -1, 264, 85, 110.0, 18, ABarppppp, 0, 0, 0, 0, , 0, 0, 0, 0, 0, 
270, 1, 280, 267, -1, 87, 109, 64.0, 17, ABplaaaaa, 0, 0, 0, 0, , 0, 0, 0, 0, 0, 
271, 1, 281, 268, -1, 112, 91, 61.0, 17, ABplaaaap, 0, 0, 0, 0, , 0, 0, 0, 0, 0, 
272, 1, 282, 269, -1, 133, 86, 58.0, 17, ABplaaapa, 0, 0, 0, 0, , 0, 0, 0, 0, 0, 
273, 1, 283, 270, -1, 158, 94, 71.0, 17, ABplaaapp, 0, 0, 0, 0, , 0, 0, 0, 0, 0, 
274, 1, 284, 271, -1, 97, 129, 60.0, 17, ABplaapaa, 0, 0, 0, 0, , 0, 0, 0, 0, 0, 
275, 1, 285, 272, -1, 131, 126, 59.0, 17, ABplaapap, 0, 0, 0, 0, , 0, 0, 0, 0, 0, 
276, 1, 286, 273, -1, 173, 137, 67.0, 17, ABplaappp, 0, 0, 0, 0, , 0, 0, 0, 0, 0, 
277, 1, 287, 274, -1, 152, 143, 59.0, 17, ABplaappa, 0, 0, 0, 0, , 0, 0, 0, 0, 0, 
278, 1, 288, 275, -1, 160, 118, 53.0, 17, ABplapaaa, 0, 0, 0, 0, , 0, 0, 0, 0, 0, 
279, 1, 289, 276, -1, 189, 107, 59.0, 17, ABplapaap, 0, 0, 0, 0, , 0, 0, 0, 0, 0, 
280, 1, 290, 277, -1, 208, 118, 70.0, 16, ABplapapa, 0, 0, 0, 0, , 0, 0, 0, 0, 0, 
281, 1, 291, 278, -1, 246, 138, 75.0, 17, ABplapapp, 0, 0, 0, 0, , 0, 0, 0, 0, 0, 
282, 1, 292, 279, -1, 200, 140, 69.0, 19, ABplappaa, 0, 0, 0, 0, , 0, 0, 0, 0, 0, 
283, 1, 293, 280, -1, 232, 154, 79.0, 19, ABplappap, 0, 0, 0, 0, , 0, 0, 0, 0, 0, 
284, 1, 294, 281, -1, 247, 153, 90.0, 17, ABplapppa, 0, 0, 0, 0, , 0, 0, 0, 0, 0, 
285, 1, 295, 282, -1, 271, 166, 100.0, 17, ABplapppp, 0, 0, 0, 0, , 0, 0, 0, 0, 0, 
286, 1, 296, 283, -1, 210, 127, 172.0, 16, MSpapap, 0, 0, 0, 0, , 0, 0, 0, 0, 0, 
287, 1, 297, 284, -1, 105, 92, 162.0, 15, MSpaaaa, 0, 0, 0, 0, , 0, 0, 0, 0, 0, 
288, 1, 298, 285, -1, 143, 90, 144.0, 15, MSpaaap, 0, 0, 0, 0, , 0, 0, 0, 0, 0, 
289, 1, 299, 286, -1, 169, 130, 180.0, 16, MSpapaa, 0, 0, 0, 0, , 0, 0, 0, 0, 0, 
290, 1, 300, 288, -1, 115, 50, 153.0, 17, ABpraaapa, 0, 0, 0, 0, , 0, 0, 0, 0, 0, 
291, 1, 301, 289, -1, 152, 34, 143.0, 14, ABpraapaa, 0, 0, 0, 0, , 0, 0, 0, 0, 0, 
292, 1, 302, 290, -1, 313, 96, 152.0, 21, ABprapppp, 0, 0, 0, 0, , 0, 0, 0, 0, 0, 
