1, 0, 1, -1, -1, 49, 113, 80.0, 9, , 120, 0, 0, 0, , 0, 0, 0, 0, 0, 
2, 0, 2, -1, -1, 150, 48, 172.0, 8, , 26, 0, 0, 0, , 0, 0, 0, 0, 0, 
3, 0, 3, -1, -1, 171, 54, 174.0, 9, , 15, 0, 0, 0, , 0, 0, 0, 0, 0, 
4, 0, 4, -1, -1, 89, 82, 158.0, 9, , 9, 0, 0, 0, , 0, 0, 0, 0, 0, 
5, 0, 5, -1, -1, 235, 73, 192.0, 7, , 12, 0, 0, 0, , 0, 0, 0, 0, 0, 
6, 0, 6, -1, -1, 46, 111, 85.0, 9, , 156, 0, 0, 0, , 0, 0, 0, 0, 0, 
7, 0, 7, -1, -1, 93, 63, 154.0, 7, , 13, 0, 0, 0, , 0, 0, 0, 0, 0, 
8, 0, 8, -1, -1, 87, 83, 163.0, 7, , 5, 0, 0, 0, , 0, 0, 0, 0, 0, 
9, 0, 9, -1, -1, 54, 95, 160.0, 8, , 23, 0, 0, 0, , 0, 0, 0, 0, 0, 
10, 0, 10, -1, -1, 207, 32, 131.0, 7, , 8, 0, 0, 0, , 0, 0, 0, 0, 0, 
11, 0, 11, -1, -1, 233, 38, 125.0, 9, , 22, 0, 0, 0, , 0, 0, 0, 0, 0, 
12, 0, 12, -1, -1, 101, 67, 176.0, 7, , 14, 0, 0, 0, , 0, 0, 0, 0, 0, 
13, 0, 13, -1, -1, 98, 66, 181.0, 9, , 59, 0, 0, 0, , 0, 0, 0, 0, 0, 
14, 0, 14, -1, -1, 98, 111, 193.0, 9, , 22, 0, 0, 0, , 0, 0, 0, 0, 0, 
15, 0, 15, -1, -1, 196, 84, 200.0, 9, , 6, 0, 0, 0, , 0, 0, 0, 0, 0, 
16, 0, 16, -1, -1, 61, 128, 160.0, 7, , 10, 0, 0, 0, , 0, 0, 0, 0, 0, 
17, 0, 17, -1, -1, 87, 123, 189.0, 8, , 4, 0, 0, 0, , 0, 0, 0, 0, 0, 
18, 0, 18, -1, -1, 187, 101, 202.0, 8, , 28, 0, 0, 0, , 0, 0, 0, 0, 0, 
19, 0, 19, -1, -1, 48, 111, 88.0, 11, , 67, 0, 0, 0, , 0, 0, 0, 0, 0, 
20, 0, 20, -1, -1, 143, 36, 142.0, 7, , 17, 0, 0, 0, , 0, 0, 0, 0, 0, 
21, 0, 21, -1, -1, 66, 150, 146.0, 8, , 4, 0, 0, 0, , 0, 0, 0, 0, 0, 
22, 0, 22, -1, -1, 174, 51, 179.0, 8, , 17, 0, 0, 0, , 0, 0, 0, 0, 0, 
23, 0, 23, -1, -1, 196, 84, 195.0, 7, , 4, 0, 0, 0, , 0, 0, 0, 0, 0, 
24, 0, 24, -1, -1, 146, 67, 196.0, 7, , 26, 0, 0, 0, , 0, 0, 0, 0, 0, 
25, 0, 25, -1, -1, 167, 110, 155.0, 7, , 18, 0, 0, 0, , 0, 0, 0, 0, 0, 
26, 0, 26, -1, -1, 84, 61, 147.0, 9, , 51, 0, 0, 0, , 0, 0, 0, 0, 0, 
27, 0, 27, -1, -1, 296, 128, 163.0, 8, , 32, 0, 0, 0, , 0, 0, 0, 0, 0, 
28, 0, 28, -1, -1, 211, 61, 188.0, 7, , 16, 0, 0, 0, , 0, 0, 0, 0, 0, 
29, 0, 29, -1, -1, 147, 74, 201.0, 7, , 3, 0, 0, 0, , 0, 0, 0, 0, 0, 
30, 0, 30, -1, -1, 86, 77, 170.0, 7, , 9, 0, 0, 0, , 0, 0, 0, 0, 0, 
31, 0, 31, -1, -1, 77, 124, 187.0, 9, , 44, 0, 0, 0, , 0, 0, 0, 0, 0, 
32, 0, 33, -1, -1, 198, 61, 177.0, 8, , 33, 0, 0, 0, , 0, 0, 0, 0, 0, 
33, 0, 34, -1, -1, 79, 77, 131.0, 9, , 5, 0, 0, 0, , 0, 0, 0, 0, 0, 
34, 0, 35, -1, -1, 199, 34, 138.0, 9, , 14, 0, 0, 0, , 0, 0, 0, 0, 0, 
35, 0, 36, -1, -1, 88, 69, 175.0, 8, , 3, 0, 0, 0, , 0, 0, 0, 0, 0, 
36, 0, 38, -1, -1, 243, 75, 195.0, 8, , 5, 0, 0, 0, , 0, 0, 0, 0, 0, 
37, 0, 39, -1, -1, 193, 105, 201.0, 8, , 10, 0, 0, 0, , 0, 0, 0, 0, 0, 
38, 0, 40, -1, -1, 113, 43, 155.0, 7, , 20, 0, 0, 0, , 0, 0, 0, 0, 0, 
39, 0, 41, -1, -1, 252, 45, 147.0, 9, , 37, 0, 0, 0, , 0, 0, 0, 0, 0, 
40, 0, 42, -1, -1, 68, 155, 157.0, 9, , 22, 0, 0, 0, , 0, 0, 0, 0, 0, 
41, 0, 43, -1, -1, 60, 90, 151.0, 7, , 12, 0, 0, 0, , 0, 0, 0, 0, 0, 
42, 0, 44, -1, -1, 44, 111, 156.0, 9, , 34, 0, 0, 0, , 0, 0, 0, 0, 0, 
43, 0, 45, -1, -1, 100, 111, 200.0, 11, , 72, 0, 0, 0, , 0, 0, 0, 0, 0, 
44, 0, 46, -1, -1, 117, 93, 191.0, 7, , 25, 0, 0, 0, , 0, 0, 0, 0, 0, 
45, 0, 47, -1, -1, 235, 105, 150.0, 8, , 14, 0, 0, 0, , 0, 0, 0, 0, 0, 
46, 0, 48, -1, -1, 239, 69, 180.0, 9, , 13, 0, 0, 0, , 0, 0, 0, 0, 0, 
47, 0, 49, -1, -1, 129, 90, 185.0, 7, , 17, 0, 0, 0, , 0, 0, 0, 0, 0, 
48, 0, 50, -1, -1, 153, 51, 181.0, 9, , 38, 0, 0, 0, , 0, 0, 0, 0, 0, 
49, 0, 52, -1, -1, 131, 97, 192.0, 8, , 11, 0, 0, 0, , 0, 0, 0, 0, 0, 
50, 0, 53, -1, -1, 143, 122, 136.0, 9, , 23, 0, 0, 0, , 0, 0, 0, 0, 0, 
51, 0, 55, -1, -1, 168, 73, 162.0, 8, , 6, 0, 0, 0, , 0, 0, 0, 0, 0, 
52, 0, 56, -1, -1, 246, 72, 198.0, 7, , 13, 0, 0, 0, , 0, 0, 0, 0, 0, 
53, 0, 57, -1, -1, 132, 113, 202.0, 9, , 7, 0, 0, 0, , 0, 0, 0, 0, 0, 
54, 0, 58, -1, -1, 223, 74, 116.0, 8, , 11, 0, 0, 0, , 0, 0, 0, 0, 0, 
55, 0, 59, -1, -1, 204, 145, 161.0, 9, , 17, 0, 0, 0, , 0, 0, 0, 0, 0, 
56, 0, 61, -1, -1, 205, 85, 200.0, 7, , 12, 0, 0, 0, , 0, 0, 0, 0, 0, 
57, 0, 62, -1, -1, 110, 60, 80.0, 9, , 8, 0, 0, 0, , 0, 0, 0, 0, 0, 
58, 0, 65, -1, -1, 165, 115, 162.0, 9, , 56, 0, 0, 0, , 0, 0, 0, 0, 0, 
59, 0, 67, -1, -1, 292, 119, 169.0, 8, , 11, 0, 0, 0, , 0, 0, 0, 0, 0, 
60, 0, 68, -1, -1, 220, 126, 183.0, 9, , 14, 0, 0, 0, , 0, 0, 0, 0, 0, 
61, 0, 69, -1, -1, 183, 108, 208.0, 7, , 4, 0, 0, 0, , 0, 0, 0, 0, 0, 
62, 0, 70, -1, -1, 49, 106, 112.0, 9, , 4, 0, 0, 0, , 0, 0, 0, 0, 0, 
63, 0, 72, -1, -1, 263, 166, 128.0, 8, , 11, 0, 0, 0, , 0, 0, 0, 0, 0, 
64, 0, 73, -1, -1, 102, 62, 137.0, 11, , 12, 0, 0, 0, , 0, 0, 0, 0, 0, 
65, 0, 74, -1, -1, 92, 64, 144.0, 9, , 30, 0, 0, 0, , 0, 0, 0, 0, 0, 
66, 0, 77, -1, -1, 166, 115, 155.0, 8, , 20, 0, 0, 0, , 0, 0, 0, 0, 0, 
67, 0, 78, -1, -1, 298, 123, 160.0, 9, , 103, 0, 0, 0, , 0, 0, 0, 0, 0, 
68, 0, 79, -1, -1, 166, 78, 164.0, 9, , 86, 0, 0, 0, , 0, 0, 0, 0, 0, 
69, 0, 80, -1, -1, 142, 110, 160.0, 9, , 67, 0, 0, 0, , 0, 0, 0, 0, 0, 
70, 0, 82, -1, -1, 206, 152, 168.0, 9, , 38, 0, 0, 0, , 0, 0, 0, 0, 0, 
71, 0, 83, -1, -1, 147, 83, 173.0, 8, , 81, 0, 0, 0, , 0, 0, 0, 0, 0, 
72, 0, 84, -1, -1, 245, 70, 168.0, 7, , 4, 0, 0, 0, , 0, 0, 0, 0, 0, 
73, 0, 85, -1, -1, 96, 63, 175.0, 9, , 62, 0, 0, 0, , 0, 0, 0, 0, 0, 
74, 0, 86, -1, -1, 175, 58, 183.0, 7, , 7, 0, 0, 0, , 0, 0, 0, 0, 0, 
75, 0, 87, -1, -1, 227, 117, 189.0, 7, , 11, 0, 0, 0, , 0, 0, 0, 0, 0, 
76, 0, 88, -1, -1, 284, 108, 190.0, 7, , 9, 0, 0, 0, , 0, 0, 0, 0, 0, 
77, 0, 89, -1, -1, 210, 66, 194.0, 8, , 15, 0, 0, 0, , 0, 0, 0, 0, 0, 
78, 0, 90, -1, -1, 190, 111, 198.0, 7, , 5, 0, 0, 0, , 0, 0, 0, 0, 0, 
79, 0, 91, -1, -1, 98, 115, 202.0, 9, , 17, 0, 0, 0, , 0, 0, 0, 0, 0, 
80, 0, 92, -1, -1, 262, 162, 134.0, 9, , 42, 0, 0, 0, , 0, 0, 0, 0, 0, 
81, 0, 93, -1, -1, 104, 124, 146.0, 8, , 8, 0, 0, 0, , 0, 0, 0, 0, 0, 
82, 0, 94, -1, -1, 314, 95, 161.0, 9, , 7, 0, 0, 0, , 0, 0, 0, 0, 0, 
83, 0, 95, -1, -1, 204, 144, 166.0, 7, , 12, 0, 0, 0, , 0, 0, 0, 0, 0, 
84, 0, 96, -1, -1, 298, 128, 167.0, 9, , 70, 0, 0, 0, , 0, 0, 0, 0, 0, 
85, 0, 97, -1, -1, 299, 128, 171.0, 7, , 14, 0, 0, 0, , 0, 0, 0, 0, 0, 
86, 0, 98, -1, -1, 144, 75, 175.0, 8, , 41, 0, 0, 0, , 0, 0, 0, 0, 0, 
87, 0, 99, -1, -1, 276, 71, 177.0, 9, , 14, 0, 0, 0, , 0, 0, 0, 0, 0, 
88, 0, 100, -1, -1, 130, 90, 191.0, 11, , 12, 0, 0, 0, , 0, 0, 0, 0, 0, 
89, 0, 101, -1, -1, 229, 124, 194.0, 8, , 14, 0, 0, 0, , 0, 0, 0, 0, 0, 
90, 0, 102, -1, -1, 153, 137, 109.0, 8, , 6, 0, 0, 0, , 0, 0, 0, 0, 0, 
91, 0, 104, -1, -1, 92, 60, 149.0, 7, , 19, 0, 0, 0, , 0, 0, 0, 0, 0, 
92, 0, 106, -1, -1, 86, 118, 179.0, 8, , 8, 0, 0, 0, , 0, 0, 0, 0, 0, 
93, 0, 107, -1, -1, 131, 60, 181.0, 8, , 32, 0, 0, 0, , 0, 0, 0, 0, 0, 
94, 0, 109, -1, -1, 154, 48, 177.0, 9, , 13, 0, 0, 0, , 0, 0, 0, 0, 0, 
95, 0, 110, -1, -1, 222, 119, 182.0, 7, , 15, 0, 0, 0, , 0, 0, 0, 0, 0, 
96, 0, 111, -1, -1, 84, 116, 185.0, 8, , 7, 0, 0, 0, , 0, 0, 0, 0, 0, 
97, 0, 112, -1, -1, 276, 155, 135.0, 9, , 131, 0, 0, 0, , 0, 0, 0, 0, 0, 
98, 0, -1, -1, -1, 237, 39, 128.0, 8, , 5, 0, 0, 0, , 0, 0, 0, 0, 0, 
99, 0, -1, -1, -1, 181, 48, 167.0, 8, , 2, 0, 0, 0, , 0, 0, 0, 0, 0, 
100, 0, -1, -1, -1, 167, 50, 177.0, 8, , 13, 0, 0, 0, , 0, 0, 0, 0, 0, 
101, 0, -1, -1, -1, 271, 63, 178.0, 7, , 5, 0, 0, 0, , 0, 0, 0, 0, 0, 
102, 0, -1, -1, -1, 291, 82, 179.0, 7, , 15, 0, 0, 0, , 0, 0, 0, 0, 0, 
103, 0, -1, -1, -1, 144, 80, 182.0, 7, , 13, 0, 0, 0, , 0, 0, 0, 0, 0, 
104, 0, -1, -1, -1, 123, 62, 185.0, 8, , 4, 0, 0, 0, , 0, 0, 0, 0, 0, 
105, 0, -1, -1, -1, 196, 66, 187.0, 7, , 8, 0, 0, 0, , 0, 0, 0, 0, 0, 
106, 0, -1, -1, -1, 121, 62, 189.0, 7, , 4, 0, 0, 0, , 0, 0, 0, 0, 0, 
107, 0, -1, -1, -1, 108, 95, 192.0, 8, , 7, 0, 0, 0, , 0, 0, 0, 0, 0, 
108, 0, -1, -1, -1, 239, 91, 202.0, 7, , 4, 0, 0, 0, , 0, 0, 0, 0, 0, 
109, 0, -1, -1, -1, 137, 107, 203.0, 8, , 5, 0, 0, 0, , 0, 0, 0, 0, 0, 
110, 1, 113, 109, -1, 285, 94, 128.0, 22, Eprp, 0, 0, 0, 0, , 0, 0, 0, 0, 0, 
111, 1, 114, 110, -1, 147, 58, 146.0, 17, ABpraaapp, 0, 0, 0, 0, , 0, 0, 0, 0, 0, 
112, 0, 115, -1, -1, 149, 36, 147.0, 17, , 0, 0, 0, 0, , 0, 0, 0, 0, 0, 
113, 1, 116, 112, -1, 175, 76, 194.0, 17, ABarapppp, 0, 0, 0, 0, , 0, 0, 0, 0, 0, 
114, 1, 118, 113, -1, 141, 72, 197.0, 16, ABarapppa, 0, 0, 0, 0, , 0, 0, 0, 0, 0, 
115, 1, 119, 114, -1, 128, 93, 188.0, 15, ABarappaa, 0, 0, 0, 0, , 0, 0, 0, 0, 0, 
116, 1, 120, 115, -1, 164, 94, 204.0, 17, ABarappap, 0, 0, 0, 0, , 0, 0, 0, 0, 0, 
117, 1, 121, 116, -1, 98, 112, 197.0, 19, ABarapaaa, 0, 0, 0, 0, , 0, 0, 0, 0, 0, 
118, 1, 122, 117, -1, 124, 125, 196.0, 19, ABarapaap, 0, 0, 0, 0, , 0, 0, 0, 0, 0, 
119, 1, 123, 118, -1, 131, 108, 205.0, 19, ABarapapa, 0, 0, 0, 0, , 0, 0, 0, 0, 0, 
120, 1, 124, 119, -1, 161, 123, 204.0, 16, ABarapapp, 0, 0, 0, 0, , 0, 0, 0, 0, 0, 
121, 1, 125, 120, -1, 82, 136, 162.0, 18, ABaraapaa, 0, 0, 0, 0, , 0, 0, 0, 0, 0, 
122, 1, 126, 121, -1, 110, 132, 176.0, 18, ABaraapap, 0, 0, 0, 0, , 0, 0, 0, 0, 0, 
123, 1, 127, 122, -1, 129, 143, 176.0, 19, ABaraappa, 0, 0, 0, 0, , 0, 0, 0, 0, 0, 
124, 1, 128, 123, -1, 148, 122, 182.0, 19, ABaraappp, 0, 0, 0, 0, , 0, 0, 0, 0, 0, 
125, 1, 129, 124, -1, 81, 99, 175.0, 19, ABaraaapa, 0, 0, 0, 0, , 0, 0, 0, 0, 0, 
126, 1, 130, 125, -1, 105, 95, 187.0, 19, ABaraaapp, 0, 0, 0, 0, , 0, 0, 0, 0, 0, 
127, 1, 131, 126, -1, 59, 113, 167.0, 19, ABaraaaaa, 0, 0, 0, 0, , 0, 0, 0, 0, 0, 
128, 1, 132, 127, -1, 83, 122, 186.0, 16, ABaraaaap, 0, 0, 0, 0, , 0, 0, 0, 0, 0, 
129, 1, 133, 128, -1, 67, 152, 153.0, 17, ABalpaaap, 0, 0, 0, 0, , 0, 0, 0, 0, 0, 
130, 1, 134, 129, -1, 55, 130, 159.0, 19, ABalpaaaa, 0, 0, 0, 0, , 0, 0, 0, 0, 0, 
131, 1, 135, 130, -1, 57, 133, 126.0, 21, ABalpaapa, 0, 0, 0, 0, , 0, 0, 0, 0, 0, 
132, 1, 136, 131, -1, 92, 147, 125.0, 20, ABalpaapp, 0, 0, 0, 0, , 0, 0, 0, 0, 0, 
133, 1, 137, 132, -1, 109, 157, 171.0, 19, ABalpappa, 0, 0, 0, 0, , 0, 0, 0, 0, 0, 
134, 1, 138, 133, -1, 141, 162, 167.0, 19, ABalpappp, 0, 0, 0, 0, , 0, 0, 0, 0, 0, 
135, 1, 139, 134, -1, 72, 138, 100.5, 21, ABalppaaa, 0, 0, 0, 0, , 0, 0, 0, 0, 0, 
136, 1, 140, 135, -1, 69, 159, 102.0, 17, ABalppaap, 0, 0, 0, 0, , 0, 0, 0, 0, 0, 
137, 1, 141, 136, -1, 105, 166, 119.0, 19, ABalppapa, 0, 0, 0, 0, , 0, 0, 0, 0, 0, 
138, 1, 142, 137, -1, 134, 161, 133.0, 19, ABalppapp, 0, 0, 0, 0, , 0, 0, 0, 0, 0, 
139, 1, 143, 138, -1, 72, 161, 132.0, 17, ABalpapaa, 0, 0, 0, 0, , 0, 0, 0, 0, 0, 
140, 1, 144, 139, -1, 97, 162, 151.0, 19, ABalpapap, 0, 0, 0, 0, , 0, 0, 0, 0, 0, 
141, 1, 145, 140, -1, 86, 122, 107.0, 19, ABalpppaa, 0, 0, 0, 0, , 0, 0, 0, 0, 0, 
142, 1, 146, 141, -1, 104, 142, 85.0, 17, ABalpppap, 0, 0, 0, 0, , 0, 0, 0, 0, 0, 
143, 1, 147, 142, -1, 150, 129, 83.0, 19, ABalppppp, 0, 0, 0, 0, , 0, 0, 0, 0, 0, 
144, 1, 148, 143, -1, 116, 125, 83.833336, 16, ABalppppa, 0, 0, 0, 0, , 0, 0, 0, 0, 0, 
145, 1, 149, 144, -1, 49, 96, 129.0, 18, ABalaaapa, 0, 0, 0, 0, , 0, 0, 0, 0, 0, 
146, 1, 150, 145, -1, 72, 78, 135.0, 18, ABalaaapp, 0, 0, 0, 0, , 0, 0, 0, 0, 0, 
147, 1, 151, 146, -1, 57, 89, 157.0, 17, ABalaapaa, 0, 0, 0, 0, , 0, 0, 0, 0, 0, 
148, 1, 152, 147, -1, 86, 77, 163.0, 17, ABalaapap, 0, 0, 0, 0, , 0, 0, 0, 0, 0, 
149, 1, 153, 148, -1, 46, 111, 149.0, 19, ABalaaaar, 0, 0, 0, 0, , 0, 0, 0, 0, 0, 
150, 1, 154, 149, -1, 53, 112, 113.0, 19, ABalaaaal, 0, 0, 0, 0, , 0, 0, 0, 0, 0, 
151, 1, 155, 150, -1, 110, 62, 138.0, 18, ABalaappp, 0, 0, 0, 0, , 0, 0, 0, 0, 0, 
152, 1, 156, 151, -1, 88, 64, 150.0, 17, ABalaappa, 0, 0, 0, 0, , 0, 0, 0, 0, 0, 
153, 1, 157, 152, -1, 79, 109, 94.0, 19, ABalapaap, 0, 0, 0, 0, , 0, 0, 0, 0, 0, 
154, 1, 158, 153, -1, 73, 95, 112.0, 19, ABalapaaa, 0, 0, 0, 0, , 0, 0, 0, 0, 0, 
155, 1, 159, 154, -1, 90, 92, 84.0, 19, ABalapapa, 0, 0, 0, 0, , 0, 0, 0, 0, 0, 
156, 1, 160, 155, -1, 117, 92, 91.0, 16, ABalapapp, 0, 0, 0, 0, , 0, 0, 0, 0, 0, 
157, 1, 161, 156, -1, 79, 70, 118.0, 17, ABalappaa, 0, 0, 0, 0, , 0, 0, 0, 0, 0, 
158, 1, 162, 157, -1, 100, 78, 108.0, 16, ABalappap, 0, 0, 0, 0, , 0, 0, 0, 0, 0, 
159, 1, 163, 158, -1, 117, 63, 120.0, 18, ABalapppa, 0, 0, 0, 0, , 0, 0, 0, 0, 0, 
160, 1, 164, 159, -1, 148, 65, 108.0, 18, ABalapppp, 0, 0, 0, 0, , 0, 0, 0, 0, 0, 
161, 1, 165, 160, -1, 94, 68, 176.0, 16, ABpraaaaa, 0, 0, 0, 0, , 0, 0, 0, 0, 0, 
162, 1, 166, 161, -1, 118, 68, 168.0, 17, ABpraaaap, 0, 0, 0, 0, , 0, 0, 0, 0, 0, 
163, 1, 167, 162, -1, 220, 52, 159.0, 13, ABpraappp, 0, 0, 0, 0, , 0, 0, 0, 0, 0, 
164, 1, 168, 163, -1, 179, 50, 159.4, 12, ABpraappa, 0, 0, 0, 0, , 0, 0, 0, 0, 0, 
165, 1, 169, 164, -1, 252, 47, 160.25, 14, ABprappaa, 0, 0, 0, 0, , 0, 0, 0, 0, 0, 
166, 1, 170, 165, -1, 287, 59, 146.2, 16, ABprappap, 0, 0, 0, 0, , 0, 0, 0, 0, 0, 
167, 1, 171, 166, -1, 308, 71, 141.0, 17, ABprapppa, 0, 0, 0, 0, , 0, 0, 0, 0, 0, 
168, 1, 172, 167, -1, 203, 32, 134.0, 17, ABprapaaa, 0, 0, 0, 0, , 0, 0, 0, 0, 0, 
169, 1, 173, 168, -1, 231, 39, 124.75, 16, ABprapaap, 0, 0, 0, 0, , 0, 0, 0, 0, 0, 
170, 1, 174, 169, -1, 251, 45, 133.66667, 17, ABprapapa, 0, 0, 0, 0, , 0, 0, 0, 0, 0, 
171, 1, 175, 170, -1, 283, 61, 119.0, 17, ABprapapp, 0, 0, 0, 0, , 0, 0, 0, 0, 0, 
172, 1, 176, 171, -1, 174, 172, 113.0, 15, ABplppaaa, 0, 0, 0, 0, , 0, 0, 0, 0, 0, 
173, 1, 177, 172, -1, 200, 174, 111.5, 17, ABplppaap, 0, 0, 0, 0, , 0, 0, 0, 0, 0, 
174, 1, 178, 173, -1, 204, 157, 97.0, 14, ABplppapa, 0, 0, 0, 0, , 0, 0, 0, 0, 0, 
175, 1, 179, 174, -1, 232, 155, 110.0, 15, ABplppapp, 0, 0, 0, 0, , 0, 0, 0, 0, 0, 
176, 1, 180, 175, -1, 220, 174, 98.0, 15, ABplpppaa, 0, 0, 0, 0, , 0, 0, 0, 0, 0, 
177, 1, 181, 176, -1, 243, 171, 109.0, 17, ABplpppap, 0, 0, 0, 0, , 0, 0, 0, 0, 0, 
178, 1, 182, 177, -1, 221, 170, 131.0, 14, ABplppppa, 0, 0, 0, 0, , 0, 0, 0, 0, 0, 
179, 1, 183, 178, -1, 241, 174, 149.0, 15, ABplppppp, 0, 0, 0, 0, , 0, 0, 0, 0, 0, 
180, 1, 184, 179, -1, 150, 176, 121.0, 16, ABplpapap, 0, 0, 0, 0, , 0, 0, 0, 0, 0, 
181, 1, 185, 180, -1, 95, 160, 91.0, 17, ABplpaaaa, 0, 0, 0, 0, , 0, 0, 0, 0, 0, 
182, 1, 186, 181, -1, 126, 166, 91.0, 17, ABplpaaap, 0, 0, 0, 0, , 0, 0, 0, 0, 0, 
183, 1, 187, 182, -1, 142, 163, 81.0, 19, ABplpaapa, 0, 0, 0, 0, , 0, 0, 0, 0, 0, 
184, 1, 188, 183, -1, 171, 172, 94.0, 19, ABplpaapp, 0, 0, 0, 0, , 0, 0, 0, 0, 0, 
185, 1, 189, 184, -1, 125, 178, 118.0, 15, ABplpapaa, 0, 0, 0, 0, , 0, 0, 0, 0, 0, 
186, 1, 190, 185, -1, 169, 174, 143.0, 17, ABplpappa, 0, 0, 0, 0, , 0, 0, 0, 0, 0, 
187, 1, 191, 186, -1, 198, 174, 144.0, 17, ABplpappp, 0, 0, 0, 0, , 0, 0, 0, 0, 0, 
188, 1, 192, 187, -1, 181, 35, 145.0, 16, ABpraapap, 0, 0, 0, 0, , 0, 0, 0, 0, 0, 
189, 1, 193, 188, -1, 127, 60, 183.85715, 18, ABprpaaaa, 0, 0, 0, 0, , 0, 0, 0, 0, 0, 
190, 1, 194, 189, -1, 153, 51, 176.8, 17, ABprpaaap, 0, 0, 0, 0, , 0, 0, 0, 0, 0, 
191, 1, 195, 190, -1, 172, 52, 185.66667, 15, ABprpaapa, 0, 0, 0, 0, , 0, 0, 0, 0, 0, 
192, 1, 196, 191, -1, 196, 62, 178.75, 15, ABprpaapp, 0, 0, 0, 0, , 0, 0, 0, 0, 0, 
193, 1, 197, 192, -1, 189, 108, 202.6, 17, ABprpapaa, 0, 0, 0, 0, , 0, 0, 0, 0, 0, 
194, 1, 198, 193, -1, 200, 85, 200.33333, 17, ABprpapap, 0, 0, 0, 0, , 0, 0, 0, 0, 0, 
195, 1, 199, 194, -1, 215, 99, 204.0, 17, ABprpappa, 0, 0, 0, 0, , 0, 0, 0, 0, 0, 
196, 1, 200, 195, -1, 237, 95, 199.0, 16, ABprpappp, 0, 0, 0, 0, , 0, 0, 0, 0, 0, 
197, 1, 201, 196, -1, 214, 64, 191.0, 14, ABprppaaa, 0, 0, 0, 0, , 0, 0, 0, 0, 0, 
198, 1, 202, 197, -1, 241, 71, 197.0, 17, ABprppaap, 0, 0, 0, 0, , 0, 0, 0, 0, 0, 
199, 1, 203, 198, -1, 242, 70, 177.0, 16, ABprppapa, 0, 0, 0, 0, , 0, 0, 0, 0, 0, 
200, 1, 204, 199, -1, 269, 78, 160.0, 14, ABprppapp, 0, 0, 0, 0, , 0, 0, 0, 0, 0, 
201, 1, 205, 200, -1, 272, 68, 179.0, 16, ABprpppaa, 0, 0, 0, 0, , 0, 0, 0, 0, 0, 
202, 1, 206, 201, -1, 295, 81, 173.0, 14, ABprpppap, 0, 0, 0, 0, , 0, 0, 0, 0, 0, 
203, 1, 207, 202, -1, 260, 85, 190.28572, 16, ABprppppa, 0, 0, 0, 0, , 0, 0, 0, 0, 0, 
204, 1, 208, 203, -1, 290, 106, 187.0, 17, ABprppppp, 0, 0, 0, 0, , 0, 0, 0, 0, 0, 
205, 1, 210, 204, 205, 206, 149, 163.0, 16, MSaapp, 0, 0, 0, 0, , 0, 0, 0, 0, 0, 
206, 1, 211, 206, 207, 124, 138, 114.0, 16, MSapaa, 0, 0, 0, 0, , 0, 0, 0, 0, 0, 
207, 1, 212, 208, 209, 153, 144, 110.0, 16, MSapap, 0, 0, 0, 0, , 0, 0, 0, 0, 0, 
208, 1, 213, 210, -1, 178, 147, 136.4, 20, MSappa, 0, 0, 0, 0, , 0, 0, 0, 0, 0, 
209, 1, 214, 211, -1, 191, 145, 116.0, 16, MSappp, 0, 0, 0, 0, , 0, 0, 0, 0, 0, 
210, 1, 215, 212, 213, 144, 79, 169.0, 16, MSppaa, 0, 0, 0, 0, , 0, 0, 0, 0, 0, 
211, 1, 217, 292, -1, 192, 87, 155.0, 14, MSppapp, 0, 0, 0, 0, , 0, 0, 0, 0, 0, 
212, 1, 218, 214, -1, 183, 99, 174.0, 16, MSpppa, 0, 0, 0, 0, , 0, 0, 0, 0, 0, 
213, 1, 219, 215, -1, 213, 84, 169.0, 16, MSpppp, 0, 0, 0, 0, , 0, 0, 0, 0, 0, 
214, 1, 220, 216, -1, 73, 105, 141.2, 17, MSaaaaa, 0, 0, 0, 0, , 0, 0, 0, 0, 0, 
215, 1, 221, 217, -1, 110, 98, 124.666664, 16, MSaaaap, 0, 0, 0, 0, , 0, 0, 0, 0, 0, 
216, 1, 209, 218, -1, 142, 123, 141.66667, 15, MSaaapp, 0, 0, 0, 0, , 0, 0, 0, 0, 0, 
217, 1, 222, 219, -1, 103, 118, 147.33333, 15, MSaaapa, 0, 0, 0, 0, , 0, 0, 0, 0, 0, 
218, 1, 223, 220, -1, 177, 161, 156.0, 16, MSaapap, 0, 0, 0, 0, , 0, 0, 0, 0, 0, 
219, 1, 224, 221, -1, 144, 141, 153.0, 18, MSaapaa, 0, 0, 0, 0, , 0, 0, 0, 0, 0, 
220, 1, 225, 289, -1, 140, 108, 156.0, 15, MSpaapa, 0, 0, 0, 0, , 0, 0, 0, 0, 0, 
221, 1, 225, 222, -1, 165, 114, 158.0, 15, MSpaapp, 0, 0, 0, 0, , 0, 0, 0, 0, 0, 
222, 1, 226, 223, 224, 222, 123, 187.0, 16, MSpapp, 0, 0, 0, 0, , 0, 0, 0, 0, 0, 
223, 1, 227, 225, -1, 144, 103, 108.0, 21, Eala, 0, 0, 0, 0, , 0, 0, 0, 0, 0, 
224, 1, 228, 239, -1, 277, 158, 132.0, 17, Capap, 0, 0, 0, 0, , 0, 0, 0, 0, 0, 
225, 1, 228, 226, -1, 261, 162, 136.0, 17, Capaa, 0, 0, 0, 0, , 0, 0, 0, 0, 0, 
226, 1, 229, 227, 228, 300, 127, 166.0, 17, Cppa, 0, 0, 0, 0, , 0, 0, 0, 0, 0, 
227, 1, 230, 229, -1, 232, 72, 142.0, 19, Epra, 0, 0, 0, 0, , 0, 0, 0, 0, 0, 
228, 1, 231, 230, -1, 184, 114, 108.0, 19, Ealp, 0, 0, 0, 0, , 0, 0, 0, 0, 0, 
229, 1, 232, 231, -1, 158, 82, 128.0, 19, Eara, 0, 0, 0, 0, , 0, 0, 0, 0, 0, 
230, 1, 233, 232, -1, 198, 89, 134.0, 19, Earp, 0, 0, 0, 0, , 0, 0, 0, 0, 0, 
231, 1, 234, 233, -1, 213, 107, 113.0, 18, Epla, 0, 0, 0, 0, , 0, 0, 0, 0, 0, 
232, 1, 235, 234, -1, 255, 110, 127.0, 19, Eplp, 0, 0, 0, 0, , 0, 0, 0, 0, 0, 
233, 1, 236, 235, -1, 249, 107, 74.0, 19, Caaaa, 0, 0, 0, 0, , 0, 0, 0, 0, 0, 
234, 1, 237, 236, -1, 285, 123, 84.0, 17, Caaap, 0, 0, 0, 0, , 0, 0, 0, 0, 0, 
235, 1, 238, 237, -1, 309, 113, 83.0, 15, Caapa, 0, 0, 0, 0, , 0, 0, 0, 0, 0, 
236, 1, 239, 238, -1, 304, 144, 102.0, 17, Caapp, 0, 0, 0, 0, , 0, 0, 0, 0, 0, 
237, 1, 240, 240, -1, 274, 140, 107.0, 17, Cappa, 0, 0, 0, 0, , 0, 0, 0, 0, 0, 
238, 1, 241, 241, -1, 297, 162, 130.0, 17, Cappp, 0, 0, 0, 0, , 0, 0, 0, 0, 0, 
239, 1, 242, 242, -1, 224, 65, 91.0, 17, Cpaaa, 0, 0, 0, 0, , 0, 0, 0, 0, 0, 
240, 1, 243, 243, -1, 281, 93, 95.0, 17, Cpaap, 0, 0, 0, 0, , 0, 0, 0, 0, 0, 
241, 1, 244, 244, -1, 310, 92, 111.0, 17, Cpapa, 0, 0, 0, 0, , 0, 0, 0, 0, 0, 
242, 1, 245, 245, -1, 328, 133, 121.0, 15, Cpapp, 0, 0, 0, 0, , 0, 0, 0, 0, 0, 
243, 1, 246, 246, -1, 315, 112, 135.0, 17, Cpppa, 0, 0, 0, 0, , 0, 0, 0, 0, 0, 
244, 1, 247, 247, -1, 316, 150, 141.0, 17, Cpppp, 0, 0, 0, 0, , 0, 0, 0, 0, 0, 
245, 1, 248, 248, -1, 227, 149, 144.0, 16, Daa, 0, 0, 0, 0, , 0, 0, 0, 0, 0, 
246, 1, 249, 249, -1, 255, 138, 153.0, 16, Dap, 0, 0, 0, 0, , 0, 0, 0, 0, 0, 
247, 1, 250, 250, -1, 251, 111, 173.0, 16, Dpa, 0, 0, 0, 0, , 0, 0, 0, 0, 0, 
248, 1, 251, 251, -1, 281, 115, 147.0, 16, Dpp, 0, 0, 0, 0, , 0, 0, 0, 0, 0, 
249, 1, 252, 252, -1, 232, 113, 154.0, 18, Z2, 0, 0, 0, 0, , 0, 0, 0, 0, 0, 
250, 1, 253, 253, -1, 198, 129, 143.0, 16, Z3, 0, 0, 0, 0, , 0, 0, 0, 0, 0, 
251, 1, 254, 254, -1, 80, 75, 86.0, 14, ABarpaaaa, 0, 0, 0, 0, , 0, 0, 0, 0, 0, 
252, 1, 255, 255, -1, 114, 59, 86.0, 16, ABarpaaap, 0, 0, 0, 0, , 0, 0, 0, 0, 0, 
253, 1, 256, 256, -1, 137, 62, 83.0, 19, ABarpaapa, 0, 0, 0, 0, , 0, 0, 0, 0, 0, 
254, 1, 257, 257, -1, 174, 57, 90.0, 18, ABarpaapp, 0, 0, 0, 0, , 0, 0, 0, 0, 0, 
255, 1, 258, 258, -1, 94, 57, 104.0, 15, ABarpapaa, 0, 0, 0, 0, , 0, 0, 0, 0, 0, 
256, 1, 259, 259, -1, 122, 42, 110.0, 15, ABarpapap, 0, 0, 0, 0, , 0, 0, 0, 0, 0, 
257, 1, 260, 260, -1, 147, 38, 121.0, 14, ABarpappa, 0, 0, 0, 0, , 0, 0, 0, 0, 0, 
258, 1, 261, 261, -1, 177, 45, 117.0, 17, ABarpappp, 0, 0, 0, 0, , 0, 0, 0, 0, 0, 
259, 1, 262, 262, -1, 192, 79, 79.0, 16, ABarppaap, 0, 0, 0, 0, , 0, 0, 0, 0, 0, 
260, 1, 263, 263, -1, 165, 76, 66.0, 17, ABarppaaa, 0, 0, 0, 0, , 0, 0, 0, 0, 0, 
261, 1, 264, 264, -1, 205, 95, 82.0, 19, ABarppapa, 0, 0, 0, 0, , 0, 0, 0, 0, 0, 
262, 1, 265, 265, -1, 232, 112, 85.0, 19, ABarppapp, 0, 0, 0, 0, , 0, 0, 0, 0, 0, 
263, 1, 266, 266, -1, 195, 47, 109.0, 16, ABarpppaa, 0, 0, 0, 0, , 0, 0, 0, 0, 0, 
264, 1, 267, 267, -1, 218, 51, 117.0, 17, ABarpppap, 0, 0, 0, 0, , 0, 0, 0, 0, 0, 
265, 1, 268, 268, -1, 240, 56, 112.0, 18, ABarppppa, 0, 0, 0, 0, , 0, 0, 0, 0, 0, 
266, 1, 269, 269, -1, 266, 84, 109.0, 18, ABarppppp, 0, 0, 0, 0, , 0, 0, 0, 0, 0, 
267, 1, 270, 270, -1, 89, 109, 63.0, 17, ABplaaaaa, 0, 0, 0, 0, , 0, 0, 0, 0, 0, 
268, 1, 271, 271, -1, 116, 90, 62.0, 17, ABplaaaap, 0, 0, 0, 0, , 0, 0, 0, 0, 0, 
269, 1, 272, 272, -1, 135, 90, 59.0, 17, ABplaaapa, 0, 0, 0, 0, , 0, 0, 0, 0, 0, 
270, 1, 273, 273, -1, 159, 97, 69.0, 17, ABplaaapp, 0, 0, 0, 0, , 0, 0, 0, 0, 0, 
271, 1, 274, 274, -1, 98, 128, 58.0, 17, ABplaapaa, 0, 0, 0, 0, , 0, 0, 0, 0, 0, 
272, 1, 275, 275, -1, 130, 126, 59.0, 17, ABplaapap, 0, 0, 0, 0, , 0, 0, 0, 0, 0, 
273, 1, 276, 276, -1, 177, 136, 70.0, 17, ABplaappp, 0, 0, 0, 0, , 0, 0, 0, 0, 0, 
274, 1, 277, 277, -1, 154, 142, 59.0, 17, ABplaappa, 0, 0, 0, 0, , 0, 0, 0, 0, 0, 
275, 1, 278, 278, -1, 162, 119, 52.0, 17, ABplapaaa, 0, 0, 0, 0, , 0, 0, 0, 0, 0, 
276, 1, 279, 279, -1, 190, 107, 58.0, 17, ABplapaap, 0, 0, 0, 0, , 0, 0, 0, 0, 0, 
277, 1, 280, 280, -1, 212, 120, 68.0, 16, ABplapapa, 0, 0, 0, 0, , 0, 0, 0, 0, 0, 
278, 1, 281, 281, -1, 245, 139, 78.0, 17, ABplapapp, 0, 0, 0, 0, , 0, 0, 0, 0, 0, 
279, 1, 282, 282, -1, 201, 140, 68.0, 19, ABplappaa, 0, 0, 0, 0, , 0, 0, 0, 0, 0, 
280, 1, 283, 283, -1, 231, 156, 77.0, 19, ABplappap, 0, 0, 0, 0, , 0, 0, 0, 0, 0, 
281, 1, 284, 284, -1, 247, 151, 94.0, 17, ABplapppa, 0, 0, 0, 0, , 0, 0, 0, 0, 0, 
282, 1, 285, 285, -1, 271, 170, 99.0, 17, ABplapppp, 0, 0, 0, 0, , 0, 0, 0, 0, 0, 
283, 1, 286, 286, -1, 209, 125, 166.0, 16, MSpapap, 0, 0, 0, 0, , 0, 0, 0, 0, 0, 
284, 1, 287, 287, -1, 101, 93, 160.0, 15, MSpaaaa, 0, 0, 0, 0, , 0, 0, 0, 0, 0, 
285, 1, 288, 288, -1, 139, 86, 143.0, 17, MSpaaap, 0, 0, 0, 0, , 0, 0, 0, 0, 0, 
286, 1, 289, 290, -1, 171, 127, 179.0, 16, MSpapaa, 0, 0, 0, 0, , 0, 0, 0, 0, 0, 
287, 1, 216, 291, -1, 165, 75, 160.0, 14, MSppapa, 0, 0, 0, 0, , 0, 0, 0, 0, 0, 
288, 1, 290, 293, -1, 114, 50, 152.0, 17, ABpraaapa, 0, 0, 0, 0, , 0, 0, 0, 0, 0, 
289, 1, 291, 294, -1, 148, 35, 144.0, 14, ABpraapaa, 0, 0, 0, 0, , 0, 0, 0, 0, 0, 
290, 1, 292, 295, -1, 312, 96, 153.0, 21, ABprapppp, 0, 0, 0, 0, , 0, 0, 0, 0, 0, 
