1, 0, 1, -1, -1, 50, 112, 80.0, 7, , 86, 0, 0, 0, , 0, 0, 0, 0, 0, 
2, 0, 2, -1, -1, 150, 57, 175.0, 11, , 54, 0, 0, 0, , 0, 0, 0, 0, 0, 
3, 0, 3, -1, -1, 171, 48, 179.0, 7, , 12, 0, 0, 0, , 0, 0, 0, 0, 0, 
4, 0, 4, -1, -1, 81, 70, 155.0, 8, , 8, 0, 0, 0, , 0, 0, 0, 0, 0, 
5, 0, 5, -1, -1, 228, 71, 191.0, 9, , 25, 0, 0, 0, , 0, 0, 0, 0, 0, 
6, 0, 6, -1, -1, 46, 110, 85.0, 9, , 179, 0, 0, 0, , 0, 0, 0, 0, 0, 
7, 0, 7, -1, -1, 89, 64, 166.0, 9, , 8, 0, 0, 0, , 0, 0, 0, 0, 0, 
8, 0, 8, -1, -1, 90, 66, 177.0, 9, , 28, 0, 0, 0, , 0, 0, 0, 0, 0, 
9, 0, 9, -1, -1, 97, 116, 190.0, 9, , 7, 0, 0, 0, , 0, 0, 0, 0, 0, 
10, 0, 10, -1, -1, 198, 85, 202.0, 7, , 5, 0, 0, 0, , 0, 0, 0, 0, 0, 
11, 0, 11, -1, -1, 48, 110, 88.0, 9, , 62, 0, 0, 0, , 0, 0, 0, 0, 0, 
12, 0, 13, -1, -1, 174, 54, 178.0, 8, , 9, 0, 0, 0, , 0, 0, 0, 0, 0, 
13, 0, 14, -1, -1, 165, 111, 151.0, 7, , 5, 0, 0, 0, , 0, 0, 0, 0, 0, 
14, 0, 17, -1, -1, 194, 62, 175.0, 8, , 14, 0, 0, 0, , 0, 0, 0, 0, 0, 
15, 0, 18, -1, -1, 90, 59, 140.0, 7, , 8, 0, 0, 0, , 0, 0, 0, 0, 0, 
16, 0, 19, -1, -1, 190, 28, 135.0, 8, , 10, 0, 0, 0, , 0, 0, 0, 0, 0, 
17, 0, 20, -1, -1, 88, 70, 172.0, 9, , 72, 0, 0, 0, , 0, 0, 0, 0, 0, 
18, 0, 21, -1, -1, 235, 74, 199.0, 7, , 30, 0, 0, 0, , 0, 0, 0, 0, 0, 
19, 0, 22, -1, -1, 194, 108, 201.0, 8, , 10, 0, 0, 0, , 0, 0, 0, 0, 0, 
20, 0, 23, -1, -1, 249, 43, 144.0, 9, , 29, 0, 0, 0, , 0, 0, 0, 0, 0, 
21, 0, 24, -1, -1, 66, 109, 160.0, 8, , 12, 0, 0, 0, , 0, 0, 0, 0, 0, 
22, 0, 25, -1, -1, 100, 117, 198.0, 9, , 30, 0, 0, 0, , 0, 0, 0, 0, 0, 
23, 0, 26, -1, -1, 125, 100, 191.0, 8, , 3, 0, 0, 0, , 0, 0, 0, 0, 0, 
24, 0, 28, -1, -1, 237, 69, 181.0, 8, , 5, 0, 0, 0, , 0, 0, 0, 0, 0, 
25, 0, 30, -1, -1, 132, 77, 197.0, 7, , 12, 0, 0, 0, , 0, 0, 0, 0, 0, 
26, 0, 31, -1, -1, 228, 70, 200.0, 11, , 104, 0, 0, 0, , 0, 0, 0, 0, 0, 
27, 0, 32, -1, -1, 135, 115, 200.0, 8, , 27, 0, 0, 0, , 0, 0, 0, 0, 0, 
28, 0, 34, -1, -1, 208, 69, 199.0, 9, , 12, 0, 0, 0, , 0, 0, 0, 0, 0, 
29, 0, 35, -1, -1, 96, 58, 131.0, 8, , 4, 0, 0, 0, , 0, 0, 0, 0, 0, 
30, 0, 36, -1, -1, 162, 115, 157.0, 9, , 11, 0, 0, 0, , 0, 0, 0, 0, 0, 
31, 0, 38, -1, -1, 96, 66, 173.0, 8, , 9, 0, 0, 0, , 0, 0, 0, 0, 0, 
32, 0, 40, -1, -1, 204, 64, 195.0, 7, , 23, 0, 0, 0, , 0, 0, 0, 0, 0, 
33, 0, 42, -1, -1, 202, 135, 189.0, 7, , 16, 0, 0, 0, , 0, 0, 0, 0, 0, 
34, 0, 44, -1, -1, 176, 49, 166.0, 9, , 18, 0, 0, 0, , 0, 0, 0, 0, 0, 
35, 0, 45, -1, -1, 166, 56, 179.0, 7, , 4, 0, 0, 0, , 0, 0, 0, 0, 0, 
36, 0, 46, -1, -1, 233, 98, 199.0, 8, , 9, 0, 0, 0, , 0, 0, 0, 0, 0, 
37, 0, 47, -1, -1, 134, 112, 198.0, 9, , 9, 0, 0, 0, , 0, 0, 0, 0, 0, 
38, 0, 48, -1, -1, 84, 60, 138.0, 9, , 17, 0, 0, 0, , 0, 0, 0, 0, 0, 
39, 0, 49, -1, -1, 70, 158, 132.0, 7, , 4, 0, 0, 0, , 0, 0, 0, 0, 0, 
40, 0, 51, -1, -1, 109, 47, 156.0, 9, , 58, 0, 0, 0, , 0, 0, 0, 0, 0, 
41, 0, 52, -1, -1, 64, 112, 161.0, 8, , 6, 0, 0, 0, , 0, 0, 0, 0, 0, 
42, 0, 56, -1, -1, 146, 57, 188.0, 9, , 11, 0, 0, 0, , 0, 0, 0, 0, 0, 
43, 0, 57, -1, -1, 129, 130, 192.0, 9, , 22, 0, 0, 0, , 0, 0, 0, 0, 0, 
44, 0, 58, -1, -1, 195, 67, 198.0, 8, , 3, 0, 0, 0, , 0, 0, 0, 0, 0, 
45, 0, 59, -1, -1, 211, 130, 200.0, 9, , 5, 0, 0, 0, , 0, 0, 0, 0, 0, 
46, 0, 60, -1, -1, 158, 96, 209.0, 7, , 19, 0, 0, 0, , 0, 0, 0, 0, 0, 
47, 0, 61, -1, -1, 86, 118, 178.0, 8, , 50, 0, 0, 0, , 0, 0, 0, 0, 0, 
48, 0, 62, -1, -1, 78, 164, 104.0, 9, , 25, 0, 0, 0, , 0, 0, 0, 0, 0, 
49, 0, 63, -1, -1, 226, 40, 123.0, 9, , 8, 0, 0, 0, , 0, 0, 0, 0, 0, 
50, 0, 64, -1, -1, 230, 39, 128.0, 7, , 4, 0, 0, 0, , 0, 0, 0, 0, 0, 
51, 0, 65, -1, -1, 195, 33, 140.0, 9, , 28, 0, 0, 0, , 0, 0, 0, 0, 0, 
52, 0, 66, -1, -1, 303, 68, 143.0, 8, , 4, 0, 0, 0, , 0, 0, 0, 0, 0, 
53, 0, 67, -1, -1, 82, 73, 160.0, 7, , 4, 0, 0, 0, , 0, 0, 0, 0, 0, 
54, 0, 68, -1, -1, 210, 85, 165.0, 8, , 19, 0, 0, 0, , 0, 0, 0, 0, 0, 
55, 0, 69, -1, -1, 213, 83, 171.0, 9, , 44, 0, 0, 0, , 0, 0, 0, 0, 0, 
56, 0, 70, -1, -1, 184, 98, 170.0, 8, , 16, 0, 0, 0, , 0, 0, 0, 0, 0, 
57, 0, 71, -1, -1, 152, 54, 175.0, 8, , 4, 0, 0, 0, , 0, 0, 0, 0, 0, 
58, 0, 72, -1, -1, 291, 76, 175.0, 8, , 7, 0, 0, 0, , 0, 0, 0, 0, 0, 
59, 0, 73, -1, -1, 208, 88, 178.0, 8, , 34, 0, 0, 0, , 0, 0, 0, 0, 0, 
60, 0, 74, -1, -1, 182, 103, 180.0, 11, , 23, 0, 0, 0, , 0, 0, 0, 0, 0, 
61, 0, 75, -1, -1, 267, 63, 183.0, 8, , 3, 0, 0, 0, , 0, 0, 0, 0, 0, 
62, 0, 76, -1, -1, 264, 97, 198.0, 7, , 5, 0, 0, 0, , 0, 0, 0, 0, 0, 
63, 0, 77, -1, -1, 227, 75, 198.0, 7, , 5, 0, 0, 0, , 0, 0, 0, 0, 0, 
64, 0, 78, -1, -1, 127, 116, 195.0, 8, , 7, 0, 0, 0, , 0, 0, 0, 0, 0, 
65, 0, 79, -1, -1, 225, 74, 204.0, 9, , 71, 0, 0, 0, , 0, 0, 0, 0, 0, 
66, 0, 81, -1, -1, 195, 85, 198.0, 8, , 9, 0, 0, 0, , 0, 0, 0, 0, 0, 
67, 0, -1, -1, -1, 223, 68, 111.0, 8, , 4, 0, 0, 0, , 0, 0, 0, 0, 0, 
68, 0, -1, -1, -1, 198, 32, 136.0, 8, , 19, 0, 0, 0, , 0, 0, 0, 0, 0, 
69, 0, -1, -1, -1, 84, 78, 147.0, 7, , 8, 0, 0, 0, , 0, 0, 0, 0, 0, 
70, 0, -1, -1, -1, 58, 87, 163.0, 9, , 12, 0, 0, 0, , 0, 0, 0, 0, 0, 
71, 0, -1, -1, -1, 304, 86, 172.0, 9, , 14, 0, 0, 0, , 0, 0, 0, 0, 0, 
72, 0, -1, -1, -1, 284, 84, 176.0, 8, , 6, 0, 0, 0, , 0, 0, 0, 0, 0, 
73, 0, -1, -1, -1, 172, 56, 189.0, 8, , 5, 0, 0, 0, , 0, 0, 0, 0, 0, 
74, 0, -1, -1, -1, 157, 96, 209.0, 11, , 34, 0, 0, 0, , 0, 0, 0, 0, 0, 
75, 1, 82, 76, -1, 282, 90, 131.0, 22, Eprp, 0, 0, 0, 0, , 0, 0, 0, 0, 0, 
76, 1, 83, 77, -1, 144, 57, 156.0, 17, ABpraaapp, 0, 0, 0, 0, , 0, 0, 0, 0, 0, 
77, 0, 84, -1, -1, 143, 36, 142.0, 17, , 0, 0, 0, 0, , 0, 0, 0, 0, 0, 
78, 1, 85, 79, -1, 165, 81, 200.0, 17, ABarapppp, 0, 0, 0, 0, , 0, 0, 0, 0, 0, 
79, 1, 86, 80, -1, 137, 78, 198.0, 16, ABarapppa, 0, 0, 0, 0, , 0, 0, 0, 0, 0, 
80, 1, 87, 81, -1, 125, 96, 197.0, 17, ABarappaa, 0, 0, 0, 0, , 0, 0, 0, 0, 0, 
81, 1, 88, 82, -1, 156, 97, 202.0, 17, ABarappap, 0, 0, 0, 0, , 0, 0, 0, 0, 0, 
82, 1, 89, 83, -1, 99, 117, 195.0, 17, ABarapaaa, 0, 0, 0, 0, , 0, 0, 0, 0, 0, 
83, 1, 90, 84, -1, 121, 133, 192.0, 19, ABarapaap, 0, 0, 0, 0, , 0, 0, 0, 0, 0, 
84, 1, 91, 85, -1, 131, 117, 200.0, 17, ABarapapa, 0, 0, 0, 0, , 0, 0, 0, 0, 0, 
85, 1, 92, 86, -1, 157, 127, 198.0, 20, ABarapapp, 0, 0, 0, 0, , 0, 0, 0, 0, 0, 
86, 1, 93, 87, -1, 81, 126, 159.0, 16, ABaraapaa, 0, 0, 0, 0, , 0, 0, 0, 0, 0, 
87, 1, 94, 88, -1, 104, 134, 166.0, 18, ABaraapap, 0, 0, 0, 0, , 0, 0, 0, 0, 0, 
88, 1, 95, 89, -1, 125, 137, 170.0, 19, ABaraappa, 0, 0, 0, 0, , 0, 0, 0, 0, 0, 
89, 1, 96, 90, -1, 148, 118, 174.0, 19, ABaraappp, 0, 0, 0, 0, , 0, 0, 0, 0, 0, 
90, 1, 97, 91, -1, 80, 96, 175.0, 19, ABaraaapa, 0, 0, 0, 0, , 0, 0, 0, 0, 0, 
91, 1, 98, 92, -1, 106, 98, 183.0, 17, ABaraaapp, 0, 0, 0, 0, , 0, 0, 0, 0, 0, 
92, 1, 99, 93, -1, 57, 105, 163.0, 17, ABaraaaaa, 0, 0, 0, 0, , 0, 0, 0, 0, 0, 
93, 1, 100, 94, -1, 81, 117, 180.0, 16, ABaraaaap, 0, 0, 0, 0, , 0, 0, 0, 0, 0, 
94, 1, 101, 95, -1, 68, 144, 159.0, 17, ABalpaaap, 0, 0, 0, 0, , 0, 0, 0, 0, 0, 
95, 1, 102, 96, -1, 54, 127, 158.0, 19, ABalpaaaa, 0, 0, 0, 0, , 0, 0, 0, 0, 0, 
96, 1, 103, 97, -1, 53, 132, 125.0, 21, ABalpaapa, 0, 0, 0, 0, , 0, 0, 0, 0, 0, 
97, 1, 104, 98, -1, 84, 145, 125.0, 18, ABalpaapp, 0, 0, 0, 0, , 0, 0, 0, 0, 0, 
98, 1, 105, 99, -1, 107, 154, 175.0, 19, ABalpappa, 0, 0, 0, 0, , 0, 0, 0, 0, 0, 
99, 1, 106, 100, -1, 139, 158, 174.0, 19, ABalpappp, 0, 0, 0, 0, , 0, 0, 0, 0, 0, 
100, 1, 107, 101, -1, 69, 145, 101.0, 19, ABalppaaa, 0, 0, 0, 0, , 0, 0, 0, 0, 0, 
101, 1, 108, 102, -1, 76, 164, 113.0, 17, ABalppaap, 0, 0, 0, 0, , 0, 0, 0, 0, 0, 
102, 1, 109, 103, -1, 104, 165, 127.0, 19, ABalppapa, 0, 0, 0, 0, , 0, 0, 0, 0, 0, 
103, 1, 110, 104, -1, 133, 162, 140.0, 19, ABalppapp, 0, 0, 0, 0, , 0, 0, 0, 0, 0, 
104, 1, 111, 105, -1, 74, 156, 138.0, 17, ABalpapaa, 0, 0, 0, 0, , 0, 0, 0, 0, 0, 
105, 1, 112, 106, -1, 96, 161, 157.0, 19, ABalpapap, 0, 0, 0, 0, , 0, 0, 0, 0, 0, 
106, 1, 113, 107, -1, 85, 129, 102.42857, 15, ABalpppaa, 0, 0, 0, 0, , 0, 0, 0, 0, 0, 
107, 1, 114, 108, -1, 106, 146, 84.0, 17, ABalpppap, 0, 0, 0, 0, , 0, 0, 0, 0, 0, 
108, 1, 115, 109, -1, 149, 126, 84.0, 21, ABalppppp, 0, 0, 0, 0, , 0, 0, 0, 0, 0, 
109, 1, 116, 110, -1, 118, 129, 87.166664, 12, ABalppppa, 0, 0, 0, 0, , 0, 0, 0, 0, 0, 
110, 1, 117, 111, -1, 49, 95, 121.0, 18, ABalaaapa, 0, 0, 0, 0, , 0, 0, 0, 0, 0, 
111, 1, 118, 112, -1, 70, 78, 127.0, 18, ABalaaapp, 0, 0, 0, 0, , 0, 0, 0, 0, 0, 
112, 1, 119, 113, -1, 61, 87, 155.0, 17, ABalaapaa, 0, 0, 0, 0, , 0, 0, 0, 0, 0, 
113, 1, 120, 114, -1, 81, 76, 151.0, 17, ABalaapap, 0, 0, 0, 0, , 0, 0, 0, 0, 0, 
114, 1, 121, 115, -1, 44, 110, 145.0, 17, ABalaaaar, 0, 0, 0, 0, , 0, 0, 0, 0, 0, 
115, 1, 122, 116, -1, 55, 115, 111.0, 19, ABalaaaal, 0, 0, 0, 0, , 0, 0, 0, 0, 0, 
116, 1, 123, 117, -1, 104, 57, 130.0, 18, ABalaappp, 0, 0, 0, 0, , 0, 0, 0, 0, 0, 
117, 1, 124, 118, -1, 89, 63, 139.0, 17, ABalaappa, 0, 0, 0, 0, , 0, 0, 0, 0, 0, 
118, 1, 125, 119, -1, 92, 111, 90.0, 19, ABalapaap, 0, 0, 0, 0, , 0, 0, 0, 0, 0, 
119, 1, 126, 120, -1, 75, 97, 105.0, 19, ABalapaaa, 0, 0, 0, 0, , 0, 0, 0, 0, 0, 
120, 1, 127, 121, -1, 99, 95, 82.0, 19, ABalapapa, 0, 0, 0, 0, , 0, 0, 0, 0, 0, 
121, 1, 128, 122, -1, 124, 99, 93.0, 16, ABalapapp, 0, 0, 0, 0, , 0, 0, 0, 0, 0, 
122, 1, 129, 123, -1, 75, 71, 109.0, 17, ABalappaa, 0, 0, 0, 0, , 0, 0, 0, 0, 0, 
123, 1, 130, 124, -1, 98, 79, 104.0, 18, ABalappap, 0, 0, 0, 0, , 0, 0, 0, 0, 0, 
124, 1, 131, 125, -1, 116, 68, 117.0, 18, ABalapppa, 0, 0, 0, 0, , 0, 0, 0, 0, 0, 
125, 1, 132, 126, -1, 149, 64, 105.0, 18, ABalapppp, 0, 0, 0, 0, , 0, 0, 0, 0, 0, 
126, 1, 133, 127, -1, 91, 67, 170.0, 16, ABpraaaaa, 0, 0, 0, 0, , 0, 0, 0, 0, 0, 
127, 1, 134, 128, -1, 111, 63, 169.0, 17, ABpraaaap, 0, 0, 0, 0, , 0, 0, 0, 0, 0, 
128, 1, 135, 129, -1, 216, 52, 161.0, 14, ABpraappp, 0, 0, 0, 0, , 0, 0, 0, 0, 0, 
129, 1, 136, 130, -1, 180, 47, 159.0, 14, ABpraappa, 0, 0, 0, 0, , 0, 0, 0, 0, 0, 
130, 1, 137, 131, -1, 243, 47, 161.0, 19, ABprappaa, 0, 0, 0, 0, , 0, 0, 0, 0, 0, 
131, 1, 138, 132, -1, 281, 57, 156.0, 18, ABprappap, 0, 0, 0, 0, , 0, 0, 0, 0, 0, 
132, 1, 139, 133, -1, 301, 69, 150.5, 16, ABprapppa, 0, 0, 0, 0, , 0, 0, 0, 0, 0, 
133, 1, 140, 134, -1, 195, 31, 134.0, 17, ABprapaaa, 0, 0, 0, 0, , 0, 0, 0, 0, 0, 
134, 1, 141, 135, -1, 224, 39, 129.0, 15, ABprapaap, 0, 0, 0, 0, , 0, 0, 0, 0, 0, 
135, 1, 142, 136, -1, 248, 42, 136.33333, 16, ABprapapa, 0, 0, 0, 0, , 0, 0, 0, 0, 0, 
136, 1, 143, 137, -1, 282, 58, 126.0, 15, ABprapapp, 0, 0, 0, 0, , 0, 0, 0, 0, 0, 
137, 1, 144, 138, -1, 175, 173, 116.0, 15, ABplppaaa, 0, 0, 0, 0, , 0, 0, 0, 0, 0, 
138, 1, 145, 139, -1, 200, 173, 110.25, 17, ABplppaap, 0, 0, 0, 0, , 0, 0, 0, 0, 0, 
139, 1, 146, 140, -1, 210, 156, 92.0, 14, ABplppapa, 0, 0, 0, 0, , 0, 0, 0, 0, 0, 
140, 1, 147, 141, -1, 235, 154, 106.0, 17, ABplppapp, 0, 0, 0, 0, , 0, 0, 0, 0, 0, 
141, 1, 148, 142, -1, 224, 173, 100.666664, 15, ABplpppaa, 0, 0, 0, 0, , 0, 0, 0, 0, 0, 
142, 1, 149, 143, -1, 246, 172, 109.333336, 17, ABplpppap, 0, 0, 0, 0, , 0, 0, 0, 0, 0, 
143, 1, 150, 144, -1, 217, 170, 131.0, 14, ABplppppa, 0, 0, 0, 0, , 0, 0, 0, 0, 0, 
144, 1, 151, 145, -1, 238, 174, 150.0, 15, ABplppppp, 0, 0, 0, 0, , 0, 0, 0, 0, 0, 
145, 1, 152, 146, -1, 157, 177, 124.0, 16, ABplpapap, 0, 0, 0, 0, , 0, 0, 0, 0, 0, 
146, 1, 153, 147, -1, 103, 168, 104.0, 17, ABplpaaaa, 0, 0, 0, 0, , 0, 0, 0, 0, 0, 
147, 1, 154, 148, -1, 131, 170, 96.666664, 17, ABplpaaap, 0, 0, 0, 0, , 0, 0, 0, 0, 0, 
148, 1, 155, 149, -1, 141, 163, 82.0, 19, ABplpaapa, 0, 0, 0, 0, , 0, 0, 0, 0, 0, 
149, 1, 156, 150, -1, 170, 167, 97.0, 19, ABplpaapp, 0, 0, 0, 0, , 0, 0, 0, 0, 0, 
150, 1, 157, 151, -1, 131, 178, 128.0, 15, ABplpapaa, 0, 0, 0, 0, , 0, 0, 0, 0, 0, 
151, 1, 158, 152, -1, 166, 172, 146.0, 17, ABplpappa, 0, 0, 0, 0, , 0, 0, 0, 0, 0, 
152, 1, 159, 153, -1, 199, 174, 146.42857, 17, ABplpappp, 0, 0, 0, 0, , 0, 0, 0, 0, 0, 
153, 1, 160, 154, -1, 172, 35, 141.0, 14, ABpraapap, 0, 0, 0, 0, , 0, 0, 0, 0, 0, 
154, 1, 161, 155, -1, 126, 60, 185.0, 16, ABprpaaaa, 0, 0, 0, 0, , 0, 0, 0, 0, 0, 
155, 1, 162, 156, -1, 150, 59, 180.0, 17, ABprpaaap, 0, 0, 0, 0, , 0, 0, 0, 0, 0, 
156, 1, 163, 157, -1, 168, 52, 184.33333, 15, ABprpaapa, 0, 0, 0, 0, , 0, 0, 0, 0, 0, 
157, 1, 164, 158, -1, 194, 61, 179.75, 17, ABprpaapp, 0, 0, 0, 0, , 0, 0, 0, 0, 0, 
158, 1, 165, 159, -1, 182, 102, 203.0, 15, ABprpapaa, 0, 0, 0, 0, , 0, 0, 0, 0, 0, 
159, 1, 166, 160, -1, 195, 89, 203.0, 17, ABprpapap, 0, 0, 0, 0, , 0, 0, 0, 0, 0, 
160, 1, 167, 161, -1, 203, 113, 200.0, 17, ABprpappa, 0, 0, 0, 0, , 0, 0, 0, 0, 0, 
161, 1, 168, 162, -1, 223, 105, 198.0, 16, ABprpappp, 0, 0, 0, 0, , 0, 0, 0, 0, 0, 
162, 1, 169, 163, -1, 202, 69, 197.0, 14, ABprppaaa, 0, 0, 0, 0, , 0, 0, 0, 0, 0, 
163, 1, 170, 164, -1, 230, 72, 201.0, 17, ABprppaap, 0, 0, 0, 0, , 0, 0, 0, 0, 0, 
164, 1, 171, 165, -1, 234, 67, 179.0, 16, ABprppapa, 0, 0, 0, 0, , 0, 0, 0, 0, 0, 
165, 1, 172, 166, -1, 257, 75, 166.0, 14, ABprppapp, 0, 0, 0, 0, , 0, 0, 0, 0, 0, 
166, 1, 173, 167, -1, 262, 65, 185.0, 16, ABprpppaa, 0, 0, 0, 0, , 0, 0, 0, 0, 0, 
167, 1, 174, 168, -1, 286, 79, 179.0, 16, ABprpppap, 0, 0, 0, 0, , 0, 0, 0, 0, 0, 
168, 1, 175, 169, -1, 247, 86, 191.0, 15, ABprppppa, 0, 0, 0, 0, , 0, 0, 0, 0, 0, 
169, 1, 176, 170, -1, 265, 101, 197.0, 17, ABprppppp, 0, 0, 0, 0, , 0, 0, 0, 0, 0, 
170, 1, 177, 171, -1, 172, 149, 134.0, 16, MSappa, 0, 0, 0, 0, , 0, 0, 0, 0, 0, 
171, 1, 178, 172, -1, 192, 143, 110.0, 16, MSappp, 0, 0, 0, 0, , 0, 0, 0, 0, 0, 
172, 1, 179, 173, -1, 119, 81, 173.0, 16, MSppaaa, 0, 0, 0, 0, , 0, 0, 0, 0, 0, 
173, 1, 180, 174, 175, 182, 105, 173.0, 16, MSpppa, 0, 0, 0, 0, , 0, 0, 0, 0, 0, 
174, 1, 181, 176, 177, 210, 86, 170.0, 16, MSpppp, 0, 0, 0, 0, , 0, 0, 0, 0, 0, 
175, 1, 182, 178, -1, 68, 102, 139.42857, 19, MSaaaaa, 0, 0, 0, 0, , 0, 0, 0, 0, 0, 
176, 1, 183, 179, -1, 108, 94, 122.25, 16, MSaaaap, 0, 0, 0, 0, , 0, 0, 0, 0, 0, 
177, 1, 184, 180, -1, 149, 122, 143.0, 14, MSaaapp, 0, 0, 0, 0, , 0, 0, 0, 0, 0, 
178, 1, 185, 181, -1, 104, 118, 139.5, 17, MSaaapa, 0, 0, 0, 0, , 0, 0, 0, 0, 0, 
179, 1, 186, 182, -1, 173, 158, 162.66667, 16, MSaapap, 0, 0, 0, 0, , 0, 0, 0, 0, 0, 
180, 1, 187, 183, -1, 143, 139, 149.66667, 17, MSaapaa, 0, 0, 0, 0, , 0, 0, 0, 0, 0, 
181, 1, 188, 184, -1, 220, 155, 163.0, 16, MSaappp, 0, 0, 0, 0, , 0, 0, 0, 0, 0, 
182, 1, 189, 185, -1, 311, 128, 162.0, 15, Cppap, 0, 0, 0, 0, , 0, 0, 0, 0, 0, 
183, 1, 190, 186, -1, 230, 75, 142.0, 19, Epra, 0, 0, 0, 0, , 0, 0, 0, 0, 0, 
184, 1, 191, 187, -1, 185, 114, 105.0, 19, Ealp, 0, 0, 0, 0, , 0, 0, 0, 0, 0, 
185, 1, 192, 188, -1, 145, 106, 105.0, 21, Eala, 0, 0, 0, 0, , 0, 0, 0, 0, 0, 
186, 1, 193, 189, -1, 157, 81, 130.0, 19, Eara, 0, 0, 0, 0, , 0, 0, 0, 0, 0, 
187, 1, 194, 190, -1, 192, 91, 131.0, 19, Earp, 0, 0, 0, 0, , 0, 0, 0, 0, 0, 
188, 1, 195, 191, -1, 216, 107, 105.0, 20, Epla, 0, 0, 0, 0, , 0, 0, 0, 0, 0, 
189, 1, 196, 192, -1, 262, 110, 124.0, 17, Eplp, 0, 0, 0, 0, , 0, 0, 0, 0, 0, 
190, 1, 197, 193, -1, 260, 98, 78.0, 19, Caaaa, 0, 0, 0, 0, , 0, 0, 0, 0, 0, 
191, 1, 198, 194, -1, 292, 120, 86.0, 17, Caaap, 0, 0, 0, 0, , 0, 0, 0, 0, 0, 
192, 1, 199, 195, -1, 316, 111, 89.0, 15, Caapa, 0, 0, 0, 0, , 0, 0, 0, 0, 0, 
193, 1, 200, 196, -1, 317, 140, 100.0, 17, Caapp, 0, 0, 0, 0, , 0, 0, 0, 0, 0, 
194, 1, 201, 197, -1, 255, 166, 140.0, 17, Capaa, 0, 0, 0, 0, , 0, 0, 0, 0, 0, 
195, 1, 202, 198, -1, 292, 153, 136.0, 17, Capap, 0, 0, 0, 0, , 0, 0, 0, 0, 0, 
196, 1, 203, 199, -1, 283, 144, 105.0, 17, Cappa, 0, 0, 0, 0, , 0, 0, 0, 0, 0, 
197, 1, 204, 200, -1, 306, 155, 128.0, 17, Cappp, 0, 0, 0, 0, , 0, 0, 0, 0, 0, 
198, 1, 205, 201, -1, 221, 65, 89.0, 17, Cpaaa, 0, 0, 0, 0, , 0, 0, 0, 0, 0, 
199, 1, 206, 202, -1, 286, 85, 102.0, 17, Cpaap, 0, 0, 0, 0, , 0, 0, 0, 0, 0, 
200, 1, 207, 203, -1, 313, 93, 121.0, 17, Cpapa, 0, 0, 0, 0, , 0, 0, 0, 0, 0, 
201, 1, 208, 204, -1, 329, 125, 123.0, 15, Cpapp, 0, 0, 0, 0, , 0, 0, 0, 0, 0, 
202, 1, 209, 205, -1, 283, 109, 176.0, 15, Cppaa, 0, 0, 0, 0, , 0, 0, 0, 0, 0, 
203, 1, 210, 206, -1, 311, 104, 147.0, 17, Cpppa, 0, 0, 0, 0, , 0, 0, 0, 0, 0, 
204, 1, 211, 207, -1, 320, 137, 143.0, 17, Cpppp, 0, 0, 0, 0, , 0, 0, 0, 0, 0, 
205, 1, 212, 208, -1, 225, 141, 138.0, 16, Daa, 0, 0, 0, 0, , 0, 0, 0, 0, 0, 
206, 1, 213, 209, -1, 258, 138, 138.0, 16, Dap, 0, 0, 0, 0, , 0, 0, 0, 0, 0, 
207, 1, 214, 210, -1, 245, 108, 172.0, 16, Dpa, 0, 0, 0, 0, , 0, 0, 0, 0, 0, 
208, 1, 215, 211, -1, 283, 118, 150.0, 16, Dpp, 0, 0, 0, 0, , 0, 0, 0, 0, 0, 
209, 1, 216, 212, -1, 229, 111, 148.0, 18, Z2, 0, 0, 0, 0, , 0, 0, 0, 0, 0, 
210, 1, 217, 213, -1, 201, 130, 144.0, 16, Z3, 0, 0, 0, 0, , 0, 0, 0, 0, 0, 
211, 1, 218, 214, -1, 88, 78, 78.0, 14, ABarpaaaa, 0, 0, 0, 0, , 0, 0, 0, 0, 0, 
212, 1, 219, 215, -1, 119, 66, 82.0, 16, ABarpaaap, 0, 0, 0, 0, , 0, 0, 0, 0, 0, 
213, 1, 220, 216, -1, 144, 65, 83.0, 19, ABarpaapa, 0, 0, 0, 0, , 0, 0, 0, 0, 0, 
214, 1, 221, 217, -1, 177, 62, 87.0, 18, ABarpaapp, 0, 0, 0, 0, , 0, 0, 0, 0, 0, 
215, 1, 222, 218, -1, 100, 56, 96.0, 15, ABarpapaa, 0, 0, 0, 0, , 0, 0, 0, 0, 0, 
216, 1, 223, 219, -1, 125, 44, 106.0, 15, ABarpapap, 0, 0, 0, 0, , 0, 0, 0, 0, 0, 
217, 1, 224, 220, -1, 148, 38, 118.0, 14, ABarpappa, 0, 0, 0, 0, , 0, 0, 0, 0, 0, 
218, 1, 225, 221, -1, 211, 52, 117.0, 19, ABarpppap, 0, 0, 0, 0, , 0, 0, 0, 0, 0, 
219, 1, 226, 222, -1, 198, 84, 72.0, 16, ABarppaap, 0, 0, 0, 0, , 0, 0, 0, 0, 0, 
220, 1, 227, 223, -1, 175, 83, 61.0, 17, ABarppaaa, 0, 0, 0, 0, , 0, 0, 0, 0, 0, 
221, 1, 228, 224, -1, 220, 99, 81.0, 19, ABarppapa, 0, 0, 0, 0, , 0, 0, 0, 0, 0, 
222, 1, 229, 225, -1, 244, 112, 88.0, 19, ABarppapp, 0, 0, 0, 0, , 0, 0, 0, 0, 0, 
223, 1, 230, 226, -1, 192, 46, 105.0, 16, ABarpppaa, 0, 0, 0, 0, , 0, 0, 0, 0, 0, 
224, 1, 231, 227, -1, 174, 46, 113.0, 17, ABarpappp, 0, 0, 0, 0, , 0, 0, 0, 0, 0, 
225, 1, 232, 228, -1, 236, 56, 110.0, 18, ABarppppa, 0, 0, 0, 0, , 0, 0, 0, 0, 0, 
226, 1, 233, 229, -1, 262, 75, 114.0, 18, ABarppppp, 0, 0, 0, 0, , 0, 0, 0, 0, 0, 
227, 1, 234, 230, -1, 94, 107, 58.0, 17, ABplaaaaa, 0, 0, 0, 0, , 0, 0, 0, 0, 0, 
228, 1, 235, 231, -1, 122, 87, 62.0, 17, ABplaaaap, 0, 0, 0, 0, , 0, 0, 0, 0, 0, 
229, 1, 236, 232, -1, 145, 91, 61.0, 17, ABplaaapa, 0, 0, 0, 0, , 0, 0, 0, 0, 0, 
230, 1, 237, 233, -1, 169, 100, 70.0, 17, ABplaaapp, 0, 0, 0, 0, , 0, 0, 0, 0, 0, 
231, 1, 238, 234, -1, 111, 122, 59.0, 17, ABplaapaa, 0, 0, 0, 0, , 0, 0, 0, 0, 0, 
232, 1, 239, 235, -1, 136, 128, 59.0, 17, ABplaapap, 0, 0, 0, 0, , 0, 0, 0, 0, 0, 
233, 1, 240, 236, -1, 182, 141, 71.0, 17, ABplaappp, 0, 0, 0, 0, , 0, 0, 0, 0, 0, 
234, 1, 241, 237, -1, 157, 145, 62.0, 17, ABplaappa, 0, 0, 0, 0, , 0, 0, 0, 0, 0, 
235, 1, 242, 238, -1, 165, 124, 55.0, 17, ABplapaaa, 0, 0, 0, 0, , 0, 0, 0, 0, 0, 
236, 1, 243, 239, -1, 194, 114, 58.0, 17, ABplapaap, 0, 0, 0, 0, , 0, 0, 0, 0, 0, 
237, 1, 244, 240, -1, 224, 119, 64.0, 16, ABplapapa, 0, 0, 0, 0, , 0, 0, 0, 0, 0, 
238, 1, 245, 241, -1, 259, 140, 78.0, 17, ABplapapp, 0, 0, 0, 0, , 0, 0, 0, 0, 0, 
239, 1, 246, 242, -1, 208, 139, 69.0, 19, ABplappaa, 0, 0, 0, 0, , 0, 0, 0, 0, 0, 
240, 1, 247, 243, -1, 240, 153, 78.0, 19, ABplappap, 0, 0, 0, 0, , 0, 0, 0, 0, 0, 
241, 1, 248, 244, -1, 255, 158, 94.0, 17, ABplapppa, 0, 0, 0, 0, , 0, 0, 0, 0, 0, 
242, 1, 249, 245, -1, 275, 168, 101.0, 17, ABplapppp, 0, 0, 0, 0, , 0, 0, 0, 0, 0, 
243, 1, 250, 246, -1, 211, 123, 171.0, 16, MSpapap, 0, 0, 0, 0, , 0, 0, 0, 0, 0, 
244, 1, 251, 247, -1, 191, 157, 169.0, 16, MSaappa, 0, 0, 0, 0, , 0, 0, 0, 0, 0, 
245, 1, 252, 248, -1, 102, 143, 110.0, 16, MSapaaa, 0, 0, 0, 0, , 0, 0, 0, 0, 0, 
246, 1, 253, 249, -1, 138, 132, 124.0, 16, MSapaap, 0, 0, 0, 0, , 0, 0, 0, 0, 0, 
247, 1, 254, 250, -1, 142, 151, 112.0, 16, MSapapa, 0, 0, 0, 0, , 0, 0, 0, 0, 0, 
248, 1, 255, 251, -1, 174, 135, 112.0, 16, MSapapp, 0, 0, 0, 0, , 0, 0, 0, 0, 0, 
249, 1, 256, 252, -1, 96, 92, 158.0, 15, MSpaaaa, 0, 0, 0, 0, , 0, 0, 0, 0, 0, 
250, 1, 257, 253, -1, 139, 80, 147.0, 15, MSpaaap, 0, 0, 0, 0, , 0, 0, 0, 0, 0, 
251, 1, 258, 254, -1, 130, 102, 152.0, 15, MSpaapa, 0, 0, 0, 0, , 0, 0, 0, 0, 0, 
252, 1, 259, 255, -1, 163, 113, 155.0, 15, MSpaapp, 0, 0, 0, 0, , 0, 0, 0, 0, 0, 
253, 1, 260, 256, -1, 169, 131, 179.0, 16, MSpapaa, 0, 0, 0, 0, , 0, 0, 0, 0, 0, 
254, 1, 261, 257, -1, 207, 139, 194.0, 14, MSpappa, 0, 0, 0, 0, , 0, 0, 0, 0, 0, 
255, 1, 262, 258, -1, 239, 129, 186.0, 16, MSpappp, 0, 0, 0, 0, , 0, 0, 0, 0, 0, 
256, 1, 263, 259, -1, 155, 92, 175.0, 14, MSppaap, 0, 0, 0, 0, , 0, 0, 0, 0, 0, 
257, 1, 264, 260, -1, 163, 78, 171.0, 14, MSppapa, 0, 0, 0, 0, , 0, 0, 0, 0, 0, 
258, 1, 265, 261, -1, 193, 80, 152.0, 15, MSppapp, 0, 0, 0, 0, , 0, 0, 0, 0, 0, 
259, 1, 266, 262, -1, 113, 48, 152.0, 17, ABpraaapa, 0, 0, 0, 0, , 0, 0, 0, 0, 0, 
260, 1, 267, 263, -1, 145, 36, 146.0, 14, ABpraapaa, 0, 0, 0, 0, , 0, 0, 0, 0, 0, 
261, 1, 268, 264, -1, 303, 86, 161.0, 21, ABprapppp, 0, 0, 0, 0, , 0, 0, 0, 0, 0, 
