1, 0, 1, -1, -1, 50, 112, 80.0, 9, , 102, 0, 0, 0, , 0, 0, 0, 0, 0, 
2, 0, 2, -1, -1, 163, 49, 179.0, 9, , 30, 0, 0, 0, , 0, 0, 0, 0, 0, 
3, 0, 3, -1, -1, 77, 69, 154.0, 9, , 28, 0, 0, 0, , 0, 0, 0, 0, 0, 
4, 0, 4, -1, -1, 233, 70, 191.0, 9, , 27, 0, 0, 0, , 0, 0, 0, 0, 0, 
5, 0, 5, -1, -1, 48, 110, 87.0, 9, , 240, 0, 0, 0, , 0, 0, 0, 0, 0, 
6, 0, 6, -1, -1, 93, 65, 166.0, 8, , 22, 0, 0, 0, , 0, 0, 0, 0, 0, 
7, 0, 7, -1, -1, 97, 68, 176.0, 9, , 16, 0, 0, 0, , 0, 0, 0, 0, 0, 
8, 0, 8, -1, -1, 95, 118, 189.0, 9, , 7, 0, 0, 0, , 0, 0, 0, 0, 0, 
9, 0, 9, -1, -1, 200, 89, 204.0, 7, , 10, 0, 0, 0, , 0, 0, 0, 0, 0, 
10, 0, 11, -1, -1, 183, 53, 178.0, 7, , 9, 0, 0, 0, , 0, 0, 0, 0, 0, 
11, 0, 12, -1, -1, 164, 108, 148.0, 11, , 48, 0, 0, 0, , 0, 0, 0, 0, 0, 
12, 0, 13, -1, -1, 194, 57, 175.0, 8, , 15, 0, 0, 0, , 0, 0, 0, 0, 0, 
13, 0, 14, -1, -1, 85, 57, 138.0, 8, , 15, 0, 0, 0, , 0, 0, 0, 0, 0, 
14, 0, 15, -1, -1, 94, 63, 169.0, 9, , 72, 0, 0, 0, , 0, 0, 0, 0, 0, 
15, 0, 16, -1, -1, 224, 70, 199.0, 9, , 91, 0, 0, 0, , 0, 0, 0, 0, 0, 
16, 0, 17, -1, -1, 195, 104, 201.0, 8, , 19, 0, 0, 0, , 0, 0, 0, 0, 0, 
17, 0, 18, -1, -1, 253, 39, 143.0, 8, , 20, 0, 0, 0, , 0, 0, 0, 0, 0, 
18, 0, 19, -1, -1, 81, 122, 154.0, 9, , 51, 0, 0, 0, , 0, 0, 0, 0, 0, 
19, 0, 20, -1, -1, 96, 115, 197.0, 9, , 21, 0, 0, 0, , 0, 0, 0, 0, 0, 
20, 0, 21, -1, -1, 228, 70, 182.0, 9, , 9, 0, 0, 0, , 0, 0, 0, 0, 0, 
21, 0, 22, -1, -1, 133, 78, 195.0, 8, , 13, 0, 0, 0, , 0, 0, 0, 0, 0, 
22, 0, 23, -1, -1, 227, 78, 201.0, 9, , 42, 0, 0, 0, , 0, 0, 0, 0, 0, 
23, 0, 24, -1, -1, 130, 137, 200.0, 9, , 31, 0, 0, 0, , 0, 0, 0, 0, 0, 
24, 0, 25, -1, -1, 192, 70, 200.0, 7, , 52, 0, 0, 0, , 0, 0, 0, 0, 0, 
25, 0, 26, -1, -1, 157, 110, 151.0, 8, , 7, 0, 0, 0, , 0, 0, 0, 0, 0, 
26, 0, 27, -1, -1, 92, 67, 172.0, 8, , 49, 0, 0, 0, , 0, 0, 0, 0, 0, 
27, 0, 28, -1, -1, 191, 69, 196.0, 9, , 17, 0, 0, 0, , 0, 0, 0, 0, 0, 
28, 0, 29, -1, -1, 176, 45, 165.0, 8, , 29, 0, 0, 0, , 0, 0, 0, 0, 0, 
29, 0, 30, -1, -1, 169, 47, 183.0, 8, , 10, 0, 0, 0, , 0, 0, 0, 0, 0, 
30, 0, 31, -1, -1, 236, 93, 197.0, 9, , 12, 0, 0, 0, , 0, 0, 0, 0, 0, 
31, 0, 32, -1, -1, 78, 61, 141.0, 8, , 8, 0, 0, 0, , 0, 0, 0, 0, 0, 
32, 0, 33, -1, -1, 101, 60, 157.0, 11, , 28, 0, 0, 0, , 0, 0, 0, 0, 0, 
33, 0, 34, -1, -1, 67, 109, 159.0, 8, , 9, 0, 0, 0, , 0, 0, 0, 0, 0, 
34, 0, 35, -1, -1, 134, 120, 195.0, 9, , 53, 0, 0, 0, , 0, 0, 0, 0, 0, 
35, 0, 36, -1, -1, 195, 65, 202.0, 8, , 2, 0, 0, 0, , 0, 0, 0, 0, 0, 
36, 0, 37, -1, -1, 218, 113, 200.0, 7, , 13, 0, 0, 0, , 0, 0, 0, 0, 0, 
37, 0, 38, -1, -1, 160, 97, 207.0, 9, , 29, 0, 0, 0, , 0, 0, 0, 0, 0, 
38, 0, 39, -1, -1, 88, 113, 177.0, 9, , 13, 0, 0, 0, , 0, 0, 0, 0, 0, 
39, 0, 40, -1, -1, 223, 43, 130.0, 8, , 18, 0, 0, 0, , 0, 0, 0, 0, 0, 
40, 0, 41, -1, -1, 228, 39, 133.0, 7, , 9, 0, 0, 0, , 0, 0, 0, 0, 0, 
41, 0, 42, -1, -1, 83, 75, 159.0, 7, , 16, 0, 0, 0, , 0, 0, 0, 0, 0, 
42, 0, 43, -1, -1, 252, 75, 190.0, 7, , 6, 0, 0, 0, , 0, 0, 0, 0, 0, 
43, 0, 44, -1, -1, 215, 109, 208.0, 9, , 23, 0, 0, 0, , 0, 0, 0, 0, 0, 
44, 0, 45, -1, -1, 137, 117, 198.0, 8, , 18, 0, 0, 0, , 0, 0, 0, 0, 0, 
45, 0, 46, -1, -1, 219, 76, 204.0, 11, , 32, 0, 0, 0, , 0, 0, 0, 0, 0, 
46, 0, 47, -1, -1, 202, 71, 199.0, 7, , 10, 0, 0, 0, , 0, 0, 0, 0, 0, 
47, 0, 48, -1, -1, 228, 61, 108.0, 8, , 5, 0, 0, 0, , 0, 0, 0, 0, 0, 
48, 0, 49, -1, -1, 190, 35, 137.0, 7, , 25, 0, 0, 0, , 0, 0, 0, 0, 0, 
49, 0, 50, -1, -1, 70, 83, 153.0, 8, , 8, 0, 0, 0, , 0, 0, 0, 0, 0, 
50, 0, 51, -1, -1, 301, 86, 170.0, 7, , 15, 0, 0, 0, , 0, 0, 0, 0, 0, 
51, 0, 53, -1, -1, 138, 117, 184.0, 8, , 21, 0, 0, 0, , 0, 0, 0, 0, 0, 
52, 0, 54, -1, -1, 132, 78, 193.0, 9, , 33, 0, 0, 0, , 0, 0, 0, 0, 0, 
53, 0, 55, -1, -1, 165, 77, 203.0, 9, , 23, 0, 0, 0, , 0, 0, 0, 0, 0, 
54, 0, 56, -1, -1, 222, 75, 207.0, 8, , 10, 0, 0, 0, , 0, 0, 0, 0, 0, 
55, 0, 57, -1, -1, 83, 64, 133.0, 8, , 22, 0, 0, 0, , 0, 0, 0, 0, 0, 
56, 0, 58, -1, -1, 145, 55, 182.0, 9, , 12, 0, 0, 0, , 0, 0, 0, 0, 0, 
57, 0, 59, -1, -1, 227, 69, 187.0, 8, , 39, 0, 0, 0, , 0, 0, 0, 0, 0, 
58, 0, 60, -1, -1, 86, 110, 162.0, 9, , 13, 0, 0, 0, , 0, 0, 0, 0, 0, 
59, 0, 61, -1, -1, 49, 96, 127.0, 9, , 14, 0, 0, 0, , 0, 0, 0, 0, 0, 
60, 0, 62, -1, -1, 254, 40, 135.0, 8, , 3, 0, 0, 0, , 0, 0, 0, 0, 0, 
61, 0, 63, -1, -1, 182, 42, 152.0, 11, , 20, 0, 0, 0, , 0, 0, 0, 0, 0, 
62, 0, 64, -1, -1, 45, 112, 151.0, 9, , 9, 0, 0, 0, , 0, 0, 0, 0, 0, 
63, 0, 65, -1, -1, 175, 38, 146.0, 9, , 6, 0, 0, 0, , 0, 0, 0, 0, 0, 
64, 0, 66, -1, -1, 250, 44, 150.0, 9, , 26, 0, 0, 0, , 0, 0, 0, 0, 0, 
65, 0, 67, -1, -1, 97, 66, 160.0, 9, , 34, 0, 0, 0, , 0, 0, 0, 0, 0, 
66, 0, 68, -1, -1, 84, 115, 173.0, 9, , 17, 0, 0, 0, , 0, 0, 0, 0, 0, 
67, 0, 69, -1, -1, 78, 91, 179.0, 9, , 25, 0, 0, 0, , 0, 0, 0, 0, 0, 
68, 0, 70, -1, -1, 122, 96, 197.0, 11, , 41, 0, 0, 0, , 0, 0, 0, 0, 0, 
69, 0, 71, -1, -1, 218, 78, 194.0, 8, , 13, 0, 0, 0, , 0, 0, 0, 0, 0, 
70, 0, 72, -1, -1, 305, 69, 162.0, 8, , 11, 0, 0, 0, , 0, 0, 0, 0, 0, 
71, 0, 73, -1, -1, 129, 118, 198.0, 8, , 39, 0, 0, 0, , 0, 0, 0, 0, 0, 
72, 0, -1, -1, -1, 217, 79, 198.0, 8, , 38, 0, 0, 0, , 0, 0, 0, 0, 0, 
73, 0, -1, -1, -1, 161, 78, 200.0, 9, , 74, 0, 0, 0, , 0, 0, 0, 0, 0, 
74, 0, -1, -1, -1, 130, 100, 201.0, 9, , 40, 0, 0, 0, , 0, 0, 0, 0, 0, 
75, 0, -1, -1, -1, 204, 173, 148.0, 9, , 24, 0, 0, 0, , 0, 0, 0, 0, 0, 
76, 0, -1, -1, -1, 91, 110, 169.0, 9, , 115, 0, 0, 0, , 0, 0, 0, 0, 0, 
77, 0, -1, -1, -1, 146, 55, 178.0, 9, , 67, 0, 0, 0, , 0, 0, 0, 0, 0, 
78, 0, -1, -1, -1, 239, 56, 106.0, 8, , 3, 0, 0, 0, , 0, 0, 0, 0, 0, 
79, 0, -1, -1, -1, 90, 154, 125.0, 7, , 5, 0, 0, 0, , 0, 0, 0, 0, 0, 
80, 0, -1, -1, -1, 63, 79, 132.0, 9, , 16, 0, 0, 0, , 0, 0, 0, 0, 0, 
81, 0, -1, -1, -1, 82, 66, 145.0, 7, , 12, 0, 0, 0, , 0, 0, 0, 0, 0, 
82, 0, -1, -1, -1, 119, 47, 147.0, 8, , 9, 0, 0, 0, , 0, 0, 0, 0, 0, 
83, 0, -1, -1, -1, 109, 54, 155.0, 8, , 15, 0, 0, 0, , 0, 0, 0, 0, 0, 
84, 0, -1, -1, -1, 110, 59, 165.0, 8, , 6, 0, 0, 0, , 0, 0, 0, 0, 0, 
85, 0, -1, -1, -1, 255, 49, 168.0, 7, , 11, 0, 0, 0, , 0, 0, 0, 0, 0, 
86, 0, -1, -1, -1, 128, 122, 169.0, 8, , 3, 0, 0, 0, , 0, 0, 0, 0, 0, 
87, 0, -1, -1, -1, 256, 75, 174.0, 11, , 18, 0, 0, 0, , 0, 0, 0, 0, 0, 
88, 0, -1, -1, -1, 290, 83, 178.0, 8, , 10, 0, 0, 0, , 0, 0, 0, 0, 0, 
89, 0, -1, -1, -1, 129, 58, 185.0, 8, , 13, 0, 0, 0, , 0, 0, 0, 0, 0, 
90, 0, -1, -1, -1, 94, 115, 187.0, 9, , 34, 0, 0, 0, , 0, 0, 0, 0, 0, 
91, 0, -1, -1, -1, 132, 140, 188.0, 9, , 16, 0, 0, 0, , 0, 0, 0, 0, 0, 
92, 0, -1, -1, -1, 187, 57, 188.0, 9, , 18, 0, 0, 0, , 0, 0, 0, 0, 0, 
93, 0, -1, -1, -1, 158, 123, 195.0, 7, , 5, 0, 0, 0, , 0, 0, 0, 0, 0, 
94, 0, -1, -1, -1, 264, 101, 197.0, 8, , 4, 0, 0, 0, , 0, 0, 0, 0, 0, 
95, 0, -1, -1, -1, 142, 81, 199.0, 8, , 10, 0, 0, 0, , 0, 0, 0, 0, 0, 
96, 0, -1, -1, -1, 136, 120, 201.0, 8, , 7, 0, 0, 0, , 0, 0, 0, 0, 0, 
97, 0, -1, -1, -1, 123, 92, 202.0, 8, , 6, 0, 0, 0, , 0, 0, 0, 0, 0, 
98, 0, -1, -1, -1, 125, 97, 208.0, 9, , 7, 0, 0, 0, , 0, 0, 0, 0, 0, 
99, 0, -1, -1, -1, 200, 92, 209.0, 9, , 6, 0, 0, 0, , 0, 0, 0, 0, 0, 
100, 1, 74, 103, -1, 279, 90, 132.0, 22, Eprp, 0, 0, 0, 0, , 0, 0, 0, 0, 0, 
101, 1, 75, 104, -1, 142, 50, 157.0, 17, ABpraaapp, 0, 0, 0, 0, , 0, 0, 0, 0, 0, 
102, 0, 76, -1, -1, 145, 37, 136.0, 17, , 0, 0, 0, 0, , 0, 0, 0, 0, 0, 
103, 1, 77, 106, -1, 164, 78, 195.0, 17, ABarapppp, 0, 0, 0, 0, , 0, 0, 0, 0, 0, 
104, 1, 78, 107, -1, 136, 77, 199.0, 16, ABarapppa, 0, 0, 0, 0, , 0, 0, 0, 0, 0, 
105, 1, 79, 108, -1, 125, 97, 200.0, 17, ABarappaa, 0, 0, 0, 0, , 0, 0, 0, 0, 0, 
106, 1, 80, 109, -1, 158, 102, 209.0, 17, ABarappap, 0, 0, 0, 0, , 0, 0, 0, 0, 0, 
107, 1, 81, 110, -1, 99, 117, 192.0, 17, ABarapaaa, 0, 0, 0, 0, , 0, 0, 0, 0, 0, 
108, 1, 82, 111, -1, 127, 139, 195.0, 19, ABarapaap, 0, 0, 0, 0, , 0, 0, 0, 0, 0, 
109, 1, 83, 112, -1, 134, 117, 200.0, 15, ABarapapa, 0, 0, 0, 0, , 0, 0, 0, 0, 0, 
110, 1, 84, 113, -1, 159, 125, 196.0, 18, ABarapapp, 0, 0, 0, 0, , 0, 0, 0, 0, 0, 
111, 1, 85, 114, -1, 82, 126, 154.0, 18, ABaraapaa, 0, 0, 0, 0, , 0, 0, 0, 0, 0, 
112, 1, 86, 115, -1, 105, 136, 164.0, 18, ABaraapap, 0, 0, 0, 0, , 0, 0, 0, 0, 0, 
113, 1, 87, 116, -1, 122, 125, 171.0, 19, ABaraappa, 0, 0, 0, 0, , 0, 0, 0, 0, 0, 
114, 1, 88, 117, -1, 141, 113, 175.0, 19, ABaraappp, 0, 0, 0, 0, , 0, 0, 0, 0, 0, 
115, 1, 89, 118, -1, 78, 98, 177.0, 21, ABaraaapa, 0, 0, 0, 0, , 0, 0, 0, 0, 0, 
116, 1, 90, 119, -1, 105, 97, 191.0, 17, ABaraaapp, 0, 0, 0, 0, , 0, 0, 0, 0, 0, 
117, 1, 91, 120, -1, 60, 106, 159.0, 17, ABaraaaaa, 0, 0, 0, 0, , 0, 0, 0, 0, 0, 
118, 1, 92, 121, -1, 87, 113, 172.0, 16, ABaraaaap, 0, 0, 0, 0, , 0, 0, 0, 0, 0, 
119, 1, 93, 122, -1, 73, 146, 165.0, 17, ABalpaaap, 0, 0, 0, 0, , 0, 0, 0, 0, 0, 
120, 1, 94, 123, -1, 60, 127, 162.0, 17, ABalpaaaa, 0, 0, 0, 0, , 0, 0, 0, 0, 0, 
121, 1, 95, 124, -1, 60, 135, 129.0, 21, ABalpaapa, 0, 0, 0, 0, , 0, 0, 0, 0, 0, 
122, 1, 96, 125, -1, 87, 150, 127.0, 18, ABalpaapp, 0, 0, 0, 0, , 0, 0, 0, 0, 0, 
123, 1, 97, 126, -1, 107, 154, 178.0, 19, ABalpappa, 0, 0, 0, 0, , 0, 0, 0, 0, 0, 
124, 1, 98, 127, -1, 140, 155, 174.0, 19, ABalpappp, 0, 0, 0, 0, , 0, 0, 0, 0, 0, 
125, 1, 99, 128, -1, 73, 149, 106.0, 19, ABalppaaa, 0, 0, 0, 0, , 0, 0, 0, 0, 0, 
126, 1, 100, 129, -1, 85, 167, 110.0, 19, ABalppaap, 0, 0, 0, 0, , 0, 0, 0, 0, 0, 
127, 1, 101, 130, -1, 108, 170, 132.0, 19, ABalppapa, 0, 0, 0, 0, , 0, 0, 0, 0, 0, 
128, 1, 102, 131, -1, 134, 162, 137.0, 19, ABalppapp, 0, 0, 0, 0, , 0, 0, 0, 0, 0, 
129, 1, 103, 132, -1, 78, 156, 144.0, 17, ABalpapaa, 0, 0, 0, 0, , 0, 0, 0, 0, 0, 
130, 1, 104, 133, -1, 101, 162, 159.0, 19, ABalpapap, 0, 0, 0, 0, , 0, 0, 0, 0, 0, 
131, 1, 105, 134, -1, 84, 136, 98.5, 18, ABalpppaa, 0, 0, 0, 0, , 0, 0, 0, 0, 0, 
132, 1, 106, 135, -1, 106, 149, 83.14286, 18, ABalpppap, 0, 0, 0, 0, , 0, 0, 0, 0, 0, 
133, 1, 107, 136, -1, 144, 134, 77.0, 16, ABalppppp, 0, 0, 0, 0, , 0, 0, 0, 0, 0, 
134, 1, 108, 137, -1, 117, 130, 88.5, 15, ABalppppa, 0, 0, 0, 0, , 0, 0, 0, 0, 0, 
135, 1, 109, 138, -1, 48, 96, 122.0, 16, ABalaaapa, 0, 0, 0, 0, , 0, 0, 0, 0, 0, 
136, 1, 110, 139, -1, 65, 80, 124.0, 18, ABalaaapp, 0, 0, 0, 0, , 0, 0, 0, 0, 0, 
137, 1, 111, 140, -1, 62, 84, 154.0, 17, ABalaapaa, 0, 0, 0, 0, , 0, 0, 0, 0, 0, 
138, 1, 112, 141, -1, 81, 71, 157.0, 17, ABalaapap, 0, 0, 0, 0, , 0, 0, 0, 0, 0, 
139, 1, 113, 142, -1, 45, 112, 145.0, 19, ABalaaaar, 0, 0, 0, 0, , 0, 0, 0, 0, 0, 
140, 1, 114, 143, -1, 54, 118, 116.0, 19, ABalaaaal, 0, 0, 0, 0, , 0, 0, 0, 0, 0, 
141, 1, 115, 144, -1, 100, 59, 130.0, 18, ABalaappp, 0, 0, 0, 0, , 0, 0, 0, 0, 0, 
142, 1, 116, 145, -1, 85, 64, 140.0, 17, ABalaappa, 0, 0, 0, 0, , 0, 0, 0, 0, 0, 
143, 1, 117, 146, -1, 84, 113, 90.0, 19, ABalapaap, 0, 0, 0, 0, , 0, 0, 0, 0, 0, 
144, 1, 118, 147, -1, 74, 107, 107.0, 19, ABalapaaa, 0, 0, 0, 0, , 0, 0, 0, 0, 0, 
145, 1, 119, 148, -1, 100, 96, 86.0, 17, ABalapapa, 0, 0, 0, 0, , 0, 0, 0, 0, 0, 
146, 1, 120, 149, -1, 125, 104, 94.0, 18, ABalapapp, 0, 0, 0, 0, , 0, 0, 0, 0, 0, 
147, 1, 121, 150, -1, 72, 76, 107.0, 17, ABalappaa, 0, 0, 0, 0, , 0, 0, 0, 0, 0, 
148, 1, 122, 151, -1, 95, 80, 109.0, 16, ABalappap, 0, 0, 0, 0, , 0, 0, 0, 0, 0, 
149, 1, 123, 152, -1, 107, 62, 116.0, 18, ABalapppa, 0, 0, 0, 0, , 0, 0, 0, 0, 0, 
150, 1, 124, 153, -1, 139, 67, 107.0, 18, ABalapppp, 0, 0, 0, 0, , 0, 0, 0, 0, 0, 
151, 1, 125, 154, -1, 97, 67, 167.0, 16, ABpraaaaa, 0, 0, 0, 0, , 0, 0, 0, 0, 0, 
152, 1, 126, 155, -1, 113, 58, 172.0, 17, ABpraaaap, 0, 0, 0, 0, , 0, 0, 0, 0, 0, 
153, 1, 127, 156, -1, 218, 56, 167.66667, 14, ABpraappp, 0, 0, 0, 0, , 0, 0, 0, 0, 0, 
154, 1, 128, 157, -1, 180, 43, 159.33333, 17, ABpraappa, 0, 0, 0, 0, , 0, 0, 0, 0, 0, 
155, 1, 129, 158, -1, 248, 49, 166.0, 17, ABprappaa, 0, 0, 0, 0, , 0, 0, 0, 0, 0, 
156, 1, 130, 159, -1, 279, 59, 163.2, 18, ABprappap, 0, 0, 0, 0, , 0, 0, 0, 0, 0, 
157, 1, 131, 160, -1, 302, 73, 158.0, 19, ABprapppa, 0, 0, 0, 0, , 0, 0, 0, 0, 0, 
158, 1, 132, 161, -1, 192, 32, 134.0, 19, ABprapaaa, 0, 0, 0, 0, , 0, 0, 0, 0, 0, 
159, 1, 133, 162, -1, 225, 40, 133.0, 13, ABprapaap, 0, 0, 0, 0, , 0, 0, 0, 0, 0, 
160, 1, 134, 163, -1, 250, 41, 141.0, 19, ABprapapa, 0, 0, 0, 0, , 0, 0, 0, 0, 0, 
161, 1, 135, 164, -1, 286, 59, 134.0, 19, ABprapapp, 0, 0, 0, 0, , 0, 0, 0, 0, 0, 
162, 1, 136, 165, -1, 172, 168, 114.5, 15, ABplppaaa, 0, 0, 0, 0, , 0, 0, 0, 0, 0, 
163, 1, 137, 166, -1, 200, 170, 110.6, 17, ABplppaap, 0, 0, 0, 0, , 0, 0, 0, 0, 0, 
164, 1, 138, 167, -1, 213, 158, 94.0, 14, ABplppapa, 0, 0, 0, 0, , 0, 0, 0, 0, 0, 
165, 1, 139, 168, -1, 234, 156, 110.0, 15, ABplppapp, 0, 0, 0, 0, , 0, 0, 0, 0, 0, 
166, 1, 140, 169, -1, 226, 174, 103.5, 16, ABplpppaa, 0, 0, 0, 0, , 0, 0, 0, 0, 0, 
167, 1, 141, 170, -1, 248, 174, 111.333336, 17, ABplpppap, 0, 0, 0, 0, , 0, 0, 0, 0, 0, 
168, 1, 142, 171, -1, 215, 170, 133.0, 14, ABplppppa, 0, 0, 0, 0, , 0, 0, 0, 0, 0, 
169, 1, 143, 172, -1, 237, 176, 153.0, 15, ABplppppp, 0, 0, 0, 0, , 0, 0, 0, 0, 0, 
170, 1, 144, 173, -1, 160, 176, 130.0, 16, ABplpapap, 0, 0, 0, 0, , 0, 0, 0, 0, 0, 
171, 1, 145, 174, -1, 112, 167, 102.0, 17, ABplpaaaa, 0, 0, 0, 0, , 0, 0, 0, 0, 0, 
172, 1, 146, 175, -1, 136, 172, 99.333336, 17, ABplpaaap, 0, 0, 0, 0, , 0, 0, 0, 0, 0, 
173, 1, 147, 176, -1, 146, 164, 82.0, 19, ABplpaapa, 0, 0, 0, 0, , 0, 0, 0, 0, 0, 
174, 1, 148, 177, -1, 176, 167, 88.0, 19, ABplpaapp, 0, 0, 0, 0, , 0, 0, 0, 0, 0, 
175, 1, 149, 178, -1, 136, 176, 124.0, 15, ABplpapaa, 0, 0, 0, 0, , 0, 0, 0, 0, 0, 
176, 1, 150, 179, -1, 167, 169, 149.0, 17, ABplpappa, 0, 0, 0, 0, , 0, 0, 0, 0, 0, 
177, 1, 151, 180, -1, 199, 174, 148.14285, 17, ABplpappp, 0, 0, 0, 0, , 0, 0, 0, 0, 0, 
178, 1, 152, 181, -1, 170, 38, 140.0, 14, ABpraapap, 0, 0, 0, 0, , 0, 0, 0, 0, 0, 
179, 1, 153, 182, -1, 127, 64, 186.0, 16, ABprpaaaa, 0, 0, 0, 0, , 0, 0, 0, 0, 0, 
180, 1, 154, 183, -1, 148, 59, 182.85715, 18, ABprpaaap, 0, 0, 0, 0, , 0, 0, 0, 0, 0, 
181, 1, 155, 184, -1, 168, 52, 183.0, 15, ABprpaapa, 0, 0, 0, 0, , 0, 0, 0, 0, 0, 
182, 1, 156, 185, -1, 189, 56, 182.0, 15, ABprpaapp, 0, 0, 0, 0, , 0, 0, 0, 0, 0, 
183, 1, 157, 186, -1, 178, 94, 198.0, 15, ABprpapaa, 0, 0, 0, 0, , 0, 0, 0, 0, 0, 
184, 1, 158, 187, -1, 196, 92, 202.33333, 16, ABprpapap, 0, 0, 0, 0, , 0, 0, 0, 0, 0, 
185, 1, 159, 188, -1, 191, 115, 205.0, 17, ABprpappa, 0, 0, 0, 0, , 0, 0, 0, 0, 0, 
186, 1, 160, 189, -1, 217, 109, 202.0, 16, ABprpappp, 0, 0, 0, 0, , 0, 0, 0, 0, 0, 
187, 1, 161, 190, -1, 195, 69, 198.0, 14, ABprppaaa, 0, 0, 0, 0, , 0, 0, 0, 0, 0, 
188, 1, 162, 191, -1, 223, 75, 202.0, 17, ABprppaap, 0, 0, 0, 0, , 0, 0, 0, 0, 0, 
189, 1, 163, 192, -1, 232, 70, 185.0, 16, ABprppapa, 0, 0, 0, 0, , 0, 0, 0, 0, 0, 
190, 1, 164, 193, -1, 254, 74, 169.0, 14, ABprppapp, 0, 0, 0, 0, , 0, 0, 0, 0, 0, 
191, 1, 165, 194, -1, 259, 75, 189.0, 16, ABprpppaa, 0, 0, 0, 0, , 0, 0, 0, 0, 0, 
192, 1, 166, 195, -1, 284, 83, 180.0, 16, ABprpppap, 0, 0, 0, 0, , 0, 0, 0, 0, 0, 
193, 1, 167, 196, -1, 240, 92, 194.8, 17, ABprppppa, 0, 0, 0, 0, , 0, 0, 0, 0, 0, 
194, 1, 168, 197, -1, 260, 105, 199.0, 17, ABprppppp, 0, 0, 0, 0, , 0, 0, 0, 0, 0, 
195, 1, 170, 198, 199, 192, 149, 114.0, 16, MSappp, 0, 0, 0, 0, , 0, 0, 0, 0, 0, 
196, 1, 171, 283, -1, 117, 82, 167.0, 16, MSppaaa, 0, 0, 0, 0, , 0, 0, 0, 0, 0, 
197, 1, 172, 200, -1, 70, 102, 137.14285, 17, MSaaaaa, 0, 0, 0, 0, , 0, 0, 0, 0, 0, 
198, 1, 173, 201, -1, 106, 98, 115.25, 15, MSaaaap, 0, 0, 0, 0, , 0, 0, 0, 0, 0, 
199, 1, 174, 202, -1, 149, 120, 147.0, 17, MSaaapp, 0, 0, 0, 0, , 0, 0, 0, 0, 0, 
200, 1, 175, 203, -1, 103, 121, 137.0, 19, MSaaapa, 0, 0, 0, 0, , 0, 0, 0, 0, 0, 
201, 1, 176, 204, -1, 170, 151, 164.0, 16, MSaapap, 0, 0, 0, 0, , 0, 0, 0, 0, 0, 
202, 1, 177, 205, -1, 140, 136, 149.0, 18, MSaapaa, 0, 0, 0, 0, , 0, 0, 0, 0, 0, 
203, 1, 178, 206, -1, 222, 153, 162.0, 16, MSaappp, 0, 0, 0, 0, , 0, 0, 0, 0, 0, 
204, 1, 179, 207, -1, 301, 134, 166.0, 17, Cppap, 0, 0, 0, 0, , 0, 0, 0, 0, 0, 
205, 1, 180, 208, -1, 225, 73, 141.0, 19, Epra, 0, 0, 0, 0, , 0, 0, 0, 0, 0, 
206, 1, 181, 209, -1, 183, 107, 108.0, 19, Ealp, 0, 0, 0, 0, , 0, 0, 0, 0, 0, 
207, 1, 182, 210, -1, 146, 108, 103.0, 21, Eala, 0, 0, 0, 0, , 0, 0, 0, 0, 0, 
208, 1, 183, 211, -1, 155, 80, 129.0, 19, Eara, 0, 0, 0, 0, , 0, 0, 0, 0, 0, 
209, 1, 184, 212, -1, 192, 92, 135.0, 19, Earp, 0, 0, 0, 0, , 0, 0, 0, 0, 0, 
210, 1, 185, 213, -1, 214, 104, 107.0, 18, Epla, 0, 0, 0, 0, , 0, 0, 0, 0, 0, 
211, 1, 186, 214, -1, 263, 107, 126.0, 19, Eplp, 0, 0, 0, 0, , 0, 0, 0, 0, 0, 
212, 1, 187, 215, -1, 263, 97, 83.0, 17, Caaaa, 0, 0, 0, 0, , 0, 0, 0, 0, 0, 
213, 1, 188, 216, -1, 292, 121, 89.0, 17, Caaap, 0, 0, 0, 0, , 0, 0, 0, 0, 0, 
214, 1, 189, 217, -1, 316, 117, 90.0, 15, Caapa, 0, 0, 0, 0, , 0, 0, 0, 0, 0, 
215, 1, 190, 218, -1, 316, 145, 110.0, 17, Caapp, 0, 0, 0, 0, , 0, 0, 0, 0, 0, 
216, 1, 191, 219, -1, 249, 165, 140.0, 17, Capaa, 0, 0, 0, 0, , 0, 0, 0, 0, 0, 
217, 1, 192, 220, -1, 287, 151, 147.0, 17, Capap, 0, 0, 0, 0, , 0, 0, 0, 0, 0, 
218, 1, 193, 221, -1, 280, 144, 109.0, 17, Cappa, 0, 0, 0, 0, , 0, 0, 0, 0, 0, 
219, 1, 194, 222, -1, 302, 147, 129.0, 17, Cappp, 0, 0, 0, 0, , 0, 0, 0, 0, 0, 
220, 1, 195, 223, -1, 231, 64, 93.0, 17, Cpaaa, 0, 0, 0, 0, , 0, 0, 0, 0, 0, 
221, 1, 196, 224, -1, 289, 83, 105.0, 17, Cpaap, 0, 0, 0, 0, , 0, 0, 0, 0, 0, 
222, 1, 197, 225, -1, 312, 93, 125.0, 17, Cpapa, 0, 0, 0, 0, , 0, 0, 0, 0, 0, 
223, 1, 198, 226, -1, 330, 123, 126.0, 15, Cpapp, 0, 0, 0, 0, , 0, 0, 0, 0, 0, 
224, 1, 199, 227, -1, 271, 117, 180.0, 15, Cppaa, 0, 0, 0, 0, , 0, 0, 0, 0, 0, 
225, 1, 200, 228, -1, 310, 103, 150.0, 17, Cpppa, 0, 0, 0, 0, , 0, 0, 0, 0, 0, 
226, 1, 201, 229, -1, 312, 134, 145.0, 17, Cpppp, 0, 0, 0, 0, , 0, 0, 0, 0, 0, 
227, 1, 202, 230, -1, 219, 142, 136.0, 16, Daa, 0, 0, 0, 0, , 0, 0, 0, 0, 0, 
228, 1, 203, 231, -1, 247, 137, 132.0, 16, Dap, 0, 0, 0, 0, , 0, 0, 0, 0, 0, 
229, 1, 204, 232, -1, 244, 113, 171.0, 16, Dpa, 0, 0, 0, 0, , 0, 0, 0, 0, 0, 
230, 1, 205, 233, -1, 279, 112, 156.0, 16, Dpp, 0, 0, 0, 0, , 0, 0, 0, 0, 0, 
231, 1, 206, 234, -1, 231, 109, 144.0, 18, Z2, 0, 0, 0, 0, , 0, 0, 0, 0, 0, 
232, 1, 207, 235, -1, 198, 125, 147.0, 16, Z3, 0, 0, 0, 0, , 0, 0, 0, 0, 0, 
233, 1, 208, 236, -1, 90, 78, 78.0, 14, ABarpaaaa, 0, 0, 0, 0, , 0, 0, 0, 0, 0, 
234, 1, 209, 237, -1, 116, 69, 80.0, 16, ABarpaaap, 0, 0, 0, 0, , 0, 0, 0, 0, 0, 
235, 1, 210, 238, -1, 146, 66, 81.0, 19, ABarpaapa, 0, 0, 0, 0, , 0, 0, 0, 0, 0, 
236, 1, 211, 239, -1, 179, 59, 85.0, 18, ABarpaapp, 0, 0, 0, 0, , 0, 0, 0, 0, 0, 
237, 1, 212, 240, -1, 104, 56, 94.0, 15, ABarpapaa, 0, 0, 0, 0, , 0, 0, 0, 0, 0, 
238, 1, 213, 241, -1, 124, 46, 103.0, 15, ABarpapap, 0, 0, 0, 0, , 0, 0, 0, 0, 0, 
239, 1, 214, 242, -1, 149, 40, 111.0, 14, ABarpappa, 0, 0, 0, 0, , 0, 0, 0, 0, 0, 
240, 1, 215, 243, -1, 214, 47, 116.0, 17, ABarpppap, 0, 0, 0, 0, , 0, 0, 0, 0, 0, 
241, 1, 216, 244, -1, 199, 82, 76.0, 16, ABarppaap, 0, 0, 0, 0, , 0, 0, 0, 0, 0, 
242, 1, 217, 245, -1, 175, 77, 65.0, 17, ABarppaaa, 0, 0, 0, 0, , 0, 0, 0, 0, 0, 
243, 1, 218, 246, -1, 222, 98, 77.0, 19, ABarppapa, 0, 0, 0, 0, , 0, 0, 0, 0, 0, 
244, 1, 219, 247, -1, 245, 114, 90.0, 19, ABarppapp, 0, 0, 0, 0, , 0, 0, 0, 0, 0, 
245, 1, 220, 248, -1, 194, 46, 107.0, 16, ABarpppaa, 0, 0, 0, 0, , 0, 0, 0, 0, 0, 
246, 1, 221, 249, -1, 173, 49, 115.0, 17, ABarpappp, 0, 0, 0, 0, , 0, 0, 0, 0, 0, 
247, 1, 222, 250, -1, 236, 57, 117.0, 18, ABarppppa, 0, 0, 0, 0, , 0, 0, 0, 0, 0, 
248, 1, 223, 251, -1, 265, 66, 118.0, 18, ABarppppp, 0, 0, 0, 0, , 0, 0, 0, 0, 0, 
249, 1, 224, 252, -1, 102, 101, 60.0, 17, ABplaaaaa, 0, 0, 0, 0, , 0, 0, 0, 0, 0, 
250, 1, 225, 253, -1, 126, 85, 65.0, 17, ABplaaaap, 0, 0, 0, 0, , 0, 0, 0, 0, 0, 
251, 1, 226, 254, -1, 148, 91, 62.0, 17, ABplaaapa, 0, 0, 0, 0, , 0, 0, 0, 0, 0, 
252, 1, 227, 255, -1, 169, 101, 66.0, 17, ABplaaapp, 0, 0, 0, 0, , 0, 0, 0, 0, 0, 
253, 1, 228, 256, -1, 112, 122, 59.0, 17, ABplaapaa, 0, 0, 0, 0, , 0, 0, 0, 0, 0, 
254, 1, 229, 257, -1, 145, 118, 59.0, 17, ABplaapap, 0, 0, 0, 0, , 0, 0, 0, 0, 0, 
255, 1, 230, 258, -1, 189, 142, 70.0, 17, ABplaappp, 0, 0, 0, 0, , 0, 0, 0, 0, 0, 
256, 1, 231, 259, -1, 167, 144, 61.0, 17, ABplaappa, 0, 0, 0, 0, , 0, 0, 0, 0, 0, 
257, 1, 232, 260, -1, 174, 123, 52.0, 17, ABplapaaa, 0, 0, 0, 0, , 0, 0, 0, 0, 0, 
258, 1, 233, 261, -1, 197, 116, 64.0, 17, ABplapaap, 0, 0, 0, 0, , 0, 0, 0, 0, 0, 
259, 1, 234, 262, -1, 227, 122, 65.0, 16, ABplapapa, 0, 0, 0, 0, , 0, 0, 0, 0, 0, 
260, 1, 235, 263, -1, 259, 142, 80.0, 17, ABplapapp, 0, 0, 0, 0, , 0, 0, 0, 0, 0, 
261, 1, 236, 264, -1, 212, 141, 76.0, 19, ABplappaa, 0, 0, 0, 0, , 0, 0, 0, 0, 0, 
262, 1, 237, 265, -1, 243, 153, 79.0, 19, ABplappap, 0, 0, 0, 0, , 0, 0, 0, 0, 0, 
263, 1, 238, 266, -1, 255, 159, 99.0, 17, ABplapppa, 0, 0, 0, 0, , 0, 0, 0, 0, 0, 
264, 1, 239, 267, -1, 275, 171, 104.0, 17, ABplapppp, 0, 0, 0, 0, , 0, 0, 0, 0, 0, 
265, 1, 240, 268, -1, 206, 128, 177.0, 16, MSpapap, 0, 0, 0, 0, , 0, 0, 0, 0, 0, 
266, 1, 241, 269, -1, 189, 156, 170.0, 16, MSaappa, 0, 0, 0, 0, , 0, 0, 0, 0, 0, 
267, 1, 242, 270, -1, 103, 144, 113.0, 16, MSapaaa, 0, 0, 0, 0, , 0, 0, 0, 0, 0, 
268, 1, 243, 271, -1, 139, 132, 121.0, 16, MSapaap, 0, 0, 0, 0, , 0, 0, 0, 0, 0, 
269, 1, 244, 272, -1, 146, 149, 110.0, 16, MSapapa, 0, 0, 0, 0, , 0, 0, 0, 0, 0, 
270, 1, 245, 273, -1, 172, 130, 108.0, 16, MSapapp, 0, 0, 0, 0, , 0, 0, 0, 0, 0, 
271, 1, 246, 274, -1, 158, 141, 136.0, 16, MSappaa, 0, 0, 0, 0, , 0, 0, 0, 0, 0, 
272, 1, 169, 275, -1, 190, 151, 143.0, 15, MSappap, 0, 0, 0, 0, , 0, 0, 0, 0, 0, 
273, 1, 247, 276, -1, 94, 90, 158.0, 15, MSpaaaa, 0, 0, 0, 0, , 0, 0, 0, 0, 0, 
274, 1, 248, 277, -1, 131, 76, 144.0, 15, MSpaaap, 0, 0, 0, 0, , 0, 0, 0, 0, 0, 
275, 1, 249, 278, -1, 125, 99, 153.0, 15, MSpaapa, 0, 0, 0, 0, , 0, 0, 0, 0, 0, 
276, 1, 250, 279, -1, 159, 110, 153.0, 15, MSpaapp, 0, 0, 0, 0, , 0, 0, 0, 0, 0, 
277, 1, 251, 280, -1, 166, 123, 171.0, 16, MSpapaa, 0, 0, 0, 0, , 0, 0, 0, 0, 0, 
278, 1, 252, 281, -1, 204, 138, 196.0, 14, MSpappa, 0, 0, 0, 0, , 0, 0, 0, 0, 0, 
279, 1, 253, 282, -1, 233, 127, 186.0, 16, MSpappp, 0, 0, 0, 0, , 0, 0, 0, 0, 0, 
280, 1, 254, 284, -1, 148, 84, 174.0, 14, MSppaap, 0, 0, 0, 0, , 0, 0, 0, 0, 0, 
281, 1, 255, 285, -1, 152, 72, 162.0, 14, MSppapa, 0, 0, 0, 0, , 0, 0, 0, 0, 0, 
282, 1, 256, 286, -1, 188, 74, 155.0, 15, MSppapp, 0, 0, 0, 0, , 0, 0, 0, 0, 0, 
283, 1, 257, 287, -1, 162, 94, 173.0, 14, MSpppaa, 0, 0, 0, 0, , 0, 0, 0, 0, 0, 
284, 1, 258, 288, -1, 195, 105, 177.0, 16, MSpppap, 0, 0, 0, 0, , 0, 0, 0, 0, 0, 
285, 1, 259, 289, -1, 197, 74, 171.0, 14, MSppppa, 0, 0, 0, 0, , 0, 0, 0, 0, 0, 
286, 1, 260, 290, -1, 220, 97, 172.0, 13, MSppppp, 0, 0, 0, 0, , 0, 0, 0, 0, 0, 
287, 1, 261, 291, -1, 113, 51, 152.0, 17, ABpraaapa, 0, 0, 0, 0, , 0, 0, 0, 0, 0, 
288, 1, 262, 292, -1, 145, 37, 140.0, 14, ABpraapaa, 0, 0, 0, 0, , 0, 0, 0, 0, 0, 
289, 1, 263, 293, -1, 305, 94, 165.5, 19, ABprapppp, 0, 0, 0, 0, , 0, 0, 0, 0, 0, 
