1, 0, 1, -1, -1, 50, 112, 81.0, 9, , 129, 0, 0, 0, , 0, 0, 0, 0, 0, 
2, 0, 2, -1, -1, 165, 46, 173.0, 9, , 35, 0, 0, 0, , 0, 0, 0, 0, 0, 
3, 0, 4, -1, -1, 219, 75, 192.0, 8, , 27, 0, 0, 0, , 0, 0, 0, 0, 0, 
4, 0, 5, -1, -1, 48, 110, 88.0, 9, , 237, 0, 0, 0, , 0, 0, 0, 0, 0, 
5, 0, 6, -1, -1, 98, 62, 161.0, 9, , 57, 0, 0, 0, , 0, 0, 0, 0, 0, 
6, 0, 7, -1, -1, 94, 66, 172.0, 7, , 19, 0, 0, 0, , 0, 0, 0, 0, 0, 
7, 0, 8, -1, -1, 104, 119, 190.0, 9, , 18, 0, 0, 0, , 0, 0, 0, 0, 0, 
8, 0, 9, -1, -1, 196, 87, 204.0, 8, , 9, 0, 0, 0, , 0, 0, 0, 0, 0, 
9, 0, 10, -1, -1, 197, 54, 182.0, 9, , 50, 0, 0, 0, , 0, 0, 0, 0, 0, 
10, 0, 11, -1, -1, 159, 107, 149.0, 9, , 26, 0, 0, 0, , 0, 0, 0, 0, 0, 
11, 0, 12, -1, -1, 194, 54, 176.0, 9, , 20, 0, 0, 0, , 0, 0, 0, 0, 0, 
12, 0, 13, -1, -1, 86, 71, 140.0, 8, , 19, 0, 0, 0, , 0, 0, 0, 0, 0, 
13, 0, 14, -1, -1, 95, 65, 167.0, 7, , 21, 0, 0, 0, , 0, 0, 0, 0, 0, 
14, 0, 15, -1, -1, 249, 77, 198.0, 8, , 11, 0, 0, 0, , 0, 0, 0, 0, 0, 
15, 0, 16, -1, -1, 197, 95, 200.0, 9, , 59, 0, 0, 0, , 0, 0, 0, 0, 0, 
16, 0, 17, -1, -1, 87, 121, 151.0, 8, , 44, 0, 0, 0, , 0, 0, 0, 0, 0, 
17, 0, 18, -1, -1, 114, 117, 196.0, 9, , 36, 0, 0, 0, , 0, 0, 0, 0, 0, 
18, 0, 19, -1, -1, 225, 72, 185.0, 8, , 40, 0, 0, 0, , 0, 0, 0, 0, 0, 
19, 0, 20, -1, -1, 136, 86, 196.0, 8, , 22, 0, 0, 0, , 0, 0, 0, 0, 0, 
20, 0, 21, -1, -1, 222, 77, 201.0, 8, , 36, 0, 0, 0, , 0, 0, 0, 0, 0, 
21, 0, 22, -1, -1, 136, 136, 195.0, 9, , 43, 0, 0, 0, , 0, 0, 0, 0, 0, 
22, 0, 23, -1, -1, 189, 69, 200.0, 8, , 11, 0, 0, 0, , 0, 0, 0, 0, 0, 
23, 0, 24, -1, -1, 161, 106, 142.0, 9, , 22, 0, 0, 0, , 0, 0, 0, 0, 0, 
24, 0, 25, -1, -1, 83, 77, 173.0, 11, , 44, 0, 0, 0, , 0, 0, 0, 0, 0, 
25, 0, 26, -1, -1, 193, 63, 199.0, 7, , 8, 0, 0, 0, , 0, 0, 0, 0, 0, 
26, 0, 27, -1, -1, 178, 43, 164.0, 8, , 23, 0, 0, 0, , 0, 0, 0, 0, 0, 
27, 0, 28, -1, -1, 166, 54, 173.0, 8, , 38, 0, 0, 0, , 0, 0, 0, 0, 0, 
28, 0, 29, -1, -1, 254, 116, 196.0, 8, , 9, 0, 0, 0, , 0, 0, 0, 0, 0, 
29, 0, 30, -1, -1, 89, 65, 145.0, 8, , 12, 0, 0, 0, , 0, 0, 0, 0, 0, 
30, 0, 31, -1, -1, 79, 74, 163.0, 9, , 13, 0, 0, 0, , 0, 0, 0, 0, 0, 
31, 0, 32, -1, -1, 85, 119, 160.0, 7, , 24, 0, 0, 0, , 0, 0, 0, 0, 0, 
32, 0, 33, -1, -1, 149, 123, 199.0, 9, , 19, 0, 0, 0, , 0, 0, 0, 0, 0, 
33, 0, 34, -1, -1, 191, 68, 205.0, 9, , 42, 0, 0, 0, , 0, 0, 0, 0, 0, 
34, 0, 35, -1, -1, 168, 98, 208.0, 9, , 5, 0, 0, 0, , 0, 0, 0, 0, 0, 
35, 0, 36, -1, -1, 93, 111, 176.0, 7, , 9, 0, 0, 0, , 0, 0, 0, 0, 0, 
36, 0, 37, -1, -1, 225, 39, 135.0, 9, , 39, 0, 0, 0, , 0, 0, 0, 0, 0, 
37, 0, 38, -1, -1, 78, 84, 161.0, 9, , 9, 0, 0, 0, , 0, 0, 0, 0, 0, 
38, 0, 39, -1, -1, 260, 75, 193.0, 7, , 5, 0, 0, 0, , 0, 0, 0, 0, 0, 
39, 0, 40, -1, -1, 143, 125, 200.0, 9, , 40, 0, 0, 0, , 0, 0, 0, 0, 0, 
40, 0, 41, -1, -1, 238, 95, 204.0, 9, , 15, 0, 0, 0, , 0, 0, 0, 0, 0, 
41, 0, 42, -1, -1, 200, 67, 197.0, 9, , 75, 0, 0, 0, , 0, 0, 0, 0, 0, 
42, 0, 43, -1, -1, 201, 33, 138.0, 8, , 4, 0, 0, 0, , 0, 0, 0, 0, 0, 
43, 0, 44, -1, -1, 71, 84, 160.0, 7, , 11, 0, 0, 0, , 0, 0, 0, 0, 0, 
44, 0, 45, -1, -1, 298, 73, 169.0, 8, , 11, 0, 0, 0, , 0, 0, 0, 0, 0, 
45, 0, 46, -1, -1, 147, 119, 184.0, 7, , 12, 0, 0, 0, , 0, 0, 0, 0, 0, 
46, 0, 47, -1, -1, 139, 85, 192.0, 9, , 48, 0, 0, 0, , 0, 0, 0, 0, 0, 
47, 0, 48, -1, -1, 164, 75, 202.0, 8, , 5, 0, 0, 0, , 0, 0, 0, 0, 0, 
48, 0, 49, -1, -1, 215, 75, 205.0, 11, , 39, 0, 0, 0, , 0, 0, 0, 0, 0, 
49, 0, 50, -1, -1, 162, 52, 183.0, 9, , 34, 0, 0, 0, , 0, 0, 0, 0, 0, 
50, 0, 51, -1, -1, 229, 74, 189.0, 8, , 16, 0, 0, 0, , 0, 0, 0, 0, 0, 
51, 0, 52, -1, -1, 84, 128, 161.0, 7, , 5, 0, 0, 0, , 0, 0, 0, 0, 0, 
52, 0, 53, -1, -1, 173, 34, 139.0, 11, , 18, 0, 0, 0, , 0, 0, 0, 0, 0, 
53, 0, 54, -1, -1, 260, 47, 153.0, 9, , 20, 0, 0, 0, , 0, 0, 0, 0, 0, 
54, 0, 55, -1, -1, 115, 54, 166.0, 9, , 12, 0, 0, 0, , 0, 0, 0, 0, 0, 
55, 0, 57, -1, -1, 131, 104, 199.0, 9, , 90, 0, 0, 0, , 0, 0, 0, 0, 0, 
56, 0, 58, -1, -1, 221, 71, 196.0, 8, , 22, 0, 0, 0, , 0, 0, 0, 0, 0, 
57, 0, 59, -1, -1, 282, 65, 162.0, 9, , 10, 0, 0, 0, , 0, 0, 0, 0, 0, 
58, 0, 60, -1, -1, 137, 122, 199.0, 8, , 9, 0, 0, 0, , 0, 0, 0, 0, 0, 
59, 0, 61, -1, -1, 202, 68, 195.0, 7, , 28, 0, 0, 0, , 0, 0, 0, 0, 0, 
60, 0, 62, -1, -1, 166, 75, 197.0, 8, , 3, 0, 0, 0, , 0, 0, 0, 0, 0, 
61, 0, 63, -1, -1, 134, 98, 201.0, 8, , 12, 0, 0, 0, , 0, 0, 0, 0, 0, 
62, 0, 66, -1, -1, 135, 60, 183.0, 8, , 23, 0, 0, 0, , 0, 0, 0, 0, 0, 
63, 0, 67, -1, -1, 56, 83, 141.0, 9, , 16, 0, 0, 0, , 0, 0, 0, 0, 0, 
64, 0, 68, -1, -1, 76, 68, 145.0, 8, , 7, 0, 0, 0, , 0, 0, 0, 0, 0, 
65, 0, 69, -1, -1, 135, 37, 143.0, 7, , 13, 0, 0, 0, , 0, 0, 0, 0, 0, 
66, 0, 70, -1, -1, 118, 55, 155.0, 9, , 28, 0, 0, 0, , 0, 0, 0, 0, 0, 
67, 0, 71, -1, -1, 87, 80, 165.0, 8, , 2, 0, 0, 0, , 0, 0, 0, 0, 0, 
68, 0, 73, -1, -1, 253, 74, 176.0, 9, , 20, 0, 0, 0, , 0, 0, 0, 0, 0, 
69, 0, 74, -1, -1, 273, 81, 187.0, 8, , 16, 0, 0, 0, , 0, 0, 0, 0, 0, 
70, 0, 75, -1, -1, 127, 67, 188.0, 8, , 8, 0, 0, 0, , 0, 0, 0, 0, 0, 
71, 0, 76, -1, -1, 101, 120, 189.0, 9, , 9, 0, 0, 0, , 0, 0, 0, 0, 0, 
72, 0, 77, -1, -1, 129, 133, 186.0, 11, , 30, 0, 0, 0, , 0, 0, 0, 0, 0, 
73, 0, 78, -1, -1, 184, 51, 186.0, 9, , 10, 0, 0, 0, , 0, 0, 0, 0, 0, 
74, 0, 79, -1, -1, 154, 114, 194.0, 8, , 25, 0, 0, 0, , 0, 0, 0, 0, 0, 
75, 0, 80, -1, -1, 258, 107, 202.0, 7, , 15, 0, 0, 0, , 0, 0, 0, 0, 0, 
76, 0, 81, -1, -1, 141, 79, 198.0, 9, , 43, 0, 0, 0, , 0, 0, 0, 0, 0, 
77, 0, 82, -1, -1, 147, 117, 206.0, 7, , 4, 0, 0, 0, , 0, 0, 0, 0, 0, 
78, 0, 83, -1, -1, 134, 86, 202.0, 7, , 6, 0, 0, 0, , 0, 0, 0, 0, 0, 
79, 0, 84, -1, -1, 135, 103, 206.0, 8, , 18, 0, 0, 0, , 0, 0, 0, 0, 0, 
80, 0, 85, -1, -1, 300, 67, 150.0, 9, , 7, 0, 0, 0, , 0, 0, 0, 0, 0, 
81, 0, 86, -1, -1, 59, 80, 146.0, 8, , 14, 0, 0, 0, , 0, 0, 0, 0, 0, 
82, 0, 88, -1, -1, 98, 59, 169.0, 9, , 22, 0, 0, 0, , 0, 0, 0, 0, 0, 
83, 0, 89, -1, -1, 295, 78, 165.0, 9, , 20, 0, 0, 0, , 0, 0, 0, 0, 0, 
84, 0, 90, -1, -1, 146, 82, 177.0, 7, , 37, 0, 0, 0, , 0, 0, 0, 0, 0, 
85, 0, 91, -1, -1, 284, 86, 190.0, 8, , 2, 0, 0, 0, , 0, 0, 0, 0, 0, 
86, 0, 92, -1, -1, 242, 97, 197.0, 8, , 19, 0, 0, 0, , 0, 0, 0, 0, 0, 
87, 0, 93, -1, -1, 129, 97, 200.0, 7, , 5, 0, 0, 0, , 0, 0, 0, 0, 0, 
88, 0, 94, -1, -1, 180, 90, 202.0, 9, , 29, 0, 0, 0, , 0, 0, 0, 0, 0, 
89, 0, 95, -1, -1, 110, 69, 76.0, 9, , 26, 0, 0, 0, , 0, 0, 0, 0, 0, 
90, 0, 96, -1, -1, 133, 36, 137.0, 8, , 21, 0, 0, 0, , 0, 0, 0, 0, 0, 
91, 0, 97, -1, -1, 277, 86, 182.0, 9, , 28, 0, 0, 0, , 0, 0, 0, 0, 0, 
92, 0, 98, -1, -1, 279, 79, 188.0, 8, , 17, 0, 0, 0, , 0, 0, 0, 0, 0, 
93, 0, 99, -1, -1, 109, 120, 198.0, 9, , 5, 0, 0, 0, , 0, 0, 0, 0, 0, 
94, 0, 100, -1, -1, 197, 110, 205.0, 7, , 4, 0, 0, 0, , 0, 0, 0, 0, 0, 
95, 0, 101, -1, -1, 153, 98, 208.0, 8, , 9, 0, 0, 0, , 0, 0, 0, 0, 0, 
96, 0, 102, -1, -1, 228, 44, 137.0, 7, , 15, 0, 0, 0, , 0, 0, 0, 0, 0, 
97, 0, 103, -1, -1, 257, 47, 152.0, 9, , 69, 0, 0, 0, , 0, 0, 0, 0, 0, 
98, 0, 104, -1, -1, 181, 86, 189.0, 8, , 26, 0, 0, 0, , 0, 0, 0, 0, 0, 
99, 0, 105, -1, -1, 107, 97, 60.0, 8, , 11, 0, 0, 0, , 0, 0, 0, 0, 0, 
100, 0, 106, -1, -1, 111, 53, 91.0, 9, , 12, 0, 0, 0, , 0, 0, 0, 0, 0, 
101, 0, 107, -1, -1, 241, 54, 102.0, 7, , 11, 0, 0, 0, , 0, 0, 0, 0, 0, 
102, 0, 108, -1, -1, 168, 34, 135.0, 9, , 15, 0, 0, 0, , 0, 0, 0, 0, 0, 
103, 0, 109, -1, -1, 82, 157, 138.0, 9, , 12, 0, 0, 0, , 0, 0, 0, 0, 0, 
104, 0, 110, -1, -1, 191, 35, 142.0, 9, , 51, 0, 0, 0, , 0, 0, 0, 0, 0, 
105, 0, 111, -1, -1, 52, 115, 152.0, 7, , 4, 0, 0, 0, , 0, 0, 0, 0, 0, 
106, 0, 112, -1, -1, 64, 106, 158.0, 9, , 39, 0, 0, 0, , 0, 0, 0, 0, 0, 
107, 0, 113, -1, -1, 71, 104, 164.0, 8, , 15, 0, 0, 0, , 0, 0, 0, 0, 0, 
108, 0, 114, -1, -1, 249, 45, 164.0, 8, , 16, 0, 0, 0, , 0, 0, 0, 0, 0, 
109, 0, 115, -1, -1, 260, 75, 163.0, 7, , 9, 0, 0, 0, , 0, 0, 0, 0, 0, 
110, 0, 116, -1, -1, 133, 58, 187.0, 9, , 23, 0, 0, 0, , 0, 0, 0, 0, 0, 
111, 0, 117, -1, -1, 160, 62, 190.0, 9, , 21, 0, 0, 0, , 0, 0, 0, 0, 0, 
112, 0, 118, -1, -1, 138, 62, 188.0, 9, , 13, 0, 0, 0, , 0, 0, 0, 0, 0, 
113, 0, 119, -1, -1, 149, 59, 190.0, 8, , 10, 0, 0, 0, , 0, 0, 0, 0, 0, 
114, 0, 120, -1, -1, 102, 120, 195.0, 9, , 33, 0, 0, 0, , 0, 0, 0, 0, 0, 
115, 0, 121, -1, -1, 159, 61, 196.0, 9, , 53, 0, 0, 0, , 0, 0, 0, 0, 0, 
116, 0, -1, -1, -1, 119, 50, 147.0, 9, , 40, 0, 0, 0, , 0, 0, 0, 0, 0, 
117, 0, -1, -1, -1, 258, 108, 198.0, 9, , 79, 0, 0, 0, , 0, 0, 0, 0, 0, 
118, 0, -1, -1, -1, 112, 163, 107.0, 7, , 12, 0, 0, 0, , 0, 0, 0, 0, 0, 
119, 0, -1, -1, -1, 44, 101, 130.0, 8, , 5, 0, 0, 0, , 0, 0, 0, 0, 0, 
120, 0, -1, -1, -1, 90, 54, 131.0, 8, , 4, 0, 0, 0, , 0, 0, 0, 0, 0, 
121, 0, -1, -1, -1, 142, 36, 131.0, 9, , 11, 0, 0, 0, , 0, 0, 0, 0, 0, 
122, 0, -1, -1, -1, 298, 63, 137.0, 9, , 25, 0, 0, 0, , 0, 0, 0, 0, 0, 
123, 0, -1, -1, -1, 96, 60, 142.0, 8, , 13, 0, 0, 0, , 0, 0, 0, 0, 0, 
124, 0, -1, -1, -1, 298, 69, 146.0, 9, , 12, 0, 0, 0, , 0, 0, 0, 0, 0, 
125, 0, -1, -1, -1, 112, 56, 155.0, 9, , 37, 0, 0, 0, , 0, 0, 0, 0, 0, 
126, 0, -1, -1, -1, 143, 148, 158.0, 7, , 10, 0, 0, 0, , 0, 0, 0, 0, 0, 
127, 0, -1, -1, -1, 67, 132, 164.0, 9, , 15, 0, 0, 0, , 0, 0, 0, 0, 0, 
128, 0, -1, -1, -1, 100, 61, 175.0, 8, , 12, 0, 0, 0, , 0, 0, 0, 0, 0, 
129, 0, -1, -1, -1, 99, 66, 176.0, 7, , 6, 0, 0, 0, , 0, 0, 0, 0, 0, 
130, 0, -1, -1, -1, 115, 60, 176.0, 7, , 6, 0, 0, 0, , 0, 0, 0, 0, 0, 
131, 0, -1, -1, -1, 301, 103, 177.0, 8, , 7, 0, 0, 0, , 0, 0, 0, 0, 0, 
132, 0, -1, -1, -1, 96, 113, 178.0, 9, , 13, 0, 0, 0, , 0, 0, 0, 0, 0, 
133, 0, -1, -1, -1, 227, 72, 178.0, 9, , 8, 0, 0, 0, , 0, 0, 0, 0, 0, 
134, 0, -1, -1, -1, 247, 51, 178.0, 9, , 14, 0, 0, 0, , 0, 0, 0, 0, 0, 
135, 0, -1, -1, -1, 300, 98, 179.0, 8, , 12, 0, 0, 0, , 0, 0, 0, 0, 0, 
136, 0, -1, -1, -1, 168, 46, 184.0, 7, , 17, 0, 0, 0, , 0, 0, 0, 0, 0, 
137, 0, -1, -1, -1, 173, 52, 185.0, 7, , 11, 0, 0, 0, , 0, 0, 0, 0, 0, 
138, 0, -1, -1, -1, 138, 135, 189.0, 8, , 15, 0, 0, 0, , 0, 0, 0, 0, 0, 
139, 0, -1, -1, -1, 199, 69, 192.0, 7, , 30, 0, 0, 0, , 0, 0, 0, 0, 0, 
140, 0, -1, -1, -1, 205, 93, 202.0, 8, , 3, 0, 0, 0, , 0, 0, 0, 0, 0, 
141, 0, -1, -1, -1, 129, 105, 208.0, 8, , 4, 0, 0, 0, , 0, 0, 0, 0, 0, 
142, 1, 122, 141, -1, 272, 88, 137.0, 20, Eprp, 0, 0, 0, 0, , 0, 0, 0, 0, 0, 
143, 1, 123, 142, -1, 144, 47, 159.0, 17, ABpraaapp, 0, 0, 0, 0, , 0, 0, 0, 0, 0, 
144, 0, 124, -1, -1, 140, 36, 139.0, 14, , 0, 0, 0, 0, , 0, 0, 0, 0, 0, 
145, 1, 125, 144, -1, 161, 79, 196.0, 17, ABarapppp, 0, 0, 0, 0, , 0, 0, 0, 0, 0, 
146, 1, 126, 145, -1, 135, 81, 199.0, 16, ABarapppa, 0, 0, 0, 0, , 0, 0, 0, 0, 0, 
147, 1, 127, 146, -1, 129, 103, 205.0, 17, ABarappaa, 0, 0, 0, 0, , 0, 0, 0, 0, 0, 
148, 1, 128, 147, -1, 162, 100, 209.0, 17, ABarappap, 0, 0, 0, 0, , 0, 0, 0, 0, 0, 
149, 1, 129, 148, -1, 107, 120, 196.0, 17, ABarapaaa, 0, 0, 0, 0, , 0, 0, 0, 0, 0, 
150, 1, 130, 149, -1, 130, 134, 193.0, 19, ABarapaap, 0, 0, 0, 0, , 0, 0, 0, 0, 0, 
151, 1, 131, 150, -1, 145, 125, 207.0, 19, ABarapapa, 0, 0, 0, 0, , 0, 0, 0, 0, 0, 
152, 1, 132, 151, -1, 160, 117, 192.0, 18, ABarapapp, 0, 0, 0, 0, , 0, 0, 0, 0, 0, 
153, 1, 133, 152, -1, 88, 125, 156.0, 18, ABaraapaa, 0, 0, 0, 0, , 0, 0, 0, 0, 0, 
154, 1, 134, 153, -1, 110, 134, 156.0, 18, ABaraapap, 0, 0, 0, 0, , 0, 0, 0, 0, 0, 
155, 1, 135, 154, -1, 122, 125, 172.0, 19, ABaraappa, 0, 0, 0, 0, , 0, 0, 0, 0, 0, 
156, 1, 136, 155, -1, 143, 113, 169.0, 19, ABaraappp, 0, 0, 0, 0, , 0, 0, 0, 0, 0, 
157, 1, 137, 156, -1, 82, 100, 183.0, 21, ABaraaapa, 0, 0, 0, 0, , 0, 0, 0, 0, 0, 
158, 1, 138, 157, -1, 110, 99, 191.0, 17, ABaraaapp, 0, 0, 0, 0, , 0, 0, 0, 0, 0, 
159, 1, 139, 158, -1, 66, 107, 161.0, 17, ABaraaaaa, 0, 0, 0, 0, , 0, 0, 0, 0, 0, 
160, 1, 140, 159, -1, 95, 112, 174.0, 14, ABaraaaap, 0, 0, 0, 0, , 0, 0, 0, 0, 0, 
161, 1, 141, 160, -1, 88, 141, 172.0, 19, ABalpaaap, 0, 0, 0, 0, , 0, 0, 0, 0, 0, 
162, 1, 142, 161, -1, 69, 129, 167.0, 17, ABalpaaaa, 0, 0, 0, 0, , 0, 0, 0, 0, 0, 
163, 1, 143, 162, -1, 57, 137, 139.0, 17, ABalpaapa, 0, 0, 0, 0, , 0, 0, 0, 0, 0, 
164, 1, 144, 163, -1, 85, 156, 127.0, 18, ABalpaapp, 0, 0, 0, 0, , 0, 0, 0, 0, 0, 
165, 1, 145, 164, -1, 114, 153, 180.0, 19, ABalpappa, 0, 0, 0, 0, , 0, 0, 0, 0, 0, 
166, 1, 146, 165, -1, 141, 148, 166.0, 19, ABalpappp, 0, 0, 0, 0, , 0, 0, 0, 0, 0, 
167, 1, 147, 166, -1, 68, 153, 117.0, 19, ABalppaaa, 0, 0, 0, 0, , 0, 0, 0, 0, 0, 
168, 1, 148, 167, -1, 85, 160, 101.0, 19, ABalppaap, 0, 0, 0, 0, , 0, 0, 0, 0, 0, 
169, 1, 149, 168, -1, 110, 172, 130.0, 19, ABalppapa, 0, 0, 0, 0, , 0, 0, 0, 0, 0, 
170, 1, 150, 169, -1, 137, 162, 131.0, 17, ABalppapp, 0, 0, 0, 0, , 0, 0, 0, 0, 0, 
171, 1, 151, 170, -1, 83, 158, 154.0, 17, ABalpapaa, 0, 0, 0, 0, , 0, 0, 0, 0, 0, 
172, 1, 152, 171, -1, 107, 161, 156.0, 19, ABalpapap, 0, 0, 0, 0, , 0, 0, 0, 0, 0, 
173, 1, 153, 172, -1, 86, 135, 96.0, 17, ABalpppaa, 0, 0, 0, 0, , 0, 0, 0, 0, 0, 
174, 1, 154, 173, -1, 100, 148, 87.71429, 20, ABalpppap, 0, 0, 0, 0, , 0, 0, 0, 0, 0, 
175, 1, 155, 174, -1, 140, 137, 73.666664, 17, ABalppppp, 0, 0, 0, 0, , 0, 0, 0, 0, 0, 
176, 1, 156, 175, -1, 110, 130, 87.2, 18, ABalppppa, 0, 0, 0, 0, , 0, 0, 0, 0, 0, 
177, 1, 157, 176, -1, 48, 100, 123.0, 18, ABalaaapa, 0, 0, 0, 0, , 0, 0, 0, 0, 0, 
178, 1, 158, 177, -1, 59, 83, 133.0, 18, ABalaaapp, 0, 0, 0, 0, , 0, 0, 0, 0, 0, 
179, 1, 159, 178, -1, 65, 85, 160.0, 17, ABalaapaa, 0, 0, 0, 0, , 0, 0, 0, 0, 0, 
180, 1, 160, 180, -1, 82, 77, 166.0, 17, ABalaapap, 0, 0, 0, 0, , 0, 0, 0, 0, 0, 
181, 1, 161, 181, -1, 49, 111, 147.0, 19, ABalaaaar, 0, 0, 0, 0, , 0, 0, 0, 0, 0, 
182, 1, 162, 182, -1, 56, 124, 123.0, 19, ABalaaaal, 0, 0, 0, 0, , 0, 0, 0, 0, 0, 
183, 1, 163, 183, -1, 94, 59, 133.0, 18, ABalaappp, 0, 0, 0, 0, , 0, 0, 0, 0, 0, 
184, 1, 164, 184, -1, 83, 68, 145.0, 17, ABalaappa, 0, 0, 0, 0, , 0, 0, 0, 0, 0, 
185, 1, 165, 185, -1, 90, 116, 95.0, 19, ABalapaap, 0, 0, 0, 0, , 0, 0, 0, 0, 0, 
186, 1, 166, 186, -1, 71, 111, 109.0, 19, ABalapaaa, 0, 0, 0, 0, , 0, 0, 0, 0, 0, 
187, 1, 167, 187, -1, 95, 98, 87.0, 19, ABalapapa, 0, 0, 0, 0, , 0, 0, 0, 0, 0, 
188, 1, 168, 188, -1, 122, 105, 90.0, 18, ABalapapp, 0, 0, 0, 0, , 0, 0, 0, 0, 0, 
189, 1, 169, 189, -1, 67, 85, 109.0, 17, ABalappaa, 0, 0, 0, 0, , 0, 0, 0, 0, 0, 
190, 1, 170, 190, -1, 90, 77, 116.0, 16, ABalappap, 0, 0, 0, 0, , 0, 0, 0, 0, 0, 
191, 1, 171, 191, -1, 97, 60, 114.0, 16, ABalapppa, 0, 0, 0, 0, , 0, 0, 0, 0, 0, 
192, 1, 172, 192, -1, 134, 66, 111.0, 18, ABalapppp, 0, 0, 0, 0, , 0, 0, 0, 0, 0, 
193, 1, 173, 193, -1, 98, 63, 166.0, 16, ABpraaaaa, 0, 0, 0, 0, , 0, 0, 0, 0, 0, 
194, 1, 174, 194, -1, 117, 55, 174.0, 19, ABpraaaap, 0, 0, 0, 0, , 0, 0, 0, 0, 0, 
195, 1, 175, 195, -1, 218, 52, 168.0, 20, ABpraappp, 0, 0, 0, 0, , 0, 0, 0, 0, 0, 
196, 1, 176, 196, -1, 183, 43, 160.66667, 12, ABpraappa, 0, 0, 0, 0, , 0, 0, 0, 0, 0, 
197, 1, 177, 197, -1, 249, 50, 169.2, 17, ABprappaa, 0, 0, 0, 0, , 0, 0, 0, 0, 0, 
198, 1, 178, 198, -1, 282, 63, 168.0, 19, ABprappap, 0, 0, 0, 0, , 0, 0, 0, 0, 0, 
199, 1, 179, 199, -1, 296, 75, 167.0, 17, ABprapppa, 0, 0, 0, 0, , 0, 0, 0, 0, 0, 
200, 1, 180, 200, -1, 195, 33, 134.0, 19, ABprapaaa, 0, 0, 0, 0, , 0, 0, 0, 0, 0, 
201, 1, 181, 201, -1, 225, 38, 140.0, 17, ABprapaap, 0, 0, 0, 0, , 0, 0, 0, 0, 0, 
202, 1, 182, 202, -1, 260, 44, 147.0, 19, ABprapapa, 0, 0, 0, 0, , 0, 0, 0, 0, 0, 
203, 1, 183, 203, -1, 294, 63, 138.25, 18, ABprapapp, 0, 0, 0, 0, , 0, 0, 0, 0, 0, 
204, 1, 184, 204, -1, 172, 171, 113.0, 15, ABplppaaa, 0, 0, 0, 0, , 0, 0, 0, 0, 0, 
205, 1, 185, 205, -1, 195, 169, 112.0, 17, ABplppaap, 0, 0, 0, 0, , 0, 0, 0, 0, 0, 
206, 1, 186, 206, -1, 206, 163, 95.0, 14, ABplppapa, 0, 0, 0, 0, , 0, 0, 0, 0, 0, 
207, 1, 187, 207, -1, 231, 159, 113.0, 15, ABplppapp, 0, 0, 0, 0, , 0, 0, 0, 0, 0, 
208, 1, 188, 208, -1, 225, 174, 110.333336, 15, ABplpppaa, 0, 0, 0, 0, , 0, 0, 0, 0, 0, 
209, 1, 189, 209, -1, 247, 175, 117.0, 17, ABplpppap, 0, 0, 0, 0, , 0, 0, 0, 0, 0, 
210, 1, 190, 210, -1, 213, 169, 131.0, 14, ABplppppa, 0, 0, 0, 0, , 0, 0, 0, 0, 0, 
211, 1, 191, 211, -1, 237, 177, 151.0, 15, ABplppppp, 0, 0, 0, 0, , 0, 0, 0, 0, 0, 
212, 1, 192, 212, -1, 160, 179, 133.33333, 16, ABplpapap, 0, 0, 0, 0, , 0, 0, 0, 0, 0, 
213, 1, 193, 213, -1, 115, 168, 103.0, 17, ABplpaaaa, 0, 0, 0, 0, , 0, 0, 0, 0, 0, 
214, 1, 194, 214, -1, 138, 174, 101.0, 17, ABplpaaap, 0, 0, 0, 0, , 0, 0, 0, 0, 0, 
215, 1, 195, 215, -1, 137, 160, 83.0, 19, ABplpaapa, 0, 0, 0, 0, , 0, 0, 0, 0, 0, 
216, 1, 196, 216, -1, 168, 171, 89.0, 19, ABplpaapp, 0, 0, 0, 0, , 0, 0, 0, 0, 0, 
217, 1, 197, 217, -1, 140, 175, 122.0, 15, ABplpapaa, 0, 0, 0, 0, , 0, 0, 0, 0, 0, 
218, 1, 198, 218, -1, 168, 173, 154.0, 17, ABplpappa, 0, 0, 0, 0, , 0, 0, 0, 0, 0, 
219, 1, 199, 219, -1, 197, 175, 151.25, 17, ABplpappp, 0, 0, 0, 0, , 0, 0, 0, 0, 0, 
220, 1, 200, 220, -1, 167, 36, 140.0, 14, ABpraapap, 0, 0, 0, 0, , 0, 0, 0, 0, 0, 
221, 1, 201, 221, -1, 130, 62, 188.0, 17, ABprpaaaa, 0, 0, 0, 0, , 0, 0, 0, 0, 0, 
222, 1, 202, 222, -1, 156, 60, 188.0, 17, ABprpaaap, 0, 0, 0, 0, , 0, 0, 0, 0, 0, 
223, 1, 203, 223, -1, 169, 51, 180.0, 17, ABprpaapa, 0, 0, 0, 0, , 0, 0, 0, 0, 0, 
224, 1, 204, 224, -1, 190, 54, 184.0, 15, ABprpaapp, 0, 0, 0, 0, , 0, 0, 0, 0, 0, 
225, 1, 205, 225, -1, 180, 90, 194.75, 15, ABprpapaa, 0, 0, 0, 0, , 0, 0, 0, 0, 0, 
226, 1, 206, 226, -1, 199, 92, 203.2, 18, ABprpapap, 0, 0, 0, 0, , 0, 0, 0, 0, 0, 
227, 1, 207, 227, -1, 192, 113, 204.0, 17, ABprpappa, 0, 0, 0, 0, , 0, 0, 0, 0, 0, 
228, 1, 208, 228, -1, 216, 113, 205.0, 16, ABprpappp, 0, 0, 0, 0, , 0, 0, 0, 0, 0, 
229, 1, 209, 229, -1, 195, 68, 198.0, 14, ABprppaaa, 0, 0, 0, 0, , 0, 0, 0, 0, 0, 
230, 1, 210, 230, -1, 217, 76, 197.0, 15, ABprppaap, 0, 0, 0, 0, , 0, 0, 0, 0, 0, 
231, 1, 211, 231, -1, 231, 72, 184.0, 16, ABprppapa, 0, 0, 0, 0, , 0, 0, 0, 0, 0, 
232, 1, 212, 232, -1, 254, 73, 170.71428, 16, ABprppapp, 0, 0, 0, 0, , 0, 0, 0, 0, 0, 
233, 1, 213, 233, -1, 255, 77, 194.0, 16, ABprpppaa, 0, 0, 0, 0, , 0, 0, 0, 0, 0, 
234, 1, 214, 234, -1, 278, 86, 185.5, 18, ABprpppap, 0, 0, 0, 0, , 0, 0, 0, 0, 0, 
235, 1, 215, 235, -1, 236, 95, 198.0, 17, ABprppppa, 0, 0, 0, 0, , 0, 0, 0, 0, 0, 
236, 1, 216, 236, -1, 253, 110, 198.53847, 17, ABprppppp, 0, 0, 0, 0, , 0, 0, 0, 0, 0, 
237, 1, 217, 237, -1, 70, 102, 134.0, 18, MSaaaaa, 0, 0, 0, 0, , 0, 0, 0, 0, 0, 
238, 1, 218, 238, -1, 103, 95, 115.25, 16, MSaaaap, 0, 0, 0, 0, , 0, 0, 0, 0, 0, 
239, 1, 219, 239, -1, 150, 115, 135.0, 16, MSaaapp, 0, 0, 0, 0, , 0, 0, 0, 0, 0, 
240, 1, 220, 240, -1, 104, 116, 134.0, 19, MSaaapa, 0, 0, 0, 0, , 0, 0, 0, 0, 0, 
241, 1, 221, 241, -1, 172, 149, 157.0, 12, MSaapap, 0, 0, 0, 0, , 0, 0, 0, 0, 0, 
242, 1, 222, 242, -1, 144, 134, 144.5, 17, MSaapaa, 0, 0, 0, 0, , 0, 0, 0, 0, 0, 
243, 1, 223, 243, -1, 216, 152, 162.66667, 18, MSaappp, 0, 0, 0, 0, , 0, 0, 0, 0, 0, 
244, 1, 224, 244, -1, 297, 133, 168.0, 15, Cppap, 0, 0, 0, 0, , 0, 0, 0, 0, 0, 
245, 1, 225, 245, -1, 225, 71, 141.0, 19, Epra, 0, 0, 0, 0, , 0, 0, 0, 0, 0, 
246, 1, 226, 246, -1, 182, 110, 116.0, 19, Ealp, 0, 0, 0, 0, , 0, 0, 0, 0, 0, 
247, 1, 227, 247, -1, 148, 104, 101.0, 21, Eala, 0, 0, 0, 0, , 0, 0, 0, 0, 0, 
248, 1, 228, 248, -1, 156, 79, 126.0, 19, Eara, 0, 0, 0, 0, , 0, 0, 0, 0, 0, 
249, 1, 229, 249, -1, 192, 90, 138.0, 19, Earp, 0, 0, 0, 0, , 0, 0, 0, 0, 0, 
250, 1, 230, 250, -1, 213, 99, 103.0, 18, Epla, 0, 0, 0, 0, , 0, 0, 0, 0, 0, 
251, 1, 231, 251, -1, 264, 107, 119.25, 20, Eplp, 0, 0, 0, 0, , 0, 0, 0, 0, 0, 
252, 1, 232, 252, -1, 266, 96, 83.0, 17, Caaaa, 0, 0, 0, 0, , 0, 0, 0, 0, 0, 
253, 1, 233, 253, -1, 298, 124, 94.0, 17, Caaap, 0, 0, 0, 0, , 0, 0, 0, 0, 0, 
254, 1, 234, 254, -1, 319, 127, 99.0, 15, Caapa, 0, 0, 0, 0, , 0, 0, 0, 0, 0, 
255, 1, 235, 255, -1, 318, 145, 117.0, 17, Caapp, 0, 0, 0, 0, , 0, 0, 0, 0, 0, 
256, 1, 236, 256, -1, 246, 157, 144.0, 17, Capaa, 0, 0, 0, 0, , 0, 0, 0, 0, 0, 
257, 1, 237, 257, -1, 283, 150, 149.0, 17, Capap, 0, 0, 0, 0, , 0, 0, 0, 0, 0, 
258, 1, 238, 258, -1, 274, 146, 116.0, 17, Cappa, 0, 0, 0, 0, , 0, 0, 0, 0, 0, 
259, 1, 239, 259, -1, 296, 146, 132.0, 17, Cappp, 0, 0, 0, 0, , 0, 0, 0, 0, 0, 
260, 1, 240, 260, -1, 229, 62, 93.0, 17, Cpaaa, 0, 0, 0, 0, , 0, 0, 0, 0, 0, 
261, 1, 241, 261, -1, 291, 83, 104.0, 17, Cpaap, 0, 0, 0, 0, , 0, 0, 0, 0, 0, 
262, 1, 242, 262, -1, 318, 98, 127.0, 17, Cpapa, 0, 0, 0, 0, , 0, 0, 0, 0, 0, 
263, 1, 243, 263, -1, 332, 125, 135.0, 15, Cpapp, 0, 0, 0, 0, , 0, 0, 0, 0, 0, 
264, 1, 244, 264, -1, 263, 122, 182.0, 15, Cppaa, 0, 0, 0, 0, , 0, 0, 0, 0, 0, 
265, 1, 245, 265, -1, 301, 99, 149.0, 17, Cpppa, 0, 0, 0, 0, , 0, 0, 0, 0, 0, 
266, 1, 246, 266, -1, 307, 129, 147.0, 17, Cpppp, 0, 0, 0, 0, , 0, 0, 0, 0, 0, 
267, 1, 247, 267, -1, 216, 141, 139.0, 16, Daa, 0, 0, 0, 0, , 0, 0, 0, 0, 0, 
268, 1, 248, 268, -1, 245, 131, 128.0, 16, Dap, 0, 0, 0, 0, , 0, 0, 0, 0, 0, 
269, 1, 249, 269, -1, 233, 112, 173.0, 16, Dpa, 0, 0, 0, 0, , 0, 0, 0, 0, 0, 
270, 1, 250, 270, -1, 270, 107, 162.0, 16, Dpp, 0, 0, 0, 0, , 0, 0, 0, 0, 0, 
271, 1, 251, 271, -1, 229, 106, 141.0, 18, Z2, 0, 0, 0, 0, , 0, 0, 0, 0, 0, 
272, 1, 252, 272, -1, 199, 118, 145.0, 16, Z3, 0, 0, 0, 0, , 0, 0, 0, 0, 0, 
273, 1, 253, 273, -1, 89, 75, 82.0, 14, ABarpaaaa, 0, 0, 0, 0, , 0, 0, 0, 0, 0, 
274, 1, 254, 274, -1, 114, 68, 80.0, 16, ABarpaaap, 0, 0, 0, 0, , 0, 0, 0, 0, 0, 
275, 1, 255, 275, -1, 144, 62, 83.0, 19, ABarpaapa, 0, 0, 0, 0, , 0, 0, 0, 0, 0, 
276, 1, 256, 276, -1, 178, 61, 85.0, 18, ABarpaapp, 0, 0, 0, 0, , 0, 0, 0, 0, 0, 
277, 1, 257, 277, -1, 108, 56, 97.0, 15, ABarpapaa, 0, 0, 0, 0, , 0, 0, 0, 0, 0, 
278, 1, 258, 278, -1, 129, 44, 108.0, 15, ABarpapap, 0, 0, 0, 0, , 0, 0, 0, 0, 0, 
279, 1, 259, 279, -1, 151, 43, 109.0, 14, ABarpappa, 0, 0, 0, 0, , 0, 0, 0, 0, 0, 
280, 1, 260, 280, -1, 214, 43, 121.0, 17, ABarpppap, 0, 0, 0, 0, , 0, 0, 0, 0, 0, 
281, 1, 261, 281, -1, 198, 88, 72.0, 16, ABarppaap, 0, 0, 0, 0, , 0, 0, 0, 0, 0, 
282, 1, 262, 282, -1, 174, 80, 73.0, 17, ABarppaaa, 0, 0, 0, 0, , 0, 0, 0, 0, 0, 
283, 1, 263, 283, -1, 224, 101, 77.0, 19, ABarppapa, 0, 0, 0, 0, , 0, 0, 0, 0, 0, 
284, 1, 264, 284, -1, 250, 113, 89.0, 19, ABarppapp, 0, 0, 0, 0, , 0, 0, 0, 0, 0, 
285, 1, 265, 285, -1, 193, 44, 109.0, 16, ABarpppaa, 0, 0, 0, 0, , 0, 0, 0, 0, 0, 
286, 1, 266, 286, -1, 174, 48, 114.0, 17, ABarpappp, 0, 0, 0, 0, , 0, 0, 0, 0, 0, 
287, 1, 267, 287, -1, 239, 51, 116.0, 18, ABarppppa, 0, 0, 0, 0, , 0, 0, 0, 0, 0, 
288, 1, 268, 288, -1, 267, 61, 118.0, 18, ABarppppp, 0, 0, 0, 0, , 0, 0, 0, 0, 0, 
289, 1, 269, 289, -1, 103, 95, 64.0, 17, ABplaaaaa, 0, 0, 0, 0, , 0, 0, 0, 0, 0, 
290, 1, 270, 290, -1, 129, 85, 69.0, 17, ABplaaaap, 0, 0, 0, 0, , 0, 0, 0, 0, 0, 
291, 1, 271, 291, -1, 149, 92, 68.0, 17, ABplaaapa, 0, 0, 0, 0, , 0, 0, 0, 0, 0, 
292, 1, 272, 292, -1, 176, 100, 67.0, 17, ABplaaapp, 0, 0, 0, 0, , 0, 0, 0, 0, 0, 
293, 1, 273, 293, -1, 103, 119, 57.0, 17, ABplaapaa, 0, 0, 0, 0, , 0, 0, 0, 0, 0, 
294, 1, 274, 294, -1, 145, 115, 56.0, 17, ABplaapap, 0, 0, 0, 0, , 0, 0, 0, 0, 0, 
295, 1, 275, 295, -1, 190, 142, 71.0, 17, ABplaappp, 0, 0, 0, 0, , 0, 0, 0, 0, 0, 
296, 1, 276, 296, -1, 163, 141, 57.0, 17, ABplaappa, 0, 0, 0, 0, , 0, 0, 0, 0, 0, 
297, 1, 277, 297, -1, 176, 125, 57.0, 17, ABplapaaa, 0, 0, 0, 0, , 0, 0, 0, 0, 0, 
298, 1, 278, 298, -1, 203, 120, 66.0, 17, ABplapaap, 0, 0, 0, 0, , 0, 0, 0, 0, 0, 
299, 1, 279, 299, -1, 235, 125, 67.0, 16, ABplapapa, 0, 0, 0, 0, , 0, 0, 0, 0, 0, 
300, 1, 280, 300, -1, 264, 145, 86.0, 17, ABplapapp, 0, 0, 0, 0, , 0, 0, 0, 0, 0, 
301, 1, 281, 301, -1, 218, 146, 76.0, 19, ABplappaa, 0, 0, 0, 0, , 0, 0, 0, 0, 0, 
302, 1, 282, 302, -1, 243, 157, 79.0, 19, ABplappap, 0, 0, 0, 0, , 0, 0, 0, 0, 0, 
303, 1, 283, 303, -1, 255, 163, 98.0, 17, ABplapppa, 0, 0, 0, 0, , 0, 0, 0, 0, 0, 
304, 1, 284, 304, -1, 275, 171, 110.0, 17, ABplapppp, 0, 0, 0, 0, , 0, 0, 0, 0, 0, 
305, 1, 285, 305, -1, 203, 127, 174.0, 16, MSpapap, 0, 0, 0, 0, , 0, 0, 0, 0, 0, 
306, 1, 286, 306, -1, 185, 156, 168.0, 16, MSaappa, 0, 0, 0, 0, , 0, 0, 0, 0, 0, 
307, 1, 287, 307, -1, 108, 143, 115.0, 16, MSapaaa, 0, 0, 0, 0, , 0, 0, 0, 0, 0, 
308, 1, 288, 308, -1, 140, 133, 119.0, 16, MSapaap, 0, 0, 0, 0, , 0, 0, 0, 0, 0, 
309, 1, 289, 309, -1, 149, 144, 102.0, 16, MSapapa, 0, 0, 0, 0, , 0, 0, 0, 0, 0, 
310, 1, 290, 310, -1, 174, 131, 95.0, 16, MSapapp, 0, 0, 0, 0, , 0, 0, 0, 0, 0, 
311, 1, 291, 311, -1, 161, 145, 124.0, 16, MSappaa, 0, 0, 0, 0, , 0, 0, 0, 0, 0, 
312, 1, 292, 312, -1, 195, 153, 137.0, 15, MSappap, 0, 0, 0, 0, , 0, 0, 0, 0, 0, 
313, 1, 293, 313, -1, 179, 150, 107.0, 14, MSapppa, 0, 0, 0, 0, , 0, 0, 0, 0, 0, 
314, 1, 294, 314, -1, 209, 137, 110.0, 14, MSapppp, 0, 0, 0, 0, , 0, 0, 0, 0, 0, 
315, 1, 295, 315, -1, 98, 90, 155.0, 15, MSpaaaa, 0, 0, 0, 0, , 0, 0, 0, 0, 0, 
316, 1, 296, 316, -1, 130, 77, 142.0, 15, MSpaaap, 0, 0, 0, 0, , 0, 0, 0, 0, 0, 
317, 1, 297, 317, -1, 130, 94, 154.0, 15, MSpaapa, 0, 0, 0, 0, , 0, 0, 0, 0, 0, 
318, 1, 298, 318, -1, 159, 106, 147.0, 15, MSpaapp, 0, 0, 0, 0, , 0, 0, 0, 0, 0, 
319, 1, 299, 319, -1, 172, 123, 164.0, 16, MSpapaa, 0, 0, 0, 0, , 0, 0, 0, 0, 0, 
320, 1, 300, 320, -1, 205, 141, 195.0, 14, MSpappa, 0, 0, 0, 0, , 0, 0, 0, 0, 0, 
321, 1, 301, 321, -1, 226, 131, 180.0, 16, MSpappp, 0, 0, 0, 0, , 0, 0, 0, 0, 0, 
322, 1, 302, 322, -1, 117, 83, 173.0, 16, MSppaaa, 0, 0, 0, 0, , 0, 0, 0, 0, 0, 
323, 1, 303, 323, -1, 147, 82, 173.0, 14, MSppaap, 0, 0, 0, 0, , 0, 0, 0, 0, 0, 
324, 1, 304, 324, -1, 153, 72, 160.0, 14, MSppapa, 0, 0, 0, 0, , 0, 0, 0, 0, 0, 
325, 1, 305, 325, -1, 184, 67, 153.0, 15, MSppapp, 0, 0, 0, 0, , 0, 0, 0, 0, 0, 
326, 1, 306, 326, -1, 166, 93, 170.0, 14, MSpppaa, 0, 0, 0, 0, , 0, 0, 0, 0, 0, 
327, 1, 307, 327, -1, 197, 105, 177.0, 16, MSpppap, 0, 0, 0, 0, , 0, 0, 0, 0, 0, 
328, 1, 308, 328, -1, 194, 69, 170.0, 14, MSppppa, 0, 0, 0, 0, , 0, 0, 0, 0, 0, 
329, 1, 309, 329, -1, 218, 91, 169.0, 13, MSppppp, 0, 0, 0, 0, , 0, 0, 0, 0, 0, 
330, 1, 310, 330, -1, 114, 54, 150.0, 17, ABpraaapa, 0, 0, 0, 0, , 0, 0, 0, 0, 0, 
331, 1, 311, 331, -1, 139, 36, 138.0, 14, ABpraapaa, 0, 0, 0, 0, , 0, 0, 0, 0, 0, 
332, 1, 312, 332, -1, 302, 100, 171.0, 21, ABprapppp, 0, 0, 0, 0, , 0, 0, 0, 0, 0, 
