1, 0, 1, -1, -1, 49, 112, 81.0, 9, , 111, 0, 0, 0, , 0, 0, 0, 0, 0, 
2, 0, 2, -1, -1, 169, 48, 173.0, 8, , 20, 0, 0, 0, , 0, 0, 0, 0, 0, 
3, 0, 3, -1, -1, 216, 73, 193.0, 9, , 28, 0, 0, 0, , 0, 0, 0, 0, 0, 
4, 0, 4, -1, -1, 47, 111, 87.0, 9, , 160, 0, 0, 0, , 0, 0, 0, 0, 0, 
5, 0, 5, -1, -1, 100, 60, 162.0, 9, , 57, 0, 0, 0, , 0, 0, 0, 0, 0, 
6, 0, 6, -1, -1, 103, 61, 170.0, 9, , 16, 0, 0, 0, , 0, 0, 0, 0, 0, 
7, 0, 7, -1, -1, 100, 119, 193.0, 8, , 43, 0, 0, 0, , 0, 0, 0, 0, 0, 
8, 0, 8, -1, -1, 200, 91, 204.0, 9, , 18, 0, 0, 0, , 0, 0, 0, 0, 0, 
9, 0, 9, -1, -1, 197, 54, 182.0, 9, , 15, 0, 0, 0, , 0, 0, 0, 0, 0, 
10, 0, 10, -1, -1, 158, 107, 148.0, 9, , 24, 0, 0, 0, , 0, 0, 0, 0, 0, 
11, 0, 11, -1, -1, 192, 50, 176.0, 9, , 12, 0, 0, 0, , 0, 0, 0, 0, 0, 
12, 0, 12, -1, -1, 85, 69, 141.0, 9, , 12, 0, 0, 0, , 0, 0, 0, 0, 0, 
13, 0, 13, -1, -1, 99, 60, 165.0, 9, , 36, 0, 0, 0, , 0, 0, 0, 0, 0, 
14, 0, 15, -1, -1, 196, 93, 200.0, 7, , 19, 0, 0, 0, , 0, 0, 0, 0, 0, 
15, 0, 16, -1, -1, 86, 121, 151.0, 13, , 44, 0, 0, 0, , 0, 0, 0, 0, 0, 
16, 0, 17, -1, -1, 111, 116, 195.0, 9, , 30, 0, 0, 0, , 0, 0, 0, 0, 0, 
17, 0, 18, -1, -1, 226, 71, 185.0, 8, , 22, 0, 0, 0, , 0, 0, 0, 0, 0, 
18, 0, 19, -1, -1, 141, 84, 196.0, 8, , 18, 0, 0, 0, , 0, 0, 0, 0, 0, 
19, 0, 20, -1, -1, 221, 74, 199.0, 11, , 54, 0, 0, 0, , 0, 0, 0, 0, 0, 
20, 0, 21, -1, -1, 131, 129, 193.0, 8, , 9, 0, 0, 0, , 0, 0, 0, 0, 0, 
21, 0, 22, -1, -1, 189, 69, 199.0, 8, , 11, 0, 0, 0, , 0, 0, 0, 0, 0, 
22, 0, 23, -1, -1, 160, 105, 141.0, 11, , 19, 0, 0, 0, , 0, 0, 0, 0, 0, 
23, 0, 24, -1, -1, 89, 78, 176.0, 8, , 16, 0, 0, 0, , 0, 0, 0, 0, 0, 
24, 0, 25, -1, -1, 193, 66, 199.0, 7, , 8, 0, 0, 0, , 0, 0, 0, 0, 0, 
25, 0, 26, -1, -1, 177, 43, 163.0, 9, , 11, 0, 0, 0, , 0, 0, 0, 0, 0, 
26, 0, 27, -1, -1, 163, 45, 175.0, 8, , 17, 0, 0, 0, , 0, 0, 0, 0, 0, 
27, 0, 28, -1, -1, 255, 114, 196.0, 9, , 7, 0, 0, 0, , 0, 0, 0, 0, 0, 
28, 0, 29, -1, -1, 83, 63, 146.0, 8, , 16, 0, 0, 0, , 0, 0, 0, 0, 0, 
29, 0, 30, -1, -1, 73, 83, 163.0, 8, , 8, 0, 0, 0, , 0, 0, 0, 0, 0, 
30, 0, 31, -1, -1, 86, 117, 160.0, 8, , 39, 0, 0, 0, , 0, 0, 0, 0, 0, 
31, 0, 32, -1, -1, 146, 121, 200.0, 8, , 16, 0, 0, 0, , 0, 0, 0, 0, 0, 
32, 0, 34, -1, -1, 169, 101, 208.0, 9, , 15, 0, 0, 0, , 0, 0, 0, 0, 0, 
33, 0, 35, -1, -1, 95, 109, 176.0, 7, , 9, 0, 0, 0, , 0, 0, 0, 0, 0, 
34, 0, 36, -1, -1, 232, 45, 136.0, 8, , 4, 0, 0, 0, , 0, 0, 0, 0, 0, 
35, 0, 37, -1, -1, 76, 84, 162.0, 9, , 9, 0, 0, 0, , 0, 0, 0, 0, 0, 
36, 0, 38, -1, -1, 256, 80, 193.0, 7, , 5, 0, 0, 0, , 0, 0, 0, 0, 0, 
37, 0, 39, -1, -1, 148, 124, 206.0, 9, , 23, 0, 0, 0, , 0, 0, 0, 0, 0, 
38, 0, 41, -1, -1, 200, 67, 198.0, 8, , 15, 0, 0, 0, , 0, 0, 0, 0, 0, 
39, 0, 42, -1, -1, 204, 34, 140.0, 7, , 10, 0, 0, 0, , 0, 0, 0, 0, 0, 
40, 0, 43, -1, -1, 72, 86, 162.0, 8, , 16, 0, 0, 0, , 0, 0, 0, 0, 0, 
41, 0, 44, -1, -1, 298, 76, 171.0, 7, , 10, 0, 0, 0, , 0, 0, 0, 0, 0, 
42, 0, 45, -1, -1, 148, 121, 183.0, 7, , 12, 0, 0, 0, , 0, 0, 0, 0, 0, 
43, 0, 46, -1, -1, 140, 87, 193.0, 8, , 16, 0, 0, 0, , 0, 0, 0, 0, 0, 
44, 0, 47, -1, -1, 164, 83, 200.0, 8, , 17, 0, 0, 0, , 0, 0, 0, 0, 0, 
45, 0, 48, -1, -1, 217, 76, 205.0, 9, , 15, 0, 0, 0, , 0, 0, 0, 0, 0, 
46, 0, 49, -1, -1, 165, 49, 183.0, 9, , 34, 0, 0, 0, , 0, 0, 0, 0, 0, 
47, 0, 50, -1, -1, 228, 71, 189.0, 9, , 53, 0, 0, 0, , 0, 0, 0, 0, 0, 
48, 0, 52, -1, -1, 163, 32, 138.0, 8, , 4, 0, 0, 0, , 0, 0, 0, 0, 0, 
49, 0, 53, -1, -1, 263, 47, 153.0, 7, , 12, 0, 0, 0, , 0, 0, 0, 0, 0, 
50, 0, 54, -1, -1, 113, 56, 166.0, 9, , 12, 0, 0, 0, , 0, 0, 0, 0, 0, 
51, 0, 55, -1, -1, 128, 101, 199.0, 11, , 37, 0, 0, 0, , 0, 0, 0, 0, 0, 
52, 0, 56, -1, -1, 214, 72, 197.0, 8, , 16, 0, 0, 0, , 0, 0, 0, 0, 0, 
53, 0, 57, -1, -1, 283, 63, 161.0, 9, , 8, 0, 0, 0, , 0, 0, 0, 0, 0, 
54, 0, 58, -1, -1, 139, 124, 200.0, 9, , 32, 0, 0, 0, , 0, 0, 0, 0, 0, 
55, 0, 59, -1, -1, 203, 66, 196.0, 7, , 28, 0, 0, 0, , 0, 0, 0, 0, 0, 
56, 0, 60, -1, -1, 162, 81, 197.0, 8, , 8, 0, 0, 0, , 0, 0, 0, 0, 0, 
57, 0, 61, -1, -1, 134, 107, 203.0, 9, , 17, 0, 0, 0, , 0, 0, 0, 0, 0, 
58, 0, 62, -1, -1, 136, 67, 185.0, 9, , 26, 0, 0, 0, , 0, 0, 0, 0, 0, 
59, 0, 63, -1, -1, 56, 83, 141.0, 9, , 16, 0, 0, 0, , 0, 0, 0, 0, 0, 
60, 0, 64, -1, -1, 81, 65, 142.0, 7, , 10, 0, 0, 0, , 0, 0, 0, 0, 0, 
61, 0, 66, -1, -1, 119, 56, 156.0, 8, , 4, 0, 0, 0, , 0, 0, 0, 0, 0, 
62, 0, 67, -1, -1, 87, 78, 165.0, 8, , 2, 0, 0, 0, , 0, 0, 0, 0, 0, 
63, 0, 68, -1, -1, 253, 73, 176.0, 9, , 14, 0, 0, 0, , 0, 0, 0, 0, 0, 
64, 0, 69, -1, -1, 277, 79, 186.0, 7, , 5, 0, 0, 0, , 0, 0, 0, 0, 0, 
65, 0, 70, -1, -1, 132, 60, 191.0, 9, , 5, 0, 0, 0, , 0, 0, 0, 0, 0, 
66, 0, 71, -1, -1, 102, 120, 189.0, 9, , 9, 0, 0, 0, , 0, 0, 0, 0, 0, 
67, 0, 72, -1, -1, 130, 133, 186.0, 8, , 4, 0, 0, 0, , 0, 0, 0, 0, 0, 
68, 0, 73, -1, -1, 184, 53, 187.0, 8, , 11, 0, 0, 0, , 0, 0, 0, 0, 0, 
69, 0, 74, -1, -1, 153, 115, 194.0, 8, , 8, 0, 0, 0, , 0, 0, 0, 0, 0, 
70, 0, 75, -1, -1, 247, 111, 203.0, 8, , 6, 0, 0, 0, , 0, 0, 0, 0, 0, 
71, 0, 76, -1, -1, 139, 88, 198.0, 9, , 23, 0, 0, 0, , 0, 0, 0, 0, 0, 
72, 0, 77, -1, -1, 138, 128, 206.0, 7, , 13, 0, 0, 0, , 0, 0, 0, 0, 0, 
73, 0, 78, -1, -1, 141, 82, 202.0, 9, , 27, 0, 0, 0, , 0, 0, 0, 0, 0, 
74, 0, 79, -1, -1, 134, 104, 205.0, 11, , 34, 0, 0, 0, , 0, 0, 0, 0, 0, 
75, 0, 81, -1, -1, 58, 80, 146.0, 8, , 38, 0, 0, 0, , 0, 0, 0, 0, 0, 
76, 0, 82, -1, -1, 97, 59, 170.0, 9, , 30, 0, 0, 0, , 0, 0, 0, 0, 0, 
77, 0, 83, -1, -1, 294, 77, 165.0, 8, , 12, 0, 0, 0, , 0, 0, 0, 0, 0, 
78, 0, 84, -1, -1, 148, 83, 177.0, 7, , 10, 0, 0, 0, , 0, 0, 0, 0, 0, 
79, 0, 85, -1, -1, 282, 86, 189.0, 11, , 9, 0, 0, 0, , 0, 0, 0, 0, 0, 
80, 0, 86, -1, -1, 244, 98, 195.0, 7, , 7, 0, 0, 0, , 0, 0, 0, 0, 0, 
81, 0, 87, -1, -1, 135, 91, 201.0, 7, , 5, 0, 0, 0, , 0, 0, 0, 0, 0, 
82, 0, 88, -1, -1, 178, 91, 202.0, 9, , 14, 0, 0, 0, , 0, 0, 0, 0, 0, 
83, 0, 89, -1, -1, 108, 64, 78.0, 8, , 12, 0, 0, 0, , 0, 0, 0, 0, 0, 
84, 0, 90, -1, -1, 131, 35, 137.0, 7, , 12, 0, 0, 0, , 0, 0, 0, 0, 0, 
85, 0, 91, -1, -1, 276, 86, 181.0, 9, , 15, 0, 0, 0, , 0, 0, 0, 0, 0, 
86, 0, 92, -1, -1, 273, 81, 185.0, 8, , 15, 0, 0, 0, , 0, 0, 0, 0, 0, 
87, 0, 93, -1, -1, 109, 121, 198.0, 9, , 5, 0, 0, 0, , 0, 0, 0, 0, 0, 
88, 0, 95, -1, -1, 146, 100, 208.0, 8, , 9, 0, 0, 0, , 0, 0, 0, 0, 0, 
89, 0, 96, -1, -1, 234, 40, 140.0, 8, , 3, 0, 0, 0, , 0, 0, 0, 0, 0, 
90, 0, 97, -1, -1, 260, 40, 148.0, 9, , 13, 0, 0, 0, , 0, 0, 0, 0, 0, 
91, 0, 98, -1, -1, 180, 87, 191.0, 7, , 6, 0, 0, 0, , 0, 0, 0, 0, 0, 
92, 0, 99, -1, -1, 105, 95, 60.0, 9, , 7, 0, 0, 0, , 0, 0, 0, 0, 0, 
93, 0, 101, -1, -1, 242, 52, 101.0, 8, , 10, 0, 0, 0, , 0, 0, 0, 0, 0, 
94, 0, 102, -1, -1, 170, 35, 135.0, 11, , 30, 0, 0, 0, , 0, 0, 0, 0, 0, 
95, 0, 103, -1, -1, 86, 156, 140.0, 9, , 13, 0, 0, 0, , 0, 0, 0, 0, 0, 
96, 0, 104, -1, -1, 196, 37, 143.0, 9, , 21, 0, 0, 0, , 0, 0, 0, 0, 0, 
97, 0, 105, -1, -1, 54, 115, 152.0, 9, , 4, 0, 0, 0, , 0, 0, 0, 0, 0, 
98, 0, 106, -1, -1, 68, 109, 160.0, 8, , 13, 0, 0, 0, , 0, 0, 0, 0, 0, 
99, 0, 108, -1, -1, 252, 47, 165.0, 9, , 7, 0, 0, 0, , 0, 0, 0, 0, 0, 
100, 0, 109, -1, -1, 260, 76, 165.0, 8, , 2, 0, 0, 0, , 0, 0, 0, 0, 0, 
101, 0, 110, -1, -1, 136, 60, 187.0, 9, , 34, 0, 0, 0, , 0, 0, 0, 0, 0, 
102, 0, 111, -1, -1, 159, 61, 189.0, 9, , 50, 0, 0, 0, , 0, 0, 0, 0, 0, 
103, 0, 112, -1, -1, 140, 66, 190.0, 8, , 18, 0, 0, 0, , 0, 0, 0, 0, 0, 
104, 0, 113, -1, -1, 153, 60, 187.0, 9, , 14, 0, 0, 0, , 0, 0, 0, 0, 0, 
105, 0, 114, -1, -1, 99, 121, 196.0, 9, , 39, 0, 0, 0, , 0, 0, 0, 0, 0, 
106, 0, 115, -1, -1, 164, 58, 195.0, 8, , 24, 0, 0, 0, , 0, 0, 0, 0, 0, 
107, 0, 116, -1, -1, 119, 53, 149.0, 7, , 4, 0, 0, 0, , 0, 0, 0, 0, 0, 
108, 0, 117, -1, -1, 253, 109, 199.0, 9, , 79, 0, 0, 0, , 0, 0, 0, 0, 0, 
109, 0, 118, -1, -1, 112, 162, 108.0, 8, , 35, 0, 0, 0, , 0, 0, 0, 0, 0, 
110, 0, 119, -1, -1, 41, 101, 128.0, 8, , 4, 0, 0, 0, , 0, 0, 0, 0, 0, 
111, 0, 120, -1, -1, 92, 56, 131.0, 9, , 15, 0, 0, 0, , 0, 0, 0, 0, 0, 
112, 0, 121, -1, -1, 132, 38, 134.0, 9, , 8, 0, 0, 0, , 0, 0, 0, 0, 0, 
113, 0, 122, -1, -1, 298, 63, 137.0, 8, , 2, 0, 0, 0, , 0, 0, 0, 0, 0, 
114, 0, 123, -1, -1, 97, 59, 142.0, 8, , 13, 0, 0, 0, , 0, 0, 0, 0, 0, 
115, 0, 125, -1, -1, 112, 60, 158.0, 9, , 26, 0, 0, 0, , 0, 0, 0, 0, 0, 
116, 0, 126, -1, -1, 141, 147, 157.0, 7, , 9, 0, 0, 0, , 0, 0, 0, 0, 0, 
117, 0, 127, -1, -1, 68, 134, 165.0, 8, , 6, 0, 0, 0, , 0, 0, 0, 0, 0, 
118, 0, 128, -1, -1, 96, 68, 175.0, 8, , 12, 0, 0, 0, , 0, 0, 0, 0, 0, 
119, 0, 129, -1, -1, 97, 65, 176.0, 9, , 15, 0, 0, 0, , 0, 0, 0, 0, 0, 
120, 0, 130, -1, -1, 128, 53, 175.0, 9, , 6, 0, 0, 0, , 0, 0, 0, 0, 0, 
121, 0, 131, -1, -1, 300, 98, 174.0, 9, , 42, 0, 0, 0, , 0, 0, 0, 0, 0, 
122, 0, 132, -1, -1, 99, 113, 175.0, 9, , 19, 0, 0, 0, , 0, 0, 0, 0, 0, 
123, 0, 133, -1, -1, 227, 70, 180.0, 9, , 11, 0, 0, 0, , 0, 0, 0, 0, 0, 
124, 0, 134, -1, -1, 247, 50, 179.0, 8, , 10, 0, 0, 0, , 0, 0, 0, 0, 0, 
125, 0, 135, -1, -1, 303, 98, 179.0, 11, , 9, 0, 0, 0, , 0, 0, 0, 0, 0, 
126, 0, 136, -1, -1, 169, 47, 183.0, 7, , 11, 0, 0, 0, , 0, 0, 0, 0, 0, 
127, 0, 137, -1, -1, 170, 56, 182.0, 8, , 12, 0, 0, 0, , 0, 0, 0, 0, 0, 
128, 0, 138, -1, -1, 135, 137, 189.0, 8, , 13, 0, 0, 0, , 0, 0, 0, 0, 0, 
129, 0, 139, -1, -1, 199, 68, 192.0, 9, , 17, 0, 0, 0, , 0, 0, 0, 0, 0, 
130, 0, 140, -1, -1, 205, 92, 203.0, 8, , 3, 0, 0, 0, , 0, 0, 0, 0, 0, 
131, 0, 141, -1, -1, 128, 99, 209.0, 9, , 32, 0, 0, 0, , 0, 0, 0, 0, 0, 
132, 0, -1, -1, -1, 195, 30, 137.0, 9, , 16, 0, 0, 0, , 0, 0, 0, 0, 0, 
133, 0, -1, -1, -1, 169, 38, 149.0, 7, , 15, 0, 0, 0, , 0, 0, 0, 0, 0, 
134, 0, -1, -1, -1, 65, 107, 158.0, 9, , 5, 0, 0, 0, , 0, 0, 0, 0, 0, 
135, 0, -1, -1, -1, 143, 144, 168.0, 7, , 6, 0, 0, 0, , 0, 0, 0, 0, 0, 
136, 0, -1, -1, -1, 301, 98, 170.0, 8, , 30, 0, 0, 0, , 0, 0, 0, 0, 0, 
137, 0, -1, -1, -1, 63, 110, 172.0, 7, , 7, 0, 0, 0, , 0, 0, 0, 0, 0, 
138, 0, -1, -1, -1, 78, 94, 177.0, 8, , 11, 0, 0, 0, , 0, 0, 0, 0, 0, 
139, 0, -1, -1, -1, 275, 86, 197.0, 9, , 13, 0, 0, 0, , 0, 0, 0, 0, 0, 
140, 0, -1, -1, -1, 136, 86, 206.0, 9, , 34, 0, 0, 0, , 0, 0, 0, 0, 0, 
141, 1, 142, 166, -1, 274, 87, 133.0, 22, Eprp, 0, 0, 0, 0, , 0, 0, 0, 0, 0, 
142, 1, 143, 167, -1, 143, 44, 157.0, 17, ABpraaapp, 0, 0, 0, 0, , 0, 0, 0, 0, 0, 
143, 0, 144, -1, -1, 138, 37, 139.0, 19, , 0, 0, 0, 0, , 0, 0, 0, 0, 0, 
144, 1, 145, 169, -1, 161, 80, 197.0, 17, ABarapppp, 0, 0, 0, 0, , 0, 0, 0, 0, 0, 
145, 1, 146, 170, -1, 136, 84, 199.0, 16, ABarapppa, 0, 0, 0, 0, , 0, 0, 0, 0, 0, 
146, 1, 147, 171, -1, 129, 102, 204.0, 17, ABarappaa, 0, 0, 0, 0, , 0, 0, 0, 0, 0, 
147, 1, 148, 172, -1, 161, 100, 211.0, 17, ABarappap, 0, 0, 0, 0, , 0, 0, 0, 0, 0, 
148, 1, 149, 173, -1, 104, 121, 198.0, 17, ABarapaaa, 0, 0, 0, 0, , 0, 0, 0, 0, 0, 
149, 1, 150, 174, -1, 129, 136, 193.0, 19, ABarapaap, 0, 0, 0, 0, , 0, 0, 0, 0, 0, 
150, 1, 151, 175, -1, 143, 124, 205.0, 19, ABarapapa, 0, 0, 0, 0, , 0, 0, 0, 0, 0, 
151, 1, 152, 176, -1, 158, 118, 188.0, 18, ABarapapp, 0, 0, 0, 0, , 0, 0, 0, 0, 0, 
152, 1, 153, 177, -1, 86, 122, 161.0, 20, ABaraapaa, 0, 0, 0, 0, , 0, 0, 0, 0, 0, 
153, 1, 154, 178, -1, 109, 133, 154.0, 18, ABaraapap, 0, 0, 0, 0, , 0, 0, 0, 0, 0, 
154, 1, 155, 179, -1, 124, 125, 169.0, 19, ABaraappa, 0, 0, 0, 0, , 0, 0, 0, 0, 0, 
155, 1, 156, 180, -1, 143, 113, 168.0, 19, ABaraappp, 0, 0, 0, 0, , 0, 0, 0, 0, 0, 
156, 1, 157, 181, -1, 82, 99, 185.0, 21, ABaraaapa, 0, 0, 0, 0, , 0, 0, 0, 0, 0, 
157, 1, 158, 182, -1, 110, 101, 193.0, 17, ABaraaapp, 0, 0, 0, 0, , 0, 0, 0, 0, 0, 
158, 1, 159, 183, -1, 65, 109, 164.0, 17, ABaraaaaa, 0, 0, 0, 0, , 0, 0, 0, 0, 0, 
159, 1, 160, 184, -1, 98, 110, 173.0, 16, ABaraaaap, 0, 0, 0, 0, , 0, 0, 0, 0, 0, 
160, 1, 161, 185, -1, 90, 140, 174.0, 17, ABalpaaap, 0, 0, 0, 0, , 0, 0, 0, 0, 0, 
161, 1, 162, 186, -1, 67, 130, 168.0, 17, ABalpaaaa, 0, 0, 0, 0, , 0, 0, 0, 0, 0, 
162, 1, 163, 187, -1, 65, 137, 140.0, 19, ABalpaapa, 0, 0, 0, 0, , 0, 0, 0, 0, 0, 
163, 1, 164, 188, -1, 87, 156, 128.0, 18, ABalpaapp, 0, 0, 0, 0, , 0, 0, 0, 0, 0, 
164, 1, 165, 189, -1, 114, 153, 179.0, 19, ABalpappa, 0, 0, 0, 0, , 0, 0, 0, 0, 0, 
165, 1, 166, 190, -1, 140, 148, 163.0, 19, ABalpappp, 0, 0, 0, 0, , 0, 0, 0, 0, 0, 
166, 1, 167, 191, -1, 69, 155, 116.0, 19, ABalppaaa, 0, 0, 0, 0, , 0, 0, 0, 0, 0, 
167, 1, 168, 192, -1, 86, 161, 100.0, 19, ABalppaap, 0, 0, 0, 0, , 0, 0, 0, 0, 0, 
168, 1, 169, 193, -1, 107, 172, 130.0, 19, ABalppapa, 0, 0, 0, 0, , 0, 0, 0, 0, 0, 
169, 1, 170, 194, -1, 137, 162, 133.0, 19, ABalppapp, 0, 0, 0, 0, , 0, 0, 0, 0, 0, 
170, 1, 171, 195, -1, 85, 157, 158.0, 17, ABalpapaa, 0, 0, 0, 0, , 0, 0, 0, 0, 0, 
171, 1, 172, 196, -1, 109, 164, 156.0, 19, ABalpapap, 0, 0, 0, 0, , 0, 0, 0, 0, 0, 
172, 1, 173, 197, -1, 84, 136, 95.0, 15, ABalpppaa, 0, 0, 0, 0, , 0, 0, 0, 0, 0, 
173, 1, 174, 198, -1, 106, 146, 88.85714, 13, ABalpppap, 0, 0, 0, 0, , 0, 0, 0, 0, 0, 
174, 1, 175, 199, -1, 138, 136, 73.333336, 15, ABalppppp, 0, 0, 0, 0, , 0, 0, 0, 0, 0, 
175, 1, 176, 200, -1, 108, 128, 87.4, 17, ABalppppa, 0, 0, 0, 0, , 0, 0, 0, 0, 0, 
176, 1, 177, 201, -1, 46, 100, 126.0, 18, ABalaaapa, 0, 0, 0, 0, , 0, 0, 0, 0, 0, 
177, 1, 178, 202, -1, 60, 80, 137.0, 16, ABalaaapp, 0, 0, 0, 0, , 0, 0, 0, 0, 0, 
178, 1, 179, 203, -1, 67, 84, 163.0, 17, ABalaapaa, 0, 0, 0, 0, , 0, 0, 0, 0, 0, 
179, 0, 180, -1, -1, 82, 77, 166.63333, 17, , 0, 0, 0, 0, , 0, 0, 0, 0, 0, 
180, 1, 180, 205, -1, 85, 78, 168.0, 15, ABalaapap, 0, 0, 0, 0, , 0, 0, 0, 0, 0, 
181, 1, 181, 206, -1, 48, 113, 151.0, 19, ABalaaaar, 0, 0, 0, 0, , 0, 0, 0, 0, 0, 
182, 1, 182, 207, -1, 53, 121, 126.0, 19, ABalaaaal, 0, 0, 0, 0, , 0, 0, 0, 0, 0, 
183, 1, 183, 208, -1, 95, 59, 134.0, 18, ABalaappp, 0, 0, 0, 0, , 0, 0, 0, 0, 0, 
184, 1, 184, 209, -1, 85, 67, 146.0, 17, ABalaappa, 0, 0, 0, 0, , 0, 0, 0, 0, 0, 
185, 1, 185, 210, -1, 88, 114, 95.0, 19, ABalapaap, 0, 0, 0, 0, , 0, 0, 0, 0, 0, 
186, 1, 186, 211, -1, 68, 111, 108.0, 19, ABalapaaa, 0, 0, 0, 0, , 0, 0, 0, 0, 0, 
187, 1, 187, 212, -1, 91, 94, 89.0, 19, ABalapapa, 0, 0, 0, 0, , 0, 0, 0, 0, 0, 
188, 1, 188, 213, -1, 120, 107, 89.0, 18, ABalapapp, 0, 0, 0, 0, , 0, 0, 0, 0, 0, 
189, 1, 189, 214, -1, 67, 85, 114.0, 17, ABalappaa, 0, 0, 0, 0, , 0, 0, 0, 0, 0, 
190, 1, 190, 215, -1, 88, 77, 118.0, 16, ABalappap, 0, 0, 0, 0, , 0, 0, 0, 0, 0, 
191, 1, 191, 216, -1, 98, 60, 113.0, 16, ABalapppa, 0, 0, 0, 0, , 0, 0, 0, 0, 0, 
192, 1, 192, 217, -1, 136, 65, 112.0, 18, ABalapppp, 0, 0, 0, 0, , 0, 0, 0, 0, 0, 
193, 1, 193, 218, -1, 99, 63, 168.0, 16, ABpraaaaa, 0, 0, 0, 0, , 0, 0, 0, 0, 0, 
194, 1, 194, 219, -1, 121, 53, 175.0, 19, ABpraaaap, 0, 0, 0, 0, , 0, 0, 0, 0, 0, 
195, 1, 195, 220, -1, 219, 51, 168.0, 18, ABpraappp, 0, 0, 0, 0, , 0, 0, 0, 0, 0, 
196, 1, 196, 221, -1, 182, 40, 161.0, 18, ABpraappa, 0, 0, 0, 0, , 0, 0, 0, 0, 0, 
197, 1, 197, 222, -1, 250, 50, 170.8, 16, ABprappaa, 0, 0, 0, 0, , 0, 0, 0, 0, 0, 
198, 1, 198, 223, -1, 282, 63, 168.0, 18, ABprappap, 0, 0, 0, 0, , 0, 0, 0, 0, 0, 
199, 1, 199, 224, -1, 294, 75, 168.0, 16, ABprapppa, 0, 0, 0, 0, , 0, 0, 0, 0, 0, 
200, 1, 200, 225, -1, 197, 33, 134.5, 18, ABprapaaa, 0, 0, 0, 0, , 0, 0, 0, 0, 0, 
201, 1, 201, 226, -1, 226, 38, 140.0, 15, ABprapaap, 0, 0, 0, 0, , 0, 0, 0, 0, 0, 
202, 1, 202, 227, -1, 262, 45, 148.0, 18, ABprapapa, 0, 0, 0, 0, , 0, 0, 0, 0, 0, 
203, 1, 203, 228, -1, 297, 66, 138.5, 16, ABprapapp, 0, 0, 0, 0, , 0, 0, 0, 0, 0, 
204, 1, 204, 229, -1, 170, 170, 113.0, 15, ABplppaaa, 0, 0, 0, 0, , 0, 0, 0, 0, 0, 
205, 1, 205, 230, -1, 194, 169, 112.666664, 17, ABplppaap, 0, 0, 0, 0, , 0, 0, 0, 0, 0, 
206, 1, 206, 231, -1, 206, 162, 94.0, 14, ABplppapa, 0, 0, 0, 0, , 0, 0, 0, 0, 0, 
207, 1, 207, 232, -1, 232, 159, 113.0, 15, ABplppapp, 0, 0, 0, 0, , 0, 0, 0, 0, 0, 
208, 1, 208, 233, -1, 222, 174, 113.0, 15, ABplpppaa, 0, 0, 0, 0, , 0, 0, 0, 0, 0, 
209, 1, 209, 234, -1, 246, 176, 118.0, 17, ABplpppap, 0, 0, 0, 0, , 0, 0, 0, 0, 0, 
210, 1, 210, 235, -1, 212, 168, 133.0, 14, ABplppppa, 0, 0, 0, 0, , 0, 0, 0, 0, 0, 
211, 1, 211, 236, -1, 237, 177, 151.0, 15, ABplppppp, 0, 0, 0, 0, , 0, 0, 0, 0, 0, 
212, 1, 212, 237, -1, 160, 177, 134.16667, 16, ABplpapap, 0, 0, 0, 0, , 0, 0, 0, 0, 0, 
213, 1, 213, 238, -1, 115, 167, 103.0, 17, ABplpaaaa, 0, 0, 0, 0, , 0, 0, 0, 0, 0, 
214, 1, 214, 239, -1, 138, 174, 101.25, 17, ABplpaaap, 0, 0, 0, 0, , 0, 0, 0, 0, 0, 
215, 1, 215, 240, -1, 137, 161, 81.0, 19, ABplpaapa, 0, 0, 0, 0, , 0, 0, 0, 0, 0, 
216, 1, 216, 241, -1, 168, 170, 88.0, 19, ABplpaapp, 0, 0, 0, 0, , 0, 0, 0, 0, 0, 
217, 1, 217, 242, -1, 141, 175, 120.0, 15, ABplpapaa, 0, 0, 0, 0, , 0, 0, 0, 0, 0, 
218, 1, 218, 243, -1, 169, 170, 156.0, 17, ABplpappa, 0, 0, 0, 0, , 0, 0, 0, 0, 0, 
219, 1, 219, 244, -1, 197, 173, 152.375, 17, ABplpappp, 0, 0, 0, 0, , 0, 0, 0, 0, 0, 
220, 1, 220, 245, -1, 167, 37, 141.0, 14, ABpraapap, 0, 0, 0, 0, , 0, 0, 0, 0, 0, 
221, 1, 221, 246, -1, 134, 64, 188.5, 15, ABprpaaaa, 0, 0, 0, 0, , 0, 0, 0, 0, 0, 
222, 1, 222, 247, -1, 157, 60, 188.5, 17, ABprpaaap, 0, 0, 0, 0, , 0, 0, 0, 0, 0, 
223, 1, 223, 248, -1, 168, 51, 181.0, 17, ABprpaapa, 0, 0, 0, 0, , 0, 0, 0, 0, 0, 
224, 1, 224, 249, -1, 190, 55, 185.0, 15, ABprpaapp, 0, 0, 0, 0, , 0, 0, 0, 0, 0, 
225, 1, 225, 250, -1, 179, 91, 194.5, 17, ABprpapaa, 0, 0, 0, 0, , 0, 0, 0, 0, 0, 
226, 1, 226, 251, -1, 200, 95, 203.6, 18, ABprpapap, 0, 0, 0, 0, , 0, 0, 0, 0, 0, 
227, 1, 227, 252, -1, 192, 115, 203.0, 17, ABprpappa, 0, 0, 0, 0, , 0, 0, 0, 0, 0, 
228, 1, 228, 253, -1, 219, 115, 205.42857, 18, ABprpappp, 0, 0, 0, 0, , 0, 0, 0, 0, 0, 
229, 1, 229, 254, -1, 195, 69, 195.0, 14, ABprppaaa, 0, 0, 0, 0, , 0, 0, 0, 0, 0, 
230, 1, 230, 255, -1, 216, 77, 198.0, 15, ABprppaap, 0, 0, 0, 0, , 0, 0, 0, 0, 0, 
231, 1, 231, 256, -1, 231, 71, 184.0, 16, ABprppapa, 0, 0, 0, 0, , 0, 0, 0, 0, 0, 
232, 1, 232, 257, -1, 255, 72, 171.14285, 16, ABprppapp, 0, 0, 0, 0, , 0, 0, 0, 0, 0, 
233, 1, 233, 258, -1, 254, 78, 195.0, 16, ABprpppaa, 0, 0, 0, 0, , 0, 0, 0, 0, 0, 
234, 1, 234, 259, -1, 277, 85, 186.33333, 18, ABprpppap, 0, 0, 0, 0, , 0, 0, 0, 0, 0, 
235, 1, 235, 260, -1, 236, 95, 198.11111, 17, ABprppppa, 0, 0, 0, 0, , 0, 0, 0, 0, 0, 
236, 1, 236, 261, -1, 254, 111, 198.38461, 17, ABprppppp, 0, 0, 0, 0, , 0, 0, 0, 0, 0, 
237, 1, 237, 262, -1, 70, 101, 133.0, 18, MSaaaaa, 0, 0, 0, 0, , 0, 0, 0, 0, 0, 
238, 1, 238, 263, -1, 102, 94, 116.0, 19, MSaaaap, 0, 0, 0, 0, , 0, 0, 0, 0, 0, 
239, 1, 239, 264, -1, 150, 115, 130.0, 17, MSaaapp, 0, 0, 0, 0, , 0, 0, 0, 0, 0, 
240, 1, 240, 265, -1, 104, 115, 133.5, 18, MSaaapa, 0, 0, 0, 0, , 0, 0, 0, 0, 0, 
241, 1, 241, 266, -1, 172, 149, 157.66667, 13, MSaapap, 0, 0, 0, 0, , 0, 0, 0, 0, 0, 
242, 1, 242, 267, -1, 144, 134, 140.0, 18, MSaapaa, 0, 0, 0, 0, , 0, 0, 0, 0, 0, 
243, 1, 243, 268, -1, 214, 152, 162.33333, 17, MSaappp, 0, 0, 0, 0, , 0, 0, 0, 0, 0, 
244, 1, 244, 269, -1, 294, 134, 168.0, 15, Cppap, 0, 0, 0, 0, , 0, 0, 0, 0, 0, 
245, 1, 245, 270, -1, 224, 71, 139.0, 19, Epra, 0, 0, 0, 0, , 0, 0, 0, 0, 0, 
246, 1, 246, 271, -1, 184, 109, 116.0, 19, Ealp, 0, 0, 0, 0, , 0, 0, 0, 0, 0, 
247, 1, 247, 272, -1, 146, 103, 104.0, 19, Eala, 0, 0, 0, 0, , 0, 0, 0, 0, 0, 
248, 1, 248, 273, -1, 158, 77, 124.0, 19, Eara, 0, 0, 0, 0, , 0, 0, 0, 0, 0, 
249, 1, 249, 274, -1, 192, 88, 137.0, 17, Earp, 0, 0, 0, 0, , 0, 0, 0, 0, 0, 
250, 1, 250, 275, -1, 213, 100, 104.0, 18, Epla, 0, 0, 0, 0, , 0, 0, 0, 0, 0, 
251, 1, 251, 276, -1, 264, 109, 118.0, 17, Eplp, 0, 0, 0, 0, , 0, 0, 0, 0, 0, 
252, 1, 252, 277, -1, 267, 99, 83.0, 17, Caaaa, 0, 0, 0, 0, , 0, 0, 0, 0, 0, 
253, 1, 253, 278, -1, 301, 122, 94.0, 17, Caaap, 0, 0, 0, 0, , 0, 0, 0, 0, 0, 
254, 1, 254, 279, -1, 319, 126, 100.0, 15, Caapa, 0, 0, 0, 0, , 0, 0, 0, 0, 0, 
255, 1, 255, 280, -1, 318, 145, 121.0, 17, Caapp, 0, 0, 0, 0, , 0, 0, 0, 0, 0, 
256, 1, 256, 281, -1, 242, 158, 144.0, 17, Capaa, 0, 0, 0, 0, , 0, 0, 0, 0, 0, 
257, 1, 257, 282, -1, 280, 150, 149.0, 17, Capap, 0, 0, 0, 0, , 0, 0, 0, 0, 0, 
258, 1, 258, 283, -1, 274, 148, 121.0, 17, Cappa, 0, 0, 0, 0, , 0, 0, 0, 0, 0, 
259, 1, 259, 284, -1, 295, 145, 136.0, 17, Cappp, 0, 0, 0, 0, , 0, 0, 0, 0, 0, 
260, 1, 260, 285, -1, 228, 62, 94.0, 17, Cpaaa, 0, 0, 0, 0, , 0, 0, 0, 0, 0, 
261, 1, 261, 286, -1, 293, 85, 106.0, 17, Cpaap, 0, 0, 0, 0, , 0, 0, 0, 0, 0, 
262, 1, 262, 287, -1, 317, 98, 129.0, 17, Cpapa, 0, 0, 0, 0, , 0, 0, 0, 0, 0, 
263, 1, 263, 288, -1, 331, 124, 138.0, 15, Cpapp, 0, 0, 0, 0, , 0, 0, 0, 0, 0, 
264, 1, 264, 289, -1, 263, 122, 181.0, 15, Cppaa, 0, 0, 0, 0, , 0, 0, 0, 0, 0, 
265, 1, 265, 290, -1, 299, 104, 151.0, 17, Cpppa, 0, 0, 0, 0, , 0, 0, 0, 0, 0, 
266, 1, 266, 291, -1, 306, 128, 148.0, 17, Cpppp, 0, 0, 0, 0, , 0, 0, 0, 0, 0, 
267, 1, 267, 292, -1, 212, 143, 138.0, 16, Daa, 0, 0, 0, 0, , 0, 0, 0, 0, 0, 
268, 1, 268, 293, -1, 242, 132, 127.0, 16, Dap, 0, 0, 0, 0, , 0, 0, 0, 0, 0, 
269, 1, 269, 294, -1, 230, 108, 173.0, 16, Dpa, 0, 0, 0, 0, , 0, 0, 0, 0, 0, 
270, 1, 270, 295, -1, 265, 104, 161.0, 16, Dpp, 0, 0, 0, 0, , 0, 0, 0, 0, 0, 
271, 1, 271, 296, -1, 230, 104, 140.0, 18, Z2, 0, 0, 0, 0, , 0, 0, 0, 0, 0, 
272, 1, 272, 297, -1, 199, 119, 144.0, 16, Z3, 0, 0, 0, 0, , 0, 0, 0, 0, 0, 
273, 1, 273, 298, -1, 91, 73, 82.0, 14, ABarpaaaa, 0, 0, 0, 0, , 0, 0, 0, 0, 0, 
274, 1, 274, 299, -1, 114, 68, 80.0, 16, ABarpaaap, 0, 0, 0, 0, , 0, 0, 0, 0, 0, 
275, 1, 275, 300, -1, 146, 61, 86.0, 19, ABarpaapa, 0, 0, 0, 0, , 0, 0, 0, 0, 0, 
276, 1, 276, 301, -1, 179, 61, 86.0, 18, ABarpaapp, 0, 0, 0, 0, , 0, 0, 0, 0, 0, 
277, 1, 277, 302, -1, 109, 52, 99.0, 15, ABarpapaa, 0, 0, 0, 0, , 0, 0, 0, 0, 0, 
278, 1, 278, 303, -1, 129, 43, 105.0, 15, ABarpapap, 0, 0, 0, 0, , 0, 0, 0, 0, 0, 
279, 1, 279, 304, -1, 151, 43, 110.0, 14, ABarpappa, 0, 0, 0, 0, , 0, 0, 0, 0, 0, 
280, 1, 280, 305, -1, 217, 42, 118.0, 17, ABarpppap, 0, 0, 0, 0, , 0, 0, 0, 0, 0, 
281, 1, 281, 306, -1, 203, 89, 72.0, 16, ABarppaap, 0, 0, 0, 0, , 0, 0, 0, 0, 0, 
282, 1, 282, 307, -1, 175, 81, 72.0, 17, ABarppaaa, 0, 0, 0, 0, , 0, 0, 0, 0, 0, 
283, 1, 283, 308, -1, 222, 103, 76.0, 19, ABarppapa, 0, 0, 0, 0, , 0, 0, 0, 0, 0, 
284, 1, 284, 309, -1, 248, 117, 88.0, 19, ABarppapp, 0, 0, 0, 0, , 0, 0, 0, 0, 0, 
285, 1, 285, 310, -1, 195, 43, 108.0, 16, ABarpppaa, 0, 0, 0, 0, , 0, 0, 0, 0, 0, 
286, 1, 286, 311, -1, 174, 43, 117.0, 17, ABarpappp, 0, 0, 0, 0, , 0, 0, 0, 0, 0, 
287, 1, 287, 312, -1, 241, 47, 115.0, 18, ABarppppa, 0, 0, 0, 0, , 0, 0, 0, 0, 0, 
288, 1, 288, 313, -1, 270, 64, 118.0, 18, ABarppppp, 0, 0, 0, 0, , 0, 0, 0, 0, 0, 
289, 1, 289, 314, -1, 103, 94, 66.0, 17, ABplaaaaa, 0, 0, 0, 0, , 0, 0, 0, 0, 0, 
290, 1, 290, 315, -1, 128, 85, 70.0, 17, ABplaaaap, 0, 0, 0, 0, , 0, 0, 0, 0, 0, 
291, 1, 291, 316, -1, 149, 92, 65.0, 17, ABplaaapa, 0, 0, 0, 0, , 0, 0, 0, 0, 0, 
292, 1, 292, 317, -1, 175, 100, 67.0, 17, ABplaaapp, 0, 0, 0, 0, , 0, 0, 0, 0, 0, 
293, 1, 293, 318, -1, 103, 115, 58.0, 17, ABplaapaa, 0, 0, 0, 0, , 0, 0, 0, 0, 0, 
294, 1, 294, 319, -1, 146, 113, 54.0, 17, ABplaapap, 0, 0, 0, 0, , 0, 0, 0, 0, 0, 
295, 1, 295, 320, -1, 192, 145, 71.0, 17, ABplaappp, 0, 0, 0, 0, , 0, 0, 0, 0, 0, 
296, 1, 296, 321, -1, 166, 143, 56.0, 17, ABplaappa, 0, 0, 0, 0, , 0, 0, 0, 0, 0, 
297, 1, 297, 322, -1, 177, 125, 55.0, 17, ABplapaaa, 0, 0, 0, 0, , 0, 0, 0, 0, 0, 
298, 1, 298, 323, -1, 201, 120, 68.0, 17, ABplapaap, 0, 0, 0, 0, , 0, 0, 0, 0, 0, 
299, 1, 299, 324, -1, 238, 127, 67.0, 16, ABplapapa, 0, 0, 0, 0, , 0, 0, 0, 0, 0, 
300, 1, 300, 325, -1, 265, 146, 89.0, 17, ABplapapp, 0, 0, 0, 0, , 0, 0, 0, 0, 0, 
301, 1, 301, 326, -1, 220, 147, 76.0, 19, ABplappaa, 0, 0, 0, 0, , 0, 0, 0, 0, 0, 
302, 1, 302, 327, -1, 245, 157, 83.0, 19, ABplappap, 0, 0, 0, 0, , 0, 0, 0, 0, 0, 
303, 1, 303, 328, -1, 252, 166, 99.0, 17, ABplapppa, 0, 0, 0, 0, , 0, 0, 0, 0, 0, 
304, 1, 304, 329, -1, 274, 171, 109.0, 17, ABplapppp, 0, 0, 0, 0, , 0, 0, 0, 0, 0, 
305, 1, 305, 330, -1, 201, 126, 177.0, 16, MSpapap, 0, 0, 0, 0, , 0, 0, 0, 0, 0, 
306, 1, 306, 331, -1, 184, 153, 171.0, 16, MSaappa, 0, 0, 0, 0, , 0, 0, 0, 0, 0, 
307, 1, 307, 332, -1, 106, 144, 116.0, 16, MSapaaa, 0, 0, 0, 0, , 0, 0, 0, 0, 0, 
308, 1, 308, 333, -1, 136, 134, 118.0, 16, MSapaap, 0, 0, 0, 0, , 0, 0, 0, 0, 0, 
309, 1, 309, 334, -1, 147, 143, 102.0, 16, MSapapa, 0, 0, 0, 0, , 0, 0, 0, 0, 0, 
310, 1, 310, 335, -1, 171, 132, 95.0, 16, MSapapp, 0, 0, 0, 0, , 0, 0, 0, 0, 0, 
311, 1, 311, 336, -1, 159, 145, 125.0, 16, MSappaa, 0, 0, 0, 0, , 0, 0, 0, 0, 0, 
312, 1, 312, 337, -1, 194, 154, 134.0, 15, MSappap, 0, 0, 0, 0, , 0, 0, 0, 0, 0, 
313, 1, 313, 338, -1, 179, 151, 107.0, 14, MSapppa, 0, 0, 0, 0, , 0, 0, 0, 0, 0, 
314, 1, 314, 339, -1, 208, 135, 109.0, 14, MSapppp, 0, 0, 0, 0, , 0, 0, 0, 0, 0, 
315, 1, 315, 340, -1, 98, 90, 157.0, 15, MSpaaaa, 0, 0, 0, 0, , 0, 0, 0, 0, 0, 
316, 1, 316, 341, -1, 131, 76, 143.0, 15, MSpaaap, 0, 0, 0, 0, , 0, 0, 0, 0, 0, 
317, 1, 317, 342, -1, 130, 94, 156.0, 15, MSpaapa, 0, 0, 0, 0, , 0, 0, 0, 0, 0, 
318, 1, 318, 343, -1, 158, 105, 145.0, 15, MSpaapp, 0, 0, 0, 0, , 0, 0, 0, 0, 0, 
319, 1, 319, 344, -1, 168, 123, 163.0, 16, MSpapaa, 0, 0, 0, 0, , 0, 0, 0, 0, 0, 
320, 1, 320, 345, -1, 205, 137, 194.0, 14, MSpappa, 0, 0, 0, 0, , 0, 0, 0, 0, 0, 
321, 1, 321, 346, -1, 228, 132, 178.0, 16, MSpappp, 0, 0, 0, 0, , 0, 0, 0, 0, 0, 
322, 1, 322, 347, -1, 118, 83, 174.0, 16, MSppaaa, 0, 0, 0, 0, , 0, 0, 0, 0, 0, 
323, 1, 323, 348, -1, 146, 83, 174.0, 14, MSppaap, 0, 0, 0, 0, , 0, 0, 0, 0, 0, 
324, 1, 324, 349, -1, 153, 72, 161.0, 14, MSppapa, 0, 0, 0, 0, , 0, 0, 0, 0, 0, 
325, 1, 325, 350, -1, 183, 65, 152.0, 15, MSppapp, 0, 0, 0, 0, , 0, 0, 0, 0, 0, 
326, 1, 326, 351, -1, 166, 91, 168.0, 14, MSpppaa, 0, 0, 0, 0, , 0, 0, 0, 0, 0, 
327, 1, 327, 352, -1, 194, 107, 179.0, 16, MSpppap, 0, 0, 0, 0, , 0, 0, 0, 0, 0, 
328, 1, 328, 353, -1, 193, 72, 170.0, 14, MSppppa, 0, 0, 0, 0, , 0, 0, 0, 0, 0, 
329, 1, 329, 354, -1, 218, 89, 169.0, 13, MSppppp, 0, 0, 0, 0, , 0, 0, 0, 0, 0, 
330, 1, 330, 355, -1, 114, 56, 151.0, 17, ABpraaapa, 0, 0, 0, 0, , 0, 0, 0, 0, 0, 
331, 1, 331, 356, -1, 137, 36, 137.0, 14, ABpraapaa, 0, 0, 0, 0, , 0, 0, 0, 0, 0, 
332, 1, 332, 357, -1, 303, 98, 172.0, 19, ABprapppp, 0, 0, 0, 0, , 0, 0, 0, 0, 0, 
