1, 0, 1, -1, -1, 50, 112, 81.0, 9, , 120, 0, 0, 0, , 0, 0, 0, 0, 0, 
2, 0, 2, -1, -1, 166, 49, 172.0, 8, , 19, 0, 0, 0, , 0, 0, 0, 0, 0, 
3, 0, 3, -1, -1, 214, 74, 195.0, 7, , 12, 0, 0, 0, , 0, 0, 0, 0, 0, 
4, 0, 4, -1, -1, 48, 111, 88.0, 9, , 194, 0, 0, 0, , 0, 0, 0, 0, 0, 
5, 0, 5, -1, -1, 101, 57, 162.0, 9, , 57, 0, 0, 0, , 0, 0, 0, 0, 0, 
6, 0, 6, -1, -1, 108, 61, 169.0, 8, , 24, 0, 0, 0, , 0, 0, 0, 0, 0, 
7, 0, 7, -1, -1, 101, 120, 194.0, 9, , 43, 0, 0, 0, , 0, 0, 0, 0, 0, 
8, 0, 8, -1, -1, 195, 98, 208.0, 7, , 18, 0, 0, 0, , 0, 0, 0, 0, 0, 
9, 0, 9, -1, -1, 188, 59, 184.0, 9, , 7, 0, 0, 0, , 0, 0, 0, 0, 0, 
10, 0, 10, -1, -1, 157, 106, 146.0, 9, , 52, 0, 0, 0, , 0, 0, 0, 0, 0, 
11, 0, 11, -1, -1, 195, 53, 178.0, 9, , 20, 0, 0, 0, , 0, 0, 0, 0, 0, 
12, 0, 12, -1, -1, 112, 58, 146.0, 9, , 13, 0, 0, 0, , 0, 0, 0, 0, 0, 
13, 0, 13, -1, -1, 103, 58, 165.0, 9, , 64, 0, 0, 0, , 0, 0, 0, 0, 0, 
14, 0, 14, -1, -1, 206, 99, 200.0, 7, , 5, 0, 0, 0, , 0, 0, 0, 0, 0, 
15, 0, 15, -1, -1, 88, 118, 154.0, 9, , 31, 0, 0, 0, , 0, 0, 0, 0, 0, 
16, 0, 16, -1, -1, 112, 123, 194.0, 7, , 15, 0, 0, 0, , 0, 0, 0, 0, 0, 
17, 0, 17, -1, -1, 237, 74, 185.0, 8, , 22, 0, 0, 0, , 0, 0, 0, 0, 0, 
18, 0, 18, -1, -1, 141, 86, 196.0, 9, , 85, 0, 0, 0, , 0, 0, 0, 0, 0, 
19, 0, 19, -1, -1, 220, 78, 199.0, 11, , 121, 0, 0, 0, , 0, 0, 0, 0, 0, 
20, 0, 20, -1, -1, 134, 131, 193.0, 9, , 25, 0, 0, 0, , 0, 0, 0, 0, 0, 
21, 0, 21, -1, -1, 190, 69, 198.0, 8, , 11, 0, 0, 0, , 0, 0, 0, 0, 0, 
22, 0, 22, -1, -1, 158, 100, 143.0, 8, , 9, 0, 0, 0, , 0, 0, 0, 0, 0, 
23, 0, 23, -1, -1, 81, 76, 174.0, 8, , 9, 0, 0, 0, , 0, 0, 0, 0, 0, 
24, 0, 24, -1, -1, 192, 68, 198.0, 8, , 4, 0, 0, 0, , 0, 0, 0, 0, 0, 
25, 0, 25, -1, -1, 178, 42, 163.0, 7, , 6, 0, 0, 0, , 0, 0, 0, 0, 0, 
26, 0, 26, -1, -1, 163, 48, 177.0, 9, , 71, 0, 0, 0, , 0, 0, 0, 0, 0, 
27, 0, 27, -1, -1, 255, 109, 192.0, 8, , 3, 0, 0, 0, , 0, 0, 0, 0, 0, 
28, 0, 28, -1, -1, 79, 69, 148.0, 9, , 7, 0, 0, 0, , 0, 0, 0, 0, 0, 
29, 0, 29, -1, -1, 72, 78, 167.0, 7, , 8, 0, 0, 0, , 0, 0, 0, 0, 0, 
30, 0, 30, -1, -1, 85, 126, 161.0, 7, , 5, 0, 0, 0, , 0, 0, 0, 0, 0, 
31, 0, 31, -1, -1, 144, 119, 201.0, 9, , 22, 0, 0, 0, , 0, 0, 0, 0, 0, 
32, 0, 32, -1, -1, 172, 103, 209.0, 9, , 36, 0, 0, 0, , 0, 0, 0, 0, 0, 
33, 0, 33, -1, -1, 96, 108, 175.0, 11, , 13, 0, 0, 0, , 0, 0, 0, 0, 0, 
34, 0, 35, -1, -1, 73, 85, 163.0, 9, , 10, 0, 0, 0, , 0, 0, 0, 0, 0, 
35, 0, 36, -1, -1, 252, 84, 193.0, 7, , 16, 0, 0, 0, , 0, 0, 0, 0, 0, 
36, 0, 37, -1, -1, 149, 123, 206.0, 8, , 19, 0, 0, 0, , 0, 0, 0, 0, 0, 
37, 0, 38, -1, -1, 194, 68, 203.0, 9, , 14, 0, 0, 0, , 0, 0, 0, 0, 0, 
38, 0, 39, -1, -1, 193, 36, 138.0, 9, , 39, 0, 0, 0, , 0, 0, 0, 0, 0, 
39, 0, 40, -1, -1, 64, 85, 161.0, 8, , 16, 0, 0, 0, , 0, 0, 0, 0, 0, 
40, 0, 41, -1, -1, 289, 82, 168.0, 8, , 4, 0, 0, 0, , 0, 0, 0, 0, 0, 
41, 0, 42, -1, -1, 149, 122, 183.0, 7, , 12, 0, 0, 0, , 0, 0, 0, 0, 0, 
42, 0, 44, -1, -1, 162, 81, 200.0, 8, , 18, 0, 0, 0, , 0, 0, 0, 0, 0, 
43, 0, 45, -1, -1, 212, 76, 204.0, 9, , 30, 0, 0, 0, , 0, 0, 0, 0, 0, 
44, 0, 46, -1, -1, 169, 47, 183.0, 8, , 25, 0, 0, 0, , 0, 0, 0, 0, 0, 
45, 0, 47, -1, -1, 228, 72, 189.0, 9, , 64, 0, 0, 0, , 0, 0, 0, 0, 0, 
46, 0, 48, -1, -1, 159, 33, 138.0, 7, , 17, 0, 0, 0, , 0, 0, 0, 0, 0, 
47, 0, 49, -1, -1, 260, 43, 151.0, 8, , 20, 0, 0, 0, , 0, 0, 0, 0, 0, 
48, 0, 50, -1, -1, 110, 59, 166.0, 9, , 12, 0, 0, 0, , 0, 0, 0, 0, 0, 
49, 0, 51, -1, -1, 131, 106, 200.0, 9, , 33, 0, 0, 0, , 0, 0, 0, 0, 0, 
50, 0, 52, -1, -1, 199, 71, 200.0, 8, , 6, 0, 0, 0, , 0, 0, 0, 0, 0, 
51, 0, 53, -1, -1, 284, 62, 162.0, 11, , 39, 0, 0, 0, , 0, 0, 0, 0, 0, 
52, 0, 54, -1, -1, 143, 128, 202.0, 9, , 55, 0, 0, 0, , 0, 0, 0, 0, 0, 
53, 0, 55, -1, -1, 203, 64, 196.0, 7, , 28, 0, 0, 0, , 0, 0, 0, 0, 0, 
54, 0, 56, -1, -1, 156, 84, 198.0, 7, , 11, 0, 0, 0, , 0, 0, 0, 0, 0, 
55, 0, 57, -1, -1, 125, 102, 203.0, 8, , 4, 0, 0, 0, , 0, 0, 0, 0, 0, 
56, 0, 58, -1, -1, 137, 61, 184.0, 9, , 18, 0, 0, 0, , 0, 0, 0, 0, 0, 
57, 0, 59, -1, -1, 56, 82, 140.0, 9, , 16, 0, 0, 0, , 0, 0, 0, 0, 0, 
58, 0, 60, -1, -1, 84, 65, 142.0, 8, , 16, 0, 0, 0, , 0, 0, 0, 0, 0, 
59, 0, 61, -1, -1, 113, 63, 153.0, 7, , 18, 0, 0, 0, , 0, 0, 0, 0, 0, 
60, 0, 62, -1, -1, 86, 75, 164.0, 11, , 26, 0, 0, 0, , 0, 0, 0, 0, 0, 
61, 0, 63, -1, -1, 254, 76, 178.0, 9, , 11, 0, 0, 0, , 0, 0, 0, 0, 0, 
62, 0, 64, -1, -1, 279, 87, 186.0, 9, , 10, 0, 0, 0, , 0, 0, 0, 0, 0, 
63, 0, 65, -1, -1, 135, 59, 192.0, 8, , 19, 0, 0, 0, , 0, 0, 0, 0, 0, 
64, 0, 66, -1, -1, 102, 120, 190.0, 7, , 17, 0, 0, 0, , 0, 0, 0, 0, 0, 
65, 0, 67, -1, -1, 132, 131, 187.0, 7, , 6, 0, 0, 0, , 0, 0, 0, 0, 0, 
66, 0, 68, -1, -1, 193, 53, 189.0, 7, , 15, 0, 0, 0, , 0, 0, 0, 0, 0, 
67, 0, 69, -1, -1, 150, 118, 191.0, 7, , 11, 0, 0, 0, , 0, 0, 0, 0, 0, 
68, 0, 70, -1, -1, 257, 108, 203.0, 7, , 11, 0, 0, 0, , 0, 0, 0, 0, 0, 
69, 0, 71, -1, -1, 136, 88, 199.0, 8, , 6, 0, 0, 0, , 0, 0, 0, 0, 0, 
70, 0, 72, -1, -1, 143, 118, 207.0, 7, , 6, 0, 0, 0, , 0, 0, 0, 0, 0, 
71, 0, 73, -1, -1, 131, 82, 203.0, 7, , 17, 0, 0, 0, , 0, 0, 0, 0, 0, 
72, 0, 74, -1, -1, 130, 99, 205.0, 9, , 28, 0, 0, 0, , 0, 0, 0, 0, 0, 
73, 0, 75, -1, -1, 57, 81, 143.0, 8, , 27, 0, 0, 0, , 0, 0, 0, 0, 0, 
74, 0, 76, -1, -1, 97, 56, 172.0, 8, , 3, 0, 0, 0, , 0, 0, 0, 0, 0, 
75, 0, 77, -1, -1, 297, 73, 167.0, 7, , 9, 0, 0, 0, , 0, 0, 0, 0, 0, 
76, 0, 79, -1, -1, 277, 91, 192.0, 7, , 19, 0, 0, 0, , 0, 0, 0, 0, 0, 
77, 0, 80, -1, -1, 235, 104, 197.0, 7, , 6, 0, 0, 0, , 0, 0, 0, 0, 0, 
78, 0, 81, -1, -1, 141, 85, 202.0, 11, , 43, 0, 0, 0, , 0, 0, 0, 0, 0, 
79, 0, 82, -1, -1, 183, 93, 199.0, 8, , 5, 0, 0, 0, , 0, 0, 0, 0, 0, 
80, 0, 83, -1, -1, 108, 63, 80.0, 9, , 20, 0, 0, 0, , 0, 0, 0, 0, 0, 
81, 0, 84, -1, -1, 132, 40, 137.0, 9, , 39, 0, 0, 0, , 0, 0, 0, 0, 0, 
82, 0, 85, -1, -1, 290, 81, 178.0, 7, , 10, 0, 0, 0, , 0, 0, 0, 0, 0, 
83, 0, 86, -1, -1, 274, 85, 186.0, 9, , 9, 0, 0, 0, , 0, 0, 0, 0, 0, 
84, 0, 87, -1, -1, 110, 122, 198.0, 8, , 22, 0, 0, 0, , 0, 0, 0, 0, 0, 
85, 0, 88, -1, -1, 138, 102, 207.0, 9, , 20, 0, 0, 0, , 0, 0, 0, 0, 0, 
86, 0, 89, -1, -1, 230, 43, 140.0, 11, , 82, 0, 0, 0, , 0, 0, 0, 0, 0, 
87, 0, 91, -1, -1, 174, 93, 196.0, 7, , 12, 0, 0, 0, , 0, 0, 0, 0, 0, 
88, 0, 93, -1, -1, 244, 50, 101.0, 9, , 3, 0, 0, 0, , 0, 0, 0, 0, 0, 
89, 0, 94, -1, -1, 171, 33, 136.0, 7, , 19, 0, 0, 0, , 0, 0, 0, 0, 0, 
90, 0, 95, -1, -1, 88, 158, 139.0, 7, , 5, 0, 0, 0, , 0, 0, 0, 0, 0, 
91, 0, 96, -1, -1, 196, 38, 142.0, 9, , 37, 0, 0, 0, , 0, 0, 0, 0, 0, 
92, 0, 97, -1, -1, 53, 116, 152.0, 7, , 3, 0, 0, 0, , 0, 0, 0, 0, 0, 
93, 0, 98, -1, -1, 69, 104, 164.0, 11, , 54, 0, 0, 0, , 0, 0, 0, 0, 0, 
94, 0, 99, -1, -1, 250, 51, 166.0, 8, , 3, 0, 0, 0, , 0, 0, 0, 0, 0, 
95, 0, 100, -1, -1, 261, 76, 166.0, 7, , 15, 0, 0, 0, , 0, 0, 0, 0, 0, 
96, 0, 101, -1, -1, 139, 60, 188.0, 9, , 23, 0, 0, 0, , 0, 0, 0, 0, 0, 
97, 0, 102, -1, -1, 157, 63, 190.0, 8, , 74, 0, 0, 0, , 0, 0, 0, 0, 0, 
98, 0, 103, -1, -1, 139, 68, 188.0, 7, , 31, 0, 0, 0, , 0, 0, 0, 0, 0, 
99, 0, 105, -1, -1, 103, 124, 199.0, 7, , 9, 0, 0, 0, , 0, 0, 0, 0, 0, 
100, 0, 106, -1, -1, 165, 61, 191.0, 9, , 57, 0, 0, 0, , 0, 0, 0, 0, 0, 
101, 0, 107, -1, -1, 121, 53, 151.0, 7, , 13, 0, 0, 0, , 0, 0, 0, 0, 0, 
102, 0, 108, -1, -1, 247, 110, 201.0, 9, , 23, 0, 0, 0, , 0, 0, 0, 0, 0, 
103, 0, 109, -1, -1, 110, 167, 111.0, 8, , 10, 0, 0, 0, , 0, 0, 0, 0, 0, 
104, 0, 110, -1, -1, 41, 95, 127.0, 8, , 7, 0, 0, 0, , 0, 0, 0, 0, 0, 
105, 0, 111, -1, -1, 90, 54, 132.0, 8, , 7, 0, 0, 0, , 0, 0, 0, 0, 0, 
106, 0, 112, -1, -1, 145, 37, 132.0, 9, , 6, 0, 0, 0, , 0, 0, 0, 0, 0, 
107, 0, 113, -1, -1, 302, 68, 137.0, 8, , 16, 0, 0, 0, , 0, 0, 0, 0, 0, 
108, 0, 114, -1, -1, 98, 57, 143.0, 8, , 32, 0, 0, 0, , 0, 0, 0, 0, 0, 
109, 0, 115, -1, -1, 113, 59, 159.0, 9, , 53, 0, 0, 0, , 0, 0, 0, 0, 0, 
110, 0, 116, -1, -1, 137, 149, 157.0, 7, , 18, 0, 0, 0, , 0, 0, 0, 0, 0, 
111, 0, 117, -1, -1, 68, 131, 168.0, 9, , 27, 0, 0, 0, , 0, 0, 0, 0, 0, 
112, 0, 118, -1, -1, 91, 75, 174.0, 9, , 25, 0, 0, 0, , 0, 0, 0, 0, 0, 
113, 0, 119, -1, -1, 103, 62, 176.0, 11, , 62, 0, 0, 0, , 0, 0, 0, 0, 0, 
114, 0, 120, -1, -1, 131, 51, 174.0, 7, , 30, 0, 0, 0, , 0, 0, 0, 0, 0, 
115, 0, 121, -1, -1, 302, 99, 174.0, 9, , 25, 0, 0, 0, , 0, 0, 0, 0, 0, 
116, 0, 122, -1, -1, 140, 152, 171.0, 9, , 247, 0, 0, 0, , 0, 0, 0, 0, 0, 
117, 0, 123, -1, -1, 232, 74, 182.0, 9, , 10, 0, 0, 0, , 0, 0, 0, 0, 0, 
118, 0, 124, -1, -1, 255, 51, 180.0, 8, , 6, 0, 0, 0, , 0, 0, 0, 0, 0, 
119, 0, 125, -1, -1, 304, 94, 180.0, 9, , 6, 0, 0, 0, , 0, 0, 0, 0, 0, 
120, 0, 126, -1, -1, 184, 51, 185.0, 7, , 40, 0, 0, 0, , 0, 0, 0, 0, 0, 
121, 0, 127, -1, -1, 171, 56, 182.0, 9, , 28, 0, 0, 0, , 0, 0, 0, 0, 0, 
122, 0, 128, -1, -1, 128, 138, 189.0, 9, , 9, 0, 0, 0, , 0, 0, 0, 0, 0, 
123, 0, 129, -1, -1, 203, 66, 194.0, 9, , 60, 0, 0, 0, , 0, 0, 0, 0, 0, 
124, 0, 130, -1, -1, 204, 90, 203.0, 8, , 4, 0, 0, 0, , 0, 0, 0, 0, 0, 
125, 0, 131, -1, -1, 128, 100, 210.0, 9, , 58, 0, 0, 0, , 0, 0, 0, 0, 0, 
126, 0, 132, -1, -1, 198, 29, 138.0, 8, , 53, 0, 0, 0, , 0, 0, 0, 0, 0, 
127, 0, 133, -1, -1, 167, 32, 147.0, 8, , 5, 0, 0, 0, , 0, 0, 0, 0, 0, 
128, 0, 134, -1, -1, 62, 105, 157.0, 9, , 51, 0, 0, 0, , 0, 0, 0, 0, 0, 
129, 0, 135, -1, -1, 135, 142, 169.0, 8, , 21, 0, 0, 0, , 0, 0, 0, 0, 0, 
130, 0, 136, -1, -1, 301, 93, 168.0, 8, , 14, 0, 0, 0, , 0, 0, 0, 0, 0, 
131, 0, 137, -1, -1, 61, 107, 171.0, 9, , 13, 0, 0, 0, , 0, 0, 0, 0, 0, 
132, 0, 138, -1, -1, 82, 95, 181.0, 9, , 8, 0, 0, 0, , 0, 0, 0, 0, 0, 
133, 0, 139, -1, -1, 274, 89, 198.0, 7, , 18, 0, 0, 0, , 0, 0, 0, 0, 0, 
134, 0, 140, -1, -1, 135, 86, 207.0, 9, , 17, 0, 0, 0, , 0, 0, 0, 0, 0, 
135, 0, -1, -1, -1, 84, 117, 165.0, 9, , 59, 0, 0, 0, , 0, 0, 0, 0, 0, 
136, 0, -1, -1, -1, 87, 74, 178.0, 8, , 76, 0, 0, 0, , 0, 0, 0, 0, 0, 
137, 0, -1, -1, -1, 159, 104, 140.0, 11, , 76, 0, 0, 0, , 0, 0, 0, 0, 0, 
138, 0, -1, -1, -1, 103, 137, 150.0, 9, , 38, 0, 0, 0, , 0, 0, 0, 0, 0, 
139, 0, -1, -1, -1, 135, 135, 188.0, 11, , 83, 0, 0, 0, , 0, 0, 0, 0, 0, 
140, 0, -1, -1, -1, 284, 88, 190.0, 8, , 40, 0, 0, 0, , 0, 0, 0, 0, 0, 
141, 0, -1, -1, -1, 195, 33, 132.0, 7, , 20, 0, 0, 0, , 0, 0, 0, 0, 0, 
142, 0, -1, -1, -1, 147, 48, 152.0, 8, , 13, 0, 0, 0, , 0, 0, 0, 0, 0, 
143, 0, -1, -1, -1, 226, 44, 152.0, 7, , 24, 0, 0, 0, , 0, 0, 0, 0, 0, 
144, 0, -1, -1, -1, 184, 44, 157.0, 8, , 10, 0, 0, 0, , 0, 0, 0, 0, 0, 
145, 0, -1, -1, -1, 144, 151, 159.0, 7, , 20, 0, 0, 0, , 0, 0, 0, 0, 0, 
146, 0, -1, -1, -1, 138, 144, 165.0, 9, , 36, 0, 0, 0, , 0, 0, 0, 0, 0, 
147, 0, -1, -1, -1, 293, 74, 167.0, 7, , 18, 0, 0, 0, , 0, 0, 0, 0, 0, 
148, 0, -1, -1, -1, 269, 108, 168.0, 7, , 8, 0, 0, 0, , 0, 0, 0, 0, 0, 
149, 0, -1, -1, -1, 285, 61, 170.0, 8, , 6, 0, 0, 0, , 0, 0, 0, 0, 0, 
150, 0, -1, -1, -1, 296, 81, 170.0, 7, , 17, 0, 0, 0, , 0, 0, 0, 0, 0, 
151, 0, -1, -1, -1, 116, 148, 173.0, 7, , 7, 0, 0, 0, , 0, 0, 0, 0, 0, 
152, 0, -1, -1, -1, 119, 159, 175.0, 8, , 5, 0, 0, 0, , 0, 0, 0, 0, 0, 
153, 0, -1, -1, -1, 153, 120, 182.0, 11, , 7, 0, 0, 0, , 0, 0, 0, 0, 0, 
154, 0, -1, -1, -1, 246, 52, 182.0, 9, , 22, 0, 0, 0, , 0, 0, 0, 0, 0, 
155, 0, -1, -1, -1, 164, 123, 188.0, 8, , 6, 0, 0, 0, , 0, 0, 0, 0, 0, 
156, 0, -1, -1, -1, 258, 81, 191.0, 9, , 16, 0, 0, 0, , 0, 0, 0, 0, 0, 
157, 0, -1, -1, -1, 231, 70, 194.0, 9, , 20, 0, 0, 0, , 0, 0, 0, 0, 0, 
158, 0, -1, -1, -1, 179, 86, 195.0, 7, , 18, 0, 0, 0, , 0, 0, 0, 0, 0, 
159, 0, -1, -1, -1, 252, 83, 196.0, 7, , 11, 0, 0, 0, , 0, 0, 0, 0, 0, 
160, 0, -1, -1, -1, 153, 118, 197.0, 9, , 29, 0, 0, 0, , 0, 0, 0, 0, 0, 
161, 0, -1, -1, -1, 260, 109, 198.0, 9, , 26, 0, 0, 0, , 0, 0, 0, 0, 0, 
162, 0, -1, -1, -1, 164, 62, 200.0, 8, , 47, 0, 0, 0, , 0, 0, 0, 0, 0, 
163, 0, -1, -1, -1, 240, 97, 202.0, 8, , 3, 0, 0, 0, , 0, 0, 0, 0, 0, 
164, 0, -1, -1, -1, 160, 81, 204.0, 9, , 35, 0, 0, 0, , 0, 0, 0, 0, 0, 
165, 0, -1, -1, -1, 138, 148, 162.0, 9, , 30, 0, 0, 0, , 0, 0, 0, 0, 0, 
166, 1, 141, 159, -1, 275, 86, 131.0, 22, Eprp, 0, 0, 0, 0, , 0, 0, 0, 0, 0, 
167, 1, 142, 160, -1, 148, 47, 157.0, 17, ABpraaapp, 0, 0, 0, 0, , 0, 0, 0, 0, 0, 
168, 0, 143, -1, -1, 136, 37, 139.0, 17, , 0, 0, 0, 0, , 0, 0, 0, 0, 0, 
169, 1, 144, 162, -1, 161, 82, 197.0, 17, ABarapppp, 0, 0, 0, 0, , 0, 0, 0, 0, 0, 
170, 1, 145, 163, -1, 136, 86, 196.0, 16, ABarapppa, 0, 0, 0, 0, , 0, 0, 0, 0, 0, 
171, 1, 146, 164, -1, 133, 102, 204.0, 17, ABarappaa, 0, 0, 0, 0, , 0, 0, 0, 0, 0, 
172, 1, 147, 165, -1, 165, 101, 211.0, 17, ABarappap, 0, 0, 0, 0, , 0, 0, 0, 0, 0, 
173, 1, 148, 166, -1, 106, 122, 197.0, 17, ABarapaaa, 0, 0, 0, 0, , 0, 0, 0, 0, 0, 
174, 1, 149, 167, -1, 130, 136, 192.0, 19, ABarapaap, 0, 0, 0, 0, , 0, 0, 0, 0, 0, 
175, 1, 150, 168, -1, 144, 125, 204.0, 19, ABarapapa, 0, 0, 0, 0, , 0, 0, 0, 0, 0, 
176, 1, 151, 169, -1, 156, 121, 191.0, 18, ABarapapp, 0, 0, 0, 0, , 0, 0, 0, 0, 0, 
177, 1, 152, 170, -1, 89, 121, 163.0, 18, ABaraapaa, 0, 0, 0, 0, , 0, 0, 0, 0, 0, 
178, 1, 153, 171, -1, 108, 132, 153.0, 18, ABaraapap, 0, 0, 0, 0, , 0, 0, 0, 0, 0, 
179, 1, 154, 172, -1, 123, 126, 171.0, 17, ABaraappa, 0, 0, 0, 0, , 0, 0, 0, 0, 0, 
180, 1, 155, 173, -1, 143, 111, 167.0, 19, ABaraappp, 0, 0, 0, 0, , 0, 0, 0, 0, 0, 
181, 1, 156, 174, -1, 83, 101, 185.0, 21, ABaraaapa, 0, 0, 0, 0, , 0, 0, 0, 0, 0, 
182, 1, 157, 175, -1, 111, 101, 193.0, 17, ABaraaapp, 0, 0, 0, 0, , 0, 0, 0, 0, 0, 
183, 1, 158, 176, -1, 63, 106, 163.0, 17, ABaraaaaa, 0, 0, 0, 0, , 0, 0, 0, 0, 0, 
184, 1, 159, 177, -1, 98, 109, 173.0, 16, ABaraaaap, 0, 0, 0, 0, , 0, 0, 0, 0, 0, 
185, 1, 160, 178, -1, 89, 139, 172.0, 17, ABalpaaap, 0, 0, 0, 0, , 0, 0, 0, 0, 0, 
186, 1, 161, 179, -1, 68, 127, 170.0, 17, ABalpaaaa, 0, 0, 0, 0, , 0, 0, 0, 0, 0, 
187, 1, 162, 180, -1, 67, 134, 139.5, 19, ABalpaapa, 0, 0, 0, 0, , 0, 0, 0, 0, 0, 
188, 1, 163, 181, -1, 85, 157, 130.0, 18, ABalpaapp, 0, 0, 0, 0, , 0, 0, 0, 0, 0, 
189, 1, 164, 182, -1, 114, 154, 177.0, 19, ABalpappa, 0, 0, 0, 0, , 0, 0, 0, 0, 0, 
190, 1, 165, 183, -1, 139, 149, 165.0, 15, ABalpappp, 0, 0, 0, 0, , 0, 0, 0, 0, 0, 
191, 1, 166, 184, -1, 68, 155, 117.0, 19, ABalppaaa, 0, 0, 0, 0, , 0, 0, 0, 0, 0, 
192, 1, 167, 185, -1, 86, 161, 106.0, 19, ABalppaap, 0, 0, 0, 0, , 0, 0, 0, 0, 0, 
193, 1, 168, 186, -1, 105, 172, 133.0, 19, ABalppapa, 0, 0, 0, 0, , 0, 0, 0, 0, 0, 
194, 1, 169, 187, -1, 135, 162, 135.0, 19, ABalppapp, 0, 0, 0, 0, , 0, 0, 0, 0, 0, 
195, 1, 170, 188, -1, 86, 158, 162.0, 17, ABalpapaa, 0, 0, 0, 0, , 0, 0, 0, 0, 0, 
196, 1, 171, 189, -1, 109, 166, 153.0, 19, ABalpapap, 0, 0, 0, 0, , 0, 0, 0, 0, 0, 
197, 1, 172, 190, -1, 81, 139, 94.0, 17, ABalpppaa, 0, 0, 0, 0, , 0, 0, 0, 0, 0, 
198, 1, 173, 191, -1, 104, 147, 91.5, 23, ABalpppap, 0, 0, 0, 0, , 0, 0, 0, 0, 0, 
199, 1, 174, 192, -1, 136, 137, 73.0, 17, ABalppppp, 0, 0, 0, 0, , 0, 0, 0, 0, 0, 
200, 1, 175, 193, -1, 107, 128, 87.6, 18, ABalppppa, 0, 0, 0, 0, , 0, 0, 0, 0, 0, 
201, 1, 176, 194, -1, 48, 98, 127.0, 18, ABalaaapa, 0, 0, 0, 0, , 0, 0, 0, 0, 0, 
202, 1, 177, 195, -1, 61, 80, 138.0, 18, ABalaaapp, 0, 0, 0, 0, , 0, 0, 0, 0, 0, 
203, 1, 178, 196, -1, 69, 83, 165.0, 17, ABalaapaa, 0, 0, 0, 0, , 0, 0, 0, 0, 0, 
204, 0, 179, -1, -1, 82, 77, 167.26666, 17, , 0, 0, 0, 0, , 0, 0, 0, 0, 0, 
205, 1, 180, 198, -1, 87, 76, 170.0, 17, ABalaapap, 0, 0, 0, 0, , 0, 0, 0, 0, 0, 
206, 1, 181, 199, -1, 47, 114, 151.0, 19, ABalaaaar, 0, 0, 0, 0, , 0, 0, 0, 0, 0, 
207, 1, 182, 200, -1, 55, 121, 126.0, 19, ABalaaaal, 0, 0, 0, 0, , 0, 0, 0, 0, 0, 
208, 1, 183, 201, -1, 95, 58, 135.0, 18, ABalaappp, 0, 0, 0, 0, , 0, 0, 0, 0, 0, 
209, 1, 184, 202, -1, 86, 68, 146.0, 17, ABalaappa, 0, 0, 0, 0, , 0, 0, 0, 0, 0, 
210, 1, 185, 203, -1, 83, 114, 94.0, 19, ABalapaap, 0, 0, 0, 0, , 0, 0, 0, 0, 0, 
211, 1, 186, 204, -1, 66, 111, 110.0, 19, ABalapaaa, 0, 0, 0, 0, , 0, 0, 0, 0, 0, 
212, 1, 187, 205, -1, 94, 94, 92.0, 19, ABalapapa, 0, 0, 0, 0, , 0, 0, 0, 0, 0, 
213, 1, 188, 206, -1, 121, 108, 90.0, 18, ABalapapp, 0, 0, 0, 0, , 0, 0, 0, 0, 0, 
214, 1, 189, 207, -1, 67, 85, 116.0, 17, ABalappaa, 0, 0, 0, 0, , 0, 0, 0, 0, 0, 
215, 1, 190, 208, -1, 89, 77, 115.0, 16, ABalappap, 0, 0, 0, 0, , 0, 0, 0, 0, 0, 
216, 1, 191, 209, -1, 98, 62, 110.0, 16, ABalapppa, 0, 0, 0, 0, , 0, 0, 0, 0, 0, 
217, 1, 192, 210, -1, 136, 65, 117.0, 18, ABalapppp, 0, 0, 0, 0, , 0, 0, 0, 0, 0, 
218, 1, 193, 211, -1, 101, 60, 168.0, 16, ABpraaaaa, 0, 0, 0, 0, , 0, 0, 0, 0, 0, 
219, 1, 194, 212, -1, 123, 52, 175.0, 17, ABpraaaap, 0, 0, 0, 0, , 0, 0, 0, 0, 0, 
220, 1, 195, 213, -1, 220, 50, 168.0, 15, ABpraappp, 0, 0, 0, 0, , 0, 0, 0, 0, 0, 
221, 1, 196, 214, -1, 182, 40, 160.5, 17, ABpraappa, 0, 0, 0, 0, , 0, 0, 0, 0, 0, 
222, 1, 197, 215, -1, 251, 50, 172.4, 15, ABprappaa, 0, 0, 0, 0, , 0, 0, 0, 0, 0, 
223, 1, 198, 216, -1, 281, 62, 168.0, 16, ABprappap, 0, 0, 0, 0, , 0, 0, 0, 0, 0, 
224, 1, 199, 217, -1, 293, 78, 169.0, 17, ABprapppa, 0, 0, 0, 0, , 0, 0, 0, 0, 0, 
225, 1, 200, 218, -1, 200, 33, 135.0, 16, ABprapaaa, 0, 0, 0, 0, , 0, 0, 0, 0, 0, 
226, 1, 201, 219, -1, 227, 38, 140.0, 13, ABprapaap, 0, 0, 0, 0, , 0, 0, 0, 0, 0, 
227, 1, 202, 220, -1, 265, 46, 149.0, 17, ABprapapa, 0, 0, 0, 0, , 0, 0, 0, 0, 0, 
228, 1, 203, 221, -1, 300, 68, 138.75, 15, ABprapapp, 0, 0, 0, 0, , 0, 0, 0, 0, 0, 
229, 1, 204, 222, -1, 170, 169, 113.0, 15, ABplppaaa, 0, 0, 0, 0, , 0, 0, 0, 0, 0, 
230, 1, 205, 223, -1, 192, 170, 113.333336, 17, ABplppaap, 0, 0, 0, 0, , 0, 0, 0, 0, 0, 
231, 1, 206, 224, -1, 207, 163, 96.0, 14, ABplppapa, 0, 0, 0, 0, , 0, 0, 0, 0, 0, 
232, 1, 207, 225, -1, 233, 160, 113.0, 15, ABplppapp, 0, 0, 0, 0, , 0, 0, 0, 0, 0, 
233, 1, 208, 226, -1, 222, 174, 114.0, 15, ABplpppaa, 0, 0, 0, 0, , 0, 0, 0, 0, 0, 
234, 1, 209, 227, -1, 247, 176, 119.666664, 17, ABplpppap, 0, 0, 0, 0, , 0, 0, 0, 0, 0, 
235, 1, 210, 228, -1, 209, 168, 134.5, 16, ABplppppa, 0, 0, 0, 0, , 0, 0, 0, 0, 0, 
236, 1, 211, 229, -1, 237, 175, 151.0, 15, ABplppppp, 0, 0, 0, 0, , 0, 0, 0, 0, 0, 
237, 1, 212, 230, -1, 160, 178, 135.0, 16, ABplpapap, 0, 0, 0, 0, , 0, 0, 0, 0, 0, 
238, 1, 213, 231, -1, 116, 166, 103.0, 17, ABplpaaaa, 0, 0, 0, 0, , 0, 0, 0, 0, 0, 
239, 1, 214, 232, -1, 139, 173, 101.5, 17, ABplpaaap, 0, 0, 0, 0, , 0, 0, 0, 0, 0, 
240, 1, 215, 233, -1, 138, 160, 83.0, 19, ABplpaapa, 0, 0, 0, 0, , 0, 0, 0, 0, 0, 
241, 1, 216, 234, -1, 168, 170, 89.0, 19, ABplpaapp, 0, 0, 0, 0, , 0, 0, 0, 0, 0, 
242, 1, 217, 235, -1, 142, 175, 121.0, 15, ABplpapaa, 0, 0, 0, 0, , 0, 0, 0, 0, 0, 
243, 1, 218, 236, -1, 167, 170, 158.0, 17, ABplpappa, 0, 0, 0, 0, , 0, 0, 0, 0, 0, 
244, 1, 219, 237, -1, 198, 174, 153.5, 17, ABplpappp, 0, 0, 0, 0, , 0, 0, 0, 0, 0, 
245, 1, 220, 238, -1, 167, 36, 139.0, 16, ABpraapap, 0, 0, 0, 0, , 0, 0, 0, 0, 0, 
246, 1, 221, 239, -1, 136, 64, 189.0, 16, ABprpaaaa, 0, 0, 0, 0, , 0, 0, 0, 0, 0, 
247, 1, 222, 240, -1, 161, 60, 189.0, 16, ABprpaaap, 0, 0, 0, 0, , 0, 0, 0, 0, 0, 
248, 1, 223, 241, -1, 167, 51, 180.5, 19, ABprpaapa, 0, 0, 0, 0, , 0, 0, 0, 0, 0, 
249, 1, 224, 242, -1, 189, 54, 184.0, 17, ABprpaapp, 0, 0, 0, 0, , 0, 0, 0, 0, 0, 
250, 1, 225, 243, -1, 180, 91, 194.25, 17, ABprpapaa, 0, 0, 0, 0, , 0, 0, 0, 0, 0, 
251, 1, 226, 244, -1, 201, 96, 204.0, 17, ABprpapap, 0, 0, 0, 0, , 0, 0, 0, 0, 0, 
252, 1, 227, 245, -1, 192, 116, 201.0, 17, ABprpappa, 0, 0, 0, 0, , 0, 0, 0, 0, 0, 
253, 1, 228, 246, -1, 219, 115, 205.85715, 18, ABprpappp, 0, 0, 0, 0, , 0, 0, 0, 0, 0, 
254, 1, 229, 247, -1, 198, 68, 196.0, 14, ABprppaaa, 0, 0, 0, 0, , 0, 0, 0, 0, 0, 
255, 1, 230, 248, -1, 217, 78, 197.0, 15, ABprppaap, 0, 0, 0, 0, , 0, 0, 0, 0, 0, 
256, 1, 231, 249, -1, 232, 72, 186.0, 16, ABprppapa, 0, 0, 0, 0, , 0, 0, 0, 0, 0, 
257, 1, 232, 250, -1, 254, 74, 171.57143, 18, ABprppapp, 0, 0, 0, 0, , 0, 0, 0, 0, 0, 
258, 1, 233, 251, -1, 254, 79, 194.0, 16, ABprpppaa, 0, 0, 0, 0, , 0, 0, 0, 0, 0, 
259, 1, 234, 252, -1, 279, 86, 187.16667, 17, ABprpppap, 0, 0, 0, 0, , 0, 0, 0, 0, 0, 
260, 1, 235, 253, -1, 236, 95, 198.22223, 17, ABprppppa, 0, 0, 0, 0, , 0, 0, 0, 0, 0, 
261, 1, 236, 254, -1, 254, 111, 198.23077, 17, ABprppppp, 0, 0, 0, 0, , 0, 0, 0, 0, 0, 
262, 1, 237, 255, -1, 71, 101, 132.0, 17, MSaaaaa, 0, 0, 0, 0, , 0, 0, 0, 0, 0, 
263, 1, 238, 256, -1, 103, 92, 114.25, 18, MSaaaap, 0, 0, 0, 0, , 0, 0, 0, 0, 0, 
264, 1, 239, 257, -1, 150, 115, 129.33333, 17, MSaaapp, 0, 0, 0, 0, , 0, 0, 0, 0, 0, 
265, 1, 240, 258, -1, 102, 116, 133.0, 17, MSaaapa, 0, 0, 0, 0, , 0, 0, 0, 0, 0, 
266, 1, 241, 259, -1, 172, 148, 158.33333, 14, MSaapap, 0, 0, 0, 0, , 0, 0, 0, 0, 0, 
267, 1, 242, 260, -1, 144, 133, 139.33333, 18, MSaapaa, 0, 0, 0, 0, , 0, 0, 0, 0, 0, 
268, 1, 243, 261, -1, 210, 151, 162.0, 16, MSaappp, 0, 0, 0, 0, , 0, 0, 0, 0, 0, 
269, 1, 244, 262, -1, 292, 133, 167.0, 15, Cppap, 0, 0, 0, 0, , 0, 0, 0, 0, 0, 
270, 1, 245, 263, -1, 224, 71, 140.0, 19, Epra, 0, 0, 0, 0, , 0, 0, 0, 0, 0, 
271, 1, 246, 264, -1, 184, 111, 115.0, 19, Ealp, 0, 0, 0, 0, , 0, 0, 0, 0, 0, 
272, 1, 247, 265, -1, 146, 103, 99.0, 19, Eala, 0, 0, 0, 0, , 0, 0, 0, 0, 0, 
273, 1, 248, 266, -1, 158, 76, 124.0, 19, Eara, 0, 0, 0, 0, , 0, 0, 0, 0, 0, 
274, 1, 249, 267, -1, 189, 88, 139.0, 17, Earp, 0, 0, 0, 0, , 0, 0, 0, 0, 0, 
275, 1, 250, 268, -1, 215, 100, 103.0, 18, Epla, 0, 0, 0, 0, , 0, 0, 0, 0, 0, 
276, 1, 251, 269, -1, 264, 111, 118.0, 19, Eplp, 0, 0, 0, 0, , 0, 0, 0, 0, 0, 
277, 1, 252, 270, -1, 264, 95, 86.0, 17, Caaaa, 0, 0, 0, 0, , 0, 0, 0, 0, 0, 
278, 1, 253, 271, -1, 299, 122, 94.0, 17, Caaap, 0, 0, 0, 0, , 0, 0, 0, 0, 0, 
279, 1, 254, 272, -1, 319, 128, 99.0, 15, Caapa, 0, 0, 0, 0, , 0, 0, 0, 0, 0, 
280, 1, 255, 273, -1, 316, 143, 124.0, 17, Caapp, 0, 0, 0, 0, , 0, 0, 0, 0, 0, 
281, 1, 256, 274, -1, 245, 160, 141.0, 17, Capaa, 0, 0, 0, 0, , 0, 0, 0, 0, 0, 
282, 1, 257, 275, -1, 279, 153, 149.0, 17, Capap, 0, 0, 0, 0, , 0, 0, 0, 0, 0, 
283, 1, 258, 276, -1, 274, 146, 122.0, 17, Cappa, 0, 0, 0, 0, , 0, 0, 0, 0, 0, 
284, 1, 259, 277, -1, 294, 142, 140.0, 17, Cappp, 0, 0, 0, 0, , 0, 0, 0, 0, 0, 
285, 1, 260, 278, -1, 228, 62, 92.0, 17, Cpaaa, 0, 0, 0, 0, , 0, 0, 0, 0, 0, 
286, 1, 261, 279, -1, 291, 85, 106.0, 17, Cpaap, 0, 0, 0, 0, , 0, 0, 0, 0, 0, 
287, 1, 262, 280, -1, 319, 102, 127.0, 17, Cpapa, 0, 0, 0, 0, , 0, 0, 0, 0, 0, 
288, 1, 263, 281, -1, 329, 124, 143.0, 15, Cpapp, 0, 0, 0, 0, , 0, 0, 0, 0, 0, 
289, 1, 264, 282, -1, 266, 120, 183.0, 15, Cppaa, 0, 0, 0, 0, , 0, 0, 0, 0, 0, 
290, 1, 265, 283, -1, 302, 103, 149.0, 17, Cpppa, 0, 0, 0, 0, , 0, 0, 0, 0, 0, 
291, 1, 266, 284, -1, 309, 125, 152.0, 17, Cpppp, 0, 0, 0, 0, , 0, 0, 0, 0, 0, 
292, 1, 267, 285, -1, 215, 144, 139.0, 16, Daa, 0, 0, 0, 0, , 0, 0, 0, 0, 0, 
293, 1, 268, 286, -1, 242, 132, 127.0, 16, Dap, 0, 0, 0, 0, , 0, 0, 0, 0, 0, 
294, 1, 269, 287, -1, 229, 109, 176.0, 16, Dpa, 0, 0, 0, 0, , 0, 0, 0, 0, 0, 
295, 1, 270, 288, -1, 264, 107, 161.0, 16, Dpp, 0, 0, 0, 0, , 0, 0, 0, 0, 0, 
296, 1, 271, 289, -1, 230, 102, 137.0, 18, Z2, 0, 0, 0, 0, , 0, 0, 0, 0, 0, 
297, 1, 272, 290, -1, 199, 118, 141.0, 16, Z3, 0, 0, 0, 0, , 0, 0, 0, 0, 0, 
298, 1, 273, 291, -1, 90, 75, 83.0, 14, ABarpaaaa, 0, 0, 0, 0, , 0, 0, 0, 0, 0, 
299, 1, 274, 292, -1, 112, 67, 79.0, 16, ABarpaaap, 0, 0, 0, 0, , 0, 0, 0, 0, 0, 
300, 1, 275, 293, -1, 143, 63, 85.0, 19, ABarpaapa, 0, 0, 0, 0, , 0, 0, 0, 0, 0, 
301, 1, 276, 294, -1, 182, 60, 85.0, 18, ABarpaapp, 0, 0, 0, 0, , 0, 0, 0, 0, 0, 
302, 1, 277, 295, -1, 111, 53, 98.0, 15, ABarpapaa, 0, 0, 0, 0, , 0, 0, 0, 0, 0, 
303, 1, 278, 296, -1, 132, 44, 103.0, 15, ABarpapap, 0, 0, 0, 0, , 0, 0, 0, 0, 0, 
304, 1, 279, 297, -1, 153, 42, 110.0, 14, ABarpappa, 0, 0, 0, 0, , 0, 0, 0, 0, 0, 
305, 1, 280, 298, -1, 217, 42, 116.0, 17, ABarpppap, 0, 0, 0, 0, , 0, 0, 0, 0, 0, 
306, 1, 281, 299, -1, 204, 95, 71.0, 16, ABarppaap, 0, 0, 0, 0, , 0, 0, 0, 0, 0, 
307, 1, 282, 300, -1, 178, 81, 72.0, 17, ABarppaaa, 0, 0, 0, 0, , 0, 0, 0, 0, 0, 
308, 1, 283, 301, -1, 227, 101, 75.0, 19, ABarppapa, 0, 0, 0, 0, , 0, 0, 0, 0, 0, 
309, 1, 284, 302, -1, 253, 116, 87.0, 19, ABarppapp, 0, 0, 0, 0, , 0, 0, 0, 0, 0, 
310, 1, 285, 303, -1, 196, 44, 108.0, 16, ABarpppaa, 0, 0, 0, 0, , 0, 0, 0, 0, 0, 
311, 1, 286, 304, -1, 176, 41, 116.0, 17, ABarpappp, 0, 0, 0, 0, , 0, 0, 0, 0, 0, 
312, 1, 287, 305, -1, 240, 50, 116.0, 18, ABarppppa, 0, 0, 0, 0, , 0, 0, 0, 0, 0, 
313, 1, 288, 306, -1, 267, 63, 118.0, 18, ABarppppp, 0, 0, 0, 0, , 0, 0, 0, 0, 0, 
314, 1, 289, 307, -1, 102, 95, 66.0, 17, ABplaaaaa, 0, 0, 0, 0, , 0, 0, 0, 0, 0, 
315, 1, 290, 308, -1, 129, 85, 70.0, 17, ABplaaaap, 0, 0, 0, 0, , 0, 0, 0, 0, 0, 
316, 1, 291, 309, -1, 151, 94, 65.0, 17, ABplaaapa, 0, 0, 0, 0, , 0, 0, 0, 0, 0, 
317, 1, 292, 310, -1, 175, 102, 67.0, 17, ABplaaapp, 0, 0, 0, 0, , 0, 0, 0, 0, 0, 
318, 1, 293, 311, -1, 104, 114, 58.0, 17, ABplaapaa, 0, 0, 0, 0, , 0, 0, 0, 0, 0, 
319, 1, 294, 312, -1, 145, 114, 55.0, 17, ABplaapap, 0, 0, 0, 0, , 0, 0, 0, 0, 0, 
320, 1, 295, 313, -1, 188, 147, 72.0, 17, ABplaappp, 0, 0, 0, 0, , 0, 0, 0, 0, 0, 
321, 1, 296, 314, -1, 164, 143, 56.0, 17, ABplaappa, 0, 0, 0, 0, , 0, 0, 0, 0, 0, 
322, 1, 297, 315, -1, 177, 125, 59.0, 17, ABplapaaa, 0, 0, 0, 0, , 0, 0, 0, 0, 0, 
323, 1, 298, 316, -1, 204, 121, 68.0, 17, ABplapaap, 0, 0, 0, 0, , 0, 0, 0, 0, 0, 
324, 1, 299, 317, -1, 239, 126, 67.0, 16, ABplapapa, 0, 0, 0, 0, , 0, 0, 0, 0, 0, 
325, 1, 300, 318, -1, 266, 147, 89.0, 17, ABplapapp, 0, 0, 0, 0, , 0, 0, 0, 0, 0, 
326, 1, 301, 319, -1, 218, 148, 75.0, 19, ABplappaa, 0, 0, 0, 0, , 0, 0, 0, 0, 0, 
327, 1, 302, 320, -1, 244, 160, 86.0, 19, ABplappap, 0, 0, 0, 0, , 0, 0, 0, 0, 0, 
328, 1, 303, 321, -1, 255, 168, 99.0, 17, ABplapppa, 0, 0, 0, 0, , 0, 0, 0, 0, 0, 
329, 1, 304, 322, -1, 276, 171, 112.0, 17, ABplapppp, 0, 0, 0, 0, , 0, 0, 0, 0, 0, 
330, 1, 305, 323, -1, 200, 125, 176.5, 16, MSpapap, 0, 0, 0, 0, , 0, 0, 0, 0, 0, 
331, 1, 306, 324, -1, 184, 154, 170.0, 16, MSaappa, 0, 0, 0, 0, , 0, 0, 0, 0, 0, 
332, 1, 307, 325, -1, 103, 142, 118.0, 16, MSapaaa, 0, 0, 0, 0, , 0, 0, 0, 0, 0, 
333, 1, 308, 326, -1, 133, 132, 118.0, 16, MSapaap, 0, 0, 0, 0, , 0, 0, 0, 0, 0, 
334, 1, 309, 327, -1, 147, 144, 102.0, 16, MSapapa, 0, 0, 0, 0, , 0, 0, 0, 0, 0, 
335, 1, 310, 328, -1, 171, 129, 95.0, 16, MSapapp, 0, 0, 0, 0, , 0, 0, 0, 0, 0, 
336, 1, 311, 329, -1, 159, 144, 124.0, 16, MSappaa, 0, 0, 0, 0, , 0, 0, 0, 0, 0, 
337, 1, 312, 330, -1, 192, 154, 132.0, 15, MSappap, 0, 0, 0, 0, , 0, 0, 0, 0, 0, 
338, 1, 313, 331, -1, 177, 152, 108.0, 14, MSapppa, 0, 0, 0, 0, , 0, 0, 0, 0, 0, 
339, 1, 314, 332, -1, 208, 135, 108.0, 14, MSapppp, 0, 0, 0, 0, , 0, 0, 0, 0, 0, 
340, 1, 315, 333, -1, 99, 88, 159.0, 15, MSpaaaa, 0, 0, 0, 0, , 0, 0, 0, 0, 0, 
341, 1, 316, 334, -1, 132, 75, 143.0, 15, MSpaaap, 0, 0, 0, 0, , 0, 0, 0, 0, 0, 
342, 1, 317, 335, -1, 131, 95, 153.0, 15, MSpaapa, 0, 0, 0, 0, , 0, 0, 0, 0, 0, 
343, 1, 318, 336, -1, 158, 104, 142.0, 15, MSpaapp, 0, 0, 0, 0, , 0, 0, 0, 0, 0, 
344, 1, 319, 337, -1, 170, 123, 161.0, 16, MSpapaa, 0, 0, 0, 0, , 0, 0, 0, 0, 0, 
345, 1, 320, 338, -1, 204, 137, 191.0, 14, MSpappa, 0, 0, 0, 0, , 0, 0, 0, 0, 0, 
346, 1, 321, 339, -1, 226, 133, 179.0, 16, MSpappp, 0, 0, 0, 0, , 0, 0, 0, 0, 0, 
347, 1, 322, 340, -1, 120, 83, 175.0, 16, MSppaaa, 0, 0, 0, 0, , 0, 0, 0, 0, 0, 
348, 1, 323, 341, -1, 146, 83, 174.0, 14, MSppaap, 0, 0, 0, 0, , 0, 0, 0, 0, 0, 
349, 1, 324, 342, -1, 156, 72, 161.0, 14, MSppapa, 0, 0, 0, 0, , 0, 0, 0, 0, 0, 
350, 1, 325, 343, -1, 183, 64, 152.0, 15, MSppapp, 0, 0, 0, 0, , 0, 0, 0, 0, 0, 
351, 1, 326, 344, -1, 165, 91, 169.0, 14, MSpppaa, 0, 0, 0, 0, , 0, 0, 0, 0, 0, 
352, 1, 327, 345, -1, 193, 103, 176.0, 16, MSpppap, 0, 0, 0, 0, , 0, 0, 0, 0, 0, 
353, 1, 328, 346, -1, 196, 72, 168.0, 14, MSppppa, 0, 0, 0, 0, , 0, 0, 0, 0, 0, 
354, 1, 329, 347, -1, 219, 88, 167.0, 13, MSppppp, 0, 0, 0, 0, , 0, 0, 0, 0, 0, 
355, 1, 330, 348, -1, 115, 59, 152.0, 17, ABpraaapa, 0, 0, 0, 0, , 0, 0, 0, 0, 0, 
356, 1, 331, 349, -1, 136, 35, 134.0, 14, ABpraapaa, 0, 0, 0, 0, , 0, 0, 0, 0, 0, 
357, 1, 332, 350, -1, 304, 95, 173.0, 19, ABprapppp, 0, 0, 0, 0, , 0, 0, 0, 0, 0, 
