1, 0, 1, -1, -1, 50, 112, 81.0, 9, , 127, 0, 0, 0, , 0, 0, 0, 0, 0, 
2, 0, 2, -1, -1, 161, 51, 173.0, 7, , 17, 0, 0, 0, , 0, 0, 0, 0, 0, 
3, 0, 3, -1, -1, 213, 77, 193.0, 7, , 19, 0, 0, 0, , 0, 0, 0, 0, 0, 
4, 0, 4, -1, -1, 47, 107, 92.0, 8, , 6, 0, 0, 0, , 0, 0, 0, 0, 0, 
5, 0, 5, -1, -1, 110, 60, 166.0, 8, , 24, 0, 0, 0, , 0, 0, 0, 0, 0, 
6, 0, 6, -1, -1, 107, 62, 169.0, 7, , 5, 0, 0, 0, , 0, 0, 0, 0, 0, 
7, 0, 7, -1, -1, 95, 115, 199.0, 8, , 26, 0, 0, 0, , 0, 0, 0, 0, 0, 
8, 0, 8, -1, -1, 154, 100, 134.0, 8, , 20, 0, 0, 0, , 0, 0, 0, 0, 0, 
9, 0, 9, -1, -1, 190, 53, 182.0, 8, , 20, 0, 0, 0, , 0, 0, 0, 0, 0, 
10, 0, 10, -1, -1, 104, 60, 164.0, 9, , 14, 0, 0, 0, , 0, 0, 0, 0, 0, 
11, 0, 11, -1, -1, 198, 94, 205.0, 9, , 22, 0, 0, 0, , 0, 0, 0, 0, 0, 
12, 0, 12, -1, -1, 97, 116, 195.0, 9, , 51, 0, 0, 0, , 0, 0, 0, 0, 0, 
13, 0, 13, -1, -1, 231, 73, 189.0, 7, , 14, 0, 0, 0, , 0, 0, 0, 0, 0, 
14, 0, 14, -1, -1, 136, 96, 188.0, 7, , 18, 0, 0, 0, , 0, 0, 0, 0, 0, 
15, 0, 15, -1, -1, 214, 81, 199.0, 8, , 17, 0, 0, 0, , 0, 0, 0, 0, 0, 
16, 0, 16, -1, -1, 128, 118, 191.0, 8, , 10, 0, 0, 0, , 0, 0, 0, 0, 0, 
17, 0, 17, -1, -1, 195, 67, 198.0, 9, , 10, 0, 0, 0, , 0, 0, 0, 0, 0, 
18, 0, 19, -1, -1, 195, 71, 192.0, 8, , 26, 0, 0, 0, , 0, 0, 0, 0, 0, 
19, 0, 20, -1, -1, 190, 34, 163.0, 8, , 3, 0, 0, 0, , 0, 0, 0, 0, 0, 
20, 0, 21, -1, -1, 158, 50, 177.0, 7, , 17, 0, 0, 0, , 0, 0, 0, 0, 0, 
21, 0, 22, -1, -1, 260, 115, 198.0, 8, , 21, 0, 0, 0, , 0, 0, 0, 0, 0, 
22, 0, 23, -1, -1, 82, 64, 144.0, 7, , 20, 0, 0, 0, , 0, 0, 0, 0, 0, 
23, 0, 24, -1, -1, 149, 131, 203.0, 7, , 22, 0, 0, 0, , 0, 0, 0, 0, 0, 
24, 0, 25, -1, -1, 92, 117, 173.0, 9, , 12, 0, 0, 0, , 0, 0, 0, 0, 0, 
25, 0, 26, -1, -1, 267, 86, 192.0, 8, , 10, 0, 0, 0, , 0, 0, 0, 0, 0, 
26, 0, 27, -1, -1, 140, 123, 200.0, 7, , 27, 0, 0, 0, , 0, 0, 0, 0, 0, 
27, 0, 28, -1, -1, 195, 67, 204.0, 9, , 41, 0, 0, 0, , 0, 0, 0, 0, 0, 
28, 0, 29, -1, -1, 195, 37, 140.0, 7, , 15, 0, 0, 0, , 0, 0, 0, 0, 0, 
29, 0, 30, -1, -1, 209, 77, 204.0, 9, , 13, 0, 0, 0, , 0, 0, 0, 0, 0, 
30, 0, 31, -1, -1, 225, 74, 189.0, 8, , 33, 0, 0, 0, , 0, 0, 0, 0, 0, 
31, 0, 32, -1, -1, 104, 53, 166.0, 9, , 50, 0, 0, 0, , 0, 0, 0, 0, 0, 
32, 0, 33, -1, -1, 141, 122, 205.0, 7, , 30, 0, 0, 0, , 0, 0, 0, 0, 0, 
33, 0, 34, -1, -1, 192, 68, 202.0, 9, , 25, 0, 0, 0, , 0, 0, 0, 0, 0, 
34, 0, 35, -1, -1, 278, 58, 164.0, 11, , 40, 0, 0, 0, , 0, 0, 0, 0, 0, 
35, 0, 36, -1, -1, 140, 122, 202.0, 7, , 36, 0, 0, 0, , 0, 0, 0, 0, 0, 
36, 0, 37, -1, -1, 200, 65, 196.0, 9, , 104, 0, 0, 0, , 0, 0, 0, 0, 0, 
37, 0, 38, -1, -1, 160, 86, 195.0, 8, , 10, 0, 0, 0, , 0, 0, 0, 0, 0, 
38, 0, 39, -1, -1, 141, 108, 204.0, 9, , 70, 0, 0, 0, , 0, 0, 0, 0, 0, 
39, 0, 40, -1, -1, 136, 69, 185.0, 9, , 18, 0, 0, 0, , 0, 0, 0, 0, 0, 
40, 0, 41, -1, -1, 62, 77, 143.0, 7, , 17, 0, 0, 0, , 0, 0, 0, 0, 0, 
41, 0, 42, -1, -1, 85, 57, 146.0, 8, , 12, 0, 0, 0, , 0, 0, 0, 0, 0, 
42, 0, 43, -1, -1, 118, 51, 151.0, 9, , 12, 0, 0, 0, , 0, 0, 0, 0, 0, 
43, 0, 44, -1, -1, 139, 69, 191.0, 8, , 19, 0, 0, 0, , 0, 0, 0, 0, 0, 
44, 0, 45, -1, -1, 93, 116, 191.0, 8, , 14, 0, 0, 0, , 0, 0, 0, 0, 0, 
45, 0, 46, -1, -1, 119, 119, 183.0, 7, , 25, 0, 0, 0, , 0, 0, 0, 0, 0, 
46, 0, 47, -1, -1, 182, 51, 192.0, 7, , 20, 0, 0, 0, , 0, 0, 0, 0, 0, 
47, 0, 48, -1, -1, 248, 114, 206.0, 11, , 22, 0, 0, 0, , 0, 0, 0, 0, 0, 
48, 0, 49, -1, -1, 136, 92, 200.0, 7, , 15, 0, 0, 0, , 0, 0, 0, 0, 0, 
49, 0, 50, -1, -1, 133, 91, 202.0, 9, , 11, 0, 0, 0, , 0, 0, 0, 0, 0, 
50, 0, 51, -1, -1, 139, 107, 201.0, 9, , 40, 0, 0, 0, , 0, 0, 0, 0, 0, 
51, 0, 53, -1, -1, 107, 61, 172.0, 7, , 27, 0, 0, 0, , 0, 0, 0, 0, 0, 
52, 0, 54, -1, -1, 273, 90, 192.0, 7, , 17, 0, 0, 0, , 0, 0, 0, 0, 0, 
53, 0, 55, -1, -1, 235, 97, 199.0, 8, , 11, 0, 0, 0, , 0, 0, 0, 0, 0, 
54, 0, 56, -1, -1, 128, 88, 200.0, 9, , 41, 0, 0, 0, , 0, 0, 0, 0, 0, 
55, 0, 57, -1, -1, 196, 111, 198.0, 8, , 43, 0, 0, 0, , 0, 0, 0, 0, 0, 
56, 0, 58, -1, -1, 130, 37, 140.0, 9, , 31, 0, 0, 0, , 0, 0, 0, 0, 0, 
57, 0, 59, -1, -1, 288, 79, 174.0, 9, , 22, 0, 0, 0, , 0, 0, 0, 0, 0, 
58, 0, 60, -1, -1, 270, 85, 189.0, 8, , 2, 0, 0, 0, , 0, 0, 0, 0, 0, 
59, 0, 61, -1, -1, 105, 121, 197.0, 8, , 28, 0, 0, 0, , 0, 0, 0, 0, 0, 
60, 0, 62, -1, -1, 143, 126, 209.0, 8, , 5, 0, 0, 0, , 0, 0, 0, 0, 0, 
61, 0, 63, -1, -1, 232, 43, 144.0, 9, , 54, 0, 0, 0, , 0, 0, 0, 0, 0, 
62, 0, 64, -1, -1, 175, 86, 199.0, 7, , 5, 0, 0, 0, , 0, 0, 0, 0, 0, 
63, 0, 65, -1, -1, 163, 31, 136.0, 9, , 42, 0, 0, 0, , 0, 0, 0, 0, 0, 
64, 0, 67, -1, -1, 206, 33, 142.0, 8, , 5, 0, 0, 0, , 0, 0, 0, 0, 0, 
65, 0, 68, -1, -1, 67, 102, 165.0, 7, , 5, 0, 0, 0, , 0, 0, 0, 0, 0, 
66, 0, 69, -1, -1, 161, 59, 188.0, 11, , 44, 0, 0, 0, , 0, 0, 0, 0, 0, 
67, 0, 70, -1, -1, 159, 57, 189.0, 9, , 26, 0, 0, 0, , 0, 0, 0, 0, 0, 
68, 0, 71, -1, -1, 140, 66, 188.0, 7, , 25, 0, 0, 0, , 0, 0, 0, 0, 0, 
69, 0, 72, -1, -1, 107, 116, 199.0, 9, , 58, 0, 0, 0, , 0, 0, 0, 0, 0, 
70, 0, 73, -1, -1, 110, 61, 154.0, 8, , 14, 0, 0, 0, , 0, 0, 0, 0, 0, 
71, 0, 74, -1, -1, 303, 70, 141.0, 9, , 30, 0, 0, 0, , 0, 0, 0, 0, 0, 
72, 0, 75, -1, -1, 113, 60, 158.0, 9, , 31, 0, 0, 0, , 0, 0, 0, 0, 0, 
73, 0, 76, -1, -1, 97, 73, 179.0, 9, , 14, 0, 0, 0, , 0, 0, 0, 0, 0, 
74, 0, 77, -1, -1, 110, 55, 170.0, 9, , 46, 0, 0, 0, , 0, 0, 0, 0, 0, 
75, 0, 78, -1, -1, 230, 68, 185.0, 8, , 8, 0, 0, 0, , 0, 0, 0, 0, 0, 
76, 0, 79, -1, -1, 287, 77, 177.0, 9, , 40, 0, 0, 0, , 0, 0, 0, 0, 0, 
77, 0, 80, -1, -1, 179, 48, 187.0, 9, , 32, 0, 0, 0, , 0, 0, 0, 0, 0, 
78, 0, 81, -1, -1, 158, 50, 182.0, 7, , 21, 0, 0, 0, , 0, 0, 0, 0, 0, 
79, 0, 82, -1, -1, 117, 122, 193.0, 9, , 46, 0, 0, 0, , 0, 0, 0, 0, 0, 
80, 0, 83, -1, -1, 196, 65, 193.0, 7, , 30, 0, 0, 0, , 0, 0, 0, 0, 0, 
81, 0, 84, -1, -1, 196, 104, 196.0, 9, , 6, 0, 0, 0, , 0, 0, 0, 0, 0, 
82, 0, 85, -1, -1, 148, 106, 210.0, 7, , 19, 0, 0, 0, , 0, 0, 0, 0, 0, 
83, 0, 86, -1, -1, 195, 32, 142.0, 8, , 17, 0, 0, 0, , 0, 0, 0, 0, 0, 
84, 0, 87, -1, -1, 60, 105, 156.0, 7, , 13, 0, 0, 0, , 0, 0, 0, 0, 0, 
85, 0, 88, -1, -1, 72, 95, 173.0, 8, , 17, 0, 0, 0, , 0, 0, 0, 0, 0, 
86, 0, 89, -1, -1, 94, 76, 183.0, 11, , 66, 0, 0, 0, , 0, 0, 0, 0, 0, 
87, 0, 90, -1, -1, 272, 92, 201.0, 7, , 14, 0, 0, 0, , 0, 0, 0, 0, 0, 
88, 0, 91, -1, -1, 144, 100, 206.0, 7, , 23, 0, 0, 0, , 0, 0, 0, 0, 0, 
89, 0, 92, -1, -1, 85, 72, 179.0, 7, , 15, 0, 0, 0, , 0, 0, 0, 0, 0, 
90, 0, 93, -1, -1, 152, 102, 138.0, 11, , 83, 0, 0, 0, , 0, 0, 0, 0, 0, 
91, 0, 94, -1, -1, 101, 128, 148.0, 7, , 15, 0, 0, 0, , 0, 0, 0, 0, 0, 
92, 0, 95, -1, -1, 119, 126, 182.0, 8, , 39, 0, 0, 0, , 0, 0, 0, 0, 0, 
93, 0, 96, -1, -1, 277, 88, 190.0, 8, , 27, 0, 0, 0, , 0, 0, 0, 0, 0, 
94, 0, 97, -1, -1, 148, 49, 151.0, 7, , 35, 0, 0, 0, , 0, 0, 0, 0, 0, 
95, 0, 98, -1, -1, 237, 42, 152.0, 8, , 44, 0, 0, 0, , 0, 0, 0, 0, 0, 
96, 0, 99, -1, -1, 183, 41, 159.0, 8, , 9, 0, 0, 0, , 0, 0, 0, 0, 0, 
97, 0, 100, -1, -1, 129, 139, 165.0, 9, , 135, 0, 0, 0, , 0, 0, 0, 0, 0, 
98, 0, 101, -1, -1, 284, 62, 169.0, 11, , 54, 0, 0, 0, , 0, 0, 0, 0, 0, 
99, 0, 102, -1, -1, 282, 80, 171.0, 9, , 28, 0, 0, 0, , 0, 0, 0, 0, 0, 
100, 0, 103, -1, -1, 133, 153, 176.0, 9, , 75, 0, 0, 0, , 0, 0, 0, 0, 0, 
101, 0, 104, -1, -1, 145, 113, 181.0, 7, , 28, 0, 0, 0, , 0, 0, 0, 0, 0, 
102, 0, 105, -1, -1, 240, 53, 184.0, 9, , 20, 0, 0, 0, , 0, 0, 0, 0, 0, 
103, 0, 106, -1, -1, 146, 119, 183.0, 8, , 24, 0, 0, 0, , 0, 0, 0, 0, 0, 
104, 0, 107, -1, -1, 223, 69, 195.0, 8, , 20, 0, 0, 0, , 0, 0, 0, 0, 0, 
105, 0, 108, -1, -1, 195, 109, 192.0, 9, , 26, 0, 0, 0, , 0, 0, 0, 0, 0, 
106, 0, 109, -1, -1, 260, 112, 198.0, 8, , 15, 0, 0, 0, , 0, 0, 0, 0, 0, 
107, 0, 110, -1, -1, 228, 93, 200.0, 8, , 23, 0, 0, 0, , 0, 0, 0, 0, 0, 
108, 0, 111, -1, -1, 127, 125, 190.0, 8, , 19, 0, 0, 0, , 0, 0, 0, 0, 0, 
109, 0, 115, -1, -1, 227, 39, 143.0, 7, , 21, 0, 0, 0, , 0, 0, 0, 0, 0, 
110, 0, 116, -1, -1, 140, 105, 155.0, 8, , 4, 0, 0, 0, , 0, 0, 0, 0, 0, 
111, 0, 117, -1, -1, 190, 52, 181.0, 9, , 25, 0, 0, 0, , 0, 0, 0, 0, 0, 
112, 0, 118, -1, -1, 145, 119, 180.0, 8, , 30, 0, 0, 0, , 0, 0, 0, 0, 0, 
113, 0, 119, -1, -1, 208, 75, 199.0, 8, , 11, 0, 0, 0, , 0, 0, 0, 0, 0, 
114, 0, 120, -1, -1, 177, 87, 204.0, 8, , 3, 0, 0, 0, , 0, 0, 0, 0, 0, 
115, 0, 121, -1, -1, 136, 108, 156.0, 9, , 49, 0, 0, 0, , 0, 0, 0, 0, 0, 
116, 0, 122, -1, -1, 103, 151, 176.0, 7, , 5, 0, 0, 0, , 0, 0, 0, 0, 0, 
117, 0, 123, -1, -1, 207, 80, 192.0, 11, , 89, 0, 0, 0, , 0, 0, 0, 0, 0, 
118, 0, 124, -1, -1, 147, 82, 196.0, 7, , 33, 0, 0, 0, , 0, 0, 0, 0, 0, 
119, 0, 125, -1, -1, 159, 49, 180.0, 7, , 17, 0, 0, 0, , 0, 0, 0, 0, 0, 
120, 0, 126, -1, -1, 106, 56, 107.0, 9, , 16, 0, 0, 0, , 0, 0, 0, 0, 0, 
121, 0, 127, -1, -1, 112, 50, 90.0, 9, , 14, 0, 0, 0, , 0, 0, 0, 0, 0, 
122, 0, 128, -1, -1, 94, 50, 131.0, 8, , 3, 0, 0, 0, , 0, 0, 0, 0, 0, 
123, 0, 129, -1, -1, 166, 35, 131.0, 9, , 33, 0, 0, 0, , 0, 0, 0, 0, 0, 
124, 0, 130, -1, -1, 195, 32, 139.0, 8, , 22, 0, 0, 0, , 0, 0, 0, 0, 0, 
125, 0, 131, -1, -1, 106, 55, 151.0, 7, , 13, 0, 0, 0, , 0, 0, 0, 0, 0, 
126, 0, 132, -1, -1, 75, 108, 148.0, 7, , 6, 0, 0, 0, , 0, 0, 0, 0, 0, 
127, 0, 136, -1, -1, 140, 113, 155.0, 8, , 18, 0, 0, 0, , 0, 0, 0, 0, 0, 
128, 0, 137, -1, -1, 175, 169, 160.0, 8, , 7, 0, 0, 0, , 0, 0, 0, 0, 0, 
129, 0, 139, -1, -1, 143, 45, 160.0, 8, , 24, 0, 0, 0, , 0, 0, 0, 0, 0, 
130, 0, 140, -1, -1, 174, 163, 166.0, 7, , 24, 0, 0, 0, , 0, 0, 0, 0, 0, 
131, 0, 141, -1, -1, 217, 43, 173.0, 8, , 5, 0, 0, 0, , 0, 0, 0, 0, 0, 
132, 0, 142, -1, -1, 120, 117, 169.0, 8, , 11, 0, 0, 0, , 0, 0, 0, 0, 0, 
133, 0, 143, -1, -1, 95, 114, 176.0, 9, , 61, 0, 0, 0, , 0, 0, 0, 0, 0, 
134, 0, 144, -1, -1, 133, 55, 181.0, 8, , 17, 0, 0, 0, , 0, 0, 0, 0, 0, 
135, 0, 145, -1, -1, 225, 74, 195.0, 7, , 16, 0, 0, 0, , 0, 0, 0, 0, 0, 
136, 0, 146, -1, -1, 136, 64, 191.0, 9, , 14, 0, 0, 0, , 0, 0, 0, 0, 0, 
137, 0, 147, -1, -1, 163, 56, 194.0, 7, , 24, 0, 0, 0, , 0, 0, 0, 0, 0, 
138, 0, 148, -1, -1, 162, 61, 200.0, 9, , 24, 0, 0, 0, , 0, 0, 0, 0, 0, 
139, 0, 149, -1, -1, 211, 81, 201.0, 8, , 6, 0, 0, 0, , 0, 0, 0, 0, 0, 
140, 0, 150, -1, -1, 234, 94, 206.0, 9, , 32, 0, 0, 0, , 0, 0, 0, 0, 0, 
141, 0, 151, -1, -1, 148, 103, 208.0, 8, , 10, 0, 0, 0, , 0, 0, 0, 0, 0, 
142, 0, 152, -1, -1, 143, 100, 204.0, 9, , 59, 0, 0, 0, , 0, 0, 0, 0, 0, 
143, 0, 153, -1, -1, 172, 104, 207.0, 7, , 19, 0, 0, 0, , 0, 0, 0, 0, 0, 
144, 0, 155, -1, -1, 145, 46, 167.0, 8, , 55, 0, 0, 0, , 0, 0, 0, 0, 0, 
145, 0, 156, -1, -1, 122, 119, 179.0, 8, , 26, 0, 0, 0, , 0, 0, 0, 0, 0, 
146, 0, 157, -1, -1, 133, 154, 184.0, 8, , 8, 0, 0, 0, , 0, 0, 0, 0, 0, 
147, 0, 159, -1, -1, 177, 167, 163.0, 8, , 26, 0, 0, 0, , 0, 0, 0, 0, 0, 
148, 0, 160, -1, -1, 152, 83, 190.0, 7, , 16, 0, 0, 0, , 0, 0, 0, 0, 0, 
149, 0, 163, -1, -1, 85, 162, 96.0, 11, , 59, 0, 0, 0, , 0, 0, 0, 0, 0, 
150, 0, 164, -1, -1, 54, 122, 138.0, 9, , 56, 0, 0, 0, , 0, 0, 0, 0, 0, 
151, 0, 165, -1, -1, 206, 33, 134.0, 9, , 21, 0, 0, 0, , 0, 0, 0, 0, 0, 
152, 0, 166, -1, -1, 51, 125, 142.0, 7, , 20, 0, 0, 0, , 0, 0, 0, 0, 0, 
153, 0, 167, -1, -1, 43, 106, 146.0, 9, , 63, 0, 0, 0, , 0, 0, 0, 0, 0, 
154, 0, 168, -1, -1, 231, 36, 146.0, 8, , 23, 0, 0, 0, , 0, 0, 0, 0, 0, 
155, 0, 169, -1, -1, 237, 44, 148.0, 8, , 20, 0, 0, 0, , 0, 0, 0, 0, 0, 
156, 0, 170, -1, -1, 147, 50, 155.0, 8, , 25, 0, 0, 0, , 0, 0, 0, 0, 0, 
157, 0, 171, -1, -1, 228, 42, 157.0, 9, , 38, 0, 0, 0, , 0, 0, 0, 0, 0, 
158, 0, 172, -1, -1, 130, 142, 160.0, 11, , 24, 0, 0, 0, , 0, 0, 0, 0, 0, 
159, 0, 173, -1, -1, 140, 114, 161.0, 9, , 41, 0, 0, 0, , 0, 0, 0, 0, 0, 
160, 0, 174, -1, -1, 58, 100, 159.0, 7, , 10, 0, 0, 0, , 0, 0, 0, 0, 0, 
161, 0, 175, -1, -1, 80, 102, 170.0, 8, , 26, 0, 0, 0, , 0, 0, 0, 0, 0, 
162, 0, 176, -1, -1, 72, 99, 168.0, 7, , 23, 0, 0, 0, , 0, 0, 0, 0, 0, 
163, 0, 177, -1, -1, 219, 48, 170.0, 7, , 15, 0, 0, 0, , 0, 0, 0, 0, 0, 
164, 0, 178, -1, -1, 134, 156, 173.0, 9, , 37, 0, 0, 0, , 0, 0, 0, 0, 0, 
165, 0, 179, -1, -1, 75, 110, 172.0, 11, , 51, 0, 0, 0, , 0, 0, 0, 0, 0, 
166, 0, 180, -1, -1, 78, 105, 179.0, 7, , 25, 0, 0, 0, , 0, 0, 0, 0, 0, 
167, 0, 181, -1, -1, 156, 145, 181.0, 8, , 3, 0, 0, 0, , 0, 0, 0, 0, 0, 
168, 0, 182, -1, -1, 130, 73, 188.0, 8, , 9, 0, 0, 0, , 0, 0, 0, 0, 0, 
169, 0, 183, -1, -1, 141, 121, 186.0, 8, , 91, 0, 0, 0, , 0, 0, 0, 0, 0, 
170, 0, 184, -1, -1, 140, 72, 189.0, 7, , 13, 0, 0, 0, , 0, 0, 0, 0, 0, 
171, 0, 185, -1, -1, 165, 121, 189.0, 9, , 49, 0, 0, 0, , 0, 0, 0, 0, 0, 
172, 0, 186, -1, -1, 125, 125, 196.0, 8, , 25, 0, 0, 0, , 0, 0, 0, 0, 0, 
173, 0, 187, -1, -1, 143, 107, 210.0, 9, , 42, 0, 0, 0, , 0, 0, 0, 0, 0, 
174, 0, 188, -1, -1, 140, 130, 196.0, 8, , 64, 0, 0, 0, , 0, 0, 0, 0, 0, 
175, 0, 189, -1, -1, 135, 72, 91.0, 8, , 10, 0, 0, 0, , 0, 0, 0, 0, 0, 
176, 0, 190, -1, -1, 105, 64, 107.0, 8, , 10, 0, 0, 0, , 0, 0, 0, 0, 0, 
177, 0, 191, -1, -1, 128, 173, 134.0, 8, , 9, 0, 0, 0, , 0, 0, 0, 0, 0, 
178, 0, 192, -1, -1, 126, 37, 135.0, 8, , 12, 0, 0, 0, , 0, 0, 0, 0, 0, 
179, 0, 193, -1, -1, 80, 137, 141.0, 11, , 100, 0, 0, 0, , 0, 0, 0, 0, 0, 
180, 0, 194, -1, -1, 102, 134, 140.0, 7, , 24, 0, 0, 0, , 0, 0, 0, 0, 0, 
181, 0, 195, -1, -1, 80, 117, 149.0, 8, , 12, 0, 0, 0, , 0, 0, 0, 0, 0, 
182, 0, 196, -1, -1, 228, 41, 152.0, 8, , 18, 0, 0, 0, , 0, 0, 0, 0, 0, 
183, 0, 197, -1, -1, 309, 71, 152.0, 9, , 23, 0, 0, 0, , 0, 0, 0, 0, 0, 
184, 0, 198, -1, -1, 83, 113, 159.0, 9, , 28, 0, 0, 0, , 0, 0, 0, 0, 0, 
185, 0, 199, -1, -1, 142, 38, 158.0, 7, , 22, 0, 0, 0, , 0, 0, 0, 0, 0, 
186, 0, 200, -1, -1, 79, 106, 159.0, 8, , 19, 0, 0, 0, , 0, 0, 0, 0, 0, 
187, 0, 201, -1, -1, 146, 50, 159.0, 8, , 47, 0, 0, 0, , 0, 0, 0, 0, 0, 
188, 0, 202, -1, -1, 303, 70, 158.0, 13, , 18, 0, 0, 0, , 0, 0, 0, 0, 0, 
189, 0, 203, -1, -1, 214, 48, 165.0, 8, , 1, 0, 0, 0, , 0, 0, 0, 0, 0, 
190, 0, 204, -1, -1, 209, 42, 168.0, 8, , 18, 0, 0, 0, , 0, 0, 0, 0, 0, 
191, 0, 205, -1, -1, 281, 73, 175.0, 7, , 6, 0, 0, 0, , 0, 0, 0, 0, 0, 
192, 0, 206, -1, -1, 71, 96, 177.0, 8, , 15, 0, 0, 0, , 0, 0, 0, 0, 0, 
193, 0, 207, -1, -1, 168, 59, 177.0, 7, , 13, 0, 0, 0, , 0, 0, 0, 0, 0, 
194, 0, 208, -1, -1, 209, 49, 179.0, 7, , 11, 0, 0, 0, , 0, 0, 0, 0, 0, 
195, 0, 209, -1, -1, 74, 103, 183.0, 11, , 71, 0, 0, 0, , 0, 0, 0, 0, 0, 
196, 0, 211, -1, -1, 126, 116, 186.0, 8, , 30, 0, 0, 0, , 0, 0, 0, 0, 0, 
197, 0, 212, -1, -1, 196, 65, 190.0, 9, , 63, 0, 0, 0, , 0, 0, 0, 0, 0, 
198, 0, 213, -1, -1, 177, 88, 191.0, 9, , 12, 0, 0, 0, , 0, 0, 0, 0, 0, 
199, 0, 214, -1, -1, 198, 112, 194.0, 8, , 17, 0, 0, 0, , 0, 0, 0, 0, 0, 
200, 0, 215, -1, -1, 250, 119, 194.0, 9, , 14, 0, 0, 0, , 0, 0, 0, 0, 0, 
201, 0, 216, -1, -1, 215, 79, 194.0, 8, , 14, 0, 0, 0, , 0, 0, 0, 0, 0, 
202, 0, -1, -1, -1, 112, 68, 75.0, 11, , 47, 0, 0, 0, , 0, 0, 0, 0, 0, 
203, 0, -1, -1, -1, 103, 59, 117.0, 9, , 19, 0, 0, 0, , 0, 0, 0, 0, 0, 
204, 0, -1, -1, -1, 126, 161, 142.0, 7, , 26, 0, 0, 0, , 0, 0, 0, 0, 0, 
205, 0, -1, -1, -1, 83, 58, 151.0, 8, , 31, 0, 0, 0, , 0, 0, 0, 0, 0, 
206, 0, -1, -1, -1, 141, 43, 153.0, 9, , 80, 0, 0, 0, , 0, 0, 0, 0, 0, 
207, 0, -1, -1, -1, 113, 55, 159.0, 11, , 59, 0, 0, 0, , 0, 0, 0, 0, 0, 
208, 0, -1, -1, -1, 72, 102, 178.0, 9, , 57, 0, 0, 0, , 0, 0, 0, 0, 0, 
209, 0, -1, -1, -1, 159, 56, 176.0, 8, , 36, 0, 0, 0, , 0, 0, 0, 0, 0, 
210, 0, -1, -1, -1, 166, 121, 193.0, 9, , 64, 0, 0, 0, , 0, 0, 0, 0, 0, 
211, 0, -1, -1, -1, 230, 100, 202.0, 11, , 42, 0, 0, 0, , 0, 0, 0, 0, 0, 
212, 0, -1, -1, -1, 113, 128, 146.0, 7, , 27, 0, 0, 0, , 0, 0, 0, 0, 0, 
213, 0, -1, -1, -1, 143, 114, 186.0, 8, , 65, 0, 0, 0, , 0, 0, 0, 0, 0, 
214, 0, -1, -1, -1, 174, 144, 71.0, 8, , 3, 0, 0, 0, , 0, 0, 0, 0, 0, 
215, 0, -1, -1, -1, 106, 125, 79.0, 8, , 5, 0, 0, 0, , 0, 0, 0, 0, 0, 
216, 0, -1, -1, -1, 155, 70, 79.0, 8, , 7, 0, 0, 0, , 0, 0, 0, 0, 0, 
217, 0, -1, -1, -1, 103, 60, 101.0, 8, , 7, 0, 0, 0, , 0, 0, 0, 0, 0, 
218, 0, -1, -1, -1, 109, 60, 112.0, 9, , 4, 0, 0, 0, , 0, 0, 0, 0, 0, 
219, 0, -1, -1, -1, 99, 53, 113.0, 7, , 14, 0, 0, 0, , 0, 0, 0, 0, 0, 
220, 0, -1, -1, -1, 199, 39, 131.0, 9, , 8, 0, 0, 0, , 0, 0, 0, 0, 0, 
221, 0, -1, -1, -1, 106, 132, 132.0, 9, , 14, 0, 0, 0, , 0, 0, 0, 0, 0, 
222, 0, -1, -1, -1, 94, 58, 135.0, 9, , 19, 0, 0, 0, , 0, 0, 0, 0, 0, 
223, 0, -1, -1, -1, 125, 160, 136.0, 8, , 2, 0, 0, 0, , 0, 0, 0, 0, 0, 
224, 0, -1, -1, -1, 113, 131, 138.0, 8, , 5, 0, 0, 0, , 0, 0, 0, 0, 0, 
225, 0, -1, -1, -1, 125, 174, 140.0, 8, , 7, 0, 0, 0, , 0, 0, 0, 0, 0, 
226, 0, -1, -1, -1, 114, 127, 142.0, 8, , 8, 0, 0, 0, , 0, 0, 0, 0, 0, 
227, 0, -1, -1, -1, 131, 38, 142.0, 9, , 21, 0, 0, 0, , 0, 0, 0, 0, 0, 
228, 0, -1, -1, -1, 53, 122, 145.0, 9, , 15, 0, 0, 0, , 0, 0, 0, 0, 0, 
229, 0, -1, -1, -1, 83, 107, 146.0, 8, , 25, 0, 0, 0, , 0, 0, 0, 0, 0, 
230, 0, -1, -1, -1, 77, 137, 147.0, 9, , 24, 0, 0, 0, , 0, 0, 0, 0, 0, 
231, 0, -1, -1, -1, 276, 49, 149.0, 8, , 9, 0, 0, 0, , 0, 0, 0, 0, 0, 
232, 0, -1, -1, -1, 263, 48, 150.0, 9, , 7, 0, 0, 0, , 0, 0, 0, 0, 0, 
233, 0, -1, -1, -1, 114, 61, 151.0, 7, , 19, 0, 0, 0, , 0, 0, 0, 0, 0, 
234, 0, -1, -1, -1, 189, 37, 152.0, 7, , 14, 0, 0, 0, , 0, 0, 0, 0, 0, 
235, 0, -1, -1, -1, 83, 61, 157.0, 8, , 7, 0, 0, 0, , 0, 0, 0, 0, 0, 
236, 0, -1, -1, -1, 69, 77, 158.0, 8, , 5, 0, 0, 0, , 0, 0, 0, 0, 0, 
237, 0, -1, -1, -1, 153, 162, 159.0, 8, , 17, 0, 0, 0, , 0, 0, 0, 0, 0, 
238, 0, -1, -1, -1, 143, 106, 163.0, 7, , 22, 0, 0, 0, , 0, 0, 0, 0, 0, 
239, 0, -1, -1, -1, 207, 49, 163.0, 8, , 15, 0, 0, 0, , 0, 0, 0, 0, 0, 
240, 0, -1, -1, -1, 78, 73, 165.0, 8, , 12, 0, 0, 0, , 0, 0, 0, 0, 0, 
241, 0, -1, -1, -1, 97, 111, 165.0, 8, , 2, 0, 0, 0, , 0, 0, 0, 0, 0, 
242, 0, -1, -1, -1, 143, 107, 168.0, 7, , 18, 0, 0, 0, , 0, 0, 0, 0, 0, 
243, 0, -1, -1, -1, 247, 68, 169.0, 9, , 7, 0, 0, 0, , 0, 0, 0, 0, 0, 
244, 0, -1, -1, -1, 132, 54, 173.0, 8, , 24, 0, 0, 0, , 0, 0, 0, 0, 0, 
245, 0, -1, -1, -1, 212, 49, 174.0, 8, , 7, 0, 0, 0, , 0, 0, 0, 0, 0, 
246, 0, -1, -1, -1, 239, 49, 175.0, 7, , 3, 0, 0, 0, , 0, 0, 0, 0, 0, 
247, 0, -1, -1, -1, 240, 57, 177.0, 9, , 16, 0, 0, 0, , 0, 0, 0, 0, 0, 
248, 0, -1, -1, -1, 242, 72, 178.0, 9, , 25, 0, 0, 0, , 0, 0, 0, 0, 0, 
249, 0, -1, -1, -1, 132, 55, 186.0, 8, , 15, 0, 0, 0, , 0, 0, 0, 0, 0, 
250, 0, -1, -1, -1, 258, 82, 194.0, 7, , 17, 0, 0, 0, , 0, 0, 0, 0, 0, 
251, 0, -1, -1, -1, 126, 91, 195.0, 9, , 23, 0, 0, 0, , 0, 0, 0, 0, 0, 
252, 0, -1, -1, -1, 244, 82, 197.0, 8, , 1, 0, 0, 0, , 0, 0, 0, 0, 0, 
253, 0, -1, -1, -1, 158, 85, 203.0, 9, , 11, 0, 0, 0, , 0, 0, 0, 0, 0, 
254, 0, -1, -1, -1, 213, 116, 207.0, 8, , 3, 0, 0, 0, , 0, 0, 0, 0, 0, 
255, 0, -1, -1, -1, 156, 80, 208.0, 9, , 17, 0, 0, 0, , 0, 0, 0, 0, 0, 
256, 0, -1, -1, -1, 191, 97, 208.0, 9, , 6, 0, 0, 0, , 0, 0, 0, 0, 0, 
257, 0, -1, -1, -1, 215, 122, 210.0, 8, , 7, 0, 0, 0, , 0, 0, 0, 0, 0, 
258, 0, -1, -1, -1, 78, 102, 173.0, 8, , 20, 0, 0, 0, , 0, 0, 0, 0, 0, 
259, 0, -1, -1, -1, 298, 94, 187.0, 9, , 45, 0, 0, 0, , 0, 0, 0, 0, 0, 
260, 1, 217, 271, -1, 266, 85, 141.0, 22, Eprp, 0, 0, 0, 0, , 0, 0, 0, 0, 0, 
261, 0, 218, -1, -1, 133, 38, 134.0, 17, , 0, 0, 0, 0, , 0, 0, 0, 0, 0, 
262, 1, 219, 273, -1, 154, 81, 198.0, 17, ABarapppp, 0, 0, 0, 0, , 0, 0, 0, 0, 0, 
263, 1, 220, 274, -1, 132, 92, 193.0, 16, ABarapppa, 0, 0, 0, 0, , 0, 0, 0, 0, 0, 
264, 1, 221, 275, -1, 141, 104, 209.0, 17, ABarappaa, 0, 0, 0, 0, , 0, 0, 0, 0, 0, 
265, 1, 222, 276, -1, 167, 99, 210.0, 17, ABarappap, 0, 0, 0, 0, , 0, 0, 0, 0, 0, 
266, 1, 223, 277, -1, 101, 118, 199.0, 17, ABarapaaa, 0, 0, 0, 0, , 0, 0, 0, 0, 0, 
267, 1, 224, 278, -1, 122, 122, 186.0, 19, ABarapaap, 0, 0, 0, 0, , 0, 0, 0, 0, 0, 
268, 1, 225, 279, -1, 141, 129, 206.0, 15, ABarapapa, 0, 0, 0, 0, , 0, 0, 0, 0, 0, 
269, 1, 226, 281, -1, 143, 119, 185.0, 14, ABarapappa, 0, 0, 0, 0, , 0, 0, 0, 0, 0, 
270, 1, 226, 280, -1, 165, 123, 188.75, 15, ABarapappp, 0, 0, 0, 0, , 0, 0, 0, 0, 0, 
271, 1, 227, 282, -1, 82, 112, 152.0, 20, ABaraapaa, 0, 0, 0, 0, , 0, 0, 0, 0, 0, 
272, 1, 228, 283, -1, 106, 129, 145.0, 18, ABaraapap, 0, 0, 0, 0, , 0, 0, 0, 0, 0, 
273, 1, 229, 284, -1, 115, 121, 170.0, 19, ABaraappa, 0, 0, 0, 0, , 0, 0, 0, 0, 0, 
274, 1, 230, 285, -1, 140, 110, 161.0, 17, ABaraappp, 0, 0, 0, 0, , 0, 0, 0, 0, 0, 
275, 1, 231, 286, -1, 74, 102, 177.0, 17, ABaraaapa, 0, 0, 0, 0, , 0, 0, 0, 0, 0, 
276, 1, 232, 287, -1, 103, 98, 197.0, 17, ABaraaapp, 0, 0, 0, 0, , 0, 0, 0, 0, 0, 
277, 1, 233, 288, -1, 56, 106, 161.0, 17, ABaraaaaa, 0, 0, 0, 0, , 0, 0, 0, 0, 0, 
278, 1, 234, 289, -1, 93, 113, 173.0, 16, ABaraaaap, 0, 0, 0, 0, , 0, 0, 0, 0, 0, 
279, 1, 235, 290, -1, 89, 136, 171.0, 17, ABalpaaap, 0, 0, 0, 0, , 0, 0, 0, 0, 0, 
280, 1, 236, 291, -1, 65, 130, 170.0, 17, ABalpaaaa, 0, 0, 0, 0, , 0, 0, 0, 0, 0, 
281, 1, 238, 293, -1, 79, 138, 141.0, 15, ABalpaapap, 0, 0, 0, 0, , 0, 0, 0, 0, 0, 
282, 1, 237, 292, -1, 53, 124, 141.0, 15, ABalpaapaa, 0, 0, 0, 0, , 0, 0, 0, 0, 0, 
283, 1, 239, 294, -1, 83, 158, 126.0, 16, ABalpaapp, 0, 0, 0, 0, , 0, 0, 0, 0, 0, 
284, 1, 241, 296, -1, 132, 153, 178.0, 15, ABalpappap, 0, 0, 0, 0, , 0, 0, 0, 0, 0, 
285, 1, 240, 295, -1, 102, 148, 179.0, 15, ABalpappaa, 0, 0, 0, 0, , 0, 0, 0, 0, 0, 
286, 1, 242, 297, -1, 130, 140, 163.0, 15, ABalpapppa, 0, 0, 0, 0, , 0, 0, 0, 0, 0, 
287, 0, 243, -1, -1, 159, 147, 181.0, 15, , 0, 0, 0, 0, , 0, 0, 0, 0, 0, 
288, 1, 244, 298, -1, 160, 147, 181.0, 15, ABalpapppp, 0, 0, 0, 0, , 0, 0, 0, 0, 0, 
289, 1, 245, 299, -1, 67, 155, 109.0, 17, ABalppaaa, 0, 0, 0, 0, , 0, 0, 0, 0, 0, 
290, 1, 246, 300, -1, 84, 158, 99.0, 19, ABalppaap, 0, 0, 0, 0, , 0, 0, 0, 0, 0, 
291, 1, 247, 301, -1, 106, 169, 131.0, 19, ABalppapa, 0, 0, 0, 0, , 0, 0, 0, 0, 0, 
292, 1, 248, 302, -1, 129, 166, 138.0, 17, ABalppapp, 0, 0, 0, 0, , 0, 0, 0, 0, 0, 
293, 1, 249, 303, -1, 87, 157, 160.0, 19, ABalpapaa, 0, 0, 0, 0, , 0, 0, 0, 0, 0, 
294, 1, 250, 304, -1, 111, 165, 159.0, 19, ABalpapap, 0, 0, 0, 0, , 0, 0, 0, 0, 0, 
295, 1, 251, 305, -1, 83, 137, 93.8, 17, ABalpppaa, 0, 0, 0, 0, , 0, 0, 0, 0, 0, 
296, 1, 252, 306, -1, 107, 150, 85.5, 16, ABalpppap, 0, 0, 0, 0, , 0, 0, 0, 0, 0, 
297, 1, 253, 307, -1, 147, 126, 79.5, 12, ABalpppppp, 0, 0, 0, 0, , 0, 0, 0, 0, 0, 
298, 1, 254, 308, -1, 121, 138, 62.333332, 11, ABalpppppa, 0, 0, 0, 0, , 0, 0, 0, 0, 0, 
299, 1, 255, 309, -1, 106, 131, 88.0, 17, ABalppppa, 0, 0, 0, 0, , 0, 0, 0, 0, 0, 
300, 1, 256, 310, -1, 49, 99, 118.0, 18, ABalaaapa, 0, 0, 0, 0, , 0, 0, 0, 0, 0, 
301, 1, 257, 311, -1, 65, 77, 136.0, 16, ABalaaapp, 0, 0, 0, 0, , 0, 0, 0, 0, 0, 
302, 1, 258, 312, -1, 72, 77, 166.5, 17, ABalaapaa, 0, 0, 0, 0, , 0, 0, 0, 0, 0, 
303, 0, 259, -1, -1, 85, 78, 170.43333, 17, , 0, 0, 0, 0, , 0, 0, 0, 0, 0, 
304, 1, 260, 314, -1, 91, 73, 178.0, 17, ABalaapap, 0, 0, 0, 0, , 0, 0, 0, 0, 0, 
305, 1, 261, 315, -1, 46, 107, 143.0, 17, ABalaaaar, 0, 0, 0, 0, , 0, 0, 0, 0, 0, 
306, 1, 262, 316, -1, 57, 128, 122.0, 19, ABalaaaal, 0, 0, 0, 0, , 0, 0, 0, 0, 0, 
307, 1, 263, 317, -1, 100, 53, 136.0, 18, ABalaappp, 0, 0, 0, 0, , 0, 0, 0, 0, 0, 
308, 1, 264, 318, -1, 87, 62, 149.0, 17, ABalaappa, 0, 0, 0, 0, , 0, 0, 0, 0, 0, 
309, 1, 265, 319, -1, 87, 114, 93.0, 19, ABalapaap, 0, 0, 0, 0, , 0, 0, 0, 0, 0, 
310, 1, 266, 320, -1, 69, 102, 98.0, 19, ABalapaaa, 0, 0, 0, 0, , 0, 0, 0, 0, 0, 
311, 1, 267, 321, -1, 95, 92, 89.0, 19, ABalapapa, 0, 0, 0, 0, , 0, 0, 0, 0, 0, 
312, 1, 268, 322, -1, 119, 107, 87.0, 18, ABalapapp, 0, 0, 0, 0, , 0, 0, 0, 0, 0, 
313, 1, 269, 323, -1, 68, 82, 114.0, 17, ABalappaa, 0, 0, 0, 0, , 0, 0, 0, 0, 0, 
314, 1, 270, 324, -1, 86, 72, 117.0, 16, ABalappap, 0, 0, 0, 0, , 0, 0, 0, 0, 0, 
315, 1, 271, 325, -1, 104, 58, 110.0, 14, ABalapppa, 0, 0, 0, 0, , 0, 0, 0, 0, 0, 
316, 1, 272, 326, -1, 137, 62, 120.0, 16, ABalapppp, 0, 0, 0, 0, , 0, 0, 0, 0, 0, 
317, 1, 273, 327, -1, 144, 45, 156.0, 17, ABpraaapp, 0, 0, 0, 0, , 0, 0, 0, 0, 0, 
318, 1, 274, 328, -1, 106, 57, 169.0, 16, ABpraaaaa, 0, 0, 0, 0, , 0, 0, 0, 0, 0, 
319, 1, 275, 329, -1, 128, 55, 177.0, 19, ABpraaaap, 0, 0, 0, 0, , 0, 0, 0, 0, 0, 
320, 1, 276, 330, -1, 213, 47, 168.0, 16, ABpraappp, 0, 0, 0, 0, , 0, 0, 0, 0, 0, 
321, 1, 277, 331, -1, 184, 36, 158.0, 18, ABpraappa, 0, 0, 0, 0, , 0, 0, 0, 0, 0, 
322, 1, 278, 332, -1, 249, 53, 174.8, 15, ABprappaa, 0, 0, 0, 0, , 0, 0, 0, 0, 0, 
323, 1, 279, 333, -1, 277, 59, 168.0, 16, ABprappap, 0, 0, 0, 0, , 0, 0, 0, 0, 0, 
324, 1, 280, 334, -1, 281, 78, 171.33333, 17, ABprapppa, 0, 0, 0, 0, , 0, 0, 0, 0, 0, 
325, 1, 281, 335, -1, 199, 32, 136.0, 15, ABprapaaa, 0, 0, 0, 0, , 0, 0, 0, 0, 0, 
326, 1, 282, 336, -1, 232, 39, 146.0, 13, ABprapaap, 0, 0, 0, 0, , 0, 0, 0, 0, 0, 
327, 1, 283, 337, -1, 269, 48, 149.66667, 19, ABprapapa, 0, 0, 0, 0, , 0, 0, 0, 0, 0, 
328, 1, 284, 338, -1, 305, 71, 148.0, 17, ABprapapp, 0, 0, 0, 0, , 0, 0, 0, 0, 0, 
329, 1, 285, 339, -1, 167, 167, 115.0, 15, ABplppaaa, 0, 0, 0, 0, , 0, 0, 0, 0, 0, 
330, 1, 286, 340, -1, 191, 177, 118.0, 17, ABplppaap, 0, 0, 0, 0, , 0, 0, 0, 0, 0, 
331, 1, 287, 341, -1, 199, 169, 103.0, 14, ABplppapa, 0, 0, 0, 0, , 0, 0, 0, 0, 0, 
332, 1, 288, 342, -1, 228, 161, 116.0, 15, ABplppapp, 0, 0, 0, 0, , 0, 0, 0, 0, 0, 
333, 1, 289, 343, -1, 222, 175, 117.666664, 15, ABplpppaa, 0, 0, 0, 0, , 0, 0, 0, 0, 0, 
334, 1, 290, 344, -1, 248, 171, 130.33333, 17, ABplpppap, 0, 0, 0, 0, , 0, 0, 0, 0, 0, 
335, 1, 291, 345, -1, 206, 162, 140.0, 14, ABplppppa, 0, 0, 0, 0, , 0, 0, 0, 0, 0, 
336, 1, 292, 346, -1, 232, 173, 157.0, 17, ABplppppp, 0, 0, 0, 0, , 0, 0, 0, 0, 0, 
337, 1, 293, 347, -1, 171, 180, 140.0, 16, ABplpapap, 0, 0, 0, 0, , 0, 0, 0, 0, 0, 
338, 1, 294, 348, -1, 116, 164, 104.8, 17, ABplpaaaa, 0, 0, 0, 0, , 0, 0, 0, 0, 0, 
339, 1, 295, 349, -1, 141, 174, 101.5, 17, ABplpaaap, 0, 0, 0, 0, , 0, 0, 0, 0, 0, 
340, 1, 296, 350, -1, 137, 159, 84.0, 19, ABplpaapa, 0, 0, 0, 0, , 0, 0, 0, 0, 0, 
341, 1, 297, 351, -1, 169, 172, 92.0, 19, ABplpaapp, 0, 0, 0, 0, , 0, 0, 0, 0, 0, 
342, 1, 298, 352, -1, 150, 174, 125.0, 15, ABplpapaa, 0, 0, 0, 0, , 0, 0, 0, 0, 0, 
343, 1, 299, 354, -1, 151, 162, 158.0, 17, ABplpappaa, 0, 0, 0, 0, , 0, 0, 0, 0, 0, 
344, 1, 299, 353, -1, 175, 169, 159.0, 14, ABplpappap, 0, 0, 0, 0, , 0, 0, 0, 0, 0, 
345, 1, 300, 355, -1, 195, 172, 160.0, 17, ABplpappp, 0, 0, 0, 0, , 0, 0, 0, 0, 0, 
346, 1, 301, 356, -1, 167, 34, 136.0, 14, ABpraapap, 0, 0, 0, 0, , 0, 0, 0, 0, 0, 
347, 1, 302, 357, -1, 135, 70, 190.0, 16, ABprpaaaa, 0, 0, 0, 0, , 0, 0, 0, 0, 0, 
348, 1, 303, 358, -1, 159, 60, 189.57143, 17, ABprpaaap, 0, 0, 0, 0, , 0, 0, 0, 0, 0, 
349, 1, 304, 359, -1, 165, 53, 178.75, 18, ABprpaapa, 0, 0, 0, 0, , 0, 0, 0, 0, 0, 
350, 1, 305, 360, -1, 185, 52, 185.0, 15, ABprpaapp, 0, 0, 0, 0, , 0, 0, 0, 0, 0, 
351, 1, 306, 361, -1, 180, 91, 195.4, 18, ABprpapaa, 0, 0, 0, 0, , 0, 0, 0, 0, 0, 
352, 1, 307, 362, -1, 200, 97, 204.0, 16, ABprpapap, 0, 0, 0, 0, , 0, 0, 0, 0, 0, 
353, 1, 308, 363, -1, 191, 115, 198.0, 17, ABprpappa, 0, 0, 0, 0, , 0, 0, 0, 0, 0, 
354, 1, 309, 364, -1, 220, 119, 208.0, 16, ABprpappp, 0, 0, 0, 0, , 0, 0, 0, 0, 0, 
355, 1, 310, 365, -1, 196, 68, 194.0, 14, ABprppaaa, 0, 0, 0, 0, , 0, 0, 0, 0, 0, 
356, 1, 311, 366, -1, 210, 79, 195.0, 15, ABprppaap, 0, 0, 0, 0, , 0, 0, 0, 0, 0, 
357, 1, 312, 367, -1, 228, 71, 192.0, 16, ABprppapa, 0, 0, 0, 0, , 0, 0, 0, 0, 0, 
358, 1, 313, 368, -1, 245, 73, 173.0, 14, ABprppapp, 0, 0, 0, 0, , 0, 0, 0, 0, 0, 
359, 1, 314, 369, -1, 252, 84, 196.0, 16, ABprpppaa, 0, 0, 0, 0, , 0, 0, 0, 0, 0, 
360, 1, 315, 370, -1, 272, 92, 191.0, 16, ABprpppap, 0, 0, 0, 0, , 0, 0, 0, 0, 0, 
361, 1, 316, 371, -1, 232, 99, 198.77777, 18, ABprppppa, 0, 0, 0, 0, , 0, 0, 0, 0, 0, 
362, 1, 317, 372, -1, 254, 115, 197.46153, 18, ABprppppp, 0, 0, 0, 0, , 0, 0, 0, 0, 0, 
363, 1, 318, 373, -1, 70, 100, 129.0, 16, MSaaaaa, 0, 0, 0, 0, , 0, 0, 0, 0, 0, 
364, 1, 319, 374, -1, 107, 92, 108.0, 16, MSaaaap, 0, 0, 0, 0, , 0, 0, 0, 0, 0, 
365, 1, 320, 375, -1, 144, 115, 127.25, 16, MSaaapp, 0, 0, 0, 0, , 0, 0, 0, 0, 0, 
366, 1, 321, 376, -1, 111, 109, 125.333336, 16, MSaaapa, 0, 0, 0, 0, , 0, 0, 0, 0, 0, 
367, 1, 322, 377, -1, 171, 142, 157.0, 16, MSaapap, 0, 0, 0, 0, , 0, 0, 0, 0, 0, 
368, 1, 323, 378, -1, 143, 131, 138.75, 17, MSaapaa, 0, 0, 0, 0, , 0, 0, 0, 0, 0, 
369, 1, 324, 379, -1, 203, 147, 159.0, 18, MSaappp, 0, 0, 0, 0, , 0, 0, 0, 0, 0, 
370, 1, 325, 380, -1, 289, 130, 165.0, 15, Cppap, 0, 0, 0, 0, , 0, 0, 0, 0, 0, 
371, 1, 326, 381, -1, 219, 70, 137.0, 17, Epra, 0, 0, 0, 0, , 0, 0, 0, 0, 0, 
372, 1, 327, 382, -1, 188, 114, 107.0, 19, Ealp, 0, 0, 0, 0, , 0, 0, 0, 0, 0, 
373, 1, 328, 383, -1, 149, 103, 98.0, 21, Eala, 0, 0, 0, 0, , 0, 0, 0, 0, 0, 
374, 1, 329, 384, -1, 160, 76, 119.2, 20, Eara, 0, 0, 0, 0, , 0, 0, 0, 0, 0, 
375, 1, 330, 385, -1, 187, 87, 136.0, 19, Earp, 0, 0, 0, 0, , 0, 0, 0, 0, 0, 
376, 1, 331, 386, -1, 225, 100, 96.0, 18, Epla, 0, 0, 0, 0, , 0, 0, 0, 0, 0, 
377, 1, 332, 387, -1, 269, 110, 118.0, 19, Eplp, 0, 0, 0, 0, , 0, 0, 0, 0, 0, 
378, 1, 333, 388, -1, 267, 98, 89.0, 17, Caaaa, 0, 0, 0, 0, , 0, 0, 0, 0, 0, 
379, 1, 334, 389, -1, 301, 126, 99.0, 17, Caaap, 0, 0, 0, 0, , 0, 0, 0, 0, 0, 
380, 1, 335, 390, -1, 328, 135, 110.0, 15, Caapa, 0, 0, 0, 0, , 0, 0, 0, 0, 0, 
381, 1, 336, 391, -1, 318, 149, 133.0, 17, Caapp, 0, 0, 0, 0, , 0, 0, 0, 0, 0, 
382, 1, 337, 392, -1, 237, 157, 151.0, 17, Capaa, 0, 0, 0, 0, , 0, 0, 0, 0, 0, 
383, 1, 338, 393, -1, 272, 148, 152.0, 17, Capap, 0, 0, 0, 0, , 0, 0, 0, 0, 0, 
384, 1, 339, 394, -1, 278, 148, 123.0, 17, Cappa, 0, 0, 0, 0, , 0, 0, 0, 0, 0, 
385, 1, 340, 395, -1, 297, 149, 144.0, 17, Cappp, 0, 0, 0, 0, , 0, 0, 0, 0, 0, 
386, 1, 341, 396, -1, 244, 67, 93.0, 17, Cpaaa, 0, 0, 0, 0, , 0, 0, 0, 0, 0, 
387, 1, 342, 397, -1, 293, 89, 108.0, 17, Cpaap, 0, 0, 0, 0, , 0, 0, 0, 0, 0, 
388, 1, 343, 398, -1, 319, 105, 131.0, 17, Cpapa, 0, 0, 0, 0, , 0, 0, 0, 0, 0, 
389, 1, 344, 399, -1, 330, 120, 149.0, 15, Cpapp, 0, 0, 0, 0, , 0, 0, 0, 0, 0, 
390, 1, 345, 400, -1, 253, 116, 184.0, 15, Cppaa, 0, 0, 0, 0, , 0, 0, 0, 0, 0, 
391, 1, 346, 401, -1, 298, 96, 156.0, 17, Cpppa, 0, 0, 0, 0, , 0, 0, 0, 0, 0, 
392, 1, 347, 402, -1, 308, 127, 155.0, 17, Cpppp, 0, 0, 0, 0, , 0, 0, 0, 0, 0, 
393, 1, 348, 403, -1, 211, 138, 133.0, 16, Daa, 0, 0, 0, 0, , 0, 0, 0, 0, 0, 
394, 1, 350, 469, -1, 256, 139, 131.0, 16, Dapp, 0, 0, 0, 0, , 0, 0, 0, 0, 0, 
395, 1, 351, 404, -1, 225, 103, 172.0, 16, Dpa, 0, 0, 0, 0, , 0, 0, 0, 0, 0, 
396, 1, 352, 405, -1, 233, 106, 137.0, 18, Z2, 0, 0, 0, 0, , 0, 0, 0, 0, 0, 
397, 1, 353, 406, -1, 197, 113, 144.0, 16, Z3, 0, 0, 0, 0, , 0, 0, 0, 0, 0, 
398, 1, 354, 407, -1, 92, 72, 83.0, 14, ABarpaaaa, 0, 0, 0, 0, , 0, 0, 0, 0, 0, 
399, 1, 355, 408, -1, 115, 72, 79.0, 16, ABarpaaap, 0, 0, 0, 0, , 0, 0, 0, 0, 0, 
400, 1, 356, 410, -1, 135, 73, 90.0, 15, ABarpaapaa, 0, 0, 0, 0, , 0, 0, 0, 0, 0, 
401, 1, 356, 409, -1, 157, 69, 87.5, 15, ABarpaapap, 0, 0, 0, 0, , 0, 0, 0, 0, 0, 
402, 1, 358, 412, -1, 209, 64, 89.0, 16, ABarpaappp, 0, 0, 0, 0, , 0, 0, 0, 0, 0, 
403, 1, 357, 411, -1, 174, 61, 84.0, 16, ABarpaappa, 0, 0, 0, 0, , 0, 0, 0, 0, 0, 
404, 1, 359, 413, -1, 118, 51, 94.0, 15, ABarpapaa, 0, 0, 0, 0, , 0, 0, 0, 0, 0, 
405, 1, 360, 414, -1, 142, 45, 96.0, 15, ABarpapap, 0, 0, 0, 0, , 0, 0, 0, 0, 0, 
406, 1, 361, 415, -1, 157, 38, 106.0, 14, ABarpappa, 0, 0, 0, 0, , 0, 0, 0, 0, 0, 
407, 1, 362, 416, -1, 226, 43, 114.0, 17, ABarpppap, 0, 0, 0, 0, , 0, 0, 0, 0, 0, 
408, 1, 363, 417, -1, 219, 93, 73.0, 16, ABarppaap, 0, 0, 0, 0, , 0, 0, 0, 0, 0, 
409, 1, 364, 418, -1, 195, 85, 69.0, 17, ABarppaaa, 0, 0, 0, 0, , 0, 0, 0, 0, 0, 
410, 1, 365, 419, -1, 231, 115, 67.0, 19, ABarppapa, 0, 0, 0, 0, , 0, 0, 0, 0, 0, 
411, 1, 366, 420, -1, 257, 123, 94.0, 19, ABarppapp, 0, 0, 0, 0, , 0, 0, 0, 0, 0, 
412, 1, 367, 421, -1, 203, 39, 107.0, 16, ABarpppaa, 0, 0, 0, 0, , 0, 0, 0, 0, 0, 
413, 1, 368, 422, -1, 181, 46, 118.0, 17, ABarpappp, 0, 0, 0, 0, , 0, 0, 0, 0, 0, 
414, 1, 369, 423, -1, 244, 47, 126.0, 18, ABarppppa, 0, 0, 0, 0, , 0, 0, 0, 0, 0, 
415, 1, 370, 424, -1, 270, 60, 119.0, 18, ABarppppp, 0, 0, 0, 0, , 0, 0, 0, 0, 0, 
416, 1, 371, 425, -1, 101, 92, 64.0, 17, ABplaaaaa, 0, 0, 0, 0, , 0, 0, 0, 0, 0, 
417, 1, 372, 426, -1, 134, 84, 66.0, 17, ABplaaaap, 0, 0, 0, 0, , 0, 0, 0, 0, 0, 
418, 1, 373, 427, -1, 156, 90, 59.0, 17, ABplaaapa, 0, 0, 0, 0, , 0, 0, 0, 0, 0, 
419, 1, 374, 428, -1, 183, 104, 64.0, 17, ABplaaapp, 0, 0, 0, 0, , 0, 0, 0, 0, 0, 
420, 1, 375, 429, -1, 104, 117, 58.0, 17, ABplaapaa, 0, 0, 0, 0, , 0, 0, 0, 0, 0, 
421, 1, 376, 430, -1, 140, 115, 56.0, 17, ABplaapap, 0, 0, 0, 0, , 0, 0, 0, 0, 0, 
422, 1, 377, 441, -1, 173, 150, 76.0, 17, ABplaapppa, 0, 0, 0, 0, , 0, 0, 0, 0, 0, 
423, 1, 377, 431, -1, 205, 155, 79.0, 17, ABplaapppp, 0, 0, 0, 0, , 0, 0, 0, 0, 0, 
424, 1, 378, 432, -1, 158, 145, 57.0, 17, ABplaappa, 0, 0, 0, 0, , 0, 0, 0, 0, 0, 
425, 1, 379, 433, -1, 175, 124, 59.0, 17, ABplapaaa, 0, 0, 0, 0, , 0, 0, 0, 0, 0, 
426, 1, 380, 434, -1, 204, 129, 72.0, 17, ABplapaap, 0, 0, 0, 0, , 0, 0, 0, 0, 0, 
427, 1, 381, 435, -1, 250, 131, 74.0, 16, ABplapapa, 0, 0, 0, 0, , 0, 0, 0, 0, 0, 
428, 1, 382, 436, -1, 267, 153, 99.0, 17, ABplapapp, 0, 0, 0, 0, , 0, 0, 0, 0, 0, 
429, 1, 383, 437, -1, 225, 160, 75.0, 19, ABplappaa, 0, 0, 0, 0, , 0, 0, 0, 0, 0, 
430, 1, 384, 438, -1, 246, 159, 85.0, 19, ABplappap, 0, 0, 0, 0, , 0, 0, 0, 0, 0, 
431, 1, 385, 439, -1, 249, 165, 106.0, 17, ABplapppa, 0, 0, 0, 0, , 0, 0, 0, 0, 0, 
432, 1, 386, 440, -1, 278, 173, 116.0, 17, ABplapppp, 0, 0, 0, 0, , 0, 0, 0, 0, 0, 
433, 1, 387, 442, -1, 185, 153, 170.0, 16, MSaappa, 0, 0, 0, 0, , 0, 0, 0, 0, 0, 
434, 1, 388, 443, -1, 99, 140, 117.0, 16, MSapaaa, 0, 0, 0, 0, , 0, 0, 0, 0, 0, 
435, 1, 389, 444, -1, 125, 137, 119.0, 16, MSapaap, 0, 0, 0, 0, , 0, 0, 0, 0, 0, 
436, 1, 390, 445, -1, 142, 136, 106.0, 16, MSapapa, 0, 0, 0, 0, , 0, 0, 0, 0, 0, 
437, 1, 391, 446, -1, 168, 131, 94.0, 16, MSapapp, 0, 0, 0, 0, , 0, 0, 0, 0, 0, 
438, 1, 392, 447, -1, 157, 146, 121.0, 16, MSappaa, 0, 0, 0, 0, , 0, 0, 0, 0, 0, 
439, 1, 393, 448, -1, 188, 153, 133.0, 15, MSappap, 0, 0, 0, 0, , 0, 0, 0, 0, 0, 
440, 1, 394, 449, -1, 177, 149, 110.0, 14, MSapppa, 0, 0, 0, 0, , 0, 0, 0, 0, 0, 
441, 1, 395, 450, -1, 207, 132, 108.0, 14, MSapppp, 0, 0, 0, 0, , 0, 0, 0, 0, 0, 
442, 1, 396, 451, -1, 99, 86, 154.0, 15, MSpaaaa, 0, 0, 0, 0, , 0, 0, 0, 0, 0, 
443, 1, 397, 452, -1, 129, 69, 140.0, 15, MSpaaap, 0, 0, 0, 0, , 0, 0, 0, 0, 0, 
444, 1, 398, 453, -1, 129, 91, 149.0, 15, MSpaapa, 0, 0, 0, 0, , 0, 0, 0, 0, 0, 
445, 1, 399, 454, -1, 152, 101, 136.0, 15, MSpaapp, 0, 0, 0, 0, , 0, 0, 0, 0, 0, 
446, 1, 400, 455, -1, 164, 115, 159.0, 16, MSpapaa, 0, 0, 0, 0, , 0, 0, 0, 0, 0, 
447, 1, 401, 456, -1, 193, 124, 172.0, 16, MSpapap, 0, 0, 0, 0, , 0, 0, 0, 0, 0, 
448, 1, 402, 457, -1, 198, 138, 185.0, 14, MSpappa, 0, 0, 0, 0, , 0, 0, 0, 0, 0, 
449, 1, 403, 458, -1, 214, 127, 175.0, 16, MSpappp, 0, 0, 0, 0, , 0, 0, 0, 0, 0, 
450, 1, 404, 459, -1, 140, 86, 171.0, 14, MSppaap, 0, 0, 0, 0, , 0, 0, 0, 0, 0, 
451, 1, 405, 460, -1, 112, 86, 175.0, 14, MSppaaa, 0, 0, 0, 0, , 0, 0, 0, 0, 0, 
452, 1, 406, 461, -1, 151, 74, 158.0, 14, MSppapa, 0, 0, 0, 0, , 0, 0, 0, 0, 0, 
453, 1, 407, 462, -1, 178, 60, 150.0, 15, MSppapp, 0, 0, 0, 0, , 0, 0, 0, 0, 0, 
454, 1, 408, 463, -1, 163, 92, 172.0, 14, MSpppaa, 0, 0, 0, 0, , 0, 0, 0, 0, 0, 
455, 1, 409, 464, -1, 191, 100, 173.0, 16, MSpppap, 0, 0, 0, 0, , 0, 0, 0, 0, 0, 
456, 1, 410, 465, -1, 191, 72, 165.0, 14, MSppppa, 0, 0, 0, 0, , 0, 0, 0, 0, 0, 
457, 1, 411, 466, -1, 212, 81, 164.0, 13, MSppppp, 0, 0, 0, 0, , 0, 0, 0, 0, 0, 
458, 1, 412, 467, -1, 113, 56, 155.0, 17, ABpraaapa, 0, 0, 0, 0, , 0, 0, 0, 0, 0, 
459, 1, 349, 468, -1, 228, 130, 126.0, 16, Dapa, 0, 0, 0, 0, , 0, 0, 0, 0, 0, 
460, 1, 413, 470, -1, 248, 96, 165.0, 16, Dppa, 0, 0, 0, 0, , 0, 0, 0, 0, 0, 
461, 1, 414, 471, -1, 280, 112, 151.0, 16, Dppp, 0, 0, 0, 0, , 0, 0, 0, 0, 0, 
462, 1, 415, 472, -1, 133, 37, 134.0, 14, ABpraapaa, 0, 0, 0, 0, , 0, 0, 0, 0, 0, 
463, 1, 416, 473, -1, 300, 92, 178.5, 18, ABprapppp, 0, 0, 0, 0, , 0, 0, 0, 0, 0, 
