1, 0, 1, -1, -1, 50, 112, 81.0, 8, , 81, 0, 0, 0, , 0, 0, 0, 0, 0, 
2, 0, 2, -1, -1, 161, 49, 171.0, 9, , 63, 0, 0, 0, , 0, 0, 0, 0, 0, 
3, 0, 3, -1, -1, 216, 80, 192.0, 7, , 20, 0, 0, 0, , 0, 0, 0, 0, 0, 
4, 0, 4, -1, -1, 48, 106, 91.0, 8, , 14, 0, 0, 0, , 0, 0, 0, 0, 0, 
5, 0, 5, -1, -1, 109, 59, 167.0, 8, , 22, 0, 0, 0, , 0, 0, 0, 0, 0, 
6, 0, 7, -1, -1, 97, 112, 200.0, 9, , 47, 0, 0, 0, , 0, 0, 0, 0, 0, 
7, 0, 8, -1, -1, 151, 102, 133.0, 11, , 25, 0, 0, 0, , 0, 0, 0, 0, 0, 
8, 0, 9, -1, -1, 189, 55, 182.0, 8, , 20, 0, 0, 0, , 0, 0, 0, 0, 0, 
9, 0, 10, -1, -1, 106, 50, 164.0, 9, , 35, 0, 0, 0, , 0, 0, 0, 0, 0, 
10, 0, 11, -1, -1, 202, 99, 205.0, 8, , 9, 0, 0, 0, , 0, 0, 0, 0, 0, 
11, 0, 12, -1, -1, 94, 115, 195.0, 9, , 43, 0, 0, 0, , 0, 0, 0, 0, 0, 
12, 0, 13, -1, -1, 229, 72, 187.0, 8, , 14, 0, 0, 0, , 0, 0, 0, 0, 0, 
13, 0, 15, -1, -1, 216, 76, 199.0, 8, , 10, 0, 0, 0, , 0, 0, 0, 0, 0, 
14, 0, 16, -1, -1, 127, 120, 192.0, 9, , 40, 0, 0, 0, , 0, 0, 0, 0, 0, 
15, 0, 17, -1, -1, 198, 66, 199.0, 8, , 16, 0, 0, 0, , 0, 0, 0, 0, 0, 
16, 0, 18, -1, -1, 193, 72, 193.0, 9, , 62, 0, 0, 0, , 0, 0, 0, 0, 0, 
17, 0, 19, -1, -1, 184, 40, 163.0, 8, , 10, 0, 0, 0, , 0, 0, 0, 0, 0, 
18, 0, 20, -1, -1, 158, 48, 176.0, 7, , 25, 0, 0, 0, , 0, 0, 0, 0, 0, 
19, 0, 21, -1, -1, 262, 114, 195.0, 9, , 26, 0, 0, 0, , 0, 0, 0, 0, 0, 
20, 0, 22, -1, -1, 83, 66, 145.0, 8, , 14, 0, 0, 0, , 0, 0, 0, 0, 0, 
21, 0, 23, -1, -1, 153, 132, 202.0, 7, , 22, 0, 0, 0, , 0, 0, 0, 0, 0, 
22, 0, 24, -1, -1, 99, 114, 171.0, 8, , 13, 0, 0, 0, , 0, 0, 0, 0, 0, 
23, 0, 25, -1, -1, 260, 84, 191.0, 7, , 15, 0, 0, 0, , 0, 0, 0, 0, 0, 
24, 0, 26, -1, -1, 148, 124, 200.0, 8, , 65, 0, 0, 0, , 0, 0, 0, 0, 0, 
25, 0, 28, -1, -1, 195, 37, 141.0, 8, , 39, 0, 0, 0, , 0, 0, 0, 0, 0, 
26, 0, 29, -1, -1, 212, 76, 203.0, 9, , 4, 0, 0, 0, , 0, 0, 0, 0, 0, 
27, 0, 30, -1, -1, 223, 73, 188.0, 8, , 3, 0, 0, 0, , 0, 0, 0, 0, 0, 
28, 0, 31, -1, -1, 100, 54, 167.0, 8, , 33, 0, 0, 0, , 0, 0, 0, 0, 0, 
29, 0, 32, -1, -1, 146, 129, 203.0, 8, , 100, 0, 0, 0, , 0, 0, 0, 0, 0, 
30, 0, 33, -1, -1, 190, 67, 202.0, 9, , 26, 0, 0, 0, , 0, 0, 0, 0, 0, 
31, 0, 34, -1, -1, 280, 59, 165.0, 11, , 40, 0, 0, 0, , 0, 0, 0, 0, 0, 
32, 0, 35, -1, -1, 147, 125, 203.0, 8, , 21, 0, 0, 0, , 0, 0, 0, 0, 0, 
33, 0, 36, -1, -1, 191, 72, 195.0, 8, , 8, 0, 0, 0, , 0, 0, 0, 0, 0, 
34, 0, 37, -1, -1, 154, 75, 194.0, 8, , 2, 0, 0, 0, , 0, 0, 0, 0, 0, 
35, 0, 38, -1, -1, 148, 108, 203.0, 9, , 10, 0, 0, 0, , 0, 0, 0, 0, 0, 
36, 0, 39, -1, -1, 136, 71, 185.0, 9, , 52, 0, 0, 0, , 0, 0, 0, 0, 0, 
37, 0, 40, -1, -1, 59, 78, 145.0, 9, , 14, 0, 0, 0, , 0, 0, 0, 0, 0, 
38, 0, 41, -1, -1, 89, 60, 146.0, 9, , 64, 0, 0, 0, , 0, 0, 0, 0, 0, 
39, 0, 42, -1, -1, 119, 51, 149.0, 7, , 17, 0, 0, 0, , 0, 0, 0, 0, 0, 
40, 0, 43, -1, -1, 140, 71, 191.0, 9, , 18, 0, 0, 0, , 0, 0, 0, 0, 0, 
41, 0, 44, -1, -1, 97, 110, 191.0, 7, , 5, 0, 0, 0, , 0, 0, 0, 0, 0, 
42, 0, 45, -1, -1, 127, 118, 186.0, 7, , 34, 0, 0, 0, , 0, 0, 0, 0, 0, 
43, 0, 46, -1, -1, 182, 50, 191.0, 9, , 46, 0, 0, 0, , 0, 0, 0, 0, 0, 
44, 0, 47, -1, -1, 252, 114, 207.0, 9, , 15, 0, 0, 0, , 0, 0, 0, 0, 0, 
45, 0, 48, -1, -1, 133, 88, 199.0, 9, , 33, 0, 0, 0, , 0, 0, 0, 0, 0, 
46, 0, 49, -1, -1, 131, 89, 204.0, 8, , 15, 0, 0, 0, , 0, 0, 0, 0, 0, 
47, 0, 50, -1, -1, 146, 101, 201.0, 7, , 25, 0, 0, 0, , 0, 0, 0, 0, 0, 
48, 0, 51, -1, -1, 106, 59, 171.0, 8, , 24, 0, 0, 0, , 0, 0, 0, 0, 0, 
49, 0, 52, -1, -1, 269, 89, 192.0, 8, , 4, 0, 0, 0, , 0, 0, 0, 0, 0, 
50, 0, 53, -1, -1, 232, 96, 199.0, 8, , 11, 0, 0, 0, , 0, 0, 0, 0, 0, 
51, 0, 54, -1, -1, 126, 92, 199.0, 7, , 11, 0, 0, 0, , 0, 0, 0, 0, 0, 
52, 0, 55, -1, -1, 197, 108, 198.0, 8, , 4, 0, 0, 0, , 0, 0, 0, 0, 0, 
53, 0, 56, -1, -1, 130, 36, 141.0, 11, , 35, 0, 0, 0, , 0, 0, 0, 0, 0, 
54, 0, 57, -1, -1, 289, 75, 174.0, 8, , 10, 0, 0, 0, , 0, 0, 0, 0, 0, 
55, 0, 58, -1, -1, 259, 84, 188.0, 9, , 23, 0, 0, 0, , 0, 0, 0, 0, 0, 
56, 0, 59, -1, -1, 106, 119, 197.0, 8, , 30, 0, 0, 0, , 0, 0, 0, 0, 0, 
57, 0, 60, -1, -1, 145, 129, 210.0, 8, , 29, 0, 0, 0, , 0, 0, 0, 0, 0, 
58, 0, 61, -1, -1, 235, 45, 142.0, 9, , 27, 0, 0, 0, , 0, 0, 0, 0, 0, 
59, 0, 62, -1, -1, 163, 80, 200.0, 8, , 12, 0, 0, 0, , 0, 0, 0, 0, 0, 
60, 0, 63, -1, -1, 161, 32, 138.0, 9, , 22, 0, 0, 0, , 0, 0, 0, 0, 0, 
61, 0, 65, -1, -1, 69, 101, 165.0, 7, , 5, 0, 0, 0, , 0, 0, 0, 0, 0, 
62, 0, 66, -1, -1, 165, 60, 188.0, 9, , 41, 0, 0, 0, , 0, 0, 0, 0, 0, 
63, 0, 67, -1, -1, 166, 56, 189.0, 8, , 13, 0, 0, 0, , 0, 0, 0, 0, 0, 
64, 0, 68, -1, -1, 140, 62, 189.0, 7, , 32, 0, 0, 0, , 0, 0, 0, 0, 0, 
65, 0, 69, -1, -1, 107, 114, 200.0, 8, , 69, 0, 0, 0, , 0, 0, 0, 0, 0, 
66, 0, 70, -1, -1, 114, 61, 156.0, 11, , 35, 0, 0, 0, , 0, 0, 0, 0, 0, 
67, 0, 71, -1, -1, 302, 71, 142.0, 11, , 29, 0, 0, 0, , 0, 0, 0, 0, 0, 
68, 0, 72, -1, -1, 115, 55, 157.0, 8, , 7, 0, 0, 0, , 0, 0, 0, 0, 0, 
69, 0, 73, -1, -1, 93, 77, 180.0, 8, , 14, 0, 0, 0, , 0, 0, 0, 0, 0, 
70, 0, 74, -1, -1, 126, 57, 170.0, 9, , 14, 0, 0, 0, , 0, 0, 0, 0, 0, 
71, 0, 75, -1, -1, 229, 66, 183.0, 11, , 27, 0, 0, 0, , 0, 0, 0, 0, 0, 
72, 0, 76, -1, -1, 287, 75, 178.0, 9, , 6, 0, 0, 0, , 0, 0, 0, 0, 0, 
73, 0, 77, -1, -1, 181, 51, 186.0, 9, , 32, 0, 0, 0, , 0, 0, 0, 0, 0, 
74, 0, 78, -1, -1, 165, 48, 183.0, 9, , 9, 0, 0, 0, , 0, 0, 0, 0, 0, 
75, 0, 79, -1, -1, 119, 123, 191.0, 9, , 83, 0, 0, 0, , 0, 0, 0, 0, 0, 
76, 0, 80, -1, -1, 193, 68, 193.0, 7, , 30, 0, 0, 0, , 0, 0, 0, 0, 0, 
77, 0, 81, -1, -1, 193, 106, 195.0, 8, , 15, 0, 0, 0, , 0, 0, 0, 0, 0, 
78, 0, 82, -1, -1, 149, 107, 210.0, 7, , 19, 0, 0, 0, , 0, 0, 0, 0, 0, 
79, 0, 84, -1, -1, 60, 105, 156.0, 9, , 26, 0, 0, 0, , 0, 0, 0, 0, 0, 
80, 0, 85, -1, -1, 76, 97, 171.0, 8, , 61, 0, 0, 0, , 0, 0, 0, 0, 0, 
81, 0, 86, -1, -1, 92, 71, 183.0, 11, , 69, 0, 0, 0, , 0, 0, 0, 0, 0, 
82, 0, 88, -1, -1, 144, 101, 205.0, 9, , 26, 0, 0, 0, , 0, 0, 0, 0, 0, 
83, 0, 89, -1, -1, 85, 72, 180.0, 7, , 15, 0, 0, 0, , 0, 0, 0, 0, 0, 
84, 0, 90, -1, -1, 153, 103, 137.0, 9, , 50, 0, 0, 0, , 0, 0, 0, 0, 0, 
85, 0, 91, -1, -1, 106, 129, 148.0, 9, , 62, 0, 0, 0, , 0, 0, 0, 0, 0, 
86, 0, 92, -1, -1, 127, 125, 183.0, 8, , 5, 0, 0, 0, , 0, 0, 0, 0, 0, 
87, 0, 93, -1, -1, 282, 90, 190.0, 7, , 35, 0, 0, 0, , 0, 0, 0, 0, 0, 
88, 0, 94, -1, -1, 148, 48, 150.0, 7, , 28, 0, 0, 0, , 0, 0, 0, 0, 0, 
89, 0, 95, -1, -1, 237, 45, 152.0, 8, , 19, 0, 0, 0, , 0, 0, 0, 0, 0, 
90, 0, 96, -1, -1, 183, 29, 159.0, 7, , 5, 0, 0, 0, , 0, 0, 0, 0, 0, 
91, 0, 97, -1, -1, 132, 136, 169.0, 8, , 13, 0, 0, 0, , 0, 0, 0, 0, 0, 
92, 0, 98, -1, -1, 283, 63, 168.0, 11, , 54, 0, 0, 0, , 0, 0, 0, 0, 0, 
93, 0, 99, -1, -1, 282, 81, 172.0, 8, , 14, 0, 0, 0, , 0, 0, 0, 0, 0, 
94, 0, 100, -1, -1, 136, 147, 178.0, 8, , 23, 0, 0, 0, , 0, 0, 0, 0, 0, 
95, 0, 101, -1, -1, 146, 115, 181.0, 9, , 32, 0, 0, 0, , 0, 0, 0, 0, 0, 
96, 0, 102, -1, -1, 239, 53, 184.0, 8, , 10, 0, 0, 0, , 0, 0, 0, 0, 0, 
97, 0, 103, -1, -1, 142, 121, 182.0, 8, , 35, 0, 0, 0, , 0, 0, 0, 0, 0, 
98, 0, 104, -1, -1, 224, 66, 195.0, 8, , 19, 0, 0, 0, , 0, 0, 0, 0, 0, 
99, 0, 105, -1, -1, 194, 118, 193.0, 8, , 15, 0, 0, 0, , 0, 0, 0, 0, 0, 
100, 0, 106, -1, -1, 259, 113, 198.0, 8, , 15, 0, 0, 0, , 0, 0, 0, 0, 0, 
101, 0, 107, -1, -1, 227, 94, 199.0, 9, , 20, 0, 0, 0, , 0, 0, 0, 0, 0, 
102, 0, 108, -1, -1, 127, 118, 188.0, 7, , 32, 0, 0, 0, , 0, 0, 0, 0, 0, 
103, 0, 109, -1, -1, 229, 40, 142.0, 9, , 44, 0, 0, 0, , 0, 0, 0, 0, 0, 
104, 0, 110, -1, -1, 141, 104, 156.0, 8, , 36, 0, 0, 0, , 0, 0, 0, 0, 0, 
105, 0, 111, -1, -1, 191, 52, 179.0, 9, , 14, 0, 0, 0, , 0, 0, 0, 0, 0, 
106, 0, 113, -1, -1, 211, 74, 199.0, 9, , 42, 0, 0, 0, , 0, 0, 0, 0, 0, 
107, 0, 114, -1, -1, 182, 91, 204.0, 9, , 20, 0, 0, 0, , 0, 0, 0, 0, 0, 
108, 0, 115, -1, -1, 139, 111, 152.0, 9, , 24, 0, 0, 0, , 0, 0, 0, 0, 0, 
109, 0, 117, -1, -1, 206, 76, 191.0, 7, , 6, 0, 0, 0, , 0, 0, 0, 0, 0, 
110, 0, 118, -1, -1, 155, 89, 198.0, 8, , 12, 0, 0, 0, , 0, 0, 0, 0, 0, 
111, 0, 120, -1, -1, 103, 58, 105.0, 9, , 23, 0, 0, 0, , 0, 0, 0, 0, 0, 
112, 0, 121, -1, -1, 112, 45, 90.0, 8, , 14, 0, 0, 0, , 0, 0, 0, 0, 0, 
113, 0, 122, -1, -1, 93, 50, 131.0, 8, , 3, 0, 0, 0, , 0, 0, 0, 0, 0, 
114, 0, 123, -1, -1, 175, 37, 132.0, 7, , 4, 0, 0, 0, , 0, 0, 0, 0, 0, 
115, 0, 126, -1, -1, 77, 104, 147.0, 8, , 32, 0, 0, 0, , 0, 0, 0, 0, 0, 
116, 0, 127, -1, -1, 141, 114, 156.0, 9, , 21, 0, 0, 0, , 0, 0, 0, 0, 0, 
117, 0, 128, -1, -1, 181, 167, 159.0, 11, , 53, 0, 0, 0, , 0, 0, 0, 0, 0, 
118, 0, 129, -1, -1, 148, 45, 162.0, 9, , 49, 0, 0, 0, , 0, 0, 0, 0, 0, 
119, 0, 130, -1, -1, 177, 164, 166.0, 7, , 24, 0, 0, 0, , 0, 0, 0, 0, 0, 
120, 0, 131, -1, -1, 211, 44, 172.0, 8, , 21, 0, 0, 0, , 0, 0, 0, 0, 0, 
121, 0, 132, -1, -1, 120, 113, 169.0, 9, , 15, 0, 0, 0, , 0, 0, 0, 0, 0, 
122, 0, 133, -1, -1, 98, 112, 175.0, 9, , 27, 0, 0, 0, , 0, 0, 0, 0, 0, 
123, 0, 134, -1, -1, 131, 53, 182.0, 8, , 15, 0, 0, 0, , 0, 0, 0, 0, 0, 
124, 0, 135, -1, -1, 224, 73, 193.0, 8, , 2, 0, 0, 0, , 0, 0, 0, 0, 0, 
125, 0, 136, -1, -1, 138, 62, 191.0, 7, , 21, 0, 0, 0, , 0, 0, 0, 0, 0, 
126, 0, 137, -1, -1, 163, 55, 193.0, 9, , 27, 0, 0, 0, , 0, 0, 0, 0, 0, 
127, 0, 138, -1, -1, 164, 61, 198.0, 13, , 109, 0, 0, 0, , 0, 0, 0, 0, 0, 
128, 0, 139, -1, -1, 211, 81, 201.0, 8, , 6, 0, 0, 0, , 0, 0, 0, 0, 0, 
129, 0, 140, -1, -1, 232, 93, 205.0, 9, , 25, 0, 0, 0, , 0, 0, 0, 0, 0, 
130, 0, 141, -1, -1, 145, 109, 208.0, 8, , 14, 0, 0, 0, , 0, 0, 0, 0, 0, 
131, 0, 142, -1, -1, 145, 101, 203.0, 7, , 28, 0, 0, 0, , 0, 0, 0, 0, 0, 
132, 0, 143, -1, -1, 172, 105, 205.0, 9, , 20, 0, 0, 0, , 0, 0, 0, 0, 0, 
133, 0, 145, -1, -1, 121, 123, 180.0, 8, , 102, 0, 0, 0, , 0, 0, 0, 0, 0, 
134, 0, 146, -1, -1, 135, 147, 182.0, 9, , 18, 0, 0, 0, , 0, 0, 0, 0, 0, 
135, 0, 147, -1, -1, 182, 165, 163.0, 8, , 14, 0, 0, 0, , 0, 0, 0, 0, 0, 
136, 0, 148, -1, -1, 154, 80, 192.0, 8, , 8, 0, 0, 0, , 0, 0, 0, 0, 0, 
137, 0, 149, -1, -1, 87, 162, 97.0, 9, , 28, 0, 0, 0, , 0, 0, 0, 0, 0, 
138, 0, 150, -1, -1, 54, 121, 138.0, 8, , 11, 0, 0, 0, , 0, 0, 0, 0, 0, 
139, 0, 152, -1, -1, 53, 123, 141.0, 8, , 11, 0, 0, 0, , 0, 0, 0, 0, 0, 
140, 0, 155, -1, -1, 232, 47, 148.0, 8, , 24, 0, 0, 0, , 0, 0, 0, 0, 0, 
141, 0, 156, -1, -1, 147, 44, 148.0, 9, , 54, 0, 0, 0, , 0, 0, 0, 0, 0, 
142, 0, 157, -1, -1, 231, 43, 155.0, 9, , 28, 0, 0, 0, , 0, 0, 0, 0, 0, 
143, 0, 159, -1, -1, 142, 113, 159.0, 11, , 36, 0, 0, 0, , 0, 0, 0, 0, 0, 
144, 0, 160, -1, -1, 51, 103, 161.0, 8, , 10, 0, 0, 0, , 0, 0, 0, 0, 0, 
145, 0, 161, -1, -1, 81, 105, 171.0, 7, , 26, 0, 0, 0, , 0, 0, 0, 0, 0, 
146, 0, 162, -1, -1, 80, 102, 168.0, 7, , 14, 0, 0, 0, , 0, 0, 0, 0, 0, 
147, 0, 163, -1, -1, 221, 46, 169.0, 7, , 15, 0, 0, 0, , 0, 0, 0, 0, 0, 
148, 0, 164, -1, -1, 136, 154, 177.0, 9, , 27, 0, 0, 0, , 0, 0, 0, 0, 0, 
149, 0, 165, -1, -1, 74, 109, 172.0, 11, , 51, 0, 0, 0, , 0, 0, 0, 0, 0, 
150, 0, 166, -1, -1, 76, 106, 180.0, 7, , 41, 0, 0, 0, , 0, 0, 0, 0, 0, 
151, 0, 168, -1, -1, 132, 72, 188.0, 8, , 9, 0, 0, 0, , 0, 0, 0, 0, 0, 
152, 0, 169, -1, -1, 142, 117, 187.0, 11, , 78, 0, 0, 0, , 0, 0, 0, 0, 0, 
153, 0, 170, -1, -1, 141, 67, 186.0, 9, , 21, 0, 0, 0, , 0, 0, 0, 0, 0, 
154, 0, 171, -1, -1, 172, 125, 190.0, 9, , 35, 0, 0, 0, , 0, 0, 0, 0, 0, 
155, 0, 172, -1, -1, 126, 123, 195.0, 8, , 25, 0, 0, 0, , 0, 0, 0, 0, 0, 
156, 0, 173, -1, -1, 145, 109, 210.0, 9, , 42, 0, 0, 0, , 0, 0, 0, 0, 0, 
157, 0, 174, -1, -1, 143, 133, 196.0, 9, , 43, 0, 0, 0, , 0, 0, 0, 0, 0, 
158, 0, 175, -1, -1, 131, 71, 91.0, 11, , 20, 0, 0, 0, , 0, 0, 0, 0, 0, 
159, 0, 176, -1, -1, 107, 65, 105.0, 8, , 3, 0, 0, 0, , 0, 0, 0, 0, 0, 
160, 0, 177, -1, -1, 127, 170, 133.0, 8, , 26, 0, 0, 0, , 0, 0, 0, 0, 0, 
161, 0, 178, -1, -1, 126, 37, 136.0, 9, , 28, 0, 0, 0, , 0, 0, 0, 0, 0, 
162, 0, 179, -1, -1, 81, 138, 143.0, 11, , 29, 0, 0, 0, , 0, 0, 0, 0, 0, 
163, 0, 180, -1, -1, 105, 130, 137.0, 9, , 33, 0, 0, 0, , 0, 0, 0, 0, 0, 
164, 0, 181, -1, -1, 85, 112, 147.0, 9, , 38, 0, 0, 0, , 0, 0, 0, 0, 0, 
165, 0, 182, -1, -1, 229, 42, 153.0, 11, , 30, 0, 0, 0, , 0, 0, 0, 0, 0, 
166, 0, 183, -1, -1, 309, 71, 153.0, 8, , 27, 0, 0, 0, , 0, 0, 0, 0, 0, 
167, 0, 184, -1, -1, 86, 107, 158.0, 8, , 29, 0, 0, 0, , 0, 0, 0, 0, 0, 
168, 0, 185, -1, -1, 149, 43, 157.0, 8, , 52, 0, 0, 0, , 0, 0, 0, 0, 0, 
169, 0, 186, -1, -1, 77, 105, 158.0, 8, , 13, 0, 0, 0, , 0, 0, 0, 0, 0, 
170, 0, 188, -1, -1, 299, 71, 157.0, 8, , 13, 0, 0, 0, , 0, 0, 0, 0, 0, 
171, 0, 189, -1, -1, 210, 53, 167.0, 8, , 68, 0, 0, 0, , 0, 0, 0, 0, 0, 
172, 0, 190, -1, -1, 212, 42, 168.0, 8, , 23, 0, 0, 0, , 0, 0, 0, 0, 0, 
173, 0, 192, -1, -1, 72, 99, 183.0, 7, , 21, 0, 0, 0, , 0, 0, 0, 0, 0, 
174, 0, 193, -1, -1, 169, 57, 178.0, 7, , 30, 0, 0, 0, , 0, 0, 0, 0, 0, 
175, 0, 195, -1, -1, 72, 98, 181.0, 8, , 30, 0, 0, 0, , 0, 0, 0, 0, 0, 
176, 0, 196, -1, -1, 119, 123, 186.0, 9, , 85, 0, 0, 0, , 0, 0, 0, 0, 0, 
177, 0, 197, -1, -1, 193, 56, 187.0, 7, , 16, 0, 0, 0, , 0, 0, 0, 0, 0, 
178, 0, 198, -1, -1, 178, 89, 190.0, 8, , 4, 0, 0, 0, , 0, 0, 0, 0, 0, 
179, 0, 199, -1, -1, 200, 108, 193.0, 8, , 12, 0, 0, 0, , 0, 0, 0, 0, 0, 
180, 0, 200, -1, -1, 259, 119, 192.0, 7, , 4, 0, 0, 0, , 0, 0, 0, 0, 0, 
181, 0, 201, -1, -1, 214, 80, 196.0, 9, , 56, 0, 0, 0, , 0, 0, 0, 0, 0, 
182, 0, 202, -1, -1, 108, 72, 77.0, 8, , 5, 0, 0, 0, , 0, 0, 0, 0, 0, 
183, 0, 203, -1, -1, 101, 56, 117.0, 7, , 11, 0, 0, 0, , 0, 0, 0, 0, 0, 
184, 0, 204, -1, -1, 129, 158, 141.0, 8, , 35, 0, 0, 0, , 0, 0, 0, 0, 0, 
185, 0, 205, -1, -1, 83, 59, 150.0, 9, , 20, 0, 0, 0, , 0, 0, 0, 0, 0, 
186, 0, 206, -1, -1, 147, 41, 152.0, 9, , 68, 0, 0, 0, , 0, 0, 0, 0, 0, 
187, 0, 208, -1, -1, 73, 100, 178.0, 8, , 26, 0, 0, 0, , 0, 0, 0, 0, 0, 
188, 0, 209, -1, -1, 158, 54, 175.0, 8, , 36, 0, 0, 0, , 0, 0, 0, 0, 0, 
189, 0, 210, -1, -1, 172, 125, 195.0, 9, , 49, 0, 0, 0, , 0, 0, 0, 0, 0, 
190, 0, 211, -1, -1, 225, 117, 211.0, 9, , 19, 0, 0, 0, , 0, 0, 0, 0, 0, 
191, 0, 212, -1, -1, 104, 131, 142.0, 7, , 58, 0, 0, 0, , 0, 0, 0, 0, 0, 
192, 0, 214, -1, -1, 169, 145, 73.0, 9, , 17, 0, 0, 0, , 0, 0, 0, 0, 0, 
193, 0, 215, -1, -1, 108, 124, 82.0, 8, , 11, 0, 0, 0, , 0, 0, 0, 0, 0, 
194, 0, 216, -1, -1, 159, 67, 78.0, 9, , 15, 0, 0, 0, , 0, 0, 0, 0, 0, 
195, 0, 217, -1, -1, 104, 61, 103.0, 9, , 22, 0, 0, 0, , 0, 0, 0, 0, 0, 
196, 0, 218, -1, -1, 105, 54, 111.0, 7, , 9, 0, 0, 0, , 0, 0, 0, 0, 0, 
197, 0, 219, -1, -1, 103, 55, 113.0, 7, , 14, 0, 0, 0, , 0, 0, 0, 0, 0, 
198, 0, 220, -1, -1, 206, 34, 131.0, 7, , 13, 0, 0, 0, , 0, 0, 0, 0, 0, 
199, 0, 221, -1, -1, 105, 131, 134.0, 7, , 20, 0, 0, 0, , 0, 0, 0, 0, 0, 
200, 0, 222, -1, -1, 95, 57, 134.0, 9, , 11, 0, 0, 0, , 0, 0, 0, 0, 0, 
201, 0, 223, -1, -1, 126, 170, 136.0, 7, , 21, 0, 0, 0, , 0, 0, 0, 0, 0, 
202, 0, 224, -1, -1, 108, 125, 139.0, 11, , 92, 0, 0, 0, , 0, 0, 0, 0, 0, 
203, 0, 225, -1, -1, 122, 167, 141.0, 7, , 17, 0, 0, 0, , 0, 0, 0, 0, 0, 
204, 0, 226, -1, -1, 112, 123, 140.0, 8, , 14, 0, 0, 0, , 0, 0, 0, 0, 0, 
205, 0, 227, -1, -1, 131, 36, 143.0, 8, , 23, 0, 0, 0, , 0, 0, 0, 0, 0, 
206, 0, 228, -1, -1, 53, 122, 145.0, 8, , 21, 0, 0, 0, , 0, 0, 0, 0, 0, 
207, 0, 229, -1, -1, 86, 103, 147.0, 8, , 33, 0, 0, 0, , 0, 0, 0, 0, 0, 
208, 0, 230, -1, -1, 78, 137, 147.0, 9, , 20, 0, 0, 0, , 0, 0, 0, 0, 0, 
209, 0, 231, -1, -1, 279, 52, 148.0, 8, , 6, 0, 0, 0, , 0, 0, 0, 0, 0, 
210, 0, 232, -1, -1, 271, 51, 150.0, 7, , 20, 0, 0, 0, , 0, 0, 0, 0, 0, 
211, 0, 233, -1, -1, 115, 62, 151.0, 7, , 19, 0, 0, 0, , 0, 0, 0, 0, 0, 
212, 0, 234, -1, -1, 178, 39, 152.0, 9, , 10, 0, 0, 0, , 0, 0, 0, 0, 0, 
213, 0, 235, -1, -1, 85, 61, 157.0, 8, , 11, 0, 0, 0, , 0, 0, 0, 0, 0, 
214, 0, 236, -1, -1, 73, 76, 159.0, 11, , 53, 0, 0, 0, , 0, 0, 0, 0, 0, 
215, 0, 237, -1, -1, 154, 163, 161.0, 9, , 8, 0, 0, 0, , 0, 0, 0, 0, 0, 
216, 0, 238, -1, -1, 143, 106, 162.0, 11, , 71, 0, 0, 0, , 0, 0, 0, 0, 0, 
217, 0, 239, -1, -1, 213, 42, 163.0, 8, , 28, 0, 0, 0, , 0, 0, 0, 0, 0, 
218, 0, 240, -1, -1, 77, 71, 163.0, 8, , 19, 0, 0, 0, , 0, 0, 0, 0, 0, 
219, 0, 241, -1, -1, 97, 114, 164.0, 8, , 13, 0, 0, 0, , 0, 0, 0, 0, 0, 
220, 0, 242, -1, -1, 144, 107, 167.0, 8, , 29, 0, 0, 0, , 0, 0, 0, 0, 0, 
221, 0, 243, -1, -1, 244, 66, 169.0, 8, , 5, 0, 0, 0, , 0, 0, 0, 0, 0, 
222, 0, 244, -1, -1, 132, 54, 174.0, 9, , 32, 0, 0, 0, , 0, 0, 0, 0, 0, 
223, 0, 245, -1, -1, 217, 50, 174.0, 8, , 7, 0, 0, 0, , 0, 0, 0, 0, 0, 
224, 0, 246, -1, -1, 239, 48, 172.0, 7, , 9, 0, 0, 0, , 0, 0, 0, 0, 0, 
225, 0, 247, -1, -1, 244, 56, 178.0, 7, , 7, 0, 0, 0, , 0, 0, 0, 0, 0, 
226, 0, 248, -1, -1, 242, 70, 178.0, 9, , 18, 0, 0, 0, , 0, 0, 0, 0, 0, 
227, 0, 249, -1, -1, 127, 49, 185.0, 8, , 18, 0, 0, 0, , 0, 0, 0, 0, 0, 
228, 0, 250, -1, -1, 259, 80, 193.0, 8, , 3, 0, 0, 0, , 0, 0, 0, 0, 0, 
229, 0, 251, -1, -1, 131, 98, 196.0, 7, , 13, 0, 0, 0, , 0, 0, 0, 0, 0, 
230, 0, 252, -1, -1, 245, 80, 199.0, 7, , 12, 0, 0, 0, , 0, 0, 0, 0, 0, 
231, 0, 253, -1, -1, 155, 80, 204.0, 9, , 25, 0, 0, 0, , 0, 0, 0, 0, 0, 
232, 0, 254, -1, -1, 218, 115, 206.0, 8, , 4, 0, 0, 0, , 0, 0, 0, 0, 0, 
233, 0, 255, -1, -1, 159, 83, 207.0, 9, , 19, 0, 0, 0, , 0, 0, 0, 0, 0, 
234, 0, 256, -1, -1, 199, 99, 209.0, 8, , 13, 0, 0, 0, , 0, 0, 0, 0, 0, 
235, 0, 257, -1, -1, 222, 123, 208.0, 8, , 9, 0, 0, 0, , 0, 0, 0, 0, 0, 
236, 0, 258, -1, -1, 78, 105, 176.0, 7, , 41, 0, 0, 0, , 0, 0, 0, 0, 0, 
237, 0, 259, -1, -1, 299, 93, 186.0, 9, , 61, 0, 0, 0, , 0, 0, 0, 0, 0, 
238, 0, -1, -1, -1, 281, 63, 170.0, 8, , 40, 0, 0, 0, , 0, 0, 0, 0, 0, 
239, 0, -1, -1, -1, 95, 73, 175.0, 8, , 13, 0, 0, 0, , 0, 0, 0, 0, 0, 
240, 0, -1, -1, -1, 82, 103, 153.0, 8, , 35, 0, 0, 0, , 0, 0, 0, 0, 0, 
241, 0, -1, -1, -1, 80, 112, 151.0, 9, , 41, 0, 0, 0, , 0, 0, 0, 0, 0, 
242, 0, -1, -1, -1, 49, 111, 87.0, 8, , 96, 0, 0, 0, , 0, 0, 0, 0, 0, 
243, 0, -1, -1, -1, 116, 163, 105.0, 7, , 5, 0, 0, 0, , 0, 0, 0, 0, 0, 
244, 0, -1, -1, -1, 176, 48, 108.0, 9, , 9, 0, 0, 0, , 0, 0, 0, 0, 0, 
245, 0, -1, -1, -1, 115, 165, 116.0, 9, , 36, 0, 0, 0, , 0, 0, 0, 0, 0, 
246, 0, -1, -1, -1, 179, 51, 118.0, 7, , 7, 0, 0, 0, , 0, 0, 0, 0, 0, 
247, 0, -1, -1, -1, 127, 163, 132.0, 7, , 9, 0, 0, 0, , 0, 0, 0, 0, 0, 
248, 0, -1, -1, -1, 99, 171, 134.0, 8, , 9, 0, 0, 0, , 0, 0, 0, 0, 0, 
249, 0, -1, -1, -1, 192, 37, 135.0, 9, , 22, 0, 0, 0, , 0, 0, 0, 0, 0, 
250, 0, -1, -1, -1, 131, 158, 136.0, 7, , 19, 0, 0, 0, , 0, 0, 0, 0, 0, 
251, 0, -1, -1, -1, 275, 50, 137.0, 8, , 7, 0, 0, 0, , 0, 0, 0, 0, 0, 
252, 0, -1, -1, -1, 203, 36, 143.0, 8, , 8, 0, 0, 0, , 0, 0, 0, 0, 0, 
253, 0, -1, -1, -1, 278, 47, 143.0, 7, , 15, 0, 0, 0, , 0, 0, 0, 0, 0, 
254, 0, -1, -1, -1, 125, 160, 144.0, 10, , 12, 0, 0, 0, , 0, 0, 0, 0, 0, 
255, 0, -1, -1, -1, 296, 68, 150.0, 7, , 6, 0, 0, 0, , 0, 0, 0, 0, 0, 
256, 0, -1, -1, -1, 86, 113, 155.0, 8, , 11, 0, 0, 0, , 0, 0, 0, 0, 0, 
257, 0, -1, -1, -1, 121, 111, 164.0, 8, , 11, 0, 0, 0, , 0, 0, 0, 0, 0, 
258, 0, -1, -1, -1, 271, 55, 167.0, 8, , 6, 0, 0, 0, , 0, 0, 0, 0, 0, 
259, 0, -1, -1, -1, 80, 75, 170.0, 7, , 10, 0, 0, 0, , 0, 0, 0, 0, 0, 
260, 0, -1, -1, -1, 109, 54, 174.0, 9, , 39, 0, 0, 0, , 0, 0, 0, 0, 0, 
261, 0, -1, -1, -1, 158, 63, 184.0, 7, , 19, 0, 0, 0, , 0, 0, 0, 0, 0, 
262, 0, -1, -1, -1, 245, 53, 188.0, 9, , 6, 0, 0, 0, , 0, 0, 0, 0, 0, 
263, 0, -1, -1, -1, 273, 96, 189.0, 7, , 15, 0, 0, 0, , 0, 0, 0, 0, 0, 
264, 0, -1, -1, -1, 184, 51, 195.0, 9, , 27, 0, 0, 0, , 0, 0, 0, 0, 0, 
265, 0, -1, -1, -1, 103, 114, 204.0, 11, , 30, 0, 0, 0, , 0, 0, 0, 0, 0, 
266, 0, -1, -1, -1, 141, 103, 210.0, 9, , 47, 0, 0, 0, , 0, 0, 0, 0, 0, 
267, 0, -1, -1, -1, 129, 166, 141.0, 7, , 21, 0, 0, 0, , 0, 0, 0, 0, 0, 
268, 0, -1, -1, -1, 108, 53, 172.0, 9, , 32, 0, 0, 0, , 0, 0, 0, 0, 0, 
269, 0, -1, -1, -1, 194, 55, 185.0, 7, , 16, 0, 0, 0, , 0, 0, 0, 0, 0, 
270, 0, -1, -1, -1, 138, 62, 194.0, 8, , 16, 0, 0, 0, , 0, 0, 0, 0, 0, 
271, 1, 260, 278, -1, 263, 86, 139.0, 20, Eprp, 0, 0, 0, 0, , 0, 0, 0, 0, 0, 
272, 0, 261, -1, -1, 132, 36, 136.0, 17, , 0, 0, 0, 0, , 0, 0, 0, 0, 0, 
273, 1, 262, 280, -1, 155, 83, 200.0, 17, ABarapppp, 0, 0, 0, 0, , 0, 0, 0, 0, 0, 
274, 1, 263, 281, -1, 132, 92, 197.0, 16, ABarapppa, 0, 0, 0, 0, , 0, 0, 0, 0, 0, 
275, 1, 264, 282, -1, 143, 106, 207.0, 17, ABarappaa, 0, 0, 0, 0, , 0, 0, 0, 0, 0, 
276, 1, 265, 283, -1, 168, 101, 210.0, 17, ABarappap, 0, 0, 0, 0, , 0, 0, 0, 0, 0, 
277, 1, 266, 284, -1, 100, 115, 197.0, 17, ABarapaaa, 0, 0, 0, 0, , 0, 0, 0, 0, 0, 
278, 1, 267, 285, -1, 124, 122, 185.0, 15, ABarapaap, 0, 0, 0, 0, , 0, 0, 0, 0, 0, 
279, 1, 268, 286, 287, 145, 129, 204.0, 15, ABarapapa, 0, 0, 0, 0, , 0, 0, 0, 0, 0, 
280, 1, 270, 289, -1, 173, 128, 190.0, 14, ABarapappp, 0, 0, 0, 0, , 0, 0, 0, 0, 0, 
281, 1, 269, 288, -1, 144, 118, 186.0, 14, ABarapappa, 0, 0, 0, 0, , 0, 0, 0, 0, 0, 
282, 1, 271, 290, -1, 83, 108, 151.0, 18, ABaraapaa, 0, 0, 0, 0, , 0, 0, 0, 0, 0, 
283, 1, 272, 291, -1, 107, 127, 143.0, 16, ABaraapap, 0, 0, 0, 0, , 0, 0, 0, 0, 0, 
284, 1, 273, 292, -1, 114, 118, 165.0, 17, ABaraappa, 0, 0, 0, 0, , 0, 0, 0, 0, 0, 
285, 1, 274, 293, 294, 143, 110, 162.0, 17, ABaraappp, 0, 0, 0, 0, , 0, 0, 0, 0, 0, 
286, 1, 275, 295, 296, 75, 102, 177.0, 17, ABaraaapa, 0, 0, 0, 0, , 0, 0, 0, 0, 0, 
287, 1, 276, 297, -1, 105, 95, 195.0, 17, ABaraaapp, 0, 0, 0, 0, , 0, 0, 0, 0, 0, 
288, 1, 277, 298, -1, 59, 106, 163.0, 17, ABaraaaaa, 0, 0, 0, 0, , 0, 0, 0, 0, 0, 
289, 1, 278, 299, -1, 94, 112, 171.0, 16, ABaraaaap, 0, 0, 0, 0, , 0, 0, 0, 0, 0, 
290, 1, 279, 300, -1, 90, 135, 171.0, 17, ABalpaaap, 0, 0, 0, 0, , 0, 0, 0, 0, 0, 
291, 1, 280, 301, -1, 65, 130, 169.0, 17, ABalpaaaa, 0, 0, 0, 0, , 0, 0, 0, 0, 0, 
292, 1, 282, 302, -1, 53, 122, 143.0, 15, ABalpaapaa, 0, 0, 0, 0, , 0, 0, 0, 0, 0, 
293, 1, 281, 303, -1, 81, 139, 142.5, 16, ABalpaapap, 0, 0, 0, 0, , 0, 0, 0, 0, 0, 
294, 1, 283, 304, -1, 78, 158, 128.0, 16, ABalpaapp, 0, 0, 0, 0, , 0, 0, 0, 0, 0, 
295, 1, 285, 305, -1, 104, 146, 183.0, 15, ABalpappaa, 0, 0, 0, 0, , 0, 0, 0, 0, 0, 
296, 1, 284, 306, -1, 134, 151, 180.0, 15, ABalpappap, 0, 0, 0, 0, , 0, 0, 0, 0, 0, 
297, 1, 286, 307, -1, 131, 138, 165.0, 15, ABalpapppa, 0, 0, 0, 0, , 0, 0, 0, 0, 0, 
298, 1, 288, 308, -1, 159, 146, 183.0, 15, ABalpapppp, 0, 0, 0, 0, , 0, 0, 0, 0, 0, 
299, 1, 289, 309, -1, 71, 155, 110.0, 17, ABalppaaa, 0, 0, 0, 0, , 0, 0, 0, 0, 0, 
300, 1, 290, 310, -1, 87, 162, 102.0, 17, ABalppaap, 0, 0, 0, 0, , 0, 0, 0, 0, 0, 
301, 1, 291, 311, -1, 106, 168, 135.0, 17, ABalppapa, 0, 0, 0, 0, , 0, 0, 0, 0, 0, 
302, 1, 292, 312, -1, 127, 164, 139.0, 15, ABalppapp, 0, 0, 0, 0, , 0, 0, 0, 0, 0, 
303, 1, 293, 313, -1, 91, 158, 165.0, 17, ABalpapaa, 0, 0, 0, 0, , 0, 0, 0, 0, 0, 
304, 1, 294, 314, -1, 115, 163, 160.0, 19, ABalpapap, 0, 0, 0, 0, , 0, 0, 0, 0, 0, 
305, 1, 295, 315, -1, 84, 138, 94.0, 19, ABalpppaa, 0, 0, 0, 0, , 0, 0, 0, 0, 0, 
306, 1, 296, 316, -1, 107, 151, 86.0, 17, ABalpppap, 0, 0, 0, 0, , 0, 0, 0, 0, 0, 
307, 1, 297, 317, -1, 147, 128, 81.0, 13, ABalpppppp, 0, 0, 0, 0, , 0, 0, 0, 0, 0, 
308, 1, 298, 318, -1, 120, 138, 61.0, 15, ABalpppppa, 0, 0, 0, 0, , 0, 0, 0, 0, 0, 
309, 1, 299, 319, -1, 108, 128, 88.0, 19, ABalppppa, 0, 0, 0, 0, , 0, 0, 0, 0, 0, 
310, 1, 300, 320, -1, 48, 101, 120.0, 18, ABalaaapa, 0, 0, 0, 0, , 0, 0, 0, 0, 0, 
311, 1, 301, 321, -1, 64, 77, 138.0, 16, ABalaaapp, 0, 0, 0, 0, , 0, 0, 0, 0, 0, 
312, 1, 302, 322, -1, 74, 75, 166.0, 17, ABalaapaa, 0, 0, 0, 0, , 0, 0, 0, 0, 0, 
313, 0, 303, -1, -1, 85, 78, 171.06667, 16, , 0, 0, 0, 0, , 0, 0, 0, 0, 0, 
314, 1, 304, 324, -1, 93, 71, 178.0, 17, ABalaapap, 0, 0, 0, 0, , 0, 0, 0, 0, 0, 
315, 1, 305, 325, -1, 47, 105, 145.0, 19, ABalaaaar, 0, 0, 0, 0, , 0, 0, 0, 0, 0, 
316, 1, 306, 326, -1, 56, 128, 124.0, 19, ABalaaaal, 0, 0, 0, 0, , 0, 0, 0, 0, 0, 
317, 1, 307, 327, -1, 102, 52, 134.0, 18, ABalaappp, 0, 0, 0, 0, , 0, 0, 0, 0, 0, 
318, 1, 308, 328, -1, 87, 63, 148.0, 17, ABalaappa, 0, 0, 0, 0, , 0, 0, 0, 0, 0, 
319, 1, 309, 329, -1, 85, 117, 95.0, 19, ABalapaap, 0, 0, 0, 0, , 0, 0, 0, 0, 0, 
320, 1, 310, 330, -1, 69, 101, 102.0, 19, ABalapaaa, 0, 0, 0, 0, , 0, 0, 0, 0, 0, 
321, 1, 311, 331, -1, 91, 92, 87.0, 19, ABalapapa, 0, 0, 0, 0, , 0, 0, 0, 0, 0, 
322, 1, 312, 332, -1, 119, 107, 83.0, 18, ABalapapp, 0, 0, 0, 0, , 0, 0, 0, 0, 0, 
323, 1, 313, 333, -1, 66, 80, 116.0, 15, ABalappaa, 0, 0, 0, 0, , 0, 0, 0, 0, 0, 
324, 1, 314, 334, -1, 82, 70, 116.0, 16, ABalappap, 0, 0, 0, 0, , 0, 0, 0, 0, 0, 
325, 1, 315, 335, -1, 105, 60, 110.0, 14, ABalapppa, 0, 0, 0, 0, , 0, 0, 0, 0, 0, 
326, 1, 316, 336, -1, 138, 59, 114.0, 16, ABalapppp, 0, 0, 0, 0, , 0, 0, 0, 0, 0, 
327, 1, 317, 337, 340, 148, 45, 154.0, 17, ABpraaapp, 0, 0, 0, 0, , 0, 0, 0, 0, 0, 
328, 1, 318, 338, -1, 106, 55, 169.0, 16, ABpraaaaa, 0, 0, 0, 0, , 0, 0, 0, 0, 0, 
329, 1, 319, 339, -1, 126, 54, 178.0, 19, ABpraaaap, 0, 0, 0, 0, , 0, 0, 0, 0, 0, 
330, 1, 320, 341, 342, 210, 47, 168.0, 10, ABpraappp, 0, 0, 0, 0, , 0, 0, 0, 0, 0, 
331, 1, 321, 343, -1, 183, 36, 158.0, 17, ABpraappa, 0, 0, 0, 0, , 0, 0, 0, 0, 0, 
332, 1, 322, 344, -1, 245, 50, 175.0, 19, ABprappaa, 0, 0, 0, 0, , 0, 0, 0, 0, 0, 
333, 1, 323, 345, -1, 276, 58, 168.0, 15, ABprappap, 0, 0, 0, 0, , 0, 0, 0, 0, 0, 
334, 1, 324, 346, -1, 281, 78, 172.66667, 16, ABprapppa, 0, 0, 0, 0, , 0, 0, 0, 0, 0, 
335, 1, 325, 347, -1, 198, 32, 136.0, 14, ABprapaaa, 0, 0, 0, 0, , 0, 0, 0, 0, 0, 
336, 1, 326, 348, -1, 231, 40, 147.0, 19, ABprapaap, 0, 0, 0, 0, , 0, 0, 0, 0, 0, 
337, 1, 327, 349, -1, 271, 49, 149.33333, 17, ABprapapa, 0, 0, 0, 0, , 0, 0, 0, 0, 0, 
338, 1, 328, 350, -1, 305, 73, 150.0, 16, ABprapapp, 0, 0, 0, 0, , 0, 0, 0, 0, 0, 
339, 1, 329, 351, -1, 167, 167, 115.0, 15, ABplppaaa, 0, 0, 0, 0, , 0, 0, 0, 0, 0, 
340, 1, 330, 352, -1, 190, 172, 119.0, 17, ABplppaap, 0, 0, 0, 0, , 0, 0, 0, 0, 0, 
341, 1, 331, 353, -1, 195, 167, 103.0, 14, ABplppapa, 0, 0, 0, 0, , 0, 0, 0, 0, 0, 
342, 1, 332, 354, -1, 226, 162, 116.0, 15, ABplppapp, 0, 0, 0, 0, , 0, 0, 0, 0, 0, 
343, 1, 333, 355, -1, 222, 176, 118.0, 15, ABplpppaa, 0, 0, 0, 0, , 0, 0, 0, 0, 0, 
344, 1, 334, 356, -1, 247, 171, 132.0, 17, ABplpppap, 0, 0, 0, 0, , 0, 0, 0, 0, 0, 
345, 1, 335, 357, -1, 206, 164, 140.0, 14, ABplppppa, 0, 0, 0, 0, , 0, 0, 0, 0, 0, 
346, 1, 336, 358, -1, 231, 170, 160.0, 17, ABplppppp, 0, 0, 0, 0, , 0, 0, 0, 0, 0, 
347, 1, 337, 359, -1, 174, 180, 142.0, 16, ABplpapap, 0, 0, 0, 0, , 0, 0, 0, 0, 0, 
348, 1, 338, 360, -1, 116, 164, 105.4, 17, ABplpaaaa, 0, 0, 0, 0, , 0, 0, 0, 0, 0, 
349, 1, 339, 361, -1, 140, 174, 101.75, 17, ABplpaaap, 0, 0, 0, 0, , 0, 0, 0, 0, 0, 
350, 1, 340, 362, -1, 139, 161, 83.0, 19, ABplpaapa, 0, 0, 0, 0, , 0, 0, 0, 0, 0, 
351, 1, 341, 363, -1, 170, 167, 92.0, 19, ABplpaapp, 0, 0, 0, 0, , 0, 0, 0, 0, 0, 
352, 1, 342, 364, -1, 155, 171, 128.0, 15, ABplpapaa, 0, 0, 0, 0, , 0, 0, 0, 0, 0, 
353, 1, 344, 366, -1, 181, 168, 159.0, 15, ABplpappap, 0, 0, 0, 0, , 0, 0, 0, 0, 0, 
354, 1, 343, 365, -1, 152, 163, 156.0, 17, ABplpappaa, 0, 0, 0, 0, , 0, 0, 0, 0, 0, 
355, 1, 345, 367, -1, 196, 172, 164.0, 17, ABplpappp, 0, 0, 0, 0, , 0, 0, 0, 0, 0, 
356, 1, 346, 368, -1, 169, 34, 136.0, 14, ABpraapap, 0, 0, 0, 0, , 0, 0, 0, 0, 0, 
357, 1, 347, 369, -1, 138, 68, 190.0, 16, ABprpaaaa, 0, 0, 0, 0, , 0, 0, 0, 0, 0, 
358, 1, 348, 370, -1, 160, 61, 189.85715, 17, ABprpaaap, 0, 0, 0, 0, , 0, 0, 0, 0, 0, 
359, 1, 349, 371, -1, 164, 49, 178.625, 18, ABprpaapa, 0, 0, 0, 0, , 0, 0, 0, 0, 0, 
360, 1, 350, 372, -1, 187, 52, 185.0, 15, ABprpaapp, 0, 0, 0, 0, , 0, 0, 0, 0, 0, 
361, 1, 351, 373, -1, 182, 91, 195.2, 18, ABprpapaa, 0, 0, 0, 0, , 0, 0, 0, 0, 0, 
362, 1, 352, 374, -1, 202, 94, 204.0, 16, ABprpapap, 0, 0, 0, 0, , 0, 0, 0, 0, 0, 
363, 1, 353, 375, -1, 194, 112, 196.0, 17, ABprpappa, 0, 0, 0, 0, , 0, 0, 0, 0, 0, 
364, 1, 354, 376, -1, 222, 120, 207.0, 16, ABprpappp, 0, 0, 0, 0, , 0, 0, 0, 0, 0, 
365, 1, 355, 377, -1, 193, 69, 196.0, 14, ABprppaaa, 0, 0, 0, 0, , 0, 0, 0, 0, 0, 
366, 1, 356, 378, -1, 212, 78, 193.0, 15, ABprppaap, 0, 0, 0, 0, , 0, 0, 0, 0, 0, 
367, 1, 357, 379, -1, 228, 69, 193.0, 16, ABprppapa, 0, 0, 0, 0, , 0, 0, 0, 0, 0, 
368, 1, 358, 380, -1, 246, 72, 174.0, 14, ABprppapp, 0, 0, 0, 0, , 0, 0, 0, 0, 0, 
369, 1, 359, 381, -1, 253, 84, 194.0, 16, ABprpppaa, 0, 0, 0, 0, , 0, 0, 0, 0, 0, 
370, 1, 360, 382, -1, 275, 91, 190.0, 14, ABprpppap, 0, 0, 0, 0, , 0, 0, 0, 0, 0, 
371, 1, 361, 383, -1, 236, 97, 198.88889, 16, ABprppppa, 0, 0, 0, 0, , 0, 0, 0, 0, 0, 
372, 1, 362, 384, -1, 257, 114, 197.3077, 18, ABprppppp, 0, 0, 0, 0, , 0, 0, 0, 0, 0, 
373, 1, 363, 385, -1, 69, 100, 129.0, 19, MSaaaaa, 0, 0, 0, 0, , 0, 0, 0, 0, 0, 
374, 1, 364, 386, -1, 107, 93, 107.5, 16, MSaaaap, 0, 0, 0, 0, , 0, 0, 0, 0, 0, 
375, 1, 365, 387, -1, 142, 116, 127.0, 15, MSaaapp, 0, 0, 0, 0, , 0, 0, 0, 0, 0, 
376, 1, 366, 388, -1, 110, 107, 123.0, 19, MSaaapa, 0, 0, 0, 0, , 0, 0, 0, 0, 0, 
377, 1, 367, 389, -1, 171, 143, 157.0, 16, MSaapap, 0, 0, 0, 0, , 0, 0, 0, 0, 0, 
378, 1, 368, 390, -1, 143, 132, 139.0, 14, MSaapaa, 0, 0, 0, 0, , 0, 0, 0, 0, 0, 
379, 1, 369, 391, -1, 206, 145, 158.0, 16, MSaappp, 0, 0, 0, 0, , 0, 0, 0, 0, 0, 
380, 1, 370, 392, -1, 287, 125, 166.0, 15, Cppap, 0, 0, 0, 0, , 0, 0, 0, 0, 0, 
381, 1, 371, 393, -1, 221, 69, 135.0, 17, Epra, 0, 0, 0, 0, , 0, 0, 0, 0, 0, 
382, 1, 372, 394, -1, 187, 113, 109.0, 19, Ealp, 0, 0, 0, 0, , 0, 0, 0, 0, 0, 
383, 1, 373, 395, -1, 149, 101, 97.0, 21, Eala, 0, 0, 0, 0, , 0, 0, 0, 0, 0, 
384, 1, 374, 396, -1, 163, 75, 118.0, 19, Eara, 0, 0, 0, 0, , 0, 0, 0, 0, 0, 
385, 1, 375, 397, -1, 188, 86, 138.0, 19, Earp, 0, 0, 0, 0, , 0, 0, 0, 0, 0, 
386, 1, 376, 398, -1, 221, 98, 95.0, 20, Epla, 0, 0, 0, 0, , 0, 0, 0, 0, 0, 
387, 1, 377, 399, -1, 266, 110, 116.0, 19, Eplp, 0, 0, 0, 0, , 0, 0, 0, 0, 0, 
388, 1, 378, 400, -1, 262, 100, 85.0, 17, Caaaa, 0, 0, 0, 0, , 0, 0, 0, 0, 0, 
389, 1, 379, 401, -1, 301, 128, 102.0, 17, Caaap, 0, 0, 0, 0, , 0, 0, 0, 0, 0, 
390, 1, 380, 402, -1, 330, 135, 110.0, 15, Caapa, 0, 0, 0, 0, , 0, 0, 0, 0, 0, 
391, 1, 381, 403, -1, 318, 151, 132.0, 17, Caapp, 0, 0, 0, 0, , 0, 0, 0, 0, 0, 
392, 1, 382, 404, -1, 238, 155, 151.0, 17, Capaa, 0, 0, 0, 0, , 0, 0, 0, 0, 0, 
393, 1, 383, 405, -1, 271, 146, 152.0, 17, Capap, 0, 0, 0, 0, , 0, 0, 0, 0, 0, 
394, 1, 384, 406, -1, 277, 148, 125.0, 17, Cappa, 0, 0, 0, 0, , 0, 0, 0, 0, 0, 
395, 1, 385, 407, -1, 299, 146, 147.0, 17, Cappp, 0, 0, 0, 0, , 0, 0, 0, 0, 0, 
396, 1, 386, 408, -1, 248, 68, 91.0, 17, Cpaaa, 0, 0, 0, 0, , 0, 0, 0, 0, 0, 
397, 1, 387, 409, -1, 293, 88, 107.0, 17, Cpaap, 0, 0, 0, 0, , 0, 0, 0, 0, 0, 
398, 1, 388, 410, -1, 322, 105, 131.0, 17, Cpapa, 0, 0, 0, 0, , 0, 0, 0, 0, 0, 
399, 1, 389, 411, -1, 329, 121, 148.0, 15, Cpapp, 0, 0, 0, 0, , 0, 0, 0, 0, 0, 
400, 1, 390, 412, -1, 251, 119, 183.0, 15, Cppaa, 0, 0, 0, 0, , 0, 0, 0, 0, 0, 
401, 1, 391, 413, -1, 299, 96, 156.0, 17, Cpppa, 0, 0, 0, 0, , 0, 0, 0, 0, 0, 
402, 1, 392, 414, -1, 307, 124, 154.0, 17, Cpppp, 0, 0, 0, 0, , 0, 0, 0, 0, 0, 
403, 1, 393, 415, -1, 209, 137, 132.0, 16, Daa, 0, 0, 0, 0, , 0, 0, 0, 0, 0, 
404, 1, 395, 416, -1, 222, 100, 170.0, 16, Dpa, 0, 0, 0, 0, , 0, 0, 0, 0, 0, 
405, 1, 396, 417, -1, 234, 104, 137.0, 18, Z2, 0, 0, 0, 0, , 0, 0, 0, 0, 0, 
406, 1, 397, 418, -1, 198, 114, 143.0, 16, Z3, 0, 0, 0, 0, , 0, 0, 0, 0, 0, 
407, 1, 398, 419, -1, 92, 72, 81.0, 14, ABarpaaaa, 0, 0, 0, 0, , 0, 0, 0, 0, 0, 
408, 1, 399, 420, -1, 112, 71, 77.0, 16, ABarpaaap, 0, 0, 0, 0, , 0, 0, 0, 0, 0, 
409, 1, 401, 422, -1, 159, 66, 88.0, 13, ABarpaapap, 0, 0, 0, 0, , 0, 0, 0, 0, 0, 
410, 1, 400, 421, -1, 131, 72, 88.0, 15, ABarpaapaa, 0, 0, 0, 0, , 0, 0, 0, 0, 0, 
411, 1, 403, 423, -1, 178, 60, 83.0, 14, ABarpaappa, 0, 0, 0, 0, , 0, 0, 0, 0, 0, 
412, 1, 402, 424, -1, 214, 66, 88.0, 15, ABarpaappp, 0, 0, 0, 0, , 0, 0, 0, 0, 0, 
413, 1, 404, 425, -1, 116, 49, 92.0, 15, ABarpapaa, 0, 0, 0, 0, , 0, 0, 0, 0, 0, 
414, 1, 405, 426, -1, 141, 45, 96.0, 15, ABarpapap, 0, 0, 0, 0, , 0, 0, 0, 0, 0, 
415, 1, 406, 427, -1, 157, 37, 105.0, 14, ABarpappa, 0, 0, 0, 0, , 0, 0, 0, 0, 0, 
416, 1, 407, 428, -1, 227, 45, 112.0, 17, ABarpppap, 0, 0, 0, 0, , 0, 0, 0, 0, 0, 
417, 1, 408, 429, -1, 218, 95, 71.0, 16, ABarppaap, 0, 0, 0, 0, , 0, 0, 0, 0, 0, 
418, 1, 409, 430, -1, 191, 85, 68.0, 17, ABarppaaa, 0, 0, 0, 0, , 0, 0, 0, 0, 0, 
419, 1, 410, 431, -1, 227, 117, 67.0, 19, ABarppapa, 0, 0, 0, 0, , 0, 0, 0, 0, 0, 
420, 1, 411, 432, -1, 257, 124, 93.0, 19, ABarppapp, 0, 0, 0, 0, , 0, 0, 0, 0, 0, 
421, 1, 412, 433, -1, 204, 41, 105.0, 16, ABarpppaa, 0, 0, 0, 0, , 0, 0, 0, 0, 0, 
422, 1, 413, 434, -1, 180, 47, 116.0, 17, ABarpappp, 0, 0, 0, 0, , 0, 0, 0, 0, 0, 
423, 1, 414, 435, -1, 247, 44, 126.0, 18, ABarppppa, 0, 0, 0, 0, , 0, 0, 0, 0, 0, 
424, 1, 415, 436, -1, 272, 62, 118.0, 18, ABarppppp, 0, 0, 0, 0, , 0, 0, 0, 0, 0, 
425, 1, 416, 437, -1, 97, 93, 64.0, 17, ABplaaaaa, 0, 0, 0, 0, , 0, 0, 0, 0, 0, 
426, 1, 417, 438, -1, 134, 82, 67.0, 17, ABplaaaap, 0, 0, 0, 0, , 0, 0, 0, 0, 0, 
427, 1, 418, 439, -1, 156, 93, 59.0, 17, ABplaaapa, 0, 0, 0, 0, , 0, 0, 0, 0, 0, 
428, 1, 419, 440, -1, 184, 104, 63.0, 17, ABplaaapp, 0, 0, 0, 0, , 0, 0, 0, 0, 0, 
429, 1, 420, 441, -1, 98, 118, 59.0, 17, ABplaapaa, 0, 0, 0, 0, , 0, 0, 0, 0, 0, 
430, 1, 421, 442, -1, 136, 116, 55.0, 17, ABplaapap, 0, 0, 0, 0, , 0, 0, 0, 0, 0, 
431, 1, 423, 453, -1, 205, 151, 79.0, 17, ABplaapppp, 0, 0, 0, 0, , 0, 0, 0, 0, 0, 
432, 1, 424, 443, -1, 150, 143, 57.0, 17, ABplaappa, 0, 0, 0, 0, , 0, 0, 0, 0, 0, 
433, 1, 425, 444, -1, 172, 125, 59.0, 17, ABplapaaa, 0, 0, 0, 0, , 0, 0, 0, 0, 0, 
434, 1, 426, 445, -1, 202, 129, 70.0, 17, ABplapaap, 0, 0, 0, 0, , 0, 0, 0, 0, 0, 
435, 1, 427, 446, -1, 250, 134, 73.0, 16, ABplapapa, 0, 0, 0, 0, , 0, 0, 0, 0, 0, 
436, 1, 428, 447, -1, 271, 154, 98.0, 17, ABplapapp, 0, 0, 0, 0, , 0, 0, 0, 0, 0, 
437, 1, 429, 448, -1, 225, 157, 80.0, 19, ABplappaa, 0, 0, 0, 0, , 0, 0, 0, 0, 0, 
438, 1, 430, 449, -1, 246, 160, 85.0, 19, ABplappap, 0, 0, 0, 0, , 0, 0, 0, 0, 0, 
439, 1, 431, 450, -1, 247, 165, 112.0, 17, ABplapppa, 0, 0, 0, 0, , 0, 0, 0, 0, 0, 
440, 1, 432, 451, -1, 277, 171, 115.0, 17, ABplapppp, 0, 0, 0, 0, , 0, 0, 0, 0, 0, 
441, 1, 422, 452, -1, 168, 147, 72.0, 17, ABplaapppa, 0, 0, 0, 0, , 0, 0, 0, 0, 0, 
442, 1, 433, 454, -1, 188, 155, 172.0, 16, MSaappa, 0, 0, 0, 0, , 0, 0, 0, 0, 0, 
443, 1, 434, 455, -1, 94, 140, 118.0, 16, MSapaaa, 0, 0, 0, 0, , 0, 0, 0, 0, 0, 
444, 1, 435, 456, -1, 124, 137, 118.0, 16, MSapaap, 0, 0, 0, 0, , 0, 0, 0, 0, 0, 
445, 1, 436, 457, -1, 140, 137, 106.0, 16, MSapapa, 0, 0, 0, 0, , 0, 0, 0, 0, 0, 
446, 1, 437, 458, -1, 164, 134, 97.0, 16, MSapapp, 0, 0, 0, 0, , 0, 0, 0, 0, 0, 
447, 1, 438, 459, -1, 155, 144, 122.0, 16, MSappaa, 0, 0, 0, 0, , 0, 0, 0, 0, 0, 
448, 1, 439, 460, -1, 183, 150, 132.0, 15, MSappap, 0, 0, 0, 0, , 0, 0, 0, 0, 0, 
449, 1, 440, 461, -1, 177, 148, 111.0, 14, MSapppa, 0, 0, 0, 0, , 0, 0, 0, 0, 0, 
450, 1, 441, 462, -1, 205, 129, 106.0, 14, MSapppp, 0, 0, 0, 0, , 0, 0, 0, 0, 0, 
451, 1, 442, 463, -1, 101, 85, 155.0, 15, MSpaaaa, 0, 0, 0, 0, , 0, 0, 0, 0, 0, 
452, 1, 443, 464, -1, 135, 69, 138.0, 15, MSpaaap, 0, 0, 0, 0, , 0, 0, 0, 0, 0, 
453, 1, 444, 465, -1, 132, 89, 145.0, 15, MSpaapa, 0, 0, 0, 0, , 0, 0, 0, 0, 0, 
454, 1, 445, 466, -1, 150, 104, 138.0, 15, MSpaapp, 0, 0, 0, 0, , 0, 0, 0, 0, 0, 
455, 1, 446, 467, -1, 167, 118, 158.0, 16, MSpapaa, 0, 0, 0, 0, , 0, 0, 0, 0, 0, 
456, 1, 447, 468, -1, 192, 125, 172.0, 16, MSpapap, 0, 0, 0, 0, , 0, 0, 0, 0, 0, 
457, 1, 448, 469, -1, 201, 138, 188.0, 14, MSpappa, 0, 0, 0, 0, , 0, 0, 0, 0, 0, 
458, 1, 449, 470, -1, 216, 129, 173.0, 16, MSpappp, 0, 0, 0, 0, , 0, 0, 0, 0, 0, 
459, 1, 450, 471, -1, 141, 86, 173.0, 14, MSppaap, 0, 0, 0, 0, , 0, 0, 0, 0, 0, 
460, 1, 451, 472, -1, 115, 83, 174.0, 14, MSppaaa, 0, 0, 0, 0, , 0, 0, 0, 0, 0, 
461, 1, 452, 473, -1, 154, 74, 156.0, 14, MSppapa, 0, 0, 0, 0, , 0, 0, 0, 0, 0, 
462, 1, 453, 474, -1, 175, 58, 149.0, 15, MSppapp, 0, 0, 0, 0, , 0, 0, 0, 0, 0, 
463, 1, 454, 475, -1, 162, 93, 174.0, 14, MSpppaa, 0, 0, 0, 0, , 0, 0, 0, 0, 0, 
464, 1, 455, 476, -1, 190, 98, 173.0, 16, MSpppap, 0, 0, 0, 0, , 0, 0, 0, 0, 0, 
465, 1, 456, 477, -1, 187, 71, 162.0, 14, MSppppa, 0, 0, 0, 0, , 0, 0, 0, 0, 0, 
466, 1, 457, 478, -1, 211, 78, 162.0, 15, MSppppp, 0, 0, 0, 0, , 0, 0, 0, 0, 0, 
467, 1, 458, 479, -1, 113, 57, 153.0, 17, ABpraaapa, 0, 0, 0, 0, , 0, 0, 0, 0, 0, 
468, 1, 459, 480, -1, 229, 132, 123.0, 16, Dapa, 0, 0, 0, 0, , 0, 0, 0, 0, 0, 
469, 1, 394, 481, -1, 264, 139, 129.0, 16, Dapp, 0, 0, 0, 0, , 0, 0, 0, 0, 0, 
470, 1, 460, 482, -1, 247, 96, 164.0, 16, Dppa, 0, 0, 0, 0, , 0, 0, 0, 0, 0, 
471, 1, 461, 483, -1, 283, 109, 151.0, 16, Dppp, 0, 0, 0, 0, , 0, 0, 0, 0, 0, 
472, 1, 462, 484, -1, 130, 37, 136.0, 14, ABpraapaa, 0, 0, 0, 0, , 0, 0, 0, 0, 0, 
473, 1, 463, 485, -1, 301, 93, 180.0, 19, ABprapppp, 0, 0, 0, 0, , 0, 0, 0, 0, 0, 
