1, 0, 1, -1, -1, 50, 111, 81.0, 9, , 122, 0, 0, 0, , 0, 0, 0, 0, 0, 
2, 0, 2, -1, -1, 160, 50, 172.0, 9, , 63, 0, 0, 0, , 0, 0, 0, 0, 0, 
3, 0, 4, -1, -1, 49, 107, 90.0, 9, , 30, 0, 0, 0, , 0, 0, 0, 0, 0, 
4, 0, 5, -1, -1, 107, 57, 166.0, 8, , 63, 0, 0, 0, , 0, 0, 0, 0, 0, 
5, 0, 6, -1, -1, 96, 107, 201.0, 9, , 58, 0, 0, 0, , 0, 0, 0, 0, 0, 
6, 0, 7, -1, -1, 153, 106, 133.0, 9, , 50, 0, 0, 0, , 0, 0, 0, 0, 0, 
7, 0, 8, -1, -1, 187, 57, 182.0, 8, , 20, 0, 0, 0, , 0, 0, 0, 0, 0, 
8, 0, 9, -1, -1, 103, 53, 162.0, 9, , 44, 0, 0, 0, , 0, 0, 0, 0, 0, 
9, 0, 10, -1, -1, 196, 97, 203.0, 9, , 7, 0, 0, 0, , 0, 0, 0, 0, 0, 
10, 0, 11, -1, -1, 91, 108, 196.0, 8, , 20, 0, 0, 0, , 0, 0, 0, 0, 0, 
11, 0, 12, -1, -1, 228, 71, 187.0, 9, , 37, 0, 0, 0, , 0, 0, 0, 0, 0, 
12, 0, 13, -1, -1, 214, 80, 202.0, 8, , 46, 0, 0, 0, , 0, 0, 0, 0, 0, 
13, 0, 14, -1, -1, 126, 120, 191.0, 11, , 115, 0, 0, 0, , 0, 0, 0, 0, 0, 
14, 0, 15, -1, -1, 196, 68, 199.0, 7, , 22, 0, 0, 0, , 0, 0, 0, 0, 0, 
15, 0, 16, -1, -1, 191, 72, 191.0, 9, , 26, 0, 0, 0, , 0, 0, 0, 0, 0, 
16, 0, 17, -1, -1, 183, 40, 163.0, 8, , 10, 0, 0, 0, , 0, 0, 0, 0, 0, 
17, 0, 18, -1, -1, 155, 45, 175.0, 7, , 22, 0, 0, 0, , 0, 0, 0, 0, 0, 
18, 0, 19, -1, -1, 263, 116, 193.0, 8, , 15, 0, 0, 0, , 0, 0, 0, 0, 0, 
19, 0, 20, -1, -1, 81, 61, 143.0, 8, , 5, 0, 0, 0, , 0, 0, 0, 0, 0, 
20, 0, 21, -1, -1, 156, 133, 200.0, 11, , 66, 0, 0, 0, , 0, 0, 0, 0, 0, 
21, 0, 22, -1, -1, 97, 112, 170.0, 8, , 11, 0, 0, 0, , 0, 0, 0, 0, 0, 
22, 0, 23, -1, -1, 255, 83, 191.0, 8, , 4, 0, 0, 0, , 0, 0, 0, 0, 0, 
23, 0, 24, -1, -1, 140, 125, 201.0, 9, , 64, 0, 0, 0, , 0, 0, 0, 0, 0, 
24, 0, 25, -1, -1, 193, 34, 139.0, 8, , 36, 0, 0, 0, , 0, 0, 0, 0, 0, 
25, 0, 26, -1, -1, 211, 77, 205.0, 9, , 24, 0, 0, 0, , 0, 0, 0, 0, 0, 
26, 0, 27, -1, -1, 220, 75, 189.0, 8, , 20, 0, 0, 0, , 0, 0, 0, 0, 0, 
27, 0, 28, -1, -1, 98, 55, 168.0, 11, , 39, 0, 0, 0, , 0, 0, 0, 0, 0, 
28, 0, 29, -1, -1, 141, 125, 204.0, 8, , 20, 0, 0, 0, , 0, 0, 0, 0, 0, 
29, 0, 30, -1, -1, 187, 68, 202.0, 9, , 28, 0, 0, 0, , 0, 0, 0, 0, 0, 
30, 0, 31, -1, -1, 282, 60, 166.0, 8, , 11, 0, 0, 0, , 0, 0, 0, 0, 0, 
31, 0, 32, -1, -1, 150, 127, 203.0, 8, , 21, 0, 0, 0, , 0, 0, 0, 0, 0, 
32, 0, 33, -1, -1, 196, 67, 196.0, 7, , 19, 0, 0, 0, , 0, 0, 0, 0, 0, 
33, 0, 34, -1, -1, 152, 77, 193.0, 9, , 12, 0, 0, 0, , 0, 0, 0, 0, 0, 
34, 0, 35, -1, -1, 141, 110, 202.0, 9, , 24, 0, 0, 0, , 0, 0, 0, 0, 0, 
35, 0, 37, -1, -1, 60, 79, 143.0, 8, , 5, 0, 0, 0, , 0, 0, 0, 0, 0, 
36, 0, 38, -1, -1, 88, 60, 147.0, 8, , 21, 0, 0, 0, , 0, 0, 0, 0, 0, 
37, 0, 40, -1, -1, 131, 70, 191.0, 8, , 5, 0, 0, 0, , 0, 0, 0, 0, 0, 
38, 0, 41, -1, -1, 90, 110, 193.0, 9, , 43, 0, 0, 0, , 0, 0, 0, 0, 0, 
39, 0, 42, -1, -1, 125, 119, 185.0, 8, , 32, 0, 0, 0, , 0, 0, 0, 0, 0, 
40, 0, 43, -1, -1, 181, 55, 189.0, 9, , 19, 0, 0, 0, , 0, 0, 0, 0, 0, 
41, 0, 45, -1, -1, 133, 88, 199.0, 9, , 33, 0, 0, 0, , 0, 0, 0, 0, 0, 
42, 0, 46, -1, -1, 133, 92, 203.0, 8, , 15, 0, 0, 0, , 0, 0, 0, 0, 0, 
43, 0, 47, -1, -1, 145, 102, 200.0, 9, , 25, 0, 0, 0, , 0, 0, 0, 0, 0, 
44, 0, 48, -1, -1, 103, 60, 171.0, 8, , 16, 0, 0, 0, , 0, 0, 0, 0, 0, 
45, 0, 49, -1, -1, 270, 87, 193.0, 9, , 11, 0, 0, 0, , 0, 0, 0, 0, 0, 
46, 0, 50, -1, -1, 228, 95, 199.0, 8, , 18, 0, 0, 0, , 0, 0, 0, 0, 0, 
47, 0, 51, -1, -1, 127, 86, 197.0, 8, , 4, 0, 0, 0, , 0, 0, 0, 0, 0, 
48, 0, 52, -1, -1, 188, 107, 198.0, 8, , 49, 0, 0, 0, , 0, 0, 0, 0, 0, 
49, 0, 53, -1, -1, 128, 39, 140.0, 8, , 13, 0, 0, 0, , 0, 0, 0, 0, 0, 
50, 0, 54, -1, -1, 290, 76, 174.0, 8, , 10, 0, 0, 0, , 0, 0, 0, 0, 0, 
51, 0, 55, -1, -1, 258, 83, 188.0, 9, , 23, 0, 0, 0, , 0, 0, 0, 0, 0, 
52, 0, 56, -1, -1, 102, 116, 196.0, 9, , 45, 0, 0, 0, , 0, 0, 0, 0, 0, 
53, 0, 57, -1, -1, 139, 127, 207.0, 9, , 24, 0, 0, 0, , 0, 0, 0, 0, 0, 
54, 0, 58, -1, -1, 238, 46, 144.0, 7, , 18, 0, 0, 0, , 0, 0, 0, 0, 0, 
55, 0, 59, -1, -1, 157, 79, 200.0, 8, , 37, 0, 0, 0, , 0, 0, 0, 0, 0, 
56, 0, 61, -1, -1, 70, 100, 165.0, 8, , 19, 0, 0, 0, , 0, 0, 0, 0, 0, 
57, 0, 62, -1, -1, 163, 62, 186.0, 9, , 21, 0, 0, 0, , 0, 0, 0, 0, 0, 
58, 0, 63, -1, -1, 165, 59, 189.0, 8, , 25, 0, 0, 0, , 0, 0, 0, 0, 0, 
59, 0, 64, -1, -1, 140, 63, 188.0, 11, , 30, 0, 0, 0, , 0, 0, 0, 0, 0, 
60, 0, 65, -1, -1, 104, 111, 201.0, 9, , 30, 0, 0, 0, , 0, 0, 0, 0, 0, 
61, 0, 66, -1, -1, 112, 58, 156.0, 8, , 6, 0, 0, 0, , 0, 0, 0, 0, 0, 
62, 0, 67, -1, -1, 299, 69, 149.0, 8, , 12, 0, 0, 0, , 0, 0, 0, 0, 0, 
63, 0, 69, -1, -1, 93, 71, 180.0, 7, , 8, 0, 0, 0, , 0, 0, 0, 0, 0, 
64, 0, 70, -1, -1, 129, 55, 172.0, 9, , 13, 0, 0, 0, , 0, 0, 0, 0, 0, 
65, 0, 71, -1, -1, 225, 68, 183.0, 9, , 23, 0, 0, 0, , 0, 0, 0, 0, 0, 
66, 0, 72, -1, -1, 286, 75, 179.0, 7, , 18, 0, 0, 0, , 0, 0, 0, 0, 0, 
67, 0, 73, -1, -1, 183, 55, 185.0, 8, , 16, 0, 0, 0, , 0, 0, 0, 0, 0, 
68, 0, 74, -1, -1, 155, 47, 182.0, 7, , 10, 0, 0, 0, , 0, 0, 0, 0, 0, 
69, 0, 75, -1, -1, 119, 129, 192.0, 7, , 34, 0, 0, 0, , 0, 0, 0, 0, 0, 
70, 0, 76, -1, -1, 190, 72, 193.0, 9, , 43, 0, 0, 0, , 0, 0, 0, 0, 0, 
71, 0, 77, -1, -1, 187, 113, 196.0, 7, , 7, 0, 0, 0, , 0, 0, 0, 0, 0, 
72, 0, 78, -1, -1, 149, 108, 210.0, 7, , 25, 0, 0, 0, , 0, 0, 0, 0, 0, 
73, 0, 80, -1, -1, 67, 100, 172.0, 8, , 23, 0, 0, 0, , 0, 0, 0, 0, 0, 
74, 0, 81, -1, -1, 85, 68, 180.0, 9, , 8, 0, 0, 0, , 0, 0, 0, 0, 0, 
75, 0, 82, -1, -1, 144, 101, 205.0, 9, , 22, 0, 0, 0, , 0, 0, 0, 0, 0, 
76, 0, 83, -1, -1, 85, 72, 181.0, 7, , 15, 0, 0, 0, , 0, 0, 0, 0, 0, 
77, 0, 84, -1, -1, 155, 106, 138.0, 9, , 10, 0, 0, 0, , 0, 0, 0, 0, 0, 
78, 0, 85, -1, -1, 107, 131, 148.0, 8, , 89, 0, 0, 0, , 0, 0, 0, 0, 0, 
79, 0, 86, -1, -1, 124, 121, 182.0, 8, , 39, 0, 0, 0, , 0, 0, 0, 0, 0, 
80, 0, 87, -1, -1, 279, 89, 190.0, 8, , 12, 0, 0, 0, , 0, 0, 0, 0, 0, 
81, 0, 88, -1, -1, 160, 46, 148.0, 9, , 26, 0, 0, 0, , 0, 0, 0, 0, 0, 
82, 0, 89, -1, -1, 239, 45, 152.0, 7, , 17, 0, 0, 0, , 0, 0, 0, 0, 0, 
83, 0, 90, -1, -1, 183, 29, 159.0, 7, , 9, 0, 0, 0, , 0, 0, 0, 0, 0, 
84, 0, 91, -1, -1, 131, 134, 171.0, 7, , 20, 0, 0, 0, , 0, 0, 0, 0, 0, 
85, 0, 92, -1, -1, 283, 63, 168.0, 11, , 54, 0, 0, 0, , 0, 0, 0, 0, 0, 
86, 0, 93, -1, -1, 283, 80, 172.0, 9, , 26, 0, 0, 0, , 0, 0, 0, 0, 0, 
87, 0, 94, -1, -1, 135, 152, 179.0, 7, , 5, 0, 0, 0, , 0, 0, 0, 0, 0, 
88, 0, 95, -1, -1, 145, 113, 181.0, 8, , 16, 0, 0, 0, , 0, 0, 0, 0, 0, 
89, 0, 97, -1, -1, 144, 113, 184.0, 7, , 28, 0, 0, 0, , 0, 0, 0, 0, 0, 
90, 0, 98, -1, -1, 226, 68, 195.0, 8, , 19, 0, 0, 0, , 0, 0, 0, 0, 0, 
91, 0, 99, -1, -1, 192, 118, 193.0, 8, , 2, 0, 0, 0, , 0, 0, 0, 0, 0, 
92, 0, 100, -1, -1, 258, 114, 197.0, 8, , 15, 0, 0, 0, , 0, 0, 0, 0, 0, 
93, 0, 101, -1, -1, 226, 99, 196.0, 8, , 18, 0, 0, 0, , 0, 0, 0, 0, 0, 
94, 0, 102, -1, -1, 119, 128, 189.0, 7, , 36, 0, 0, 0, , 0, 0, 0, 0, 0, 
95, 0, 103, -1, -1, 229, 43, 141.0, 9, , 40, 0, 0, 0, , 0, 0, 0, 0, 0, 
96, 0, 104, -1, -1, 153, 111, 156.0, 9, , 30, 0, 0, 0, , 0, 0, 0, 0, 0, 
97, 0, 105, -1, -1, 187, 54, 178.0, 9, , 21, 0, 0, 0, , 0, 0, 0, 0, 0, 
98, 0, 106, -1, -1, 209, 72, 196.0, 8, , 17, 0, 0, 0, , 0, 0, 0, 0, 0, 
99, 0, 109, -1, -1, 210, 81, 191.0, 9, , 13, 0, 0, 0, , 0, 0, 0, 0, 0, 
100, 0, 110, -1, -1, 154, 89, 200.0, 8, , 3, 0, 0, 0, , 0, 0, 0, 0, 0, 
101, 0, 111, -1, -1, 101, 59, 105.0, 9, , 34, 0, 0, 0, , 0, 0, 0, 0, 0, 
102, 0, 113, -1, -1, 92, 51, 131.0, 8, , 3, 0, 0, 0, , 0, 0, 0, 0, 0, 
103, 0, 115, -1, -1, 76, 106, 148.0, 8, , 58, 0, 0, 0, , 0, 0, 0, 0, 0, 
104, 0, 117, -1, -1, 185, 165, 158.0, 9, , 27, 0, 0, 0, , 0, 0, 0, 0, 0, 
105, 0, 119, -1, -1, 181, 164, 166.0, 7, , 24, 0, 0, 0, , 0, 0, 0, 0, 0, 
106, 0, 120, -1, -1, 205, 50, 171.0, 9, , 70, 0, 0, 0, , 0, 0, 0, 0, 0, 
107, 0, 121, -1, -1, 117, 117, 169.0, 8, , 9, 0, 0, 0, , 0, 0, 0, 0, 0, 
108, 0, 123, -1, -1, 127, 53, 183.0, 9, , 9, 0, 0, 0, , 0, 0, 0, 0, 0, 
109, 0, 124, -1, -1, 220, 74, 192.0, 9, , 24, 0, 0, 0, , 0, 0, 0, 0, 0, 
110, 0, 125, -1, -1, 137, 61, 191.0, 8, , 64, 0, 0, 0, , 0, 0, 0, 0, 0, 
111, 0, 126, -1, -1, 163, 58, 193.0, 9, , 27, 0, 0, 0, , 0, 0, 0, 0, 0, 
112, 0, 127, -1, -1, 160, 61, 199.0, 11, , 24, 0, 0, 0, , 0, 0, 0, 0, 0, 
113, 0, 128, -1, -1, 212, 80, 201.0, 13, , 124, 0, 0, 0, , 0, 0, 0, 0, 0, 
114, 0, 129, -1, -1, 234, 97, 206.0, 8, , 22, 0, 0, 0, , 0, 0, 0, 0, 0, 
115, 0, 130, -1, -1, 143, 109, 207.0, 9, , 52, 0, 0, 0, , 0, 0, 0, 0, 0, 
116, 0, 131, -1, -1, 146, 103, 203.0, 11, , 44, 0, 0, 0, , 0, 0, 0, 0, 0, 
117, 0, 132, -1, -1, 167, 107, 205.0, 8, , 9, 0, 0, 0, , 0, 0, 0, 0, 0, 
118, 0, 133, -1, -1, 124, 122, 179.0, 9, , 10, 0, 0, 0, , 0, 0, 0, 0, 0, 
119, 0, 134, -1, -1, 135, 147, 181.0, 8, , 13, 0, 0, 0, , 0, 0, 0, 0, 0, 
120, 0, 135, -1, -1, 185, 166, 162.0, 9, , 37, 0, 0, 0, , 0, 0, 0, 0, 0, 
121, 0, 136, -1, -1, 150, 83, 192.0, 7, , 17, 0, 0, 0, , 0, 0, 0, 0, 0, 
122, 0, 137, -1, -1, 87, 164, 98.0, 9, , 28, 0, 0, 0, , 0, 0, 0, 0, 0, 
123, 0, 139, -1, -1, 49, 126, 143.0, 7, , 7, 0, 0, 0, , 0, 0, 0, 0, 0, 
124, 0, 140, -1, -1, 234, 47, 148.0, 8, , 27, 0, 0, 0, , 0, 0, 0, 0, 0, 
125, 0, 145, -1, -1, 68, 98, 170.0, 9, , 20, 0, 0, 0, , 0, 0, 0, 0, 0, 
126, 0, 146, -1, -1, 72, 103, 167.0, 9, , 41, 0, 0, 0, , 0, 0, 0, 0, 0, 
127, 0, 147, -1, -1, 222, 44, 168.0, 7, , 17, 0, 0, 0, , 0, 0, 0, 0, 0, 
128, 0, 149, -1, -1, 73, 108, 172.0, 11, , 51, 0, 0, 0, , 0, 0, 0, 0, 0, 
129, 0, 150, -1, -1, 75, 106, 180.0, 7, , 41, 0, 0, 0, , 0, 0, 0, 0, 0, 
130, 0, 151, -1, -1, 135, 72, 189.0, 8, , 9, 0, 0, 0, , 0, 0, 0, 0, 0, 
131, 0, 152, -1, -1, 143, 113, 188.0, 9, , 135, 0, 0, 0, , 0, 0, 0, 0, 0, 
132, 0, 154, -1, -1, 171, 125, 189.0, 8, , 32, 0, 0, 0, , 0, 0, 0, 0, 0, 
133, 0, 155, -1, -1, 127, 121, 193.0, 9, , 50, 0, 0, 0, , 0, 0, 0, 0, 0, 
134, 0, 156, -1, -1, 146, 111, 210.0, 9, , 42, 0, 0, 0, , 0, 0, 0, 0, 0, 
135, 0, 157, -1, -1, 138, 127, 198.0, 7, , 23, 0, 0, 0, , 0, 0, 0, 0, 0, 
136, 0, 159, -1, -1, 106, 67, 107.0, 8, , 7, 0, 0, 0, , 0, 0, 0, 0, 0, 
137, 0, 160, -1, -1, 135, 167, 134.0, 7, , 20, 0, 0, 0, , 0, 0, 0, 0, 0, 
138, 0, 161, -1, -1, 127, 37, 137.0, 9, , 28, 0, 0, 0, , 0, 0, 0, 0, 0, 
139, 0, 162, -1, -1, 84, 134, 142.0, 8, , 8, 0, 0, 0, , 0, 0, 0, 0, 0, 
140, 0, 164, -1, -1, 77, 114, 147.0, 7, , 18, 0, 0, 0, , 0, 0, 0, 0, 0, 
141, 0, 165, -1, -1, 230, 44, 153.0, 9, , 34, 0, 0, 0, , 0, 0, 0, 0, 0, 
142, 0, 166, -1, -1, 308, 69, 153.0, 8, , 10, 0, 0, 0, , 0, 0, 0, 0, 0, 
143, 0, 167, -1, -1, 85, 106, 158.0, 8, , 29, 0, 0, 0, , 0, 0, 0, 0, 0, 
144, 0, 168, -1, -1, 133, 46, 157.0, 8, , 26, 0, 0, 0, , 0, 0, 0, 0, 0, 
145, 0, 170, -1, -1, 298, 71, 157.0, 8, , 8, 0, 0, 0, , 0, 0, 0, 0, 0, 
146, 0, 171, -1, -1, 205, 51, 165.0, 8, , 11, 0, 0, 0, , 0, 0, 0, 0, 0, 
147, 0, 172, -1, -1, 204, 44, 166.0, 8, , 23, 0, 0, 0, , 0, 0, 0, 0, 0, 
148, 0, 174, -1, -1, 167, 56, 178.0, 7, , 30, 0, 0, 0, , 0, 0, 0, 0, 0, 
149, 0, 175, -1, -1, 81, 92, 181.0, 8, , 40, 0, 0, 0, , 0, 0, 0, 0, 0, 
150, 0, 176, -1, -1, 119, 128, 186.0, 8, , 30, 0, 0, 0, , 0, 0, 0, 0, 0, 
151, 0, 177, -1, -1, 191, 50, 186.0, 8, , 10, 0, 0, 0, , 0, 0, 0, 0, 0, 
152, 0, 179, -1, -1, 200, 113, 194.0, 8, , 12, 0, 0, 0, , 0, 0, 0, 0, 0, 
153, 0, 180, -1, -1, 259, 121, 192.0, 7, , 10, 0, 0, 0, , 0, 0, 0, 0, 0, 
154, 0, 181, -1, -1, 215, 81, 196.0, 8, , 17, 0, 0, 0, , 0, 0, 0, 0, 0, 
155, 0, 182, -1, -1, 110, 68, 77.0, 7, , 5, 0, 0, 0, , 0, 0, 0, 0, 0, 
156, 0, 184, -1, -1, 127, 159, 140.0, 7, , 28, 0, 0, 0, , 0, 0, 0, 0, 0, 
157, 0, 185, -1, -1, 79, 62, 149.0, 8, , 13, 0, 0, 0, , 0, 0, 0, 0, 0, 
158, 0, 186, -1, -1, 158, 43, 151.0, 8, , 19, 0, 0, 0, , 0, 0, 0, 0, 0, 
159, 0, 188, -1, -1, 158, 51, 175.0, 8, , 36, 0, 0, 0, , 0, 0, 0, 0, 0, 
160, 0, 189, -1, -1, 174, 122, 193.0, 9, , 36, 0, 0, 0, , 0, 0, 0, 0, 0, 
161, 0, 190, -1, -1, 221, 119, 211.0, 9, , 36, 0, 0, 0, , 0, 0, 0, 0, 0, 
162, 0, 191, -1, -1, 107, 132, 142.0, 7, , 32, 0, 0, 0, , 0, 0, 0, 0, 0, 
163, 0, 193, -1, -1, 105, 129, 83.0, 7, , 10, 0, 0, 0, , 0, 0, 0, 0, 0, 
164, 0, 195, -1, -1, 102, 61, 103.0, 9, , 23, 0, 0, 0, , 0, 0, 0, 0, 0, 
165, 0, 196, -1, -1, 102, 57, 109.0, 8, , 24, 0, 0, 0, , 0, 0, 0, 0, 0, 
166, 0, 197, -1, -1, 103, 57, 113.0, 9, , 36, 0, 0, 0, , 0, 0, 0, 0, 0, 
167, 0, 198, -1, -1, 203, 34, 131.0, 8, , 13, 0, 0, 0, , 0, 0, 0, 0, 0, 
168, 0, 199, -1, -1, 108, 130, 134.0, 8, , 23, 0, 0, 0, , 0, 0, 0, 0, 0, 
169, 0, 200, -1, -1, 91, 58, 133.0, 9, , 6, 0, 0, 0, , 0, 0, 0, 0, 0, 
170, 0, 202, -1, -1, 107, 133, 140.0, 9, , 36, 0, 0, 0, , 0, 0, 0, 0, 0, 
171, 0, 204, -1, -1, 110, 122, 140.0, 8, , 16, 0, 0, 0, , 0, 0, 0, 0, 0, 
172, 0, 205, -1, -1, 131, 37, 143.0, 8, , 23, 0, 0, 0, , 0, 0, 0, 0, 0, 
173, 0, 207, -1, -1, 87, 108, 145.0, 8, , 26, 0, 0, 0, , 0, 0, 0, 0, 0, 
174, 0, 208, -1, -1, 84, 135, 149.0, 7, , 4, 0, 0, 0, , 0, 0, 0, 0, 0, 
175, 0, 209, -1, -1, 279, 56, 148.0, 7, , 10, 0, 0, 0, , 0, 0, 0, 0, 0, 
176, 0, 210, -1, -1, 267, 50, 148.0, 9, , 27, 0, 0, 0, , 0, 0, 0, 0, 0, 
177, 0, 211, -1, -1, 115, 63, 152.0, 7, , 19, 0, 0, 0, , 0, 0, 0, 0, 0, 
178, 0, 212, -1, -1, 188, 36, 152.0, 8, , 9, 0, 0, 0, , 0, 0, 0, 0, 0, 
179, 0, 213, -1, -1, 85, 66, 155.0, 7, , 19, 0, 0, 0, , 0, 0, 0, 0, 0, 
180, 0, 214, -1, -1, 74, 76, 158.0, 9, , 29, 0, 0, 0, , 0, 0, 0, 0, 0, 
181, 0, 215, -1, -1, 160, 164, 163.0, 7, , 5, 0, 0, 0, , 0, 0, 0, 0, 0, 
182, 0, 217, -1, -1, 223, 46, 165.0, 7, , 31, 0, 0, 0, , 0, 0, 0, 0, 0, 
183, 0, 218, -1, -1, 76, 73, 163.0, 8, , 19, 0, 0, 0, , 0, 0, 0, 0, 0, 
184, 0, 219, -1, -1, 109, 120, 163.0, 7, , 11, 0, 0, 0, , 0, 0, 0, 0, 0, 
185, 0, 220, -1, -1, 135, 103, 168.0, 8, , 17, 0, 0, 0, , 0, 0, 0, 0, 0, 
186, 0, 221, -1, -1, 240, 73, 169.0, 8, , 1, 0, 0, 0, , 0, 0, 0, 0, 0, 
187, 0, 222, -1, -1, 123, 49, 174.0, 8, , 11, 0, 0, 0, , 0, 0, 0, 0, 0, 
188, 0, 223, -1, -1, 221, 51, 174.0, 7, , 14, 0, 0, 0, , 0, 0, 0, 0, 0, 
189, 0, 224, -1, -1, 242, 46, 172.0, 8, , 6, 0, 0, 0, , 0, 0, 0, 0, 0, 
190, 0, 225, -1, -1, 246, 55, 176.0, 7, , 18, 0, 0, 0, , 0, 0, 0, 0, 0, 
191, 0, 226, -1, -1, 240, 70, 179.0, 9, , 16, 0, 0, 0, , 0, 0, 0, 0, 0, 
192, 0, 228, -1, -1, 257, 81, 194.0, 8, , 3, 0, 0, 0, , 0, 0, 0, 0, 0, 
193, 0, 229, -1, -1, 128, 98, 196.0, 9, , 17, 0, 0, 0, , 0, 0, 0, 0, 0, 
194, 0, 230, -1, -1, 241, 79, 198.0, 7, , 10, 0, 0, 0, , 0, 0, 0, 0, 0, 
195, 0, 231, -1, -1, 147, 84, 202.0, 8, , 31, 0, 0, 0, , 0, 0, 0, 0, 0, 
196, 0, 232, -1, -1, 216, 116, 208.0, 8, , 6, 0, 0, 0, , 0, 0, 0, 0, 0, 
197, 0, 233, -1, -1, 153, 80, 206.0, 8, , 20, 0, 0, 0, , 0, 0, 0, 0, 0, 
198, 0, 234, -1, -1, 200, 97, 210.0, 9, , 5, 0, 0, 0, , 0, 0, 0, 0, 0, 
199, 0, 235, -1, -1, 223, 123, 206.0, 8, , 9, 0, 0, 0, , 0, 0, 0, 0, 0, 
200, 0, 236, -1, -1, 77, 106, 176.0, 7, , 41, 0, 0, 0, , 0, 0, 0, 0, 0, 
201, 0, 237, -1, -1, 297, 92, 190.0, 9, , 30, 0, 0, 0, , 0, 0, 0, 0, 0, 
202, 0, 238, -1, -1, 277, 64, 169.0, 8, , 1, 0, 0, 0, , 0, 0, 0, 0, 0, 
203, 0, 239, -1, -1, 94, 73, 175.0, 8, , 13, 0, 0, 0, , 0, 0, 0, 0, 0, 
204, 0, -1, -1, -1, 83, 105, 151.0, 7, , 15, 0, 0, 0, , 0, 0, 0, 0, 0, 
205, 0, 241, -1, -1, 81, 110, 153.0, 7, , 44, 0, 0, 0, , 0, 0, 0, 0, 0, 
206, 0, 242, -1, -1, 48, 110, 87.0, 9, , 140, 0, 0, 0, , 0, 0, 0, 0, 0, 
207, 0, 243, -1, -1, 116, 164, 105.0, 8, , 13, 0, 0, 0, , 0, 0, 0, 0, 0, 
208, 0, 244, -1, -1, 177, 40, 107.0, 7, , 14, 0, 0, 0, , 0, 0, 0, 0, 0, 
209, 0, 245, -1, -1, 114, 164, 116.0, 9, , 27, 0, 0, 0, , 0, 0, 0, 0, 0, 
210, 0, 246, -1, -1, 179, 45, 117.0, 8, , 6, 0, 0, 0, , 0, 0, 0, 0, 0, 
211, 0, 248, -1, -1, 101, 170, 132.0, 7, , 9, 0, 0, 0, , 0, 0, 0, 0, 0, 
212, 0, 249, -1, -1, 192, 35, 136.0, 9, , 34, 0, 0, 0, , 0, 0, 0, 0, 0, 
213, 0, 250, -1, -1, 134, 160, 136.0, 7, , 19, 0, 0, 0, , 0, 0, 0, 0, 0, 
214, 0, 251, -1, -1, 275, 49, 138.0, 7, , 16, 0, 0, 0, , 0, 0, 0, 0, 0, 
215, 0, 252, -1, -1, 203, 35, 141.0, 8, , 11, 0, 0, 0, , 0, 0, 0, 0, 0, 
216, 0, 253, -1, -1, 279, 47, 144.0, 8, , 13, 0, 0, 0, , 0, 0, 0, 0, 0, 
217, 0, 254, -1, -1, 126, 160, 144.0, 9, , 36, 0, 0, 0, , 0, 0, 0, 0, 0, 
218, 0, 255, -1, -1, 300, 68, 151.0, 8, , 13, 0, 0, 0, , 0, 0, 0, 0, 0, 
219, 0, 256, -1, -1, 79, 110, 154.0, 11, , 91, 0, 0, 0, , 0, 0, 0, 0, 0, 
220, 0, 257, -1, -1, 117, 109, 166.0, 8, , 9, 0, 0, 0, , 0, 0, 0, 0, 0, 
221, 0, 258, -1, -1, 275, 55, 167.0, 9, , 10, 0, 0, 0, , 0, 0, 0, 0, 0, 
222, 0, 259, -1, -1, 87, 70, 168.0, 9, , 10, 0, 0, 0, , 0, 0, 0, 0, 0, 
223, 0, 260, -1, -1, 104, 56, 176.0, 7, , 22, 0, 0, 0, , 0, 0, 0, 0, 0, 
224, 0, 261, -1, -1, 156, 64, 183.0, 8, , 12, 0, 0, 0, , 0, 0, 0, 0, 0, 
225, 0, 262, -1, -1, 245, 52, 187.0, 7, , 26, 0, 0, 0, , 0, 0, 0, 0, 0, 
226, 0, 263, -1, -1, 273, 96, 189.0, 7, , 15, 0, 0, 0, , 0, 0, 0, 0, 0, 
227, 0, 264, -1, -1, 184, 51, 195.0, 7, , 18, 0, 0, 0, , 0, 0, 0, 0, 0, 
228, 0, 265, -1, -1, 99, 110, 203.0, 8, , 33, 0, 0, 0, , 0, 0, 0, 0, 0, 
229, 0, 266, -1, -1, 142, 103, 209.0, 11, , 83, 0, 0, 0, , 0, 0, 0, 0, 0, 
230, 0, 267, -1, -1, 131, 166, 142.0, 8, , 30, 0, 0, 0, , 0, 0, 0, 0, 0, 
231, 0, 268, -1, -1, 104, 56, 172.0, 11, , 47, 0, 0, 0, , 0, 0, 0, 0, 0, 
232, 0, 269, -1, -1, 184, 47, 186.0, 8, , 8, 0, 0, 0, , 0, 0, 0, 0, 0, 
233, 0, 270, -1, -1, 138, 65, 194.0, 8, , 16, 0, 0, 0, , 0, 0, 0, 0, 0, 
234, 0, -1, -1, -1, 168, 166, 94.0, 11, , 86, 0, 0, 0, , 0, 0, 0, 0, 0, 
235, 0, -1, -1, -1, 308, 76, 156.0, 9, , 82, 0, 0, 0, , 0, 0, 0, 0, 0, 
236, 0, -1, -1, -1, 113, 164, 112.0, 11, , 60, 0, 0, 0, , 0, 0, 0, 0, 0, 
237, 0, -1, -1, -1, 216, 99, 167.0, 8, , 35, 0, 0, 0, , 0, 0, 0, 0, 0, 
238, 0, -1, -1, -1, 275, 163, 97.0, 8, , 8, 0, 0, 0, , 0, 0, 0, 0, 0, 
239, 0, -1, -1, -1, 178, 39, 109.0, 7, , 20, 0, 0, 0, , 0, 0, 0, 0, 0, 
240, 0, -1, -1, -1, 139, 63, 121.0, 9, , 18, 0, 0, 0, , 0, 0, 0, 0, 0, 
241, 0, -1, -1, -1, 122, 37, 130.0, 9, , 18, 0, 0, 0, , 0, 0, 0, 0, 0, 
242, 0, -1, -1, -1, 150, 105, 137.0, 7, , 24, 0, 0, 0, , 0, 0, 0, 0, 0, 
243, 0, -1, -1, -1, 79, 107, 140.0, 8, , 32, 0, 0, 0, , 0, 0, 0, 0, 0, 
244, 0, -1, -1, -1, 81, 114, 144.0, 8, , 14, 0, 0, 0, , 0, 0, 0, 0, 0, 
245, 0, -1, -1, -1, 90, 66, 144.0, 7, , 14, 0, 0, 0, , 0, 0, 0, 0, 0, 
246, 0, -1, -1, -1, 41, 106, 145.0, 9, , 24, 0, 0, 0, , 0, 0, 0, 0, 0, 
247, 0, -1, -1, -1, 302, 73, 146.0, 8, , 16, 0, 0, 0, , 0, 0, 0, 0, 0, 
248, 0, -1, -1, -1, 110, 124, 147.0, 7, , 16, 0, 0, 0, , 0, 0, 0, 0, 0, 
249, 0, -1, -1, -1, 127, 163, 148.0, 7, , 19, 0, 0, 0, , 0, 0, 0, 0, 0, 
250, 0, -1, -1, -1, 310, 75, 152.0, 9, , 23, 0, 0, 0, , 0, 0, 0, 0, 0, 
251, 0, -1, -1, -1, 55, 104, 153.0, 11, , 14, 0, 0, 0, , 0, 0, 0, 0, 0, 
252, 0, -1, -1, -1, 133, 46, 160.0, 8, , 30, 0, 0, 0, , 0, 0, 0, 0, 0, 
253, 0, -1, -1, -1, 303, 74, 161.0, 7, , 22, 0, 0, 0, , 0, 0, 0, 0, 0, 
254, 0, -1, -1, -1, 62, 78, 162.0, 7, , 16, 0, 0, 0, , 0, 0, 0, 0, 0, 
255, 0, -1, -1, -1, 97, 108, 166.0, 8, , 21, 0, 0, 0, , 0, 0, 0, 0, 0, 
256, 0, -1, -1, -1, 132, 110, 169.0, 7, , 15, 0, 0, 0, , 0, 0, 0, 0, 0, 
257, 0, -1, -1, -1, 117, 110, 171.0, 8, , 11, 0, 0, 0, , 0, 0, 0, 0, 0, 
258, 0, -1, -1, -1, 215, 96, 174.0, 8, , 26, 0, 0, 0, , 0, 0, 0, 0, 0, 
259, 0, -1, -1, -1, 222, 48, 176.0, 9, , 17, 0, 0, 0, , 0, 0, 0, 0, 0, 
260, 0, -1, -1, -1, 299, 96, 179.0, 9, , 12, 0, 0, 0, , 0, 0, 0, 0, 0, 
261, 0, -1, -1, -1, 128, 93, 188.0, 8, , 8, 0, 0, 0, , 0, 0, 0, 0, 0, 
262, 0, -1, -1, -1, 194, 53, 189.0, 8, , 3, 0, 0, 0, , 0, 0, 0, 0, 0, 
263, 0, -1, -1, -1, 232, 96, 191.0, 7, , 10, 0, 0, 0, , 0, 0, 0, 0, 0, 
264, 0, -1, -1, -1, 119, 129, 194.0, 8, , 23, 0, 0, 0, , 0, 0, 0, 0, 0, 
265, 0, -1, -1, -1, 107, 91, 195.0, 9, , 9, 0, 0, 0, , 0, 0, 0, 0, 0, 
266, 0, -1, -1, -1, 188, 71, 197.0, 7, , 29, 0, 0, 0, , 0, 0, 0, 0, 0, 
267, 0, -1, -1, -1, 214, 80, 199.0, 11, , 73, 0, 0, 0, , 0, 0, 0, 0, 0, 
268, 0, -1, -1, -1, 176, 93, 200.0, 9, , 8, 0, 0, 0, , 0, 0, 0, 0, 0, 
269, 0, -1, -1, -1, 272, 93, 200.0, 9, , 25, 0, 0, 0, , 0, 0, 0, 0, 0, 
270, 0, -1, -1, -1, 197, 111, 203.0, 8, , 11, 0, 0, 0, , 0, 0, 0, 0, 0, 
271, 0, -1, -1, -1, 228, 95, 203.0, 8, , 25, 0, 0, 0, , 0, 0, 0, 0, 0, 
272, 0, -1, -1, -1, 79, 105, 143.0, 8, , 24, 0, 0, 0, , 0, 0, 0, 0, 0, 
273, 0, -1, -1, -1, 132, 46, 154.0, 9, , 17, 0, 0, 0, , 0, 0, 0, 0, 0, 
274, 0, -1, -1, -1, 161, 48, 157.0, 9, , 40, 0, 0, 0, , 0, 0, 0, 0, 0, 
275, 0, -1, -1, -1, 67, 101, 174.0, 9, , 41, 0, 0, 0, , 0, 0, 0, 0, 0, 
276, 0, -1, -1, -1, 92, 107, 198.0, 9, , 56, 0, 0, 0, , 0, 0, 0, 0, 0, 
277, 0, -1, -1, -1, 152, 109, 154.0, 7, , 19, 0, 0, 0, , 0, 0, 0, 0, 0, 
278, 1, 271, 278, -1, 262, 85, 140.0, 20, Eprp, 0, 0, 0, 0, , 0, 0, 0, 0, 0, 
279, 0, 272, -1, -1, 130, 38, 136.0, 17, , 0, 0, 0, 0, , 0, 0, 0, 0, 0, 
280, 1, 273, 280, -1, 153, 82, 199.0, 17, ABarapppp, 0, 0, 0, 0, , 0, 0, 0, 0, 0, 
281, 1, 274, 281, -1, 126, 93, 197.0, 16, ABarapppa, 0, 0, 0, 0, , 0, 0, 0, 0, 0, 
282, 1, 275, 282, -1, 143, 107, 207.0, 17, ABarappaa, 0, 0, 0, 0, , 0, 0, 0, 0, 0, 
283, 1, 276, 283, -1, 165, 101, 209.0, 17, ABarappap, 0, 0, 0, 0, , 0, 0, 0, 0, 0, 
284, 1, 277, 284, -1, 97, 112, 196.0, 17, ABarapaaa, 0, 0, 0, 0, , 0, 0, 0, 0, 0, 
285, 1, 278, 285, 286, 121, 123, 186.0, 15, ABarapaap, 0, 0, 0, 0, , 0, 0, 0, 0, 0, 
286, 1, 279, 288, -1, 138, 126, 202.0, 15, ABarapapaa, 0, 0, 0, 0, , 0, 0, 0, 0, 0, 
287, 1, 279, 287, -1, 159, 133, 205.0, 14, ABarapapap, 0, 0, 0, 0, , 0, 0, 0, 0, 0, 
288, 1, 281, 289, -1, 143, 115, 185.0, 14, ABarapappa, 0, 0, 0, 0, , 0, 0, 0, 0, 0, 
289, 1, 280, 290, -1, 173, 124, 187.0, 15, ABarapappp, 0, 0, 0, 0, , 0, 0, 0, 0, 0, 
290, 1, 282, 291, -1, 81, 108, 149.0, 16, ABaraapaa, 0, 0, 0, 0, , 0, 0, 0, 0, 0, 
291, 1, 283, 292, 293, 109, 128, 143.0, 14, ABaraapap, 0, 0, 0, 0, , 0, 0, 0, 0, 0, 
292, 1, 284, 294, -1, 111, 115, 168.0, 17, ABaraappa, 0, 0, 0, 0, , 0, 0, 0, 0, 0, 
293, 1, 285, 296, -1, 132, 106, 166.0, 17, ABaraapppa, 0, 0, 0, 0, , 0, 0, 0, 0, 0, 
294, 1, 285, 295, -1, 154, 109, 157.0, 14, ABaraapppp, 0, 0, 0, 0, , 0, 0, 0, 0, 0, 
295, 1, 286, 298, -1, 69, 102, 173.0, 15, ABaraaapaa, 0, 0, 0, 0, , 0, 0, 0, 0, 0, 
296, 1, 286, 297, -1, 82, 94, 178.0, 15, ABaraaapap, 0, 0, 0, 0, , 0, 0, 0, 0, 0, 
297, 1, 287, 299, -1, 102, 93, 192.0, 19, ABaraaapp, 0, 0, 0, 0, , 0, 0, 0, 0, 0, 
298, 1, 288, 300, -1, 54, 107, 161.0, 17, ABaraaaaa, 0, 0, 0, 0, , 0, 0, 0, 0, 0, 
299, 1, 289, 301, -1, 93, 113, 168.0, 16, ABaraaaap, 0, 0, 0, 0, , 0, 0, 0, 0, 0, 
300, 1, 290, 302, -1, 89, 133, 172.0, 17, ABalpaaap, 0, 0, 0, 0, , 0, 0, 0, 0, 0, 
301, 1, 291, 303, -1, 65, 128, 171.0, 17, ABalpaaaa, 0, 0, 0, 0, , 0, 0, 0, 0, 0, 
302, 1, 292, 304, -1, 53, 124, 139.0, 15, ABalpaapaa, 0, 0, 0, 0, , 0, 0, 0, 0, 0, 
303, 1, 293, 305, -1, 81, 140, 143.0, 16, ABalpaapap, 0, 0, 0, 0, , 0, 0, 0, 0, 0, 
304, 1, 294, 306, -1, 78, 161, 135.0, 16, ABalpaapp, 0, 0, 0, 0, , 0, 0, 0, 0, 0, 
305, 1, 295, 307, -1, 102, 142, 182.0, 15, ABalpappaa, 0, 0, 0, 0, , 0, 0, 0, 0, 0, 
306, 1, 296, 308, -1, 134, 149, 182.0, 15, ABalpappap, 0, 0, 0, 0, , 0, 0, 0, 0, 0, 
307, 1, 297, 309, -1, 129, 136, 169.0, 15, ABalpapppa, 0, 0, 0, 0, , 0, 0, 0, 0, 0, 
308, 1, 298, 310, -1, 161, 143, 181.0, 15, ABalpapppp, 0, 0, 0, 0, , 0, 0, 0, 0, 0, 
309, 1, 299, 311, -1, 75, 157, 114.0, 19, ABalppaaa, 0, 0, 0, 0, , 0, 0, 0, 0, 0, 
310, 1, 300, 312, -1, 89, 164, 105.0, 19, ABalppaap, 0, 0, 0, 0, , 0, 0, 0, 0, 0, 
311, 1, 301, 313, -1, 107, 168, 139.0, 17, ABalppapa, 0, 0, 0, 0, , 0, 0, 0, 0, 0, 
312, 1, 302, 314, -1, 131, 163, 139.0, 15, ABalppapp, 0, 0, 0, 0, , 0, 0, 0, 0, 0, 
313, 1, 303, 315, -1, 90, 154, 167.0, 17, ABalpapaa, 0, 0, 0, 0, , 0, 0, 0, 0, 0, 
314, 1, 304, 316, -1, 115, 159, 161.0, 19, ABalpapap, 0, 0, 0, 0, , 0, 0, 0, 0, 0, 
315, 1, 305, 317, -1, 83, 141, 93.0, 19, ABalpppaa, 0, 0, 0, 0, , 0, 0, 0, 0, 0, 
316, 1, 306, 318, -1, 107, 150, 86.0, 15, ABalpppap, 0, 0, 0, 0, , 0, 0, 0, 0, 0, 
317, 1, 307, 319, -1, 146, 130, 82.0, 17, ABalpppppp, 0, 0, 0, 0, , 0, 0, 0, 0, 0, 
318, 1, 308, 320, -1, 120, 138, 60.0, 14, ABalpppppa, 0, 0, 0, 0, , 0, 0, 0, 0, 0, 
319, 1, 309, 321, -1, 109, 129, 88.0, 15, ABalppppa, 0, 0, 0, 0, , 0, 0, 0, 0, 0, 
320, 1, 310, 322, -1, 49, 100, 117.5, 20, ABalaaapa, 0, 0, 0, 0, , 0, 0, 0, 0, 0, 
321, 1, 311, 323, -1, 61, 78, 139.5, 17, ABalaaapp, 0, 0, 0, 0, , 0, 0, 0, 0, 0, 
322, 1, 312, 324, -1, 68, 77, 164.0, 17, ABalaapaa, 0, 0, 0, 0, , 0, 0, 0, 0, 0, 
323, 0, 313, -1, -1, 86, 78, 171.7, 16, , 0, 0, 0, 0, , 0, 0, 0, 0, 0, 
324, 1, 314, 326, -1, 88, 70, 176.0, 17, ABalaapap, 0, 0, 0, 0, , 0, 0, 0, 0, 0, 
325, 1, 315, 327, -1, 45, 106, 140.0, 19, ABalaaaar, 0, 0, 0, 0, , 0, 0, 0, 0, 0, 
326, 1, 316, 328, -1, 57, 130, 122.0, 19, ABalaaaal, 0, 0, 0, 0, , 0, 0, 0, 0, 0, 
327, 1, 317, 329, -1, 97, 53, 134.0, 21, ABalaappp, 0, 0, 0, 0, , 0, 0, 0, 0, 0, 
328, 1, 318, 330, -1, 85, 65, 146.0, 17, ABalaappa, 0, 0, 0, 0, , 0, 0, 0, 0, 0, 
329, 1, 319, 331, -1, 84, 119, 91.0, 19, ABalapaap, 0, 0, 0, 0, , 0, 0, 0, 0, 0, 
330, 1, 320, 332, -1, 70, 106, 102.0, 19, ABalapaaa, 0, 0, 0, 0, , 0, 0, 0, 0, 0, 
331, 1, 321, 333, -1, 92, 95, 86.0, 19, ABalapapa, 0, 0, 0, 0, , 0, 0, 0, 0, 0, 
332, 1, 322, 334, -1, 122, 106, 85.0, 18, ABalapapp, 0, 0, 0, 0, , 0, 0, 0, 0, 0, 
333, 1, 323, 335, -1, 68, 83, 113.0, 17, ABalappaa, 0, 0, 0, 0, , 0, 0, 0, 0, 0, 
334, 1, 324, 336, -1, 83, 70, 113.0, 16, ABalappap, 0, 0, 0, 0, , 0, 0, 0, 0, 0, 
335, 1, 325, 337, 338, 104, 61, 110.0, 14, ABalapppa, 0, 0, 0, 0, , 0, 0, 0, 0, 0, 
336, 1, 326, 339, 340, 137, 60, 114.0, 14, ABalapppp, 0, 0, 0, 0, , 0, 0, 0, 0, 0, 
337, 1, 327, 344, -1, 133, 43, 158.0, 15, ABpraaappa, 0, 0, 0, 0, , 0, 0, 0, 0, 0, 
338, 1, 328, 342, -1, 103, 56, 168.0, 16, ABpraaaaa, 0, 0, 0, 0, , 0, 0, 0, 0, 0, 
339, 1, 329, 343, -1, 123, 54, 175.0, 19, ABpraaaap, 0, 0, 0, 0, , 0, 0, 0, 0, 0, 
340, 1, 327, 341, -1, 159, 46, 155.0, 17, ABpraaappp, 0, 0, 0, 0, , 0, 0, 0, 0, 0, 
341, 1, 330, 345, -1, 205, 47, 164.0, 10, ABpraapppa, 0, 0, 0, 0, , 0, 0, 0, 0, 0, 
342, 1, 330, 346, -1, 223, 47, 166.0, 10, ABpraapppp, 0, 0, 0, 0, , 0, 0, 0, 0, 0, 
343, 1, 331, 347, -1, 182, 36, 158.0, 16, ABpraappa, 0, 0, 0, 0, , 0, 0, 0, 0, 0, 
344, 1, 332, 348, -1, 246, 50, 175.0, 17, ABprappaa, 0, 0, 0, 0, , 0, 0, 0, 0, 0, 
345, 1, 333, 349, -1, 277, 59, 168.0, 19, ABprappap, 0, 0, 0, 0, , 0, 0, 0, 0, 0, 
346, 1, 334, 350, -1, 280, 78, 174.0, 17, ABprapppa, 0, 0, 0, 0, , 0, 0, 0, 0, 0, 
347, 1, 335, 351, -1, 198, 33, 136.0, 19, ABprapaaa, 0, 0, 0, 0, , 0, 0, 0, 0, 0, 
348, 1, 336, 352, -1, 230, 41, 148.0, 15, ABprapaap, 0, 0, 0, 0, , 0, 0, 0, 0, 0, 
349, 1, 337, 353, -1, 273, 50, 149.0, 21, ABprapapa, 0, 0, 0, 0, , 0, 0, 0, 0, 0, 
350, 1, 338, 354, -1, 305, 75, 152.0, 15, ABprapapp, 0, 0, 0, 0, , 0, 0, 0, 0, 0, 
351, 1, 339, 355, -1, 166, 168, 115.0, 15, ABplppaaa, 0, 0, 0, 0, , 0, 0, 0, 0, 0, 
352, 1, 340, 356, -1, 191, 172, 120.0, 17, ABplppaap, 0, 0, 0, 0, , 0, 0, 0, 0, 0, 
353, 1, 341, 357, -1, 194, 167, 102.0, 14, ABplppapa, 0, 0, 0, 0, , 0, 0, 0, 0, 0, 
354, 1, 342, 358, -1, 228, 167, 115.0, 15, ABplppapp, 0, 0, 0, 0, , 0, 0, 0, 0, 0, 
355, 1, 343, 359, -1, 222, 177, 122.0, 15, ABplpppaa, 0, 0, 0, 0, , 0, 0, 0, 0, 0, 
356, 1, 344, 360, -1, 248, 173, 134.0, 17, ABplpppap, 0, 0, 0, 0, , 0, 0, 0, 0, 0, 
357, 1, 345, 361, -1, 206, 167, 140.0, 14, ABplppppa, 0, 0, 0, 0, , 0, 0, 0, 0, 0, 
358, 1, 346, 362, -1, 232, 166, 163.0, 17, ABplppppp, 0, 0, 0, 0, , 0, 0, 0, 0, 0, 
359, 1, 347, 363, -1, 174, 179, 144.66667, 16, ABplpapap, 0, 0, 0, 0, , 0, 0, 0, 0, 0, 
360, 1, 348, 364, -1, 116, 164, 106.0, 17, ABplpaaaa, 0, 0, 0, 0, , 0, 0, 0, 0, 0, 
361, 1, 349, 365, -1, 139, 173, 102.0, 17, ABplpaaap, 0, 0, 0, 0, , 0, 0, 0, 0, 0, 
362, 1, 350, 366, -1, 137, 161, 83.0, 19, ABplpaapa, 0, 0, 0, 0, , 0, 0, 0, 0, 0, 
363, 1, 351, 367, 368, 169, 166, 94.0, 17, ABplpaapp, 0, 0, 0, 0, , 0, 0, 0, 0, 0, 
364, 1, 352, 369, -1, 155, 170, 131.0, 15, ABplpapaa, 0, 0, 0, 0, , 0, 0, 0, 0, 0, 
365, 1, 354, 370, -1, 155, 163, 160.0, 17, ABplpappaa, 0, 0, 0, 0, , 0, 0, 0, 0, 0, 
366, 1, 353, 371, -1, 184, 166, 163.0, 14, ABplpappap, 0, 0, 0, 0, , 0, 0, 0, 0, 0, 
367, 1, 355, 372, -1, 199, 174, 165.0, 17, ABplpappp, 0, 0, 0, 0, , 0, 0, 0, 0, 0, 
368, 1, 356, 373, -1, 168, 33, 133.0, 14, ABpraapap, 0, 0, 0, 0, , 0, 0, 0, 0, 0, 
369, 1, 357, 374, -1, 136, 67, 190.0, 16, ABprpaaaa, 0, 0, 0, 0, , 0, 0, 0, 0, 0, 
370, 1, 358, 375, -1, 160, 62, 190.14285, 18, ABprpaaap, 0, 0, 0, 0, , 0, 0, 0, 0, 0, 
371, 1, 359, 376, -1, 163, 49, 178.5, 17, ABprpaapa, 0, 0, 0, 0, , 0, 0, 0, 0, 0, 
372, 1, 360, 377, -1, 188, 52, 185.0, 15, ABprpaapp, 0, 0, 0, 0, , 0, 0, 0, 0, 0, 
373, 1, 361, 378, -1, 179, 90, 195.0, 17, ABprpapaa, 0, 0, 0, 0, , 0, 0, 0, 0, 0, 
374, 1, 362, 379, -1, 202, 95, 204.0, 17, ABprpapap, 0, 0, 0, 0, , 0, 0, 0, 0, 0, 
375, 1, 363, 380, -1, 192, 112, 195.0, 15, ABprpappa, 0, 0, 0, 0, , 0, 0, 0, 0, 0, 
376, 1, 364, 381, -1, 222, 119, 207.0, 16, ABprpappp, 0, 0, 0, 0, , 0, 0, 0, 0, 0, 
377, 1, 365, 382, -1, 191, 70, 195.0, 14, ABprppaaa, 0, 0, 0, 0, , 0, 0, 0, 0, 0, 
378, 1, 366, 383, -1, 210, 77, 196.0, 15, ABprppaap, 0, 0, 0, 0, , 0, 0, 0, 0, 0, 
379, 1, 367, 384, -1, 227, 70, 193.0, 16, ABprppapa, 0, 0, 0, 0, , 0, 0, 0, 0, 0, 
380, 1, 368, 385, -1, 243, 71, 174.0, 14, ABprppapp, 0, 0, 0, 0, , 0, 0, 0, 0, 0, 
381, 1, 369, 386, -1, 248, 82, 192.0, 14, ABprpppaa, 0, 0, 0, 0, , 0, 0, 0, 0, 0, 
382, 1, 370, 387, -1, 272, 91, 192.0, 14, ABprpppap, 0, 0, 0, 0, , 0, 0, 0, 0, 0, 
383, 1, 371, 388, -1, 234, 99, 199.0, 15, ABprppppa, 0, 0, 0, 0, , 0, 0, 0, 0, 0, 
384, 1, 372, 389, -1, 257, 116, 197.15384, 18, ABprppppp, 0, 0, 0, 0, , 0, 0, 0, 0, 0, 
385, 1, 373, 390, -1, 69, 100, 127.75, 18, MSaaaaa, 0, 0, 0, 0, , 0, 0, 0, 0, 0, 
386, 1, 374, 391, -1, 106, 91, 107.0, 17, MSaaaap, 0, 0, 0, 0, , 0, 0, 0, 0, 0, 
387, 1, 375, 392, -1, 141, 116, 129.66667, 15, MSaaapp, 0, 0, 0, 0, , 0, 0, 0, 0, 0, 
388, 1, 376, 393, -1, 108, 107, 123.0, 18, MSaaapa, 0, 0, 0, 0, , 0, 0, 0, 0, 0, 
389, 1, 377, 394, -1, 171, 143, 157.0, 14, MSaapap, 0, 0, 0, 0, , 0, 0, 0, 0, 0, 
390, 1, 378, 395, -1, 141, 132, 145.0, 15, MSaapaa, 0, 0, 0, 0, , 0, 0, 0, 0, 0, 
391, 1, 379, 396, -1, 206, 146, 158.0, 16, MSaappp, 0, 0, 0, 0, , 0, 0, 0, 0, 0, 
392, 1, 380, 397, -1, 283, 123, 169.0, 15, Cppap, 0, 0, 0, 0, , 0, 0, 0, 0, 0, 
393, 1, 381, 398, -1, 221, 70, 132.0, 19, Epra, 0, 0, 0, 0, , 0, 0, 0, 0, 0, 
394, 1, 382, 399, -1, 184, 112, 105.0, 19, Ealp, 0, 0, 0, 0, , 0, 0, 0, 0, 0, 
395, 1, 383, 400, -1, 148, 101, 96.0, 21, Eala, 0, 0, 0, 0, , 0, 0, 0, 0, 0, 
396, 1, 384, 401, -1, 164, 76, 118.0, 19, Eara, 0, 0, 0, 0, , 0, 0, 0, 0, 0, 
397, 1, 385, 402, -1, 190, 84, 138.0, 17, Earp, 0, 0, 0, 0, , 0, 0, 0, 0, 0, 
398, 1, 386, 403, -1, 220, 99, 95.0, 18, Epla, 0, 0, 0, 0, , 0, 0, 0, 0, 0, 
399, 1, 387, 404, -1, 265, 108, 118.0, 19, Eplp, 0, 0, 0, 0, , 0, 0, 0, 0, 0, 
400, 1, 388, 405, 406, 266, 102, 84.0, 17, Caaaa, 0, 0, 0, 0, , 0, 0, 0, 0, 0, 
401, 1, 389, 407, -1, 298, 126, 104.0, 17, Caaap, 0, 0, 0, 0, , 0, 0, 0, 0, 0, 
402, 1, 390, 408, -1, 329, 138, 114.0, 15, Caapa, 0, 0, 0, 0, , 0, 0, 0, 0, 0, 
403, 1, 391, 409, -1, 318, 148, 134.0, 17, Caapp, 0, 0, 0, 0, , 0, 0, 0, 0, 0, 
404, 1, 392, 410, -1, 235, 154, 154.0, 17, Capaa, 0, 0, 0, 0, , 0, 0, 0, 0, 0, 
405, 1, 393, 411, -1, 269, 144, 152.0, 17, Capap, 0, 0, 0, 0, , 0, 0, 0, 0, 0, 
406, 1, 394, 412, -1, 278, 149, 125.0, 17, Cappa, 0, 0, 0, 0, , 0, 0, 0, 0, 0, 
407, 1, 395, 413, -1, 297, 143, 147.0, 17, Cappp, 0, 0, 0, 0, , 0, 0, 0, 0, 0, 
408, 1, 396, 414, -1, 251, 71, 94.0, 17, Cpaaa, 0, 0, 0, 0, , 0, 0, 0, 0, 0, 
409, 1, 397, 415, 416, 294, 87, 111.0, 17, Cpaap, 0, 0, 0, 0, , 0, 0, 0, 0, 0, 
410, 1, 398, 488, -1, 321, 107, 132.0, 17, Cpapa, 0, 0, 0, 0, , 0, 0, 0, 0, 0, 
411, 1, 399, 418, -1, 328, 121, 151.0, 15, Cpapp, 0, 0, 0, 0, , 0, 0, 0, 0, 0, 
412, 1, 400, 419, -1, 248, 118, 183.0, 15, Cppaa, 0, 0, 0, 0, , 0, 0, 0, 0, 0, 
413, 1, 401, 420, -1, 298, 96, 158.0, 17, Cpppa, 0, 0, 0, 0, , 0, 0, 0, 0, 0, 
414, 1, 402, 421, -1, 305, 123, 155.0, 17, Cpppp, 0, 0, 0, 0, , 0, 0, 0, 0, 0, 
415, 1, 403, 422, 423, 208, 139, 133.0, 16, Daa, 0, 0, 0, 0, , 0, 0, 0, 0, 0, 
416, 1, 404, 424, -1, 217, 98, 169.0, 16, Dpa, 0, 0, 0, 0, , 0, 0, 0, 0, 0, 
417, 1, 405, 425, -1, 232, 104, 137.0, 18, Z2, 0, 0, 0, 0, , 0, 0, 0, 0, 0, 
418, 1, 406, 426, -1, 199, 115, 142.0, 16, Z3, 0, 0, 0, 0, , 0, 0, 0, 0, 0, 
419, 1, 407, 427, -1, 92, 72, 80.0, 14, ABarpaaaa, 0, 0, 0, 0, , 0, 0, 0, 0, 0, 
420, 1, 408, 428, -1, 113, 72, 79.0, 16, ABarpaaap, 0, 0, 0, 0, , 0, 0, 0, 0, 0, 
421, 1, 410, 429, -1, 133, 72, 90.0, 15, ABarpaapaa, 0, 0, 0, 0, , 0, 0, 0, 0, 0, 
422, 1, 409, 430, -1, 161, 67, 84.0, 15, ABarpaapap, 0, 0, 0, 0, , 0, 0, 0, 0, 0, 
423, 1, 411, 431, -1, 181, 61, 81.0, 14, ABarpaappa, 0, 0, 0, 0, , 0, 0, 0, 0, 0, 
424, 1, 412, 432, -1, 217, 65, 87.0, 15, ABarpaappp, 0, 0, 0, 0, , 0, 0, 0, 0, 0, 
425, 1, 413, 433, -1, 117, 50, 93.0, 15, ABarpapaa, 0, 0, 0, 0, , 0, 0, 0, 0, 0, 
426, 1, 414, 434, -1, 140, 46, 94.0, 15, ABarpapap, 0, 0, 0, 0, , 0, 0, 0, 0, 0, 
427, 1, 415, 435, -1, 156, 37, 105.0, 14, ABarpappa, 0, 0, 0, 0, , 0, 0, 0, 0, 0, 
428, 1, 416, 436, -1, 227, 44, 114.0, 17, ABarpppap, 0, 0, 0, 0, , 0, 0, 0, 0, 0, 
429, 1, 417, 437, -1, 223, 93, 72.0, 16, ABarppaap, 0, 0, 0, 0, , 0, 0, 0, 0, 0, 
430, 1, 418, 438, -1, 197, 85, 69.0, 17, ABarppaaa, 0, 0, 0, 0, , 0, 0, 0, 0, 0, 
431, 1, 419, 439, -1, 230, 117, 66.0, 19, ABarppapa, 0, 0, 0, 0, , 0, 0, 0, 0, 0, 
432, 1, 420, 440, -1, 260, 127, 94.0, 19, ABarppapp, 0, 0, 0, 0, , 0, 0, 0, 0, 0, 
433, 1, 421, 441, -1, 208, 40, 107.0, 16, ABarpppaa, 0, 0, 0, 0, , 0, 0, 0, 0, 0, 
434, 1, 422, 442, -1, 177, 45, 116.0, 15, ABarpappp, 0, 0, 0, 0, , 0, 0, 0, 0, 0, 
435, 1, 423, 443, -1, 248, 46, 127.0, 18, ABarppppa, 0, 0, 0, 0, , 0, 0, 0, 0, 0, 
436, 1, 424, 444, -1, 271, 59, 121.0, 18, ABarppppp, 0, 0, 0, 0, , 0, 0, 0, 0, 0, 
437, 1, 425, 445, -1, 102, 91, 64.0, 17, ABplaaaaa, 0, 0, 0, 0, , 0, 0, 0, 0, 0, 
438, 1, 426, 446, -1, 134, 83, 64.0, 17, ABplaaaap, 0, 0, 0, 0, , 0, 0, 0, 0, 0, 
439, 1, 427, 447, -1, 154, 95, 60.0, 17, ABplaaapa, 0, 0, 0, 0, , 0, 0, 0, 0, 0, 
440, 1, 428, 448, -1, 181, 102, 63.0, 17, ABplaaapp, 0, 0, 0, 0, , 0, 0, 0, 0, 0, 
441, 1, 429, 449, -1, 103, 117, 60.0, 17, ABplaapaa, 0, 0, 0, 0, , 0, 0, 0, 0, 0, 
442, 1, 430, 450, -1, 139, 118, 59.0, 17, ABplaapap, 0, 0, 0, 0, , 0, 0, 0, 0, 0, 
443, 1, 432, 451, -1, 147, 145, 57.0, 17, ABplaappa, 0, 0, 0, 0, , 0, 0, 0, 0, 0, 
444, 1, 433, 452, -1, 173, 126, 60.0, 17, ABplapaaa, 0, 0, 0, 0, , 0, 0, 0, 0, 0, 
445, 1, 434, 453, -1, 203, 127, 72.0, 17, ABplapaap, 0, 0, 0, 0, , 0, 0, 0, 0, 0, 
446, 1, 435, 454, -1, 250, 135, 73.0, 16, ABplapapa, 0, 0, 0, 0, , 0, 0, 0, 0, 0, 
447, 1, 436, 455, -1, 270, 157, 101.0, 17, ABplapapp, 0, 0, 0, 0, , 0, 0, 0, 0, 0, 
448, 1, 437, 456, -1, 222, 161, 83.0, 19, ABplappaa, 0, 0, 0, 0, , 0, 0, 0, 0, 0, 
449, 1, 438, 457, -1, 243, 164, 87.0, 19, ABplappap, 0, 0, 0, 0, , 0, 0, 0, 0, 0, 
450, 1, 439, 458, -1, 249, 165, 116.0, 17, ABplapppa, 0, 0, 0, 0, , 0, 0, 0, 0, 0, 
451, 1, 440, 459, -1, 278, 172, 120.0, 17, ABplapppp, 0, 0, 0, 0, , 0, 0, 0, 0, 0, 
452, 1, 441, 460, -1, 169, 145, 70.0, 17, ABplaapppa, 0, 0, 0, 0, , 0, 0, 0, 0, 0, 
453, 1, 431, 461, -1, 208, 149, 77.0, 17, ABplaapppp, 0, 0, 0, 0, , 0, 0, 0, 0, 0, 
454, 1, 442, 462, -1, 188, 151, 171.0, 16, MSaappa, 0, 0, 0, 0, , 0, 0, 0, 0, 0, 
455, 1, 443, 463, -1, 98, 140, 116.0, 16, MSapaaa, 0, 0, 0, 0, , 0, 0, 0, 0, 0, 
456, 1, 444, 464, -1, 124, 137, 119.0, 16, MSapaap, 0, 0, 0, 0, , 0, 0, 0, 0, 0, 
457, 1, 445, 465, -1, 140, 139, 106.0, 16, MSapapa, 0, 0, 0, 0, , 0, 0, 0, 0, 0, 
458, 1, 446, 466, -1, 163, 136, 97.0, 16, MSapapp, 0, 0, 0, 0, , 0, 0, 0, 0, 0, 
459, 1, 447, 467, -1, 155, 141, 124.0, 16, MSappaa, 0, 0, 0, 0, , 0, 0, 0, 0, 0, 
460, 1, 448, 468, -1, 184, 149, 131.0, 15, MSappap, 0, 0, 0, 0, , 0, 0, 0, 0, 0, 
461, 1, 449, 469, -1, 179, 149, 110.0, 14, MSapppa, 0, 0, 0, 0, , 0, 0, 0, 0, 0, 
462, 1, 450, 470, -1, 204, 128, 103.0, 14, MSapppp, 0, 0, 0, 0, , 0, 0, 0, 0, 0, 
463, 1, 451, 471, -1, 97, 85, 150.0, 15, MSpaaaa, 0, 0, 0, 0, , 0, 0, 0, 0, 0, 
464, 1, 452, 472, -1, 135, 68, 139.0, 15, MSpaaap, 0, 0, 0, 0, , 0, 0, 0, 0, 0, 
465, 1, 453, 473, -1, 135, 90, 145.0, 15, MSpaapa, 0, 0, 0, 0, , 0, 0, 0, 0, 0, 
466, 1, 454, 474, -1, 151, 104, 136.0, 15, MSpaapp, 0, 0, 0, 0, , 0, 0, 0, 0, 0, 
467, 1, 455, 475, -1, 169, 121, 158.0, 16, MSpapaa, 0, 0, 0, 0, , 0, 0, 0, 0, 0, 
468, 1, 456, 476, -1, 192, 122, 172.0, 16, MSpapap, 0, 0, 0, 0, , 0, 0, 0, 0, 0, 
469, 1, 457, 477, -1, 200, 137, 190.0, 14, MSpappa, 0, 0, 0, 0, , 0, 0, 0, 0, 0, 
470, 1, 458, 478, -1, 219, 128, 172.0, 16, MSpappp, 0, 0, 0, 0, , 0, 0, 0, 0, 0, 
471, 1, 459, 479, -1, 139, 84, 173.0, 14, MSppaap, 0, 0, 0, 0, , 0, 0, 0, 0, 0, 
472, 1, 460, 480, -1, 112, 83, 172.0, 14, MSppaaa, 0, 0, 0, 0, , 0, 0, 0, 0, 0, 
473, 1, 461, 481, -1, 149, 74, 158.0, 14, MSppapa, 0, 0, 0, 0, , 0, 0, 0, 0, 0, 
474, 1, 462, 482, -1, 176, 58, 149.0, 15, MSppapp, 0, 0, 0, 0, , 0, 0, 0, 0, 0, 
475, 1, 463, 483, -1, 161, 92, 172.0, 14, MSpppaa, 0, 0, 0, 0, , 0, 0, 0, 0, 0, 
476, 1, 464, 484, -1, 190, 97, 171.0, 16, MSpppap, 0, 0, 0, 0, , 0, 0, 0, 0, 0, 
477, 1, 465, 485, -1, 184, 70, 163.0, 14, MSppppa, 0, 0, 0, 0, , 0, 0, 0, 0, 0, 
478, 1, 466, 486, -1, 205, 77, 162.0, 13, MSppppp, 0, 0, 0, 0, , 0, 0, 0, 0, 0, 
479, 1, 467, 487, -1, 113, 56, 152.0, 17, ABpraaapa, 0, 0, 0, 0, , 0, 0, 0, 0, 0, 
480, 1, 468, 489, -1, 230, 129, 124.0, 16, Dapa, 0, 0, 0, 0, , 0, 0, 0, 0, 0, 
481, 1, 469, 490, -1, 262, 142, 132.0, 16, Dapp, 0, 0, 0, 0, , 0, 0, 0, 0, 0, 
482, 1, 470, 491, -1, 243, 94, 163.0, 16, Dppa, 0, 0, 0, 0, , 0, 0, 0, 0, 0, 
483, 1, 471, 492, -1, 280, 109, 151.0, 16, Dppp, 0, 0, 0, 0, , 0, 0, 0, 0, 0, 
484, 1, 472, 493, -1, 129, 38, 135.0, 14, ABpraapaa, 0, 0, 0, 0, , 0, 0, 0, 0, 0, 
485, 1, 473, 494, -1, 300, 93, 180.5, 18, ABprapppp, 0, 0, 0, 0, , 0, 0, 0, 0, 0, 
