1, 0, 1, -1, -1, 50, 112, 82.0, 9, , 85, 0, 0, 0, , 0, 0, 0, 0, 0, 
2, 0, 2, -1, -1, 156, 50, 174.0, 7, , 49, 0, 0, 0, , 0, 0, 0, 0, 0, 
3, 0, 3, -1, -1, 102, 50, 166.0, 9, , 45, 0, 0, 0, , 0, 0, 0, 0, 0, 
4, 0, 4, -1, -1, 103, 104, 203.0, 9, , 41, 0, 0, 0, , 0, 0, 0, 0, 0, 
5, 0, 6, -1, -1, 200, 55, 182.0, 8, , 14, 0, 0, 0, , 0, 0, 0, 0, 0, 
6, 0, 7, -1, -1, 98, 54, 161.0, 8, , 40, 0, 0, 0, , 0, 0, 0, 0, 0, 
7, 0, 8, -1, -1, 183, 89, 206.0, 9, , 32, 0, 0, 0, , 0, 0, 0, 0, 0, 
8, 0, 11, -1, -1, 206, 85, 203.0, 7, , 28, 0, 0, 0, , 0, 0, 0, 0, 0, 
9, 0, 12, -1, -1, 196, 67, 199.0, 7, , 40, 0, 0, 0, , 0, 0, 0, 0, 0, 
10, 0, 13, -1, -1, 197, 72, 191.0, 7, , 24, 0, 0, 0, , 0, 0, 0, 0, 0, 
11, 0, 14, -1, -1, 180, 31, 164.0, 7, , 25, 0, 0, 0, , 0, 0, 0, 0, 0, 
12, 0, 15, -1, -1, 151, 45, 175.0, 8, , 33, 0, 0, 0, , 0, 0, 0, 0, 0, 
13, 0, 17, -1, -1, 79, 69, 145.0, 8, , 25, 0, 0, 0, , 0, 0, 0, 0, 0, 
14, 0, 18, -1, -1, 163, 135, 202.0, 7, , 44, 0, 0, 0, , 0, 0, 0, 0, 0, 
15, 0, 19, -1, -1, 78, 107, 166.0, 8, , 29, 0, 0, 0, , 0, 0, 0, 0, 0, 
16, 0, 21, -1, -1, 196, 39, 137.0, 7, , 5, 0, 0, 0, , 0, 0, 0, 0, 0, 
17, 0, 22, -1, -1, 213, 82, 206.0, 7, , 30, 0, 0, 0, , 0, 0, 0, 0, 0, 
18, 0, 23, -1, -1, 218, 78, 185.0, 8, , 26, 0, 0, 0, , 0, 0, 0, 0, 0, 
19, 0, 24, -1, -1, 101, 51, 172.0, 7, , 43, 0, 0, 0, , 0, 0, 0, 0, 0, 
20, 0, 25, -1, -1, 129, 126, 200.0, 7, , 68, 0, 0, 0, , 0, 0, 0, 0, 0, 
21, 0, 26, -1, -1, 189, 69, 205.0, 9, , 39, 0, 0, 0, , 0, 0, 0, 0, 0, 
22, 0, 27, -1, -1, 279, 68, 165.0, 7, , 14, 0, 0, 0, , 0, 0, 0, 0, 0, 
23, 0, 28, -1, -1, 160, 129, 202.0, 9, , 20, 0, 0, 0, , 0, 0, 0, 0, 0, 
24, 0, 29, -1, -1, 195, 74, 197.0, 7, , 31, 0, 0, 0, , 0, 0, 0, 0, 0, 
25, 0, 30, -1, -1, 159, 89, 192.0, 8, , 27, 0, 0, 0, , 0, 0, 0, 0, 0, 
26, 0, 31, -1, -1, 142, 118, 202.0, 8, , 65, 0, 0, 0, , 0, 0, 0, 0, 0, 
27, 0, 32, -1, -1, 79, 69, 149.0, 9, , 35, 0, 0, 0, , 0, 0, 0, 0, 0, 
28, 0, 33, -1, -1, 135, 79, 189.0, 7, , 35, 0, 0, 0, , 0, 0, 0, 0, 0, 
29, 0, 34, -1, -1, 116, 115, 186.0, 9, , 68, 0, 0, 0, , 0, 0, 0, 0, 0, 
30, 0, 35, -1, -1, 176, 54, 190.0, 8, , 58, 0, 0, 0, , 0, 0, 0, 0, 0, 
31, 0, 36, -1, -1, 134, 91, 200.0, 8, , 16, 0, 0, 0, , 0, 0, 0, 0, 0, 
32, 0, 38, -1, -1, 142, 110, 201.0, 9, , 54, 0, 0, 0, , 0, 0, 0, 0, 0, 
33, 0, 39, -1, -1, 104, 60, 169.0, 9, , 16, 0, 0, 0, , 0, 0, 0, 0, 0, 
34, 0, 40, -1, -1, 278, 106, 193.0, 7, , 16, 0, 0, 0, , 0, 0, 0, 0, 0, 
35, 0, 40, -1, -1, 284, 105, 192.0, 8, , 38, 0, 0, 0, , 0, 0, 0, 0, 0, 
36, 0, 41, -1, -1, 224, 98, 204.0, 9, , 55, 0, 0, 0, , 0, 0, 0, 0, 0, 
37, 0, 42, -1, -1, 206, 109, 202.0, 7, , 20, 0, 0, 0, , 0, 0, 0, 0, 0, 
38, 0, 43, -1, -1, 128, 45, 132.0, 8, , 28, 0, 0, 0, , 0, 0, 0, 0, 0, 
39, 0, 44, -1, -1, 294, 78, 176.0, 9, , 66, 0, 0, 0, , 0, 0, 0, 0, 0, 
40, 0, 46, -1, -1, 103, 107, 199.0, 9, , 21, 0, 0, 0, , 0, 0, 0, 0, 0, 
41, 0, 47, -1, -1, 121, 133, 203.0, 9, , 35, 0, 0, 0, , 0, 0, 0, 0, 0, 
42, 0, 48, -1, -1, 234, 45, 149.0, 9, , 51, 0, 0, 0, , 0, 0, 0, 0, 0, 
43, 0, 49, -1, -1, 68, 111, 170.0, 11, , 71, 0, 0, 0, , 0, 0, 0, 0, 0, 
44, 0, 50, -1, -1, 160, 63, 188.0, 8, , 35, 0, 0, 0, , 0, 0, 0, 0, 0, 
45, 0, 52, -1, -1, 136, 80, 187.0, 8, , 35, 0, 0, 0, , 0, 0, 0, 0, 0, 
46, 0, 53, -1, -1, 135, 73, 184.0, 7, , 11, 0, 0, 0, , 0, 0, 0, 0, 0, 
47, 0, 54, -1, -1, 109, 57, 153.0, 9, , 35, 0, 0, 0, , 0, 0, 0, 0, 0, 
48, 0, 55, -1, -1, 302, 67, 144.0, 8, , 80, 0, 0, 0, , 0, 0, 0, 0, 0, 
49, 0, 56, -1, -1, 86, 72, 183.0, 8, , 18, 0, 0, 0, , 0, 0, 0, 0, 0, 
50, 0, 58, -1, -1, 152, 51, 184.0, 9, , 35, 0, 0, 0, , 0, 0, 0, 0, 0, 
51, 0, 59, -1, -1, 198, 72, 193.0, 9, , 19, 0, 0, 0, , 0, 0, 0, 0, 0, 
52, 0, 60, -1, -1, 183, 122, 197.0, 7, , 19, 0, 0, 0, , 0, 0, 0, 0, 0, 
53, 0, 61, -1, -1, 138, 109, 208.0, 7, , 15, 0, 0, 0, , 0, 0, 0, 0, 0, 
54, 0, 62, -1, -1, 68, 116, 180.0, 8, , 18, 0, 0, 0, , 0, 0, 0, 0, 0, 
55, 0, 63, -1, -1, 95, 70, 188.0, 8, , 36, 0, 0, 0, , 0, 0, 0, 0, 0, 
56, 0, 64, -1, -1, 145, 107, 204.0, 9, , 56, 0, 0, 0, , 0, 0, 0, 0, 0, 
57, 0, 66, -1, -1, 148, 99, 132.0, 9, , 74, 0, 0, 0, , 0, 0, 0, 0, 0, 
58, 0, 67, -1, -1, 103, 134, 148.0, 8, , 16, 0, 0, 0, , 0, 0, 0, 0, 0, 
59, 0, 68, -1, -1, 132, 137, 183.0, 11, , 42, 0, 0, 0, , 0, 0, 0, 0, 0, 
60, 0, 69, -1, -1, 228, 48, 145.0, 11, , 103, 0, 0, 0, , 0, 0, 0, 0, 0, 
61, 0, 71, -1, -1, 148, 114, 179.0, 8, , 16, 0, 0, 0, , 0, 0, 0, 0, 0, 
62, 0, 72, -1, -1, 144, 114, 187.0, 9, , 54, 0, 0, 0, , 0, 0, 0, 0, 0, 
63, 0, 73, -1, -1, 226, 76, 198.0, 11, , 50, 0, 0, 0, , 0, 0, 0, 0, 0, 
64, 0, 75, -1, -1, 245, 126, 195.0, 7, , 23, 0, 0, 0, , 0, 0, 0, 0, 0, 
65, 0, 76, -1, -1, 133, 133, 189.0, 9, , 25, 0, 0, 0, , 0, 0, 0, 0, 0, 
66, 0, 77, -1, -1, 221, 49, 145.0, 7, , 16, 0, 0, 0, , 0, 0, 0, 0, 0, 
67, 0, 79, -1, -1, 218, 79, 189.0, 11, , 50, 0, 0, 0, , 0, 0, 0, 0, 0, 
68, 0, 80, -1, -1, 90, 55, 131.0, 8, , 63, 0, 0, 0, , 0, 0, 0, 0, 0, 
69, 0, 81, -1, -1, 63, 109, 150.0, 9, , 109, 0, 0, 0, , 0, 0, 0, 0, 0, 
70, 0, 82, -1, -1, 183, 175, 161.0, 9, , 27, 0, 0, 0, , 0, 0, 0, 0, 0, 
71, 0, 83, -1, -1, 205, 170, 167.0, 7, , 30, 0, 0, 0, , 0, 0, 0, 0, 0, 
72, 0, 84, -1, -1, 125, 59, 182.0, 9, , 63, 0, 0, 0, , 0, 0, 0, 0, 0, 
73, 0, 85, -1, -1, 222, 80, 196.0, 7, , 13, 0, 0, 0, , 0, 0, 0, 0, 0, 
74, 0, 86, -1, -1, 136, 69, 194.0, 7, , 79, 0, 0, 0, , 0, 0, 0, 0, 0, 
75, 0, 87, -1, -1, 163, 71, 193.0, 8, , 30, 0, 0, 0, , 0, 0, 0, 0, 0, 
76, 0, 88, -1, -1, 163, 65, 202.0, 9, , 61, 0, 0, 0, , 0, 0, 0, 0, 0, 
77, 0, 89, -1, -1, 206, 78, 200.0, 8, , 41, 0, 0, 0, , 0, 0, 0, 0, 0, 
78, 0, 90, -1, -1, 229, 100, 207.0, 9, , 48, 0, 0, 0, , 0, 0, 0, 0, 0, 
79, 0, 91, -1, -1, 148, 110, 210.0, 7, , 59, 0, 0, 0, , 0, 0, 0, 0, 0, 
80, 0, 92, -1, -1, 132, 135, 178.0, 7, , 34, 0, 0, 0, , 0, 0, 0, 0, 0, 
81, 0, 93, -1, -1, 192, 169, 164.0, 8, , 15, 0, 0, 0, , 0, 0, 0, 0, 0, 
82, 0, 94, -1, -1, 164, 72, 197.0, 7, , 35, 0, 0, 0, , 0, 0, 0, 0, 0, 
83, 0, 95, -1, -1, 81, 168, 99.0, 8, , 13, 0, 0, 0, , 0, 0, 0, 0, 0, 
84, 0, 96, -1, -1, 63, 109, 176.0, 8, , 16, 0, 0, 0, , 0, 0, 0, 0, 0, 
85, 0, 97, -1, -1, 65, 97, 164.0, 9, , 40, 0, 0, 0, , 0, 0, 0, 0, 0, 
86, 0, 99, -1, -1, 64, 110, 171.0, 7, , 38, 0, 0, 0, , 0, 0, 0, 0, 0, 
87, 0, 100, -1, -1, 70, 108, 180.0, 8, , 27, 0, 0, 0, , 0, 0, 0, 0, 0, 
88, 0, 101, -1, -1, 135, 72, 187.0, 8, , 41, 0, 0, 0, , 0, 0, 0, 0, 0, 
89, 0, 102, -1, -1, 140, 115, 210.0, 8, , 113, 0, 0, 0, , 0, 0, 0, 0, 0, 
90, 0, 103, -1, -1, 131, 44, 139.0, 9, , 66, 0, 0, 0, , 0, 0, 0, 0, 0, 
91, 0, 104, -1, -1, 94, 134, 150.0, 8, , 7, 0, 0, 0, , 0, 0, 0, 0, 0, 
92, 0, 105, -1, -1, 65, 112, 148.0, 11, , 73, 0, 0, 0, , 0, 0, 0, 0, 0, 
93, 0, 106, -1, -1, 233, 47, 156.0, 9, , 32, 0, 0, 0, , 0, 0, 0, 0, 0, 
94, 0, 108, -1, -1, 82, 104, 160.0, 11, , 53, 0, 0, 0, , 0, 0, 0, 0, 0, 
95, 0, 109, -1, -1, 129, 47, 160.0, 9, , 10, 0, 0, 0, , 0, 0, 0, 0, 0, 
96, 0, 111, -1, -1, 155, 51, 177.0, 7, , 23, 0, 0, 0, , 0, 0, 0, 0, 0, 
97, 0, 112, -1, -1, 132, 130, 187.0, 7, , 26, 0, 0, 0, , 0, 0, 0, 0, 0, 
98, 0, 114, -1, -1, 259, 126, 192.0, 8, , 101, 0, 0, 0, , 0, 0, 0, 0, 0, 
99, 0, 115, -1, -1, 202, 81, 196.0, 7, , 14, 0, 0, 0, , 0, 0, 0, 0, 0, 
100, 0, 116, -1, -1, 117, 156, 140.0, 8, , 37, 0, 0, 0, , 0, 0, 0, 0, 0, 
101, 0, 117, -1, -1, 88, 67, 153.0, 8, , 39, 0, 0, 0, , 0, 0, 0, 0, 0, 
102, 0, 118, -1, -1, 157, 45, 175.0, 8, , 28, 0, 0, 0, , 0, 0, 0, 0, 0, 
103, 0, 119, -1, -1, 100, 127, 142.0, 8, , 18, 0, 0, 0, , 0, 0, 0, 0, 0, 
104, 0, 121, -1, -1, 116, 67, 154.0, 8, , 5, 0, 0, 0, , 0, 0, 0, 0, 0, 
105, 0, 122, -1, -1, 76, 64, 154.0, 8, , 6, 0, 0, 0, , 0, 0, 0, 0, 0, 
106, 0, 123, -1, -1, 74, 70, 157.0, 9, , 29, 0, 0, 0, , 0, 0, 0, 0, 0, 
107, 0, 124, -1, -1, 70, 78, 164.0, 7, , 36, 0, 0, 0, , 0, 0, 0, 0, 0, 
108, 0, 125, -1, -1, 104, 110, 159.0, 8, , 24, 0, 0, 0, , 0, 0, 0, 0, 0, 
109, 0, 126, -1, -1, 235, 47, 174.0, 8, , 6, 0, 0, 0, , 0, 0, 0, 0, 0, 
110, 0, 127, -1, -1, 248, 88, 195.0, 9, , 42, 0, 0, 0, , 0, 0, 0, 0, 0, 
111, 0, 128, -1, -1, 127, 97, 191.0, 8, , 25, 0, 0, 0, , 0, 0, 0, 0, 0, 
112, 0, 129, -1, -1, 254, 81, 193.0, 9, , 68, 0, 0, 0, , 0, 0, 0, 0, 0, 
113, 0, 130, -1, -1, 145, 93, 206.0, 9, , 83, 0, 0, 0, , 0, 0, 0, 0, 0, 
114, 0, 131, -1, -1, 205, 104, 206.0, 9, , 290, 0, 0, 0, , 0, 0, 0, 0, 0, 
115, 0, 132, -1, -1, 70, 108, 176.0, 7, , 19, 0, 0, 0, , 0, 0, 0, 0, 0, 
116, 0, 133, -1, -1, 303, 99, 189.0, 9, , 76, 0, 0, 0, , 0, 0, 0, 0, 0, 
117, 0, 134, -1, -1, 291, 81, 173.0, 8, , 44, 0, 0, 0, , 0, 0, 0, 0, 0, 
118, 0, 135, -1, -1, 92, 73, 176.0, 7, , 24, 0, 0, 0, , 0, 0, 0, 0, 0, 
119, 0, 136, -1, -1, 47, 111, 86.0, 9, , 164, 0, 0, 0, , 0, 0, 0, 0, 0, 
120, 0, 138, -1, -1, 100, 165, 117.0, 8, , 15, 0, 0, 0, , 0, 0, 0, 0, 0, 
121, 0, 139, -1, -1, 185, 40, 141.0, 7, , 28, 0, 0, 0, , 0, 0, 0, 0, 0, 
122, 0, 140, -1, -1, 262, 50, 138.0, 7, , 29, 0, 0, 0, , 0, 0, 0, 0, 0, 
123, 0, 141, -1, -1, 194, 41, 146.0, 8, , 23, 0, 0, 0, , 0, 0, 0, 0, 0, 
124, 0, 142, -1, -1, 296, 71, 149.0, 7, , 25, 0, 0, 0, , 0, 0, 0, 0, 0, 
125, 0, 143, -1, -1, 65, 110, 152.0, 11, , 147, 0, 0, 0, , 0, 0, 0, 0, 0, 
126, 0, 144, -1, -1, 104, 105, 166.0, 9, , 51, 0, 0, 0, , 0, 0, 0, 0, 0, 
127, 0, 145, -1, -1, 282, 66, 171.0, 11, , 80, 0, 0, 0, , 0, 0, 0, 0, 0, 
128, 0, 146, -1, -1, 102, 52, 175.0, 9, , 21, 0, 0, 0, , 0, 0, 0, 0, 0, 
129, 0, 147, -1, -1, 159, 69, 184.0, 8, , 19, 0, 0, 0, , 0, 0, 0, 0, 0, 
130, 0, 148, -1, -1, 279, 105, 188.0, 9, , 48, 0, 0, 0, , 0, 0, 0, 0, 0, 
131, 0, 149, -1, -1, 179, 57, 196.0, 7, , 28, 0, 0, 0, , 0, 0, 0, 0, 0, 
132, 0, 150, -1, -1, 142, 109, 211.0, 7, , 36, 0, 0, 0, , 0, 0, 0, 0, 0, 
133, 0, 151, -1, -1, 106, 56, 174.0, 9, , 50, 0, 0, 0, , 0, 0, 0, 0, 0, 
134, 0, 152, -1, -1, 136, 81, 193.0, 8, , 27, 0, 0, 0, , 0, 0, 0, 0, 0, 
135, 0, 153, -1, -1, 304, 71, 155.0, 7, , 24, 0, 0, 0, , 0, 0, 0, 0, 0, 
136, 0, 154, -1, -1, 127, 169, 113.0, 9, , 56, 0, 0, 0, , 0, 0, 0, 0, 0, 
137, 0, 155, -1, -1, 93, 110, 141.0, 11, , 64, 0, 0, 0, , 0, 0, 0, 0, 0, 
138, 0, 156, -1, -1, 156, 92, 149.0, 8, , 18, 0, 0, 0, , 0, 0, 0, 0, 0, 
139, 0, 158, -1, -1, 67, 113, 149.0, 8, , 38, 0, 0, 0, , 0, 0, 0, 0, 0, 
140, 0, 159, -1, -1, 136, 46, 161.0, 7, , 16, 0, 0, 0, , 0, 0, 0, 0, 0, 
141, 0, 160, -1, -1, 79, 80, 168.0, 8, , 13, 0, 0, 0, , 0, 0, 0, 0, 0, 
142, 0, 161, -1, -1, 101, 109, 165.0, 7, , 26, 0, 0, 0, , 0, 0, 0, 0, 0, 
143, 0, 162, -1, -1, 111, 119, 167.0, 9, , 36, 0, 0, 0, , 0, 0, 0, 0, 0, 
144, 0, 164, -1, -1, 307, 95, 176.0, 9, , 44, 0, 0, 0, , 0, 0, 0, 0, 0, 
145, 0, 165, -1, -1, 106, 99, 189.0, 9, , 18, 0, 0, 0, , 0, 0, 0, 0, 0, 
146, 0, 166, -1, -1, 184, 72, 200.0, 9, , 38, 0, 0, 0, , 0, 0, 0, 0, 0, 
147, 0, 167, -1, -1, 194, 76, 194.0, 8, , 32, 0, 0, 0, , 0, 0, 0, 0, 0, 
148, 0, 168, -1, -1, 207, 86, 200.0, 8, , 19, 0, 0, 0, , 0, 0, 0, 0, 0, 
149, 0, 169, -1, -1, 215, 83, 200.0, 9, , 38, 0, 0, 0, , 0, 0, 0, 0, 0, 
150, 0, 170, -1, -1, 272, 92, 197.0, 8, , 6, 0, 0, 0, , 0, 0, 0, 0, 0, 
151, 0, 171, -1, -1, 194, 110, 204.0, 9, , 25, 0, 0, 0, , 0, 0, 0, 0, 0, 
152, 0, 172, -1, -1, 246, 98, 202.0, 7, , 21, 0, 0, 0, , 0, 0, 0, 0, 0, 
153, 0, 173, -1, -1, 135, 43, 157.0, 8, , 21, 0, 0, 0, , 0, 0, 0, 0, 0, 
154, 0, 174, -1, -1, 163, 40, 156.0, 7, , 18, 0, 0, 0, , 0, 0, 0, 0, 0, 
155, 0, 175, -1, -1, 70, 107, 173.0, 8, , 12, 0, 0, 0, , 0, 0, 0, 0, 0, 
156, 0, 177, -1, -1, 156, 95, 153.0, 9, , 35, 0, 0, 0, , 0, 0, 0, 0, 0, 
157, 0, 178, -1, -1, 244, 129, 200.0, 9, , 54, 0, 0, 0, , 0, 0, 0, 0, 0, 
158, 0, 179, -1, -1, 105, 105, 164.0, 9, , 33, 0, 0, 0, , 0, 0, 0, 0, 0, 
159, 0, 180, -1, -1, 116, 110, 55.0, 8, , 9, 0, 0, 0, , 0, 0, 0, 0, 0, 
160, 0, 181, -1, -1, 92, 121, 86.0, 9, , 54, 0, 0, 0, , 0, 0, 0, 0, 0, 
161, 0, 182, -1, -1, 126, 132, 133.0, 7, , 8, 0, 0, 0, , 0, 0, 0, 0, 0, 
162, 0, 183, -1, -1, 149, 98, 146.0, 8, , 12, 0, 0, 0, , 0, 0, 0, 0, 0, 
163, 0, 184, -1, -1, 156, 52, 172.0, 11, , 36, 0, 0, 0, , 0, 0, 0, 0, 0, 
164, 0, 186, -1, -1, 236, 72, 176.0, 8, , 32, 0, 0, 0, , 0, 0, 0, 0, 0, 
165, 0, 187, -1, -1, 238, 76, 184.0, 7, , 21, 0, 0, 0, , 0, 0, 0, 0, 0, 
166, 0, 188, -1, -1, 83, 96, 182.0, 8, , 7, 0, 0, 0, , 0, 0, 0, 0, 0, 
167, 0, 191, -1, -1, 97, 127, 191.0, 8, , 18, 0, 0, 0, , 0, 0, 0, 0, 0, 
168, 0, 192, -1, -1, 117, 114, 188.0, 9, , 35, 0, 0, 0, , 0, 0, 0, 0, 0, 
169, 0, 193, -1, -1, 147, 115, 190.0, 9, , 60, 0, 0, 0, , 0, 0, 0, 0, 0, 
170, 0, 194, -1, -1, 162, 64, 197.0, 9, , 85, 0, 0, 0, , 0, 0, 0, 0, 0, 
171, 0, 195, -1, -1, 218, 124, 202.0, 9, , 25, 0, 0, 0, , 0, 0, 0, 0, 0, 
172, 0, 196, -1, -1, 179, 117, 201.0, 7, , 38, 0, 0, 0, , 0, 0, 0, 0, 0, 
173, 0, 197, -1, -1, 223, 126, 205.0, 9, , 65, 0, 0, 0, , 0, 0, 0, 0, 0, 
174, 0, 198, -1, -1, 143, 85, 206.0, 8, , 35, 0, 0, 0, , 0, 0, 0, 0, 0, 
175, 0, 199, -1, -1, 163, 134, 205.0, 7, , 20, 0, 0, 0, , 0, 0, 0, 0, 0, 
176, 0, 200, -1, -1, 179, 118, 205.0, 8, , 28, 0, 0, 0, , 0, 0, 0, 0, 0, 
177, 0, 201, -1, -1, 95, 123, 91.0, 9, , 77, 0, 0, 0, , 0, 0, 0, 0, 0, 
178, 0, 202, -1, -1, 113, 113, 173.0, 9, , 37, 0, 0, 0, , 0, 0, 0, 0, 0, 
179, 0, 203, -1, -1, 125, 101, 198.0, 8, , 36, 0, 0, 0, , 0, 0, 0, 0, 0, 
180, 0, 204, -1, -1, 127, 133, 208.0, 8, , 28, 0, 0, 0, , 0, 0, 0, 0, 0, 
181, 0, 205, -1, -1, 153, 37, 130.0, 7, , 45, 0, 0, 0, , 0, 0, 0, 0, 0, 
182, 0, 206, -1, -1, 181, 37, 169.0, 8, , 36, 0, 0, 0, , 0, 0, 0, 0, 0, 
183, 0, 207, -1, -1, 151, 52, 171.0, 7, , 8, 0, 0, 0, , 0, 0, 0, 0, 0, 
184, 0, 208, -1, -1, 135, 72, 190.0, 9, , 84, 0, 0, 0, , 0, 0, 0, 0, 0, 
185, 0, 210, -1, -1, 134, 97, 204.0, 8, , 17, 0, 0, 0, , 0, 0, 0, 0, 0, 
186, 0, 211, -1, -1, 167, 55, 117.0, 7, , 22, 0, 0, 0, , 0, 0, 0, 0, 0, 
187, 0, 212, -1, -1, 121, 151, 133.0, 7, , 20, 0, 0, 0, , 0, 0, 0, 0, 0, 
188, 0, 213, -1, -1, 121, 153, 136.0, 8, , 14, 0, 0, 0, , 0, 0, 0, 0, 0, 
189, 0, 214, -1, -1, 307, 75, 147.0, 9, , 43, 0, 0, 0, , 0, 0, 0, 0, 0, 
190, 0, 215, -1, -1, 87, 69, 174.0, 9, , 23, 0, 0, 0, , 0, 0, 0, 0, 0, 
191, 0, 216, -1, -1, 274, 89, 191.0, 8, , 32, 0, 0, 0, , 0, 0, 0, 0, 0, 
192, 0, 217, -1, -1, 267, 90, 193.0, 8, , 34, 0, 0, 0, , 0, 0, 0, 0, 0, 
193, 0, 220, -1, -1, 110, 82, 66.0, 8, , 8, 0, 0, 0, , 0, 0, 0, 0, 0, 
194, 0, 221, -1, -1, 135, 89, 70.0, 9, , 41, 0, 0, 0, , 0, 0, 0, 0, 0, 
195, 0, 222, -1, -1, 101, 93, 71.0, 7, , 27, 0, 0, 0, , 0, 0, 0, 0, 0, 
196, 0, 223, -1, -1, 134, 164, 84.0, 8, , 38, 0, 0, 0, , 0, 0, 0, 0, 0, 
197, 0, 224, -1, -1, 48, 110, 89.0, 9, , 66, 0, 0, 0, , 0, 0, 0, 0, 0, 
198, 0, 226, -1, -1, 137, 161, 91.0, 7, , 69, 0, 0, 0, , 0, 0, 0, 0, 0, 
199, 0, 227, -1, -1, 81, 169, 103.0, 8, , 20, 0, 0, 0, , 0, 0, 0, 0, 0, 
200, 0, 230, -1, -1, 49, 101, 121.0, 9, , 31, 0, 0, 0, , 0, 0, 0, 0, 0, 
201, 0, 231, -1, -1, 98, 56, 133.0, 8, , 25, 0, 0, 0, , 0, 0, 0, 0, 0, 
202, 0, 232, -1, -1, 162, 33, 128.0, 8, , 23, 0, 0, 0, , 0, 0, 0, 0, 0, 
203, 0, 233, -1, -1, 70, 159, 138.0, 8, , 32, 0, 0, 0, , 0, 0, 0, 0, 0, 
204, 0, 234, -1, -1, 152, 36, 132.0, 7, , 19, 0, 0, 0, , 0, 0, 0, 0, 0, 
205, 0, 235, -1, -1, 128, 38, 134.0, 9, , 65, 0, 0, 0, , 0, 0, 0, 0, 0, 
206, 0, 236, -1, -1, 131, 49, 132.0, 8, , 38, 0, 0, 0, , 0, 0, 0, 0, 0, 
207, 0, 237, -1, -1, 56, 79, 135.0, 8, , 23, 0, 0, 0, , 0, 0, 0, 0, 0, 
208, 0, 239, -1, -1, 85, 57, 136.0, 8, , 20, 0, 0, 0, , 0, 0, 0, 0, 0, 
209, 0, 240, -1, -1, 157, 30, 135.0, 7, , 32, 0, 0, 0, , 0, 0, 0, 0, 0, 
210, 0, 242, -1, -1, 118, 42, 136.0, 8, , 19, 0, 0, 0, , 0, 0, 0, 0, 0, 
211, 0, 243, -1, -1, 100, 62, 137.0, 8, , 4, 0, 0, 0, , 0, 0, 0, 0, 0, 
212, 0, 244, -1, -1, 213, 167, 140.0, 8, , 22, 0, 0, 0, , 0, 0, 0, 0, 0, 
213, 0, 246, -1, -1, 197, 43, 141.0, 8, , 5, 0, 0, 0, , 0, 0, 0, 0, 0, 
214, 0, 247, -1, -1, 60, 77, 140.0, 7, , 27, 0, 0, 0, , 0, 0, 0, 0, 0, 
215, 0, 248, -1, -1, 159, 36, 139.0, 8, , 22, 0, 0, 0, , 0, 0, 0, 0, 0, 
216, 0, 249, -1, -1, 114, 54, 144.0, 8, , 8, 0, 0, 0, , 0, 0, 0, 0, 0, 
217, 0, 250, -1, -1, 111, 61, 142.0, 9, , 28, 0, 0, 0, , 0, 0, 0, 0, 0, 
218, 0, 251, -1, -1, 108, 63, 152.0, 9, , 41, 0, 0, 0, , 0, 0, 0, 0, 0, 
219, 0, 252, -1, -1, 212, 174, 149.0, 8, , 16, 0, 0, 0, , 0, 0, 0, 0, 0, 
220, 0, 253, -1, -1, 105, 58, 148.0, 7, , 19, 0, 0, 0, , 0, 0, 0, 0, 0, 
221, 0, 254, -1, -1, 144, 164, 153.0, 8, , 20, 0, 0, 0, , 0, 0, 0, 0, 0, 
222, 0, 255, -1, -1, 85, 61, 153.0, 7, , 19, 0, 0, 0, , 0, 0, 0, 0, 0, 
223, 0, 256, -1, -1, 177, 36, 157.0, 8, , 21, 0, 0, 0, , 0, 0, 0, 0, 0, 
224, 0, 257, -1, -1, 212, 177, 155.0, 8, , 17, 0, 0, 0, , 0, 0, 0, 0, 0, 
225, 0, 258, -1, -1, 183, 31, 157.0, 8, , 20, 0, 0, 0, , 0, 0, 0, 0, 0, 
226, 0, 259, -1, -1, 116, 163, 155.0, 9, , 52, 0, 0, 0, , 0, 0, 0, 0, 0, 
227, 0, 260, -1, -1, 87, 66, 159.0, 9, , 17, 0, 0, 0, , 0, 0, 0, 0, 0, 
228, 0, 261, -1, -1, 117, 156, 159.0, 9, , 61, 0, 0, 0, , 0, 0, 0, 0, 0, 
229, 0, 262, -1, -1, 176, 37, 159.0, 8, , 8, 0, 0, 0, , 0, 0, 0, 0, 0, 
230, 0, 263, -1, -1, 116, 161, 164.0, 11, , 52, 0, 0, 0, , 0, 0, 0, 0, 0, 
231, 0, 264, -1, -1, 54, 108, 165.0, 9, , 16, 0, 0, 0, , 0, 0, 0, 0, 0, 
232, 0, 265, -1, -1, 95, 56, 166.0, 8, , 38, 0, 0, 0, , 0, 0, 0, 0, 0, 
233, 0, 267, -1, -1, 134, 44, 166.0, 9, , 54, 0, 0, 0, , 0, 0, 0, 0, 0, 
234, 0, 268, -1, -1, 279, 56, 168.0, 8, , 18, 0, 0, 0, , 0, 0, 0, 0, 0, 
235, 0, 269, -1, -1, 80, 80, 171.0, 9, , 26, 0, 0, 0, , 0, 0, 0, 0, 0, 
236, 0, 270, -1, -1, 91, 73, 173.0, 8, , 12, 0, 0, 0, , 0, 0, 0, 0, 0, 
237, 0, 271, -1, -1, 254, 62, 172.0, 7, , 16, 0, 0, 0, , 0, 0, 0, 0, 0, 
238, 0, 272, -1, -1, 126, 52, 173.0, 8, , 58, 0, 0, 0, , 0, 0, 0, 0, 0, 
239, 0, 273, -1, -1, 248, 59, 174.0, 8, , 25, 0, 0, 0, , 0, 0, 0, 0, 0, 
240, 0, 274, -1, -1, 188, 165, 173.0, 9, , 32, 0, 0, 0, , 0, 0, 0, 0, 0, 
241, 0, 275, -1, -1, 208, 165, 171.0, 8, , 28, 0, 0, 0, , 0, 0, 0, 0, 0, 
242, 0, 276, -1, -1, 126, 51, 176.0, 7, , 39, 0, 0, 0, , 0, 0, 0, 0, 0, 
243, 0, 277, -1, -1, 245, 60, 179.0, 7, , 14, 0, 0, 0, , 0, 0, 0, 0, 0, 
244, 0, 278, -1, -1, 285, 58, 176.0, 9, , 29, 0, 0, 0, , 0, 0, 0, 0, 0, 
245, 0, 279, -1, -1, 259, 57, 180.0, 8, , 20, 0, 0, 0, , 0, 0, 0, 0, 0, 
246, 0, 280, -1, -1, 127, 58, 178.0, 9, , 82, 0, 0, 0, , 0, 0, 0, 0, 0, 
247, 0, 281, -1, -1, 159, 53, 179.0, 9, , 51, 0, 0, 0, , 0, 0, 0, 0, 0, 
248, 0, 282, -1, -1, 298, 80, 177.0, 7, , 21, 0, 0, 0, , 0, 0, 0, 0, 0, 
249, 0, 283, -1, -1, 308, 101, 182.0, 9, , 15, 0, 0, 0, , 0, 0, 0, 0, 0, 
250, 0, 284, -1, -1, 126, 51, 179.0, 8, , 21, 0, 0, 0, , 0, 0, 0, 0, 0, 
251, 0, 285, -1, -1, 144, 116, 180.0, 8, , 34, 0, 0, 0, , 0, 0, 0, 0, 0, 
252, 0, 286, -1, -1, 198, 59, 186.0, 8, , 69, 0, 0, 0, , 0, 0, 0, 0, 0, 
253, 0, 287, -1, -1, 256, 62, 185.0, 8, , 22, 0, 0, 0, , 0, 0, 0, 0, 0, 
254, 0, 288, -1, -1, 117, 115, 183.0, 11, , 82, 0, 0, 0, , 0, 0, 0, 0, 0, 
255, 0, 289, -1, -1, 123, 55, 186.0, 9, , 39, 0, 0, 0, , 0, 0, 0, 0, 0, 
256, 0, 290, -1, -1, 305, 96, 185.0, 8, , 22, 0, 0, 0, , 0, 0, 0, 0, 0, 
257, 0, 292, -1, -1, 303, 96, 188.0, 9, , 69, 0, 0, 0, , 0, 0, 0, 0, 0, 
258, 0, 293, -1, -1, 255, 80, 191.0, 7, , 52, 0, 0, 0, , 0, 0, 0, 0, 0, 
259, 0, 294, -1, -1, 163, 71, 190.0, 7, , 33, 0, 0, 0, , 0, 0, 0, 0, 0, 
260, 0, 295, -1, -1, 242, 131, 191.0, 8, , 68, 0, 0, 0, , 0, 0, 0, 0, 0, 
261, 0, 296, -1, -1, 105, 119, 191.0, 7, , 74, 0, 0, 0, , 0, 0, 0, 0, 0, 
262, 0, 297, -1, -1, 275, 89, 195.0, 8, , 23, 0, 0, 0, , 0, 0, 0, 0, 0, 
263, 0, 298, -1, -1, 188, 92, 191.0, 8, , 6, 0, 0, 0, , 0, 0, 0, 0, 0, 
264, 0, 299, -1, -1, 246, 107, 188.0, 8, , 25, 0, 0, 0, , 0, 0, 0, 0, 0, 
265, 0, 301, -1, -1, 224, 70, 192.0, 8, , 29, 0, 0, 0, , 0, 0, 0, 0, 0, 
266, 0, 302, -1, -1, 125, 91, 199.0, 8, , 61, 0, 0, 0, , 0, 0, 0, 0, 0, 
267, 0, 303, -1, -1, 261, 124, 198.0, 8, , 30, 0, 0, 0, , 0, 0, 0, 0, 0, 
268, 0, 304, -1, -1, 205, 103, 194.0, 7, , 18, 0, 0, 0, , 0, 0, 0, 0, 0, 
269, 0, 305, -1, -1, 224, 75, 201.0, 8, , 32, 0, 0, 0, , 0, 0, 0, 0, 0, 
270, 0, 307, -1, -1, 248, 86, 200.0, 9, , 79, 0, 0, 0, , 0, 0, 0, 0, 0, 
271, 0, 308, -1, -1, 127, 95, 198.0, 8, , 26, 0, 0, 0, , 0, 0, 0, 0, 0, 
272, 0, 309, -1, -1, 103, 120, 201.0, 8, , 14, 0, 0, 0, , 0, 0, 0, 0, 0, 
273, 0, 310, -1, -1, 256, 83, 198.0, 7, , 43, 0, 0, 0, , 0, 0, 0, 0, 0, 
274, 0, 311, -1, -1, 169, 103, 204.0, 9, , 37, 0, 0, 0, , 0, 0, 0, 0, 0, 
275, 0, 312, -1, -1, 205, 83, 209.0, 9, , 49, 0, 0, 0, , 0, 0, 0, 0, 0, 
276, 0, 313, -1, -1, 172, 103, 207.0, 8, , 25, 0, 0, 0, , 0, 0, 0, 0, 0, 
277, 0, 315, -1, -1, 301, 74, 151.0, 9, , 36, 0, 0, 0, , 0, 0, 0, 0, 0, 
278, 0, 316, -1, -1, 100, 60, 163.0, 8, , 31, 0, 0, 0, , 0, 0, 0, 0, 0, 
279, 0, 318, -1, -1, 298, 80, 175.0, 7, , 21, 0, 0, 0, , 0, 0, 0, 0, 0, 
280, 0, 319, -1, -1, 249, 85, 190.0, 9, , 75, 0, 0, 0, , 0, 0, 0, 0, 0, 
281, 0, 320, -1, -1, 98, 125, 194.0, 9, , 88, 0, 0, 0, , 0, 0, 0, 0, 0, 
282, 0, 321, -1, -1, 207, 85, 197.0, 7, , 28, 0, 0, 0, , 0, 0, 0, 0, 0, 
283, 0, 322, -1, -1, 126, 92, 193.0, 8, , 49, 0, 0, 0, , 0, 0, 0, 0, 0, 
284, 0, 324, -1, -1, 158, 132, 210.0, 9, , 33, 0, 0, 0, , 0, 0, 0, 0, 0, 
285, 0, 326, -1, -1, 101, 89, 66.0, 9, , 34, 0, 0, 0, , 0, 0, 0, 0, 0, 
286, 0, 327, -1, -1, 167, 120, 72.0, 9, , 5, 0, 0, 0, , 0, 0, 0, 0, 0, 
287, 0, 328, -1, -1, 137, 89, 75.0, 8, , 5, 0, 0, 0, , 0, 0, 0, 0, 0, 
288, 0, 329, -1, -1, 132, 166, 92.0, 7, , 37, 0, 0, 0, , 0, 0, 0, 0, 0, 
289, 0, 330, -1, -1, 84, 160, 106.0, 7, , 22, 0, 0, 0, , 0, 0, 0, 0, 0, 
290, 0, 332, -1, -1, 41, 104, 118.0, 8, , 20, 0, 0, 0, , 0, 0, 0, 0, 0, 
291, 0, 333, -1, -1, 61, 79, 129.0, 7, , 12, 0, 0, 0, , 0, 0, 0, 0, 0, 
292, 0, 334, -1, -1, 72, 159, 132.0, 8, , 30, 0, 0, 0, , 0, 0, 0, 0, 0, 
293, 0, 335, -1, -1, 96, 64, 133.0, 8, , 66, 0, 0, 0, , 0, 0, 0, 0, 0, 
294, 0, 336, -1, -1, 189, 34, 132.0, 9, , 17, 0, 0, 0, , 0, 0, 0, 0, 0, 
295, 0, 337, -1, -1, 77, 150, 138.0, 8, , 5, 0, 0, 0, , 0, 0, 0, 0, 0, 
296, 0, 338, -1, -1, 187, 30, 139.0, 9, , 57, 0, 0, 0, , 0, 0, 0, 0, 0, 
297, 0, 339, -1, -1, 89, 61, 140.0, 7, , 43, 0, 0, 0, , 0, 0, 0, 0, 0, 
298, 0, 342, -1, -1, 153, 97, 142.0, 9, , 24, 0, 0, 0, , 0, 0, 0, 0, 0, 
299, 0, 343, -1, -1, 212, 167, 146.0, 9, , 51, 0, 0, 0, , 0, 0, 0, 0, 0, 
300, 0, 345, -1, -1, 129, 141, 162.0, 8, , 16, 0, 0, 0, , 0, 0, 0, 0, 0, 
301, 0, 346, -1, -1, 177, 39, 165.0, 11, , 96, 0, 0, 0, , 0, 0, 0, 0, 0, 
302, 0, 347, -1, -1, 229, 43, 171.0, 7, , 7, 0, 0, 0, , 0, 0, 0, 0, 0, 
303, 0, 348, -1, -1, 281, 56, 170.0, 8, , 20, 0, 0, 0, , 0, 0, 0, 0, 0, 
304, 0, 349, -1, -1, 87, 149, 175.0, 8, , 36, 0, 0, 0, , 0, 0, 0, 0, 0, 
305, 0, 350, -1, -1, 204, 169, 178.0, 9, , 18, 0, 0, 0, , 0, 0, 0, 0, 0, 
306, 0, 351, -1, -1, 160, 47, 184.0, 8, , 38, 0, 0, 0, , 0, 0, 0, 0, 0, 
307, 0, 352, -1, -1, 223, 71, 183.0, 8, , 15, 0, 0, 0, , 0, 0, 0, 0, 0, 
308, 0, 353, -1, -1, 164, 63, 187.0, 9, , 177, 0, 0, 0, , 0, 0, 0, 0, 0, 
309, 0, 354, -1, -1, 262, 121, 183.0, 9, , 68, 0, 0, 0, , 0, 0, 0, 0, 0, 
310, 0, 355, -1, -1, 150, 114, 185.0, 7, , 45, 0, 0, 0, , 0, 0, 0, 0, 0, 
311, 0, 356, -1, -1, 163, 68, 193.0, 9, , 24, 0, 0, 0, , 0, 0, 0, 0, 0, 
312, 0, 357, -1, -1, 164, 62, 192.0, 8, , 40, 0, 0, 0, , 0, 0, 0, 0, 0, 
313, 0, 358, -1, -1, 219, 71, 194.0, 9, , 15, 0, 0, 0, , 0, 0, 0, 0, 0, 
314, 0, 359, -1, -1, 159, 136, 198.0, 9, , 39, 0, 0, 0, , 0, 0, 0, 0, 0, 
315, 0, 360, -1, -1, 135, 72, 199.0, 9, , 91, 0, 0, 0, , 0, 0, 0, 0, 0, 
316, 0, 361, -1, -1, 98, 123, 199.0, 8, , 75, 0, 0, 0, , 0, 0, 0, 0, 0, 
317, 0, 362, -1, -1, 126, 92, 204.0, 9, , 58, 0, 0, 0, , 0, 0, 0, 0, 0, 
318, 0, 363, -1, -1, 165, 108, 209.0, 7, , 73, 0, 0, 0, , 0, 0, 0, 0, 0, 
319, 0, 364, -1, -1, 94, 109, 137.0, 7, , 25, 0, 0, 0, , 0, 0, 0, 0, 0, 
320, 0, 365, -1, -1, 227, 74, 189.0, 11, , 16, 0, 0, 0, , 0, 0, 0, 0, 0, 
321, 0, 366, -1, -1, 135, 73, 204.0, 9, , 40, 0, 0, 0, , 0, 0, 0, 0, 0, 
322, 0, 367, -1, -1, 175, 121, 203.0, 8, , 7, 0, 0, 0, , 0, 0, 0, 0, 0, 
323, 0, 368, -1, -1, 127, 96, 210.0, 8, , 32, 0, 0, 0, , 0, 0, 0, 0, 0, 
324, 0, 369, -1, -1, 115, 66, 90.0, 9, , 41, 0, 0, 0, , 0, 0, 0, 0, 0, 
325, 0, 370, -1, -1, 74, 145, 98.0, 8, , 28, 0, 0, 0, , 0, 0, 0, 0, 0, 
326, 0, 371, -1, -1, 295, 159, 110.0, 8, , 5, 0, 0, 0, , 0, 0, 0, 0, 0, 
327, 0, 372, -1, -1, 119, 175, 133.0, 9, , 38, 0, 0, 0, , 0, 0, 0, 0, 0, 
328, 0, 373, -1, -1, 96, 148, 167.0, 8, , 11, 0, 0, 0, , 0, 0, 0, 0, 0, 
329, 0, 374, -1, -1, 42, 104, 114.0, 8, , 17, 0, 0, 0, , 0, 0, 0, 0, 0, 
330, 0, 376, -1, -1, 311, 93, 158.0, 8, , 16, 0, 0, 0, , 0, 0, 0, 0, 0, 
331, 0, 377, -1, -1, 189, 164, 177.0, 9, , 40, 0, 0, 0, , 0, 0, 0, 0, 0, 
332, 0, 378, -1, -1, 258, 130, 184.0, 7, , 33, 0, 0, 0, , 0, 0, 0, 0, 0, 
333, 0, 379, -1, -1, 166, 84, 191.0, 7, , 38, 0, 0, 0, , 0, 0, 0, 0, 0, 
334, 0, 380, -1, -1, 208, 130, 192.0, 8, , 22, 0, 0, 0, , 0, 0, 0, 0, 0, 
335, 0, 381, -1, -1, 266, 123, 194.0, 7, , 39, 0, 0, 0, , 0, 0, 0, 0, 0, 
336, 0, 382, -1, -1, 247, 109, 195.0, 9, , 54, 0, 0, 0, , 0, 0, 0, 0, 0, 
337, 0, 383, -1, -1, 204, 96, 203.0, 8, , 191, 0, 0, 0, , 0, 0, 0, 0, 0, 
338, 0, 384, -1, -1, 127, 124, 49.0, 8, , 14, 0, 0, 0, , 0, 0, 0, 0, 0, 
339, 0, 385, -1, -1, 125, 119, 51.0, 8, , 20, 0, 0, 0, , 0, 0, 0, 0, 0, 
340, 0, 386, -1, -1, 98, 84, 68.0, 9, , 33, 0, 0, 0, , 0, 0, 0, 0, 0, 
341, 0, 387, -1, -1, 133, 81, 69.0, 9, , 18, 0, 0, 0, , 0, 0, 0, 0, 0, 
342, 0, 388, -1, -1, 114, 149, 72.0, 9, , 60, 0, 0, 0, , 0, 0, 0, 0, 0, 
343, 0, 389, -1, -1, 117, 65, 78.0, 9, , 25, 0, 0, 0, , 0, 0, 0, 0, 0, 
344, 0, 390, -1, -1, 105, 86, 77.0, 8, , 13, 0, 0, 0, , 0, 0, 0, 0, 0, 
345, 0, 391, -1, -1, 272, 157, 86.0, 8, , 11, 0, 0, 0, , 0, 0, 0, 0, 0, 
346, 0, 392, -1, -1, 92, 125, 84.0, 9, , 35, 0, 0, 0, , 0, 0, 0, 0, 0, 
347, 0, 393, -1, -1, 94, 151, 93.0, 8, , 29, 0, 0, 0, , 0, 0, 0, 0, 0, 
348, 0, 394, -1, -1, 187, 172, 94.0, 9, , 8, 0, 0, 0, , 0, 0, 0, 0, 0, 
349, 0, 395, -1, -1, 78, 126, 97.0, 7, , 15, 0, 0, 0, , 0, 0, 0, 0, 0, 
350, 0, 396, -1, -1, 143, 55, 95.0, 9, , 15, 0, 0, 0, , 0, 0, 0, 0, 0, 
351, 0, 397, -1, -1, 94, 152, 97.0, 8, , 58, 0, 0, 0, , 0, 0, 0, 0, 0, 
352, 0, 398, -1, -1, 74, 146, 101.0, 8, , 15, 0, 0, 0, , 0, 0, 0, 0, 0, 
353, 0, 399, -1, -1, 82, 125, 105.0, 11, , 37, 0, 0, 0, , 0, 0, 0, 0, 0, 
354, 0, 400, -1, -1, 82, 170, 107.0, 8, , 44, 0, 0, 0, , 0, 0, 0, 0, 0, 
355, 0, 401, -1, -1, 160, 173, 107.0, 9, , 28, 0, 0, 0, , 0, 0, 0, 0, 0, 
356, 0, 402, -1, -1, 84, 161, 110.0, 7, , 31, 0, 0, 0, , 0, 0, 0, 0, 0, 
357, 0, 403, -1, -1, 82, 166, 114.0, 9, , 48, 0, 0, 0, , 0, 0, 0, 0, 0, 
358, 0, 404, -1, -1, 55, 87, 113.0, 9, , 16, 0, 0, 0, , 0, 0, 0, 0, 0, 
359, 0, 405, -1, -1, 138, 179, 124.0, 8, , 68, 0, 0, 0, , 0, 0, 0, 0, 0, 
360, 0, 407, -1, -1, 45, 106, 128.0, 8, , 21, 0, 0, 0, , 0, 0, 0, 0, 0, 
361, 0, 408, -1, -1, 67, 77, 129.0, 7, , 23, 0, 0, 0, , 0, 0, 0, 0, 0, 
362, 0, 409, -1, -1, 118, 174, 130.0, 7, , 25, 0, 0, 0, , 0, 0, 0, 0, 0, 
363, 0, 410, -1, -1, 148, 99, 130.0, 9, , 50, 0, 0, 0, , 0, 0, 0, 0, 0, 
364, 0, 411, -1, -1, 185, 38, 135.0, 8, , 8, 0, 0, 0, , 0, 0, 0, 0, 0, 
365, 0, 412, -1, -1, 71, 150, 137.0, 8, , 13, 0, 0, 0, , 0, 0, 0, 0, 0, 
366, 0, 413, -1, -1, 151, 40, 137.0, 8, , 15, 0, 0, 0, , 0, 0, 0, 0, 0, 
367, 0, 414, -1, -1, 61, 84, 139.0, 8, , 13, 0, 0, 0, , 0, 0, 0, 0, 0, 
368, 0, 415, -1, -1, 129, 126, 132.0, 11, , 66, 0, 0, 0, , 0, 0, 0, 0, 0, 
369, 0, 416, -1, -1, 249, 170, 139.0, 7, , 18, 0, 0, 0, , 0, 0, 0, 0, 0, 
370, 0, 417, -1, -1, 88, 168, 139.0, 9, , 42, 0, 0, 0, , 0, 0, 0, 0, 0, 
371, 0, 418, -1, -1, 67, 157, 140.0, 7, , 15, 0, 0, 0, , 0, 0, 0, 0, 0, 
372, 0, 419, -1, -1, 264, 47, 145.0, 9, , 26, 0, 0, 0, , 0, 0, 0, 0, 0, 
373, 0, 420, -1, -1, 192, 34, 145.0, 7, , 21, 0, 0, 0, , 0, 0, 0, 0, 0, 
374, 0, 421, -1, -1, 96, 111, 148.0, 8, , 21, 0, 0, 0, , 0, 0, 0, 0, 0, 
375, 0, 422, -1, -1, 76, 155, 147.0, 7, , 14, 0, 0, 0, , 0, 0, 0, 0, 0, 
376, 0, 423, -1, -1, 109, 65, 148.0, 9, , 18, 0, 0, 0, , 0, 0, 0, 0, 0, 
377, 0, 424, -1, -1, 92, 168, 147.0, 9, , 54, 0, 0, 0, , 0, 0, 0, 0, 0, 
378, 0, 425, -1, -1, 126, 122, 149.0, 9, , 19, 0, 0, 0, , 0, 0, 0, 0, 0, 
379, 0, 426, -1, -1, 187, 178, 150.0, 9, , 40, 0, 0, 0, , 0, 0, 0, 0, 0, 
380, 0, 427, -1, -1, 128, 45, 154.0, 7, , 29, 0, 0, 0, , 0, 0, 0, 0, 0, 
381, 0, 428, -1, -1, 82, 70, 156.0, 7, , 19, 0, 0, 0, , 0, 0, 0, 0, 0, 
382, 0, 430, -1, -1, 62, 96, 160.0, 8, , 28, 0, 0, 0, , 0, 0, 0, 0, 0, 
383, 0, 431, -1, -1, 103, 108, 160.0, 8, , 24, 0, 0, 0, , 0, 0, 0, 0, 0, 
384, 0, 432, -1, -1, 90, 146, 165.0, 8, , 35, 0, 0, 0, , 0, 0, 0, 0, 0, 
385, 0, 433, -1, -1, 182, 31, 161.0, 7, , 60, 0, 0, 0, , 0, 0, 0, 0, 0, 
386, 0, 434, -1, -1, 84, 110, 163.0, 8, , 31, 0, 0, 0, , 0, 0, 0, 0, 0, 
387, 0, 435, -1, -1, 53, 95, 166.0, 9, , 24, 0, 0, 0, , 0, 0, 0, 0, 0, 
388, 0, 436, -1, -1, 90, 105, 167.0, 7, , 16, 0, 0, 0, , 0, 0, 0, 0, 0, 
389, 0, 437, -1, -1, 238, 162, 166.0, 7, , 24, 0, 0, 0, , 0, 0, 0, 0, 0, 
390, 0, 438, -1, -1, 275, 60, 165.0, 9, , 18, 0, 0, 0, , 0, 0, 0, 0, 0, 
391, 0, 439, -1, -1, 66, 95, 167.0, 8, , 10, 0, 0, 0, , 0, 0, 0, 0, 0, 
392, 0, 440, -1, -1, 74, 76, 167.0, 8, , 26, 0, 0, 0, , 0, 0, 0, 0, 0, 
393, 0, 441, -1, -1, 88, 147, 169.0, 9, , 34, 0, 0, 0, , 0, 0, 0, 0, 0, 
394, 0, 442, -1, -1, 179, 38, 167.0, 9, , 88, 0, 0, 0, , 0, 0, 0, 0, 0, 
395, 0, 443, -1, -1, 274, 63, 169.0, 9, , 27, 0, 0, 0, , 0, 0, 0, 0, 0, 
396, 0, 444, -1, -1, 290, 82, 171.0, 11, , 77, 0, 0, 0, , 0, 0, 0, 0, 0, 
397, 0, 445, -1, -1, 284, 61, 173.0, 8, , 19, 0, 0, 0, , 0, 0, 0, 0, 0, 
398, 0, 446, -1, -1, 70, 83, 175.0, 7, , 15, 0, 0, 0, , 0, 0, 0, 0, 0, 
399, 0, 447, -1, -1, 234, 160, 174.0, 8, , 30, 0, 0, 0, , 0, 0, 0, 0, 0, 
400, 0, 448, -1, -1, 86, 70, 178.0, 9, , 34, 0, 0, 0, , 0, 0, 0, 0, 0, 
401, 0, 449, -1, -1, 116, 116, 177.0, 9, , 45, 0, 0, 0, , 0, 0, 0, 0, 0, 
402, 0, 450, -1, -1, 63, 131, 177.0, 9, , 12, 0, 0, 0, , 0, 0, 0, 0, 0, 
403, 0, 451, -1, -1, 304, 94, 179.0, 9, , 40, 0, 0, 0, , 0, 0, 0, 0, 0, 
404, 0, 452, -1, -1, 189, 163, 180.0, 7, , 27, 0, 0, 0, , 0, 0, 0, 0, 0, 
405, 0, 453, -1, -1, 230, 48, 182.0, 9, , 26, 0, 0, 0, , 0, 0, 0, 0, 0, 
406, 0, 454, -1, -1, 235, 74, 179.0, 8, , 26, 0, 0, 0, , 0, 0, 0, 0, 0, 
407, 0, 455, -1, -1, 210, 167, 183.0, 9, , 32, 0, 0, 0, , 0, 0, 0, 0, 0, 
408, 0, 456, -1, -1, 134, 139, 186.0, 8, , 36, 0, 0, 0, , 0, 0, 0, 0, 0, 
409, 0, 457, -1, -1, 264, 120, 190.0, 8, , 63, 0, 0, 0, , 0, 0, 0, 0, 0, 
410, 0, 458, -1, -1, 241, 132, 195.0, 7, , 42, 0, 0, 0, , 0, 0, 0, 0, 0, 
411, 0, 459, -1, -1, 169, 88, 195.0, 8, , 33, 0, 0, 0, , 0, 0, 0, 0, 0, 
412, 0, 460, -1, -1, 178, 117, 198.0, 9, , 24, 0, 0, 0, , 0, 0, 0, 0, 0, 
413, 0, 461, -1, -1, 188, 95, 197.0, 7, , 7, 0, 0, 0, , 0, 0, 0, 0, 0, 
414, 0, 462, -1, -1, 249, 109, 198.0, 9, , 72, 0, 0, 0, , 0, 0, 0, 0, 0, 
415, 0, 463, -1, -1, 107, 101, 200.0, 9, , 16, 0, 0, 0, , 0, 0, 0, 0, 0, 
416, 0, 464, -1, -1, 190, 76, 198.0, 7, , 37, 0, 0, 0, , 0, 0, 0, 0, 0, 
417, 0, 465, -1, -1, 207, 129, 200.0, 9, , 38, 0, 0, 0, , 0, 0, 0, 0, 0, 
418, 0, 466, -1, -1, 219, 124, 204.0, 7, , 31, 0, 0, 0, , 0, 0, 0, 0, 0, 
419, 0, 467, -1, -1, 105, 98, 205.0, 8, , 6, 0, 0, 0, , 0, 0, 0, 0, 0, 
420, 0, 468, -1, -1, 127, 95, 208.0, 9, , 82, 0, 0, 0, , 0, 0, 0, 0, 0, 
421, 0, 469, -1, -1, 207, 99, 209.0, 8, , 29, 0, 0, 0, , 0, 0, 0, 0, 0, 
422, 0, 470, -1, -1, 220, 125, 209.0, 7, , 31, 0, 0, 0, , 0, 0, 0, 0, 0, 
423, 0, 471, -1, -1, 224, 100, 207.0, 8, , 28, 0, 0, 0, , 0, 0, 0, 0, 0, 
424, 0, 472, -1, -1, 147, 93, 211.0, 7, , 29, 0, 0, 0, , 0, 0, 0, 0, 0, 
425, 0, 474, -1, -1, 170, 121, 75.0, 9, , 22, 0, 0, 0, , 0, 0, 0, 0, 0, 
426, 0, 475, -1, -1, 95, 156, 91.0, 7, , 33, 0, 0, 0, , 0, 0, 0, 0, 0, 
427, 0, 476, -1, -1, 133, 165, 94.0, 11, , 104, 0, 0, 0, , 0, 0, 0, 0, 0, 
428, 0, 477, -1, -1, 100, 130, 148.0, 7, , 14, 0, 0, 0, , 0, 0, 0, 0, 0, 
429, 0, 478, -1, -1, 92, 169, 152.0, 7, , 17, 0, 0, 0, , 0, 0, 0, 0, 0, 
430, 0, 479, -1, -1, 289, 62, 149.0, 8, , 103, 0, 0, 0, , 0, 0, 0, 0, 0, 
431, 0, 480, -1, -1, 314, 93, 155.0, 7, , 39, 0, 0, 0, , 0, 0, 0, 0, 0, 
432, 0, 481, -1, -1, 67, 112, 156.0, 9, , 80, 0, 0, 0, , 0, 0, 0, 0, 0, 
433, 0, 482, -1, -1, 115, 163, 160.0, 7, , 32, 0, 0, 0, , 0, 0, 0, 0, 0, 
434, 0, 483, -1, -1, 102, 108, 162.0, 7, , 21, 0, 0, 0, , 0, 0, 0, 0, 0, 
435, 0, 484, -1, -1, 111, 116, 180.0, 7, , 27, 0, 0, 0, , 0, 0, 0, 0, 0, 
436, 0, 485, -1, -1, 93, 75, 180.0, 8, , 15, 0, 0, 0, , 0, 0, 0, 0, 0, 
437, 0, 486, -1, -1, 244, 61, 184.0, 8, , 15, 0, 0, 0, , 0, 0, 0, 0, 0, 
438, 0, 487, -1, -1, 137, 80, 196.0, 8, , 21, 0, 0, 0, , 0, 0, 0, 0, 0, 
439, 0, 488, -1, -1, 205, 84, 205.0, 7, , 29, 0, 0, 0, , 0, 0, 0, 0, 0, 
440, 0, 489, -1, -1, 148, 99, 135.0, 9, , 33, 0, 0, 0, , 0, 0, 0, 0, 0, 
441, 0, 490, -1, -1, 89, 168, 142.0, 9, , 98, 0, 0, 0, , 0, 0, 0, 0, 0, 
442, 0, 491, -1, -1, 203, 98, 197.0, 7, , 17, 0, 0, 0, , 0, 0, 0, 0, 0, 
443, 0, -1, -1, -1, 148, 56, 99.0, 9, , 19, 0, 0, 0, , 0, 0, 0, 0, 0, 
444, 0, -1, -1, -1, 171, 167, 117.0, 8, , 35, 0, 0, 0, , 0, 0, 0, 0, 0, 
445, 0, -1, -1, -1, 66, 74, 134.0, 8, , 53, 0, 0, 0, , 0, 0, 0, 0, 0, 
446, 0, -1, -1, -1, 102, 131, 174.0, 13, , 61, 0, 0, 0, , 0, 0, 0, 0, 0, 
447, 0, -1, -1, -1, 210, 165, 179.0, 9, , 52, 0, 0, 0, , 0, 0, 0, 0, 0, 
448, 0, -1, -1, -1, 177, 56, 183.0, 8, , 97, 0, 0, 0, , 0, 0, 0, 0, 0, 
449, 0, -1, -1, -1, 45, 104, 123.0, 9, , 58, 0, 0, 0, , 0, 0, 0, 0, 0, 
450, 0, -1, -1, -1, 76, 157, 136.0, 7, , 42, 0, 0, 0, , 0, 0, 0, 0, 0, 
451, 0, -1, -1, -1, 213, 177, 142.0, 9, , 53, 0, 0, 0, , 0, 0, 0, 0, 0, 
452, 0, -1, -1, -1, 290, 62, 143.0, 9, , 113, 0, 0, 0, , 0, 0, 0, 0, 0, 
453, 0, -1, -1, -1, 311, 93, 163.0, 9, , 51, 0, 0, 0, , 0, 0, 0, 0, 0, 
454, 0, -1, -1, -1, 280, 105, 184.0, 9, , 56, 0, 0, 0, , 0, 0, 0, 0, 0, 
455, 0, -1, -1, -1, 180, 98, 195.0, 7, , 38, 0, 0, 0, , 0, 0, 0, 0, 0, 
456, 0, -1, -1, -1, 88, 155, 171.0, 7, , 45, 0, 0, 0, , 0, 0, 0, 0, 0, 
457, 0, -1, -1, -1, 198, 57, 191.0, 9, , 38, 0, 0, 0, , 0, 0, 0, 0, 0, 
458, 0, -1, -1, -1, 115, 116, 53.0, 8, , 6, 0, 0, 0, , 0, 0, 0, 0, 0, 
459, 0, -1, -1, -1, 165, 103, 56.0, 8, , 6, 0, 0, 0, , 0, 0, 0, 0, 0, 
460, 0, -1, -1, -1, 164, 103, 60.0, 8, , 8, 0, 0, 0, , 0, 0, 0, 0, 0, 
461, 0, -1, -1, -1, 129, 149, 63.0, 9, , 17, 0, 0, 0, , 0, 0, 0, 0, 0, 
462, 0, -1, -1, -1, 95, 91, 68.0, 9, , 27, 0, 0, 0, , 0, 0, 0, 0, 0, 
463, 0, -1, -1, -1, 107, 85, 69.0, 8, , 28, 0, 0, 0, , 0, 0, 0, 0, 0, 
464, 0, -1, -1, -1, 86, 105, 70.0, 7, , 23, 0, 0, 0, , 0, 0, 0, 0, 0, 
465, 0, -1, -1, -1, 134, 80, 72.0, 11, , 17, 0, 0, 0, , 0, 0, 0, 0, 0, 
466, 0, -1, -1, -1, 134, 81, 79.0, 8, , 33, 0, 0, 0, , 0, 0, 0, 0, 0, 
467, 0, -1, -1, -1, 243, 157, 84.0, 9, , 50, 0, 0, 0, , 0, 0, 0, 0, 0, 
468, 0, -1, -1, -1, 82, 94, 87.0, 9, , 15, 0, 0, 0, , 0, 0, 0, 0, 0, 
469, 0, -1, -1, -1, 111, 66, 87.0, 9, , 22, 0, 0, 0, , 0, 0, 0, 0, 0, 
470, 0, -1, -1, -1, 144, 50, 87.0, 9, , 8, 0, 0, 0, , 0, 0, 0, 0, 0, 
471, 0, -1, -1, -1, 221, 150, 88.0, 9, , 21, 0, 0, 0, , 0, 0, 0, 0, 0, 
472, 0, -1, -1, -1, 73, 149, 90.0, 8, , 14, 0, 0, 0, , 0, 0, 0, 0, 0, 
473, 0, -1, -1, -1, 133, 165, 90.0, 9, , 53, 0, 0, 0, , 0, 0, 0, 0, 0, 
474, 0, -1, -1, -1, 69, 148, 91.0, 8, , 5, 0, 0, 0, , 0, 0, 0, 0, 0, 
475, 0, -1, -1, -1, 76, 144, 95.0, 8, , 12, 0, 0, 0, , 0, 0, 0, 0, 0, 
476, 0, -1, -1, -1, 82, 147, 95.0, 8, , 10, 0, 0, 0, , 0, 0, 0, 0, 0, 
477, 0, -1, -1, -1, 140, 53, 97.0, 7, , 13, 0, 0, 0, , 0, 0, 0, 0, 0, 
478, 0, -1, -1, -1, 81, 124, 102.0, 9, , 40, 0, 0, 0, , 0, 0, 0, 0, 0, 
479, 0, -1, -1, -1, 148, 33, 104.0, 9, , 6, 0, 0, 0, , 0, 0, 0, 0, 0, 
480, 0, -1, -1, -1, 161, 39, 106.0, 8, , 10, 0, 0, 0, , 0, 0, 0, 0, 0, 
481, 0, -1, -1, -1, 71, 104, 110.0, 8, , 10, 0, 0, 0, , 0, 0, 0, 0, 0, 
482, 0, -1, -1, -1, 68, 112, 112.0, 8, , 4, 0, 0, 0, , 0, 0, 0, 0, 0, 
483, 0, -1, -1, -1, 70, 156, 113.0, 9, , 37, 0, 0, 0, , 0, 0, 0, 0, 0, 
484, 0, -1, -1, -1, 148, 39, 114.0, 8, , 4, 0, 0, 0, , 0, 0, 0, 0, 0, 
485, 0, -1, -1, -1, 52, 100, 118.0, 9, , 40, 0, 0, 0, , 0, 0, 0, 0, 0, 
486, 0, -1, -1, -1, 139, 184, 120.0, 8, , 21, 0, 0, 0, , 0, 0, 0, 0, 0, 
487, 0, -1, -1, -1, 53, 108, 122.0, 8, , 3, 0, 0, 0, , 0, 0, 0, 0, 0, 
488, 0, -1, -1, -1, 102, 159, 122.0, 8, , 34, 0, 0, 0, , 0, 0, 0, 0, 0, 
489, 0, -1, -1, -1, 50, 109, 126.0, 8, , 19, 0, 0, 0, , 0, 0, 0, 0, 0, 
490, 0, -1, -1, -1, 159, 171, 129.0, 8, , 15, 0, 0, 0, , 0, 0, 0, 0, 0, 
491, 0, -1, -1, -1, 158, 30, 131.0, 7, , 26, 0, 0, 0, , 0, 0, 0, 0, 0, 
492, 0, -1, -1, -1, 49, 128, 132.0, 8, , 6, 0, 0, 0, , 0, 0, 0, 0, 0, 
493, 0, -1, -1, -1, 122, 172, 132.0, 7, , 8, 0, 0, 0, , 0, 0, 0, 0, 0, 
494, 0, -1, -1, -1, 63, 84, 134.0, 8, , 13, 0, 0, 0, , 0, 0, 0, 0, 0, 
495, 0, -1, -1, -1, 50, 130, 136.0, 9, , 18, 0, 0, 0, , 0, 0, 0, 0, 0, 
496, 0, -1, -1, -1, 215, 167, 136.0, 8, , 14, 0, 0, 0, , 0, 0, 0, 0, 0, 
497, 0, -1, -1, -1, 66, 74, 137.0, 8, , 21, 0, 0, 0, , 0, 0, 0, 0, 0, 
498, 0, -1, -1, -1, 185, 32, 137.0, 8, , 26, 0, 0, 0, , 0, 0, 0, 0, 0, 
499, 0, -1, -1, -1, 98, 113, 144.0, 11, , 46, 0, 0, 0, , 0, 0, 0, 0, 0, 
500, 0, -1, -1, -1, 101, 127, 144.0, 8, , 12, 0, 0, 0, , 0, 0, 0, 0, 0, 
501, 0, -1, -1, -1, 109, 60, 144.0, 9, , 51, 0, 0, 0, , 0, 0, 0, 0, 0, 
502, 0, -1, -1, -1, 259, 45, 149.0, 8, , 17, 0, 0, 0, , 0, 0, 0, 0, 0, 
503, 0, -1, -1, -1, 78, 62, 150.0, 9, , 25, 0, 0, 0, , 0, 0, 0, 0, 0, 
504, 0, -1, -1, -1, 210, 167, 151.0, 8, , 52, 0, 0, 0, , 0, 0, 0, 0, 0, 
505, 0, -1, -1, -1, 303, 64, 151.0, 8, , 50, 0, 0, 0, , 0, 0, 0, 0, 0, 
506, 0, -1, -1, -1, 126, 121, 152.0, 9, , 54, 0, 0, 0, , 0, 0, 0, 0, 0, 
507, 0, -1, -1, -1, 236, 48, 152.0, 8, , 23, 0, 0, 0, , 0, 0, 0, 0, 0, 
508, 0, -1, -1, -1, 45, 104, 155.0, 11, , 42, 0, 0, 0, , 0, 0, 0, 0, 0, 
509, 0, -1, -1, -1, 134, 119, 155.0, 8, , 8, 0, 0, 0, , 0, 0, 0, 0, 0, 
510, 0, -1, -1, -1, 209, 169, 157.0, 9, , 48, 0, 0, 0, , 0, 0, 0, 0, 0, 
511, 0, -1, -1, -1, 77, 66, 160.0, 8, , 31, 0, 0, 0, , 0, 0, 0, 0, 0, 
512, 0, -1, -1, -1, 68, 111, 161.0, 9, , 53, 0, 0, 0, , 0, 0, 0, 0, 0, 
513, 0, -1, -1, -1, 160, 44, 162.0, 8, , 13, 0, 0, 0, , 0, 0, 0, 0, 0, 
514, 0, -1, -1, -1, 177, 38, 163.0, 8, , 40, 0, 0, 0, , 0, 0, 0, 0, 0, 
515, 0, -1, -1, -1, 192, 153, 163.0, 9, , 6, 0, 0, 0, , 0, 0, 0, 0, 0, 
516, 0, -1, -1, -1, 108, 129, 167.0, 8, , 18, 0, 0, 0, , 0, 0, 0, 0, 0, 
517, 0, -1, -1, -1, 179, 32, 167.0, 7, , 32, 0, 0, 0, , 0, 0, 0, 0, 0, 
518, 0, -1, -1, -1, 68, 78, 168.0, 8, , 9, 0, 0, 0, , 0, 0, 0, 0, 0, 
519, 0, -1, -1, -1, 101, 50, 168.0, 8, , 35, 0, 0, 0, , 0, 0, 0, 0, 0, 
520, 0, -1, -1, -1, 84, 109, 169.0, 9, , 53, 0, 0, 0, , 0, 0, 0, 0, 0, 
521, 0, -1, -1, -1, 205, 164, 169.0, 7, , 16, 0, 0, 0, , 0, 0, 0, 0, 0, 
522, 0, -1, -1, -1, 94, 56, 171.0, 7, , 14, 0, 0, 0, , 0, 0, 0, 0, 0, 
523, 0, -1, -1, -1, 108, 56, 171.0, 8, , 27, 0, 0, 0, , 0, 0, 0, 0, 0, 
524, 0, -1, -1, -1, 132, 138, 172.0, 9, , 16, 0, 0, 0, , 0, 0, 0, 0, 0, 
525, 0, -1, -1, -1, 151, 48, 173.0, 8, , 35, 0, 0, 0, , 0, 0, 0, 0, 0, 
526, 0, -1, -1, -1, 208, 166, 174.0, 9, , 59, 0, 0, 0, , 0, 0, 0, 0, 0, 
527, 0, -1, -1, -1, 114, 116, 175.0, 7, , 31, 0, 0, 0, , 0, 0, 0, 0, 0, 
528, 0, -1, -1, -1, 148, 54, 178.0, 8, , 8, 0, 0, 0, , 0, 0, 0, 0, 0, 
529, 0, -1, -1, -1, 233, 166, 178.0, 8, , 28, 0, 0, 0, , 0, 0, 0, 0, 0, 
530, 0, -1, -1, -1, 284, 85, 179.0, 8, , 4, 0, 0, 0, , 0, 0, 0, 0, 0, 
531, 0, -1, -1, -1, 137, 140, 180.0, 8, , 21, 0, 0, 0, , 0, 0, 0, 0, 0, 
532, 0, -1, -1, -1, 296, 79, 181.0, 8, , 12, 0, 0, 0, , 0, 0, 0, 0, 0, 
533, 0, -1, -1, -1, 248, 53, 182.0, 8, , 15, 0, 0, 0, , 0, 0, 0, 0, 0, 
534, 0, -1, -1, -1, 285, 81, 182.0, 7, , 8, 0, 0, 0, , 0, 0, 0, 0, 0, 
535, 0, -1, -1, -1, 102, 123, 187.0, 8, , 36, 0, 0, 0, , 0, 0, 0, 0, 0, 
536, 0, -1, -1, -1, 180, 92, 194.0, 7, , 5, 0, 0, 0, , 0, 0, 0, 0, 0, 
537, 0, -1, -1, -1, 99, 97, 195.0, 8, , 8, 0, 0, 0, , 0, 0, 0, 0, 0, 
538, 0, -1, -1, -1, 207, 127, 195.0, 8, , 51, 0, 0, 0, , 0, 0, 0, 0, 0, 
539, 0, -1, -1, -1, 207, 86, 195.0, 7, , 33, 0, 0, 0, , 0, 0, 0, 0, 0, 
540, 0, -1, -1, -1, 105, 97, 197.0, 7, , 23, 0, 0, 0, , 0, 0, 0, 0, 0, 
541, 0, -1, -1, -1, 128, 133, 199.0, 7, , 29, 0, 0, 0, , 0, 0, 0, 0, 0, 
542, 0, -1, -1, -1, 163, 66, 200.0, 8, , 39, 0, 0, 0, , 0, 0, 0, 0, 0, 
543, 0, -1, -1, -1, 200, 108, 200.0, 8, , 25, 0, 0, 0, , 0, 0, 0, 0, 0, 
544, 0, -1, -1, -1, 98, 100, 202.0, 8, , 26, 0, 0, 0, , 0, 0, 0, 0, 0, 
545, 0, -1, -1, -1, 149, 116, 202.0, 7, , 11, 0, 0, 0, , 0, 0, 0, 0, 0, 
546, 0, -1, -1, -1, 215, 82, 202.0, 7, , 33, 0, 0, 0, , 0, 0, 0, 0, 0, 
547, 0, -1, -1, -1, 206, 77, 204.0, 7, , 25, 0, 0, 0, , 0, 0, 0, 0, 0, 
548, 0, -1, -1, -1, 220, 124, 206.0, 9, , 41, 0, 0, 0, , 0, 0, 0, 0, 0, 
549, 0, -1, -1, -1, 143, 87, 210.0, 8, , 50, 0, 0, 0, , 0, 0, 0, 0, 0, 
550, 0, -1, -1, -1, 91, 113, 68.0, 8, , 16, 0, 0, 0, , 0, 0, 0, 0, 0, 
551, 0, -1, -1, -1, 134, 82, 76.0, 8, , 29, 0, 0, 0, , 0, 0, 0, 0, 0, 
552, 0, -1, -1, -1, 129, 169, 116.0, 9, , 28, 0, 0, 0, , 0, 0, 0, 0, 0, 
553, 0, -1, -1, -1, 158, 29, 137.0, 7, , 24, 0, 0, 0, , 0, 0, 0, 0, 0, 
554, 0, -1, -1, -1, 301, 64, 154.0, 9, , 57, 0, 0, 0, , 0, 0, 0, 0, 0, 
555, 0, -1, -1, -1, 253, 63, 177.0, 8, , 9, 0, 0, 0, , 0, 0, 0, 0, 0, 
556, 0, -1, -1, -1, 156, 44, 178.0, 8, , 9, 0, 0, 0, , 0, 0, 0, 0, 0, 
557, 0, -1, -1, -1, 166, 89, 186.0, 8, , 13, 0, 0, 0, , 0, 0, 0, 0, 0, 
558, 0, -1, -1, -1, 201, 54, 186.0, 8, , 9, 0, 0, 0, , 0, 0, 0, 0, 0, 
559, 0, -1, -1, -1, 151, 49, 187.0, 9, , 24, 0, 0, 0, , 0, 0, 0, 0, 0, 
560, 0, -1, -1, -1, 166, 83, 188.0, 8, , 8, 0, 0, 0, , 0, 0, 0, 0, 0, 
561, 0, -1, -1, -1, 207, 133, 193.0, 7, , 8, 0, 0, 0, , 0, 0, 0, 0, 0, 
562, 0, -1, -1, -1, 103, 120, 197.0, 8, , 33, 0, 0, 0, , 0, 0, 0, 0, 0, 
563, 0, -1, -1, -1, 179, 90, 201.0, 7, , 18, 0, 0, 0, , 0, 0, 0, 0, 0, 
564, 0, -1, -1, -1, 188, 69, 203.0, 9, , 35, 0, 0, 0, , 0, 0, 0, 0, 0, 
565, 0, -1, -1, -1, 130, 127, 204.0, 8, , 14, 0, 0, 0, , 0, 0, 0, 0, 0, 
566, 0, -1, -1, -1, 92, 111, 70.0, 7, , 32, 0, 0, 0, , 0, 0, 0, 0, 0, 
567, 0, -1, -1, -1, 316, 91, 161.0, 7, , 12, 0, 0, 0, , 0, 0, 0, 0, 0, 
568, 1, 492, 594, -1, 258, 93, 133.0, 18, Eprp, 0, 0, 0, 0, , 0, 0, 0, 0, 0, 
569, 0, 493, -1, -1, 129, 43, 133.0, 11, , 0, 0, 0, 0, , 0, 0, 0, 0, 0, 
570, 1, 495, 602, -1, 168, 87, 195.0, 17, ABarappppp, 0, 0, 0, 0, , 0, 0, 0, 0, 0, 
571, 1, 496, 597, 598, 125, 95, 203.0, 16, ABarapppa, 0, 0, 0, 0, , 0, 0, 0, 0, 0, 
572, 1, 497, 599, -1, 144, 113, 208.0, 17, ABarappaa, 0, 0, 0, 0, , 0, 0, 0, 0, 0, 
573, 1, 498, 600, -1, 168, 103, 208.0, 17, ABarappap, 0, 0, 0, 0, , 0, 0, 0, 0, 0, 
574, 1, 494, 601, -1, 145, 91, 208.0, 17, ABarappppa, 0, 0, 0, 0, , 0, 0, 0, 0, 0, 
575, 1, 499, 603, -1, 101, 125, 195.0, 17, ABarapaaa, 0, 0, 0, 0, , 0, 0, 0, 0, 0, 
576, 1, 500, 604, -1, 115, 116, 181.0, 13, ABarapaapa, 0, 0, 0, 0, , 0, 0, 0, 0, 0, 
577, 1, 501, 605, -1, 135, 136, 183.0, 14, ABarapaapp, 0, 0, 0, 0, , 0, 0, 0, 0, 0, 
578, 1, 502, 606, -1, 159, 134, 202.0, 14, ABarapapap, 0, 0, 0, 0, , 0, 0, 0, 0, 0, 
579, 1, 503, 607, -1, 126, 133, 200.0, 15, ABarapapaa, 0, 0, 0, 0, , 0, 0, 0, 0, 0, 
580, 1, 504, 608, -1, 148, 116, 183.0, 14, ABarapappa, 0, 0, 0, 0, , 0, 0, 0, 0, 0, 
581, 1, 505, 609, -1, 181, 132, 187.0, 17, ABarapappp, 0, 0, 0, 0, , 0, 0, 0, 0, 0, 
582, 1, 507, 610, -1, 65, 111, 151.0, 12, ABaraapaaa, 0, 0, 0, 0, , 0, 0, 0, 0, 0, 
583, 1, 506, 611, -1, 95, 113, 142.0, 14, ABaraapaap, 0, 0, 0, 0, , 0, 0, 0, 0, 0, 
584, 1, 508, 612, -1, 101, 131, 145.0, 14, ABaraapapa, 0, 0, 0, 0, , 0, 0, 0, 0, 0, 
585, 1, 509, 613, -1, 126, 127, 133.0, 14, ABaraapapp, 0, 0, 0, 0, , 0, 0, 0, 0, 0, 
586, 1, 511, 615, -1, 127, 122, 155.0, 15, ABaraappap, 0, 0, 0, 0, , 0, 0, 0, 0, 0, 
587, 1, 510, 614, -1, 103, 106, 167.0, 15, ABaraappaa, 0, 0, 0, 0, , 0, 0, 0, 0, 0, 
588, 1, 512, 616, -1, 132, 105, 172.0, 17, ABaraapppa, 0, 0, 0, 0, , 0, 0, 0, 0, 0, 
589, 1, 513, 617, -1, 153, 96, 150.0, 16, ABaraapppp, 0, 0, 0, 0, , 0, 0, 0, 0, 0, 
590, 1, 514, 618, -1, 66, 111, 177.0, 15, ABaraaapaa, 0, 0, 0, 0, , 0, 0, 0, 0, 0, 
591, 1, 515, 619, -1, 89, 98, 182.0, 17, ABaraaapap, 0, 0, 0, 0, , 0, 0, 0, 0, 0, 
592, 1, 516, 620, -1, 103, 103, 198.0, 17, ABaraaapp, 0, 0, 0, 0, , 0, 0, 0, 0, 0, 
593, 1, 517, 621, -1, 57, 98, 163.0, 17, ABaraaaaa, 0, 0, 0, 0, , 0, 0, 0, 0, 0, 
594, 1, 518, 622, -1, 85, 106, 165.0, 18, ABaraaaap, 0, 0, 0, 0, , 0, 0, 0, 0, 0, 
595, 1, 519, 623, -1, 101, 129, 170.0, 17, ABalpaaap, 0, 0, 0, 0, , 0, 0, 0, 0, 0, 
596, 1, 520, 624, -1, 68, 131, 174.0, 19, ABalpaaaa, 0, 0, 0, 0, , 0, 0, 0, 0, 0, 
597, 1, 521, 625, -1, 52, 124, 146.0, 15, ABalpaapaa, 0, 0, 0, 0, , 0, 0, 0, 0, 0, 
598, 1, 522, 626, -1, 78, 133, 148.0, 16, ABalpaapap, 0, 0, 0, 0, , 0, 0, 0, 0, 0, 
599, 1, 523, 627, -1, 73, 155, 136.0, 16, ABalpaapp, 0, 0, 0, 0, , 0, 0, 0, 0, 0, 
600, 1, 524, 628, -1, 108, 147, 182.0, 17, ABalpappaa, 0, 0, 0, 0, , 0, 0, 0, 0, 0, 
601, 1, 525, 629, -1, 138, 157, 185.0, 15, ABalpappap, 0, 0, 0, 0, , 0, 0, 0, 0, 0, 
602, 1, 526, 630, -1, 125, 142, 163.0, 15, ABalpapppa, 0, 0, 0, 0, , 0, 0, 0, 0, 0, 
603, 1, 527, 631, -1, 162, 144, 179.0, 17, ABalpapppp, 0, 0, 0, 0, , 0, 0, 0, 0, 0, 
604, 1, 528, 632, -1, 66, 156, 116.0, 19, ABalppaaa, 0, 0, 0, 0, , 0, 0, 0, 0, 0, 
605, 1, 529, 633, -1, 84, 165, 108.0, 17, ABalppaap, 0, 0, 0, 0, , 0, 0, 0, 0, 0, 
606, 1, 531, 635, -1, 119, 174, 133.0, 13, ABalppapap, 0, 0, 0, 0, , 0, 0, 0, 0, 0, 
607, 1, 530, 634, -1, 90, 167, 142.0, 15, ABalppapaa, 0, 0, 0, 0, , 0, 0, 0, 0, 0, 
608, 1, 532, 636, -1, 117, 155, 136.0, 13, ABalppappa, 0, 0, 0, 0, , 0, 0, 0, 0, 0, 
609, 1, 533, 637, -1, 92, 150, 166.0, 15, ABalpapaa, 0, 0, 0, 0, , 0, 0, 0, 0, 0, 
610, 1, 534, 638, 639, 117, 158, 162.0, 15, ABalpapap, 0, 0, 0, 0, , 0, 0, 0, 0, 0, 
611, 1, 535, 640, -1, 146, 161, 147.0, 15, ABalppappp, 0, 0, 0, 0, , 0, 0, 0, 0, 0, 
612, 1, 536, 641, -1, 74, 145, 92.0, 17, ABalpppaa, 0, 0, 0, 0, , 0, 0, 0, 0, 0, 
613, 1, 539, 642, -1, 141, 130, 87.0, 15, ABalpppppp, 0, 0, 0, 0, , 0, 0, 0, 0, 0, 
614, 1, 540, 643, -1, 111, 138, 58.0, 15, ABalpppppa, 0, 0, 0, 0, , 0, 0, 0, 0, 0, 
615, 1, 542, 644, -1, 94, 123, 87.5, 13, ABalppppaa, 0, 0, 0, 0, , 0, 0, 0, 0, 0, 
616, 1, 541, 645, -1, 123, 129, 89.0, 11, ABalppppap, 0, 0, 0, 0, , 0, 0, 0, 0, 0, 
617, 1, 537, 646, -1, 94, 154, 90.0, 11, ABalpppapa, 0, 0, 0, 0, , 0, 0, 0, 0, 0, 
618, 0, 538, -1, -1, 114, 150, 73.0, 8, , 0, 0, 0, 0, , 0, 0, 0, 0, 0, 
619, 1, 543, 648, -1, 50, 105, 123.0, 16, ABalaaapa, 0, 0, 0, 0, , 0, 0, 0, 0, 0, 
620, 1, 544, 649, -1, 64, 78, 134.0, 16, ABalaaapp, 0, 0, 0, 0, , 0, 0, 0, 0, 0, 
621, 1, 545, 650, -1, 75, 80, 171.0, 17, ABalaapaa, 0, 0, 0, 0, , 0, 0, 0, 0, 0, 
622, 0, 546, -1, -1, 88, 79, 174.86667, 16, , 0, 0, 0, 0, , 0, 0, 0, 0, 0, 
623, 1, 547, 652, -1, 92, 71, 181.0, 15, ABalaapap, 0, 0, 0, 0, , 0, 0, 0, 0, 0, 
624, 1, 548, 653, -1, 46, 103, 148.0, 17, ABalaaaar, 0, 0, 0, 0, , 0, 0, 0, 0, 0, 
625, 1, 549, 654, -1, 53, 132, 130.0, 19, ABalaaaal, 0, 0, 0, 0, , 0, 0, 0, 0, 0, 
626, 1, 550, 655, -1, 91, 59, 133.0, 16, ABalaappp, 0, 0, 0, 0, , 0, 0, 0, 0, 0, 
627, 1, 551, 656, -1, 82, 65, 151.0, 17, ABalaappa, 0, 0, 0, 0, , 0, 0, 0, 0, 0, 
628, 1, 552, 657, -1, 80, 122, 102.0, 17, ABalapaap, 0, 0, 0, 0, , 0, 0, 0, 0, 0, 
629, 1, 553, 658, -1, 65, 108, 108.0, 17, ABalapaaa, 0, 0, 0, 0, , 0, 0, 0, 0, 0, 
630, 1, 554, 659, -1, 85, 97, 88.0, 15, ABalapapa, 0, 0, 0, 0, , 0, 0, 0, 0, 0, 
631, 1, 556, 660, -1, 110, 104, 88.0, 14, ABalapappa, 0, 0, 0, 0, , 0, 0, 0, 0, 0, 
632, 1, 555, 661, -1, 142, 108, 87.0, 14, ABalapappp, 0, 0, 0, 0, , 0, 0, 0, 0, 0, 
633, 1, 557, 662, -1, 58, 91, 107.0, 17, ABalappaa, 0, 0, 0, 0, , 0, 0, 0, 0, 0, 
634, 1, 558, 663, -1, 68, 72, 117.0, 14, ABalappap, 0, 0, 0, 0, , 0, 0, 0, 0, 0, 
635, 1, 559, 664, -1, 85, 69, 105.0, 14, ABalapppaa, 0, 0, 0, 0, , 0, 0, 0, 0, 0, 
636, 1, 560, 665, -1, 108, 59, 114.0, 14, ABalapppap, 0, 0, 0, 0, , 0, 0, 0, 0, 0, 
637, 1, 561, 666, -1, 125, 68, 116.0, 14, ABalappppa, 0, 0, 0, 0, , 0, 0, 0, 0, 0, 
638, 1, 562, 667, -1, 150, 60, 116.0, 12, ABalappppp, 0, 0, 0, 0, , 0, 0, 0, 0, 0, 
639, 1, 563, 668, -1, 101, 55, 167.0, 14, ABpraaaaa, 0, 0, 0, 0, , 0, 0, 0, 0, 0, 
640, 1, 564, 669, 670, 125, 56, 180.0, 15, ABpraaaap, 0, 0, 0, 0, , 0, 0, 0, 0, 0, 
641, 1, 565, 671, -1, 131, 44, 157.0, 15, ABpraaappa, 0, 0, 0, 0, , 0, 0, 0, 0, 0, 
642, 1, 566, 672, -1, 156, 42, 157.0, 17, ABpraaappp, 0, 0, 0, 0, , 0, 0, 0, 0, 0, 
643, 1, 567, 673, -1, 202, 39, 166.0, 14, ABpraapppa, 0, 0, 0, 0, , 0, 0, 0, 0, 0, 
644, 1, 568, 674, -1, 230, 47, 172.0, 12, ABpraapppp, 0, 0, 0, 0, , 0, 0, 0, 0, 0, 
645, 1, 569, 675, -1, 178, 34, 158.0, 13, ABpraappa, 0, 0, 0, 0, , 0, 0, 0, 0, 0, 
646, 1, 570, 676, -1, 252, 57, 178.0, 19, ABprappaa, 0, 0, 0, 0, , 0, 0, 0, 0, 0, 
647, 1, 571, 677, -1, 277, 61, 168.0, 15, ABprappap, 0, 0, 0, 0, , 0, 0, 0, 0, 0, 
648, 1, 572, 678, -1, 291, 81, 175.0, 17, ABprapppa, 0, 0, 0, 0, , 0, 0, 0, 0, 0, 
649, 1, 573, 679, -1, 190, 36, 140.0, 21, ABprapaaa, 0, 0, 0, 0, , 0, 0, 0, 0, 0, 
650, 1, 574, 680, -1, 229, 46, 151.0, 17, ABprapaap, 0, 0, 0, 0, , 0, 0, 0, 0, 0, 
651, 1, 576, 681, -1, 287, 59, 143.0, 13, ABprapapap, 0, 0, 0, 0, , 0, 0, 0, 0, 0, 
652, 1, 575, 682, -1, 266, 49, 142.0, 13, ABprapapaa, 0, 0, 0, 0, , 0, 0, 0, 0, 0, 
653, 1, 578, 683, -1, 312, 92, 158.0, 12, ABprapappp, 0, 0, 0, 0, , 0, 0, 0, 0, 0, 
654, 1, 577, 684, -1, 303, 66, 145.0, 13, ABprapappa, 0, 0, 0, 0, , 0, 0, 0, 0, 0, 
655, 1, 579, 685, -1, 169, 169, 116.0, 15, ABplppaaa, 0, 0, 0, 0, , 0, 0, 0, 0, 0, 
656, 1, 580, 686, -1, 190, 174, 128.5, 17, ABplppaap, 0, 0, 0, 0, , 0, 0, 0, 0, 0, 
657, 1, 581, 687, -1, 200, 170, 108.333336, 14, ABplppapa, 0, 0, 0, 0, , 0, 0, 0, 0, 0, 
658, 1, 582, 688, -1, 227, 165, 111.0, 17, ABplppapp, 0, 0, 0, 0, , 0, 0, 0, 0, 0, 
659, 1, 583, 689, -1, 226, 172, 127.0, 15, ABplpppaa, 0, 0, 0, 0, , 0, 0, 0, 0, 0, 
660, 1, 584, 690, -1, 251, 173, 135.0, 17, ABplpppap, 0, 0, 0, 0, , 0, 0, 0, 0, 0, 
661, 1, 585, 691, 692, 212, 174, 142.0, 14, ABplppppa, 0, 0, 0, 0, , 0, 0, 0, 0, 0, 
662, 1, 586, 693, -1, 235, 162, 172.0, 15, ABplppppp, 0, 0, 0, 0, , 0, 0, 0, 0, 0, 
663, 1, 587, 694, 695, 184, 174, 154.0, 16, ABplpapap, 0, 0, 0, 0, , 0, 0, 0, 0, 0, 
664, 1, 589, 698, -1, 129, 168, 111.0, 15, ABplpaaaap, 0, 0, 0, 0, , 0, 0, 0, 0, 0, 
665, 1, 588, 697, -1, 102, 160, 117.0, 17, ABplpaaaaa, 0, 0, 0, 0, , 0, 0, 0, 0, 0, 
666, 1, 592, 699, -1, 136, 182, 119.0, 15, ABplpaaapa, 0, 0, 0, 0, , 0, 0, 0, 0, 0, 
667, 1, 591, 700, -1, 158, 173, 106.0, 15, ABplpaaapp, 0, 0, 0, 0, , 0, 0, 0, 0, 0, 
668, 1, 593, 701, 702, 134, 162, 91.0, 17, ABplpaapa, 0, 0, 0, 0, , 0, 0, 0, 0, 0, 
669, 0, 595, -1, -1, 159, 172, 95.0, 15, , 0, 0, 0, 0, , 0, 0, 0, 0, 0, 
670, 0, 594, -1, -1, 159, 171, 95.0, 15, , 0, 0, 0, 0, , 0, 0, 0, 0, 0, 
671, 1, 596, 705, -1, 155, 166, 89.0, 15, ABplpaappa, 0, 0, 0, 0, , 0, 0, 0, 0, 0, 
672, 1, 595, 706, -1, 188, 171, 91.0, 14, ABplpaappp, 0, 0, 0, 0, , 0, 0, 0, 0, 0, 
673, 1, 597, 707, -1, 156, 172, 132.0, 15, ABplpapaa, 0, 0, 0, 0, , 0, 0, 0, 0, 0, 
674, 1, 598, 708, -1, 157, 167, 174.0, 17, ABplpappaa, 0, 0, 0, 0, , 0, 0, 0, 0, 0, 
675, 1, 599, 709, -1, 188, 165, 175.0, 14, ABplpappap, 0, 0, 0, 0, , 0, 0, 0, 0, 0, 
676, 1, 600, 710, -1, 207, 168, 175.0, 17, ABplpappp, 0, 0, 0, 0, , 0, 0, 0, 0, 0, 
677, 1, 601, 711, -1, 157, 35, 130.0, 14, ABpraapap, 0, 0, 0, 0, , 0, 0, 0, 0, 0, 
678, 1, 602, 712, 713, 135, 73, 191.0, 14, ABprpaaaa, 0, 0, 0, 0, , 0, 0, 0, 0, 0, 
679, 1, 603, 714, -1, 164, 66, 189.0, 15, ABprpaaap, 0, 0, 0, 0, , 0, 0, 0, 0, 0, 
680, 1, 604, 715, -1, 155, 50, 178.0, 17, ABprpaapa, 0, 0, 0, 0, , 0, 0, 0, 0, 0, 
681, 1, 605, 717, -1, 177, 56, 185.0, 15, ABprpaappa, 0, 0, 0, 0, , 0, 0, 0, 0, 0, 
682, 1, 605, 716, -1, 199, 57, 186.0, 15, ABprpaappp, 0, 0, 0, 0, , 0, 0, 0, 0, 0, 
683, 1, 606, 718, -1, 185, 92, 195.0, 16, ABprpapaa, 0, 0, 0, 0, , 0, 0, 0, 0, 0, 
684, 1, 607, 719, 720, 204, 103, 202.0, 15, ABprpapap, 0, 0, 0, 0, , 0, 0, 0, 0, 0, 
685, 1, 609, 722, -1, 206, 130, 196.0, 15, ABprpappap, 0, 0, 0, 0, , 0, 0, 0, 0, 0, 
686, 1, 608, 721, -1, 177, 118, 200.0, 15, ABprpappaa, 0, 0, 0, 0, , 0, 0, 0, 0, 0, 
687, 1, 611, 723, -1, 219, 126, 203.0, 14, ABprpapppa, 0, 0, 0, 0, , 0, 0, 0, 0, 0, 
688, 1, 610, 724, -1, 243, 130, 194.0, 14, ABprpapppp, 0, 0, 0, 0, , 0, 0, 0, 0, 0, 
689, 1, 612, 725, -1, 192, 72, 196.0, 14, ABprppaaa, 0, 0, 0, 0, , 0, 0, 0, 0, 0, 
690, 1, 613, 726, -1, 207, 82, 202.0, 15, ABprppaap, 0, 0, 0, 0, , 0, 0, 0, 0, 0, 
691, 1, 614, 727, -1, 222, 75, 193.0, 16, ABprppapa, 0, 0, 0, 0, , 0, 0, 0, 0, 0, 
692, 1, 615, 728, -1, 241, 76, 176.0, 14, ABprppapp, 0, 0, 0, 0, , 0, 0, 0, 0, 0, 
693, 1, 616, 729, 730, 252, 84, 196.0, 12, ABprpppaa, 0, 0, 0, 0, , 0, 0, 0, 0, 0, 
694, 1, 617, 732, -1, 272, 90, 194.0, 12, ABprpppapa, 0, 0, 0, 0, , 0, 0, 0, 0, 0, 
695, 1, 617, 731, -1, 282, 104, 188.5, 12, ABprpppapp, 0, 0, 0, 0, , 0, 0, 0, 0, 0, 
696, 1, 619, 734, -1, 248, 109, 193.0, 15, ABprppppap, 0, 0, 0, 0, , 0, 0, 0, 0, 0, 
697, 1, 618, 733, -1, 224, 97, 207.0, 15, ABprppppaa, 0, 0, 0, 0, , 0, 0, 0, 0, 0, 
698, 1, 620, 735, -1, 259, 126, 193.0, 15, ABprppppp, 0, 0, 0, 0, , 0, 0, 0, 0, 0, 
699, 1, 621, 736, -1, 74, 103, 125.0, 16, MSaaaaa, 0, 0, 0, 0, , 0, 0, 0, 0, 0, 
700, 1, 622, 737, -1, 108, 85, 110.0, 18, MSaaaap, 0, 0, 0, 0, , 0, 0, 0, 0, 0, 
701, 1, 623, 738, -1, 140, 113, 125.0, 15, MSaaapp, 0, 0, 0, 0, , 0, 0, 0, 0, 0, 
702, 1, 624, 739, -1, 110, 111, 123.75, 16, MSaaapa, 0, 0, 0, 0, , 0, 0, 0, 0, 0, 
703, 1, 625, 740, -1, 174, 142, 161.66667, 16, MSaapap, 0, 0, 0, 0, , 0, 0, 0, 0, 0, 
704, 1, 626, 741, -1, 147, 132, 146.0, 20, MSaapaa, 0, 0, 0, 0, , 0, 0, 0, 0, 0, 
705, 1, 627, 742, -1, 203, 146, 151.0, 16, MSaappp, 0, 0, 0, 0, , 0, 0, 0, 0, 0, 
706, 1, 628, 743, -1, 221, 70, 135.0, 19, Epra, 0, 0, 0, 0, , 0, 0, 0, 0, 0, 
707, 1, 629, 744, -1, 181, 115, 113.0, 19, Ealp, 0, 0, 0, 0, , 0, 0, 0, 0, 0, 
708, 1, 630, 745, -1, 157, 100, 99.0, 19, Eala, 0, 0, 0, 0, , 0, 0, 0, 0, 0, 
709, 1, 631, 746, -1, 165, 79, 120.0, 19, Eara, 0, 0, 0, 0, , 0, 0, 0, 0, 0, 
710, 1, 632, 747, -1, 191, 88, 136.0, 19, Earp, 0, 0, 0, 0, , 0, 0, 0, 0, 0, 
711, 1, 633, 748, -1, 215, 98, 102.0, 18, Epla, 0, 0, 0, 0, , 0, 0, 0, 0, 0, 
712, 1, 634, 749, -1, 270, 115, 112.0, 21, Eplp, 0, 0, 0, 0, , 0, 0, 0, 0, 0, 
713, 1, 635, 750, -1, 305, 119, 88.0, 17, Caaapa, 0, 0, 0, 0, , 0, 0, 0, 0, 0, 
714, 1, 636, 751, -1, 332, 138, 123.0, 15, Caapa, 0, 0, 0, 0, , 0, 0, 0, 0, 0, 
715, 1, 637, 752, -1, 315, 153, 148.0, 17, Caapp, 0, 0, 0, 0, , 0, 0, 0, 0, 0, 
716, 1, 638, 753, -1, 243, 152, 158.0, 17, Capaa, 0, 0, 0, 0, , 0, 0, 0, 0, 0, 
717, 1, 639, 754, -1, 265, 144, 146.0, 17, Capap, 0, 0, 0, 0, , 0, 0, 0, 0, 0, 
718, 1, 640, 755, -1, 276, 151, 126.0, 17, Cappa, 0, 0, 0, 0, , 0, 0, 0, 0, 0, 
719, 1, 641, 756, -1, 290, 149, 150.0, 17, Cappp, 0, 0, 0, 0, , 0, 0, 0, 0, 0, 
720, 0, 642, -1, -1, 320, 115, 146.0, 17, , 0, 0, 0, 0, , 0, 0, 0, 0, 0, 
721, 1, 643, 758, -1, 316, 128, 164.0, 15, Cpapp, 0, 0, 0, 0, , 0, 0, 0, 0, 0, 
722, 1, 644, 759, -1, 252, 114, 172.0, 15, Cppaa, 0, 0, 0, 0, , 0, 0, 0, 0, 0, 
723, 1, 645, 760, -1, 276, 125, 166.0, 15, Cppap, 0, 0, 0, 0, , 0, 0, 0, 0, 0, 
724, 1, 646, 761, -1, 294, 97, 155.0, 17, Cpppa, 0, 0, 0, 0, , 0, 0, 0, 0, 0, 
725, 1, 647, 762, -1, 297, 127, 159.0, 17, Cpppp, 0, 0, 0, 0, , 0, 0, 0, 0, 0, 
726, 1, 648, 763, -1, 231, 105, 132.0, 18, Z2, 0, 0, 0, 0, , 0, 0, 0, 0, 0, 
727, 1, 649, 764, -1, 205, 119, 145.0, 16, Z3, 0, 0, 0, 0, , 0, 0, 0, 0, 0, 
728, 1, 650, 765, -1, 94, 67, 85.0, 14, ABarpaaaa, 0, 0, 0, 0, , 0, 0, 0, 0, 0, 
729, 1, 651, 766, -1, 115, 67, 84.0, 16, ABarpaaap, 0, 0, 0, 0, , 0, 0, 0, 0, 0, 
730, 1, 652, 767, -1, 130, 66, 92.0, 15, ABarpaapaa, 0, 0, 0, 0, , 0, 0, 0, 0, 0, 
731, 1, 653, 768, -1, 166, 65, 79.0, 15, ABarpaapap, 0, 0, 0, 0, , 0, 0, 0, 0, 0, 
732, 1, 654, 769, -1, 178, 50, 88.0, 14, ABarpaappa, 0, 0, 0, 0, , 0, 0, 0, 0, 0, 
733, 1, 655, 770, -1, 212, 62, 86.0, 15, ABarpaappp, 0, 0, 0, 0, , 0, 0, 0, 0, 0, 
734, 1, 656, 771, -1, 117, 45, 106.0, 15, ABarpapaa, 0, 0, 0, 0, , 0, 0, 0, 0, 0, 
735, 1, 657, 772, -1, 143, 51, 96.0, 15, ABarpapap, 0, 0, 0, 0, , 0, 0, 0, 0, 0, 
736, 1, 658, 773, -1, 153, 37, 109.0, 14, ABarpappa, 0, 0, 0, 0, , 0, 0, 0, 0, 0, 
737, 1, 659, 774, -1, 227, 48, 111.0, 17, ABarpppap, 0, 0, 0, 0, , 0, 0, 0, 0, 0, 
738, 1, 660, 775, -1, 217, 88, 75.0, 16, ABarppaap, 0, 0, 0, 0, , 0, 0, 0, 0, 0, 
739, 1, 661, 776, -1, 195, 81, 69.0, 17, ABarppaaa, 0, 0, 0, 0, , 0, 0, 0, 0, 0, 
740, 1, 662, 777, -1, 222, 115, 67.0, 19, ABarppapa, 0, 0, 0, 0, , 0, 0, 0, 0, 0, 
741, 1, 663, 778, -1, 265, 119, 87.0, 19, ABarppapp, 0, 0, 0, 0, , 0, 0, 0, 0, 0, 
742, 1, 664, 779, -1, 208, 40, 107.0, 16, ABarpppaa, 0, 0, 0, 0, , 0, 0, 0, 0, 0, 
743, 1, 665, 780, -1, 167, 52, 121.0, 13, ABarpapppa, 0, 0, 0, 0, , 0, 0, 0, 0, 0, 
744, 1, 666, 781, -1, 196, 46, 117.0, 14, ABarpapppp, 0, 0, 0, 0, , 0, 0, 0, 0, 0, 
745, 1, 667, 782, -1, 245, 47, 130.0, 18, ABarppppa, 0, 0, 0, 0, , 0, 0, 0, 0, 0, 
746, 1, 668, 783, -1, 270, 63, 123.0, 18, ABarppppp, 0, 0, 0, 0, , 0, 0, 0, 0, 0, 
747, 1, 669, 784, -1, 101, 88, 69.0, 17, ABplaaaaa, 0, 0, 0, 0, , 0, 0, 0, 0, 0, 
748, 1, 670, 785, -1, 134, 85, 76.0, 17, ABplaaaap, 0, 0, 0, 0, , 0, 0, 0, 0, 0, 
749, 1, 671, 786, -1, 142, 98, 56.0, 17, ABplaaapa, 0, 0, 0, 0, , 0, 0, 0, 0, 0, 
750, 1, 672, 796, -1, 164, 101, 59.0, 15, ABplaaappa, 0, 0, 0, 0, , 0, 0, 0, 0, 0, 
751, 1, 672, 787, -1, 187, 104, 62.5, 16, ABplaaappp, 0, 0, 0, 0, , 0, 0, 0, 0, 0, 
752, 1, 673, 797, -1, 90, 111, 66.0, 15, ABplaapaaa, 0, 0, 0, 0, , 0, 0, 0, 0, 0, 
753, 1, 673, 788, -1, 116, 114, 57.5, 16, ABplaapaap, 0, 0, 0, 0, , 0, 0, 0, 0, 0, 
754, 1, 675, 789, -1, 155, 120, 61.0, 17, ABplaapapp, 0, 0, 0, 0, , 0, 0, 0, 0, 0, 
755, 1, 677, 799, -1, 128, 148, 64.0, 17, ABplaappaa, 0, 0, 0, 0, , 0, 0, 0, 0, 0, 
756, 1, 678, 790, -1, 170, 127, 72.0, 17, ABplapaaa, 0, 0, 0, 0, , 0, 0, 0, 0, 0, 
757, 1, 679, 791, -1, 202, 127, 68.0, 17, ABplapaap, 0, 0, 0, 0, , 0, 0, 0, 0, 0, 
758, 1, 682, 792, -1, 218, 156, 90.0, 19, ABplappaa, 0, 0, 0, 0, , 0, 0, 0, 0, 0, 
759, 1, 683, 793, -1, 241, 153, 93.0, 17, ABplappap, 0, 0, 0, 0, , 0, 0, 0, 0, 0, 
760, 1, 684, 794, -1, 249, 167, 112.0, 17, ABplapppa, 0, 0, 0, 0, , 0, 0, 0, 0, 0, 
761, 1, 685, 795, -1, 275, 174, 126.0, 17, ABplapppp, 0, 0, 0, 0, , 0, 0, 0, 0, 0, 
762, 1, 674, 798, -1, 124, 125, 53.0, 17, ABplaapapa, 0, 0, 0, 0, , 0, 0, 0, 0, 0, 
763, 1, 676, 800, -1, 160, 147, 61.0, 17, ABplaappap, 0, 0, 0, 0, , 0, 0, 0, 0, 0, 
764, 1, 686, 801, -1, 174, 156, 76.0, 17, ABplaapppa, 0, 0, 0, 0, , 0, 0, 0, 0, 0, 
765, 1, 687, 802, -1, 199, 145, 81.0, 17, ABplaapppp, 0, 0, 0, 0, , 0, 0, 0, 0, 0, 
766, 1, 688, 803, -1, 238, 129, 72.0, 14, ABplapapaa, 0, 0, 0, 0, , 0, 0, 0, 0, 0, 
767, 1, 680, 804, -1, 267, 141, 79.0, 16, ABplapapap, 0, 0, 0, 0, , 0, 0, 0, 0, 0, 
768, 1, 689, 805, -1, 269, 152, 91.0, 17, ABplapappa, 0, 0, 0, 0, , 0, 0, 0, 0, 0, 
769, 1, 681, 806, -1, 290, 160, 110.0, 17, ABplapappp, 0, 0, 0, 0, , 0, 0, 0, 0, 0, 
770, 1, 690, 807, -1, 191, 151, 168.0, 16, MSaappa, 0, 0, 0, 0, , 0, 0, 0, 0, 0, 
771, 1, 691, 808, -1, 91, 142, 122.0, 16, MSapaaa, 0, 0, 0, 0, , 0, 0, 0, 0, 0, 
772, 1, 692, 809, -1, 115, 140, 116.0, 16, MSapaap, 0, 0, 0, 0, , 0, 0, 0, 0, 0, 
773, 1, 693, 810, -1, 136, 137, 109.0, 16, MSapapa, 0, 0, 0, 0, , 0, 0, 0, 0, 0, 
774, 1, 694, 811, -1, 157, 137, 100.0, 16, MSapapp, 0, 0, 0, 0, , 0, 0, 0, 0, 0, 
775, 1, 695, 812, -1, 152, 149, 125.0, 16, MSappaa, 0, 0, 0, 0, , 0, 0, 0, 0, 0, 
776, 1, 696, 813, -1, 180, 151, 133.0, 15, MSappap, 0, 0, 0, 0, , 0, 0, 0, 0, 0, 
777, 1, 697, 814, -1, 181, 152, 116.0, 14, MSapppa, 0, 0, 0, 0, , 0, 0, 0, 0, 0, 
778, 1, 698, 815, -1, 204, 129, 102.0, 14, MSapppp, 0, 0, 0, 0, , 0, 0, 0, 0, 0, 
779, 1, 699, 816, -1, 96, 86, 147.0, 15, MSpaaaa, 0, 0, 0, 0, , 0, 0, 0, 0, 0, 
780, 1, 700, 817, -1, 133, 75, 137.0, 15, MSpaaap, 0, 0, 0, 0, , 0, 0, 0, 0, 0, 
781, 1, 701, 818, -1, 130, 93, 149.0, 15, MSpaapa, 0, 0, 0, 0, , 0, 0, 0, 0, 0, 
782, 1, 702, 819, -1, 149, 98, 133.0, 15, MSpaapp, 0, 0, 0, 0, , 0, 0, 0, 0, 0, 
783, 1, 703, 820, -1, 168, 123, 161.0, 16, MSpapaa, 0, 0, 0, 0, , 0, 0, 0, 0, 0, 
784, 1, 704, 821, -1, 196, 117, 167.0, 16, MSpapap, 0, 0, 0, 0, , 0, 0, 0, 0, 0, 
785, 1, 705, 822, -1, 203, 135, 178.0, 14, MSpappa, 0, 0, 0, 0, , 0, 0, 0, 0, 0, 
786, 1, 706, 823, -1, 221, 128, 172.0, 16, MSpappp, 0, 0, 0, 0, , 0, 0, 0, 0, 0, 
787, 1, 707, 824, -1, 134, 81, 172.0, 14, MSppaap, 0, 0, 0, 0, , 0, 0, 0, 0, 0, 
788, 1, 708, 825, -1, 109, 84, 170.0, 14, MSppaaa, 0, 0, 0, 0, , 0, 0, 0, 0, 0, 
789, 1, 709, 826, -1, 145, 73, 162.0, 14, MSppapa, 0, 0, 0, 0, , 0, 0, 0, 0, 0, 
790, 1, 710, 827, -1, 175, 58, 148.0, 15, MSppapp, 0, 0, 0, 0, , 0, 0, 0, 0, 0, 
791, 1, 711, 828, -1, 158, 98, 175.0, 14, MSpppaa, 0, 0, 0, 0, , 0, 0, 0, 0, 0, 
792, 1, 712, 829, -1, 185, 94, 175.0, 16, MSpppap, 0, 0, 0, 0, , 0, 0, 0, 0, 0, 
793, 1, 713, 830, -1, 179, 69, 165.0, 14, MSppppa, 0, 0, 0, 0, , 0, 0, 0, 0, 0, 
794, 1, 714, 831, -1, 202, 69, 162.0, 15, MSppppp, 0, 0, 0, 0, , 0, 0, 0, 0, 0, 
795, 1, 715, 832, -1, 112, 60, 149.0, 17, ABpraaapa, 0, 0, 0, 0, , 0, 0, 0, 0, 0, 
796, 1, 716, 833, -1, 247, 95, 77.0, 15, Caaaaa, 0, 0, 0, 0, , 0, 0, 0, 0, 0, 
797, 1, 717, 834, -1, 288, 109, 89.0, 16, Caaaap, 0, 0, 0, 0, , 0, 0, 0, 0, 0, 
798, 1, 718, 835, -1, 305, 139, 124.0, 17, Caaapp, 0, 0, 0, 0, , 0, 0, 0, 0, 0, 
799, 1, 719, 836, -1, 233, 63, 86.0, 17, Cpaaaa, 0, 0, 0, 0, , 0, 0, 0, 0, 0, 
800, 1, 720, 837, -1, 272, 74, 99.0, 19, Cpaaap, 0, 0, 0, 0, , 0, 0, 0, 0, 0, 
801, 1, 721, 838, -1, 294, 81, 101.0, 17, Cpaapa, 0, 0, 0, 0, , 0, 0, 0, 0, 0, 
802, 1, 722, 839, -1, 311, 100, 127.0, 17, Cpaapp, 0, 0, 0, 0, , 0, 0, 0, 0, 0, 
803, 1, 723, 840, -1, 318, 115, 145.0, 17, Cpapa, 0, 0, 0, 0, , 0, 0, 0, 0, 0, 
804, 1, 724, 841, -1, 202, 135, 115.0, 16, Daaa, 0, 0, 0, 0, , 0, 0, 0, 0, 0, 
805, 1, 725, 842, -1, 228, 141, 145.0, 14, Daap, 0, 0, 0, 0, , 0, 0, 0, 0, 0, 
806, 1, 726, 843, -1, 228, 137, 120.0, 16, Dapa, 0, 0, 0, 0, , 0, 0, 0, 0, 0, 
807, 1, 727, 844, -1, 263, 138, 123.0, 16, Dapp, 0, 0, 0, 0, , 0, 0, 0, 0, 0, 
808, 1, 728, 845, -1, 209, 84, 163.0, 16, Dpaa, 0, 0, 0, 0, , 0, 0, 0, 0, 0, 
809, 1, 729, 846, -1, 233, 109, 173.0, 16, Dpap, 0, 0, 0, 0, , 0, 0, 0, 0, 0, 
810, 1, 730, 847, -1, 240, 91, 160.0, 16, Dppa, 0, 0, 0, 0, , 0, 0, 0, 0, 0, 
811, 1, 731, 848, -1, 273, 97, 149.0, 16, Dppp, 0, 0, 0, 0, , 0, 0, 0, 0, 0, 
812, 1, 732, 849, 850, 130, 43, 136.0, 14, ABpraapaa, 0, 0, 0, 0, , 0, 0, 0, 0, 0, 
813, 1, 538, 851, -1, 115, 151, 75.0, 14, ABalpppapp, 0, 0, 0, 0, , 0, 0, 0, 0, 0, 
814, 1, 733, 852, -1, 305, 99, 183.0, 21, ABprapppp, 0, 0, 0, 0, , 0, 0, 0, 0, 0, 
