1, 0, 1, -1, -1, 50, 111, 82.0, 9, , 69, 0, 0, 0, , 0, 0, 0, 0, 0, 
2, 0, 3, -1, -1, 102, 62, 167.0, 9, , 40, 0, 0, 0, , 0, 0, 0, 0, 0, 
3, 0, 4, -1, -1, 105, 103, 203.0, 9, , 37, 0, 0, 0, , 0, 0, 0, 0, 0, 
4, 0, 5, -1, -1, 204, 60, 183.0, 8, , 8, 0, 0, 0, , 0, 0, 0, 0, 0, 
5, 0, 7, -1, -1, 185, 91, 204.0, 9, , 26, 0, 0, 0, , 0, 0, 0, 0, 0, 
6, 0, 8, -1, -1, 205, 88, 203.0, 7, , 31, 0, 0, 0, , 0, 0, 0, 0, 0, 
7, 0, 9, -1, -1, 192, 68, 199.0, 9, , 57, 0, 0, 0, , 0, 0, 0, 0, 0, 
8, 0, 10, -1, -1, 201, 56, 190.0, 9, , 68, 0, 0, 0, , 0, 0, 0, 0, 0, 
9, 0, 11, -1, -1, 181, 32, 162.0, 7, , 40, 0, 0, 0, , 0, 0, 0, 0, 0, 
10, 0, 12, -1, -1, 154, 47, 176.0, 9, , 81, 0, 0, 0, , 0, 0, 0, 0, 0, 
11, 0, 13, -1, -1, 79, 68, 146.0, 8, , 25, 0, 0, 0, , 0, 0, 0, 0, 0, 
12, 0, 14, -1, -1, 168, 134, 201.0, 7, , 22, 0, 0, 0, , 0, 0, 0, 0, 0, 
13, 0, 15, -1, -1, 82, 108, 167.0, 9, , 47, 0, 0, 0, , 0, 0, 0, 0, 0, 
14, 0, 16, -1, -1, 198, 41, 136.0, 8, , 9, 0, 0, 0, , 0, 0, 0, 0, 0, 
15, 0, 17, -1, -1, 211, 88, 205.0, 8, , 33, 0, 0, 0, , 0, 0, 0, 0, 0, 
16, 0, 18, -1, -1, 211, 76, 187.0, 7, , 18, 0, 0, 0, , 0, 0, 0, 0, 0, 
17, 0, 19, -1, -1, 99, 53, 172.0, 9, , 40, 0, 0, 0, , 0, 0, 0, 0, 0, 
18, 0, 20, -1, -1, 130, 128, 201.0, 8, , 32, 0, 0, 0, , 0, 0, 0, 0, 0, 
19, 0, 21, -1, -1, 188, 71, 204.0, 11, , 141, 0, 0, 0, , 0, 0, 0, 0, 0, 
20, 0, 23, -1, -1, 159, 131, 200.0, 7, , 13, 0, 0, 0, , 0, 0, 0, 0, 0, 
21, 0, 24, -1, -1, 190, 75, 197.0, 11, , 98, 0, 0, 0, , 0, 0, 0, 0, 0, 
22, 0, 25, -1, -1, 160, 91, 192.0, 8, , 27, 0, 0, 0, , 0, 0, 0, 0, 0, 
23, 0, 26, -1, -1, 142, 120, 202.0, 7, , 26, 0, 0, 0, , 0, 0, 0, 0, 0, 
24, 0, 27, -1, -1, 77, 70, 147.0, 11, , 14, 0, 0, 0, , 0, 0, 0, 0, 0, 
25, 0, 28, -1, -1, 130, 75, 191.0, 8, , 46, 0, 0, 0, , 0, 0, 0, 0, 0, 
26, 0, 29, -1, -1, 117, 112, 186.0, 9, , 29, 0, 0, 0, , 0, 0, 0, 0, 0, 
27, 0, 30, -1, -1, 172, 52, 191.0, 7, , 24, 0, 0, 0, , 0, 0, 0, 0, 0, 
28, 0, 31, -1, -1, 134, 93, 200.0, 9, , 28, 0, 0, 0, , 0, 0, 0, 0, 0, 
29, 0, 32, -1, -1, 137, 114, 202.0, 8, , 23, 0, 0, 0, , 0, 0, 0, 0, 0, 
30, 0, 33, -1, -1, 104, 62, 168.0, 7, , 14, 0, 0, 0, , 0, 0, 0, 0, 0, 
31, 0, 36, -1, -1, 223, 97, 203.0, 9, , 41, 0, 0, 0, , 0, 0, 0, 0, 0, 
32, 0, 37, -1, -1, 210, 108, 201.0, 8, , 51, 0, 0, 0, , 0, 0, 0, 0, 0, 
33, 0, 39, -1, -1, 293, 78, 176.0, 7, , 7, 0, 0, 0, , 0, 0, 0, 0, 0, 
34, 0, 40, -1, -1, 108, 106, 197.0, 7, , 21, 0, 0, 0, , 0, 0, 0, 0, 0, 
35, 0, 41, -1, -1, 122, 135, 204.0, 9, , 12, 0, 0, 0, , 0, 0, 0, 0, 0, 
36, 0, 42, -1, -1, 226, 51, 150.0, 8, , 26, 0, 0, 0, , 0, 0, 0, 0, 0, 
37, 0, 43, -1, -1, 63, 113, 169.0, 8, , 20, 0, 0, 0, , 0, 0, 0, 0, 0, 
38, 0, 44, -1, -1, 160, 63, 189.0, 7, , 35, 0, 0, 0, , 0, 0, 0, 0, 0, 
39, 0, 47, -1, -1, 113, 59, 154.0, 9, , 35, 0, 0, 0, , 0, 0, 0, 0, 0, 
40, 0, 48, -1, -1, 304, 67, 145.0, 9, , 45, 0, 0, 0, , 0, 0, 0, 0, 0, 
41, 0, 50, -1, -1, 150, 49, 182.0, 9, , 59, 0, 0, 0, , 0, 0, 0, 0, 0, 
42, 0, 51, -1, -1, 193, 73, 193.0, 11, , 26, 0, 0, 0, , 0, 0, 0, 0, 0, 
43, 0, 52, -1, -1, 179, 123, 197.0, 7, , 19, 0, 0, 0, , 0, 0, 0, 0, 0, 
44, 0, 53, -1, -1, 136, 117, 208.0, 9, , 52, 0, 0, 0, , 0, 0, 0, 0, 0, 
45, 0, 55, -1, -1, 95, 71, 187.0, 9, , 38, 0, 0, 0, , 0, 0, 0, 0, 0, 
46, 0, 56, -1, -1, 146, 111, 203.0, 11, , 123, 0, 0, 0, , 0, 0, 0, 0, 0, 
47, 0, 58, -1, -1, 96, 131, 147.0, 8, , 9, 0, 0, 0, , 0, 0, 0, 0, 0, 
48, 0, 60, -1, -1, 229, 43, 147.0, 9, , 51, 0, 0, 0, , 0, 0, 0, 0, 0, 
49, 0, 61, -1, -1, 149, 114, 179.0, 8, , 21, 0, 0, 0, , 0, 0, 0, 0, 0, 
50, 0, 62, -1, -1, 143, 114, 186.0, 8, , 22, 0, 0, 0, , 0, 0, 0, 0, 0, 
51, 0, 63, -1, -1, 221, 77, 199.0, 8, , 18, 0, 0, 0, , 0, 0, 0, 0, 0, 
52, 0, 64, -1, -1, 248, 127, 195.0, 7, , 23, 0, 0, 0, , 0, 0, 0, 0, 0, 
53, 0, 65, -1, -1, 135, 134, 188.0, 7, , 29, 0, 0, 0, , 0, 0, 0, 0, 0, 
54, 0, 67, -1, -1, 222, 75, 189.0, 9, , 47, 0, 0, 0, , 0, 0, 0, 0, 0, 
55, 0, 68, -1, -1, 91, 52, 132.0, 8, , 12, 0, 0, 0, , 0, 0, 0, 0, 0, 
56, 0, 69, -1, -1, 61, 110, 150.0, 8, , 29, 0, 0, 0, , 0, 0, 0, 0, 0, 
57, 0, 71, -1, -1, 209, 170, 166.0, 7, , 26, 0, 0, 0, , 0, 0, 0, 0, 0, 
58, 0, 72, -1, -1, 127, 55, 183.0, 8, , 14, 0, 0, 0, , 0, 0, 0, 0, 0, 
59, 0, 73, -1, -1, 222, 73, 196.0, 9, , 45, 0, 0, 0, , 0, 0, 0, 0, 0, 
60, 0, 74, -1, -1, 139, 69, 195.0, 9, , 51, 0, 0, 0, , 0, 0, 0, 0, 0, 
61, 0, 75, -1, -1, 164, 73, 195.0, 8, , 36, 0, 0, 0, , 0, 0, 0, 0, 0, 
62, 0, 77, -1, -1, 199, 81, 201.0, 8, , 21, 0, 0, 0, , 0, 0, 0, 0, 0, 
63, 0, 78, -1, -1, 225, 100, 207.0, 8, , 40, 0, 0, 0, , 0, 0, 0, 0, 0, 
64, 0, 79, -1, -1, 147, 113, 210.0, 8, , 48, 0, 0, 0, , 0, 0, 0, 0, 0, 
65, 0, 80, -1, -1, 133, 134, 179.0, 9, , 39, 0, 0, 0, , 0, 0, 0, 0, 0, 
66, 0, 81, -1, -1, 193, 170, 164.0, 8, , 15, 0, 0, 0, , 0, 0, 0, 0, 0, 
67, 0, 82, -1, -1, 164, 72, 198.0, 7, , 20, 0, 0, 0, , 0, 0, 0, 0, 0, 
68, 0, 83, -1, -1, 82, 167, 99.0, 8, , 20, 0, 0, 0, , 0, 0, 0, 0, 0, 
69, 0, 85, -1, -1, 64, 94, 164.0, 8, , 25, 0, 0, 0, , 0, 0, 0, 0, 0, 
70, 0, 86, -1, -1, 63, 113, 172.0, 9, , 29, 0, 0, 0, , 0, 0, 0, 0, 0, 
71, 0, 87, -1, -1, 70, 109, 180.0, 8, , 27, 0, 0, 0, , 0, 0, 0, 0, 0, 
72, 0, -1, -1, -1, 128, 75, 187.0, 8, , 34, 0, 0, 0, , 0, 0, 0, 0, 0, 
73, 0, -1, -1, -1, 141, 74, 188.0, 8, , 37, 0, 0, 0, , 0, 0, 0, 0, 0, 
74, 0, 89, -1, -1, 139, 121, 210.0, 8, , 7, 0, 0, 0, , 0, 0, 0, 0, 0, 
75, 0, 93, -1, -1, 231, 49, 156.0, 7, , 27, 0, 0, 0, , 0, 0, 0, 0, 0, 
76, 0, 94, -1, -1, 81, 102, 162.0, 9, , 36, 0, 0, 0, , 0, 0, 0, 0, 0, 
77, 0, 96, -1, -1, 156, 53, 176.0, 7, , 67, 0, 0, 0, , 0, 0, 0, 0, 0, 
78, 0, 97, -1, -1, 131, 129, 187.0, 7, , 26, 0, 0, 0, , 0, 0, 0, 0, 0, 
79, 0, 98, -1, -1, 261, 129, 191.0, 11, , 118, 0, 0, 0, , 0, 0, 0, 0, 0, 
80, 0, 99, -1, -1, 200, 83, 197.0, 9, , 33, 0, 0, 0, , 0, 0, 0, 0, 0, 
81, 0, 103, -1, -1, 102, 128, 142.0, 8, , 18, 0, 0, 0, , 0, 0, 0, 0, 0, 
82, 0, 104, -1, -1, 116, 60, 156.0, 7, , 12, 0, 0, 0, , 0, 0, 0, 0, 0, 
83, 0, 106, -1, -1, 73, 68, 156.0, 7, , 34, 0, 0, 0, , 0, 0, 0, 0, 0, 
84, 0, 107, -1, -1, 71, 77, 165.0, 8, , 12, 0, 0, 0, , 0, 0, 0, 0, 0, 
85, 0, 108, -1, -1, 103, 109, 159.0, 11, , 50, 0, 0, 0, , 0, 0, 0, 0, 0, 
86, 0, 109, -1, -1, 232, 49, 175.0, 9, , 6, 0, 0, 0, , 0, 0, 0, 0, 0, 
87, 0, 111, -1, -1, 121, 97, 193.0, 8, , 8, 0, 0, 0, , 0, 0, 0, 0, 0, 
88, 0, 112, -1, -1, 257, 89, 193.0, 8, , 15, 0, 0, 0, , 0, 0, 0, 0, 0, 
89, 0, 113, -1, -1, 146, 91, 206.0, 9, , 71, 0, 0, 0, , 0, 0, 0, 0, 0, 
90, 0, 114, -1, -1, 208, 107, 204.0, 8, , 51, 0, 0, 0, , 0, 0, 0, 0, 0, 
91, 0, 116, -1, -1, 299, 102, 190.0, 11, , 166, 0, 0, 0, , 0, 0, 0, 0, 0, 
92, 0, 117, -1, -1, 289, 80, 172.0, 8, , 25, 0, 0, 0, , 0, 0, 0, 0, 0, 
93, 0, 118, -1, -1, 93, 75, 176.0, 8, , 18, 0, 0, 0, , 0, 0, 0, 0, 0, 
94, 0, 119, -1, -1, 47, 110, 86.0, 9, , 150, 0, 0, 0, , 0, 0, 0, 0, 0, 
95, 0, 120, -1, -1, 103, 167, 117.0, 8, , 77, 0, 0, 0, , 0, 0, 0, 0, 0, 
96, 0, 121, -1, -1, 186, 44, 140.0, 8, , 32, 0, 0, 0, , 0, 0, 0, 0, 0, 
97, 0, 122, -1, -1, 263, 46, 139.0, 7, , 23, 0, 0, 0, , 0, 0, 0, 0, 0, 
98, 0, 123, -1, -1, 191, 41, 145.0, 7, , 33, 0, 0, 0, , 0, 0, 0, 0, 0, 
99, 0, 124, -1, -1, 295, 68, 149.0, 7, , 25, 0, 0, 0, , 0, 0, 0, 0, 0, 
100, 0, 125, -1, -1, 68, 113, 153.0, 11, , 88, 0, 0, 0, , 0, 0, 0, 0, 0, 
101, 0, 126, -1, -1, 103, 105, 166.0, 9, , 51, 0, 0, 0, , 0, 0, 0, 0, 0, 
102, 0, 127, -1, -1, 283, 64, 171.0, 7, , 24, 0, 0, 0, , 0, 0, 0, 0, 0, 
103, 0, 128, -1, -1, 103, 56, 177.0, 9, , 70, 0, 0, 0, , 0, 0, 0, 0, 0, 
104, 0, 129, -1, -1, 160, 65, 185.0, 7, , 65, 0, 0, 0, , 0, 0, 0, 0, 0, 
105, 0, 130, -1, -1, 281, 113, 188.0, 7, , 61, 0, 0, 0, , 0, 0, 0, 0, 0, 
106, 0, 131, -1, -1, 178, 59, 196.0, 7, , 28, 0, 0, 0, , 0, 0, 0, 0, 0, 
107, 0, 133, -1, -1, 105, 57, 175.0, 7, , 20, 0, 0, 0, , 0, 0, 0, 0, 0, 
108, 0, 134, -1, -1, 129, 74, 192.0, 7, , 36, 0, 0, 0, , 0, 0, 0, 0, 0, 
109, 0, 135, -1, -1, 304, 70, 154.0, 7, , 24, 0, 0, 0, , 0, 0, 0, 0, 0, 
110, 0, 138, -1, -1, 157, 94, 148.0, 8, , 27, 0, 0, 0, , 0, 0, 0, 0, 0, 
111, 0, 139, -1, -1, 63, 113, 150.0, 13, , 533, 0, 0, 0, , 0, 0, 0, 0, 0, 
112, 0, 141, -1, -1, 79, 83, 167.0, 7, , 23, 0, 0, 0, , 0, 0, 0, 0, 0, 
113, 0, 142, -1, -1, 103, 110, 166.0, 9, , 72, 0, 0, 0, , 0, 0, 0, 0, 0, 
114, 0, 143, -1, -1, 110, 121, 168.0, 9, , 36, 0, 0, 0, , 0, 0, 0, 0, 0, 
115, 0, 145, -1, -1, 103, 96, 190.0, 9, , 25, 0, 0, 0, , 0, 0, 0, 0, 0, 
116, 0, 146, -1, -1, 184, 71, 201.0, 9, , 38, 0, 0, 0, , 0, 0, 0, 0, 0, 
117, 0, 147, -1, -1, 194, 76, 194.0, 8, , 32, 0, 0, 0, , 0, 0, 0, 0, 0, 
118, 0, 148, -1, -1, 206, 89, 199.0, 8, , 43, 0, 0, 0, , 0, 0, 0, 0, 0, 
119, 0, 149, -1, -1, 212, 87, 201.0, 7, , 26, 0, 0, 0, , 0, 0, 0, 0, 0, 
120, 0, 151, -1, -1, 196, 106, 204.0, 8, , 32, 0, 0, 0, , 0, 0, 0, 0, 0, 
121, 0, 152, -1, -1, 249, 98, 202.0, 7, , 21, 0, 0, 0, , 0, 0, 0, 0, 0, 
122, 0, 153, -1, -1, 134, 43, 156.0, 9, , 104, 0, 0, 0, , 0, 0, 0, 0, 0, 
123, 0, 154, -1, -1, 164, 39, 156.0, 7, , 18, 0, 0, 0, , 0, 0, 0, 0, 0, 
124, 0, -1, -1, -1, 71, 115, 174.0, 7, , 10, 0, 0, 0, , 0, 0, 0, 0, 0, 
125, 0, -1, -1, -1, 65, 108, 174.0, 8, , 18, 0, 0, 0, , 0, 0, 0, 0, 0, 
126, 0, 157, -1, -1, 244, 129, 199.0, 9, , 30, 0, 0, 0, , 0, 0, 0, 0, 0, 
127, 0, 158, -1, -1, 107, 106, 164.0, 7, , 52, 0, 0, 0, , 0, 0, 0, 0, 0, 
128, 0, 160, -1, -1, 98, 127, 86.0, 7, , 20, 0, 0, 0, , 0, 0, 0, 0, 0, 
129, 0, 162, -1, -1, 150, 97, 147.0, 8, , 12, 0, 0, 0, , 0, 0, 0, 0, 0, 
130, 0, 164, -1, -1, 245, 78, 176.0, 9, , 15, 0, 0, 0, , 0, 0, 0, 0, 0, 
131, 0, 165, -1, -1, 235, 75, 184.0, 9, , 46, 0, 0, 0, , 0, 0, 0, 0, 0, 
132, 0, 167, -1, -1, 101, 129, 190.0, 8, , 66, 0, 0, 0, , 0, 0, 0, 0, 0, 
133, 0, 169, -1, -1, 146, 116, 189.0, 8, , 26, 0, 0, 0, , 0, 0, 0, 0, 0, 
134, 0, 170, -1, -1, 162, 64, 199.0, 7, , 46, 0, 0, 0, , 0, 0, 0, 0, 0, 
135, 0, 171, -1, -1, 217, 125, 201.0, 8, , 9, 0, 0, 0, , 0, 0, 0, 0, 0, 
136, 0, 172, -1, -1, 175, 123, 200.0, 7, , 10, 0, 0, 0, , 0, 0, 0, 0, 0, 
137, 0, 173, -1, -1, 223, 129, 204.0, 8, , 18, 0, 0, 0, , 0, 0, 0, 0, 0, 
138, 0, 174, -1, -1, 142, 86, 206.0, 8, , 35, 0, 0, 0, , 0, 0, 0, 0, 0, 
139, 0, -1, -1, -1, 166, 134, 204.0, 7, , 16, 0, 0, 0, , 0, 0, 0, 0, 0, 
140, 0, -1, -1, -1, 159, 130, 204.0, 8, , 13, 0, 0, 0, , 0, 0, 0, 0, 0, 
141, 0, 176, -1, -1, 179, 118, 205.0, 8, , 46, 0, 0, 0, , 0, 0, 0, 0, 0, 
142, 0, 177, -1, -1, 94, 124, 89.0, 8, , 18, 0, 0, 0, , 0, 0, 0, 0, 0, 
143, 0, 178, -1, -1, 115, 114, 173.0, 9, , 67, 0, 0, 0, , 0, 0, 0, 0, 0, 
144, 0, 180, -1, -1, 126, 133, 208.0, 11, , 54, 0, 0, 0, , 0, 0, 0, 0, 0, 
145, 0, 181, -1, -1, 144, 36, 130.0, 8, , 44, 0, 0, 0, , 0, 0, 0, 0, 0, 
146, 0, 182, -1, -1, 178, 36, 170.0, 8, , 40, 0, 0, 0, , 0, 0, 0, 0, 0, 
147, 0, 184, -1, -1, 139, 68, 191.0, 7, , 29, 0, 0, 0, , 0, 0, 0, 0, 0, 
148, 0, 185, -1, -1, 135, 98, 203.0, 7, , 28, 0, 0, 0, , 0, 0, 0, 0, 0, 
149, 0, 186, -1, -1, 168, 60, 117.0, 8, , 12, 0, 0, 0, , 0, 0, 0, 0, 0, 
150, 0, 189, -1, -1, 308, 73, 147.0, 9, , 43, 0, 0, 0, , 0, 0, 0, 0, 0, 
151, 0, 190, -1, -1, 87, 70, 173.0, 9, , 28, 0, 0, 0, , 0, 0, 0, 0, 0, 
152, 0, 191, -1, -1, 278, 87, 191.0, 8, , 85, 0, 0, 0, , 0, 0, 0, 0, 0, 
153, 0, 192, -1, -1, 271, 88, 192.0, 8, , 48, 0, 0, 0, , 0, 0, 0, 0, 0, 
154, 0, 193, -1, -1, 103, 84, 66.0, 9, , 48, 0, 0, 0, , 0, 0, 0, 0, 0, 
155, 0, 194, -1, -1, 134, 89, 72.0, 8, , 34, 0, 0, 0, , 0, 0, 0, 0, 0, 
156, 0, 195, -1, -1, 106, 90, 71.0, 8, , 24, 0, 0, 0, , 0, 0, 0, 0, 0, 
157, 0, 197, -1, -1, 49, 109, 90.0, 9, , 24, 0, 0, 0, , 0, 0, 0, 0, 0, 
158, 0, 199, -1, -1, 81, 169, 104.0, 8, , 29, 0, 0, 0, , 0, 0, 0, 0, 0, 
159, 0, 200, -1, -1, 44, 107, 121.0, 8, , 16, 0, 0, 0, , 0, 0, 0, 0, 0, 
160, 0, 202, -1, -1, 163, 33, 128.0, 8, , 33, 0, 0, 0, , 0, 0, 0, 0, 0, 
161, 0, 204, -1, -1, 155, 37, 133.0, 8, , 32, 0, 0, 0, , 0, 0, 0, 0, 0, 
162, 0, 208, -1, -1, 87, 55, 136.0, 8, , 29, 0, 0, 0, , 0, 0, 0, 0, 0, 
163, 0, 209, -1, -1, 165, 27, 135.0, 8, , 56, 0, 0, 0, , 0, 0, 0, 0, 0, 
164, 0, 210, -1, -1, 117, 42, 135.0, 8, , 19, 0, 0, 0, , 0, 0, 0, 0, 0, 
165, 0, 213, -1, -1, 196, 43, 141.0, 8, , 20, 0, 0, 0, , 0, 0, 0, 0, 0, 
166, 0, 214, -1, -1, 59, 77, 141.0, 8, , 33, 0, 0, 0, , 0, 0, 0, 0, 0, 
167, 0, 215, -1, -1, 160, 34, 140.0, 8, , 67, 0, 0, 0, , 0, 0, 0, 0, 0, 
168, 0, 218, -1, -1, 109, 66, 153.0, 8, , 34, 0, 0, 0, , 0, 0, 0, 0, 0, 
169, 0, 220, -1, -1, 107, 59, 149.0, 8, , 31, 0, 0, 0, , 0, 0, 0, 0, 0, 
170, 0, 221, -1, -1, 143, 167, 151.0, 8, , 11, 0, 0, 0, , 0, 0, 0, 0, 0, 
171, 0, 222, -1, -1, 86, 63, 154.0, 8, , 33, 0, 0, 0, , 0, 0, 0, 0, 0, 
172, 0, 229, -1, -1, 180, 40, 160.0, 8, , 40, 0, 0, 0, , 0, 0, 0, 0, 0, 
173, 0, 231, -1, -1, 55, 108, 165.0, 9, , 16, 0, 0, 0, , 0, 0, 0, 0, 0, 
174, 0, 232, -1, -1, 98, 56, 165.0, 11, , 65, 0, 0, 0, , 0, 0, 0, 0, 0, 
175, 0, 234, -1, -1, 275, 55, 166.0, 7, , 33, 0, 0, 0, , 0, 0, 0, 0, 0, 
176, 0, 235, -1, -1, 83, 82, 171.0, 7, , 17, 0, 0, 0, , 0, 0, 0, 0, 0, 
177, 0, 236, -1, -1, 93, 73, 171.0, 7, , 16, 0, 0, 0, , 0, 0, 0, 0, 0, 
178, 0, 237, -1, -1, 252, 59, 170.0, 9, , 73, 0, 0, 0, , 0, 0, 0, 0, 0, 
179, 0, 238, -1, -1, 129, 54, 174.0, 11, , 101, 0, 0, 0, , 0, 0, 0, 0, 0, 
180, 0, 239, -1, -1, 246, 62, 173.0, 8, , 24, 0, 0, 0, , 0, 0, 0, 0, 0, 
181, 0, 240, -1, -1, 188, 166, 172.0, 9, , 30, 0, 0, 0, , 0, 0, 0, 0, 0, 
182, 0, 241, -1, -1, 210, 159, 171.0, 8, , 23, 0, 0, 0, , 0, 0, 0, 0, 0, 
183, 0, 242, -1, -1, 121, 52, 175.0, 8, , 70, 0, 0, 0, , 0, 0, 0, 0, 0, 
184, 0, 243, -1, -1, 246, 63, 179.0, 8, , 60, 0, 0, 0, , 0, 0, 0, 0, 0, 
185, 0, 246, -1, -1, 125, 57, 177.0, 11, , 58, 0, 0, 0, , 0, 0, 0, 0, 0, 
186, 0, 247, -1, -1, 157, 54, 180.0, 8, , 38, 0, 0, 0, , 0, 0, 0, 0, 0, 
187, 0, 248, -1, -1, 299, 84, 177.0, 7, , 24, 0, 0, 0, , 0, 0, 0, 0, 0, 
188, 0, 249, -1, -1, 303, 97, 182.0, 9, , 16, 0, 0, 0, , 0, 0, 0, 0, 0, 
189, 0, 250, -1, -1, 128, 51, 180.0, 7, , 23, 0, 0, 0, , 0, 0, 0, 0, 0, 
190, 0, 251, -1, -1, 148, 118, 177.0, 11, , 101, 0, 0, 0, , 0, 0, 0, 0, 0, 
191, 0, 254, -1, -1, 119, 111, 181.0, 7, , 27, 0, 0, 0, , 0, 0, 0, 0, 0, 
192, 0, 256, -1, -1, 303, 97, 185.0, 8, , 22, 0, 0, 0, , 0, 0, 0, 0, 0, 
193, 0, 257, -1, -1, 304, 97, 188.0, 8, , 20, 0, 0, 0, , 0, 0, 0, 0, 0, 
194, 0, 259, -1, -1, 165, 72, 191.0, 7, , 44, 0, 0, 0, , 0, 0, 0, 0, 0, 
195, 0, 261, -1, -1, 107, 122, 191.0, 8, , 137, 0, 0, 0, , 0, 0, 0, 0, 0, 
196, 0, 262, -1, -1, 277, 88, 196.0, 9, , 46, 0, 0, 0, , 0, 0, 0, 0, 0, 
197, 0, 263, -1, -1, 189, 90, 192.0, 8, , 17, 0, 0, 0, , 0, 0, 0, 0, 0, 
198, 0, 264, -1, -1, 248, 110, 190.0, 9, , 27, 0, 0, 0, , 0, 0, 0, 0, 0, 
199, 0, 265, -1, -1, 219, 68, 192.0, 8, , 14, 0, 0, 0, , 0, 0, 0, 0, 0, 
200, 0, 266, -1, -1, 122, 94, 198.0, 9, , 86, 0, 0, 0, , 0, 0, 0, 0, 0, 
201, 0, 271, -1, -1, 135, 96, 197.0, 8, , 28, 0, 0, 0, , 0, 0, 0, 0, 0, 
202, 0, 273, -1, -1, 256, 92, 198.0, 9, , 45, 0, 0, 0, , 0, 0, 0, 0, 0, 
203, 0, 274, -1, -1, 165, 107, 205.0, 8, , 40, 0, 0, 0, , 0, 0, 0, 0, 0, 
204, 0, 275, -1, -1, 207, 84, 209.0, 13, , 78, 0, 0, 0, , 0, 0, 0, 0, 0, 
205, 0, 276, -1, -1, 171, 96, 207.0, 8, , 52, 0, 0, 0, , 0, 0, 0, 0, 0, 
206, 0, 277, -1, -1, 304, 73, 151.0, 9, , 36, 0, 0, 0, , 0, 0, 0, 0, 0, 
207, 0, 278, -1, -1, 97, 57, 163.0, 9, , 20, 0, 0, 0, , 0, 0, 0, 0, 0, 
208, 0, 279, -1, -1, 299, 83, 173.0, 8, , 22, 0, 0, 0, , 0, 0, 0, 0, 0, 
209, 0, 283, -1, -1, 136, 97, 194.0, 9, , 24, 0, 0, 0, , 0, 0, 0, 0, 0, 
210, 0, 284, -1, -1, 159, 133, 209.0, 9, , 42, 0, 0, 0, , 0, 0, 0, 0, 0, 
211, 0, 285, -1, -1, 104, 91, 65.0, 9, , 60, 0, 0, 0, , 0, 0, 0, 0, 0, 
212, 0, 286, -1, -1, 171, 126, 71.0, 8, , 3, 0, 0, 0, , 0, 0, 0, 0, 0, 
213, 0, 289, -1, -1, 85, 160, 106.0, 7, , 22, 0, 0, 0, , 0, 0, 0, 0, 0, 
214, 0, 290, -1, -1, 39, 104, 120.0, 7, , 27, 0, 0, 0, , 0, 0, 0, 0, 0, 
215, 0, 291, -1, -1, 63, 78, 130.0, 9, , 53, 0, 0, 0, , 0, 0, 0, 0, 0, 
216, 0, 292, -1, -1, 78, 159, 132.0, 7, , 19, 0, 0, 0, , 0, 0, 0, 0, 0, 
217, 0, 293, -1, -1, 90, 67, 133.0, 8, , 20, 0, 0, 0, , 0, 0, 0, 0, 0, 
218, 0, 294, -1, -1, 192, 44, 131.0, 8, , 6, 0, 0, 0, , 0, 0, 0, 0, 0, 
219, 0, 295, -1, -1, 74, 152, 140.0, 9, , 30, 0, 0, 0, , 0, 0, 0, 0, 0, 
220, 0, 297, -1, -1, 88, 62, 140.0, 8, , 32, 0, 0, 0, , 0, 0, 0, 0, 0, 
221, 0, 298, -1, -1, 150, 95, 140.0, 9, , 14, 0, 0, 0, , 0, 0, 0, 0, 0, 
222, 0, 299, -1, -1, 208, 180, 143.0, 9, , 15, 0, 0, 0, , 0, 0, 0, 0, 0, 
223, 0, 300, -1, -1, 121, 141, 163.0, 9, , 27, 0, 0, 0, , 0, 0, 0, 0, 0, 
224, 0, 301, -1, -1, 178, 42, 165.0, 8, , 25, 0, 0, 0, , 0, 0, 0, 0, 0, 
225, 0, 302, -1, -1, 229, 46, 170.0, 9, , 29, 0, 0, 0, , 0, 0, 0, 0, 0, 
226, 0, 304, -1, -1, 88, 145, 175.0, 8, , 30, 0, 0, 0, , 0, 0, 0, 0, 0, 
227, 0, 305, -1, -1, 210, 160, 175.0, 8, , 25, 0, 0, 0, , 0, 0, 0, 0, 0, 
228, 0, 306, -1, -1, 162, 48, 184.0, 8, , 38, 0, 0, 0, , 0, 0, 0, 0, 0, 
229, 0, 307, -1, -1, 220, 73, 184.0, 7, , 42, 0, 0, 0, , 0, 0, 0, 0, 0, 
230, 0, 308, -1, -1, 163, 72, 185.0, 8, , 59, 0, 0, 0, , 0, 0, 0, 0, 0, 
231, 0, 309, -1, -1, 262, 127, 181.0, 8, , 37, 0, 0, 0, , 0, 0, 0, 0, 0, 
232, 0, 310, -1, -1, 150, 116, 185.0, 9, , 59, 0, 0, 0, , 0, 0, 0, 0, 0, 
233, 0, 311, -1, -1, 165, 68, 194.0, 8, , 45, 0, 0, 0, , 0, 0, 0, 0, 0, 
234, 0, 312, -1, -1, 162, 63, 192.0, 8, , 43, 0, 0, 0, , 0, 0, 0, 0, 0, 
235, 0, 313, -1, -1, 222, 76, 194.0, 9, , 53, 0, 0, 0, , 0, 0, 0, 0, 0, 
236, 0, 314, -1, -1, 165, 139, 197.0, 8, , 23, 0, 0, 0, , 0, 0, 0, 0, 0, 
237, 0, 315, -1, -1, 142, 72, 199.0, 8, , 6, 0, 0, 0, , 0, 0, 0, 0, 0, 
238, 0, 316, -1, -1, 101, 126, 199.0, 9, , 95, 0, 0, 0, , 0, 0, 0, 0, 0, 
239, 0, 317, -1, -1, 123, 96, 202.0, 9, , 66, 0, 0, 0, , 0, 0, 0, 0, 0, 
240, 0, 318, -1, -1, 166, 104, 210.0, 8, , 67, 0, 0, 0, , 0, 0, 0, 0, 0, 
241, 0, 319, -1, -1, 100, 109, 138.0, 8, , 22, 0, 0, 0, , 0, 0, 0, 0, 0, 
242, 0, 320, -1, -1, 222, 70, 190.0, 7, , 6, 0, 0, 0, , 0, 0, 0, 0, 0, 
243, 0, 321, -1, -1, 134, 74, 204.0, 9, , 40, 0, 0, 0, , 0, 0, 0, 0, 0, 
244, 0, 322, -1, -1, 177, 119, 203.0, 8, , 7, 0, 0, 0, , 0, 0, 0, 0, 0, 
245, 0, 324, -1, -1, 114, 68, 91.0, 11, , 68, 0, 0, 0, , 0, 0, 0, 0, 0, 
246, 0, 327, -1, -1, 125, 174, 133.0, 9, , 29, 0, 0, 0, , 0, 0, 0, 0, 0, 
247, 0, 328, -1, -1, 95, 156, 167.0, 8, , 4, 0, 0, 0, , 0, 0, 0, 0, 0, 
248, 0, 329, -1, -1, 44, 101, 115.0, 8, , 13, 0, 0, 0, , 0, 0, 0, 0, 0, 
249, 0, 330, -1, -1, 314, 94, 159.0, 8, , 31, 0, 0, 0, , 0, 0, 0, 0, 0, 
250, 0, 331, -1, -1, 188, 165, 176.0, 11, , 191, 0, 0, 0, , 0, 0, 0, 0, 0, 
251, 0, 332, -1, -1, 259, 130, 185.0, 7, , 37, 0, 0, 0, , 0, 0, 0, 0, 0, 
252, 0, 333, -1, -1, 166, 87, 191.0, 7, , 38, 0, 0, 0, , 0, 0, 0, 0, 0, 
253, 0, 334, -1, -1, 209, 131, 191.0, 7, , 9, 0, 0, 0, , 0, 0, 0, 0, 0, 
254, 0, 335, -1, -1, 262, 126, 194.0, 9, , 150, 0, 0, 0, , 0, 0, 0, 0, 0, 
255, 0, 336, -1, -1, 247, 110, 193.0, 7, , 29, 0, 0, 0, , 0, 0, 0, 0, 0, 
256, 0, 337, -1, -1, 208, 93, 203.0, 8, , 191, 0, 0, 0, , 0, 0, 0, 0, 0, 
257, 0, 338, -1, -1, 125, 123, 49.0, 7, , 25, 0, 0, 0, , 0, 0, 0, 0, 0, 
258, 0, 339, -1, -1, 126, 123, 51.0, 8, , 24, 0, 0, 0, , 0, 0, 0, 0, 0, 
259, 0, 340, -1, -1, 103, 81, 69.0, 9, , 26, 0, 0, 0, , 0, 0, 0, 0, 0, 
260, 0, 341, -1, -1, 131, 82, 70.0, 8, , 14, 0, 0, 0, , 0, 0, 0, 0, 0, 
261, 0, 343, -1, -1, 118, 66, 78.0, 9, , 27, 0, 0, 0, , 0, 0, 0, 0, 0, 
262, 0, 344, -1, -1, 105, 86, 78.0, 9, , 38, 0, 0, 0, , 0, 0, 0, 0, 0, 
263, 0, 345, -1, -1, 274, 157, 86.0, 7, , 12, 0, 0, 0, , 0, 0, 0, 0, 0, 
264, 0, 346, -1, -1, 92, 123, 85.0, 8, , 24, 0, 0, 0, , 0, 0, 0, 0, 0, 
265, 0, 347, -1, -1, 93, 154, 92.0, 9, , 41, 0, 0, 0, , 0, 0, 0, 0, 0, 
266, 0, 349, -1, -1, 82, 130, 99.0, 8, , 27, 0, 0, 0, , 0, 0, 0, 0, 0, 
267, 0, 350, -1, -1, 144, 47, 93.0, 9, , 18, 0, 0, 0, , 0, 0, 0, 0, 0, 
268, 0, 352, -1, -1, 72, 149, 101.0, 9, , 56, 0, 0, 0, , 0, 0, 0, 0, 0, 
269, 0, 354, -1, -1, 80, 168, 106.0, 7, , 34, 0, 0, 0, , 0, 0, 0, 0, 0, 
270, 0, 355, -1, -1, 161, 171, 109.0, 8, , 11, 0, 0, 0, , 0, 0, 0, 0, 0, 
271, 0, 356, -1, -1, 90, 164, 109.0, 9, , 16, 0, 0, 0, , 0, 0, 0, 0, 0, 
272, 0, 357, -1, -1, 86, 169, 113.0, 8, , 25, 0, 0, 0, , 0, 0, 0, 0, 0, 
273, 0, 358, -1, -1, 54, 89, 112.0, 7, , 9, 0, 0, 0, , 0, 0, 0, 0, 0, 
274, 0, 359, -1, -1, 141, 182, 124.0, 9, , 12, 0, 0, 0, , 0, 0, 0, 0, 0, 
275, 0, 360, -1, -1, 42, 109, 128.0, 9, , 26, 0, 0, 0, , 0, 0, 0, 0, 0, 
276, 0, 363, -1, -1, 149, 96, 127.0, 9, , 109, 0, 0, 0, , 0, 0, 0, 0, 0, 
277, 0, 364, -1, -1, 187, 35, 134.0, 7, , 16, 0, 0, 0, , 0, 0, 0, 0, 0, 
278, 0, 365, -1, -1, 73, 152, 138.0, 8, , 15, 0, 0, 0, , 0, 0, 0, 0, 0, 
279, 0, 366, -1, -1, 144, 43, 136.0, 9, , 36, 0, 0, 0, , 0, 0, 0, 0, 0, 
280, 0, 367, -1, -1, 63, 82, 139.0, 8, , 13, 0, 0, 0, , 0, 0, 0, 0, 0, 
281, 0, 368, -1, -1, 130, 127, 130.0, 8, , 6, 0, 0, 0, , 0, 0, 0, 0, 0, 
282, 0, 369, -1, -1, 253, 175, 140.0, 7, , 20, 0, 0, 0, , 0, 0, 0, 0, 0, 
283, 0, 370, -1, -1, 89, 166, 138.0, 9, , 40, 0, 0, 0, , 0, 0, 0, 0, 0, 
284, 0, 371, -1, -1, 70, 159, 141.0, 9, , 57, 0, 0, 0, , 0, 0, 0, 0, 0, 
285, 0, 372, -1, -1, 264, 43, 146.0, 9, , 60, 0, 0, 0, , 0, 0, 0, 0, 0, 
286, 0, 373, -1, -1, 194, 34, 144.0, 7, , 20, 0, 0, 0, , 0, 0, 0, 0, 0, 
287, 0, 374, -1, -1, 99, 112, 146.0, 9, , 36, 0, 0, 0, , 0, 0, 0, 0, 0, 
288, 0, 375, -1, -1, 74, 156, 146.0, 8, , 16, 0, 0, 0, , 0, 0, 0, 0, 0, 
289, 0, 376, -1, -1, 109, 65, 148.0, 8, , 10, 0, 0, 0, , 0, 0, 0, 0, 0, 
290, 0, 377, -1, -1, 91, 169, 145.0, 9, , 38, 0, 0, 0, , 0, 0, 0, 0, 0, 
291, 0, 378, -1, -1, 126, 122, 148.0, 8, , 16, 0, 0, 0, , 0, 0, 0, 0, 0, 
292, 0, 379, -1, -1, 194, 172, 150.0, 9, , 53, 0, 0, 0, , 0, 0, 0, 0, 0, 
293, 0, 380, -1, -1, 127, 44, 152.0, 7, , 15, 0, 0, 0, , 0, 0, 0, 0, 0, 
294, 0, 381, -1, -1, 76, 73, 155.0, 7, , 18, 0, 0, 0, , 0, 0, 0, 0, 0, 
295, 0, 382, -1, -1, 58, 95, 158.0, 9, , 8, 0, 0, 0, , 0, 0, 0, 0, 0, 
296, 0, 383, -1, -1, 92, 106, 160.0, 9, , 16, 0, 0, 0, , 0, 0, 0, 0, 0, 
297, 0, 384, -1, -1, 91, 146, 166.0, 7, , 39, 0, 0, 0, , 0, 0, 0, 0, 0, 
298, 0, 385, -1, -1, 181, 32, 160.0, 9, , 47, 0, 0, 0, , 0, 0, 0, 0, 0, 
299, 0, 386, -1, -1, 85, 109, 162.0, 7, , 42, 0, 0, 0, , 0, 0, 0, 0, 0, 
300, 0, 387, -1, -1, 51, 98, 166.0, 8, , 14, 0, 0, 0, , 0, 0, 0, 0, 0, 
301, 0, 388, -1, -1, 90, 107, 166.0, 11, , 56, 0, 0, 0, , 0, 0, 0, 0, 0, 
302, 0, 389, -1, -1, 240, 159, 165.0, 8, , 21, 0, 0, 0, , 0, 0, 0, 0, 0, 
303, 0, 390, -1, -1, 274, 61, 164.0, 9, , 38, 0, 0, 0, , 0, 0, 0, 0, 0, 
304, 0, 391, -1, -1, 65, 96, 170.0, 7, , 5, 0, 0, 0, , 0, 0, 0, 0, 0, 
305, 0, 392, -1, -1, 76, 76, 167.0, 9, , 31, 0, 0, 0, , 0, 0, 0, 0, 0, 
306, 0, 393, -1, -1, 90, 148, 169.0, 13, , 74, 0, 0, 0, , 0, 0, 0, 0, 0, 
307, 0, 395, -1, -1, 272, 64, 168.0, 8, , 9, 0, 0, 0, , 0, 0, 0, 0, 0, 
308, 0, 396, -1, -1, 288, 83, 171.0, 11, , 44, 0, 0, 0, , 0, 0, 0, 0, 0, 
309, 0, 397, -1, -1, 280, 55, 173.0, 8, , 36, 0, 0, 0, , 0, 0, 0, 0, 0, 
310, 0, 398, -1, -1, 73, 84, 177.0, 8, , 21, 0, 0, 0, , 0, 0, 0, 0, 0, 
311, 0, 399, -1, -1, 237, 162, 173.0, 8, , 38, 0, 0, 0, , 0, 0, 0, 0, 0, 
312, 0, 400, -1, -1, 87, 73, 178.0, 8, , 17, 0, 0, 0, , 0, 0, 0, 0, 0, 
313, 0, 401, -1, -1, 118, 115, 176.0, 7, , 17, 0, 0, 0, , 0, 0, 0, 0, 0, 
314, 0, 402, -1, -1, 70, 126, 177.0, 7, , 15, 0, 0, 0, , 0, 0, 0, 0, 0, 
315, 0, 403, -1, -1, 305, 97, 179.0, 7, , 42, 0, 0, 0, , 0, 0, 0, 0, 0, 
316, 0, 404, -1, -1, 189, 165, 178.0, 11, , 62, 0, 0, 0, , 0, 0, 0, 0, 0, 
317, 0, 405, -1, -1, 227, 49, 183.0, 9, , 8, 0, 0, 0, , 0, 0, 0, 0, 0, 
318, 0, 406, -1, -1, 233, 75, 179.0, 8, , 33, 0, 0, 0, , 0, 0, 0, 0, 0, 
319, 0, 407, -1, -1, 210, 165, 182.0, 8, , 81, 0, 0, 0, , 0, 0, 0, 0, 0, 
320, 0, 408, -1, -1, 135, 133, 185.0, 9, , 38, 0, 0, 0, , 0, 0, 0, 0, 0, 
321, 0, 409, -1, -1, 263, 122, 190.0, 7, , 46, 0, 0, 0, , 0, 0, 0, 0, 0, 
322, 0, 410, -1, -1, 243, 129, 194.0, 9, , 133, 0, 0, 0, , 0, 0, 0, 0, 0, 
323, 0, 411, -1, -1, 167, 86, 194.0, 9, , 59, 0, 0, 0, , 0, 0, 0, 0, 0, 
324, 0, 412, -1, -1, 180, 118, 199.0, 8, , 30, 0, 0, 0, , 0, 0, 0, 0, 0, 
325, 0, 413, -1, -1, 188, 91, 198.0, 9, , 28, 0, 0, 0, , 0, 0, 0, 0, 0, 
326, 0, 414, -1, -1, 250, 109, 198.0, 9, , 72, 0, 0, 0, , 0, 0, 0, 0, 0, 
327, 0, 416, -1, -1, 186, 75, 199.0, 8, , 34, 0, 0, 0, , 0, 0, 0, 0, 0, 
328, 0, 417, -1, -1, 208, 130, 197.0, 7, , 38, 0, 0, 0, , 0, 0, 0, 0, 0, 
329, 0, 418, -1, -1, 219, 124, 204.0, 9, , 23, 0, 0, 0, , 0, 0, 0, 0, 0, 
330, 0, 420, -1, -1, 120, 96, 206.0, 7, , 27, 0, 0, 0, , 0, 0, 0, 0, 0, 
331, 0, 421, -1, -1, 208, 97, 209.0, 8, , 29, 0, 0, 0, , 0, 0, 0, 0, 0, 
332, 0, 422, -1, -1, 222, 129, 209.0, 8, , 21, 0, 0, 0, , 0, 0, 0, 0, 0, 
333, 0, 423, -1, -1, 225, 94, 206.0, 7, , 17, 0, 0, 0, , 0, 0, 0, 0, 0, 
334, 0, 424, -1, -1, 147, 91, 209.0, 9, , 78, 0, 0, 0, , 0, 0, 0, 0, 0, 
335, 0, 426, -1, -1, 94, 155, 90.0, 11, , 74, 0, 0, 0, , 0, 0, 0, 0, 0, 
336, 0, 428, -1, -1, 103, 131, 148.0, 7, , 14, 0, 0, 0, , 0, 0, 0, 0, 0, 
337, 0, 429, -1, -1, 91, 169, 150.0, 9, , 15, 0, 0, 0, , 0, 0, 0, 0, 0, 
338, 0, 430, -1, -1, 290, 62, 149.0, 8, , 75, 0, 0, 0, , 0, 0, 0, 0, 0, 
339, 0, 431, -1, -1, 314, 94, 156.0, 7, , 17, 0, 0, 0, , 0, 0, 0, 0, 0, 
340, 0, 432, -1, -1, 67, 116, 156.0, 8, , 13, 0, 0, 0, , 0, 0, 0, 0, 0, 
341, 0, 433, -1, -1, 105, 161, 159.0, 8, , 31, 0, 0, 0, , 0, 0, 0, 0, 0, 
342, 0, 434, -1, -1, 104, 107, 162.0, 7, , 21, 0, 0, 0, , 0, 0, 0, 0, 0, 
343, 0, 435, -1, -1, 119, 110, 179.0, 7, , 24, 0, 0, 0, , 0, 0, 0, 0, 0, 
344, 0, 436, -1, -1, 91, 76, 181.0, 8, , 4, 0, 0, 0, , 0, 0, 0, 0, 0, 
345, 0, 437, -1, -1, 247, 62, 186.0, 7, , 39, 0, 0, 0, , 0, 0, 0, 0, 0, 
346, 0, 439, -1, -1, 205, 87, 206.0, 7, , 29, 0, 0, 0, , 0, 0, 0, 0, 0, 
347, 0, 441, -1, -1, 91, 167, 141.0, 9, , 30, 0, 0, 0, , 0, 0, 0, 0, 0, 
348, 0, 442, -1, -1, 204, 97, 197.0, 7, , 17, 0, 0, 0, , 0, 0, 0, 0, 0, 
349, 0, 443, -1, -1, 146, 46, 98.0, 7, , 14, 0, 0, 0, , 0, 0, 0, 0, 0, 
350, 0, 444, -1, -1, 169, 167, 116.0, 8, , 16, 0, 0, 0, , 0, 0, 0, 0, 0, 
351, 0, 445, -1, -1, 62, 74, 133.0, 8, , 8, 0, 0, 0, , 0, 0, 0, 0, 0, 
352, 0, 446, -1, -1, 105, 128, 174.0, 9, , 41, 0, 0, 0, , 0, 0, 0, 0, 0, 
353, 0, 448, -1, -1, 174, 55, 182.0, 8, , 52, 0, 0, 0, , 0, 0, 0, 0, 0, 
354, 0, 449, -1, -1, 39, 105, 122.0, 8, , 26, 0, 0, 0, , 0, 0, 0, 0, 0, 
355, 0, 450, -1, -1, 72, 158, 133.0, 8, , 91, 0, 0, 0, , 0, 0, 0, 0, 0, 
356, 0, 451, -1, -1, 209, 175, 139.0, 8, , 19, 0, 0, 0, , 0, 0, 0, 0, 0, 
357, 0, 452, -1, -1, 292, 60, 142.0, 8, , 30, 0, 0, 0, , 0, 0, 0, 0, 0, 
358, 0, 453, -1, -1, 312, 93, 162.0, 9, , 37, 0, 0, 0, , 0, 0, 0, 0, 0, 
359, 0, 454, -1, -1, 281, 111, 186.0, 11, , 98, 0, 0, 0, , 0, 0, 0, 0, 0, 
360, 0, 455, -1, -1, 177, 97, 194.0, 9, , 40, 0, 0, 0, , 0, 0, 0, 0, 0, 
361, 0, 456, -1, -1, 91, 145, 172.0, 9, , 28, 0, 0, 0, , 0, 0, 0, 0, 0, 
362, 0, 457, -1, -1, 201, 61, 190.0, 9, , 21, 0, 0, 0, , 0, 0, 0, 0, 0, 
363, 0, 458, -1, -1, 114, 113, 54.0, 8, , 6, 0, 0, 0, , 0, 0, 0, 0, 0, 
364, 0, 459, -1, -1, 163, 101, 56.0, 7, , 12, 0, 0, 0, , 0, 0, 0, 0, 0, 
365, 0, 460, -1, -1, 162, 101, 59.0, 7, , 15, 0, 0, 0, , 0, 0, 0, 0, 0, 
366, 0, 461, -1, -1, 128, 148, 62.0, 9, , 49, 0, 0, 0, , 0, 0, 0, 0, 0, 
367, 0, 463, -1, -1, 106, 90, 69.0, 8, , 35, 0, 0, 0, , 0, 0, 0, 0, 0, 
368, 0, 464, -1, -1, 86, 106, 68.0, 7, , 31, 0, 0, 0, , 0, 0, 0, 0, 0, 
369, 0, 465, -1, -1, 131, 80, 74.0, 7, , 18, 0, 0, 0, , 0, 0, 0, 0, 0, 
370, 0, 466, -1, -1, 131, 80, 78.0, 8, , 32, 0, 0, 0, , 0, 0, 0, 0, 0, 
371, 0, 467, -1, -1, 248, 153, 85.0, 8, , 10, 0, 0, 0, , 0, 0, 0, 0, 0, 
372, 0, 468, -1, -1, 82, 96, 88.0, 7, , 20, 0, 0, 0, , 0, 0, 0, 0, 0, 
373, 0, 469, -1, -1, 113, 63, 86.0, 9, , 25, 0, 0, 0, , 0, 0, 0, 0, 0, 
374, 0, 470, -1, -1, 142, 50, 89.0, 9, , 23, 0, 0, 0, , 0, 0, 0, 0, 0, 
375, 0, 471, -1, -1, 223, 155, 89.0, 8, , 5, 0, 0, 0, , 0, 0, 0, 0, 0, 
376, 0, 472, -1, -1, 74, 151, 89.0, 8, , 20, 0, 0, 0, , 0, 0, 0, 0, 0, 
377, 0, 474, -1, -1, 75, 145, 91.0, 9, , 52, 0, 0, 0, , 0, 0, 0, 0, 0, 
378, 0, 475, -1, -1, 74, 146, 95.0, 8, , 61, 0, 0, 0, , 0, 0, 0, 0, 0, 
379, 0, 476, -1, -1, 80, 151, 94.0, 8, , 5, 0, 0, 0, , 0, 0, 0, 0, 0, 
380, 0, 477, -1, -1, 142, 57, 98.0, 8, , 38, 0, 0, 0, , 0, 0, 0, 0, 0, 
381, 0, 478, -1, -1, 84, 124, 103.0, 13, , 84, 0, 0, 0, , 0, 0, 0, 0, 0, 
382, 0, 479, -1, -1, 152, 34, 104.0, 9, , 27, 0, 0, 0, , 0, 0, 0, 0, 0, 
383, 0, 480, -1, -1, 162, 35, 107.0, 7, , 3, 0, 0, 0, , 0, 0, 0, 0, 0, 
384, 0, 481, -1, -1, 70, 110, 110.0, 8, , 7, 0, 0, 0, , 0, 0, 0, 0, 0, 
385, 0, 482, -1, -1, 68, 115, 110.0, 8, , 2, 0, 0, 0, , 0, 0, 0, 0, 0, 
386, 0, 483, -1, -1, 72, 153, 115.0, 7, , 16, 0, 0, 0, , 0, 0, 0, 0, 0, 
387, 0, 484, -1, -1, 153, 38, 114.0, 8, , 22, 0, 0, 0, , 0, 0, 0, 0, 0, 
388, 0, 485, -1, -1, 46, 105, 118.0, 7, , 21, 0, 0, 0, , 0, 0, 0, 0, 0, 
389, 0, 486, -1, -1, 140, 183, 118.0, 11, , 20, 0, 0, 0, , 0, 0, 0, 0, 0, 
390, 0, 487, -1, -1, 51, 106, 121.0, 8, , 24, 0, 0, 0, , 0, 0, 0, 0, 0, 
391, 0, 488, -1, -1, 103, 161, 121.0, 7, , 34, 0, 0, 0, , 0, 0, 0, 0, 0, 
392, 0, 489, -1, -1, 48, 109, 128.0, 9, , 26, 0, 0, 0, , 0, 0, 0, 0, 0, 
393, 0, 490, -1, -1, 158, 174, 128.0, 8, , 10, 0, 0, 0, , 0, 0, 0, 0, 0, 
394, 0, 491, -1, -1, 163, 34, 132.0, 8, , 20, 0, 0, 0, , 0, 0, 0, 0, 0, 
395, 0, 492, -1, -1, 49, 130, 132.0, 7, , 5, 0, 0, 0, , 0, 0, 0, 0, 0, 
396, 0, 493, -1, -1, 125, 174, 131.0, 7, , 25, 0, 0, 0, , 0, 0, 0, 0, 0, 
397, 0, 494, -1, -1, 63, 82, 135.0, 9, , 44, 0, 0, 0, , 0, 0, 0, 0, 0, 
398, 0, 495, -1, -1, 50, 134, 136.0, 9, , 20, 0, 0, 0, , 0, 0, 0, 0, 0, 
399, 0, 497, -1, -1, 59, 77, 137.0, 8, , 48, 0, 0, 0, , 0, 0, 0, 0, 0, 
400, 0, 499, -1, -1, 96, 110, 144.0, 9, , 37, 0, 0, 0, , 0, 0, 0, 0, 0, 
401, 0, 500, -1, -1, 104, 129, 144.0, 9, , 41, 0, 0, 0, , 0, 0, 0, 0, 0, 
402, 0, 501, -1, -1, 108, 65, 145.0, 7, , 34, 0, 0, 0, , 0, 0, 0, 0, 0, 
403, 0, 502, -1, -1, 259, 43, 150.0, 9, , 32, 0, 0, 0, , 0, 0, 0, 0, 0, 
404, 0, 503, -1, -1, 79, 62, 151.0, 9, , 32, 0, 0, 0, , 0, 0, 0, 0, 0, 
405, 0, 505, -1, -1, 307, 67, 149.0, 7, , 26, 0, 0, 0, , 0, 0, 0, 0, 0, 
406, 0, 506, -1, -1, 126, 122, 150.0, 7, , 17, 0, 0, 0, , 0, 0, 0, 0, 0, 
407, 0, 508, -1, -1, 44, 103, 154.0, 13, , 71, 0, 0, 0, , 0, 0, 0, 0, 0, 
408, 0, 509, -1, -1, 129, 123, 155.0, 9, , 21, 0, 0, 0, , 0, 0, 0, 0, 0, 
409, 0, 512, -1, -1, 64, 114, 159.0, 7, , 37, 0, 0, 0, , 0, 0, 0, 0, 0, 
410, 0, 513, -1, -1, 155, 44, 161.0, 11, , 14, 0, 0, 0, , 0, 0, 0, 0, 0, 
411, 0, 515, -1, -1, 192, 153, 163.0, 9, , 8, 0, 0, 0, , 0, 0, 0, 0, 0, 
412, 0, 516, -1, -1, 110, 127, 168.0, 7, , 31, 0, 0, 0, , 0, 0, 0, 0, 0, 
413, 0, 517, -1, -1, 180, 32, 166.0, 7, , 32, 0, 0, 0, , 0, 0, 0, 0, 0, 
414, 0, 518, -1, -1, 70, 82, 168.0, 8, , 10, 0, 0, 0, , 0, 0, 0, 0, 0, 
415, 0, 519, -1, -1, 93, 57, 168.0, 8, , 27, 0, 0, 0, , 0, 0, 0, 0, 0, 
416, 0, 519, -1, -1, 100, 53, 170.0, 11, , 82, 0, 0, 0, , 0, 0, 0, 0, 0, 
417, 0, 521, -1, -1, 210, 161, 167.0, 9, , 44, 0, 0, 0, , 0, 0, 0, 0, 0, 
418, 0, 522, -1, -1, 93, 58, 170.0, 8, , 24, 0, 0, 0, , 0, 0, 0, 0, 0, 
419, 0, 524, -1, -1, 134, 137, 172.0, 8, , 12, 0, 0, 0, , 0, 0, 0, 0, 0, 
420, 0, 525, -1, -1, 153, 49, 173.0, 9, , 47, 0, 0, 0, , 0, 0, 0, 0, 0, 
421, 0, 526, -1, -1, 210, 166, 173.0, 9, , 137, 0, 0, 0, , 0, 0, 0, 0, 0, 
422, 0, 527, -1, -1, 112, 113, 177.0, 9, , 42, 0, 0, 0, , 0, 0, 0, 0, 0, 
423, 0, 528, -1, -1, 150, 56, 180.0, 8, , 45, 0, 0, 0, , 0, 0, 0, 0, 0, 
424, 0, 529, -1, -1, 235, 163, 178.0, 7, , 30, 0, 0, 0, , 0, 0, 0, 0, 0, 
425, 0, 530, -1, -1, 284, 84, 177.0, 7, , 26, 0, 0, 0, , 0, 0, 0, 0, 0, 
426, 0, 531, -1, -1, 138, 140, 180.0, 9, , 39, 0, 0, 0, , 0, 0, 0, 0, 0, 
427, 0, 532, -1, -1, 298, 82, 179.0, 8, , 13, 0, 0, 0, , 0, 0, 0, 0, 0, 
428, 0, 533, -1, -1, 246, 62, 182.0, 9, , 62, 0, 0, 0, , 0, 0, 0, 0, 0, 
429, 0, 534, -1, -1, 292, 80, 183.0, 7, , 13, 0, 0, 0, , 0, 0, 0, 0, 0, 
430, 0, 535, -1, -1, 102, 129, 186.0, 8, , 37, 0, 0, 0, , 0, 0, 0, 0, 0, 
431, 0, 536, -1, -1, 181, 90, 194.0, 7, , 19, 0, 0, 0, , 0, 0, 0, 0, 0, 
432, 0, 537, -1, -1, 101, 95, 196.0, 9, , 32, 0, 0, 0, , 0, 0, 0, 0, 0, 
433, 0, 538, -1, -1, 208, 130, 195.0, 7, , 39, 0, 0, 0, , 0, 0, 0, 0, 0, 
434, 0, 539, -1, -1, 207, 89, 194.0, 8, , 15, 0, 0, 0, , 0, 0, 0, 0, 0, 
435, 0, 540, -1, -1, 109, 100, 197.0, 7, , 19, 0, 0, 0, , 0, 0, 0, 0, 0, 
436, 0, 541, -1, -1, 128, 134, 199.0, 7, , 52, 0, 0, 0, , 0, 0, 0, 0, 0, 
437, 0, 542, -1, -1, 162, 65, 201.0, 9, , 44, 0, 0, 0, , 0, 0, 0, 0, 0, 
438, 0, 543, -1, -1, 193, 104, 201.0, 8, , 22, 0, 0, 0, , 0, 0, 0, 0, 0, 
439, 0, 544, -1, -1, 99, 98, 201.0, 7, , 26, 0, 0, 0, , 0, 0, 0, 0, 0, 
440, 0, 545, -1, -1, 149, 118, 201.0, 8, , 9, 0, 0, 0, , 0, 0, 0, 0, 0, 
441, 0, 546, -1, -1, 211, 82, 202.0, 7, , 24, 0, 0, 0, , 0, 0, 0, 0, 0, 
442, 0, 547, -1, -1, 203, 79, 205.0, 8, , 22, 0, 0, 0, , 0, 0, 0, 0, 0, 
443, 0, 548, -1, -1, 218, 122, 207.0, 7, , 22, 0, 0, 0, , 0, 0, 0, 0, 0, 
444, 0, 549, -1, -1, 146, 85, 209.0, 9, , 55, 0, 0, 0, , 0, 0, 0, 0, 0, 
445, 0, 550, -1, -1, 88, 112, 67.0, 7, , 27, 0, 0, 0, , 0, 0, 0, 0, 0, 
446, 0, 552, -1, -1, 132, 170, 117.0, 9, , 30, 0, 0, 0, , 0, 0, 0, 0, 0, 
447, 0, 553, -1, -1, 159, 28, 138.0, 7, , 24, 0, 0, 0, , 0, 0, 0, 0, 0, 
448, 0, 554, -1, -1, 302, 66, 154.0, 9, , 45, 0, 0, 0, , 0, 0, 0, 0, 0, 
449, 0, 557, -1, -1, 164, 88, 185.0, 8, , 39, 0, 0, 0, , 0, 0, 0, 0, 0, 
450, 0, 558, -1, -1, 203, 55, 187.0, 9, , 67, 0, 0, 0, , 0, 0, 0, 0, 0, 
451, 0, 559, -1, -1, 150, 50, 187.0, 8, , 63, 0, 0, 0, , 0, 0, 0, 0, 0, 
452, 0, 560, -1, -1, 165, 89, 188.0, 11, , 103, 0, 0, 0, , 0, 0, 0, 0, 0, 
453, 0, 561, -1, -1, 209, 130, 193.0, 7, , 28, 0, 0, 0, , 0, 0, 0, 0, 0, 
454, 0, 563, -1, -1, 179, 92, 199.0, 8, , 10, 0, 0, 0, , 0, 0, 0, 0, 0, 
455, 0, 564, -1, -1, 188, 71, 203.0, 13, , 161, 0, 0, 0, , 0, 0, 0, 0, 0, 
456, 0, 565, -1, -1, 129, 128, 203.0, 7, , 30, 0, 0, 0, , 0, 0, 0, 0, 0, 
457, 0, 566, -1, -1, 90, 108, 72.0, 9, , 43, 0, 0, 0, , 0, 0, 0, 0, 0, 
458, 0, 567, -1, -1, 318, 92, 161.0, 7, , 31, 0, 0, 0, , 0, 0, 0, 0, 0, 
459, 0, -1, -1, -1, 172, 120, 68.0, 8, , 27, 0, 0, 0, , 0, 0, 0, 0, 0, 
460, 0, -1, -1, -1, 74, 144, 83.0, 8, , 68, 0, 0, 0, , 0, 0, 0, 0, 0, 
461, 0, -1, -1, -1, 91, 56, 126.0, 8, , 81, 0, 0, 0, , 0, 0, 0, 0, 0, 
462, 0, -1, -1, -1, 115, 46, 132.0, 11, , 186, 0, 0, 0, , 0, 0, 0, 0, 0, 
463, 0, -1, -1, -1, 123, 176, 141.0, 9, , 61, 0, 0, 0, , 0, 0, 0, 0, 0, 
464, 0, -1, -1, -1, 207, 135, 197.0, 11, , 116, 0, 0, 0, , 0, 0, 0, 0, 0, 
465, 0, -1, -1, -1, 52, 103, 115.0, 7, , 38, 0, 0, 0, , 0, 0, 0, 0, 0, 
466, 0, -1, -1, -1, 143, 41, 126.0, 9, , 85, 0, 0, 0, , 0, 0, 0, 0, 0, 
467, 0, -1, -1, -1, 51, 98, 149.0, 8, , 29, 0, 0, 0, , 0, 0, 0, 0, 0, 
468, 0, -1, -1, -1, 292, 57, 150.0, 8, , 74, 0, 0, 0, , 0, 0, 0, 0, 0, 
469, 0, -1, -1, -1, 225, 164, 155.0, 8, , 49, 0, 0, 0, , 0, 0, 0, 0, 0, 
470, 0, -1, -1, -1, 83, 108, 158.0, 9, , 98, 0, 0, 0, , 0, 0, 0, 0, 0, 
471, 0, -1, -1, -1, 89, 150, 171.0, 9, , 96, 0, 0, 0, , 0, 0, 0, 0, 0, 
472, 0, -1, -1, -1, 254, 94, 193.0, 8, , 80, 0, 0, 0, , 0, 0, 0, 0, 0, 
473, 0, -1, -1, -1, 168, 101, 200.0, 8, , 40, 0, 0, 0, , 0, 0, 0, 0, 0, 
474, 0, -1, -1, -1, 173, 51, 181.0, 7, , 42, 0, 0, 0, , 0, 0, 0, 0, 0, 
475, 0, -1, -1, -1, 104, 86, 64.0, 8, , 22, 0, 0, 0, , 0, 0, 0, 0, 0, 
476, 0, -1, -1, -1, 141, 166, 75.0, 8, , 2, 0, 0, 0, , 0, 0, 0, 0, 0, 
477, 0, -1, -1, -1, 140, 163, 78.0, 8, , 11, 0, 0, 0, , 0, 0, 0, 0, 0, 
478, 0, -1, -1, -1, 92, 129, 79.0, 7, , 41, 0, 0, 0, , 0, 0, 0, 0, 0, 
479, 0, -1, -1, -1, 115, 144, 80.0, 7, , 6, 0, 0, 0, , 0, 0, 0, 0, 0, 
480, 0, -1, -1, -1, 94, 131, 82.0, 8, , 18, 0, 0, 0, , 0, 0, 0, 0, 0, 
481, 0, -1, -1, -1, 79, 144, 87.0, 8, , 22, 0, 0, 0, , 0, 0, 0, 0, 0, 
482, 0, -1, -1, -1, 96, 158, 88.0, 8, , 41, 0, 0, 0, , 0, 0, 0, 0, 0, 
483, 0, -1, -1, -1, 87, 104, 91.0, 8, , 2, 0, 0, 0, , 0, 0, 0, 0, 0, 
484, 0, -1, -1, -1, 144, 54, 92.0, 9, , 22, 0, 0, 0, , 0, 0, 0, 0, 0, 
485, 0, -1, -1, -1, 146, 45, 96.0, 7, , 25, 0, 0, 0, , 0, 0, 0, 0, 0, 
486, 0, -1, -1, -1, 81, 127, 97.0, 11, , 60, 0, 0, 0, , 0, 0, 0, 0, 0, 
487, 0, -1, -1, -1, 117, 159, 97.0, 11, , 27, 0, 0, 0, , 0, 0, 0, 0, 0, 
488, 0, -1, -1, -1, 141, 51, 99.0, 7, , 16, 0, 0, 0, , 0, 0, 0, 0, 0, 
489, 0, -1, -1, -1, 157, 36, 100.0, 7, , 6, 0, 0, 0, , 0, 0, 0, 0, 0, 
490, 0, -1, -1, -1, 112, 46, 104.0, 8, , 15, 0, 0, 0, , 0, 0, 0, 0, 0, 
491, 0, -1, -1, -1, 120, 156, 105.0, 8, , 25, 0, 0, 0, , 0, 0, 0, 0, 0, 
492, 0, -1, -1, -1, 135, 184, 114.0, 9, , 24, 0, 0, 0, , 0, 0, 0, 0, 0, 
493, 0, -1, -1, -1, 65, 114, 115.0, 7, , 5, 0, 0, 0, , 0, 0, 0, 0, 0, 
494, 0, -1, -1, -1, 64, 150, 116.0, 8, , 9, 0, 0, 0, , 0, 0, 0, 0, 0, 
495, 0, -1, -1, -1, 276, 176, 116.0, 8, , 3, 0, 0, 0, , 0, 0, 0, 0, 0, 
496, 0, -1, -1, -1, 52, 109, 124.0, 7, , 26, 0, 0, 0, , 0, 0, 0, 0, 0, 
497, 0, -1, -1, -1, 226, 178, 124.0, 9, , 29, 0, 0, 0, , 0, 0, 0, 0, 0, 
498, 0, -1, -1, -1, 103, 164, 125.0, 11, , 62, 0, 0, 0, , 0, 0, 0, 0, 0, 
499, 0, -1, -1, -1, 155, 171, 125.0, 7, , 22, 0, 0, 0, , 0, 0, 0, 0, 0, 
500, 0, -1, -1, -1, 40, 108, 126.0, 8, , 22, 0, 0, 0, , 0, 0, 0, 0, 0, 
501, 0, -1, -1, -1, 224, 173, 127.0, 8, , 4, 0, 0, 0, , 0, 0, 0, 0, 0, 
502, 0, -1, -1, -1, 168, 59, 128.0, 7, , 14, 0, 0, 0, , 0, 0, 0, 0, 0, 
503, 0, -1, -1, -1, 333, 138, 130.0, 9, , 22, 0, 0, 0, , 0, 0, 0, 0, 0, 
504, 0, -1, -1, -1, 158, 167, 131.0, 8, , 7, 0, 0, 0, , 0, 0, 0, 0, 0, 
505, 0, -1, -1, -1, 224, 179, 131.0, 8, , 5, 0, 0, 0, , 0, 0, 0, 0, 0, 
506, 0, -1, -1, -1, 89, 59, 132.0, 8, , 37, 0, 0, 0, , 0, 0, 0, 0, 0, 
507, 0, -1, -1, -1, 96, 110, 132.0, 9, , 29, 0, 0, 0, , 0, 0, 0, 0, 0, 
508, 0, -1, -1, -1, 159, 175, 132.0, 8, , 11, 0, 0, 0, , 0, 0, 0, 0, 0, 
509, 0, -1, -1, -1, 252, 176, 133.0, 9, , 51, 0, 0, 0, , 0, 0, 0, 0, 0, 
510, 0, -1, -1, -1, 189, 44, 134.0, 9, , 17, 0, 0, 0, , 0, 0, 0, 0, 0, 
511, 0, -1, -1, -1, 114, 41, 136.0, 8, , 20, 0, 0, 0, , 0, 0, 0, 0, 0, 
512, 0, -1, -1, -1, 118, 47, 137.0, 8, , 43, 0, 0, 0, , 0, 0, 0, 0, 0, 
513, 0, -1, -1, -1, 151, 174, 137.0, 8, , 16, 0, 0, 0, , 0, 0, 0, 0, 0, 
514, 0, -1, -1, -1, 249, 168, 137.0, 9, , 29, 0, 0, 0, , 0, 0, 0, 0, 0, 
515, 0, -1, -1, -1, 87, 172, 140.0, 8, , 4, 0, 0, 0, , 0, 0, 0, 0, 0, 
516, 0, -1, -1, -1, 165, 28, 140.0, 9, , 24, 0, 0, 0, , 0, 0, 0, 0, 0, 
517, 0, -1, -1, -1, 51, 98, 145.0, 8, , 10, 0, 0, 0, , 0, 0, 0, 0, 0, 
518, 0, -1, -1, -1, 206, 180, 145.0, 7, , 22, 0, 0, 0, , 0, 0, 0, 0, 0, 
519, 0, -1, -1, -1, 154, 90, 146.0, 7, , 5, 0, 0, 0, , 0, 0, 0, 0, 0, 
520, 0, -1, -1, -1, 172, 176, 146.0, 9, , 12, 0, 0, 0, , 0, 0, 0, 0, 0, 
521, 0, -1, -1, -1, 248, 173, 146.0, 8, , 30, 0, 0, 0, , 0, 0, 0, 0, 0, 
522, 0, -1, -1, -1, 40, 102, 148.0, 8, , 10, 0, 0, 0, , 0, 0, 0, 0, 0, 
523, 0, -1, -1, -1, 117, 62, 149.0, 8, , 8, 0, 0, 0, , 0, 0, 0, 0, 0, 
524, 0, -1, -1, -1, 106, 59, 151.0, 7, , 32, 0, 0, 0, , 0, 0, 0, 0, 0, 
525, 0, -1, -1, -1, 105, 162, 152.0, 9, , 15, 0, 0, 0, , 0, 0, 0, 0, 0, 
526, 0, -1, -1, -1, 114, 54, 153.0, 8, , 11, 0, 0, 0, , 0, 0, 0, 0, 0, 
527, 0, -1, -1, -1, 169, 178, 153.0, 9, , 6, 0, 0, 0, , 0, 0, 0, 0, 0, 
528, 0, -1, -1, -1, 106, 161, 156.0, 8, , 13, 0, 0, 0, , 0, 0, 0, 0, 0, 
529, 0, -1, -1, -1, 131, 163, 156.0, 8, , 27, 0, 0, 0, , 0, 0, 0, 0, 0, 
530, 0, -1, -1, -1, 225, 47, 157.0, 7, , 29, 0, 0, 0, , 0, 0, 0, 0, 0, 
531, 0, -1, -1, -1, 194, 170, 158.0, 8, , 34, 0, 0, 0, , 0, 0, 0, 0, 0, 
532, 0, -1, -1, -1, 124, 141, 159.0, 11, , 22, 0, 0, 0, , 0, 0, 0, 0, 0, 
533, 0, -1, -1, -1, 51, 98, 161.0, 8, , 2, 0, 0, 0, , 0, 0, 0, 0, 0, 
534, 0, -1, -1, -1, 128, 40, 162.0, 8, , 14, 0, 0, 0, , 0, 0, 0, 0, 0, 
535, 0, -1, -1, -1, 131, 158, 162.0, 8, , 22, 0, 0, 0, , 0, 0, 0, 0, 0, 
536, 0, -1, -1, -1, 311, 93, 166.0, 8, , 33, 0, 0, 0, , 0, 0, 0, 0, 0, 
537, 0, -1, -1, -1, 202, 38, 167.0, 9, , 10, 0, 0, 0, , 0, 0, 0, 0, 0, 
538, 0, -1, -1, -1, 240, 157, 168.0, 8, , 41, 0, 0, 0, , 0, 0, 0, 0, 0, 
539, 0, -1, -1, -1, 92, 72, 169.0, 7, , 16, 0, 0, 0, , 0, 0, 0, 0, 0, 
540, 0, -1, -1, -1, 190, 148, 169.0, 7, , 6, 0, 0, 0, , 0, 0, 0, 0, 0, 
541, 0, -1, -1, -1, 196, 40, 170.0, 8, , 9, 0, 0, 0, , 0, 0, 0, 0, 0, 
542, 0, -1, -1, -1, 130, 57, 172.0, 8, , 25, 0, 0, 0, , 0, 0, 0, 0, 0, 
543, 0, -1, -1, -1, 237, 73, 173.0, 8, , 2, 0, 0, 0, , 0, 0, 0, 0, 0, 
544, 0, -1, -1, -1, 238, 154, 173.0, 9, , 55, 0, 0, 0, , 0, 0, 0, 0, 0, 
545, 0, -1, -1, -1, 81, 82, 174.0, 9, , 27, 0, 0, 0, , 0, 0, 0, 0, 0, 
546, 0, -1, -1, -1, 243, 72, 177.0, 8, , 28, 0, 0, 0, , 0, 0, 0, 0, 0, 
547, 0, -1, -1, -1, 153, 117, 181.0, 8, , 14, 0, 0, 0, , 0, 0, 0, 0, 0, 
548, 0, -1, -1, -1, 278, 109, 181.0, 8, , 59, 0, 0, 0, , 0, 0, 0, 0, 0, 
549, 0, -1, -1, -1, 76, 134, 182.0, 7, , 10, 0, 0, 0, , 0, 0, 0, 0, 0, 
550, 0, -1, -1, -1, 144, 116, 182.0, 8, , 17, 0, 0, 0, , 0, 0, 0, 0, 0, 
551, 0, -1, -1, -1, 262, 124, 185.0, 8, , 52, 0, 0, 0, , 0, 0, 0, 0, 0, 
552, 0, -1, -1, -1, 217, 69, 186.0, 7, , 12, 0, 0, 0, , 0, 0, 0, 0, 0, 
553, 0, -1, -1, -1, 296, 98, 186.0, 8, , 6, 0, 0, 0, , 0, 0, 0, 0, 0, 
554, 0, -1, -1, -1, 182, 98, 188.0, 7, , 8, 0, 0, 0, , 0, 0, 0, 0, 0, 
555, 0, -1, -1, -1, 244, 129, 188.0, 8, , 28, 0, 0, 0, , 0, 0, 0, 0, 0, 
556, 0, -1, -1, -1, 263, 121, 188.0, 7, , 70, 0, 0, 0, , 0, 0, 0, 0, 0, 
557, 0, -1, -1, -1, 138, 69, 189.0, 7, , 31, 0, 0, 0, , 0, 0, 0, 0, 0, 
558, 0, -1, -1, -1, 100, 107, 192.0, 8, , 3, 0, 0, 0, , 0, 0, 0, 0, 0, 
559, 0, -1, -1, -1, 109, 106, 195.0, 7, , 21, 0, 0, 0, , 0, 0, 0, 0, 0, 
560, 0, -1, -1, -1, 190, 65, 195.0, 8, , 16, 0, 0, 0, , 0, 0, 0, 0, 0, 
561, 0, -1, -1, -1, 241, 75, 199.0, 7, , 61, 0, 0, 0, , 0, 0, 0, 0, 0, 
562, 0, -1, -1, -1, 207, 132, 202.0, 9, , 37, 0, 0, 0, , 0, 0, 0, 0, 0, 
563, 0, -1, -1, -1, 128, 136, 206.0, 9, , 30, 0, 0, 0, , 0, 0, 0, 0, 0, 
564, 0, -1, -1, -1, 143, 111, 206.0, 11, , 139, 0, 0, 0, , 0, 0, 0, 0, 0, 
565, 0, -1, -1, -1, 196, 105, 206.0, 9, , 50, 0, 0, 0, , 0, 0, 0, 0, 0, 
566, 0, -1, -1, -1, 210, 106, 209.0, 8, , 48, 0, 0, 0, , 0, 0, 0, 0, 0, 
567, 0, -1, -1, -1, 114, 63, 84.0, 9, , 26, 0, 0, 0, , 0, 0, 0, 0, 0, 
568, 0, -1, -1, -1, 83, 91, 90.0, 8, , 10, 0, 0, 0, , 0, 0, 0, 0, 0, 
569, 0, -1, -1, -1, 121, 157, 103.0, 9, , 40, 0, 0, 0, , 0, 0, 0, 0, 0, 
570, 0, -1, -1, -1, 68, 158, 119.0, 9, , 30, 0, 0, 0, , 0, 0, 0, 0, 0, 
571, 0, -1, -1, -1, 149, 97, 124.0, 7, , 17, 0, 0, 0, , 0, 0, 0, 0, 0, 
572, 0, -1, -1, -1, 186, 45, 137.0, 8, , 19, 0, 0, 0, , 0, 0, 0, 0, 0, 
573, 0, -1, -1, -1, 263, 47, 137.0, 7, , 17, 0, 0, 0, , 0, 0, 0, 0, 0, 
574, 0, -1, -1, -1, 118, 45, 140.0, 8, , 21, 0, 0, 0, , 0, 0, 0, 0, 0, 
575, 0, -1, -1, -1, 307, 65, 155.0, 7, , 22, 0, 0, 0, , 0, 0, 0, 0, 0, 
576, 0, -1, -1, -1, 234, 45, 157.0, 9, , 25, 0, 0, 0, , 0, 0, 0, 0, 0, 
577, 0, -1, -1, -1, 69, 114, 158.0, 7, , 32, 0, 0, 0, , 0, 0, 0, 0, 0, 
578, 0, -1, -1, -1, 110, 59, 159.0, 7, , 22, 0, 0, 0, , 0, 0, 0, 0, 0, 
579, 0, -1, -1, -1, 131, 158, 159.0, 8, , 19, 0, 0, 0, , 0, 0, 0, 0, 0, 
580, 0, -1, -1, -1, 65, 114, 161.0, 9, , 30, 0, 0, 0, , 0, 0, 0, 0, 0, 
581, 0, -1, -1, -1, 131, 159, 164.0, 9, , 47, 0, 0, 0, , 0, 0, 0, 0, 0, 
582, 0, -1, -1, -1, 237, 156, 177.0, 7, , 24, 0, 0, 0, , 0, 0, 0, 0, 0, 
583, 0, -1, -1, -1, 165, 88, 182.0, 9, , 14, 0, 0, 0, , 0, 0, 0, 0, 0, 
584, 0, -1, -1, -1, 96, 72, 184.0, 9, , 33, 0, 0, 0, , 0, 0, 0, 0, 0, 
585, 0, -1, -1, -1, 177, 97, 186.0, 7, , 14, 0, 0, 0, , 0, 0, 0, 0, 0, 
586, 0, -1, -1, -1, 141, 75, 191.0, 7, , 33, 0, 0, 0, , 0, 0, 0, 0, 0, 
587, 0, -1, -1, -1, 201, 56, 196.0, 8, , 12, 0, 0, 0, , 0, 0, 0, 0, 0, 
588, 0, -1, -1, -1, 239, 76, 202.0, 11, , 111, 0, 0, 0, , 0, 0, 0, 0, 0, 
589, 0, -1, -1, -1, 135, 94, 204.0, 9, , 42, 0, 0, 0, , 0, 0, 0, 0, 0, 
590, 0, -1, -1, -1, 195, 105, 209.0, 9, , 46, 0, 0, 0, , 0, 0, 0, 0, 0, 
591, 0, -1, -1, -1, 164, 30, 144.0, 9, , 29, 0, 0, 0, , 0, 0, 0, 0, 0, 
592, 0, -1, -1, -1, 256, 92, 188.0, 9, , 26, 0, 0, 0, , 0, 0, 0, 0, 0, 
593, 0, -1, -1, -1, 237, 76, 205.0, 11, , 119, 0, 0, 0, , 0, 0, 0, 0, 0, 
594, 1, 568, 708, -1, 259, 92, 130.0, 20, Eprp, 0, 0, 0, 0, , 0, 0, 0, 0, 0, 
595, 0, -1, -1, -1, 114, 45, 133.0, 11, , 0, 0, 0, 0, , 0, 0, 0, 0, 0, 
596, 0, -1, -1, -1, 141, 41, 132.0, 11, , 0, 0, 0, 0, , 0, 0, 0, 0, 0, 
597, 1, 571, 713, -1, 122, 96, 201.0, 12, ABarapppaa, 0, 0, 0, 0, , 0, 0, 0, 0, 0, 
598, 1, 571, 712, -1, 135, 96, 197.5, 16, ABarapppap, 0, 0, 0, 0, , 0, 0, 0, 0, 0, 
599, 1, 572, 714, -1, 142, 116, 208.0, 17, ABarappaa, 0, 0, 0, 0, , 0, 0, 0, 0, 0, 
600, 1, 573, 715, -1, 168, 101, 207.0, 15, ABarappap, 0, 0, 0, 0, , 0, 0, 0, 0, 0, 
601, 1, 574, 717, -1, 146, 88, 210.0, 15, ABarappppa, 0, 0, 0, 0, , 0, 0, 0, 0, 0, 
602, 1, 570, 718, -1, 166, 88, 190.0, 13, ABarappppp, 0, 0, 0, 0, , 0, 0, 0, 0, 0, 
603, 1, 575, 719, -1, 104, 125, 194.0, 17, ABarapaaa, 0, 0, 0, 0, , 0, 0, 0, 0, 0, 
604, 1, 576, 720, -1, 115, 113, 179.0, 13, ABarapaapa, 0, 0, 0, 0, , 0, 0, 0, 0, 0, 
605, 1, 577, 721, -1, 136, 136, 187.0, 14, ABarapaapp, 0, 0, 0, 0, , 0, 0, 0, 0, 0, 
606, 1, 578, 723, -1, 160, 135, 201.0, 14, ABarapapap, 0, 0, 0, 0, , 0, 0, 0, 0, 0, 
607, 1, 579, 722, -1, 126, 132, 200.0, 15, ABarapapaa, 0, 0, 0, 0, , 0, 0, 0, 0, 0, 
608, 1, 580, 724, -1, 148, 118, 183.0, 14, ABarapappa, 0, 0, 0, 0, , 0, 0, 0, 0, 0, 
609, 1, 581, 725, -1, 183, 134, 188.0, 19, ABarapappp, 0, 0, 0, 0, , 0, 0, 0, 0, 0, 
610, 1, 582, 726, -1, 64, 112, 153.0, 14, ABaraapaaa, 0, 0, 0, 0, , 0, 0, 0, 0, 0, 
611, 1, 583, 727, -1, 97, 112, 138.0, 14, ABaraapaap, 0, 0, 0, 0, , 0, 0, 0, 0, 0, 
612, 1, 584, 728, -1, 100, 131, 143.0, 12, ABaraapapa, 0, 0, 0, 0, , 0, 0, 0, 0, 0, 
613, 1, 585, 729, -1, 128, 129, 130.0, 14, ABaraapapp, 0, 0, 0, 0, , 0, 0, 0, 0, 0, 
614, 1, 587, 730, -1, 104, 108, 166.0, 15, ABaraappaa, 0, 0, 0, 0, , 0, 0, 0, 0, 0, 
615, 1, 586, 731, -1, 129, 121, 151.0, 15, ABaraappap, 0, 0, 0, 0, , 0, 0, 0, 0, 0, 
616, 1, 588, 732, -1, 135, 107, 171.0, 17, ABaraapppa, 0, 0, 0, 0, , 0, 0, 0, 0, 0, 
617, 1, 589, 733, -1, 152, 94, 146.0, 16, ABaraapppp, 0, 0, 0, 0, , 0, 0, 0, 0, 0, 
618, 1, 590, 734, -1, 68, 112, 173.0, 15, ABaraaapaa, 0, 0, 0, 0, , 0, 0, 0, 0, 0, 
619, 1, 591, 735, -1, 87, 101, 184.0, 17, ABaraaapap, 0, 0, 0, 0, , 0, 0, 0, 0, 0, 
620, 1, 592, 736, -1, 102, 102, 198.0, 17, ABaraaapp, 0, 0, 0, 0, , 0, 0, 0, 0, 0, 
621, 1, 593, 737, -1, 57, 98, 165.0, 17, ABaraaaaa, 0, 0, 0, 0, , 0, 0, 0, 0, 0, 
622, 1, 594, 738, -1, 85, 107, 165.0, 16, ABaraaaap, 0, 0, 0, 0, , 0, 0, 0, 0, 0, 
623, 1, 595, 739, -1, 103, 129, 169.0, 19, ABalpaaap, 0, 0, 0, 0, , 0, 0, 0, 0, 0, 
624, 1, 596, 740, -1, 70, 132, 176.0, 19, ABalpaaaa, 0, 0, 0, 0, , 0, 0, 0, 0, 0, 
625, 1, 597, 741, -1, 52, 125, 149.0, 15, ABalpaapaa, 0, 0, 0, 0, , 0, 0, 0, 0, 0, 
626, 1, 598, 742, -1, 79, 133, 151.0, 16, ABalpaapap, 0, 0, 0, 0, , 0, 0, 0, 0, 0, 
627, 1, 599, 743, -1, 74, 157, 135.0, 16, ABalpaapp, 0, 0, 0, 0, , 0, 0, 0, 0, 0, 
628, 1, 600, 744, -1, 111, 145, 181.0, 15, ABalpappaa, 0, 0, 0, 0, , 0, 0, 0, 0, 0, 
629, 1, 601, 745, -1, 138, 155, 183.0, 15, ABalpappap, 0, 0, 0, 0, , 0, 0, 0, 0, 0, 
630, 1, 602, 746, -1, 124, 142, 159.0, 15, ABalpapppa, 0, 0, 0, 0, , 0, 0, 0, 0, 0, 
631, 1, 603, 747, -1, 162, 143, 178.0, 17, ABalpapppp, 0, 0, 0, 0, , 0, 0, 0, 0, 0, 
632, 1, 604, 748, -1, 67, 156, 115.0, 19, ABalppaaa, 0, 0, 0, 0, , 0, 0, 0, 0, 0, 
633, 1, 605, 749, -1, 86, 165, 106.0, 17, ABalppaap, 0, 0, 0, 0, , 0, 0, 0, 0, 0, 
634, 1, 607, 750, -1, 90, 168, 140.0, 15, ABalppapaa, 0, 0, 0, 0, , 0, 0, 0, 0, 0, 
635, 1, 606, 751, -1, 124, 175, 133.0, 14, ABalppapap, 0, 0, 0, 0, , 0, 0, 0, 0, 0, 
636, 1, 608, 752, -1, 121, 155, 131.0, 13, ABalppappa, 0, 0, 0, 0, , 0, 0, 0, 0, 0, 
637, 1, 609, 753, 754, 91, 151, 167.0, 15, ABalpapaa, 0, 0, 0, 0, , 0, 0, 0, 0, 0, 
638, 1, 610, 756, -1, 103, 161, 160.0, 15, ABalpapapa, 0, 0, 0, 0, , 0, 0, 0, 0, 0, 
639, 1, 610, 755, -1, 130, 161, 162.0, 14, ABalpapapp, 0, 0, 0, 0, , 0, 0, 0, 0, 0, 
640, 1, 611, 757, -1, 147, 161, 148.33333, 15, ABalppappp, 0, 0, 0, 0, , 0, 0, 0, 0, 0, 
641, 1, 612, 758, -1, 73, 147, 93.0, 14, ABalpppaa, 0, 0, 0, 0, , 0, 0, 0, 0, 0, 
642, 1, 613, 759, -1, 142, 136, 88.0, 15, ABalpppppp, 0, 0, 0, 0, , 0, 0, 0, 0, 0, 
643, 1, 614, 760, -1, 112, 137, 58.5, 13, ABalpppppa, 0, 0, 0, 0, , 0, 0, 0, 0, 0, 
644, 1, 615, 786, -1, 94, 126, 86.0, 13, ABalppppaa, 0, 0, 0, 0, , 0, 0, 0, 0, 0, 
645, 1, 616, 762, -1, 124, 127, 89.0, 11, ABalppppap, 0, 0, 0, 0, , 0, 0, 0, 0, 0, 
646, 1, 617, 763, -1, 95, 155, 91.0, 11, ABalpppapa, 0, 0, 0, 0, , 0, 0, 0, 0, 0, 
647, 0, 618, -1, -1, 114, 149, 75.5, 9, , 0, 0, 0, 0, , 0, 0, 0, 0, 0, 
648, 1, 619, 765, -1, 47, 106, 122.0, 16, ABalaaapa, 0, 0, 0, 0, , 0, 0, 0, 0, 0, 
649, 1, 620, 766, -1, 61, 78, 137.0, 14, ABalaaapp, 0, 0, 0, 0, , 0, 0, 0, 0, 0, 
650, 1, 621, 767, -1, 76, 81, 169.0, 17, ABalaapaa, 0, 0, 0, 0, , 0, 0, 0, 0, 0, 
651, 0, 622, -1, -1, 89, 80, 175.5, 15, , 0, 0, 0, 0, , 0, 0, 0, 0, 0, 
652, 1, 623, 769, -1, 92, 71, 179.0, 15, ABalaapap, 0, 0, 0, 0, , 0, 0, 0, 0, 0, 
653, 1, 624, 770, -1, 46, 104, 147.0, 17, ABalaaaar, 0, 0, 0, 0, , 0, 0, 0, 0, 0, 
654, 1, 625, 771, -1, 55, 134, 130.0, 19, ABalaaaal, 0, 0, 0, 0, , 0, 0, 0, 0, 0, 
655, 1, 626, 772, -1, 89, 60, 134.0, 14, ABalaappp, 0, 0, 0, 0, , 0, 0, 0, 0, 0, 
656, 1, 627, 773, -1, 81, 68, 153.0, 17, ABalaappa, 0, 0, 0, 0, , 0, 0, 0, 0, 0, 
657, 1, 628, 774, 775, 80, 125, 100.0, 17, ABalapaap, 0, 0, 0, 0, , 0, 0, 0, 0, 0, 
658, 1, 629, 776, -1, 62, 113, 108.0, 17, ABalapaaa, 0, 0, 0, 0, , 0, 0, 0, 0, 0, 
659, 1, 630, 777, -1, 85, 98, 89.0, 15, ABalapapa, 0, 0, 0, 0, , 0, 0, 0, 0, 0, 
660, 1, 631, 778, -1, 107, 105, 85.0, 14, ABalapappa, 0, 0, 0, 0, , 0, 0, 0, 0, 0, 
661, 1, 632, 779, -1, 142, 108, 83.0, 14, ABalapappp, 0, 0, 0, 0, , 0, 0, 0, 0, 0, 
662, 1, 633, 780, -1, 60, 94, 108.0, 17, ABalappaa, 0, 0, 0, 0, , 0, 0, 0, 0, 0, 
663, 1, 634, 781, -1, 68, 73, 115.0, 14, ABalappap, 0, 0, 0, 0, , 0, 0, 0, 0, 0, 
664, 1, 635, 782, -1, 84, 68, 101.0, 14, ABalapppaa, 0, 0, 0, 0, , 0, 0, 0, 0, 0, 
665, 1, 636, 783, -1, 107, 58, 112.0, 14, ABalapppap, 0, 0, 0, 0, , 0, 0, 0, 0, 0, 
666, 1, 637, 784, -1, 123, 65, 117.0, 14, ABalappppa, 0, 0, 0, 0, , 0, 0, 0, 0, 0, 
667, 1, 638, 785, -1, 152, 64, 117.0, 12, ABalappppp, 0, 0, 0, 0, , 0, 0, 0, 0, 0, 
668, 1, 639, 787, -1, 99, 57, 169.0, 16, ABpraaaaa, 0, 0, 0, 0, , 0, 0, 0, 0, 0, 
669, 1, 640, 789, -1, 120, 56, 180.0, 13, ABpraaaapa, 0, 0, 0, 0, , 0, 0, 0, 0, 0, 
670, 1, 640, 788, -1, 128, 54, 178.5, 12, ABpraaaapp, 0, 0, 0, 0, , 0, 0, 0, 0, 0, 
671, 1, 641, 790, -1, 130, 43, 158.0, 15, ABpraaappa, 0, 0, 0, 0, , 0, 0, 0, 0, 0, 
672, 1, 642, 791, -1, 156, 44, 157.0, 17, ABpraaappp, 0, 0, 0, 0, , 0, 0, 0, 0, 0, 
673, 1, 643, 792, -1, 204, 41, 168.5, 12, ABpraapppa, 0, 0, 0, 0, , 0, 0, 0, 0, 0, 
674, 1, 644, 793, -1, 228, 48, 173.0, 14, ABpraapppp, 0, 0, 0, 0, , 0, 0, 0, 0, 0, 
675, 1, 645, 619, 794, 180, 37, 158.0, 10, ABpraappa, 0, 0, 0, 0, , 0, 0, 0, 0, 0, 
676, 1, 646, 795, -1, 251, 58, 178.0, 16, ABprappaa, 0, 0, 0, 0, , 0, 0, 0, 0, 0, 
677, 1, 647, 796, -1, 277, 62, 168.0, 14, ABprappap, 0, 0, 0, 0, , 0, 0, 0, 0, 0, 
678, 1, 648, 797, -1, 291, 82, 176.0, 16, ABprapppa, 0, 0, 0, 0, , 0, 0, 0, 0, 0, 
679, 1, 649, 798, -1, 191, 37, 140.0, 19, ABprapaaa, 0, 0, 0, 0, , 0, 0, 0, 0, 0, 
680, 1, 650, 799, -1, 228, 46, 151.0, 14, ABprapaap, 0, 0, 0, 0, , 0, 0, 0, 0, 0, 
681, 1, 651, 800, -1, 291, 60, 145.5, 11, ABprapapap, 0, 0, 0, 0, , 0, 0, 0, 0, 0, 
682, 1, 652, 801, -1, 264, 48, 143.0, 13, ABprapapaa, 0, 0, 0, 0, , 0, 0, 0, 0, 0, 
683, 1, 653, 802, -1, 315, 94, 160.0, 11, ABprapappp, 0, 0, 0, 0, , 0, 0, 0, 0, 0, 
684, 1, 654, 803, -1, 305, 68, 146.33333, 13, ABprapappa, 0, 0, 0, 0, , 0, 0, 0, 0, 0, 
685, 1, 655, 804, -1, 171, 169, 115.5, 15, ABplppaaa, 0, 0, 0, 0, , 0, 0, 0, 0, 0, 
686, 1, 656, 805, -1, 189, 176, 129.75, 17, ABplppaap, 0, 0, 0, 0, , 0, 0, 0, 0, 0, 
687, 1, 657, 806, -1, 202, 169, 109.0, 14, ABplppapa, 0, 0, 0, 0, , 0, 0, 0, 0, 0, 
688, 1, 658, 807, -1, 230, 167, 112.0, 17, ABplppapp, 0, 0, 0, 0, , 0, 0, 0, 0, 0, 
689, 1, 659, 808, -1, 227, 174, 128.0, 15, ABplpppaa, 0, 0, 0, 0, , 0, 0, 0, 0, 0, 
690, 1, 660, 809, -1, 252, 172, 136.0, 17, ABplpppap, 0, 0, 0, 0, , 0, 0, 0, 0, 0, 
691, 1, 661, 811, -1, 208, 176, 140.0, 14, ABplppppaa, 0, 0, 0, 0, , 0, 0, 0, 0, 0, 
692, 1, 661, 810, -1, 227, 168, 152.0, 14, ABplppppap, 0, 0, 0, 0, , 0, 0, 0, 0, 0, 
693, 1, 662, 812, 813, 237, 158, 174.0, 15, ABplppppp, 0, 0, 0, 0, , 0, 0, 0, 0, 0, 
694, 1, 663, 826, -1, 170, 178, 151.5, 16, ABplpapapa, 0, 0, 0, 0, , 0, 0, 0, 0, 0, 
695, 1, 663, 815, -1, 194, 172, 156.0, 15, ABplpapapp, 0, 0, 0, 0, , 0, 0, 0, 0, 0, 
696, 0, -1, -1, -1, 131, 168, 111.0, 16, , 0, 0, 0, 0, , 0, 0, 0, 0, 0, 
697, 1, 665, 816, -1, 104, 165, 120.0, 15, ABplpaaaaa, 0, 0, 0, 0, , 0, 0, 0, 0, 0, 
698, 1, 664, 817, -1, 131, 170, 113.0, 16, ABplpaaaap, 0, 0, 0, 0, , 0, 0, 0, 0, 0, 
699, 1, 666, 818, -1, 137, 182, 117.0, 16, ABplpaaapa, 0, 0, 0, 0, , 0, 0, 0, 0, 0, 
700, 1, 667, 819, -1, 157, 172, 106.0, 15, ABplpaaapp, 0, 0, 0, 0, , 0, 0, 0, 0, 0, 
701, 1, 668, 821, -1, 143, 165, 83.0, 17, ABplpaapap, 0, 0, 0, 0, , 0, 0, 0, 0, 0, 
702, 1, 668, 820, -1, 119, 159, 95.5, 16, ABplpaapaa, 0, 0, 0, 0, , 0, 0, 0, 0, 0, 
703, 0, -1, -1, -1, 157, 172, 97.0, 14, , 0, 0, 0, 0, , 0, 0, 0, 0, 0, 
704, 0, 670, -1, -1, 159, 170, 95.0, 15, , 0, 0, 0, 0, , 0, 0, 0, 0, 0, 
705, 1, 671, 823, -1, 159, 169, 88.0, 15, ABplpaappa, 0, 0, 0, 0, , 0, 0, 0, 0, 0, 
706, 1, 672, 824, -1, 188, 172, 94.0, 14, ABplpaappp, 0, 0, 0, 0, , 0, 0, 0, 0, 0, 
707, 1, 673, 825, -1, 153, 169, 134.0, 15, ABplpapaa, 0, 0, 0, 0, , 0, 0, 0, 0, 0, 
708, 1, 674, 827, -1, 158, 167, 175.0, 17, ABplpappaa, 0, 0, 0, 0, , 0, 0, 0, 0, 0, 
709, 1, 675, 828, -1, 188, 165, 176.0, 14, ABplpappap, 0, 0, 0, 0, , 0, 0, 0, 0, 0, 
710, 1, 676, 829, -1, 210, 165, 175.0, 17, ABplpappp, 0, 0, 0, 0, , 0, 0, 0, 0, 0, 
711, 1, 677, 830, -1, 161, 33, 131.0, 14, ABpraapap, 0, 0, 0, 0, , 0, 0, 0, 0, 0, 
712, 1, 678, 832, -1, 127, 73, 191.0, 14, ABprpaaaaa, 0, 0, 0, 0, , 0, 0, 0, 0, 0, 
713, 1, 678, 831, -1, 140, 72, 191.0, 14, ABprpaaaap, 0, 0, 0, 0, , 0, 0, 0, 0, 0, 
714, 1, 679, 833, -1, 162, 69, 190.0, 15, ABprpaaap, 0, 0, 0, 0, , 0, 0, 0, 0, 0, 
715, 1, 680, 834, -1, 152, 51, 179.0, 15, ABprpaapa, 0, 0, 0, 0, , 0, 0, 0, 0, 0, 
716, 1, 682, 836, -1, 202, 57, 188.0, 15, ABprpaappp, 0, 0, 0, 0, , 0, 0, 0, 0, 0, 
717, 1, 681, 835, -1, 172, 52, 184.0, 15, ABprpaappa, 0, 0, 0, 0, , 0, 0, 0, 0, 0, 
718, 1, 683, 837, -1, 184, 94, 195.0, 17, ABprpapaa, 0, 0, 0, 0, , 0, 0, 0, 0, 0, 
719, 1, 684, 839, -1, 194, 105, 202.0, 15, ABprpapapa, 0, 0, 0, 0, , 0, 0, 0, 0, 0, 
720, 1, 684, 838, -1, 210, 105, 202.0, 14, ABprpapapp, 0, 0, 0, 0, , 0, 0, 0, 0, 0, 
721, 1, 686, 840, -1, 177, 119, 200.0, 15, ABprpappaa, 0, 0, 0, 0, , 0, 0, 0, 0, 0, 
722, 1, 685, 841, -1, 206, 133, 198.0, 15, ABprpappap, 0, 0, 0, 0, , 0, 0, 0, 0, 0, 
723, 1, 687, 842, -1, 220, 128, 203.0, 15, ABprpapppa, 0, 0, 0, 0, , 0, 0, 0, 0, 0, 
724, 1, 688, 843, -1, 244, 129, 196.0, 14, ABprpapppp, 0, 0, 0, 0, , 0, 0, 0, 0, 0, 
725, 1, 689, 844, -1, 189, 72, 195.0, 14, ABprppaaa, 0, 0, 0, 0, , 0, 0, 0, 0, 0, 
726, 1, 690, 845, -1, 206, 84, 204.0, 15, ABprppaap, 0, 0, 0, 0, , 0, 0, 0, 0, 0, 
727, 1, 691, 846, -1, 217, 75, 192.0, 16, ABprppapa, 0, 0, 0, 0, , 0, 0, 0, 0, 0, 
728, 1, 692, 847, -1, 240, 77, 178.0, 14, ABprppapp, 0, 0, 0, 0, , 0, 0, 0, 0, 0, 
729, 1, 693, 849, -1, 237, 74, 197.0, 12, ABprpppaaa, 0, 0, 0, 0, , 0, 0, 0, 0, 0, 
730, 1, 693, 848, -1, 255, 92, 195.0, 12, ABprpppaap, 0, 0, 0, 0, , 0, 0, 0, 0, 0, 
731, 1, 695, 851, -1, 281, 112, 186.0, 12, ABprpppapp, 0, 0, 0, 0, , 0, 0, 0, 0, 0, 
732, 1, 694, 850, -1, 274, 88, 192.0, 12, ABprpppapa, 0, 0, 0, 0, , 0, 0, 0, 0, 0, 
733, 1, 697, 852, -1, 225, 99, 208.0, 15, ABprppppaa, 0, 0, 0, 0, , 0, 0, 0, 0, 0, 
734, 1, 696, 853, -1, 250, 108, 192.0, 13, ABprppppap, 0, 0, 0, 0, , 0, 0, 0, 0, 0, 
735, 1, 698, 854, 855, 262, 127, 192.0, 15, ABprppppp, 0, 0, 0, 0, , 0, 0, 0, 0, 0, 
736, 1, 699, 856, -1, 75, 103, 125.5, 16, MSaaaaa, 0, 0, 0, 0, , 0, 0, 0, 0, 0, 
737, 1, 700, 857, -1, 107, 86, 110.0, 17, MSaaaap, 0, 0, 0, 0, , 0, 0, 0, 0, 0, 
738, 1, 701, 858, -1, 140, 113, 125.0, 15, MSaaapp, 0, 0, 0, 0, , 0, 0, 0, 0, 0, 
739, 1, 702, 859, -1, 111, 111, 124.0, 17, MSaaapa, 0, 0, 0, 0, , 0, 0, 0, 0, 0, 
740, 1, 703, 860, -1, 175, 143, 162.0, 14, MSaapap, 0, 0, 0, 0, , 0, 0, 0, 0, 0, 
741, 1, 704, 861, -1, 147, 133, 146.33333, 19, MSaapaa, 0, 0, 0, 0, , 0, 0, 0, 0, 0, 
742, 1, 705, 862, -1, 203, 149, 150.5, 16, MSaappp, 0, 0, 0, 0, , 0, 0, 0, 0, 0, 
743, 1, 706, 863, -1, 222, 69, 133.0, 19, Epra, 0, 0, 0, 0, , 0, 0, 0, 0, 0, 
744, 1, 707, 864, -1, 181, 116, 111.0, 19, Ealp, 0, 0, 0, 0, , 0, 0, 0, 0, 0, 
745, 1, 708, 865, -1, 157, 98, 98.0, 19, Eala, 0, 0, 0, 0, , 0, 0, 0, 0, 0, 
746, 1, 709, 866, -1, 164, 79, 123.0, 19, Eara, 0, 0, 0, 0, , 0, 0, 0, 0, 0, 
747, 1, 710, 867, -1, 193, 90, 134.0, 19, Earp, 0, 0, 0, 0, , 0, 0, 0, 0, 0, 
748, 1, 711, 868, -1, 217, 99, 102.0, 18, Epla, 0, 0, 0, 0, , 0, 0, 0, 0, 0, 
749, 1, 712, 869, -1, 268, 111, 113.0, 19, Eplp, 0, 0, 0, 0, , 0, 0, 0, 0, 0, 
750, 1, 713, 870, -1, 300, 121, 86.0, 17, Caaapa, 0, 0, 0, 0, , 0, 0, 0, 0, 0, 
751, 1, 714, 871, -1, 334, 138, 125.0, 15, Caapa, 0, 0, 0, 0, , 0, 0, 0, 0, 0, 
752, 1, 715, 872, -1, 319, 147, 146.0, 17, Caapp, 0, 0, 0, 0, , 0, 0, 0, 0, 0, 
753, 1, 716, 873, -1, 244, 150, 157.0, 17, Capaa, 0, 0, 0, 0, , 0, 0, 0, 0, 0, 
754, 1, 717, 874, -1, 266, 144, 144.0, 17, Capap, 0, 0, 0, 0, , 0, 0, 0, 0, 0, 
755, 1, 718, 875, -1, 276, 152, 124.0, 17, Cappa, 0, 0, 0, 0, , 0, 0, 0, 0, 0, 
756, 1, 719, 876, -1, 291, 150, 149.0, 17, Cappp, 0, 0, 0, 0, , 0, 0, 0, 0, 0, 
757, 0, 720, -1, -1, 323, 111, 146.0, 17, , 0, 0, 0, 0, , 0, 0, 0, 0, 0, 
758, 1, 721, 879, -1, 314, 127, 167.0, 15, Cpapp, 0, 0, 0, 0, , 0, 0, 0, 0, 0, 
759, 1, 722, 880, -1, 253, 114, 169.0, 15, Cppaa, 0, 0, 0, 0, , 0, 0, 0, 0, 0, 
760, 1, 723, 881, -1, 276, 125, 165.0, 15, Cppap, 0, 0, 0, 0, , 0, 0, 0, 0, 0, 
761, 1, 724, 882, -1, 294, 93, 156.0, 17, Cpppa, 0, 0, 0, 0, , 0, 0, 0, 0, 0, 
762, 1, 725, 883, -1, 298, 127, 159.0, 17, Cpppp, 0, 0, 0, 0, , 0, 0, 0, 0, 0, 
763, 1, 726, 884, -1, 229, 104, 130.0, 18, Z2, 0, 0, 0, 0, , 0, 0, 0, 0, 0, 
764, 1, 727, 885, -1, 204, 122, 147.0, 16, Z3, 0, 0, 0, 0, , 0, 0, 0, 0, 0, 
765, 1, 728, 886, -1, 96, 67, 85.0, 14, ABarpaaaa, 0, 0, 0, 0, , 0, 0, 0, 0, 0, 
766, 1, 729, 887, -1, 114, 70, 84.0, 16, ABarpaaap, 0, 0, 0, 0, , 0, 0, 0, 0, 0, 
767, 1, 730, 888, -1, 128, 66, 94.0, 15, ABarpaapaa, 0, 0, 0, 0, , 0, 0, 0, 0, 0, 
768, 1, 731, 889, -1, 167, 67, 78.0, 15, ABarpaapap, 0, 0, 0, 0, , 0, 0, 0, 0, 0, 
769, 1, 732, 890, -1, 179, 51, 89.0, 14, ABarpaappa, 0, 0, 0, 0, , 0, 0, 0, 0, 0, 
770, 1, 733, 891, -1, 211, 61, 85.0, 15, ABarpaappp, 0, 0, 0, 0, , 0, 0, 0, 0, 0, 
771, 1, 734, 892, -1, 117, 45, 105.0, 15, ABarpapaa, 0, 0, 0, 0, , 0, 0, 0, 0, 0, 
772, 1, 735, 893, -1, 144, 52, 96.0, 15, ABarpapap, 0, 0, 0, 0, , 0, 0, 0, 0, 0, 
773, 1, 736, 894, -1, 156, 39, 108.0, 14, ABarpappa, 0, 0, 0, 0, , 0, 0, 0, 0, 0, 
774, 1, 737, 895, -1, 231, 49, 113.0, 15, ABarpppap, 0, 0, 0, 0, , 0, 0, 0, 0, 0, 
775, 1, 738, 896, -1, 221, 88, 73.0, 16, ABarppaap, 0, 0, 0, 0, , 0, 0, 0, 0, 0, 
776, 1, 739, 897, -1, 192, 83, 68.0, 17, ABarppaaa, 0, 0, 0, 0, , 0, 0, 0, 0, 0, 
777, 1, 740, 898, -1, 227, 117, 68.0, 19, ABarppapa, 0, 0, 0, 0, , 0, 0, 0, 0, 0, 
778, 1, 741, 899, -1, 265, 119, 90.0, 19, ABarppapp, 0, 0, 0, 0, , 0, 0, 0, 0, 0, 
779, 1, 742, 900, -1, 208, 39, 106.0, 16, ABarpppaa, 0, 0, 0, 0, , 0, 0, 0, 0, 0, 
780, 1, 743, 901, -1, 169, 57, 122.0, 13, ABarpapppa, 0, 0, 0, 0, , 0, 0, 0, 0, 0, 
781, 1, 744, 902, -1, 196, 46, 117.0, 14, ABarpapppp, 0, 0, 0, 0, , 0, 0, 0, 0, 0, 
782, 1, 745, 903, -1, 249, 44, 130.0, 18, ABarppppa, 0, 0, 0, 0, , 0, 0, 0, 0, 0, 
783, 1, 746, 904, -1, 275, 62, 124.0, 18, ABarppppp, 0, 0, 0, 0, , 0, 0, 0, 0, 0, 
784, 1, 747, 905, 906, 104, 88, 68.0, 17, ABplaaaaa, 0, 0, 0, 0, , 0, 0, 0, 0, 0, 
785, 1, 748, 907, 908, 133, 86, 76.0, 17, ABplaaaap, 0, 0, 0, 0, , 0, 0, 0, 0, 0, 
786, 1, 749, 909, -1, 134, 102, 55.0, 17, ABplaaapa, 0, 0, 0, 0, , 0, 0, 0, 0, 0, 
787, 1, 751, 920, -1, 192, 105, 64.0, 15, ABplaaappp, 0, 0, 0, 0, , 0, 0, 0, 0, 0, 
788, 1, 753, 922, -1, 116, 113, 56.0, 15, ABplaapaap, 0, 0, 0, 0, , 0, 0, 0, 0, 0, 
789, 1, 754, 910, -1, 158, 119, 59.0, 17, ABplaapapp, 0, 0, 0, 0, , 0, 0, 0, 0, 0, 
790, 1, 756, 911, -1, 173, 126, 72.0, 17, ABplapaaa, 0, 0, 0, 0, , 0, 0, 0, 0, 0, 
791, 1, 757, 912, -1, 204, 129, 67.0, 17, ABplapaap, 0, 0, 0, 0, , 0, 0, 0, 0, 0, 
792, 1, 758, 913, 914, 221, 156, 87.0, 19, ABplappaa, 0, 0, 0, 0, , 0, 0, 0, 0, 0, 
793, 1, 759, 915, 916, 246, 153, 92.0, 17, ABplappap, 0, 0, 0, 0, , 0, 0, 0, 0, 0, 
794, 1, 760, 917, -1, 251, 165, 113.0, 17, ABplapppa, 0, 0, 0, 0, , 0, 0, 0, 0, 0, 
795, 1, 761, 918, -1, 278, 172, 125.0, 17, ABplapppp, 0, 0, 0, 0, , 0, 0, 0, 0, 0, 
796, 1, 750, 919, -1, 162, 102, 58.0, 15, ABplaaappa, 0, 0, 0, 0, , 0, 0, 0, 0, 0, 
797, 1, 752, 921, -1, 87, 108, 69.0, 15, ABplaapaaa, 0, 0, 0, 0, , 0, 0, 0, 0, 0, 
798, 1, 762, 923, -1, 124, 126, 55.0, 17, ABplaapapa, 0, 0, 0, 0, , 0, 0, 0, 0, 0, 
799, 1, 755, 924, -1, 129, 148, 60.0, 17, ABplaappaa, 0, 0, 0, 0, , 0, 0, 0, 0, 0, 
800, 1, 763, 925, -1, 160, 147, 60.0, 17, ABplaappap, 0, 0, 0, 0, , 0, 0, 0, 0, 0, 
801, 1, 764, 926, -1, 175, 154, 76.0, 17, ABplaapppa, 0, 0, 0, 0, , 0, 0, 0, 0, 0, 
802, 1, 765, 927, -1, 198, 144, 81.0, 17, ABplaapppp, 0, 0, 0, 0, , 0, 0, 0, 0, 0, 
803, 1, 766, 928, -1, 242, 128, 71.0, 14, ABplapapaa, 0, 0, 0, 0, , 0, 0, 0, 0, 0, 
804, 1, 767, 929, -1, 275, 140, 80.0, 16, ABplapapap, 0, 0, 0, 0, , 0, 0, 0, 0, 0, 
805, 1, 768, 930, -1, 272, 151, 92.0, 17, ABplapappa, 0, 0, 0, 0, , 0, 0, 0, 0, 0, 
806, 1, 769, 931, -1, 295, 161, 113.0, 17, ABplapappp, 0, 0, 0, 0, , 0, 0, 0, 0, 0, 
807, 1, 770, 932, -1, 190, 151, 167.0, 16, MSaappa, 0, 0, 0, 0, , 0, 0, 0, 0, 0, 
808, 1, 771, 933, -1, 91, 147, 124.0, 16, MSapaaa, 0, 0, 0, 0, , 0, 0, 0, 0, 0, 
809, 1, 772, 934, -1, 114, 140, 113.0, 16, MSapaap, 0, 0, 0, 0, , 0, 0, 0, 0, 0, 
810, 1, 773, 935, -1, 136, 137, 109.0, 16, MSapapa, 0, 0, 0, 0, , 0, 0, 0, 0, 0, 
811, 1, 774, 936, -1, 158, 135, 100.0, 16, MSapapp, 0, 0, 0, 0, , 0, 0, 0, 0, 0, 
812, 1, 775, 937, -1, 154, 148, 124.0, 16, MSappaa, 0, 0, 0, 0, , 0, 0, 0, 0, 0, 
813, 1, 776, 938, -1, 181, 150, 133.0, 15, MSappap, 0, 0, 0, 0, , 0, 0, 0, 0, 0, 
814, 1, 777, 939, -1, 176, 149, 112.0, 14, MSapppa, 0, 0, 0, 0, , 0, 0, 0, 0, 0, 
815, 1, 778, 940, -1, 207, 128, 101.0, 14, MSapppp, 0, 0, 0, 0, , 0, 0, 0, 0, 0, 
816, 1, 779, 941, -1, 94, 85, 148.0, 15, MSpaaaa, 0, 0, 0, 0, , 0, 0, 0, 0, 0, 
817, 1, 780, 942, -1, 130, 76, 138.0, 15, MSpaaap, 0, 0, 0, 0, , 0, 0, 0, 0, 0, 
818, 1, 781, 943, -1, 126, 94, 150.0, 15, MSpaapa, 0, 0, 0, 0, , 0, 0, 0, 0, 0, 
819, 1, 782, 944, -1, 149, 97, 129.0, 15, MSpaapp, 0, 0, 0, 0, , 0, 0, 0, 0, 0, 
820, 1, 783, 945, -1, 167, 123, 161.0, 16, MSpapaa, 0, 0, 0, 0, , 0, 0, 0, 0, 0, 
821, 1, 784, 946, -1, 196, 118, 168.0, 16, MSpapap, 0, 0, 0, 0, , 0, 0, 0, 0, 0, 
822, 1, 785, 947, -1, 202, 136, 176.0, 14, MSpappa, 0, 0, 0, 0, , 0, 0, 0, 0, 0, 
823, 1, 786, 948, -1, 222, 127, 173.0, 16, MSpappp, 0, 0, 0, 0, , 0, 0, 0, 0, 0, 
824, 1, 787, 949, -1, 134, 81, 171.0, 14, MSppaap, 0, 0, 0, 0, , 0, 0, 0, 0, 0, 
825, 1, 788, 950, -1, 109, 85, 168.0, 12, MSppaaa, 0, 0, 0, 0, , 0, 0, 0, 0, 0, 
826, 1, 789, 951, -1, 144, 72, 161.0, 14, MSppapa, 0, 0, 0, 0, , 0, 0, 0, 0, 0, 
827, 1, 790, 952, -1, 172, 60, 148.0, 15, MSppapp, 0, 0, 0, 0, , 0, 0, 0, 0, 0, 
828, 1, 791, 953, -1, 156, 100, 175.0, 14, MSpppaa, 0, 0, 0, 0, , 0, 0, 0, 0, 0, 
829, 1, 792, 954, -1, 184, 94, 175.0, 16, MSpppap, 0, 0, 0, 0, , 0, 0, 0, 0, 0, 
830, 1, 793, 955, -1, 177, 70, 165.0, 14, MSppppa, 0, 0, 0, 0, , 0, 0, 0, 0, 0, 
831, 1, 794, 956, -1, 199, 71, 165.0, 15, MSppppp, 0, 0, 0, 0, , 0, 0, 0, 0, 0, 
832, 1, 795, 957, -1, 111, 60, 150.0, 17, ABpraaapa, 0, 0, 0, 0, , 0, 0, 0, 0, 0, 
833, 1, 796, 958, -1, 250, 95, 76.0, 15, Caaaaa, 0, 0, 0, 0, , 0, 0, 0, 0, 0, 
834, 1, 797, 959, -1, 289, 105, 91.0, 16, Caaaap, 0, 0, 0, 0, , 0, 0, 0, 0, 0, 
835, 1, 798, 960, -1, 303, 139, 125.0, 17, Caaapp, 0, 0, 0, 0, , 0, 0, 0, 0, 0, 
836, 1, 799, 961, -1, 236, 63, 86.0, 17, Cpaaaa, 0, 0, 0, 0, , 0, 0, 0, 0, 0, 
837, 1, 800, 962, -1, 272, 73, 98.0, 19, Cpaaap, 0, 0, 0, 0, , 0, 0, 0, 0, 0, 
838, 1, 801, 963, -1, 296, 77, 102.0, 17, Cpaapa, 0, 0, 0, 0, , 0, 0, 0, 0, 0, 
839, 1, 802, 964, -1, 309, 100, 123.0, 17, Cpaapp, 0, 0, 0, 0, , 0, 0, 0, 0, 0, 
840, 1, 803, 877, 878, 323, 111, 144.0, 17, Cpapa, 0, 0, 0, 0, , 0, 0, 0, 0, 0, 
841, 1, 804, 965, -1, 198, 140, 119.0, 16, Daaa, 0, 0, 0, 0, , 0, 0, 0, 0, 0, 
842, 1, 805, 966, -1, 228, 140, 145.0, 14, Daap, 0, 0, 0, 0, , 0, 0, 0, 0, 0, 
843, 1, 806, 967, -1, 226, 138, 120.0, 16, Dapa, 0, 0, 0, 0, , 0, 0, 0, 0, 0, 
844, 1, 807, 968, -1, 261, 133, 125.0, 16, Dapp, 0, 0, 0, 0, , 0, 0, 0, 0, 0, 
845, 1, 808, 969, -1, 207, 85, 165.0, 16, Dpaa, 0, 0, 0, 0, , 0, 0, 0, 0, 0, 
846, 1, 809, 970, -1, 235, 109, 170.0, 16, Dpap, 0, 0, 0, 0, , 0, 0, 0, 0, 0, 
847, 1, 810, 971, -1, 242, 89, 162.0, 16, Dppa, 0, 0, 0, 0, , 0, 0, 0, 0, 0, 
848, 1, 811, 972, -1, 276, 96, 149.0, 16, Dppp, 0, 0, 0, 0, , 0, 0, 0, 0, 0, 
849, 1, 812, 974, -1, 142, 41, 133.0, 14, ABpraapaap, 0, 0, 0, 0, , 0, 0, 0, 0, 0, 
850, 1, 812, 973, -1, 115, 45, 135.0, 14, ABpraapaaa, 0, 0, 0, 0, , 0, 0, 0, 0, 0, 
851, 1, 813, 975, -1, 115, 148, 76.0, 14, ABalpppapp, 0, 0, 0, 0, , 0, 0, 0, 0, 0, 
852, 1, 814, 976, -1, 303, 99, 183.5, 19, ABprapppp, 0, 0, 0, 0, , 0, 0, 0, 0, 0, 
