1, 0, 1, -1, -1, 50, 111, 82.0, 9, , 112, 0, 0, 0, , 0, 0, 0, 0, 0, 
2, 0, 2, -1, -1, 98, 55, 166.0, 9, , 66, 0, 0, 0, , 0, 0, 0, 0, 0, 
3, 0, 3, -1, -1, 104, 100, 201.0, 9, , 48, 0, 0, 0, , 0, 0, 0, 0, 0, 
4, 0, 4, -1, -1, 205, 60, 185.0, 9, , 19, 0, 0, 0, , 0, 0, 0, 0, 0, 
5, 0, 6, -1, -1, 201, 92, 204.0, 8, , 13, 0, 0, 0, , 0, 0, 0, 0, 0, 
6, 0, 7, -1, -1, 193, 71, 201.0, 7, , 42, 0, 0, 0, , 0, 0, 0, 0, 0, 
7, 0, 8, -1, -1, 203, 56, 191.0, 9, , 59, 0, 0, 0, , 0, 0, 0, 0, 0, 
8, 0, 9, -1, -1, 182, 34, 162.0, 7, , 40, 0, 0, 0, , 0, 0, 0, 0, 0, 
9, 0, 10, -1, -1, 157, 45, 177.0, 9, , 161, 0, 0, 0, , 0, 0, 0, 0, 0, 
10, 0, 11, -1, -1, 79, 68, 146.0, 9, , 32, 0, 0, 0, , 0, 0, 0, 0, 0, 
11, 0, 12, -1, -1, 159, 133, 200.0, 8, , 24, 0, 0, 0, , 0, 0, 0, 0, 0, 
12, 0, 13, -1, -1, 82, 110, 167.0, 9, , 47, 0, 0, 0, , 0, 0, 0, 0, 0, 
13, 0, 15, -1, -1, 206, 91, 207.0, 9, , 89, 0, 0, 0, , 0, 0, 0, 0, 0, 
14, 0, 16, -1, -1, 212, 79, 187.0, 8, , 25, 0, 0, 0, , 0, 0, 0, 0, 0, 
15, 0, 17, -1, -1, 96, 55, 172.0, 9, , 54, 0, 0, 0, , 0, 0, 0, 0, 0, 
16, 0, 18, -1, -1, 130, 130, 201.0, 11, , 82, 0, 0, 0, , 0, 0, 0, 0, 0, 
17, 0, 19, -1, -1, 189, 72, 205.0, 9, , 91, 0, 0, 0, , 0, 0, 0, 0, 0, 
18, 0, 20, -1, -1, 167, 132, 199.0, 7, , 31, 0, 0, 0, , 0, 0, 0, 0, 0, 
19, 0, 21, -1, -1, 194, 77, 197.0, 7, , 42, 0, 0, 0, , 0, 0, 0, 0, 0, 
20, 0, 22, -1, -1, 162, 92, 191.0, 8, , 27, 0, 0, 0, , 0, 0, 0, 0, 0, 
21, 0, 23, -1, -1, 147, 117, 203.0, 9, , 71, 0, 0, 0, , 0, 0, 0, 0, 0, 
22, 0, 24, -1, -1, 78, 74, 147.0, 8, , 20, 0, 0, 0, , 0, 0, 0, 0, 0, 
23, 0, 26, -1, -1, 119, 111, 186.0, 9, , 39, 0, 0, 0, , 0, 0, 0, 0, 0, 
24, 0, 27, -1, -1, 175, 53, 191.0, 9, , 67, 0, 0, 0, , 0, 0, 0, 0, 0, 
25, 0, 28, -1, -1, 134, 92, 200.0, 9, , 28, 0, 0, 0, , 0, 0, 0, 0, 0, 
26, 0, 29, -1, -1, 136, 116, 202.0, 8, , 55, 0, 0, 0, , 0, 0, 0, 0, 0, 
27, 0, 30, -1, -1, 101, 63, 170.0, 8, , 67, 0, 0, 0, , 0, 0, 0, 0, 0, 
28, 0, 32, -1, -1, 217, 107, 202.0, 11, , 98, 0, 0, 0, , 0, 0, 0, 0, 0, 
29, 0, 33, -1, -1, 299, 85, 176.0, 7, , 16, 0, 0, 0, , 0, 0, 0, 0, 0, 
30, 0, 34, -1, -1, 101, 107, 196.0, 8, , 55, 0, 0, 0, , 0, 0, 0, 0, 0, 
31, 0, 36, -1, -1, 225, 52, 152.0, 7, , 29, 0, 0, 0, , 0, 0, 0, 0, 0, 
32, 0, 37, -1, -1, 63, 116, 171.0, 7, , 23, 0, 0, 0, , 0, 0, 0, 0, 0, 
33, 0, 38, -1, -1, 165, 61, 189.0, 7, , 44, 0, 0, 0, , 0, 0, 0, 0, 0, 
34, 0, 39, -1, -1, 107, 58, 154.0, 9, , 295, 0, 0, 0, , 0, 0, 0, 0, 0, 
35, 0, 40, -1, -1, 308, 70, 144.0, 9, , 57, 0, 0, 0, , 0, 0, 0, 0, 0, 
36, 0, 41, -1, -1, 148, 50, 182.0, 9, , 59, 0, 0, 0, , 0, 0, 0, 0, 0, 
37, 0, 42, -1, -1, 189, 71, 191.0, 9, , 48, 0, 0, 0, , 0, 0, 0, 0, 0, 
38, 0, 43, -1, -1, 176, 123, 197.0, 8, , 18, 0, 0, 0, , 0, 0, 0, 0, 0, 
39, 0, 44, -1, -1, 134, 114, 208.0, 8, , 52, 0, 0, 0, , 0, 0, 0, 0, 0, 
40, 0, 45, -1, -1, 89, 76, 187.0, 9, , 57, 0, 0, 0, , 0, 0, 0, 0, 0, 
41, 0, 46, -1, -1, 136, 111, 204.0, 8, , 31, 0, 0, 0, , 0, 0, 0, 0, 0, 
42, 0, 47, -1, -1, 99, 132, 148.0, 9, , 32, 0, 0, 0, , 0, 0, 0, 0, 0, 
43, 0, 48, -1, -1, 229, 47, 148.0, 9, , 75, 0, 0, 0, , 0, 0, 0, 0, 0, 
44, 0, 49, -1, -1, 145, 115, 180.0, 7, , 37, 0, 0, 0, , 0, 0, 0, 0, 0, 
45, 0, 50, -1, -1, 145, 114, 185.0, 8, , 22, 0, 0, 0, , 0, 0, 0, 0, 0, 
46, 0, 51, -1, -1, 217, 76, 201.0, 8, , 31, 0, 0, 0, , 0, 0, 0, 0, 0, 
47, 0, 52, -1, -1, 252, 127, 194.0, 7, , 23, 0, 0, 0, , 0, 0, 0, 0, 0, 
48, 0, 53, -1, -1, 135, 132, 190.0, 9, , 91, 0, 0, 0, , 0, 0, 0, 0, 0, 
49, 0, 54, -1, -1, 222, 79, 188.0, 7, , 67, 0, 0, 0, , 0, 0, 0, 0, 0, 
50, 0, 55, -1, -1, 88, 53, 133.0, 7, , 49, 0, 0, 0, , 0, 0, 0, 0, 0, 
51, 0, 56, -1, -1, 66, 116, 150.0, 7, , 27, 0, 0, 0, , 0, 0, 0, 0, 0, 
52, 0, 58, -1, -1, 133, 55, 184.0, 8, , 14, 0, 0, 0, , 0, 0, 0, 0, 0, 
53, 0, 59, -1, -1, 213, 76, 196.0, 8, , 17, 0, 0, 0, , 0, 0, 0, 0, 0, 
54, 0, 60, -1, -1, 144, 68, 195.0, 8, , 64, 0, 0, 0, , 0, 0, 0, 0, 0, 
55, 0, 61, -1, -1, 166, 74, 195.0, 7, , 59, 0, 0, 0, , 0, 0, 0, 0, 0, 
56, 0, 62, -1, -1, 203, 82, 200.0, 8, , 15, 0, 0, 0, , 0, 0, 0, 0, 0, 
57, 0, 63, -1, -1, 217, 106, 206.0, 7, , 49, 0, 0, 0, , 0, 0, 0, 0, 0, 
58, 0, 64, -1, -1, 146, 119, 208.0, 8, , 74, 0, 0, 0, , 0, 0, 0, 0, 0, 
59, 0, 65, -1, -1, 137, 137, 178.0, 7, , 32, 0, 0, 0, , 0, 0, 0, 0, 0, 
60, 0, 66, -1, -1, 194, 172, 164.0, 8, , 15, 0, 0, 0, , 0, 0, 0, 0, 0, 
61, 0, 67, -1, -1, 165, 73, 198.0, 9, , 48, 0, 0, 0, , 0, 0, 0, 0, 0, 
62, 0, 68, -1, -1, 77, 152, 96.0, 7, , 30, 0, 0, 0, , 0, 0, 0, 0, 0, 
63, 0, 69, -1, -1, 67, 81, 163.0, 7, , 48, 0, 0, 0, , 0, 0, 0, 0, 0, 
64, 0, 70, -1, -1, 62, 116, 173.0, 8, , 20, 0, 0, 0, , 0, 0, 0, 0, 0, 
65, 0, 71, -1, -1, 71, 111, 179.0, 8, , 27, 0, 0, 0, , 0, 0, 0, 0, 0, 
66, 0, 74, -1, -1, 140, 115, 210.0, 15, , 363, 0, 0, 0, , 0, 0, 0, 0, 0, 
67, 0, 75, -1, -1, 231, 52, 156.0, 7, , 21, 0, 0, 0, , 0, 0, 0, 0, 0, 
68, 0, 76, -1, -1, 81, 110, 164.0, 11, , 68, 0, 0, 0, , 0, 0, 0, 0, 0, 
69, 0, 77, -1, -1, 157, 54, 178.0, 9, , 257, 0, 0, 0, , 0, 0, 0, 0, 0, 
70, 0, 78, -1, -1, 130, 128, 187.0, 7, , 26, 0, 0, 0, , 0, 0, 0, 0, 0, 
71, 0, 80, -1, -1, 208, 84, 197.0, 7, , 30, 0, 0, 0, , 0, 0, 0, 0, 0, 
72, 0, 81, -1, -1, 105, 128, 143.0, 8, , 11, 0, 0, 0, , 0, 0, 0, 0, 0, 
73, 0, 82, -1, -1, 113, 64, 156.0, 7, , 36, 0, 0, 0, , 0, 0, 0, 0, 0, 
74, 0, 83, -1, -1, 75, 64, 157.0, 8, , 17, 0, 0, 0, , 0, 0, 0, 0, 0, 
75, 0, 84, -1, -1, 75, 85, 165.0, 9, , 74, 0, 0, 0, , 0, 0, 0, 0, 0, 
76, 0, 85, -1, -1, 104, 109, 158.0, 9, , 39, 0, 0, 0, , 0, 0, 0, 0, 0, 
77, 0, 86, -1, -1, 224, 50, 175.0, 9, , 12, 0, 0, 0, , 0, 0, 0, 0, 0, 
78, 0, 87, -1, -1, 117, 95, 194.0, 7, , 25, 0, 0, 0, , 0, 0, 0, 0, 0, 
79, 0, 88, -1, -1, 257, 91, 197.0, 9, , 102, 0, 0, 0, , 0, 0, 0, 0, 0, 
80, 0, 89, -1, -1, 144, 82, 207.0, 9, , 24, 0, 0, 0, , 0, 0, 0, 0, 0, 
81, 0, 91, -1, -1, 297, 97, 191.0, 8, , 32, 0, 0, 0, , 0, 0, 0, 0, 0, 
82, 0, 92, -1, -1, 296, 77, 172.0, 7, , 12, 0, 0, 0, , 0, 0, 0, 0, 0, 
83, 0, 93, -1, -1, 82, 74, 177.0, 9, , 63, 0, 0, 0, , 0, 0, 0, 0, 0, 
84, 0, 94, -1, -1, 48, 110, 87.0, 9, , 173, 0, 0, 0, , 0, 0, 0, 0, 0, 
85, 0, 95, -1, -1, 102, 166, 117.0, 8, , 42, 0, 0, 0, , 0, 0, 0, 0, 0, 
86, 0, 96, -1, -1, 191, 46, 139.0, 11, , 170, 0, 0, 0, , 0, 0, 0, 0, 0, 
87, 0, 97, -1, -1, 265, 44, 145.0, 7, , 39, 0, 0, 0, , 0, 0, 0, 0, 0, 
88, 0, 98, -1, -1, 191, 41, 145.0, 8, , 23, 0, 0, 0, , 0, 0, 0, 0, 0, 
89, 0, 99, -1, -1, 294, 65, 149.0, 7, , 39, 0, 0, 0, , 0, 0, 0, 0, 0, 
90, 0, 100, -1, -1, 62, 114, 154.0, 9, , 51, 0, 0, 0, , 0, 0, 0, 0, 0, 
91, 0, 101, -1, -1, 101, 106, 166.0, 9, , 51, 0, 0, 0, , 0, 0, 0, 0, 0, 
92, 0, 102, -1, -1, 282, 67, 173.0, 8, , 23, 0, 0, 0, , 0, 0, 0, 0, 0, 
93, 0, 103, -1, -1, 112, 61, 176.0, 8, , 44, 0, 0, 0, , 0, 0, 0, 0, 0, 
94, 0, 105, -1, -1, 283, 113, 188.0, 9, , 203, 0, 0, 0, , 0, 0, 0, 0, 0, 
95, 0, 106, -1, -1, 177, 60, 196.0, 7, , 28, 0, 0, 0, , 0, 0, 0, 0, 0, 
96, 0, 107, -1, -1, 93, 59, 174.0, 8, , 19, 0, 0, 0, , 0, 0, 0, 0, 0, 
97, 0, 109, -1, -1, 304, 69, 154.0, 9, , 40, 0, 0, 0, , 0, 0, 0, 0, 0, 
98, 0, 110, -1, -1, 154, 93, 147.0, 11, , 49, 0, 0, 0, , 0, 0, 0, 0, 0, 
99, 0, 111, -1, -1, 62, 112, 150.0, 9, , 97, 0, 0, 0, , 0, 0, 0, 0, 0, 
100, 0, 112, -1, -1, 78, 83, 169.0, 9, , 37, 0, 0, 0, , 0, 0, 0, 0, 0, 
101, 0, 113, -1, -1, 102, 112, 164.0, 8, , 17, 0, 0, 0, , 0, 0, 0, 0, 0, 
102, 0, 114, -1, -1, 110, 124, 168.0, 9, , 36, 0, 0, 0, , 0, 0, 0, 0, 0, 
103, 0, 115, -1, -1, 97, 94, 190.0, 8, , 29, 0, 0, 0, , 0, 0, 0, 0, 0, 
104, 0, 116, -1, -1, 184, 72, 200.0, 9, , 77, 0, 0, 0, , 0, 0, 0, 0, 0, 
105, 0, 117, -1, -1, 194, 76, 194.0, 8, , 32, 0, 0, 0, , 0, 0, 0, 0, 0, 
106, 0, 119, -1, -1, 205, 94, 202.0, 8, , 31, 0, 0, 0, , 0, 0, 0, 0, 0, 
107, 0, 121, -1, -1, 251, 97, 201.0, 7, , 21, 0, 0, 0, , 0, 0, 0, 0, 0, 
108, 0, 122, -1, -1, 129, 46, 156.0, 11, , 70, 0, 0, 0, , 0, 0, 0, 0, 0, 
109, 0, 123, -1, -1, 165, 38, 156.0, 7, , 18, 0, 0, 0, , 0, 0, 0, 0, 0, 
110, 0, 124, -1, -1, 71, 118, 177.0, 7, , 22, 0, 0, 0, , 0, 0, 0, 0, 0, 
111, 0, 125, -1, -1, 57, 104, 172.0, 7, , 11, 0, 0, 0, , 0, 0, 0, 0, 0, 
112, 0, 126, -1, -1, 242, 134, 196.0, 9, , 41, 0, 0, 0, , 0, 0, 0, 0, 0, 
113, 0, 127, -1, -1, 104, 111, 163.0, 13, , 83, 0, 0, 0, , 0, 0, 0, 0, 0, 
114, 0, 128, -1, -1, 87, 128, 88.0, 11, , 25, 0, 0, 0, , 0, 0, 0, 0, 0, 
115, 0, 129, -1, -1, 150, 96, 147.0, 8, , 12, 0, 0, 0, , 0, 0, 0, 0, 0, 
116, 0, 130, -1, -1, 246, 83, 175.0, 7, , 32, 0, 0, 0, , 0, 0, 0, 0, 0, 
117, 0, 131, -1, -1, 239, 76, 183.0, 8, , 31, 0, 0, 0, , 0, 0, 0, 0, 0, 
118, 0, 132, -1, -1, 108, 123, 192.0, 9, , 92, 0, 0, 0, , 0, 0, 0, 0, 0, 
119, 0, 135, -1, -1, 223, 130, 201.0, 8, , 23, 0, 0, 0, , 0, 0, 0, 0, 0, 
120, 0, 136, -1, -1, 176, 123, 199.0, 7, , 24, 0, 0, 0, , 0, 0, 0, 0, 0, 
121, 0, 137, -1, -1, 223, 132, 205.0, 7, , 18, 0, 0, 0, , 0, 0, 0, 0, 0, 
122, 0, 138, -1, -1, 140, 86, 205.0, 8, , 35, 0, 0, 0, , 0, 0, 0, 0, 0, 
123, 0, 139, -1, -1, 168, 133, 204.0, 7, , 30, 0, 0, 0, , 0, 0, 0, 0, 0, 
124, 0, 140, -1, -1, 159, 133, 203.0, 7, , 30, 0, 0, 0, , 0, 0, 0, 0, 0, 
125, 0, 141, -1, -1, 176, 119, 205.0, 11, , 70, 0, 0, 0, , 0, 0, 0, 0, 0, 
126, 0, 142, -1, -1, 88, 125, 89.0, 7, , 20, 0, 0, 0, , 0, 0, 0, 0, 0, 
127, 0, 143, -1, -1, 114, 112, 174.0, 7, , 43, 0, 0, 0, , 0, 0, 0, 0, 0, 
128, 0, 144, -1, -1, 129, 133, 208.0, 9, , 49, 0, 0, 0, , 0, 0, 0, 0, 0, 
129, 0, 145, -1, -1, 141, 39, 131.0, 11, , 85, 0, 0, 0, , 0, 0, 0, 0, 0, 
130, 0, 147, -1, -1, 145, 69, 190.0, 8, , 93, 0, 0, 0, , 0, 0, 0, 0, 0, 
131, 0, 149, -1, -1, 163, 57, 117.0, 8, , 6, 0, 0, 0, , 0, 0, 0, 0, 0, 
132, 0, 150, -1, -1, 309, 71, 146.0, 9, , 50, 0, 0, 0, , 0, 0, 0, 0, 0, 
133, 0, 151, -1, -1, 84, 72, 173.0, 9, , 46, 0, 0, 0, , 0, 0, 0, 0, 0, 
134, 0, 152, -1, -1, 280, 88, 194.0, 7, , 53, 0, 0, 0, , 0, 0, 0, 0, 0, 
135, 0, 153, -1, -1, 271, 89, 193.0, 8, , 31, 0, 0, 0, , 0, 0, 0, 0, 0, 
136, 0, 157, -1, -1, 49, 109, 91.0, 7, , 35, 0, 0, 0, , 0, 0, 0, 0, 0, 
137, 0, 158, -1, -1, 85, 170, 104.0, 8, , 23, 0, 0, 0, , 0, 0, 0, 0, 0, 
138, 0, 159, -1, -1, 44, 107, 121.0, 8, , 16, 0, 0, 0, , 0, 0, 0, 0, 0, 
139, 0, 160, -1, -1, 162, 36, 127.0, 7, , 39, 0, 0, 0, , 0, 0, 0, 0, 0, 
140, 0, 161, -1, -1, 160, 38, 134.0, 9, , 61, 0, 0, 0, , 0, 0, 0, 0, 0, 
141, 0, 162, -1, -1, 88, 55, 138.0, 7, , 42, 0, 0, 0, , 0, 0, 0, 0, 0, 
142, 0, 163, -1, -1, 167, 29, 133.0, 9, , 83, 0, 0, 0, , 0, 0, 0, 0, 0, 
143, 0, 164, -1, -1, 117, 42, 135.0, 8, , 19, 0, 0, 0, , 0, 0, 0, 0, 0, 
144, 0, 165, -1, -1, 197, 46, 139.0, 8, , 63, 0, 0, 0, , 0, 0, 0, 0, 0, 
145, 0, 166, -1, -1, 60, 82, 140.0, 9, , 59, 0, 0, 0, , 0, 0, 0, 0, 0, 
146, 0, 167, -1, -1, 160, 39, 139.0, 7, , 38, 0, 0, 0, , 0, 0, 0, 0, 0, 
147, 0, 168, -1, -1, 116, 68, 152.0, 8, , 8, 0, 0, 0, , 0, 0, 0, 0, 0, 
148, 0, 169, -1, -1, 106, 59, 148.0, 8, , 62, 0, 0, 0, , 0, 0, 0, 0, 0, 
149, 0, 170, -1, -1, 148, 169, 153.0, 7, , 3, 0, 0, 0, , 0, 0, 0, 0, 0, 
150, 0, 171, -1, -1, 81, 65, 155.0, 7, , 26, 0, 0, 0, , 0, 0, 0, 0, 0, 
151, 0, 172, -1, -1, 189, 38, 161.0, 11, , 116, 0, 0, 0, , 0, 0, 0, 0, 0, 
152, 0, 173, -1, -1, 55, 107, 165.0, 7, , 33, 0, 0, 0, , 0, 0, 0, 0, 0, 
153, 0, 174, -1, -1, 97, 65, 163.0, 7, , 41, 0, 0, 0, , 0, 0, 0, 0, 0, 
154, 0, 175, -1, -1, 280, 62, 165.0, 7, , 22, 0, 0, 0, , 0, 0, 0, 0, 0, 
155, 0, 176, -1, -1, 78, 84, 171.0, 7, , 36, 0, 0, 0, , 0, 0, 0, 0, 0, 
156, 0, 177, -1, -1, 91, 78, 173.0, 7, , 32, 0, 0, 0, , 0, 0, 0, 0, 0, 
157, 0, 178, -1, -1, 249, 62, 171.0, 9, , 66, 0, 0, 0, , 0, 0, 0, 0, 0, 
158, 0, 179, -1, -1, 139, 55, 175.0, 8, , 18, 0, 0, 0, , 0, 0, 0, 0, 0, 
159, 0, 181, -1, -1, 191, 165, 173.0, 9, , 45, 0, 0, 0, , 0, 0, 0, 0, 0, 
160, 0, 182, -1, -1, 214, 162, 169.0, 11, , 81, 0, 0, 0, , 0, 0, 0, 0, 0, 
161, 0, 183, -1, -1, 110, 56, 174.0, 8, , 32, 0, 0, 0, , 0, 0, 0, 0, 0, 
162, 0, 184, -1, -1, 244, 76, 180.0, 7, , 23, 0, 0, 0, , 0, 0, 0, 0, 0, 
163, 0, 186, -1, -1, 158, 55, 180.0, 8, , 38, 0, 0, 0, , 0, 0, 0, 0, 0, 
164, 0, 187, -1, -1, 299, 80, 177.0, 8, , 28, 0, 0, 0, , 0, 0, 0, 0, 0, 
165, 0, 188, -1, -1, 302, 103, 181.0, 9, , 58, 0, 0, 0, , 0, 0, 0, 0, 0, 
166, 0, 190, -1, -1, 151, 118, 175.0, 9, , 132, 0, 0, 0, , 0, 0, 0, 0, 0, 
167, 0, 191, -1, -1, 121, 110, 182.0, 8, , 45, 0, 0, 0, , 0, 0, 0, 0, 0, 
168, 0, 192, -1, -1, 302, 97, 184.0, 9, , 74, 0, 0, 0, , 0, 0, 0, 0, 0, 
169, 0, 193, -1, -1, 303, 95, 188.0, 7, , 20, 0, 0, 0, , 0, 0, 0, 0, 0, 
170, 0, 194, -1, -1, 166, 74, 193.0, 7, , 58, 0, 0, 0, , 0, 0, 0, 0, 0, 
171, 0, 195, -1, -1, 102, 129, 194.0, 7, , 133, 0, 0, 0, , 0, 0, 0, 0, 0, 
172, 0, 196, -1, -1, 278, 92, 196.0, 8, , 30, 0, 0, 0, , 0, 0, 0, 0, 0, 
173, 0, 197, -1, -1, 188, 99, 192.0, 9, , 56, 0, 0, 0, , 0, 0, 0, 0, 0, 
174, 0, 198, -1, -1, 249, 108, 190.0, 7, , 20, 0, 0, 0, , 0, 0, 0, 0, 0, 
175, 0, 199, -1, -1, 220, 70, 193.0, 8, , 32, 0, 0, 0, , 0, 0, 0, 0, 0, 
176, 0, 200, -1, -1, 117, 94, 198.0, 8, , 264, 0, 0, 0, , 0, 0, 0, 0, 0, 
177, 0, 202, -1, -1, 259, 91, 200.0, 7, , 43, 0, 0, 0, , 0, 0, 0, 0, 0, 
178, 0, 203, -1, -1, 166, 98, 205.0, 9, , 119, 0, 0, 0, , 0, 0, 0, 0, 0, 
179, 0, 204, -1, -1, 204, 89, 210.0, 9, , 53, 0, 0, 0, , 0, 0, 0, 0, 0, 
180, 0, 205, -1, -1, 166, 97, 208.0, 9, , 64, 0, 0, 0, , 0, 0, 0, 0, 0, 
181, 0, 206, -1, -1, 306, 71, 151.0, 9, , 36, 0, 0, 0, , 0, 0, 0, 0, 0, 
182, 0, 207, -1, -1, 94, 58, 161.0, 9, , 50, 0, 0, 0, , 0, 0, 0, 0, 0, 
183, 0, 208, -1, -1, 300, 80, 172.0, 9, , 82, 0, 0, 0, , 0, 0, 0, 0, 0, 
184, 0, 209, -1, -1, 143, 96, 194.0, 8, , 55, 0, 0, 0, , 0, 0, 0, 0, 0, 
185, 0, 210, -1, -1, 166, 133, 207.0, 7, , 28, 0, 0, 0, , 0, 0, 0, 0, 0, 
186, 0, 211, -1, -1, 108, 97, 63.0, 8, , 22, 0, 0, 0, , 0, 0, 0, 0, 0, 
187, 0, 212, -1, -1, 174, 130, 73.0, 7, , 38, 0, 0, 0, , 0, 0, 0, 0, 0, 
188, 0, 213, -1, -1, 85, 160, 107.0, 7, , 22, 0, 0, 0, , 0, 0, 0, 0, 0, 
189, 0, 215, -1, -1, 64, 80, 130.0, 9, , 121, 0, 0, 0, , 0, 0, 0, 0, 0, 
190, 0, 216, -1, -1, 76, 155, 131.0, 7, , 21, 0, 0, 0, , 0, 0, 0, 0, 0, 
191, 0, 218, -1, -1, 193, 48, 132.0, 8, , 14, 0, 0, 0, , 0, 0, 0, 0, 0, 
192, 0, 219, -1, -1, 78, 153, 141.0, 9, , 155, 0, 0, 0, , 0, 0, 0, 0, 0, 
193, 0, 220, -1, -1, 88, 61, 138.0, 9, , 53, 0, 0, 0, , 0, 0, 0, 0, 0, 
194, 0, 221, -1, -1, 155, 96, 138.0, 11, , 51, 0, 0, 0, , 0, 0, 0, 0, 0, 
195, 0, 222, -1, -1, 203, 175, 145.0, 8, , 19, 0, 0, 0, , 0, 0, 0, 0, 0, 
196, 0, 223, -1, -1, 126, 146, 164.0, 9, , 37, 0, 0, 0, , 0, 0, 0, 0, 0, 
197, 0, 224, -1, -1, 170, 35, 166.0, 8, , 48, 0, 0, 0, , 0, 0, 0, 0, 0, 
198, 0, 225, -1, -1, 227, 50, 171.0, 8, , 29, 0, 0, 0, , 0, 0, 0, 0, 0, 
199, 0, 227, -1, -1, 215, 160, 175.0, 8, , 22, 0, 0, 0, , 0, 0, 0, 0, 0, 
200, 0, 228, -1, -1, 163, 49, 183.0, 8, , 38, 0, 0, 0, , 0, 0, 0, 0, 0, 
201, 0, 229, -1, -1, 221, 74, 185.0, 8, , 22, 0, 0, 0, , 0, 0, 0, 0, 0, 
202, 0, 230, -1, -1, 165, 70, 188.0, 8, , 93, 0, 0, 0, , 0, 0, 0, 0, 0, 
203, 0, 231, -1, -1, 281, 114, 180.0, 8, , 22, 0, 0, 0, , 0, 0, 0, 0, 0, 
204, 0, 232, -1, -1, 149, 116, 185.0, 9, , 80, 0, 0, 0, , 0, 0, 0, 0, 0, 
205, 0, 233, -1, -1, 164, 64, 196.0, 11, , 144, 0, 0, 0, , 0, 0, 0, 0, 0, 
206, 0, 234, -1, -1, 164, 63, 192.0, 9, , 47, 0, 0, 0, , 0, 0, 0, 0, 0, 
207, 0, 235, -1, -1, 223, 77, 194.0, 9, , 53, 0, 0, 0, , 0, 0, 0, 0, 0, 
208, 0, 236, -1, -1, 165, 138, 196.0, 9, , 37, 0, 0, 0, , 0, 0, 0, 0, 0, 
209, 0, 237, -1, -1, 145, 69, 198.0, 8, , 52, 0, 0, 0, , 0, 0, 0, 0, 0, 
210, 0, 238, -1, -1, 106, 124, 197.0, 9, , 93, 0, 0, 0, , 0, 0, 0, 0, 0, 
211, 0, 239, -1, -1, 115, 95, 204.0, 8, , 52, 0, 0, 0, , 0, 0, 0, 0, 0, 
212, 0, 240, -1, -1, 162, 105, 208.0, 8, , 56, 0, 0, 0, , 0, 0, 0, 0, 0, 
213, 0, 241, -1, -1, 103, 111, 137.0, 9, , 33, 0, 0, 0, , 0, 0, 0, 0, 0, 
214, 0, 242, -1, -1, 220, 71, 191.0, 9, , 49, 0, 0, 0, , 0, 0, 0, 0, 0, 
215, 0, 243, -1, -1, 134, 76, 204.0, 9, , 40, 0, 0, 0, , 0, 0, 0, 0, 0, 
216, 0, 244, -1, -1, 179, 117, 203.0, 7, , 19, 0, 0, 0, , 0, 0, 0, 0, 0, 
217, 0, 245, -1, -1, 109, 70, 90.0, 8, , 12, 0, 0, 0, , 0, 0, 0, 0, 0, 
218, 0, 246, -1, -1, 127, 174, 136.0, 9, , 36, 0, 0, 0, , 0, 0, 0, 0, 0, 
219, 0, 247, -1, -1, 100, 155, 168.0, 8, , 34, 0, 0, 0, , 0, 0, 0, 0, 0, 
220, 0, 249, -1, -1, 311, 95, 159.0, 7, , 22, 0, 0, 0, , 0, 0, 0, 0, 0, 
221, 0, 250, -1, -1, 193, 164, 179.0, 9, , 43, 0, 0, 0, , 0, 0, 0, 0, 0, 
222, 0, 251, -1, -1, 254, 133, 186.0, 7, , 37, 0, 0, 0, , 0, 0, 0, 0, 0, 
223, 0, 252, -1, -1, 165, 90, 190.0, 8, , 54, 0, 0, 0, , 0, 0, 0, 0, 0, 
224, 0, 253, -1, -1, 206, 136, 193.0, 8, , 17, 0, 0, 0, , 0, 0, 0, 0, 0, 
225, 0, 254, -1, -1, 257, 119, 194.0, 8, , 44, 0, 0, 0, , 0, 0, 0, 0, 0, 
226, 0, 255, -1, -1, 256, 118, 192.0, 7, , 32, 0, 0, 0, , 0, 0, 0, 0, 0, 
227, 0, 256, -1, -1, 211, 90, 204.0, 7, , 31, 0, 0, 0, , 0, 0, 0, 0, 0, 
228, 0, 261, -1, -1, 114, 65, 78.0, 7, , 20, 0, 0, 0, , 0, 0, 0, 0, 0, 
229, 0, 264, -1, -1, 82, 94, 85.0, 9, , 48, 0, 0, 0, , 0, 0, 0, 0, 0, 
230, 0, 265, -1, -1, 94, 153, 92.0, 9, , 47, 0, 0, 0, , 0, 0, 0, 0, 0, 
231, 0, 267, -1, -1, 144, 52, 92.0, 9, , 47, 0, 0, 0, , 0, 0, 0, 0, 0, 
232, 0, 268, -1, -1, 79, 145, 101.0, 9, , 84, 0, 0, 0, , 0, 0, 0, 0, 0, 
233, 0, 269, -1, -1, 82, 170, 107.0, 8, , 16, 0, 0, 0, , 0, 0, 0, 0, 0, 
234, 0, 270, -1, -1, 159, 171, 107.0, 7, , 12, 0, 0, 0, , 0, 0, 0, 0, 0, 
235, 0, 271, -1, -1, 91, 165, 112.0, 7, , 38, 0, 0, 0, , 0, 0, 0, 0, 0, 
236, 0, 272, -1, -1, 85, 168, 114.0, 9, , 55, 0, 0, 0, , 0, 0, 0, 0, 0, 
237, 0, 274, -1, -1, 139, 182, 124.0, 9, , 12, 0, 0, 0, , 0, 0, 0, 0, 0, 
238, 0, 275, -1, -1, 49, 133, 132.0, 9, , 20, 0, 0, 0, , 0, 0, 0, 0, 0, 
239, 0, 276, -1, -1, 151, 96, 126.0, 7, , 27, 0, 0, 0, , 0, 0, 0, 0, 0, 
240, 0, 277, -1, -1, 187, 38, 134.0, 7, , 52, 0, 0, 0, , 0, 0, 0, 0, 0, 
241, 0, 278, -1, -1, 72, 158, 139.0, 8, , 52, 0, 0, 0, , 0, 0, 0, 0, 0, 
242, 0, 279, -1, -1, 142, 42, 137.0, 9, , 77, 0, 0, 0, , 0, 0, 0, 0, 0, 
243, 0, 280, -1, -1, 64, 80, 138.0, 8, , 13, 0, 0, 0, , 0, 0, 0, 0, 0, 
244, 0, 281, -1, -1, 129, 131, 128.0, 7, , 6, 0, 0, 0, , 0, 0, 0, 0, 0, 
245, 0, 282, -1, -1, 254, 168, 141.0, 7, , 67, 0, 0, 0, , 0, 0, 0, 0, 0, 
246, 0, 284, -1, -1, 72, 157, 143.0, 8, , 22, 0, 0, 0, , 0, 0, 0, 0, 0, 
247, 0, 285, -1, -1, 259, 45, 144.0, 7, , 29, 0, 0, 0, , 0, 0, 0, 0, 0, 
248, 0, 286, -1, -1, 191, 46, 143.0, 9, , 54, 0, 0, 0, , 0, 0, 0, 0, 0, 
249, 0, 287, -1, -1, 100, 112, 145.0, 11, , 137, 0, 0, 0, , 0, 0, 0, 0, 0, 
250, 0, 288, -1, -1, 73, 156, 147.0, 8, , 15, 0, 0, 0, , 0, 0, 0, 0, 0, 
251, 0, 290, -1, -1, 89, 166, 144.0, 7, , 27, 0, 0, 0, , 0, 0, 0, 0, 0, 
252, 0, 291, -1, -1, 125, 124, 147.0, 8, , 23, 0, 0, 0, , 0, 0, 0, 0, 0, 
253, 0, 292, -1, -1, 197, 173, 152.0, 7, , 38, 0, 0, 0, , 0, 0, 0, 0, 0, 
254, 0, 293, -1, -1, 128, 47, 154.0, 9, , 32, 0, 0, 0, , 0, 0, 0, 0, 0, 
255, 0, 295, -1, -1, 59, 99, 159.0, 8, , 33, 0, 0, 0, , 0, 0, 0, 0, 0, 
256, 0, 296, -1, -1, 85, 112, 160.0, 7, , 37, 0, 0, 0, , 0, 0, 0, 0, 0, 
257, 0, 297, -1, -1, 90, 145, 166.0, 9, , 55, 0, 0, 0, , 0, 0, 0, 0, 0, 
258, 0, 298, -1, -1, 168, 39, 160.0, 9, , 69, 0, 0, 0, , 0, 0, 0, 0, 0, 
259, 0, 299, -1, -1, 85, 104, 163.0, 8, , 38, 0, 0, 0, , 0, 0, 0, 0, 0, 
260, 0, 300, -1, -1, 51, 98, 165.0, 9, , 26, 0, 0, 0, , 0, 0, 0, 0, 0, 
261, 0, 301, -1, -1, 92, 112, 165.0, 8, , 10, 0, 0, 0, , 0, 0, 0, 0, 0, 
262, 0, 302, -1, -1, 237, 158, 165.0, 7, , 4, 0, 0, 0, , 0, 0, 0, 0, 0, 
263, 0, 303, -1, -1, 281, 66, 166.0, 8, , 64, 0, 0, 0, , 0, 0, 0, 0, 0, 
264, 0, 304, -1, -1, 58, 95, 169.0, 8, , 25, 0, 0, 0, , 0, 0, 0, 0, 0, 
265, 0, 305, -1, -1, 71, 78, 167.0, 9, , 57, 0, 0, 0, , 0, 0, 0, 0, 0, 
266, 0, 306, -1, -1, 89, 145, 169.0, 7, , 40, 0, 0, 0, , 0, 0, 0, 0, 0, 
267, 0, 307, -1, -1, 279, 61, 163.0, 7, , 26, 0, 0, 0, , 0, 0, 0, 0, 0, 
268, 0, 308, -1, -1, 293, 87, 171.0, 7, , 9, 0, 0, 0, , 0, 0, 0, 0, 0, 
269, 0, 309, -1, -1, 282, 58, 172.0, 9, , 81, 0, 0, 0, , 0, 0, 0, 0, 0, 
270, 0, 310, -1, -1, 72, 83, 179.0, 11, , 61, 0, 0, 0, , 0, 0, 0, 0, 0, 
271, 0, 312, -1, -1, 86, 69, 178.0, 8, , 11, 0, 0, 0, , 0, 0, 0, 0, 0, 
272, 0, 313, -1, -1, 118, 114, 178.0, 7, , 17, 0, 0, 0, , 0, 0, 0, 0, 0, 
273, 0, 314, -1, -1, 72, 129, 176.0, 8, , 20, 0, 0, 0, , 0, 0, 0, 0, 0, 
274, 0, 315, -1, -1, 303, 102, 178.0, 7, , 52, 0, 0, 0, , 0, 0, 0, 0, 0, 
275, 0, 316, -1, -1, 188, 164, 179.0, 9, , 48, 0, 0, 0, , 0, 0, 0, 0, 0, 
276, 0, 317, -1, -1, 224, 51, 184.0, 7, , 5, 0, 0, 0, , 0, 0, 0, 0, 0, 
277, 0, 318, -1, -1, 237, 76, 180.0, 8, , 24, 0, 0, 0, , 0, 0, 0, 0, 0, 
278, 0, 319, -1, -1, 212, 166, 182.0, 9, , 46, 0, 0, 0, , 0, 0, 0, 0, 0, 
279, 0, 321, -1, -1, 255, 124, 191.0, 8, , 63, 0, 0, 0, , 0, 0, 0, 0, 0, 
280, 0, 322, -1, -1, 246, 135, 192.0, 8, , 24, 0, 0, 0, , 0, 0, 0, 0, 0, 
281, 0, 324, -1, -1, 180, 115, 199.0, 8, , 49, 0, 0, 0, , 0, 0, 0, 0, 0, 
282, 0, 325, -1, -1, 189, 93, 197.0, 8, , 31, 0, 0, 0, , 0, 0, 0, 0, 0, 
283, 0, 326, -1, -1, 251, 110, 199.0, 9, , 72, 0, 0, 0, , 0, 0, 0, 0, 0, 
284, 0, 327, -1, -1, 188, 76, 198.0, 9, , 56, 0, 0, 0, , 0, 0, 0, 0, 0, 
285, 0, 328, -1, -1, 204, 130, 197.0, 8, , 23, 0, 0, 0, , 0, 0, 0, 0, 0, 
286, 0, 329, -1, -1, 223, 123, 205.0, 7, , 15, 0, 0, 0, , 0, 0, 0, 0, 0, 
287, 0, 330, -1, -1, 114, 94, 206.0, 9, , 67, 0, 0, 0, , 0, 0, 0, 0, 0, 
288, 0, 331, -1, -1, 208, 94, 208.0, 8, , 29, 0, 0, 0, , 0, 0, 0, 0, 0, 
289, 0, 332, -1, -1, 222, 130, 208.0, 9, , 46, 0, 0, 0, , 0, 0, 0, 0, 0, 
290, 0, 333, -1, -1, 229, 99, 205.0, 8, , 57, 0, 0, 0, , 0, 0, 0, 0, 0, 
291, 0, 334, -1, -1, 141, 90, 209.0, 8, , 19, 0, 0, 0, , 0, 0, 0, 0, 0, 
292, 0, 335, -1, -1, 96, 157, 89.0, 11, , 167, 0, 0, 0, , 0, 0, 0, 0, 0, 
293, 0, 336, -1, -1, 105, 131, 148.0, 11, , 62, 0, 0, 0, , 0, 0, 0, 0, 0, 
294, 0, 338, -1, -1, 289, 63, 151.0, 7, , 20, 0, 0, 0, , 0, 0, 0, 0, 0, 
295, 0, 339, -1, -1, 312, 96, 155.0, 7, , 15, 0, 0, 0, , 0, 0, 0, 0, 0, 
296, 0, 340, -1, -1, 68, 116, 155.0, 8, , 18, 0, 0, 0, , 0, 0, 0, 0, 0, 
297, 0, 341, -1, -1, 107, 165, 160.0, 9, , 35, 0, 0, 0, , 0, 0, 0, 0, 0, 
298, 0, 342, -1, -1, 107, 106, 162.0, 9, , 38, 0, 0, 0, , 0, 0, 0, 0, 0, 
299, 0, 343, -1, -1, 119, 113, 179.0, 9, , 66, 0, 0, 0, , 0, 0, 0, 0, 0, 
300, 0, 344, -1, -1, 93, 78, 181.0, 11, , 51, 0, 0, 0, , 0, 0, 0, 0, 0, 
301, 0, 345, -1, -1, 250, 60, 187.0, 8, , 58, 0, 0, 0, , 0, 0, 0, 0, 0, 
302, 0, 346, -1, -1, 202, 83, 206.0, 8, , 28, 0, 0, 0, , 0, 0, 0, 0, 0, 
303, 0, 347, -1, -1, 94, 166, 140.0, 8, , 41, 0, 0, 0, , 0, 0, 0, 0, 0, 
304, 0, 348, -1, -1, 204, 97, 197.0, 7, , 17, 0, 0, 0, , 0, 0, 0, 0, 0, 
305, 0, 349, -1, -1, 143, 48, 98.0, 9, , 42, 0, 0, 0, , 0, 0, 0, 0, 0, 
306, 0, 350, -1, -1, 168, 167, 118.0, 7, , 34, 0, 0, 0, , 0, 0, 0, 0, 0, 
307, 0, 351, -1, -1, 60, 76, 132.0, 8, , 13, 0, 0, 0, , 0, 0, 0, 0, 0, 
308, 0, 352, -1, -1, 105, 129, 174.0, 9, , 45, 0, 0, 0, , 0, 0, 0, 0, 0, 
309, 0, 353, -1, -1, 176, 58, 182.0, 7, , 23, 0, 0, 0, , 0, 0, 0, 0, 0, 
310, 0, 354, -1, -1, 43, 101, 122.0, 9, , 83, 0, 0, 0, , 0, 0, 0, 0, 0, 
311, 0, 355, -1, -1, 76, 154, 133.0, 7, , 39, 0, 0, 0, , 0, 0, 0, 0, 0, 
312, 0, 356, -1, -1, 208, 175, 138.0, 8, , 7, 0, 0, 0, , 0, 0, 0, 0, 0, 
313, 0, 357, -1, -1, 293, 62, 142.0, 9, , 45, 0, 0, 0, , 0, 0, 0, 0, 0, 
314, 0, 358, -1, -1, 309, 95, 165.0, 7, , 43, 0, 0, 0, , 0, 0, 0, 0, 0, 
315, 0, 359, -1, -1, 281, 115, 185.0, 7, , 85, 0, 0, 0, , 0, 0, 0, 0, 0, 
316, 0, 360, -1, -1, 179, 99, 192.0, 11, , 139, 0, 0, 0, , 0, 0, 0, 0, 0, 
317, 0, 361, -1, -1, 87, 146, 172.0, 9, , 24, 0, 0, 0, , 0, 0, 0, 0, 0, 
318, 0, 362, -1, -1, 203, 62, 191.0, 9, , 74, 0, 0, 0, , 0, 0, 0, 0, 0, 
319, 0, 363, -1, -1, 113, 113, 53.0, 8, , 8, 0, 0, 0, , 0, 0, 0, 0, 0, 
320, 0, 364, -1, -1, 166, 101, 54.0, 8, , 17, 0, 0, 0, , 0, 0, 0, 0, 0, 
321, 0, 365, -1, -1, 164, 100, 61.0, 7, , 18, 0, 0, 0, , 0, 0, 0, 0, 0, 
322, 0, 366, -1, -1, 126, 149, 63.0, 11, , 41, 0, 0, 0, , 0, 0, 0, 0, 0, 
323, 0, 367, -1, -1, 111, 92, 70.0, 9, , 28, 0, 0, 0, , 0, 0, 0, 0, 0, 
324, 0, 368, -1, -1, 85, 107, 69.0, 8, , 11, 0, 0, 0, , 0, 0, 0, 0, 0, 
325, 0, 369, -1, -1, 120, 84, 73.0, 7, , 23, 0, 0, 0, , 0, 0, 0, 0, 0, 
326, 0, 370, -1, -1, 120, 84, 75.0, 7, , 23, 0, 0, 0, , 0, 0, 0, 0, 0, 
327, 0, 371, -1, -1, 240, 150, 84.0, 9, , 38, 0, 0, 0, , 0, 0, 0, 0, 0, 
328, 0, 372, -1, -1, 79, 101, 87.0, 8, , 29, 0, 0, 0, , 0, 0, 0, 0, 0, 
329, 0, 373, -1, -1, 114, 64, 88.0, 8, , 34, 0, 0, 0, , 0, 0, 0, 0, 0, 
330, 0, 374, -1, -1, 139, 49, 90.0, 7, , 14, 0, 0, 0, , 0, 0, 0, 0, 0, 
331, 0, 376, -1, -1, 74, 149, 88.0, 7, , 38, 0, 0, 0, , 0, 0, 0, 0, 0, 
332, 0, 377, -1, -1, 77, 143, 92.0, 9, , 57, 0, 0, 0, , 0, 0, 0, 0, 0, 
333, 0, 378, -1, -1, 79, 145, 97.0, 9, , 28, 0, 0, 0, , 0, 0, 0, 0, 0, 
334, 0, 379, -1, -1, 77, 152, 92.0, 7, , 39, 0, 0, 0, , 0, 0, 0, 0, 0, 
335, 0, 380, -1, -1, 145, 56, 98.0, 9, , 79, 0, 0, 0, , 0, 0, 0, 0, 0, 
336, 0, 382, -1, -1, 152, 35, 102.0, 7, , 15, 0, 0, 0, , 0, 0, 0, 0, 0, 
337, 0, 383, -1, -1, 155, 44, 108.0, 7, , 13, 0, 0, 0, , 0, 0, 0, 0, 0, 
338, 0, 384, -1, -1, 71, 112, 107.0, 8, , 22, 0, 0, 0, , 0, 0, 0, 0, 0, 
339, 0, 385, -1, -1, 60, 108, 110.0, 8, , 23, 0, 0, 0, , 0, 0, 0, 0, 0, 
340, 0, 386, -1, -1, 71, 152, 114.0, 8, , 4, 0, 0, 0, , 0, 0, 0, 0, 0, 
341, 0, 387, -1, -1, 155, 36, 113.0, 8, , 20, 0, 0, 0, , 0, 0, 0, 0, 0, 
342, 0, 389, -1, -1, 137, 181, 118.0, 7, , 24, 0, 0, 0, , 0, 0, 0, 0, 0, 
343, 0, 390, -1, -1, 52, 105, 122.0, 11, , 104, 0, 0, 0, , 0, 0, 0, 0, 0, 
344, 0, 391, -1, -1, 105, 161, 122.0, 8, , 20, 0, 0, 0, , 0, 0, 0, 0, 0, 
345, 0, 392, -1, -1, 47, 105, 128.0, 9, , 95, 0, 0, 0, , 0, 0, 0, 0, 0, 
346, 0, 393, -1, -1, 164, 170, 128.0, 8, , 10, 0, 0, 0, , 0, 0, 0, 0, 0, 
347, 0, 394, -1, -1, 161, 36, 130.0, 8, , 48, 0, 0, 0, , 0, 0, 0, 0, 0, 
348, 0, 395, -1, -1, 57, 129, 130.0, 7, , 20, 0, 0, 0, , 0, 0, 0, 0, 0, 
349, 0, 396, -1, -1, 127, 173, 129.0, 7, , 23, 0, 0, 0, , 0, 0, 0, 0, 0, 
350, 0, 397, -1, -1, 66, 88, 134.0, 7, , 13, 0, 0, 0, , 0, 0, 0, 0, 0, 
351, 0, 398, -1, -1, 51, 137, 136.0, 9, , 31, 0, 0, 0, , 0, 0, 0, 0, 0, 
352, 0, 399, -1, -1, 58, 78, 136.0, 9, , 104, 0, 0, 0, , 0, 0, 0, 0, 0, 
353, 0, 400, -1, -1, 99, 111, 142.0, 7, , 23, 0, 0, 0, , 0, 0, 0, 0, 0, 
354, 0, 401, -1, -1, 108, 132, 145.0, 8, , 22, 0, 0, 0, , 0, 0, 0, 0, 0, 
355, 0, 402, -1, -1, 107, 59, 144.0, 8, , 24, 0, 0, 0, , 0, 0, 0, 0, 0, 
356, 0, 403, -1, -1, 261, 46, 153.0, 8, , 33, 0, 0, 0, , 0, 0, 0, 0, 0, 
357, 0, 404, -1, -1, 83, 74, 151.0, 8, , 11, 0, 0, 0, , 0, 0, 0, 0, 0, 
358, 0, 405, -1, -1, 310, 71, 148.0, 8, , 33, 0, 0, 0, , 0, 0, 0, 0, 0, 
359, 0, 406, -1, -1, 124, 124, 150.0, 11, , 37, 0, 0, 0, , 0, 0, 0, 0, 0, 
360, 0, 407, -1, -1, 49, 105, 153.0, 9, , 8, 0, 0, 0, , 0, 0, 0, 0, 0, 
361, 0, 408, -1, -1, 132, 123, 157.0, 8, , 9, 0, 0, 0, , 0, 0, 0, 0, 0, 
362, 0, 409, -1, -1, 62, 115, 158.0, 9, , 64, 0, 0, 0, , 0, 0, 0, 0, 0, 
363, 0, 410, -1, -1, 149, 42, 160.0, 9, , 10, 0, 0, 0, , 0, 0, 0, 0, 0, 
364, 0, 411, -1, -1, 194, 154, 162.0, 8, , 18, 0, 0, 0, , 0, 0, 0, 0, 0, 
365, 0, 412, -1, -1, 104, 127, 169.0, 11, , 30, 0, 0, 0, , 0, 0, 0, 0, 0, 
366, 0, 414, -1, -1, 72, 86, 168.0, 7, , 23, 0, 0, 0, , 0, 0, 0, 0, 0, 
367, 0, 415, -1, -1, 92, 63, 167.0, 8, , 64, 0, 0, 0, , 0, 0, 0, 0, 0, 
368, 0, 416, -1, -1, 97, 54, 169.0, 9, , 96, 0, 0, 0, , 0, 0, 0, 0, 0, 
369, 0, 417, -1, -1, 214, 166, 168.0, 8, , 35, 0, 0, 0, , 0, 0, 0, 0, 0, 
370, 0, 418, -1, -1, 94, 57, 170.0, 8, , 24, 0, 0, 0, , 0, 0, 0, 0, 0, 
371, 0, 419, -1, -1, 133, 135, 172.0, 9, , 53, 0, 0, 0, , 0, 0, 0, 0, 0, 
372, 0, 420, -1, -1, 156, 52, 172.0, 9, , 93, 0, 0, 0, , 0, 0, 0, 0, 0, 
373, 0, 422, -1, -1, 112, 111, 177.0, 9, , 44, 0, 0, 0, , 0, 0, 0, 0, 0, 
374, 0, 424, -1, -1, 232, 155, 179.0, 8, , 36, 0, 0, 0, , 0, 0, 0, 0, 0, 
375, 0, 425, -1, -1, 286, 84, 177.0, 7, , 35, 0, 0, 0, , 0, 0, 0, 0, 0, 
376, 0, 426, -1, -1, 137, 150, 181.0, 7, , 30, 0, 0, 0, , 0, 0, 0, 0, 0, 
377, 0, 427, -1, -1, 292, 82, 180.0, 11, , 62, 0, 0, 0, , 0, 0, 0, 0, 0, 
378, 0, 428, -1, -1, 246, 64, 184.0, 9, , 75, 0, 0, 0, , 0, 0, 0, 0, 0, 
379, 0, 429, -1, -1, 293, 80, 181.0, 9, , 55, 0, 0, 0, , 0, 0, 0, 0, 0, 
380, 0, 430, -1, -1, 107, 133, 187.0, 8, , 82, 0, 0, 0, , 0, 0, 0, 0, 0, 
381, 0, 431, -1, -1, 182, 92, 194.0, 9, , 35, 0, 0, 0, , 0, 0, 0, 0, 0, 
382, 0, 432, -1, -1, 97, 102, 196.0, 7, , 38, 0, 0, 0, , 0, 0, 0, 0, 0, 
383, 0, 433, -1, -1, 210, 130, 194.0, 7, , 39, 0, 0, 0, , 0, 0, 0, 0, 0, 
384, 0, 434, -1, -1, 206, 92, 195.0, 9, , 45, 0, 0, 0, , 0, 0, 0, 0, 0, 
385, 0, 435, -1, -1, 105, 99, 197.0, 8, , 40, 0, 0, 0, , 0, 0, 0, 0, 0, 
386, 0, 436, -1, -1, 130, 134, 200.0, 7, , 32, 0, 0, 0, , 0, 0, 0, 0, 0, 
387, 0, 437, -1, -1, 166, 67, 201.0, 8, , 157, 0, 0, 0, , 0, 0, 0, 0, 0, 
388, 0, 438, -1, -1, 189, 107, 203.0, 7, , 46, 0, 0, 0, , 0, 0, 0, 0, 0, 
389, 0, 439, -1, -1, 96, 97, 202.0, 7, , 44, 0, 0, 0, , 0, 0, 0, 0, 0, 
390, 0, 440, -1, -1, 142, 119, 199.0, 8, , 34, 0, 0, 0, , 0, 0, 0, 0, 0, 
391, 0, 441, -1, -1, 210, 84, 203.0, 8, , 28, 0, 0, 0, , 0, 0, 0, 0, 0, 
392, 0, 443, -1, -1, 221, 123, 208.0, 9, , 40, 0, 0, 0, , 0, 0, 0, 0, 0, 
393, 0, 444, -1, -1, 140, 86, 211.0, 8, , 37, 0, 0, 0, , 0, 0, 0, 0, 0, 
394, 0, 445, -1, -1, 89, 113, 69.0, 9, , 28, 0, 0, 0, , 0, 0, 0, 0, 0, 
395, 0, 446, -1, -1, 132, 168, 115.0, 9, , 43, 0, 0, 0, , 0, 0, 0, 0, 0, 
396, 0, 447, -1, -1, 160, 27, 139.0, 7, , 24, 0, 0, 0, , 0, 0, 0, 0, 0, 
397, 0, 448, -1, -1, 294, 59, 154.0, 8, , 32, 0, 0, 0, , 0, 0, 0, 0, 0, 
398, 0, 449, -1, -1, 163, 91, 184.0, 13, , 80, 0, 0, 0, , 0, 0, 0, 0, 0, 
399, 0, 450, -1, -1, 205, 57, 187.0, 9, , 83, 0, 0, 0, , 0, 0, 0, 0, 0, 
400, 0, 451, -1, -1, 158, 49, 185.0, 8, , 51, 0, 0, 0, , 0, 0, 0, 0, 0, 
401, 0, 452, -1, -1, 164, 90, 187.0, 11, , 113, 0, 0, 0, , 0, 0, 0, 0, 0, 
402, 0, 453, -1, -1, 209, 130, 194.0, 9, , 55, 0, 0, 0, , 0, 0, 0, 0, 0, 
403, 0, 454, -1, -1, 181, 94, 200.0, 7, , 34, 0, 0, 0, , 0, 0, 0, 0, 0, 
404, 0, 455, -1, -1, 185, 70, 203.0, 8, , 33, 0, 0, 0, , 0, 0, 0, 0, 0, 
405, 0, 457, -1, -1, 89, 114, 73.0, 7, , 19, 0, 0, 0, , 0, 0, 0, 0, 0, 
406, 0, 458, -1, -1, 316, 94, 163.0, 9, , 44, 0, 0, 0, , 0, 0, 0, 0, 0, 
407, 0, 459, -1, -1, 176, 121, 70.0, 9, , 82, 0, 0, 0, , 0, 0, 0, 0, 0, 
408, 0, 460, -1, -1, 74, 149, 83.0, 7, , 18, 0, 0, 0, , 0, 0, 0, 0, 0, 
409, 0, 461, -1, -1, 90, 57, 126.0, 9, , 95, 0, 0, 0, , 0, 0, 0, 0, 0, 
410, 0, 462, -1, -1, 110, 46, 130.0, 11, , 110, 0, 0, 0, , 0, 0, 0, 0, 0, 
411, 0, 463, -1, -1, 124, 176, 143.0, 9, , 43, 0, 0, 0, , 0, 0, 0, 0, 0, 
412, 0, 464, -1, -1, 207, 137, 200.0, 8, , 15, 0, 0, 0, , 0, 0, 0, 0, 0, 
413, 0, 465, -1, -1, 53, 102, 116.0, 8, , 29, 0, 0, 0, , 0, 0, 0, 0, 0, 
414, 0, 466, -1, -1, 143, 40, 128.0, 9, , 92, 0, 0, 0, , 0, 0, 0, 0, 0, 
415, 0, 467, -1, -1, 54, 101, 147.0, 8, , 12, 0, 0, 0, , 0, 0, 0, 0, 0, 
416, 0, 468, -1, -1, 294, 58, 149.0, 7, , 36, 0, 0, 0, , 0, 0, 0, 0, 0, 
417, 0, 469, -1, -1, 231, 168, 155.0, 8, , 20, 0, 0, 0, , 0, 0, 0, 0, 0, 
418, 0, 470, -1, -1, 80, 106, 158.0, 8, , 33, 0, 0, 0, , 0, 0, 0, 0, 0, 
419, 0, 471, -1, -1, 87, 140, 169.0, 8, , 7, 0, 0, 0, , 0, 0, 0, 0, 0, 
420, 0, 472, -1, -1, 256, 90, 195.0, 8, , 36, 0, 0, 0, , 0, 0, 0, 0, 0, 
421, 0, 473, -1, -1, 165, 101, 201.0, 8, , 56, 0, 0, 0, , 0, 0, 0, 0, 0, 
422, 0, 474, -1, -1, 174, 50, 181.0, 9, , 92, 0, 0, 0, , 0, 0, 0, 0, 0, 
423, 0, 476, -1, -1, 138, 165, 75.0, 7, , 16, 0, 0, 0, , 0, 0, 0, 0, 0, 
424, 0, 477, -1, -1, 140, 161, 77.0, 7, , 4, 0, 0, 0, , 0, 0, 0, 0, 0, 
425, 0, 478, -1, -1, 89, 133, 77.0, 8, , 2, 0, 0, 0, , 0, 0, 0, 0, 0, 
426, 0, 479, -1, -1, 114, 145, 79.0, 7, , 31, 0, 0, 0, , 0, 0, 0, 0, 0, 
427, 0, 480, -1, -1, 93, 131, 81.0, 9, , 23, 0, 0, 0, , 0, 0, 0, 0, 0, 
428, 0, 481, -1, -1, 73, 149, 86.0, 7, , 30, 0, 0, 0, , 0, 0, 0, 0, 0, 
429, 0, 482, -1, -1, 95, 156, 86.0, 8, , 39, 0, 0, 0, , 0, 0, 0, 0, 0, 
430, 0, 483, -1, -1, 78, 103, 91.0, 7, , 31, 0, 0, 0, , 0, 0, 0, 0, 0, 
431, 0, 484, -1, -1, 144, 59, 93.0, 7, , 33, 0, 0, 0, , 0, 0, 0, 0, 0, 
432, 0, 485, -1, -1, 143, 47, 95.0, 8, , 39, 0, 0, 0, , 0, 0, 0, 0, 0, 
433, 0, 487, -1, -1, 115, 157, 98.0, 11, , 109, 0, 0, 0, , 0, 0, 0, 0, 0, 
434, 0, 488, -1, -1, 143, 49, 101.0, 9, , 20, 0, 0, 0, , 0, 0, 0, 0, 0, 
435, 0, 489, -1, -1, 153, 40, 101.0, 7, , 6, 0, 0, 0, , 0, 0, 0, 0, 0, 
436, 0, 490, -1, -1, 120, 48, 103.0, 8, , 14, 0, 0, 0, , 0, 0, 0, 0, 0, 
437, 0, 491, -1, -1, 119, 156, 104.0, 7, , 39, 0, 0, 0, , 0, 0, 0, 0, 0, 
438, 0, 492, -1, -1, 133, 184, 113.0, 8, , 20, 0, 0, 0, , 0, 0, 0, 0, 0, 
439, 0, 493, -1, -1, 65, 115, 116.0, 9, , 38, 0, 0, 0, , 0, 0, 0, 0, 0, 
440, 0, 494, -1, -1, 62, 148, 114.0, 8, , 20, 0, 0, 0, , 0, 0, 0, 0, 0, 
441, 0, 495, -1, -1, 280, 175, 117.0, 9, , 19, 0, 0, 0, , 0, 0, 0, 0, 0, 
442, 0, 497, -1, -1, 229, 179, 125.0, 7, , 18, 0, 0, 0, , 0, 0, 0, 0, 0, 
443, 0, 498, -1, -1, 103, 162, 126.0, 8, , 47, 0, 0, 0, , 0, 0, 0, 0, 0, 
444, 0, 499, -1, -1, 154, 174, 126.0, 8, , 21, 0, 0, 0, , 0, 0, 0, 0, 0, 
445, 0, 501, -1, -1, 228, 179, 127.0, 7, , 16, 0, 0, 0, , 0, 0, 0, 0, 0, 
446, 0, 502, -1, -1, 169, 58, 128.0, 7, , 19, 0, 0, 0, , 0, 0, 0, 0, 0, 
447, 0, 503, -1, -1, 333, 137, 129.0, 7, , 3, 0, 0, 0, , 0, 0, 0, 0, 0, 
448, 0, 504, -1, -1, 158, 171, 130.0, 9, , 49, 0, 0, 0, , 0, 0, 0, 0, 0, 
449, 0, 505, -1, -1, 227, 178, 129.0, 7, , 15, 0, 0, 0, , 0, 0, 0, 0, 0, 
450, 0, 507, -1, -1, 97, 112, 132.0, 9, , 49, 0, 0, 0, , 0, 0, 0, 0, 0, 
451, 0, 508, -1, -1, 155, 168, 133.0, 7, , 28, 0, 0, 0, , 0, 0, 0, 0, 0, 
452, 0, 509, -1, -1, 258, 175, 134.0, 7, , 23, 0, 0, 0, , 0, 0, 0, 0, 0, 
453, 0, 510, -1, -1, 195, 40, 133.0, 8, , 18, 0, 0, 0, , 0, 0, 0, 0, 0, 
454, 0, 511, -1, -1, 110, 43, 135.0, 8, , 44, 0, 0, 0, , 0, 0, 0, 0, 0, 
455, 0, 512, -1, -1, 115, 51, 136.0, 8, , 70, 0, 0, 0, , 0, 0, 0, 0, 0, 
456, 0, 513, -1, -1, 155, 168, 135.0, 7, , 35, 0, 0, 0, , 0, 0, 0, 0, 0, 
457, 0, 514, -1, -1, 255, 168, 137.0, 8, , 20, 0, 0, 0, , 0, 0, 0, 0, 0, 
458, 0, 515, -1, -1, 89, 167, 142.0, 9, , 39, 0, 0, 0, , 0, 0, 0, 0, 0, 
459, 0, 516, -1, -1, 165, 29, 140.0, 9, , 220, 0, 0, 0, , 0, 0, 0, 0, 0, 
460, 0, 517, -1, -1, 46, 105, 143.0, 9, , 40, 0, 0, 0, , 0, 0, 0, 0, 0, 
461, 0, 518, -1, -1, 209, 179, 144.0, 7, , 35, 0, 0, 0, , 0, 0, 0, 0, 0, 
462, 0, 519, -1, -1, 158, 93, 144.0, 8, , 26, 0, 0, 0, , 0, 0, 0, 0, 0, 
463, 0, 520, -1, -1, 172, 178, 148.0, 9, , 49, 0, 0, 0, , 0, 0, 0, 0, 0, 
464, 0, 521, -1, -1, 250, 174, 147.0, 8, , 32, 0, 0, 0, , 0, 0, 0, 0, 0, 
465, 0, 522, -1, -1, 43, 106, 149.0, 7, , 26, 0, 0, 0, , 0, 0, 0, 0, 0, 
466, 0, 523, -1, -1, 113, 64, 149.0, 8, , 57, 0, 0, 0, , 0, 0, 0, 0, 0, 
467, 0, 525, -1, -1, 107, 163, 152.0, 8, , 16, 0, 0, 0, , 0, 0, 0, 0, 0, 
468, 0, 527, -1, -1, 168, 178, 155.0, 7, , 47, 0, 0, 0, , 0, 0, 0, 0, 0, 
469, 0, 528, -1, -1, 107, 164, 156.0, 9, , 56, 0, 0, 0, , 0, 0, 0, 0, 0, 
470, 0, 529, -1, -1, 134, 164, 155.0, 7, , 25, 0, 0, 0, , 0, 0, 0, 0, 0, 
471, 0, 530, -1, -1, 218, 46, 155.0, 7, , 21, 0, 0, 0, , 0, 0, 0, 0, 0, 
472, 0, 531, -1, -1, 197, 173, 160.0, 9, , 47, 0, 0, 0, , 0, 0, 0, 0, 0, 
473, 0, 532, -1, -1, 127, 141, 160.0, 8, , 33, 0, 0, 0, , 0, 0, 0, 0, 0, 
474, 0, 534, -1, -1, 131, 43, 161.0, 7, , 24, 0, 0, 0, , 0, 0, 0, 0, 0, 
475, 0, 535, -1, -1, 134, 161, 162.0, 11, , 69, 0, 0, 0, , 0, 0, 0, 0, 0, 
476, 0, 536, -1, -1, 311, 94, 169.0, 7, , 33, 0, 0, 0, , 0, 0, 0, 0, 0, 
477, 0, 537, -1, -1, 207, 38, 168.0, 8, , 13, 0, 0, 0, , 0, 0, 0, 0, 0, 
478, 0, 538, -1, -1, 237, 158, 169.0, 8, , 15, 0, 0, 0, , 0, 0, 0, 0, 0, 
479, 0, 539, -1, -1, 88, 76, 169.0, 8, , 21, 0, 0, 0, , 0, 0, 0, 0, 0, 
480, 0, 540, -1, -1, 196, 151, 169.0, 8, , 34, 0, 0, 0, , 0, 0, 0, 0, 0, 
481, 0, 541, -1, -1, 206, 38, 170.0, 7, , 21, 0, 0, 0, , 0, 0, 0, 0, 0, 
482, 0, 542, -1, -1, 140, 55, 173.0, 9, , 12, 0, 0, 0, , 0, 0, 0, 0, 0, 
483, 0, 544, -1, -1, 234, 152, 175.0, 7, , 12, 0, 0, 0, , 0, 0, 0, 0, 0, 
484, 0, 545, -1, -1, 78, 83, 173.0, 7, , 31, 0, 0, 0, , 0, 0, 0, 0, 0, 
485, 0, 546, -1, -1, 242, 75, 177.0, 8, , 18, 0, 0, 0, , 0, 0, 0, 0, 0, 
486, 0, 547, -1, -1, 153, 119, 180.0, 11, , 80, 0, 0, 0, , 0, 0, 0, 0, 0, 
487, 0, 548, -1, -1, 283, 110, 183.0, 8, , 100, 0, 0, 0, , 0, 0, 0, 0, 0, 
488, 0, 549, -1, -1, 77, 135, 183.0, 8, , 12, 0, 0, 0, , 0, 0, 0, 0, 0, 
489, 0, 550, -1, -1, 150, 115, 183.0, 8, , 50, 0, 0, 0, , 0, 0, 0, 0, 0, 
490, 0, 552, -1, -1, 219, 71, 187.0, 9, , 26, 0, 0, 0, , 0, 0, 0, 0, 0, 
491, 0, 553, -1, -1, 297, 101, 186.0, 9, , 42, 0, 0, 0, , 0, 0, 0, 0, 0, 
492, 0, 554, -1, -1, 179, 102, 189.0, 8, , 18, 0, 0, 0, , 0, 0, 0, 0, 0, 
493, 0, 555, -1, -1, 246, 135, 188.0, 9, , 30, 0, 0, 0, , 0, 0, 0, 0, 0, 
494, 0, 558, -1, -1, 100, 105, 190.0, 8, , 51, 0, 0, 0, , 0, 0, 0, 0, 0, 
495, 0, 559, -1, -1, 107, 105, 196.0, 8, , 15, 0, 0, 0, , 0, 0, 0, 0, 0, 
496, 0, 561, -1, -1, 233, 77, 198.0, 8, , 74, 0, 0, 0, , 0, 0, 0, 0, 0, 
497, 0, 562, -1, -1, 206, 133, 204.0, 9, , 62, 0, 0, 0, , 0, 0, 0, 0, 0, 
498, 0, 563, -1, -1, 131, 134, 206.0, 8, , 50, 0, 0, 0, , 0, 0, 0, 0, 0, 
499, 0, 564, -1, -1, 141, 110, 208.0, 8, , 43, 0, 0, 0, , 0, 0, 0, 0, 0, 
500, 0, 565, -1, -1, 190, 105, 207.0, 9, , 69, 0, 0, 0, , 0, 0, 0, 0, 0, 
501, 0, 566, -1, -1, 217, 106, 208.0, 9, , 44, 0, 0, 0, , 0, 0, 0, 0, 0, 
502, 0, 567, -1, -1, 112, 63, 84.0, 9, , 59, 0, 0, 0, , 0, 0, 0, 0, 0, 
503, 0, 568, -1, -1, 89, 98, 90.0, 8, , 29, 0, 0, 0, , 0, 0, 0, 0, 0, 
504, 0, 569, -1, -1, 119, 156, 102.0, 9, , 54, 0, 0, 0, , 0, 0, 0, 0, 0, 
505, 0, 570, -1, -1, 63, 156, 119.0, 7, , 48, 0, 0, 0, , 0, 0, 0, 0, 0, 
506, 0, 571, -1, -1, 152, 96, 123.0, 9, , 134, 0, 0, 0, , 0, 0, 0, 0, 0, 
507, 0, 572, -1, -1, 186, 44, 137.0, 8, , 19, 0, 0, 0, , 0, 0, 0, 0, 0, 
508, 0, 573, -1, -1, 262, 46, 138.0, 11, , 66, 0, 0, 0, , 0, 0, 0, 0, 0, 
509, 0, 574, -1, -1, 114, 44, 141.0, 8, , 37, 0, 0, 0, , 0, 0, 0, 0, 0, 
510, 0, 575, -1, -1, 309, 71, 155.0, 8, , 15, 0, 0, 0, , 0, 0, 0, 0, 0, 
511, 0, 576, -1, -1, 233, 46, 156.0, 7, , 43, 0, 0, 0, , 0, 0, 0, 0, 0, 
512, 0, 577, -1, -1, 68, 115, 158.0, 7, , 35, 0, 0, 0, , 0, 0, 0, 0, 0, 
513, 0, 578, -1, -1, 110, 60, 159.0, 11, , 89, 0, 0, 0, , 0, 0, 0, 0, 0, 
514, 0, 579, -1, -1, 128, 147, 160.0, 7, , 16, 0, 0, 0, , 0, 0, 0, 0, 0, 
515, 0, 580, -1, -1, 67, 116, 161.0, 8, , 43, 0, 0, 0, , 0, 0, 0, 0, 0, 
516, 0, 581, -1, -1, 133, 160, 166.0, 7, , 34, 0, 0, 0, , 0, 0, 0, 0, 0, 
517, 0, 582, -1, -1, 234, 159, 176.0, 8, , 36, 0, 0, 0, , 0, 0, 0, 0, 0, 
518, 0, 583, -1, -1, 161, 91, 183.0, 8, , 28, 0, 0, 0, , 0, 0, 0, 0, 0, 
519, 0, 584, -1, -1, 92, 74, 183.0, 7, , 18, 0, 0, 0, , 0, 0, 0, 0, 0, 
520, 0, 585, -1, -1, 184, 97, 185.0, 8, , 17, 0, 0, 0, , 0, 0, 0, 0, 0, 
521, 0, 587, -1, -1, 202, 59, 195.0, 9, , 91, 0, 0, 0, , 0, 0, 0, 0, 0, 
522, 0, 588, -1, -1, 239, 76, 203.0, 8, , 40, 0, 0, 0, , 0, 0, 0, 0, 0, 
523, 0, 589, -1, -1, 143, 89, 204.0, 7, , 28, 0, 0, 0, , 0, 0, 0, 0, 0, 
524, 0, 590, -1, -1, 190, 106, 209.0, 7, , 48, 0, 0, 0, , 0, 0, 0, 0, 0, 
525, 0, 591, -1, -1, 163, 33, 144.0, 9, , 44, 0, 0, 0, , 0, 0, 0, 0, 0, 
526, 0, 592, -1, -1, 258, 91, 188.0, 9, , 66, 0, 0, 0, , 0, 0, 0, 0, 0, 
527, 0, 593, -1, -1, 234, 80, 205.0, 8, , 69, 0, 0, 0, , 0, 0, 0, 0, 0, 
528, 0, -1, -1, -1, 153, 175, 135.0, 9, , 113, 0, 0, 0, , 0, 0, 0, 0, 0, 
529, 0, -1, -1, -1, 91, 107, 159.0, 9, , 69, 0, 0, 0, , 0, 0, 0, 0, 0, 
530, 0, -1, -1, -1, 230, 46, 173.0, 8, , 48, 0, 0, 0, , 0, 0, 0, 0, 0, 
531, 0, -1, -1, -1, 247, 157, 179.0, 8, , 61, 0, 0, 0, , 0, 0, 0, 0, 0, 
532, 0, -1, -1, -1, 241, 88, 179.0, 8, , 39, 0, 0, 0, , 0, 0, 0, 0, 0, 
533, 0, -1, -1, -1, 72, 137, 182.0, 9, , 68, 0, 0, 0, , 0, 0, 0, 0, 0, 
534, 0, -1, -1, -1, 137, 55, 181.0, 9, , 202, 0, 0, 0, , 0, 0, 0, 0, 0, 
535, 0, -1, -1, -1, 240, 80, 188.0, 13, , 211, 0, 0, 0, , 0, 0, 0, 0, 0, 
536, 0, -1, -1, -1, 142, 94, 190.0, 11, , 154, 0, 0, 0, , 0, 0, 0, 0, 0, 
537, 0, -1, -1, -1, 228, 98, 201.0, 9, , 144, 0, 0, 0, , 0, 0, 0, 0, 0, 
538, 0, -1, -1, -1, 240, 148, 77.0, 8, , 27, 0, 0, 0, , 0, 0, 0, 0, 0, 
539, 0, -1, -1, -1, 71, 112, 111.0, 8, , 29, 0, 0, 0, , 0, 0, 0, 0, 0, 
540, 0, -1, -1, -1, 129, 124, 130.0, 9, , 96, 0, 0, 0, , 0, 0, 0, 0, 0, 
541, 0, -1, -1, -1, 52, 141, 129.0, 9, , 53, 0, 0, 0, , 0, 0, 0, 0, 0, 
542, 0, -1, -1, -1, 90, 166, 135.0, 9, , 77, 0, 0, 0, , 0, 0, 0, 0, 0, 
543, 0, -1, -1, -1, 183, 44, 144.0, 8, , 88, 0, 0, 0, , 0, 0, 0, 0, 0, 
544, 0, -1, -1, -1, 66, 132, 171.0, 9, , 95, 0, 0, 0, , 0, 0, 0, 0, 0, 
545, 0, -1, -1, -1, 68, 111, 171.0, 8, , 35, 0, 0, 0, , 0, 0, 0, 0, 0, 
546, 0, -1, -1, -1, 273, 132, 181.0, 9, , 138, 0, 0, 0, , 0, 0, 0, 0, 0, 
547, 0, -1, -1, -1, 138, 113, 195.0, 9, , 70, 0, 0, 0, , 0, 0, 0, 0, 0, 
548, 0, -1, -1, -1, 166, 101, 58.0, 9, , 36, 0, 0, 0, , 0, 0, 0, 0, 0, 
549, 0, -1, -1, -1, 135, 100, 60.0, 7, , 14, 0, 0, 0, , 0, 0, 0, 0, 0, 
550, 0, -1, -1, -1, 111, 91, 62.0, 7, , 39, 0, 0, 0, , 0, 0, 0, 0, 0, 
551, 0, -1, -1, -1, 84, 111, 65.0, 9, , 51, 0, 0, 0, , 0, 0, 0, 0, 0, 
552, 0, -1, -1, -1, 174, 130, 70.0, 7, , 34, 0, 0, 0, , 0, 0, 0, 0, 0, 
553, 0, -1, -1, -1, 94, 135, 73.0, 7, , 25, 0, 0, 0, , 0, 0, 0, 0, 0, 
554, 0, -1, -1, -1, 97, 129, 77.0, 7, , 33, 0, 0, 0, , 0, 0, 0, 0, 0, 
555, 0, -1, -1, -1, 108, 67, 78.0, 9, , 50, 0, 0, 0, , 0, 0, 0, 0, 0, 
556, 0, -1, -1, -1, 123, 90, 80.0, 7, , 10, 0, 0, 0, , 0, 0, 0, 0, 0, 
557, 0, -1, -1, -1, 163, 171, 88.0, 8, , 9, 0, 0, 0, , 0, 0, 0, 0, 0, 
558, 0, -1, -1, -1, 140, 52, 89.0, 11, , 49, 0, 0, 0, , 0, 0, 0, 0, 0, 
559, 0, -1, -1, -1, 267, 153, 89.0, 9, , 23, 0, 0, 0, , 0, 0, 0, 0, 0, 
560, 0, -1, -1, -1, 85, 105, 92.0, 7, , 20, 0, 0, 0, , 0, 0, 0, 0, 0, 
561, 0, -1, -1, -1, 267, 147, 92.0, 8, , 19, 0, 0, 0, , 0, 0, 0, 0, 0, 
562, 0, -1, -1, -1, 77, 152, 94.0, 8, , 26, 0, 0, 0, , 0, 0, 0, 0, 0, 
563, 0, -1, -1, -1, 143, 54, 94.0, 8, , 25, 0, 0, 0, , 0, 0, 0, 0, 0, 
564, 0, -1, -1, -1, 115, 48, 100.0, 9, , 24, 0, 0, 0, , 0, 0, 0, 0, 0, 
565, 0, -1, -1, -1, 60, 118, 103.0, 7, , 4, 0, 0, 0, , 0, 0, 0, 0, 0, 
566, 0, -1, -1, -1, 229, 47, 103.0, 8, , 3, 0, 0, 0, , 0, 0, 0, 0, 0, 
567, 0, -1, -1, -1, 132, 165, 106.0, 9, , 17, 0, 0, 0, , 0, 0, 0, 0, 0, 
568, 0, -1, -1, -1, 148, 35, 106.0, 8, , 16, 0, 0, 0, , 0, 0, 0, 0, 0, 
569, 0, -1, -1, -1, 71, 77, 107.0, 9, , 24, 0, 0, 0, , 0, 0, 0, 0, 0, 
570, 0, -1, -1, -1, 117, 48, 107.0, 9, , 33, 0, 0, 0, , 0, 0, 0, 0, 0, 
571, 0, -1, -1, -1, 157, 35, 107.0, 8, , 15, 0, 0, 0, , 0, 0, 0, 0, 0, 
572, 0, -1, -1, -1, 202, 175, 109.0, 8, , 4, 0, 0, 0, , 0, 0, 0, 0, 0, 
573, 0, -1, -1, -1, 75, 126, 110.0, 11, , 47, 0, 0, 0, , 0, 0, 0, 0, 0, 
574, 0, -1, -1, -1, 158, 43, 110.0, 9, , 14, 0, 0, 0, , 0, 0, 0, 0, 0, 
575, 0, -1, -1, -1, 67, 158, 111.0, 9, , 59, 0, 0, 0, , 0, 0, 0, 0, 0, 
576, 0, -1, -1, -1, 63, 118, 112.0, 8, , 22, 0, 0, 0, , 0, 0, 0, 0, 0, 
577, 0, -1, -1, -1, 71, 126, 112.0, 8, , 21, 0, 0, 0, , 0, 0, 0, 0, 0, 
578, 0, -1, -1, -1, 68, 76, 113.0, 7, , 4, 0, 0, 0, , 0, 0, 0, 0, 0, 
579, 0, -1, -1, -1, 113, 47, 114.0, 7, , 16, 0, 0, 0, , 0, 0, 0, 0, 0, 
580, 0, -1, -1, -1, 150, 37, 114.0, 8, , 14, 0, 0, 0, , 0, 0, 0, 0, 0, 
581, 0, -1, -1, -1, 169, 61, 114.0, 7, , 17, 0, 0, 0, , 0, 0, 0, 0, 0, 
582, 0, -1, -1, -1, 154, 42, 117.0, 8, , 6, 0, 0, 0, , 0, 0, 0, 0, 0, 
583, 0, -1, -1, -1, 306, 164, 119.0, 8, , 4, 0, 0, 0, , 0, 0, 0, 0, 0, 
584, 0, -1, -1, -1, 132, 170, 121.0, 7, , 20, 0, 0, 0, , 0, 0, 0, 0, 0, 
585, 0, -1, -1, -1, 333, 136, 126.0, 9, , 9, 0, 0, 0, , 0, 0, 0, 0, 0, 
586, 0, -1, -1, -1, 151, 175, 129.0, 8, , 23, 0, 0, 0, , 0, 0, 0, 0, 0, 
587, 0, -1, -1, -1, 276, 170, 129.0, 9, , 43, 0, 0, 0, , 0, 0, 0, 0, 0, 
588, 0, -1, -1, -1, 166, 31, 130.0, 7, , 62, 0, 0, 0, , 0, 0, 0, 0, 0, 
589, 0, -1, -1, -1, 56, 140, 132.0, 8, , 12, 0, 0, 0, , 0, 0, 0, 0, 0, 
590, 0, -1, -1, -1, 124, 125, 133.0, 9, , 36, 0, 0, 0, , 0, 0, 0, 0, 0, 
591, 0, -1, -1, -1, 188, 44, 133.0, 9, , 41, 0, 0, 0, , 0, 0, 0, 0, 0, 
592, 0, -1, -1, -1, 226, 179, 134.0, 8, , 12, 0, 0, 0, , 0, 0, 0, 0, 0, 
593, 0, -1, -1, -1, 93, 113, 135.0, 8, , 24, 0, 0, 0, , 0, 0, 0, 0, 0, 
594, 0, -1, -1, -1, 129, 127, 135.0, 8, , 21, 0, 0, 0, , 0, 0, 0, 0, 0, 
595, 0, -1, -1, -1, 65, 87, 136.0, 9, , 36, 0, 0, 0, , 0, 0, 0, 0, 0, 
596, 0, -1, -1, -1, 160, 39, 136.0, 7, , 34, 0, 0, 0, , 0, 0, 0, 0, 0, 
597, 0, -1, -1, -1, 244, 48, 138.0, 11, , 11, 0, 0, 0, , 0, 0, 0, 0, 0, 
598, 0, -1, -1, -1, 257, 176, 138.0, 7, , 34, 0, 0, 0, , 0, 0, 0, 0, 0, 
599, 0, -1, -1, -1, 223, 175, 139.0, 9, , 22, 0, 0, 0, , 0, 0, 0, 0, 0, 
600, 0, -1, -1, -1, 156, 91, 140.0, 7, , 31, 0, 0, 0, , 0, 0, 0, 0, 0, 
601, 0, -1, -1, -1, 156, 173, 140.0, 13, , 71, 0, 0, 0, , 0, 0, 0, 0, 0, 
602, 0, -1, -1, -1, 209, 179, 142.0, 9, , 45, 0, 0, 0, , 0, 0, 0, 0, 0, 
603, 0, -1, -1, -1, 90, 83, 145.0, 8, , 14, 0, 0, 0, , 0, 0, 0, 0, 0, 
604, 0, -1, -1, -1, 54, 128, 146.0, 7, , 19, 0, 0, 0, , 0, 0, 0, 0, 0, 
605, 0, -1, -1, -1, 289, 62, 147.0, 9, , 41, 0, 0, 0, , 0, 0, 0, 0, 0, 
606, 0, -1, -1, -1, 48, 93, 149.0, 8, , 23, 0, 0, 0, , 0, 0, 0, 0, 0, 
607, 0, -1, -1, -1, 247, 172, 150.0, 8, , 33, 0, 0, 0, , 0, 0, 0, 0, 0, 
608, 0, -1, -1, -1, 142, 161, 151.0, 8, , 26, 0, 0, 0, , 0, 0, 0, 0, 0, 
609, 0, -1, -1, -1, 151, 135, 151.0, 7, , 18, 0, 0, 0, , 0, 0, 0, 0, 0, 
610, 0, -1, -1, -1, 310, 71, 151.0, 7, , 33, 0, 0, 0, , 0, 0, 0, 0, 0, 
611, 0, -1, -1, -1, 98, 88, 152.0, 9, , 51, 0, 0, 0, , 0, 0, 0, 0, 0, 
612, 0, -1, -1, -1, 122, 125, 152.0, 7, , 19, 0, 0, 0, , 0, 0, 0, 0, 0, 
613, 0, -1, -1, -1, 226, 40, 152.0, 8, , 14, 0, 0, 0, , 0, 0, 0, 0, 0, 
614, 0, -1, -1, -1, 51, 96, 153.0, 8, , 17, 0, 0, 0, , 0, 0, 0, 0, 0, 
615, 0, -1, -1, -1, 44, 101, 154.0, 9, , 52, 0, 0, 0, , 0, 0, 0, 0, 0, 
616, 0, -1, -1, -1, 124, 124, 155.0, 7, , 21, 0, 0, 0, , 0, 0, 0, 0, 0, 
617, 0, -1, -1, -1, 61, 114, 156.0, 8, , 33, 0, 0, 0, , 0, 0, 0, 0, 0, 
618, 0, -1, -1, -1, 112, 63, 158.0, 7, , 25, 0, 0, 0, , 0, 0, 0, 0, 0, 
619, 1, 675, 526, -1, 167, 36, 158.0, 10, ABpraappaa, 53, 0, 0, 0, , 0, 0, 0, 0, 0, 
620, 0, -1, -1, -1, 190, 41, 158.0, 7, , 69, 0, 0, 0, , 0, 0, 0, 0, 0, 
621, 0, -1, -1, -1, 224, 48, 159.0, 9, , 87, 0, 0, 0, , 0, 0, 0, 0, 0, 
622, 0, -1, -1, -1, 231, 47, 160.0, 9, , 53, 0, 0, 0, , 0, 0, 0, 0, 0, 
623, 0, -1, -1, -1, 131, 48, 161.0, 7, , 24, 0, 0, 0, , 0, 0, 0, 0, 0, 
624, 0, -1, -1, -1, 151, 70, 162.0, 8, , 16, 0, 0, 0, , 0, 0, 0, 0, 0, 
625, 0, -1, -1, -1, 83, 111, 163.0, 7, , 23, 0, 0, 0, , 0, 0, 0, 0, 0, 
626, 0, -1, -1, -1, 89, 147, 163.0, 8, , 22, 0, 0, 0, , 0, 0, 0, 0, 0, 
627, 0, -1, -1, -1, 213, 90, 165.0, 7, , 8, 0, 0, 0, , 0, 0, 0, 0, 0, 
628, 0, -1, -1, -1, 298, 83, 167.0, 7, , 23, 0, 0, 0, , 0, 0, 0, 0, 0, 
629, 0, -1, -1, -1, 310, 95, 167.0, 9, , 45, 0, 0, 0, , 0, 0, 0, 0, 0, 
630, 0, -1, -1, -1, 68, 137, 168.0, 8, , 21, 0, 0, 0, , 0, 0, 0, 0, 0, 
631, 0, -1, -1, -1, 105, 110, 168.0, 11, , 74, 0, 0, 0, , 0, 0, 0, 0, 0, 
632, 0, -1, -1, -1, 64, 100, 169.0, 7, , 24, 0, 0, 0, , 0, 0, 0, 0, 0, 
633, 0, -1, -1, -1, 133, 86, 169.0, 8, , 11, 0, 0, 0, , 0, 0, 0, 0, 0, 
634, 0, -1, -1, -1, 310, 121, 169.0, 9, , 6, 0, 0, 0, , 0, 0, 0, 0, 0, 
635, 0, -1, -1, -1, 67, 118, 170.0, 7, , 33, 0, 0, 0, , 0, 0, 0, 0, 0, 
636, 0, -1, -1, -1, 85, 152, 170.0, 7, , 11, 0, 0, 0, , 0, 0, 0, 0, 0, 
637, 0, -1, -1, -1, 235, 152, 170.0, 8, , 26, 0, 0, 0, , 0, 0, 0, 0, 0, 
638, 0, -1, -1, -1, 312, 124, 171.0, 8, , 3, 0, 0, 0, , 0, 0, 0, 0, 0, 
639, 0, -1, -1, -1, 135, 78, 172.0, 9, , 37, 0, 0, 0, , 0, 0, 0, 0, 0, 
640, 0, -1, -1, -1, 205, 135, 172.0, 8, , 3, 0, 0, 0, , 0, 0, 0, 0, 0, 
641, 0, -1, -1, -1, 71, 78, 173.0, 8, , 22, 0, 0, 0, , 0, 0, 0, 0, 0, 
642, 0, -1, -1, -1, 114, 150, 173.0, 9, , 27, 0, 0, 0, , 0, 0, 0, 0, 0, 
643, 0, -1, -1, -1, 68, 87, 175.0, 7, , 24, 0, 0, 0, , 0, 0, 0, 0, 0, 
644, 0, -1, -1, -1, 253, 57, 175.0, 8, , 44, 0, 0, 0, , 0, 0, 0, 0, 0, 
645, 0, -1, -1, -1, 89, 78, 176.0, 8, , 28, 0, 0, 0, , 0, 0, 0, 0, 0, 
646, 0, -1, -1, -1, 140, 51, 176.0, 8, , 25, 0, 0, 0, , 0, 0, 0, 0, 0, 
647, 0, -1, -1, -1, 191, 165, 176.0, 9, , 90, 0, 0, 0, , 0, 0, 0, 0, 0, 
648, 0, -1, -1, -1, 277, 129, 178.0, 8, , 24, 0, 0, 0, , 0, 0, 0, 0, 0, 
649, 0, -1, -1, -1, 304, 97, 179.0, 9, , 72, 0, 0, 0, , 0, 0, 0, 0, 0, 
650, 0, -1, -1, -1, 91, 72, 180.0, 8, , 18, 0, 0, 0, , 0, 0, 0, 0, 0, 
651, 0, -1, -1, -1, 108, 55, 180.0, 8, , 19, 0, 0, 0, , 0, 0, 0, 0, 0, 
652, 0, -1, -1, -1, 66, 118, 181.0, 9, , 23, 0, 0, 0, , 0, 0, 0, 0, 0, 
653, 0, -1, -1, -1, 99, 153, 181.0, 8, , 10, 0, 0, 0, , 0, 0, 0, 0, 0, 
654, 0, -1, -1, -1, 113, 111, 181.0, 9, , 68, 0, 0, 0, , 0, 0, 0, 0, 0, 
655, 0, -1, -1, -1, 237, 82, 182.0, 9, , 72, 0, 0, 0, , 0, 0, 0, 0, 0, 
656, 0, -1, -1, -1, 219, 78, 183.0, 9, , 35, 0, 0, 0, , 0, 0, 0, 0, 0, 
657, 0, -1, -1, -1, 156, 54, 184.0, 7, , 65, 0, 0, 0, , 0, 0, 0, 0, 0, 
658, 0, -1, -1, -1, 231, 49, 184.0, 9, , 29, 0, 0, 0, , 0, 0, 0, 0, 0, 
659, 0, -1, -1, -1, 167, 90, 185.0, 8, , 20, 0, 0, 0, , 0, 0, 0, 0, 0, 
660, 0, -1, -1, -1, 190, 164, 185.0, 9, , 19, 0, 0, 0, , 0, 0, 0, 0, 0, 
661, 0, -1, -1, -1, 275, 134, 185.0, 9, , 98, 0, 0, 0, , 0, 0, 0, 0, 0, 
662, 0, -1, -1, -1, 100, 100, 186.0, 9, , 25, 0, 0, 0, , 0, 0, 0, 0, 0, 
663, 0, -1, -1, -1, 119, 72, 187.0, 8, , 74, 0, 0, 0, , 0, 0, 0, 0, 0, 
664, 0, -1, -1, -1, 185, 93, 187.0, 8, , 32, 0, 0, 0, , 0, 0, 0, 0, 0, 
665, 0, -1, -1, -1, 250, 108, 187.0, 8, , 23, 0, 0, 0, , 0, 0, 0, 0, 0, 
666, 0, -1, -1, -1, 188, 94, 191.0, 7, , 42, 0, 0, 0, , 0, 0, 0, 0, 0, 
667, 0, -1, -1, -1, 118, 74, 192.0, 9, , 119, 0, 0, 0, , 0, 0, 0, 0, 0, 
668, 0, -1, -1, -1, 259, 108, 194.0, 8, , 24, 0, 0, 0, , 0, 0, 0, 0, 0, 
669, 0, -1, -1, -1, 95, 96, 196.0, 9, , 82, 0, 0, 0, , 0, 0, 0, 0, 0, 
670, 0, -1, -1, -1, 175, 117, 199.0, 8, , 8, 0, 0, 0, , 0, 0, 0, 0, 0, 
671, 0, -1, -1, -1, 278, 93, 199.0, 8, , 33, 0, 0, 0, , 0, 0, 0, 0, 0, 
672, 0, -1, -1, -1, 104, 125, 200.0, 8, , 114, 0, 0, 0, , 0, 0, 0, 0, 0, 
673, 0, -1, -1, -1, 147, 116, 200.0, 9, , 66, 0, 0, 0, , 0, 0, 0, 0, 0, 
674, 0, -1, -1, -1, 99, 104, 201.0, 9, , 26, 0, 0, 0, , 0, 0, 0, 0, 0, 
675, 0, -1, -1, -1, 168, 132, 201.0, 7, , 36, 0, 0, 0, , 0, 0, 0, 0, 0, 
676, 0, -1, -1, -1, 159, 133, 205.0, 7, , 29, 0, 0, 0, , 0, 0, 0, 0, 0, 
677, 0, -1, -1, -1, 218, 130, 206.0, 8, , 19, 0, 0, 0, , 0, 0, 0, 0, 0, 
678, 0, -1, -1, -1, 141, 56, 87.0, 9, , 27, 0, 0, 0, , 0, 0, 0, 0, 0, 
679, 0, -1, -1, -1, 73, 77, 116.0, 7, , 22, 0, 0, 0, , 0, 0, 0, 0, 0, 
680, 0, -1, -1, -1, 153, 97, 120.0, 9, , 61, 0, 0, 0, , 0, 0, 0, 0, 0, 
681, 0, -1, -1, -1, 188, 44, 131.0, 7, , 37, 0, 0, 0, , 0, 0, 0, 0, 0, 
682, 0, -1, -1, -1, 126, 124, 145.0, 9, , 52, 0, 0, 0, , 0, 0, 0, 0, 0, 
683, 0, -1, -1, -1, 49, 93, 146.0, 7, , 18, 0, 0, 0, , 0, 0, 0, 0, 0, 
684, 0, -1, -1, -1, 73, 70, 149.0, 7, , 13, 0, 0, 0, , 0, 0, 0, 0, 0, 
685, 0, -1, -1, -1, 170, 176, 152.0, 11, , 48, 0, 0, 0, , 0, 0, 0, 0, 0, 
686, 0, -1, -1, -1, 82, 105, 155.0, 9, , 33, 0, 0, 0, , 0, 0, 0, 0, 0, 
687, 0, -1, -1, -1, 191, 42, 156.0, 7, , 29, 0, 0, 0, , 0, 0, 0, 0, 0, 
688, 0, -1, -1, -1, 134, 164, 159.0, 9, , 75, 0, 0, 0, , 0, 0, 0, 0, 0, 
689, 0, -1, -1, -1, 198, 173, 162.0, 9, , 37, 0, 0, 0, , 0, 0, 0, 0, 0, 
690, 0, -1, -1, -1, 128, 46, 165.0, 11, , 89, 0, 0, 0, , 0, 0, 0, 0, 0, 
691, 0, -1, -1, -1, 281, 66, 169.0, 7, , 29, 0, 0, 0, , 0, 0, 0, 0, 0, 
692, 0, -1, -1, -1, 73, 131, 174.0, 9, , 12, 0, 0, 0, , 0, 0, 0, 0, 0, 
693, 0, -1, -1, -1, 113, 149, 175.0, 9, , 48, 0, 0, 0, , 0, 0, 0, 0, 0, 
694, 0, -1, -1, -1, 303, 100, 176.0, 9, , 25, 0, 0, 0, , 0, 0, 0, 0, 0, 
695, 0, -1, -1, -1, 152, 115, 179.0, 8, , 30, 0, 0, 0, , 0, 0, 0, 0, 0, 
696, 0, -1, -1, -1, 119, 77, 184.0, 8, , 17, 0, 0, 0, , 0, 0, 0, 0, 0, 
697, 0, -1, -1, -1, 142, 95, 186.0, 9, , 42, 0, 0, 0, , 0, 0, 0, 0, 0, 
698, 0, -1, -1, -1, 138, 51, 187.0, 7, , 17, 0, 0, 0, , 0, 0, 0, 0, 0, 
699, 0, -1, -1, -1, 302, 102, 189.0, 9, , 51, 0, 0, 0, , 0, 0, 0, 0, 0, 
700, 0, -1, -1, -1, 141, 109, 199.0, 8, , 21, 0, 0, 0, , 0, 0, 0, 0, 0, 
701, 0, -1, -1, -1, 193, 77, 199.0, 7, , 50, 0, 0, 0, , 0, 0, 0, 0, 0, 
702, 0, -1, -1, -1, 277, 93, 202.0, 9, , 28, 0, 0, 0, , 0, 0, 0, 0, 0, 
703, 0, -1, -1, -1, 233, 80, 208.0, 8, , 32, 0, 0, 0, , 0, 0, 0, 0, 0, 
704, 0, -1, -1, -1, 74, 78, 111.0, 7, , 11, 0, 0, 0, , 0, 0, 0, 0, 0, 
705, 0, -1, -1, -1, 154, 97, 118.0, 7, , 18, 0, 0, 0, , 0, 0, 0, 0, 0, 
706, 0, -1, -1, -1, 304, 69, 151.0, 9, , 12, 0, 0, 0, , 0, 0, 0, 0, 0, 
707, 0, -1, -1, -1, 116, 91, 201.0, 7, , 19, 0, 0, 0, , 0, 0, 0, 0, 0, 
708, 1, 594, 702, -1, 258, 91, 129.0, 20, Eprp, 0, 0, 0, 0, , 0, 0, 0, 0, 0, 
709, 0, 596, -1, -1, 142, 39, 131.0, 11, , 0, 0, 0, 0, , 0, 0, 0, 0, 0, 
710, 0, 595, -1, -1, 112, 48, 133.0, 11, , 0, 0, 0, 0, , 0, 0, 0, 0, 0, 
711, 0, 597, -1, -1, 115, 95, 198.0, 16, , 0, 0, 0, 0, , 0, 0, 0, 0, 0, 
712, 1, 598, 710, -1, 142, 95, 192.0, 14, ABarapppap, 0, 0, 0, 0, , 0, 0, 0, 0, 0, 
713, 1, 597, 705, -1, 116, 93, 201.0, 12, ABarapppaa, 0, 0, 0, 0, , 0, 0, 0, 0, 0, 
714, 1, 599, 706, -1, 139, 115, 206.0, 17, ABarappaa, 0, 0, 0, 0, , 0, 0, 0, 0, 0, 
715, 1, 600, 707, 708, 163, 102, 207.0, 15, ABarappap, 0, 0, 0, 0, , 0, 0, 0, 0, 0, 
716, 0, 597, -1, -1, 122, 96, 201.66667, 12, , 0, 0, 0, 0, , 0, 0, 0, 0, 0, 
717, 1, 601, 711, -1, 142, 85, 211.0, 15, ABarappppa, 0, 0, 0, 0, , 0, 0, 0, 0, 0, 
718, 1, 602, 712, -1, 164, 89, 187.0, 15, ABarappppp, 0, 0, 0, 0, , 0, 0, 0, 0, 0, 
719, 1, 603, 713, 714, 105, 126, 193.0, 17, ABarapaaa, 0, 0, 0, 0, , 0, 0, 0, 0, 0, 
720, 1, 604, 715, -1, 116, 112, 180.0, 13, ABarapaapa, 0, 0, 0, 0, , 0, 0, 0, 0, 0, 
721, 1, 605, 716, -1, 136, 132, 184.0, 14, ABarapaapp, 0, 0, 0, 0, , 0, 0, 0, 0, 0, 
722, 1, 607, 717, -1, 127, 132, 201.0, 15, ABarapapaa, 0, 0, 0, 0, , 0, 0, 0, 0, 0, 
723, 1, 606, 718, -1, 163, 135, 202.0, 14, ABarapapap, 0, 0, 0, 0, , 0, 0, 0, 0, 0, 
724, 1, 608, 719, -1, 150, 117, 181.0, 14, ABarapappa, 0, 0, 0, 0, , 0, 0, 0, 0, 0, 
725, 1, 609, 720, -1, 182, 134, 186.0, 17, ABarapappp, 0, 0, 0, 0, , 0, 0, 0, 0, 0, 
726, 1, 610, 721, -1, 63, 114, 150.0, 12, ABaraapaaa, 0, 0, 0, 0, , 0, 0, 0, 0, 0, 
727, 1, 611, 722, -1, 98, 114, 141.0, 14, ABaraapaap, 0, 0, 0, 0, , 0, 0, 0, 0, 0, 
728, 1, 612, 723, -1, 103, 132, 140.0, 14, ABaraapapa, 0, 0, 0, 0, , 0, 0, 0, 0, 0, 
729, 1, 613, 724, -1, 128, 126, 131.0, 14, ABaraapapp, 0, 0, 0, 0, , 0, 0, 0, 0, 0, 
730, 1, 614, 725, -1, 104, 110, 165.0, 15, ABaraappaa, 0, 0, 0, 0, , 0, 0, 0, 0, 0, 
731, 1, 615, 726, -1, 127, 124, 150.0, 15, ABaraappap, 0, 0, 0, 0, , 0, 0, 0, 0, 0, 
732, 1, 616, 727, -1, 135, 107, 167.0, 17, ABaraapppa, 0, 0, 0, 0, , 0, 0, 0, 0, 0, 
733, 1, 617, 728, -1, 153, 93, 143.0, 16, ABaraapppp, 0, 0, 0, 0, , 0, 0, 0, 0, 0, 
734, 1, 618, 729, -1, 67, 115, 176.0, 15, ABaraaapaa, 0, 0, 0, 0, , 0, 0, 0, 0, 0, 
735, 1, 619, 730, -1, 87, 102, 182.0, 17, ABaraaapap, 0, 0, 0, 0, , 0, 0, 0, 0, 0, 
736, 1, 620, 731, -1, 100, 100, 198.0, 17, ABaraaapp, 0, 0, 0, 0, , 0, 0, 0, 0, 0, 
737, 1, 621, 732, -1, 58, 102, 165.0, 17, ABaraaaaa, 0, 0, 0, 0, , 0, 0, 0, 0, 0, 
738, 1, 622, 733, -1, 86, 109, 164.0, 16, ABaraaaap, 0, 0, 0, 0, , 0, 0, 0, 0, 0, 
739, 1, 623, 734, -1, 108, 130, 171.0, 17, ABalpaaap, 0, 0, 0, 0, , 0, 0, 0, 0, 0, 
740, 1, 624, 735, -1, 72, 135, 177.0, 19, ABalpaaaa, 0, 0, 0, 0, , 0, 0, 0, 0, 0, 
741, 1, 625, 736, -1, 50, 126, 151.0, 15, ABalpaapaa, 0, 0, 0, 0, , 0, 0, 0, 0, 0, 
742, 1, 626, 737, -1, 82, 132, 150.0, 16, ABalpaapap, 0, 0, 0, 0, , 0, 0, 0, 0, 0, 
743, 1, 627, 738, -1, 78, 153, 138.0, 14, ABalpaapp, 0, 0, 0, 0, , 0, 0, 0, 0, 0, 
744, 1, 628, 739, -1, 115, 148, 178.0, 15, ABalpappaa, 0, 0, 0, 0, , 0, 0, 0, 0, 0, 
745, 1, 629, 740, -1, 140, 153, 184.0, 15, ABalpappap, 0, 0, 0, 0, , 0, 0, 0, 0, 0, 
746, 1, 630, 741, -1, 123, 145, 162.0, 15, ABalpapppa, 0, 0, 0, 0, , 0, 0, 0, 0, 0, 
747, 1, 631, 742, -1, 161, 142, 178.0, 17, ABalpapppp, 0, 0, 0, 0, , 0, 0, 0, 0, 0, 
748, 1, 632, 743, -1, 63, 153, 115.0, 19, ABalppaaa, 0, 0, 0, 0, , 0, 0, 0, 0, 0, 
749, 1, 633, 744, -1, 86, 166, 109.0, 17, ABalppaap, 0, 0, 0, 0, , 0, 0, 0, 0, 0, 
750, 1, 634, 745, -1, 91, 167, 137.0, 15, ABalppapaa, 0, 0, 0, 0, , 0, 0, 0, 0, 0, 
751, 1, 635, 746, -1, 127, 174, 133.0, 14, ABalppapap, 0, 0, 0, 0, , 0, 0, 0, 0, 0, 
752, 1, 636, 747, -1, 122, 158, 131.0, 13, ABalppappa, 0, 0, 0, 0, , 0, 0, 0, 0, 0, 
753, 1, 637, 749, -1, 88, 146, 168.0, 15, ABalpapaaa, 0, 0, 0, 0, , 0, 0, 0, 0, 0, 
754, 1, 637, 748, -1, 100, 152, 171.5, 15, ABalpapaap, 0, 0, 0, 0, , 0, 0, 0, 0, 0, 
755, 1, 639, 751, -1, 134, 163, 162.0, 13, ABalpapapp, 0, 0, 0, 0, , 0, 0, 0, 0, 0, 
756, 1, 638, 750, -1, 106, 165, 158.0, 15, ABalpapapa, 0, 0, 0, 0, , 0, 0, 0, 0, 0, 
757, 1, 640, 752, -1, 149, 161, 149.66667, 15, ABalppappp, 0, 0, 0, 0, , 0, 0, 0, 0, 0, 
758, 1, 641, 753, -1, 78, 145, 94.0, 17, ABalpppaa, 0, 0, 0, 0, , 0, 0, 0, 0, 0, 
759, 1, 642, 754, -1, 144, 134, 89.0, 13, ABalpppppp, 0, 0, 0, 0, , 0, 0, 0, 0, 0, 
760, 1, 643, 755, -1, 113, 135, 59.0, 17, ABalpppppa, 0, 0, 0, 0, , 0, 0, 0, 0, 0, 
761, 0, 644, -1, -1, 93, 125, 88.0, 12, , 0, 0, 0, 0, , 0, 0, 0, 0, 0, 
762, 1, 645, 757, -1, 125, 125, 89.0, 11, ABalppppap, 0, 0, 0, 0, , 0, 0, 0, 0, 0, 
763, 1, 646, 758, -1, 95, 157, 92.0, 12, ABalpppapa, 0, 0, 0, 0, , 0, 0, 0, 0, 0, 
764, 0, 647, -1, -1, 116, 148, 78.0, 8, , 0, 0, 0, 0, , 0, 0, 0, 0, 0, 
765, 1, 648, 760, 761, 49, 103, 121.0, 16, ABalaaapa, 0, 0, 0, 0, , 0, 0, 0, 0, 0, 
766, 1, 649, 762, 763, 60, 81, 137.0, 14, ABalaaapp, 0, 0, 0, 0, , 0, 0, 0, 0, 0, 
767, 1, 650, 764, -1, 72, 82, 169.0, 17, ABalaapaa, 0, 0, 0, 0, , 0, 0, 0, 0, 0, 
768, 0, 651, -1, -1, 89, 80, 176.13333, 15, , 0, 0, 0, 0, , 0, 0, 0, 0, 0, 
769, 1, 652, 766, -1, 88, 75, 179.0, 15, ABalaapap, 0, 0, 0, 0, , 0, 0, 0, 0, 0, 
770, 1, 653, 767, -1, 47, 101, 148.0, 17, ABalaaaar, 0, 0, 0, 0, , 0, 0, 0, 0, 0, 
771, 1, 654, 768, -1, 54, 135, 131.0, 19, ABalaaaal, 0, 0, 0, 0, , 0, 0, 0, 0, 0, 
772, 1, 655, 769, 770, 89, 59, 133.0, 14, ABalaappp, 0, 0, 0, 0, , 0, 0, 0, 0, 0, 
773, 1, 656, 771, -1, 78, 70, 153.0, 17, ABalaappa, 0, 0, 0, 0, , 0, 0, 0, 0, 0, 
774, 1, 657, 772, -1, 75, 127, 113.0, 17, ABalapaapa, 0, 0, 0, 0, , 0, 0, 0, 0, 0, 
775, 1, 657, 773, -1, 91, 127, 91.0, 17, ABalapaapp, 0, 0, 0, 0, , 0, 0, 0, 0, 0, 
776, 1, 658, 774, -1, 61, 113, 109.0, 17, ABalapaaa, 0, 0, 0, 0, , 0, 0, 0, 0, 0, 
777, 1, 659, 775, -1, 85, 99, 90.0, 15, ABalapapa, 0, 0, 0, 0, , 0, 0, 0, 0, 0, 
778, 1, 660, 776, -1, 106, 108, 84.0, 14, ABalapappa, 0, 0, 0, 0, , 0, 0, 0, 0, 0, 
779, 1, 661, 777, -1, 140, 108, 82.0, 14, ABalapappp, 0, 0, 0, 0, , 0, 0, 0, 0, 0, 
780, 1, 662, 778, -1, 59, 93, 107.0, 17, ABalappaa, 0, 0, 0, 0, , 0, 0, 0, 0, 0, 
781, 1, 663, 779, -1, 67, 74, 115.0, 14, ABalappap, 0, 0, 0, 0, , 0, 0, 0, 0, 0, 
782, 1, 664, 780, -1, 85, 71, 103.0, 14, ABalapppaa, 0, 0, 0, 0, , 0, 0, 0, 0, 0, 
783, 1, 665, 781, -1, 106, 59, 111.0, 14, ABalapppap, 0, 0, 0, 0, , 0, 0, 0, 0, 0, 
784, 1, 666, 782, -1, 123, 64, 115.0, 14, ABalappppa, 0, 0, 0, 0, , 0, 0, 0, 0, 0, 
785, 1, 667, 783, -1, 153, 65, 116.0, 12, ABalappppp, 0, 0, 0, 0, , 0, 0, 0, 0, 0, 
786, 1, 644, 784, -1, 95, 129, 81.0, 13, ABalppppaa, 0, 0, 0, 0, , 0, 0, 0, 0, 0, 
787, 1, 668, 785, -1, 96, 61, 168.0, 16, ABpraaaaa, 0, 0, 0, 0, , 0, 0, 0, 0, 0, 
788, 1, 670, 787, -1, 139, 54, 177.0, 13, ABpraaaapp, 0, 0, 0, 0, , 0, 0, 0, 0, 0, 
789, 1, 669, 786, -1, 110, 59, 181.0, 13, ABpraaaapa, 0, 0, 0, 0, , 0, 0, 0, 0, 0, 
790, 1, 671, 788, -1, 127, 46, 158.0, 15, ABpraaappa, 0, 0, 0, 0, , 0, 0, 0, 0, 0, 
791, 1, 672, 789, -1, 151, 42, 154.0, 17, ABpraaappp, 0, 0, 0, 0, , 0, 0, 0, 0, 0, 
792, 1, 673, 790, -1, 204, 43, 171.0, 12, ABpraapppa, 0, 0, 0, 0, , 0, 0, 0, 0, 0, 
793, 1, 674, 791, -1, 227, 48, 178.0, 16, ABpraapppp, 0, 0, 0, 0, , 0, 0, 0, 0, 0, 
794, 1, 675, 792, -1, 190, 40, 159.0, 10, ABpraappap, 0, 0, 0, 0, , 0, 0, 0, 0, 0, 
795, 1, 676, 793, 794, 250, 60, 178.0, 11, ABprappaa, 0, 0, 0, 0, , 0, 0, 0, 0, 0, 
796, 1, 677, 795, -1, 277, 62, 168.0, 17, ABprappap, 0, 0, 0, 0, , 0, 0, 0, 0, 0, 
797, 1, 678, 796, -1, 293, 82, 177.0, 17, ABprapppa, 0, 0, 0, 0, , 0, 0, 0, 0, 0, 
798, 1, 679, 797, -1, 193, 38, 140.0, 16, ABprapaaa, 0, 0, 0, 0, , 0, 0, 0, 0, 0, 
799, 1, 680, 798, -1, 227, 47, 151.0, 19, ABprapaap, 0, 0, 0, 0, , 0, 0, 0, 0, 0, 
800, 1, 681, 799, -1, 293, 61, 144.66667, 11, ABprapapap, 0, 0, 0, 0, , 0, 0, 0, 0, 0, 
801, 1, 682, 800, -1, 262, 46, 144.0, 13, ABprapapaa, 0, 0, 0, 0, , 0, 0, 0, 0, 0, 
802, 1, 683, 801, -1, 315, 94, 161.5, 11, ABprapappp, 0, 0, 0, 0, , 0, 0, 0, 0, 0, 
803, 1, 684, 802, -1, 307, 70, 147.66667, 13, ABprapappa, 0, 0, 0, 0, , 0, 0, 0, 0, 0, 
804, 1, 685, 804, -1, 173, 168, 115.0, 15, ABplppaaa, 0, 0, 0, 0, , 0, 0, 0, 0, 0, 
805, 1, 686, 805, -1, 191, 175, 131.0, 17, ABplppaap, 0, 0, 0, 0, , 0, 0, 0, 0, 0, 
806, 1, 687, 806, -1, 201, 170, 110.0, 14, ABplppapa, 0, 0, 0, 0, , 0, 0, 0, 0, 0, 
807, 1, 688, 807, -1, 227, 167, 112.5, 17, ABplppapp, 0, 0, 0, 0, , 0, 0, 0, 0, 0, 
808, 1, 689, 808, -1, 228, 173, 128.0, 15, ABplpppaa, 0, 0, 0, 0, , 0, 0, 0, 0, 0, 
809, 1, 690, 809, -1, 257, 172, 139.0, 17, ABplpppap, 0, 0, 0, 0, , 0, 0, 0, 0, 0, 
810, 1, 692, 811, -1, 232, 170, 162.0, 14, ABplppppap, 0, 0, 0, 0, , 0, 0, 0, 0, 0, 
811, 1, 691, 810, -1, 208, 179, 141.0, 14, ABplppppaa, 0, 0, 0, 0, , 0, 0, 0, 0, 0, 
812, 1, 693, 813, -1, 233, 157, 177.0, 15, ABplpppppa, 0, 0, 0, 0, , 0, 0, 0, 0, 0, 
813, 1, 693, 812, -1, 247, 157, 176.0, 15, ABplpppppp, 0, 0, 0, 0, , 0, 0, 0, 0, 0, 
814, 0, 694, -1, -1, 197, 172, 157.0, 14, , 0, 0, 0, 0, , 0, 0, 0, 0, 0, 
815, 1, 695, 814, -1, 197, 173, 158.0, 14, ABplpapapp, 0, 0, 0, 0, , 0, 0, 0, 0, 0, 
816, 1, 697, 815, -1, 103, 164, 121.0, 15, ABplpaaaaa, 0, 0, 0, 0, , 0, 0, 0, 0, 0, 
817, 1, 698, 816, -1, 132, 166, 111.0, 16, ABplpaaaap, 0, 0, 0, 0, , 0, 0, 0, 0, 0, 
818, 1, 699, 817, -1, 133, 182, 119.0, 14, ABplpaaapa, 0, 0, 0, 0, , 0, 0, 0, 0, 0, 
819, 1, 700, 818, -1, 152, 172, 103.0, 15, ABplpaaapp, 0, 0, 0, 0, , 0, 0, 0, 0, 0, 
820, 1, 702, 819, -1, 118, 158, 100.0, 15, ABplpaapaa, 0, 0, 0, 0, , 0, 0, 0, 0, 0, 
821, 1, 701, 820, -1, 142, 166, 84.0, 17, ABplpaapap, 0, 0, 0, 0, , 0, 0, 0, 0, 0, 
822, 0, 703, -1, -1, 154, 172, 100.0, 14, , 0, 0, 0, 0, , 0, 0, 0, 0, 0, 
823, 1, 705, 822, -1, 157, 169, 90.0, 15, ABplpaappa, 0, 0, 0, 0, , 0, 0, 0, 0, 0, 
824, 1, 706, 823, -1, 188, 173, 96.0, 14, ABplpaappp, 0, 0, 0, 0, , 0, 0, 0, 0, 0, 
825, 1, 707, 824, -1, 157, 172, 136.0, 15, ABplpapaa, 0, 0, 0, 0, , 0, 0, 0, 0, 0, 
826, 1, 694, 825, -1, 170, 177, 152.0, 12, ABplpapapa, 0, 0, 0, 0, , 0, 0, 0, 0, 0, 
827, 1, 708, 826, -1, 163, 167, 175.0, 17, ABplpappaa, 0, 0, 0, 0, , 0, 0, 0, 0, 0, 
828, 1, 709, 827, -1, 192, 165, 174.0, 14, ABplpappap, 0, 0, 0, 0, , 0, 0, 0, 0, 0, 
829, 1, 710, 828, 829, 212, 164, 176.0, 15, ABplpappp, 0, 0, 0, 0, , 0, 0, 0, 0, 0, 
830, 1, 711, 830, 831, 163, 33, 131.0, 14, ABpraapap, 0, 0, 0, 0, , 0, 0, 0, 0, 0, 
831, 1, 713, 833, -1, 145, 70, 191.0, 14, ABprpaaaap, 0, 0, 0, 0, , 0, 0, 0, 0, 0, 
832, 1, 712, 832, -1, 119, 75, 189.0, 14, ABprpaaaaa, 0, 0, 0, 0, , 0, 0, 0, 0, 0, 
833, 1, 714, 834, 835, 165, 69, 190.0, 15, ABprpaaap, 0, 0, 0, 0, , 0, 0, 0, 0, 0, 
834, 1, 715, 836, -1, 157, 52, 179.0, 15, ABprpaapa, 0, 0, 0, 0, , 0, 0, 0, 0, 0, 
835, 1, 717, 837, -1, 176, 53, 185.0, 15, ABprpaappa, 0, 0, 0, 0, , 0, 0, 0, 0, 0, 
836, 1, 716, 838, -1, 203, 58, 190.0, 15, ABprpaappp, 0, 0, 0, 0, , 0, 0, 0, 0, 0, 
837, 1, 718, 839, -1, 184, 95, 194.0, 17, ABprpapaa, 0, 0, 0, 0, , 0, 0, 0, 0, 0, 
838, 1, 720, 840, -1, 217, 107, 202.0, 13, ABprpapapp, 0, 0, 0, 0, , 0, 0, 0, 0, 0, 
839, 1, 719, 841, -1, 189, 105, 206.0, 15, ABprpapapa, 0, 0, 0, 0, , 0, 0, 0, 0, 0, 
840, 1, 721, 842, -1, 177, 119, 200.0, 15, ABprpappaa, 0, 0, 0, 0, , 0, 0, 0, 0, 0, 
841, 1, 722, 843, -1, 207, 134, 196.0, 15, ABprpappap, 0, 0, 0, 0, , 0, 0, 0, 0, 0, 
842, 1, 723, 844, -1, 221, 127, 205.0, 15, ABprpapppa, 0, 0, 0, 0, , 0, 0, 0, 0, 0, 
843, 1, 724, 845, -1, 242, 135, 196.0, 14, ABprpapppp, 0, 0, 0, 0, , 0, 0, 0, 0, 0, 
844, 1, 725, 846, -1, 190, 73, 196.0, 14, ABprppaaa, 0, 0, 0, 0, , 0, 0, 0, 0, 0, 
845, 1, 726, 847, -1, 205, 88, 203.0, 15, ABprppaap, 0, 0, 0, 0, , 0, 0, 0, 0, 0, 
846, 1, 727, 848, -1, 218, 77, 191.0, 16, ABprppapa, 0, 0, 0, 0, , 0, 0, 0, 0, 0, 
847, 1, 728, 849, -1, 242, 83, 180.0, 14, ABprppapp, 0, 0, 0, 0, , 0, 0, 0, 0, 0, 
848, 1, 730, 851, -1, 257, 91, 194.0, 12, ABprpppaap, 0, 0, 0, 0, , 0, 0, 0, 0, 0, 
849, 1, 729, 850, -1, 236, 77, 200.0, 12, ABprpppaaa, 0, 0, 0, 0, , 0, 0, 0, 0, 0, 
850, 1, 732, 852, -1, 276, 88, 193.0, 12, ABprpppapa, 0, 0, 0, 0, , 0, 0, 0, 0, 0, 
851, 1, 731, 853, -1, 282, 113, 184.0, 12, ABprpppapp, 0, 0, 0, 0, , 0, 0, 0, 0, 0, 
852, 1, 733, 854, -1, 228, 97, 204.0, 15, ABprppppaa, 0, 0, 0, 0, , 0, 0, 0, 0, 0, 
853, 1, 734, 855, -1, 256, 107, 191.0, 13, ABprppppap, 0, 0, 0, 0, , 0, 0, 0, 0, 0, 
854, 1, 735, 857, -1, 255, 122, 194.0, 15, ABprpppppa, 0, 0, 0, 0, , 0, 0, 0, 0, 0, 
855, 1, 735, 856, -1, 275, 133, 187.5, 13, ABprpppppp, 0, 0, 0, 0, , 0, 0, 0, 0, 0, 
856, 1, 736, 858, -1, 74, 104, 126.0, 17, MSaaaaa, 0, 0, 0, 0, , 0, 0, 0, 0, 0, 
857, 1, 737, 859, -1, 107, 87, 110.0, 11, MSaaaap, 0, 0, 0, 0, , 0, 0, 0, 0, 0, 
858, 1, 738, 860, -1, 140, 113, 125.0, 15, MSaaapp, 0, 0, 0, 0, , 0, 0, 0, 0, 0, 
859, 1, 739, 861, -1, 110, 112, 123.666664, 19, MSaaapa, 0, 0, 0, 0, , 0, 0, 0, 0, 0, 
860, 1, 740, 862, -1, 175, 143, 161.5, 14, MSaapap, 0, 0, 0, 0, , 0, 0, 0, 0, 0, 
861, 1, 741, 863, -1, 147, 134, 146.66667, 18, MSaapaa, 0, 0, 0, 0, , 0, 0, 0, 0, 0, 
862, 1, 742, 864, -1, 205, 152, 150.0, 16, MSaappp, 0, 0, 0, 0, , 0, 0, 0, 0, 0, 
863, 1, 743, 865, -1, 218, 68, 133.0, 17, Epra, 0, 0, 0, 0, , 0, 0, 0, 0, 0, 
864, 1, 744, 866, -1, 181, 116, 114.0, 19, Ealp, 0, 0, 0, 0, , 0, 0, 0, 0, 0, 
865, 1, 745, 867, -1, 159, 99, 97.0, 19, Eala, 0, 0, 0, 0, , 0, 0, 0, 0, 0, 
866, 1, 746, 868, -1, 165, 81, 123.0, 19, Eara, 0, 0, 0, 0, , 0, 0, 0, 0, 0, 
867, 1, 747, 869, -1, 195, 91, 133.0, 19, Earp, 0, 0, 0, 0, , 0, 0, 0, 0, 0, 
868, 1, 748, 870, -1, 219, 101, 102.0, 18, Epla, 0, 0, 0, 0, , 0, 0, 0, 0, 0, 
869, 1, 749, 871, -1, 269, 110, 114.0, 21, Eplp, 0, 0, 0, 0, , 0, 0, 0, 0, 0, 
870, 1, 750, 872, -1, 302, 119, 86.0, 17, Caaapa, 0, 0, 0, 0, , 0, 0, 0, 0, 0, 
871, 1, 751, 873, -1, 334, 132, 125.0, 15, Caapa, 0, 0, 0, 0, , 0, 0, 0, 0, 0, 
872, 1, 752, 874, -1, 319, 146, 144.0, 17, Caapp, 0, 0, 0, 0, , 0, 0, 0, 0, 0, 
873, 1, 753, 875, -1, 244, 147, 158.0, 17, Capaa, 0, 0, 0, 0, , 0, 0, 0, 0, 0, 
874, 1, 754, 876, -1, 266, 141, 143.0, 17, Capap, 0, 0, 0, 0, , 0, 0, 0, 0, 0, 
875, 1, 755, 877, -1, 274, 149, 124.0, 17, Cappa, 0, 0, 0, 0, , 0, 0, 0, 0, 0, 
876, 1, 756, 878, -1, 292, 146, 146.0, 17, Cappp, 0, 0, 0, 0, , 0, 0, 0, 0, 0, 
877, 1, 840, 968, -1, 319, 121, 146.0, 15, Cpapaa, 0, 0, 0, 0, , 0, 0, 0, 0, 0, 
878, 1, 840, 879, -1, 326, 94, 142.5, 15, Cpapap, 0, 0, 0, 0, , 0, 0, 0, 0, 0, 
879, 1, 758, 880, -1, 314, 123, 166.0, 15, Cpapp, 0, 0, 0, 0, , 0, 0, 0, 0, 0, 
880, 1, 759, 881, -1, 255, 112, 169.0, 15, Cppaa, 0, 0, 0, 0, , 0, 0, 0, 0, 0, 
881, 1, 760, 882, -1, 276, 122, 163.0, 15, Cppap, 0, 0, 0, 0, , 0, 0, 0, 0, 0, 
882, 1, 761, 883, -1, 292, 94, 156.0, 17, Cpppa, 0, 0, 0, 0, , 0, 0, 0, 0, 0, 
883, 1, 762, 884, -1, 296, 125, 155.0, 17, Cpppp, 0, 0, 0, 0, , 0, 0, 0, 0, 0, 
884, 1, 763, 885, -1, 230, 106, 129.0, 18, Z2, 0, 0, 0, 0, , 0, 0, 0, 0, 0, 
885, 1, 764, 886, -1, 207, 121, 146.0, 16, Z3, 0, 0, 0, 0, , 0, 0, 0, 0, 0, 
886, 1, 765, 887, -1, 92, 70, 84.0, 14, ABarpaaaa, 0, 0, 0, 0, , 0, 0, 0, 0, 0, 
887, 1, 766, 888, -1, 112, 68, 86.0, 16, ABarpaaap, 0, 0, 0, 0, , 0, 0, 0, 0, 0, 
888, 1, 767, 889, -1, 129, 69, 91.0, 15, ABarpaapaa, 0, 0, 0, 0, , 0, 0, 0, 0, 0, 
889, 1, 768, 890, -1, 169, 68, 78.0, 15, ABarpaapap, 0, 0, 0, 0, , 0, 0, 0, 0, 0, 
890, 1, 769, 891, -1, 178, 51, 88.0, 14, ABarpaappa, 0, 0, 0, 0, , 0, 0, 0, 0, 0, 
891, 1, 770, 892, -1, 208, 60, 85.0, 15, ABarpaappp, 0, 0, 0, 0, , 0, 0, 0, 0, 0, 
892, 1, 771, 893, -1, 117, 44, 107.0, 15, ABarpapaa, 0, 0, 0, 0, , 0, 0, 0, 0, 0, 
893, 1, 772, 894, -1, 143, 52, 96.0, 15, ABarpapap, 0, 0, 0, 0, , 0, 0, 0, 0, 0, 
894, 1, 773, 895, -1, 151, 41, 109.0, 14, ABarpappa, 0, 0, 0, 0, , 0, 0, 0, 0, 0, 
895, 1, 774, 896, -1, 225, 46, 111.0, 15, ABarpppap, 0, 0, 0, 0, , 0, 0, 0, 0, 0, 
896, 1, 775, 897, -1, 221, 89, 72.0, 16, ABarppaap, 0, 0, 0, 0, , 0, 0, 0, 0, 0, 
897, 1, 776, 898, -1, 194, 84, 68.0, 17, ABarppaaa, 0, 0, 0, 0, , 0, 0, 0, 0, 0, 
898, 1, 777, 899, -1, 229, 120, 72.0, 19, ABarppapa, 0, 0, 0, 0, , 0, 0, 0, 0, 0, 
899, 1, 778, 900, -1, 265, 116, 89.0, 19, ABarppapp, 0, 0, 0, 0, , 0, 0, 0, 0, 0, 
900, 1, 779, 901, -1, 205, 40, 107.0, 16, ABarpppaa, 0, 0, 0, 0, , 0, 0, 0, 0, 0, 
901, 1, 780, 902, -1, 167, 57, 122.0, 13, ABarpapppa, 0, 0, 0, 0, , 0, 0, 0, 0, 0, 
902, 1, 781, 903, -1, 194, 48, 116.0, 14, ABarpapppp, 0, 0, 0, 0, , 0, 0, 0, 0, 0, 
903, 1, 782, 904, -1, 244, 47, 130.0, 18, ABarppppa, 0, 0, 0, 0, , 0, 0, 0, 0, 0, 
904, 1, 783, 905, -1, 271, 59, 125.0, 18, ABarppppp, 0, 0, 0, 0, , 0, 0, 0, 0, 0, 
905, 1, 784, 907, -1, 90, 89, 69.0, 17, ABplaaaaaa, 0, 0, 0, 0, , 0, 0, 0, 0, 0, 
906, 1, 784, 906, -1, 109, 93, 66.5, 17, ABplaaaaap, 0, 0, 0, 0, , 0, 0, 0, 0, 0, 
907, 1, 785, 909, -1, 121, 88, 77.0, 15, ABplaaaapa, 0, 0, 0, 0, , 0, 0, 0, 0, 0, 
908, 1, 785, 908, -1, 147, 85, 73.0, 16, ABplaaaapp, 0, 0, 0, 0, , 0, 0, 0, 0, 0, 
909, 1, 786, 910, -1, 137, 103, 56.0, 17, ABplaaapa, 0, 0, 0, 0, , 0, 0, 0, 0, 0, 
910, 1, 789, 911, -1, 157, 118, 58.0, 17, ABplaapapp, 0, 0, 0, 0, , 0, 0, 0, 0, 0, 
911, 1, 790, 912, 913, 174, 126, 72.0, 17, ABplapaaa, 0, 0, 0, 0, , 0, 0, 0, 0, 0, 
912, 1, 791, 914, -1, 207, 131, 69.0, 17, ABplapaap, 0, 0, 0, 0, , 0, 0, 0, 0, 0, 
913, 1, 792, 932, -1, 235, 163, 88.0, 15, ABplappaap, 0, 0, 0, 0, , 0, 0, 0, 0, 0, 
914, 1, 792, 915, -1, 206, 159, 85.5, 18, ABplappaaa, 0, 0, 0, 0, , 0, 0, 0, 0, 0, 
915, 1, 793, 933, -1, 242, 152, 81.0, 15, ABplappapa, 0, 0, 0, 0, , 0, 0, 0, 0, 0, 
916, 1, 793, 916, -1, 265, 151, 93.0, 14, ABplappapp, 0, 0, 0, 0, , 0, 0, 0, 0, 0, 
917, 1, 794, 917, -1, 255, 166, 113.0, 17, ABplapppa, 0, 0, 0, 0, , 0, 0, 0, 0, 0, 
918, 1, 795, 918, -1, 279, 173, 121.0, 17, ABplapppp, 0, 0, 0, 0, , 0, 0, 0, 0, 0, 
919, 1, 796, 919, -1, 166, 103, 55.0, 15, ABplaaappa, 0, 0, 0, 0, , 0, 0, 0, 0, 0, 
920, 1, 787, 920, -1, 196, 107, 68.0, 16, ABplaaappp, 0, 0, 0, 0, , 0, 0, 0, 0, 0, 
921, 1, 797, 921, -1, 88, 111, 67.0, 15, ABplaapaaa, 0, 0, 0, 0, , 0, 0, 0, 0, 0, 
922, 1, 788, 922, -1, 116, 115, 56.0, 16, ABplaapaap, 0, 0, 0, 0, , 0, 0, 0, 0, 0, 
923, 1, 798, 923, -1, 128, 127, 53.0, 17, ABplaapapa, 0, 0, 0, 0, , 0, 0, 0, 0, 0, 
924, 1, 799, 924, -1, 126, 149, 60.0, 17, ABplaappaa, 0, 0, 0, 0, , 0, 0, 0, 0, 0, 
925, 1, 800, 925, -1, 158, 146, 61.0, 17, ABplaappap, 0, 0, 0, 0, , 0, 0, 0, 0, 0, 
926, 1, 801, 926, -1, 171, 153, 77.0, 17, ABplaapppa, 0, 0, 0, 0, , 0, 0, 0, 0, 0, 
927, 1, 802, 927, -1, 198, 147, 78.0, 17, ABplaapppp, 0, 0, 0, 0, , 0, 0, 0, 0, 0, 
928, 1, 803, 928, -1, 248, 130, 73.0, 14, ABplapapaa, 0, 0, 0, 0, , 0, 0, 0, 0, 0, 
929, 1, 804, 929, -1, 279, 136, 80.0, 16, ABplapapap, 0, 0, 0, 0, , 0, 0, 0, 0, 0, 
930, 1, 805, 930, -1, 284, 148, 93.0, 17, ABplapappa, 0, 0, 0, 0, , 0, 0, 0, 0, 0, 
931, 1, 806, 931, -1, 300, 163, 118.0, 17, ABplapappp, 0, 0, 0, 0, , 0, 0, 0, 0, 0, 
932, 1, 807, 934, -1, 192, 151, 168.0, 16, MSaappa, 0, 0, 0, 0, , 0, 0, 0, 0, 0, 
933, 1, 808, 935, -1, 91, 146, 124.0, 16, MSapaaa, 0, 0, 0, 0, , 0, 0, 0, 0, 0, 
934, 1, 809, 936, -1, 114, 139, 116.0, 16, MSapaap, 0, 0, 0, 0, , 0, 0, 0, 0, 0, 
935, 1, 810, 937, -1, 136, 136, 110.0, 16, MSapapa, 0, 0, 0, 0, , 0, 0, 0, 0, 0, 
936, 1, 811, 938, -1, 157, 133, 100.0, 16, MSapapp, 0, 0, 0, 0, , 0, 0, 0, 0, 0, 
937, 1, 812, 939, -1, 155, 149, 122.0, 16, MSappaa, 0, 0, 0, 0, , 0, 0, 0, 0, 0, 
938, 1, 813, 940, -1, 182, 155, 133.0, 15, MSappap, 0, 0, 0, 0, , 0, 0, 0, 0, 0, 
939, 1, 814, 941, -1, 177, 150, 111.0, 14, MSapppa, 0, 0, 0, 0, , 0, 0, 0, 0, 0, 
940, 1, 815, 942, -1, 206, 128, 99.0, 14, MSapppp, 0, 0, 0, 0, , 0, 0, 0, 0, 0, 
941, 1, 816, 943, -1, 96, 87, 147.0, 15, MSpaaaa, 0, 0, 0, 0, , 0, 0, 0, 0, 0, 
942, 1, 817, 944, -1, 127, 76, 136.0, 15, MSpaaap, 0, 0, 0, 0, , 0, 0, 0, 0, 0, 
943, 1, 818, 945, -1, 129, 94, 149.0, 15, MSpaapa, 0, 0, 0, 0, , 0, 0, 0, 0, 0, 
944, 1, 819, 946, -1, 151, 97, 124.0, 15, MSpaapp, 0, 0, 0, 0, , 0, 0, 0, 0, 0, 
945, 1, 820, 947, -1, 168, 121, 160.0, 16, MSpapaa, 0, 0, 0, 0, , 0, 0, 0, 0, 0, 
946, 1, 821, 948, -1, 195, 118, 168.0, 16, MSpapap, 0, 0, 0, 0, , 0, 0, 0, 0, 0, 
947, 1, 822, 949, -1, 203, 133, 175.0, 14, MSpappa, 0, 0, 0, 0, , 0, 0, 0, 0, 0, 
948, 1, 823, 950, -1, 220, 127, 172.0, 16, MSpappp, 0, 0, 0, 0, , 0, 0, 0, 0, 0, 
949, 1, 824, 951, -1, 133, 81, 172.0, 14, MSppaap, 0, 0, 0, 0, , 0, 0, 0, 0, 0, 
950, 1, 825, 952, -1, 108, 85, 169.0, 14, MSppaaa, 0, 0, 0, 0, , 0, 0, 0, 0, 0, 
951, 1, 826, 953, -1, 144, 72, 160.0, 14, MSppapa, 0, 0, 0, 0, , 0, 0, 0, 0, 0, 
952, 1, 827, 954, -1, 169, 61, 147.0, 15, MSppapp, 0, 0, 0, 0, , 0, 0, 0, 0, 0, 
953, 1, 828, 955, -1, 157, 97, 176.0, 14, MSpppaa, 0, 0, 0, 0, , 0, 0, 0, 0, 0, 
954, 1, 829, 956, -1, 182, 92, 175.0, 16, MSpppap, 0, 0, 0, 0, , 0, 0, 0, 0, 0, 
955, 1, 830, 957, -1, 176, 68, 165.0, 14, MSppppa, 0, 0, 0, 0, , 0, 0, 0, 0, 0, 
956, 1, 831, 958, -1, 198, 74, 165.0, 15, MSppppp, 0, 0, 0, 0, , 0, 0, 0, 0, 0, 
957, 1, 832, 959, 960, 110, 63, 152.0, 17, ABpraaapa, 0, 0, 0, 0, , 0, 0, 0, 0, 0, 
958, 1, 833, 961, -1, 254, 92, 78.0, 15, Caaaaa, 0, 0, 0, 0, , 0, 0, 0, 0, 0, 
959, 1, 834, 962, -1, 287, 104, 90.0, 16, Caaaap, 0, 0, 0, 0, , 0, 0, 0, 0, 0, 
960, 1, 835, 963, -1, 306, 134, 123.0, 17, Caaapp, 0, 0, 0, 0, , 0, 0, 0, 0, 0, 
961, 1, 836, 964, -1, 233, 65, 85.0, 17, Cpaaaa, 0, 0, 0, 0, , 0, 0, 0, 0, 0, 
962, 1, 837, 965, -1, 272, 71, 100.0, 19, Cpaaap, 0, 0, 0, 0, , 0, 0, 0, 0, 0, 
963, 1, 838, 966, -1, 293, 75, 103.0, 17, Cpaapa, 0, 0, 0, 0, , 0, 0, 0, 0, 0, 
964, 1, 839, 967, -1, 309, 98, 124.0, 17, Cpaapp, 0, 0, 0, 0, , 0, 0, 0, 0, 0, 
965, 1, 841, 969, -1, 204, 140, 116.0, 16, Daaa, 0, 0, 0, 0, , 0, 0, 0, 0, 0, 
966, 1, 842, 970, -1, 228, 139, 145.0, 14, Daap, 0, 0, 0, 0, , 0, 0, 0, 0, 0, 
967, 1, 843, 971, -1, 227, 138, 121.0, 16, Dapa, 0, 0, 0, 0, , 0, 0, 0, 0, 0, 
968, 1, 844, 972, -1, 259, 133, 125.0, 16, Dapp, 0, 0, 0, 0, , 0, 0, 0, 0, 0, 
969, 1, 845, 973, -1, 208, 89, 165.0, 16, Dpaa, 0, 0, 0, 0, , 0, 0, 0, 0, 0, 
970, 1, 846, 974, -1, 236, 111, 169.0, 16, Dpap, 0, 0, 0, 0, , 0, 0, 0, 0, 0, 
971, 1, 847, 975, -1, 242, 89, 163.0, 16, Dppa, 0, 0, 0, 0, , 0, 0, 0, 0, 0, 
972, 1, 848, 976, -1, 272, 92, 151.0, 16, Dppp, 0, 0, 0, 0, , 0, 0, 0, 0, 0, 
973, 1, 850, 977, -1, 112, 48, 134.0, 14, ABpraapaaa, 0, 0, 0, 0, , 0, 0, 0, 0, 0, 
974, 1, 849, 978, -1, 142, 41, 132.0, 14, ABpraapaap, 0, 0, 0, 0, , 0, 0, 0, 0, 0, 
975, 1, 851, 979, -1, 115, 150, 75.0, 14, ABalpppapp, 0, 0, 0, 0, , 0, 0, 0, 0, 0, 
976, 1, 852, 980, -1, 301, 99, 184.0, 21, ABprapppp, 0, 0, 0, 0, , 0, 0, 0, 0, 0, 
