1, 0, 1, -1, -1, 50, 111, 82.0, 9, , 77, 0, 0, 0, , 0, 0, 0, 0, 0, 
2, 0, 2, -1, -1, 104, 54, 166.0, 11, , 47, 0, 0, 0, , 0, 0, 0, 0, 0, 
3, 0, 4, -1, -1, 203, 95, 203.0, 7, , 13, 0, 0, 0, , 0, 0, 0, 0, 0, 
4, 0, 5, -1, -1, 199, 76, 201.0, 8, , 40, 0, 0, 0, , 0, 0, 0, 0, 0, 
5, 0, 6, -1, -1, 205, 57, 190.0, 7, , 36, 0, 0, 0, , 0, 0, 0, 0, 0, 
6, 0, 7, -1, -1, 185, 37, 161.0, 7, , 40, 0, 0, 0, , 0, 0, 0, 0, 0, 
7, 0, 8, -1, -1, 158, 48, 178.0, 8, , 51, 0, 0, 0, , 0, 0, 0, 0, 0, 
8, 0, 9, -1, -1, 79, 65, 147.0, 7, , 29, 0, 0, 0, , 0, 0, 0, 0, 0, 
9, 0, 10, -1, -1, 157, 138, 200.0, 7, , 27, 0, 0, 0, , 0, 0, 0, 0, 0, 
10, 0, 11, -1, -1, 85, 108, 167.0, 8, , 4, 0, 0, 0, , 0, 0, 0, 0, 0, 
11, 0, 12, -1, -1, 210, 94, 206.0, 11, , 143, 0, 0, 0, , 0, 0, 0, 0, 0, 
12, 0, 15, -1, -1, 135, 130, 199.0, 9, , 84, 0, 0, 0, , 0, 0, 0, 0, 0, 
13, 0, 16, -1, -1, 193, 77, 206.0, 9, , 105, 0, 0, 0, , 0, 0, 0, 0, 0, 
14, 0, 17, -1, -1, 165, 132, 201.0, 8, , 20, 0, 0, 0, , 0, 0, 0, 0, 0, 
15, 0, 18, -1, -1, 198, 80, 197.0, 8, , 22, 0, 0, 0, , 0, 0, 0, 0, 0, 
16, 0, 19, -1, -1, 168, 88, 191.0, 7, , 20, 0, 0, 0, , 0, 0, 0, 0, 0, 
17, 0, 20, -1, -1, 148, 114, 202.0, 9, , 30, 0, 0, 0, , 0, 0, 0, 0, 0, 
18, 0, 21, -1, -1, 78, 72, 148.0, 9, , 62, 0, 0, 0, , 0, 0, 0, 0, 0, 
19, 0, 22, -1, -1, 116, 113, 185.0, 11, , 71, 0, 0, 0, , 0, 0, 0, 0, 0, 
20, 0, 23, -1, -1, 181, 51, 189.0, 9, , 19, 0, 0, 0, , 0, 0, 0, 0, 0, 
21, 0, 24, -1, -1, 134, 90, 201.0, 9, , 28, 0, 0, 0, , 0, 0, 0, 0, 0, 
22, 0, 25, -1, -1, 133, 111, 203.0, 8, , 72, 0, 0, 0, , 0, 0, 0, 0, 0, 
23, 0, 26, -1, -1, 97, 55, 171.0, 11, , 51, 0, 0, 0, , 0, 0, 0, 0, 0, 
24, 0, 27, -1, -1, 226, 102, 203.0, 9, , 44, 0, 0, 0, , 0, 0, 0, 0, 0, 
25, 0, 28, -1, -1, 304, 84, 176.0, 8, , 7, 0, 0, 0, , 0, 0, 0, 0, 0, 
26, 0, 29, -1, -1, 231, 50, 150.0, 8, , 39, 0, 0, 0, , 0, 0, 0, 0, 0, 
27, 0, 31, -1, -1, 311, 75, 143.0, 9, , 20, 0, 0, 0, , 0, 0, 0, 0, 0, 
28, 0, 32, -1, -1, 312, 75, 145.0, 8, , 26, 0, 0, 0, , 0, 0, 0, 0, 0, 
29, 0, 33, -1, -1, 145, 52, 182.0, 9, , 59, 0, 0, 0, , 0, 0, 0, 0, 0, 
30, 0, 34, -1, -1, 195, 78, 190.0, 11, , 75, 0, 0, 0, , 0, 0, 0, 0, 0, 
31, 0, 35, -1, -1, 138, 111, 208.0, 7, , 22, 0, 0, 0, , 0, 0, 0, 0, 0, 
32, 0, 36, -1, -1, 141, 114, 206.0, 7, , 23, 0, 0, 0, , 0, 0, 0, 0, 0, 
33, 0, 38, -1, -1, 224, 50, 148.0, 8, , 26, 0, 0, 0, , 0, 0, 0, 0, 0, 
34, 0, 39, -1, -1, 145, 113, 179.0, 9, , 38, 0, 0, 0, , 0, 0, 0, 0, 0, 
35, 0, 40, -1, -1, 149, 112, 184.0, 8, , 27, 0, 0, 0, , 0, 0, 0, 0, 0, 
36, 0, 41, -1, -1, 218, 73, 200.0, 9, , 21, 0, 0, 0, , 0, 0, 0, 0, 0, 
37, 0, 42, -1, -1, 255, 126, 195.0, 7, , 23, 0, 0, 0, , 0, 0, 0, 0, 0, 
38, 0, 43, -1, -1, 135, 131, 188.0, 9, , 24, 0, 0, 0, , 0, 0, 0, 0, 0, 
39, 0, 44, -1, -1, 216, 82, 188.0, 9, , 133, 0, 0, 0, , 0, 0, 0, 0, 0, 
40, 0, 45, -1, -1, 61, 115, 151.0, 9, , 55, 0, 0, 0, , 0, 0, 0, 0, 0, 
41, 0, 46, -1, -1, 146, 55, 182.0, 8, , 45, 0, 0, 0, , 0, 0, 0, 0, 0, 
42, 0, 47, -1, -1, 214, 81, 192.0, 7, , 33, 0, 0, 0, , 0, 0, 0, 0, 0, 
43, 0, 48, -1, -1, 140, 64, 194.0, 11, , 33, 0, 0, 0, , 0, 0, 0, 0, 0, 
44, 0, 49, -1, -1, 154, 73, 194.0, 7, , 33, 0, 0, 0, , 0, 0, 0, 0, 0, 
45, 0, 50, -1, -1, 202, 95, 200.0, 8, , 17, 0, 0, 0, , 0, 0, 0, 0, 0, 
46, 0, 51, -1, -1, 217, 107, 208.0, 7, , 25, 0, 0, 0, , 0, 0, 0, 0, 0, 
47, 0, 52, -1, -1, 136, 134, 179.0, 9, , 10, 0, 0, 0, , 0, 0, 0, 0, 0, 
48, 0, 53, -1, -1, 196, 174, 164.0, 8, , 48, 0, 0, 0, , 0, 0, 0, 0, 0, 
49, 0, 54, -1, -1, 154, 73, 198.0, 8, , 35, 0, 0, 0, , 0, 0, 0, 0, 0, 
50, 0, 57, -1, -1, 64, 116, 173.0, 7, , 40, 0, 0, 0, , 0, 0, 0, 0, 0, 
51, 0, 60, -1, -1, 230, 54, 157.0, 7, , 9, 0, 0, 0, , 0, 0, 0, 0, 0, 
52, 0, 62, -1, -1, 159, 53, 175.0, 8, , 117, 0, 0, 0, , 0, 0, 0, 0, 0, 
53, 0, 63, -1, -1, 128, 126, 187.0, 7, , 26, 0, 0, 0, , 0, 0, 0, 0, 0, 
54, 0, 64, -1, -1, 207, 80, 197.0, 7, , 30, 0, 0, 0, , 0, 0, 0, 0, 0, 
55, 0, 67, -1, -1, 74, 66, 155.0, 8, , 5, 0, 0, 0, , 0, 0, 0, 0, 0, 
56, 0, 69, -1, -1, 102, 109, 159.0, 9, , 15, 0, 0, 0, , 0, 0, 0, 0, 0, 
57, 0, 70, -1, -1, 222, 49, 176.0, 7, , 7, 0, 0, 0, , 0, 0, 0, 0, 0, 
58, 0, 71, -1, -1, 259, 89, 198.0, 7, , 26, 0, 0, 0, , 0, 0, 0, 0, 0, 
59, 0, 72, -1, -1, 133, 89, 207.0, 9, , 29, 0, 0, 0, , 0, 0, 0, 0, 0, 
60, 0, 74, -1, -1, 83, 70, 174.0, 8, , 13, 0, 0, 0, , 0, 0, 0, 0, 0, 
61, 0, 75, -1, -1, 47, 110, 86.0, 7, , 74, 0, 0, 0, , 0, 0, 0, 0, 0, 
62, 0, 76, -1, -1, 103, 164, 116.0, 7, , 15, 0, 0, 0, , 0, 0, 0, 0, 0, 
63, 0, 77, -1, -1, 197, 39, 138.0, 8, , 41, 0, 0, 0, , 0, 0, 0, 0, 0, 
64, 0, 79, -1, -1, 196, 39, 145.0, 9, , 92, 0, 0, 0, , 0, 0, 0, 0, 0, 
65, 0, 80, -1, -1, 300, 64, 148.0, 9, , 27, 0, 0, 0, , 0, 0, 0, 0, 0, 
66, 0, 81, -1, -1, 60, 114, 153.0, 9, , 39, 0, 0, 0, , 0, 0, 0, 0, 0, 
67, 0, 82, -1, -1, 98, 107, 167.0, 9, , 35, 0, 0, 0, , 0, 0, 0, 0, 0, 
68, 0, 83, -1, -1, 113, 56, 176.0, 9, , 34, 0, 0, 0, , 0, 0, 0, 0, 0, 
69, 0, 84, -1, -1, 284, 116, 191.0, 9, , 78, 0, 0, 0, , 0, 0, 0, 0, 0, 
70, 0, 85, -1, -1, 177, 63, 196.0, 8, , 52, 0, 0, 0, , 0, 0, 0, 0, 0, 
71, 0, 86, -1, -1, 101, 57, 171.0, 8, , 7, 0, 0, 0, , 0, 0, 0, 0, 0, 
72, 0, 89, -1, -1, 77, 86, 169.0, 9, , 24, 0, 0, 0, , 0, 0, 0, 0, 0, 
73, 0, 92, -1, -1, 100, 93, 190.0, 8, , 31, 0, 0, 0, , 0, 0, 0, 0, 0, 
74, 0, 93, -1, -1, 180, 68, 200.0, 9, , 77, 0, 0, 0, , 0, 0, 0, 0, 0, 
75, 0, 94, -1, -1, 193, 75, 194.0, 8, , 32, 0, 0, 0, , 0, 0, 0, 0, 0, 
76, 0, 95, -1, -1, 207, 99, 203.0, 9, , 47, 0, 0, 0, , 0, 0, 0, 0, 0, 
77, 0, 96, -1, -1, 255, 97, 201.0, 8, , 17, 0, 0, 0, , 0, 0, 0, 0, 0, 
78, 0, 98, -1, -1, 167, 37, 156.0, 8, , 23, 0, 0, 0, , 0, 0, 0, 0, 0, 
79, 0, 101, -1, -1, 246, 135, 197.0, 9, , 20, 0, 0, 0, , 0, 0, 0, 0, 0, 
80, 0, 105, -1, -1, 240, 82, 175.0, 8, , 18, 0, 0, 0, , 0, 0, 0, 0, 0, 
81, 0, 106, -1, -1, 243, 77, 184.0, 9, , 46, 0, 0, 0, , 0, 0, 0, 0, 0, 
82, 0, 110, -1, -1, 222, 136, 204.0, 8, , 11, 0, 0, 0, , 0, 0, 0, 0, 0, 
83, 0, 111, -1, -1, 139, 87, 205.0, 7, , 29, 0, 0, 0, , 0, 0, 0, 0, 0, 
84, 0, 112, -1, -1, 154, 131, 202.0, 7, , 16, 0, 0, 0, , 0, 0, 0, 0, 0, 
85, 0, 113, -1, -1, 160, 138, 202.0, 7, , 18, 0, 0, 0, , 0, 0, 0, 0, 0, 
86, 0, 115, -1, -1, 113, 113, 175.0, 9, , 38, 0, 0, 0, , 0, 0, 0, 0, 0, 
87, 0, 116, -1, -1, 135, 133, 209.0, 9, , 12, 0, 0, 0, , 0, 0, 0, 0, 0, 
88, 0, 117, -1, -1, 140, 34, 131.0, 8, , 14, 0, 0, 0, , 0, 0, 0, 0, 0, 
89, 0, 118, -1, -1, 142, 72, 193.0, 9, , 41, 0, 0, 0, , 0, 0, 0, 0, 0, 
90, 0, 123, -1, -1, 276, 101, 195.0, 9, , 10, 0, 0, 0, , 0, 0, 0, 0, 0, 
91, 0, 124, -1, -1, 49, 109, 90.0, 7, , 26, 0, 0, 0, , 0, 0, 0, 0, 0, 
92, 0, 125, -1, -1, 88, 167, 104.0, 7, , 36, 0, 0, 0, , 0, 0, 0, 0, 0, 
93, 0, 126, -1, -1, 43, 107, 122.0, 8, , 16, 0, 0, 0, , 0, 0, 0, 0, 0, 
94, 0, 127, -1, -1, 145, 37, 124.0, 7, , 16, 0, 0, 0, , 0, 0, 0, 0, 0, 
95, 0, 128, -1, -1, 147, 45, 134.0, 7, , 13, 0, 0, 0, , 0, 0, 0, 0, 0, 
96, 0, 130, -1, -1, 112, 42, 134.0, 7, , 44, 0, 0, 0, , 0, 0, 0, 0, 0, 
97, 0, 131, -1, -1, 198, 46, 136.0, 8, , 98, 0, 0, 0, , 0, 0, 0, 0, 0, 
98, 0, 132, -1, -1, 61, 81, 140.0, 9, , 59, 0, 0, 0, , 0, 0, 0, 0, 0, 
99, 0, 133, -1, -1, 177, 42, 141.0, 9, , 38, 0, 0, 0, , 0, 0, 0, 0, 0, 
100, 0, 138, -1, -1, 187, 36, 162.0, 8, , 16, 0, 0, 0, , 0, 0, 0, 0, 0, 
101, 0, 140, -1, -1, 99, 63, 163.0, 7, , 29, 0, 0, 0, , 0, 0, 0, 0, 0, 
102, 0, 141, -1, -1, 287, 66, 162.0, 8, , 27, 0, 0, 0, , 0, 0, 0, 0, 0, 
103, 0, 144, -1, -1, 94, 75, 173.0, 8, , 44, 0, 0, 0, , 0, 0, 0, 0, 0, 
104, 0, 146, -1, -1, 241, 75, 182.0, 8, , 13, 0, 0, 0, , 0, 0, 0, 0, 0, 
105, 0, 148, -1, -1, 301, 86, 179.0, 7, , 18, 0, 0, 0, , 0, 0, 0, 0, 0, 
106, 0, 149, -1, -1, 301, 100, 181.0, 9, , 28, 0, 0, 0, , 0, 0, 0, 0, 0, 
107, 0, 150, -1, -1, 151, 114, 176.0, 11, , 84, 0, 0, 0, , 0, 0, 0, 0, 0, 
108, 0, 151, -1, -1, 110, 114, 182.0, 7, , 15, 0, 0, 0, , 0, 0, 0, 0, 0, 
109, 0, 153, -1, -1, 304, 107, 185.0, 9, , 108, 0, 0, 0, , 0, 0, 0, 0, 0, 
110, 0, 154, -1, -1, 153, 71, 192.0, 9, , 20, 0, 0, 0, , 0, 0, 0, 0, 0, 
111, 0, 155, -1, -1, 95, 123, 193.0, 9, , 74, 0, 0, 0, , 0, 0, 0, 0, 0, 
112, 0, 156, -1, -1, 282, 91, 198.0, 8, , 18, 0, 0, 0, , 0, 0, 0, 0, 0, 
113, 0, 157, -1, -1, 249, 110, 190.0, 7, , 19, 0, 0, 0, , 0, 0, 0, 0, 0, 
114, 0, 158, -1, -1, 218, 73, 192.0, 9, , 32, 0, 0, 0, , 0, 0, 0, 0, 0, 
115, 0, 159, -1, -1, 113, 92, 197.0, 7, , 22, 0, 0, 0, , 0, 0, 0, 0, 0, 
116, 0, 160, -1, -1, 259, 89, 200.0, 7, , 25, 0, 0, 0, , 0, 0, 0, 0, 0, 
117, 0, 161, -1, -1, 163, 94, 208.0, 9, , 64, 0, 0, 0, , 0, 0, 0, 0, 0, 
118, 0, 162, -1, -1, 308, 71, 151.0, 11, , 77, 0, 0, 0, , 0, 0, 0, 0, 0, 
119, 0, 163, -1, -1, 98, 52, 159.0, 9, , 41, 0, 0, 0, , 0, 0, 0, 0, 0, 
120, 0, 164, -1, -1, 294, 86, 170.0, 11, , 36, 0, 0, 0, , 0, 0, 0, 0, 0, 
121, 0, 165, -1, -1, 144, 95, 193.0, 7, , 8, 0, 0, 0, , 0, 0, 0, 0, 0, 
122, 0, 167, -1, -1, 112, 93, 63.0, 8, , 15, 0, 0, 0, , 0, 0, 0, 0, 0, 
123, 0, 168, -1, -1, 86, 159, 108.0, 7, , 22, 0, 0, 0, , 0, 0, 0, 0, 0, 
124, 0, 169, -1, -1, 71, 75, 132.0, 7, , 11, 0, 0, 0, , 0, 0, 0, 0, 0, 
125, 0, 171, -1, -1, 196, 47, 130.0, 8, , 28, 0, 0, 0, , 0, 0, 0, 0, 0, 
126, 0, 173, -1, -1, 153, 95, 137.0, 9, , 36, 0, 0, 0, , 0, 0, 0, 0, 0, 
127, 0, 176, -1, -1, 169, 35, 166.0, 8, , 51, 0, 0, 0, , 0, 0, 0, 0, 0, 
128, 0, 177, -1, -1, 167, 51, 183.0, 9, , 92, 0, 0, 0, , 0, 0, 0, 0, 0, 
129, 0, 180, -1, -1, 286, 116, 181.0, 7, , 87, 0, 0, 0, , 0, 0, 0, 0, 0, 
130, 0, 181, -1, -1, 144, 99, 189.0, 8, , 7, 0, 0, 0, , 0, 0, 0, 0, 0, 
131, 0, 182, -1, -1, 153, 69, 194.0, 7, , 38, 0, 0, 0, , 0, 0, 0, 0, 0, 
132, 0, 183, -1, -1, 178, 68, 192.0, 8, , 24, 0, 0, 0, , 0, 0, 0, 0, 0, 
133, 0, 184, -1, -1, 224, 80, 195.0, 9, , 53, 0, 0, 0, , 0, 0, 0, 0, 0, 
134, 0, 185, -1, -1, 164, 138, 198.0, 8, , 27, 0, 0, 0, , 0, 0, 0, 0, 0, 
135, 0, 186, -1, -1, 138, 68, 201.0, 8, , 8, 0, 0, 0, , 0, 0, 0, 0, 0, 
136, 0, 187, -1, -1, 118, 96, 205.0, 9, , 35, 0, 0, 0, , 0, 0, 0, 0, 0, 
137, 0, 188, -1, -1, 99, 115, 137.0, 7, , 14, 0, 0, 0, , 0, 0, 0, 0, 0, 
138, 0, 189, -1, -1, 219, 73, 188.0, 9, , 43, 0, 0, 0, , 0, 0, 0, 0, 0, 
139, 0, 190, -1, -1, 132, 79, 203.0, 9, , 40, 0, 0, 0, , 0, 0, 0, 0, 0, 
140, 0, 191, -1, -1, 179, 123, 203.0, 8, , 14, 0, 0, 0, , 0, 0, 0, 0, 0, 
141, 0, 195, -1, -1, 202, 159, 180.0, 7, , 27, 0, 0, 0, , 0, 0, 0, 0, 0, 
142, 0, 198, -1, -1, 209, 137, 193.0, 9, , 28, 0, 0, 0, , 0, 0, 0, 0, 0, 
143, 0, 199, -1, -1, 260, 121, 195.0, 7, , 17, 0, 0, 0, , 0, 0, 0, 0, 0, 
144, 0, 200, -1, -1, 256, 126, 193.0, 7, , 19, 0, 0, 0, , 0, 0, 0, 0, 0, 
145, 0, 202, -1, -1, 112, 67, 78.0, 7, , 20, 0, 0, 0, , 0, 0, 0, 0, 0, 
146, 0, 204, -1, -1, 119, 46, 96.0, 8, , 40, 0, 0, 0, , 0, 0, 0, 0, 0, 
147, 0, 205, -1, -1, 80, 143, 99.0, 7, , 12, 0, 0, 0, , 0, 0, 0, 0, 0, 
148, 0, 206, -1, -1, 85, 171, 108.0, 7, , 26, 0, 0, 0, , 0, 0, 0, 0, 0, 
149, 0, 210, -1, -1, 136, 181, 123.0, 9, , 12, 0, 0, 0, , 0, 0, 0, 0, 0, 
150, 0, 211, -1, -1, 57, 133, 134.0, 7, , 18, 0, 0, 0, , 0, 0, 0, 0, 0, 
151, 0, 212, -1, -1, 152, 94, 124.0, 7, , 27, 0, 0, 0, , 0, 0, 0, 0, 0, 
152, 0, 214, -1, -1, 139, 37, 136.0, 8, , 12, 0, 0, 0, , 0, 0, 0, 0, 0, 
153, 0, 215, -1, -1, 67, 75, 138.0, 7, , 40, 0, 0, 0, , 0, 0, 0, 0, 0, 
154, 0, 217, -1, -1, 253, 173, 140.0, 9, , 8, 0, 0, 0, , 0, 0, 0, 0, 0, 
155, 0, 220, -1, -1, 101, 116, 146.0, 8, , 3, 0, 0, 0, , 0, 0, 0, 0, 0, 
156, 0, 221, -1, -1, 76, 153, 145.0, 11, , 80, 0, 0, 0, , 0, 0, 0, 0, 0, 
157, 0, 224, -1, -1, 59, 99, 160.0, 9, , 21, 0, 0, 0, , 0, 0, 0, 0, 0, 
158, 0, 225, -1, -1, 87, 107, 159.0, 9, , 46, 0, 0, 0, , 0, 0, 0, 0, 0, 
159, 0, 226, -1, -1, 82, 146, 164.0, 7, , 21, 0, 0, 0, , 0, 0, 0, 0, 0, 
160, 0, 227, -1, -1, 80, 103, 161.0, 8, , 11, 0, 0, 0, , 0, 0, 0, 0, 0, 
161, 0, 228, -1, -1, 52, 100, 166.0, 8, , 5, 0, 0, 0, , 0, 0, 0, 0, 0, 
162, 0, 230, -1, -1, 282, 75, 163.0, 8, , 14, 0, 0, 0, , 0, 0, 0, 0, 0, 
163, 0, 232, -1, -1, 74, 78, 168.0, 9, , 49, 0, 0, 0, , 0, 0, 0, 0, 0, 
164, 0, 233, -1, -1, 276, 62, 162.0, 7, , 25, 0, 0, 0, , 0, 0, 0, 0, 0, 
165, 0, 235, -1, -1, 281, 63, 169.0, 8, , 67, 0, 0, 0, , 0, 0, 0, 0, 0, 
166, 0, 236, -1, -1, 72, 79, 176.0, 7, , 12, 0, 0, 0, , 0, 0, 0, 0, 0, 
167, 0, 237, -1, -1, 93, 75, 178.0, 9, , 42, 0, 0, 0, , 0, 0, 0, 0, 0, 
168, 0, 238, -1, -1, 118, 113, 180.0, 8, , 35, 0, 0, 0, , 0, 0, 0, 0, 0, 
169, 0, 239, -1, -1, 74, 132, 177.0, 8, , 20, 0, 0, 0, , 0, 0, 0, 0, 0, 
170, 0, 240, -1, -1, 301, 104, 179.0, 7, , 30, 0, 0, 0, , 0, 0, 0, 0, 0, 
171, 0, 243, -1, -1, 240, 83, 177.0, 8, , 21, 0, 0, 0, , 0, 0, 0, 0, 0, 
172, 0, 244, -1, -1, 257, 126, 191.0, 9, , 48, 0, 0, 0, , 0, 0, 0, 0, 0, 
173, 0, 245, -1, -1, 244, 134, 192.0, 8, , 8, 0, 0, 0, , 0, 0, 0, 0, 0, 
174, 0, 247, -1, -1, 190, 93, 197.0, 8, , 15, 0, 0, 0, , 0, 0, 0, 0, 0, 
175, 0, 248, -1, -1, 252, 111, 199.0, 9, , 72, 0, 0, 0, , 0, 0, 0, 0, 0, 
176, 0, 249, -1, -1, 192, 83, 200.0, 8, , 27, 0, 0, 0, , 0, 0, 0, 0, 0, 
177, 0, 251, -1, -1, 118, 96, 207.0, 9, , 29, 0, 0, 0, , 0, 0, 0, 0, 0, 
178, 0, 253, -1, -1, 223, 130, 207.0, 11, , 23, 0, 0, 0, , 0, 0, 0, 0, 0, 
179, 0, 254, -1, -1, 227, 102, 206.0, 9, , 32, 0, 0, 0, , 0, 0, 0, 0, 0, 
180, 0, 255, -1, -1, 145, 89, 208.0, 8, , 19, 0, 0, 0, , 0, 0, 0, 0, 0, 
181, 0, 256, -1, -1, 111, 132, 148.0, 8, , 13, 0, 0, 0, , 0, 0, 0, 0, 0, 
182, 0, 258, -1, -1, 67, 117, 157.0, 7, , 27, 0, 0, 0, , 0, 0, 0, 0, 0, 
183, 0, 259, -1, -1, 107, 166, 162.0, 9, , 16, 0, 0, 0, , 0, 0, 0, 0, 0, 
184, 0, 262, -1, -1, 92, 77, 182.0, 8, , 35, 0, 0, 0, , 0, 0, 0, 0, 0, 
185, 0, 264, -1, -1, 88, 165, 139.0, 9, , 46, 0, 0, 0, , 0, 0, 0, 0, 0, 
186, 0, 265, -1, -1, 205, 95, 197.0, 7, , 17, 0, 0, 0, , 0, 0, 0, 0, 0, 
187, 0, 266, -1, -1, 136, 49, 97.0, 9, , 42, 0, 0, 0, , 0, 0, 0, 0, 0, 
188, 0, 268, -1, -1, 169, 46, 183.0, 8, , 16, 0, 0, 0, , 0, 0, 0, 0, 0, 
189, 0, 271, -1, -1, 296, 63, 140.0, 9, , 34, 0, 0, 0, , 0, 0, 0, 0, 0, 
190, 0, 272, -1, -1, 318, 99, 165.0, 7, , 19, 0, 0, 0, , 0, 0, 0, 0, 0, 
191, 0, 273, -1, -1, 284, 114, 187.0, 9, , 66, 0, 0, 0, , 0, 0, 0, 0, 0, 
192, 0, 274, -1, -1, 179, 103, 194.0, 9, , 73, 0, 0, 0, , 0, 0, 0, 0, 0, 
193, 0, 275, -1, -1, 201, 61, 189.0, 8, , 18, 0, 0, 0, , 0, 0, 0, 0, 0, 
194, 0, 283, -1, -1, 78, 148, 88.0, 8, , 3, 0, 0, 0, , 0, 0, 0, 0, 0, 
195, 0, 284, -1, -1, 78, 141, 91.0, 8, , 4, 0, 0, 0, , 0, 0, 0, 0, 0, 
196, 0, 285, -1, -1, 85, 146, 99.0, 7, , 32, 0, 0, 0, , 0, 0, 0, 0, 0, 
197, 0, 287, -1, -1, 119, 42, 97.0, 9, , 41, 0, 0, 0, , 0, 0, 0, 0, 0, 
198, 0, 288, -1, -1, 158, 41, 101.0, 11, , 44, 0, 0, 0, , 0, 0, 0, 0, 0, 
199, 0, 290, -1, -1, 69, 155, 116.0, 9, , 15, 0, 0, 0, , 0, 0, 0, 0, 0, 
200, 0, 291, -1, -1, 154, 43, 111.0, 9, , 52, 0, 0, 0, , 0, 0, 0, 0, 0, 
201, 0, 292, -1, -1, 139, 181, 120.0, 7, , 5, 0, 0, 0, , 0, 0, 0, 0, 0, 
202, 0, 293, -1, -1, 106, 162, 123.0, 9, , 50, 0, 0, 0, , 0, 0, 0, 0, 0, 
203, 0, 294, -1, -1, 44, 105, 128.0, 9, , 95, 0, 0, 0, , 0, 0, 0, 0, 0, 
204, 0, 295, -1, -1, 173, 37, 131.0, 8, , 51, 0, 0, 0, , 0, 0, 0, 0, 0, 
205, 0, 297, -1, -1, 70, 85, 135.0, 7, , 13, 0, 0, 0, , 0, 0, 0, 0, 0, 
206, 0, 299, -1, -1, 72, 76, 134.0, 8, , 24, 0, 0, 0, , 0, 0, 0, 0, 0, 
207, 0, 302, -1, -1, 86, 68, 148.0, 8, , 20, 0, 0, 0, , 0, 0, 0, 0, 0, 
208, 0, 303, -1, -1, 312, 76, 147.0, 8, , 38, 0, 0, 0, , 0, 0, 0, 0, 0, 
209, 0, 305, -1, -1, 43, 106, 153.0, 11, , 19, 0, 0, 0, , 0, 0, 0, 0, 0, 
210, 0, 307, -1, -1, 60, 117, 159.0, 7, , 25, 0, 0, 0, , 0, 0, 0, 0, 0, 
211, 0, 310, -1, -1, 75, 87, 166.0, 9, , 21, 0, 0, 0, , 0, 0, 0, 0, 0, 
212, 0, 311, -1, -1, 94, 61, 167.0, 8, , 12, 0, 0, 0, , 0, 0, 0, 0, 0, 
213, 0, 312, -1, -1, 92, 55, 170.0, 8, , 10, 0, 0, 0, , 0, 0, 0, 0, 0, 
214, 0, 313, -1, -1, 96, 56, 169.0, 8, , 24, 0, 0, 0, , 0, 0, 0, 0, 0, 
215, 0, 314, -1, -1, 130, 131, 172.0, 8, , 23, 0, 0, 0, , 0, 0, 0, 0, 0, 
216, 0, 316, -1, -1, 112, 111, 179.0, 9, , 49, 0, 0, 0, , 0, 0, 0, 0, 0, 
217, 0, 319, -1, -1, 288, 87, 179.0, 9, , 19, 0, 0, 0, , 0, 0, 0, 0, 0, 
218, 0, 320, -1, -1, 246, 61, 184.0, 9, , 75, 0, 0, 0, , 0, 0, 0, 0, 0, 
219, 0, 321, -1, -1, 185, 93, 194.0, 7, , 47, 0, 0, 0, , 0, 0, 0, 0, 0, 
220, 0, 324, -1, -1, 207, 99, 197.0, 8, , 32, 0, 0, 0, , 0, 0, 0, 0, 0, 
221, 0, 326, -1, -1, 131, 134, 201.0, 9, , 39, 0, 0, 0, , 0, 0, 0, 0, 0, 
222, 0, 328, -1, -1, 98, 103, 202.0, 7, , 48, 0, 0, 0, , 0, 0, 0, 0, 0, 
223, 0, 329, -1, -1, 149, 112, 197.0, 7, , 22, 0, 0, 0, , 0, 0, 0, 0, 0, 
224, 0, 334, -1, -1, 153, 27, 140.0, 8, , 37, 0, 0, 0, , 0, 0, 0, 0, 0, 
225, 0, 335, -1, -1, 267, 46, 155.0, 9, , 29, 0, 0, 0, , 0, 0, 0, 0, 0, 
226, 0, 336, -1, -1, 206, 63, 187.0, 8, , 21, 0, 0, 0, , 0, 0, 0, 0, 0, 
227, 0, 337, -1, -1, 160, 52, 186.0, 9, , 54, 0, 0, 0, , 0, 0, 0, 0, 0, 
228, 0, 339, -1, -1, 209, 129, 195.0, 7, , 19, 0, 0, 0, , 0, 0, 0, 0, 0, 
229, 0, 340, -1, -1, 179, 102, 199.0, 9, , 39, 0, 0, 0, , 0, 0, 0, 0, 0, 
230, 0, 341, -1, -1, 193, 78, 203.0, 13, , 140, 0, 0, 0, , 0, 0, 0, 0, 0, 
231, 0, 342, -1, -1, 84, 103, 74.0, 7, , 9, 0, 0, 0, , 0, 0, 0, 0, 0, 
232, 0, 345, -1, -1, 114, 46, 127.0, 7, , 22, 0, 0, 0, , 0, 0, 0, 0, 0, 
233, 0, 346, -1, -1, 111, 40, 130.0, 7, , 24, 0, 0, 0, , 0, 0, 0, 0, 0, 
234, 0, 348, -1, -1, 208, 130, 199.0, 9, , 21, 0, 0, 0, , 0, 0, 0, 0, 0, 
235, 0, 349, -1, -1, 147, 44, 129.0, 7, , 20, 0, 0, 0, , 0, 0, 0, 0, 0, 
236, 0, 351, -1, -1, 298, 64, 152.0, 9, , 25, 0, 0, 0, , 0, 0, 0, 0, 0, 
237, 0, 353, -1, -1, 79, 109, 157.0, 8, , 32, 0, 0, 0, , 0, 0, 0, 0, 0, 
238, 0, 354, -1, -1, 259, 92, 195.0, 11, , 61, 0, 0, 0, , 0, 0, 0, 0, 0, 
239, 0, 355, -1, -1, 178, 51, 179.0, 9, , 26, 0, 0, 0, , 0, 0, 0, 0, 0, 
240, 0, 366, -1, -1, 158, 39, 102.0, 8, , 16, 0, 0, 0, , 0, 0, 0, 0, 0, 
241, 0, 369, -1, -1, 137, 183, 114.0, 9, , 13, 0, 0, 0, , 0, 0, 0, 0, 0, 
242, 0, 370, -1, -1, 70, 122, 115.0, 9, , 35, 0, 0, 0, , 0, 0, 0, 0, 0, 
243, 0, 374, -1, -1, 150, 168, 127.0, 8, , 12, 0, 0, 0, , 0, 0, 0, 0, 0, 
244, 0, 377, -1, -1, 150, 177, 133.0, 8, , 15, 0, 0, 0, , 0, 0, 0, 0, 0, 
245, 0, 381, -1, -1, 254, 174, 136.0, 11, , 32, 0, 0, 0, , 0, 0, 0, 0, 0, 
246, 0, 382, -1, -1, 197, 38, 132.0, 9, , 44, 0, 0, 0, , 0, 0, 0, 0, 0, 
247, 0, 383, -1, -1, 115, 41, 135.0, 9, , 39, 0, 0, 0, , 0, 0, 0, 0, 0, 
248, 0, 384, -1, -1, 114, 48, 134.0, 9, , 14, 0, 0, 0, , 0, 0, 0, 0, 0, 
249, 0, 387, -1, -1, 178, 35, 138.0, 9, , 70, 0, 0, 0, , 0, 0, 0, 0, 0, 
250, 0, 388, -1, -1, 45, 103, 141.0, 8, , 16, 0, 0, 0, , 0, 0, 0, 0, 0, 
251, 0, 390, -1, -1, 155, 94, 146.0, 9, , 21, 0, 0, 0, , 0, 0, 0, 0, 0, 
252, 0, 392, -1, -1, 264, 166, 146.0, 8, , 28, 0, 0, 0, , 0, 0, 0, 0, 0, 
253, 0, 393, -1, -1, 40, 104, 150.0, 9, , 5, 0, 0, 0, , 0, 0, 0, 0, 0, 
254, 0, 394, -1, -1, 105, 68, 150.0, 9, , 137, 0, 0, 0, , 0, 0, 0, 0, 0, 
255, 0, 395, -1, -1, 108, 165, 151.0, 9, , 8, 0, 0, 0, , 0, 0, 0, 0, 0, 
256, 0, 397, -1, -1, 111, 166, 157.0, 8, , 3, 0, 0, 0, , 0, 0, 0, 0, 0, 
257, 0, 398, -1, -1, 224, 46, 155.0, 7, , 37, 0, 0, 0, , 0, 0, 0, 0, 0, 
258, 0, 399, -1, -1, 196, 174, 161.0, 7, , 15, 0, 0, 0, , 0, 0, 0, 0, 0, 
259, 0, 400, -1, -1, 132, 45, 160.0, 8, , 66, 0, 0, 0, , 0, 0, 0, 0, 0, 
260, 0, 403, -1, -1, 88, 77, 169.0, 8, , 12, 0, 0, 0, , 0, 0, 0, 0, 0, 
261, 0, 404, -1, -1, 193, 150, 172.0, 9, , 8, 0, 0, 0, , 0, 0, 0, 0, 0, 
262, 0, 407, -1, -1, 79, 85, 174.0, 8, , 19, 0, 0, 0, , 0, 0, 0, 0, 0, 
263, 0, 408, -1, -1, 244, 74, 178.0, 8, , 17, 0, 0, 0, , 0, 0, 0, 0, 0, 
264, 0, 409, -1, -1, 152, 120, 181.0, 7, , 18, 0, 0, 0, , 0, 0, 0, 0, 0, 
265, 0, 410, -1, -1, 286, 114, 184.0, 9, , 78, 0, 0, 0, , 0, 0, 0, 0, 0, 
266, 0, 412, -1, -1, 151, 115, 182.0, 13, , 102, 0, 0, 0, , 0, 0, 0, 0, 0, 
267, 0, 414, -1, -1, 297, 99, 188.0, 8, , 4, 0, 0, 0, , 0, 0, 0, 0, 0, 
268, 0, 416, -1, -1, 102, 103, 192.0, 8, , 86, 0, 0, 0, , 0, 0, 0, 0, 0, 
269, 0, 417, -1, -1, 100, 103, 198.0, 9, , 50, 0, 0, 0, , 0, 0, 0, 0, 0, 
270, 0, 418, -1, -1, 236, 75, 200.0, 9, , 33, 0, 0, 0, , 0, 0, 0, 0, 0, 
271, 0, 420, -1, -1, 139, 112, 207.0, 11, , 43, 0, 0, 0, , 0, 0, 0, 0, 0, 
272, 0, 421, -1, -1, 177, 105, 208.0, 7, , 58, 0, 0, 0, , 0, 0, 0, 0, 0, 
273, 0, 422, -1, -1, 218, 115, 207.0, 8, , 25, 0, 0, 0, , 0, 0, 0, 0, 0, 
274, 0, 423, -1, -1, 113, 66, 84.0, 7, , 15, 0, 0, 0, , 0, 0, 0, 0, 0, 
275, 0, 426, -1, -1, 65, 156, 119.0, 11, , 27, 0, 0, 0, , 0, 0, 0, 0, 0, 
276, 0, 427, -1, -1, 151, 95, 122.0, 7, , 35, 0, 0, 0, , 0, 0, 0, 0, 0, 
277, 0, 428, -1, -1, 186, 42, 137.0, 8, , 19, 0, 0, 0, , 0, 0, 0, 0, 0, 
278, 0, 430, -1, -1, 309, 70, 157.0, 9, , 26, 0, 0, 0, , 0, 0, 0, 0, 0, 
279, 0, 432, -1, -1, 67, 117, 159.0, 7, , 21, 0, 0, 0, , 0, 0, 0, 0, 0, 
280, 0, 435, -1, -1, 67, 117, 161.0, 9, , 36, 0, 0, 0, , 0, 0, 0, 0, 0, 
281, 0, 436, -1, -1, 135, 164, 167.0, 9, , 22, 0, 0, 0, , 0, 0, 0, 0, 0, 
282, 0, 438, -1, -1, 89, 75, 185.0, 11, , 31, 0, 0, 0, , 0, 0, 0, 0, 0, 
283, 0, 439, -1, -1, 181, 103, 188.0, 8, , 68, 0, 0, 0, , 0, 0, 0, 0, 0, 
284, 0, 440, -1, -1, 208, 56, 193.0, 8, , 18, 0, 0, 0, , 0, 0, 0, 0, 0, 
285, 0, 440, -1, -1, 205, 64, 192.0, 7, , 16, 0, 0, 0, , 0, 0, 0, 0, 0, 
286, 0, 441, -1, -1, 236, 82, 201.0, 11, , 32, 0, 0, 0, , 0, 0, 0, 0, 0, 
287, 0, 442, -1, -1, 136, 90, 202.0, 7, , 10, 0, 0, 0, , 0, 0, 0, 0, 0, 
288, 0, 443, -1, -1, 193, 109, 210.0, 7, , 48, 0, 0, 0, , 0, 0, 0, 0, 0, 
289, 0, 444, -1, -1, 178, 36, 145.0, 9, , 20, 0, 0, 0, , 0, 0, 0, 0, 0, 
290, 0, 446, -1, -1, 238, 81, 207.0, 8, , 46, 0, 0, 0, , 0, 0, 0, 0, 0, 
291, 0, 447, -1, -1, 151, 174, 134.0, 8, , 24, 0, 0, 0, , 0, 0, 0, 0, 0, 
292, 0, 449, -1, -1, 238, 78, 179.0, 8, , 15, 0, 0, 0, , 0, 0, 0, 0, 0, 
293, 0, 450, -1, -1, 72, 140, 179.0, 9, , 7, 0, 0, 0, , 0, 0, 0, 0, 0, 
294, 0, 451, -1, -1, 130, 56, 185.0, 9, , 31, 0, 0, 0, , 0, 0, 0, 0, 0, 
295, 0, 452, -1, -1, 240, 81, 187.0, 8, , 32, 0, 0, 0, , 0, 0, 0, 0, 0, 
296, 0, 453, -1, -1, 145, 95, 190.0, 7, , 30, 0, 0, 0, , 0, 0, 0, 0, 0, 
297, 0, 454, -1, -1, 230, 103, 202.0, 9, , 48, 0, 0, 0, , 0, 0, 0, 0, 0, 
298, 0, 455, -1, -1, 237, 153, 77.0, 8, , 11, 0, 0, 0, , 0, 0, 0, 0, 0, 
299, 0, 456, -1, -1, 50, 120, 110.0, 7, , 13, 0, 0, 0, , 0, 0, 0, 0, 0, 
300, 0, 457, -1, -1, 126, 124, 130.0, 9, , 9, 0, 0, 0, , 0, 0, 0, 0, 0, 
301, 0, 459, -1, -1, 84, 163, 135.0, 9, , 40, 0, 0, 0, , 0, 0, 0, 0, 0, 
302, 0, 460, -1, -1, 70, 136, 172.0, 9, , 56, 0, 0, 0, , 0, 0, 0, 0, 0, 
303, 0, 461, -1, -1, 277, 134, 182.0, 11, , 64, 0, 0, 0, , 0, 0, 0, 0, 0, 
304, 0, 462, -1, -1, 138, 111, 196.0, 11, , 137, 0, 0, 0, , 0, 0, 0, 0, 0, 
305, 0, 463, -1, -1, 140, 97, 60.0, 8, , 11, 0, 0, 0, , 0, 0, 0, 0, 0, 
306, 0, 466, -1, -1, 96, 138, 74.0, 9, , 34, 0, 0, 0, , 0, 0, 0, 0, 0, 
307, 0, 468, -1, -1, 112, 68, 80.0, 11, , 39, 0, 0, 0, , 0, 0, 0, 0, 0, 
308, 0, 469, -1, -1, 124, 91, 78.0, 9, , 30, 0, 0, 0, , 0, 0, 0, 0, 0, 
309, 0, 470, -1, -1, 164, 168, 88.0, 9, , 14, 0, 0, 0, , 0, 0, 0, 0, 0, 
310, 0, 474, -1, -1, 80, 142, 95.0, 9, , 18, 0, 0, 0, , 0, 0, 0, 0, 0, 
311, 0, 475, -1, -1, 120, 47, 101.0, 8, , 26, 0, 0, 0, , 0, 0, 0, 0, 0, 
312, 0, 476, -1, -1, 69, 119, 105.0, 9, , 49, 0, 0, 0, , 0, 0, 0, 0, 0, 
313, 0, 479, -1, -1, 159, 36, 107.0, 8, , 24, 0, 0, 0, , 0, 0, 0, 0, 0, 
314, 0, 480, -1, -1, 66, 78, 105.0, 8, , 3, 0, 0, 0, , 0, 0, 0, 0, 0, 
315, 0, 481, -1, -1, 120, 49, 106.0, 8, , 32, 0, 0, 0, , 0, 0, 0, 0, 0, 
316, 0, 482, -1, -1, 156, 44, 105.0, 9, , 39, 0, 0, 0, , 0, 0, 0, 0, 0, 
317, 0, 483, -1, -1, 200, 176, 108.0, 9, , 8, 0, 0, 0, , 0, 0, 0, 0, 0, 
318, 0, 484, -1, -1, 68, 117, 109.0, 11, , 46, 0, 0, 0, , 0, 0, 0, 0, 0, 
319, 0, 486, -1, -1, 67, 158, 110.0, 9, , 14, 0, 0, 0, , 0, 0, 0, 0, 0, 
320, 0, 487, -1, -1, 69, 115, 112.0, 8, , 33, 0, 0, 0, , 0, 0, 0, 0, 0, 
321, 0, 488, -1, -1, 71, 124, 114.0, 8, , 22, 0, 0, 0, , 0, 0, 0, 0, 0, 
322, 0, 489, -1, -1, 71, 74, 114.0, 8, , 2, 0, 0, 0, , 0, 0, 0, 0, 0, 
323, 0, 490, -1, -1, 120, 47, 112.0, 8, , 22, 0, 0, 0, , 0, 0, 0, 0, 0, 
324, 0, 491, -1, -1, 160, 35, 114.0, 7, , 15, 0, 0, 0, , 0, 0, 0, 0, 0, 
325, 0, 493, -1, -1, 153, 40, 116.0, 8, , 25, 0, 0, 0, , 0, 0, 0, 0, 0, 
326, 0, 494, -1, -1, 306, 164, 123.0, 7, , 8, 0, 0, 0, , 0, 0, 0, 0, 0, 
327, 0, 496, -1, -1, 332, 136, 127.0, 9, , 11, 0, 0, 0, , 0, 0, 0, 0, 0, 
328, 0, 497, -1, -1, 152, 170, 130.0, 9, , 35, 0, 0, 0, , 0, 0, 0, 0, 0, 
329, 0, 498, -1, -1, 275, 167, 128.0, 8, , 12, 0, 0, 0, , 0, 0, 0, 0, 0, 
330, 0, 500, -1, -1, 56, 142, 132.0, 8, , 14, 0, 0, 0, , 0, 0, 0, 0, 0, 
331, 0, 504, -1, -1, 94, 120, 134.0, 11, , 11, 0, 0, 0, , 0, 0, 0, 0, 0, 
332, 0, 509, -1, -1, 218, 174, 140.0, 7, , 17, 0, 0, 0, , 0, 0, 0, 0, 0, 
333, 0, 513, -1, -1, 53, 130, 148.0, 7, , 6, 0, 0, 0, , 0, 0, 0, 0, 0, 
334, 0, 518, -1, -1, 314, 75, 150.0, 9, , 30, 0, 0, 0, , 0, 0, 0, 0, 0, 
335, 0, 519, -1, -1, 89, 87, 152.0, 7, , 26, 0, 0, 0, , 0, 0, 0, 0, 0, 
336, 0, 521, -1, -1, 228, 43, 155.0, 8, , 17, 0, 0, 0, , 0, 0, 0, 0, 0, 
337, 0, 522, -1, -1, 47, 101, 152.0, 9, , 13, 0, 0, 0, , 0, 0, 0, 0, 0, 
338, 0, 524, -1, -1, 66, 117, 154.0, 7, , 13, 0, 0, 0, , 0, 0, 0, 0, 0, 
339, 0, 525, -1, -1, 105, 69, 157.0, 9, , 39, 0, 0, 0, , 0, 0, 0, 0, 0, 
340, 1, 526, 251, -1, 167, 35, 161.0, 11, ABpraappaa, 128, 0, 0, 0, , 0, 0, 0, 0, 0, 
341, 0, 527, -1, -1, 194, 44, 159.0, 7, , 13, 0, 0, 0, , 0, 0, 0, 0, 0, 
342, 0, 528, -1, -1, 220, 47, 161.0, 8, , 11, 0, 0, 0, , 0, 0, 0, 0, 0, 
343, 0, 529, -1, -1, 225, 50, 162.0, 8, , 14, 0, 0, 0, , 0, 0, 0, 0, 0, 
344, 0, 530, -1, -1, 138, 43, 163.0, 8, , 27, 0, 0, 0, , 0, 0, 0, 0, 0, 
345, 0, 532, -1, -1, 80, 109, 163.0, 8, , 30, 0, 0, 0, , 0, 0, 0, 0, 0, 
346, 0, 533, -1, -1, 81, 152, 163.0, 9, , 70, 0, 0, 0, , 0, 0, 0, 0, 0, 
347, 0, 535, -1, -1, 295, 83, 168.0, 9, , 34, 0, 0, 0, , 0, 0, 0, 0, 0, 
348, 0, 536, -1, -1, 318, 100, 167.0, 7, , 22, 0, 0, 0, , 0, 0, 0, 0, 0, 
349, 0, 537, -1, -1, 70, 139, 168.0, 7, , 25, 0, 0, 0, , 0, 0, 0, 0, 0, 
350, 0, 541, -1, -1, 309, 121, 166.0, 8, , 6, 0, 0, 0, , 0, 0, 0, 0, 0, 
351, 0, 542, -1, -1, 66, 120, 171.0, 7, , 14, 0, 0, 0, , 0, 0, 0, 0, 0, 
352, 0, 544, -1, -1, 311, 125, 170.0, 9, , 6, 0, 0, 0, , 0, 0, 0, 0, 0, 
353, 0, 545, -1, -1, 133, 79, 172.0, 7, , 12, 0, 0, 0, , 0, 0, 0, 0, 0, 
354, 0, 547, -1, -1, 73, 78, 173.0, 7, , 23, 0, 0, 0, , 0, 0, 0, 0, 0, 
355, 0, 549, -1, -1, 69, 87, 177.0, 9, , 37, 0, 0, 0, , 0, 0, 0, 0, 0, 
356, 0, 550, -1, -1, 237, 57, 176.0, 8, , 20, 0, 0, 0, , 0, 0, 0, 0, 0, 
357, 0, 552, -1, -1, 145, 56, 177.0, 7, , 48, 0, 0, 0, , 0, 0, 0, 0, 0, 
358, 0, 554, -1, -1, 281, 129, 178.0, 8, , 17, 0, 0, 0, , 0, 0, 0, 0, 0, 
359, 0, 557, -1, -1, 110, 60, 181.0, 8, , 19, 0, 0, 0, , 0, 0, 0, 0, 0, 
360, 0, 559, -1, -1, 106, 148, 179.0, 9, , 29, 0, 0, 0, , 0, 0, 0, 0, 0, 
361, 0, 560, -1, -1, 110, 113, 180.0, 7, , 15, 0, 0, 0, , 0, 0, 0, 0, 0, 
362, 0, 561, -1, -1, 236, 80, 184.0, 8, , 10, 0, 0, 0, , 0, 0, 0, 0, 0, 
363, 0, 562, -1, -1, 215, 81, 183.0, 7, , 38, 0, 0, 0, , 0, 0, 0, 0, 0, 
364, 0, 563, -1, -1, 161, 54, 184.0, 7, , 74, 0, 0, 0, , 0, 0, 0, 0, 0, 
365, 0, 564, -1, -1, 240, 52, 182.0, 7, , 13, 0, 0, 0, , 0, 0, 0, 0, 0, 
366, 0, 565, -1, -1, 201, 161, 186.0, 9, , 44, 0, 0, 0, , 0, 0, 0, 0, 0, 
367, 0, 566, -1, -1, 278, 134, 189.0, 7, , 17, 0, 0, 0, , 0, 0, 0, 0, 0, 
368, 0, 567, -1, -1, 104, 98, 188.0, 8, , 23, 0, 0, 0, , 0, 0, 0, 0, 0, 
369, 0, 568, -1, -1, 116, 79, 186.0, 8, , 24, 0, 0, 0, , 0, 0, 0, 0, 0, 
370, 0, 569, -1, -1, 186, 96, 187.0, 9, , 27, 0, 0, 0, , 0, 0, 0, 0, 0, 
371, 0, 571, -1, -1, 115, 76, 193.0, 7, , 27, 0, 0, 0, , 0, 0, 0, 0, 0, 
372, 0, 572, -1, -1, 251, 108, 195.0, 7, , 6, 0, 0, 0, , 0, 0, 0, 0, 0, 
373, 0, 574, -1, -1, 277, 102, 199.0, 9, , 17, 0, 0, 0, , 0, 0, 0, 0, 0, 
374, 0, 575, -1, -1, 140, 109, 201.0, 8, , 23, 0, 0, 0, , 0, 0, 0, 0, 0, 
375, 0, 577, -1, -1, 156, 129, 198.0, 8, , 12, 0, 0, 0, , 0, 0, 0, 0, 0, 
376, 0, 579, -1, -1, 75, 80, 116.0, 9, , 31, 0, 0, 0, , 0, 0, 0, 0, 0, 
377, 0, 580, -1, -1, 152, 95, 120.0, 7, , 36, 0, 0, 0, , 0, 0, 0, 0, 0, 
378, 0, 581, -1, -1, 196, 41, 128.0, 8, , 38, 0, 0, 0, , 0, 0, 0, 0, 0, 
379, 0, 583, -1, -1, 86, 110, 155.0, 9, , 29, 0, 0, 0, , 0, 0, 0, 0, 0, 
380, 0, 584, -1, -1, 193, 42, 156.0, 9, , 75, 0, 0, 0, , 0, 0, 0, 0, 0, 
381, 0, 585, -1, -1, 136, 163, 160.0, 8, , 22, 0, 0, 0, , 0, 0, 0, 0, 0, 
382, 0, 586, -1, -1, 201, 170, 160.0, 9, , 18, 0, 0, 0, , 0, 0, 0, 0, 0, 
383, 0, 587, -1, -1, 138, 46, 167.0, 7, , 16, 0, 0, 0, , 0, 0, 0, 0, 0, 
384, 0, 588, -1, -1, 74, 131, 175.0, 8, , 28, 0, 0, 0, , 0, 0, 0, 0, 0, 
385, 0, 589, -1, -1, 107, 148, 177.0, 8, , 17, 0, 0, 0, , 0, 0, 0, 0, 0, 
386, 0, 590, -1, -1, 304, 100, 177.0, 7, , 27, 0, 0, 0, , 0, 0, 0, 0, 0, 
387, 0, 591, -1, -1, 153, 112, 180.0, 8, , 17, 0, 0, 0, , 0, 0, 0, 0, 0, 
388, 0, 592, -1, -1, 115, 78, 183.0, 8, , 30, 0, 0, 0, , 0, 0, 0, 0, 0, 
389, 0, 593, -1, -1, 138, 95, 184.0, 9, , 32, 0, 0, 0, , 0, 0, 0, 0, 0, 
390, 0, 594, -1, -1, 129, 56, 187.0, 9, , 35, 0, 0, 0, , 0, 0, 0, 0, 0, 
391, 0, 595, -1, -1, 300, 104, 190.0, 11, , 104, 0, 0, 0, , 0, 0, 0, 0, 0, 
392, 0, 596, -1, -1, 195, 73, 198.0, 7, , 19, 0, 0, 0, , 0, 0, 0, 0, 0, 
393, 0, 597, -1, -1, 277, 101, 203.0, 7, , 16, 0, 0, 0, , 0, 0, 0, 0, 0, 
394, 0, 598, -1, -1, 239, 79, 208.0, 9, , 47, 0, 0, 0, , 0, 0, 0, 0, 0, 
395, 0, 599, -1, -1, 70, 85, 110.0, 8, , 7, 0, 0, 0, , 0, 0, 0, 0, 0, 
396, 0, 600, -1, -1, 152, 95, 118.0, 7, , 19, 0, 0, 0, , 0, 0, 0, 0, 0, 
397, 0, 601, -1, -1, 307, 74, 153.0, 7, , 20, 0, 0, 0, , 0, 0, 0, 0, 0, 
398, 0, 602, -1, -1, 113, 91, 199.0, 9, , 36, 0, 0, 0, , 0, 0, 0, 0, 0, 
399, 0, 603, -1, -1, 122, 40, 103.0, 8, , 34, 0, 0, 0, , 0, 0, 0, 0, 0, 
400, 0, 605, -1, -1, 76, 66, 124.0, 9, , 39, 0, 0, 0, , 0, 0, 0, 0, 0, 
401, 0, 606, -1, -1, 301, 63, 146.0, 9, , 25, 0, 0, 0, , 0, 0, 0, 0, 0, 
402, 0, 607, -1, -1, 102, 94, 144.0, 8, , 20, 0, 0, 0, , 0, 0, 0, 0, 0, 
403, 0, 608, -1, -1, 105, 133, 173.0, 7, , 6, 0, 0, 0, , 0, 0, 0, 0, 0, 
404, 0, 609, -1, -1, 109, 61, 177.0, 7, , 45, 0, 0, 0, , 0, 0, 0, 0, 0, 
405, 0, 610, -1, -1, 231, 165, 186.0, 9, , 26, 0, 0, 0, , 0, 0, 0, 0, 0, 
406, 0, 611, -1, -1, 188, 135, 66.0, 9, , 28, 0, 0, 0, , 0, 0, 0, 0, 0, 
407, 0, 612, -1, -1, 73, 66, 133.0, 8, , 24, 0, 0, 0, , 0, 0, 0, 0, 0, 
408, 0, 613, -1, -1, 102, 53, 141.0, 7, , 10, 0, 0, 0, , 0, 0, 0, 0, 0, 
409, 0, 615, -1, -1, 221, 52, 157.0, 8, , 54, 0, 0, 0, , 0, 0, 0, 0, 0, 
410, 0, 616, -1, -1, 227, 162, 180.0, 7, , 24, 0, 0, 0, , 0, 0, 0, 0, 0, 
411, 0, 617, -1, -1, 95, 122, 187.0, 9, , 66, 0, 0, 0, , 0, 0, 0, 0, 0, 
412, 0, 618, -1, -1, 143, 74, 197.0, 9, , 40, 0, 0, 0, , 0, 0, 0, 0, 0, 
413, 0, 619, -1, -1, 256, 127, 199.0, 9, , 27, 0, 0, 0, , 0, 0, 0, 0, 0, 
414, 0, 620, -1, -1, 87, 86, 70.0, 8, , 27, 0, 0, 0, , 0, 0, 0, 0, 0, 
415, 0, 621, -1, -1, 123, 89, 82.0, 8, , 17, 0, 0, 0, , 0, 0, 0, 0, 0, 
416, 0, 623, -1, -1, 265, 157, 92.0, 7, , 10, 0, 0, 0, , 0, 0, 0, 0, 0, 
417, 0, 624, -1, -1, 120, 51, 100.0, 8, , 8, 0, 0, 0, , 0, 0, 0, 0, 0, 
418, 0, 625, -1, -1, 45, 122, 111.0, 7, , 14, 0, 0, 0, , 0, 0, 0, 0, 0, 
419, 0, 628, -1, -1, 130, 181, 120.0, 7, , 21, 0, 0, 0, , 0, 0, 0, 0, 0, 
420, 0, 629, -1, -1, 42, 96, 124.0, 8, , 28, 0, 0, 0, , 0, 0, 0, 0, 0, 
421, 0, 630, -1, -1, 76, 67, 127.0, 7, , 17, 0, 0, 0, , 0, 0, 0, 0, 0, 
422, 0, 631, -1, -1, 101, 52, 129.0, 8, , 36, 0, 0, 0, , 0, 0, 0, 0, 0, 
423, 0, 632, -1, -1, 119, 77, 130.0, 9, , 14, 0, 0, 0, , 0, 0, 0, 0, 0, 
424, 0, 633, -1, -1, 41, 100, 130.0, 7, , 29, 0, 0, 0, , 0, 0, 0, 0, 0, 
425, 0, 634, -1, -1, 85, 162, 131.0, 7, , 21, 0, 0, 0, , 0, 0, 0, 0, 0, 
426, 0, 635, -1, -1, 48, 89, 132.0, 9, , 77, 0, 0, 0, , 0, 0, 0, 0, 0, 
427, 0, 636, -1, -1, 239, 46, 135.0, 7, , 10, 0, 0, 0, , 0, 0, 0, 0, 0, 
428, 0, 638, -1, -1, 72, 78, 139.0, 8, , 50, 0, 0, 0, , 0, 0, 0, 0, 0, 
429, 0, 639, -1, -1, 147, 94, 140.0, 8, , 8, 0, 0, 0, , 0, 0, 0, 0, 0, 
430, 0, 640, -1, -1, 126, 52, 145.0, 8, , 74, 0, 0, 0, , 0, 0, 0, 0, 0, 
431, 0, 643, -1, -1, 269, 43, 146.0, 8, , 12, 0, 0, 0, , 0, 0, 0, 0, 0, 
432, 0, 644, -1, -1, 75, 65, 151.0, 7, , 34, 0, 0, 0, , 0, 0, 0, 0, 0, 
433, 0, 645, -1, -1, 89, 87, 149.0, 9, , 13, 0, 0, 0, , 0, 0, 0, 0, 0, 
434, 0, 646, -1, -1, 123, 49, 149.0, 7, , 18, 0, 0, 0, , 0, 0, 0, 0, 0, 
435, 0, 647, -1, -1, 80, 62, 153.0, 8, , 3, 0, 0, 0, , 0, 0, 0, 0, 0, 
436, 0, 648, -1, -1, 209, 176, 156.0, 8, , 13, 0, 0, 0, , 0, 0, 0, 0, 0, 
437, 0, 649, -1, -1, 285, 67, 160.0, 7, , 24, 0, 0, 0, , 0, 0, 0, 0, 0, 
438, 0, 650, -1, -1, 314, 124, 163.0, 8, , 7, 0, 0, 0, , 0, 0, 0, 0, 0, 
439, 0, 651, -1, -1, 89, 57, 165.0, 7, , 9, 0, 0, 0, , 0, 0, 0, 0, 0, 
440, 0, 652, -1, -1, 195, 172, 169.0, 8, , 8, 0, 0, 0, , 0, 0, 0, 0, 0, 
441, 0, 654, -1, -1, 108, 153, 177.0, 8, , 10, 0, 0, 0, , 0, 0, 0, 0, 0, 
442, 0, 656, -1, -1, 260, 151, 178.0, 9, , 48, 0, 0, 0, , 0, 0, 0, 0, 0, 
443, 0, 657, -1, -1, 187, 156, 180.0, 8, , 21, 0, 0, 0, , 0, 0, 0, 0, 0, 
444, 0, 658, -1, -1, 240, 53, 180.0, 7, , 36, 0, 0, 0, , 0, 0, 0, 0, 0, 
445, 0, 659, -1, -1, 262, 72, 185.0, 9, , 67, 0, 0, 0, , 0, 0, 0, 0, 0, 
446, 0, 660, -1, -1, 184, 52, 186.0, 7, , 21, 0, 0, 0, , 0, 0, 0, 0, 0, 
447, 0, 661, -1, -1, 277, 135, 187.0, 9, , 64, 0, 0, 0, , 0, 0, 0, 0, 0, 
448, 0, 662, -1, -1, 180, 58, 188.0, 8, , 5, 0, 0, 0, , 0, 0, 0, 0, 0, 
449, 0, 663, -1, -1, 168, 88, 194.0, 9, , 18, 0, 0, 0, , 0, 0, 0, 0, 0, 
450, 0, 664, -1, -1, 202, 58, 194.0, 7, , 21, 0, 0, 0, , 0, 0, 0, 0, 0, 
451, 0, 665, -1, -1, 123, 127, 196.0, 8, , 77, 0, 0, 0, , 0, 0, 0, 0, 0, 
452, 0, 667, -1, -1, 214, 91, 199.0, 7, , 33, 0, 0, 0, , 0, 0, 0, 0, 0, 
453, 0, 668, -1, -1, 133, 82, 200.0, 8, , 24, 0, 0, 0, , 0, 0, 0, 0, 0, 
454, 0, 669, -1, -1, 174, 110, 205.0, 8, , 37, 0, 0, 0, , 0, 0, 0, 0, 0, 
455, 0, 670, -1, -1, 235, 83, 204.0, 11, , 43, 0, 0, 0, , 0, 0, 0, 0, 0, 
456, 0, 671, -1, -1, 150, 90, 205.0, 7, , 16, 0, 0, 0, , 0, 0, 0, 0, 0, 
457, 0, 672, -1, -1, 240, 78, 206.0, 9, , 58, 0, 0, 0, , 0, 0, 0, 0, 0, 
458, 0, 674, -1, -1, 172, 107, 210.0, 9, , 29, 0, 0, 0, , 0, 0, 0, 0, 0, 
459, 0, 675, -1, -1, 45, 124, 114.0, 9, , 40, 0, 0, 0, , 0, 0, 0, 0, 0, 
460, 0, 678, -1, -1, 101, 54, 135.0, 11, , 31, 0, 0, 0, , 0, 0, 0, 0, 0, 
461, 0, 679, -1, -1, 269, 42, 149.0, 8, , 5, 0, 0, 0, , 0, 0, 0, 0, 0, 
462, 0, 680, -1, -1, 125, 53, 152.0, 9, , 47, 0, 0, 0, , 0, 0, 0, 0, 0, 
463, 0, 681, -1, -1, 82, 152, 158.0, 9, , 26, 0, 0, 0, , 0, 0, 0, 0, 0, 
464, 0, 682, -1, -1, 261, 152, 172.0, 9, , 35, 0, 0, 0, , 0, 0, 0, 0, 0, 
465, 0, 683, -1, -1, 146, 115, 177.0, 7, , 32, 0, 0, 0, , 0, 0, 0, 0, 0, 
466, 0, 684, -1, -1, 262, 73, 178.0, 9, , 53, 0, 0, 0, , 0, 0, 0, 0, 0, 
467, 0, 685, -1, -1, 112, 54, 179.0, 9, , 32, 0, 0, 0, , 0, 0, 0, 0, 0, 
468, 0, 686, -1, -1, 96, 126, 181.0, 8, , 17, 0, 0, 0, , 0, 0, 0, 0, 0, 
469, 0, 687, -1, -1, 261, 73, 181.0, 7, , 54, 0, 0, 0, , 0, 0, 0, 0, 0, 
470, 0, 688, -1, -1, 184, 53, 181.0, 8, , 18, 0, 0, 0, , 0, 0, 0, 0, 0, 
471, 0, 689, -1, -1, 260, 91, 191.0, 9, , 40, 0, 0, 0, , 0, 0, 0, 0, 0, 
472, 0, 690, -1, -1, 176, 64, 194.0, 9, , 69, 0, 0, 0, , 0, 0, 0, 0, 0, 
473, 0, 691, -1, -1, 229, 97, 196.0, 8, , 11, 0, 0, 0, , 0, 0, 0, 0, 0, 
474, 0, 692, -1, -1, 218, 74, 198.0, 7, , 27, 0, 0, 0, , 0, 0, 0, 0, 0, 
475, 0, 694, -1, -1, 120, 129, 203.0, 8, , 91, 0, 0, 0, , 0, 0, 0, 0, 0, 
476, 0, 695, -1, -1, 258, 92, 205.0, 9, , 62, 0, 0, 0, , 0, 0, 0, 0, 0, 
477, 0, 696, -1, -1, 241, 78, 203.0, 9, , 32, 0, 0, 0, , 0, 0, 0, 0, 0, 
478, 0, 697, -1, -1, 148, 95, 209.0, 8, , 78, 0, 0, 0, , 0, 0, 0, 0, 0, 
479, 0, 698, -1, -1, 69, 119, 103.0, 9, , 27, 0, 0, 0, , 0, 0, 0, 0, 0, 
480, 0, 699, -1, -1, 261, 151, 184.0, 9, , 21, 0, 0, 0, , 0, 0, 0, 0, 0, 
481, 0, 701, -1, -1, 159, 29, 142.0, 9, , 23, 0, 0, 0, , 0, 0, 0, 0, 0, 
482, 0, -1, -1, -1, 199, 177, 112.0, 8, , 39, 0, 0, 0, , 0, 0, 0, 0, 0, 
483, 0, -1, -1, -1, 220, 173, 133.0, 11, , 78, 0, 0, 0, , 0, 0, 0, 0, 0, 
484, 0, -1, -1, -1, 138, 132, 204.0, 9, , 67, 0, 0, 0, , 0, 0, 0, 0, 0, 
485, 0, -1, -1, -1, 152, 29, 135.0, 9, , 61, 0, 0, 0, , 0, 0, 0, 0, 0, 
486, 0, -1, -1, -1, 64, 150, 139.0, 8, , 54, 0, 0, 0, , 0, 0, 0, 0, 0, 
487, 0, -1, -1, -1, 264, 167, 152.0, 7, , 44, 0, 0, 0, , 0, 0, 0, 0, 0, 
488, 0, -1, -1, -1, 86, 89, 67.0, 11, , 55, 0, 0, 0, , 0, 0, 0, 0, 0, 
489, 0, -1, -1, -1, 157, 59, 82.0, 7, , 18, 0, 0, 0, , 0, 0, 0, 0, 0, 
490, 0, -1, -1, -1, 157, 54, 84.0, 8, , 2, 0, 0, 0, , 0, 0, 0, 0, 0, 
491, 0, -1, -1, -1, 133, 53, 91.0, 7, , 8, 0, 0, 0, , 0, 0, 0, 0, 0, 
492, 0, -1, -1, -1, 77, 97, 96.0, 11, , 73, 0, 0, 0, , 0, 0, 0, 0, 0, 
493, 0, -1, -1, -1, 80, 97, 100.0, 8, , 19, 0, 0, 0, , 0, 0, 0, 0, 0, 
494, 0, -1, -1, -1, 134, 52, 100.0, 8, , 7, 0, 0, 0, , 0, 0, 0, 0, 0, 
495, 0, -1, -1, -1, 48, 121, 106.0, 7, , 14, 0, 0, 0, , 0, 0, 0, 0, 0, 
496, 0, -1, -1, -1, 49, 125, 118.0, 7, , 19, 0, 0, 0, , 0, 0, 0, 0, 0, 
497, 0, -1, -1, -1, 246, 41, 122.0, 7, , 5, 0, 0, 0, , 0, 0, 0, 0, 0, 
498, 0, -1, -1, -1, 167, 176, 128.0, 9, , 35, 0, 0, 0, , 0, 0, 0, 0, 0, 
499, 0, -1, -1, -1, 221, 178, 130.0, 8, , 12, 0, 0, 0, , 0, 0, 0, 0, 0, 
500, 0, -1, -1, -1, 139, 44, 133.0, 8, , 16, 0, 0, 0, , 0, 0, 0, 0, 0, 
501, 0, -1, -1, -1, 169, 173, 134.0, 8, , 4, 0, 0, 0, , 0, 0, 0, 0, 0, 
502, 0, -1, -1, -1, 86, 165, 137.0, 8, , 30, 0, 0, 0, , 0, 0, 0, 0, 0, 
503, 0, -1, -1, -1, 143, 45, 137.0, 9, , 19, 0, 0, 0, , 0, 0, 0, 0, 0, 
504, 0, -1, -1, -1, 124, 76, 138.0, 9, , 16, 0, 0, 0, , 0, 0, 0, 0, 0, 
505, 0, -1, -1, -1, 237, 177, 139.0, 9, , 20, 0, 0, 0, , 0, 0, 0, 0, 0, 
506, 0, -1, -1, -1, 100, 93, 142.0, 8, , 20, 0, 0, 0, , 0, 0, 0, 0, 0, 
507, 0, -1, -1, -1, 199, 41, 142.0, 9, , 100, 0, 0, 0, , 0, 0, 0, 0, 0, 
508, 0, -1, -1, -1, 150, 28, 144.0, 8, , 24, 0, 0, 0, , 0, 0, 0, 0, 0, 
509, 0, -1, -1, -1, 248, 175, 144.0, 9, , 20, 0, 0, 0, , 0, 0, 0, 0, 0, 
510, 0, -1, -1, -1, 102, 68, 153.0, 7, , 28, 0, 0, 0, , 0, 0, 0, 0, 0, 
511, 0, -1, -1, -1, 79, 105, 154.0, 9, , 49, 0, 0, 0, , 0, 0, 0, 0, 0, 
512, 0, -1, -1, -1, 82, 152, 154.0, 8, , 12, 0, 0, 0, , 0, 0, 0, 0, 0, 
513, 0, -1, -1, -1, 95, 56, 156.0, 8, , 12, 0, 0, 0, , 0, 0, 0, 0, 0, 
514, 0, -1, -1, -1, 106, 134, 158.0, 9, , 10, 0, 0, 0, , 0, 0, 0, 0, 0, 
515, 0, -1, -1, -1, 104, 51, 162.0, 8, , 20, 0, 0, 0, , 0, 0, 0, 0, 0, 
516, 0, -1, -1, -1, 191, 41, 164.0, 9, , 36, 0, 0, 0, , 0, 0, 0, 0, 0, 
517, 0, -1, -1, -1, 289, 68, 168.0, 8, , 7, 0, 0, 0, , 0, 0, 0, 0, 0, 
518, 0, -1, -1, -1, 112, 55, 171.0, 8, , 17, 0, 0, 0, , 0, 0, 0, 0, 0, 
519, 0, -1, -1, -1, 167, 50, 176.0, 9, , 52, 0, 0, 0, , 0, 0, 0, 0, 0, 
520, 0, -1, -1, -1, 144, 51, 179.0, 7, , 24, 0, 0, 0, , 0, 0, 0, 0, 0, 
521, 0, -1, -1, -1, 104, 148, 182.0, 9, , 28, 0, 0, 0, , 0, 0, 0, 0, 0, 
522, 0, -1, -1, -1, 129, 128, 182.0, 9, , 52, 0, 0, 0, , 0, 0, 0, 0, 0, 
523, 0, -1, -1, -1, 99, 100, 183.0, 8, , 11, 0, 0, 0, , 0, 0, 0, 0, 0, 
524, 0, -1, -1, -1, 186, 155, 183.0, 9, , 62, 0, 0, 0, , 0, 0, 0, 0, 0, 
525, 0, -1, -1, -1, 95, 127, 184.0, 8, , 12, 0, 0, 0, , 0, 0, 0, 0, 0, 
526, 0, -1, -1, -1, 191, 152, 185.0, 7, , 12, 0, 0, 0, , 0, 0, 0, 0, 0, 
527, 0, -1, -1, -1, 293, 84, 185.0, 7, , 19, 0, 0, 0, , 0, 0, 0, 0, 0, 
528, 0, -1, -1, -1, 77, 137, 187.0, 9, , 37, 0, 0, 0, , 0, 0, 0, 0, 0, 
529, 0, -1, -1, -1, 112, 72, 187.0, 7, , 26, 0, 0, 0, , 0, 0, 0, 0, 0, 
530, 0, -1, -1, -1, 264, 73, 187.0, 7, , 37, 0, 0, 0, , 0, 0, 0, 0, 0, 
531, 0, -1, -1, -1, 92, 124, 190.0, 9, , 61, 0, 0, 0, , 0, 0, 0, 0, 0, 
532, 0, -1, -1, -1, 231, 160, 191.0, 9, , 24, 0, 0, 0, , 0, 0, 0, 0, 0, 
533, 0, -1, -1, -1, 245, 80, 191.0, 9, , 25, 0, 0, 0, , 0, 0, 0, 0, 0, 
534, 0, -1, -1, -1, 194, 81, 194.0, 9, , 76, 0, 0, 0, , 0, 0, 0, 0, 0, 
535, 0, -1, -1, -1, 197, 73, 194.0, 7, , 30, 0, 0, 0, , 0, 0, 0, 0, 0, 
536, 0, -1, -1, -1, 259, 111, 195.0, 7, , 3, 0, 0, 0, , 0, 0, 0, 0, 0, 
537, 0, -1, -1, -1, 212, 83, 196.0, 8, , 23, 0, 0, 0, , 0, 0, 0, 0, 0, 
538, 0, -1, -1, -1, 167, 86, 199.0, 9, , 32, 0, 0, 0, , 0, 0, 0, 0, 0, 
539, 0, -1, -1, -1, 255, 111, 199.0, 9, , 20, 0, 0, 0, , 0, 0, 0, 0, 0, 
540, 0, -1, -1, -1, 184, 95, 200.0, 9, , 42, 0, 0, 0, , 0, 0, 0, 0, 0, 
541, 0, -1, -1, -1, 212, 136, 200.0, 8, , 10, 0, 0, 0, , 0, 0, 0, 0, 0, 
542, 0, -1, -1, -1, 118, 96, 202.0, 9, , 41, 0, 0, 0, , 0, 0, 0, 0, 0, 
543, 0, -1, -1, -1, 130, 90, 203.0, 9, , 32, 0, 0, 0, , 0, 0, 0, 0, 0, 
544, 0, -1, -1, -1, 153, 72, 203.0, 8, , 24, 0, 0, 0, , 0, 0, 0, 0, 0, 
545, 0, -1, -1, -1, 192, 111, 209.0, 9, , 43, 0, 0, 0, , 0, 0, 0, 0, 0, 
546, 0, -1, -1, -1, 41, 99, 128.0, 9, , 32, 0, 0, 0, , 0, 0, 0, 0, 0, 
547, 0, -1, -1, -1, 112, 46, 129.0, 7, , 15, 0, 0, 0, , 0, 0, 0, 0, 0, 
548, 0, -1, -1, -1, 177, 39, 133.0, 9, , 45, 0, 0, 0, , 0, 0, 0, 0, 0, 
549, 0, -1, -1, -1, 150, 27, 146.0, 7, , 17, 0, 0, 0, , 0, 0, 0, 0, 0, 
550, 0, -1, -1, -1, 193, 44, 161.0, 7, , 23, 0, 0, 0, , 0, 0, 0, 0, 0, 
551, 0, -1, -1, -1, 82, 146, 162.0, 7, , 20, 0, 0, 0, , 0, 0, 0, 0, 0, 
552, 0, -1, -1, -1, 100, 51, 166.0, 7, , 8, 0, 0, 0, , 0, 0, 0, 0, 0, 
553, 0, -1, -1, -1, 313, 97, 171.0, 7, , 23, 0, 0, 0, , 0, 0, 0, 0, 0, 
554, 0, -1, -1, -1, 112, 55, 173.0, 7, , 27, 0, 0, 0, , 0, 0, 0, 0, 0, 
555, 0, -1, -1, -1, 260, 149, 176.0, 9, , 52, 0, 0, 0, , 0, 0, 0, 0, 0, 
556, 0, -1, -1, -1, 132, 52, 178.0, 9, , 25, 0, 0, 0, , 0, 0, 0, 0, 0, 
557, 0, -1, -1, -1, 131, 128, 179.0, 9, , 48, 0, 0, 0, , 0, 0, 0, 0, 0, 
558, 0, -1, -1, -1, 260, 152, 182.0, 8, , 12, 0, 0, 0, , 0, 0, 0, 0, 0, 
559, 0, -1, -1, -1, 179, 68, 189.0, 8, , 15, 0, 0, 0, , 0, 0, 0, 0, 0, 
560, 0, -1, -1, -1, 136, 65, 199.0, 9, , 26, 0, 0, 0, , 0, 0, 0, 0, 0, 
561, 0, -1, -1, -1, 179, 64, 199.0, 9, , 76, 0, 0, 0, , 0, 0, 0, 0, 0, 
562, 0, -1, -1, -1, 261, 122, 199.0, 7, , 31, 0, 0, 0, , 0, 0, 0, 0, 0, 
563, 0, -1, -1, -1, 193, 109, 205.0, 11, , 78, 0, 0, 0, , 0, 0, 0, 0, 0, 
564, 0, -1, -1, -1, 219, 174, 138.0, 7, , 18, 0, 0, 0, , 0, 0, 0, 0, 0, 
565, 0, -1, -1, -1, 70, 126, 107.0, 9, , 45, 0, 0, 0, , 0, 0, 0, 0, 0, 
566, 1, 702, 503, -1, 255, 87, 132.0, 18, Eprp, 0, 0, 0, 0, , 0, 0, 0, 0, 0, 
567, 0, 703, -1, -1, 142, 39, 131.0, 11, , 0, 0, 0, 0, , 0, 0, 0, 0, 0, 
568, 1, 705, 505, -1, 115, 94, 199.0, 12, ABarapppaa, 0, 0, 0, 0, , 0, 0, 0, 0, 0, 
569, 1, 706, 506, -1, 140, 112, 201.0, 17, ABarappaa, 0, 0, 0, 0, , 0, 0, 0, 0, 0, 
570, 1, 708, 507, -1, 175, 108, 207.0, 11, ABarappapp, 0, 0, 0, 0, , 0, 0, 0, 0, 0, 
571, 1, 707, 508, -1, 150, 95, 204.0, 11, ABarappapa, 0, 0, 0, 0, , 0, 0, 0, 0, 0, 
572, 0, 709, -1, -1, 123, 95, 203.0, 12, , 0, 0, 0, 0, , 0, 0, 0, 0, 0, 
573, 1, 710, 510, -1, 140, 100, 187.0, 16, ABarapppap, 0, 0, 0, 0, , 0, 0, 0, 0, 0, 
574, 1, 711, 511, -1, 133, 87, 204.0, 15, ABarappppa, 0, 0, 0, 0, , 0, 0, 0, 0, 0, 
575, 1, 712, 512, -1, 165, 84, 193.0, 17, ABarappppp, 0, 0, 0, 0, , 0, 0, 0, 0, 0, 
576, 1, 714, 514, -1, 122, 130, 194.0, 15, ABarapaaap, 0, 0, 0, 0, , 0, 0, 0, 0, 0, 
577, 1, 713, 513, -1, 94, 124, 188.0, 15, ABarapaaaa, 0, 0, 0, 0, , 0, 0, 0, 0, 0, 
578, 1, 715, 515, -1, 114, 113, 180.0, 13, ABarapaapa, 0, 0, 0, 0, , 0, 0, 0, 0, 0, 
579, 1, 716, 516, -1, 135, 130, 180.0, 14, ABarapaapp, 0, 0, 0, 0, , 0, 0, 0, 0, 0, 
580, 1, 717, 517, -1, 134, 134, 200.0, 15, ABarapapaa, 0, 0, 0, 0, , 0, 0, 0, 0, 0, 
581, 1, 718, 518, -1, 160, 134, 199.0, 14, ABarapapap, 0, 0, 0, 0, , 0, 0, 0, 0, 0, 
582, 1, 719, 519, -1, 149, 114, 181.0, 14, ABarapappa, 0, 0, 0, 0, , 0, 0, 0, 0, 0, 
583, 1, 720, 520, -1, 178, 132, 185.0, 19, ABarapappp, 0, 0, 0, 0, , 0, 0, 0, 0, 0, 
584, 1, 721, 521, -1, 63, 116, 153.0, 14, ABaraapaaa, 0, 0, 0, 0, , 0, 0, 0, 0, 0, 
585, 1, 722, 522, -1, 95, 119, 138.0, 14, ABaraapaap, 0, 0, 0, 0, , 0, 0, 0, 0, 0, 
586, 1, 723, 523, -1, 108, 136, 144.0, 16, ABaraapapa, 0, 0, 0, 0, , 0, 0, 0, 0, 0, 
587, 1, 724, 524, -1, 126, 127, 131.0, 14, ABaraapapp, 0, 0, 0, 0, , 0, 0, 0, 0, 0, 
588, 1, 725, 525, -1, 100, 109, 166.0, 15, ABaraappaa, 0, 0, 0, 0, , 0, 0, 0, 0, 0, 
589, 1, 726, 526, -1, 127, 119, 154.0, 15, ABaraappap, 0, 0, 0, 0, , 0, 0, 0, 0, 0, 
590, 1, 727, 527, -1, 133, 106, 161.0, 17, ABaraapppa, 0, 0, 0, 0, , 0, 0, 0, 0, 0, 
591, 1, 728, 528, -1, 152, 93, 141.0, 16, ABaraapppp, 0, 0, 0, 0, , 0, 0, 0, 0, 0, 
592, 1, 729, 529, -1, 64, 118, 176.0, 15, ABaraaapaa, 0, 0, 0, 0, , 0, 0, 0, 0, 0, 
593, 1, 730, 530, -1, 85, 104, 181.0, 17, ABaraaapap, 0, 0, 0, 0, , 0, 0, 0, 0, 0, 
594, 1, 731, 531, -1, 101, 99, 198.0, 15, ABaraaapp, 0, 0, 0, 0, , 0, 0, 0, 0, 0, 
595, 1, 732, 532, -1, 59, 101, 167.0, 17, ABaraaaaa, 0, 0, 0, 0, , 0, 0, 0, 0, 0, 
596, 1, 733, 533, -1, 83, 107, 161.0, 16, ABaraaaap, 0, 0, 0, 0, , 0, 0, 0, 0, 0, 
597, 1, 734, 534, -1, 106, 132, 165.0, 17, ABalpaaap, 0, 0, 0, 0, , 0, 0, 0, 0, 0, 
598, 1, 735, 535, -1, 75, 137, 176.0, 19, ABalpaaaa, 0, 0, 0, 0, , 0, 0, 0, 0, 0, 
599, 1, 736, 536, -1, 51, 127, 151.0, 15, ABalpaapaa, 0, 0, 0, 0, , 0, 0, 0, 0, 0, 
600, 1, 737, 537, -1, 86, 137, 150.0, 16, ABalpaapap, 0, 0, 0, 0, , 0, 0, 0, 0, 0, 
601, 1, 738, 539, -1, 65, 149, 140.0, 12, ABalpaappa, 0, 0, 0, 0, , 0, 0, 0, 0, 0, 
602, 1, 738, 538, -1, 87, 164, 137.5, 15, ABalpaappp, 0, 0, 0, 0, , 0, 0, 0, 0, 0, 
603, 1, 739, 540, -1, 116, 141, 178.0, 15, ABalpappaa, 0, 0, 0, 0, , 0, 0, 0, 0, 0, 
604, 1, 740, 541, -1, 139, 152, 184.0, 15, ABalpappap, 0, 0, 0, 0, , 0, 0, 0, 0, 0, 
605, 1, 741, 542, -1, 131, 145, 161.0, 15, ABalpapppa, 0, 0, 0, 0, , 0, 0, 0, 0, 0, 
606, 1, 742, 543, -1, 158, 142, 177.0, 19, ABalpapppp, 0, 0, 0, 0, , 0, 0, 0, 0, 0, 
607, 1, 743, 544, -1, 66, 154, 111.0, 19, ABalppaaa, 0, 0, 0, 0, , 0, 0, 0, 0, 0, 
608, 1, 744, 545, -1, 86, 166, 108.0, 17, ABalppaap, 0, 0, 0, 0, , 0, 0, 0, 0, 0, 
609, 1, 745, 546, -1, 100, 172, 136.0, 15, ABalppapaa, 0, 0, 0, 0, , 0, 0, 0, 0, 0, 
610, 1, 746, 547, -1, 132, 174, 135.0, 14, ABalppapap, 0, 0, 0, 0, , 0, 0, 0, 0, 0, 
611, 1, 747, 548, -1, 122, 155, 136.0, 13, ABalppappa, 0, 0, 0, 0, , 0, 0, 0, 0, 0, 
612, 1, 749, 549, -1, 81, 150, 164.0, 15, ABalpapaaa, 0, 0, 0, 0, , 0, 0, 0, 0, 0, 
613, 1, 748, 550, -1, 108, 151, 179.0, 15, ABalpapaap, 0, 0, 0, 0, , 0, 0, 0, 0, 0, 
614, 1, 750, 551, -1, 106, 166, 158.0, 15, ABalpapapa, 0, 0, 0, 0, , 0, 0, 0, 0, 0, 
615, 1, 751, 552, -1, 135, 162, 163.0, 14, ABalpapapp, 0, 0, 0, 0, , 0, 0, 0, 0, 0, 
616, 1, 752, 553, -1, 148, 164, 151.25, 18, ABalppappp, 0, 0, 0, 0, , 0, 0, 0, 0, 0, 
617, 1, 753, 554, -1, 79, 146, 89.0, 15, ABalpppaa, 0, 0, 0, 0, , 0, 0, 0, 0, 0, 
618, 1, 754, 555, -1, 144, 134, 88.333336, 12, ABalpppppp, 0, 0, 0, 0, , 0, 0, 0, 0, 0, 
619, 1, 755, 556, -1, 117, 134, 64.0, 15, ABalpppppa, 0, 0, 0, 0, , 0, 0, 0, 0, 0, 
620, 0, 756, -1, -1, 93, 124, 88.0, 13, , 0, 0, 0, 0, , 0, 0, 0, 0, 0, 
621, 1, 757, 558, -1, 124, 124, 89.25, 14, ABalppppap, 0, 0, 0, 0, , 0, 0, 0, 0, 0, 
622, 1, 758, 559, -1, 98, 160, 86.0, 12, ABalpppapa, 0, 0, 0, 0, , 0, 0, 0, 0, 0, 
623, 0, 759, -1, -1, 116, 150, 75.0, 11, , 0, 0, 0, 0, , 0, 0, 0, 0, 0, 
624, 1, 761, 561, -1, 42, 99, 130.0, 12, ABalaaapar, 0, 0, 0, 0, , 0, 0, 0, 0, 0, 
625, 1, 760, 562, -1, 48, 123, 116.0, 14, ABalaaapal, 0, 0, 0, 0, , 0, 0, 0, 0, 0, 
626, 1, 763, 564, -1, 70, 76, 136.0, 12, ABalaaappr, 0, 0, 0, 0, , 0, 0, 0, 0, 0, 
627, 1, 762, 563, -1, 50, 90, 130.0, 12, ABalaaappl, 0, 0, 0, 0, , 0, 0, 0, 0, 0, 
628, 1, 764, 565, -1, 72, 83, 174.0, 17, ABalaapaa, 0, 0, 0, 0, , 0, 0, 0, 0, 0, 
629, 0, 765, -1, -1, 90, 80, 177.4, 15, , 0, 0, 0, 0, , 0, 0, 0, 0, 0, 
630, 1, 766, 567, -1, 88, 74, 179.0, 17, ABalaapap, 0, 0, 0, 0, , 0, 0, 0, 0, 0, 
631, 1, 767, 568, -1, 46, 105, 147.0, 17, ABalaaaar, 0, 0, 0, 0, , 0, 0, 0, 0, 0, 
632, 1, 768, 569, -1, 56, 137, 131.0, 19, ABalaaaal, 0, 0, 0, 0, , 0, 0, 0, 0, 0, 
633, 1, 770, 572, -1, 102, 53, 131.0, 14, ABalaapppp, 0, 0, 0, 0, , 0, 0, 0, 0, 0, 
634, 1, 771, 570, -1, 80, 69, 150.0, 17, ABalaappa, 0, 0, 0, 0, , 0, 0, 0, 0, 0, 
635, 1, 769, 571, -1, 74, 66, 130.0, 14, ABalaapppa, 0, 0, 0, 0, , 0, 0, 0, 0, 0, 
636, 1, 772, 573, -1, 81, 132, 116.0, 17, ABalapaapa, 0, 0, 0, 0, , 0, 0, 0, 0, 0, 
637, 1, 773, 574, -1, 87, 122, 88.0, 17, ABalapaapp, 0, 0, 0, 0, , 0, 0, 0, 0, 0, 
638, 1, 774, 575, 576, 69, 120, 110.0, 17, ABalapaaa, 0, 0, 0, 0, , 0, 0, 0, 0, 0, 
639, 1, 775, 578, -1, 89, 103, 79.0, 15, ABalapapap, 0, 0, 0, 0, , 0, 0, 0, 0, 0, 
640, 1, 775, 577, -1, 77, 97, 94.0, 15, ABalapapaa, 0, 0, 0, 0, , 0, 0, 0, 0, 0, 
641, 1, 776, 579, -1, 108, 107, 85.0, 14, ABalapappa, 0, 0, 0, 0, , 0, 0, 0, 0, 0, 
642, 1, 777, 580, -1, 143, 109, 82.0, 14, ABalapappp, 0, 0, 0, 0, , 0, 0, 0, 0, 0, 
643, 1, 778, 581, -1, 52, 99, 109.0, 17, ABalappaa, 0, 0, 0, 0, , 0, 0, 0, 0, 0, 
644, 1, 779, 582, 583, 71, 80, 113.0, 14, ABalappap, 0, 0, 0, 0, , 0, 0, 0, 0, 0, 
645, 1, 780, 584, -1, 90, 77, 102.0, 14, ABalapppaa, 0, 0, 0, 0, , 0, 0, 0, 0, 0, 
646, 1, 781, 585, -1, 106, 58, 115.0, 14, ABalapppap, 0, 0, 0, 0, , 0, 0, 0, 0, 0, 
647, 1, 782, 586, -1, 122, 65, 115.0, 14, ABalappppa, 0, 0, 0, 0, , 0, 0, 0, 0, 0, 
648, 1, 783, 587, -1, 148, 63, 117.0, 12, ABalappppp, 0, 0, 0, 0, , 0, 0, 0, 0, 0, 
649, 1, 784, 588, -1, 95, 133, 76.0, 15, ABalppppaa, 0, 0, 0, 0, , 0, 0, 0, 0, 0, 
650, 1, 785, 589, -1, 97, 55, 166.0, 14, ABpraaaaa, 0, 0, 0, 0, , 0, 0, 0, 0, 0, 
651, 1, 786, 590, -1, 110, 58, 178.0, 13, ABpraaaapa, 0, 0, 0, 0, , 0, 0, 0, 0, 0, 
652, 1, 787, 591, -1, 132, 53, 179.0, 12, ABpraaaapp, 0, 0, 0, 0, , 0, 0, 0, 0, 0, 
653, 1, 788, 592, -1, 134, 44, 162.0, 15, ABpraaappa, 0, 0, 0, 0, , 0, 0, 0, 0, 0, 
654, 1, 789, 593, -1, 155, 43, 156.0, 17, ABpraaappp, 0, 0, 0, 0, , 0, 0, 0, 0, 0, 
655, 1, 790, 594, -1, 202, 45, 173.66667, 11, ABpraapppa, 0, 0, 0, 0, , 0, 0, 0, 0, 0, 
656, 1, 791, 595, -1, 225, 48, 179.0, 14, ABpraapppp, 0, 0, 0, 0, , 0, 0, 0, 0, 0, 
657, 1, 792, 596, -1, 190, 39, 161.5, 10, ABpraappap, 0, 0, 0, 0, , 0, 0, 0, 0, 0, 
658, 1, 794, 597, -1, 241, 53, 178.0, 13, ABprappaaa, 0, 0, 0, 0, , 0, 0, 0, 0, 0, 
659, 1, 793, 598, -1, 264, 71, 178.33333, 15, ABprappaap, 0, 0, 0, 0, , 0, 0, 0, 0, 0, 
660, 1, 795, 599, 600, 281, 67, 168.0, 11, ABprappap, 0, 0, 0, 0, , 0, 0, 0, 0, 0, 
661, 1, 796, 601, -1, 293, 85, 177.0, 16, ABprapppa, 0, 0, 0, 0, , 0, 0, 0, 0, 0, 
662, 1, 797, 602, 603, 198, 41, 140.0, 11, ABprapaaa, 0, 0, 0, 0, , 0, 0, 0, 0, 0, 
663, 1, 798, 604, -1, 227, 48, 154.0, 15, ABprapaap, 0, 0, 0, 0, , 0, 0, 0, 0, 0, 
664, 1, 799, 605, -1, 297, 65, 143.0, 15, ABprapapap, 0, 0, 0, 0, , 0, 0, 0, 0, 0, 
665, 1, 800, 606, -1, 264, 46, 144.0, 13, ABprapapaa, 0, 0, 0, 0, , 0, 0, 0, 0, 0, 
666, 1, 801, 607, -1, 315, 99, 164.66667, 13, ABprapappp, 0, 0, 0, 0, , 0, 0, 0, 0, 0, 
667, 1, 802, 608, -1, 309, 73, 149.0, 13, ABprapappa, 0, 0, 0, 0, , 0, 0, 0, 0, 0, 
668, 0, 803, -1, -1, 114, 43, 131.0, 11, , 0, 0, 0, 0, , 0, 0, 0, 0, 0, 
669, 1, 804, 610, -1, 176, 170, 115.0, 15, ABplppaaa, 0, 0, 0, 0, , 0, 0, 0, 0, 0, 
670, 1, 805, 611, -1, 195, 176, 134.0, 17, ABplppaap, 0, 0, 0, 0, , 0, 0, 0, 0, 0, 
671, 1, 806, 612, -1, 201, 172, 111.0, 14, ABplppapa, 0, 0, 0, 0, , 0, 0, 0, 0, 0, 
672, 1, 807, 613, -1, 227, 168, 113.5, 18, ABplppapp, 0, 0, 0, 0, , 0, 0, 0, 0, 0, 
673, 1, 808, 615, -1, 219, 174, 131.0, 15, ABplpppaaa, 0, 0, 0, 0, , 0, 0, 0, 0, 0, 
674, 1, 808, 614, -1, 237, 177, 136.5, 15, ABplpppaap, 0, 0, 0, 0, , 0, 0, 0, 0, 0, 
675, 1, 809, 617, -1, 252, 174, 138.0, 15, ABplpppapa, 0, 0, 0, 0, , 0, 0, 0, 0, 0, 
676, 1, 809, 616, -1, 265, 168, 142.0, 15, ABplpppapp, 0, 0, 0, 0, , 0, 0, 0, 0, 0, 
677, 1, 810, 618, -1, 212, 178, 155.0, 14, ABplppppaa, 0, 0, 0, 0, , 0, 0, 0, 0, 0, 
678, 1, 811, 619, -1, 237, 166, 163.0, 14, ABplppppap, 0, 0, 0, 0, , 0, 0, 0, 0, 0, 
679, 1, 813, 620, -1, 231, 147, 177.0, 15, ABplpppppa, 0, 0, 0, 0, , 0, 0, 0, 0, 0, 
680, 1, 812, 621, -1, 260, 150, 174.0, 15, ABplpppppp, 0, 0, 0, 0, , 0, 0, 0, 0, 0, 
681, 1, 814, 622, -1, 198, 171, 162.0, 15, ABplpapapp, 0, 0, 0, 0, , 0, 0, 0, 0, 0, 
682, 1, 815, 623, -1, 110, 164, 119.0, 15, ABplpaaaaa, 0, 0, 0, 0, , 0, 0, 0, 0, 0, 
683, 1, 816, 624, -1, 136, 167, 107.0, 16, ABplpaaaap, 0, 0, 0, 0, , 0, 0, 0, 0, 0, 
684, 1, 818, 625, -1, 153, 172, 106.0, 15, ABplpaaapp, 0, 0, 0, 0, , 0, 0, 0, 0, 0, 
685, 1, 817, 626, -1, 135, 182, 116.0, 16, ABplpaaapa, 0, 0, 0, 0, , 0, 0, 0, 0, 0, 
686, 1, 819, 627, -1, 117, 157, 99.0, 14, ABplpaapaa, 0, 0, 0, 0, , 0, 0, 0, 0, 0, 
687, 1, 820, 628, -1, 145, 165, 83.0, 15, ABplpaapap, 0, 0, 0, 0, , 0, 0, 0, 0, 0, 
688, 0, 821, -1, -1, 154, 171, 101.0, 14, , 0, 0, 0, 0, , 0, 0, 0, 0, 0, 
689, 1, 822, 630, -1, 161, 166, 89.0, 15, ABplpaappa, 0, 0, 0, 0, , 0, 0, 0, 0, 0, 
690, 1, 823, 631, -1, 187, 173, 96.0, 14, ABplpaappp, 0, 0, 0, 0, , 0, 0, 0, 0, 0, 
691, 1, 824, 633, -1, 150, 172, 133.0, 15, ABplpapaaa, 0, 0, 0, 0, , 0, 0, 0, 0, 0, 
692, 1, 824, 632, -1, 166, 176, 134.5, 15, ABplpapaap, 0, 0, 0, 0, , 0, 0, 0, 0, 0, 
693, 1, 825, 634, -1, 177, 180, 152.0, 16, ABplpapapa, 0, 0, 0, 0, , 0, 0, 0, 0, 0, 
694, 1, 826, 635, -1, 164, 166, 177.0, 17, ABplpappaa, 0, 0, 0, 0, , 0, 0, 0, 0, 0, 
695, 0, 827, -1, -1, 192, 151, 170.0, 14, , 0, 0, 0, 0, , 0, 0, 0, 0, 0, 
696, 1, 827, 636, -1, 188, 155, 183.0, 12, ABplpappap, 0, 0, 0, 0, , 0, 0, 0, 0, 0, 
697, 1, 829, 638, -1, 229, 164, 180.0, 15, ABplpapppp, 0, 0, 0, 0, , 0, 0, 0, 0, 0, 
698, 1, 828, 637, -1, 201, 160, 177.0, 15, ABplpapppa, 0, 0, 0, 0, , 0, 0, 0, 0, 0, 
699, 1, 831, 640, -1, 177, 38, 135.0, 14, ABpraapapp, 0, 0, 0, 0, , 0, 0, 0, 0, 0, 
700, 1, 830, 639, -1, 151, 28, 136.0, 12, ABpraapapa, 0, 0, 0, 0, , 0, 0, 0, 0, 0, 
701, 1, 832, 641, -1, 114, 75, 188.0, 14, ABprpaaaaa, 0, 0, 0, 0, , 0, 0, 0, 0, 0, 
702, 1, 833, 642, -1, 140, 69, 195.0, 14, ABprpaaaap, 0, 0, 0, 0, , 0, 0, 0, 0, 0, 
703, 1, 835, 644, -1, 179, 66, 197.0, 15, ABprpaaapp, 0, 0, 0, 0, , 0, 0, 0, 0, 0, 
704, 1, 834, 643, -1, 153, 70, 196.0, 13, ABprpaaapa, 0, 0, 0, 0, , 0, 0, 0, 0, 0, 
705, 1, 836, 646, -1, 144, 53, 179.0, 15, ABprpaapaa, 0, 0, 0, 0, , 0, 0, 0, 0, 0, 
706, 1, 836, 645, -1, 168, 50, 178.0, 13, ABprpaapap, 0, 0, 0, 0, , 0, 0, 0, 0, 0, 
707, 1, 837, 647, -1, 182, 53, 184.0, 15, ABprpaappa, 0, 0, 0, 0, , 0, 0, 0, 0, 0, 
708, 1, 838, 648, -1, 205, 60, 189.0, 15, ABprpaappp, 0, 0, 0, 0, , 0, 0, 0, 0, 0, 
709, 1, 839, 649, 650, 182, 99, 192.0, 15, ABprpapaa, 0, 0, 0, 0, , 0, 0, 0, 0, 0, 
710, 1, 841, 651, -1, 192, 110, 205.0, 15, ABprpapapa, 0, 0, 0, 0, , 0, 0, 0, 0, 0, 
711, 1, 840, 652, -1, 219, 112, 207.0, 14, ABprpapapp, 0, 0, 0, 0, , 0, 0, 0, 0, 0, 
712, 1, 842, 653, -1, 176, 125, 201.0, 15, ABprpappaa, 0, 0, 0, 0, , 0, 0, 0, 0, 0, 
713, 1, 843, 654, -1, 209, 134, 197.0, 15, ABprpappap, 0, 0, 0, 0, , 0, 0, 0, 0, 0, 
714, 1, 844, 655, -1, 225, 132, 205.0, 15, ABprpapppa, 0, 0, 0, 0, , 0, 0, 0, 0, 0, 
715, 1, 845, 656, -1, 247, 136, 191.0, 14, ABprpapppp, 0, 0, 0, 0, , 0, 0, 0, 0, 0, 
716, 1, 846, 657, -1, 194, 77, 196.0, 14, ABprppaaa, 0, 0, 0, 0, , 0, 0, 0, 0, 0, 
717, 1, 847, 658, -1, 208, 93, 200.0, 15, ABprppaap, 0, 0, 0, 0, , 0, 0, 0, 0, 0, 
718, 1, 848, 659, -1, 217, 78, 190.0, 14, ABprppapa, 0, 0, 0, 0, , 0, 0, 0, 0, 0, 
719, 1, 849, 660, -1, 242, 81, 184.0, 14, ABprppapp, 0, 0, 0, 0, , 0, 0, 0, 0, 0, 
720, 1, 850, 661, -1, 236, 79, 205.0, 12, ABprpppaaa, 0, 0, 0, 0, , 0, 0, 0, 0, 0, 
721, 1, 851, 662, -1, 259, 92, 197.0, 12, ABprpppaap, 0, 0, 0, 0, , 0, 0, 0, 0, 0, 
722, 1, 852, 663, -1, 276, 97, 196.0, 12, ABprpppapa, 0, 0, 0, 0, , 0, 0, 0, 0, 0, 
723, 1, 853, 664, -1, 284, 115, 188.0, 12, ABprpppapp, 0, 0, 0, 0, , 0, 0, 0, 0, 0, 
724, 1, 854, 665, -1, 227, 101, 201.0, 15, ABprppppaa, 0, 0, 0, 0, , 0, 0, 0, 0, 0, 
725, 1, 855, 666, -1, 253, 110, 191.0, 13, ABprppppap, 0, 0, 0, 0, , 0, 0, 0, 0, 0, 
726, 1, 857, 667, -1, 257, 125, 197.0, 15, ABprpppppa, 0, 0, 0, 0, , 0, 0, 0, 0, 0, 
727, 1, 856, 668, -1, 278, 135, 182.0, 15, ABprpppppp, 0, 0, 0, 0, , 0, 0, 0, 0, 0, 
728, 1, 858, 669, -1, 72, 104, 127.0, 16, MSaaaaa, 0, 0, 0, 0, , 0, 0, 0, 0, 0, 
729, 1, 859, 670, -1, 105, 87, 109.333336, 13, MSaaaap, 0, 0, 0, 0, , 0, 0, 0, 0, 0, 
730, 1, 860, 671, -1, 139, 111, 124.666664, 15, MSaaapp, 0, 0, 0, 0, , 0, 0, 0, 0, 0, 
731, 1, 861, 672, -1, 107, 115, 123.0, 19, MSaaapa, 0, 0, 0, 0, , 0, 0, 0, 0, 0, 
732, 1, 862, 673, -1, 175, 143, 160.5, 15, MSaapap, 0, 0, 0, 0, , 0, 0, 0, 0, 0, 
733, 1, 863, 674, 675, 149, 131, 142.0, 12, MSaapaa, 0, 0, 0, 0, , 0, 0, 0, 0, 0, 
734, 1, 864, 676, -1, 209, 150, 150.0, 16, MSaappp, 0, 0, 0, 0, , 0, 0, 0, 0, 0, 
735, 1, 865, 677, -1, 221, 72, 132.0, 17, Epra, 0, 0, 0, 0, , 0, 0, 0, 0, 0, 
736, 1, 866, 678, -1, 182, 118, 113.0, 19, Ealp, 0, 0, 0, 0, , 0, 0, 0, 0, 0, 
737, 1, 867, 679, -1, 160, 99, 92.0, 19, Eala, 0, 0, 0, 0, , 0, 0, 0, 0, 0, 
738, 1, 868, 680, -1, 166, 78, 123.0, 19, Eara, 0, 0, 0, 0, , 0, 0, 0, 0, 0, 
739, 1, 869, 681, -1, 192, 91, 138.0, 19, Earp, 0, 0, 0, 0, , 0, 0, 0, 0, 0, 
740, 1, 870, 682, -1, 220, 103, 100.0, 20, Epla, 0, 0, 0, 0, , 0, 0, 0, 0, 0, 
741, 1, 871, 683, -1, 267, 112, 114.0, 19, Eplp, 0, 0, 0, 0, , 0, 0, 0, 0, 0, 
742, 1, 872, 684, -1, 306, 120, 87.0, 17, Caaapa, 0, 0, 0, 0, , 0, 0, 0, 0, 0, 
743, 1, 873, 685, -1, 334, 135, 127.0, 15, Caapa, 0, 0, 0, 0, , 0, 0, 0, 0, 0, 
744, 1, 874, 686, -1, 317, 149, 145.0, 17, Caapp, 0, 0, 0, 0, , 0, 0, 0, 0, 0, 
745, 1, 875, 687, -1, 243, 142, 161.0, 17, Capaa, 0, 0, 0, 0, , 0, 0, 0, 0, 0, 
746, 1, 876, 688, -1, 266, 138, 141.0, 17, Capap, 0, 0, 0, 0, , 0, 0, 0, 0, 0, 
747, 1, 877, 689, -1, 276, 145, 118.0, 17, Cappa, 0, 0, 0, 0, , 0, 0, 0, 0, 0, 
748, 1, 878, 690, -1, 290, 142, 146.0, 17, Cappp, 0, 0, 0, 0, , 0, 0, 0, 0, 0, 
749, 1, 880, 691, -1, 314, 125, 165.0, 15, Cpapp, 0, 0, 0, 0, , 0, 0, 0, 0, 0, 
750, 1, 881, 692, -1, 256, 111, 169.0, 15, Cppaa, 0, 0, 0, 0, , 0, 0, 0, 0, 0, 
751, 1, 882, 693, -1, 278, 120, 161.0, 15, Cppap, 0, 0, 0, 0, , 0, 0, 0, 0, 0, 
752, 1, 883, 694, -1, 293, 90, 156.0, 17, Cpppa, 0, 0, 0, 0, , 0, 0, 0, 0, 0, 
753, 1, 884, 695, -1, 295, 120, 154.0, 17, Cpppp, 0, 0, 0, 0, , 0, 0, 0, 0, 0, 
754, 1, 885, 696, -1, 228, 102, 131.0, 18, Z2, 0, 0, 0, 0, , 0, 0, 0, 0, 0, 
755, 1, 886, 697, -1, 204, 125, 144.0, 16, Z3, 0, 0, 0, 0, , 0, 0, 0, 0, 0, 
756, 1, 887, 698, -1, 91, 68, 89.0, 14, ABarpaaaa, 0, 0, 0, 0, , 0, 0, 0, 0, 0, 
757, 1, 888, 699, -1, 110, 72, 88.0, 16, ABarpaaap, 0, 0, 0, 0, , 0, 0, 0, 0, 0, 
758, 1, 889, 700, -1, 130, 72, 89.0, 15, ABarpaapaa, 0, 0, 0, 0, , 0, 0, 0, 0, 0, 
759, 1, 890, 701, -1, 172, 69, 73.0, 15, ABarpaapap, 0, 0, 0, 0, , 0, 0, 0, 0, 0, 
760, 1, 891, 702, -1, 182, 52, 88.0, 14, ABarpaappa, 0, 0, 0, 0, , 0, 0, 0, 0, 0, 
761, 1, 892, 703, -1, 214, 66, 84.0, 15, ABarpaappp, 0, 0, 0, 0, , 0, 0, 0, 0, 0, 
762, 1, 893, 704, -1, 120, 45, 105.0, 15, ABarpapaa, 0, 0, 0, 0, , 0, 0, 0, 0, 0, 
763, 1, 894, 706, -1, 134, 55, 93.0, 15, ABarpapapa, 0, 0, 0, 0, , 0, 0, 0, 0, 0, 
764, 1, 894, 705, -1, 160, 55, 91.0, 15, ABarpapapp, 0, 0, 0, 0, , 0, 0, 0, 0, 0, 
765, 1, 895, 707, 708, 155, 41, 110.0, 14, ABarpappa, 0, 0, 0, 0, , 0, 0, 0, 0, 0, 
766, 1, 896, 709, 710, 230, 51, 108.0, 15, ABarpppap, 0, 0, 0, 0, , 0, 0, 0, 0, 0, 
767, 1, 897, 711, 712, 227, 96, 73.0, 16, ABarppaap, 0, 0, 0, 0, , 0, 0, 0, 0, 0, 
768, 1, 898, 713, -1, 194, 86, 65.0, 17, ABarppaaa, 0, 0, 0, 0, , 0, 0, 0, 0, 0, 
769, 1, 899, 714, -1, 232, 122, 71.0, 19, ABarppapa, 0, 0, 0, 0, , 0, 0, 0, 0, 0, 
770, 1, 900, 715, -1, 270, 120, 87.0, 19, ABarppapp, 0, 0, 0, 0, , 0, 0, 0, 0, 0, 
771, 1, 901, 716, -1, 204, 39, 107.0, 16, ABarpppaa, 0, 0, 0, 0, , 0, 0, 0, 0, 0, 
772, 1, 902, 717, -1, 165, 57, 122.0, 13, ABarpapppa, 0, 0, 0, 0, , 0, 0, 0, 0, 0, 
773, 1, 903, 718, -1, 192, 50, 116.0, 14, ABarpapppp, 0, 0, 0, 0, , 0, 0, 0, 0, 0, 
774, 1, 904, 719, -1, 248, 46, 132.0, 18, ABarppppa, 0, 0, 0, 0, , 0, 0, 0, 0, 0, 
775, 1, 905, 720, -1, 276, 60, 129.0, 18, ABarppppp, 0, 0, 0, 0, , 0, 0, 0, 0, 0, 
776, 1, 907, 721, -1, 86, 87, 69.0, 17, ABplaaaaaa, 0, 0, 0, 0, , 0, 0, 0, 0, 0, 
777, 1, 906, 722, -1, 113, 93, 62.0, 17, ABplaaaaap, 0, 0, 0, 0, , 0, 0, 0, 0, 0, 
778, 1, 909, 723, -1, 121, 88, 79.0, 15, ABplaaaapa, 0, 0, 0, 0, , 0, 0, 0, 0, 0, 
779, 1, 908, 724, -1, 153, 87, 71.0, 16, ABplaaaapp, 0, 0, 0, 0, , 0, 0, 0, 0, 0, 
780, 1, 910, 725, -1, 140, 102, 56.0, 17, ABplaaapa, 0, 0, 0, 0, , 0, 0, 0, 0, 0, 
781, 1, 911, 726, -1, 158, 119, 56.0, 17, ABplaapapp, 0, 0, 0, 0, , 0, 0, 0, 0, 0, 
782, 1, 913, 740, -1, 190, 133, 68.0, 17, ABplapaaap, 0, 0, 0, 0, , 0, 0, 0, 0, 0, 
783, 1, 912, 727, -1, 161, 122, 76.0, 17, ABplapaaaa, 0, 0, 0, 0, , 0, 0, 0, 0, 0, 
784, 1, 914, 728, -1, 208, 135, 73.0, 17, ABplapaap, 0, 0, 0, 0, , 0, 0, 0, 0, 0, 
785, 1, 917, 729, -1, 256, 166, 114.0, 17, ABplapppa, 0, 0, 0, 0, , 0, 0, 0, 0, 0, 
786, 1, 918, 730, -1, 279, 170, 124.0, 17, ABplapppp, 0, 0, 0, 0, , 0, 0, 0, 0, 0, 
787, 1, 919, 731, -1, 170, 105, 57.0, 15, ABplaaappa, 0, 0, 0, 0, , 0, 0, 0, 0, 0, 
788, 1, 920, 732, -1, 200, 106, 75.0, 16, ABplaaappp, 0, 0, 0, 0, , 0, 0, 0, 0, 0, 
789, 1, 921, 733, -1, 90, 113, 65.0, 15, ABplaapaaa, 0, 0, 0, 0, , 0, 0, 0, 0, 0, 
790, 1, 922, 734, -1, 119, 113, 57.0, 16, ABplaapaap, 0, 0, 0, 0, , 0, 0, 0, 0, 0, 
791, 1, 923, 735, -1, 130, 124, 56.0, 17, ABplaapapa, 0, 0, 0, 0, , 0, 0, 0, 0, 0, 
792, 1, 924, 736, -1, 128, 147, 58.0, 17, ABplaappaa, 0, 0, 0, 0, , 0, 0, 0, 0, 0, 
793, 1, 925, 737, -1, 158, 145, 63.0, 17, ABplaappap, 0, 0, 0, 0, , 0, 0, 0, 0, 0, 
794, 1, 926, 738, -1, 174, 155, 73.0, 17, ABplaapppa, 0, 0, 0, 0, , 0, 0, 0, 0, 0, 
795, 1, 927, 739, -1, 196, 150, 77.0, 17, ABplaapppp, 0, 0, 0, 0, , 0, 0, 0, 0, 0, 
796, 1, 928, 741, -1, 249, 134, 71.0, 14, ABplapapaa, 0, 0, 0, 0, , 0, 0, 0, 0, 0, 
797, 1, 929, 742, -1, 280, 139, 84.0, 16, ABplapapap, 0, 0, 0, 0, , 0, 0, 0, 0, 0, 
798, 1, 930, 743, -1, 288, 150, 91.0, 17, ABplapappa, 0, 0, 0, 0, , 0, 0, 0, 0, 0, 
799, 1, 931, 744, -1, 301, 165, 121.0, 17, ABplapappp, 0, 0, 0, 0, , 0, 0, 0, 0, 0, 
800, 1, 915, 745, -1, 210, 163, 88.0, 18, ABplappaaa, 0, 0, 0, 0, , 0, 0, 0, 0, 0, 
801, 1, 932, 746, -1, 243, 164, 90.0, 15, ABplappaap, 0, 0, 0, 0, , 0, 0, 0, 0, 0, 
802, 1, 933, 747, -1, 237, 151, 75.0, 15, ABplappapa, 0, 0, 0, 0, , 0, 0, 0, 0, 0, 
803, 1, 916, 748, -1, 266, 156, 93.0, 14, ABplappapp, 0, 0, 0, 0, , 0, 0, 0, 0, 0, 
804, 1, 934, 749, -1, 192, 150, 167.0, 16, MSaappa, 0, 0, 0, 0, , 0, 0, 0, 0, 0, 
805, 1, 935, 750, -1, 92, 147, 123.0, 16, MSapaaa, 0, 0, 0, 0, , 0, 0, 0, 0, 0, 
806, 1, 936, 751, -1, 116, 143, 115.0, 16, MSapaap, 0, 0, 0, 0, , 0, 0, 0, 0, 0, 
807, 1, 937, 752, -1, 137, 136, 110.0, 16, MSapapa, 0, 0, 0, 0, , 0, 0, 0, 0, 0, 
808, 1, 938, 753, -1, 156, 132, 100.0, 16, MSapapp, 0, 0, 0, 0, , 0, 0, 0, 0, 0, 
809, 1, 939, 754, -1, 158, 149, 123.0, 16, MSappaa, 0, 0, 0, 0, , 0, 0, 0, 0, 0, 
810, 1, 940, 755, -1, 183, 152, 134.0, 15, MSappap, 0, 0, 0, 0, , 0, 0, 0, 0, 0, 
811, 1, 941, 756, -1, 175, 151, 112.0, 14, MSapppa, 0, 0, 0, 0, , 0, 0, 0, 0, 0, 
812, 1, 942, 757, -1, 206, 133, 102.0, 14, MSapppp, 0, 0, 0, 0, , 0, 0, 0, 0, 0, 
813, 1, 943, 759, -1, 86, 88, 147.0, 15, MSpaaaaa, 0, 0, 0, 0, , 0, 0, 0, 0, 0, 
814, 1, 943, 758, -1, 101, 92, 143.0, 15, MSpaaaap, 0, 0, 0, 0, , 0, 0, 0, 0, 0, 
815, 1, 944, 760, -1, 123, 80, 136.0, 15, MSpaaap, 0, 0, 0, 0, , 0, 0, 0, 0, 0, 
816, 1, 945, 761, -1, 128, 94, 149.0, 15, MSpaapa, 0, 0, 0, 0, , 0, 0, 0, 0, 0, 
817, 0, -1, -1, -1, 152, 95, 122.0, 15, , 0, 0, 0, 0, , 0, 0, 0, 0, 0, 
818, 1, 946, 762, -1, 151, 96, 122.0, 15, MSpaapp, 0, 0, 0, 0, , 0, 0, 0, 0, 0, 
819, 1, 947, 763, -1, 168, 119, 159.0, 16, MSpapaa, 0, 0, 0, 0, , 0, 0, 0, 0, 0, 
820, 1, 948, 764, -1, 192, 117, 167.0, 16, MSpapap, 0, 0, 0, 0, , 0, 0, 0, 0, 0, 
821, 1, 949, 765, -1, 202, 135, 176.0, 14, MSpappa, 0, 0, 0, 0, , 0, 0, 0, 0, 0, 
822, 1, 950, 766, -1, 219, 126, 176.0, 16, MSpappp, 0, 0, 0, 0, , 0, 0, 0, 0, 0, 
823, 1, 951, 767, -1, 130, 82, 172.0, 14, MSppaap, 0, 0, 0, 0, , 0, 0, 0, 0, 0, 
824, 1, 952, 768, -1, 105, 86, 171.0, 14, MSppaaa, 0, 0, 0, 0, , 0, 0, 0, 0, 0, 
825, 1, 953, 769, -1, 142, 72, 162.0, 14, MSppapa, 0, 0, 0, 0, , 0, 0, 0, 0, 0, 
826, 1, 954, 770, -1, 167, 62, 148.0, 15, MSppapp, 0, 0, 0, 0, , 0, 0, 0, 0, 0, 
827, 1, 955, 771, -1, 160, 96, 175.0, 14, MSpppaa, 0, 0, 0, 0, , 0, 0, 0, 0, 0, 
828, 1, 956, 772, -1, 183, 91, 172.0, 16, MSpppap, 0, 0, 0, 0, , 0, 0, 0, 0, 0, 
829, 1, 957, 773, -1, 175, 69, 167.0, 14, MSppppa, 0, 0, 0, 0, , 0, 0, 0, 0, 0, 
830, 1, 958, 774, -1, 200, 76, 167.0, 15, MSppppp, 0, 0, 0, 0, , 0, 0, 0, 0, 0, 
831, 1, 960, 776, -1, 125, 52, 150.0, 15, ABpraaapap, 0, 0, 0, 0, , 0, 0, 0, 0, 0, 
832, 1, 959, 775, -1, 106, 69, 152.0, 17, ABpraaapaa, 0, 0, 0, 0, , 0, 0, 0, 0, 0, 
833, 1, 961, 777, -1, 257, 96, 78.0, 15, Caaaaa, 0, 0, 0, 0, , 0, 0, 0, 0, 0, 
834, 1, 962, 778, -1, 288, 103, 88.0, 16, Caaaap, 0, 0, 0, 0, , 0, 0, 0, 0, 0, 
835, 1, 963, 779, -1, 306, 135, 118.0, 17, Caaapp, 0, 0, 0, 0, , 0, 0, 0, 0, 0, 
836, 1, 964, 780, -1, 236, 67, 84.0, 17, Cpaaaa, 0, 0, 0, 0, , 0, 0, 0, 0, 0, 
837, 1, 965, 781, -1, 273, 70, 102.0, 19, Cpaaap, 0, 0, 0, 0, , 0, 0, 0, 0, 0, 
838, 1, 966, 782, -1, 294, 76, 104.0, 17, Cpaapa, 0, 0, 0, 0, , 0, 0, 0, 0, 0, 
839, 1, 967, 783, -1, 311, 99, 122.0, 17, Cpaapp, 0, 0, 0, 0, , 0, 0, 0, 0, 0, 
840, 1, 968, 784, -1, 318, 125, 140.0, 15, Cpapaa, 0, 0, 0, 0, , 0, 0, 0, 0, 0, 
841, 1, 879, 785, -1, 330, 95, 141.0, 15, Cpapap, 0, 0, 0, 0, , 0, 0, 0, 0, 0, 
842, 1, 969, 786, -1, 206, 148, 116.0, 16, Daaa, 0, 0, 0, 0, , 0, 0, 0, 0, 0, 
843, 1, 970, 787, -1, 229, 142, 143.0, 14, Daap, 0, 0, 0, 0, , 0, 0, 0, 0, 0, 
844, 1, 971, 788, -1, 226, 141, 120.0, 16, Dapa, 0, 0, 0, 0, , 0, 0, 0, 0, 0, 
845, 1, 972, 789, -1, 253, 131, 126.0, 16, Dapp, 0, 0, 0, 0, , 0, 0, 0, 0, 0, 
846, 1, 973, 790, -1, 209, 93, 167.0, 16, Dpaa, 0, 0, 0, 0, , 0, 0, 0, 0, 0, 
847, 1, 974, 791, -1, 236, 109, 170.0, 16, Dpap, 0, 0, 0, 0, , 0, 0, 0, 0, 0, 
848, 1, 975, 792, -1, 239, 89, 159.0, 16, Dppa, 0, 0, 0, 0, , 0, 0, 0, 0, 0, 
849, 1, 976, 793, -1, 274, 91, 151.0, 16, Dppp, 0, 0, 0, 0, , 0, 0, 0, 0, 0, 
850, 1, 977, 609, -1, 115, 43, 133.0, 14, ABpraapaaa, 0, 0, 0, 0, , 0, 0, 0, 0, 0, 
851, 1, 978, 794, -1, 143, 40, 131.0, 14, ABpraapaap, 0, 0, 0, 0, , 0, 0, 0, 0, 0, 
852, 1, 979, 795, -1, 115, 150, 74.0, 14, ABalpppapp, 0, 0, 0, 0, , 0, 0, 0, 0, 0, 
853, 1, 980, 796, -1, 301, 103, 185.0, 19, ABprapppp, 0, 0, 0, 0, , 0, 0, 0, 0, 0, 
