1, 0, 1, -1, -1, 50, 111, 82.0, 9, , 106, 0, 0, 0, , 0, 0, 0, 0, 0, 
2, 0, 2, -1, -1, 104, 54, 164.0, 8, , 21, 0, 0, 0, , 0, 0, 0, 0, 0, 
3, 0, 3, -1, -1, 204, 93, 204.0, 8, , 10, 0, 0, 0, , 0, 0, 0, 0, 0, 
4, 0, 4, -1, -1, 194, 76, 201.0, 8, , 6, 0, 0, 0, , 0, 0, 0, 0, 0, 
5, 0, 5, -1, -1, 203, 58, 191.0, 7, , 36, 0, 0, 0, , 0, 0, 0, 0, 0, 
6, 0, 6, -1, -1, 186, 38, 161.0, 7, , 40, 0, 0, 0, , 0, 0, 0, 0, 0, 
7, 0, 7, -1, -1, 160, 48, 178.0, 8, , 51, 0, 0, 0, , 0, 0, 0, 0, 0, 
8, 0, 9, -1, -1, 157, 139, 200.0, 7, , 4, 0, 0, 0, , 0, 0, 0, 0, 0, 
9, 0, 10, -1, -1, 86, 109, 167.0, 9, , 15, 0, 0, 0, , 0, 0, 0, 0, 0, 
10, 0, 11, -1, -1, 210, 93, 206.0, 7, , 25, 0, 0, 0, , 0, 0, 0, 0, 0, 
11, 0, 12, -1, -1, 136, 131, 200.0, 9, , 52, 0, 0, 0, , 0, 0, 0, 0, 0, 
12, 0, 13, -1, -1, 189, 80, 206.0, 8, , 31, 0, 0, 0, , 0, 0, 0, 0, 0, 
13, 0, 15, -1, -1, 193, 87, 198.0, 7, , 23, 0, 0, 0, , 0, 0, 0, 0, 0, 
14, 0, 16, -1, -1, 171, 95, 192.0, 8, , 38, 0, 0, 0, , 0, 0, 0, 0, 0, 
15, 0, 17, -1, -1, 148, 116, 200.0, 8, , 7, 0, 0, 0, , 0, 0, 0, 0, 0, 
16, 0, 18, -1, -1, 78, 73, 147.0, 9, , 62, 0, 0, 0, , 0, 0, 0, 0, 0, 
17, 0, 19, -1, -1, 119, 113, 187.0, 8, , 25, 0, 0, 0, , 0, 0, 0, 0, 0, 
18, 0, 20, -1, -1, 180, 49, 189.0, 11, , 16, 0, 0, 0, , 0, 0, 0, 0, 0, 
19, 0, 21, -1, -1, 133, 88, 201.0, 9, , 28, 0, 0, 0, , 0, 0, 0, 0, 0, 
20, 0, 22, -1, -1, 140, 111, 203.0, 7, , 31, 0, 0, 0, , 0, 0, 0, 0, 0, 
21, 0, 24, -1, -1, 231, 104, 204.0, 9, , 39, 0, 0, 0, , 0, 0, 0, 0, 0, 
22, 0, 25, -1, -1, 300, 86, 176.0, 8, , 3, 0, 0, 0, , 0, 0, 0, 0, 0, 
23, 0, 26, -1, -1, 225, 51, 150.0, 8, , 36, 0, 0, 0, , 0, 0, 0, 0, 0, 
24, 0, 27, -1, -1, 314, 75, 145.0, 7, , 9, 0, 0, 0, , 0, 0, 0, 0, 0, 
25, 0, 28, -1, -1, 312, 75, 144.0, 8, , 26, 0, 0, 0, , 0, 0, 0, 0, 0, 
26, 0, 29, -1, -1, 143, 53, 182.0, 9, , 59, 0, 0, 0, , 0, 0, 0, 0, 0, 
27, 0, 30, -1, -1, 193, 80, 190.0, 11, , 32, 0, 0, 0, , 0, 0, 0, 0, 0, 
28, 0, 31, -1, -1, 145, 111, 210.0, 8, , 27, 0, 0, 0, , 0, 0, 0, 0, 0, 
29, 0, 32, -1, -1, 140, 110, 205.0, 7, , 40, 0, 0, 0, , 0, 0, 0, 0, 0, 
30, 0, 35, -1, -1, 150, 115, 185.0, 8, , 27, 0, 0, 0, , 0, 0, 0, 0, 0, 
31, 0, 36, -1, -1, 218, 76, 201.0, 8, , 37, 0, 0, 0, , 0, 0, 0, 0, 0, 
32, 0, 37, -1, -1, 257, 129, 195.0, 7, , 12, 0, 0, 0, , 0, 0, 0, 0, 0, 
33, 0, 38, -1, -1, 135, 132, 191.0, 9, , 41, 0, 0, 0, , 0, 0, 0, 0, 0, 
34, 0, 39, -1, -1, 218, 81, 188.0, 9, , 45, 0, 0, 0, , 0, 0, 0, 0, 0, 
35, 0, 40, -1, -1, 63, 115, 148.0, 8, , 18, 0, 0, 0, , 0, 0, 0, 0, 0, 
36, 0, 41, -1, -1, 143, 54, 183.0, 9, , 120, 0, 0, 0, , 0, 0, 0, 0, 0, 
37, 0, 42, -1, -1, 216, 80, 193.0, 8, , 27, 0, 0, 0, , 0, 0, 0, 0, 0, 
38, 0, 43, -1, -1, 139, 70, 192.0, 8, , 20, 0, 0, 0, , 0, 0, 0, 0, 0, 
39, 0, 44, -1, -1, 155, 75, 195.0, 7, , 33, 0, 0, 0, , 0, 0, 0, 0, 0, 
40, 0, 46, -1, -1, 218, 110, 208.0, 9, , 6, 0, 0, 0, , 0, 0, 0, 0, 0, 
41, 0, 47, -1, -1, 137, 133, 179.0, 9, , 10, 0, 0, 0, , 0, 0, 0, 0, 0, 
42, 0, 48, -1, -1, 196, 175, 164.0, 8, , 48, 0, 0, 0, , 0, 0, 0, 0, 0, 
43, 0, 49, -1, -1, 154, 66, 200.0, 9, , 57, 0, 0, 0, , 0, 0, 0, 0, 0, 
44, 0, 50, -1, -1, 64, 117, 173.0, 7, , 40, 0, 0, 0, , 0, 0, 0, 0, 0, 
45, 0, 51, -1, -1, 233, 50, 156.0, 7, , 35, 0, 0, 0, , 0, 0, 0, 0, 0, 
46, 0, 52, -1, -1, 161, 51, 175.0, 8, , 117, 0, 0, 0, , 0, 0, 0, 0, 0, 
47, 0, 53, -1, -1, 127, 125, 187.0, 8, , 5, 0, 0, 0, , 0, 0, 0, 0, 0, 
48, 0, 54, -1, -1, 207, 78, 196.0, 7, , 30, 0, 0, 0, , 0, 0, 0, 0, 0, 
49, 0, 56, -1, -1, 104, 109, 159.0, 9, , 15, 0, 0, 0, , 0, 0, 0, 0, 0, 
50, 0, 57, -1, -1, 222, 49, 176.0, 7, , 7, 0, 0, 0, , 0, 0, 0, 0, 0, 
51, 0, 58, -1, -1, 259, 92, 199.0, 9, , 26, 0, 0, 0, , 0, 0, 0, 0, 0, 
52, 0, 59, -1, -1, 136, 89, 209.0, 7, , 13, 0, 0, 0, , 0, 0, 0, 0, 0, 
53, 0, 61, -1, -1, 48, 110, 87.0, 9, , 80, 0, 0, 0, , 0, 0, 0, 0, 0, 
54, 0, 62, -1, -1, 104, 164, 116.0, 7, , 15, 0, 0, 0, , 0, 0, 0, 0, 0, 
55, 0, 63, -1, -1, 190, 41, 137.0, 8, , 35, 0, 0, 0, , 0, 0, 0, 0, 0, 
56, 0, 64, -1, -1, 194, 39, 146.0, 9, , 92, 0, 0, 0, , 0, 0, 0, 0, 0, 
57, 0, 65, -1, -1, 299, 64, 148.0, 9, , 27, 0, 0, 0, , 0, 0, 0, 0, 0, 
58, 0, 66, -1, -1, 67, 118, 151.0, 9, , 9, 0, 0, 0, , 0, 0, 0, 0, 0, 
59, 0, 67, -1, -1, 100, 106, 168.0, 9, , 25, 0, 0, 0, , 0, 0, 0, 0, 0, 
60, 0, 69, -1, -1, 285, 119, 190.0, 7, , 43, 0, 0, 0, , 0, 0, 0, 0, 0, 
61, 0, 70, -1, -1, 177, 67, 197.0, 8, , 27, 0, 0, 0, , 0, 0, 0, 0, 0, 
62, 0, 72, -1, -1, 77, 85, 169.0, 9, , 24, 0, 0, 0, , 0, 0, 0, 0, 0, 
63, 0, 73, -1, -1, 103, 94, 190.0, 8, , 49, 0, 0, 0, , 0, 0, 0, 0, 0, 
64, 0, 74, -1, -1, 178, 67, 200.0, 9, , 77, 0, 0, 0, , 0, 0, 0, 0, 0, 
65, 0, 75, -1, -1, 193, 75, 194.0, 8, , 32, 0, 0, 0, , 0, 0, 0, 0, 0, 
66, 0, 76, -1, -1, 212, 100, 204.0, 7, , 29, 0, 0, 0, , 0, 0, 0, 0, 0, 
67, 0, 77, -1, -1, 253, 98, 203.0, 7, , 12, 0, 0, 0, , 0, 0, 0, 0, 0, 
68, 0, 78, -1, -1, 164, 36, 154.0, 9, , 50, 0, 0, 0, , 0, 0, 0, 0, 0, 
69, 0, 81, -1, -1, 243, 76, 184.0, 9, , 46, 0, 0, 0, , 0, 0, 0, 0, 0, 
70, 0, 83, -1, -1, 138, 87, 205.0, 7, , 29, 0, 0, 0, , 0, 0, 0, 0, 0, 
71, 0, 84, -1, -1, 158, 131, 202.0, 7, , 18, 0, 0, 0, , 0, 0, 0, 0, 0, 
72, 0, 85, -1, -1, 160, 138, 202.0, 7, , 18, 0, 0, 0, , 0, 0, 0, 0, 0, 
73, 0, 86, -1, -1, 116, 116, 177.0, 9, , 65, 0, 0, 0, , 0, 0, 0, 0, 0, 
74, 0, 87, -1, -1, 133, 134, 207.0, 11, , 25, 0, 0, 0, , 0, 0, 0, 0, 0, 
75, 0, 88, -1, -1, 139, 34, 130.0, 8, , 14, 0, 0, 0, , 0, 0, 0, 0, 0, 
76, 0, 89, -1, -1, 143, 72, 194.0, 9, , 31, 0, 0, 0, , 0, 0, 0, 0, 0, 
77, 0, 90, -1, -1, 277, 106, 197.0, 7, , 15, 0, 0, 0, , 0, 0, 0, 0, 0, 
78, 0, 91, -1, -1, 49, 109, 89.0, 7, , 57, 0, 0, 0, , 0, 0, 0, 0, 0, 
79, 0, 92, -1, -1, 87, 165, 105.0, 7, , 36, 0, 0, 0, , 0, 0, 0, 0, 0, 
80, 0, 93, -1, -1, 43, 106, 122.0, 8, , 16, 0, 0, 0, , 0, 0, 0, 0, 0, 
81, 0, 96, -1, -1, 108, 42, 133.0, 8, , 15, 0, 0, 0, , 0, 0, 0, 0, 0, 
82, 0, 98, -1, -1, 61, 80, 140.0, 9, , 59, 0, 0, 0, , 0, 0, 0, 0, 0, 
83, 0, 99, -1, -1, 173, 34, 142.0, 8, , 23, 0, 0, 0, , 0, 0, 0, 0, 0, 
84, 0, 100, -1, -1, 187, 40, 160.0, 8, , 12, 0, 0, 0, , 0, 0, 0, 0, 0, 
85, 0, 101, -1, -1, 100, 63, 162.0, 7, , 29, 0, 0, 0, , 0, 0, 0, 0, 0, 
86, 0, 104, -1, -1, 243, 73, 183.0, 8, , 15, 0, 0, 0, , 0, 0, 0, 0, 0, 
87, 0, 105, -1, -1, 300, 87, 181.0, 8, , 18, 0, 0, 0, , 0, 0, 0, 0, 0, 
88, 0, 107, -1, -1, 152, 117, 175.0, 9, , 27, 0, 0, 0, , 0, 0, 0, 0, 0, 
89, 0, 108, -1, -1, 112, 116, 182.0, 7, , 21, 0, 0, 0, , 0, 0, 0, 0, 0, 
90, 0, 109, -1, -1, 304, 109, 185.0, 9, , 108, 0, 0, 0, , 0, 0, 0, 0, 0, 
91, 0, 110, -1, -1, 152, 70, 191.0, 9, , 20, 0, 0, 0, , 0, 0, 0, 0, 0, 
92, 0, 111, -1, -1, 93, 124, 193.0, 9, , 37, 0, 0, 0, , 0, 0, 0, 0, 0, 
93, 0, 114, -1, -1, 218, 72, 193.0, 9, , 29, 0, 0, 0, , 0, 0, 0, 0, 0, 
94, 0, 115, -1, -1, 115, 92, 197.0, 7, , 19, 0, 0, 0, , 0, 0, 0, 0, 0, 
95, 0, 116, -1, -1, 259, 91, 201.0, 7, , 17, 0, 0, 0, , 0, 0, 0, 0, 0, 
96, 0, 117, -1, -1, 162, 92, 208.0, 9, , 64, 0, 0, 0, , 0, 0, 0, 0, 0, 
97, 0, 118, -1, -1, 308, 72, 152.0, 11, , 77, 0, 0, 0, , 0, 0, 0, 0, 0, 
98, 0, 119, -1, -1, 96, 50, 159.0, 8, , 18, 0, 0, 0, , 0, 0, 0, 0, 0, 
99, 0, 120, -1, -1, 294, 89, 170.0, 9, , 16, 0, 0, 0, , 0, 0, 0, 0, 0, 
100, 0, 121, -1, -1, 143, 93, 193.0, 7, , 8, 0, 0, 0, , 0, 0, 0, 0, 0, 
101, 0, 123, -1, -1, 87, 159, 108.0, 7, , 12, 0, 0, 0, , 0, 0, 0, 0, 0, 
102, 0, 124, -1, -1, 72, 68, 132.0, 11, , 30, 0, 0, 0, , 0, 0, 0, 0, 0, 
103, 0, 128, -1, -1, 167, 48, 181.0, 9, , 92, 0, 0, 0, , 0, 0, 0, 0, 0, 
104, 0, 129, -1, -1, 285, 117, 180.0, 7, , 87, 0, 0, 0, , 0, 0, 0, 0, 0, 
105, 0, 130, -1, -1, 141, 106, 190.0, 7, , 9, 0, 0, 0, , 0, 0, 0, 0, 0, 
106, 0, 131, -1, -1, 153, 70, 194.0, 9, , 74, 0, 0, 0, , 0, 0, 0, 0, 0, 
107, 0, 132, -1, -1, 177, 68, 193.0, 8, , 48, 0, 0, 0, , 0, 0, 0, 0, 0, 
108, 0, 133, -1, -1, 224, 81, 195.0, 9, , 53, 0, 0, 0, , 0, 0, 0, 0, 0, 
109, 0, 134, -1, -1, 165, 138, 198.0, 8, , 27, 0, 0, 0, , 0, 0, 0, 0, 0, 
110, 0, 135, -1, -1, 138, 69, 203.0, 8, , 13, 0, 0, 0, , 0, 0, 0, 0, 0, 
111, 0, 138, -1, -1, 217, 73, 186.0, 8, , 20, 0, 0, 0, , 0, 0, 0, 0, 0, 
112, 0, 139, -1, -1, 131, 80, 203.0, 9, , 40, 0, 0, 0, , 0, 0, 0, 0, 0, 
113, 0, 140, -1, -1, 177, 123, 203.0, 8, , 14, 0, 0, 0, , 0, 0, 0, 0, 0, 
114, 0, 141, -1, -1, 201, 157, 180.0, 8, , 18, 0, 0, 0, , 0, 0, 0, 0, 0, 
115, 0, 142, -1, -1, 212, 134, 194.0, 8, , 15, 0, 0, 0, , 0, 0, 0, 0, 0, 
116, 0, 143, -1, -1, 261, 125, 195.0, 9, , 35, 0, 0, 0, , 0, 0, 0, 0, 0, 
117, 0, 144, -1, -1, 257, 129, 193.0, 8, , 31, 0, 0, 0, , 0, 0, 0, 0, 0, 
118, 0, 145, -1, -1, 112, 69, 78.0, 7, , 20, 0, 0, 0, , 0, 0, 0, 0, 0, 
119, 0, 148, -1, -1, 86, 170, 109.0, 8, , 13, 0, 0, 0, , 0, 0, 0, 0, 0, 
120, 0, 149, -1, -1, 134, 181, 122.0, 7, , 18, 0, 0, 0, , 0, 0, 0, 0, 0, 
121, 0, 150, -1, -1, 56, 134, 134.0, 7, , 18, 0, 0, 0, , 0, 0, 0, 0, 0, 
122, 0, 153, -1, -1, 64, 76, 138.0, 7, , 24, 0, 0, 0, , 0, 0, 0, 0, 0, 
123, 0, 154, -1, -1, 258, 177, 136.0, 7, , 4, 0, 0, 0, , 0, 0, 0, 0, 0, 
124, 0, 155, -1, -1, 98, 113, 146.0, 7, , 12, 0, 0, 0, , 0, 0, 0, 0, 0, 
125, 0, 156, -1, -1, 74, 153, 145.0, 11, , 80, 0, 0, 0, , 0, 0, 0, 0, 0, 
126, 0, 157, -1, -1, 60, 100, 160.0, 9, , 21, 0, 0, 0, , 0, 0, 0, 0, 0, 
127, 0, 158, -1, -1, 87, 107, 161.0, 9, , 29, 0, 0, 0, , 0, 0, 0, 0, 0, 
128, 0, 162, -1, -1, 290, 73, 164.0, 7, , 28, 0, 0, 0, , 0, 0, 0, 0, 0, 
129, 0, 164, -1, -1, 268, 60, 163.0, 7, , 6, 0, 0, 0, , 0, 0, 0, 0, 0, 
130, 0, 165, -1, -1, 276, 60, 169.0, 8, , 67, 0, 0, 0, , 0, 0, 0, 0, 0, 
131, 0, 166, -1, -1, 79, 85, 178.0, 8, , 13, 0, 0, 0, , 0, 0, 0, 0, 0, 
132, 0, 168, -1, -1, 120, 113, 182.0, 9, , 20, 0, 0, 0, , 0, 0, 0, 0, 0, 
133, 0, 169, -1, -1, 75, 133, 177.0, 8, , 20, 0, 0, 0, , 0, 0, 0, 0, 0, 
134, 0, 170, -1, -1, 300, 104, 178.0, 7, , 30, 0, 0, 0, , 0, 0, 0, 0, 0, 
135, 0, 171, -1, -1, 240, 83, 177.0, 7, , 12, 0, 0, 0, , 0, 0, 0, 0, 0, 
136, 0, 172, -1, -1, 258, 127, 191.0, 9, , 48, 0, 0, 0, , 0, 0, 0, 0, 0, 
137, 0, 174, -1, -1, 191, 90, 197.0, 8, , 15, 0, 0, 0, , 0, 0, 0, 0, 0, 
138, 0, 175, -1, -1, 253, 111, 199.0, 7, , 8, 0, 0, 0, , 0, 0, 0, 0, 0, 
139, 0, 176, -1, -1, 196, 81, 201.0, 11, , 52, 0, 0, 0, , 0, 0, 0, 0, 0, 
140, 0, 177, -1, -1, 119, 98, 206.0, 7, , 17, 0, 0, 0, , 0, 0, 0, 0, 0, 
141, 0, 178, -1, -1, 225, 132, 209.0, 9, , 6, 0, 0, 0, , 0, 0, 0, 0, 0, 
142, 0, 179, -1, -1, 228, 105, 206.0, 9, , 32, 0, 0, 0, , 0, 0, 0, 0, 0, 
143, 0, 180, -1, -1, 147, 88, 208.0, 8, , 19, 0, 0, 0, , 0, 0, 0, 0, 0, 
144, 0, 182, -1, -1, 68, 120, 158.0, 7, , 23, 0, 0, 0, , 0, 0, 0, 0, 0, 
145, 0, 183, -1, -1, 104, 165, 163.0, 9, , 13, 0, 0, 0, , 0, 0, 0, 0, 0, 
146, 0, 185, -1, -1, 88, 165, 140.0, 7, , 19, 0, 0, 0, , 0, 0, 0, 0, 0, 
147, 0, 186, -1, -1, 205, 94, 197.0, 9, , 21, 0, 0, 0, , 0, 0, 0, 0, 0, 
148, 0, 187, -1, -1, 132, 49, 97.0, 9, , 13, 0, 0, 0, , 0, 0, 0, 0, 0, 
149, 0, 188, -1, -1, 173, 48, 183.0, 8, , 16, 0, 0, 0, , 0, 0, 0, 0, 0, 
150, 0, 189, -1, -1, 296, 60, 141.0, 9, , 10, 0, 0, 0, , 0, 0, 0, 0, 0, 
151, 0, 191, -1, -1, 284, 119, 186.0, 9, , 82, 0, 0, 0, , 0, 0, 0, 0, 0, 
152, 0, 193, -1, -1, 202, 66, 189.0, 7, , 19, 0, 0, 0, , 0, 0, 0, 0, 0, 
153, 0, 194, -1, -1, 81, 149, 86.0, 7, , 4, 0, 0, 0, , 0, 0, 0, 0, 0, 
154, 0, 195, -1, -1, 84, 141, 93.0, 7, , 21, 0, 0, 0, , 0, 0, 0, 0, 0, 
155, 0, 197, -1, -1, 114, 47, 97.0, 8, , 22, 0, 0, 0, , 0, 0, 0, 0, 0, 
156, 0, 199, -1, -1, 69, 156, 116.0, 9, , 15, 0, 0, 0, , 0, 0, 0, 0, 0, 
157, 0, 201, -1, -1, 135, 180, 118.0, 7, , 14, 0, 0, 0, , 0, 0, 0, 0, 0, 
158, 0, 202, -1, -1, 107, 162, 122.0, 9, , 50, 0, 0, 0, , 0, 0, 0, 0, 0, 
159, 0, 203, -1, -1, 43, 106, 128.0, 9, , 95, 0, 0, 0, , 0, 0, 0, 0, 0, 
160, 0, 204, -1, -1, 175, 36, 131.0, 9, , 26, 0, 0, 0, , 0, 0, 0, 0, 0, 
161, 0, 205, -1, -1, 71, 83, 135.0, 7, , 13, 0, 0, 0, , 0, 0, 0, 0, 0, 
162, 0, 206, -1, -1, 72, 78, 134.0, 9, , 16, 0, 0, 0, , 0, 0, 0, 0, 0, 
163, 0, 207, -1, -1, 89, 71, 148.0, 8, , 4, 0, 0, 0, , 0, 0, 0, 0, 0, 
164, 0, 208, -1, -1, 312, 76, 147.0, 8, , 38, 0, 0, 0, , 0, 0, 0, 0, 0, 
165, 0, 209, -1, -1, 44, 107, 155.0, 9, , 18, 0, 0, 0, , 0, 0, 0, 0, 0, 
166, 0, 210, -1, -1, 60, 117, 159.0, 9, , 36, 0, 0, 0, , 0, 0, 0, 0, 0, 
167, 0, 212, -1, -1, 97, 60, 167.0, 9, , 21, 0, 0, 0, , 0, 0, 0, 0, 0, 
168, 0, 213, -1, -1, 96, 54, 170.0, 8, , 21, 0, 0, 0, , 0, 0, 0, 0, 0, 
169, 0, 214, -1, -1, 97, 55, 168.0, 11, , 47, 0, 0, 0, , 0, 0, 0, 0, 0, 
170, 0, 216, -1, -1, 113, 111, 179.0, 9, , 49, 0, 0, 0, , 0, 0, 0, 0, 0, 
171, 0, 217, -1, -1, 285, 88, 179.0, 7, , 9, 0, 0, 0, , 0, 0, 0, 0, 0, 
172, 0, 218, -1, -1, 245, 60, 183.0, 9, , 75, 0, 0, 0, , 0, 0, 0, 0, 0, 
173, 0, 220, -1, -1, 209, 94, 195.0, 7, , 18, 0, 0, 0, , 0, 0, 0, 0, 0, 
174, 0, 221, -1, -1, 133, 133, 201.0, 9, , 39, 0, 0, 0, , 0, 0, 0, 0, 0, 
175, 0, 223, -1, -1, 150, 109, 196.0, 8, , 23, 0, 0, 0, , 0, 0, 0, 0, 0, 
176, 0, 224, -1, -1, 150, 27, 140.0, 8, , 37, 0, 0, 0, , 0, 0, 0, 0, 0, 
177, 0, 225, -1, -1, 266, 44, 155.0, 7, , 15, 0, 0, 0, , 0, 0, 0, 0, 0, 
178, 0, 227, -1, -1, 161, 52, 186.0, 9, , 54, 0, 0, 0, , 0, 0, 0, 0, 0, 
179, 0, 228, -1, -1, 213, 134, 196.0, 7, , 21, 0, 0, 0, , 0, 0, 0, 0, 0, 
180, 0, 229, -1, -1, 173, 92, 198.0, 8, , 28, 0, 0, 0, , 0, 0, 0, 0, 0, 
181, 0, 230, -1, -1, 195, 83, 205.0, 8, , 24, 0, 0, 0, , 0, 0, 0, 0, 0, 
182, 0, 232, -1, -1, 111, 47, 126.0, 9, , 27, 0, 0, 0, , 0, 0, 0, 0, 0, 
183, 0, 233, -1, -1, 108, 42, 130.0, 7, , 21, 0, 0, 0, , 0, 0, 0, 0, 0, 
184, 0, 236, -1, -1, 301, 59, 150.0, 8, , 34, 0, 0, 0, , 0, 0, 0, 0, 0, 
185, 0, 237, -1, -1, 80, 110, 158.0, 8, , 22, 0, 0, 0, , 0, 0, 0, 0, 0, 
186, 0, 238, -1, -1, 258, 96, 196.0, 9, , 33, 0, 0, 0, , 0, 0, 0, 0, 0, 
187, 0, 239, -1, -1, 180, 50, 177.0, 7, , 14, 0, 0, 0, , 0, 0, 0, 0, 0, 
188, 0, 244, -1, -1, 145, 175, 133.0, 7, , 17, 0, 0, 0, , 0, 0, 0, 0, 0, 
189, 0, 245, -1, -1, 254, 173, 137.0, 7, , 19, 0, 0, 0, , 0, 0, 0, 0, 0, 
190, 0, 248, -1, -1, 111, 50, 135.0, 7, , 27, 0, 0, 0, , 0, 0, 0, 0, 0, 
191, 0, 249, -1, -1, 175, 39, 138.0, 7, , 18, 0, 0, 0, , 0, 0, 0, 0, 0, 
192, 0, 250, -1, -1, 45, 101, 141.0, 8, , 16, 0, 0, 0, , 0, 0, 0, 0, 0, 
193, 0, 252, -1, -1, 270, 162, 146.0, 9, , 27, 0, 0, 0, , 0, 0, 0, 0, 0, 
194, 0, 254, -1, -1, 102, 71, 148.0, 9, , 40, 0, 0, 0, , 0, 0, 0, 0, 0, 
195, 0, 257, -1, -1, 232, 52, 154.0, 9, , 35, 0, 0, 0, , 0, 0, 0, 0, 0, 
196, 0, 259, -1, -1, 131, 45, 160.0, 8, , 66, 0, 0, 0, , 0, 0, 0, 0, 0, 
197, 0, 260, -1, -1, 87, 75, 170.0, 8, , 11, 0, 0, 0, , 0, 0, 0, 0, 0, 
198, 0, 261, -1, -1, 193, 149, 172.0, 9, , 8, 0, 0, 0, , 0, 0, 0, 0, 0, 
199, 0, 262, -1, -1, 78, 83, 173.0, 9, , 7, 0, 0, 0, , 0, 0, 0, 0, 0, 
200, 0, 263, -1, -1, 244, 72, 181.0, 8, , 13, 0, 0, 0, , 0, 0, 0, 0, 0, 
201, 0, 264, -1, -1, 155, 118, 181.0, 7, , 18, 0, 0, 0, , 0, 0, 0, 0, 0, 
202, 0, 265, -1, -1, 287, 113, 184.0, 9, , 78, 0, 0, 0, , 0, 0, 0, 0, 0, 
203, 0, 266, -1, -1, 148, 115, 183.0, 8, , 19, 0, 0, 0, , 0, 0, 0, 0, 0, 
204, 0, 267, -1, -1, 298, 105, 188.0, 8, , 4, 0, 0, 0, , 0, 0, 0, 0, 0, 
205, 0, 268, -1, -1, 103, 104, 194.0, 8, , 31, 0, 0, 0, , 0, 0, 0, 0, 0, 
206, 0, 269, -1, -1, 103, 103, 196.0, 8, , 30, 0, 0, 0, , 0, 0, 0, 0, 0, 
207, 0, 270, -1, -1, 236, 78, 201.0, 8, , 48, 0, 0, 0, , 0, 0, 0, 0, 0, 
208, 0, 271, -1, -1, 145, 115, 208.0, 7, , 26, 0, 0, 0, , 0, 0, 0, 0, 0, 
209, 0, 272, -1, -1, 175, 111, 209.0, 8, , 10, 0, 0, 0, , 0, 0, 0, 0, 0, 
210, 0, 276, -1, -1, 151, 90, 122.0, 7, , 36, 0, 0, 0, , 0, 0, 0, 0, 0, 
211, 0, 277, -1, -1, 186, 41, 137.0, 8, , 19, 0, 0, 0, , 0, 0, 0, 0, 0, 
212, 0, 278, -1, -1, 308, 69, 157.0, 9, , 26, 0, 0, 0, , 0, 0, 0, 0, 0, 
213, 0, 279, -1, -1, 68, 119, 160.0, 7, , 14, 0, 0, 0, , 0, 0, 0, 0, 0, 
214, 0, 281, -1, -1, 135, 164, 167.0, 9, , 22, 0, 0, 0, , 0, 0, 0, 0, 0, 
215, 0, 282, -1, -1, 92, 78, 186.0, 8, , 19, 0, 0, 0, , 0, 0, 0, 0, 0, 
216, 0, 284, -1, -1, 208, 57, 193.0, 8, , 18, 0, 0, 0, , 0, 0, 0, 0, 0, 
217, 0, 285, -1, -1, 202, 67, 195.0, 8, , 16, 0, 0, 0, , 0, 0, 0, 0, 0, 
218, 0, 287, -1, -1, 137, 90, 204.0, 8, , 11, 0, 0, 0, , 0, 0, 0, 0, 0, 
219, 0, 288, -1, -1, 194, 110, 211.0, 9, , 29, 0, 0, 0, , 0, 0, 0, 0, 0, 
220, 0, 289, -1, -1, 177, 36, 144.0, 8, , 19, 0, 0, 0, , 0, 0, 0, 0, 0, 
221, 0, 290, -1, -1, 241, 83, 207.0, 8, , 46, 0, 0, 0, , 0, 0, 0, 0, 0, 
222, 0, 291, -1, -1, 143, 174, 137.0, 8, , 31, 0, 0, 0, , 0, 0, 0, 0, 0, 
223, 0, 292, -1, -1, 239, 85, 180.0, 8, , 15, 0, 0, 0, , 0, 0, 0, 0, 0, 
224, 0, 293, -1, -1, 76, 133, 178.0, 7, , 15, 0, 0, 0, , 0, 0, 0, 0, 0, 
225, 0, 294, -1, -1, 128, 60, 183.0, 7, , 5, 0, 0, 0, , 0, 0, 0, 0, 0, 
226, 0, 295, -1, -1, 238, 80, 188.0, 9, , 49, 0, 0, 0, , 0, 0, 0, 0, 0, 
227, 0, 296, -1, -1, 146, 94, 190.0, 7, , 30, 0, 0, 0, , 0, 0, 0, 0, 0, 
228, 0, 297, -1, -1, 230, 103, 202.0, 9, , 48, 0, 0, 0, , 0, 0, 0, 0, 0, 
229, 0, 299, -1, -1, 52, 120, 111.0, 7, , 13, 0, 0, 0, , 0, 0, 0, 0, 0, 
230, 0, 300, -1, -1, 131, 122, 130.0, 7, , 5, 0, 0, 0, , 0, 0, 0, 0, 0, 
231, 0, 301, -1, -1, 85, 165, 134.0, 7, , 22, 0, 0, 0, , 0, 0, 0, 0, 0, 
232, 0, 302, -1, -1, 72, 134, 171.0, 7, , 16, 0, 0, 0, , 0, 0, 0, 0, 0, 
233, 0, 303, -1, -1, 281, 136, 180.0, 7, , 31, 0, 0, 0, , 0, 0, 0, 0, 0, 
234, 0, 304, -1, -1, 143, 113, 196.0, 7, , 35, 0, 0, 0, , 0, 0, 0, 0, 0, 
235, 0, 307, -1, -1, 113, 69, 79.0, 8, , 7, 0, 0, 0, , 0, 0, 0, 0, 0, 
236, 0, 310, -1, -1, 87, 145, 95.0, 8, , 21, 0, 0, 0, , 0, 0, 0, 0, 0, 
237, 0, 311, -1, -1, 117, 44, 100.0, 11, , 61, 0, 0, 0, , 0, 0, 0, 0, 0, 
238, 0, 313, -1, -1, 146, 36, 108.0, 9, , 21, 0, 0, 0, , 0, 0, 0, 0, 0, 
239, 0, 315, -1, -1, 116, 48, 107.0, 9, , 144, 0, 0, 0, , 0, 0, 0, 0, 0, 
240, 0, 318, -1, -1, 58, 119, 110.0, 9, , 30, 0, 0, 0, , 0, 0, 0, 0, 0, 
241, 0, 328, -1, -1, 143, 170, 131.0, 8, , 26, 0, 0, 0, , 0, 0, 0, 0, 0, 
242, 0, 329, -1, -1, 273, 166, 128.0, 8, , 12, 0, 0, 0, , 0, 0, 0, 0, 0, 
243, 0, 330, -1, -1, 58, 142, 132.0, 8, , 14, 0, 0, 0, , 0, 0, 0, 0, 0, 
244, 0, 332, -1, -1, 212, 172, 139.0, 7, , 17, 0, 0, 0, , 0, 0, 0, 0, 0, 
245, 0, 334, -1, -1, 316, 75, 149.0, 7, , 12, 0, 0, 0, , 0, 0, 0, 0, 0, 
246, 0, 335, -1, -1, 84, 86, 152.0, 7, , 26, 0, 0, 0, , 0, 0, 0, 0, 0, 
247, 0, 336, -1, -1, 229, 44, 157.0, 8, , 13, 0, 0, 0, , 0, 0, 0, 0, 0, 
248, 0, 337, -1, -1, 47, 102, 152.0, 9, , 13, 0, 0, 0, , 0, 0, 0, 0, 0, 
249, 0, 338, -1, -1, 69, 119, 154.0, 7, , 26, 0, 0, 0, , 0, 0, 0, 0, 0, 
250, 0, 339, -1, -1, 99, 71, 156.0, 8, , 35, 0, 0, 0, , 0, 0, 0, 0, 0, 
251, 1, 340, 227, -1, 165, 35, 159.0, 11, ABpraappaa, 97, 0, 0, 0, , 0, 0, 0, 0, 0, 
252, 0, 341, -1, -1, 194, 44, 160.0, 7, , 13, 0, 0, 0, , 0, 0, 0, 0, 0, 
253, 0, 342, -1, -1, 229, 49, 162.0, 9, , 30, 0, 0, 0, , 0, 0, 0, 0, 0, 
254, 0, 343, -1, -1, 223, 51, 164.0, 8, , 18, 0, 0, 0, , 0, 0, 0, 0, 0, 
255, 0, 344, -1, -1, 137, 47, 164.0, 8, , 22, 0, 0, 0, , 0, 0, 0, 0, 0, 
256, 0, 345, -1, -1, 79, 104, 164.0, 8, , 5, 0, 0, 0, , 0, 0, 0, 0, 0, 
257, 0, 346, -1, -1, 77, 157, 160.0, 7, , 5, 0, 0, 0, , 0, 0, 0, 0, 0, 
258, 0, 347, -1, -1, 296, 82, 168.0, 9, , 34, 0, 0, 0, , 0, 0, 0, 0, 0, 
259, 0, 348, -1, -1, 318, 101, 169.0, 7, , 29, 0, 0, 0, , 0, 0, 0, 0, 0, 
260, 0, 349, -1, -1, 71, 140, 168.0, 7, , 25, 0, 0, 0, , 0, 0, 0, 0, 0, 
261, 0, 352, -1, -1, 313, 127, 168.0, 9, , 6, 0, 0, 0, , 0, 0, 0, 0, 0, 
262, 0, 355, -1, -1, 70, 87, 177.0, 9, , 37, 0, 0, 0, , 0, 0, 0, 0, 0, 
263, 0, 356, -1, -1, 242, 55, 177.0, 7, , 38, 0, 0, 0, , 0, 0, 0, 0, 0, 
264, 0, 357, -1, -1, 143, 54, 178.0, 7, , 48, 0, 0, 0, , 0, 0, 0, 0, 0, 
265, 0, 358, -1, -1, 284, 130, 177.0, 7, , 23, 0, 0, 0, , 0, 0, 0, 0, 0, 
266, 0, 360, -1, -1, 104, 146, 179.0, 7, , 27, 0, 0, 0, , 0, 0, 0, 0, 0, 
267, 0, 361, -1, -1, 111, 113, 180.0, 7, , 15, 0, 0, 0, , 0, 0, 0, 0, 0, 
268, 0, 362, -1, -1, 237, 78, 183.0, 8, , 17, 0, 0, 0, , 0, 0, 0, 0, 0, 
269, 0, 364, -1, -1, 163, 53, 184.0, 7, , 74, 0, 0, 0, , 0, 0, 0, 0, 0, 
270, 0, 365, -1, -1, 241, 55, 184.0, 9, , 69, 0, 0, 0, , 0, 0, 0, 0, 0, 
271, 0, 366, -1, -1, 201, 161, 185.0, 7, , 9, 0, 0, 0, , 0, 0, 0, 0, 0, 
272, 0, 368, -1, -1, 105, 105, 188.0, 8, , 57, 0, 0, 0, , 0, 0, 0, 0, 0, 
273, 0, 369, -1, -1, 113, 79, 189.0, 8, , 4, 0, 0, 0, , 0, 0, 0, 0, 0, 
274, 0, 371, -1, -1, 112, 71, 193.0, 9, , 16, 0, 0, 0, , 0, 0, 0, 0, 0, 
275, 0, 372, -1, -1, 252, 111, 194.0, 9, , 9, 0, 0, 0, , 0, 0, 0, 0, 0, 
276, 0, 373, -1, -1, 277, 106, 199.0, 7, , 16, 0, 0, 0, , 0, 0, 0, 0, 0, 
277, 0, 374, -1, -1, 139, 110, 200.0, 7, , 37, 0, 0, 0, , 0, 0, 0, 0, 0, 
278, 0, 375, -1, -1, 157, 132, 200.0, 7, , 13, 0, 0, 0, , 0, 0, 0, 0, 0, 
279, 0, 376, -1, -1, 73, 69, 123.0, 8, , 27, 0, 0, 0, , 0, 0, 0, 0, 0, 
280, 0, 377, -1, -1, 150, 91, 120.0, 9, , 53, 0, 0, 0, , 0, 0, 0, 0, 0, 
281, 0, 379, -1, -1, 82, 109, 155.0, 9, , 37, 0, 0, 0, , 0, 0, 0, 0, 0, 
282, 0, 380, -1, -1, 193, 42, 155.0, 9, , 10, 0, 0, 0, , 0, 0, 0, 0, 0, 
283, 0, 381, -1, -1, 134, 159, 162.0, 9, , 14, 0, 0, 0, , 0, 0, 0, 0, 0, 
284, 0, 383, -1, -1, 136, 47, 167.0, 7, , 16, 0, 0, 0, , 0, 0, 0, 0, 0, 
285, 0, 384, -1, -1, 79, 132, 174.0, 8, , 6, 0, 0, 0, , 0, 0, 0, 0, 0, 
286, 0, 386, -1, -1, 301, 101, 177.0, 11, , 13, 0, 0, 0, , 0, 0, 0, 0, 0, 
287, 0, 388, -1, -1, 114, 75, 184.0, 9, , 50, 0, 0, 0, , 0, 0, 0, 0, 0, 
288, 0, 389, -1, -1, 141, 97, 186.0, 9, , 22, 0, 0, 0, , 0, 0, 0, 0, 0, 
289, 0, 390, -1, -1, 123, 52, 187.0, 7, , 13, 0, 0, 0, , 0, 0, 0, 0, 0, 
290, 0, 391, -1, -1, 301, 104, 190.0, 11, , 36, 0, 0, 0, , 0, 0, 0, 0, 0, 
291, 0, 392, -1, -1, 193, 75, 198.0, 8, , 10, 0, 0, 0, , 0, 0, 0, 0, 0, 
292, 0, 393, -1, -1, 278, 106, 203.0, 8, , 13, 0, 0, 0, , 0, 0, 0, 0, 0, 
293, 0, 394, -1, -1, 241, 81, 208.0, 9, , 52, 0, 0, 0, , 0, 0, 0, 0, 0, 
294, 0, 396, -1, -1, 151, 92, 117.0, 7, , 26, 0, 0, 0, , 0, 0, 0, 0, 0, 
295, 0, 397, -1, -1, 309, 75, 153.0, 8, , 18, 0, 0, 0, , 0, 0, 0, 0, 0, 
296, 0, 398, -1, -1, 113, 90, 200.0, 7, , 20, 0, 0, 0, , 0, 0, 0, 0, 0, 
297, 0, 399, -1, -1, 117, 42, 102.0, 9, , 29, 0, 0, 0, , 0, 0, 0, 0, 0, 
298, 0, 400, -1, -1, 75, 73, 125.0, 8, , 3, 0, 0, 0, , 0, 0, 0, 0, 0, 
299, 0, 401, -1, -1, 302, 60, 147.0, 7, , 16, 0, 0, 0, , 0, 0, 0, 0, 0, 
300, 0, 403, -1, -1, 106, 135, 173.0, 9, , 7, 0, 0, 0, , 0, 0, 0, 0, 0, 
301, 0, 404, -1, -1, 108, 61, 178.0, 7, , 16, 0, 0, 0, , 0, 0, 0, 0, 0, 
302, 0, 405, -1, -1, 229, 164, 186.0, 9, , 51, 0, 0, 0, , 0, 0, 0, 0, 0, 
303, 0, 407, -1, -1, 72, 68, 134.0, 9, , 20, 0, 0, 0, , 0, 0, 0, 0, 0, 
304, 0, 408, -1, -1, 98, 53, 141.0, 7, , 23, 0, 0, 0, , 0, 0, 0, 0, 0, 
305, 0, 409, -1, -1, 220, 49, 157.0, 8, , 27, 0, 0, 0, , 0, 0, 0, 0, 0, 
306, 0, 410, -1, -1, 227, 162, 179.0, 9, , 16, 0, 0, 0, , 0, 0, 0, 0, 0, 
307, 0, 411, -1, -1, 95, 123, 188.0, 7, , 25, 0, 0, 0, , 0, 0, 0, 0, 0, 
308, 0, 412, -1, -1, 143, 73, 197.0, 8, , 16, 0, 0, 0, , 0, 0, 0, 0, 0, 
309, 0, 413, -1, -1, 257, 130, 198.0, 9, , 35, 0, 0, 0, , 0, 0, 0, 0, 0, 
310, 0, 414, -1, -1, 87, 87, 71.0, 9, , 27, 0, 0, 0, , 0, 0, 0, 0, 0, 
311, 0, 417, -1, -1, 114, 52, 100.0, 7, , 18, 0, 0, 0, , 0, 0, 0, 0, 0, 
312, 0, 418, -1, -1, 47, 127, 112.0, 8, , 12, 0, 0, 0, , 0, 0, 0, 0, 0, 
313, 0, 419, -1, -1, 128, 179, 121.0, 7, , 16, 0, 0, 0, , 0, 0, 0, 0, 0, 
314, 0, 420, -1, -1, 38, 101, 122.0, 8, , 22, 0, 0, 0, , 0, 0, 0, 0, 0, 
315, 0, 421, -1, -1, 73, 68, 128.0, 8, , 28, 0, 0, 0, , 0, 0, 0, 0, 0, 
316, 0, 422, -1, -1, 99, 52, 131.0, 9, , 54, 0, 0, 0, , 0, 0, 0, 0, 0, 
317, 0, 423, -1, -1, 118, 77, 130.0, 9, , 14, 0, 0, 0, , 0, 0, 0, 0, 0, 
318, 0, 424, -1, -1, 38, 103, 130.0, 7, , 18, 0, 0, 0, , 0, 0, 0, 0, 0, 
319, 0, 425, -1, -1, 86, 162, 130.0, 9, , 31, 0, 0, 0, , 0, 0, 0, 0, 0, 
320, 0, 426, -1, -1, 47, 94, 133.0, 11, , 85, 0, 0, 0, , 0, 0, 0, 0, 0, 
321, 0, 427, -1, -1, 242, 49, 134.0, 8, , 3, 0, 0, 0, , 0, 0, 0, 0, 0, 
322, 0, 428, -1, -1, 68, 79, 141.0, 8, , 66, 0, 0, 0, , 0, 0, 0, 0, 0, 
323, 0, 429, -1, -1, 146, 99, 139.0, 7, , 9, 0, 0, 0, , 0, 0, 0, 0, 0, 
324, 0, 430, -1, -1, 125, 53, 145.0, 8, , 37, 0, 0, 0, , 0, 0, 0, 0, 0, 
325, 0, 431, -1, -1, 268, 43, 146.0, 8, , 10, 0, 0, 0, , 0, 0, 0, 0, 0, 
326, 0, 432, -1, -1, 76, 66, 151.0, 7, , 34, 0, 0, 0, , 0, 0, 0, 0, 0, 
327, 0, 434, -1, -1, 120, 51, 149.0, 8, , 19, 0, 0, 0, , 0, 0, 0, 0, 0, 
328, 0, 436, -1, -1, 211, 177, 158.0, 7, , 15, 0, 0, 0, , 0, 0, 0, 0, 0, 
329, 0, 437, -1, -1, 292, 72, 160.0, 8, , 21, 0, 0, 0, , 0, 0, 0, 0, 0, 
330, 0, 438, -1, -1, 311, 126, 164.0, 9, , 23, 0, 0, 0, , 0, 0, 0, 0, 0, 
331, 0, 440, -1, -1, 197, 169, 168.0, 7, , 14, 0, 0, 0, , 0, 0, 0, 0, 0, 
332, 0, 441, -1, -1, 105, 152, 179.0, 9, , 15, 0, 0, 0, , 0, 0, 0, 0, 0, 
333, 0, 442, -1, -1, 261, 155, 180.0, 9, , 37, 0, 0, 0, , 0, 0, 0, 0, 0, 
334, 0, 443, -1, -1, 187, 155, 181.0, 9, , 39, 0, 0, 0, , 0, 0, 0, 0, 0, 
335, 0, 444, -1, -1, 245, 54, 181.0, 8, , 12, 0, 0, 0, , 0, 0, 0, 0, 0, 
336, 0, 445, -1, -1, 265, 74, 185.0, 9, , 34, 0, 0, 0, , 0, 0, 0, 0, 0, 
337, 0, 446, -1, -1, 185, 50, 186.0, 9, , 18, 0, 0, 0, , 0, 0, 0, 0, 0, 
338, 0, 447, -1, -1, 283, 136, 186.0, 7, , 33, 0, 0, 0, , 0, 0, 0, 0, 0, 
339, 0, 448, -1, -1, 182, 54, 188.0, 8, , 5, 0, 0, 0, , 0, 0, 0, 0, 0, 
340, 0, 449, -1, -1, 175, 91, 195.0, 8, , 22, 0, 0, 0, , 0, 0, 0, 0, 0, 
341, 0, 450, -1, -1, 200, 60, 193.0, 8, , 19, 0, 0, 0, , 0, 0, 0, 0, 0, 
342, 0, 451, -1, -1, 123, 125, 197.0, 9, , 121, 0, 0, 0, , 0, 0, 0, 0, 0, 
343, 0, 452, -1, -1, 215, 96, 197.0, 11, , 35, 0, 0, 0, , 0, 0, 0, 0, 0, 
344, 0, 453, -1, -1, 131, 82, 202.0, 8, , 14, 0, 0, 0, , 0, 0, 0, 0, 0, 
345, 0, 454, -1, -1, 178, 110, 204.0, 7, , 39, 0, 0, 0, , 0, 0, 0, 0, 0, 
346, 0, 455, -1, -1, 235, 86, 203.0, 8, , 31, 0, 0, 0, , 0, 0, 0, 0, 0, 
347, 0, 456, -1, -1, 153, 87, 207.0, 8, , 12, 0, 0, 0, , 0, 0, 0, 0, 0, 
348, 0, 457, -1, -1, 235, 79, 205.0, 7, , 22, 0, 0, 0, , 0, 0, 0, 0, 0, 
349, 0, 458, -1, -1, 181, 105, 211.0, 8, , 13, 0, 0, 0, , 0, 0, 0, 0, 0, 
350, 0, 459, -1, -1, 44, 128, 114.0, 7, , 12, 0, 0, 0, , 0, 0, 0, 0, 0, 
351, 0, 460, -1, -1, 94, 53, 136.0, 8, , 8, 0, 0, 0, , 0, 0, 0, 0, 0, 
352, 0, 461, -1, -1, 270, 42, 149.0, 8, , 5, 0, 0, 0, , 0, 0, 0, 0, 0, 
353, 0, 462, -1, -1, 123, 53, 153.0, 9, , 65, 0, 0, 0, , 0, 0, 0, 0, 0, 
354, 0, 464, -1, -1, 261, 155, 173.0, 11, , 34, 0, 0, 0, , 0, 0, 0, 0, 0, 
355, 0, 465, -1, -1, 151, 116, 178.0, 9, , 51, 0, 0, 0, , 0, 0, 0, 0, 0, 
356, 0, 466, -1, -1, 264, 75, 178.0, 7, , 34, 0, 0, 0, , 0, 0, 0, 0, 0, 
357, 0, 467, -1, -1, 110, 58, 179.0, 11, , 16, 0, 0, 0, , 0, 0, 0, 0, 0, 
358, 0, 468, -1, -1, 97, 126, 181.0, 9, , 43, 0, 0, 0, , 0, 0, 0, 0, 0, 
359, 0, 469, -1, -1, 263, 75, 181.0, 11, , 58, 0, 0, 0, , 0, 0, 0, 0, 0, 
360, 0, 470, -1, -1, 186, 49, 182.0, 8, , 14, 0, 0, 0, , 0, 0, 0, 0, 0, 
361, 0, 471, -1, -1, 262, 95, 194.0, 9, , 20, 0, 0, 0, , 0, 0, 0, 0, 0, 
362, 0, 472, -1, -1, 174, 62, 195.0, 8, , 25, 0, 0, 0, , 0, 0, 0, 0, 0, 
363, 0, 473, -1, -1, 229, 99, 196.0, 8, , 11, 0, 0, 0, , 0, 0, 0, 0, 0, 
364, 0, 474, -1, -1, 219, 75, 197.0, 9, , 62, 0, 0, 0, , 0, 0, 0, 0, 0, 
365, 0, 475, -1, -1, 121, 124, 200.0, 9, , 92, 0, 0, 0, , 0, 0, 0, 0, 0, 
366, 0, 476, -1, -1, 260, 92, 204.0, 9, , 26, 0, 0, 0, , 0, 0, 0, 0, 0, 
367, 0, 477, -1, -1, 243, 82, 203.0, 8, , 12, 0, 0, 0, , 0, 0, 0, 0, 0, 
368, 0, 478, -1, -1, 152, 94, 209.0, 11, , 74, 0, 0, 0, , 0, 0, 0, 0, 0, 
369, 0, 480, -1, -1, 261, 155, 184.0, 7, , 3, 0, 0, 0, , 0, 0, 0, 0, 0, 
370, 0, 481, -1, -1, 160, 29, 143.0, 9, , 23, 0, 0, 0, , 0, 0, 0, 0, 0, 
371, 0, 483, -1, -1, 214, 171, 132.0, 8, , 28, 0, 0, 0, , 0, 0, 0, 0, 0, 
372, 0, 484, -1, -1, 133, 131, 203.0, 9, , 30, 0, 0, 0, , 0, 0, 0, 0, 0, 
373, 0, 485, -1, -1, 149, 28, 136.0, 9, , 59, 0, 0, 0, , 0, 0, 0, 0, 0, 
374, 0, 486, -1, -1, 63, 151, 138.0, 7, , 50, 0, 0, 0, , 0, 0, 0, 0, 0, 
375, 0, 487, -1, -1, 271, 161, 154.0, 7, , 20, 0, 0, 0, , 0, 0, 0, 0, 0, 
376, 0, 488, -1, -1, 85, 88, 69.0, 8, , 17, 0, 0, 0, , 0, 0, 0, 0, 0, 
377, 0, 489, -1, -1, 160, 55, 81.0, 7, , 15, 0, 0, 0, , 0, 0, 0, 0, 0, 
378, 0, 490, -1, -1, 161, 51, 86.0, 8, , 12, 0, 0, 0, , 0, 0, 0, 0, 0, 
379, 0, 491, -1, -1, 132, 52, 91.0, 9, , 27, 0, 0, 0, , 0, 0, 0, 0, 0, 
380, 0, 492, -1, -1, 75, 98, 97.0, 7, , 42, 0, 0, 0, , 0, 0, 0, 0, 0, 
381, 0, 493, -1, -1, 77, 97, 100.0, 7, , 17, 0, 0, 0, , 0, 0, 0, 0, 0, 
382, 0, 494, -1, -1, 132, 50, 99.0, 8, , 8, 0, 0, 0, , 0, 0, 0, 0, 0, 
383, 0, 495, -1, -1, 53, 121, 104.0, 8, , 10, 0, 0, 0, , 0, 0, 0, 0, 0, 
384, 0, 496, -1, -1, 46, 128, 119.0, 9, , 26, 0, 0, 0, , 0, 0, 0, 0, 0, 
385, 0, 497, -1, -1, 247, 53, 123.0, 8, , 3, 0, 0, 0, , 0, 0, 0, 0, 0, 
386, 0, 498, -1, -1, 174, 179, 129.0, 9, , 12, 0, 0, 0, , 0, 0, 0, 0, 0, 
387, 0, 499, -1, -1, 213, 176, 130.0, 8, , 10, 0, 0, 0, , 0, 0, 0, 0, 0, 
388, 0, 500, -1, -1, 137, 42, 133.0, 7, , 10, 0, 0, 0, , 0, 0, 0, 0, 0, 
389, 0, 501, -1, -1, 175, 176, 136.0, 8, , 8, 0, 0, 0, , 0, 0, 0, 0, 0, 
390, 0, 502, -1, -1, 86, 166, 136.0, 9, , 36, 0, 0, 0, , 0, 0, 0, 0, 0, 
391, 0, 504, -1, -1, 128, 78, 139.0, 9, , 5, 0, 0, 0, , 0, 0, 0, 0, 0, 
392, 0, 507, -1, -1, 190, 41, 143.0, 8, , 45, 0, 0, 0, , 0, 0, 0, 0, 0, 
393, 0, 508, -1, -1, 149, 27, 142.0, 8, , 77, 0, 0, 0, , 0, 0, 0, 0, 0, 
394, 0, 510, -1, -1, 101, 70, 151.0, 7, , 21, 0, 0, 0, , 0, 0, 0, 0, 0, 
395, 0, 511, -1, -1, 78, 106, 156.0, 9, , 8, 0, 0, 0, , 0, 0, 0, 0, 0, 
396, 0, 512, -1, -1, 79, 154, 152.0, 7, , 19, 0, 0, 0, , 0, 0, 0, 0, 0, 
397, 0, 513, -1, -1, 102, 55, 155.0, 8, , 22, 0, 0, 0, , 0, 0, 0, 0, 0, 
398, 0, 514, -1, -1, 107, 135, 158.0, 9, , 7, 0, 0, 0, , 0, 0, 0, 0, 0, 
399, 0, 515, -1, -1, 97, 51, 161.0, 8, , 13, 0, 0, 0, , 0, 0, 0, 0, 0, 
400, 0, 516, -1, -1, 191, 40, 166.0, 11, , 47, 0, 0, 0, , 0, 0, 0, 0, 0, 
401, 0, 517, -1, -1, 293, 71, 169.0, 9, , 27, 0, 0, 0, , 0, 0, 0, 0, 0, 
402, 0, 518, -1, -1, 113, 54, 169.0, 9, , 38, 0, 0, 0, , 0, 0, 0, 0, 0, 
403, 0, 519, -1, -1, 167, 51, 178.0, 9, , 120, 0, 0, 0, , 0, 0, 0, 0, 0, 
404, 0, 520, -1, -1, 141, 49, 181.0, 8, , 23, 0, 0, 0, , 0, 0, 0, 0, 0, 
405, 0, 521, -1, -1, 103, 145, 181.0, 7, , 30, 0, 0, 0, , 0, 0, 0, 0, 0, 
406, 0, 522, -1, -1, 133, 134, 183.0, 7, , 21, 0, 0, 0, , 0, 0, 0, 0, 0, 
407, 0, 523, -1, -1, 104, 97, 185.0, 9, , 37, 0, 0, 0, , 0, 0, 0, 0, 0, 
408, 0, 524, -1, -1, 186, 155, 183.0, 9, , 40, 0, 0, 0, , 0, 0, 0, 0, 0, 
409, 0, 525, -1, -1, 96, 122, 186.0, 7, , 24, 0, 0, 0, , 0, 0, 0, 0, 0, 
410, 0, 526, -1, -1, 190, 153, 185.0, 7, , 29, 0, 0, 0, , 0, 0, 0, 0, 0, 
411, 0, 527, -1, -1, 294, 86, 185.0, 9, , 15, 0, 0, 0, , 0, 0, 0, 0, 0, 
412, 0, 528, -1, -1, 78, 140, 185.0, 9, , 9, 0, 0, 0, , 0, 0, 0, 0, 0, 
413, 0, 529, -1, -1, 116, 70, 187.0, 8, , 11, 0, 0, 0, , 0, 0, 0, 0, 0, 
414, 0, 530, -1, -1, 262, 75, 190.0, 9, , 24, 0, 0, 0, , 0, 0, 0, 0, 0, 
415, 0, 531, -1, -1, 95, 123, 190.0, 9, , 34, 0, 0, 0, , 0, 0, 0, 0, 0, 
416, 0, 532, -1, -1, 230, 165, 190.0, 9, , 16, 0, 0, 0, , 0, 0, 0, 0, 0, 
417, 0, 533, -1, -1, 245, 80, 192.0, 7, , 17, 0, 0, 0, , 0, 0, 0, 0, 0, 
418, 0, 534, -1, -1, 197, 84, 195.0, 11, , 73, 0, 0, 0, , 0, 0, 0, 0, 0, 
419, 0, 535, -1, -1, 195, 76, 193.0, 8, , 15, 0, 0, 0, , 0, 0, 0, 0, 0, 
420, 0, 537, -1, -1, 215, 81, 197.0, 8, , 27, 0, 0, 0, , 0, 0, 0, 0, 0, 
421, 0, 538, -1, -1, 164, 87, 198.0, 8, , 7, 0, 0, 0, , 0, 0, 0, 0, 0, 
422, 0, 539, -1, -1, 258, 115, 201.0, 8, , 6, 0, 0, 0, , 0, 0, 0, 0, 0, 
423, 0, 542, -1, -1, 113, 91, 202.0, 7, , 17, 0, 0, 0, , 0, 0, 0, 0, 0, 
424, 0, 543, -1, -1, 130, 89, 203.0, 9, , 31, 0, 0, 0, , 0, 0, 0, 0, 0, 
425, 0, 544, -1, -1, 154, 72, 202.0, 8, , 15, 0, 0, 0, , 0, 0, 0, 0, 0, 
426, 0, 545, -1, -1, 197, 115, 207.0, 9, , 10, 0, 0, 0, , 0, 0, 0, 0, 0, 
427, 0, 546, -1, -1, 39, 102, 127.0, 7, , 21, 0, 0, 0, , 0, 0, 0, 0, 0, 
428, 0, 547, -1, -1, 116, 46, 130.0, 8, , 11, 0, 0, 0, , 0, 0, 0, 0, 0, 
429, 0, 548, -1, -1, 176, 33, 133.0, 8, , 24, 0, 0, 0, , 0, 0, 0, 0, 0, 
430, 0, 549, -1, -1, 147, 28, 147.0, 7, , 15, 0, 0, 0, , 0, 0, 0, 0, 0, 
431, 0, 550, -1, -1, 196, 43, 161.0, 7, , 17, 0, 0, 0, , 0, 0, 0, 0, 0, 
432, 0, 553, -1, -1, 311, 100, 171.0, 7, , 19, 0, 0, 0, , 0, 0, 0, 0, 0, 
433, 0, 554, -1, -1, 114, 59, 173.0, 8, , 12, 0, 0, 0, , 0, 0, 0, 0, 0, 
434, 0, 555, -1, -1, 260, 154, 175.0, 9, , 34, 0, 0, 0, , 0, 0, 0, 0, 0, 
435, 0, 556, -1, -1, 128, 57, 179.0, 7, , 5, 0, 0, 0, , 0, 0, 0, 0, 0, 
436, 0, 557, -1, -1, 129, 128, 179.0, 9, , 29, 0, 0, 0, , 0, 0, 0, 0, 0, 
437, 0, 559, -1, -1, 177, 66, 188.0, 11, , 61, 0, 0, 0, , 0, 0, 0, 0, 0, 
438, 0, 560, -1, -1, 134, 65, 200.0, 7, , 25, 0, 0, 0, , 0, 0, 0, 0, 0, 
439, 0, 561, -1, -1, 176, 61, 199.0, 9, , 25, 0, 0, 0, , 0, 0, 0, 0, 0, 
440, 0, 562, -1, -1, 262, 126, 200.0, 9, , 22, 0, 0, 0, , 0, 0, 0, 0, 0, 
441, 0, 564, -1, -1, 213, 172, 137.0, 7, , 20, 0, 0, 0, , 0, 0, 0, 0, 0, 
442, 0, -1, -1, -1, 91, 58, 162.0, 8, , 22, 0, 0, 0, , 0, 0, 0, 0, 0, 
443, 0, -1, -1, -1, 207, 60, 197.0, 8, , 32, 0, 0, 0, , 0, 0, 0, 0, 0, 
444, 0, -1, -1, -1, 156, 102, 94.0, 7, , 4, 0, 0, 0, , 0, 0, 0, 0, 0, 
445, 0, -1, -1, -1, 78, 119, 96.0, 8, , 3, 0, 0, 0, , 0, 0, 0, 0, 0, 
446, 0, -1, -1, -1, 76, 77, 97.0, 8, , 3, 0, 0, 0, , 0, 0, 0, 0, 0, 
447, 0, -1, -1, -1, 152, 92, 105.0, 7, , 11, 0, 0, 0, , 0, 0, 0, 0, 0, 
448, 0, -1, -1, -1, 204, 169, 105.0, 8, , 9, 0, 0, 0, , 0, 0, 0, 0, 0, 
449, 0, -1, -1, -1, 59, 123, 108.0, 8, , 15, 0, 0, 0, , 0, 0, 0, 0, 0, 
450, 0, -1, -1, -1, 164, 44, 108.0, 8, , 31, 0, 0, 0, , 0, 0, 0, 0, 0, 
451, 0, -1, -1, -1, 163, 45, 113.0, 9, , 12, 0, 0, 0, , 0, 0, 0, 0, 0, 
452, 0, -1, -1, -1, 144, 34, 114.0, 9, , 39, 0, 0, 0, , 0, 0, 0, 0, 0, 
453, 0, -1, -1, -1, 234, 171, 114.0, 8, , 3, 0, 0, 0, , 0, 0, 0, 0, 0, 
454, 0, -1, -1, -1, 56, 82, 116.0, 9, , 11, 0, 0, 0, , 0, 0, 0, 0, 0, 
455, 0, -1, -1, -1, 55, 128, 118.0, 7, , 11, 0, 0, 0, , 0, 0, 0, 0, 0, 
456, 0, -1, -1, -1, 70, 103, 120.0, 8, , 5, 0, 0, 0, , 0, 0, 0, 0, 0, 
457, 0, -1, -1, -1, 249, 49, 120.0, 9, , 21, 0, 0, 0, , 0, 0, 0, 0, 0, 
458, 0, -1, -1, -1, 62, 83, 123.0, 7, , 14, 0, 0, 0, , 0, 0, 0, 0, 0, 
459, 0, -1, -1, -1, 70, 110, 133.0, 8, , 4, 0, 0, 0, , 0, 0, 0, 0, 0, 
460, 0, -1, -1, -1, 213, 46, 133.0, 9, , 23, 0, 0, 0, , 0, 0, 0, 0, 0, 
461, 0, -1, -1, -1, 124, 127, 134.0, 8, , 3, 0, 0, 0, , 0, 0, 0, 0, 0, 
462, 0, -1, -1, -1, 238, 178, 151.0, 7, , 11, 0, 0, 0, , 0, 0, 0, 0, 0, 
463, 0, -1, -1, -1, 80, 91, 154.0, 7, , 15, 0, 0, 0, , 0, 0, 0, 0, 0, 
464, 0, -1, -1, -1, 87, 70, 156.0, 8, , 7, 0, 0, 0, , 0, 0, 0, 0, 0, 
465, 0, -1, -1, -1, 125, 143, 162.0, 8, , 5, 0, 0, 0, , 0, 0, 0, 0, 0, 
466, 0, -1, -1, -1, 297, 70, 164.0, 8, , 18, 0, 0, 0, , 0, 0, 0, 0, 0, 
467, 0, -1, -1, -1, 199, 169, 165.0, 9, , 24, 0, 0, 0, , 0, 0, 0, 0, 0, 
468, 0, -1, -1, -1, 269, 59, 165.0, 8, , 33, 0, 0, 0, , 0, 0, 0, 0, 0, 
469, 0, -1, -1, -1, 270, 57, 169.0, 8, , 25, 0, 0, 0, , 0, 0, 0, 0, 0, 
470, 0, -1, -1, -1, 135, 50, 170.0, 8, , 13, 0, 0, 0, , 0, 0, 0, 0, 0, 
471, 0, -1, -1, -1, 288, 88, 173.0, 7, , 22, 0, 0, 0, , 0, 0, 0, 0, 0, 
472, 0, -1, -1, -1, 62, 99, 174.0, 9, , 6, 0, 0, 0, , 0, 0, 0, 0, 0, 
473, 0, -1, -1, -1, 269, 56, 175.0, 9, , 32, 0, 0, 0, , 0, 0, 0, 0, 0, 
474, 0, -1, -1, -1, 281, 136, 178.0, 9, , 43, 0, 0, 0, , 0, 0, 0, 0, 0, 
475, 0, -1, -1, -1, 286, 117, 181.0, 9, , 81, 0, 0, 0, , 0, 0, 0, 0, 0, 
476, 0, -1, -1, -1, 78, 84, 182.0, 9, , 7, 0, 0, 0, , 0, 0, 0, 0, 0, 
477, 0, -1, -1, -1, 303, 107, 185.0, 9, , 9, 0, 0, 0, , 0, 0, 0, 0, 0, 
478, 0, -1, -1, -1, 158, 85, 191.0, 9, , 17, 0, 0, 0, , 0, 0, 0, 0, 0, 
479, 0, -1, -1, -1, 174, 62, 193.0, 9, , 51, 0, 0, 0, , 0, 0, 0, 0, 0, 
480, 0, -1, -1, -1, 195, 105, 193.0, 7, , 50, 0, 0, 0, , 0, 0, 0, 0, 0, 
481, 0, -1, -1, -1, 189, 108, 195.0, 8, , 34, 0, 0, 0, , 0, 0, 0, 0, 0, 
482, 0, -1, -1, -1, 233, 106, 197.0, 8, , 4, 0, 0, 0, , 0, 0, 0, 0, 0, 
483, 0, -1, -1, -1, 134, 65, 198.0, 8, , 13, 0, 0, 0, , 0, 0, 0, 0, 0, 
484, 0, -1, -1, -1, 166, 139, 198.0, 8, , 9, 0, 0, 0, , 0, 0, 0, 0, 0, 
485, 0, -1, -1, -1, 197, 64, 198.0, 7, , 5, 0, 0, 0, , 0, 0, 0, 0, 0, 
486, 0, -1, -1, -1, 212, 103, 198.0, 8, , 4, 0, 0, 0, , 0, 0, 0, 0, 0, 
487, 0, -1, -1, -1, 190, 106, 200.0, 8, , 28, 0, 0, 0, , 0, 0, 0, 0, 0, 
488, 0, -1, -1, -1, 155, 112, 201.0, 7, , 24, 0, 0, 0, , 0, 0, 0, 0, 0, 
489, 0, -1, -1, -1, 120, 98, 202.0, 9, , 21, 0, 0, 0, , 0, 0, 0, 0, 0, 
490, 0, -1, -1, -1, 151, 88, 204.0, 8, , 26, 0, 0, 0, , 0, 0, 0, 0, 0, 
491, 0, -1, -1, -1, 152, 88, 211.0, 7, , 15, 0, 0, 0, , 0, 0, 0, 0, 0, 
492, 0, -1, -1, -1, 212, 47, 140.0, 7, , 35, 0, 0, 0, , 0, 0, 0, 0, 0, 
493, 0, -1, -1, -1, 189, 40, 145.0, 7, , 29, 0, 0, 0, , 0, 0, 0, 0, 0, 
494, 0, -1, -1, -1, 167, 51, 172.0, 8, , 24, 0, 0, 0, , 0, 0, 0, 0, 0, 
495, 0, -1, -1, -1, 240, 74, 189.0, 8, , 7, 0, 0, 0, , 0, 0, 0, 0, 0, 
496, 0, -1, -1, -1, 193, 109, 190.0, 9, , 28, 0, 0, 0, , 0, 0, 0, 0, 0, 
497, 0, -1, -1, -1, 146, 97, 193.0, 9, , 22, 0, 0, 0, , 0, 0, 0, 0, 0, 
498, 0, -1, -1, -1, 263, 126, 198.0, 7, , 22, 0, 0, 0, , 0, 0, 0, 0, 0, 
499, 0, -1, -1, -1, 155, 112, 199.0, 7, , 14, 0, 0, 0, , 0, 0, 0, 0, 0, 
500, 0, -1, -1, -1, 152, 116, 206.0, 8, , 8, 0, 0, 0, , 0, 0, 0, 0, 0, 
501, 0, -1, -1, -1, 144, 53, 189.0, 9, , 22, 0, 0, 0, , 0, 0, 0, 0, 0, 
502, 0, -1, -1, -1, 120, 126, 206.0, 9, , 36, 0, 0, 0, , 0, 0, 0, 0, 0, 
503, 1, 566, 581, -1, 254, 88, 130.0, 20, Eprp, 0, 0, 0, 0, , 0, 0, 0, 0, 0, 
504, 0, 567, -1, -1, 141, 39, 133.0, 11, , 0, 0, 0, 0, , 0, 0, 0, 0, 0, 
505, 1, 568, 583, -1, 117, 93, 200.0, 12, ABarapppaa, 0, 0, 0, 0, , 0, 0, 0, 0, 0, 
506, 1, 569, 584, -1, 145, 112, 202.0, 17, ABarappaa, 0, 0, 0, 0, , 0, 0, 0, 0, 0, 
507, 1, 570, 585, -1, 176, 109, 209.0, 13, ABarappapp, 0, 0, 0, 0, , 0, 0, 0, 0, 0, 
508, 1, 571, 586, -1, 152, 91, 206.0, 13, ABarappapa, 0, 0, 0, 0, , 0, 0, 0, 0, 0, 
509, 0, 572, -1, -1, 123, 94, 203.66667, 12, , 0, 0, 0, 0, , 0, 0, 0, 0, 0, 
510, 1, 573, 588, -1, 142, 99, 190.0, 16, ABarapppap, 0, 0, 0, 0, , 0, 0, 0, 0, 0, 
511, 1, 574, 589, -1, 132, 87, 204.0, 15, ABarappppa, 0, 0, 0, 0, , 0, 0, 0, 0, 0, 
512, 1, 575, 590, -1, 164, 85, 192.0, 17, ABarappppp, 0, 0, 0, 0, , 0, 0, 0, 0, 0, 
513, 1, 577, 591, -1, 95, 126, 188.0, 15, ABarapaaaa, 0, 0, 0, 0, , 0, 0, 0, 0, 0, 
514, 1, 576, 592, -1, 122, 126, 198.0, 15, ABarapaaap, 0, 0, 0, 0, , 0, 0, 0, 0, 0, 
515, 1, 578, 593, -1, 117, 115, 182.0, 13, ABarapaapa, 0, 0, 0, 0, , 0, 0, 0, 0, 0, 
516, 1, 579, 594, -1, 133, 130, 182.0, 14, ABarapaapp, 0, 0, 0, 0, , 0, 0, 0, 0, 0, 
517, 1, 580, 595, -1, 136, 134, 200.0, 15, ABarapapaa, 0, 0, 0, 0, , 0, 0, 0, 0, 0, 
518, 1, 581, 596, -1, 162, 135, 199.0, 14, ABarapapap, 0, 0, 0, 0, , 0, 0, 0, 0, 0, 
519, 1, 582, 597, -1, 151, 119, 181.0, 14, ABarapappa, 0, 0, 0, 0, , 0, 0, 0, 0, 0, 
520, 1, 583, 598, -1, 177, 134, 187.0, 19, ABarapappp, 0, 0, 0, 0, , 0, 0, 0, 0, 0, 
521, 1, 584, 599, -1, 64, 118, 155.0, 14, ABaraapaaa, 0, 0, 0, 0, , 0, 0, 0, 0, 0, 
522, 1, 585, 600, -1, 95, 118, 140.0, 14, ABaraapaap, 0, 0, 0, 0, , 0, 0, 0, 0, 0, 
523, 1, 586, 601, -1, 107, 135, 146.5, 16, ABaraapapa, 0, 0, 0, 0, , 0, 0, 0, 0, 0, 
524, 1, 587, 602, -1, 128, 127, 133.0, 14, ABaraapapp, 0, 0, 0, 0, , 0, 0, 0, 0, 0, 
525, 1, 588, 603, -1, 101, 107, 164.0, 15, ABaraappaa, 0, 0, 0, 0, , 0, 0, 0, 0, 0, 
526, 1, 589, 604, -1, 128, 118, 155.0, 15, ABaraappap, 0, 0, 0, 0, , 0, 0, 0, 0, 0, 
527, 1, 590, 605, -1, 136, 106, 162.0, 17, ABaraapppa, 0, 0, 0, 0, , 0, 0, 0, 0, 0, 
528, 1, 591, 606, -1, 151, 97, 140.0, 16, ABaraapppp, 0, 0, 0, 0, , 0, 0, 0, 0, 0, 
529, 1, 592, 607, -1, 65, 119, 176.0, 15, ABaraaapaa, 0, 0, 0, 0, , 0, 0, 0, 0, 0, 
530, 1, 593, 608, -1, 85, 106, 183.0, 19, ABaraaapap, 0, 0, 0, 0, , 0, 0, 0, 0, 0, 
531, 1, 594, 609, 610, 102, 99, 197.0, 17, ABaraaapp, 0, 0, 0, 0, , 0, 0, 0, 0, 0, 
532, 1, 595, 611, -1, 60, 101, 166.0, 17, ABaraaaaa, 0, 0, 0, 0, , 0, 0, 0, 0, 0, 
533, 1, 596, 612, -1, 82, 108, 161.0, 16, ABaraaaap, 0, 0, 0, 0, , 0, 0, 0, 0, 0, 
534, 1, 597, 613, -1, 106, 133, 166.0, 17, ABalpaaap, 0, 0, 0, 0, , 0, 0, 0, 0, 0, 
535, 1, 598, 614, -1, 77, 138, 177.0, 19, ABalpaaaa, 0, 0, 0, 0, , 0, 0, 0, 0, 0, 
536, 1, 599, 615, -1, 50, 127, 153.0, 15, ABalpaapaa, 0, 0, 0, 0, , 0, 0, 0, 0, 0, 
537, 1, 600, 616, -1, 84, 137, 148.0, 16, ABalpaapap, 0, 0, 0, 0, , 0, 0, 0, 0, 0, 
538, 1, 602, 618, -1, 87, 163, 137.0, 14, ABalpaappp, 0, 0, 0, 0, , 0, 0, 0, 0, 0, 
539, 1, 601, 617, -1, 63, 148, 141.0, 12, ABalpaappa, 0, 0, 0, 0, , 0, 0, 0, 0, 0, 
540, 1, 603, 619, -1, 115, 141, 182.0, 15, ABalpappaa, 0, 0, 0, 0, , 0, 0, 0, 0, 0, 
541, 1, 604, 620, -1, 139, 155, 186.0, 15, ABalpappap, 0, 0, 0, 0, , 0, 0, 0, 0, 0, 
542, 1, 605, 621, -1, 126, 145, 162.0, 15, ABalpapppa, 0, 0, 0, 0, , 0, 0, 0, 0, 0, 
543, 1, 606, 622, -1, 157, 145, 176.0, 19, ABalpapppp, 0, 0, 0, 0, , 0, 0, 0, 0, 0, 
544, 1, 607, 623, -1, 68, 150, 109.0, 19, ABalppaaa, 0, 0, 0, 0, , 0, 0, 0, 0, 0, 
545, 1, 608, 624, -1, 86, 165, 108.0, 17, ABalppaap, 0, 0, 0, 0, , 0, 0, 0, 0, 0, 
546, 1, 609, 625, -1, 99, 173, 131.0, 15, ABalppapaa, 0, 0, 0, 0, , 0, 0, 0, 0, 0, 
547, 1, 610, 626, -1, 125, 176, 136.0, 14, ABalppapap, 0, 0, 0, 0, , 0, 0, 0, 0, 0, 
548, 1, 611, 627, -1, 123, 158, 135.0, 13, ABalppappa, 0, 0, 0, 0, , 0, 0, 0, 0, 0, 
549, 1, 612, 628, -1, 80, 152, 163.0, 15, ABalpapaaa, 0, 0, 0, 0, , 0, 0, 0, 0, 0, 
550, 1, 613, 629, -1, 105, 149, 180.0, 15, ABalpapaap, 0, 0, 0, 0, , 0, 0, 0, 0, 0, 
551, 1, 614, 630, -1, 106, 163, 157.0, 15, ABalpapapa, 0, 0, 0, 0, , 0, 0, 0, 0, 0, 
552, 1, 615, 631, -1, 133, 163, 164.0, 14, ABalpapapp, 0, 0, 0, 0, , 0, 0, 0, 0, 0, 
553, 1, 616, 632, -1, 147, 166, 151.5, 17, ABalppappp, 0, 0, 0, 0, , 0, 0, 0, 0, 0, 
554, 1, 617, 633, 639, 83, 145, 93.0, 15, ABalpppaa, 0, 0, 0, 0, , 0, 0, 0, 0, 0, 
555, 1, 618, 635, -1, 143, 139, 88.0, 15, ABalpppppp, 0, 0, 0, 0, , 0, 0, 0, 0, 0, 
556, 1, 619, 636, -1, 119, 133, 64.0, 13, ABalpppppa, 0, 0, 0, 0, , 0, 0, 0, 0, 0, 
557, 0, 620, -1, -1, 95, 122, 86.0, 15, , 0, 0, 0, 0, , 0, 0, 0, 0, 0, 
558, 1, 621, 638, -1, 125, 125, 89.5, 13, ABalppppap, 0, 0, 0, 0, , 0, 0, 0, 0, 0, 
559, 1, 622, 640, -1, 98, 160, 85.666664, 12, ABalpppapa, 0, 0, 0, 0, , 0, 0, 0, 0, 0, 
560, 0, 623, -1, -1, 118, 153, 74.0, 14, , 0, 0, 0, 0, , 0, 0, 0, 0, 0, 
561, 1, 624, 642, -1, 41, 101, 124.0, 12, ABalaaapar, 0, 0, 0, 0, , 0, 0, 0, 0, 0, 
562, 1, 625, 643, -1, 49, 128, 117.0, 14, ABalaaapal, 0, 0, 0, 0, , 0, 0, 0, 0, 0, 
563, 1, 627, 644, -1, 48, 92, 131.0, 12, ABalaaappl, 0, 0, 0, 0, , 0, 0, 0, 0, 0, 
564, 1, 626, 645, -1, 68, 77, 137.0, 13, ABalaaappr, 0, 0, 0, 0, , 0, 0, 0, 0, 0, 
565, 1, 628, 646, -1, 72, 82, 173.0, 17, ABalaapaa, 0, 0, 0, 0, , 0, 0, 0, 0, 0, 
566, 0, 629, -1, -1, 90, 80, 178.03334, 15, , 0, 0, 0, 0, , 0, 0, 0, 0, 0, 
567, 1, 630, 648, -1, 89, 72, 178.0, 17, ABalaapap, 0, 0, 0, 0, , 0, 0, 0, 0, 0, 
568, 1, 631, 649, -1, 47, 106, 146.0, 19, ABalaaaar, 0, 0, 0, 0, , 0, 0, 0, 0, 0, 
569, 1, 632, 650, -1, 57, 137, 131.0, 19, ABalaaaal, 0, 0, 0, 0, , 0, 0, 0, 0, 0, 
570, 1, 634, 651, -1, 82, 69, 149.0, 17, ABalaappa, 0, 0, 0, 0, , 0, 0, 0, 0, 0, 
571, 1, 635, 652, -1, 74, 69, 129.0, 14, ABalaapppa, 0, 0, 0, 0, , 0, 0, 0, 0, 0, 
572, 1, 633, 653, -1, 97, 55, 134.0, 14, ABalaapppp, 0, 0, 0, 0, , 0, 0, 0, 0, 0, 
573, 1, 636, 654, -1, 82, 131, 114.0, 17, ABalapaapa, 0, 0, 0, 0, , 0, 0, 0, 0, 0, 
574, 1, 637, 655, -1, 94, 124, 86.0, 17, ABalapaapp, 0, 0, 0, 0, , 0, 0, 0, 0, 0, 
575, 1, 638, 657, -1, 55, 121, 106.0, 17, ABalapaaaa, 0, 0, 0, 0, , 0, 0, 0, 0, 0, 
576, 1, 638, 656, -1, 79, 118, 104.0, 14, ABalapaaap, 0, 0, 0, 0, , 0, 0, 0, 0, 0, 
577, 1, 640, 658, -1, 76, 96, 99.0, 15, ABalapapaa, 0, 0, 0, 0, , 0, 0, 0, 0, 0, 
578, 1, 639, 659, -1, 90, 103, 77.0, 15, ABalapapap, 0, 0, 0, 0, , 0, 0, 0, 0, 0, 
579, 1, 641, 660, -1, 111, 105, 81.0, 14, ABalapappa, 0, 0, 0, 0, , 0, 0, 0, 0, 0, 
580, 1, 642, 661, -1, 145, 107, 80.0, 14, ABalapappp, 0, 0, 0, 0, , 0, 0, 0, 0, 0, 
581, 1, 643, 662, -1, 56, 99, 111.0, 17, ABalappaa, 0, 0, 0, 0, , 0, 0, 0, 0, 0, 
582, 1, 644, 664, -1, 78, 75, 106.0, 14, ABalappapp, 0, 0, 0, 0, , 0, 0, 0, 0, 0, 
583, 1, 644, 663, -1, 58, 84, 115.5, 14, ABalappapa, 0, 0, 0, 0, , 0, 0, 0, 0, 0, 
584, 1, 645, 665, -1, 91, 75, 102.0, 14, ABalapppaa, 0, 0, 0, 0, , 0, 0, 0, 0, 0, 
585, 1, 646, 666, -1, 105, 61, 117.0, 14, ABalapppap, 0, 0, 0, 0, , 0, 0, 0, 0, 0, 
586, 1, 647, 667, -1, 125, 65, 116.0, 14, ABalappppa, 0, 0, 0, 0, , 0, 0, 0, 0, 0, 
587, 1, 648, 668, -1, 146, 61, 117.0, 14, ABalappppp, 0, 0, 0, 0, , 0, 0, 0, 0, 0, 
588, 1, 649, 669, -1, 95, 133, 72.0, 15, ABalppppaa, 0, 0, 0, 0, , 0, 0, 0, 0, 0, 
589, 1, 650, 670, -1, 97, 57, 163.0, 14, ABpraaaaa, 0, 0, 0, 0, , 0, 0, 0, 0, 0, 
590, 1, 651, 671, -1, 110, 57, 177.0, 13, ABpraaaapa, 0, 0, 0, 0, , 0, 0, 0, 0, 0, 
591, 1, 652, 672, -1, 130, 55, 181.0, 12, ABpraaaapp, 0, 0, 0, 0, , 0, 0, 0, 0, 0, 
592, 1, 653, 673, -1, 131, 48, 166.0, 15, ABpraaappa, 0, 0, 0, 0, , 0, 0, 0, 0, 0, 
593, 1, 654, 674, -1, 152, 45, 158.0, 17, ABpraaappp, 0, 0, 0, 0, , 0, 0, 0, 0, 0, 
594, 1, 655, 675, -1, 203, 46, 175.0, 14, ABpraapppa, 0, 0, 0, 0, , 0, 0, 0, 0, 0, 
595, 1, 656, 676, -1, 225, 49, 180.0, 12, ABpraapppp, 0, 0, 0, 0, , 0, 0, 0, 0, 0, 
596, 1, 657, 677, -1, 190, 39, 162.75, 10, ABpraappap, 0, 0, 0, 0, , 0, 0, 0, 0, 0, 
597, 1, 658, 678, -1, 242, 55, 180.0, 13, ABprappaaa, 0, 0, 0, 0, , 0, 0, 0, 0, 0, 
598, 1, 659, 679, -1, 265, 73, 178.66667, 15, ABprappaap, 0, 0, 0, 0, , 0, 0, 0, 0, 0, 
599, 1, 660, 681, -1, 268, 58, 168.0, 11, ABprappapa, 0, 0, 0, 0, , 0, 0, 0, 0, 0, 
600, 1, 660, 680, -1, 292, 72, 168.0, 13, ABprappapp, 0, 0, 0, 0, , 0, 0, 0, 0, 0, 
601, 1, 661, 682, -1, 292, 87, 177.0, 15, ABprapppa, 0, 0, 0, 0, , 0, 0, 0, 0, 0, 
602, 1, 662, 684, -1, 188, 42, 140.0, 11, ABprapaaaa, 0, 0, 0, 0, , 0, 0, 0, 0, 0, 
603, 1, 662, 683, -1, 211, 43, 140.0, 11, ABprapaaap, 0, 0, 0, 0, , 0, 0, 0, 0, 0, 
604, 1, 663, 685, -1, 227, 49, 155.5, 13, ABprapaap, 0, 0, 0, 0, , 0, 0, 0, 0, 0, 
605, 1, 664, 686, -1, 297, 64, 143.66667, 14, ABprapapap, 0, 0, 0, 0, , 0, 0, 0, 0, 0, 
606, 1, 665, 687, -1, 265, 45, 144.0, 13, ABprapapaa, 0, 0, 0, 0, , 0, 0, 0, 0, 0, 
607, 1, 666, 688, -1, 315, 101, 166.33333, 14, ABprapappp, 0, 0, 0, 0, , 0, 0, 0, 0, 0, 
608, 1, 667, 689, -1, 310, 75, 149.0, 13, ABprapappa, 0, 0, 0, 0, , 0, 0, 0, 0, 0, 
609, 1, 850, 690, -1, 112, 44, 132.0, 13, ABpraapaaa, 0, 0, 0, 0, , 0, 0, 0, 0, 0, 
610, 1, 669, 691, -1, 173, 168, 115.0, 15, ABplppaaa, 0, 0, 0, 0, , 0, 0, 0, 0, 0, 
611, 1, 670, 692, -1, 195, 174, 134.0, 17, ABplppaap, 0, 0, 0, 0, , 0, 0, 0, 0, 0, 
612, 1, 671, 693, -1, 201, 172, 110.0, 14, ABplppapa, 0, 0, 0, 0, , 0, 0, 0, 0, 0, 
613, 1, 672, 694, -1, 229, 170, 114.0, 15, ABplppapp, 0, 0, 0, 0, , 0, 0, 0, 0, 0, 
614, 1, 674, 697, -1, 237, 180, 143.0, 15, ABplpppaap, 0, 0, 0, 0, , 0, 0, 0, 0, 0, 
615, 1, 673, 696, -1, 213, 174, 131.0, 15, ABplpppaaa, 0, 0, 0, 0, , 0, 0, 0, 0, 0, 
616, 1, 676, 699, -1, 271, 162, 146.0, 13, ABplpppapp, 0, 0, 0, 0, , 0, 0, 0, 0, 0, 
617, 1, 675, 698, -1, 253, 175, 140.0, 15, ABplpppapa, 0, 0, 0, 0, , 0, 0, 0, 0, 0, 
618, 1, 677, 700, -1, 214, 179, 157.0, 14, ABplppppaa, 0, 0, 0, 0, , 0, 0, 0, 0, 0, 
619, 1, 678, 701, -1, 237, 163, 162.0, 14, ABplppppap, 0, 0, 0, 0, , 0, 0, 0, 0, 0, 
620, 1, 679, 702, -1, 229, 148, 180.0, 15, ABplpppppa, 0, 0, 0, 0, , 0, 0, 0, 0, 0, 
621, 1, 680, 704, -1, 260, 154, 175.0, 15, ABplpppppp, 0, 0, 0, 0, , 0, 0, 0, 0, 0, 
622, 1, 681, 705, -1, 196, 173, 165.0, 15, ABplpapapp, 0, 0, 0, 0, , 0, 0, 0, 0, 0, 
623, 1, 682, 706, -1, 107, 163, 117.0, 15, ABplpaaaaa, 0, 0, 0, 0, , 0, 0, 0, 0, 0, 
624, 1, 683, 707, -1, 134, 166, 112.0, 16, ABplpaaaap, 0, 0, 0, 0, , 0, 0, 0, 0, 0, 
625, 1, 684, 708, -1, 154, 171, 107.0, 15, ABplpaaapp, 0, 0, 0, 0, , 0, 0, 0, 0, 0, 
626, 1, 685, 709, -1, 131, 181, 117.0, 16, ABplpaaapa, 0, 0, 0, 0, , 0, 0, 0, 0, 0, 
627, 1, 686, 710, -1, 117, 157, 99.0, 14, ABplpaapaa, 0, 0, 0, 0, , 0, 0, 0, 0, 0, 
628, 1, 687, 711, -1, 142, 164, 85.0, 17, ABplpaapap, 0, 0, 0, 0, , 0, 0, 0, 0, 0, 
629, 0, 688, -1, -1, 153, 170, 102.0, 14, , 0, 0, 0, 0, , 0, 0, 0, 0, 0, 
630, 1, 689, 713, -1, 159, 167, 88.0, 15, ABplpaappa, 0, 0, 0, 0, , 0, 0, 0, 0, 0, 
631, 1, 690, 714, -1, 182, 175, 97.0, 14, ABplpaappp, 0, 0, 0, 0, , 0, 0, 0, 0, 0, 
632, 1, 692, 716, -1, 173, 179, 133.0, 15, ABplpapaap, 0, 0, 0, 0, , 0, 0, 0, 0, 0, 
633, 1, 691, 715, -1, 144, 174, 130.0, 15, ABplpapaaa, 0, 0, 0, 0, , 0, 0, 0, 0, 0, 
634, 1, 693, 717, -1, 177, 178, 154.0, 16, ABplpapapa, 0, 0, 0, 0, , 0, 0, 0, 0, 0, 
635, 1, 694, 718, -1, 164, 165, 177.0, 17, ABplpappaa, 0, 0, 0, 0, , 0, 0, 0, 0, 0, 
636, 1, 696, 719, -1, 187, 155, 185.0, 14, ABplpappap, 0, 0, 0, 0, , 0, 0, 0, 0, 0, 
637, 1, 698, 720, -1, 200, 159, 179.0, 15, ABplpapppa, 0, 0, 0, 0, , 0, 0, 0, 0, 0, 
638, 1, 697, 721, -1, 229, 163, 178.0, 15, ABplpapppp, 0, 0, 0, 0, , 0, 0, 0, 0, 0, 
639, 1, 700, 722, -1, 147, 29, 138.0, 14, ABpraapapa, 0, 0, 0, 0, , 0, 0, 0, 0, 0, 
640, 1, 699, 723, -1, 175, 36, 135.0, 14, ABpraapapp, 0, 0, 0, 0, , 0, 0, 0, 0, 0, 
641, 1, 701, 724, -1, 114, 74, 188.0, 14, ABprpaaaaa, 0, 0, 0, 0, , 0, 0, 0, 0, 0, 
642, 1, 702, 725, -1, 139, 68, 196.0, 14, ABprpaaaap, 0, 0, 0, 0, , 0, 0, 0, 0, 0, 
643, 1, 704, 726, -1, 154, 68, 199.0, 13, ABprpaaapa, 0, 0, 0, 0, , 0, 0, 0, 0, 0, 
644, 1, 703, 727, -1, 176, 64, 196.0, 13, ABprpaaapp, 0, 0, 0, 0, , 0, 0, 0, 0, 0, 
645, 1, 706, 729, -1, 168, 50, 178.0, 15, ABprpaapap, 0, 0, 0, 0, , 0, 0, 0, 0, 0, 
646, 1, 705, 728, -1, 142, 51, 182.0, 15, ABprpaapaa, 0, 0, 0, 0, , 0, 0, 0, 0, 0, 
647, 1, 707, 730, -1, 182, 49, 184.0, 15, ABprpaappa, 0, 0, 0, 0, , 0, 0, 0, 0, 0, 
648, 1, 708, 731, -1, 202, 62, 194.0, 15, ABprpaappp, 0, 0, 0, 0, , 0, 0, 0, 0, 0, 
649, 1, 709, 734, -1, 192, 108, 194.0, 15, ABprpapaap, 0, 0, 0, 0, , 0, 0, 0, 0, 0, 
650, 1, 709, 732, -1, 173, 93, 196.5, 15, ABprpapaaa, 0, 0, 0, 0, , 0, 0, 0, 0, 0, 
651, 1, 710, 733, -1, 195, 113, 206.0, 15, ABprpapapa, 0, 0, 0, 0, , 0, 0, 0, 0, 0, 
652, 1, 711, 735, -1, 222, 112, 207.0, 14, ABprpapapp, 0, 0, 0, 0, , 0, 0, 0, 0, 0, 
653, 1, 712, 736, -1, 177, 127, 201.0, 15, ABprpappaa, 0, 0, 0, 0, , 0, 0, 0, 0, 0, 
654, 1, 713, 737, -1, 211, 138, 198.0, 15, ABprpappap, 0, 0, 0, 0, , 0, 0, 0, 0, 0, 
655, 1, 714, 738, -1, 227, 134, 205.0, 15, ABprpapppa, 0, 0, 0, 0, , 0, 0, 0, 0, 0, 
656, 1, 715, 739, -1, 249, 139, 185.5, 16, ABprpapppp, 0, 0, 0, 0, , 0, 0, 0, 0, 0, 
657, 1, 716, 740, -1, 193, 81, 196.0, 14, ABprppaaa, 0, 0, 0, 0, , 0, 0, 0, 0, 0, 
658, 1, 717, 741, -1, 210, 97, 199.0, 15, ABprppaap, 0, 0, 0, 0, , 0, 0, 0, 0, 0, 
659, 1, 718, 742, 743, 217, 77, 192.0, 14, ABprppapa, 0, 0, 0, 0, , 0, 0, 0, 0, 0, 
660, 1, 719, 744, -1, 241, 81, 186.0, 14, ABprppapp, 0, 0, 0, 0, , 0, 0, 0, 0, 0, 
661, 1, 720, 745, -1, 237, 81, 206.0, 12, ABprpppaaa, 0, 0, 0, 0, , 0, 0, 0, 0, 0, 
662, 1, 721, 746, -1, 259, 94, 198.0, 12, ABprpppaap, 0, 0, 0, 0, , 0, 0, 0, 0, 0, 
663, 1, 722, 747, -1, 276, 101, 197.0, 12, ABprpppapa, 0, 0, 0, 0, , 0, 0, 0, 0, 0, 
664, 1, 723, 748, -1, 285, 118, 186.0, 12, ABprpppapp, 0, 0, 0, 0, , 0, 0, 0, 0, 0, 
665, 1, 724, 749, -1, 230, 104, 203.0, 15, ABprppppaa, 0, 0, 0, 0, , 0, 0, 0, 0, 0, 
666, 1, 725, 750, -1, 258, 112, 190.0, 13, ABprppppap, 0, 0, 0, 0, , 0, 0, 0, 0, 0, 
667, 1, 726, 751, -1, 260, 128, 196.0, 15, ABprpppppa, 0, 0, 0, 0, , 0, 0, 0, 0, 0, 
668, 1, 727, 752, -1, 283, 134, 181.0, 15, ABprpppppp, 0, 0, 0, 0, , 0, 0, 0, 0, 0, 
669, 1, 728, 753, -1, 71, 104, 127.5, 16, MSaaaaa, 0, 0, 0, 0, , 0, 0, 0, 0, 0, 
670, 1, 729, 754, -1, 105, 91, 109.0, 13, MSaaaap, 0, 0, 0, 0, , 0, 0, 0, 0, 0, 
671, 1, 730, 755, -1, 139, 110, 124.333336, 15, MSaaapp, 0, 0, 0, 0, , 0, 0, 0, 0, 0, 
672, 1, 731, 756, -1, 109, 114, 121.75, 18, MSaaapa, 0, 0, 0, 0, , 0, 0, 0, 0, 0, 
673, 1, 732, 757, -1, 174, 142, 160.0, 12, MSaapap, 0, 0, 0, 0, , 0, 0, 0, 0, 0, 
674, 1, 733, 759, -1, 160, 126, 133.0, 10, MSaapaap, 0, 0, 0, 0, , 0, 0, 0, 0, 0, 
675, 1, 733, 758, -1, 141, 139, 148.0, 10, MSaapaaa, 0, 0, 0, 0, , 0, 0, 0, 0, 0, 
676, 1, 734, 760, -1, 209, 150, 149.5, 16, MSaappp, 0, 0, 0, 0, , 0, 0, 0, 0, 0, 
677, 1, 735, 761, -1, 220, 71, 130.0, 19, Epra, 0, 0, 0, 0, , 0, 0, 0, 0, 0, 
678, 1, 736, 762, -1, 183, 119, 117.0, 19, Ealp, 0, 0, 0, 0, , 0, 0, 0, 0, 0, 
679, 1, 737, 763, -1, 160, 98, 95.0, 19, Eala, 0, 0, 0, 0, , 0, 0, 0, 0, 0, 
680, 1, 738, 764, -1, 165, 77, 121.0, 19, Eara, 0, 0, 0, 0, , 0, 0, 0, 0, 0, 
681, 1, 739, 765, -1, 192, 92, 138.0, 19, Earp, 0, 0, 0, 0, , 0, 0, 0, 0, 0, 
682, 1, 740, 766, -1, 219, 101, 97.0, 18, Epla, 0, 0, 0, 0, , 0, 0, 0, 0, 0, 
683, 1, 741, 767, -1, 262, 111, 114.0, 21, Eplp, 0, 0, 0, 0, , 0, 0, 0, 0, 0, 
684, 1, 742, 768, -1, 304, 118, 86.0, 17, Caaapa, 0, 0, 0, 0, , 0, 0, 0, 0, 0, 
685, 1, 743, 769, -1, 335, 134, 124.0, 15, Caapa, 0, 0, 0, 0, , 0, 0, 0, 0, 0, 
686, 1, 744, 770, -1, 315, 150, 146.0, 17, Caapp, 0, 0, 0, 0, , 0, 0, 0, 0, 0, 
687, 1, 745, 771, -1, 244, 143, 163.0, 17, Capaa, 0, 0, 0, 0, , 0, 0, 0, 0, 0, 
688, 1, 746, 772, -1, 264, 137, 142.0, 17, Capap, 0, 0, 0, 0, , 0, 0, 0, 0, 0, 
689, 1, 747, 773, -1, 274, 143, 117.0, 17, Cappa, 0, 0, 0, 0, , 0, 0, 0, 0, 0, 
690, 1, 748, 774, -1, 288, 140, 143.0, 17, Cappp, 0, 0, 0, 0, , 0, 0, 0, 0, 0, 
691, 1, 749, 775, 776, 314, 128, 162.0, 15, Cpapp, 0, 0, 0, 0, , 0, 0, 0, 0, 0, 
692, 1, 750, 777, -1, 258, 113, 173.0, 15, Cppaa, 0, 0, 0, 0, , 0, 0, 0, 0, 0, 
693, 1, 751, 778, -1, 275, 120, 161.0, 15, Cppap, 0, 0, 0, 0, , 0, 0, 0, 0, 0, 
694, 1, 752, 779, -1, 295, 91, 158.0, 17, Cpppa, 0, 0, 0, 0, , 0, 0, 0, 0, 0, 
695, 1, 753, 780, -1, 294, 118, 151.0, 17, Cpppp, 0, 0, 0, 0, , 0, 0, 0, 0, 0, 
696, 1, 754, 781, -1, 228, 103, 130.0, 18, Z2, 0, 0, 0, 0, , 0, 0, 0, 0, 0, 
697, 1, 755, 782, -1, 207, 124, 143.0, 16, Z3, 0, 0, 0, 0, , 0, 0, 0, 0, 0, 
698, 1, 756, 783, -1, 92, 69, 86.0, 14, ABarpaaaa, 0, 0, 0, 0, , 0, 0, 0, 0, 0, 
699, 1, 757, 784, -1, 112, 73, 87.0, 16, ABarpaaap, 0, 0, 0, 0, , 0, 0, 0, 0, 0, 
700, 1, 758, 785, -1, 131, 69, 91.0, 15, ABarpaapaa, 0, 0, 0, 0, , 0, 0, 0, 0, 0, 
701, 1, 759, 786, -1, 172, 68, 72.0, 15, ABarpaapap, 0, 0, 0, 0, , 0, 0, 0, 0, 0, 
702, 1, 760, 787, -1, 181, 52, 86.0, 14, ABarpaappa, 0, 0, 0, 0, , 0, 0, 0, 0, 0, 
703, 1, 761, 788, -1, 212, 62, 85.0, 15, ABarpaappp, 0, 0, 0, 0, , 0, 0, 0, 0, 0, 
704, 1, 762, 789, 790, 117, 47, 103.0, 15, ABarpapaa, 0, 0, 0, 0, , 0, 0, 0, 0, 0, 
705, 1, 764, 792, -1, 162, 53, 87.0, 15, ABarpapapp, 0, 0, 0, 0, , 0, 0, 0, 0, 0, 
706, 1, 763, 791, -1, 133, 51, 93.0, 15, ABarpapapa, 0, 0, 0, 0, , 0, 0, 0, 0, 0, 
707, 1, 765, 794, -1, 144, 35, 113.0, 14, ABarpappaa, 0, 0, 0, 0, , 0, 0, 0, 0, 0, 
708, 1, 765, 793, -1, 164, 44, 110.0, 14, ABarpappap, 0, 0, 0, 0, , 0, 0, 0, 0, 0, 
709, 1, 766, 796, -1, 226, 52, 104.0, 15, ABarpppapa, 0, 0, 0, 0, ABarpppapa, 0, 0, 0, 0, 0, 
710, 1, 766, 795, -1, 237, 52, 107.5, 15, ABarpppapp, 0, 0, 0, 0, ABarpppapp, 0, 0, 0, 0, 0, 
711, 1, 767, 798, -1, 218, 87, 75.0, 16, ABarppaapa, 0, 0, 0, 0, , 0, 0, 0, 0, 0, 
712, 1, 767, 797, -1, 237, 102, 68.5, 16, ABarppaapp, 0, 0, 0, 0, , 0, 0, 0, 0, 0, 
713, 1, 768, 799, -1, 193, 83, 64.0, 17, ABarppaaa, 0, 0, 0, 0, , 0, 0, 0, 0, 0, 
714, 1, 769, 800, -1, 232, 122, 71.0, 19, ABarppapa, 0, 0, 0, 0, , 0, 0, 0, 0, 0, 
715, 1, 770, 801, -1, 272, 122, 88.0, 19, ABarppapp, 0, 0, 0, 0, , 0, 0, 0, 0, 0, 
716, 1, 771, 802, -1, 201, 41, 110.0, 16, ABarpppaa, 0, 0, 0, 0, , 0, 0, 0, 0, 0, 
717, 1, 772, 803, -1, 164, 56, 126.0, 13, ABarpapppa, 0, 0, 0, 0, , 0, 0, 0, 0, 0, 
718, 1, 773, 804, -1, 189, 45, 116.0, 14, ABarpapppp, 0, 0, 0, 0, , 0, 0, 0, 0, 0, 
719, 1, 774, 805, -1, 245, 48, 130.0, 18, ABarppppa, 0, 0, 0, 0, , 0, 0, 0, 0, 0, 
720, 1, 775, 806, -1, 276, 59, 132.0, 18, ABarppppp, 0, 0, 0, 0, , 0, 0, 0, 0, 0, 
721, 1, 776, 811, -1, 88, 85, 70.0, 17, ABplaaaaaa, 0, 0, 0, 0, , 0, 0, 0, 0, 0, 
722, 1, 777, 812, -1, 116, 90, 65.0, 17, ABplaaaaap, 0, 0, 0, 0, , 0, 0, 0, 0, 0, 
723, 1, 778, 813, -1, 124, 89, 83.0, 15, ABplaaaapa, 0, 0, 0, 0, , 0, 0, 0, 0, 0, 
724, 1, 779, 814, -1, 153, 83, 71.0, 16, ABplaaaapp, 0, 0, 0, 0, , 0, 0, 0, 0, 0, 
725, 1, 780, 815, -1, 145, 100, 58.0, 17, ABplaaapa, 0, 0, 0, 0, , 0, 0, 0, 0, 0, 
726, 1, 781, 825, -1, 160, 121, 58.0, 17, ABplaapapp, 0, 0, 0, 0, , 0, 0, 0, 0, 0, 
727, 1, 783, 830, -1, 162, 120, 78.0, 17, ABplapaaaa, 0, 0, 0, 0, , 0, 0, 0, 0, 0, 
728, 1, 784, 816, 817, 210, 134, 73.0, 17, ABplapaap, 0, 0, 0, 0, , 0, 0, 0, 0, 0, 
729, 1, 785, 818, -1, 259, 166, 117.0, 17, ABplapppa, 0, 0, 0, 0, , 0, 0, 0, 0, 0, 
730, 1, 786, 819, -1, 282, 168, 132.0, 17, ABplapppp, 0, 0, 0, 0, , 0, 0, 0, 0, 0, 
731, 1, 787, 820, -1, 170, 106, 59.0, 15, ABplaaappa, 0, 0, 0, 0, , 0, 0, 0, 0, 0, 
732, 1, 788, 821, -1, 201, 108, 78.0, 16, ABplaaappp, 0, 0, 0, 0, , 0, 0, 0, 0, 0, 
733, 1, 789, 822, -1, 93, 114, 57.0, 15, ABplaapaaa, 0, 0, 0, 0, , 0, 0, 0, 0, 0, 
734, 1, 790, 823, -1, 122, 110, 55.0, 16, ABplaapaap, 0, 0, 0, 0, , 0, 0, 0, 0, 0, 
735, 1, 791, 824, -1, 134, 122, 56.0, 17, ABplaapapa, 0, 0, 0, 0, , 0, 0, 0, 0, 0, 
736, 1, 792, 826, -1, 127, 147, 58.0, 17, ABplaappaa, 0, 0, 0, 0, , 0, 0, 0, 0, 0, 
737, 1, 793, 827, -1, 158, 148, 62.0, 17, ABplaappap, 0, 0, 0, 0, , 0, 0, 0, 0, 0, 
738, 1, 794, 828, -1, 175, 153, 72.0, 17, ABplaapppa, 0, 0, 0, 0, , 0, 0, 0, 0, 0, 
739, 1, 795, 829, -1, 199, 152, 78.0, 17, ABplaapppp, 0, 0, 0, 0, , 0, 0, 0, 0, 0, 
740, 1, 782, 831, -1, 190, 131, 69.0, 17, ABplapaaap, 0, 0, 0, 0, , 0, 0, 0, 0, 0, 
741, 1, 796, 832, -1, 253, 136, 74.0, 14, ABplapapaa, 0, 0, 0, 0, , 0, 0, 0, 0, 0, 
742, 1, 797, 833, -1, 282, 140, 87.0, 16, ABplapapap, 0, 0, 0, 0, , 0, 0, 0, 0, 0, 
743, 1, 798, 834, -1, 289, 150, 95.0, 17, ABplapappa, 0, 0, 0, 0, , 0, 0, 0, 0, 0, 
744, 1, 799, 835, -1, 301, 163, 124.0, 17, ABplapappp, 0, 0, 0, 0, , 0, 0, 0, 0, 0, 
745, 1, 800, 836, -1, 211, 161, 86.0, 18, ABplappaaa, 0, 0, 0, 0, , 0, 0, 0, 0, 0, 
746, 1, 801, 837, -1, 243, 165, 96.0, 15, ABplappaap, 0, 0, 0, 0, , 0, 0, 0, 0, 0, 
747, 1, 802, 838, -1, 238, 152, 74.0, 15, ABplappapa, 0, 0, 0, 0, , 0, 0, 0, 0, 0, 
748, 1, 803, 839, -1, 266, 154, 97.0, 14, ABplappapp, 0, 0, 0, 0, , 0, 0, 0, 0, 0, 
749, 1, 804, 840, -1, 191, 151, 167.0, 16, MSaappa, 0, 0, 0, 0, , 0, 0, 0, 0, 0, 
750, 1, 805, 841, -1, 91, 145, 122.0, 16, MSapaaa, 0, 0, 0, 0, , 0, 0, 0, 0, 0, 
751, 1, 806, 842, -1, 116, 141, 115.0, 16, MSapaap, 0, 0, 0, 0, , 0, 0, 0, 0, 0, 
752, 1, 807, 843, -1, 137, 135, 109.0, 16, MSapapa, 0, 0, 0, 0, , 0, 0, 0, 0, 0, 
753, 1, 808, 844, -1, 157, 136, 102.0, 16, MSapapp, 0, 0, 0, 0, , 0, 0, 0, 0, 0, 
754, 1, 809, 845, -1, 154, 153, 127.0, 16, MSappaa, 0, 0, 0, 0, , 0, 0, 0, 0, 0, 
755, 1, 810, 846, -1, 182, 152, 133.0, 15, MSappap, 0, 0, 0, 0, , 0, 0, 0, 0, 0, 
756, 1, 811, 847, -1, 172, 151, 110.0, 14, MSapppa, 0, 0, 0, 0, , 0, 0, 0, 0, 0, 
757, 1, 812, 848, -1, 206, 134, 102.0, 14, MSapppp, 0, 0, 0, 0, , 0, 0, 0, 0, 0, 
758, 1, 814, 850, -1, 106, 90, 138.0, 15, MSpaaaap, 0, 0, 0, 0, , 0, 0, 0, 0, 0, 
759, 1, 813, 849, -1, 78, 89, 150.0, 15, MSpaaaaa, 0, 0, 0, 0, , 0, 0, 0, 0, 0, 
760, 1, 815, 851, -1, 127, 81, 131.0, 15, MSpaaap, 0, 0, 0, 0, , 0, 0, 0, 0, 0, 
761, 1, 816, 852, -1, 128, 94, 151.0, 15, MSpaapa, 0, 0, 0, 0, , 0, 0, 0, 0, 0, 
762, 1, 818, 853, -1, 151, 91, 120.0, 15, MSpaapp, 0, 0, 0, 0, , 0, 0, 0, 0, 0, 
763, 1, 819, 854, -1, 171, 119, 158.0, 16, MSpapaa, 0, 0, 0, 0, , 0, 0, 0, 0, 0, 
764, 1, 820, 855, -1, 193, 117, 168.0, 16, MSpapap, 0, 0, 0, 0, , 0, 0, 0, 0, 0, 
765, 1, 821, 856, -1, 204, 134, 174.0, 14, MSpappa, 0, 0, 0, 0, , 0, 0, 0, 0, 0, 
766, 1, 822, 857, -1, 223, 127, 176.0, 16, MSpappp, 0, 0, 0, 0, , 0, 0, 0, 0, 0, 
767, 1, 823, 858, -1, 130, 85, 174.0, 14, MSppaap, 0, 0, 0, 0, , 0, 0, 0, 0, 0, 
768, 1, 824, 859, -1, 103, 87, 170.0, 16, MSppaaa, 0, 0, 0, 0, , 0, 0, 0, 0, 0, 
769, 1, 825, 860, -1, 142, 74, 164.0, 14, MSppapa, 0, 0, 0, 0, , 0, 0, 0, 0, 0, 
770, 1, 826, 861, -1, 165, 63, 148.0, 15, MSppapp, 0, 0, 0, 0, , 0, 0, 0, 0, 0, 
771, 1, 827, 862, -1, 158, 95, 175.0, 14, MSpppaa, 0, 0, 0, 0, , 0, 0, 0, 0, 0, 
772, 1, 828, 863, -1, 182, 90, 172.0, 16, MSpppap, 0, 0, 0, 0, , 0, 0, 0, 0, 0, 
773, 1, 829, 864, -1, 174, 69, 167.0, 14, MSppppa, 0, 0, 0, 0, , 0, 0, 0, 0, 0, 
774, 1, 830, 865, -1, 200, 75, 167.0, 15, MSppppp, 0, 0, 0, 0, , 0, 0, 0, 0, 0, 
775, 1, 832, 866, -1, 103, 70, 152.0, 17, ABpraaapaa, 0, 0, 0, 0, , 0, 0, 0, 0, 0, 
776, 1, 831, 867, -1, 123, 51, 151.0, 14, ABpraaapap, 0, 0, 0, 0, , 0, 0, 0, 0, 0, 
777, 1, 833, 868, -1, 258, 96, 80.0, 15, Caaaaa, 0, 0, 0, 0, , 0, 0, 0, 0, 0, 
778, 1, 834, 869, -1, 288, 103, 88.0, 16, Caaaap, 0, 0, 0, 0, , 0, 0, 0, 0, 0, 
779, 1, 835, 870, -1, 308, 134, 116.0, 17, Caaapp, 0, 0, 0, 0, , 0, 0, 0, 0, 0, 
780, 1, 836, 871, -1, 237, 66, 82.0, 17, Cpaaaa, 0, 0, 0, 0, , 0, 0, 0, 0, 0, 
781, 1, 837, 872, -1, 272, 68, 102.0, 19, Cpaaap, 0, 0, 0, 0, , 0, 0, 0, 0, 0, 
782, 1, 838, 873, -1, 294, 74, 104.0, 17, Cpaapa, 0, 0, 0, 0, , 0, 0, 0, 0, 0, 
783, 1, 839, 874, -1, 310, 99, 122.0, 17, Cpaapp, 0, 0, 0, 0, , 0, 0, 0, 0, 0, 
784, 1, 840, 875, -1, 318, 126, 141.0, 15, Cpapaa, 0, 0, 0, 0, , 0, 0, 0, 0, 0, 
785, 1, 841, 876, -1, 331, 92, 141.0, 15, Cpapap, 0, 0, 0, 0, , 0, 0, 0, 0, 0, 
786, 1, 842, 877, -1, 205, 147, 116.0, 16, Daaa, 0, 0, 0, 0, , 0, 0, 0, 0, 0, 
787, 1, 843, 878, -1, 226, 144, 142.0, 14, Daap, 0, 0, 0, 0, , 0, 0, 0, 0, 0, 
788, 1, 844, 879, -1, 228, 141, 116.0, 16, Dapa, 0, 0, 0, 0, , 0, 0, 0, 0, 0, 
789, 1, 845, 880, -1, 250, 130, 127.0, 16, Dapp, 0, 0, 0, 0, , 0, 0, 0, 0, 0, 
790, 1, 846, 881, -1, 209, 92, 167.0, 16, Dpaa, 0, 0, 0, 0, , 0, 0, 0, 0, 0, 
791, 1, 847, 882, -1, 236, 111, 171.0, 16, Dpap, 0, 0, 0, 0, , 0, 0, 0, 0, 0, 
792, 1, 848, 883, -1, 239, 90, 161.0, 16, Dppa, 0, 0, 0, 0, , 0, 0, 0, 0, 0, 
793, 1, 849, 884, -1, 271, 90, 151.0, 16, Dppp, 0, 0, 0, 0, , 0, 0, 0, 0, 0, 
794, 1, 851, 885, -1, 140, 40, 133.0, 14, ABpraapaap, 0, 0, 0, 0, , 0, 0, 0, 0, 0, 
795, 1, 852, 886, -1, 118, 152, 73.0, 14, ABalpppapp, 0, 0, 0, 0, , 0, 0, 0, 0, 0, 
796, 1, 853, 887, -1, 300, 104, 185.0, 19, ABprapppp, 0, 0, 0, 0, , 0, 0, 0, 0, 0, 
