1, 0, 1, -1, -1, 50, 111, 82.0, 9, , 106, 0, 0, 0, , 0, 0, 0, 0, 0, 
2, 0, 2, -1, -1, 123, 48, 165.0, 9, , 44, 0, 0, 0, , 0, 0, 0, 0, 0, 
3, 0, 3, -1, -1, 205, 95, 203.0, 9, , 73, 0, 0, 0, , 0, 0, 0, 0, 0, 
4, 0, 4, -1, -1, 185, 83, 200.0, 8, , 9, 0, 0, 0, , 0, 0, 0, 0, 0, 
5, 0, 5, -1, -1, 201, 60, 191.0, 9, , 27, 0, 0, 0, , 0, 0, 0, 0, 0, 
6, 0, 6, -1, -1, 191, 36, 160.0, 8, , 7, 0, 0, 0, , 0, 0, 0, 0, 0, 
7, 0, 7, -1, -1, 164, 49, 178.0, 11, , 78, 0, 0, 0, , 0, 0, 0, 0, 0, 
8, 0, 8, -1, -1, 159, 139, 201.0, 7, , 4, 0, 0, 0, , 0, 0, 0, 0, 0, 
9, 0, 9, -1, -1, 211, 96, 207.0, 9, , 112, 0, 0, 0, , 0, 0, 0, 0, 0, 
10, 0, 11, -1, -1, 187, 79, 206.0, 8, , 36, 0, 0, 0, , 0, 0, 0, 0, 0, 
11, 0, 12, -1, -1, 195, 85, 200.0, 8, , 45, 0, 0, 0, , 0, 0, 0, 0, 0, 
12, 0, 13, -1, -1, 173, 91, 191.0, 8, , 24, 0, 0, 0, , 0, 0, 0, 0, 0, 
13, 0, 14, -1, -1, 149, 116, 202.0, 8, , 65, 0, 0, 0, , 0, 0, 0, 0, 0, 
14, 0, 15, -1, -1, 79, 74, 147.0, 9, , 62, 0, 0, 0, , 0, 0, 0, 0, 0, 
15, 0, 16, -1, -1, 121, 117, 189.0, 7, , 33, 0, 0, 0, , 0, 0, 0, 0, 0, 
16, 0, 17, -1, -1, 182, 48, 190.0, 9, , 27, 0, 0, 0, , 0, 0, 0, 0, 0, 
17, 0, 18, -1, -1, 133, 86, 202.0, 8, , 21, 0, 0, 0, , 0, 0, 0, 0, 0, 
18, 0, 19, -1, -1, 238, 91, 204.0, 8, , 8, 0, 0, 0, , 0, 0, 0, 0, 0, 
19, 0, 20, -1, -1, 303, 89, 175.0, 7, , 19, 0, 0, 0, , 0, 0, 0, 0, 0, 
20, 0, 21, -1, -1, 235, 52, 148.0, 9, , 90, 0, 0, 0, , 0, 0, 0, 0, 0, 
21, 0, 22, -1, -1, 305, 75, 143.0, 8, , 6, 0, 0, 0, , 0, 0, 0, 0, 0, 
22, 0, 23, -1, -1, 313, 75, 144.0, 8, , 26, 0, 0, 0, , 0, 0, 0, 0, 0, 
23, 0, 24, -1, -1, 140, 54, 182.0, 7, , 27, 0, 0, 0, , 0, 0, 0, 0, 0, 
24, 0, 25, -1, -1, 191, 76, 190.0, 9, , 62, 0, 0, 0, , 0, 0, 0, 0, 0, 
25, 0, 26, -1, -1, 151, 121, 186.0, 8, , 26, 0, 0, 0, , 0, 0, 0, 0, 0, 
26, 0, 27, -1, -1, 232, 79, 200.0, 7, , 24, 0, 0, 0, , 0, 0, 0, 0, 0, 
27, 0, 28, -1, -1, 260, 130, 195.0, 8, , 18, 0, 0, 0, , 0, 0, 0, 0, 0, 
28, 0, 29, -1, -1, 136, 130, 190.0, 7, , 35, 0, 0, 0, , 0, 0, 0, 0, 0, 
29, 0, 30, -1, -1, 230, 80, 190.0, 8, , 23, 0, 0, 0, , 0, 0, 0, 0, 0, 
30, 0, 31, -1, -1, 68, 124, 148.0, 8, , 36, 0, 0, 0, , 0, 0, 0, 0, 0, 
31, 0, 32, -1, -1, 144, 51, 185.0, 9, , 39, 0, 0, 0, , 0, 0, 0, 0, 0, 
32, 0, 33, -1, -1, 229, 80, 193.0, 7, , 40, 0, 0, 0, , 0, 0, 0, 0, 0, 
33, 0, 34, -1, -1, 138, 67, 192.0, 8, , 26, 0, 0, 0, , 0, 0, 0, 0, 0, 
34, 0, 35, -1, -1, 157, 78, 196.0, 8, , 35, 0, 0, 0, , 0, 0, 0, 0, 0, 
35, 0, 36, -1, -1, 223, 110, 210.0, 9, , 50, 0, 0, 0, , 0, 0, 0, 0, 0, 
36, 0, 37, -1, -1, 138, 130, 178.0, 9, , 10, 0, 0, 0, , 0, 0, 0, 0, 0, 
37, 0, 38, -1, -1, 197, 177, 164.0, 8, , 28, 0, 0, 0, , 0, 0, 0, 0, 0, 
38, 0, 39, -1, -1, 153, 64, 199.0, 11, , 74, 0, 0, 0, , 0, 0, 0, 0, 0, 
39, 0, 40, -1, -1, 64, 118, 174.0, 7, , 40, 0, 0, 0, , 0, 0, 0, 0, 0, 
40, 0, 41, -1, -1, 239, 51, 157.0, 7, , 35, 0, 0, 0, , 0, 0, 0, 0, 0, 
41, 0, 42, -1, -1, 165, 47, 175.0, 7, , 8, 0, 0, 0, , 0, 0, 0, 0, 0, 
42, 0, 43, -1, -1, 131, 126, 185.0, 8, , 9, 0, 0, 0, , 0, 0, 0, 0, 0, 
43, 0, 44, -1, -1, 206, 74, 196.0, 8, , 28, 0, 0, 0, , 0, 0, 0, 0, 0, 
44, 0, 45, -1, -1, 108, 108, 159.0, 9, , 15, 0, 0, 0, , 0, 0, 0, 0, 0, 
45, 0, 46, -1, -1, 222, 49, 177.0, 7, , 7, 0, 0, 0, , 0, 0, 0, 0, 0, 
46, 0, 47, -1, -1, 261, 97, 201.0, 8, , 11, 0, 0, 0, , 0, 0, 0, 0, 0, 
47, 0, 48, -1, -1, 138, 86, 209.0, 9, , 31, 0, 0, 0, , 0, 0, 0, 0, 0, 
48, 0, 49, -1, -1, 48, 110, 87.0, 7, , 87, 0, 0, 0, , 0, 0, 0, 0, 0, 
49, 0, 50, -1, -1, 106, 165, 115.0, 7, , 15, 0, 0, 0, , 0, 0, 0, 0, 0, 
50, 0, 51, -1, -1, 190, 40, 142.0, 8, , 44, 0, 0, 0, , 0, 0, 0, 0, 0, 
51, 0, 52, -1, -1, 191, 38, 147.0, 9, , 92, 0, 0, 0, , 0, 0, 0, 0, 0, 
52, 0, 53, -1, -1, 298, 64, 147.0, 9, , 27, 0, 0, 0, , 0, 0, 0, 0, 0, 
53, 0, 54, -1, -1, 66, 118, 151.0, 8, , 23, 0, 0, 0, , 0, 0, 0, 0, 0, 
54, 0, 56, -1, -1, 76, 84, 170.0, 9, , 24, 0, 0, 0, , 0, 0, 0, 0, 0, 
55, 0, 57, -1, -1, 90, 98, 189.0, 7, , 50, 0, 0, 0, , 0, 0, 0, 0, 0, 
56, 0, 58, -1, -1, 174, 67, 199.0, 9, , 96, 0, 0, 0, , 0, 0, 0, 0, 0, 
57, 0, 59, -1, -1, 188, 75, 193.0, 8, , 16, 0, 0, 0, , 0, 0, 0, 0, 0, 
58, 0, 60, -1, -1, 211, 96, 205.0, 13, , 133, 0, 0, 0, , 0, 0, 0, 0, 0, 
59, 0, 61, -1, -1, 260, 102, 204.0, 8, , 15, 0, 0, 0, , 0, 0, 0, 0, 0, 
60, 0, 62, -1, -1, 159, 34, 154.0, 9, , 60, 0, 0, 0, , 0, 0, 0, 0, 0, 
61, 0, 63, -1, -1, 244, 76, 185.0, 9, , 46, 0, 0, 0, , 0, 0, 0, 0, 0, 
62, 0, 64, -1, -1, 137, 87, 204.0, 7, , 29, 0, 0, 0, , 0, 0, 0, 0, 0, 
63, 0, 65, -1, -1, 168, 136, 201.0, 9, , 37, 0, 0, 0, , 0, 0, 0, 0, 0, 
64, 0, 66, -1, -1, 162, 140, 203.0, 7, , 18, 0, 0, 0, , 0, 0, 0, 0, 0, 
65, 0, 67, -1, -1, 118, 117, 180.0, 7, , 15, 0, 0, 0, , 0, 0, 0, 0, 0, 
66, 0, 68, -1, -1, 134, 133, 208.0, 9, , 18, 0, 0, 0, , 0, 0, 0, 0, 0, 
67, 0, 69, -1, -1, 136, 33, 129.0, 7, , 20, 0, 0, 0, , 0, 0, 0, 0, 0, 
68, 0, 70, -1, -1, 149, 76, 194.0, 9, , 31, 0, 0, 0, , 0, 0, 0, 0, 0, 
69, 0, 71, -1, -1, 287, 106, 196.0, 8, , 13, 0, 0, 0, , 0, 0, 0, 0, 0, 
70, 0, 72, -1, -1, 49, 109, 89.0, 7, , 59, 0, 0, 0, , 0, 0, 0, 0, 0, 
71, 0, 73, -1, -1, 90, 161, 104.0, 8, , 24, 0, 0, 0, , 0, 0, 0, 0, 0, 
72, 0, 74, -1, -1, 42, 106, 122.0, 8, , 21, 0, 0, 0, , 0, 0, 0, 0, 0, 
73, 0, 75, -1, -1, 109, 45, 132.0, 9, , 15, 0, 0, 0, , 0, 0, 0, 0, 0, 
74, 0, 76, -1, -1, 62, 79, 140.0, 9, , 59, 0, 0, 0, , 0, 0, 0, 0, 0, 
75, 0, 77, -1, -1, 177, 34, 140.0, 8, , 27, 0, 0, 0, , 0, 0, 0, 0, 0, 
76, 0, 78, -1, -1, 158, 33, 157.0, 13, , 89, 0, 0, 0, , 0, 0, 0, 0, 0, 
77, 0, 79, -1, -1, 101, 63, 161.0, 7, , 29, 0, 0, 0, , 0, 0, 0, 0, 0, 
78, 0, 80, -1, -1, 247, 74, 186.0, 8, , 68, 0, 0, 0, , 0, 0, 0, 0, 0, 
79, 0, 81, -1, -1, 297, 89, 178.0, 8, , 39, 0, 0, 0, , 0, 0, 0, 0, 0, 
80, 0, 82, -1, -1, 150, 121, 176.0, 9, , 57, 0, 0, 0, , 0, 0, 0, 0, 0, 
81, 0, 83, -1, -1, 112, 114, 185.0, 7, , 29, 0, 0, 0, , 0, 0, 0, 0, 0, 
82, 0, 84, -1, -1, 303, 112, 185.0, 9, , 108, 0, 0, 0, , 0, 0, 0, 0, 0, 
83, 0, 85, -1, -1, 153, 58, 191.0, 8, , 19, 0, 0, 0, , 0, 0, 0, 0, 0, 
84, 0, 86, -1, -1, 90, 100, 194.0, 8, , 33, 0, 0, 0, , 0, 0, 0, 0, 0, 
85, 0, 87, -1, -1, 208, 70, 193.0, 7, , 37, 0, 0, 0, , 0, 0, 0, 0, 0, 
86, 0, 88, -1, -1, 114, 97, 196.0, 8, , 41, 0, 0, 0, , 0, 0, 0, 0, 0, 
87, 0, 89, -1, -1, 265, 95, 202.0, 7, , 20, 0, 0, 0, , 0, 0, 0, 0, 0, 
88, 0, 90, -1, -1, 159, 89, 208.0, 9, , 34, 0, 0, 0, , 0, 0, 0, 0, 0, 
89, 0, 91, -1, -1, 307, 74, 152.0, 9, , 50, 0, 0, 0, , 0, 0, 0, 0, 0, 
90, 0, 92, -1, -1, 101, 60, 157.0, 8, , 69, 0, 0, 0, , 0, 0, 0, 0, 0, 
91, 0, 93, -1, -1, 288, 91, 171.0, 9, , 18, 0, 0, 0, , 0, 0, 0, 0, 0, 
92, 0, 94, -1, -1, 142, 90, 192.0, 7, , 8, 0, 0, 0, , 0, 0, 0, 0, 0, 
93, 0, 95, -1, -1, 88, 162, 107.0, 11, , 59, 0, 0, 0, , 0, 0, 0, 0, 0, 
94, 0, 96, -1, -1, 71, 65, 133.0, 9, , 20, 0, 0, 0, , 0, 0, 0, 0, 0, 
95, 0, 97, -1, -1, 164, 48, 180.0, 8, , 65, 0, 0, 0, , 0, 0, 0, 0, 0, 
96, 0, 98, -1, -1, 287, 121, 179.0, 9, , 114, 0, 0, 0, , 0, 0, 0, 0, 0, 
97, 0, 99, -1, -1, 151, 95, 188.0, 8, , 25, 0, 0, 0, , 0, 0, 0, 0, 0, 
98, 0, 100, -1, -1, 154, 64, 195.0, 8, , 93, 0, 0, 0, , 0, 0, 0, 0, 0, 
99, 0, 101, -1, -1, 177, 69, 193.0, 8, , 28, 0, 0, 0, , 0, 0, 0, 0, 0, 
100, 0, 102, -1, -1, 227, 81, 194.0, 7, , 31, 0, 0, 0, , 0, 0, 0, 0, 0, 
101, 0, 103, -1, -1, 167, 140, 198.0, 9, , 26, 0, 0, 0, , 0, 0, 0, 0, 0, 
102, 0, 104, -1, -1, 135, 67, 200.0, 9, , 35, 0, 0, 0, , 0, 0, 0, 0, 0, 
103, 0, 105, -1, -1, 206, 75, 187.0, 7, , 24, 0, 0, 0, , 0, 0, 0, 0, 0, 
104, 0, 106, -1, -1, 132, 81, 205.0, 7, , 49, 0, 0, 0, , 0, 0, 0, 0, 0, 
105, 0, 107, -1, -1, 175, 125, 203.0, 8, , 14, 0, 0, 0, , 0, 0, 0, 0, 0, 
106, 0, 108, -1, -1, 211, 137, 194.0, 8, , 15, 0, 0, 0, , 0, 0, 0, 0, 0, 
107, 0, 109, -1, -1, 265, 128, 192.0, 9, , 37, 0, 0, 0, , 0, 0, 0, 0, 0, 
108, 0, 110, -1, -1, 266, 127, 194.0, 9, , 53, 0, 0, 0, , 0, 0, 0, 0, 0, 
109, 0, 111, -1, -1, 110, 71, 78.0, 9, , 19, 0, 0, 0, , 0, 0, 0, 0, 0, 
110, 0, 112, -1, -1, 135, 181, 122.0, 8, , 45, 0, 0, 0, , 0, 0, 0, 0, 0, 
111, 0, 113, -1, -1, 55, 136, 134.0, 7, , 18, 0, 0, 0, , 0, 0, 0, 0, 0, 
112, 0, 114, -1, -1, 72, 80, 138.0, 9, , 22, 0, 0, 0, , 0, 0, 0, 0, 0, 
113, 0, 115, -1, -1, 69, 151, 145.0, 11, , 54, 0, 0, 0, , 0, 0, 0, 0, 0, 
114, 0, 116, -1, -1, 62, 102, 160.0, 9, , 21, 0, 0, 0, , 0, 0, 0, 0, 0, 
115, 0, 117, -1, -1, 292, 77, 167.0, 9, , 44, 0, 0, 0, , 0, 0, 0, 0, 0, 
116, 0, 118, -1, -1, 268, 57, 163.0, 9, , 36, 0, 0, 0, , 0, 0, 0, 0, 0, 
117, 0, 119, -1, -1, 274, 54, 169.0, 7, , 24, 0, 0, 0, , 0, 0, 0, 0, 0, 
118, 0, 120, -1, -1, 83, 89, 181.0, 8, , 3, 0, 0, 0, , 0, 0, 0, 0, 0, 
119, 0, 122, -1, -1, 76, 136, 177.0, 9, , 46, 0, 0, 0, , 0, 0, 0, 0, 0, 
120, 0, 123, -1, -1, 300, 103, 178.0, 8, , 34, 0, 0, 0, , 0, 0, 0, 0, 0, 
121, 0, 124, -1, -1, 259, 129, 192.0, 9, , 48, 0, 0, 0, , 0, 0, 0, 0, 0, 
122, 0, 125, -1, -1, 192, 86, 196.0, 9, , 50, 0, 0, 0, , 0, 0, 0, 0, 0, 
123, 0, 126, -1, -1, 250, 112, 200.0, 7, , 8, 0, 0, 0, , 0, 0, 0, 0, 0, 
124, 0, 127, -1, -1, 190, 85, 203.0, 8, , 13, 0, 0, 0, , 0, 0, 0, 0, 0, 
125, 0, 128, -1, -1, 123, 91, 210.0, 7, , 24, 0, 0, 0, , 0, 0, 0, 0, 0, 
126, 0, 129, -1, -1, 229, 111, 207.0, 9, , 23, 0, 0, 0, , 0, 0, 0, 0, 0, 
127, 0, 131, -1, -1, 71, 123, 156.0, 9, , 65, 0, 0, 0, , 0, 0, 0, 0, 0, 
128, 0, 133, -1, -1, 205, 94, 197.0, 8, , 13, 0, 0, 0, , 0, 0, 0, 0, 0, 
129, 0, 134, -1, -1, 134, 49, 97.0, 8, , 16, 0, 0, 0, , 0, 0, 0, 0, 0, 
130, 0, 135, -1, -1, 176, 50, 184.0, 7, , 21, 0, 0, 0, , 0, 0, 0, 0, 0, 
131, 0, 136, -1, -1, 296, 62, 143.0, 11, , 44, 0, 0, 0, , 0, 0, 0, 0, 0, 
132, 0, 138, -1, -1, 199, 62, 189.0, 7, , 22, 0, 0, 0, , 0, 0, 0, 0, 0, 
133, 0, 139, -1, -1, 92, 144, 83.0, 9, , 60, 0, 0, 0, , 0, 0, 0, 0, 0, 
134, 0, 140, -1, -1, 122, 43, 96.0, 8, , 23, 0, 0, 0, , 0, 0, 0, 0, 0, 
135, 0, 141, -1, -1, 70, 157, 117.0, 9, , 24, 0, 0, 0, , 0, 0, 0, 0, 0, 
136, 0, 143, -1, -1, 109, 162, 121.0, 8, , 29, 0, 0, 0, , 0, 0, 0, 0, 0, 
137, 0, 144, -1, -1, 41, 106, 129.0, 9, , 95, 0, 0, 0, , 0, 0, 0, 0, 0, 
138, 0, 145, -1, -1, 171, 31, 131.0, 8, , 24, 0, 0, 0, , 0, 0, 0, 0, 0, 
139, 0, 147, -1, -1, 65, 80, 132.0, 8, , 23, 0, 0, 0, , 0, 0, 0, 0, 0, 
140, 0, 148, -1, -1, 84, 75, 148.0, 8, , 11, 0, 0, 0, , 0, 0, 0, 0, 0, 
141, 0, 149, -1, -1, 313, 75, 147.0, 8, , 38, 0, 0, 0, , 0, 0, 0, 0, 0, 
142, 0, 150, -1, -1, 46, 107, 155.0, 9, , 18, 0, 0, 0, , 0, 0, 0, 0, 0, 
143, 0, 151, -1, -1, 64, 120, 158.0, 8, , 33, 0, 0, 0, , 0, 0, 0, 0, 0, 
144, 0, 152, -1, -1, 101, 55, 166.0, 7, , 22, 0, 0, 0, , 0, 0, 0, 0, 0, 
145, 0, 153, -1, -1, 114, 112, 179.0, 9, , 49, 0, 0, 0, , 0, 0, 0, 0, 0, 
146, 0, 154, -1, -1, 246, 57, 183.0, 7, , 13, 0, 0, 0, , 0, 0, 0, 0, 0, 
147, 0, 155, -1, -1, 212, 95, 196.0, 8, , 18, 0, 0, 0, , 0, 0, 0, 0, 0, 
148, 0, 156, -1, -1, 137, 131, 201.0, 11, , 43, 0, 0, 0, , 0, 0, 0, 0, 0, 
149, 0, 157, -1, -1, 151, 109, 193.0, 9, , 115, 0, 0, 0, , 0, 0, 0, 0, 0, 
150, 0, 158, -1, -1, 147, 30, 139.0, 7, , 28, 0, 0, 0, , 0, 0, 0, 0, 0, 
151, 0, 159, -1, -1, 264, 42, 156.0, 8, , 20, 0, 0, 0, , 0, 0, 0, 0, 0, 
152, 0, 160, -1, -1, 162, 51, 187.0, 9, , 54, 0, 0, 0, , 0, 0, 0, 0, 0, 
153, 0, 161, -1, -1, 213, 136, 195.0, 9, , 28, 0, 0, 0, , 0, 0, 0, 0, 0, 
154, 0, 162, -1, -1, 171, 95, 198.0, 8, , 26, 0, 0, 0, , 0, 0, 0, 0, 0, 
155, 0, 164, -1, -1, 106, 41, 122.0, 9, , 40, 0, 0, 0, , 0, 0, 0, 0, 0, 
156, 0, 165, -1, -1, 105, 41, 128.0, 7, , 26, 0, 0, 0, , 0, 0, 0, 0, 0, 
157, 0, 166, -1, -1, 301, 60, 150.0, 8, , 34, 0, 0, 0, , 0, 0, 0, 0, 0, 
158, 0, 167, -1, -1, 78, 104, 157.0, 7, , 22, 0, 0, 0, , 0, 0, 0, 0, 0, 
159, 0, 168, -1, -1, 263, 103, 197.0, 8, , 14, 0, 0, 0, , 0, 0, 0, 0, 0, 
160, 0, 169, -1, -1, 181, 47, 179.0, 9, , 25, 0, 0, 0, , 0, 0, 0, 0, 0, 
161, 0, 170, -1, -1, 146, 177, 133.0, 7, , 14, 0, 0, 0, , 0, 0, 0, 0, 0, 
162, 0, 173, -1, -1, 175, 39, 137.0, 7, , 14, 0, 0, 0, , 0, 0, 0, 0, 0, 
163, 0, 174, -1, -1, 44, 96, 140.0, 8, , 16, 0, 0, 0, , 0, 0, 0, 0, 0, 
164, 0, 175, -1, -1, 97, 71, 149.0, 7, , 53, 0, 0, 0, , 0, 0, 0, 0, 0, 
165, 0, 176, -1, -1, 235, 48, 152.0, 8, , 55, 0, 0, 0, , 0, 0, 0, 0, 0, 
166, 0, 177, -1, -1, 130, 45, 161.0, 9, , 14, 0, 0, 0, , 0, 0, 0, 0, 0, 
167, 0, 178, -1, -1, 86, 69, 170.0, 9, , 46, 0, 0, 0, , 0, 0, 0, 0, 0, 
168, 0, 179, -1, -1, 193, 148, 172.0, 9, , 8, 0, 0, 0, , 0, 0, 0, 0, 0, 
169, 0, 180, -1, -1, 80, 88, 176.0, 7, , 22, 0, 0, 0, , 0, 0, 0, 0, 0, 
170, 0, 181, -1, -1, 245, 78, 181.0, 11, , 127, 0, 0, 0, , 0, 0, 0, 0, 0, 
171, 0, 182, -1, -1, 157, 120, 182.0, 11, , 20, 0, 0, 0, , 0, 0, 0, 0, 0, 
172, 0, 183, -1, -1, 291, 112, 185.0, 9, , 78, 0, 0, 0, , 0, 0, 0, 0, 0, 
173, 0, 184, -1, -1, 155, 120, 185.0, 13, , 122, 0, 0, 0, , 0, 0, 0, 0, 0, 
174, 0, 185, -1, -1, 297, 108, 187.0, 8, , 22, 0, 0, 0, , 0, 0, 0, 0, 0, 
175, 0, 186, -1, -1, 90, 105, 192.0, 7, , 26, 0, 0, 0, , 0, 0, 0, 0, 0, 
176, 0, 187, -1, -1, 89, 100, 196.0, 7, , 33, 0, 0, 0, , 0, 0, 0, 0, 0, 
177, 0, 188, -1, -1, 148, 110, 209.0, 8, , 87, 0, 0, 0, , 0, 0, 0, 0, 0, 
178, 0, 189, -1, -1, 177, 105, 209.0, 8, , 24, 0, 0, 0, , 0, 0, 0, 0, 0, 
179, 0, 190, -1, -1, 153, 89, 124.0, 9, , 92, 0, 0, 0, , 0, 0, 0, 0, 0, 
180, 0, 191, -1, -1, 187, 42, 138.0, 7, , 50, 0, 0, 0, , 0, 0, 0, 0, 0, 
181, 0, 192, -1, -1, 305, 67, 157.0, 9, , 26, 0, 0, 0, , 0, 0, 0, 0, 0, 
182, 0, 193, -1, -1, 71, 120, 161.0, 8, , 25, 0, 0, 0, , 0, 0, 0, 0, 0, 
183, 0, 194, -1, -1, 134, 163, 168.0, 9, , 22, 0, 0, 0, , 0, 0, 0, 0, 0, 
184, 0, 195, -1, -1, 90, 73, 184.0, 11, , 55, 0, 0, 0, , 0, 0, 0, 0, 0, 
185, 0, 196, -1, -1, 209, 60, 193.0, 8, , 18, 0, 0, 0, , 0, 0, 0, 0, 0, 
186, 0, 197, -1, -1, 193, 60, 196.0, 8, , 14, 0, 0, 0, , 0, 0, 0, 0, 0, 
187, 0, 198, -1, -1, 139, 87, 206.0, 9, , 60, 0, 0, 0, , 0, 0, 0, 0, 0, 
188, 0, 199, -1, -1, 201, 114, 210.0, 9, , 23, 0, 0, 0, , 0, 0, 0, 0, 0, 
189, 0, 200, -1, -1, 170, 35, 145.0, 8, , 5, 0, 0, 0, , 0, 0, 0, 0, 0, 
190, 0, 201, -1, -1, 246, 88, 207.0, 7, , 21, 0, 0, 0, , 0, 0, 0, 0, 0, 
191, 0, 202, -1, -1, 145, 176, 137.0, 9, , 60, 0, 0, 0, , 0, 0, 0, 0, 0, 
192, 0, 203, -1, -1, 246, 80, 178.0, 7, , 51, 0, 0, 0, , 0, 0, 0, 0, 0, 
193, 0, 204, -1, -1, 75, 144, 177.0, 8, , 8, 0, 0, 0, , 0, 0, 0, 0, 0, 
194, 0, 205, -1, -1, 124, 58, 184.0, 8, , 5, 0, 0, 0, , 0, 0, 0, 0, 0, 
195, 0, 206, -1, -1, 253, 78, 190.0, 7, , 26, 0, 0, 0, , 0, 0, 0, 0, 0, 
196, 0, 207, -1, -1, 147, 93, 190.0, 7, , 30, 0, 0, 0, , 0, 0, 0, 0, 0, 
197, 0, 208, -1, -1, 229, 103, 202.0, 9, , 48, 0, 0, 0, , 0, 0, 0, 0, 0, 
198, 0, 209, -1, -1, 57, 119, 112.0, 7, , 26, 0, 0, 0, , 0, 0, 0, 0, 0, 
199, 0, 210, -1, -1, 132, 124, 130.0, 7, , 5, 0, 0, 0, , 0, 0, 0, 0, 0, 
200, 0, 211, -1, -1, 72, 140, 171.0, 8, , 6, 0, 0, 0, , 0, 0, 0, 0, 0, 
201, 0, 212, -1, -1, 286, 140, 180.0, 9, , 68, 0, 0, 0, , 0, 0, 0, 0, 0, 
202, 0, 213, -1, -1, 150, 113, 193.0, 7, , 26, 0, 0, 0, , 0, 0, 0, 0, 0, 
203, 0, 214, -1, -1, 116, 66, 80.0, 7, , 12, 0, 0, 0, , 0, 0, 0, 0, 0, 
204, 0, 215, -1, -1, 123, 41, 99.0, 8, , 16, 0, 0, 0, , 0, 0, 0, 0, 0, 
205, 0, 216, -1, -1, 140, 33, 106.0, 7, , 27, 0, 0, 0, , 0, 0, 0, 0, 0, 
206, 0, 217, -1, -1, 56, 118, 109.0, 9, , 26, 0, 0, 0, , 0, 0, 0, 0, 0, 
207, 0, 218, -1, -1, 143, 172, 131.0, 11, , 79, 0, 0, 0, , 0, 0, 0, 0, 0, 
208, 0, 219, -1, -1, 270, 163, 127.0, 8, , 12, 0, 0, 0, , 0, 0, 0, 0, 0, 
209, 0, 220, -1, -1, 61, 142, 132.0, 8, , 8, 0, 0, 0, , 0, 0, 0, 0, 0, 
210, 0, 221, -1, -1, 217, 172, 139.0, 9, , 33, 0, 0, 0, , 0, 0, 0, 0, 0, 
211, 0, 222, -1, -1, 308, 76, 148.0, 9, , 28, 0, 0, 0, , 0, 0, 0, 0, 0, 
212, 0, 223, -1, -1, 76, 76, 151.0, 8, , 8, 0, 0, 0, , 0, 0, 0, 0, 0, 
213, 0, 224, -1, -1, 46, 103, 153.0, 9, , 13, 0, 0, 0, , 0, 0, 0, 0, 0, 
214, 0, 225, -1, -1, 65, 119, 153.0, 7, , 29, 0, 0, 0, , 0, 0, 0, 0, 0, 
215, 0, 226, -1, -1, 100, 71, 157.0, 7, , 34, 0, 0, 0, , 0, 0, 0, 0, 0, 
216, 1, 227, 202, -1, 159, 35, 160.0, 10, ABpraappaa, 30, 0, 0, 0, , 0, 0, 0, 0, 0, 
217, 0, 228, -1, -1, 194, 43, 161.0, 7, , 13, 0, 0, 0, , 0, 0, 0, 0, 0, 
218, 0, 229, -1, -1, 234, 48, 158.0, 8, , 57, 0, 0, 0, , 0, 0, 0, 0, 0, 
219, 0, 230, -1, -1, 231, 49, 165.0, 7, , 63, 0, 0, 0, , 0, 0, 0, 0, 0, 
220, 0, 231, -1, -1, 124, 48, 167.0, 9, , 31, 0, 0, 0, , 0, 0, 0, 0, 0, 
221, 0, 232, -1, -1, 80, 156, 158.0, 7, , 14, 0, 0, 0, , 0, 0, 0, 0, 0, 
222, 0, 233, -1, -1, 298, 80, 167.0, 9, , 34, 0, 0, 0, , 0, 0, 0, 0, 0, 
223, 0, 234, -1, -1, 317, 100, 170.0, 7, , 26, 0, 0, 0, , 0, 0, 0, 0, 0, 
224, 0, 235, -1, -1, 72, 143, 169.0, 7, , 25, 0, 0, 0, , 0, 0, 0, 0, 0, 
225, 0, 236, -1, -1, 73, 88, 178.0, 9, , 37, 0, 0, 0, , 0, 0, 0, 0, 0, 
226, 0, 237, -1, -1, 239, 57, 178.0, 9, , 28, 0, 0, 0, , 0, 0, 0, 0, 0, 
227, 0, 238, -1, -1, 142, 51, 178.0, 11, , 112, 0, 0, 0, , 0, 0, 0, 0, 0, 
228, 0, 239, -1, -1, 287, 133, 172.0, 8, , 13, 0, 0, 0, , 0, 0, 0, 0, 0, 
229, 0, 240, -1, -1, 113, 113, 181.0, 7, , 22, 0, 0, 0, , 0, 0, 0, 0, 0, 
230, 0, 241, -1, -1, 240, 82, 183.0, 8, , 57, 0, 0, 0, , 0, 0, 0, 0, 0, 
231, 0, 242, -1, -1, 166, 51, 183.0, 7, , 10, 0, 0, 0, , 0, 0, 0, 0, 0, 
232, 0, 243, -1, -1, 241, 57, 186.0, 9, , 46, 0, 0, 0, , 0, 0, 0, 0, 0, 
233, 0, 244, -1, -1, 89, 99, 186.0, 7, , 34, 0, 0, 0, , 0, 0, 0, 0, 0, 
234, 0, 245, -1, -1, 109, 75, 194.0, 11, , 98, 0, 0, 0, , 0, 0, 0, 0, 0, 
235, 0, 246, -1, -1, 113, 77, 191.0, 8, , 50, 0, 0, 0, , 0, 0, 0, 0, 0, 
236, 0, 247, -1, -1, 252, 112, 195.0, 8, , 19, 0, 0, 0, , 0, 0, 0, 0, 0, 
237, 0, 248, -1, -1, 280, 115, 199.0, 7, , 26, 0, 0, 0, , 0, 0, 0, 0, 0, 
238, 0, 249, -1, -1, 158, 134, 201.0, 9, , 44, 0, 0, 0, , 0, 0, 0, 0, 0, 
239, 0, 250, -1, -1, 74, 65, 124.0, 9, , 9, 0, 0, 0, , 0, 0, 0, 0, 0, 
240, 0, 251, -1, -1, 154, 90, 120.0, 8, , 26, 0, 0, 0, , 0, 0, 0, 0, 0, 
241, 0, 252, -1, -1, 81, 109, 155.0, 9, , 38, 0, 0, 0, , 0, 0, 0, 0, 0, 
242, 0, 253, -1, -1, 143, 168, 163.0, 7, , 6, 0, 0, 0, , 0, 0, 0, 0, 0, 
243, 0, 254, -1, -1, 133, 49, 166.0, 7, , 26, 0, 0, 0, , 0, 0, 0, 0, 0, 
244, 0, 255, -1, -1, 76, 140, 175.0, 8, , 43, 0, 0, 0, , 0, 0, 0, 0, 0, 
245, 0, 256, -1, -1, 298, 105, 174.0, 8, , 25, 0, 0, 0, , 0, 0, 0, 0, 0, 
246, 0, 257, -1, -1, 145, 92, 184.0, 8, , 26, 0, 0, 0, , 0, 0, 0, 0, 0, 
247, 0, 258, -1, -1, 129, 55, 186.0, 8, , 16, 0, 0, 0, , 0, 0, 0, 0, 0, 
248, 0, 259, -1, -1, 303, 108, 190.0, 11, , 55, 0, 0, 0, , 0, 0, 0, 0, 0, 
249, 0, 260, -1, -1, 188, 75, 198.0, 9, , 30, 0, 0, 0, , 0, 0, 0, 0, 0, 
250, 0, 261, -1, -1, 287, 107, 199.0, 7, , 6, 0, 0, 0, , 0, 0, 0, 0, 0, 
251, 0, 262, -1, -1, 241, 90, 209.0, 9, , 59, 0, 0, 0, , 0, 0, 0, 0, 0, 
252, 0, 264, -1, -1, 315, 75, 149.0, 9, , 15, 0, 0, 0, , 0, 0, 0, 0, 0, 
253, 0, 266, -1, -1, 125, 45, 103.0, 11, , 32, 0, 0, 0, , 0, 0, 0, 0, 0, 
254, 0, 267, -1, -1, 71, 66, 123.0, 9, , 29, 0, 0, 0, , 0, 0, 0, 0, 0, 
255, 0, 268, -1, -1, 300, 59, 149.0, 7, , 21, 0, 0, 0, , 0, 0, 0, 0, 0, 
256, 0, 269, -1, -1, 109, 61, 177.0, 9, , 18, 0, 0, 0, , 0, 0, 0, 0, 0, 
257, 0, 270, -1, -1, 231, 166, 187.0, 7, , 12, 0, 0, 0, , 0, 0, 0, 0, 0, 
258, 0, 271, -1, -1, 100, 53, 139.0, 8, , 8, 0, 0, 0, , 0, 0, 0, 0, 0, 
259, 0, 272, -1, -1, 229, 53, 159.0, 7, , 42, 0, 0, 0, , 0, 0, 0, 0, 0, 
260, 0, 273, -1, -1, 93, 123, 185.0, 8, , 40, 0, 0, 0, , 0, 0, 0, 0, 0, 
261, 0, 276, -1, -1, 85, 87, 74.0, 8, , 19, 0, 0, 0, , 0, 0, 0, 0, 0, 
262, 0, 277, -1, -1, 136, 180, 120.0, 8, , 47, 0, 0, 0, , 0, 0, 0, 0, 0, 
263, 0, 278, -1, -1, 41, 101, 119.0, 9, , 28, 0, 0, 0, , 0, 0, 0, 0, 0, 
264, 0, 279, -1, -1, 67, 66, 127.0, 8, , 14, 0, 0, 0, , 0, 0, 0, 0, 0, 
265, 0, 280, -1, -1, 110, 49, 124.0, 8, , 5, 0, 0, 0, , 0, 0, 0, 0, 0, 
266, 0, 281, -1, -1, 115, 76, 131.0, 9, , 14, 0, 0, 0, , 0, 0, 0, 0, 0, 
267, 0, 282, -1, -1, 45, 105, 129.0, 7, , 5, 0, 0, 0, , 0, 0, 0, 0, 0, 
268, 0, 283, -1, -1, 89, 161, 130.0, 7, , 10, 0, 0, 0, , 0, 0, 0, 0, 0, 
269, 0, 284, -1, -1, 42, 91, 132.0, 8, , 3, 0, 0, 0, , 0, 0, 0, 0, 0, 
270, 0, 286, -1, -1, 67, 78, 140.0, 8, , 8, 0, 0, 0, , 0, 0, 0, 0, 0, 
271, 0, 287, -1, -1, 121, 50, 147.0, 9, , 35, 0, 0, 0, , 0, 0, 0, 0, 0, 
272, 0, 288, -1, -1, 262, 44, 149.0, 9, , 20, 0, 0, 0, , 0, 0, 0, 0, 0, 
273, 0, 289, -1, -1, 77, 68, 151.0, 7, , 34, 0, 0, 0, , 0, 0, 0, 0, 0, 
274, 0, 290, -1, -1, 124, 53, 149.0, 9, , 38, 0, 0, 0, , 0, 0, 0, 0, 0, 
275, 0, 291, -1, -1, 213, 176, 159.0, 7, , 19, 0, 0, 0, , 0, 0, 0, 0, 0, 
276, 0, 293, -1, -1, 104, 146, 180.0, 9, , 31, 0, 0, 0, , 0, 0, 0, 0, 0, 
277, 0, 294, -1, -1, 188, 152, 180.0, 9, , 20, 0, 0, 0, , 0, 0, 0, 0, 0, 
278, 0, 295, -1, -1, 246, 57, 181.0, 8, , 25, 0, 0, 0, , 0, 0, 0, 0, 0, 
279, 0, 296, -1, -1, 265, 78, 184.0, 7, , 11, 0, 0, 0, , 0, 0, 0, 0, 0, 
280, 0, 297, -1, -1, 176, 45, 191.0, 9, , 44, 0, 0, 0, , 0, 0, 0, 0, 0, 
281, 0, 298, -1, -1, 184, 48, 186.0, 9, , 28, 0, 0, 0, , 0, 0, 0, 0, 0, 
282, 0, 299, -1, -1, 169, 94, 195.0, 7, , 28, 0, 0, 0, , 0, 0, 0, 0, 0, 
283, 0, 300, -1, -1, 198, 62, 192.0, 7, , 17, 0, 0, 0, , 0, 0, 0, 0, 0, 
284, 0, 301, -1, -1, 120, 126, 198.0, 11, , 24, 0, 0, 0, , 0, 0, 0, 0, 0, 
285, 0, 302, -1, -1, 233, 102, 199.0, 9, , 46, 0, 0, 0, , 0, 0, 0, 0, 0, 
286, 0, 303, -1, -1, 141, 86, 202.0, 8, , 33, 0, 0, 0, , 0, 0, 0, 0, 0, 
287, 0, 304, -1, -1, 180, 111, 206.0, 9, , 152, 0, 0, 0, , 0, 0, 0, 0, 0, 
288, 0, 305, -1, -1, 239, 81, 204.0, 7, , 15, 0, 0, 0, , 0, 0, 0, 0, 0, 
289, 0, 306, -1, -1, 154, 87, 207.0, 11, , 64, 0, 0, 0, , 0, 0, 0, 0, 0, 
290, 0, 307, -1, -1, 243, 83, 205.0, 8, , 16, 0, 0, 0, , 0, 0, 0, 0, 0, 
291, 0, 308, -1, -1, 184, 107, 210.0, 9, , 47, 0, 0, 0, , 0, 0, 0, 0, 0, 
292, 0, 309, -1, -1, 95, 55, 134.0, 7, , 5, 0, 0, 0, , 0, 0, 0, 0, 0, 
293, 0, 310, -1, -1, 273, 42, 149.0, 8, , 5, 0, 0, 0, , 0, 0, 0, 0, 0, 
294, 0, 312, -1, -1, 261, 153, 173.0, 11, , 34, 0, 0, 0, , 0, 0, 0, 0, 0, 
295, 0, 314, -1, -1, 151, 117, 180.0, 8, , 37, 0, 0, 0, , 0, 0, 0, 0, 0, 
296, 0, 315, -1, -1, 266, 77, 179.0, 7, , 32, 0, 0, 0, , 0, 0, 0, 0, 0, 
297, 0, 316, -1, -1, 104, 61, 179.0, 8, , 66, 0, 0, 0, , 0, 0, 0, 0, 0, 
298, 0, 317, -1, -1, 98, 127, 181.0, 7, , 32, 0, 0, 0, , 0, 0, 0, 0, 0, 
299, 0, 318, -1, -1, 272, 79, 180.0, 7, , 38, 0, 0, 0, , 0, 0, 0, 0, 0, 
300, 0, 319, -1, -1, 185, 49, 182.0, 7, , 16, 0, 0, 0, , 0, 0, 0, 0, 0, 
301, 0, 320, -1, -1, 264, 101, 193.0, 9, , 42, 0, 0, 0, , 0, 0, 0, 0, 0, 
302, 0, 321, -1, -1, 173, 61, 195.0, 7, , 24, 0, 0, 0, , 0, 0, 0, 0, 0, 
303, 0, 322, -1, -1, 228, 102, 197.0, 7, , 31, 0, 0, 0, , 0, 0, 0, 0, 0, 
304, 0, 323, -1, -1, 231, 80, 198.0, 9, , 39, 0, 0, 0, , 0, 0, 0, 0, 0, 
305, 0, 324, -1, -1, 122, 127, 200.0, 9, , 51, 0, 0, 0, , 0, 0, 0, 0, 0, 
306, 0, 325, -1, -1, 263, 101, 205.0, 13, , 80, 0, 0, 0, , 0, 0, 0, 0, 0, 
307, 0, 326, -1, -1, 235, 85, 208.0, 8, , 24, 0, 0, 0, , 0, 0, 0, 0, 0, 
308, 0, 327, -1, -1, 159, 91, 210.0, 9, , 67, 0, 0, 0, , 0, 0, 0, 0, 0, 
309, 0, 328, -1, -1, 163, 31, 143.0, 9, , 23, 0, 0, 0, , 0, 0, 0, 0, 0, 
310, 0, 329, -1, -1, 218, 173, 133.0, 9, , 46, 0, 0, 0, , 0, 0, 0, 0, 0, 
311, 0, 330, -1, -1, 135, 130, 203.0, 7, , 26, 0, 0, 0, , 0, 0, 0, 0, 0, 
312, 0, 331, -1, -1, 147, 30, 137.0, 9, , 21, 0, 0, 0, , 0, 0, 0, 0, 0, 
313, 0, 332, -1, -1, 66, 150, 140.0, 9, , 49, 0, 0, 0, , 0, 0, 0, 0, 0, 
314, 0, 333, -1, -1, 275, 160, 155.0, 9, , 22, 0, 0, 0, , 0, 0, 0, 0, 0, 
315, 0, 334, -1, -1, 86, 88, 70.0, 11, , 68, 0, 0, 0, , 0, 0, 0, 0, 0, 
316, 0, 336, -1, -1, 164, 54, 85.0, 7, , 10, 0, 0, 0, , 0, 0, 0, 0, 0, 
317, 0, 337, -1, -1, 134, 44, 91.0, 8, , 4, 0, 0, 0, , 0, 0, 0, 0, 0, 
318, 0, 338, -1, -1, 76, 98, 96.0, 9, , 60, 0, 0, 0, , 0, 0, 0, 0, 0, 
319, 0, 339, -1, -1, 77, 96, 100.0, 9, , 31, 0, 0, 0, , 0, 0, 0, 0, 0, 
320, 0, 340, -1, -1, 124, 47, 96.0, 8, , 13, 0, 0, 0, , 0, 0, 0, 0, 0, 
321, 0, 341, -1, -1, 56, 125, 103.0, 9, , 18, 0, 0, 0, , 0, 0, 0, 0, 0, 
322, 0, 342, -1, -1, 43, 127, 121.0, 7, , 18, 0, 0, 0, , 0, 0, 0, 0, 0, 
323, 0, 344, -1, -1, 195, 180, 132.0, 8, , 13, 0, 0, 0, , 0, 0, 0, 0, 0, 
324, 0, 345, -1, -1, 135, 43, 133.0, 7, , 10, 0, 0, 0, , 0, 0, 0, 0, 0, 
325, 0, 346, -1, -1, 169, 179, 138.0, 9, , 12, 0, 0, 0, , 0, 0, 0, 0, 0, 
326, 0, 349, -1, -1, 145, 31, 148.0, 7, , 25, 0, 0, 0, , 0, 0, 0, 0, 0, 
327, 0, 350, -1, -1, 103, 72, 151.0, 9, , 54, 0, 0, 0, , 0, 0, 0, 0, 0, 
328, 0, 351, -1, -1, 89, 104, 156.0, 7, , 36, 0, 0, 0, , 0, 0, 0, 0, 0, 
329, 0, 352, -1, -1, 80, 157, 153.0, 8, , 12, 0, 0, 0, , 0, 0, 0, 0, 0, 
330, 0, 353, -1, -1, 101, 55, 150.0, 9, , 60, 0, 0, 0, , 0, 0, 0, 0, 0, 
331, 0, 354, -1, -1, 107, 134, 156.0, 7, , 11, 0, 0, 0, , 0, 0, 0, 0, 0, 
332, 0, 355, -1, -1, 96, 54, 161.0, 7, , 59, 0, 0, 0, , 0, 0, 0, 0, 0, 
333, 0, 356, -1, -1, 193, 41, 166.0, 9, , 15, 0, 0, 0, , 0, 0, 0, 0, 0, 
334, 0, 357, -1, -1, 300, 73, 171.0, 7, , 33, 0, 0, 0, , 0, 0, 0, 0, 0, 
335, 0, 357, -1, -1, 294, 77, 171.0, 9, , 63, 0, 0, 0, , 0, 0, 0, 0, 0, 
336, 0, 358, -1, -1, 111, 57, 171.0, 8, , 32, 0, 0, 0, , 0, 0, 0, 0, 0, 
337, 0, 359, -1, -1, 166, 50, 177.0, 11, , 97, 0, 0, 0, , 0, 0, 0, 0, 0, 
338, 0, 360, -1, -1, 144, 50, 182.0, 9, , 48, 0, 0, 0, , 0, 0, 0, 0, 0, 
339, 0, 361, -1, -1, 103, 147, 182.0, 11, , 28, 0, 0, 0, , 0, 0, 0, 0, 0, 
340, 0, 362, -1, -1, 135, 132, 182.0, 8, , 24, 0, 0, 0, , 0, 0, 0, 0, 0, 
341, 0, 364, -1, -1, 188, 152, 183.0, 9, , 40, 0, 0, 0, , 0, 0, 0, 0, 0, 
342, 0, 365, -1, -1, 96, 124, 188.0, 13, , 171, 0, 0, 0, , 0, 0, 0, 0, 0, 
343, 0, 366, -1, -1, 187, 151, 185.0, 9, , 38, 0, 0, 0, , 0, 0, 0, 0, 0, 
344, 0, 368, -1, -1, 79, 137, 187.0, 9, , 24, 0, 0, 0, , 0, 0, 0, 0, 0, 
345, 0, 369, -1, -1, 108, 74, 187.0, 7, , 19, 0, 0, 0, , 0, 0, 0, 0, 0, 
346, 0, 370, -1, -1, 269, 76, 190.0, 9, , 25, 0, 0, 0, , 0, 0, 0, 0, 0, 
347, 0, 371, -1, -1, 96, 125, 190.0, 9, , 34, 0, 0, 0, , 0, 0, 0, 0, 0, 
348, 0, 372, -1, -1, 229, 165, 191.0, 9, , 36, 0, 0, 0, , 0, 0, 0, 0, 0, 
349, 0, 373, -1, -1, 249, 78, 193.0, 8, , 25, 0, 0, 0, , 0, 0, 0, 0, 0, 
350, 0, 374, -1, -1, 192, 86, 194.0, 7, , 31, 0, 0, 0, , 0, 0, 0, 0, 0, 
351, 0, 375, -1, -1, 192, 86, 192.0, 7, , 28, 0, 0, 0, , 0, 0, 0, 0, 0, 
352, 0, 376, -1, -1, 205, 72, 198.0, 9, , 50, 0, 0, 0, , 0, 0, 0, 0, 0, 
353, 0, 377, -1, -1, 172, 95, 200.0, 8, , 104, 0, 0, 0, , 0, 0, 0, 0, 0, 
354, 0, 378, -1, -1, 251, 118, 203.0, 8, , 38, 0, 0, 0, , 0, 0, 0, 0, 0, 
355, 0, 379, -1, -1, 127, 98, 204.0, 9, , 36, 0, 0, 0, , 0, 0, 0, 0, 0, 
356, 0, 380, -1, -1, 138, 81, 201.0, 8, , 11, 0, 0, 0, , 0, 0, 0, 0, 0, 
357, 0, 381, -1, -1, 152, 64, 201.0, 11, , 19, 0, 0, 0, , 0, 0, 0, 0, 0, 
358, 0, 382, -1, -1, 200, 115, 206.0, 9, , 22, 0, 0, 0, , 0, 0, 0, 0, 0, 
359, 0, 383, -1, -1, 39, 104, 127.0, 9, , 44, 0, 0, 0, , 0, 0, 0, 0, 0, 
360, 0, 384, -1, -1, 109, 49, 130.0, 7, , 5, 0, 0, 0, , 0, 0, 0, 0, 0, 
361, 0, 385, -1, -1, 170, 33, 134.0, 9, , 49, 0, 0, 0, , 0, 0, 0, 0, 0, 
362, 0, 386, -1, -1, 148, 30, 145.0, 8, , 20, 0, 0, 0, , 0, 0, 0, 0, 0, 
363, 0, 387, -1, -1, 196, 44, 163.0, 8, , 12, 0, 0, 0, , 0, 0, 0, 0, 0, 
364, 0, 388, -1, -1, 320, 96, 172.0, 8, , 2, 0, 0, 0, , 0, 0, 0, 0, 0, 
365, 0, 389, -1, -1, 110, 56, 174.0, 8, , 29, 0, 0, 0, , 0, 0, 0, 0, 0, 
366, 0, 390, -1, -1, 261, 150, 173.0, 7, , 10, 0, 0, 0, , 0, 0, 0, 0, 0, 
367, 0, -1, -1, -1, 126, 50, 178.0, 9, , 36, 0, 0, 0, , 0, 0, 0, 0, 0, 
368, 0, 392, -1, -1, 130, 125, 178.0, 9, , 34, 0, 0, 0, , 0, 0, 0, 0, 0, 
369, 0, 393, -1, -1, 176, 69, 191.0, 9, , 35, 0, 0, 0, , 0, 0, 0, 0, 0, 
370, 0, 394, -1, -1, 171, 67, 197.0, 8, , 38, 0, 0, 0, , 0, 0, 0, 0, 0, 
371, 0, 395, -1, -1, 264, 128, 201.0, 9, , 45, 0, 0, 0, , 0, 0, 0, 0, 0, 
372, 0, 396, -1, -1, 218, 173, 141.0, 7, , 20, 0, 0, 0, , 0, 0, 0, 0, 0, 
373, 0, 397, -1, -1, 100, 55, 163.0, 11, , 160, 0, 0, 0, , 0, 0, 0, 0, 0, 
374, 0, 398, -1, -1, 204, 58, 197.0, 8, , 18, 0, 0, 0, , 0, 0, 0, 0, 0, 
375, 0, 401, -1, -1, 71, 76, 98.0, 8, , 1, 0, 0, 0, , 0, 0, 0, 0, 0, 
376, 0, 402, -1, -1, 163, 96, 106.0, 9, , 11, 0, 0, 0, , 0, 0, 0, 0, 0, 
377, 0, 404, -1, -1, 57, 125, 107.0, 8, , 12, 0, 0, 0, , 0, 0, 0, 0, 0, 
378, 0, 405, -1, -1, 164, 41, 110.0, 9, , 12, 0, 0, 0, , 0, 0, 0, 0, 0, 
379, 0, 406, -1, -1, 170, 35, 111.0, 7, , 16, 0, 0, 0, , 0, 0, 0, 0, 0, 
380, 0, 407, -1, -1, 142, 32, 110.0, 9, , 34, 0, 0, 0, , 0, 0, 0, 0, 0, 
381, 0, 408, -1, -1, 234, 169, 113.0, 8, , 13, 0, 0, 0, , 0, 0, 0, 0, 0, 
382, 0, 409, -1, -1, 51, 85, 119.0, 8, , 5, 0, 0, 0, , 0, 0, 0, 0, 0, 
383, 0, 413, -1, -1, 53, 79, 122.0, 7, , 9, 0, 0, 0, , 0, 0, 0, 0, 0, 
384, 0, 414, -1, -1, 67, 105, 131.0, 7, , 7, 0, 0, 0, , 0, 0, 0, 0, 0, 
385, 0, 415, -1, -1, 214, 48, 134.0, 7, , 34, 0, 0, 0, , 0, 0, 0, 0, 0, 
386, 0, 416, -1, -1, 134, 126, 134.0, 8, , 12, 0, 0, 0, , 0, 0, 0, 0, 0, 
387, 0, 417, -1, -1, 237, 179, 155.0, 7, , 4, 0, 0, 0, , 0, 0, 0, 0, 0, 
388, 0, 418, -1, -1, 75, 89, 154.0, 9, , 14, 0, 0, 0, , 0, 0, 0, 0, 0, 
389, 0, 419, -1, -1, 75, 70, 156.0, 9, , 45, 0, 0, 0, , 0, 0, 0, 0, 0, 
390, 0, 421, -1, -1, 299, 73, 168.0, 8, , 18, 0, 0, 0, , 0, 0, 0, 0, 0, 
391, 0, 422, -1, -1, 200, 169, 168.0, 8, , 7, 0, 0, 0, , 0, 0, 0, 0, 0, 
392, 0, 423, -1, -1, 270, 56, 165.0, 9, , 54, 0, 0, 0, , 0, 0, 0, 0, 0, 
393, 0, 424, -1, -1, 266, 58, 171.0, 7, , 26, 0, 0, 0, , 0, 0, 0, 0, 0, 
394, 0, 425, -1, -1, 133, 48, 164.0, 7, , 26, 0, 0, 0, , 0, 0, 0, 0, 0, 
395, 0, 426, -1, -1, 287, 86, 177.0, 8, , 7, 0, 0, 0, , 0, 0, 0, 0, 0, 
396, 0, 427, -1, -1, 61, 99, 174.0, 9, , 89, 0, 0, 0, , 0, 0, 0, 0, 0, 
397, 0, 428, -1, -1, 265, 58, 173.0, 7, , 17, 0, 0, 0, , 0, 0, 0, 0, 0, 
398, 0, 429, -1, -1, 282, 142, 177.0, 8, , 28, 0, 0, 0, , 0, 0, 0, 0, 0, 
399, 0, 430, -1, -1, 289, 123, 182.0, 11, , 93, 0, 0, 0, , 0, 0, 0, 0, 0, 
400, 0, 431, -1, -1, 72, 89, 180.0, 8, , 17, 0, 0, 0, , 0, 0, 0, 0, 0, 
401, 0, 432, -1, -1, 305, 105, 183.0, 7, , 21, 0, 0, 0, , 0, 0, 0, 0, 0, 
402, 0, 433, -1, -1, 156, 84, 195.0, 8, , 22, 0, 0, 0, , 0, 0, 0, 0, 0, 
403, 0, 434, -1, -1, 171, 66, 193.0, 7, , 19, 0, 0, 0, , 0, 0, 0, 0, 0, 
404, 0, 435, -1, -1, 198, 108, 192.0, 8, , 55, 0, 0, 0, , 0, 0, 0, 0, 0, 
405, 0, 436, -1, -1, 191, 113, 193.0, 8, , 32, 0, 0, 0, , 0, 0, 0, 0, 0, 
406, 0, 437, -1, -1, 228, 100, 194.0, 7, , 18, 0, 0, 0, , 0, 0, 0, 0, 0, 
407, 0, 438, -1, -1, 131, 66, 195.0, 8, , 14, 0, 0, 0, , 0, 0, 0, 0, 0, 
408, 0, 439, -1, -1, 161, 142, 199.0, 8, , 9, 0, 0, 0, , 0, 0, 0, 0, 0, 
409, 0, 440, -1, -1, 203, 58, 199.0, 9, , 23, 0, 0, 0, , 0, 0, 0, 0, 0, 
410, 0, 441, -1, -1, 214, 97, 200.0, 9, , 50, 0, 0, 0, , 0, 0, 0, 0, 0, 
411, 0, 442, -1, -1, 191, 112, 196.0, 9, , 41, 0, 0, 0, , 0, 0, 0, 0, 0, 
412, 0, 443, -1, -1, 150, 110, 202.0, 8, , 106, 0, 0, 0, , 0, 0, 0, 0, 0, 
413, 0, 444, -1, -1, 128, 91, 201.0, 9, , 48, 0, 0, 0, , 0, 0, 0, 0, 0, 
414, 0, 445, -1, -1, 153, 89, 205.0, 11, , 36, 0, 0, 0, , 0, 0, 0, 0, 0, 
415, 0, 446, -1, -1, 150, 88, 210.0, 7, , 23, 0, 0, 0, , 0, 0, 0, 0, 0, 
416, 0, 447, -1, -1, 216, 48, 139.0, 8, , 20, 0, 0, 0, , 0, 0, 0, 0, 0, 
417, 0, 448, -1, -1, 189, 41, 147.0, 8, , 51, 0, 0, 0, , 0, 0, 0, 0, 0, 
418, 0, 449, -1, -1, 166, 50, 174.0, 9, , 61, 0, 0, 0, , 0, 0, 0, 0, 0, 
419, 0, 450, -1, -1, 195, 112, 188.0, 9, , 26, 0, 0, 0, , 0, 0, 0, 0, 0, 
420, 0, 451, -1, -1, 150, 93, 192.0, 9, , 55, 0, 0, 0, , 0, 0, 0, 0, 0, 
421, 0, 452, -1, -1, 262, 130, 199.0, 7, , 30, 0, 0, 0, , 0, 0, 0, 0, 0, 
422, 0, 453, -1, -1, 149, 117, 199.0, 8, , 43, 0, 0, 0, , 0, 0, 0, 0, 0, 
423, 0, 454, -1, -1, 148, 115, 206.0, 8, , 24, 0, 0, 0, , 0, 0, 0, 0, 0, 
424, 0, 455, -1, -1, 144, 48, 187.0, 9, , 20, 0, 0, 0, , 0, 0, 0, 0, 0, 
425, 0, 456, -1, -1, 122, 127, 205.0, 8, , 37, 0, 0, 0, , 0, 0, 0, 0, 0, 
426, 0, 457, -1, -1, 224, 148, 75.0, 7, , 14, 0, 0, 0, , 0, 0, 0, 0, 0, 
427, 0, 458, -1, -1, 72, 151, 120.0, 8, , 14, 0, 0, 0, , 0, 0, 0, 0, 0, 
428, 0, 459, -1, -1, 108, 127, 159.0, 7, , 28, 0, 0, 0, , 0, 0, 0, 0, 0, 
429, 0, 460, -1, -1, 74, 81, 170.0, 9, , 29, 0, 0, 0, , 0, 0, 0, 0, 0, 
430, 0, 461, -1, -1, 210, 91, 201.0, 9, , 44, 0, 0, 0, , 0, 0, 0, 0, 0, 
431, 0, 462, -1, -1, 165, 105, 91.0, 8, , 22, 0, 0, 0, , 0, 0, 0, 0, 0, 
432, 0, 462, -1, -1, 164, 96, 89.0, 8, , 20, 0, 0, 0, , 0, 0, 0, 0, 0, 
433, 0, 463, -1, -1, 69, 151, 147.0, 9, , 47, 0, 0, 0, , 0, 0, 0, 0, 0, 
434, 0, 464, -1, -1, 103, 72, 153.0, 8, , 26, 0, 0, 0, , 0, 0, 0, 0, 0, 
435, 0, 465, -1, -1, 118, 98, 190.0, 9, , 27, 0, 0, 0, , 0, 0, 0, 0, 0, 
436, 0, 466, -1, -1, 88, 144, 75.0, 8, , 22, 0, 0, 0, , 0, 0, 0, 0, 0, 
437, 0, 467, -1, -1, 89, 149, 79.0, 8, , 24, 0, 0, 0, , 0, 0, 0, 0, 0, 
438, 0, 468, -1, -1, 73, 96, 92.0, 7, , 34, 0, 0, 0, , 0, 0, 0, 0, 0, 
439, 0, 469, -1, -1, 116, 162, 96.0, 8, , 19, 0, 0, 0, , 0, 0, 0, 0, 0, 
440, 0, 470, -1, -1, 114, 164, 101.0, 9, , 28, 0, 0, 0, , 0, 0, 0, 0, 0, 
441, 0, 471, -1, -1, 65, 140, 98.0, 7, , 28, 0, 0, 0, , 0, 0, 0, 0, 0, 
442, 0, 472, -1, -1, 71, 144, 102.0, 8, , 52, 0, 0, 0, , 0, 0, 0, 0, 0, 
443, 0, 473, -1, -1, 148, 170, 104.0, 9, , 15, 0, 0, 0, , 0, 0, 0, 0, 0, 
444, 0, 474, -1, -1, 85, 167, 105.0, 7, , 17, 0, 0, 0, , 0, 0, 0, 0, 0, 
445, 0, 475, -1, -1, 96, 49, 107.0, 9, , 53, 0, 0, 0, , 0, 0, 0, 0, 0, 
446, 0, 476, -1, -1, 164, 103, 105.0, 9, , 40, 0, 0, 0, , 0, 0, 0, 0, 0, 
447, 0, 477, -1, -1, 96, 50, 110.0, 9, , 31, 0, 0, 0, , 0, 0, 0, 0, 0, 
448, 0, 478, -1, -1, 191, 176, 107.0, 9, , 40, 0, 0, 0, , 0, 0, 0, 0, 0, 
449, 0, 479, -1, -1, 68, 154, 108.0, 9, , 27, 0, 0, 0, , 0, 0, 0, 0, 0, 
450, 0, 480, -1, -1, 106, 164, 111.0, 8, , 16, 0, 0, 0, , 0, 0, 0, 0, 0, 
451, 0, 482, -1, -1, 96, 51, 113.0, 9, , 26, 0, 0, 0, , 0, 0, 0, 0, 0, 
452, 0, 483, -1, -1, 137, 182, 113.0, 9, , 21, 0, 0, 0, , 0, 0, 0, 0, 0, 
453, 0, 484, -1, -1, 140, 32, 112.0, 9, , 41, 0, 0, 0, , 0, 0, 0, 0, 0, 
454, 0, 485, -1, -1, 168, 36, 114.0, 7, , 13, 0, 0, 0, , 0, 0, 0, 0, 0, 
455, 0, 486, -1, -1, 69, 148, 117.0, 11, , 20, 0, 0, 0, , 0, 0, 0, 0, 0, 
456, 0, 488, -1, -1, 109, 169, 118.0, 7, , 16, 0, 0, 0, , 0, 0, 0, 0, 0, 
457, 0, 489, -1, -1, 66, 156, 123.0, 11, , 70, 0, 0, 0, , 0, 0, 0, 0, 0, 
458, 0, 490, -1, -1, 130, 171, 124.0, 7, , 6, 0, 0, 0, , 0, 0, 0, 0, 0, 
459, 0, 491, -1, -1, 139, 33, 127.0, 8, , 17, 0, 0, 0, , 0, 0, 0, 0, 0, 
460, 0, 492, -1, -1, 64, 133, 130.0, 8, , 12, 0, 0, 0, , 0, 0, 0, 0, 0, 
461, 0, 493, -1, -1, 129, 72, 130.0, 8, , 7, 0, 0, 0, , 0, 0, 0, 0, 0, 
462, 0, 494, -1, -1, 136, 34, 131.0, 7, , 8, 0, 0, 0, , 0, 0, 0, 0, 0, 
463, 0, 495, -1, -1, 42, 104, 132.0, 9, , 10, 0, 0, 0, , 0, 0, 0, 0, 0, 
464, 0, 496, -1, -1, 217, 42, 133.0, 9, , 39, 0, 0, 0, , 0, 0, 0, 0, 0, 
465, 0, 498, -1, -1, 303, 163, 136.0, 9, , 34, 0, 0, 0, , 0, 0, 0, 0, 0, 
466, 0, 499, -1, -1, 42, 96, 135.0, 8, , 11, 0, 0, 0, , 0, 0, 0, 0, 0, 
467, 0, 500, -1, -1, 198, 174, 133.0, 9, , 11, 0, 0, 0, , 0, 0, 0, 0, 0, 
468, 0, 501, -1, -1, 128, 76, 134.0, 9, , 12, 0, 0, 0, , 0, 0, 0, 0, 0, 
469, 0, 502, -1, -1, 45, 93, 140.0, 11, , 38, 0, 0, 0, , 0, 0, 0, 0, 0, 
470, 0, 503, -1, -1, 171, 30, 140.0, 9, , 25, 0, 0, 0, , 0, 0, 0, 0, 0, 
471, 0, 504, -1, -1, 115, 162, 140.0, 7, , 16, 0, 0, 0, , 0, 0, 0, 0, 0, 
472, 0, 505, -1, -1, 126, 52, 140.0, 7, , 33, 0, 0, 0, , 0, 0, 0, 0, 0, 
473, 0, 506, -1, -1, 138, 34, 142.0, 7, , 19, 0, 0, 0, , 0, 0, 0, 0, 0, 
474, 0, 507, -1, -1, 259, 172, 142.0, 9, , 24, 0, 0, 0, , 0, 0, 0, 0, 0, 
475, 0, 508, -1, -1, 309, 76, 142.0, 11, , 43, 0, 0, 0, , 0, 0, 0, 0, 0, 
476, 0, 509, -1, -1, 80, 70, 143.0, 11, , 55, 0, 0, 0, , 0, 0, 0, 0, 0, 
477, 0, 510, -1, -1, 260, 172, 145.0, 9, , 43, 0, 0, 0, , 0, 0, 0, 0, 0, 
478, 0, 511, -1, -1, 64, 150, 144.0, 7, , 18, 0, 0, 0, , 0, 0, 0, 0, 0, 
479, 0, 512, -1, -1, 83, 105, 149.0, 11, , 49, 0, 0, 0, , 0, 0, 0, 0, 0, 
480, 0, 513, -1, -1, 81, 63, 150.0, 7, , 27, 0, 0, 0, , 0, 0, 0, 0, 0, 
481, 0, 514, -1, -1, 271, 43, 151.0, 8, , 13, 0, 0, 0, , 0, 0, 0, 0, 0, 
482, 0, 515, -1, -1, 75, 69, 154.0, 7, , 20, 0, 0, 0, , 0, 0, 0, 0, 0, 
483, 0, 516, -1, -1, 83, 75, 154.0, 8, , 14, 0, 0, 0, , 0, 0, 0, 0, 0, 
484, 0, 517, -1, -1, 101, 48, 154.0, 8, , 41, 0, 0, 0, , 0, 0, 0, 0, 0, 
485, 0, 518, -1, -1, 81, 104, 161.0, 11, , 52, 0, 0, 0, , 0, 0, 0, 0, 0, 
486, 0, 519, -1, -1, 275, 159, 158.0, 9, , 82, 0, 0, 0, , 0, 0, 0, 0, 0, 
487, 0, 520, -1, -1, 162, 34, 161.0, 8, , 20, 0, 0, 0, , 0, 0, 0, 0, 0, 
488, 0, 521, -1, -1, 55, 99, 161.0, 7, , 17, 0, 0, 0, , 0, 0, 0, 0, 0, 
489, 0, 522, -1, -1, 64, 107, 160.0, 8, , 16, 0, 0, 0, , 0, 0, 0, 0, 0, 
490, 0, 523, -1, -1, 110, 133, 160.0, 8, , 35, 0, 0, 0, , 0, 0, 0, 0, 0, 
491, 0, 524, -1, -1, 64, 107, 164.0, 7, , 19, 0, 0, 0, , 0, 0, 0, 0, 0, 
492, 0, 525, -1, -1, 124, 49, 162.0, 9, , 28, 0, 0, 0, , 0, 0, 0, 0, 0, 
493, 0, 526, -1, -1, 109, 127, 164.0, 7, , 19, 0, 0, 0, , 0, 0, 0, 0, 0, 
494, 0, 527, -1, -1, 125, 146, 165.0, 8, , 6, 0, 0, 0, , 0, 0, 0, 0, 0, 
495, 0, 528, -1, -1, 62, 97, 168.0, 8, , 23, 0, 0, 0, , 0, 0, 0, 0, 0, 
496, 0, 529, -1, -1, 263, 148, 169.0, 8, , 19, 0, 0, 0, , 0, 0, 0, 0, 0, 
497, 0, 530, -1, -1, 67, 102, 168.0, 7, , 14, 0, 0, 0, , 0, 0, 0, 0, 0, 
498, 0, 531, -1, -1, 67, 122, 172.0, 9, , 40, 0, 0, 0, , 0, 0, 0, 0, 0, 
499, 0, 532, -1, -1, 107, 132, 171.0, 8, , 18, 0, 0, 0, , 0, 0, 0, 0, 0, 
500, 0, 533, -1, -1, 135, 129, 173.0, 9, , 30, 0, 0, 0, , 0, 0, 0, 0, 0, 
501, 0, 534, -1, -1, 138, 166, 173.0, 8, , 19, 0, 0, 0, , 0, 0, 0, 0, 0, 
502, 0, 535, -1, -1, 281, 139, 173.0, 9, , 21, 0, 0, 0, , 0, 0, 0, 0, 0, 
503, 0, 536, -1, -1, 82, 68, 174.0, 8, , 8, 0, 0, 0, , 0, 0, 0, 0, 0, 
504, 0, 537, -1, -1, 133, 166, 177.0, 8, , 25, 0, 0, 0, , 0, 0, 0, 0, 0, 
505, 0, 538, -1, -1, 93, 69, 177.0, 8, , 9, 0, 0, 0, , 0, 0, 0, 0, 0, 
506, 0, 539, -1, -1, 132, 88, 177.0, 8, , 16, 0, 0, 0, , 0, 0, 0, 0, 0, 
507, 0, 540, -1, -1, 314, 97, 177.0, 11, , 103, 0, 0, 0, , 0, 0, 0, 0, 0, 
508, 0, 541, -1, -1, 88, 65, 177.0, 7, , 6, 0, 0, 0, , 0, 0, 0, 0, 0, 
509, 0, 542, -1, -1, 202, 151, 179.0, 7, , 17, 0, 0, 0, , 0, 0, 0, 0, 0, 
510, 0, 543, -1, -1, 69, 116, 178.0, 7, , 23, 0, 0, 0, , 0, 0, 0, 0, 0, 
511, 0, 544, -1, -1, 221, 48, 179.0, 9, , 13, 0, 0, 0, , 0, 0, 0, 0, 0, 
512, 0, 545, -1, -1, 75, 139, 182.0, 9, , 58, 0, 0, 0, , 0, 0, 0, 0, 0, 
513, 0, 546, -1, -1, 84, 86, 186.0, 8, , 21, 0, 0, 0, , 0, 0, 0, 0, 0, 
514, 0, 548, -1, -1, 121, 116, 184.0, 9, , 100, 0, 0, 0, , 0, 0, 0, 0, 0, 
515, 0, 549, -1, -1, 107, 74, 188.0, 9, , 35, 0, 0, 0, , 0, 0, 0, 0, 0, 
516, 0, 550, -1, -1, 174, 50, 187.0, 8, , 18, 0, 0, 0, , 0, 0, 0, 0, 0, 
517, 0, 551, -1, -1, 93, 125, 189.0, 8, , 41, 0, 0, 0, , 0, 0, 0, 0, 0, 
518, 0, 552, -1, -1, 138, 69, 190.0, 9, , 43, 0, 0, 0, , 0, 0, 0, 0, 0, 
519, 0, 553, -1, -1, 246, 81, 190.0, 8, , 49, 0, 0, 0, , 0, 0, 0, 0, 0, 
520, 0, 556, -1, -1, 153, 65, 196.0, 8, , 42, 0, 0, 0, , 0, 0, 0, 0, 0, 
521, 0, 557, -1, -1, 136, 133, 198.0, 9, , 44, 0, 0, 0, , 0, 0, 0, 0, 0, 
522, 0, 558, -1, -1, 268, 97, 198.0, 8, , 19, 0, 0, 0, , 0, 0, 0, 0, 0, 
523, 0, 559, -1, -1, 173, 128, 206.0, 7, , 22, 0, 0, 0, , 0, 0, 0, 0, 0, 
524, 0, 560, -1, -1, 174, 111, 206.0, 8, , 15, 0, 0, 0, , 0, 0, 0, 0, 0, 
525, 0, 562, -1, -1, 93, 146, 87.0, 9, , 38, 0, 0, 0, , 0, 0, 0, 0, 0, 
526, 0, 563, -1, -1, 67, 146, 96.0, 8, , 44, 0, 0, 0, , 0, 0, 0, 0, 0, 
527, 0, 564, -1, -1, 141, 33, 104.0, 9, , 23, 0, 0, 0, , 0, 0, 0, 0, 0, 
528, 0, 565, -1, -1, 137, 41, 126.0, 8, , 14, 0, 0, 0, , 0, 0, 0, 0, 0, 
529, 0, 566, -1, -1, 124, 52, 143.0, 9, , 38, 0, 0, 0, , 0, 0, 0, 0, 0, 
530, 0, 567, -1, -1, 110, 133, 146.0, 9, , 31, 0, 0, 0, , 0, 0, 0, 0, 0, 
531, 0, 568, -1, -1, 96, 53, 156.0, 7, , 27, 0, 0, 0, , 0, 0, 0, 0, 0, 
532, 0, 569, -1, -1, 101, 49, 157.0, 7, , 35, 0, 0, 0, , 0, 0, 0, 0, 0, 
533, 0, 570, -1, -1, 161, 35, 163.0, 9, , 51, 0, 0, 0, , 0, 0, 0, 0, 0, 
534, 0, 571, -1, -1, 312, 94, 173.0, 11, , 23, 0, 0, 0, , 0, 0, 0, 0, 0, 
535, 0, 572, -1, -1, 140, 52, 176.0, 9, , 48, 0, 0, 0, , 0, 0, 0, 0, 0, 
536, 0, 573, -1, -1, 292, 126, 177.0, 8, , 31, 0, 0, 0, , 0, 0, 0, 0, 0, 
537, 0, 574, -1, -1, 126, 49, 180.0, 7, , 26, 0, 0, 0, , 0, 0, 0, 0, 0, 
538, 0, 575, -1, -1, 91, 77, 182.0, 8, , 15, 0, 0, 0, , 0, 0, 0, 0, 0, 
539, 0, 576, -1, -1, 163, 46, 184.0, 8, , 29, 0, 0, 0, , 0, 0, 0, 0, 0, 
540, 0, 577, -1, -1, 245, 81, 188.0, 9, , 78, 0, 0, 0, , 0, 0, 0, 0, 0, 
541, 0, 578, -1, -1, 123, 118, 202.0, 7, , 48, 0, 0, 0, , 0, 0, 0, 0, 0, 
542, 0, 579, -1, -1, 189, 79, 205.0, 9, , 75, 0, 0, 0, , 0, 0, 0, 0, 0, 
543, 0, 580, -1, -1, 143, 177, 141.0, 7, , 27, 0, 0, 0, , 0, 0, 0, 0, 0, 
544, 0, -1, -1, -1, 110, 79, 184.0, 11, , 76, 0, 0, 0, , 0, 0, 0, 0, 0, 
545, 0, -1, -1, -1, 140, 135, 203.0, 8, , 47, 0, 0, 0, , 0, 0, 0, 0, 0, 
546, 0, -1, -1, -1, 212, 175, 120.0, 8, , 54, 0, 0, 0, , 0, 0, 0, 0, 0, 
547, 0, -1, -1, -1, 217, 44, 141.0, 9, , 87, 0, 0, 0, , 0, 0, 0, 0, 0, 
548, 0, -1, -1, -1, 121, 122, 206.0, 13, , 95, 0, 0, 0, , 0, 0, 0, 0, 0, 
549, 0, -1, -1, -1, 90, 113, 59.0, 7, , 8, 0, 0, 0, , 0, 0, 0, 0, 0, 
550, 0, -1, -1, -1, 100, 136, 67.0, 8, , 4, 0, 0, 0, , 0, 0, 0, 0, 0, 
551, 0, -1, -1, -1, 158, 85, 69.0, 7, , 4, 0, 0, 0, , 0, 0, 0, 0, 0, 
552, 0, -1, -1, -1, 204, 132, 69.0, 7, , 14, 0, 0, 0, , 0, 0, 0, 0, 0, 
553, 0, -1, -1, -1, 93, 69, 79.0, 7, , 12, 0, 0, 0, , 0, 0, 0, 0, 0, 
554, 0, -1, -1, -1, 122, 91, 80.0, 7, , 9, 0, 0, 0, , 0, 0, 0, 0, 0, 
555, 0, -1, -1, -1, 83, 71, 85.0, 8, , 8, 0, 0, 0, , 0, 0, 0, 0, 0, 
556, 0, -1, -1, -1, 98, 157, 86.0, 7, , 6, 0, 0, 0, , 0, 0, 0, 0, 0, 
557, 0, -1, -1, -1, 95, 51, 105.0, 8, , 34, 0, 0, 0, , 0, 0, 0, 0, 0, 
558, 0, -1, -1, -1, 268, 161, 107.0, 7, , 14, 0, 0, 0, , 0, 0, 0, 0, 0, 
559, 0, -1, -1, -1, 188, 173, 110.0, 9, , 18, 0, 0, 0, , 0, 0, 0, 0, 0, 
560, 0, -1, -1, -1, 151, 171, 116.0, 8, , 4, 0, 0, 0, , 0, 0, 0, 0, 0, 
561, 0, -1, -1, -1, 231, 169, 118.0, 9, , 37, 0, 0, 0, , 0, 0, 0, 0, 0, 
562, 0, -1, -1, -1, 108, 42, 120.0, 9, , 28, 0, 0, 0, , 0, 0, 0, 0, 0, 
563, 0, -1, -1, -1, 232, 44, 120.0, 9, , 27, 0, 0, 0, , 0, 0, 0, 0, 0, 
564, 0, -1, -1, -1, 226, 169, 124.0, 7, , 7, 0, 0, 0, , 0, 0, 0, 0, 0, 
565, 0, -1, -1, -1, 96, 57, 125.0, 8, , 14, 0, 0, 0, , 0, 0, 0, 0, 0, 
566, 0, -1, -1, -1, 329, 139, 127.0, 7, , 24, 0, 0, 0, , 0, 0, 0, 0, 0, 
567, 0, -1, -1, -1, 297, 162, 128.0, 7, , 3, 0, 0, 0, , 0, 0, 0, 0, 0, 
568, 0, -1, -1, -1, 121, 74, 130.0, 8, , 18, 0, 0, 0, , 0, 0, 0, 0, 0, 
569, 0, -1, -1, -1, 64, 134, 133.0, 9, , 23, 0, 0, 0, , 0, 0, 0, 0, 0, 
570, 0, -1, -1, -1, 300, 159, 133.0, 8, , 20, 0, 0, 0, , 0, 0, 0, 0, 0, 
571, 0, -1, -1, -1, 328, 140, 133.0, 9, , 36, 0, 0, 0, , 0, 0, 0, 0, 0, 
572, 0, -1, -1, -1, 252, 51, 134.0, 9, , 39, 0, 0, 0, , 0, 0, 0, 0, 0, 
573, 0, -1, -1, -1, 193, 180, 137.0, 7, , 11, 0, 0, 0, , 0, 0, 0, 0, 0, 
574, 0, -1, -1, -1, 58, 141, 138.0, 7, , 11, 0, 0, 0, , 0, 0, 0, 0, 0, 
575, 0, -1, -1, -1, 139, 32, 139.0, 7, , 22, 0, 0, 0, , 0, 0, 0, 0, 0, 
576, 0, -1, -1, -1, 44, 108, 144.0, 7, , 7, 0, 0, 0, , 0, 0, 0, 0, 0, 
577, 0, -1, -1, -1, 73, 89, 144.0, 8, , 8, 0, 0, 0, , 0, 0, 0, 0, 0, 
578, 0, -1, -1, -1, 176, 176, 144.0, 7, , 21, 0, 0, 0, , 0, 0, 0, 0, 0, 
579, 0, -1, -1, -1, 216, 174, 144.0, 7, , 14, 0, 0, 0, , 0, 0, 0, 0, 0, 
580, 0, -1, -1, -1, 59, 110, 145.0, 8, , 3, 0, 0, 0, , 0, 0, 0, 0, 0, 
581, 0, -1, -1, -1, 77, 67, 147.0, 8, , 14, 0, 0, 0, , 0, 0, 0, 0, 0, 
582, 0, -1, -1, -1, 296, 65, 147.0, 7, , 7, 0, 0, 0, , 0, 0, 0, 0, 0, 
583, 0, -1, -1, -1, 71, 123, 150.0, 9, , 41, 0, 0, 0, , 0, 0, 0, 0, 0, 
584, 0, -1, -1, -1, 96, 116, 150.0, 9, , 24, 0, 0, 0, , 0, 0, 0, 0, 0, 
585, 0, -1, -1, -1, 64, 152, 151.0, 7, , 29, 0, 0, 0, , 0, 0, 0, 0, 0, 
586, 0, -1, -1, -1, 294, 62, 151.0, 8, , 16, 0, 0, 0, , 0, 0, 0, 0, 0, 
587, 0, -1, -1, -1, 97, 55, 153.0, 8, , 48, 0, 0, 0, , 0, 0, 0, 0, 0, 
588, 0, -1, -1, -1, 47, 106, 154.0, 9, , 15, 0, 0, 0, , 0, 0, 0, 0, 0, 
589, 0, -1, -1, -1, 110, 103, 156.0, 8, , 13, 0, 0, 0, , 0, 0, 0, 0, 0, 
590, 0, -1, -1, -1, 109, 103, 160.0, 8, , 10, 0, 0, 0, , 0, 0, 0, 0, 0, 
591, 0, -1, -1, -1, 110, 110, 161.0, 8, , 11, 0, 0, 0, , 0, 0, 0, 0, 0, 
592, 0, -1, -1, -1, 108, 129, 162.0, 7, , 36, 0, 0, 0, , 0, 0, 0, 0, 0, 
593, 0, -1, -1, -1, 85, 157, 163.0, 9, , 28, 0, 0, 0, , 0, 0, 0, 0, 0, 
594, 0, -1, -1, -1, 109, 136, 165.0, 9, , 87, 0, 0, 0, , 0, 0, 0, 0, 0, 
595, 0, -1, -1, -1, 135, 165, 166.0, 9, , 38, 0, 0, 0, , 0, 0, 0, 0, 0, 
596, 0, -1, -1, -1, 155, 120, 166.0, 8, , 12, 0, 0, 0, , 0, 0, 0, 0, 0, 
597, 0, -1, -1, -1, 310, 95, 168.0, 8, , 11, 0, 0, 0, , 0, 0, 0, 0, 0, 
598, 0, -1, -1, -1, 210, 44, 169.0, 7, , 4, 0, 0, 0, , 0, 0, 0, 0, 0, 
599, 0, -1, -1, -1, 304, 135, 169.0, 9, , 6, 0, 0, 0, , 0, 0, 0, 0, 0, 
600, 0, -1, -1, -1, 273, 55, 173.0, 8, , 11, 0, 0, 0, , 0, 0, 0, 0, 0, 
601, 0, -1, -1, -1, 295, 76, 173.0, 8, , 36, 0, 0, 0, , 0, 0, 0, 0, 0, 
602, 0, -1, -1, -1, 62, 117, 176.0, 8, , 7, 0, 0, 0, , 0, 0, 0, 0, 0, 
603, 0, -1, -1, -1, 135, 167, 176.0, 11, , 60, 0, 0, 0, , 0, 0, 0, 0, 0, 
604, 0, -1, -1, -1, 75, 80, 177.0, 9, , 19, 0, 0, 0, , 0, 0, 0, 0, 0, 
605, 0, -1, -1, -1, 252, 137, 178.0, 9, , 14, 0, 0, 0, , 0, 0, 0, 0, 0, 
606, 0, -1, -1, -1, 262, 151, 178.0, 9, , 26, 0, 0, 0, , 0, 0, 0, 0, 0, 
607, 0, -1, -1, -1, 289, 93, 181.0, 7, , 29, 0, 0, 0, , 0, 0, 0, 0, 0, 
608, 0, -1, -1, -1, 230, 49, 183.0, 8, , 7, 0, 0, 0, , 0, 0, 0, 0, 0, 
609, 0, -1, -1, -1, 135, 149, 187.0, 8, , 4, 0, 0, 0, , 0, 0, 0, 0, 0, 
610, 0, -1, -1, -1, 271, 78, 187.0, 9, , 47, 0, 0, 0, , 0, 0, 0, 0, 0, 
611, 0, -1, -1, -1, 111, 114, 188.0, 7, , 21, 0, 0, 0, , 0, 0, 0, 0, 0, 
612, 0, -1, -1, -1, 190, 151, 189.0, 9, , 54, 0, 0, 0, , 0, 0, 0, 0, 0, 
613, 0, -1, -1, -1, 212, 143, 193.0, 7, , 11, 0, 0, 0, , 0, 0, 0, 0, 0, 
614, 0, -1, -1, -1, 279, 115, 193.0, 8, , 20, 0, 0, 0, , 0, 0, 0, 0, 0, 
615, 0, -1, -1, -1, 165, 83, 196.0, 7, , 23, 0, 0, 0, , 0, 0, 0, 0, 0, 
616, 0, -1, -1, -1, 197, 111, 207.0, 8, , 7, 0, 0, 0, , 0, 0, 0, 0, 0, 
617, 0, -1, -1, -1, 227, 136, 209.0, 9, , 20, 0, 0, 0, , 0, 0, 0, 0, 0, 
618, 0, -1, -1, -1, 128, 97, 211.0, 9, , 28, 0, 0, 0, , 0, 0, 0, 0, 0, 
619, 0, -1, -1, -1, 241, 88, 211.0, 9, , 56, 0, 0, 0, , 0, 0, 0, 0, 0, 
620, 0, -1, -1, -1, 232, 47, 117.0, 9, , 22, 0, 0, 0, , 0, 0, 0, 0, 0, 
621, 0, -1, -1, -1, 215, 41, 135.0, 9, , 50, 0, 0, 0, , 0, 0, 0, 0, 0, 
622, 0, -1, -1, -1, 77, 104, 154.0, 7, , 15, 0, 0, 0, , 0, 0, 0, 0, 0, 
623, 0, -1, -1, -1, 275, 158, 161.0, 9, , 50, 0, 0, 0, , 0, 0, 0, 0, 0, 
624, 0, -1, -1, -1, 98, 127, 179.0, 7, , 27, 0, 0, 0, , 0, 0, 0, 0, 0, 
625, 0, -1, -1, -1, 290, 92, 179.0, 7, , 22, 0, 0, 0, , 0, 0, 0, 0, 0, 
626, 0, -1, -1, -1, 241, 80, 187.0, 9, , 51, 0, 0, 0, , 0, 0, 0, 0, 0, 
627, 0, -1, -1, -1, 197, 108, 196.0, 7, , 23, 0, 0, 0, , 0, 0, 0, 0, 0, 
628, 0, -1, -1, -1, 195, 112, 202.0, 7, , 13, 0, 0, 0, , 0, 0, 0, 0, 0, 
629, 0, -1, -1, -1, 104, 72, 146.0, 7, , 25, 0, 0, 0, , 0, 0, 0, 0, 0, 
630, 1, 581, 666, -1, 257, 91, 128.0, 20, Eprp, 0, 0, 0, 0, , 0, 0, 0, 0, 0, 
631, 0, 582, -1, -1, 140, 38, 131.0, 15, , 0, 0, 0, 0, , 0, 0, 0, 0, 0, 
632, 1, 584, 668, 669, 148, 112, 204.0, 17, ABarappaa, 0, 0, 0, 0, , 0, 0, 0, 0, 0, 
633, 1, 585, 671, -1, 179, 108, 210.0, 13, ABarappapp, 0, 0, 0, 0, , 0, 0, 0, 0, 0, 
634, 1, 586, 670, -1, 155, 90, 209.0, 15, ABarappapa, 0, 0, 0, 0, , 0, 0, 0, 0, 0, 
635, 0, 587, -1, -1, 125, 93, 205.0, 12, , 0, 0, 0, 0, , 0, 0, 0, 0, 0, 
636, 1, 583, 673, -1, 125, 94, 205.0, 12, ABarapppaa, 0, 0, 0, 0, , 0, 0, 0, 0, 0, 
637, 1, 588, 674, -1, 146, 96, 187.0, 16, ABarapppap, 0, 0, 0, 0, , 0, 0, 0, 0, 0, 
638, 1, 589, 675, -1, 136, 85, 203.0, 15, ABarappppa, 0, 0, 0, 0, , 0, 0, 0, 0, 0, 
639, 1, 590, 676, -1, 160, 83, 195.0, 17, ABarappppp, 0, 0, 0, 0, , 0, 0, 0, 0, 0, 
640, 1, 591, 677, -1, 95, 126, 185.0, 15, ABarapaaaa, 0, 0, 0, 0, , 0, 0, 0, 0, 0, 
641, 1, 592, 678, -1, 120, 123, 202.0, 17, ABarapaaap, 0, 0, 0, 0, , 0, 0, 0, 0, 0, 
642, 1, 593, 679, -1, 117, 115, 185.0, 13, ABarapaapa, 0, 0, 0, 0, , 0, 0, 0, 0, 0, 
643, 1, 594, 680, -1, 133, 127, 186.0, 16, ABarapaapp, 0, 0, 0, 0, , 0, 0, 0, 0, 0, 
644, 1, 595, 681, -1, 135, 133, 202.0, 15, ABarapapaa, 0, 0, 0, 0, , 0, 0, 0, 0, 0, 
645, 1, 596, 682, -1, 162, 137, 200.0, 14, ABarapapap, 0, 0, 0, 0, , 0, 0, 0, 0, 0, 
646, 1, 597, 683, -1, 152, 120, 181.0, 14, ABarapappa, 0, 0, 0, 0, , 0, 0, 0, 0, 0, 
647, 1, 598, 684, -1, 177, 129, 187.0, 17, ABarapappp, 0, 0, 0, 0, , 0, 0, 0, 0, 0, 
648, 1, 599, 685, -1, 67, 121, 156.0, 14, ABaraapaaa, 0, 0, 0, 0, , 0, 0, 0, 0, 0, 
649, 1, 600, 686, -1, 97, 118, 142.0, 16, ABaraapaap, 0, 0, 0, 0, , 0, 0, 0, 0, 0, 
650, 1, 601, 687, -1, 106, 135, 143.0, 16, ABaraapapa, 0, 0, 0, 0, , 0, 0, 0, 0, 0, 
651, 1, 602, 688, -1, 131, 128, 131.0, 14, ABaraapapp, 0, 0, 0, 0, , 0, 0, 0, 0, 0, 
652, 1, 603, 689, -1, 107, 108, 162.0, 15, ABaraappaa, 0, 0, 0, 0, , 0, 0, 0, 0, 0, 
653, 1, 604, 690, -1, 129, 119, 150.0, 15, ABaraappap, 0, 0, 0, 0, , 0, 0, 0, 0, 0, 
654, 1, 605, 691, -1, 135, 105, 165.0, 17, ABaraapppa, 0, 0, 0, 0, , 0, 0, 0, 0, 0, 
655, 1, 606, 692, -1, 153, 96, 139.0, 16, ABaraapppp, 0, 0, 0, 0, , 0, 0, 0, 0, 0, 
656, 1, 607, 693, -1, 67, 120, 177.0, 15, ABaraaapaa, 0, 0, 0, 0, , 0, 0, 0, 0, 0, 
657, 1, 608, 694, -1, 86, 108, 179.0, 19, ABaraaapap, 0, 0, 0, 0, , 0, 0, 0, 0, 0, 
658, 1, 610, 695, -1, 118, 98, 194.0, 15, ABaraaappp, 0, 0, 0, 0, , 0, 0, 0, 0, 0, 
659, 1, 609, 696, -1, 89, 102, 193.0, 15, ABaraaappa, 0, 0, 0, 0, , 0, 0, 0, 0, 0, 
660, 1, 611, 697, -1, 61, 101, 165.0, 17, ABaraaaaa, 0, 0, 0, 0, , 0, 0, 0, 0, 0, 
661, 1, 612, 698, -1, 84, 105, 158.0, 16, ABaraaaap, 0, 0, 0, 0, , 0, 0, 0, 0, 0, 
662, 1, 613, 699, -1, 109, 131, 163.0, 15, ABalpaaap, 0, 0, 0, 0, , 0, 0, 0, 0, 0, 
663, 1, 614, 700, -1, 79, 140, 179.0, 17, ABalpaaaa, 0, 0, 0, 0, , 0, 0, 0, 0, 0, 
664, 1, 615, 701, -1, 53, 127, 156.0, 15, ABalpaapaa, 0, 0, 0, 0, , 0, 0, 0, 0, 0, 
665, 1, 616, 702, -1, 86, 138, 149.0, 16, ABalpaapap, 0, 0, 0, 0, , 0, 0, 0, 0, 0, 
666, 1, 617, 703, -1, 69, 151, 141.0, 12, ABalpaappa, 0, 0, 0, 0, , 0, 0, 0, 0, 0, 
667, 1, 618, 704, -1, 92, 163, 138.0, 15, ABalpaappp, 0, 0, 0, 0, , 0, 0, 0, 0, 0, 
668, 1, 619, 705, -1, 115, 138, 178.0, 15, ABalpappaa, 0, 0, 0, 0, , 0, 0, 0, 0, 0, 
669, 1, 620, 706, -1, 141, 150, 190.0, 17, ABalpappap, 0, 0, 0, 0, , 0, 0, 0, 0, 0, 
670, 1, 621, 707, -1, 128, 148, 162.0, 15, ABalpapppa, 0, 0, 0, 0, , 0, 0, 0, 0, 0, 
671, 1, 622, 708, -1, 157, 145, 173.0, 17, ABalpapppp, 0, 0, 0, 0, , 0, 0, 0, 0, 0, 
672, 1, 623, 709, -1, 69, 153, 115.0, 17, ABalppaaa, 0, 0, 0, 0, , 0, 0, 0, 0, 0, 
673, 1, 624, 710, -1, 84, 161, 104.0, 17, ABalppaap, 0, 0, 0, 0, , 0, 0, 0, 0, 0, 
674, 1, 625, 711, -1, 101, 174, 132.0, 15, ABalppapaa, 0, 0, 0, 0, , 0, 0, 0, 0, 0, 
675, 1, 626, 712, -1, 127, 176, 137.0, 14, ABalppapap, 0, 0, 0, 0, , 0, 0, 0, 0, 0, 
676, 1, 627, 713, -1, 121, 159, 139.0, 13, ABalppappa, 0, 0, 0, 0, , 0, 0, 0, 0, 0, 
677, 1, 628, 714, -1, 83, 155, 164.0, 15, ABalpapaaa, 0, 0, 0, 0, , 0, 0, 0, 0, 0, 
678, 1, 629, 715, -1, 105, 147, 181.0, 15, ABalpapaap, 0, 0, 0, 0, , 0, 0, 0, 0, 0, 
679, 1, 630, 716, -1, 111, 163, 156.0, 15, ABalpapapa, 0, 0, 0, 0, , 0, 0, 0, 0, 0, 
680, 1, 631, 717, -1, 135, 167, 171.0, 14, ABalpapapp, 0, 0, 0, 0, , 0, 0, 0, 0, 0, 
681, 1, 632, 718, -1, 146, 168, 152.0, 19, ABalppappp, 0, 0, 0, 0, , 0, 0, 0, 0, 0, 
682, 1, 633, 719, -1, 68, 143, 98.666664, 13, ABalpppaaa, 0, 0, 0, 0, , 0, 0, 0, 0, 0, 
683, 1, 635, 720, -1, 143, 141, 86.0, 17, ABalpppppp, 0, 0, 0, 0, , 0, 0, 0, 0, 0, 
684, 1, 636, 721, -1, 125, 133, 64.6, 15, ABalpppppa, 0, 0, 0, 0, , 0, 0, 0, 0, 0, 
685, 0, 637, -1, -1, 95, 122, 86.5, 13, , 0, 0, 0, 0, , 0, 0, 0, 0, 0, 
686, 1, 638, 723, -1, 127, 126, 90.0, 17, ABalppppap, 0, 0, 0, 0, , 0, 0, 0, 0, 0, 
687, 1, 639, 724, -1, 91, 145, 82.0, 13, ABalpppaap, 0, 0, 0, 0, , 0, 0, 0, 0, 0, 
688, 1, 640, 725, -1, 101, 160, 85.0, 12, ABalpppapa, 0, 0, 0, 0, , 0, 0, 0, 0, 0, 
689, 0, 641, -1, -1, 119, 153, 72.85714, 13, , 0, 0, 0, 0, , 0, 0, 0, 0, 0, 
690, 1, 642, 727, -1, 43, 102, 121.0, 14, ABalaaapar, 0, 0, 0, 0, , 0, 0, 0, 0, 0, 
691, 1, 643, 728, -1, 48, 128, 118.0, 14, ABalaaapal, 0, 0, 0, 0, , 0, 0, 0, 0, 0, 
692, 1, 644, 729, -1, 46, 92, 133.0, 12, ABalaaappl, 0, 0, 0, 0, , 0, 0, 0, 0, 0, 
693, 1, 645, 730, -1, 69, 79, 136.0, 13, ABalaaappr, 0, 0, 0, 0, , 0, 0, 0, 0, 0, 
694, 1, 646, 731, -1, 75, 85, 178.0, 17, ABalaapaa, 0, 0, 0, 0, , 0, 0, 0, 0, 0, 
695, 0, 647, -1, -1, 91, 81, 179.3, 15, , 0, 0, 0, 0, , 0, 0, 0, 0, 0, 
696, 1, 648, 733, -1, 89, 71, 173.0, 17, ABalaapap, 0, 0, 0, 0, , 0, 0, 0, 0, 0, 
697, 1, 649, 734, -1, 52, 108, 146.0, 17, ABalaaaar, 0, 0, 0, 0, , 0, 0, 0, 0, 0, 
698, 1, 650, 735, -1, 57, 137, 136.0, 17, ABalaaaal, 0, 0, 0, 0, , 0, 0, 0, 0, 0, 
699, 1, 651, 736, -1, 80, 71, 149.0, 17, ABalaappa, 0, 0, 0, 0, , 0, 0, 0, 0, 0, 
700, 1, 652, 737, -1, 71, 67, 127.0, 14, ABalaapppa, 0, 0, 0, 0, , 0, 0, 0, 0, 0, 
701, 1, 653, 738, -1, 97, 55, 133.0, 14, ABalaapppp, 0, 0, 0, 0, , 0, 0, 0, 0, 0, 
702, 1, 654, 739, -1, 77, 127, 110.0, 17, ABalapaapa, 0, 0, 0, 0, , 0, 0, 0, 0, 0, 
703, 1, 655, 740, -1, 95, 125, 83.0, 17, ABalapaapp, 0, 0, 0, 0, , 0, 0, 0, 0, 0, 
704, 1, 657, 741, -1, 55, 121, 106.0, 17, ABalapaaaa, 0, 0, 0, 0, , 0, 0, 0, 0, 0, 
705, 1, 656, 742, -1, 80, 116, 97.0, 14, ABalapaaap, 0, 0, 0, 0, , 0, 0, 0, 0, 0, 
706, 1, 659, 743, -1, 92, 104, 76.0, 15, ABalapapap, 0, 0, 0, 0, , 0, 0, 0, 0, 0, 
707, 1, 658, 744, -1, 74, 96, 97.0, 15, ABalapapaa, 0, 0, 0, 0, , 0, 0, 0, 0, 0, 
708, 1, 660, 745, -1, 113, 106, 82.0, 14, ABalapappa, 0, 0, 0, 0, , 0, 0, 0, 0, 0, 
709, 1, 661, 746, -1, 142, 110, 77.0, 14, ABalapappp, 0, 0, 0, 0, , 0, 0, 0, 0, 0, 
710, 1, 662, 747, -1, 56, 98, 108.0, 17, ABalappaa, 0, 0, 0, 0, , 0, 0, 0, 0, 0, 
711, 1, 663, 748, -1, 54, 82, 120.0, 14, ABalappapa, 0, 0, 0, 0, , 0, 0, 0, 0, 0, 
712, 1, 664, 749, -1, 75, 77, 106.0, 14, ABalappapp, 0, 0, 0, 0, , 0, 0, 0, 0, 0, 
713, 1, 665, 750, -1, 88, 76, 104.0, 14, ABalapppaa, 0, 0, 0, 0, , 0, 0, 0, 0, 0, 
714, 1, 666, 751, -1, 107, 69, 102.0, 14, ABalapppap, 0, 0, 0, 0, , 0, 0, 0, 0, 0, 
715, 1, 667, 752, -1, 124, 61, 111.0, 14, ABalappppa, 0, 0, 0, 0, , 0, 0, 0, 0, 0, 
716, 1, 668, 753, -1, 145, 55, 114.0, 12, ABalappppp, 0, 0, 0, 0, , 0, 0, 0, 0, 0, 
717, 1, 669, 754, -1, 98, 132, 69.0, 15, ABalppppaa, 0, 0, 0, 0, , 0, 0, 0, 0, 0, 
718, 1, 670, 755, -1, 100, 55, 160.0, 14, ABpraaaaa, 0, 0, 0, 0, , 0, 0, 0, 0, 0, 
719, 1, 671, 756, -1, 106, 59, 176.0, 13, ABpraaaapa, 0, 0, 0, 0, , 0, 0, 0, 0, 0, 
720, 1, 672, 757, -1, 125, 52, 179.0, 12, ABpraaaapp, 0, 0, 0, 0, , 0, 0, 0, 0, 0, 
721, 1, 673, 758, -1, 127, 48, 168.0, 15, ABpraaappa, 0, 0, 0, 0, , 0, 0, 0, 0, 0, 
722, 1, 674, 759, -1, 149, 48, 156.0, 17, ABpraaappp, 0, 0, 0, 0, , 0, 0, 0, 0, 0, 
723, 1, 675, 760, -1, 203, 47, 178.0, 16, ABpraapppa, 0, 0, 0, 0, , 0, 0, 0, 0, 0, 
724, 1, 676, 761, -1, 224, 50, 181.0, 13, ABpraapppp, 0, 0, 0, 0, , 0, 0, 0, 0, 0, 
725, 1, 677, 762, -1, 190, 39, 163.5, 13, ABpraappap, 0, 0, 0, 0, , 0, 0, 0, 0, 0, 
726, 1, 678, 763, -1, 242, 55, 180.0, 13, ABprappaaa, 0, 0, 0, 0, , 0, 0, 0, 0, 0, 
727, 1, 679, 764, -1, 268, 76, 180.33333, 12, ABprappaap, 0, 0, 0, 0, , 0, 0, 0, 0, 0, 
728, 1, 680, 765, -1, 294, 72, 166.66667, 13, ABprappapp, 0, 0, 0, 0, , 0, 0, 0, 0, 0, 
729, 1, 681, 766, -1, 269, 56, 165.0, 11, ABprappapa, 0, 0, 0, 0, , 0, 0, 0, 0, 0, 
730, 1, 682, 767, -1, 290, 89, 177.0, 15, ABprapppa, 0, 0, 0, 0, , 0, 0, 0, 0, 0, 
731, 1, 683, 768, -1, 214, 45, 136.5, 13, ABprapaaap, 0, 0, 0, 0, , 0, 0, 0, 0, 0, 
732, 1, 684, 769, -1, 190, 41, 140.0, 11, ABprapaaaa, 0, 0, 0, 0, , 0, 0, 0, 0, 0, 
733, 1, 685, 770, 771, 233, 50, 157.0, 11, ABprapaap, 0, 0, 0, 0, , 0, 0, 0, 0, 0, 
734, 1, 686, 772, -1, 295, 59, 145.0, 15, ABprapapap, 0, 0, 0, 0, , 0, 0, 0, 0, 0, 
735, 1, 687, 773, -1, 268, 45, 148.0, 13, ABprapapaa, 0, 0, 0, 0, , 0, 0, 0, 0, 0, 
736, 1, 688, 774, -1, 315, 97, 168.33333, 13, ABprapappp, 0, 0, 0, 0, , 0, 0, 0, 0, 0, 
737, 1, 689, 775, -1, 310, 74, 149.66667, 13, ABprapappa, 0, 0, 0, 0, , 0, 0, 0, 0, 0, 
738, 1, 690, 776, -1, 108, 44, 125.0, 13, ABpraapaaa, 0, 0, 0, 0, , 0, 0, 0, 0, 0, 
739, 1, 691, 777, -1, 175, 172, 118.0, 15, ABplppaaa, 0, 0, 0, 0, , 0, 0, 0, 0, 0, 
740, 1, 692, 778, -1, 195, 175, 135.0, 17, ABplppaap, 0, 0, 0, 0, , 0, 0, 0, 0, 0, 
741, 1, 693, 780, -1, 191, 175, 107.0, 12, ABplppapaa, 0, 0, 0, 0, , 0, 0, 0, 0, 0, 
742, 1, 693, 779, -1, 213, 174, 112.0, 13, ABplppapap, 0, 0, 0, 0, , 0, 0, 0, 0, 0, 
743, 1, 694, 781, -1, 232, 174, 119.0, 15, ABplppapp, 0, 0, 0, 0, , 0, 0, 0, 0, 0, 
744, 1, 696, 782, -1, 217, 174, 134.0, 15, ABplpppaaa, 0, 0, 0, 0, , 0, 0, 0, 0, 0, 
745, 1, 697, 783, -1, 242, 179, 146.0, 15, ABplpppaap, 0, 0, 0, 0, , 0, 0, 0, 0, 0, 
746, 1, 698, 784, -1, 258, 171, 144.0, 15, ABplpppapa, 0, 0, 0, 0, , 0, 0, 0, 0, 0, 
747, 1, 699, 785, -1, 275, 159, 159.0, 13, ABplpppapp, 0, 0, 0, 0, , 0, 0, 0, 0, 0, 
748, 1, 700, 786, -1, 217, 179, 157.0, 14, ABplppppaa, 0, 0, 0, 0, , 0, 0, 0, 0, 0, 
749, 1, 701, 787, -1, 240, 161, 166.0, 14, ABplppppap, 0, 0, 0, 0, , 0, 0, 0, 0, 0, 
750, 1, 702, 788, -1, 227, 150, 183.0, 15, ABplpppppa, 0, 0, 0, 0, , 0, 0, 0, 0, 0, 
751, 1, 704, 789, -1, 264, 150, 171.0, 15, ABplpppppp, 0, 0, 0, 0, , 0, 0, 0, 0, 0, 
752, 1, 705, 790, -1, 200, 175, 167.0, 15, ABplpapapp, 0, 0, 0, 0, , 0, 0, 0, 0, 0, 
753, 1, 706, 791, -1, 109, 165, 117.0, 15, ABplpaaaaa, 0, 0, 0, 0, , 0, 0, 0, 0, 0, 
754, 1, 707, 792, -1, 130, 168, 118.0, 16, ABplpaaaap, 0, 0, 0, 0, , 0, 0, 0, 0, 0, 
755, 1, 708, 793, -1, 152, 170, 108.0, 15, ABplpaaapp, 0, 0, 0, 0, , 0, 0, 0, 0, 0, 
756, 1, 709, 794, -1, 135, 182, 121.0, 14, ABplpaaapa, 0, 0, 0, 0, , 0, 0, 0, 0, 0, 
757, 1, 710, 795, -1, 114, 160, 102.0, 16, ABplpaapaa, 0, 0, 0, 0, , 0, 0, 0, 0, 0, 
758, 1, 711, 796, -1, 142, 167, 85.0, 17, ABplpaapap, 0, 0, 0, 0, , 0, 0, 0, 0, 0, 
759, 0, 712, -1, -1, 151, 171, 106.0, 14, , 0, 0, 0, 0, , 0, 0, 0, 0, 0, 
760, 1, 713, 797, -1, 159, 171, 87.0, 15, ABplpaappa, 0, 0, 0, 0, , 0, 0, 0, 0, 0, 
761, 1, 714, 798, -1, 177, 175, 100.0, 14, ABplpaappp, 0, 0, 0, 0, , 0, 0, 0, 0, 0, 
762, 1, 715, 799, -1, 145, 174, 133.0, 15, ABplpapaaa, 0, 0, 0, 0, , 0, 0, 0, 0, 0, 
763, 1, 716, 800, -1, 175, 178, 133.0, 15, ABplpapaap, 0, 0, 0, 0, , 0, 0, 0, 0, 0, 
764, 1, 717, 801, -1, 176, 177, 158.0, 16, ABplpapapa, 0, 0, 0, 0, , 0, 0, 0, 0, 0, 
765, 1, 718, 802, -1, 167, 161, 179.0, 17, ABplpappaa, 0, 0, 0, 0, , 0, 0, 0, 0, 0, 
766, 1, 719, 803, -1, 189, 151, 187.0, 14, ABplpappap, 0, 0, 0, 0, , 0, 0, 0, 0, 0, 
767, 1, 720, 804, -1, 202, 155, 180.0, 15, ABplpapppa, 0, 0, 0, 0, , 0, 0, 0, 0, 0, 
768, 1, 721, 805, -1, 228, 165, 181.0, 15, ABplpapppp, 0, 0, 0, 0, , 0, 0, 0, 0, 0, 
769, 1, 722, 806, -1, 144, 32, 143.0, 14, ABpraapapa, 0, 0, 0, 0, , 0, 0, 0, 0, 0, 
770, 1, 723, 807, -1, 172, 35, 139.0, 14, ABpraapapp, 0, 0, 0, 0, , 0, 0, 0, 0, 0, 
771, 1, 724, 808, -1, 110, 76, 189.0, 14, ABprpaaaaa, 0, 0, 0, 0, , 0, 0, 0, 0, 0, 
772, 1, 725, 809, -1, 138, 68, 195.0, 14, ABprpaaaap, 0, 0, 0, 0, , 0, 0, 0, 0, 0, 
773, 1, 726, 810, -1, 152, 62, 194.0, 13, ABprpaaapa, 0, 0, 0, 0, , 0, 0, 0, 0, 0, 
774, 1, 727, 811, -1, 174, 66, 195.0, 13, ABprpaaapp, 0, 0, 0, 0, , 0, 0, 0, 0, 0, 
775, 1, 728, 812, -1, 141, 50, 178.0, 15, ABprpaapaa, 0, 0, 0, 0, , 0, 0, 0, 0, 0, 
776, 1, 729, 813, -1, 166, 49, 177.0, 13, ABprpaapap, 0, 0, 0, 0, , 0, 0, 0, 0, 0, 
777, 1, 730, 814, -1, 180, 47, 185.0, 15, ABprpaappa, 0, 0, 0, 0, , 0, 0, 0, 0, 0, 
778, 1, 731, 815, -1, 199, 59, 193.0, 15, ABprpaappp, 0, 0, 0, 0, , 0, 0, 0, 0, 0, 
779, 1, 733, 816, -1, 196, 116, 207.90909, 15, ABprpapapa, 0, 0, 0, 0, , 0, 0, 0, 0, 0, 
780, 1, 732, 817, -1, 172, 93, 200.0, 15, ABprpapaaa, 0, 0, 0, 0, , 0, 0, 0, 0, 0, 
781, 1, 734, 818, -1, 194, 111, 194.0, 15, ABprpapaap, 0, 0, 0, 0, , 0, 0, 0, 0, 0, 
782, 1, 735, 819, -1, 227, 109, 207.0, 14, ABprpapapp, 0, 0, 0, 0, , 0, 0, 0, 0, 0, 
783, 1, 736, 820, -1, 176, 125, 205.0, 15, ABprpappaa, 0, 0, 0, 0, , 0, 0, 0, 0, 0, 
784, 1, 737, 821, -1, 212, 141, 195.0, 15, ABprpappap, 0, 0, 0, 0, , 0, 0, 0, 0, 0, 
785, 1, 738, 822, -1, 228, 136, 206.0, 15, ABprpapppa, 0, 0, 0, 0, , 0, 0, 0, 0, 0, 
786, 1, 739, 823, -1, 252, 141, 184.0, 14, ABprpapppp, 0, 0, 0, 0, , 0, 0, 0, 0, 0, 
787, 1, 740, 824, -1, 190, 82, 197.0, 14, ABprppaaa, 0, 0, 0, 0, , 0, 0, 0, 0, 0, 
788, 1, 741, 825, -1, 209, 96, 202.0, 15, ABprppaap, 0, 0, 0, 0, , 0, 0, 0, 0, 0, 
789, 1, 743, 827, -1, 231, 81, 195.0, 12, ABprppapap, 0, 0, 0, 0, , 0, 0, 0, 0, 0, 
790, 1, 742, 826, -1, 207, 73, 192.0, 12, ABprppapaa, 0, 0, 0, 0, , 0, 0, 0, 0, 0, 
791, 1, 744, 828, -1, 244, 78, 186.0, 14, ABprppapp, 0, 0, 0, 0, , 0, 0, 0, 0, 0, 
792, 1, 745, 829, -1, 239, 86, 207.0, 12, ABprpppaaa, 0, 0, 0, 0, , 0, 0, 0, 0, 0, 
793, 1, 746, 830, -1, 263, 99, 197.0, 12, ABprpppaap, 0, 0, 0, 0, , 0, 0, 0, 0, 0, 
794, 1, 747, 831, -1, 281, 109, 196.0, 12, ABprpppapa, 0, 0, 0, 0, , 0, 0, 0, 0, 0, 
795, 1, 748, 832, -1, 289, 122, 180.0, 12, ABprpppapp, 0, 0, 0, 0, , 0, 0, 0, 0, 0, 
796, 1, 749, 833, -1, 232, 102, 196.0, 15, ABprppppaa, 0, 0, 0, 0, , 0, 0, 0, 0, 0, 
797, 1, 750, 834, -1, 257, 115, 194.0, 13, ABprppppap, 0, 0, 0, 0, , 0, 0, 0, 0, 0, 
798, 1, 751, 835, -1, 263, 130, 194.0, 15, ABprpppppa, 0, 0, 0, 0, , 0, 0, 0, 0, 0, 
799, 1, 752, 836, -1, 286, 138, 175.0, 15, ABprpppppp, 0, 0, 0, 0, , 0, 0, 0, 0, 0, 
800, 1, 753, 837, -1, 66, 108, 127.0, 9, MSaaaaaa, 0, 0, 0, 0, , 0, 0, 0, 0, 0, 
801, 1, 753, 838, -1, 82, 102, 126.0, 9, MSaaaaap, 0, 0, 0, 0, , 0, 0, 0, 0, 0, 
802, 1, 754, 839, -1, 110, 89, 107.0, 14, MSaaaap, 0, 0, 0, 0, , 0, 0, 0, 0, 0, 
803, 1, 755, 840, -1, 139, 111, 123.75, 15, MSaaapp, 0, 0, 0, 0, , 0, 0, 0, 0, 0, 
804, 1, 756, 841, -1, 113, 112, 119.25, 16, MSaaapa, 0, 0, 0, 0, , 0, 0, 0, 0, 0, 
805, 1, 757, 842, -1, 173, 140, 158.5, 14, MSaapap, 0, 0, 0, 0, , 0, 0, 0, 0, 0, 
806, 1, 758, 843, -1, 140, 142, 154.0, 12, MSaapaaa, 0, 0, 0, 0, , 0, 0, 0, 0, 0, 
807, 1, 759, 844, -1, 158, 120, 128.66667, 10, MSaapaap, 0, 0, 0, 0, , 0, 0, 0, 0, 0, 
808, 1, 760, 845, -1, 208, 150, 150.5, 17, MSaappp, 0, 0, 0, 0, , 0, 0, 0, 0, 0, 
809, 1, 761, 846, -1, 215, 69, 132.0, 19, Epra, 0, 0, 0, 0, , 0, 0, 0, 0, 0, 
810, 1, 762, 847, -1, 187, 125, 114.0, 19, Ealp, 0, 0, 0, 0, , 0, 0, 0, 0, 0, 
811, 1, 763, 848, 849, 163, 99, 97.0, 19, Eala, 0, 0, 0, 0, , 0, 0, 0, 0, 0, 
812, 1, 764, 850, -1, 163, 72, 125.0, 17, Eara, 0, 0, 0, 0, , 0, 0, 0, 0, 0, 
813, 1, 765, 851, -1, 193, 90, 141.0, 19, Earp, 0, 0, 0, 0, , 0, 0, 0, 0, 0, 
814, 1, 766, 852, -1, 219, 103, 97.0, 18, Epla, 0, 0, 0, 0, , 0, 0, 0, 0, 0, 
815, 1, 767, 853, -1, 264, 113, 118.0, 21, Eplp, 0, 0, 0, 0, , 0, 0, 0, 0, 0, 
816, 1, 768, 854, -1, 303, 118, 85.0, 17, Caaapa, 0, 0, 0, 0, , 0, 0, 0, 0, 0, 
817, 1, 769, 855, -1, 329, 141, 124.0, 15, Caapa, 0, 0, 0, 0, , 0, 0, 0, 0, 0, 
818, 1, 770, 856, -1, 315, 148, 148.0, 17, Caapp, 0, 0, 0, 0, , 0, 0, 0, 0, 0, 
819, 1, 771, 857, -1, 240, 142, 160.0, 17, Capaa, 0, 0, 0, 0, , 0, 0, 0, 0, 0, 
820, 1, 772, 858, -1, 263, 135, 141.0, 17, Capap, 0, 0, 0, 0, , 0, 0, 0, 0, 0, 
821, 1, 773, 859, -1, 273, 145, 116.0, 17, Cappa, 0, 0, 0, 0, , 0, 0, 0, 0, 0, 
822, 1, 774, 860, -1, 289, 138, 136.0, 17, Cappp, 0, 0, 0, 0, , 0, 0, 0, 0, 0, 
823, 1, 776, 961, -1, 322, 116, 162.0, 15, Cpappd, 0, 0, 0, 0, , 0, 0, 0, 0, 0, 
824, 1, 777, 861, -1, 256, 114, 178.0, 15, Cppaa, 0, 0, 0, 0, , 0, 0, 0, 0, 0, 
825, 1, 778, 862, -1, 274, 115, 162.0, 15, Cppap, 0, 0, 0, 0, , 0, 0, 0, 0, 0, 
826, 1, 779, 863, -1, 292, 90, 158.0, 17, Cpppa, 0, 0, 0, 0, , 0, 0, 0, 0, 0, 
827, 1, 780, 864, -1, 295, 117, 148.0, 17, Cpppp, 0, 0, 0, 0, , 0, 0, 0, 0, 0, 
828, 1, 781, 865, -1, 227, 100, 132.0, 18, Z2, 0, 0, 0, 0, , 0, 0, 0, 0, 0, 
829, 1, 782, 866, -1, 206, 123, 149.0, 16, Z3, 0, 0, 0, 0, , 0, 0, 0, 0, 0, 
830, 1, 783, 867, -1, 91, 70, 86.0, 14, ABarpaaaa, 0, 0, 0, 0, , 0, 0, 0, 0, 0, 
831, 1, 784, 868, -1, 114, 69, 85.0, 16, ABarpaaap, 0, 0, 0, 0, , 0, 0, 0, 0, 0, 
832, 1, 785, 869, -1, 137, 70, 88.0, 15, ABarpaapaa, 0, 0, 0, 0, , 0, 0, 0, 0, 0, 
833, 1, 786, 870, -1, 172, 72, 70.0, 15, ABarpaapap, 0, 0, 0, 0, , 0, 0, 0, 0, 0, 
834, 1, 787, 871, -1, 182, 52, 86.0, 14, ABarpaappa, 0, 0, 0, 0, , 0, 0, 0, 0, 0, 
835, 1, 788, 872, -1, 207, 67, 84.0, 15, ABarpaappp, 0, 0, 0, 0, , 0, 0, 0, 0, 0, 
836, 1, 790, 874, -1, 122, 45, 97.0, 15, ABarpapaap, 0, 0, 0, 0, , 0, 0, 0, 0, 0, 
837, 1, 789, 873, -1, 95, 49, 109.0, 15, ABarpapaaa, 0, 0, 0, 0, , 0, 0, 0, 0, 0, 
838, 1, 791, 875, -1, 135, 49, 92.0, 15, ABarpapapa, 0, 0, 0, 0, , 0, 0, 0, 0, 0, 
839, 1, 792, 876, -1, 163, 52, 88.0, 15, ABarpapapp, 0, 0, 0, 0, , 0, 0, 0, 0, 0, 
840, 1, 794, 877, -1, 140, 33, 110.0, 14, ABarpappaa, 0, 0, 0, 0, , 0, 0, 0, 0, 0, 
841, 1, 793, 878, -1, 166, 39, 110.0, 14, ABarpappap, 0, 0, 0, 0, , 0, 0, 0, 0, 0, 
842, 1, 796, 879, -1, 219, 57, 95.0, 15, ABarpppapa, 0, 0, 0, 0, , 0, 0, 0, 0, 0, 
843, 1, 795, 880, -1, 243, 53, 103.0, 15, ABarpppapp, 0, 0, 0, 0, , 0, 0, 0, 0, 0, 
844, 1, 798, 881, -1, 218, 85, 79.0, 16, ABarppaapa, 0, 0, 0, 0, , 0, 0, 0, 0, 0, 
845, 1, 797, 882, -1, 237, 108, 62.0, 16, ABarppaapp, 0, 0, 0, 0, , 0, 0, 0, 0, 0, 
846, 1, 799, 883, -1, 193, 92, 69.0, 17, ABarppaaa, 0, 0, 0, 0, , 0, 0, 0, 0, 0, 
847, 1, 800, 884, -1, 235, 125, 72.0, 19, ABarppapa, 0, 0, 0, 0, , 0, 0, 0, 0, 0, 
848, 1, 801, 885, -1, 269, 124, 87.0, 19, ABarppapp, 0, 0, 0, 0, , 0, 0, 0, 0, 0, 
849, 1, 802, 886, -1, 202, 42, 113.0, 16, ABarpppaa, 0, 0, 0, 0, , 0, 0, 0, 0, 0, 
850, 1, 803, 887, -1, 160, 52, 128.0, 13, ABarpapppa, 0, 0, 0, 0, , 0, 0, 0, 0, 0, 
851, 1, 804, 888, -1, 188, 47, 121.0, 14, ABarpapppp, 0, 0, 0, 0, , 0, 0, 0, 0, 0, 
852, 1, 805, 890, -1, 231, 44, 121.0, 14, ABarppppaa, 0, 0, 0, 0, , 0, 0, 0, 0, 0, 
853, 1, 805, 889, -1, 254, 49, 133.0, 15, ABarppppap, 0, 0, 0, 0, , 0, 0, 0, 0, 0, 
854, 1, 806, 891, -1, 275, 60, 132.0, 18, ABarppppp, 0, 0, 0, 0, , 0, 0, 0, 0, 0, 
855, 1, 811, 892, -1, 89, 86, 68.0, 17, ABplaaaaaa, 0, 0, 0, 0, , 0, 0, 0, 0, 0, 
856, 1, 812, 893, -1, 115, 96, 62.0, 17, ABplaaaaap, 0, 0, 0, 0, , 0, 0, 0, 0, 0, 
857, 1, 813, 894, -1, 125, 88, 82.0, 15, ABplaaaapa, 0, 0, 0, 0, , 0, 0, 0, 0, 0, 
858, 1, 814, 895, -1, 152, 81, 72.0, 16, ABplaaaapp, 0, 0, 0, 0, , 0, 0, 0, 0, 0, 
859, 1, 815, 899, -1, 133, 100, 59.0, 17, ABplaaapaa, 0, 0, 0, 0, , 0, 0, 0, 0, 0, 
860, 1, 815, 896, -1, 159, 102, 58.0, 17, ABplaaapap, 0, 0, 0, 0, , 0, 0, 0, 0, 0, 
861, 1, 817, 913, -1, 225, 145, 74.0, 17, ABplapaapp, 0, 0, 0, 0, , 0, 0, 0, 0, 0, 
862, 1, 818, 897, -1, 263, 166, 120.0, 17, ABplapppa, 0, 0, 0, 0, , 0, 0, 0, 0, 0, 
863, 1, 819, 898, -1, 284, 168, 135.0, 17, ABplapppp, 0, 0, 0, 0, , 0, 0, 0, 0, 0, 
864, 1, 820, 900, -1, 175, 110, 60.0, 15, ABplaaappa, 0, 0, 0, 0, , 0, 0, 0, 0, 0, 
865, 1, 821, 901, -1, 200, 112, 82.0, 16, ABplaaappp, 0, 0, 0, 0, , 0, 0, 0, 0, 0, 
866, 1, 822, 902, -1, 92, 117, 57.0, 15, ABplaapaaa, 0, 0, 0, 0, , 0, 0, 0, 0, 0, 
867, 1, 823, 903, -1, 123, 114, 55.0, 16, ABplaapaap, 0, 0, 0, 0, , 0, 0, 0, 0, 0, 
868, 1, 824, 904, -1, 136, 124, 53.0, 17, ABplaapapa, 0, 0, 0, 0, , 0, 0, 0, 0, 0, 
869, 1, 825, 905, -1, 157, 123, 58.0, 17, ABplaapapp, 0, 0, 0, 0, , 0, 0, 0, 0, 0, 
870, 1, 826, 906, -1, 127, 149, 58.0, 17, ABplaappaa, 0, 0, 0, 0, , 0, 0, 0, 0, 0, 
871, 1, 827, 907, -1, 157, 149, 65.0, 17, ABplaappap, 0, 0, 0, 0, , 0, 0, 0, 0, 0, 
872, 1, 828, 908, -1, 175, 156, 76.0, 17, ABplaapppa, 0, 0, 0, 0, , 0, 0, 0, 0, 0, 
873, 1, 829, 909, -1, 199, 158, 79.0, 17, ABplaapppp, 0, 0, 0, 0, , 0, 0, 0, 0, 0, 
874, 1, 830, 910, -1, 162, 126, 82.0, 17, ABplapaaaa, 0, 0, 0, 0, , 0, 0, 0, 0, 0, 
875, 1, 831, 911, -1, 188, 137, 67.0, 17, ABplapaaap, 0, 0, 0, 0, , 0, 0, 0, 0, 0, 
876, 1, 816, 912, -1, 201, 133, 72.0, 17, ABplapaapa, 0, 0, 0, 0, , 0, 0, 0, 0, 0, 
877, 1, 832, 914, -1, 256, 141, 74.0, 14, ABplapapaa, 0, 0, 0, 0, , 0, 0, 0, 0, 0, 
878, 1, 833, 915, -1, 285, 146, 86.0, 16, ABplapapap, 0, 0, 0, 0, , 0, 0, 0, 0, 0, 
879, 1, 834, 916, -1, 294, 155, 100.0, 17, ABplapappa, 0, 0, 0, 0, , 0, 0, 0, 0, 0, 
880, 1, 835, 917, -1, 302, 163, 130.0, 17, ABplapappp, 0, 0, 0, 0, , 0, 0, 0, 0, 0, 
881, 1, 836, 918, -1, 216, 166, 89.0, 18, ABplappaaa, 0, 0, 0, 0, , 0, 0, 0, 0, 0, 
882, 1, 837, 919, -1, 249, 167, 98.0, 15, ABplappaap, 0, 0, 0, 0, , 0, 0, 0, 0, 0, 
883, 1, 838, 920, -1, 241, 157, 78.0, 15, ABplappapa, 0, 0, 0, 0, , 0, 0, 0, 0, 0, 
884, 1, 839, 921, -1, 267, 158, 104.0, 14, ABplappapp, 0, 0, 0, 0, , 0, 0, 0, 0, 0, 
885, 1, 840, 922, -1, 190, 150, 169.0, 16, MSaappa, 0, 0, 0, 0, , 0, 0, 0, 0, 0, 
886, 1, 841, 923, -1, 92, 144, 120.0, 16, MSapaaa, 0, 0, 0, 0, , 0, 0, 0, 0, 0, 
887, 1, 842, 924, -1, 115, 141, 112.0, 16, MSapaap, 0, 0, 0, 0, , 0, 0, 0, 0, 0, 
888, 1, 843, 925, -1, 133, 139, 108.0, 16, MSapapa, 0, 0, 0, 0, , 0, 0, 0, 0, 0, 
889, 1, 844, 926, -1, 156, 135, 103.0, 16, MSapapp, 0, 0, 0, 0, , 0, 0, 0, 0, 0, 
890, 1, 845, 927, -1, 153, 148, 130.0, 16, MSappaa, 0, 0, 0, 0, , 0, 0, 0, 0, 0, 
891, 1, 846, 928, -1, 183, 154, 133.0, 15, MSappap, 0, 0, 0, 0, , 0, 0, 0, 0, 0, 
892, 1, 847, 929, -1, 171, 152, 111.0, 14, MSapppa, 0, 0, 0, 0, , 0, 0, 0, 0, 0, 
893, 1, 848, 930, -1, 203, 138, 101.0, 14, MSapppp, 0, 0, 0, 0, , 0, 0, 0, 0, 0, 
894, 1, 849, 931, -1, 74, 91, 148.0, 15, MSpaaaaa, 0, 0, 0, 0, , 0, 0, 0, 0, 0, 
895, 1, 850, 932, -1, 104, 89, 135.0, 15, MSpaaaap, 0, 0, 0, 0, , 0, 0, 0, 0, 0, 
896, 1, 851, 933, 934, 124, 78, 131.0, 15, MSpaaap, 0, 0, 0, 0, , 0, 0, 0, 0, 0, 
897, 1, 852, 935, -1, 129, 94, 152.0, 17, MSpaapa, 0, 0, 0, 0, , 0, 0, 0, 0, 0, 
898, 1, 853, 936, -1, 152, 89, 122.0, 15, MSpaapp, 0, 0, 0, 0, , 0, 0, 0, 0, 0, 
899, 1, 854, 938, -1, 154, 118, 160.0, 14, MSpapaaa, 0, 0, 0, 0, , 0, 0, 0, 0, 0, 
900, 1, 854, 937, -1, 184, 109, 156.0, 14, MSpapaap, 0, 0, 0, 0, , 0, 0, 0, 0, 0, 
901, 1, 855, 939, -1, 193, 122, 168.0, 16, MSpapap, 0, 0, 0, 0, , 0, 0, 0, 0, 0, 
902, 1, 856, 940, -1, 207, 135, 176.0, 14, MSpappa, 0, 0, 0, 0, , 0, 0, 0, 0, 0, 
903, 1, 857, 941, -1, 226, 126, 174.0, 16, MSpappp, 0, 0, 0, 0, , 0, 0, 0, 0, 0, 
904, 1, 858, 942, -1, 128, 85, 176.0, 14, MSppaap, 0, 0, 0, 0, , 0, 0, 0, 0, 0, 
905, 1, 859, 943, -1, 100, 88, 168.0, 14, MSppaaa, 0, 0, 0, 0, , 0, 0, 0, 0, 0, 
906, 1, 860, 944, -1, 138, 74, 164.0, 14, MSppapa, 0, 0, 0, 0, , 0, 0, 0, 0, 0, 
907, 1, 861, 945, -1, 161, 64, 147.0, 15, MSppapp, 0, 0, 0, 0, , 0, 0, 0, 0, 0, 
908, 1, 862, 946, -1, 162, 96, 176.0, 14, MSpppaa, 0, 0, 0, 0, , 0, 0, 0, 0, 0, 
909, 1, 863, 947, -1, 186, 94, 175.0, 16, MSpppap, 0, 0, 0, 0, , 0, 0, 0, 0, 0, 
910, 1, 864, 948, -1, 171, 72, 167.0, 14, MSppppa, 0, 0, 0, 0, , 0, 0, 0, 0, 0, 
911, 1, 865, 949, -1, 202, 73, 168.0, 15, MSppppp, 0, 0, 0, 0, , 0, 0, 0, 0, 0, 
912, 1, 866, 950, -1, 101, 71, 152.0, 17, ABpraaapaa, 0, 0, 0, 0, , 0, 0, 0, 0, 0, 
913, 1, 867, 951, -1, 126, 54, 147.0, 14, ABpraaapap, 0, 0, 0, 0, , 0, 0, 0, 0, 0, 
914, 1, 868, 952, -1, 253, 98, 77.0, 15, Caaaaa, 0, 0, 0, 0, , 0, 0, 0, 0, 0, 
915, 1, 869, 953, -1, 285, 103, 86.0, 16, Caaaap, 0, 0, 0, 0, , 0, 0, 0, 0, 0, 
916, 1, 870, 954, -1, 309, 133, 114.0, 17, Caaapp, 0, 0, 0, 0, , 0, 0, 0, 0, 0, 
917, 1, 871, 955, -1, 238, 70, 86.0, 17, Cpaaaa, 0, 0, 0, 0, , 0, 0, 0, 0, 0, 
918, 1, 872, 956, -1, 271, 66, 103.0, 19, Cpaaap, 0, 0, 0, 0, , 0, 0, 0, 0, 0, 
919, 1, 873, 957, -1, 293, 74, 104.0, 17, Cpaapa, 0, 0, 0, 0, , 0, 0, 0, 0, 0, 
920, 1, 874, 958, -1, 311, 96, 122.0, 17, Cpaapp, 0, 0, 0, 0, , 0, 0, 0, 0, 0, 
921, 1, 875, 959, -1, 315, 129, 139.0, 15, Cpapaa, 0, 0, 0, 0, , 0, 0, 0, 0, 0, 
922, 1, 876, 960, -1, 328, 92, 146.0, 15, Cpapap, 0, 0, 0, 0, , 0, 0, 0, 0, 0, 
923, 1, 775, 962, -1, 306, 138, 161.0, 15, Cpappv, 0, 0, 0, 0, , 0, 0, 0, 0, 0, 
924, 1, 877, 963, -1, 206, 149, 119.0, 16, Daaa, 0, 0, 0, 0, , 0, 0, 0, 0, 0, 
925, 1, 878, 964, -1, 225, 146, 141.0, 14, Daap, 0, 0, 0, 0, , 0, 0, 0, 0, 0, 
926, 1, 879, 965, -1, 228, 141, 114.0, 16, Dapa, 0, 0, 0, 0, , 0, 0, 0, 0, 0, 
927, 1, 880, 966, -1, 248, 132, 127.0, 16, Dapp, 0, 0, 0, 0, , 0, 0, 0, 0, 0, 
928, 1, 881, 967, -1, 210, 90, 169.0, 16, Dpaa, 0, 0, 0, 0, , 0, 0, 0, 0, 0, 
929, 1, 882, 968, -1, 231, 108, 170.0, 16, Dpap, 0, 0, 0, 0, , 0, 0, 0, 0, 0, 
930, 1, 883, 969, -1, 236, 87, 161.0, 16, Dppa, 0, 0, 0, 0, , 0, 0, 0, 0, 0, 
931, 1, 884, 970, -1, 264, 88, 153.0, 16, Dppp, 0, 0, 0, 0, , 0, 0, 0, 0, 0, 
932, 1, 885, 971, -1, 140, 38, 130.0, 14, ABpraapaap, 0, 0, 0, 0, , 0, 0, 0, 0, 0, 
933, 1, 886, 972, -1, 118, 151, 72.0, 14, ABalpppapp, 0, 0, 0, 0, , 0, 0, 0, 0, 0, 
934, 1, 887, 973, -1, 301, 108, 183.0, 21, ABprapppp, 0, 0, 0, 0, , 0, 0, 0, 0, 0, 
