1, 0, 1, -1, -1, 50, 111, 82.0, 8, , 119, 0, 0, 0, , 0, 0, 0, 0, 0, 
2, 0, 2, -1, -1, 125, 53, 163.0, 9, , 58, 0, 0, 0, , 0, 0, 0, 0, 0, 
3, 0, 4, -1, -1, 185, 83, 200.0, 9, , 120, 0, 0, 0, , 0, 0, 0, 0, 0, 
4, 0, 5, -1, -1, 198, 61, 192.0, 9, , 27, 0, 0, 0, , 0, 0, 0, 0, 0, 
5, 0, 6, -1, -1, 187, 43, 158.0, 9, , 21, 0, 0, 0, , 0, 0, 0, 0, 0, 
6, 0, 7, -1, -1, 166, 50, 178.0, 9, , 73, 0, 0, 0, , 0, 0, 0, 0, 0, 
7, 0, 8, -1, -1, 160, 140, 201.0, 7, , 4, 0, 0, 0, , 0, 0, 0, 0, 0, 
8, 0, 10, -1, -1, 185, 81, 204.0, 9, , 69, 0, 0, 0, , 0, 0, 0, 0, 0, 
9, 0, 11, -1, -1, 205, 71, 202.0, 11, , 40, 0, 0, 0, , 0, 0, 0, 0, 0, 
10, 0, 12, -1, -1, 169, 93, 189.0, 9, , 47, 0, 0, 0, , 0, 0, 0, 0, 0, 
11, 0, 13, -1, -1, 137, 110, 201.0, 8, , 273, 0, 0, 0, , 0, 0, 0, 0, 0, 
12, 0, 14, -1, -1, 80, 76, 146.0, 8, , 57, 0, 0, 0, , 0, 0, 0, 0, 0, 
13, 0, 15, -1, -1, 129, 125, 188.0, 7, , 27, 0, 0, 0, , 0, 0, 0, 0, 0, 
14, 0, 16, -1, -1, 182, 49, 189.0, 7, , 27, 0, 0, 0, , 0, 0, 0, 0, 0, 
15, 0, 17, -1, -1, 138, 91, 200.0, 8, , 22, 0, 0, 0, , 0, 0, 0, 0, 0, 
16, 0, 18, -1, -1, 233, 98, 205.0, 8, , 8, 0, 0, 0, , 0, 0, 0, 0, 0, 
17, 0, 19, -1, -1, 309, 90, 174.0, 7, , 19, 0, 0, 0, , 0, 0, 0, 0, 0, 
18, 0, 20, -1, -1, 222, 45, 150.0, 9, , 24, 0, 0, 0, , 0, 0, 0, 0, 0, 
19, 0, 21, -1, -1, 305, 72, 142.0, 8, , 15, 0, 0, 0, , 0, 0, 0, 0, 0, 
20, 0, 22, -1, -1, 313, 75, 143.0, 7, , 23, 0, 0, 0, , 0, 0, 0, 0, 0, 
21, 0, 23, -1, -1, 140, 50, 179.0, 11, , 130, 0, 0, 0, , 0, 0, 0, 0, 0, 
22, 0, 24, -1, -1, 152, 122, 187.0, 9, , 48, 0, 0, 0, , 0, 0, 0, 0, 0, 
23, 0, 26, -1, -1, 267, 129, 196.0, 7, , 35, 0, 0, 0, , 0, 0, 0, 0, 0, 
24, 0, 27, -1, -1, 138, 129, 185.0, 7, , 27, 0, 0, 0, , 0, 0, 0, 0, 0, 
25, 0, 28, -1, -1, 76, 122, 148.0, 7, , 28, 0, 0, 0, , 0, 0, 0, 0, 0, 
26, 0, 29, -1, -1, 143, 51, 184.0, 9, , 53, 0, 0, 0, , 0, 0, 0, 0, 0, 
27, 0, 30, -1, -1, 230, 74, 196.0, 8, , 39, 0, 0, 0, , 0, 0, 0, 0, 0, 
28, 0, 31, -1, -1, 131, 66, 193.0, 9, , 29, 0, 0, 0, , 0, 0, 0, 0, 0, 
29, 0, 31, -1, -1, 141, 70, 191.0, 8, , 20, 0, 0, 0, , 0, 0, 0, 0, 0, 
30, 0, 32, -1, -1, 160, 84, 194.0, 8, , 36, 0, 0, 0, , 0, 0, 0, 0, 0, 
31, 0, 33, -1, -1, 221, 114, 211.0, 7, , 26, 0, 0, 0, , 0, 0, 0, 0, 0, 
32, 0, 34, -1, -1, 139, 128, 177.0, 8, , 4, 0, 0, 0, , 0, 0, 0, 0, 0, 
33, 0, 35, -1, -1, 197, 167, 167.0, 9, , 31, 0, 0, 0, , 0, 0, 0, 0, 0, 
34, 0, 36, -1, -1, 151, 63, 203.0, 9, , 41, 0, 0, 0, , 0, 0, 0, 0, 0, 
35, 0, 37, -1, -1, 65, 119, 175.0, 8, , 28, 0, 0, 0, , 0, 0, 0, 0, 0, 
36, 0, 38, -1, -1, 245, 51, 158.0, 9, , 110, 0, 0, 0, , 0, 0, 0, 0, 0, 
37, 0, 39, -1, -1, 129, 124, 184.0, 9, , 51, 0, 0, 0, , 0, 0, 0, 0, 0, 
38, 0, 40, -1, -1, 206, 68, 196.0, 8, , 37, 0, 0, 0, , 0, 0, 0, 0, 0, 
39, 0, 41, -1, -1, 111, 107, 160.0, 9, , 49, 0, 0, 0, , 0, 0, 0, 0, 0, 
40, 0, 42, -1, -1, 222, 49, 177.0, 8, , 17, 0, 0, 0, , 0, 0, 0, 0, 0, 
41, 0, 43, -1, -1, 258, 101, 200.0, 7, , 28, 0, 0, 0, , 0, 0, 0, 0, 0, 
42, 0, 44, -1, -1, 138, 88, 208.0, 9, , 62, 0, 0, 0, , 0, 0, 0, 0, 0, 
43, 0, 46, -1, -1, 108, 160, 116.0, 8, , 25, 0, 0, 0, , 0, 0, 0, 0, 0, 
44, 0, 47, -1, -1, 187, 35, 141.0, 9, , 53, 0, 0, 0, , 0, 0, 0, 0, 0, 
45, 0, 48, -1, -1, 185, 40, 147.0, 7, , 16, 0, 0, 0, , 0, 0, 0, 0, 0, 
46, 0, 49, -1, -1, 296, 64, 147.0, 9, , 25, 0, 0, 0, , 0, 0, 0, 0, 0, 
47, 0, 50, -1, -1, 68, 121, 150.0, 7, , 43, 0, 0, 0, , 0, 0, 0, 0, 0, 
48, 0, 51, -1, -1, 77, 83, 169.0, 9, , 35, 0, 0, 0, , 0, 0, 0, 0, 0, 
49, 0, 52, -1, -1, 89, 100, 188.0, 7, , 41, 0, 0, 0, , 0, 0, 0, 0, 0, 
50, 0, 53, -1, -1, 167, 63, 198.0, 7, , 26, 0, 0, 0, , 0, 0, 0, 0, 0, 
51, 0, 54, -1, -1, 185, 77, 193.0, 9, , 150, 0, 0, 0, , 0, 0, 0, 0, 0, 
52, 0, 55, -1, -1, 213, 97, 205.0, 8, , 98, 0, 0, 0, , 0, 0, 0, 0, 0, 
53, 0, 56, -1, -1, 258, 101, 204.0, 9, , 48, 0, 0, 0, , 0, 0, 0, 0, 0, 
54, 0, 57, -1, -1, 244, 75, 185.0, 7, , 53, 0, 0, 0, , 0, 0, 0, 0, 0, 
55, 0, 58, -1, -1, 132, 89, 205.0, 8, , 23, 0, 0, 0, , 0, 0, 0, 0, 0, 
56, 0, 59, -1, -1, 156, 134, 202.0, 9, , 40, 0, 0, 0, , 0, 0, 0, 0, 0, 
57, 0, 60, -1, -1, 163, 141, 203.0, 7, , 26, 0, 0, 0, , 0, 0, 0, 0, 0, 
58, 0, 61, -1, -1, 119, 112, 181.0, 8, , 40, 0, 0, 0, , 0, 0, 0, 0, 0, 
59, 0, 62, -1, -1, 136, 131, 209.0, 7, , 28, 0, 0, 0, , 0, 0, 0, 0, 0, 
60, 0, 63, -1, -1, 137, 32, 128.0, 8, , 21, 0, 0, 0, , 0, 0, 0, 0, 0, 
61, 0, 64, -1, -1, 154, 79, 193.0, 7, , 25, 0, 0, 0, , 0, 0, 0, 0, 0, 
62, 0, 65, -1, -1, 285, 110, 196.0, 7, , 12, 0, 0, 0, , 0, 0, 0, 0, 0, 
63, 0, 66, -1, -1, 49, 109, 89.0, 9, , 125, 0, 0, 0, , 0, 0, 0, 0, 0, 
64, 0, 67, -1, -1, 90, 157, 103.0, 8, , 24, 0, 0, 0, , 0, 0, 0, 0, 0, 
65, 0, 68, -1, -1, 108, 42, 131.0, 9, , 42, 0, 0, 0, , 0, 0, 0, 0, 0, 
66, 0, 69, -1, -1, 61, 80, 138.0, 11, , 27, 0, 0, 0, , 0, 0, 0, 0, 0, 
67, 0, 70, -1, -1, 185, 39, 139.0, 7, , 35, 0, 0, 0, , 0, 0, 0, 0, 0, 
68, 0, 71, -1, -1, 155, 34, 157.0, 11, , 95, 0, 0, 0, , 0, 0, 0, 0, 0, 
69, 0, 72, -1, -1, 101, 63, 160.0, 8, , 49, 0, 0, 0, , 0, 0, 0, 0, 0, 
70, 0, 73, -1, -1, 239, 78, 185.0, 7, , 46, 0, 0, 0, , 0, 0, 0, 0, 0, 
71, 0, 74, -1, -1, 291, 90, 175.0, 7, , 22, 0, 0, 0, , 0, 0, 0, 0, 0, 
72, 0, 75, -1, -1, 150, 119, 179.0, 9, , 78, 0, 0, 0, , 0, 0, 0, 0, 0, 
73, 0, 77, -1, -1, 305, 111, 185.0, 13, , 89, 0, 0, 0, , 0, 0, 0, 0, 0, 
74, 0, 79, -1, -1, 91, 101, 196.0, 9, , 59, 0, 0, 0, , 0, 0, 0, 0, 0, 
75, 0, 80, -1, -1, 202, 74, 194.0, 9, , 43, 0, 0, 0, , 0, 0, 0, 0, 0, 
76, 0, 81, -1, -1, 115, 95, 194.0, 8, , 41, 0, 0, 0, , 0, 0, 0, 0, 0, 
77, 0, 82, -1, -1, 266, 97, 202.0, 7, , 20, 0, 0, 0, , 0, 0, 0, 0, 0, 
78, 0, 83, -1, -1, 154, 89, 208.0, 8, , 29, 0, 0, 0, , 0, 0, 0, 0, 0, 
79, 0, 84, -1, -1, 309, 76, 152.0, 8, , 23, 0, 0, 0, , 0, 0, 0, 0, 0, 
80, 0, 85, -1, -1, 288, 93, 173.0, 9, , 38, 0, 0, 0, , 0, 0, 0, 0, 0, 
81, 0, 86, -1, -1, 146, 92, 192.0, 7, , 26, 0, 0, 0, , 0, 0, 0, 0, 0, 
82, 0, 87, -1, -1, 90, 164, 106.0, 9, , 342, 0, 0, 0, , 0, 0, 0, 0, 0, 
83, 0, 88, -1, -1, 69, 65, 133.0, 7, , 14, 0, 0, 0, , 0, 0, 0, 0, 0, 
84, 0, 89, -1, -1, 161, 47, 179.0, 7, , 28, 0, 0, 0, , 0, 0, 0, 0, 0, 
85, 0, 90, -1, -1, 292, 124, 179.0, 9, , 114, 0, 0, 0, , 0, 0, 0, 0, 0, 
86, 0, 91, -1, -1, 147, 92, 188.0, 7, , 24, 0, 0, 0, , 0, 0, 0, 0, 0, 
87, 0, 92, -1, -1, 149, 63, 193.0, 11, , 84, 0, 0, 0, , 0, 0, 0, 0, 0, 
88, 0, 93, -1, -1, 228, 79, 193.0, 9, , 59, 0, 0, 0, , 0, 0, 0, 0, 0, 
89, 0, 94, -1, -1, 164, 137, 197.0, 9, , 35, 0, 0, 0, , 0, 0, 0, 0, 0, 
90, 0, 95, -1, -1, 134, 69, 199.0, 7, , 24, 0, 0, 0, , 0, 0, 0, 0, 0, 
91, 0, 96, -1, -1, 129, 84, 205.0, 7, , 44, 0, 0, 0, , 0, 0, 0, 0, 0, 
92, 0, 97, -1, -1, 172, 126, 203.0, 7, , 19, 0, 0, 0, , 0, 0, 0, 0, 0, 
93, 0, 98, -1, -1, 210, 140, 194.0, 8, , 15, 0, 0, 0, , 0, 0, 0, 0, 0, 
94, 0, 99, -1, -1, 264, 128, 191.0, 7, , 29, 0, 0, 0, , 0, 0, 0, 0, 0, 
95, 0, 100, -1, -1, 263, 128, 195.0, 8, , 45, 0, 0, 0, , 0, 0, 0, 0, 0, 
96, 0, 102, -1, -1, 146, 181, 122.0, 8, , 20, 0, 0, 0, , 0, 0, 0, 0, 0, 
97, 0, 103, -1, -1, 54, 138, 134.0, 8, , 9, 0, 0, 0, , 0, 0, 0, 0, 0, 
98, 0, 104, -1, -1, 62, 104, 161.0, 8, , 56, 0, 0, 0, , 0, 0, 0, 0, 0, 
99, 0, 105, -1, -1, 291, 75, 167.0, 7, , 17, 0, 0, 0, , 0, 0, 0, 0, 0, 
100, 0, 106, -1, -1, 266, 60, 165.0, 9, , 27, 0, 0, 0, , 0, 0, 0, 0, 0, 
101, 0, 107, -1, -1, 272, 55, 170.0, 8, , 27, 0, 0, 0, , 0, 0, 0, 0, 0, 
102, 0, 108, -1, -1, 79, 89, 183.0, 8, , 36, 0, 0, 0, , 0, 0, 0, 0, 0, 
103, 0, 109, -1, -1, 79, 138, 178.0, 8, , 13, 0, 0, 0, , 0, 0, 0, 0, 0, 
104, 0, 110, -1, -1, 260, 131, 192.0, 9, , 44, 0, 0, 0, , 0, 0, 0, 0, 0, 
105, 0, 111, -1, -1, 185, 84, 196.0, 8, , 27, 0, 0, 0, , 0, 0, 0, 0, 0, 
106, 0, 112, -1, -1, 248, 113, 201.0, 9, , 17, 0, 0, 0, , 0, 0, 0, 0, 0, 
107, 0, 113, -1, -1, 185, 83, 202.0, 8, , 82, 0, 0, 0, , 0, 0, 0, 0, 0, 
108, 0, 115, -1, -1, 228, 112, 208.0, 9, , 23, 0, 0, 0, , 0, 0, 0, 0, 0, 
109, 0, 116, -1, -1, 71, 122, 155.0, 11, , 91, 0, 0, 0, , 0, 0, 0, 0, 0, 
110, 0, 117, -1, -1, 209, 94, 194.0, 9, , 89, 0, 0, 0, , 0, 0, 0, 0, 0, 
111, 0, 119, -1, -1, 183, 50, 181.0, 9, , 20, 0, 0, 0, , 0, 0, 0, 0, 0, 
112, 0, 120, -1, -1, 297, 63, 142.0, 7, , 17, 0, 0, 0, , 0, 0, 0, 0, 0, 
113, 0, 121, -1, -1, 196, 61, 188.0, 7, , 25, 0, 0, 0, , 0, 0, 0, 0, 0, 
114, 0, 124, -1, -1, 62, 155, 115.0, 8, , 12, 0, 0, 0, , 0, 0, 0, 0, 0, 
115, 0, 125, -1, -1, 106, 160, 120.0, 8, , 18, 0, 0, 0, , 0, 0, 0, 0, 0, 
116, 0, 126, -1, -1, 39, 107, 130.0, 9, , 23, 0, 0, 0, , 0, 0, 0, 0, 0, 
117, 0, 127, -1, -1, 169, 31, 132.0, 8, , 24, 0, 0, 0, , 0, 0, 0, 0, 0, 
118, 0, 128, -1, -1, 68, 80, 129.0, 7, , 6, 0, 0, 0, , 0, 0, 0, 0, 0, 
119, 0, 129, -1, -1, 84, 73, 148.0, 8, , 17, 0, 0, 0, , 0, 0, 0, 0, 0, 
120, 0, 130, -1, -1, 314, 75, 147.0, 9, , 18, 0, 0, 0, , 0, 0, 0, 0, 0, 
121, 0, 131, -1, -1, 49, 106, 154.0, 9, , 18, 0, 0, 0, , 0, 0, 0, 0, 0, 
122, 0, 132, -1, -1, 60, 126, 154.0, 7, , 11, 0, 0, 0, , 0, 0, 0, 0, 0, 
123, 0, 133, -1, -1, 116, 114, 179.0, 13, , 50, 0, 0, 0, , 0, 0, 0, 0, 0, 
124, 0, 134, -1, -1, 246, 56, 184.0, 9, , 65, 0, 0, 0, , 0, 0, 0, 0, 0, 
125, 0, 135, -1, -1, 210, 96, 192.0, 9, , 43, 0, 0, 0, , 0, 0, 0, 0, 0, 
126, 0, 136, -1, -1, 136, 130, 200.0, 11, , 128, 0, 0, 0, , 0, 0, 0, 0, 0, 
127, 0, 137, -1, -1, 164, 111, 195.0, 9, , 18, 0, 0, 0, , 0, 0, 0, 0, 0, 
128, 0, 138, -1, -1, 145, 30, 137.0, 9, , 29, 0, 0, 0, , 0, 0, 0, 0, 0, 
129, 0, 139, -1, -1, 270, 44, 159.0, 9, , 30, 0, 0, 0, , 0, 0, 0, 0, 0, 
130, 0, 140, -1, -1, 163, 49, 188.0, 11, , 104, 0, 0, 0, , 0, 0, 0, 0, 0, 
131, 0, 141, -1, -1, 204, 137, 194.0, 8, , 5, 0, 0, 0, , 0, 0, 0, 0, 0, 
132, 0, 142, -1, -1, 169, 93, 197.0, 9, , 68, 0, 0, 0, , 0, 0, 0, 0, 0, 
133, 0, 143, -1, -1, 103, 40, 123.0, 7, , 43, 0, 0, 0, , 0, 0, 0, 0, 0, 
134, 0, 144, -1, -1, 103, 42, 127.0, 9, , 47, 0, 0, 0, , 0, 0, 0, 0, 0, 
135, 0, 145, -1, -1, 302, 61, 150.0, 8, , 34, 0, 0, 0, , 0, 0, 0, 0, 0, 
136, 0, 146, -1, -1, 82, 100, 157.0, 8, , 44, 0, 0, 0, , 0, 0, 0, 0, 0, 
137, 0, 147, -1, -1, 258, 100, 198.0, 7, , 23, 0, 0, 0, , 0, 0, 0, 0, 0, 
138, 0, 148, -1, -1, 181, 46, 181.0, 9, , 42, 0, 0, 0, , 0, 0, 0, 0, 0, 
139, 0, 149, -1, -1, 143, 172, 134.0, 11, , 36, 0, 0, 0, , 0, 0, 0, 0, 0, 
140, 0, 150, -1, -1, 174, 37, 137.0, 7, , 14, 0, 0, 0, , 0, 0, 0, 0, 0, 
141, 0, 151, -1, -1, 46, 94, 139.0, 8, , 18, 0, 0, 0, , 0, 0, 0, 0, 0, 
142, 0, 152, -1, -1, 104, 72, 150.0, 8, , 32, 0, 0, 0, , 0, 0, 0, 0, 0, 
143, 0, 153, -1, -1, 223, 49, 151.0, 9, , 114, 0, 0, 0, , 0, 0, 0, 0, 0, 
144, 0, 154, -1, -1, 131, 49, 160.0, 7, , 24, 0, 0, 0, , 0, 0, 0, 0, 0, 
145, 0, 155, -1, -1, 87, 73, 169.0, 11, , 76, 0, 0, 0, , 0, 0, 0, 0, 0, 
146, 0, 156, -1, -1, 192, 146, 172.0, 9, , 8, 0, 0, 0, , 0, 0, 0, 0, 0, 
147, 0, 157, -1, -1, 80, 89, 179.0, 11, , 55, 0, 0, 0, , 0, 0, 0, 0, 0, 
148, 0, 159, -1, -1, 150, 119, 182.0, 11, , 82, 0, 0, 0, , 0, 0, 0, 0, 0, 
149, 0, 160, -1, -1, 295, 111, 185.0, 9, , 78, 0, 0, 0, , 0, 0, 0, 0, 0, 
150, 0, 161, -1, -1, 154, 119, 185.0, 13, , 113, 0, 0, 0, , 0, 0, 0, 0, 0, 
151, 0, 162, -1, -1, 301, 111, 188.0, 9, , 45, 0, 0, 0, , 0, 0, 0, 0, 0, 
152, 0, 163, -1, -1, 93, 105, 192.0, 9, , 47, 0, 0, 0, , 0, 0, 0, 0, 0, 
153, 0, 164, -1, -1, 90, 100, 199.0, 7, , 15, 0, 0, 0, , 0, 0, 0, 0, 0, 
154, 0, 165, -1, -1, 180, 103, 208.0, 8, , 20, 0, 0, 0, , 0, 0, 0, 0, 0, 
155, 0, 166, -1, -1, 159, 89, 123.0, 9, , 31, 0, 0, 0, , 0, 0, 0, 0, 0, 
156, 0, 167, -1, -1, 302, 64, 156.0, 9, , 26, 0, 0, 0, , 0, 0, 0, 0, 0, 
157, 0, 169, -1, -1, 133, 163, 168.0, 8, , 12, 0, 0, 0, , 0, 0, 0, 0, 0, 
158, 0, 170, -1, -1, 85, 73, 184.0, 7, , 28, 0, 0, 0, , 0, 0, 0, 0, 0, 
159, 0, 171, -1, -1, 209, 63, 193.0, 8, , 18, 0, 0, 0, , 0, 0, 0, 0, 0, 
160, 0, 172, -1, -1, 200, 58, 196.0, 8, , 40, 0, 0, 0, , 0, 0, 0, 0, 0, 
161, 0, 173, -1, -1, 138, 88, 205.0, 11, , 63, 0, 0, 0, , 0, 0, 0, 0, 0, 
162, 0, 174, -1, -1, 199, 113, 211.0, 11, , 59, 0, 0, 0, , 0, 0, 0, 0, 0, 
163, 0, 175, -1, -1, 167, 32, 147.0, 9, , 49, 0, 0, 0, , 0, 0, 0, 0, 0, 
164, 0, 176, -1, -1, 241, 92, 209.0, 7, , 22, 0, 0, 0, , 0, 0, 0, 0, 0, 
165, 0, 177, -1, -1, 143, 173, 138.0, 11, , 31, 0, 0, 0, , 0, 0, 0, 0, 0, 
166, 0, 179, -1, -1, 76, 141, 177.0, 8, , 60, 0, 0, 0, , 0, 0, 0, 0, 0, 
167, 0, 180, -1, -1, 118, 54, 185.0, 7, , 7, 0, 0, 0, , 0, 0, 0, 0, 0, 
168, 0, 181, -1, -1, 239, 75, 191.0, 7, , 41, 0, 0, 0, , 0, 0, 0, 0, 0, 
169, 0, 182, -1, -1, 146, 93, 190.0, 7, , 29, 0, 0, 0, , 0, 0, 0, 0, 0, 
170, 0, 183, -1, -1, 230, 103, 202.0, 9, , 65, 0, 0, 0, , 0, 0, 0, 0, 0, 
171, 0, 184, -1, -1, 50, 124, 115.0, 7, , 9, 0, 0, 0, , 0, 0, 0, 0, 0, 
172, 0, 185, -1, -1, 133, 125, 130.0, 7, , 5, 0, 0, 0, , 0, 0, 0, 0, 0, 
173, 0, 187, -1, -1, 287, 143, 177.0, 7, , 30, 0, 0, 0, , 0, 0, 0, 0, 0, 
174, 0, 188, -1, -1, 151, 114, 192.0, 7, , 26, 0, 0, 0, , 0, 0, 0, 0, 0, 
175, 0, 189, -1, -1, 116, 68, 80.0, 7, , 12, 0, 0, 0, , 0, 0, 0, 0, 0, 
176, 0, 191, -1, -1, 142, 33, 108.0, 8, , 55, 0, 0, 0, , 0, 0, 0, 0, 0, 
177, 0, 192, -1, -1, 58, 118, 110.0, 9, , 23, 0, 0, 0, , 0, 0, 0, 0, 0, 
178, 0, 193, -1, -1, 143, 170, 130.0, 9, , 25, 0, 0, 0, , 0, 0, 0, 0, 0, 
179, 0, 194, -1, -1, 267, 160, 126.0, 8, , 17, 0, 0, 0, , 0, 0, 0, 0, 0, 
180, 0, 195, -1, -1, 55, 142, 130.0, 9, , 24, 0, 0, 0, , 0, 0, 0, 0, 0, 
181, 0, 196, -1, -1, 217, 170, 138.0, 9, , 53, 0, 0, 0, , 0, 0, 0, 0, 0, 
182, 0, 197, -1, -1, 311, 73, 149.0, 9, , 28, 0, 0, 0, , 0, 0, 0, 0, 0, 
183, 0, 198, -1, -1, 79, 76, 152.0, 7, , 37, 0, 0, 0, , 0, 0, 0, 0, 0, 
184, 0, 199, -1, -1, 46, 105, 153.0, 8, , 27, 0, 0, 0, , 0, 0, 0, 0, 0, 
185, 0, 200, -1, -1, 70, 122, 153.0, 7, , 36, 0, 0, 0, , 0, 0, 0, 0, 0, 
186, 0, 201, -1, -1, 99, 73, 155.0, 9, , 45, 0, 0, 0, , 0, 0, 0, 0, 0, 
187, 1, 202, 177, -1, 156, 34, 160.0, 10, ABpraappaa, 29, 0, 0, 0, , 0, 0, 0, 0, 0, 
188, 0, 203, -1, -1, 193, 42, 162.0, 8, , 25, 0, 0, 0, , 0, 0, 0, 0, 0, 
189, 0, 204, -1, -1, 245, 54, 162.0, 9, , 77, 0, 0, 0, , 0, 0, 0, 0, 0, 
190, 0, 205, -1, -1, 124, 52, 167.0, 9, , 60, 0, 0, 0, , 0, 0, 0, 0, 0, 
191, 0, 206, -1, -1, 77, 156, 157.0, 7, , 14, 0, 0, 0, , 0, 0, 0, 0, 0, 
192, 0, 207, -1, -1, 300, 78, 167.0, 7, , 13, 0, 0, 0, , 0, 0, 0, 0, 0, 
193, 0, 208, -1, -1, 319, 96, 169.0, 8, , 26, 0, 0, 0, , 0, 0, 0, 0, 0, 
194, 0, 209, -1, -1, 74, 145, 169.0, 8, , 45, 0, 0, 0, , 0, 0, 0, 0, 0, 
195, 0, 210, -1, -1, 75, 92, 178.0, 8, , 8, 0, 0, 0, , 0, 0, 0, 0, 0, 
196, 0, 211, -1, -1, 241, 58, 179.0, 9, , 61, 0, 0, 0, , 0, 0, 0, 0, 0, 
197, 0, 212, -1, -1, 282, 141, 172.0, 8, , 22, 0, 0, 0, , 0, 0, 0, 0, 0, 
198, 0, 212, -1, -1, 287, 137, 173.0, 9, , 33, 0, 0, 0, , 0, 0, 0, 0, 0, 
199, 0, 213, -1, -1, 116, 114, 176.0, 9, , 89, 0, 0, 0, , 0, 0, 0, 0, 0, 
200, 0, 214, -1, -1, 239, 78, 183.0, 7, , 33, 0, 0, 0, , 0, 0, 0, 0, 0, 
201, 0, 215, -1, -1, 162, 52, 183.0, 8, , 7, 0, 0, 0, , 0, 0, 0, 0, 0, 
202, 0, 216, -1, -1, 237, 55, 185.0, 7, , 16, 0, 0, 0, , 0, 0, 0, 0, 0, 
203, 0, 217, -1, -1, 89, 100, 186.0, 7, , 30, 0, 0, 0, , 0, 0, 0, 0, 0, 
204, 0, 218, -1, -1, 112, 75, 192.0, 9, , 61, 0, 0, 0, , 0, 0, 0, 0, 0, 
205, 0, 219, -1, -1, 252, 112, 198.0, 8, , 12, 0, 0, 0, , 0, 0, 0, 0, 0, 
206, 0, 220, -1, -1, 156, 134, 200.0, 8, , 28, 0, 0, 0, , 0, 0, 0, 0, 0, 
207, 0, 221, -1, -1, 66, 64, 126.0, 8, , 24, 0, 0, 0, , 0, 0, 0, 0, 0, 
208, 0, 222, -1, -1, 160, 89, 119.0, 7, , 32, 0, 0, 0, , 0, 0, 0, 0, 0, 
209, 0, 223, -1, -1, 87, 108, 154.0, 7, , 8, 0, 0, 0, , 0, 0, 0, 0, 0, 
210, 0, 224, -1, -1, 143, 170, 164.0, 9, , 27, 0, 0, 0, , 0, 0, 0, 0, 0, 
211, 0, 225, -1, -1, 131, 50, 165.0, 9, , 27, 0, 0, 0, , 0, 0, 0, 0, 0, 
212, 0, 226, -1, -1, 77, 142, 175.0, 9, , 78, 0, 0, 0, , 0, 0, 0, 0, 0, 
213, 0, 227, -1, -1, 302, 108, 174.0, 9, , 29, 0, 0, 0, , 0, 0, 0, 0, 0, 
214, 0, 228, -1, -1, 144, 96, 182.0, 8, , 36, 0, 0, 0, , 0, 0, 0, 0, 0, 
215, 0, 229, -1, -1, 126, 55, 190.0, 9, , 31, 0, 0, 0, , 0, 0, 0, 0, 0, 
216, 0, 230, -1, -1, 308, 110, 187.0, 7, , 22, 0, 0, 0, , 0, 0, 0, 0, 0, 
217, 0, 231, -1, -1, 183, 78, 198.0, 9, , 59, 0, 0, 0, , 0, 0, 0, 0, 0, 
218, 0, 232, -1, -1, 234, 93, 208.0, 9, , 56, 0, 0, 0, , 0, 0, 0, 0, 0, 
219, 0, 233, -1, -1, 310, 76, 146.0, 7, , 16, 0, 0, 0, , 0, 0, 0, 0, 0, 
220, 0, 234, -1, -1, 67, 69, 124.0, 7, , 6, 0, 0, 0, , 0, 0, 0, 0, 0, 
221, 0, 235, -1, -1, 296, 61, 144.0, 11, , 39, 0, 0, 0, , 0, 0, 0, 0, 0, 
222, 0, 236, -1, -1, 107, 61, 178.0, 9, , 27, 0, 0, 0, , 0, 0, 0, 0, 0, 
223, 0, 237, -1, -1, 99, 124, 185.0, 7, , 27, 0, 0, 0, , 0, 0, 0, 0, 0, 
224, 0, 238, -1, -1, 96, 129, 187.0, 7, , 27, 0, 0, 0, , 0, 0, 0, 0, 0, 
225, 0, 241, -1, -1, 40, 103, 118.0, 9, , 22, 0, 0, 0, , 0, 0, 0, 0, 0, 
226, 0, 242, -1, -1, 64, 68, 129.0, 8, , 9, 0, 0, 0, , 0, 0, 0, 0, 0, 
227, 0, 243, -1, -1, 110, 43, 128.0, 11, , 66, 0, 0, 0, , 0, 0, 0, 0, 0, 
228, 0, 244, -1, -1, 113, 74, 130.0, 7, , 19, 0, 0, 0, , 0, 0, 0, 0, 0, 
229, 0, 245, -1, -1, 58, 109, 129.0, 9, , 28, 0, 0, 0, , 0, 0, 0, 0, 0, 
230, 0, 246, -1, -1, 41, 92, 132.0, 8, , 11, 0, 0, 0, , 0, 0, 0, 0, 0, 
231, 0, 247, -1, -1, 67, 92, 140.0, 8, , 10, 0, 0, 0, , 0, 0, 0, 0, 0, 
232, 0, 248, -1, -1, 121, 52, 147.0, 11, , 59, 0, 0, 0, , 0, 0, 0, 0, 0, 
233, 0, 249, -1, -1, 266, 43, 151.0, 9, , 53, 0, 0, 0, , 0, 0, 0, 0, 0, 
234, 0, 250, -1, -1, 78, 69, 150.0, 7, , 34, 0, 0, 0, , 0, 0, 0, 0, 0, 
235, 0, 251, -1, -1, 122, 49, 150.0, 9, , 22, 0, 0, 0, , 0, 0, 0, 0, 0, 
236, 0, 252, -1, -1, 215, 176, 156.0, 9, , 28, 0, 0, 0, , 0, 0, 0, 0, 0, 
237, 0, 253, -1, -1, 107, 147, 181.0, 9, , 31, 0, 0, 0, , 0, 0, 0, 0, 0, 
238, 0, 254, -1, -1, 238, 59, 183.0, 8, , 27, 0, 0, 0, , 0, 0, 0, 0, 0, 
239, 0, 255, -1, -1, 269, 78, 184.0, 9, , 36, 0, 0, 0, , 0, 0, 0, 0, 0, 
240, 0, 256, -1, -1, 177, 44, 191.0, 8, , 29, 0, 0, 0, , 0, 0, 0, 0, 0, 
241, 0, 257, -1, -1, 184, 48, 185.0, 7, , 32, 0, 0, 0, , 0, 0, 0, 0, 0, 
242, 0, 258, -1, -1, 166, 93, 195.0, 7, , 28, 0, 0, 0, , 0, 0, 0, 0, 0, 
243, 0, 259, -1, -1, 200, 57, 191.0, 7, , 11, 0, 0, 0, , 0, 0, 0, 0, 0, 
244, 0, 260, -1, -1, 122, 127, 196.0, 9, , 14, 0, 0, 0, , 0, 0, 0, 0, 0, 
245, 0, 261, -1, -1, 231, 104, 200.0, 13, , 59, 0, 0, 0, , 0, 0, 0, 0, 0, 
246, 0, 262, -1, -1, 182, 111, 209.0, 8, , 39, 0, 0, 0, , 0, 0, 0, 0, 0, 
247, 0, 263, -1, -1, 230, 77, 204.0, 9, , 67, 0, 0, 0, , 0, 0, 0, 0, 0, 
248, 0, 265, -1, -1, 240, 84, 205.0, 8, , 16, 0, 0, 0, , 0, 0, 0, 0, 0, 
249, 0, 266, -1, -1, 181, 108, 209.0, 9, , 47, 0, 0, 0, , 0, 0, 0, 0, 0, 
250, 0, 267, -1, -1, 97, 54, 135.0, 7, , 5, 0, 0, 0, , 0, 0, 0, 0, 0, 
251, 0, 268, -1, -1, 275, 42, 149.0, 8, , 22, 0, 0, 0, , 0, 0, 0, 0, 0, 
252, 0, 269, -1, -1, 262, 150, 174.0, 11, , 34, 0, 0, 0, , 0, 0, 0, 0, 0, 
253, 0, 270, -1, -1, 156, 119, 181.0, 7, , 24, 0, 0, 0, , 0, 0, 0, 0, 0, 
254, 0, 271, -1, -1, 268, 77, 181.0, 8, , 29, 0, 0, 0, , 0, 0, 0, 0, 0, 
255, 0, 272, -1, -1, 108, 55, 182.0, 9, , 27, 0, 0, 0, , 0, 0, 0, 0, 0, 
256, 0, 273, -1, -1, 94, 125, 181.0, 9, , 41, 0, 0, 0, , 0, 0, 0, 0, 0, 
257, 0, 274, -1, -1, 274, 79, 182.0, 8, , 8, 0, 0, 0, , 0, 0, 0, 0, 0, 
258, 0, 275, -1, -1, 186, 48, 183.0, 7, , 16, 0, 0, 0, , 0, 0, 0, 0, 0, 
259, 0, 276, -1, -1, 263, 101, 193.0, 9, , 32, 0, 0, 0, , 0, 0, 0, 0, 0, 
260, 0, 277, -1, -1, 174, 61, 196.0, 8, , 24, 0, 0, 0, , 0, 0, 0, 0, 0, 
261, 0, 278, -1, -1, 230, 101, 198.0, 9, , 43, 0, 0, 0, , 0, 0, 0, 0, 0, 
262, 0, 279, -1, -1, 229, 77, 198.0, 9, , 331, 0, 0, 0, , 0, 0, 0, 0, 0, 
263, 0, 280, -1, -1, 121, 127, 198.0, 9, , 69, 0, 0, 0, , 0, 0, 0, 0, 0, 
264, 0, 281, -1, -1, 266, 101, 204.0, 7, , 17, 0, 0, 0, , 0, 0, 0, 0, 0, 
265, 0, 282, -1, -1, 235, 86, 208.0, 9, , 18, 0, 0, 0, , 0, 0, 0, 0, 0, 
266, 0, 283, -1, -1, 158, 93, 210.0, 9, , 38, 0, 0, 0, , 0, 0, 0, 0, 0, 
267, 0, 284, -1, -1, 165, 32, 144.0, 9, , 28, 0, 0, 0, , 0, 0, 0, 0, 0, 
268, 0, 286, -1, -1, 147, 30, 137.0, 9, , 21, 0, 0, 0, , 0, 0, 0, 0, 0, 
269, 0, 287, -1, -1, 70, 154, 141.0, 7, , 6, 0, 0, 0, , 0, 0, 0, 0, 0, 
270, 0, 288, -1, -1, 85, 90, 70.0, 9, , 51, 0, 0, 0, , 0, 0, 0, 0, 0, 
271, 0, 289, -1, -1, 76, 95, 95.0, 9, , 60, 0, 0, 0, , 0, 0, 0, 0, 0, 
272, 0, 290, -1, -1, 75, 94, 98.0, 11, , 41, 0, 0, 0, , 0, 0, 0, 0, 0, 
273, 0, 291, -1, -1, 59, 127, 104.0, 7, , 19, 0, 0, 0, , 0, 0, 0, 0, 0, 
274, 0, 292, -1, -1, 197, 172, 130.0, 8, , 13, 0, 0, 0, , 0, 0, 0, 0, 0, 
275, 0, 293, -1, -1, 133, 43, 133.0, 7, , 10, 0, 0, 0, , 0, 0, 0, 0, 0, 
276, 0, 294, -1, -1, 139, 32, 147.0, 9, , 41, 0, 0, 0, , 0, 0, 0, 0, 0, 
277, 0, 295, -1, -1, 103, 73, 152.0, 7, , 33, 0, 0, 0, , 0, 0, 0, 0, 0, 
278, 0, 296, -1, -1, 85, 102, 155.0, 11, , 110, 0, 0, 0, , 0, 0, 0, 0, 0, 
279, 0, 297, -1, -1, 75, 156, 154.0, 8, , 12, 0, 0, 0, , 0, 0, 0, 0, 0, 
280, 0, 298, -1, -1, 97, 54, 151.0, 8, , 81, 0, 0, 0, , 0, 0, 0, 0, 0, 
281, 0, 300, -1, -1, 95, 54, 159.0, 8, , 154, 0, 0, 0, , 0, 0, 0, 0, 0, 
282, 0, 301, -1, -1, 190, 43, 166.0, 8, , 5, 0, 0, 0, , 0, 0, 0, 0, 0, 
283, 0, 302, -1, -1, 301, 74, 171.0, 8, , 16, 0, 0, 0, , 0, 0, 0, 0, 0, 
284, 0, 303, -1, -1, 292, 77, 173.0, 8, , 14, 0, 0, 0, , 0, 0, 0, 0, 0, 
285, 0, 304, -1, -1, 110, 53, 173.0, 9, , 31, 0, 0, 0, , 0, 0, 0, 0, 0, 
286, 0, 305, -1, -1, 164, 49, 176.0, 9, , 45, 0, 0, 0, , 0, 0, 0, 0, 0, 
287, 0, 306, -1, -1, 146, 49, 180.0, 7, , 28, 0, 0, 0, , 0, 0, 0, 0, 0, 
288, 0, 307, -1, -1, 104, 146, 182.0, 11, , 28, 0, 0, 0, , 0, 0, 0, 0, 0, 
289, 0, 308, -1, -1, 136, 129, 181.0, 8, , 31, 0, 0, 0, , 0, 0, 0, 0, 0, 
290, 0, 309, -1, -1, 195, 148, 183.0, 7, , 22, 0, 0, 0, , 0, 0, 0, 0, 0, 
291, 0, 310, -1, -1, 98, 118, 188.0, 8, , 18, 0, 0, 0, , 0, 0, 0, 0, 0, 
292, 0, 311, -1, -1, 194, 147, 187.0, 9, , 41, 0, 0, 0, , 0, 0, 0, 0, 0, 
293, 0, 312, -1, -1, 107, 73, 187.0, 7, , 33, 0, 0, 0, , 0, 0, 0, 0, 0, 
294, 0, 313, -1, -1, 268, 73, 191.0, 7, , 7, 0, 0, 0, , 0, 0, 0, 0, 0, 
295, 0, 314, -1, -1, 96, 127, 190.0, 9, , 34, 0, 0, 0, , 0, 0, 0, 0, 0, 
296, 0, 315, -1, -1, 226, 164, 191.0, 9, , 36, 0, 0, 0, , 0, 0, 0, 0, 0, 
297, 0, 316, -1, -1, 253, 84, 193.0, 8, , 25, 0, 0, 0, , 0, 0, 0, 0, 0, 
298, 0, 317, -1, -1, 192, 84, 195.0, 8, , 103, 0, 0, 0, , 0, 0, 0, 0, 0, 
299, 0, 318, -1, -1, 186, 83, 192.0, 8, , 11, 0, 0, 0, , 0, 0, 0, 0, 0, 
300, 0, 319, -1, -1, 202, 74, 197.0, 7, , 34, 0, 0, 0, , 0, 0, 0, 0, 0, 
301, 0, 320, -1, -1, 172, 91, 203.0, 7, , 24, 0, 0, 0, , 0, 0, 0, 0, 0, 
302, 0, 321, -1, -1, 251, 116, 206.0, 9, , 34, 0, 0, 0, , 0, 0, 0, 0, 0, 
303, 0, 322, -1, -1, 121, 103, 203.0, 8, , 18, 0, 0, 0, , 0, 0, 0, 0, 0, 
304, 0, 323, -1, -1, 135, 83, 201.0, 7, , 12, 0, 0, 0, , 0, 0, 0, 0, 0, 
305, 0, 324, -1, -1, 201, 115, 206.0, 9, , 33, 0, 0, 0, , 0, 0, 0, 0, 0, 
306, 0, 325, -1, -1, 38, 108, 125.0, 9, , 50, 0, 0, 0, , 0, 0, 0, 0, 0, 
307, 0, 327, -1, -1, 167, 27, 138.0, 9, , 80, 0, 0, 0, , 0, 0, 0, 0, 0, 
308, 0, 328, -1, -1, 142, 31, 146.0, 9, , 29, 0, 0, 0, , 0, 0, 0, 0, 0, 
309, 0, 329, -1, -1, 183, 37, 166.0, 7, , 14, 0, 0, 0, , 0, 0, 0, 0, 0, 
310, 0, 330, -1, -1, 321, 93, 171.0, 11, , 36, 0, 0, 0, , 0, 0, 0, 0, 0, 
311, 0, 331, -1, -1, 109, 53, 177.0, 7, , 23, 0, 0, 0, , 0, 0, 0, 0, 0, 
312, 0, 332, -1, -1, 260, 149, 176.0, 8, , 25, 0, 0, 0, , 0, 0, 0, 0, 0, 
313, 0, 334, -1, -1, 129, 122, 178.0, 9, , 64, 0, 0, 0, , 0, 0, 0, 0, 0, 
314, 0, 335, -1, -1, 173, 69, 193.0, 7, , 50, 0, 0, 0, , 0, 0, 0, 0, 0, 
315, 0, 336, -1, -1, 172, 69, 197.0, 8, , 80, 0, 0, 0, , 0, 0, 0, 0, 0, 
316, 0, 338, -1, -1, 216, 173, 142.0, 9, , 25, 0, 0, 0, , 0, 0, 0, 0, 0, 
317, 0, 339, -1, -1, 100, 61, 164.0, 9, , 97, 0, 0, 0, , 0, 0, 0, 0, 0, 
318, 0, 340, -1, -1, 198, 57, 199.0, 9, , 16, 0, 0, 0, , 0, 0, 0, 0, 0, 
319, 0, 342, -1, -1, 139, 31, 110.0, 9, , 34, 0, 0, 0, , 0, 0, 0, 0, 0, 
320, 0, 344, -1, -1, 130, 127, 135.0, 8, , 6, 0, 0, 0, , 0, 0, 0, 0, 0, 
321, 0, 345, -1, -1, 239, 178, 158.0, 7, , 12, 0, 0, 0, , 0, 0, 0, 0, 0, 
322, 0, 346, -1, -1, 77, 76, 158.0, 8, , 24, 0, 0, 0, , 0, 0, 0, 0, 0, 
323, 0, 347, -1, -1, 300, 74, 168.0, 7, , 22, 0, 0, 0, , 0, 0, 0, 0, 0, 
324, 0, 348, -1, -1, 196, 169, 172.0, 9, , 39, 0, 0, 0, , 0, 0, 0, 0, 0, 
325, 0, 349, -1, -1, 261, 57, 170.0, 8, , 11, 0, 0, 0, , 0, 0, 0, 0, 0, 
326, 0, 350, -1, -1, 272, 55, 173.0, 7, , 24, 0, 0, 0, , 0, 0, 0, 0, 0, 
327, 0, 351, -1, -1, 130, 52, 159.0, 8, , 18, 0, 0, 0, , 0, 0, 0, 0, 0, 
328, 0, 352, -1, -1, 283, 89, 177.0, 7, , 30, 0, 0, 0, , 0, 0, 0, 0, 0, 
329, 0, 353, -1, -1, 61, 101, 174.0, 8, , 53, 0, 0, 0, , 0, 0, 0, 0, 0, 
330, 0, 354, -1, -1, 265, 62, 172.0, 7, , 21, 0, 0, 0, , 0, 0, 0, 0, 0, 
331, 0, 355, -1, -1, 283, 141, 177.0, 8, , 28, 0, 0, 0, , 0, 0, 0, 0, 0, 
332, 0, 356, -1, -1, 71, 82, 182.0, 7, , 4, 0, 0, 0, , 0, 0, 0, 0, 0, 
333, 0, 357, -1, -1, 300, 106, 183.0, 7, , 21, 0, 0, 0, , 0, 0, 0, 0, 0, 
334, 0, 358, -1, -1, 155, 85, 198.0, 9, , 37, 0, 0, 0, , 0, 0, 0, 0, 0, 
335, 0, 359, -1, -1, 193, 111, 190.0, 8, , 20, 0, 0, 0, , 0, 0, 0, 0, 0, 
336, 0, 360, -1, -1, 193, 112, 194.0, 7, , 28, 0, 0, 0, , 0, 0, 0, 0, 0, 
337, 0, 361, -1, -1, 233, 106, 195.0, 7, , 20, 0, 0, 0, , 0, 0, 0, 0, 0, 
338, 0, 362, -1, -1, 141, 70, 195.0, 7, , 19, 0, 0, 0, , 0, 0, 0, 0, 0, 
339, 0, 363, -1, -1, 167, 137, 199.0, 11, , 70, 0, 0, 0, , 0, 0, 0, 0, 0, 
340, 0, 365, -1, -1, 191, 112, 197.0, 8, , 36, 0, 0, 0, , 0, 0, 0, 0, 0, 
341, 0, 366, -1, -1, 162, 109, 201.0, 9, , 66, 0, 0, 0, , 0, 0, 0, 0, 0, 
342, 0, 367, -1, -1, 116, 96, 203.0, 8, , 29, 0, 0, 0, , 0, 0, 0, 0, 0, 
343, 0, 368, -1, -1, 157, 93, 206.0, 7, , 25, 0, 0, 0, , 0, 0, 0, 0, 0, 
344, 0, 369, -1, -1, 147, 89, 211.0, 8, , 12, 0, 0, 0, , 0, 0, 0, 0, 0, 
345, 0, 370, -1, -1, 215, 42, 141.0, 11, , 52, 0, 0, 0, , 0, 0, 0, 0, 0, 
346, 0, 371, -1, -1, 186, 37, 150.0, 9, , 88, 0, 0, 0, , 0, 0, 0, 0, 0, 
347, 0, 372, -1, -1, 201, 110, 190.0, 9, , 62, 0, 0, 0, , 0, 0, 0, 0, 0, 
348, 0, 373, -1, -1, 153, 86, 192.0, 8, , 6, 0, 0, 0, , 0, 0, 0, 0, 0, 
349, 0, 374, -1, -1, 261, 129, 199.0, 9, , 39, 0, 0, 0, , 0, 0, 0, 0, 0, 
350, 0, 376, -1, -1, 122, 127, 207.0, 7, , 20, 0, 0, 0, , 0, 0, 0, 0, 0, 
351, 0, 377, -1, -1, 230, 145, 74.0, 9, , 20, 0, 0, 0, , 0, 0, 0, 0, 0, 
352, 0, 378, -1, -1, 71, 156, 119.0, 9, , 34, 0, 0, 0, , 0, 0, 0, 0, 0, 
353, 0, 379, -1, -1, 109, 129, 160.0, 8, , 24, 0, 0, 0, , 0, 0, 0, 0, 0, 
354, 0, 380, -1, -1, 82, 87, 171.0, 7, , 12, 0, 0, 0, , 0, 0, 0, 0, 0, 
355, 0, 381, -1, -1, 207, 88, 203.0, 9, , 79, 0, 0, 0, , 0, 0, 0, 0, 0, 
356, 0, 382, -1, -1, 73, 154, 149.0, 8, , 24, 0, 0, 0, , 0, 0, 0, 0, 0, 
357, 0, 383, -1, -1, 103, 71, 153.0, 9, , 46, 0, 0, 0, , 0, 0, 0, 0, 0, 
358, 0, 384, -1, -1, 119, 96, 186.0, 8, , 39, 0, 0, 0, , 0, 0, 0, 0, 0, 
359, 0, 385, -1, -1, 90, 145, 77.0, 7, , 21, 0, 0, 0, , 0, 0, 0, 0, 0, 
360, 0, 386, -1, -1, 93, 143, 83.0, 11, , 106, 0, 0, 0, , 0, 0, 0, 0, 0, 
361, 0, 387, -1, -1, 77, 95, 93.0, 7, , 21, 0, 0, 0, , 0, 0, 0, 0, 0, 
362, 0, 388, -1, -1, 123, 164, 94.0, 9, , 42, 0, 0, 0, , 0, 0, 0, 0, 0, 
363, 0, 389, -1, -1, 122, 168, 99.0, 8, , 4, 0, 0, 0, , 0, 0, 0, 0, 0, 
364, 0, 390, -1, -1, 71, 148, 96.0, 9, , 23, 0, 0, 0, , 0, 0, 0, 0, 0, 
365, 0, 391, -1, -1, 71, 143, 100.0, 9, , 28, 0, 0, 0, , 0, 0, 0, 0, 0, 
366, 0, 392, -1, -1, 145, 170, 101.0, 8, , 5, 0, 0, 0, , 0, 0, 0, 0, 0, 
367, 0, 394, -1, -1, 96, 50, 108.0, 9, , 36, 0, 0, 0, , 0, 0, 0, 0, 0, 
368, 0, 395, -1, -1, 96, 50, 111.0, 9, , 40, 0, 0, 0, , 0, 0, 0, 0, 0, 
369, 0, 396, -1, -1, 190, 178, 106.0, 9, , 11, 0, 0, 0, , 0, 0, 0, 0, 0, 
370, 0, 397, -1, -1, 66, 154, 107.0, 8, , 26, 0, 0, 0, , 0, 0, 0, 0, 0, 
371, 0, 398, -1, -1, 109, 167, 114.0, 9, , 28, 0, 0, 0, , 0, 0, 0, 0, 0, 
372, 0, 401, -1, -1, 139, 32, 111.0, 11, , 35, 0, 0, 0, , 0, 0, 0, 0, 0, 
373, 0, 403, -1, -1, 69, 147, 114.0, 11, , 50, 0, 0, 0, , 0, 0, 0, 0, 0, 
374, 0, 404, -1, -1, 112, 170, 119.0, 8, , 20, 0, 0, 0, , 0, 0, 0, 0, 0, 
375, 0, 405, -1, -1, 67, 151, 121.0, 9, , 39, 0, 0, 0, , 0, 0, 0, 0, 0, 
376, 0, 406, -1, -1, 128, 174, 123.0, 11, , 32, 0, 0, 0, , 0, 0, 0, 0, 0, 
377, 0, 407, -1, -1, 138, 33, 127.0, 8, , 17, 0, 0, 0, , 0, 0, 0, 0, 0, 
378, 0, 408, -1, -1, 61, 136, 130.0, 9, , 19, 0, 0, 0, , 0, 0, 0, 0, 0, 
379, 0, 409, -1, -1, 137, 31, 129.0, 8, , 25, 0, 0, 0, , 0, 0, 0, 0, 0, 
380, 0, 410, -1, -1, 43, 100, 133.0, 7, , 16, 0, 0, 0, , 0, 0, 0, 0, 0, 
381, 0, 411, -1, -1, 211, 37, 134.0, 7, , 22, 0, 0, 0, , 0, 0, 0, 0, 0, 
382, 0, 412, -1, -1, 304, 162, 139.0, 8, , 21, 0, 0, 0, , 0, 0, 0, 0, 0, 
383, 0, 413, -1, -1, 43, 98, 135.0, 8, , 11, 0, 0, 0, , 0, 0, 0, 0, 0, 
384, 0, 414, -1, -1, 197, 175, 132.0, 9, , 11, 0, 0, 0, , 0, 0, 0, 0, 0, 
385, 0, 415, -1, -1, 41, 96, 137.0, 9, , 30, 0, 0, 0, , 0, 0, 0, 0, 0, 
386, 0, 416, -1, -1, 168, 26, 141.0, 8, , 31, 0, 0, 0, , 0, 0, 0, 0, 0, 
387, 0, 418, -1, -1, 122, 50, 138.0, 8, , 33, 0, 0, 0, , 0, 0, 0, 0, 0, 
388, 0, 419, -1, -1, 137, 33, 143.0, 7, , 32, 0, 0, 0, , 0, 0, 0, 0, 0, 
389, 0, 421, -1, -1, 312, 75, 141.0, 7, , 12, 0, 0, 0, , 0, 0, 0, 0, 0, 
390, 0, 422, -1, -1, 76, 71, 144.0, 7, , 27, 0, 0, 0, , 0, 0, 0, 0, 0, 
391, 0, 423, -1, -1, 257, 174, 145.0, 8, , 16, 0, 0, 0, , 0, 0, 0, 0, 0, 
392, 0, 424, -1, -1, 71, 149, 146.0, 7, , 12, 0, 0, 0, , 0, 0, 0, 0, 0, 
393, 0, 425, -1, -1, 86, 102, 149.0, 7, , 29, 0, 0, 0, , 0, 0, 0, 0, 0, 
394, 0, 426, -1, -1, 75, 67, 150.0, 9, , 41, 0, 0, 0, , 0, 0, 0, 0, 0, 
395, 0, 427, -1, -1, 272, 42, 153.0, 9, , 26, 0, 0, 0, , 0, 0, 0, 0, 0, 
396, 0, 428, -1, -1, 76, 68, 153.0, 7, , 42, 0, 0, 0, , 0, 0, 0, 0, 0, 
397, 0, 429, -1, -1, 80, 75, 154.0, 9, , 46, 0, 0, 0, , 0, 0, 0, 0, 0, 
398, 0, 430, -1, -1, 82, 104, 160.0, 9, , 49, 0, 0, 0, , 0, 0, 0, 0, 0, 
399, 0, 432, -1, -1, 159, 35, 162.0, 9, , 58, 0, 0, 0, , 0, 0, 0, 0, 0, 
400, 0, 433, -1, -1, 66, 106, 161.0, 8, , 26, 0, 0, 0, , 0, 0, 0, 0, 0, 
401, 0, 434, -1, -1, 113, 136, 159.0, 9, , 48, 0, 0, 0, , 0, 0, 0, 0, 0, 
402, 0, 435, -1, -1, 70, 105, 164.0, 7, , 20, 0, 0, 0, , 0, 0, 0, 0, 0, 
403, 0, 436, -1, -1, 124, 49, 158.0, 9, , 19, 0, 0, 0, , 0, 0, 0, 0, 0, 
404, 0, 437, -1, -1, 109, 130, 163.0, 8, , 46, 0, 0, 0, , 0, 0, 0, 0, 0, 
405, 0, 438, -1, -1, 126, 149, 163.0, 11, , 64, 0, 0, 0, , 0, 0, 0, 0, 0, 
406, 0, 439, -1, -1, 67, 104, 169.0, 8, , 38, 0, 0, 0, , 0, 0, 0, 0, 0, 
407, 0, 440, -1, -1, 265, 146, 172.0, 8, , 27, 0, 0, 0, , 0, 0, 0, 0, 0, 
408, 0, 441, -1, -1, 69, 102, 167.0, 7, , 11, 0, 0, 0, , 0, 0, 0, 0, 0, 
409, 0, 442, -1, -1, 66, 124, 170.0, 8, , 20, 0, 0, 0, , 0, 0, 0, 0, 0, 
410, 0, 443, -1, -1, 111, 135, 167.0, 8, , 57, 0, 0, 0, , 0, 0, 0, 0, 0, 
411, 0, 444, -1, -1, 131, 123, 173.0, 9, , 41, 0, 0, 0, , 0, 0, 0, 0, 0, 
412, 0, 445, -1, -1, 138, 163, 174.0, 8, , 22, 0, 0, 0, , 0, 0, 0, 0, 0, 
413, 0, 446, -1, -1, 281, 141, 175.0, 7, , 25, 0, 0, 0, , 0, 0, 0, 0, 0, 
414, 0, 447, -1, -1, 88, 70, 173.0, 8, , 111, 0, 0, 0, , 0, 0, 0, 0, 0, 
415, 0, 448, -1, -1, 138, 165, 176.0, 9, , 49, 0, 0, 0, , 0, 0, 0, 0, 0, 
416, 0, 449, -1, -1, 92, 68, 177.0, 8, , 10, 0, 0, 0, , 0, 0, 0, 0, 0, 
417, 0, 450, -1, -1, 134, 89, 177.0, 8, , 16, 0, 0, 0, , 0, 0, 0, 0, 0, 
418, 0, 451, -1, -1, 315, 93, 177.0, 8, , 38, 0, 0, 0, , 0, 0, 0, 0, 0, 
419, 0, 452, -1, -1, 91, 78, 176.0, 8, , 14, 0, 0, 0, , 0, 0, 0, 0, 0, 
420, 0, 454, -1, -1, 70, 121, 180.0, 11, , 39, 0, 0, 0, , 0, 0, 0, 0, 0, 
421, 0, 455, -1, -1, 223, 53, 175.0, 9, , 28, 0, 0, 0, , 0, 0, 0, 0, 0, 
422, 0, 456, -1, -1, 75, 141, 180.0, 8, , 30, 0, 0, 0, , 0, 0, 0, 0, 0, 
423, 0, 457, -1, -1, 75, 87, 186.0, 9, , 16, 0, 0, 0, , 0, 0, 0, 0, 0, 
424, 0, 458, -1, -1, 117, 114, 185.0, 9, , 62, 0, 0, 0, , 0, 0, 0, 0, 0, 
425, 0, 459, -1, -1, 114, 73, 188.0, 7, , 34, 0, 0, 0, , 0, 0, 0, 0, 0, 
426, 0, 460, -1, -1, 175, 50, 186.0, 8, , 18, 0, 0, 0, , 0, 0, 0, 0, 0, 
427, 0, 461, -1, -1, 95, 129, 189.0, 7, , 22, 0, 0, 0, , 0, 0, 0, 0, 0, 
428, 0, 462, -1, -1, 137, 70, 188.0, 9, , 32, 0, 0, 0, , 0, 0, 0, 0, 0, 
429, 0, 463, -1, -1, 147, 62, 197.0, 8, , 21, 0, 0, 0, , 0, 0, 0, 0, 0, 
430, 0, 464, -1, -1, 135, 131, 198.0, 7, , 46, 0, 0, 0, , 0, 0, 0, 0, 0, 
431, 0, 465, -1, -1, 267, 99, 201.0, 8, , 34, 0, 0, 0, , 0, 0, 0, 0, 0, 
432, 0, 466, -1, -1, 165, 138, 204.0, 11, , 56, 0, 0, 0, , 0, 0, 0, 0, 0, 
433, 0, 467, -1, -1, 179, 108, 206.0, 8, , 14, 0, 0, 0, , 0, 0, 0, 0, 0, 
434, 0, 468, -1, -1, 91, 147, 87.0, 8, , 14, 0, 0, 0, , 0, 0, 0, 0, 0, 
435, 0, 469, -1, -1, 66, 140, 94.0, 7, , 22, 0, 0, 0, , 0, 0, 0, 0, 0, 
436, 0, 470, -1, -1, 142, 33, 106.0, 7, , 22, 0, 0, 0, , 0, 0, 0, 0, 0, 
437, 0, 471, -1, -1, 130, 38, 128.0, 9, , 27, 0, 0, 0, , 0, 0, 0, 0, 0, 
438, 0, 472, -1, -1, 119, 52, 141.0, 7, , 21, 0, 0, 0, , 0, 0, 0, 0, 0, 
439, 0, 473, -1, -1, 111, 133, 145.0, 9, , 46, 0, 0, 0, , 0, 0, 0, 0, 0, 
440, 0, 474, -1, -1, 99, 57, 155.0, 8, , 29, 0, 0, 0, , 0, 0, 0, 0, 0, 
441, 0, 475, -1, -1, 156, 35, 165.0, 11, , 35, 0, 0, 0, , 0, 0, 0, 0, 0, 
442, 0, 476, -1, -1, 313, 92, 171.0, 9, , 34, 0, 0, 0, , 0, 0, 0, 0, 0, 
443, 0, 477, -1, -1, 140, 51, 176.0, 8, , 49, 0, 0, 0, , 0, 0, 0, 0, 0, 
444, 0, 478, -1, -1, 291, 128, 177.0, 9, , 97, 0, 0, 0, , 0, 0, 0, 0, 0, 
445, 0, 479, -1, -1, 127, 53, 180.0, 7, , 34, 0, 0, 0, , 0, 0, 0, 0, 0, 
446, 0, 480, -1, -1, 92, 76, 182.0, 8, , 23, 0, 0, 0, , 0, 0, 0, 0, 0, 
447, 0, 481, -1, -1, 164, 46, 183.0, 7, , 25, 0, 0, 0, , 0, 0, 0, 0, 0, 
448, 0, 482, -1, -1, 248, 85, 189.0, 8, , 45, 0, 0, 0, , 0, 0, 0, 0, 0, 
449, 0, 483, -1, -1, 122, 118, 201.0, 8, , 33, 0, 0, 0, , 0, 0, 0, 0, 0, 
450, 0, 485, -1, -1, 145, 173, 145.0, 7, , 12, 0, 0, 0, , 0, 0, 0, 0, 0, 
451, 0, 486, -1, -1, 115, 73, 185.0, 8, , 22, 0, 0, 0, , 0, 0, 0, 0, 0, 
452, 0, 487, -1, -1, 136, 131, 203.0, 13, , 94, 0, 0, 0, , 0, 0, 0, 0, 0, 
453, 0, 488, -1, -1, 213, 176, 114.0, 7, , 23, 0, 0, 0, , 0, 0, 0, 0, 0, 
454, 0, 489, -1, -1, 216, 46, 142.0, 7, , 6, 0, 0, 0, , 0, 0, 0, 0, 0, 
455, 0, 490, -1, -1, 120, 119, 205.0, 8, , 52, 0, 0, 0, , 0, 0, 0, 0, 0, 
456, 0, 491, -1, -1, 94, 112, 55.0, 9, , 10, 0, 0, 0, , 0, 0, 0, 0, 0, 
457, 0, 492, -1, -1, 96, 140, 70.0, 7, , 14, 0, 0, 0, , 0, 0, 0, 0, 0, 
458, 0, 493, -1, -1, 155, 85, 67.0, 9, , 6, 0, 0, 0, , 0, 0, 0, 0, 0, 
459, 0, 494, -1, -1, 206, 142, 65.0, 7, , 7, 0, 0, 0, , 0, 0, 0, 0, 0, 
460, 0, 496, -1, -1, 128, 87, 79.0, 7, , 21, 0, 0, 0, , 0, 0, 0, 0, 0, 
461, 0, 497, -1, -1, 83, 74, 86.0, 8, , 23, 0, 0, 0, , 0, 0, 0, 0, 0, 
462, 0, 499, -1, -1, 93, 51, 104.0, 9, , 9, 0, 0, 0, , 0, 0, 0, 0, 0, 
463, 0, 500, -1, -1, 267, 161, 109.0, 9, , 15, 0, 0, 0, , 0, 0, 0, 0, 0, 
464, 0, 502, -1, -1, 228, 174, 118.0, 8, , 57, 0, 0, 0, , 0, 0, 0, 0, 0, 
465, 0, 503, -1, -1, 111, 41, 122.0, 9, , 36, 0, 0, 0, , 0, 0, 0, 0, 0, 
466, 0, 504, -1, -1, 231, 37, 118.0, 9, , 12, 0, 0, 0, , 0, 0, 0, 0, 0, 
467, 0, 505, -1, -1, 224, 175, 126.0, 11, , 41, 0, 0, 0, , 0, 0, 0, 0, 0, 
468, 0, 506, -1, -1, 98, 54, 123.0, 7, , 8, 0, 0, 0, , 0, 0, 0, 0, 0, 
469, 0, 508, -1, -1, 300, 162, 129.0, 7, , 33, 0, 0, 0, , 0, 0, 0, 0, 0, 
470, 0, 509, -1, -1, 108, 71, 127.0, 8, , 23, 0, 0, 0, , 0, 0, 0, 0, 0, 
471, 0, 510, -1, -1, 61, 135, 132.0, 7, , 28, 0, 0, 0, , 0, 0, 0, 0, 0, 
472, 0, 511, -1, -1, 301, 158, 135.0, 8, , 10, 0, 0, 0, , 0, 0, 0, 0, 0, 
473, 0, 512, -1, -1, 327, 143, 135.0, 11, , 52, 0, 0, 0, , 0, 0, 0, 0, 0, 
474, 0, 513, -1, -1, 256, 47, 132.0, 9, , 6, 0, 0, 0, , 0, 0, 0, 0, 0, 
475, 0, 514, -1, -1, 194, 179, 139.0, 8, , 57, 0, 0, 0, , 0, 0, 0, 0, 0, 
476, 0, 515, -1, -1, 57, 142, 142.0, 9, , 35, 0, 0, 0, , 0, 0, 0, 0, 0, 
477, 0, 516, -1, -1, 45, 103, 146.0, 8, , 10, 0, 0, 0, , 0, 0, 0, 0, 0, 
478, 0, 517, -1, -1, 73, 93, 144.0, 9, , 8, 0, 0, 0, , 0, 0, 0, 0, 0, 
479, 0, 518, -1, -1, 176, 177, 143.0, 8, , 29, 0, 0, 0, , 0, 0, 0, 0, 0, 
480, 0, 519, -1, -1, 217, 173, 144.0, 7, , 24, 0, 0, 0, , 0, 0, 0, 0, 0, 
481, 0, 520, -1, -1, 54, 107, 141.0, 8, , 22, 0, 0, 0, , 0, 0, 0, 0, 0, 
482, 0, 521, -1, -1, 77, 73, 141.0, 7, , 42, 0, 0, 0, , 0, 0, 0, 0, 0, 
483, 0, 522, -1, -1, 298, 58, 145.0, 9, , 17, 0, 0, 0, , 0, 0, 0, 0, 0, 
484, 0, 523, -1, -1, 73, 123, 151.0, 11, , 66, 0, 0, 0, , 0, 0, 0, 0, 0, 
485, 0, 524, -1, -1, 99, 115, 151.0, 8, , 10, 0, 0, 0, , 0, 0, 0, 0, 0, 
486, 0, 525, -1, -1, 67, 155, 153.0, 8, , 1, 0, 0, 0, , 0, 0, 0, 0, 0, 
487, 0, 526, -1, -1, 301, 60, 151.0, 8, , 50, 0, 0, 0, , 0, 0, 0, 0, 0, 
488, 0, 527, -1, -1, 99, 62, 154.0, 9, , 44, 0, 0, 0, , 0, 0, 0, 0, 0, 
489, 0, 528, -1, -1, 54, 102, 151.0, 8, , 104, 0, 0, 0, , 0, 0, 0, 0, 0, 
490, 0, 529, -1, -1, 110, 103, 155.0, 7, , 22, 0, 0, 0, , 0, 0, 0, 0, 0, 
491, 0, 530, -1, -1, 109, 102, 159.0, 8, , 37, 0, 0, 0, , 0, 0, 0, 0, 0, 
492, 0, 531, -1, -1, 106, 106, 161.0, 11, , 167, 0, 0, 0, , 0, 0, 0, 0, 0, 
493, 0, 532, -1, -1, 111, 134, 155.0, 8, , 37, 0, 0, 0, , 0, 0, 0, 0, 0, 
494, 0, 533, -1, -1, 89, 157, 163.0, 9, , 16, 0, 0, 0, , 0, 0, 0, 0, 0, 
495, 0, 534, -1, -1, 109, 136, 163.0, 9, , 72, 0, 0, 0, , 0, 0, 0, 0, 0, 
496, 0, 535, -1, -1, 135, 168, 169.0, 8, , 18, 0, 0, 0, , 0, 0, 0, 0, 0, 
497, 0, 536, -1, -1, 153, 121, 168.0, 7, , 11, 0, 0, 0, , 0, 0, 0, 0, 0, 
498, 0, 537, -1, -1, 317, 94, 167.0, 11, , 104, 0, 0, 0, , 0, 0, 0, 0, 0, 
499, 0, 538, -1, -1, 212, 45, 168.0, 8, , 19, 0, 0, 0, , 0, 0, 0, 0, 0, 
500, 0, 541, -1, -1, 297, 78, 175.0, 8, , 26, 0, 0, 0, , 0, 0, 0, 0, 0, 
501, 0, 542, -1, -1, 74, 122, 176.0, 9, , 8, 0, 0, 0, , 0, 0, 0, 0, 0, 
502, 0, 543, -1, -1, 139, 166, 174.0, 11, , 58, 0, 0, 0, , 0, 0, 0, 0, 0, 
503, 0, 544, -1, -1, 74, 82, 179.0, 8, , 7, 0, 0, 0, , 0, 0, 0, 0, 0, 
504, 0, 545, -1, -1, 252, 140, 182.0, 9, , 15, 0, 0, 0, , 0, 0, 0, 0, 0, 
505, 0, 546, -1, -1, 263, 148, 178.0, 8, , 27, 0, 0, 0, , 0, 0, 0, 0, 0, 
506, 0, 547, -1, -1, 286, 98, 181.0, 7, , 25, 0, 0, 0, , 0, 0, 0, 0, 0, 
507, 0, 548, -1, -1, 228, 50, 182.0, 8, , 19, 0, 0, 0, , 0, 0, 0, 0, 0, 
508, 0, 549, -1, -1, 135, 149, 189.0, 9, , 29, 0, 0, 0, , 0, 0, 0, 0, 0, 
509, 0, 550, -1, -1, 273, 80, 191.0, 8, , 14, 0, 0, 0, , 0, 0, 0, 0, 0, 
510, 0, 551, -1, -1, 267, 79, 189.0, 8, , 16, 0, 0, 0, , 0, 0, 0, 0, 0, 
511, 0, 552, -1, -1, 112, 113, 186.0, 9, , 61, 0, 0, 0, , 0, 0, 0, 0, 0, 
512, 0, 554, -1, -1, 207, 135, 190.0, 9, , 29, 0, 0, 0, , 0, 0, 0, 0, 0, 
513, 0, 555, -1, -1, 276, 118, 194.0, 8, , 17, 0, 0, 0, , 0, 0, 0, 0, 0, 
514, 0, 556, -1, -1, 161, 84, 196.0, 9, , 50, 0, 0, 0, , 0, 0, 0, 0, 0, 
515, 0, 557, -1, -1, 196, 110, 209.0, 8, , 30, 0, 0, 0, , 0, 0, 0, 0, 0, 
516, 0, 558, -1, -1, 225, 134, 209.0, 9, , 19, 0, 0, 0, , 0, 0, 0, 0, 0, 
517, 0, 559, -1, -1, 122, 102, 209.0, 9, , 72, 0, 0, 0, , 0, 0, 0, 0, 0, 
518, 0, 560, -1, -1, 242, 89, 210.0, 8, , 23, 0, 0, 0, , 0, 0, 0, 0, 0, 
519, 0, 561, -1, -1, 229, 43, 117.0, 8, , 5, 0, 0, 0, , 0, 0, 0, 0, 0, 
520, 0, 562, -1, -1, 216, 40, 134.0, 9, , 63, 0, 0, 0, , 0, 0, 0, 0, 0, 
521, 0, 563, -1, -1, 80, 101, 153.0, 7, , 15, 0, 0, 0, , 0, 0, 0, 0, 0, 
522, 0, 564, -1, -1, 276, 158, 160.0, 9, , 48, 0, 0, 0, , 0, 0, 0, 0, 0, 
523, 0, 565, -1, -1, 96, 129, 182.0, 7, , 25, 0, 0, 0, , 0, 0, 0, 0, 0, 
524, 0, 566, -1, -1, 293, 91, 179.0, 8, , 10, 0, 0, 0, , 0, 0, 0, 0, 0, 
525, 0, 567, -1, -1, 250, 84, 185.0, 8, , 29, 0, 0, 0, , 0, 0, 0, 0, 0, 
526, 0, 568, -1, -1, 198, 109, 196.0, 9, , 51, 0, 0, 0, , 0, 0, 0, 0, 0, 
527, 0, 569, -1, -1, 195, 111, 202.0, 8, , 23, 0, 0, 0, , 0, 0, 0, 0, 0, 
528, 0, 570, -1, -1, 100, 72, 147.0, 11, , 125, 0, 0, 0, , 0, 0, 0, 0, 0, 
529, 0, 571, -1, -1, 211, 46, 116.0, 7, , 14, 0, 0, 0, , 0, 0, 0, 0, 0, 
530, 0, 572, -1, -1, 283, 160, 137.0, 9, , 13, 0, 0, 0, , 0, 0, 0, 0, 0, 
531, 0, 573, -1, -1, 183, 43, 169.0, 8, , 14, 0, 0, 0, , 0, 0, 0, 0, 0, 
532, 0, 574, -1, -1, 113, 75, 132.0, 7, , 21, 0, 0, 0, , 0, 0, 0, 0, 0, 
533, 0, 575, -1, -1, 108, 77, 186.0, 8, , 60, 0, 0, 0, , 0, 0, 0, 0, 0, 
534, 0, 576, -1, -1, 202, 74, 200.0, 8, , 15, 0, 0, 0, , 0, 0, 0, 0, 0, 
535, 0, 577, -1, -1, 96, 119, 54.0, 7, , 5, 0, 0, 0, , 0, 0, 0, 0, 0, 
536, 0, 578, -1, -1, 136, 102, 57.0, 8, , 25, 0, 0, 0, , 0, 0, 0, 0, 0, 
537, 0, 579, -1, -1, 133, 147, 59.0, 8, , 8, 0, 0, 0, , 0, 0, 0, 0, 0, 
538, 0, 580, -1, -1, 93, 140, 79.0, 7, , 20, 0, 0, 0, , 0, 0, 0, 0, 0, 
539, 0, 581, -1, -1, 145, 166, 83.0, 9, , 26, 0, 0, 0, , 0, 0, 0, 0, 0, 
540, 0, 582, -1, -1, 97, 69, 88.0, 7, , 9, 0, 0, 0, , 0, 0, 0, 0, 0, 
541, 0, 583, -1, -1, 75, 93, 90.0, 9, , 54, 0, 0, 0, , 0, 0, 0, 0, 0, 
542, 0, 584, -1, -1, 89, 74, 89.0, 8, , 8, 0, 0, 0, , 0, 0, 0, 0, 0, 
543, 0, 585, -1, -1, 139, 166, 90.0, 7, , 17, 0, 0, 0, , 0, 0, 0, 0, 0, 
544, 0, 586, -1, -1, 178, 97, 95.0, 9, , 29, 0, 0, 0, , 0, 0, 0, 0, 0, 
545, 0, 587, -1, -1, 112, 163, 97.0, 7, , 16, 0, 0, 0, , 0, 0, 0, 0, 0, 
546, 0, 588, -1, -1, 146, 101, 99.0, 9, , 19, 0, 0, 0, , 0, 0, 0, 0, 0, 
547, 0, 589, -1, -1, 176, 97, 99.0, 11, , 58, 0, 0, 0, , 0, 0, 0, 0, 0, 
548, 0, 590, -1, -1, 177, 98, 103.0, 13, , 113, 0, 0, 0, , 0, 0, 0, 0, 0, 
549, 0, 591, -1, -1, 77, 128, 108.0, 8, , 12, 0, 0, 0, , 0, 0, 0, 0, 0, 
550, 0, 592, -1, -1, 151, 163, 107.0, 8, , 21, 0, 0, 0, , 0, 0, 0, 0, 0, 
551, 0, 593, -1, -1, 155, 168, 110.0, 8, , 8, 0, 0, 0, , 0, 0, 0, 0, 0, 
552, 0, 594, -1, -1, 84, 101, 116.0, 9, , 28, 0, 0, 0, , 0, 0, 0, 0, 0, 
553, 0, 595, -1, -1, 106, 42, 116.0, 7, , 27, 0, 0, 0, , 0, 0, 0, 0, 0, 
554, 0, 596, -1, -1, 213, 176, 119.0, 9, , 31, 0, 0, 0, , 0, 0, 0, 0, 0, 
555, 0, 597, -1, -1, 258, 166, 123.0, 7, , 29, 0, 0, 0, , 0, 0, 0, 0, 0, 
556, 0, 598, -1, -1, 135, 126, 127.0, 7, , 21, 0, 0, 0, , 0, 0, 0, 0, 0, 
557, 0, 600, -1, -1, 105, 175, 129.0, 9, , 48, 0, 0, 0, , 0, 0, 0, 0, 0, 
558, 0, 601, -1, -1, 92, 55, 131.0, 8, , 3, 0, 0, 0, , 0, 0, 0, 0, 0, 
559, 0, 602, -1, -1, 238, 171, 132.0, 8, , 11, 0, 0, 0, , 0, 0, 0, 0, 0, 
560, 0, 603, -1, -1, 62, 112, 133.0, 8, , 18, 0, 0, 0, , 0, 0, 0, 0, 0, 
561, 0, 604, -1, -1, 152, 97, 136.0, 7, , 21, 0, 0, 0, , 0, 0, 0, 0, 0, 
562, 0, 605, -1, -1, 111, 75, 135.0, 9, , 31, 0, 0, 0, , 0, 0, 0, 0, 0, 
563, 0, 606, -1, -1, 96, 117, 140.0, 8, , 16, 0, 0, 0, , 0, 0, 0, 0, 0, 
564, 0, 607, -1, -1, 100, 173, 139.0, 8, , 7, 0, 0, 0, , 0, 0, 0, 0, 0, 
565, 0, 608, -1, -1, 161, 98, 140.0, 7, , 11, 0, 0, 0, , 0, 0, 0, 0, 0, 
566, 0, 609, -1, -1, 291, 165, 139.0, 8, , 18, 0, 0, 0, , 0, 0, 0, 0, 0, 
567, 0, 610, -1, -1, 171, 29, 144.0, 9, , 21, 0, 0, 0, , 0, 0, 0, 0, 0, 
568, 0, 611, -1, -1, 193, 178, 144.0, 9, , 41, 0, 0, 0, , 0, 0, 0, 0, 0, 
569, 0, 612, -1, -1, 78, 105, 146.0, 9, , 34, 0, 0, 0, , 0, 0, 0, 0, 0, 
570, 0, 613, -1, -1, 86, 103, 146.0, 7, , 31, 0, 0, 0, , 0, 0, 0, 0, 0, 
571, 0, 614, -1, -1, 53, 114, 147.0, 7, , 13, 0, 0, 0, , 0, 0, 0, 0, 0, 
572, 0, 615, -1, -1, 44, 110, 148.0, 7, , 16, 0, 0, 0, , 0, 0, 0, 0, 0, 
573, 0, 616, -1, -1, 84, 110, 149.0, 7, , 30, 0, 0, 0, , 0, 0, 0, 0, 0, 
574, 0, 617, -1, -1, 107, 136, 158.0, 7, , 45, 0, 0, 0, , 0, 0, 0, 0, 0, 
575, 0, 618, -1, -1, 297, 61, 157.0, 9, , 36, 0, 0, 0, , 0, 0, 0, 0, 0, 
576, 0, 619, -1, -1, 119, 168, 159.0, 9, , 23, 0, 0, 0, , 0, 0, 0, 0, 0, 
577, 0, 620, -1, -1, 278, 157, 163.0, 9, , 27, 0, 0, 0, , 0, 0, 0, 0, 0, 
578, 0, 621, -1, -1, 299, 73, 166.0, 7, , 23, 0, 0, 0, , 0, 0, 0, 0, 0, 
579, 0, 623, -1, -1, 80, 141, 167.0, 9, , 101, 0, 0, 0, , 0, 0, 0, 0, 0, 
580, 0, 624, -1, -1, 80, 136, 171.0, 9, , 41, 0, 0, 0, , 0, 0, 0, 0, 0, 
581, 0, 625, -1, -1, 58, 99, 172.0, 8, , 37, 0, 0, 0, , 0, 0, 0, 0, 0, 
582, 0, 626, -1, -1, 126, 84, 177.0, 7, , 19, 0, 0, 0, , 0, 0, 0, 0, 0, 
583, 0, 627, -1, -1, 267, 58, 176.0, 9, , 30, 0, 0, 0, , 0, 0, 0, 0, 0, 
584, 0, 629, -1, -1, 113, 136, 181.0, 7, , 11, 0, 0, 0, , 0, 0, 0, 0, 0, 
585, 0, 630, -1, -1, 138, 166, 181.0, 8, , 3, 0, 0, 0, , 0, 0, 0, 0, 0, 
586, 0, 631, -1, -1, 295, 130, 181.0, 7, , 40, 0, 0, 0, , 0, 0, 0, 0, 0, 
587, 0, 632, -1, -1, 177, 124, 184.0, 9, , 11, 0, 0, 0, , 0, 0, 0, 0, 0, 
588, 0, 633, -1, -1, 102, 143, 184.0, 7, , 25, 0, 0, 0, , 0, 0, 0, 0, 0, 
589, 0, 634, -1, -1, 162, 49, 186.0, 11, , 103, 0, 0, 0, , 0, 0, 0, 0, 0, 
590, 0, 635, -1, -1, 269, 71, 187.0, 8, , 6, 0, 0, 0, , 0, 0, 0, 0, 0, 
591, 0, 636, -1, -1, 283, 92, 186.0, 7, , 20, 0, 0, 0, , 0, 0, 0, 0, 0, 
592, 0, 637, -1, -1, 119, 97, 190.0, 9, , 86, 0, 0, 0, , 0, 0, 0, 0, 0, 
593, 0, 638, -1, -1, 243, 58, 189.0, 11, , 82, 0, 0, 0, , 0, 0, 0, 0, 0, 
594, 0, 639, -1, -1, 262, 130, 189.0, 11, , 41, 0, 0, 0, , 0, 0, 0, 0, 0, 
595, 0, 640, -1, -1, 114, 94, 193.0, 7, , 31, 0, 0, 0, , 0, 0, 0, 0, 0, 
596, 0, 641, -1, -1, 137, 111, 195.0, 9, , 107, 0, 0, 0, , 0, 0, 0, 0, 0, 
597, 0, 642, -1, -1, 190, 57, 193.0, 7, , 34, 0, 0, 0, , 0, 0, 0, 0, 0, 
598, 0, 643, -1, -1, 137, 149, 198.0, 9, , 10, 0, 0, 0, , 0, 0, 0, 0, 0, 
599, 0, 644, -1, -1, 209, 92, 198.0, 8, , 75, 0, 0, 0, , 0, 0, 0, 0, 0, 
600, 0, 645, -1, -1, 124, 127, 202.0, 8, , 41, 0, 0, 0, , 0, 0, 0, 0, 0, 
601, 0, 646, -1, -1, 172, 64, 202.0, 9, , 84, 0, 0, 0, , 0, 0, 0, 0, 0, 
602, 0, 647, -1, -1, 164, 110, 204.0, 9, , 42, 0, 0, 0, , 0, 0, 0, 0, 0, 
603, 0, 648, -1, -1, 141, 131, 208.0, 7, , 33, 0, 0, 0, , 0, 0, 0, 0, 0, 
604, 0, 649, -1, -1, 206, 134, 68.0, 9, , 28, 0, 0, 0, , 0, 0, 0, 0, 0, 
605, 0, 650, -1, -1, 69, 138, 98.0, 9, , 41, 0, 0, 0, , 0, 0, 0, 0, 0, 
606, 0, 651, -1, -1, 190, 37, 144.0, 7, , 28, 0, 0, 0, , 0, 0, 0, 0, 0, 
607, 0, 652, -1, -1, 173, 34, 148.0, 9, , 25, 0, 0, 0, , 0, 0, 0, 0, 0, 
608, 0, 653, -1, -1, 97, 72, 151.0, 9, , 54, 0, 0, 0, , 0, 0, 0, 0, 0, 
609, 0, 654, -1, -1, 60, 108, 171.0, 8, , 51, 0, 0, 0, , 0, 0, 0, 0, 0, 
610, 0, 655, -1, -1, 289, 128, 173.0, 9, , 50, 0, 0, 0, , 0, 0, 0, 0, 0, 
611, 0, 656, -1, -1, 119, 144, 181.0, 9, , 58, 0, 0, 0, , 0, 0, 0, 0, 0, 
612, 0, 657, -1, -1, 160, 48, 183.0, 7, , 36, 0, 0, 0, , 0, 0, 0, 0, 0, 
613, 0, 658, -1, -1, 290, 93, 186.0, 8, , 21, 0, 0, 0, , 0, 0, 0, 0, 0, 
614, 0, 659, -1, -1, 138, 90, 187.0, 7, , 16, 0, 0, 0, , 0, 0, 0, 0, 0, 
615, 0, 660, -1, -1, 136, 113, 192.0, 7, , 14, 0, 0, 0, , 0, 0, 0, 0, 0, 
616, 0, 661, -1, -1, 165, 141, 196.0, 8, , 64, 0, 0, 0, , 0, 0, 0, 0, 0, 
617, 0, 662, -1, -1, 116, 95, 205.0, 7, , 44, 0, 0, 0, , 0, 0, 0, 0, 0, 
618, 0, 663, -1, -1, 141, 131, 206.0, 7, , 32, 0, 0, 0, , 0, 0, 0, 0, 0, 
619, 0, 664, -1, -1, 183, 40, 144.0, 7, , 23, 0, 0, 0, , 0, 0, 0, 0, 0, 
620, 0, 665, -1, -1, 163, 109, 198.0, 9, , 44, 0, 0, 0, , 0, 0, 0, 0, 0, 
621, 0, -1, -1, -1, 307, 163, 134.0, 13, , 52, 0, 0, 0, , 0, 0, 0, 0, 0, 
622, 0, -1, -1, -1, 156, 97, 144.0, 11, , 83, 0, 0, 0, , 0, 0, 0, 0, 0, 
623, 0, -1, -1, -1, 132, 87, 177.0, 8, , 23, 0, 0, 0, , 0, 0, 0, 0, 0, 
624, 0, -1, -1, -1, 95, 122, 192.0, 11, , 220, 0, 0, 0, , 0, 0, 0, 0, 0, 
625, 0, -1, -1, -1, 113, 89, 108.0, 8, , 30, 0, 0, 0, , 0, 0, 0, 0, 0, 
626, 0, -1, -1, -1, 225, 50, 145.0, 8, , 116, 0, 0, 0, , 0, 0, 0, 0, 0, 
627, 0, -1, -1, -1, 99, 124, 188.0, 8, , 39, 0, 0, 0, , 0, 0, 0, 0, 0, 
628, 0, -1, -1, -1, 95, 139, 75.0, 8, , 9, 0, 0, 0, , 0, 0, 0, 0, 0, 
629, 0, -1, -1, -1, 107, 65, 79.0, 8, , 9, 0, 0, 0, , 0, 0, 0, 0, 0, 
630, 0, -1, -1, -1, 89, 69, 84.0, 9, , 54, 0, 0, 0, , 0, 0, 0, 0, 0, 
631, 0, -1, -1, -1, 99, 157, 84.0, 8, , 11, 0, 0, 0, , 0, 0, 0, 0, 0, 
632, 0, -1, -1, -1, 167, 129, 84.0, 9, , 7, 0, 0, 0, , 0, 0, 0, 0, 0, 
633, 0, -1, -1, -1, 167, 50, 87.0, 8, , 11, 0, 0, 0, , 0, 0, 0, 0, 0, 
634, 0, -1, -1, -1, 169, 121, 87.0, 8, , 5, 0, 0, 0, , 0, 0, 0, 0, 0, 
635, 0, -1, -1, -1, 146, 168, 89.0, 7, , 23, 0, 0, 0, , 0, 0, 0, 0, 0, 
636, 0, -1, -1, -1, 70, 147, 90.0, 9, , 31, 0, 0, 0, , 0, 0, 0, 0, 0, 
637, 0, -1, -1, -1, 97, 73, 91.0, 9, , 45, 0, 0, 0, , 0, 0, 0, 0, 0, 
638, 0, -1, -1, -1, 74, 93, 96.0, 11, , 68, 0, 0, 0, , 0, 0, 0, 0, 0, 
639, 0, -1, -1, -1, 80, 158, 97.0, 7, , 11, 0, 0, 0, , 0, 0, 0, 0, 0, 
640, 0, -1, -1, -1, 85, 161, 98.0, 7, , 11, 0, 0, 0, , 0, 0, 0, 0, 0, 
641, 0, -1, -1, -1, 96, 52, 101.0, 8, , 33, 0, 0, 0, , 0, 0, 0, 0, 0, 
642, 0, -1, -1, -1, 195, 41, 102.0, 8, , 2, 0, 0, 0, , 0, 0, 0, 0, 0, 
643, 0, -1, -1, -1, 169, 39, 105.0, 8, , 15, 0, 0, 0, , 0, 0, 0, 0, 0, 
644, 0, -1, -1, -1, 109, 166, 110.0, 9, , 33, 0, 0, 0, , 0, 0, 0, 0, 0, 
645, 0, -1, -1, -1, 195, 115, 111.0, 7, , 18, 0, 0, 0, , 0, 0, 0, 0, 0, 
646, 0, -1, -1, -1, 111, 84, 112.0, 8, , 13, 0, 0, 0, , 0, 0, 0, 0, 0, 
647, 0, -1, -1, -1, 133, 172, 114.0, 8, , 18, 0, 0, 0, , 0, 0, 0, 0, 0, 
648, 0, -1, -1, -1, 73, 124, 116.0, 7, , 5, 0, 0, 0, , 0, 0, 0, 0, 0, 
649, 0, -1, -1, -1, 168, 164, 117.0, 8, , 6, 0, 0, 0, , 0, 0, 0, 0, 0, 
650, 0, -1, -1, -1, 188, 120, 117.0, 8, , 8, 0, 0, 0, , 0, 0, 0, 0, 0, 
651, 0, -1, -1, -1, 104, 40, 119.0, 9, , 44, 0, 0, 0, , 0, 0, 0, 0, 0, 
652, 0, -1, -1, -1, 61, 155, 120.0, 8, , 13, 0, 0, 0, , 0, 0, 0, 0, 0, 
653, 0, -1, -1, -1, 223, 171, 121.0, 8, , 4, 0, 0, 0, , 0, 0, 0, 0, 0, 
654, 0, -1, -1, -1, 134, 36, 123.0, 9, , 34, 0, 0, 0, , 0, 0, 0, 0, 0, 
655, 0, -1, -1, -1, 193, 122, 126.0, 7, , 4, 0, 0, 0, , 0, 0, 0, 0, 0, 
656, 0, -1, -1, -1, 57, 140, 127.0, 9, , 24, 0, 0, 0, , 0, 0, 0, 0, 0, 
657, 0, -1, -1, -1, 257, 165, 127.0, 8, , 3, 0, 0, 0, , 0, 0, 0, 0, 0, 
658, 0, -1, -1, -1, 42, 91, 130.0, 8, , 14, 0, 0, 0, , 0, 0, 0, 0, 0, 
659, 0, -1, -1, -1, 133, 126, 131.0, 8, , 25, 0, 0, 0, , 0, 0, 0, 0, 0, 
660, 0, -1, -1, -1, 195, 178, 132.0, 8, , 24, 0, 0, 0, , 0, 0, 0, 0, 0, 
661, 0, -1, -1, -1, 57, 78, 134.0, 8, , 2, 0, 0, 0, , 0, 0, 0, 0, 0, 
662, 0, -1, -1, -1, 48, 96, 135.0, 7, , 25, 0, 0, 0, , 0, 0, 0, 0, 0, 
663, 0, -1, -1, -1, 238, 170, 136.0, 7, , 4, 0, 0, 0, , 0, 0, 0, 0, 0, 
664, 0, -1, -1, -1, 55, 144, 137.0, 9, , 40, 0, 0, 0, , 0, 0, 0, 0, 0, 
665, 0, -1, -1, -1, 69, 92, 137.0, 8, , 26, 0, 0, 0, , 0, 0, 0, 0, 0, 
666, 0, -1, -1, -1, 326, 143, 137.0, 11, , 63, 0, 0, 0, , 0, 0, 0, 0, 0, 
667, 0, -1, -1, -1, 234, 101, 140.0, 9, , 15, 0, 0, 0, , 0, 0, 0, 0, 0, 
668, 0, -1, -1, -1, 147, 29, 141.0, 7, , 31, 0, 0, 0, , 0, 0, 0, 0, 0, 
669, 0, -1, -1, -1, 167, 179, 141.0, 7, , 23, 0, 0, 0, , 0, 0, 0, 0, 0, 
670, 0, -1, -1, -1, 110, 135, 142.0, 9, , 35, 0, 0, 0, , 0, 0, 0, 0, 0, 
671, 0, -1, -1, -1, 45, 109, 144.0, 7, , 22, 0, 0, 0, , 0, 0, 0, 0, 0, 
672, 0, -1, -1, -1, 117, 161, 144.0, 9, , 20, 0, 0, 0, , 0, 0, 0, 0, 0, 
673, 0, -1, -1, -1, 73, 121, 145.0, 11, , 164, 0, 0, 0, , 0, 0, 0, 0, 0, 
674, 0, -1, -1, -1, 283, 166, 147.0, 7, , 23, 0, 0, 0, , 0, 0, 0, 0, 0, 
675, 0, -1, -1, -1, 314, 70, 149.0, 8, , 17, 0, 0, 0, , 0, 0, 0, 0, 0, 
676, 0, -1, -1, -1, 257, 170, 151.0, 8, , 31, 0, 0, 0, , 0, 0, 0, 0, 0, 
677, 0, -1, -1, -1, 50, 110, 152.0, 8, , 7, 0, 0, 0, , 0, 0, 0, 0, 0, 
678, 0, -1, -1, -1, 93, 88, 157.0, 8, , 9, 0, 0, 0, , 0, 0, 0, 0, 0, 
679, 0, -1, -1, -1, 277, 157, 167.0, 9, , 35, 0, 0, 0, , 0, 0, 0, 0, 0, 
680, 0, -1, -1, -1, 126, 146, 170.0, 7, , 7, 0, 0, 0, , 0, 0, 0, 0, 0, 
681, 0, -1, -1, -1, 192, 147, 174.0, 7, , 19, 0, 0, 0, , 0, 0, 0, 0, 0, 
682, 0, -1, -1, -1, 119, 145, 176.0, 8, , 22, 0, 0, 0, , 0, 0, 0, 0, 0, 
683, 0, -1, -1, -1, 131, 121, 176.0, 8, , 22, 0, 0, 0, , 0, 0, 0, 0, 0, 
684, 0, -1, -1, -1, 287, 98, 176.0, 8, , 14, 0, 0, 0, , 0, 0, 0, 0, 0, 
685, 0, -1, -1, -1, 82, 71, 180.0, 7, , 21, 0, 0, 0, , 0, 0, 0, 0, 0, 
686, 0, -1, -1, -1, 296, 109, 181.0, 8, , 17, 0, 0, 0, , 0, 0, 0, 0, 0, 
687, 0, -1, -1, -1, 287, 140, 182.0, 9, , 31, 0, 0, 0, , 0, 0, 0, 0, 0, 
688, 0, -1, -1, -1, 125, 52, 184.0, 7, , 20, 0, 0, 0, , 0, 0, 0, 0, 0, 
689, 0, -1, -1, -1, 276, 76, 184.0, 9, , 37, 0, 0, 0, , 0, 0, 0, 0, 0, 
690, 0, -1, -1, -1, 139, 92, 185.0, 7, , 28, 0, 0, 0, , 0, 0, 0, 0, 0, 
691, 0, -1, -1, -1, 122, 60, 186.0, 7, , 8, 0, 0, 0, , 0, 0, 0, 0, 0, 
692, 0, -1, -1, -1, 138, 51, 188.0, 7, , 14, 0, 0, 0, , 0, 0, 0, 0, 0, 
693, 0, -1, -1, -1, 186, 76, 188.0, 7, , 37, 0, 0, 0, , 0, 0, 0, 0, 0, 
694, 0, -1, -1, -1, 151, 118, 190.0, 7, , 32, 0, 0, 0, , 0, 0, 0, 0, 0, 
695, 0, -1, -1, -1, 220, 164, 191.0, 9, , 6, 0, 0, 0, , 0, 0, 0, 0, 0, 
696, 0, -1, -1, -1, 167, 93, 192.0, 7, , 42, 0, 0, 0, , 0, 0, 0, 0, 0, 
697, 0, -1, -1, -1, 175, 126, 192.0, 8, , 29, 0, 0, 0, , 0, 0, 0, 0, 0, 
698, 0, -1, -1, -1, 154, 84, 200.0, 9, , 37, 0, 0, 0, , 0, 0, 0, 0, 0, 
699, 0, -1, -1, -1, 152, 64, 201.0, 9, , 62, 0, 0, 0, , 0, 0, 0, 0, 0, 
700, 0, -1, -1, -1, 250, 121, 201.0, 8, , 15, 0, 0, 0, , 0, 0, 0, 0, 0, 
701, 0, -1, -1, -1, 181, 121, 204.0, 8, , 11, 0, 0, 0, , 0, 0, 0, 0, 0, 
702, 0, -1, -1, -1, 123, 127, 205.0, 7, , 51, 0, 0, 0, , 0, 0, 0, 0, 0, 
703, 0, -1, -1, -1, 171, 125, 206.0, 7, , 11, 0, 0, 0, , 0, 0, 0, 0, 0, 
704, 0, -1, -1, -1, 158, 136, 207.0, 9, , 16, 0, 0, 0, , 0, 0, 0, 0, 0, 
705, 0, -1, -1, -1, 115, 96, 208.0, 7, , 28, 0, 0, 0, , 0, 0, 0, 0, 0, 
706, 0, -1, -1, -1, 114, 90, 101.0, 8, , 21, 0, 0, 0, , 0, 0, 0, 0, 0, 
707, 0, -1, -1, -1, 160, 90, 117.0, 7, , 13, 0, 0, 0, , 0, 0, 0, 0, 0, 
708, 0, -1, -1, -1, 213, 39, 131.0, 11, , 55, 0, 0, 0, , 0, 0, 0, 0, 0, 
709, 0, -1, -1, -1, 173, 34, 141.0, 9, , 21, 0, 0, 0, , 0, 0, 0, 0, 0, 
710, 0, -1, -1, -1, 145, 30, 143.0, 9, , 53, 0, 0, 0, , 0, 0, 0, 0, 0, 
711, 0, -1, -1, -1, 87, 75, 167.0, 7, , 25, 0, 0, 0, , 0, 0, 0, 0, 0, 
712, 0, -1, -1, -1, 267, 55, 167.0, 7, , 8, 0, 0, 0, , 0, 0, 0, 0, 0, 
713, 0, -1, -1, -1, 238, 59, 185.0, 9, , 47, 0, 0, 0, , 0, 0, 0, 0, 0, 
714, 0, -1, -1, -1, 294, 129, 186.0, 9, , 68, 0, 0, 0, , 0, 0, 0, 0, 0, 
715, 0, -1, -1, -1, 203, 73, 189.0, 9, , 41, 0, 0, 0, , 0, 0, 0, 0, 0, 
716, 0, -1, -1, -1, 156, 78, 190.0, 8, , 19, 0, 0, 0, , 0, 0, 0, 0, 0, 
717, 0, -1, -1, -1, 254, 81, 190.0, 8, , 7, 0, 0, 0, , 0, 0, 0, 0, 0, 
718, 0, -1, -1, -1, 190, 57, 191.0, 7, , 20, 0, 0, 0, , 0, 0, 0, 0, 0, 
719, 0, -1, -1, -1, 232, 103, 193.0, 9, , 15, 0, 0, 0, , 0, 0, 0, 0, 0, 
720, 0, -1, -1, -1, 153, 64, 197.0, 11, , 51, 0, 0, 0, , 0, 0, 0, 0, 0, 
721, 0, -1, -1, -1, 116, 101, 201.0, 7, , 33, 0, 0, 0, , 0, 0, 0, 0, 0, 
722, 0, -1, -1, -1, 230, 76, 206.0, 9, , 25, 0, 0, 0, , 0, 0, 0, 0, 0, 
723, 0, -1, -1, -1, 194, 42, 106.0, 8, , 16, 0, 0, 0, , 0, 0, 0, 0, 0, 
724, 0, -1, -1, -1, 310, 75, 140.0, 9, , 9, 0, 0, 0, , 0, 0, 0, 0, 0, 
725, 1, 666, 769, -1, 257, 89, 131.0, 22, Eprp, 0, 0, 0, 0, , 0, 0, 0, 0, 0, 
726, 0, 667, -1, -1, 136, 35, 129.0, 15, , 0, 0, 0, 0, , 0, 0, 0, 0, 0, 
727, 1, 669, 774, -1, 163, 111, 202.0, 13, ABarappaap, 0, 0, 0, 0, , 0, 0, 0, 0, 0, 
728, 1, 668, 771, -1, 136, 111, 199.0, 15, ABarappaaa, 0, 0, 0, 0, , 0, 0, 0, 0, 0, 
729, 1, 670, 772, -1, 153, 93, 211.0, 15, ABarappapa, 0, 0, 0, 0, , 0, 0, 0, 0, 0, 
730, 1, 671, 773, -1, 179, 108, 212.0, 13, ABarappapp, 0, 0, 0, 0, , 0, 0, 0, 0, 0, 
731, 0, 672, -1, -1, 118, 99, 206.0, 12, , 0, 0, 0, 0, , 0, 0, 0, 0, 0, 
732, 1, 673, 775, -1, 119, 100, 207.0, 12, ABarapppaa, 0, 0, 0, 0, , 0, 0, 0, 0, 0, 
733, 1, 674, 776, -1, 144, 94, 186.0, 16, ABarapppap, 0, 0, 0, 0, , 0, 0, 0, 0, 0, 
734, 1, 675, 777, -1, 135, 87, 204.0, 15, ABarappppa, 0, 0, 0, 0, , 0, 0, 0, 0, 0, 
735, 1, 676, 778, -1, 157, 82, 193.0, 17, ABarappppp, 0, 0, 0, 0, , 0, 0, 0, 0, 0, 
736, 1, 677, 779, -1, 95, 124, 189.0, 15, ABarapaaaa, 0, 0, 0, 0, , 0, 0, 0, 0, 0, 
737, 1, 678, 780, -1, 121, 125, 202.0, 17, ABarapaaap, 0, 0, 0, 0, , 0, 0, 0, 0, 0, 
738, 1, 679, 781, -1, 115, 114, 184.0, 13, ABarapaapa, 0, 0, 0, 0, , 0, 0, 0, 0, 0, 
739, 1, 680, 782, -1, 132, 125, 180.0, 16, ABarapaapp, 0, 0, 0, 0, , 0, 0, 0, 0, 0, 
740, 1, 681, 783, -1, 137, 131, 202.0, 15, ABarapapaa, 0, 0, 0, 0, , 0, 0, 0, 0, 0, 
741, 1, 682, 784, -1, 162, 138, 200.0, 14, ABarapapap, 0, 0, 0, 0, , 0, 0, 0, 0, 0, 
742, 1, 683, 785, -1, 152, 121, 182.0, 14, ABarapappa, 0, 0, 0, 0, , 0, 0, 0, 0, 0, 
743, 1, 684, 786, -1, 177, 129, 187.0, 17, ABarapappp, 0, 0, 0, 0, , 0, 0, 0, 0, 0, 
744, 1, 685, 787, -1, 72, 121, 150.0, 14, ABaraapaaa, 0, 0, 0, 0, , 0, 0, 0, 0, 0, 
745, 1, 686, 788, -1, 99, 117, 145.0, 16, ABaraapaap, 0, 0, 0, 0, , 0, 0, 0, 0, 0, 
746, 1, 687, 789, -1, 106, 135, 140.0, 14, ABaraapapa, 0, 0, 0, 0, , 0, 0, 0, 0, 0, 
747, 1, 688, 790, -1, 134, 130, 132.0, 14, ABaraapapp, 0, 0, 0, 0, , 0, 0, 0, 0, 0, 
748, 1, 689, 791, -1, 107, 107, 160.0, 15, ABaraappaa, 0, 0, 0, 0, , 0, 0, 0, 0, 0, 
749, 1, 690, 792, -1, 127, 115, 149.0, 17, ABaraappap, 0, 0, 0, 0, , 0, 0, 0, 0, 0, 
750, 1, 691, 793, -1, 137, 103, 160.0, 17, ABaraapppa, 0, 0, 0, 0, , 0, 0, 0, 0, 0, 
751, 1, 692, 794, -1, 155, 96, 141.0, 16, ABaraapppp, 0, 0, 0, 0, , 0, 0, 0, 0, 0, 
752, 1, 693, 795, -1, 68, 121, 174.0, 15, ABaraaapaa, 0, 0, 0, 0, , 0, 0, 0, 0, 0, 
753, 1, 694, 796, -1, 88, 111, 175.0, 17, ABaraaapap, 0, 0, 0, 0, , 0, 0, 0, 0, 0, 
754, 1, 696, 797, -1, 91, 103, 193.0, 15, ABaraaappa, 0, 0, 0, 0, , 0, 0, 0, 0, 0, 
755, 1, 695, 798, -1, 116, 97, 192.0, 14, ABaraaappp, 0, 0, 0, 0, , 0, 0, 0, 0, 0, 
756, 1, 697, 799, -1, 63, 105, 165.0, 15, ABaraaaaa, 0, 0, 0, 0, , 0, 0, 0, 0, 0, 
757, 1, 698, 800, -1, 82, 105, 152.0, 16, ABaraaaap, 0, 0, 0, 0, , 0, 0, 0, 0, 0, 
758, 1, 699, 801, 802, 110, 133, 161.0, 15, ABalpaaap, 0, 0, 0, 0, , 0, 0, 0, 0, 0, 
759, 1, 700, 803, -1, 77, 141, 177.0, 15, ABalpaaaa, 0, 0, 0, 0, , 0, 0, 0, 0, 0, 
760, 1, 701, 804, -1, 58, 129, 157.0, 15, ABalpaapaa, 0, 0, 0, 0, , 0, 0, 0, 0, 0, 
761, 1, 702, 805, -1, 88, 139, 147.5, 18, ABalpaapap, 0, 0, 0, 0, , 0, 0, 0, 0, 0, 
762, 1, 703, 806, -1, 69, 152, 144.0, 12, ABalpaappa, 0, 0, 0, 0, , 0, 0, 0, 0, 0, 
763, 1, 704, 807, -1, 93, 163, 137.0, 15, ABalpaappp, 0, 0, 0, 0, , 0, 0, 0, 0, 0, 
764, 1, 705, 808, -1, 117, 141, 180.0, 15, ABalpappaa, 0, 0, 0, 0, , 0, 0, 0, 0, 0, 
765, 1, 706, 809, -1, 139, 150, 189.0, 17, ABalpappap, 0, 0, 0, 0, , 0, 0, 0, 0, 0, 
766, 1, 707, 810, -1, 128, 148, 163.0, 15, ABalpapppa, 0, 0, 0, 0, , 0, 0, 0, 0, 0, 
767, 1, 708, 811, -1, 158, 146, 174.0, 17, ABalpapppp, 0, 0, 0, 0, , 0, 0, 0, 0, 0, 
768, 1, 709, 812, -1, 69, 152, 113.0, 17, ABalppaaa, 0, 0, 0, 0, , 0, 0, 0, 0, 0, 
769, 1, 710, 813, -1, 86, 161, 104.0, 17, ABalppaap, 0, 0, 0, 0, , 0, 0, 0, 0, 0, 
770, 1, 711, 814, -1, 104, 173, 131.0, 15, ABalppapaa, 0, 0, 0, 0, , 0, 0, 0, 0, 0, 
771, 1, 712, 815, -1, 126, 179, 137.0, 14, ABalppapap, 0, 0, 0, 0, , 0, 0, 0, 0, 0, 
772, 1, 713, 816, -1, 121, 159, 140.0, 15, ABalppappa, 0, 0, 0, 0, , 0, 0, 0, 0, 0, 
773, 1, 714, 817, -1, 86, 157, 161.0, 15, ABalpapaaa, 0, 0, 0, 0, , 0, 0, 0, 0, 0, 
774, 1, 715, 818, -1, 99, 147, 184.0, 15, ABalpapaap, 0, 0, 0, 0, , 0, 0, 0, 0, 0, 
775, 1, 716, 819, -1, 114, 165, 161.0, 15, ABalpapapa, 0, 0, 0, 0, , 0, 0, 0, 0, 0, 
776, 1, 717, 820, -1, 137, 164, 172.0, 14, ABalpapapp, 0, 0, 0, 0, , 0, 0, 0, 0, 0, 
777, 1, 718, 821, -1, 144, 169, 154.0, 17, ABalppappp, 0, 0, 0, 0, , 0, 0, 0, 0, 0, 
778, 1, 719, 822, -1, 70, 143, 96.0, 17, ABalpppaaa, 0, 0, 0, 0, , 0, 0, 0, 0, 0, 
779, 1, 720, 823, -1, 143, 137, 88.0, 13, ABalpppppp, 0, 0, 0, 0, , 0, 0, 0, 0, 0, 
780, 1, 721, 824, -1, 125, 135, 65.8, 15, ABalpppppa, 0, 0, 0, 0, , 0, 0, 0, 0, 0, 
781, 0, 722, -1, -1, 94, 125, 87.0, 15, , 0, 0, 0, 0, , 0, 0, 0, 0, 0, 
782, 1, 723, 826, -1, 125, 127, 89.5, 16, ABalppppap, 0, 0, 0, 0, , 0, 0, 0, 0, 0, 
783, 1, 724, 827, -1, 90, 145, 80.0, 12, ABalpppaap, 0, 0, 0, 0, , 0, 0, 0, 0, 0, 
784, 1, 725, 828, -1, 101, 159, 83.0, 11, ABalpppapa, 0, 0, 0, 0, , 0, 0, 0, 0, 0, 
785, 0, 726, -1, -1, 120, 154, 71.71429, 12, , 0, 0, 0, 0, , 0, 0, 0, 0, 0, 
786, 1, 727, 830, -1, 41, 107, 124.0, 14, ABalaaapar, 0, 0, 0, 0, , 0, 0, 0, 0, 0, 
787, 1, 728, 831, -1, 47, 129, 119.0, 14, ABalaaapal, 0, 0, 0, 0, , 0, 0, 0, 0, 0, 
788, 1, 729, 832, -1, 45, 95, 131.0, 12, ABalaaappl, 0, 0, 0, 0, , 0, 0, 0, 0, 0, 
789, 1, 730, 833, -1, 62, 79, 135.0, 13, ABalaaappr, 0, 0, 0, 0, , 0, 0, 0, 0, 0, 
790, 1, 731, 834, -1, 75, 87, 177.0, 17, ABalaapaa, 0, 0, 0, 0, , 0, 0, 0, 0, 0, 
791, 0, 732, -1, -1, 92, 81, 180.56667, 14, , 0, 0, 0, 0, , 0, 0, 0, 0, 0, 
792, 1, 733, 836, -1, 87, 73, 177.0, 17, ABalaapap, 0, 0, 0, 0, , 0, 0, 0, 0, 0, 
793, 1, 734, 837, -1, 51, 108, 149.0, 17, ABalaaaar, 0, 0, 0, 0, , 0, 0, 0, 0, 0, 
794, 1, 735, 838, -1, 56, 140, 136.0, 17, ABalaaaal, 0, 0, 0, 0, , 0, 0, 0, 0, 0, 
795, 1, 736, 839, -1, 78, 72, 151.0, 17, ABalaappa, 0, 0, 0, 0, , 0, 0, 0, 0, 0, 
796, 1, 737, 840, -1, 68, 67, 127.0, 14, ABalaapppa, 0, 0, 0, 0, , 0, 0, 0, 0, 0, 
797, 1, 738, 841, -1, 97, 55, 132.0, 14, ABalaapppp, 0, 0, 0, 0, , 0, 0, 0, 0, 0, 
798, 1, 739, 842, -1, 77, 125, 112.0, 17, ABalapaapa, 0, 0, 0, 0, , 0, 0, 0, 0, 0, 
799, 1, 740, 843, -1, 95, 125, 88.0, 17, ABalapaapp, 0, 0, 0, 0, , 0, 0, 0, 0, 0, 
800, 1, 741, 844, -1, 57, 122, 106.0, 17, ABalapaaaa, 0, 0, 0, 0, , 0, 0, 0, 0, 0, 
801, 1, 742, 845, -1, 78, 113, 91.0, 14, ABalapaaap, 0, 0, 0, 0, , 0, 0, 0, 0, 0, 
802, 1, 743, 846, -1, 97, 105, 73.0, 15, ABalapapap, 0, 0, 0, 0, , 0, 0, 0, 0, 0, 
803, 1, 744, 847, -1, 75, 94, 94.0, 15, ABalapapaa, 0, 0, 0, 0, , 0, 0, 0, 0, 0, 
804, 1, 745, 848, -1, 114, 109, 80.0, 14, ABalapappa, 0, 0, 0, 0, , 0, 0, 0, 0, 0, 
805, 1, 746, 849, -1, 148, 111, 74.0, 14, ABalapappp, 0, 0, 0, 0, , 0, 0, 0, 0, 0, 
806, 1, 747, 850, -1, 61, 102, 112.0, 17, ABalappaa, 0, 0, 0, 0, , 0, 0, 0, 0, 0, 
807, 1, 748, 851, -1, 51, 86, 121.0, 14, ABalappapa, 0, 0, 0, 0, , 0, 0, 0, 0, 0, 
808, 1, 749, 852, -1, 70, 73, 105.0, 14, ABalappapp, 0, 0, 0, 0, , 0, 0, 0, 0, 0, 
809, 1, 750, 853, -1, 89, 79, 109.0, 14, ABalapppaa, 0, 0, 0, 0, , 0, 0, 0, 0, 0, 
810, 1, 751, 854, -1, 108, 64, 102.0, 14, ABalapppap, 0, 0, 0, 0, , 0, 0, 0, 0, 0, 
811, 1, 752, 855, -1, 121, 59, 115.0, 14, ABalappppa, 0, 0, 0, 0, , 0, 0, 0, 0, 0, 
812, 1, 753, 856, -1, 143, 51, 113.0, 12, ABalappppp, 0, 0, 0, 0, , 0, 0, 0, 0, 0, 
813, 1, 754, 857, -1, 98, 135, 69.0, 15, ABalppppaa, 0, 0, 0, 0, , 0, 0, 0, 0, 0, 
814, 1, 755, 858, -1, 98, 58, 157.0, 14, ABpraaaaa, 0, 0, 0, 0, , 0, 0, 0, 0, 0, 
815, 1, 756, 859, -1, 107, 57, 177.0, 13, ABpraaaapa, 0, 0, 0, 0, , 0, 0, 0, 0, 0, 
816, 1, 757, 860, -1, 124, 55, 182.0, 14, ABpraaaapp, 0, 0, 0, 0, , 0, 0, 0, 0, 0, 
817, 1, 758, 861, -1, 127, 50, 163.0, 17, ABpraaappa, 0, 0, 0, 0, , 0, 0, 0, 0, 0, 
818, 1, 759, 862, -1, 148, 48, 159.0, 17, ABpraaappp, 0, 0, 0, 0, , 0, 0, 0, 0, 0, 
819, 1, 760, 863, -1, 207, 45, 171.75, 12, ABpraapppa, 0, 0, 0, 0, , 0, 0, 0, 0, 0, 
820, 1, 761, 864, -1, 223, 50, 181.0, 13, ABpraapppp, 0, 0, 0, 0, , 0, 0, 0, 0, 0, 
821, 1, 762, 865, -1, 188, 37, 162.5, 11, ABpraappap, 0, 0, 0, 0, , 0, 0, 0, 0, 0, 
822, 1, 763, 866, -1, 242, 55, 180.0, 15, ABprappaaa, 0, 0, 0, 0, , 0, 0, 0, 0, 0, 
823, 1, 764, 867, -1, 272, 75, 183.0, 15, ABprappaap, 0, 0, 0, 0, , 0, 0, 0, 0, 0, 
824, 1, 765, 868, -1, 297, 76, 167.5, 13, ABprappapp, 0, 0, 0, 0, , 0, 0, 0, 0, 0, 
825, 1, 766, 869, -1, 268, 58, 167.0, 11, ABprappapa, 0, 0, 0, 0, , 0, 0, 0, 0, 0, 
826, 1, 767, 870, -1, 287, 92, 177.0, 17, ABprapppa, 0, 0, 0, 0, , 0, 0, 0, 0, 0, 
827, 1, 768, 871, -1, 212, 45, 135.5, 12, ABprapaaap, 0, 0, 0, 0, , 0, 0, 0, 0, 0, 
828, 1, 769, 872, -1, 186, 36, 143.0, 13, ABprapaaaa, 0, 0, 0, 0, , 0, 0, 0, 0, 0, 
829, 1, 770, 874, -1, 245, 51, 158.0, 11, ABprapaapp, 0, 0, 0, 0, , 0, 0, 0, 0, 0, 
830, 1, 771, 873, -1, 225, 48, 152.0, 11, ABprapaapa, 0, 0, 0, 0, , 0, 0, 0, 0, 0, 
831, 1, 772, 875, -1, 297, 61, 147.0, 13, ABprapapap, 0, 0, 0, 0, , 0, 0, 0, 0, 0, 
832, 1, 773, 876, -1, 271, 45, 152.0, 15, ABprapapaa, 0, 0, 0, 0, , 0, 0, 0, 0, 0, 
833, 1, 774, 877, -1, 318, 93, 169.0, 15, ABprapappp, 0, 0, 0, 0, , 0, 0, 0, 0, 0, 
834, 1, 775, 878, -1, 310, 73, 149.75, 13, ABprapappa, 0, 0, 0, 0, , 0, 0, 0, 0, 0, 
835, 1, 776, 879, -1, 108, 41, 122.0, 13, ABpraapaaa, 0, 0, 0, 0, , 0, 0, 0, 0, 0, 
836, 1, 777, 880, -1, 171, 170, 118.0, 15, ABplppaaa, 0, 0, 0, 0, , 0, 0, 0, 0, 0, 
837, 1, 778, 881, -1, 195, 176, 134.0, 17, ABplppaap, 0, 0, 0, 0, , 0, 0, 0, 0, 0, 
838, 1, 780, 882, -1, 189, 177, 106.0, 12, ABplppapaa, 0, 0, 0, 0, , 0, 0, 0, 0, 0, 
839, 1, 779, 883, -1, 213, 177, 115.0, 13, ABplppapap, 0, 0, 0, 0, , 0, 0, 0, 0, 0, 
840, 1, 781, 885, -1, 225, 173, 120.0, 13, ABplppappa, 0, 0, 0, 0, , 0, 0, 0, 0, 0, 
841, 1, 781, 884, -1, 242, 170, 124.0, 15, ABplppappp, 0, 0, 0, 0, , 0, 0, 0, 0, 0, 
842, 1, 782, 886, -1, 217, 175, 140.0, 15, ABplpppaaa, 0, 0, 0, 0, , 0, 0, 0, 0, 0, 
843, 1, 783, 887, -1, 240, 177, 151.0, 15, ABplpppaap, 0, 0, 0, 0, , 0, 0, 0, 0, 0, 
844, 1, 784, 888, -1, 259, 172, 147.0, 15, ABplpppapa, 0, 0, 0, 0, , 0, 0, 0, 0, 0, 
845, 1, 785, 889, -1, 275, 157, 163.0, 13, ABplpppapp, 0, 0, 0, 0, , 0, 0, 0, 0, 0, 
846, 1, 786, 890, -1, 217, 178, 159.0, 14, ABplppppaa, 0, 0, 0, 0, , 0, 0, 0, 0, 0, 
847, 1, 787, 891, -1, 243, 163, 168.0, 14, ABplppppap, 0, 0, 0, 0, , 0, 0, 0, 0, 0, 
848, 1, 788, 892, -1, 227, 150, 184.0, 15, ABplpppppa, 0, 0, 0, 0, , 0, 0, 0, 0, 0, 
849, 1, 789, 893, -1, 264, 150, 172.0, 15, ABplpppppp, 0, 0, 0, 0, , 0, 0, 0, 0, 0, 
850, 1, 790, 894, -1, 197, 172, 168.0, 15, ABplpapapp, 0, 0, 0, 0, , 0, 0, 0, 0, 0, 
851, 1, 791, 895, -1, 110, 164, 117.0, 15, ABplpaaaaa, 0, 0, 0, 0, , 0, 0, 0, 0, 0, 
852, 1, 792, 896, -1, 130, 170, 119.333336, 16, ABplpaaaap, 0, 0, 0, 0, , 0, 0, 0, 0, 0, 
853, 1, 793, 897, -1, 152, 168, 105.0, 15, ABplpaaapp, 0, 0, 0, 0, , 0, 0, 0, 0, 0, 
854, 1, 794, 898, -1, 143, 182, 121.0, 14, ABplpaaapa, 0, 0, 0, 0, , 0, 0, 0, 0, 0, 
855, 1, 795, 899, -1, 117, 164, 97.0, 16, ABplpaapaa, 0, 0, 0, 0, , 0, 0, 0, 0, 0, 
856, 1, 796, 900, -1, 143, 167, 88.0, 17, ABplpaapap, 0, 0, 0, 0, , 0, 0, 0, 0, 0, 
857, 1, 797, 901, -1, 159, 168, 84.0, 15, ABplpaappa, 0, 0, 0, 0, , 0, 0, 0, 0, 0, 
858, 1, 798, 902, -1, 179, 173, 102.0, 14, ABplpaappp, 0, 0, 0, 0, , 0, 0, 0, 0, 0, 
859, 1, 799, 903, -1, 144, 172, 135.0, 15, ABplpapaaa, 0, 0, 0, 0, , 0, 0, 0, 0, 0, 
860, 1, 800, 904, -1, 173, 177, 134.0, 15, ABplpapaap, 0, 0, 0, 0, , 0, 0, 0, 0, 0, 
861, 1, 801, 905, -1, 174, 176, 159.0, 16, ABplpapapa, 0, 0, 0, 0, , 0, 0, 0, 0, 0, 
862, 1, 802, 906, -1, 171, 161, 182.0, 17, ABplpappaa, 0, 0, 0, 0, , 0, 0, 0, 0, 0, 
863, 1, 803, 907, -1, 192, 148, 187.0, 14, ABplpappap, 0, 0, 0, 0, , 0, 0, 0, 0, 0, 
864, 1, 804, 908, -1, 200, 159, 186.0, 15, ABplpapppa, 0, 0, 0, 0, , 0, 0, 0, 0, 0, 
865, 1, 805, 909, -1, 227, 165, 181.0, 15, ABplpapppp, 0, 0, 0, 0, , 0, 0, 0, 0, 0, 
866, 1, 806, 910, -1, 144, 31, 142.0, 12, ABpraapapa, 0, 0, 0, 0, , 0, 0, 0, 0, 0, 
867, 1, 807, 911, -1, 167, 31, 140.0, 14, ABpraapapp, 0, 0, 0, 0, , 0, 0, 0, 0, 0, 
868, 1, 808, 912, -1, 111, 75, 186.71428, 14, ABprpaaaaa, 0, 0, 0, 0, , 0, 0, 0, 0, 0, 
869, 1, 809, 913, -1, 137, 68, 195.0, 14, ABprpaaaap, 0, 0, 0, 0, , 0, 0, 0, 0, 0, 
870, 1, 810, 914, -1, 150, 62, 195.0, 13, ABprpaaapa, 0, 0, 0, 0, , 0, 0, 0, 0, 0, 
871, 1, 811, 915, -1, 171, 64, 197.0, 13, ABprpaaapp, 0, 0, 0, 0, , 0, 0, 0, 0, 0, 
872, 1, 812, 916, -1, 141, 50, 180.66667, 15, ABprpaapaa, 0, 0, 0, 0, , 0, 0, 0, 0, 0, 
873, 1, 813, 917, -1, 163, 48, 181.0, 13, ABprpaapap, 0, 0, 0, 0, , 0, 0, 0, 0, 0, 
874, 1, 814, 918, -1, 180, 47, 187.0, 15, ABprpaappa, 0, 0, 0, 0, , 0, 0, 0, 0, 0, 
875, 1, 815, 919, -1, 196, 57, 192.5, 15, ABprpaappp, 0, 0, 0, 0, , 0, 0, 0, 0, 0, 
876, 1, 816, 920, -1, 196, 116, 207.72728, 15, ABprpapapa, 0, 0, 0, 0, , 0, 0, 0, 0, 0, 
877, 1, 817, 921, -1, 170, 93, 199.0, 15, ABprpapaaa, 0, 0, 0, 0, , 0, 0, 0, 0, 0, 
878, 1, 818, 922, -1, 195, 111, 193.6, 15, ABprpapaap, 0, 0, 0, 0, , 0, 0, 0, 0, 0, 
879, 1, 819, 923, -1, 225, 113, 210.0, 14, ABprpapapp, 0, 0, 0, 0, , 0, 0, 0, 0, 0, 
880, 1, 820, 924, -1, 175, 124, 205.0, 15, ABprpappaa, 0, 0, 0, 0, , 0, 0, 0, 0, 0, 
881, 1, 821, 925, -1, 207, 138, 192.0, 15, ABprpappap, 0, 0, 0, 0, , 0, 0, 0, 0, 0, 
882, 1, 822, 926, -1, 227, 136, 205.0, 15, ABprpapppa, 0, 0, 0, 0, , 0, 0, 0, 0, 0, 
883, 1, 823, 927, -1, 250, 141, 184.0, 14, ABprpapppp, 0, 0, 0, 0, , 0, 0, 0, 0, 0, 
884, 1, 824, 928, -1, 187, 82, 195.0, 14, ABprppaaa, 0, 0, 0, 0, , 0, 0, 0, 0, 0, 
885, 1, 825, 929, 930, 211, 95, 204.0, 15, ABprppaap, 0, 0, 0, 0, , 0, 0, 0, 0, 0, 
886, 1, 826, 931, -1, 204, 72, 194.0, 12, ABprppapaa, 0, 0, 0, 0, , 0, 0, 0, 0, 0, 
887, 1, 827, 932, -1, 229, 78, 197.0, 13, ABprppapap, 0, 0, 0, 0, , 0, 0, 0, 0, 0, 
888, 1, 828, 934, -1, 241, 75, 188.0, 14, ABprppappa, 0, 0, 0, 0, , 0, 0, 0, 0, 0, 
889, 1, 828, 933, -1, 252, 84, 190.0, 14, ABprppappp, 0, 0, 0, 0, , 0, 0, 0, 0, 0, 
890, 1, 829, 935, -1, 238, 88, 206.0, 12, ABprpppaaa, 0, 0, 0, 0, , 0, 0, 0, 0, 0, 
891, 1, 830, 936, -1, 262, 99, 199.0, 12, ABprpppaap, 0, 0, 0, 0, , 0, 0, 0, 0, 0, 
892, 1, 831, 937, -1, 278, 113, 197.0, 12, ABprpppapa, 0, 0, 0, 0, , 0, 0, 0, 0, 0, 
893, 1, 832, 938, -1, 292, 129, 183.0, 12, ABprpppapp, 0, 0, 0, 0, , 0, 0, 0, 0, 0, 
894, 1, 833, 939, -1, 232, 103, 196.0, 15, ABprppppaa, 0, 0, 0, 0, , 0, 0, 0, 0, 0, 
895, 1, 834, 940, -1, 254, 116, 197.0, 13, ABprppppap, 0, 0, 0, 0, , 0, 0, 0, 0, 0, 
896, 1, 835, 941, -1, 263, 130, 193.0, 15, ABprpppppa, 0, 0, 0, 0, , 0, 0, 0, 0, 0, 
897, 1, 836, 942, -1, 285, 141, 176.0, 15, ABprpppppp, 0, 0, 0, 0, , 0, 0, 0, 0, 0, 
898, 1, 837, 943, -1, 59, 110, 130.33333, 11, MSaaaaaa, 0, 0, 0, 0, , 0, 0, 0, 0, 0, 
899, 1, 838, 944, -1, 85, 102, 115.5, 10, MSaaaaap, 0, 0, 0, 0, , 0, 0, 0, 0, 0, 
900, 1, 839, 945, -1, 111, 89, 106.0, 15, MSaaaap, 0, 0, 0, 0, , 0, 0, 0, 0, 0, 
901, 1, 840, 946, -1, 141, 112, 123.25, 15, MSaaapp, 0, 0, 0, 0, , 0, 0, 0, 0, 0, 
902, 1, 841, 947, 948, 114, 110, 118.0, 11, MSaaapa, 0, 0, 0, 0, , 0, 0, 0, 0, 0, 
903, 1, 842, 949, -1, 167, 137, 157.0, 16, MSaapap, 0, 0, 0, 0, , 0, 0, 0, 0, 0, 
904, 1, 843, 950, -1, 134, 138, 159.0, 12, MSaapaaa, 0, 0, 0, 0, , 0, 0, 0, 0, 0, 
905, 1, 844, 951, -1, 164, 117, 128.0, 12, MSaapaap, 0, 0, 0, 0, , 0, 0, 0, 0, 0, 
906, 1, 845, 952, -1, 205, 149, 151.33333, 16, MSaappp, 0, 0, 0, 0, , 0, 0, 0, 0, 0, 
907, 1, 846, 953, -1, 216, 68, 128.0, 17, Epra, 0, 0, 0, 0, , 0, 0, 0, 0, 0, 
908, 1, 847, 954, -1, 194, 122, 118.0, 19, Ealp, 0, 0, 0, 0, , 0, 0, 0, 0, 0, 
909, 1, 849, 955, -1, 177, 98, 99.0, 17, Ealap, 0, 0, 0, 0, , 0, 0, 0, 0, 0, 
910, 1, 850, 956, -1, 169, 70, 123.0, 19, Eara, 0, 0, 0, 0, , 0, 0, 0, 0, 0, 
911, 1, 851, 957, -1, 193, 87, 145.0, 19, Earp, 0, 0, 0, 0, , 0, 0, 0, 0, 0, 
912, 1, 852, 958, -1, 223, 101, 101.0, 18, Epla, 0, 0, 0, 0, , 0, 0, 0, 0, 0, 
913, 1, 853, 959, -1, 267, 111, 117.0, 21, Eplp, 0, 0, 0, 0, , 0, 0, 0, 0, 0, 
914, 1, 854, 960, -1, 301, 118, 87.0, 17, Caaapa, 0, 0, 0, 0, , 0, 0, 0, 0, 0, 
915, 1, 855, 961, -1, 328, 141, 131.0, 15, Caapa, 0, 0, 0, 0, , 0, 0, 0, 0, 0, 
916, 1, 856, 962, -1, 314, 147, 149.0, 17, Caapp, 0, 0, 0, 0, , 0, 0, 0, 0, 0, 
917, 1, 857, 963, -1, 243, 142, 161.0, 17, Capaa, 0, 0, 0, 0, , 0, 0, 0, 0, 0, 
918, 1, 858, 964, -1, 265, 136, 141.0, 17, Capap, 0, 0, 0, 0, , 0, 0, 0, 0, 0, 
919, 1, 859, 965, -1, 274, 139, 119.0, 17, Cappa, 0, 0, 0, 0, , 0, 0, 0, 0, 0, 
920, 1, 860, 966, -1, 288, 136, 136.0, 17, Cappp, 0, 0, 0, 0, , 0, 0, 0, 0, 0, 
921, 1, 861, 967, -1, 251, 110, 178.0, 15, Cppaa, 0, 0, 0, 0, , 0, 0, 0, 0, 0, 
922, 1, 862, 968, -1, 278, 119, 169.0, 15, Cppap, 0, 0, 0, 0, , 0, 0, 0, 0, 0, 
923, 1, 863, 969, -1, 289, 91, 158.0, 17, Cpppa, 0, 0, 0, 0, , 0, 0, 0, 0, 0, 
924, 1, 864, 970, -1, 297, 118, 151.0, 17, Cpppp, 0, 0, 0, 0, , 0, 0, 0, 0, 0, 
925, 1, 865, 971, -1, 226, 100, 131.0, 18, Z2, 0, 0, 0, 0, , 0, 0, 0, 0, 0, 
926, 1, 866, 972, -1, 208, 126, 149.0, 16, Z3, 0, 0, 0, 0, , 0, 0, 0, 0, 0, 
927, 1, 867, 973, -1, 91, 72, 88.0, 14, ABarpaaaa, 0, 0, 0, 0, , 0, 0, 0, 0, 0, 
928, 1, 868, 974, -1, 114, 71, 81.0, 16, ABarpaaap, 0, 0, 0, 0, , 0, 0, 0, 0, 0, 
929, 1, 869, 975, -1, 134, 73, 92.0, 15, ABarpaapaa, 0, 0, 0, 0, , 0, 0, 0, 0, 0, 
930, 1, 870, 976, -1, 169, 71, 73.0, 15, ABarpaapap, 0, 0, 0, 0, , 0, 0, 0, 0, 0, 
931, 1, 871, 977, -1, 182, 52, 90.0, 14, ABarpaappa, 0, 0, 0, 0, , 0, 0, 0, 0, 0, 
932, 1, 872, 978, -1, 202, 65, 84.0, 15, ABarpaappp, 0, 0, 0, 0, , 0, 0, 0, 0, 0, 
933, 1, 873, 979, -1, 95, 50, 103.0, 15, ABarpapaaa, 0, 0, 0, 0, , 0, 0, 0, 0, 0, 
934, 1, 874, 980, -1, 127, 46, 99.0, 15, ABarpapaap, 0, 0, 0, 0, , 0, 0, 0, 0, 0, 
935, 1, 875, 981, -1, 136, 53, 90.0, 15, ABarpapapa, 0, 0, 0, 0, , 0, 0, 0, 0, 0, 
936, 1, 876, 982, -1, 165, 50, 88.0, 15, ABarpapapp, 0, 0, 0, 0, , 0, 0, 0, 0, 0, 
937, 1, 877, 983, -1, 139, 32, 111.0, 14, ABarpappaa, 0, 0, 0, 0, , 0, 0, 0, 0, 0, 
938, 1, 878, 984, -1, 168, 39, 114.0, 14, ABarpappap, 0, 0, 0, 0, , 0, 0, 0, 0, 0, 
939, 1, 879, 985, -1, 223, 56, 93.0, 15, ABarpppapa, 0, 0, 0, 0, , 0, 0, 0, 0, 0, 
940, 1, 880, 986, -1, 246, 51, 112.0, 15, ABarpppapp, 0, 0, 0, 0, , 0, 0, 0, 0, 0, 
941, 1, 881, 987, -1, 219, 83, 75.0, 16, ABarppaapa, 0, 0, 0, 0, , 0, 0, 0, 0, 0, 
942, 1, 882, 988, -1, 238, 106, 63.0, 16, ABarppaapp, 0, 0, 0, 0, , 0, 0, 0, 0, 0, 
943, 1, 883, 989, -1, 192, 94, 73.0, 17, ABarppaaa, 0, 0, 0, 0, , 0, 0, 0, 0, 0, 
944, 1, 884, 991, -1, 220, 121, 73.0, 17, ABarppapaa, 0, 0, 0, 0, , 0, 0, 0, 0, 0, 
945, 1, 884, 990, -1, 247, 131, 74.5, 18, ABarppapap, 0, 0, 0, 0, , 0, 0, 0, 0, 0, 
946, 1, 885, 992, 993, 269, 123, 86.0, 19, ABarppapp, 0, 0, 0, 0, , 0, 0, 0, 0, 0, 
947, 1, 886, 995, -1, 192, 40, 109.0, 16, ABarpppaaa, 0, 0, 0, 0, , 0, 0, 0, 0, 0, 
948, 1, 886, 994, -1, 210, 44, 112.5, 16, ABarpppaap, 0, 0, 0, 0, , 0, 0, 0, 0, 0, 
949, 1, 887, 996, -1, 157, 49, 127.0, 13, ABarpapppa, 0, 0, 0, 0, , 0, 0, 0, 0, 0, 
950, 1, 888, 997, -1, 190, 39, 128.0, 14, ABarpapppp, 0, 0, 0, 0, , 0, 0, 0, 0, 0, 
951, 1, 890, 998, -1, 228, 41, 123.0, 14, ABarppppaa, 0, 0, 0, 0, , 0, 0, 0, 0, 0, 
952, 1, 889, 999, -1, 256, 49, 136.0, 15, ABarppppap, 0, 0, 0, 0, , 0, 0, 0, 0, 0, 
953, 1, 891, 1000, 1001, 275, 60, 136.0, 16, ABarppppp, 0, 0, 0, 0, , 0, 0, 0, 0, 0, 
954, 1, 892, 1002, -1, 88, 87, 72.0, 17, ABplaaaaaa, 0, 0, 0, 0, , 0, 0, 0, 0, 0, 
955, 1, 893, 1003, -1, 116, 96, 60.0, 17, ABplaaaaap, 0, 0, 0, 0, , 0, 0, 0, 0, 0, 
956, 1, 894, 1004, -1, 127, 88, 75.0, 15, ABplaaaapa, 0, 0, 0, 0, , 0, 0, 0, 0, 0, 
957, 1, 895, 1005, -1, 151, 84, 67.0, 16, ABplaaaapp, 0, 0, 0, 0, , 0, 0, 0, 0, 0, 
958, 1, 897, 1006, -1, 262, 164, 124.0, 17, ABplapppa, 0, 0, 0, 0, , 0, 0, 0, 0, 0, 
959, 1, 898, 1007, -1, 285, 165, 138.0, 17, ABplapppp, 0, 0, 0, 0, , 0, 0, 0, 0, 0, 
960, 1, 899, 1008, -1, 136, 101, 57.0, 15, ABplaaapaa, 0, 0, 0, 0, , 0, 0, 0, 0, 0, 
961, 1, 896, 1009, -1, 166, 101, 58.0, 17, ABplaaapap, 0, 0, 0, 0, , 0, 0, 0, 0, 0, 
962, 1, 900, 1010, -1, 177, 112, 64.0, 15, ABplaaappa, 0, 0, 0, 0, , 0, 0, 0, 0, 0, 
963, 1, 901, 1011, -1, 201, 117, 84.0, 16, ABplaaappp, 0, 0, 0, 0, , 0, 0, 0, 0, 0, 
964, 1, 902, 1012, -1, 93, 115, 56.0, 15, ABplaapaaa, 0, 0, 0, 0, , 0, 0, 0, 0, 0, 
965, 1, 903, 1013, -1, 120, 114, 54.0, 16, ABplaapaap, 0, 0, 0, 0, , 0, 0, 0, 0, 0, 
966, 1, 904, 1014, -1, 138, 122, 55.0, 17, ABplaapapa, 0, 0, 0, 0, , 0, 0, 0, 0, 0, 
967, 1, 905, 1015, -1, 157, 122, 61.0, 17, ABplaapapp, 0, 0, 0, 0, , 0, 0, 0, 0, 0, 
968, 1, 906, 1016, -1, 132, 149, 59.0, 17, ABplaappaa, 0, 0, 0, 0, , 0, 0, 0, 0, 0, 
969, 1, 907, 1017, -1, 163, 148, 63.0, 17, ABplaappap, 0, 0, 0, 0, , 0, 0, 0, 0, 0, 
970, 1, 908, 1018, -1, 173, 155, 78.0, 17, ABplaapppa, 0, 0, 0, 0, , 0, 0, 0, 0, 0, 
971, 1, 909, 1019, -1, 200, 161, 84.0, 17, ABplaapppp, 0, 0, 0, 0, , 0, 0, 0, 0, 0, 
972, 1, 910, 1020, -1, 166, 126, 85.0, 17, ABplapaaaa, 0, 0, 0, 0, , 0, 0, 0, 0, 0, 
973, 1, 911, 1021, -1, 190, 141, 67.0, 17, ABplapaaap, 0, 0, 0, 0, , 0, 0, 0, 0, 0, 
974, 1, 912, 1022, -1, 205, 139, 67.0, 17, ABplapaapa, 0, 0, 0, 0, , 0, 0, 0, 0, 0, 
975, 1, 913, 1023, -1, 230, 148, 74.0, 17, ABplapaapp, 0, 0, 0, 0, , 0, 0, 0, 0, 0, 
976, 1, 914, 1024, -1, 256, 150, 73.0, 14, ABplapapaa, 0, 0, 0, 0, , 0, 0, 0, 0, 0, 
977, 1, 915, 1025, -1, 288, 146, 88.0, 16, ABplapapap, 0, 0, 0, 0, , 0, 0, 0, 0, 0, 
978, 1, 916, 1026, -1, 293, 160, 107.0, 17, ABplapappa, 0, 0, 0, 0, , 0, 0, 0, 0, 0, 
979, 1, 917, 1027, -1, 304, 161, 132.0, 17, ABplapappp, 0, 0, 0, 0, , 0, 0, 0, 0, 0, 
980, 1, 918, 1028, -1, 217, 167, 89.0, 18, ABplappaaa, 0, 0, 0, 0, , 0, 0, 0, 0, 0, 
981, 1, 919, 1029, -1, 250, 168, 106.0, 15, ABplappaap, 0, 0, 0, 0, , 0, 0, 0, 0, 0, 
982, 1, 920, 1030, -1, 242, 159, 81.0, 15, ABplappapa, 0, 0, 0, 0, , 0, 0, 0, 0, 0, 
983, 1, 921, 1031, -1, 267, 163, 105.0, 14, ABplappapp, 0, 0, 0, 0, , 0, 0, 0, 0, 0, 
984, 1, 922, 1032, -1, 190, 148, 169.0, 16, MSaappa, 0, 0, 0, 0, , 0, 0, 0, 0, 0, 
985, 1, 923, 1033, -1, 93, 140, 121.0, 16, MSapaaa, 0, 0, 0, 0, , 0, 0, 0, 0, 0, 
986, 1, 924, 1034, -1, 114, 143, 114.0, 16, MSapaap, 0, 0, 0, 0, , 0, 0, 0, 0, 0, 
987, 1, 925, 1035, -1, 134, 140, 107.0, 16, MSapapa, 0, 0, 0, 0, , 0, 0, 0, 0, 0, 
988, 1, 926, 1036, -1, 156, 131, 101.0, 16, MSapapp, 0, 0, 0, 0, , 0, 0, 0, 0, 0, 
989, 1, 927, 1037, -1, 153, 146, 132.0, 16, MSappaa, 0, 0, 0, 0, , 0, 0, 0, 0, 0, 
990, 1, 928, 1038, -1, 178, 154, 133.0, 15, MSappap, 0, 0, 0, 0, , 0, 0, 0, 0, 0, 
991, 1, 929, 1039, -1, 165, 148, 112.0, 14, MSapppa, 0, 0, 0, 0, , 0, 0, 0, 0, 0, 
992, 1, 930, 1040, -1, 203, 140, 97.0, 14, MSapppp, 0, 0, 0, 0, , 0, 0, 0, 0, 0, 
993, 1, 931, 1041, -1, 71, 92, 144.0, 15, MSpaaaaa, 0, 0, 0, 0, , 0, 0, 0, 0, 0, 
994, 1, 932, 1042, -1, 103, 90, 135.0, 15, MSpaaaap, 0, 0, 0, 0, , 0, 0, 0, 0, 0, 
995, 1, 934, 1044, -1, 142, 73, 125.0, 15, MSpaaapp, 0, 0, 0, 0, , 0, 0, 0, 0, 0, 
996, 1, 933, 1043, -1, 111, 72, 129.0, 13, MSpaaapa, 0, 0, 0, 0, , 0, 0, 0, 0, 0, 
997, 1, 935, 1045, -1, 132, 90, 147.0, 15, MSpaapa, 0, 0, 0, 0, , 0, 0, 0, 0, 0, 
998, 1, 936, 1046, -1, 159, 90, 121.0, 15, MSpaapp, 0, 0, 0, 0, , 0, 0, 0, 0, 0, 
999, 1, 938, 1047, -1, 152, 121, 160.0, 14, MSpapaaa, 0, 0, 0, 0, , 0, 0, 0, 0, 0, 
1000, 1, 937, 1048, -1, 188, 110, 150.0, 14, MSpapaap, 0, 0, 0, 0, , 0, 0, 0, 0, 0, 
1001, 1, 939, 1049, -1, 188, 121, 170.0, 16, MSpapap, 0, 0, 0, 0, , 0, 0, 0, 0, 0, 
1002, 1, 940, 1050, -1, 207, 132, 173.0, 14, MSpappa, 0, 0, 0, 0, , 0, 0, 0, 0, 0, 
1003, 1, 941, 1051, -1, 225, 125, 177.0, 16, MSpappp, 0, 0, 0, 0, , 0, 0, 0, 0, 0, 
1004, 1, 942, 1052, -1, 127, 87, 175.0, 14, MSppaap, 0, 0, 0, 0, , 0, 0, 0, 0, 0, 
1005, 1, 943, 1053, -1, 100, 89, 166.0, 16, MSppaaa, 0, 0, 0, 0, , 0, 0, 0, 0, 0, 
1006, 1, 944, 1054, -1, 138, 74, 164.0, 14, MSppapa, 0, 0, 0, 0, , 0, 0, 0, 0, 0, 
1007, 1, 945, 1055, -1, 162, 64, 150.0, 15, MSppapp, 0, 0, 0, 0, , 0, 0, 0, 0, 0, 
1008, 1, 946, 1056, -1, 161, 97, 175.0, 14, MSpppaa, 0, 0, 0, 0, , 0, 0, 0, 0, 0, 
1009, 1, 947, 1057, -1, 187, 93, 175.0, 16, MSpppap, 0, 0, 0, 0, , 0, 0, 0, 0, 0, 
1010, 1, 948, 1058, -1, 169, 73, 171.0, 14, MSppppa, 0, 0, 0, 0, , 0, 0, 0, 0, 0, 
1011, 1, 949, 1059, -1, 199, 69, 168.0, 15, MSppppp, 0, 0, 0, 0, , 0, 0, 0, 0, 0, 
1012, 1, 848, 1060, -1, 145, 99, 101.0, 17, Ealaa, 0, 0, 0, 0, , 0, 0, 0, 0, 0, 
1013, 1, 950, 1061, -1, 100, 74, 149.0, 17, ABpraaapaa, 0, 0, 0, 0, , 0, 0, 0, 0, 0, 
1014, 1, 951, 1062, -1, 122, 52, 146.0, 14, ABpraaapap, 0, 0, 0, 0, , 0, 0, 0, 0, 0, 
1015, 1, 952, 1063, -1, 253, 98, 75.0, 15, Caaaaa, 0, 0, 0, 0, , 0, 0, 0, 0, 0, 
1016, 1, 953, 1064, -1, 284, 102, 86.0, 16, Caaaap, 0, 0, 0, 0, , 0, 0, 0, 0, 0, 
1017, 1, 954, 1065, -1, 307, 132, 116.0, 17, Caaapp, 0, 0, 0, 0, , 0, 0, 0, 0, 0, 
1018, 1, 955, 1066, -1, 239, 71, 81.0, 17, Cpaaaa, 0, 0, 0, 0, , 0, 0, 0, 0, 0, 
1019, 1, 956, 1067, -1, 266, 67, 104.0, 19, Cpaaap, 0, 0, 0, 0, , 0, 0, 0, 0, 0, 
1020, 1, 957, 1068, -1, 294, 75, 103.0, 17, Cpaapa, 0, 0, 0, 0, , 0, 0, 0, 0, 0, 
1021, 1, 958, 1069, -1, 312, 98, 122.0, 17, Cpaapp, 0, 0, 0, 0, , 0, 0, 0, 0, 0, 
1022, 1, 959, 1070, -1, 318, 124, 138.0, 15, Cpapaa, 0, 0, 0, 0, , 0, 0, 0, 0, 0, 
1023, 1, 960, 1071, -1, 328, 93, 148.0, 15, Cpapap, 0, 0, 0, 0, , 0, 0, 0, 0, 0, 
1024, 1, 961, 1072, -1, 325, 113, 159.0, 15, Cpappd, 0, 0, 0, 0, , 0, 0, 0, 0, 0, 
1025, 1, 962, 1073, -1, 303, 136, 164.0, 15, Cpappv, 0, 0, 0, 0, , 0, 0, 0, 0, 0, 
1026, 1, 963, 1074, -1, 205, 152, 118.0, 16, Daaa, 0, 0, 0, 0, , 0, 0, 0, 0, 0, 
1027, 1, 964, 1075, -1, 225, 146, 144.0, 14, Daap, 0, 0, 0, 0, , 0, 0, 0, 0, 0, 
1028, 1, 965, 1076, -1, 226, 142, 115.0, 16, Dapa, 0, 0, 0, 0, , 0, 0, 0, 0, 0, 
1029, 1, 966, 1077, -1, 247, 129, 128.0, 16, Dapp, 0, 0, 0, 0, , 0, 0, 0, 0, 0, 
1030, 1, 967, 1078, -1, 212, 88, 171.0, 16, Dpaa, 0, 0, 0, 0, , 0, 0, 0, 0, 0, 
1031, 1, 968, 1079, -1, 230, 106, 171.0, 16, Dpap, 0, 0, 0, 0, , 0, 0, 0, 0, 0, 
1032, 1, 969, 1080, -1, 237, 83, 163.0, 16, Dppa, 0, 0, 0, 0, , 0, 0, 0, 0, 0, 
1033, 1, 970, 1081, -1, 266, 91, 153.0, 16, Dppp, 0, 0, 0, 0, , 0, 0, 0, 0, 0, 
1034, 1, 971, 1082, -1, 135, 36, 130.0, 14, ABpraapaap, 0, 0, 0, 0, , 0, 0, 0, 0, 0, 
1035, 1, 972, 1083, -1, 117, 155, 72.0, 14, ABalpppapp, 0, 0, 0, 0, , 0, 0, 0, 0, 0, 
1036, 1, 973, 1084, -1, 302, 110, 184.0, 21, ABprapppp, 0, 0, 0, 0, , 0, 0, 0, 0, 0, 
