1, 0, 1, -1, -1, 51, 111, 81.0, 9, , 87, 0, 0, 0, , 0, 0, 0, 0, 0, 
2, 0, 2, -1, -1, 127, 51, 163.0, 8, , 36, 0, 0, 0, , 0, 0, 0, 0, 0, 
3, 0, 3, -1, -1, 196, 92, 201.0, 9, , 45, 0, 0, 0, , 0, 0, 0, 0, 0, 
4, 0, 4, -1, -1, 196, 61, 192.0, 9, , 45, 0, 0, 0, , 0, 0, 0, 0, 0, 
5, 0, 5, -1, -1, 188, 44, 160.0, 11, , 61, 0, 0, 0, , 0, 0, 0, 0, 0, 
6, 0, 6, -1, -1, 162, 48, 178.0, 8, , 57, 0, 0, 0, , 0, 0, 0, 0, 0, 
7, 0, 7, -1, -1, 162, 140, 202.0, 7, , 23, 0, 0, 0, , 0, 0, 0, 0, 0, 
8, 0, 9, -1, -1, 208, 73, 202.0, 9, , 38, 0, 0, 0, , 0, 0, 0, 0, 0, 
9, 0, 10, -1, -1, 166, 92, 190.0, 7, , 22, 0, 0, 0, , 0, 0, 0, 0, 0, 
10, 0, 11, -1, -1, 134, 107, 201.0, 7, , 69, 0, 0, 0, , 0, 0, 0, 0, 0, 
11, 0, 12, -1, -1, 84, 69, 145.0, 8, , 31, 0, 0, 0, , 0, 0, 0, 0, 0, 
12, 0, 13, -1, -1, 128, 125, 188.0, 8, , 22, 0, 0, 0, , 0, 0, 0, 0, 0, 
13, 0, 14, -1, -1, 185, 49, 187.0, 11, , 41, 0, 0, 0, , 0, 0, 0, 0, 0, 
14, 0, 15, -1, -1, 233, 105, 208.0, 9, , 98, 0, 0, 0, , 0, 0, 0, 0, 0, 
15, 0, 16, -1, -1, 319, 88, 174.0, 9, , 44, 0, 0, 0, , 0, 0, 0, 0, 0, 
16, 0, 17, -1, -1, 224, 47, 150.0, 7, , 44, 0, 0, 0, , 0, 0, 0, 0, 0, 
17, 0, 18, -1, -1, 313, 74, 143.0, 7, , 23, 0, 0, 0, , 0, 0, 0, 0, 0, 
18, 0, 19, -1, -1, 126, 54, 178.0, 9, , 35, 0, 0, 0, , 0, 0, 0, 0, 0, 
19, 0, 20, -1, -1, 151, 121, 186.0, 13, , 71, 0, 0, 0, , 0, 0, 0, 0, 0, 
20, 0, 21, -1, -1, 266, 131, 195.0, 7, , 35, 0, 0, 0, , 0, 0, 0, 0, 0, 
21, 0, 22, -1, -1, 137, 127, 188.0, 9, , 25, 0, 0, 0, , 0, 0, 0, 0, 0, 
22, 0, 23, -1, -1, 75, 121, 149.0, 11, , 150, 0, 0, 0, , 0, 0, 0, 0, 0, 
23, 0, 24, -1, -1, 144, 48, 180.0, 8, , 43, 0, 0, 0, , 0, 0, 0, 0, 0, 
24, 0, 25, -1, -1, 230, 76, 195.0, 8, , 37, 0, 0, 0, , 0, 0, 0, 0, 0, 
25, 0, 26, -1, -1, 130, 67, 194.0, 7, , 17, 0, 0, 0, , 0, 0, 0, 0, 0, 
26, 0, 27, -1, -1, 138, 71, 190.0, 8, , 34, 0, 0, 0, , 0, 0, 0, 0, 0, 
27, 0, 28, -1, -1, 152, 86, 193.0, 8, , 39, 0, 0, 0, , 0, 0, 0, 0, 0, 
28, 0, 29, -1, -1, 219, 114, 211.0, 7, , 32, 0, 0, 0, , 0, 0, 0, 0, 0, 
29, 0, 30, -1, -1, 139, 126, 177.0, 11, , 71, 0, 0, 0, , 0, 0, 0, 0, 0, 
30, 0, 31, -1, -1, 198, 165, 168.0, 7, , 23, 0, 0, 0, , 0, 0, 0, 0, 0, 
31, 0, 33, -1, -1, 75, 117, 178.0, 8, , 24, 0, 0, 0, , 0, 0, 0, 0, 0, 
32, 0, 34, -1, -1, 249, 51, 161.0, 9, , 48, 0, 0, 0, , 0, 0, 0, 0, 0, 
33, 0, 35, -1, -1, 128, 124, 184.0, 9, , 60, 0, 0, 0, , 0, 0, 0, 0, 0, 
34, 0, 36, -1, -1, 202, 59, 194.0, 8, , 14, 0, 0, 0, , 0, 0, 0, 0, 0, 
35, 0, 37, -1, -1, 109, 102, 163.0, 11, , 113, 0, 0, 0, , 0, 0, 0, 0, 0, 
36, 0, 38, -1, -1, 224, 46, 178.0, 9, , 26, 0, 0, 0, , 0, 0, 0, 0, 0, 
37, 0, 39, -1, -1, 262, 106, 200.0, 8, , 15, 0, 0, 0, , 0, 0, 0, 0, 0, 
38, 0, 40, -1, -1, 136, 90, 207.0, 9, , 49, 0, 0, 0, , 0, 0, 0, 0, 0, 
39, 0, 41, -1, -1, 108, 164, 115.0, 9, , 62, 0, 0, 0, , 0, 0, 0, 0, 0, 
40, 0, 42, -1, -1, 184, 39, 146.0, 9, , 88, 0, 0, 0, , 0, 0, 0, 0, 0, 
41, 0, 44, -1, -1, 72, 118, 149.0, 7, , 12, 0, 0, 0, , 0, 0, 0, 0, 0, 
42, 0, 45, -1, -1, 76, 83, 169.0, 7, , 15, 0, 0, 0, , 0, 0, 0, 0, 0, 
43, 0, 46, -1, -1, 86, 103, 189.0, 9, , 29, 0, 0, 0, , 0, 0, 0, 0, 0, 
44, 0, 47, -1, -1, 170, 63, 200.0, 11, , 146, 0, 0, 0, , 0, 0, 0, 0, 0, 
45, 0, 48, -1, -1, 189, 75, 193.0, 8, , 38, 0, 0, 0, , 0, 0, 0, 0, 0, 
46, 0, 50, -1, -1, 259, 101, 202.0, 7, , 26, 0, 0, 0, , 0, 0, 0, 0, 0, 
47, 0, 51, -1, -1, 241, 70, 184.0, 9, , 106, 0, 0, 0, , 0, 0, 0, 0, 0, 
48, 0, 52, -1, -1, 134, 91, 204.0, 9, , 71, 0, 0, 0, , 0, 0, 0, 0, 0, 
49, 0, 53, -1, -1, 158, 133, 203.0, 7, , 31, 0, 0, 0, , 0, 0, 0, 0, 0, 
50, 0, 54, -1, -1, 162, 139, 204.0, 7, , 31, 0, 0, 0, , 0, 0, 0, 0, 0, 
51, 0, 55, -1, -1, 119, 115, 179.0, 11, , 93, 0, 0, 0, , 0, 0, 0, 0, 0, 
52, 0, 56, -1, -1, 139, 128, 208.0, 11, , 123, 0, 0, 0, , 0, 0, 0, 0, 0, 
53, 0, 57, -1, -1, 140, 37, 126.0, 7, , 14, 0, 0, 0, , 0, 0, 0, 0, 0, 
54, 0, 58, -1, -1, 149, 82, 197.0, 7, , 44, 0, 0, 0, , 0, 0, 0, 0, 0, 
55, 0, 60, -1, -1, 49, 110, 85.0, 9, , 123, 0, 0, 0, , 0, 0, 0, 0, 0, 
56, 0, 61, -1, -1, 90, 154, 103.0, 11, , 123, 0, 0, 0, , 0, 0, 0, 0, 0, 
57, 0, 62, -1, -1, 108, 41, 129.0, 11, , 19, 0, 0, 0, , 0, 0, 0, 0, 0, 
58, 0, 63, -1, -1, 64, 80, 137.0, 11, , 66, 0, 0, 0, , 0, 0, 0, 0, 0, 
59, 0, 64, -1, -1, 182, 37, 139.0, 7, , 30, 0, 0, 0, , 0, 0, 0, 0, 0, 
60, 0, 65, -1, -1, 160, 35, 158.0, 8, , 63, 0, 0, 0, , 0, 0, 0, 0, 0, 
61, 0, 67, -1, -1, 235, 73, 185.0, 7, , 48, 0, 0, 0, , 0, 0, 0, 0, 0, 
62, 0, 68, -1, -1, 297, 74, 178.0, 8, , 27, 0, 0, 0, , 0, 0, 0, 0, 0, 
63, 0, 70, -1, -1, 309, 103, 185.0, 7, , 13, 0, 0, 0, , 0, 0, 0, 0, 0, 
64, 0, 71, -1, -1, 92, 99, 196.0, 7, , 16, 0, 0, 0, , 0, 0, 0, 0, 0, 
65, 0, -1, -1, -1, 85, 104, 196.0, 8, , 25, 0, 0, 0, , 0, 0, 0, 0, 0, 
66, 0, -1, -1, -1, 91, 106, 197.0, 9, , 29, 0, 0, 0, , 0, 0, 0, 0, 0, 
67, 0, 73, -1, -1, 203, 74, 193.0, 9, , 48, 0, 0, 0, , 0, 0, 0, 0, 0, 
68, 0, 74, -1, -1, 112, 94, 192.0, 7, , 24, 0, 0, 0, , 0, 0, 0, 0, 0, 
69, 0, 75, -1, -1, 266, 98, 201.0, 8, , 54, 0, 0, 0, , 0, 0, 0, 0, 0, 
70, 0, 76, -1, -1, 154, 91, 207.0, 8, , 49, 0, 0, 0, , 0, 0, 0, 0, 0, 
71, 0, 77, -1, -1, 310, 73, 151.0, 7, , 28, 0, 0, 0, , 0, 0, 0, 0, 0, 
72, 0, 78, -1, -1, 141, 96, 194.0, 9, , 38, 0, 0, 0, , 0, 0, 0, 0, 0, 
73, 0, 79, -1, -1, 90, 158, 109.0, 9, , 52, 0, 0, 0, , 0, 0, 0, 0, 0, 
74, 0, 80, -1, -1, 70, 67, 132.0, 7, , 24, 0, 0, 0, , 0, 0, 0, 0, 0, 
75, 0, 81, -1, -1, 167, 50, 181.0, 9, , 46, 0, 0, 0, , 0, 0, 0, 0, 0, 
76, 0, 82, -1, -1, 296, 124, 179.0, 8, , 145, 0, 0, 0, , 0, 0, 0, 0, 0, 
77, 0, 83, -1, -1, 144, 93, 186.0, 8, , 15, 0, 0, 0, , 0, 0, 0, 0, 0, 
78, 0, 84, -1, -1, 152, 65, 193.0, 9, , 64, 0, 0, 0, , 0, 0, 0, 0, 0, 
79, 0, 85, -1, -1, 164, 131, 198.0, 8, , 5, 0, 0, 0, , 0, 0, 0, 0, 0, 
80, 0, 86, -1, -1, 131, 69, 198.0, 9, , 30, 0, 0, 0, , 0, 0, 0, 0, 0, 
81, 0, 87, -1, -1, 128, 86, 205.0, 7, , 30, 0, 0, 0, , 0, 0, 0, 0, 0, 
82, 0, 88, -1, -1, 169, 113, 201.0, 8, , 4, 0, 0, 0, , 0, 0, 0, 0, 0, 
83, 0, 89, -1, -1, 210, 133, 195.0, 9, , 16, 0, 0, 0, , 0, 0, 0, 0, 0, 
84, 0, 90, -1, -1, 264, 128, 189.0, 7, , 23, 0, 0, 0, , 0, 0, 0, 0, 0, 
85, 0, 91, -1, -1, 264, 130, 195.0, 11, , 62, 0, 0, 0, , 0, 0, 0, 0, 0, 
86, 0, 93, -1, -1, 53, 136, 134.0, 7, , 15, 0, 0, 0, , 0, 0, 0, 0, 0, 
87, 0, 94, -1, -1, 65, 102, 161.0, 8, , 56, 0, 0, 0, , 0, 0, 0, 0, 0, 
88, 0, 95, -1, -1, 296, 72, 168.0, 11, , 63, 0, 0, 0, , 0, 0, 0, 0, 0, 
89, 0, 96, -1, -1, 271, 59, 165.0, 8, , 15, 0, 0, 0, , 0, 0, 0, 0, 0, 
90, 0, 98, -1, -1, 83, 86, 181.0, 8, , 6, 0, 0, 0, , 0, 0, 0, 0, 0, 
91, 0, 100, -1, -1, 264, 128, 192.0, 8, , 49, 0, 0, 0, , 0, 0, 0, 0, 0, 
92, 0, 101, -1, -1, 185, 79, 199.0, 11, , 508, 0, 0, 0, , 0, 0, 0, 0, 0, 
93, 0, 104, -1, -1, 219, 114, 209.0, 9, , 50, 0, 0, 0, , 0, 0, 0, 0, 0, 
94, 0, 105, -1, -1, 72, 121, 155.0, 9, , 71, 0, 0, 0, , 0, 0, 0, 0, 0, 
95, 0, 107, -1, -1, 184, 51, 180.0, 8, , 12, 0, 0, 0, , 0, 0, 0, 0, 0, 
96, 0, 109, -1, -1, 66, 152, 114.0, 7, , 32, 0, 0, 0, , 0, 0, 0, 0, 0, 
97, 0, 110, -1, -1, 108, 161, 120.0, 8, , 18, 0, 0, 0, , 0, 0, 0, 0, 0, 
98, 0, 111, -1, -1, 39, 108, 129.0, 7, , 28, 0, 0, 0, , 0, 0, 0, 0, 0, 
99, 0, 112, -1, -1, 167, 31, 132.0, 11, , 54, 0, 0, 0, , 0, 0, 0, 0, 0, 
100, 0, 113, -1, -1, 69, 77, 129.0, 7, , 14, 0, 0, 0, , 0, 0, 0, 0, 0, 
101, 0, 114, -1, -1, 87, 72, 148.0, 7, , 35, 0, 0, 0, , 0, 0, 0, 0, 0, 
102, 0, 115, -1, -1, 315, 71, 146.0, 8, , 9, 0, 0, 0, , 0, 0, 0, 0, 0, 
103, 0, 116, -1, -1, 56, 105, 153.0, 8, , 38, 0, 0, 0, , 0, 0, 0, 0, 0, 
104, 0, 117, -1, -1, 120, 113, 177.0, 7, , 19, 0, 0, 0, , 0, 0, 0, 0, 0, 
105, 0, 118, -1, -1, 245, 53, 186.0, 7, , 38, 0, 0, 0, , 0, 0, 0, 0, 0, 
106, 0, 120, -1, -1, 137, 132, 198.0, 7, , 13, 0, 0, 0, , 0, 0, 0, 0, 0, 
107, 0, 121, -1, -1, 161, 105, 193.0, 7, , 38, 0, 0, 0, , 0, 0, 0, 0, 0, 
108, 0, 122, -1, -1, 148, 30, 137.0, 9, , 29, 0, 0, 0, , 0, 0, 0, 0, 0, 
109, 0, 123, -1, -1, 266, 59, 162.0, 8, , 14, 0, 0, 0, , 0, 0, 0, 0, 0, 
110, 0, 124, -1, -1, 162, 46, 190.0, 9, , 27, 0, 0, 0, , 0, 0, 0, 0, 0, 
111, 0, 125, -1, -1, 209, 133, 197.0, 9, , 27, 0, 0, 0, , 0, 0, 0, 0, 0, 
112, 0, 126, -1, -1, 169, 90, 194.0, 7, , 16, 0, 0, 0, , 0, 0, 0, 0, 0, 
113, 0, 127, -1, -1, 104, 41, 124.0, 9, , 29, 0, 0, 0, , 0, 0, 0, 0, 0, 
114, 0, 128, -1, -1, 104, 41, 126.0, 9, , 35, 0, 0, 0, , 0, 0, 0, 0, 0, 
115, 0, 129, -1, -1, 302, 60, 151.0, 9, , 64, 0, 0, 0, , 0, 0, 0, 0, 0, 
116, 0, 131, -1, -1, 265, 102, 196.0, 9, , 42, 0, 0, 0, , 0, 0, 0, 0, 0, 
117, 0, 132, -1, -1, 181, 46, 178.0, 11, , 56, 0, 0, 0, , 0, 0, 0, 0, 0, 
118, 0, 133, -1, -1, 145, 173, 135.0, 8, , 24, 0, 0, 0, , 0, 0, 0, 0, 0, 
119, 0, 134, -1, -1, 173, 35, 136.0, 7, , 14, 0, 0, 0, , 0, 0, 0, 0, 0, 
120, 0, 135, -1, -1, 45, 94, 139.0, 7, , 21, 0, 0, 0, , 0, 0, 0, 0, 0, 
121, 0, 136, -1, -1, 108, 70, 150.0, 9, , 32, 0, 0, 0, , 0, 0, 0, 0, 0, 
122, 0, 137, -1, -1, 129, 54, 162.0, 11, , 104, 0, 0, 0, , 0, 0, 0, 0, 0, 
123, 0, 138, -1, -1, 85, 67, 169.0, 8, , 50, 0, 0, 0, , 0, 0, 0, 0, 0, 
124, 0, -1, -1, -1, 195, 147, 171.0, 8, , 28, 0, 0, 0, , 0, 0, 0, 0, 0, 
125, 0, -1, -1, -1, 191, 146, 171.0, 9, , 30, 0, 0, 0, , 0, 0, 0, 0, 0, 
126, 0, 140, -1, -1, 78, 91, 179.0, 7, , 54, 0, 0, 0, , 0, 0, 0, 0, 0, 
127, 0, 141, -1, -1, 148, 116, 183.0, 7, , 21, 0, 0, 0, , 0, 0, 0, 0, 0, 
128, 0, 142, -1, -1, 297, 103, 184.0, 9, , 21, 0, 0, 0, , 0, 0, 0, 0, 0, 
129, 0, 143, -1, -1, 149, 121, 188.0, 11, , 122, 0, 0, 0, , 0, 0, 0, 0, 0, 
130, 0, 144, -1, -1, 301, 104, 189.0, 9, , 56, 0, 0, 0, , 0, 0, 0, 0, 0, 
131, 0, 145, -1, -1, 85, 103, 192.0, 9, , 36, 0, 0, 0, , 0, 0, 0, 0, 0, 
132, 0, 146, -1, -1, 91, 105, 199.0, 9, , 18, 0, 0, 0, , 0, 0, 0, 0, 0, 
133, 0, 147, -1, -1, 181, 98, 210.0, 8, , 40, 0, 0, 0, , 0, 0, 0, 0, 0, 
134, 0, 148, -1, -1, 298, 56, 157.0, 8, , 20, 0, 0, 0, , 0, 0, 0, 0, 0, 
135, 0, 149, -1, -1, 135, 165, 167.0, 9, , 11, 0, 0, 0, , 0, 0, 0, 0, 0, 
136, 0, 151, -1, -1, 208, 67, 195.0, 8, , 39, 0, 0, 0, , 0, 0, 0, 0, 0, 
137, 0, 152, -1, -1, 193, 61, 195.0, 7, , 18, 0, 0, 0, , 0, 0, 0, 0, 0, 
138, 0, 153, -1, -1, 137, 88, 204.0, 7, , 16, 0, 0, 0, , 0, 0, 0, 0, 0, 
139, 0, 154, -1, -1, 201, 112, 211.0, 9, , 55, 0, 0, 0, , 0, 0, 0, 0, 0, 
140, 0, 156, -1, -1, 245, 86, 208.0, 9, , 69, 0, 0, 0, , 0, 0, 0, 0, 0, 
141, 0, 157, -1, -1, 146, 173, 140.0, 8, , 58, 0, 0, 0, , 0, 0, 0, 0, 0, 
142, 0, 159, -1, -1, 118, 52, 184.0, 7, , 19, 0, 0, 0, , 0, 0, 0, 0, 0, 
143, 0, 160, -1, -1, 142, 95, 190.0, 9, , 107, 0, 0, 0, , 0, 0, 0, 0, 0, 
144, 0, 161, -1, -1, 234, 102, 203.0, 9, , 22, 0, 0, 0, , 0, 0, 0, 0, 0, 
145, 0, 163, -1, -1, 137, 127, 130.0, 8, , 3, 0, 0, 0, , 0, 0, 0, 0, 0, 
146, 0, 164, -1, -1, 279, 139, 177.0, 8, , 27, 0, 0, 0, , 0, 0, 0, 0, 0, 
147, 0, 164, -1, -1, 285, 140, 178.0, 9, , 86, 0, 0, 0, , 0, 0, 0, 0, 0, 
148, 0, 165, -1, -1, 152, 115, 191.0, 7, , 26, 0, 0, 0, , 0, 0, 0, 0, 0, 
149, 0, 166, -1, -1, 116, 70, 80.0, 7, , 12, 0, 0, 0, , 0, 0, 0, 0, 0, 
150, 0, 167, -1, -1, 137, 33, 108.0, 9, , 64, 0, 0, 0, , 0, 0, 0, 0, 0, 
151, 0, 168, -1, -1, 58, 120, 111.0, 9, , 40, 0, 0, 0, , 0, 0, 0, 0, 0, 
152, 0, 170, -1, -1, 58, 134, 131.0, 8, , 27, 0, 0, 0, , 0, 0, 0, 0, 0, 
153, 0, 172, -1, -1, 314, 70, 149.0, 9, , 24, 0, 0, 0, , 0, 0, 0, 0, 0, 
154, 0, 174, -1, -1, 49, 105, 152.0, 8, , 58, 0, 0, 0, , 0, 0, 0, 0, 0, 
155, 0, 176, -1, -1, 107, 70, 153.0, 9, , 45, 0, 0, 0, , 0, 0, 0, 0, 0, 
156, 1, 177, 148, -1, 156, 34, 160.0, 13, ABpraappaa, 27, 0, 0, 0, , 0, 0, 0, 0, 0, 
157, 0, 179, -1, -1, 245, 59, 164.0, 7, , 40, 0, 0, 0, , 0, 0, 0, 0, 0, 
158, 0, 181, -1, -1, 73, 156, 155.0, 7, , 31, 0, 0, 0, , 0, 0, 0, 0, 0, 
159, 0, 183, -1, -1, 318, 94, 168.0, 8, , 26, 0, 0, 0, , 0, 0, 0, 0, 0, 
160, 0, 184, -1, -1, 76, 80, 177.0, 8, , 13, 0, 0, 0, , 0, 0, 0, 0, 0, 
161, 0, 185, -1, -1, 242, 54, 180.0, 11, , 71, 0, 0, 0, , 0, 0, 0, 0, 0, 
162, 0, 186, -1, -1, 278, 140, 174.0, 8, , 18, 0, 0, 0, , 0, 0, 0, 0, 0, 
163, 0, 187, -1, -1, 284, 136, 172.0, 8, , 11, 0, 0, 0, , 0, 0, 0, 0, 0, 
164, 0, 188, -1, -1, 119, 119, 175.0, 8, , 32, 0, 0, 0, , 0, 0, 0, 0, 0, 
165, 0, 189, -1, -1, 235, 74, 183.0, 8, , 31, 0, 0, 0, , 0, 0, 0, 0, 0, 
166, 0, 190, -1, -1, 160, 50, 183.0, 8, , 7, 0, 0, 0, , 0, 0, 0, 0, 0, 
167, 0, 191, -1, -1, 225, 52, 184.0, 8, , 11, 0, 0, 0, , 0, 0, 0, 0, 0, 
168, 0, 193, -1, -1, 252, 113, 198.0, 9, , 23, 0, 0, 0, , 0, 0, 0, 0, 0, 
169, 0, 194, -1, -1, 157, 137, 200.0, 8, , 12, 0, 0, 0, , 0, 0, 0, 0, 0, 
170, 0, 195, -1, -1, 66, 66, 124.0, 9, , 25, 0, 0, 0, , 0, 0, 0, 0, 0, 
171, 0, 196, -1, -1, 165, 91, 119.0, 7, , 25, 0, 0, 0, , 0, 0, 0, 0, 0, 
172, 0, 197, -1, -1, 89, 104, 156.0, 8, , 8, 0, 0, 0, , 0, 0, 0, 0, 0, 
173, 0, 198, -1, -1, 143, 171, 165.0, 9, , 11, 0, 0, 0, , 0, 0, 0, 0, 0, 
174, 0, 201, -1, -1, 304, 105, 175.0, 9, , 57, 0, 0, 0, , 0, 0, 0, 0, 0, 
175, 0, 202, -1, -1, 138, 93, 184.0, 9, , 37, 0, 0, 0, , 0, 0, 0, 0, 0, 
176, 0, 203, -1, -1, 127, 55, 189.0, 8, , 14, 0, 0, 0, , 0, 0, 0, 0, 0, 
177, 0, 204, -1, -1, 301, 108, 187.0, 7, , 12, 0, 0, 0, , 0, 0, 0, 0, 0, 
178, 0, 205, -1, -1, 187, 75, 195.0, 9, , 100, 0, 0, 0, , 0, 0, 0, 0, 0, 
179, 0, 206, -1, -1, 241, 88, 210.0, 11, , 184, 0, 0, 0, , 0, 0, 0, 0, 0, 
180, 0, 207, -1, -1, 314, 75, 145.0, 8, , 12, 0, 0, 0, , 0, 0, 0, 0, 0, 
181, 0, 208, -1, -1, 65, 66, 122.0, 9, , 39, 0, 0, 0, , 0, 0, 0, 0, 0, 
182, 0, 211, -1, -1, 99, 126, 185.0, 11, , 79, 0, 0, 0, , 0, 0, 0, 0, 0, 
183, 0, 212, -1, -1, 102, 127, 187.0, 7, , 19, 0, 0, 0, , 0, 0, 0, 0, 0, 
184, 0, 213, -1, -1, 37, 108, 120.0, 8, , 25, 0, 0, 0, , 0, 0, 0, 0, 0, 
185, 0, 214, -1, -1, 63, 66, 126.0, 8, , 15, 0, 0, 0, , 0, 0, 0, 0, 0, 
186, 0, 216, -1, -1, 109, 71, 128.0, 7, , 22, 0, 0, 0, , 0, 0, 0, 0, 0, 
187, 0, 217, -1, -1, 61, 110, 128.0, 7, , 7, 0, 0, 0, , 0, 0, 0, 0, 0, 
188, 0, 218, -1, -1, 49, 94, 133.0, 7, , 18, 0, 0, 0, , 0, 0, 0, 0, 0, 
189, 0, 219, -1, -1, 67, 94, 141.0, 7, , 20, 0, 0, 0, , 0, 0, 0, 0, 0, 
190, 0, 220, -1, -1, 126, 51, 146.0, 9, , 27, 0, 0, 0, , 0, 0, 0, 0, 0, 
191, 0, 221, -1, -1, 266, 43, 150.0, 8, , 8, 0, 0, 0, , 0, 0, 0, 0, 0, 
192, 0, 222, -1, -1, 84, 66, 151.0, 7, , 62, 0, 0, 0, , 0, 0, 0, 0, 0, 
193, 0, 223, -1, -1, 121, 47, 151.0, 9, , 22, 0, 0, 0, , 0, 0, 0, 0, 0, 
194, 0, 225, -1, -1, 110, 148, 182.0, 9, , 31, 0, 0, 0, , 0, 0, 0, 0, 0, 
195, 0, 226, -1, -1, 236, 50, 181.0, 9, , 35, 0, 0, 0, , 0, 0, 0, 0, 0, 
196, 0, 227, -1, -1, 265, 75, 184.0, 7, , 17, 0, 0, 0, , 0, 0, 0, 0, 0, 
197, 0, 228, -1, -1, 182, 47, 191.0, 9, , 48, 0, 0, 0, , 0, 0, 0, 0, 0, 
198, 0, 229, -1, -1, 187, 45, 185.0, 7, , 6, 0, 0, 0, , 0, 0, 0, 0, 0, 
199, 0, 230, -1, -1, 163, 92, 195.0, 8, , 25, 0, 0, 0, , 0, 0, 0, 0, 0, 
200, 0, 231, -1, -1, 197, 61, 189.0, 11, , 31, 0, 0, 0, , 0, 0, 0, 0, 0, 
201, 0, 232, -1, -1, 120, 127, 197.0, 9, , 58, 0, 0, 0, , 0, 0, 0, 0, 0, 
202, 0, 233, -1, -1, 234, 108, 202.0, 7, , 28, 0, 0, 0, , 0, 0, 0, 0, 0, 
203, 0, 234, -1, -1, 173, 100, 210.0, 7, , 28, 0, 0, 0, , 0, 0, 0, 0, 0, 
204, 0, 235, -1, -1, 238, 73, 203.0, 8, , 16, 0, 0, 0, , 0, 0, 0, 0, 0, 
205, 0, 236, -1, -1, 241, 84, 206.0, 7, , 24, 0, 0, 0, , 0, 0, 0, 0, 0, 
206, 0, 237, -1, -1, 184, 104, 209.0, 8, , 37, 0, 0, 0, , 0, 0, 0, 0, 0, 
207, 0, 238, -1, -1, 98, 52, 135.0, 7, , 5, 0, 0, 0, , 0, 0, 0, 0, 0, 
208, 0, 239, -1, -1, 276, 44, 149.0, 7, , 28, 0, 0, 0, , 0, 0, 0, 0, 0, 
209, 0, 240, -1, -1, 262, 148, 174.0, 9, , 36, 0, 0, 0, , 0, 0, 0, 0, 0, 
210, 0, 241, -1, -1, 153, 120, 183.0, 9, , 71, 0, 0, 0, , 0, 0, 0, 0, 0, 
211, 0, 242, -1, -1, 114, 53, 183.0, 9, , 73, 0, 0, 0, , 0, 0, 0, 0, 0, 
212, 0, 244, -1, -1, 269, 75, 179.0, 8, , 11, 0, 0, 0, , 0, 0, 0, 0, 0, 
213, 0, 245, -1, -1, 185, 43, 183.0, 9, , 9, 0, 0, 0, , 0, 0, 0, 0, 0, 
214, 0, 247, -1, -1, 171, 62, 195.0, 8, , 51, 0, 0, 0, , 0, 0, 0, 0, 0, 
215, 0, 248, -1, -1, 234, 102, 200.0, 9, , 46, 0, 0, 0, , 0, 0, 0, 0, 0, 
216, 0, 250, -1, -1, 114, 127, 200.0, 7, , 21, 0, 0, 0, , 0, 0, 0, 0, 0, 
217, 0, 251, -1, -1, 266, 100, 205.0, 7, , 17, 0, 0, 0, , 0, 0, 0, 0, 0, 
218, 0, 252, -1, -1, 238, 84, 207.0, 9, , 41, 0, 0, 0, , 0, 0, 0, 0, 0, 
219, 0, 253, -1, -1, 157, 94, 210.0, 7, , 33, 0, 0, 0, , 0, 0, 0, 0, 0, 
220, 0, 254, -1, -1, 165, 31, 145.0, 9, , 53, 0, 0, 0, , 0, 0, 0, 0, 0, 
221, 0, 255, -1, -1, 146, 29, 137.0, 9, , 21, 0, 0, 0, , 0, 0, 0, 0, 0, 
222, 0, 256, -1, -1, 86, 88, 69.0, 9, , 63, 0, 0, 0, , 0, 0, 0, 0, 0, 
223, 0, 257, -1, -1, 76, 92, 94.0, 8, , 45, 0, 0, 0, , 0, 0, 0, 0, 0, 
224, 0, 259, -1, -1, 58, 126, 101.0, 8, , 24, 0, 0, 0, , 0, 0, 0, 0, 0, 
225, 0, 261, -1, -1, 131, 44, 133.0, 7, , 22, 0, 0, 0, , 0, 0, 0, 0, 0, 
226, 0, 265, -1, -1, 65, 152, 155.0, 9, , 25, 0, 0, 0, , 0, 0, 0, 0, 0, 
227, 0, 266, -1, -1, 93, 62, 152.0, 8, , 44, 0, 0, 0, , 0, 0, 0, 0, 0, 
228, 0, 268, -1, -1, 186, 44, 165.0, 9, , 32, 0, 0, 0, , 0, 0, 0, 0, 0, 
229, 0, 269, -1, -1, 301, 70, 173.0, 8, , 10, 0, 0, 0, , 0, 0, 0, 0, 0, 
230, 0, 270, -1, -1, 297, 68, 171.0, 7, , 41, 0, 0, 0, , 0, 0, 0, 0, 0, 
231, 0, 271, -1, -1, 110, 59, 174.0, 8, , 10, 0, 0, 0, , 0, 0, 0, 0, 0, 
232, 0, 272, -1, -1, 163, 50, 177.0, 9, , 47, 0, 0, 0, , 0, 0, 0, 0, 0, 
233, 0, 273, -1, -1, 145, 47, 180.0, 7, , 28, 0, 0, 0, , 0, 0, 0, 0, 0, 
234, 0, 274, -1, -1, 104, 146, 182.0, 9, , 44, 0, 0, 0, , 0, 0, 0, 0, 0, 
235, 0, 275, -1, -1, 138, 127, 181.0, 9, , 65, 0, 0, 0, , 0, 0, 0, 0, 0, 
236, 0, 276, -1, -1, 195, 148, 183.0, 8, , 51, 0, 0, 0, , 0, 0, 0, 0, 0, 
237, 0, 277, -1, -1, 100, 120, 191.0, 11, , 99, 0, 0, 0, , 0, 0, 0, 0, 0, 
238, 0, 278, -1, -1, 193, 147, 186.0, 9, , 48, 0, 0, 0, , 0, 0, 0, 0, 0, 
239, 0, 279, -1, -1, 108, 74, 186.0, 7, , 33, 0, 0, 0, , 0, 0, 0, 0, 0, 
240, 0, 280, -1, -1, 269, 70, 192.0, 9, , 12, 0, 0, 0, , 0, 0, 0, 0, 0, 
241, 0, 281, -1, -1, 97, 129, 190.0, 9, , 72, 0, 0, 0, , 0, 0, 0, 0, 0, 
242, 0, 282, -1, -1, 223, 164, 191.0, 9, , 38, 0, 0, 0, , 0, 0, 0, 0, 0, 
243, 0, 283, -1, -1, 256, 89, 193.0, 9, , 80, 0, 0, 0, , 0, 0, 0, 0, 0, 
244, 0, 284, -1, -1, 188, 85, 195.0, 8, , 59, 0, 0, 0, , 0, 0, 0, 0, 0, 
245, 0, 285, -1, -1, 189, 80, 193.0, 8, , 81, 0, 0, 0, , 0, 0, 0, 0, 0, 
246, 0, 286, -1, -1, 203, 75, 198.0, 9, , 42, 0, 0, 0, , 0, 0, 0, 0, 0, 
247, 0, 287, -1, -1, 170, 90, 204.0, 9, , 54, 0, 0, 0, , 0, 0, 0, 0, 0, 
248, 0, 288, -1, -1, 248, 117, 204.0, 9, , 57, 0, 0, 0, , 0, 0, 0, 0, 0, 
249, 0, 289, -1, -1, 120, 98, 205.0, 8, , 23, 0, 0, 0, , 0, 0, 0, 0, 0, 
250, 0, 290, -1, -1, 134, 84, 201.0, 7, , 16, 0, 0, 0, , 0, 0, 0, 0, 0, 
251, 0, 291, -1, -1, 198, 111, 205.0, 9, , 88, 0, 0, 0, , 0, 0, 0, 0, 0, 
252, 0, 292, -1, -1, 38, 107, 123.0, 9, , 45, 0, 0, 0, , 0, 0, 0, 0, 0, 
253, 0, 293, -1, -1, 162, 26, 137.0, 9, , 29, 0, 0, 0, , 0, 0, 0, 0, 0, 
254, 0, 295, -1, -1, 183, 43, 166.0, 9, , 24, 0, 0, 0, , 0, 0, 0, 0, 0, 
255, 0, 296, -1, -1, 316, 89, 173.0, 9, , 56, 0, 0, 0, , 0, 0, 0, 0, 0, 
256, 0, 297, -1, -1, 108, 54, 180.0, 9, , 53, 0, 0, 0, , 0, 0, 0, 0, 0, 
257, 0, 299, -1, -1, 139, 120, 179.0, 7, , 5, 0, 0, 0, , 0, 0, 0, 0, 0, 
258, 0, 300, -1, -1, 171, 60, 192.0, 9, , 33, 0, 0, 0, , 0, 0, 0, 0, 0, 
259, 0, 301, -1, -1, 173, 64, 198.0, 8, , 24, 0, 0, 0, , 0, 0, 0, 0, 0, 
260, 0, 304, -1, -1, 196, 57, 201.0, 9, , 26, 0, 0, 0, , 0, 0, 0, 0, 0, 
261, 0, 305, -1, -1, 136, 32, 110.0, 9, , 50, 0, 0, 0, , 0, 0, 0, 0, 0, 
262, 0, 306, -1, -1, 135, 122, 135.0, 8, , 14, 0, 0, 0, , 0, 0, 0, 0, 0, 
263, 0, 307, -1, -1, 76, 76, 158.0, 8, , 24, 0, 0, 0, , 0, 0, 0, 0, 0, 
264, 0, 308, -1, -1, 291, 71, 170.0, 7, , 7, 0, 0, 0, , 0, 0, 0, 0, 0, 
265, 0, 309, -1, -1, 197, 169, 172.0, 9, , 39, 0, 0, 0, , 0, 0, 0, 0, 0, 
266, 0, 310, -1, -1, 263, 55, 168.0, 7, , 15, 0, 0, 0, , 0, 0, 0, 0, 0, 
267, 0, 311, -1, -1, 129, 49, 159.0, 9, , 20, 0, 0, 0, , 0, 0, 0, 0, 0, 
268, 0, 313, -1, -1, 64, 108, 173.0, 8, , 13, 0, 0, 0, , 0, 0, 0, 0, 0, 
269, 0, 314, -1, -1, 263, 59, 171.0, 9, , 49, 0, 0, 0, , 0, 0, 0, 0, 0, 
270, 0, 315, -1, -1, 284, 140, 176.0, 8, , 28, 0, 0, 0, , 0, 0, 0, 0, 0, 
271, 0, 316, -1, -1, 79, 82, 181.0, 8, , 27, 0, 0, 0, , 0, 0, 0, 0, 0, 
272, 0, 317, -1, -1, 296, 108, 183.0, 8, , 13, 0, 0, 0, , 0, 0, 0, 0, 0, 
273, 0, 318, -1, -1, 155, 86, 197.0, 8, , 14, 0, 0, 0, , 0, 0, 0, 0, 0, 
274, 0, 319, -1, -1, 192, 110, 192.0, 8, , 20, 0, 0, 0, , 0, 0, 0, 0, 0, 
275, 0, 320, -1, -1, 190, 111, 196.0, 7, , 17, 0, 0, 0, , 0, 0, 0, 0, 0, 
276, 0, 322, -1, -1, 139, 72, 194.0, 7, , 44, 0, 0, 0, , 0, 0, 0, 0, 0, 
277, 0, 323, -1, -1, 168, 137, 200.0, 8, , 60, 0, 0, 0, , 0, 0, 0, 0, 0, 
278, 0, 324, -1, -1, 198, 111, 197.0, 7, , 22, 0, 0, 0, , 0, 0, 0, 0, 0, 
279, 0, 325, -1, -1, 162, 108, 203.0, 7, , 70, 0, 0, 0, , 0, 0, 0, 0, 0, 
280, 0, 326, -1, -1, 114, 92, 202.0, 8, , 35, 0, 0, 0, , 0, 0, 0, 0, 0, 
281, 0, 327, -1, -1, 158, 94, 207.0, 7, , 25, 0, 0, 0, , 0, 0, 0, 0, 0, 
282, 0, 328, -1, -1, 132, 88, 210.0, 8, , 29, 0, 0, 0, , 0, 0, 0, 0, 0, 
283, 0, 329, -1, -1, 208, 46, 143.0, 11, , 55, 0, 0, 0, , 0, 0, 0, 0, 0, 
284, 0, 330, -1, -1, 183, 39, 148.0, 7, , 42, 0, 0, 0, , 0, 0, 0, 0, 0, 
285, 0, 331, -1, -1, 201, 110, 188.0, 8, , 17, 0, 0, 0, , 0, 0, 0, 0, 0, 
286, 0, 332, -1, -1, 152, 80, 192.0, 9, , 22, 0, 0, 0, , 0, 0, 0, 0, 0, 
287, 0, 334, -1, -1, 120, 126, 207.0, 9, , 56, 0, 0, 0, , 0, 0, 0, 0, 0, 
288, 0, 335, -1, -1, 101, 133, 159.0, 7, , 25, 0, 0, 0, , 0, 0, 0, 0, 0, 
289, 0, 336, -1, -1, 78, 89, 172.0, 8, , 39, 0, 0, 0, , 0, 0, 0, 0, 0, 
290, 0, 338, -1, -1, 74, 154, 150.0, 9, , 19, 0, 0, 0, , 0, 0, 0, 0, 0, 
291, 0, 339, -1, -1, 106, 69, 152.0, 9, , 46, 0, 0, 0, , 0, 0, 0, 0, 0, 
292, 0, 340, -1, -1, 116, 95, 185.0, 9, , 43, 0, 0, 0, , 0, 0, 0, 0, 0, 
293, 0, 341, -1, -1, 89, 141, 76.0, 9, , 9, 0, 0, 0, , 0, 0, 0, 0, 0, 
294, 0, 342, -1, -1, 78, 93, 92.0, 13, , 69, 0, 0, 0, , 0, 0, 0, 0, 0, 
295, 0, 343, -1, -1, 123, 164, 94.0, 7, , 47, 0, 0, 0, , 0, 0, 0, 0, 0, 
296, 0, 344, -1, -1, 120, 167, 101.0, 8, , 57, 0, 0, 0, , 0, 0, 0, 0, 0, 
297, 0, 345, -1, -1, 144, 171, 101.0, 9, , 10, 0, 0, 0, , 0, 0, 0, 0, 0, 
298, 0, 347, -1, -1, 100, 46, 111.0, 9, , 40, 0, 0, 0, , 0, 0, 0, 0, 0, 
299, 0, 348, -1, -1, 90, 165, 106.0, 9, , 28, 0, 0, 0, , 0, 0, 0, 0, 0, 
300, 0, 349, -1, -1, 112, 168, 114.0, 9, , 33, 0, 0, 0, , 0, 0, 0, 0, 0, 
301, 0, 351, -1, -1, 77, 148, 116.0, 7, , 38, 0, 0, 0, , 0, 0, 0, 0, 0, 
302, 0, 352, -1, -1, 109, 165, 119.0, 11, , 68, 0, 0, 0, , 0, 0, 0, 0, 0, 
303, 0, 353, -1, -1, 129, 174, 127.0, 7, , 18, 0, 0, 0, , 0, 0, 0, 0, 0, 
304, 0, 354, -1, -1, 138, 33, 127.0, 8, , 17, 0, 0, 0, , 0, 0, 0, 0, 0, 
305, 0, 355, -1, -1, 61, 146, 131.0, 7, , 33, 0, 0, 0, , 0, 0, 0, 0, 0, 
306, 0, 356, -1, -1, 137, 34, 129.0, 9, , 22, 0, 0, 0, , 0, 0, 0, 0, 0, 
307, 0, 357, -1, -1, 43, 99, 132.0, 7, , 22, 0, 0, 0, , 0, 0, 0, 0, 0, 
308, 0, 358, -1, -1, 211, 41, 134.0, 9, , 56, 0, 0, 0, , 0, 0, 0, 0, 0, 
309, 0, 360, -1, -1, 41, 94, 134.0, 8, , 21, 0, 0, 0, , 0, 0, 0, 0, 0, 
310, 0, 361, -1, -1, 198, 176, 132.0, 9, , 22, 0, 0, 0, , 0, 0, 0, 0, 0, 
311, 0, 362, -1, -1, 48, 94, 135.0, 7, , 15, 0, 0, 0, , 0, 0, 0, 0, 0, 
312, 0, 363, -1, -1, 164, 32, 142.0, 7, , 26, 0, 0, 0, , 0, 0, 0, 0, 0, 
313, 0, 364, -1, -1, 120, 52, 136.0, 9, , 35, 0, 0, 0, , 0, 0, 0, 0, 0, 
314, 0, 365, -1, -1, 138, 35, 145.0, 7, , 20, 0, 0, 0, , 0, 0, 0, 0, 0, 
315, 0, 366, -1, -1, 314, 75, 141.0, 8, , 23, 0, 0, 0, , 0, 0, 0, 0, 0, 
316, 0, 369, -1, -1, 67, 156, 147.0, 8, , 20, 0, 0, 0, , 0, 0, 0, 0, 0, 
317, 0, 370, -1, -1, 85, 97, 151.0, 7, , 45, 0, 0, 0, , 0, 0, 0, 0, 0, 
318, 0, 372, -1, -1, 269, 48, 151.0, 8, , 4, 0, 0, 0, , 0, 0, 0, 0, 0, 
319, 0, 373, -1, -1, 85, 68, 153.0, 8, , 29, 0, 0, 0, , 0, 0, 0, 0, 0, 
320, 0, 374, -1, -1, 83, 100, 159.0, 9, , 60, 0, 0, 0, , 0, 0, 0, 0, 0, 
321, 0, 375, -1, -1, 156, 35, 162.0, 9, , 100, 0, 0, 0, , 0, 0, 0, 0, 0, 
322, 0, 376, -1, -1, 65, 106, 162.0, 7, , 51, 0, 0, 0, , 0, 0, 0, 0, 0, 
323, 0, 377, -1, -1, 60, 107, 164.0, 7, , 25, 0, 0, 0, , 0, 0, 0, 0, 0, 
324, 0, 377, -1, -1, 65, 98, 165.0, 8, , 49, 0, 0, 0, , 0, 0, 0, 0, 0, 
325, 0, 378, -1, -1, 133, 55, 157.0, 9, , 55, 0, 0, 0, , 0, 0, 0, 0, 0, 
326, 0, 379, -1, -1, 101, 131, 166.0, 9, , 56, 0, 0, 0, , 0, 0, 0, 0, 0, 
327, 0, 380, -1, -1, 131, 150, 163.0, 11, , 64, 0, 0, 0, , 0, 0, 0, 0, 0, 
328, 0, 381, -1, -1, 70, 99, 169.0, 8, , 34, 0, 0, 0, , 0, 0, 0, 0, 0, 
329, 0, 382, -1, -1, 269, 151, 172.0, 7, , 17, 0, 0, 0, , 0, 0, 0, 0, 0, 
330, 0, 383, -1, -1, 69, 99, 168.0, 7, , 11, 0, 0, 0, , 0, 0, 0, 0, 0, 
331, 0, 384, -1, -1, 69, 123, 171.0, 9, , 51, 0, 0, 0, , 0, 0, 0, 0, 0, 
332, 0, 385, -1, -1, 101, 133, 162.0, 8, , 31, 0, 0, 0, , 0, 0, 0, 0, 0, 
333, 0, 386, -1, -1, 138, 127, 175.0, 11, , 54, 0, 0, 0, , 0, 0, 0, 0, 0, 
334, 0, 387, -1, -1, 139, 166, 171.0, 9, , 42, 0, 0, 0, , 0, 0, 0, 0, 0, 
335, 0, 388, -1, -1, 93, 71, 174.0, 8, , 92, 0, 0, 0, , 0, 0, 0, 0, 0, 
336, 0, 389, -1, -1, 138, 167, 177.0, 11, , 71, 0, 0, 0, , 0, 0, 0, 0, 0, 
337, 0, 390, -1, -1, 89, 69, 176.0, 8, , 10, 0, 0, 0, , 0, 0, 0, 0, 0, 
338, 0, 391, -1, -1, 135, 90, 176.0, 8, , 16, 0, 0, 0, , 0, 0, 0, 0, 0, 
339, 0, 392, -1, -1, 312, 88, 177.0, 9, , 90, 0, 0, 0, , 0, 0, 0, 0, 0, 
340, 0, 393, -1, -1, 87, 68, 177.0, 11, , 118, 0, 0, 0, , 0, 0, 0, 0, 0, 
341, 0, 394, -1, -1, 221, 47, 174.0, 9, , 30, 0, 0, 0, , 0, 0, 0, 0, 0, 
342, 0, 395, -1, -1, 80, 138, 181.0, 8, , 34, 0, 0, 0, , 0, 0, 0, 0, 0, 
343, 0, 396, -1, -1, 75, 85, 185.0, 8, , 17, 0, 0, 0, , 0, 0, 0, 0, 0, 
344, 0, 397, -1, -1, 114, 114, 183.0, 9, , 71, 0, 0, 0, , 0, 0, 0, 0, 0, 
345, 0, 398, -1, -1, 110, 73, 190.0, 9, , 91, 0, 0, 0, , 0, 0, 0, 0, 0, 
346, 0, 399, -1, -1, 177, 47, 185.0, 9, , 61, 0, 0, 0, , 0, 0, 0, 0, 0, 
347, 0, 400, -1, -1, 102, 126, 191.0, 8, , 58, 0, 0, 0, , 0, 0, 0, 0, 0, 
348, 0, 401, -1, -1, 135, 70, 189.0, 9, , 71, 0, 0, 0, , 0, 0, 0, 0, 0, 
349, 0, 402, -1, -1, 146, 63, 194.0, 9, , 59, 0, 0, 0, , 0, 0, 0, 0, 0, 
350, 0, 403, -1, -1, 136, 131, 199.0, 7, , 46, 0, 0, 0, , 0, 0, 0, 0, 0, 
351, 0, 404, -1, -1, 266, 100, 198.0, 9, , 52, 0, 0, 0, , 0, 0, 0, 0, 0, 
352, 0, 405, -1, -1, 165, 136, 205.0, 13, , 141, 0, 0, 0, , 0, 0, 0, 0, 0, 
353, 0, 407, -1, -1, 75, 140, 94.0, 8, , 22, 0, 0, 0, , 0, 0, 0, 0, 0, 
354, 0, 408, -1, -1, 129, 41, 129.0, 8, , 18, 0, 0, 0, , 0, 0, 0, 0, 0, 
355, 0, 409, -1, -1, 119, 51, 138.0, 11, , 37, 0, 0, 0, , 0, 0, 0, 0, 0, 
356, 0, 410, -1, -1, 112, 132, 146.0, 9, , 46, 0, 0, 0, , 0, 0, 0, 0, 0, 
357, 0, 411, -1, -1, 91, 57, 154.0, 8, , 101, 0, 0, 0, , 0, 0, 0, 0, 0, 
358, 0, 412, -1, -1, 155, 36, 166.0, 9, , 34, 0, 0, 0, , 0, 0, 0, 0, 0, 
359, 0, 413, -1, -1, 311, 88, 171.0, 9, , 55, 0, 0, 0, , 0, 0, 0, 0, 0, 
360, 0, 414, -1, -1, 140, 49, 176.0, 9, , 94, 0, 0, 0, , 0, 0, 0, 0, 0, 
361, 0, 415, -1, -1, 295, 125, 177.0, 11, , 149, 0, 0, 0, , 0, 0, 0, 0, 0, 
362, 0, 416, -1, -1, 127, 52, 180.0, 9, , 51, 0, 0, 0, , 0, 0, 0, 0, 0, 
363, 0, 417, -1, -1, 90, 69, 181.0, 8, , 25, 0, 0, 0, , 0, 0, 0, 0, 0, 
364, 0, 418, -1, -1, 165, 47, 183.0, 7, , 25, 0, 0, 0, , 0, 0, 0, 0, 0, 
365, 0, 419, -1, -1, 259, 88, 188.0, 11, , 91, 0, 0, 0, , 0, 0, 0, 0, 0, 
366, 0, 420, -1, -1, 120, 119, 199.0, 9, , 48, 0, 0, 0, , 0, 0, 0, 0, 0, 
367, 0, 421, -1, -1, 143, 173, 145.0, 11, , 80, 0, 0, 0, , 0, 0, 0, 0, 0, 
368, 0, 422, -1, -1, 113, 74, 187.0, 11, , 101, 0, 0, 0, , 0, 0, 0, 0, 0, 
369, 0, 423, -1, -1, 143, 132, 204.0, 7, , 29, 0, 0, 0, , 0, 0, 0, 0, 0, 
370, 0, 424, -1, -1, 213, 181, 115.0, 9, , 34, 0, 0, 0, , 0, 0, 0, 0, 0, 
371, 0, 425, -1, -1, 210, 43, 144.0, 8, , 23, 0, 0, 0, , 0, 0, 0, 0, 0, 
372, 0, 426, -1, -1, 132, 115, 205.0, 9, , 51, 0, 0, 0, , 0, 0, 0, 0, 0, 
373, 0, 427, -1, -1, 92, 119, 56.0, 9, , 31, 0, 0, 0, , 0, 0, 0, 0, 0, 
374, 0, 428, -1, -1, 211, 137, 66.0, 8, , 2, 0, 0, 0, , 0, 0, 0, 0, 0, 
375, 0, 430, -1, -1, 227, 176, 117.0, 9, , 39, 0, 0, 0, , 0, 0, 0, 0, 0, 
376, 0, 431, -1, -1, 110, 41, 125.0, 9, , 32, 0, 0, 0, , 0, 0, 0, 0, 0, 
377, 0, 432, -1, -1, 225, 175, 125.0, 11, , 41, 0, 0, 0, , 0, 0, 0, 0, 0, 
378, 0, 433, -1, -1, 303, 160, 129.0, 7, , 19, 0, 0, 0, , 0, 0, 0, 0, 0, 
379, 0, 434, -1, -1, 109, 72, 126.0, 9, , 28, 0, 0, 0, , 0, 0, 0, 0, 0, 
380, 0, 435, -1, -1, 59, 133, 136.0, 7, , 32, 0, 0, 0, , 0, 0, 0, 0, 0, 
381, 0, 436, -1, -1, 303, 160, 131.0, 9, , 49, 0, 0, 0, , 0, 0, 0, 0, 0, 
382, 0, 441, -1, -1, 68, 94, 144.0, 9, , 31, 0, 0, 0, , 0, 0, 0, 0, 0, 
383, 0, 442, -1, -1, 184, 174, 142.0, 9, , 51, 0, 0, 0, , 0, 0, 0, 0, 0, 
384, 0, 443, -1, -1, 52, 108, 139.0, 9, , 16, 0, 0, 0, , 0, 0, 0, 0, 0, 
385, 0, 445, -1, -1, 298, 63, 146.0, 7, , 14, 0, 0, 0, , 0, 0, 0, 0, 0, 
386, 0, 446, -1, -1, 77, 121, 152.0, 9, , 26, 0, 0, 0, , 0, 0, 0, 0, 0, 
387, 0, 447, -1, -1, 95, 117, 150.0, 8, , 44, 0, 0, 0, , 0, 0, 0, 0, 0, 
388, 0, 448, -1, -1, 64, 152, 149.0, 8, , 4, 0, 0, 0, , 0, 0, 0, 0, 0, 
389, 0, 449, -1, -1, 300, 60, 154.0, 8, , 63, 0, 0, 0, , 0, 0, 0, 0, 0, 
390, 0, 453, -1, -1, 109, 99, 157.0, 9, , 40, 0, 0, 0, , 0, 0, 0, 0, 0, 
391, 0, 454, -1, -1, 102, 101, 161.0, 7, , 13, 0, 0, 0, , 0, 0, 0, 0, 0, 
392, 0, 455, -1, -1, 87, 157, 162.0, 9, , 28, 0, 0, 0, , 0, 0, 0, 0, 0, 
393, 0, 456, -1, -1, 136, 165, 168.0, 9, , 34, 0, 0, 0, , 0, 0, 0, 0, 0, 
394, 0, 457, -1, -1, 315, 88, 168.0, 11, , 78, 0, 0, 0, , 0, 0, 0, 0, 0, 
395, 0, 458, -1, -1, 208, 45, 170.0, 7, , 16, 0, 0, 0, , 0, 0, 0, 0, 0, 
396, 0, 459, -1, -1, 298, 72, 177.0, 7, , 17, 0, 0, 0, , 0, 0, 0, 0, 0, 
397, 0, 460, -1, -1, 140, 166, 173.0, 9, , 57, 0, 0, 0, , 0, 0, 0, 0, 0, 
398, 0, 461, -1, -1, 72, 89, 180.0, 8, , 40, 0, 0, 0, , 0, 0, 0, 0, 0, 
399, 0, 462, -1, -1, 251, 143, 182.0, 9, , 32, 0, 0, 0, , 0, 0, 0, 0, 0, 
400, 0, 463, -1, -1, 262, 147, 179.0, 8, , 27, 0, 0, 0, , 0, 0, 0, 0, 0, 
401, 0, 464, -1, -1, 281, 93, 182.0, 8, , 46, 0, 0, 0, , 0, 0, 0, 0, 0, 
402, 0, 465, -1, -1, 226, 45, 181.0, 8, , 10, 0, 0, 0, , 0, 0, 0, 0, 0, 
403, 0, 466, -1, -1, 136, 148, 190.0, 7, , 29, 0, 0, 0, , 0, 0, 0, 0, 0, 
404, 0, 467, -1, -1, 266, 74, 188.0, 7, , 36, 0, 0, 0, , 0, 0, 0, 0, 0, 
405, 0, 468, -1, -1, 268, 74, 189.0, 8, , 16, 0, 0, 0, , 0, 0, 0, 0, 0, 
406, 0, 469, -1, -1, 114, 113, 186.0, 9, , 61, 0, 0, 0, , 0, 0, 0, 0, 0, 
407, 0, 470, -1, -1, 204, 132, 192.0, 8, , 30, 0, 0, 0, , 0, 0, 0, 0, 0, 
408, 0, 471, -1, -1, 285, 109, 193.0, 9, , 20, 0, 0, 0, , 0, 0, 0, 0, 0, 
409, 0, 472, -1, -1, 156, 87, 196.0, 9, , 50, 0, 0, 0, , 0, 0, 0, 0, 0, 
410, 0, 473, -1, -1, 202, 112, 209.0, 8, , 28, 0, 0, 0, , 0, 0, 0, 0, 0, 
411, 0, 474, -1, -1, 226, 134, 208.0, 11, , 46, 0, 0, 0, , 0, 0, 0, 0, 0, 
412, 0, 476, -1, -1, 240, 85, 210.0, 9, , 30, 0, 0, 0, , 0, 0, 0, 0, 0, 
413, 0, 477, -1, -1, 212, 40, 135.0, 9, , 63, 0, 0, 0, , 0, 0, 0, 0, 0, 
414, 0, 478, -1, -1, 81, 105, 154.0, 8, , 78, 0, 0, 0, , 0, 0, 0, 0, 0, 
415, 0, 479, -1, -1, 276, 154, 159.0, 9, , 68, 0, 0, 0, , 0, 0, 0, 0, 0, 
416, 0, 480, -1, -1, 98, 128, 183.0, 8, , 60, 0, 0, 0, , 0, 0, 0, 0, 0, 
417, 0, 481, -1, -1, 289, 86, 180.0, 8, , 163, 0, 0, 0, , 0, 0, 0, 0, 0, 
418, 0, 482, -1, -1, 262, 87, 186.0, 9, , 45, 0, 0, 0, , 0, 0, 0, 0, 0, 
419, 0, 483, -1, -1, 199, 111, 195.0, 9, , 33, 0, 0, 0, , 0, 0, 0, 0, 0, 
420, 0, 484, -1, -1, 107, 70, 146.0, 7, , 25, 0, 0, 0, , 0, 0, 0, 0, 0, 
421, 0, 486, -1, -1, 288, 159, 135.0, 9, , 42, 0, 0, 0, , 0, 0, 0, 0, 0, 
422, 0, 487, -1, -1, 182, 42, 168.0, 9, , 29, 0, 0, 0, , 0, 0, 0, 0, 0, 
423, 0, 488, -1, -1, 112, 73, 133.0, 8, , 18, 0, 0, 0, , 0, 0, 0, 0, 0, 
424, 0, 489, -1, -1, 107, 73, 185.0, 7, , 41, 0, 0, 0, , 0, 0, 0, 0, 0, 
425, 0, 490, -1, -1, 204, 70, 200.0, 7, , 34, 0, 0, 0, , 0, 0, 0, 0, 0, 
426, 0, 491, -1, -1, 93, 120, 53.0, 9, , 32, 0, 0, 0, , 0, 0, 0, 0, 0, 
427, 0, 492, -1, -1, 136, 102, 53.0, 7, , 22, 0, 0, 0, , 0, 0, 0, 0, 0, 
428, 0, 493, -1, -1, 137, 147, 59.0, 8, , 7, 0, 0, 0, , 0, 0, 0, 0, 0, 
429, 0, 494, -1, -1, 97, 139, 79.0, 7, , 12, 0, 0, 0, , 0, 0, 0, 0, 0, 
430, 0, 495, -1, -1, 147, 165, 86.0, 9, , 81, 0, 0, 0, , 0, 0, 0, 0, 0, 
431, 0, 496, -1, -1, 93, 68, 87.0, 9, , 60, 0, 0, 0, , 0, 0, 0, 0, 0, 
432, 0, 497, -1, -1, 79, 93, 90.0, 9, , 55, 0, 0, 0, , 0, 0, 0, 0, 0, 
433, 0, 501, -1, -1, 113, 166, 96.0, 7, , 14, 0, 0, 0, , 0, 0, 0, 0, 0, 
434, 0, 503, -1, -1, 75, 126, 109.0, 9, , 29, 0, 0, 0, , 0, 0, 0, 0, 0, 
435, 0, 504, -1, -1, 153, 170, 107.0, 8, , 20, 0, 0, 0, , 0, 0, 0, 0, 0, 
436, 0, 505, -1, -1, 151, 177, 110.0, 9, , 13, 0, 0, 0, , 0, 0, 0, 0, 0, 
437, 0, 506, -1, -1, 105, 41, 115.0, 9, , 27, 0, 0, 0, , 0, 0, 0, 0, 0, 
438, 0, 507, -1, -1, 211, 182, 119.0, 7, , 6, 0, 0, 0, , 0, 0, 0, 0, 0, 
439, 0, 508, -1, -1, 266, 168, 126.0, 8, , 21, 0, 0, 0, , 0, 0, 0, 0, 0, 
440, 0, 509, -1, -1, 133, 122, 127.0, 9, , 9, 0, 0, 0, , 0, 0, 0, 0, 0, 
441, 0, 510, -1, -1, 98, 169, 125.0, 7, , 19, 0, 0, 0, , 0, 0, 0, 0, 0, 
442, 0, 512, -1, -1, 247, 172, 132.0, 11, , 69, 0, 0, 0, , 0, 0, 0, 0, 0, 
443, 0, 514, -1, -1, 159, 99, 135.0, 8, , 11, 0, 0, 0, , 0, 0, 0, 0, 0, 
444, 0, 517, -1, -1, 99, 171, 138.0, 8, , 10, 0, 0, 0, , 0, 0, 0, 0, 0, 
445, 0, 518, -1, -1, 161, 97, 141.0, 8, , 26, 0, 0, 0, , 0, 0, 0, 0, 0, 
446, 0, 519, -1, -1, 287, 167, 141.0, 8, , 35, 0, 0, 0, , 0, 0, 0, 0, 0, 
447, 0, 520, -1, -1, 171, 32, 144.0, 9, , 21, 0, 0, 0, , 0, 0, 0, 0, 0, 
448, 0, 522, -1, -1, 84, 105, 145.0, 7, , 11, 0, 0, 0, , 0, 0, 0, 0, 0, 
449, 0, 523, -1, -1, 84, 104, 143.0, 9, , 24, 0, 0, 0, , 0, 0, 0, 0, 0, 
450, 0, 524, -1, -1, 59, 109, 149.0, 8, , 27, 0, 0, 0, , 0, 0, 0, 0, 0, 
451, 0, 526, -1, -1, 81, 105, 148.0, 8, , 42, 0, 0, 0, , 0, 0, 0, 0, 0, 
452, 0, 527, -1, -1, 303, 61, 158.0, 8, , 19, 0, 0, 0, , 0, 0, 0, 0, 0, 
453, 0, 527, -1, -1, 299, 64, 159.0, 7, , 14, 0, 0, 0, , 0, 0, 0, 0, 0, 
454, 0, 528, -1, -1, 118, 163, 158.0, 7, , 12, 0, 0, 0, , 0, 0, 0, 0, 0, 
455, 0, 529, -1, -1, 278, 153, 165.0, 11, , 77, 0, 0, 0, , 0, 0, 0, 0, 0, 
456, 0, 532, -1, -1, 60, 98, 171.0, 7, , 28, 0, 0, 0, , 0, 0, 0, 0, 0, 
457, 0, 533, -1, -1, 124, 88, 175.0, 8, , 15, 0, 0, 0, , 0, 0, 0, 0, 0, 
458, 0, 535, -1, -1, 119, 137, 178.0, 8, , 39, 0, 0, 0, , 0, 0, 0, 0, 0, 
459, 0, 536, -1, -1, 137, 165, 181.0, 9, , 24, 0, 0, 0, , 0, 0, 0, 0, 0, 
460, 0, 537, -1, -1, 294, 128, 182.0, 9, , 73, 0, 0, 0, , 0, 0, 0, 0, 0, 
461, 0, 539, -1, -1, 90, 144, 181.0, 11, , 95, 0, 0, 0, , 0, 0, 0, 0, 0, 
462, 0, 540, -1, -1, 160, 48, 187.0, 8, , 65, 0, 0, 0, , 0, 0, 0, 0, 0, 
463, 0, 541, -1, -1, 273, 70, 188.0, 8, , 8, 0, 0, 0, , 0, 0, 0, 0, 0, 
464, 0, 542, -1, -1, 283, 93, 187.0, 7, , 24, 0, 0, 0, , 0, 0, 0, 0, 0, 
465, 0, 543, -1, -1, 113, 96, 191.0, 11, , 71, 0, 0, 0, , 0, 0, 0, 0, 0, 
466, 0, 544, -1, -1, 241, 53, 190.0, 11, , 100, 0, 0, 0, , 0, 0, 0, 0, 0, 
467, 0, 545, -1, -1, 259, 130, 189.0, 8, , 45, 0, 0, 0, , 0, 0, 0, 0, 0, 
468, 0, 546, -1, -1, 117, 96, 187.0, 9, , 37, 0, 0, 0, , 0, 0, 0, 0, 0, 
469, 0, 547, -1, -1, 132, 107, 197.0, 8, , 28, 0, 0, 0, , 0, 0, 0, 0, 0, 
470, 0, 548, -1, -1, 190, 56, 195.0, 7, , 30, 0, 0, 0, , 0, 0, 0, 0, 0, 
471, 0, 549, -1, -1, 137, 148, 200.0, 9, , 6, 0, 0, 0, , 0, 0, 0, 0, 0, 
472, 0, 550, -1, -1, 224, 90, 199.0, 8, , 127, 0, 0, 0, , 0, 0, 0, 0, 0, 
473, 0, 551, -1, -1, 121, 128, 202.0, 7, , 51, 0, 0, 0, , 0, 0, 0, 0, 0, 
474, 0, 552, -1, -1, 171, 64, 202.0, 9, , 53, 0, 0, 0, , 0, 0, 0, 0, 0, 
475, 0, 553, -1, -1, 161, 107, 199.0, 8, , 43, 0, 0, 0, , 0, 0, 0, 0, 0, 
476, 0, 554, -1, -1, 140, 129, 206.0, 13, , 142, 0, 0, 0, , 0, 0, 0, 0, 0, 
477, 0, 555, -1, -1, 209, 139, 68.0, 9, , 28, 0, 0, 0, , 0, 0, 0, 0, 0, 
478, 0, 558, -1, -1, 101, 73, 150.0, 8, , 43, 0, 0, 0, , 0, 0, 0, 0, 0, 
479, 0, 559, -1, -1, 66, 108, 168.0, 8, , 48, 0, 0, 0, , 0, 0, 0, 0, 0, 
480, 0, 560, -1, -1, 285, 131, 173.0, 9, , 50, 0, 0, 0, , 0, 0, 0, 0, 0, 
481, 0, 561, -1, -1, 120, 143, 181.0, 8, , 36, 0, 0, 0, , 0, 0, 0, 0, 0, 
482, 0, 562, -1, -1, 163, 53, 182.0, 8, , 21, 0, 0, 0, , 0, 0, 0, 0, 0, 
483, 0, 563, -1, -1, 287, 88, 185.0, 8, , 18, 0, 0, 0, , 0, 0, 0, 0, 0, 
484, 0, 564, -1, -1, 135, 93, 187.0, 7, , 31, 0, 0, 0, , 0, 0, 0, 0, 0, 
485, 0, 565, -1, -1, 132, 113, 194.0, 9, , 31, 0, 0, 0, , 0, 0, 0, 0, 0, 
486, 0, 566, -1, -1, 164, 139, 197.0, 8, , 57, 0, 0, 0, , 0, 0, 0, 0, 0, 
487, 0, 567, -1, -1, 113, 92, 205.0, 8, , 12, 0, 0, 0, , 0, 0, 0, 0, 0, 
488, 0, 568, -1, -1, 143, 125, 204.0, 8, , 19, 0, 0, 0, , 0, 0, 0, 0, 0, 
489, 0, 569, -1, -1, 183, 37, 142.0, 9, , 60, 0, 0, 0, , 0, 0, 0, 0, 0, 
490, 0, 570, -1, -1, 163, 111, 195.0, 7, , 22, 0, 0, 0, , 0, 0, 0, 0, 0, 
491, 0, 572, -1, -1, 159, 98, 144.0, 7, , 37, 0, 0, 0, , 0, 0, 0, 0, 0, 
492, 0, 573, -1, -1, 131, 88, 178.0, 8, , 12, 0, 0, 0, , 0, 0, 0, 0, 0, 
493, 0, 574, -1, -1, 97, 125, 194.0, 11, , 120, 0, 0, 0, , 0, 0, 0, 0, 0, 
494, 0, 576, -1, -1, 223, 47, 147.0, 9, , 103, 0, 0, 0, , 0, 0, 0, 0, 0, 
495, 0, 577, -1, -1, 96, 121, 188.0, 8, , 20, 0, 0, 0, , 0, 0, 0, 0, 0, 
496, 0, 578, -1, -1, 89, 141, 72.0, 7, , 18, 0, 0, 0, , 0, 0, 0, 0, 0, 
497, 0, 579, -1, -1, 112, 67, 82.0, 9, , 24, 0, 0, 0, , 0, 0, 0, 0, 0, 
498, 0, 580, -1, -1, 97, 158, 85.0, 7, , 10, 0, 0, 0, , 0, 0, 0, 0, 0, 
499, 0, 581, -1, -1, 171, 127, 82.0, 7, , 7, 0, 0, 0, , 0, 0, 0, 0, 0, 
500, 0, 583, -1, -1, 171, 126, 84.0, 8, , 16, 0, 0, 0, , 0, 0, 0, 0, 0, 
501, 0, 585, -1, -1, 74, 146, 86.0, 8, , 5, 0, 0, 0, , 0, 0, 0, 0, 0, 
502, 0, 587, -1, -1, 77, 93, 97.0, 9, , 28, 0, 0, 0, , 0, 0, 0, 0, 0, 
503, 0, 588, -1, -1, 92, 158, 96.0, 8, , 39, 0, 0, 0, , 0, 0, 0, 0, 0, 
504, 0, 589, -1, -1, 88, 163, 99.0, 8, , 35, 0, 0, 0, , 0, 0, 0, 0, 0, 
505, 0, 590, -1, -1, 99, 52, 97.0, 9, , 32, 0, 0, 0, , 0, 0, 0, 0, 0, 
506, 0, 591, -1, -1, 187, 42, 100.0, 9, , 12, 0, 0, 0, , 0, 0, 0, 0, 0, 
507, 0, 592, -1, -1, 168, 35, 107.0, 8, , 8, 0, 0, 0, , 0, 0, 0, 0, 0, 
508, 0, 593, -1, -1, 110, 166, 109.0, 8, , 33, 0, 0, 0, , 0, 0, 0, 0, 0, 
509, 0, 594, -1, -1, 193, 111, 112.0, 7, , 13, 0, 0, 0, , 0, 0, 0, 0, 0, 
510, 0, 596, -1, -1, 137, 170, 117.0, 8, , 51, 0, 0, 0, , 0, 0, 0, 0, 0, 
511, 0, 597, -1, -1, 70, 125, 113.0, 7, , 15, 0, 0, 0, , 0, 0, 0, 0, 0, 
512, 0, 598, -1, -1, 170, 162, 116.0, 8, , 46, 0, 0, 0, , 0, 0, 0, 0, 0, 
513, 0, 599, -1, -1, 191, 117, 116.0, 9, , 39, 0, 0, 0, , 0, 0, 0, 0, 0, 
514, 0, 600, -1, -1, 104, 41, 120.0, 9, , 67, 0, 0, 0, , 0, 0, 0, 0, 0, 
515, 0, 601, -1, -1, 64, 153, 118.0, 7, , 52, 0, 0, 0, , 0, 0, 0, 0, 0, 
516, 0, 602, -1, -1, 227, 177, 119.0, 7, , 30, 0, 0, 0, , 0, 0, 0, 0, 0, 
517, 0, 603, -1, -1, 131, 39, 124.0, 8, , 17, 0, 0, 0, , 0, 0, 0, 0, 0, 
518, 0, 604, -1, -1, 193, 118, 125.0, 8, , 8, 0, 0, 0, , 0, 0, 0, 0, 0, 
519, 0, 605, -1, -1, 66, 144, 130.0, 8, , 16, 0, 0, 0, , 0, 0, 0, 0, 0, 
520, 0, 606, -1, -1, 265, 167, 128.0, 7, , 22, 0, 0, 0, , 0, 0, 0, 0, 0, 
521, 0, 607, -1, -1, 42, 92, 128.0, 9, , 11, 0, 0, 0, , 0, 0, 0, 0, 0, 
522, 0, 608, -1, -1, 129, 122, 133.0, 8, , 25, 0, 0, 0, , 0, 0, 0, 0, 0, 
523, 0, 610, -1, -1, 45, 95, 136.0, 11, , 60, 0, 0, 0, , 0, 0, 0, 0, 0, 
524, 0, 611, -1, -1, 246, 171, 136.0, 8, , 33, 0, 0, 0, , 0, 0, 0, 0, 0, 
525, 0, 613, -1, -1, 69, 94, 137.0, 7, , 16, 0, 0, 0, , 0, 0, 0, 0, 0, 
526, 0, 614, -1, -1, 235, 99, 141.0, 8, , 3, 0, 0, 0, , 0, 0, 0, 0, 0, 
527, 0, 615, -1, -1, 146, 33, 144.0, 8, , 38, 0, 0, 0, , 0, 0, 0, 0, 0, 
528, 0, 616, -1, -1, 165, 177, 140.0, 9, , 36, 0, 0, 0, , 0, 0, 0, 0, 0, 
529, 0, 617, -1, -1, 111, 135, 144.0, 11, , 72, 0, 0, 0, , 0, 0, 0, 0, 0, 
530, 0, 618, -1, -1, 49, 108, 142.0, 8, , 21, 0, 0, 0, , 0, 0, 0, 0, 0, 
531, 0, 620, -1, -1, 74, 121, 145.0, 11, , 132, 0, 0, 0, , 0, 0, 0, 0, 0, 
532, 0, 621, -1, -1, 284, 166, 145.0, 8, , 35, 0, 0, 0, , 0, 0, 0, 0, 0, 
533, 0, 622, -1, -1, 308, 74, 150.0, 9, , 47, 0, 0, 0, , 0, 0, 0, 0, 0, 
534, 0, 623, -1, -1, 245, 175, 151.0, 8, , 23, 0, 0, 0, , 0, 0, 0, 0, 0, 
535, 0, 624, -1, -1, 50, 106, 150.0, 9, , 62, 0, 0, 0, , 0, 0, 0, 0, 0, 
536, 0, 625, -1, -1, 91, 86, 156.0, 8, , 11, 0, 0, 0, , 0, 0, 0, 0, 0, 
537, 0, 626, -1, -1, 279, 154, 167.0, 9, , 44, 0, 0, 0, , 0, 0, 0, 0, 0, 
538, 0, 627, -1, -1, 136, 151, 168.0, 7, , 13, 0, 0, 0, , 0, 0, 0, 0, 0, 
539, 0, 628, -1, -1, 194, 145, 173.0, 7, , 21, 0, 0, 0, , 0, 0, 0, 0, 0, 
540, 0, 629, -1, -1, 120, 143, 177.0, 8, , 54, 0, 0, 0, , 0, 0, 0, 0, 0, 
541, 0, 630, -1, -1, 132, 122, 176.0, 8, , 19, 0, 0, 0, , 0, 0, 0, 0, 0, 
542, 0, 632, -1, -1, 83, 70, 182.0, 8, , 29, 0, 0, 0, , 0, 0, 0, 0, 0, 
543, 0, 633, -1, -1, 298, 108, 181.0, 7, , 23, 0, 0, 0, , 0, 0, 0, 0, 0, 
544, 0, 634, -1, -1, 283, 139, 182.0, 9, , 36, 0, 0, 0, , 0, 0, 0, 0, 0, 
545, 0, 635, -1, -1, 127, 50, 185.0, 8, , 13, 0, 0, 0, , 0, 0, 0, 0, 0, 
546, 0, 636, -1, -1, 272, 68, 183.0, 8, , 17, 0, 0, 0, , 0, 0, 0, 0, 0, 
547, 0, 637, -1, -1, 145, 97, 186.0, 9, , 46, 0, 0, 0, , 0, 0, 0, 0, 0, 
548, 0, 638, -1, -1, 122, 59, 186.0, 8, , 12, 0, 0, 0, , 0, 0, 0, 0, 0, 
549, 0, 639, -1, -1, 137, 51, 188.0, 8, , 7, 0, 0, 0, , 0, 0, 0, 0, 0, 
550, 0, 640, -1, -1, 183, 78, 190.0, 7, , 32, 0, 0, 0, , 0, 0, 0, 0, 0, 
551, 0, 641, -1, -1, 152, 116, 192.0, 7, , 36, 0, 0, 0, , 0, 0, 0, 0, 0, 
552, 0, 642, -1, -1, 221, 163, 188.0, 9, , 30, 0, 0, 0, , 0, 0, 0, 0, 0, 
553, 0, 643, -1, -1, 166, 91, 192.0, 9, , 36, 0, 0, 0, , 0, 0, 0, 0, 0, 
554, 0, 644, -1, -1, 176, 126, 194.0, 9, , 15, 0, 0, 0, , 0, 0, 0, 0, 0, 
555, 0, 645, -1, -1, 155, 80, 200.0, 9, , 36, 0, 0, 0, , 0, 0, 0, 0, 0, 
556, 0, 646, -1, -1, 149, 63, 200.0, 9, , 55, 0, 0, 0, , 0, 0, 0, 0, 0, 
557, 0, 647, -1, -1, 251, 121, 200.0, 9, , 25, 0, 0, 0, , 0, 0, 0, 0, 0, 
558, 0, 648, -1, -1, 184, 124, 206.0, 8, , 22, 0, 0, 0, , 0, 0, 0, 0, 0, 
559, 0, 649, -1, -1, 120, 128, 204.0, 7, , 63, 0, 0, 0, , 0, 0, 0, 0, 0, 
560, 0, 650, -1, -1, 177, 119, 205.0, 8, , 12, 0, 0, 0, , 0, 0, 0, 0, 0, 
561, 0, 651, -1, -1, 163, 135, 209.0, 11, , 51, 0, 0, 0, , 0, 0, 0, 0, 0, 
562, 0, 652, -1, -1, 116, 98, 209.0, 7, , 36, 0, 0, 0, , 0, 0, 0, 0, 0, 
563, 0, 654, -1, -1, 165, 91, 116.0, 8, , 16, 0, 0, 0, , 0, 0, 0, 0, 0, 
564, 0, 655, -1, -1, 211, 42, 132.0, 7, , 16, 0, 0, 0, , 0, 0, 0, 0, 0, 
565, 0, 656, -1, -1, 172, 30, 142.0, 9, , 27, 0, 0, 0, , 0, 0, 0, 0, 0, 
566, 0, 657, -1, -1, 140, 34, 147.0, 9, , 24, 0, 0, 0, , 0, 0, 0, 0, 0, 
567, 0, 658, -1, -1, 89, 67, 166.0, 7, , 25, 0, 0, 0, , 0, 0, 0, 0, 0, 
568, 0, 659, -1, -1, 270, 52, 169.0, 8, , 17, 0, 0, 0, , 0, 0, 0, 0, 0, 
569, 0, 660, -1, -1, 239, 57, 186.0, 7, , 11, 0, 0, 0, , 0, 0, 0, 0, 0, 
570, 0, 661, -1, -1, 295, 126, 187.0, 7, , 36, 0, 0, 0, , 0, 0, 0, 0, 0, 
571, 0, 662, -1, -1, 204, 74, 190.0, 9, , 19, 0, 0, 0, , 0, 0, 0, 0, 0, 
572, 0, 663, -1, -1, 153, 79, 190.0, 7, , 18, 0, 0, 0, , 0, 0, 0, 0, 0, 
573, 0, 664, -1, -1, 258, 88, 190.0, 9, , 68, 0, 0, 0, , 0, 0, 0, 0, 0, 
574, 0, 665, -1, -1, 190, 57, 191.0, 8, , 22, 0, 0, 0, , 0, 0, 0, 0, 0, 
575, 0, 666, -1, -1, 152, 63, 196.0, 9, , 52, 0, 0, 0, , 0, 0, 0, 0, 0, 
576, 0, 667, -1, -1, 113, 98, 199.0, 9, , 17, 0, 0, 0, , 0, 0, 0, 0, 0, 
577, 0, 668, -1, -1, 234, 73, 206.0, 11, , 88, 0, 0, 0, , 0, 0, 0, 0, 0, 
578, 0, 669, -1, -1, 188, 37, 105.0, 9, , 55, 0, 0, 0, , 0, 0, 0, 0, 0, 
579, 0, 670, -1, -1, 306, 72, 141.0, 7, , 19, 0, 0, 0, , 0, 0, 0, 0, 0, 
580, 0, 671, -1, -1, 116, 69, 76.0, 8, , 10, 0, 0, 0, , 0, 0, 0, 0, 0, 
581, 0, 672, -1, -1, 193, 125, 118.0, 7, , 15, 0, 0, 0, , 0, 0, 0, 0, 0, 
582, 0, 673, -1, -1, 181, 36, 161.0, 8, , 4, 0, 0, 0, , 0, 0, 0, 0, 0, 
583, 0, 675, -1, -1, 269, 151, 170.0, 7, , 19, 0, 0, 0, , 0, 0, 0, 0, 0, 
584, 0, 676, -1, -1, 70, 87, 172.0, 8, , 31, 0, 0, 0, , 0, 0, 0, 0, 0, 
585, 0, 677, -1, -1, 91, 158, 99.0, 8, , 34, 0, 0, 0, , 0, 0, 0, 0, 0, 
586, 0, 678, -1, -1, 69, 145, 107.0, 7, , 35, 0, 0, 0, , 0, 0, 0, 0, 0, 
587, 0, 679, -1, -1, 194, 119, 120.0, 8, , 16, 0, 0, 0, , 0, 0, 0, 0, 0, 
588, 0, 680, -1, -1, 70, 84, 176.0, 7, , 24, 0, 0, 0, , 0, 0, 0, 0, 0, 
589, 0, 681, -1, -1, 79, 92, 177.0, 8, , 19, 0, 0, 0, , 0, 0, 0, 0, 0, 
590, 0, 682, -1, -1, 265, 146, 170.0, 7, , 20, 0, 0, 0, , 0, 0, 0, 0, 0, 
591, 0, 683, -1, -1, 88, 90, 65.0, 9, , 53, 0, 0, 0, , 0, 0, 0, 0, 0, 
592, 0, 684, -1, -1, 189, 92, 71.0, 8, , 13, 0, 0, 0, , 0, 0, 0, 0, 0, 
593, 0, 685, -1, -1, 129, 86, 73.0, 8, , 14, 0, 0, 0, , 0, 0, 0, 0, 0, 
594, 0, 686, -1, -1, 112, 76, 80.0, 7, , 17, 0, 0, 0, , 0, 0, 0, 0, 0, 
595, 0, 687, -1, -1, 166, 126, 88.0, 9, , 20, 0, 0, 0, , 0, 0, 0, 0, 0, 
596, 0, 688, -1, -1, 114, 68, 88.0, 7, , 25, 0, 0, 0, , 0, 0, 0, 0, 0, 
597, 0, 689, -1, -1, 146, 168, 93.0, 7, , 9, 0, 0, 0, , 0, 0, 0, 0, 0, 
598, 0, 690, -1, -1, 160, 170, 96.0, 8, , 11, 0, 0, 0, , 0, 0, 0, 0, 0, 
599, 0, 691, -1, -1, 181, 174, 98.0, 7, , 13, 0, 0, 0, , 0, 0, 0, 0, 0, 
600, 0, 692, -1, -1, 137, 33, 101.0, 9, , 27, 0, 0, 0, , 0, 0, 0, 0, 0, 
601, 0, 693, -1, -1, 152, 176, 103.0, 9, , 32, 0, 0, 0, , 0, 0, 0, 0, 0, 
602, 0, 694, -1, -1, 166, 166, 113.0, 9, , 46, 0, 0, 0, , 0, 0, 0, 0, 0, 
603, 0, 695, -1, -1, 191, 117, 113.0, 8, , 18, 0, 0, 0, , 0, 0, 0, 0, 0, 
604, 0, 696, -1, -1, 228, 175, 113.0, 7, , 21, 0, 0, 0, , 0, 0, 0, 0, 0, 
605, 0, 697, -1, -1, 57, 99, 114.0, 8, , 11, 0, 0, 0, , 0, 0, 0, 0, 0, 
606, 0, 698, -1, -1, 270, 162, 117.0, 7, , 28, 0, 0, 0, , 0, 0, 0, 0, 0, 
607, 0, 699, -1, -1, 109, 41, 118.0, 9, , 26, 0, 0, 0, , 0, 0, 0, 0, 0, 
608, 0, 700, -1, -1, 173, 76, 120.0, 11, , 12, 0, 0, 0, , 0, 0, 0, 0, 0, 
609, 0, 701, -1, -1, 176, 67, 118.0, 7, , 28, 0, 0, 0, , 0, 0, 0, 0, 0, 
610, 0, 702, -1, -1, 269, 162, 119.0, 7, , 35, 0, 0, 0, , 0, 0, 0, 0, 0, 
611, 0, 703, -1, -1, 164, 167, 119.0, 7, , 22, 0, 0, 0, , 0, 0, 0, 0, 0, 
612, 0, 704, -1, -1, 171, 60, 121.0, 8, , 9, 0, 0, 0, , 0, 0, 0, 0, 0, 
613, 0, 705, -1, -1, 263, 163, 122.0, 8, , 13, 0, 0, 0, , 0, 0, 0, 0, 0, 
614, 0, 706, -1, -1, 269, 166, 122.0, 8, , 21, 0, 0, 0, , 0, 0, 0, 0, 0, 
615, 0, 707, -1, -1, 171, 166, 122.0, 8, , 31, 0, 0, 0, , 0, 0, 0, 0, 0, 
616, 0, 708, -1, -1, 173, 67, 123.0, 8, , 16, 0, 0, 0, , 0, 0, 0, 0, 0, 
617, 0, 709, -1, -1, 262, 161, 124.0, 8, , 110, 0, 0, 0, , 0, 0, 0, 0, 0, 
618, 0, 710, -1, -1, 150, 182, 126.0, 9, , 11, 0, 0, 0, , 0, 0, 0, 0, 0, 
619, 0, 711, -1, -1, 62, 144, 127.0, 8, , 32, 0, 0, 0, , 0, 0, 0, 0, 0, 
620, 0, 712, -1, -1, 87, 161, 126.0, 9, , 21, 0, 0, 0, , 0, 0, 0, 0, 0, 
621, 0, 713, -1, -1, 148, 183, 130.0, 9, , 24, 0, 0, 0, , 0, 0, 0, 0, 0, 
622, 0, 714, -1, -1, 169, 76, 131.0, 7, , 13, 0, 0, 0, , 0, 0, 0, 0, 0, 
623, 0, 715, -1, -1, 163, 26, 134.0, 8, , 25, 0, 0, 0, , 0, 0, 0, 0, 0, 
624, 0, 716, -1, -1, 171, 31, 136.0, 9, , 32, 0, 0, 0, , 0, 0, 0, 0, 0, 
625, 0, 719, -1, -1, 272, 50, 143.0, 8, , 4, 0, 0, 0, , 0, 0, 0, 0, 0, 
626, 0, 720, -1, -1, 329, 141, 145.0, 9, , 13, 0, 0, 0, , 0, 0, 0, 0, 0, 
627, 0, 721, -1, -1, 48, 108, 145.0, 7, , 37, 0, 0, 0, , 0, 0, 0, 0, 0, 
628, 0, 722, -1, -1, 158, 62, 144.0, 8, , 9, 0, 0, 0, , 0, 0, 0, 0, 0, 
629, 0, 723, -1, -1, 56, 109, 146.0, 7, , 45, 0, 0, 0, , 0, 0, 0, 0, 0, 
630, 0, 724, -1, -1, 96, 117, 145.0, 9, , 27, 0, 0, 0, , 0, 0, 0, 0, 0, 
631, 0, 725, -1, -1, 299, 58, 149.0, 11, , 39, 0, 0, 0, , 0, 0, 0, 0, 0, 
632, 0, 726, -1, -1, 128, 115, 152.0, 8, , 9, 0, 0, 0, , 0, 0, 0, 0, 0, 
633, 0, 727, -1, -1, 295, 63, 151.0, 7, , 34, 0, 0, 0, , 0, 0, 0, 0, 0, 
634, 0, 729, -1, -1, 246, 176, 155.0, 8, , 20, 0, 0, 0, , 0, 0, 0, 0, 0, 
635, 0, 731, -1, -1, 278, 47, 154.0, 8, , 29, 0, 0, 0, , 0, 0, 0, 0, 0, 
636, 0, 732, -1, -1, 122, 138, 157.0, 9, , 51, 0, 0, 0, , 0, 0, 0, 0, 0, 
637, 0, 733, -1, -1, 135, 155, 159.0, 8, , 18, 0, 0, 0, , 0, 0, 0, 0, 0, 
638, 0, 734, -1, -1, 123, 138, 162.0, 9, , 55, 0, 0, 0, , 0, 0, 0, 0, 0, 
639, 0, 735, -1, -1, 133, 150, 165.0, 9, , 81, 0, 0, 0, , 0, 0, 0, 0, 0, 
640, 0, 736, -1, -1, 243, 58, 166.0, 9, , 44, 0, 0, 0, , 0, 0, 0, 0, 0, 
641, 0, 737, -1, -1, 208, 44, 167.0, 8, , 24, 0, 0, 0, , 0, 0, 0, 0, 0, 
642, 0, 738, -1, -1, 76, 124, 173.0, 8, , 4, 0, 0, 0, , 0, 0, 0, 0, 0, 
643, 0, 739, -1, -1, 129, 83, 175.0, 8, , 3, 0, 0, 0, , 0, 0, 0, 0, 0, 
644, 0, 740, -1, -1, 200, 48, 178.0, 8, , 11, 0, 0, 0, , 0, 0, 0, 0, 0, 
645, 0, 741, -1, -1, 295, 127, 185.0, 9, , 77, 0, 0, 0, , 0, 0, 0, 0, 0, 
646, 0, 743, -1, -1, 195, 110, 186.0, 9, , 8, 0, 0, 0, , 0, 0, 0, 0, 0, 
647, 0, 744, -1, -1, 142, 52, 184.0, 8, , 25, 0, 0, 0, , 0, 0, 0, 0, 0, 
648, 0, 745, -1, -1, 194, 57, 188.0, 9, , 20, 0, 0, 0, , 0, 0, 0, 0, 0, 
649, 0, 746, -1, -1, 239, 71, 188.0, 8, , 37, 0, 0, 0, , 0, 0, 0, 0, 0, 
650, 0, 747, -1, -1, 93, 105, 194.0, 7, , 21, 0, 0, 0, , 0, 0, 0, 0, 0, 
651, 0, 749, -1, -1, 201, 111, 191.0, 7, , 30, 0, 0, 0, , 0, 0, 0, 0, 0, 
652, 0, 750, -1, -1, 140, 95, 196.0, 9, , 28, 0, 0, 0, , 0, 0, 0, 0, 0, 
653, 0, 751, -1, -1, 168, 92, 201.0, 11, , 65, 0, 0, 0, , 0, 0, 0, 0, 0, 
654, 0, 752, -1, -1, 120, 119, 204.0, 8, , 31, 0, 0, 0, , 0, 0, 0, 0, 0, 
655, 0, 753, -1, -1, 246, 91, 205.0, 7, , 11, 0, 0, 0, , 0, 0, 0, 0, 0, 
656, 0, 754, -1, -1, 183, 123, 211.0, 9, , 5, 0, 0, 0, , 0, 0, 0, 0, 0, 
657, 0, 755, -1, -1, 193, 123, 109.0, 9, , 44, 0, 0, 0, , 0, 0, 0, 0, 0, 
658, 0, -1, -1, -1, 74, 118, 147.0, 8, , 92, 0, 0, 0, , 0, 0, 0, 0, 0, 
659, 0, 761, -1, -1, 117, 136, 180.0, 9, , 37, 0, 0, 0, , 0, 0, 0, 0, 0, 
660, 0, 762, -1, -1, 251, 120, 195.0, 9, , 38, 0, 0, 0, , 0, 0, 0, 0, 0, 
661, 0, 763, -1, -1, 135, 128, 203.0, 9, , 34, 0, 0, 0, , 0, 0, 0, 0, 0, 
662, 0, 764, -1, -1, 248, 85, 204.0, 8, , 32, 0, 0, 0, , 0, 0, 0, 0, 0, 
663, 0, 765, -1, -1, 105, 42, 114.0, 7, , 31, 0, 0, 0, , 0, 0, 0, 0, 0, 
664, 0, 766, -1, -1, 105, 71, 143.0, 9, , 53, 0, 0, 0, , 0, 0, 0, 0, 0, 
665, 0, 767, -1, -1, 233, 74, 200.0, 13, , 143, 0, 0, 0, , 0, 0, 0, 0, 0, 
666, 0, 768, -1, -1, 256, 87, 196.0, 9, , 33, 0, 0, 0, , 0, 0, 0, 0, 0, 
667, 0, -1, -1, -1, 186, 174, 137.0, 9, , 119, 0, 0, 0, , 0, 0, 0, 0, 0, 
668, 0, -1, -1, -1, 209, 175, 145.0, 9, , 61, 0, 0, 0, , 0, 0, 0, 0, 0, 
669, 0, -1, -1, -1, 108, 51, 174.0, 9, , 136, 0, 0, 0, , 0, 0, 0, 0, 0, 
670, 0, -1, -1, -1, 219, 116, 205.0, 8, , 45, 0, 0, 0, , 0, 0, 0, 0, 0, 
671, 0, -1, -1, -1, 65, 149, 109.0, 8, , 52, 0, 0, 0, , 0, 0, 0, 0, 0, 
672, 0, -1, -1, -1, 168, 172, 123.0, 7, , 63, 0, 0, 0, , 0, 0, 0, 0, 0, 
673, 0, -1, -1, -1, 85, 65, 147.0, 8, , 39, 0, 0, 0, , 0, 0, 0, 0, 0, 
674, 0, -1, -1, -1, 114, 51, 150.0, 7, , 72, 0, 0, 0, , 0, 0, 0, 0, 0, 
675, 0, -1, -1, -1, 66, 73, 156.0, 9, , 65, 0, 0, 0, , 0, 0, 0, 0, 0, 
676, 0, -1, -1, -1, 72, 139, 165.0, 9, , 124, 0, 0, 0, , 0, 0, 0, 0, 0, 
677, 0, -1, -1, -1, 160, 48, 184.0, 8, , 49, 0, 0, 0, , 0, 0, 0, 0, 0, 
678, 0, -1, -1, -1, 153, 117, 189.0, 9, , 79, 0, 0, 0, , 0, 0, 0, 0, 0, 
679, 0, -1, -1, -1, 164, 61, 194.0, 8, , 47, 0, 0, 0, , 0, 0, 0, 0, 0, 
680, 0, -1, -1, -1, 238, 91, 204.0, 9, , 58, 0, 0, 0, , 0, 0, 0, 0, 0, 
681, 0, -1, -1, -1, 93, 80, 76.0, 8, , 18, 0, 0, 0, , 0, 0, 0, 0, 0, 
682, 0, -1, -1, -1, 169, 128, 77.0, 9, , 29, 0, 0, 0, , 0, 0, 0, 0, 0, 
683, 0, -1, -1, -1, 49, 110, 88.0, 9, , 154, 0, 0, 0, , 0, 0, 0, 0, 0, 
684, 0, -1, -1, -1, 73, 137, 91.0, 11, , 75, 0, 0, 0, , 0, 0, 0, 0, 0, 
685, 0, -1, -1, -1, 95, 56, 92.0, 7, , 16, 0, 0, 0, , 0, 0, 0, 0, 0, 
686, 0, -1, -1, -1, 83, 74, 98.0, 8, , 26, 0, 0, 0, , 0, 0, 0, 0, 0, 
687, 0, -1, -1, -1, 90, 151, 99.0, 8, , 30, 0, 0, 0, , 0, 0, 0, 0, 0, 
688, 0, -1, -1, -1, 100, 90, 101.0, 7, , 26, 0, 0, 0, , 0, 0, 0, 0, 0, 
689, 0, -1, -1, -1, 153, 175, 101.0, 7, , 27, 0, 0, 0, , 0, 0, 0, 0, 0, 
690, 0, -1, -1, -1, 234, 106, 104.0, 7, , 8, 0, 0, 0, , 0, 0, 0, 0, 0, 
691, 0, -1, -1, -1, 103, 95, 105.0, 8, , 15, 0, 0, 0, , 0, 0, 0, 0, 0, 
692, 0, -1, -1, -1, 126, 83, 108.0, 8, , 20, 0, 0, 0, , 0, 0, 0, 0, 0, 
693, 0, -1, -1, -1, 298, 152, 108.0, 8, , 8, 0, 0, 0, , 0, 0, 0, 0, 0, 
694, 0, -1, -1, -1, 232, 99, 111.0, 7, , 10, 0, 0, 0, , 0, 0, 0, 0, 0, 
695, 0, -1, -1, -1, 70, 146, 112.0, 8, , 40, 0, 0, 0, , 0, 0, 0, 0, 0, 
696, 0, -1, -1, -1, 131, 175, 114.0, 9, , 34, 0, 0, 0, , 0, 0, 0, 0, 0, 
697, 0, -1, -1, -1, 166, 65, 114.0, 8, , 12, 0, 0, 0, , 0, 0, 0, 0, 0, 
698, 0, -1, -1, -1, 172, 73, 114.0, 8, , 12, 0, 0, 0, , 0, 0, 0, 0, 0, 
699, 0, -1, -1, -1, 192, 111, 114.0, 7, , 24, 0, 0, 0, , 0, 0, 0, 0, 0, 
700, 0, -1, -1, -1, 146, 110, 121.0, 9, , 9, 0, 0, 0, , 0, 0, 0, 0, 0, 
701, 0, -1, -1, -1, 226, 176, 123.0, 8, , 24, 0, 0, 0, , 0, 0, 0, 0, 0, 
702, 0, -1, -1, -1, 187, 42, 126.0, 8, , 2, 0, 0, 0, , 0, 0, 0, 0, 0, 
703, 0, -1, -1, -1, 169, 169, 128.0, 8, , 26, 0, 0, 0, , 0, 0, 0, 0, 0, 
704, 0, -1, -1, -1, 176, 67, 128.0, 8, , 11, 0, 0, 0, , 0, 0, 0, 0, 0, 
705, 0, -1, -1, -1, 131, 121, 130.0, 7, , 20, 0, 0, 0, , 0, 0, 0, 0, 0, 
706, 0, -1, -1, -1, 139, 109, 130.0, 8, , 15, 0, 0, 0, , 0, 0, 0, 0, 0, 
707, 0, -1, -1, -1, 92, 53, 134.0, 8, , 7, 0, 0, 0, , 0, 0, 0, 0, 0, 
708, 0, -1, -1, -1, 185, 43, 135.0, 9, , 70, 0, 0, 0, , 0, 0, 0, 0, 0, 
709, 0, -1, -1, -1, 209, 179, 138.0, 8, , 31, 0, 0, 0, , 0, 0, 0, 0, 0, 
710, 0, -1, -1, -1, 127, 179, 139.0, 9, , 13, 0, 0, 0, , 0, 0, 0, 0, 0, 
711, 0, -1, -1, -1, 216, 44, 140.0, 8, , 37, 0, 0, 0, , 0, 0, 0, 0, 0, 
712, 0, -1, -1, -1, 57, 107, 141.0, 8, , 39, 0, 0, 0, , 0, 0, 0, 0, 0, 
713, 0, -1, -1, -1, 111, 138, 143.0, 8, , 24, 0, 0, 0, , 0, 0, 0, 0, 0, 
714, 0, -1, -1, -1, 107, 133, 149.0, 9, , 46, 0, 0, 0, , 0, 0, 0, 0, 0, 
715, 0, -1, -1, -1, 220, 53, 150.0, 7, , 36, 0, 0, 0, , 0, 0, 0, 0, 0, 
716, 0, -1, -1, -1, 86, 98, 153.0, 9, , 37, 0, 0, 0, , 0, 0, 0, 0, 0, 
717, 0, -1, -1, -1, 102, 112, 153.0, 7, , 24, 0, 0, 0, , 0, 0, 0, 0, 0, 
718, 0, -1, -1, -1, 262, 167, 153.0, 8, , 3, 0, 0, 0, , 0, 0, 0, 0, 0, 
719, 0, -1, -1, -1, 131, 49, 155.0, 9, , 23, 0, 0, 0, , 0, 0, 0, 0, 0, 
720, 0, -1, -1, -1, 273, 44, 157.0, 9, , 43, 0, 0, 0, , 0, 0, 0, 0, 0, 
721, 0, -1, -1, -1, 100, 126, 162.0, 8, , 25, 0, 0, 0, , 0, 0, 0, 0, 0, 
722, 0, -1, -1, -1, 117, 165, 162.0, 11, , 12, 0, 0, 0, , 0, 0, 0, 0, 0, 
723, 0, -1, -1, -1, 127, 136, 162.0, 7, , 18, 0, 0, 0, , 0, 0, 0, 0, 0, 
724, 0, -1, -1, -1, 260, 57, 166.0, 8, , 22, 0, 0, 0, , 0, 0, 0, 0, 0, 
725, 0, -1, -1, -1, 89, 158, 168.0, 7, , 10, 0, 0, 0, , 0, 0, 0, 0, 0, 
726, 0, -1, -1, -1, 131, 70, 168.0, 8, , 11, 0, 0, 0, , 0, 0, 0, 0, 0, 
727, 0, -1, -1, -1, 245, 52, 169.0, 9, , 70, 0, 0, 0, , 0, 0, 0, 0, 0, 
728, 0, -1, -1, -1, 69, 137, 171.0, 8, , 64, 0, 0, 0, , 0, 0, 0, 0, 0, 
729, 0, -1, -1, -1, 69, 99, 172.0, 9, , 49, 0, 0, 0, , 0, 0, 0, 0, 0, 
730, 0, -1, -1, -1, 118, 113, 174.0, 9, , 45, 0, 0, 0, , 0, 0, 0, 0, 0, 
731, 0, -1, -1, -1, 132, 89, 174.0, 7, , 16, 0, 0, 0, , 0, 0, 0, 0, 0, 
732, 0, -1, -1, -1, 291, 72, 174.0, 9, , 26, 0, 0, 0, , 0, 0, 0, 0, 0, 
733, 0, -1, -1, -1, 115, 113, 177.0, 9, , 53, 0, 0, 0, , 0, 0, 0, 0, 0, 
734, 0, -1, -1, -1, 196, 148, 177.0, 7, , 12, 0, 0, 0, , 0, 0, 0, 0, 0, 
735, 0, -1, -1, -1, 77, 123, 178.0, 8, , 24, 0, 0, 0, , 0, 0, 0, 0, 0, 
736, 0, -1, -1, -1, 298, 102, 178.0, 9, , 54, 0, 0, 0, , 0, 0, 0, 0, 0, 
737, 0, -1, -1, -1, 88, 74, 179.0, 7, , 40, 0, 0, 0, , 0, 0, 0, 0, 0, 
738, 0, -1, -1, -1, 111, 75, 179.0, 11, , 83, 0, 0, 0, , 0, 0, 0, 0, 0, 
739, 0, -1, -1, -1, 113, 71, 180.0, 9, , 54, 0, 0, 0, , 0, 0, 0, 0, 0, 
740, 0, -1, -1, -1, 264, 149, 180.0, 9, , 19, 0, 0, 0, , 0, 0, 0, 0, 0, 
741, 0, -1, -1, -1, 116, 72, 182.0, 7, , 19, 0, 0, 0, , 0, 0, 0, 0, 0, 
742, 0, -1, -1, -1, 241, 68, 182.0, 8, , 38, 0, 0, 0, , 0, 0, 0, 0, 0, 
743, 0, -1, -1, -1, 303, 100, 182.0, 8, , 9, 0, 0, 0, , 0, 0, 0, 0, 0, 
744, 0, -1, -1, -1, 227, 150, 184.0, 9, , 16, 0, 0, 0, , 0, 0, 0, 0, 0, 
745, 0, -1, -1, -1, 263, 87, 188.0, 7, , 40, 0, 0, 0, , 0, 0, 0, 0, 0, 
746, 0, -1, -1, -1, 148, 65, 190.0, 11, , 55, 0, 0, 0, , 0, 0, 0, 0, 0, 
747, 0, -1, -1, -1, 142, 95, 192.0, 9, , 77, 0, 0, 0, , 0, 0, 0, 0, 0, 
748, 0, -1, -1, -1, 279, 119, 192.0, 7, , 19, 0, 0, 0, , 0, 0, 0, 0, 0, 
749, 0, -1, -1, -1, 158, 83, 195.0, 8, , 4, 0, 0, 0, , 0, 0, 0, 0, 0, 
750, 0, -1, -1, -1, 279, 120, 195.0, 7, , 21, 0, 0, 0, , 0, 0, 0, 0, 0, 
751, 0, -1, -1, -1, 99, 121, 196.0, 9, , 28, 0, 0, 0, , 0, 0, 0, 0, 0, 
752, 0, -1, -1, -1, 201, 59, 197.0, 8, , 15, 0, 0, 0, , 0, 0, 0, 0, 0, 
753, 0, -1, -1, -1, 193, 61, 198.0, 7, , 15, 0, 0, 0, , 0, 0, 0, 0, 0, 
754, 0, -1, -1, -1, 91, 99, 199.0, 8, , 31, 0, 0, 0, , 0, 0, 0, 0, 0, 
755, 0, -1, -1, -1, 121, 128, 200.0, 8, , 45, 0, 0, 0, , 0, 0, 0, 0, 0, 
756, 0, -1, -1, -1, 139, 126, 200.0, 11, , 159, 0, 0, 0, , 0, 0, 0, 0, 0, 
757, 0, -1, -1, -1, 225, 138, 200.0, 8, , 14, 0, 0, 0, , 0, 0, 0, 0, 0, 
758, 0, -1, -1, -1, 246, 83, 200.0, 9, , 43, 0, 0, 0, , 0, 0, 0, 0, 0, 
759, 0, -1, -1, -1, 132, 115, 202.0, 7, , 62, 0, 0, 0, , 0, 0, 0, 0, 0, 
760, 0, -1, -1, -1, 154, 80, 202.0, 7, , 25, 0, 0, 0, , 0, 0, 0, 0, 0, 
761, 0, -1, -1, -1, 195, 93, 204.0, 8, , 37, 0, 0, 0, , 0, 0, 0, 0, 0, 
762, 0, -1, -1, -1, 224, 89, 205.0, 8, , 74, 0, 0, 0, , 0, 0, 0, 0, 0, 
763, 0, -1, -1, -1, 261, 101, 208.0, 11, , 55, 0, 0, 0, , 0, 0, 0, 0, 0, 
764, 0, -1, -1, -1, 189, 93, 69.0, 9, , 22, 0, 0, 0, , 0, 0, 0, 0, 0, 
765, 0, -1, -1, -1, 92, 78, 73.0, 7, , 22, 0, 0, 0, , 0, 0, 0, 0, 0, 
766, 0, -1, -1, -1, 100, 78, 77.0, 7, , 7, 0, 0, 0, , 0, 0, 0, 0, 0, 
767, 0, -1, -1, -1, 121, 166, 99.0, 9, , 98, 0, 0, 0, , 0, 0, 0, 0, 0, 
768, 0, -1, -1, -1, 114, 168, 116.0, 9, , 64, 0, 0, 0, , 0, 0, 0, 0, 0, 
769, 0, -1, -1, -1, 109, 41, 123.0, 9, , 30, 0, 0, 0, , 0, 0, 0, 0, 0, 
770, 0, -1, -1, -1, 62, 147, 133.0, 9, , 37, 0, 0, 0, , 0, 0, 0, 0, 0, 
771, 0, -1, -1, -1, 146, 34, 135.0, 7, , 37, 0, 0, 0, , 0, 0, 0, 0, 0, 
772, 0, -1, -1, -1, 183, 173, 144.0, 7, , 32, 0, 0, 0, , 0, 0, 0, 0, 0, 
773, 0, -1, -1, -1, 222, 52, 145.0, 8, , 19, 0, 0, 0, , 0, 0, 0, 0, 0, 
774, 0, -1, -1, -1, 81, 99, 149.0, 7, , 21, 0, 0, 0, , 0, 0, 0, 0, 0, 
775, 0, -1, -1, -1, 113, 50, 153.0, 7, , 60, 0, 0, 0, , 0, 0, 0, 0, 0, 
776, 0, -1, -1, -1, 93, 62, 157.0, 9, , 67, 0, 0, 0, , 0, 0, 0, 0, 0, 
777, 0, -1, -1, -1, 114, 51, 157.0, 11, , 85, 0, 0, 0, , 0, 0, 0, 0, 0, 
778, 0, -1, -1, -1, 115, 48, 161.0, 7, , 42, 0, 0, 0, , 0, 0, 0, 0, 0, 
779, 0, -1, -1, -1, 90, 58, 163.0, 7, , 7, 0, 0, 0, , 0, 0, 0, 0, 0, 
780, 0, -1, -1, -1, 94, 71, 166.0, 8, , 30, 0, 0, 0, , 0, 0, 0, 0, 0, 
781, 0, -1, -1, -1, 61, 99, 174.0, 8, , 26, 0, 0, 0, , 0, 0, 0, 0, 0, 
782, 0, -1, -1, -1, 138, 52, 185.0, 7, , 19, 0, 0, 0, , 0, 0, 0, 0, 0, 
783, 0, -1, -1, -1, 133, 70, 191.0, 9, , 23, 0, 0, 0, , 0, 0, 0, 0, 0, 
784, 0, -1, -1, -1, 195, 97, 194.0, 7, , 11, 0, 0, 0, , 0, 0, 0, 0, 0, 
785, 0, -1, -1, -1, 167, 134, 202.0, 11, , 115, 0, 0, 0, , 0, 0, 0, 0, 0, 
786, 0, -1, -1, -1, 114, 98, 206.0, 8, , 20, 0, 0, 0, , 0, 0, 0, 0, 0, 
787, 0, -1, -1, -1, 195, 92, 207.0, 7, , 18, 0, 0, 0, , 0, 0, 0, 0, 0, 
788, 0, -1, -1, -1, 233, 104, 211.0, 9, , 22, 0, 0, 0, , 0, 0, 0, 0, 0, 
789, 0, -1, -1, -1, 124, 142, 152.0, 8, , 12, 0, 0, 0, , 0, 0, 0, 0, 0, 
790, 0, -1, -1, -1, 99, 129, 172.0, 9, , 23, 0, 0, 0, , 0, 0, 0, 0, 0, 
791, 0, -1, -1, -1, 114, 115, 180.0, 7, , 45, 0, 0, 0, , 0, 0, 0, 0, 0, 
792, 0, -1, -1, -1, 199, 115, 188.0, 8, , 16, 0, 0, 0, , 0, 0, 0, 0, 0, 
793, 0, -1, -1, -1, 261, 87, 194.0, 7, , 17, 0, 0, 0, , 0, 0, 0, 0, 0, 
794, 0, -1, -1, -1, 268, 102, 202.0, 8, , 8, 0, 0, 0, , 0, 0, 0, 0, 0, 
795, 0, -1, -1, -1, 223, 47, 154.0, 7, , 21, 0, 0, 0, , 0, 0, 0, 0, 0, 
796, 0, -1, -1, -1, 113, 119, 180.0, 8, , 16, 0, 0, 0, , 0, 0, 0, 0, 0, 
797, 1, 769, 821, -1, 257, 85, 129.0, 22, Eprp, 0, 0, 0, 0, , 0, 0, 0, 0, 0, 
798, 0, 770, -1, -1, 134, 39, 130.0, 15, , 0, 0, 0, 0, , 0, 0, 0, 0, 0, 
799, 1, 771, 823, -1, 133, 114, 204.0, 15, ABarappaaa, 0, 0, 0, 0, , 0, 0, 0, 0, 0, 
800, 1, 772, 824, -1, 153, 97, 211.0, 15, ABarappapa, 0, 0, 0, 0, , 0, 0, 0, 0, 0, 
801, 1, 773, 825, -1, 180, 103, 210.0, 15, ABarappapp, 0, 0, 0, 0, , 0, 0, 0, 0, 0, 
802, 1, 774, 826, -1, 163, 111, 198.0, 15, ABarappaap, 0, 0, 0, 0, , 0, 0, 0, 0, 0, 
803, 1, 775, 827, -1, 116, 97, 204.0, 12, ABarapppaa, 0, 0, 0, 0, , 0, 0, 0, 0, 0, 
804, 1, 776, 828, -1, 141, 95, 187.0, 14, ABarapppap, 0, 0, 0, 0, , 0, 0, 0, 0, 0, 
805, 1, 777, 829, -1, 133, 88, 204.0, 15, ABarappppa, 0, 0, 0, 0, , 0, 0, 0, 0, 0, 
806, 1, 778, 830, -1, 153, 84, 193.0, 17, ABarappppp, 0, 0, 0, 0, , 0, 0, 0, 0, 0, 
807, 1, 779, 831, -1, 99, 125, 190.0, 15, ABarapaaaa, 0, 0, 0, 0, , 0, 0, 0, 0, 0, 
808, 1, 780, 832, -1, 119, 125, 200.0, 17, ABarapaaap, 0, 0, 0, 0, , 0, 0, 0, 0, 0, 
809, 1, 781, 833, -1, 117, 116, 181.0, 13, ABarapaapa, 0, 0, 0, 0, , 0, 0, 0, 0, 0, 
810, 1, 782, 834, -1, 135, 124, 181.0, 16, ABarapaapp, 0, 0, 0, 0, , 0, 0, 0, 0, 0, 
811, 1, 783, 835, -1, 139, 128, 203.0, 15, ABarapapaa, 0, 0, 0, 0, , 0, 0, 0, 0, 0, 
812, 1, 784, 836, -1, 163, 135, 203.0, 14, ABarapapap, 0, 0, 0, 0, , 0, 0, 0, 0, 0, 
813, 1, 785, 837, -1, 151, 119, 187.0, 14, ABarapappa, 0, 0, 0, 0, , 0, 0, 0, 0, 0, 
814, 1, 786, 838, -1, 174, 130, 189.0, 19, ABarapappp, 0, 0, 0, 0, , 0, 0, 0, 0, 0, 
815, 1, 787, 839, -1, 74, 120, 148.0, 14, ABaraapaaa, 0, 0, 0, 0, , 0, 0, 0, 0, 0, 
816, 1, 788, 840, -1, 100, 116, 149.0, 14, ABaraapaap, 0, 0, 0, 0, , 0, 0, 0, 0, 0, 
817, 1, 789, 841, -1, 110, 135, 144.0, 14, ABaraapapa, 0, 0, 0, 0, , 0, 0, 0, 0, 0, 
818, 1, 790, 842, -1, 133, 125, 132.0, 14, ABaraapapp, 0, 0, 0, 0, , 0, 0, 0, 0, 0, 
819, 1, 791, 843, -1, 106, 103, 162.0, 15, ABaraappaa, 0, 0, 0, 0, , 0, 0, 0, 0, 0, 
820, 1, 792, 844, -1, 123, 112, 149.0, 15, ABaraappap, 0, 0, 0, 0, , 0, 0, 0, 0, 0, 
821, 1, 793, 845, -1, 137, 103, 159.0, 17, ABaraapppa, 0, 0, 0, 0, , 0, 0, 0, 0, 0, 
822, 1, 794, 846, -1, 156, 95, 139.0, 16, ABaraapppp, 0, 0, 0, 0, , 0, 0, 0, 0, 0, 
823, 1, 795, 847, -1, 72, 121, 177.0, 15, ABaraaapaa, 0, 0, 0, 0, , 0, 0, 0, 0, 0, 
824, 1, 796, 848, -1, 91, 112, 177.0, 19, ABaraaapap, 0, 0, 0, 0, , 0, 0, 0, 0, 0, 
825, 1, 797, 849, -1, 89, 104, 195.0, 15, ABaraaappa, 0, 0, 0, 0, , 0, 0, 0, 0, 0, 
826, 1, 798, 850, -1, 113, 98, 190.0, 16, ABaraaappp, 0, 0, 0, 0, , 0, 0, 0, 0, 0, 
827, 1, 799, 852, -1, 64, 108, 167.0, 15, ABaraaaaaa, 0, 0, 0, 0, , 0, 0, 0, 0, 0, 
828, 1, 799, 851, -1, 66, 99, 167.0, 15, ABaraaaaap, 0, 0, 0, 0, , 0, 0, 0, 0, 0, 
829, 1, 800, 853, -1, 84, 102, 151.0, 16, ABaraaaap, 0, 0, 0, 0, , 0, 0, 0, 0, 0, 
830, 1, 802, 857, -1, 124, 137, 160.0, 15, ABalpaaapp, 0, 0, 0, 0, , 0, 0, 0, 0, 0, 
831, 1, 801, 854, -1, 101, 129, 162.0, 13, ABalpaaapa, 0, 0, 0, 0, , 0, 0, 0, 0, 0, 
832, 1, 803, 858, -1, 70, 137, 171.0, 13, ABalpaaaaa, 0, 0, 0, 0, , 0, 0, 0, 0, 0, 
833, 1, 803, 856, -1, 90, 147, 178.5, 15, ABalpaaaap, 0, 0, 0, 0, , 0, 0, 0, 0, 0, 
834, 1, 804, 859, -1, 57, 129, 156.0, 15, ABalpaapaa, 0, 0, 0, 0, , 0, 0, 0, 0, 0, 
835, 1, 805, 860, -1, 86, 142, 148.0, 16, ABalpaapap, 0, 0, 0, 0, , 0, 0, 0, 0, 0, 
836, 1, 806, 861, -1, 68, 154, 150.0, 12, ABalpaappa, 0, 0, 0, 0, , 0, 0, 0, 0, 0, 
837, 1, 807, 862, -1, 88, 163, 137.0, 15, ABalpaappp, 0, 0, 0, 0, , 0, 0, 0, 0, 0, 
838, 1, 808, 863, -1, 119, 140, 178.0, 15, ABalpappaa, 0, 0, 0, 0, , 0, 0, 0, 0, 0, 
839, 1, 809, 864, -1, 141, 148, 190.0, 15, ABalpappap, 0, 0, 0, 0, , 0, 0, 0, 0, 0, 
840, 1, 810, 865, -1, 132, 151, 162.0, 15, ABalpapppa, 0, 0, 0, 0, , 0, 0, 0, 0, 0, 
841, 1, 811, 866, -1, 160, 147, 174.0, 19, ABalpapppp, 0, 0, 0, 0, , 0, 0, 0, 0, 0, 
842, 1, 812, 867, -1, 70, 146, 113.0, 17, ABalppaaa, 0, 0, 0, 0, , 0, 0, 0, 0, 0, 
843, 1, 813, 868, -1, 89, 156, 103.0, 17, ABalppaap, 0, 0, 0, 0, , 0, 0, 0, 0, 0, 
844, 1, 814, 869, -1, 101, 168, 133.0, 15, ABalppapaa, 0, 0, 0, 0, , 0, 0, 0, 0, 0, 
845, 1, 815, 870, -1, 121, 177, 135.0, 14, ABalppapap, 0, 0, 0, 0, , 0, 0, 0, 0, 0, 
846, 1, 816, 871, -1, 124, 159, 138.0, 15, ABalppappa, 0, 0, 0, 0, , 0, 0, 0, 0, 0, 
847, 1, 817, 872, -1, 91, 158, 161.0, 15, ABalpapaaa, 0, 0, 0, 0, , 0, 0, 0, 0, 0, 
848, 1, 818, 873, -1, 107, 148, 182.0, 15, ABalpapaap, 0, 0, 0, 0, , 0, 0, 0, 0, 0, 
849, 1, 819, 874, -1, 117, 166, 156.0, 15, ABalpapapa, 0, 0, 0, 0, , 0, 0, 0, 0, 0, 
850, 1, 820, 875, -1, 137, 166, 172.0, 14, ABalpapapp, 0, 0, 0, 0, , 0, 0, 0, 0, 0, 
851, 1, 821, 876, -1, 145, 172, 156.0, 17, ABalppappp, 0, 0, 0, 0, , 0, 0, 0, 0, 0, 
852, 1, 822, 877, -1, 75, 141, 92.0, 16, ABalpppaaa, 0, 0, 0, 0, , 0, 0, 0, 0, 0, 
853, 1, 823, 878, -1, 145, 137, 88.5, 13, ABalpppppp, 0, 0, 0, 0, , 0, 0, 0, 0, 0, 
854, 1, 824, 879, -1, 127, 135, 67.0, 15, ABalpppppa, 0, 0, 0, 0, , 0, 0, 0, 0, 0, 
855, 0, 825, -1, -1, 97, 127, 92.0, 17, , 0, 0, 0, 0, , 0, 0, 0, 0, 0, 
856, 1, 826, 881, -1, 127, 128, 89.0, 15, ABalppppap, 0, 0, 0, 0, , 0, 0, 0, 0, 0, 
857, 1, 827, 882, -1, 90, 142, 79.2, 15, ABalpppaap, 0, 0, 0, 0, , 0, 0, 0, 0, 0, 
858, 1, 828, 883, -1, 103, 160, 81.5, 12, ABalpppapa, 0, 0, 0, 0, , 0, 0, 0, 0, 0, 
859, 0, 829, -1, -1, 121, 154, 70.57143, 11, , 0, 0, 0, 0, , 0, 0, 0, 0, 0, 
860, 1, 830, 885, -1, 40, 107, 118.0, 14, ABalaaapar, 0, 0, 0, 0, , 0, 0, 0, 0, 0, 
861, 1, 831, 886, -1, 48, 129, 120.0, 16, ABalaaapal, 0, 0, 0, 0, , 0, 0, 0, 0, 0, 
862, 1, 832, 887, -1, 45, 94, 131.0, 12, ABalaaappl, 0, 0, 0, 0, , 0, 0, 0, 0, 0, 
863, 1, 833, 888, -1, 64, 80, 135.0, 13, ABalaaappr, 0, 0, 0, 0, , 0, 0, 0, 0, 0, 
864, 1, 834, 889, -1, 77, 86, 177.0, 17, ABalaapaa, 0, 0, 0, 0, , 0, 0, 0, 0, 0, 
865, 0, 835, -1, -1, 93, 82, 181.83333, 14, , 0, 0, 0, 0, , 0, 0, 0, 0, 0, 
866, 1, 836, 891, -1, 89, 70, 178.0, 15, ABalaapap, 0, 0, 0, 0, , 0, 0, 0, 0, 0, 
867, 1, 837, 892, -1, 54, 108, 149.0, 15, ABalaaaar, 0, 0, 0, 0, , 0, 0, 0, 0, 0, 
868, 1, 838, 894, -1, 55, 135, 135.0, 15, ABalaaaala, 0, 0, 0, 0, , 0, 0, 0, 0, 0, 
869, 1, 838, 893, -1, 64, 146, 133.0, 14, ABalaaaalp, 0, 0, 0, 0, , 0, 0, 0, 0, 0, 
870, 1, 839, 896, -1, 65, 75, 150.0, 17, ABalaappaa, 0, 0, 0, 0, , 0, 0, 0, 0, 0, 
871, 1, 839, 895, -1, 84, 68, 149.0, 16, ABalaappap, 0, 0, 0, 0, , 0, 0, 0, 0, 0, 
872, 1, 840, 897, -1, 67, 67, 124.0, 14, ABalaapppa, 0, 0, 0, 0, , 0, 0, 0, 0, 0, 
873, 1, 841, 898, -1, 96, 55, 129.0, 14, ABalaapppp, 0, 0, 0, 0, , 0, 0, 0, 0, 0, 
874, 1, 842, 899, -1, 74, 125, 114.0, 17, ABalapaapa, 0, 0, 0, 0, , 0, 0, 0, 0, 0, 
875, 1, 843, 900, -1, 99, 128, 93.0, 17, ABalapaapp, 0, 0, 0, 0, , 0, 0, 0, 0, 0, 
876, 1, 844, 901, -1, 55, 121, 107.0, 17, ABalapaaaa, 0, 0, 0, 0, , 0, 0, 0, 0, 0, 
877, 1, 845, 902, -1, 80, 115, 91.0, 14, ABalapaaap, 0, 0, 0, 0, , 0, 0, 0, 0, 0, 
878, 1, 846, 903, -1, 96, 106, 76.0, 15, ABalapapap, 0, 0, 0, 0, , 0, 0, 0, 0, 0, 
879, 1, 847, 904, -1, 77, 93, 92.0, 15, ABalapapaa, 0, 0, 0, 0, , 0, 0, 0, 0, 0, 
880, 1, 848, 905, -1, 114, 109, 80.0, 14, ABalapappa, 0, 0, 0, 0, , 0, 0, 0, 0, 0, 
881, 1, 849, 906, -1, 142, 110, 72.0, 14, ABalapappp, 0, 0, 0, 0, , 0, 0, 0, 0, 0, 
882, 1, 850, 907, -1, 63, 100, 115.0, 17, ABalappaa, 0, 0, 0, 0, , 0, 0, 0, 0, 0, 
883, 1, 851, 908, -1, 50, 86, 118.0, 14, ABalappapa, 0, 0, 0, 0, , 0, 0, 0, 0, 0, 
884, 1, 852, 909, -1, 67, 73, 107.0, 14, ABalappapp, 0, 0, 0, 0, , 0, 0, 0, 0, 0, 
885, 1, 853, 910, -1, 84, 77, 112.0, 14, ABalapppaa, 0, 0, 0, 0, , 0, 0, 0, 0, 0, 
886, 1, 854, 911, -1, 102, 65, 106.0, 14, ABalapppap, 0, 0, 0, 0, , 0, 0, 0, 0, 0, 
887, 1, 855, 912, -1, 119, 59, 113.0, 14, ABalappppa, 0, 0, 0, 0, , 0, 0, 0, 0, 0, 
888, 1, 856, 913, -1, 140, 48, 115.0, 12, ABalappppp, 0, 0, 0, 0, , 0, 0, 0, 0, 0, 
889, 1, 857, 914, -1, 107, 134, 71.0, 15, ABalppppaa, 0, 0, 0, 0, , 0, 0, 0, 0, 0, 
890, 1, 858, 916, -1, 92, 60, 154.0, 12, ABpraaaaaa, 0, 0, 0, 0, , 0, 0, 0, 0, 0, 
891, 1, 858, 915, -1, 114, 52, 155.0, 13, ABpraaaaap, 0, 0, 0, 0, , 0, 0, 0, 0, 0, 
892, 1, 859, 917, -1, 108, 55, 175.0, 15, ABpraaaapa, 0, 0, 0, 0, , 0, 0, 0, 0, 0, 
893, 1, 860, 918, -1, 124, 54, 183.0, 14, ABpraaaapp, 0, 0, 0, 0, , 0, 0, 0, 0, 0, 
894, 1, 861, 919, -1, 131, 52, 161.0, 15, ABpraaappa, 0, 0, 0, 0, , 0, 0, 0, 0, 0, 
895, 1, 862, 920, -1, 153, 49, 158.0, 17, ABpraaappp, 0, 0, 0, 0, , 0, 0, 0, 0, 0, 
896, 1, 863, 921, -1, 203, 44, 173.25, 11, ABpraapppa, 0, 0, 0, 0, , 0, 0, 0, 0, 0, 
897, 1, 864, 922, -1, 222, 49, 181.0, 16, ABpraapppp, 0, 0, 0, 0, , 0, 0, 0, 0, 0, 
898, 1, 865, 923, -1, 187, 40, 162.0, 13, ABpraappap, 0, 0, 0, 0, , 0, 0, 0, 0, 0, 
899, 1, 866, 924, -1, 240, 53, 180.0, 14, ABprappaaa, 0, 0, 0, 0, , 0, 0, 0, 0, 0, 
900, 1, 867, 925, -1, 269, 71, 183.0, 15, ABprappaap, 0, 0, 0, 0, , 0, 0, 0, 0, 0, 
901, 1, 868, 926, -1, 296, 74, 170.66667, 13, ABprappapp, 0, 0, 0, 0, , 0, 0, 0, 0, 0, 
902, 1, 869, 927, -1, 267, 56, 168.0, 14, ABprappapa, 0, 0, 0, 0, , 0, 0, 0, 0, 0, 
903, 1, 870, 928, -1, 285, 89, 177.0, 11, ABprapppa, 0, 0, 0, 0, , 0, 0, 0, 0, 0, 
904, 1, 871, 929, -1, 211, 43, 135.0, 14, ABprapaaap, 0, 0, 0, 0, , 0, 0, 0, 0, 0, 
905, 1, 872, 930, -1, 186, 40, 142.33333, 12, ABprapaaaa, 0, 0, 0, 0, , 0, 0, 0, 0, 0, 
906, 1, 873, 931, -1, 221, 47, 150.0, 11, ABprapaapa, 0, 0, 0, 0, , 0, 0, 0, 0, 0, 
907, 1, 874, 932, -1, 246, 53, 162.0, 11, ABprapaapp, 0, 0, 0, 0, , 0, 0, 0, 0, 0, 
908, 1, 875, 933, -1, 299, 63, 149.0, 14, ABprapapap, 0, 0, 0, 0, , 0, 0, 0, 0, 0, 
909, 1, 876, 934, -1, 273, 45, 152.0, 14, ABprapapaa, 0, 0, 0, 0, , 0, 0, 0, 0, 0, 
910, 1, 877, 935, -1, 317, 88, 171.0, 13, ABprapappp, 0, 0, 0, 0, , 0, 0, 0, 0, 0, 
911, 1, 878, 936, -1, 310, 73, 149.25, 13, ABprapappa, 0, 0, 0, 0, , 0, 0, 0, 0, 0, 
912, 1, 880, 937, -1, 170, 167, 118.0, 15, ABplppaaa, 0, 0, 0, 0, , 0, 0, 0, 0, 0, 
913, 1, 881, 939, -1, 184, 174, 135.0, 15, ABplppaapa, 0, 0, 0, 0, , 0, 0, 0, 0, 0, 
914, 1, 881, 938, -1, 210, 175, 138.0, 14, ABplppaapp, 0, 0, 0, 0, , 0, 0, 0, 0, 0, 
915, 1, 882, 940, -1, 190, 175, 113.0, 12, ABplppapaa, 0, 0, 0, 0, , 0, 0, 0, 0, 0, 
916, 1, 883, 941, -1, 214, 180, 114.0, 13, ABplppapap, 0, 0, 0, 0, , 0, 0, 0, 0, 0, 
917, 1, 885, 942, -1, 227, 174, 114.0, 13, ABplppappa, 0, 0, 0, 0, , 0, 0, 0, 0, 0, 
918, 1, 884, 943, -1, 247, 171, 132.0, 15, ABplppappp, 0, 0, 0, 0, , 0, 0, 0, 0, 0, 
919, 1, 886, 944, -1, 222, 176, 140.0, 15, ABplpppaaa, 0, 0, 0, 0, , 0, 0, 0, 0, 0, 
920, 1, 887, 945, -1, 244, 177, 152.33333, 15, ABplpppaap, 0, 0, 0, 0, , 0, 0, 0, 0, 0, 
921, 1, 888, 946, -1, 262, 172, 150.0, 15, ABplpppapa, 0, 0, 0, 0, , 0, 0, 0, 0, 0, 
922, 1, 889, 947, -1, 277, 153, 161.0, 13, ABplpppapp, 0, 0, 0, 0, , 0, 0, 0, 0, 0, 
923, 1, 890, 948, -1, 217, 178, 159.0, 14, ABplppppaa, 0, 0, 0, 0, , 0, 0, 0, 0, 0, 
924, 1, 891, 949, -1, 241, 163, 166.0, 14, ABplppppap, 0, 0, 0, 0, , 0, 0, 0, 0, 0, 
925, 1, 892, 950, -1, 229, 151, 181.0, 15, ABplpppppa, 0, 0, 0, 0, , 0, 0, 0, 0, 0, 
926, 1, 893, 951, -1, 265, 148, 171.0, 15, ABplpppppp, 0, 0, 0, 0, , 0, 0, 0, 0, 0, 
927, 1, 894, 952, -1, 198, 169, 169.0, 15, ABplpapapp, 0, 0, 0, 0, , 0, 0, 0, 0, 0, 
928, 1, 895, 953, -1, 111, 166, 117.0, 15, ABplpaaaaa, 0, 0, 0, 0, , 0, 0, 0, 0, 0, 
929, 1, 896, 954, -1, 131, 172, 120.28571, 16, ABplpaaaap, 0, 0, 0, 0, , 0, 0, 0, 0, 0, 
930, 1, 897, 955, -1, 149, 173, 107.0, 15, ABplpaaapp, 0, 0, 0, 0, , 0, 0, 0, 0, 0, 
931, 1, 898, 956, -1, 148, 182, 125.0, 16, ABplpaaapa, 0, 0, 0, 0, , 0, 0, 0, 0, 0, 
932, 1, 899, 957, -1, 118, 166, 97.0, 16, ABplpaapaa, 0, 0, 0, 0, , 0, 0, 0, 0, 0, 
933, 1, 900, 958, -1, 143, 166, 86.0, 17, ABplpaapap, 0, 0, 0, 0, , 0, 0, 0, 0, 0, 
934, 1, 901, 959, -1, 162, 171, 88.0, 15, ABplpaappa, 0, 0, 0, 0, , 0, 0, 0, 0, 0, 
935, 1, 902, 960, -1, 180, 174, 99.0, 14, ABplpaappp, 0, 0, 0, 0, , 0, 0, 0, 0, 0, 
936, 1, 903, 961, -1, 143, 172, 138.0, 15, ABplpapaaa, 0, 0, 0, 0, , 0, 0, 0, 0, 0, 
937, 1, 904, 962, -1, 167, 177, 139.0, 15, ABplpapaap, 0, 0, 0, 0, , 0, 0, 0, 0, 0, 
938, 1, 905, 963, -1, 175, 176, 162.0, 16, ABplpapapa, 0, 0, 0, 0, , 0, 0, 0, 0, 0, 
939, 1, 906, 964, -1, 172, 159, 184.0, 17, ABplpappaa, 0, 0, 0, 0, , 0, 0, 0, 0, 0, 
940, 1, 907, 965, -1, 192, 149, 184.0, 14, ABplpappap, 0, 0, 0, 0, , 0, 0, 0, 0, 0, 
941, 1, 908, 966, -1, 204, 158, 185.0, 15, ABplpapppa, 0, 0, 0, 0, , 0, 0, 0, 0, 0, 
942, 1, 909, 967, -1, 227, 166, 182.0, 15, ABplpapppp, 0, 0, 0, 0, , 0, 0, 0, 0, 0, 
943, 1, 879, 968, -1, 106, 42, 119.0, 13, ABpraapaaa, 0, 0, 0, 0, , 0, 0, 0, 0, 0, 
944, 1, 910, 969, -1, 144, 32, 140.0, 12, ABpraapapa, 0, 0, 0, 0, , 0, 0, 0, 0, 0, 
945, 1, 911, 970, -1, 167, 30, 137.0, 14, ABpraapapp, 0, 0, 0, 0, , 0, 0, 0, 0, 0, 
946, 1, 912, 971, -1, 112, 75, 186.14285, 14, ABprpaaaaa, 0, 0, 0, 0, , 0, 0, 0, 0, 0, 
947, 1, 913, 972, -1, 133, 69, 195.0, 14, ABprpaaaap, 0, 0, 0, 0, , 0, 0, 0, 0, 0, 
948, 1, 914, 973, -1, 148, 64, 194.0, 13, ABprpaaapa, 0, 0, 0, 0, , 0, 0, 0, 0, 0, 
949, 1, 915, 974, -1, 168, 63, 196.0, 15, ABprpaaapp, 0, 0, 0, 0, , 0, 0, 0, 0, 0, 
950, 1, 916, 975, -1, 140, 48, 179.0, 15, ABprpaapaa, 0, 0, 0, 0, , 0, 0, 0, 0, 0, 
951, 1, 917, 976, -1, 164, 48, 180.83333, 13, ABprpaapap, 0, 0, 0, 0, , 0, 0, 0, 0, 0, 
952, 1, 918, 977, -1, 182, 47, 183.0, 15, ABprpaappa, 0, 0, 0, 0, , 0, 0, 0, 0, 0, 
953, 1, 919, 978, -1, 196, 57, 194.0, 15, ABprpaappp, 0, 0, 0, 0, , 0, 0, 0, 0, 0, 
954, 1, 920, 979, -1, 199, 113, 207.54546, 15, ABprpapapa, 0, 0, 0, 0, , 0, 0, 0, 0, 0, 
955, 1, 921, 980, -1, 167, 91, 200.0, 15, ABprpapaaa, 0, 0, 0, 0, , 0, 0, 0, 0, 0, 
956, 1, 922, 981, -1, 196, 111, 193.2, 15, ABprpapaap, 0, 0, 0, 0, , 0, 0, 0, 0, 0, 
957, 1, 923, 982, -1, 223, 116, 212.0, 14, ABprpapapp, 0, 0, 0, 0, , 0, 0, 0, 0, 0, 
958, 1, 924, 983, -1, 179, 123, 207.0, 15, ABprpappaa, 0, 0, 0, 0, , 0, 0, 0, 0, 0, 
959, 1, 925, 984, -1, 205, 136, 193.0, 15, ABprpappap, 0, 0, 0, 0, , 0, 0, 0, 0, 0, 
960, 1, 926, 985, -1, 226, 135, 205.0, 15, ABprpapppa, 0, 0, 0, 0, , 0, 0, 0, 0, 0, 
961, 1, 927, 986, -1, 249, 141, 185.0, 14, ABprpapppp, 0, 0, 0, 0, , 0, 0, 0, 0, 0, 
962, 1, 928, 987, 988, 187, 79, 194.0, 14, ABprppaaa, 0, 0, 0, 0, , 0, 0, 0, 0, 0, 
963, 0, 928, -1, -1, 187, 78, 192.5, 14, , 0, 0, 0, 0, , 0, 0, 0, 0, 0, 
964, 1, 930, 990, -1, 223, 89, 203.0, 15, ABprppaapp, 0, 0, 0, 0, , 0, 0, 0, 0, 0, 
965, 1, 929, 989, -1, 195, 95, 201.0, 13, ABprppaapa, 0, 0, 0, 0, , 0, 0, 0, 0, 0, 
966, 1, 931, 991, -1, 206, 72, 193.0, 12, ABprppapaa, 0, 0, 0, 0, , 0, 0, 0, 0, 0, 
967, 1, 932, 992, -1, 232, 74, 198.0, 13, ABprppapap, 0, 0, 0, 0, , 0, 0, 0, 0, 0, 
968, 1, 934, 993, -1, 238, 71, 184.0, 14, ABprppappa, 0, 0, 0, 0, , 0, 0, 0, 0, 0, 
969, 1, 933, 994, -1, 258, 88, 191.0, 14, ABprppappp, 0, 0, 0, 0, , 0, 0, 0, 0, 0, 
970, 1, 935, 995, -1, 242, 87, 206.0, 12, ABprpppaaa, 0, 0, 0, 0, , 0, 0, 0, 0, 0, 
971, 1, 936, 996, -1, 264, 102, 201.0, 12, ABprpppaap, 0, 0, 0, 0, , 0, 0, 0, 0, 0, 
972, 1, 937, 997, -1, 279, 114, 198.0, 12, ABprpppapa, 0, 0, 0, 0, , 0, 0, 0, 0, 0, 
973, 1, 938, 998, -1, 294, 125, 180.0, 12, ABprpppapp, 0, 0, 0, 0, , 0, 0, 0, 0, 0, 
974, 1, 939, 999, -1, 234, 104, 203.0, 15, ABprppppaa, 0, 0, 0, 0, , 0, 0, 0, 0, 0, 
975, 1, 940, 1000, -1, 253, 117, 196.0, 15, ABprppppap, 0, 0, 0, 0, , 0, 0, 0, 0, 0, 
976, 1, 941, 1001, -1, 261, 132, 191.0, 15, ABprpppppa, 0, 0, 0, 0, , 0, 0, 0, 0, 0, 
977, 1, 942, 1002, -1, 285, 137, 175.0, 15, ABprpppppp, 0, 0, 0, 0, , 0, 0, 0, 0, 0, 
978, 1, 943, 1003, -1, 60, 112, 131.0, 13, MSaaaaaa, 0, 0, 0, 0, , 0, 0, 0, 0, 0, 
979, 1, 944, 1004, -1, 88, 104, 114.5, 11, MSaaaaap, 0, 0, 0, 0, , 0, 0, 0, 0, 0, 
980, 1, 945, 1006, -1, 101, 91, 102.0, 11, MSaaaapa, 0, 0, 0, 0, , 0, 0, 0, 0, 0, 
981, 1, 945, 1005, -1, 125, 82, 106.0, 11, MSaaaapp, 0, 0, 0, 0, , 0, 0, 0, 0, 0, 
982, 1, 946, 1007, -1, 143, 113, 124.333336, 15, MSaaapp, 0, 0, 0, 0, , 0, 0, 0, 0, 0, 
983, 1, 948, 1008, -1, 126, 107, 111.333336, 12, MSaaapap, 0, 0, 0, 0, , 0, 0, 0, 0, 0, 
984, 1, 947, 1009, -1, 103, 118, 123.0, 11, MSaaapaa, 0, 0, 0, 0, , 0, 0, 0, 0, 0, 
985, 1, 949, 1010, -1, 167, 137, 159.5, 16, MSaapap, 0, 0, 0, 0, , 0, 0, 0, 0, 0, 
986, 1, 950, 1011, -1, 140, 137, 156.0, 10, MSaapaaa, 0, 0, 0, 0, , 0, 0, 0, 0, 0, 
987, 1, 951, 1012, -1, 163, 117, 126.0, 11, MSaapaap, 0, 0, 0, 0, , 0, 0, 0, 0, 0, 
988, 1, 952, 1013, -1, 207, 151, 150.0, 16, MSaappp, 0, 0, 0, 0, , 0, 0, 0, 0, 0, 
989, 1, 953, 1014, -1, 218, 72, 126.0, 19, Epra, 0, 0, 0, 0, , 0, 0, 0, 0, 0, 
990, 1, 954, 1015, 1016, 192, 120, 119.0, 19, Ealp, 0, 0, 0, 0, , 0, 0, 0, 0, 0, 
991, 1, 955, 1126, -1, 181, 97, 99.0, 19, Ealap, 0, 0, 0, 0, , 0, 0, 0, 0, 0, 
992, 1, 956, 1017, -1, 171, 72, 122.0, 17, Eara, 0, 0, 0, 0, , 0, 0, 0, 0, 0, 
993, 1, 957, 1018, -1, 195, 86, 144.0, 19, Earp, 0, 0, 0, 0, , 0, 0, 0, 0, 0, 
994, 1, 958, 1019, -1, 229, 101, 99.0, 18, Epla, 0, 0, 0, 0, , 0, 0, 0, 0, 0, 
995, 1, 959, 1020, -1, 269, 110, 116.0, 21, Eplp, 0, 0, 0, 0, , 0, 0, 0, 0, 0, 
996, 1, 960, 1021, -1, 306, 118, 85.0, 17, Caaapa, 0, 0, 0, 0, , 0, 0, 0, 0, 0, 
997, 1, 961, 1022, -1, 326, 140, 142.0, 15, Caapa, 0, 0, 0, 0, , 0, 0, 0, 0, 0, 
998, 1, 962, 1023, -1, 312, 144, 155.0, 17, Caapp, 0, 0, 0, 0, , 0, 0, 0, 0, 0, 
999, 1, 963, 1024, -1, 242, 143, 159.0, 17, Capaa, 0, 0, 0, 0, , 0, 0, 0, 0, 0, 
1000, 1, 964, 1025, -1, 264, 136, 143.0, 17, Capap, 0, 0, 0, 0, , 0, 0, 0, 0, 0, 
1001, 1, 965, 1026, -1, 277, 134, 118.0, 17, Cappa, 0, 0, 0, 0, , 0, 0, 0, 0, 0, 
1002, 1, 966, 1027, -1, 292, 138, 139.0, 17, Cappp, 0, 0, 0, 0, , 0, 0, 0, 0, 0, 
1003, 1, 967, 1028, -1, 248, 115, 175.0, 15, Cppaa, 0, 0, 0, 0, , 0, 0, 0, 0, 0, 
1004, 1, 968, 1029, -1, 273, 116, 173.0, 15, Cppap, 0, 0, 0, 0, , 0, 0, 0, 0, 0, 
1005, 1, 969, 1030, -1, 288, 87, 154.0, 17, Cpppa, 0, 0, 0, 0, , 0, 0, 0, 0, 0, 
1006, 1, 970, 1031, -1, 297, 116, 157.0, 17, Cpppp, 0, 0, 0, 0, , 0, 0, 0, 0, 0, 
1007, 1, 971, 1032, -1, 229, 101, 130.0, 18, Z2, 0, 0, 0, 0, , 0, 0, 0, 0, 0, 
1008, 1, 972, 1033, -1, 207, 123, 149.0, 16, Z3, 0, 0, 0, 0, , 0, 0, 0, 0, 0, 
1009, 1, 973, 1035, -1, 96, 80, 77.0, 14, ABarpaaaap, 0, 0, 0, 0, , 0, 0, 0, 0, 0, 
1010, 1, 973, 1034, -1, 87, 74, 94.0, 14, ABarpaaaaa, 0, 0, 0, 0, , 0, 0, 0, 0, 0, 
1011, 1, 974, 1036, -1, 116, 72, 81.0, 16, ABarpaaap, 0, 0, 0, 0, , 0, 0, 0, 0, 0, 
1012, 1, 975, 1037, -1, 137, 72, 89.0, 15, ABarpaapaa, 0, 0, 0, 0, , 0, 0, 0, 0, 0, 
1013, 1, 976, 1038, -1, 171, 74, 73.0, 15, ABarpaapap, 0, 0, 0, 0, , 0, 0, 0, 0, 0, 
1014, 1, 977, 1039, -1, 184, 52, 87.0, 14, ABarpaappa, 0, 0, 0, 0, , 0, 0, 0, 0, 0, 
1015, 1, 978, 1040, -1, 204, 67, 84.0, 15, ABarpaappp, 0, 0, 0, 0, , 0, 0, 0, 0, 0, 
1016, 1, 979, 1041, -1, 94, 52, 99.0, 15, ABarpapaaa, 0, 0, 0, 0, , 0, 0, 0, 0, 0, 
1017, 1, 980, 1042, -1, 125, 48, 98.0, 15, ABarpapaap, 0, 0, 0, 0, , 0, 0, 0, 0, 0, 
1018, 1, 981, 1043, -1, 137, 57, 88.0, 15, ABarpapapa, 0, 0, 0, 0, , 0, 0, 0, 0, 0, 
1019, 1, 982, 1044, -1, 163, 50, 89.0, 15, ABarpapapp, 0, 0, 0, 0, , 0, 0, 0, 0, 0, 
1020, 1, 983, 1045, -1, 137, 33, 108.0, 14, ABarpappaa, 0, 0, 0, 0, , 0, 0, 0, 0, 0, 
1021, 1, 984, 1046, -1, 164, 33, 115.0, 14, ABarpappap, 0, 0, 0, 0, , 0, 0, 0, 0, 0, 
1022, 1, 985, 1047, -1, 221, 58, 92.0, 15, ABarpppapa, 0, 0, 0, 0, , 0, 0, 0, 0, 0, 
1023, 1, 986, 1048, -1, 248, 50, 115.0, 15, ABarpppapp, 0, 0, 0, 0, , 0, 0, 0, 0, 0, 
1024, 1, 987, 1049, -1, 225, 85, 73.0, 16, ABarppaapa, 0, 0, 0, 0, , 0, 0, 0, 0, 0, 
1025, 1, 988, 1050, -1, 238, 112, 65.0, 16, ABarppaapp, 0, 0, 0, 0, , 0, 0, 0, 0, 0, 
1026, 1, 989, 1052, -1, 188, 93, 71.0, 15, ABarppaaaa, 0, 0, 0, 0, , 0, 0, 0, 0, 0, 
1027, 1, 989, 1051, -1, 206, 94, 71.0, 14, ABarppaaap, 0, 0, 0, 0, , 0, 0, 0, 0, 0, 
1028, 1, 991, 1053, -1, 219, 120, 72.0, 17, ABarppapaa, 0, 0, 0, 0, , 0, 0, 0, 0, 0, 
1029, 1, 990, 1054, -1, 247, 132, 76.0, 18, ABarppapap, 0, 0, 0, 0, , 0, 0, 0, 0, 0, 
1030, 1, 993, 1056, -1, 289, 126, 95.0, 19, ABarppappp, 0, 0, 0, 0, , 0, 0, 0, 0, 0, 
1031, 1, 992, 1055, -1, 265, 124, 78.0, 17, ABarppappa, 0, 0, 0, 0, , 0, 0, 0, 0, 0, 
1032, 1, 995, 1057, -1, 187, 38, 103.0, 16, ABarpppaaa, 0, 0, 0, 0, , 0, 0, 0, 0, 0, 
1033, 1, 994, 1058, -1, 212, 40, 112.0, 16, ABarpppaap, 0, 0, 0, 0, , 0, 0, 0, 0, 0, 
1034, 1, 996, 1059, -1, 160, 46, 124.0, 13, ABarpapppa, 0, 0, 0, 0, , 0, 0, 0, 0, 0, 
1035, 1, 997, 1060, -1, 190, 40, 125.0, 14, ABarpapppp, 0, 0, 0, 0, , 0, 0, 0, 0, 0, 
1036, 1, 998, 1061, -1, 230, 38, 122.0, 14, ABarppppaa, 0, 0, 0, 0, , 0, 0, 0, 0, 0, 
1037, 1, 999, 1062, -1, 254, 47, 140.0, 15, ABarppppap, 0, 0, 0, 0, , 0, 0, 0, 0, 0, 
1038, 1, 1001, 1064, -1, 291, 68, 129.0, 14, ABarpppppp, 0, 0, 0, 0, , 0, 0, 0, 0, 0, 
1039, 1, 1000, 1063, -1, 265, 52, 127.0, 14, ABarpppppa, 0, 0, 0, 0, , 0, 0, 0, 0, 0, 
1040, 0, 1002, -1, -1, 94, 81, 71.0, 17, , 0, 0, 0, 0, , 0, 0, 0, 0, 0, 
1041, 1, 1002, 1066, -1, 92, 89, 65.0, 17, ABplaaaaaa, 0, 0, 0, 0, , 0, 0, 0, 0, 0, 
1042, 1, 1003, 1067, -1, 112, 97, 59.0, 17, ABplaaaaap, 0, 0, 0, 0, , 0, 0, 0, 0, 0, 
1043, 1, 1004, 1068, -1, 128, 84, 68.0, 15, ABplaaaapa, 0, 0, 0, 0, , 0, 0, 0, 0, 0, 
1044, 1, 1005, 1069, -1, 151, 83, 65.0, 16, ABplaaaapp, 0, 0, 0, 0, , 0, 0, 0, 0, 0, 
1045, 1, 1006, 1070, -1, 266, 164, 123.0, 17, ABplapppa, 0, 0, 0, 0, , 0, 0, 0, 0, 0, 
1046, 1, 1007, 1071, 1072, 285, 163, 140.0, 17, ABplapppp, 0, 0, 0, 0, , 0, 0, 0, 0, 0, 
1047, 1, 1008, 1073, -1, 136, 103, 53.0, 17, ABplaaapaa, 0, 0, 0, 0, , 0, 0, 0, 0, 0, 
1048, 1, 1009, 1074, -1, 169, 103, 56.0, 17, ABplaaapap, 0, 0, 0, 0, , 0, 0, 0, 0, 0, 
1049, 1, 1010, 1075, -1, 181, 114, 64.0, 15, ABplaaappa, 0, 0, 0, 0, , 0, 0, 0, 0, 0, 
1050, 1, 1011, 1076, -1, 200, 120, 82.0, 16, ABplaaappp, 0, 0, 0, 0, , 0, 0, 0, 0, 0, 
1051, 1, 1012, 1077, -1, 94, 119, 58.0, 15, ABplaapaaa, 0, 0, 0, 0, , 0, 0, 0, 0, 0, 
1052, 1, 1013, 1078, -1, 121, 113, 56.0, 16, ABplaapaap, 0, 0, 0, 0, , 0, 0, 0, 0, 0, 
1053, 1, 1014, 1079, -1, 135, 123, 53.0, 17, ABplaapapa, 0, 0, 0, 0, , 0, 0, 0, 0, 0, 
1054, 1, 1015, 1080, -1, 157, 123, 59.0, 17, ABplaapapp, 0, 0, 0, 0, , 0, 0, 0, 0, 0, 
1055, 1, 1016, 1081, -1, 136, 148, 57.0, 17, ABplaappaa, 0, 0, 0, 0, , 0, 0, 0, 0, 0, 
1056, 1, 1017, 1082, -1, 164, 147, 64.0, 17, ABplaappap, 0, 0, 0, 0, , 0, 0, 0, 0, 0, 
1057, 1, 1018, 1083, -1, 176, 155, 80.0, 17, ABplaapppa, 0, 0, 0, 0, , 0, 0, 0, 0, 0, 
1058, 1, 1019, 1084, -1, 203, 163, 84.0, 17, ABplaapppp, 0, 0, 0, 0, , 0, 0, 0, 0, 0, 
1059, 1, 1020, 1085, -1, 167, 125, 83.0, 17, ABplapaaaa, 0, 0, 0, 0, , 0, 0, 0, 0, 0, 
1060, 1, 1021, 1086, -1, 193, 141, 69.0, 17, ABplapaaap, 0, 0, 0, 0, , 0, 0, 0, 0, 0, 
1061, 1, 1022, 1087, -1, 209, 142, 67.0, 17, ABplapaapa, 0, 0, 0, 0, , 0, 0, 0, 0, 0, 
1062, 1, 1023, 1088, -1, 230, 148, 72.0, 17, ABplapaapp, 0, 0, 0, 0, , 0, 0, 0, 0, 0, 
1063, 1, 1024, 1089, -1, 262, 145, 77.0, 14, ABplapapaa, 0, 0, 0, 0, , 0, 0, 0, 0, 0, 
1064, 1, 1025, 1090, -1, 289, 147, 91.0, 16, ABplapapap, 0, 0, 0, 0, , 0, 0, 0, 0, 0, 
1065, 1, 1026, 1091, -1, 292, 156, 109.0, 17, ABplapappa, 0, 0, 0, 0, , 0, 0, 0, 0, 0, 
1066, 1, 1027, 1092, -1, 307, 159, 132.0, 17, ABplapappp, 0, 0, 0, 0, , 0, 0, 0, 0, 0, 
1067, 1, 1028, 1093, -1, 217, 168, 93.0, 18, ABplappaaa, 0, 0, 0, 0, , 0, 0, 0, 0, 0, 
1068, 1, 1029, 1094, -1, 250, 169, 104.0, 15, ABplappaap, 0, 0, 0, 0, , 0, 0, 0, 0, 0, 
1069, 1, 1030, 1095, -1, 244, 161, 80.0, 15, ABplappapa, 0, 0, 0, 0, , 0, 0, 0, 0, 0, 
1070, 1, 1031, 1096, -1, 267, 160, 103.0, 14, ABplappapp, 0, 0, 0, 0, , 0, 0, 0, 0, 0, 
1071, 1, 1032, 1097, -1, 193, 144, 164.0, 16, MSaappa, 0, 0, 0, 0, , 0, 0, 0, 0, 0, 
1072, 1, 1033, 1098, -1, 92, 141, 121.0, 16, MSapaaa, 0, 0, 0, 0, , 0, 0, 0, 0, 0, 
1073, 1, 1034, 1099, -1, 118, 143, 118.0, 16, MSapaap, 0, 0, 0, 0, , 0, 0, 0, 0, 0, 
1074, 1, 1035, 1100, -1, 136, 138, 108.0, 16, MSapapa, 0, 0, 0, 0, , 0, 0, 0, 0, 0, 
1075, 1, 1036, 1101, -1, 156, 127, 99.0, 16, MSapapp, 0, 0, 0, 0, , 0, 0, 0, 0, 0, 
1076, 1, 1037, 1102, -1, 154, 144, 132.0, 16, MSappaa, 0, 0, 0, 0, , 0, 0, 0, 0, 0, 
1077, 1, 1038, 1103, -1, 181, 151, 132.0, 15, MSappap, 0, 0, 0, 0, , 0, 0, 0, 0, 0, 
1078, 1, 1039, 1104, -1, 165, 147, 114.0, 14, MSapppa, 0, 0, 0, 0, , 0, 0, 0, 0, 0, 
1079, 1, 1040, 1105, -1, 200, 146, 100.0, 14, MSapppp, 0, 0, 0, 0, , 0, 0, 0, 0, 0, 
1080, 1, 1041, 1106, -1, 69, 96, 143.0, 15, MSpaaaaa, 0, 0, 0, 0, , 0, 0, 0, 0, 0, 
1081, 1, 1042, 1107, -1, 103, 87, 135.0, 15, MSpaaaap, 0, 0, 0, 0, , 0, 0, 0, 0, 0, 
1082, 1, 1043, 1108, -1, 111, 73, 128.0, 13, MSpaaapa, 0, 0, 0, 0, , 0, 0, 0, 0, 0, 
1083, 1, 1044, 1109, -1, 146, 72, 125.0, 15, MSpaaapp, 0, 0, 0, 0, , 0, 0, 0, 0, 0, 
1084, 1, 1045, 1110, -1, 133, 89, 143.0, 15, MSpaapa, 0, 0, 0, 0, , 0, 0, 0, 0, 0, 
1085, 1, 1046, 1111, -1, 164, 90, 118.0, 15, MSpaapp, 0, 0, 0, 0, , 0, 0, 0, 0, 0, 
1086, 1, 1047, 1112, -1, 152, 126, 164.0, 14, MSpapaaa, 0, 0, 0, 0, , 0, 0, 0, 0, 0, 
1087, 1, 1048, 1113, -1, 184, 109, 150.0, 14, MSpapaap, 0, 0, 0, 0, , 0, 0, 0, 0, 0, 
1088, 1, 1049, 1114, -1, 181, 114, 171.0, 16, MSpapap, 0, 0, 0, 0, , 0, 0, 0, 0, 0, 
1089, 1, 1050, 1115, -1, 208, 131, 173.0, 14, MSpappa, 0, 0, 0, 0, , 0, 0, 0, 0, 0, 
1090, 1, 1051, 1116, -1, 225, 123, 177.0, 16, MSpappp, 0, 0, 0, 0, , 0, 0, 0, 0, 0, 
1091, 1, 1052, 1117, -1, 128, 87, 172.0, 14, MSppaap, 0, 0, 0, 0, , 0, 0, 0, 0, 0, 
1092, 1, 1053, 1118, -1, 99, 86, 164.0, 14, MSppaaa, 0, 0, 0, 0, , 0, 0, 0, 0, 0, 
1093, 1, 1054, 1119, -1, 136, 73, 165.0, 14, MSppapa, 0, 0, 0, 0, , 0, 0, 0, 0, 0, 
1094, 1, 1055, 1120, -1, 163, 63, 149.0, 15, MSppapp, 0, 0, 0, 0, , 0, 0, 0, 0, 0, 
1095, 1, 1056, 1121, -1, 159, 97, 174.0, 14, MSpppaa, 0, 0, 0, 0, , 0, 0, 0, 0, 0, 
1096, 1, 1057, 1122, -1, 187, 91, 177.0, 16, MSpppap, 0, 0, 0, 0, , 0, 0, 0, 0, 0, 
1097, 1, 1058, 1123, -1, 170, 73, 169.0, 14, MSppppa, 0, 0, 0, 0, , 0, 0, 0, 0, 0, 
1098, 1, 1059, 1124, -1, 197, 68, 165.0, 15, MSppppp, 0, 0, 0, 0, , 0, 0, 0, 0, 0, 
1099, 1, 1060, 1125, -1, 146, 97, 101.0, 17, Ealaa, 0, 0, 0, 0, , 0, 0, 0, 0, 0, 
1100, 1, 1061, 1127, -1, 106, 71, 149.0, 17, ABpraaapaa, 0, 0, 0, 0, , 0, 0, 0, 0, 0, 
1101, 1, 1062, 1128, -1, 124, 53, 142.0, 14, ABpraaapap, 0, 0, 0, 0, , 0, 0, 0, 0, 0, 
1102, 1, 1063, 1129, -1, 254, 96, 74.0, 15, Caaaaa, 0, 0, 0, 0, , 0, 0, 0, 0, 0, 
1103, 1, 1064, 1130, -1, 288, 101, 86.0, 16, Caaaap, 0, 0, 0, 0, , 0, 0, 0, 0, 0, 
1104, 1, 1065, 1131, -1, 309, 125, 120.0, 17, Caaapp, 0, 0, 0, 0, , 0, 0, 0, 0, 0, 
1105, 1, 1066, 1132, -1, 239, 69, 83.0, 17, Cpaaaa, 0, 0, 0, 0, , 0, 0, 0, 0, 0, 
1106, 1, 1067, 1133, -1, 270, 66, 104.0, 19, Cpaaap, 0, 0, 0, 0, , 0, 0, 0, 0, 0, 
1107, 1, 1068, 1134, -1, 293, 73, 103.0, 17, Cpaapa, 0, 0, 0, 0, , 0, 0, 0, 0, 0, 
1108, 1, 1069, 1135, -1, 313, 95, 123.0, 17, Cpaapp, 0, 0, 0, 0, , 0, 0, 0, 0, 0, 
1109, 1, 1070, 1136, -1, 318, 124, 138.0, 15, Cpapaa, 0, 0, 0, 0, , 0, 0, 0, 0, 0, 
1110, 1, 1071, 1137, -1, 327, 90, 149.0, 15, Cpapap, 0, 0, 0, 0, , 0, 0, 0, 0, 0, 
1111, 1, 1072, 1138, -1, 324, 108, 160.0, 15, Cpappd, 0, 0, 0, 0, , 0, 0, 0, 0, 0, 
1112, 1, 1073, 1139, -1, 307, 134, 169.0, 15, Cpappv, 0, 0, 0, 0, , 0, 0, 0, 0, 0, 
1113, 1, 1074, 1140, -1, 206, 152, 117.0, 16, Daaa, 0, 0, 0, 0, , 0, 0, 0, 0, 0, 
1114, 1, 1075, 1141, -1, 222, 146, 143.0, 14, Daap, 0, 0, 0, 0, , 0, 0, 0, 0, 0, 
1115, 1, 1076, 1142, -1, 223, 141, 115.0, 16, Dapa, 0, 0, 0, 0, , 0, 0, 0, 0, 0, 
1116, 1, 1077, 1143, -1, 245, 133, 130.0, 16, Dapp, 0, 0, 0, 0, , 0, 0, 0, 0, 0, 
1117, 1, 1078, 1144, -1, 212, 87, 175.0, 16, Dpaa, 0, 0, 0, 0, , 0, 0, 0, 0, 0, 
1118, 1, 1079, 1145, -1, 226, 104, 173.0, 16, Dpap, 0, 0, 0, 0, , 0, 0, 0, 0, 0, 
1119, 1, 1080, 1146, -1, 236, 83, 163.0, 16, Dppa, 0, 0, 0, 0, , 0, 0, 0, 0, 0, 
1120, 1, 1081, 1147, -1, 264, 93, 153.0, 16, Dppp, 0, 0, 0, 0, , 0, 0, 0, 0, 0, 
1121, 1, 1082, 1148, -1, 134, 38, 130.0, 14, ABpraapaap, 0, 0, 0, 0, , 0, 0, 0, 0, 0, 
1122, 1, 1083, 1149, -1, 120, 154, 73.0, 14, ABalpppapp, 0, 0, 0, 0, , 0, 0, 0, 0, 0, 
1123, 1, 1084, 1150, -1, 302, 106, 183.0, 21, ABprapppp, 0, 0, 0, 0, , 0, 0, 0, 0, 0, 
