1, 0, 1, -1, -1, 51, 111, 82.0, 9, , 110, 0, 0, 0, , 0, 0, 0, 0, 0, 
2, 0, 3, -1, -1, 191, 86, 200.0, 11, , 113, 0, 0, 0, , 0, 0, 0, 0, 0, 
3, 0, 4, -1, -1, 191, 58, 194.0, 8, , 43, 0, 0, 0, , 0, 0, 0, 0, 0, 
4, 0, 5, -1, -1, 180, 47, 159.0, 8, , 29, 0, 0, 0, , 0, 0, 0, 0, 0, 
5, 0, 6, -1, -1, 162, 50, 178.0, 9, , 65, 0, 0, 0, , 0, 0, 0, 0, 0, 
6, 0, 7, -1, -1, 205, 73, 203.0, 7, , 25, 0, 0, 0, , 0, 0, 0, 0, 0, 
7, 0, 8, -1, -1, 129, 104, 207.0, 9, , 42, 0, 0, 0, , 0, 0, 0, 0, 0, 
8, 0, 9, -1, -1, 84, 71, 146.0, 7, , 26, 0, 0, 0, , 0, 0, 0, 0, 0, 
9, 0, 10, -1, -1, 135, 125, 186.0, 9, , 49, 0, 0, 0, , 0, 0, 0, 0, 0, 
10, 0, 11, -1, -1, 183, 52, 188.0, 11, , 41, 0, 0, 0, , 0, 0, 0, 0, 0, 
11, 0, 12, -1, -1, 232, 107, 207.0, 11, , 66, 0, 0, 0, , 0, 0, 0, 0, 0, 
12, 0, 13, -1, -1, 315, 84, 176.0, 11, , 69, 0, 0, 0, , 0, 0, 0, 0, 0, 
13, 0, 14, -1, -1, 223, 48, 152.0, 7, , 45, 0, 0, 0, , 0, 0, 0, 0, 0, 
14, 0, 15, -1, -1, 308, 75, 143.0, 8, , 37, 0, 0, 0, , 0, 0, 0, 0, 0, 
15, 0, 16, -1, -1, 129, 53, 176.0, 7, , 38, 0, 0, 0, , 0, 0, 0, 0, 0, 
16, 0, 17, -1, -1, 146, 119, 188.0, 8, , 33, 0, 0, 0, , 0, 0, 0, 0, 0, 
17, 0, 18, -1, -1, 262, 129, 194.0, 9, , 46, 0, 0, 0, , 0, 0, 0, 0, 0, 
18, 0, 19, -1, -1, 269, 132, 194.0, 8, , 57, 0, 0, 0, , 0, 0, 0, 0, 0, 
19, 0, 20, -1, -1, 137, 124, 187.0, 8, , 10, 0, 0, 0, , 0, 0, 0, 0, 0, 
20, 0, 21, -1, -1, 137, 44, 179.0, 7, , 23, 0, 0, 0, , 0, 0, 0, 0, 0, 
21, 0, 22, -1, -1, 225, 70, 197.0, 8, , 28, 0, 0, 0, , 0, 0, 0, 0, 0, 
22, 0, 23, -1, -1, 128, 65, 195.0, 8, , 30, 0, 0, 0, , 0, 0, 0, 0, 0, 
23, 0, 24, -1, -1, 137, 73, 189.0, 8, , 34, 0, 0, 0, , 0, 0, 0, 0, 0, 
24, 0, 25, -1, -1, 148, 84, 194.0, 7, , 49, 0, 0, 0, , 0, 0, 0, 0, 0, 
25, 0, 26, -1, -1, 219, 114, 211.0, 7, , 39, 0, 0, 0, , 0, 0, 0, 0, 0, 
26, 0, 27, -1, -1, 201, 168, 168.0, 8, , 16, 0, 0, 0, , 0, 0, 0, 0, 0, 
27, 0, 28, -1, -1, 71, 124, 177.0, 7, , 15, 0, 0, 0, , 0, 0, 0, 0, 0, 
28, 0, 29, -1, -1, 247, 51, 159.0, 8, , 41, 0, 0, 0, , 0, 0, 0, 0, 0, 
29, 0, 30, -1, -1, 135, 123, 182.0, 11, , 168, 0, 0, 0, , 0, 0, 0, 0, 0, 
30, 0, 31, -1, -1, 209, 69, 195.0, 7, , 36, 0, 0, 0, , 0, 0, 0, 0, 0, 
31, 0, 32, -1, -1, 107, 102, 163.0, 9, , 97, 0, 0, 0, , 0, 0, 0, 0, 0, 
32, 0, 33, -1, -1, 238, 53, 179.0, 9, , 81, 0, 0, 0, , 0, 0, 0, 0, 0, 
33, 0, 34, -1, -1, 262, 103, 197.0, 7, , 12, 0, 0, 0, , 0, 0, 0, 0, 0, 
34, 0, 35, -1, -1, 137, 84, 208.0, 13, , 265, 0, 0, 0, , 0, 0, 0, 0, 0, 
35, 0, 36, -1, -1, 188, 45, 146.0, 9, , 71, 0, 0, 0, , 0, 0, 0, 0, 0, 
36, 0, 38, -1, -1, 86, 105, 191.0, 9, , 35, 0, 0, 0, , 0, 0, 0, 0, 0, 
37, 0, 40, -1, -1, 258, 103, 200.0, 8, , 21, 0, 0, 0, , 0, 0, 0, 0, 0, 
38, 0, 41, -1, -1, 240, 72, 185.0, 8, , 3, 0, 0, 0, , 0, 0, 0, 0, 0, 
39, 0, 42, -1, -1, 133, 88, 202.0, 9, , 42, 0, 0, 0, , 0, 0, 0, 0, 0, 
40, 0, 43, -1, -1, 159, 129, 202.0, 7, , 39, 0, 0, 0, , 0, 0, 0, 0, 0, 
41, 0, 44, -1, -1, 159, 137, 204.0, 9, , 51, 0, 0, 0, , 0, 0, 0, 0, 0, 
42, 0, 45, -1, -1, 134, 125, 178.0, 11, , 94, 0, 0, 0, , 0, 0, 0, 0, 0, 
43, 0, 46, -1, -1, 137, 129, 208.0, 8, , 47, 0, 0, 0, , 0, 0, 0, 0, 0, 
44, 0, 47, -1, -1, 139, 127, 208.0, 11, , 166, 0, 0, 0, , 0, 0, 0, 0, 0, 
45, 0, 48, -1, -1, 140, 34, 124.0, 8, , 9, 0, 0, 0, , 0, 0, 0, 0, 0, 
46, 0, 49, -1, -1, 147, 84, 197.0, 8, , 24, 0, 0, 0, , 0, 0, 0, 0, 0, 
47, 0, 50, -1, -1, 102, 158, 104.0, 11, , 37, 0, 0, 0, , 0, 0, 0, 0, 0, 
48, 0, 51, -1, -1, 186, 42, 142.0, 9, , 35, 0, 0, 0, , 0, 0, 0, 0, 0, 
49, 0, 52, -1, -1, 152, 33, 156.0, 9, , 56, 0, 0, 0, , 0, 0, 0, 0, 0, 
50, 0, 53, -1, -1, 286, 70, 177.0, 9, , 32, 0, 0, 0, , 0, 0, 0, 0, 0, 
51, 0, 54, -1, -1, 307, 106, 185.0, 9, , 65, 0, 0, 0, , 0, 0, 0, 0, 0, 
52, 0, 55, -1, -1, 88, 104, 198.0, 11, , 90, 0, 0, 0, , 0, 0, 0, 0, 0, 
53, 0, 56, -1, -1, 85, 106, 196.0, 7, , 27, 0, 0, 0, , 0, 0, 0, 0, 0, 
54, 0, 57, -1, -1, 108, 98, 194.0, 7, , 24, 0, 0, 0, , 0, 0, 0, 0, 0, 
55, 0, 58, -1, -1, 265, 99, 200.0, 9, , 76, 0, 0, 0, , 0, 0, 0, 0, 0, 
56, 0, 59, -1, -1, 151, 92, 208.0, 7, , 32, 0, 0, 0, , 0, 0, 0, 0, 0, 
57, 0, 60, -1, -1, 312, 71, 150.0, 7, , 28, 0, 0, 0, , 0, 0, 0, 0, 0, 
58, 0, 61, -1, -1, 133, 86, 198.0, 8, , 70, 0, 0, 0, , 0, 0, 0, 0, 0, 
59, 0, 62, -1, -1, 88, 160, 105.0, 8, , 19, 0, 0, 0, , 0, 0, 0, 0, 0, 
60, 0, 63, -1, -1, 73, 66, 132.0, 8, , 10, 0, 0, 0, , 0, 0, 0, 0, 0, 
61, 0, 64, -1, -1, 162, 46, 179.0, 9, , 58, 0, 0, 0, , 0, 0, 0, 0, 0, 
62, 0, 65, -1, -1, 292, 123, 178.0, 9, , 39, 0, 0, 0, , 0, 0, 0, 0, 0, 
63, 0, 66, -1, -1, 141, 96, 187.0, 13, , 177, 0, 0, 0, , 0, 0, 0, 0, 0, 
64, 0, 67, -1, -1, 147, 60, 192.0, 9, , 49, 0, 0, 0, , 0, 0, 0, 0, 0, 
65, 0, 68, -1, -1, 165, 130, 200.0, 8, , 18, 0, 0, 0, , 0, 0, 0, 0, 0, 
66, 0, 69, -1, -1, 131, 69, 198.0, 8, , 29, 0, 0, 0, , 0, 0, 0, 0, 0, 
67, 0, 70, -1, -1, 131, 84, 204.0, 8, , 71, 0, 0, 0, , 0, 0, 0, 0, 0, 
68, 0, 71, -1, -1, 164, 116, 200.0, 8, , 28, 0, 0, 0, , 0, 0, 0, 0, 0, 
69, 0, 72, -1, -1, 266, 134, 191.0, 8, , 54, 0, 0, 0, , 0, 0, 0, 0, 0, 
70, 0, 73, -1, -1, 262, 134, 193.0, 8, , 4, 0, 0, 0, , 0, 0, 0, 0, 0, 
71, 0, 74, -1, -1, 49, 129, 134.0, 8, , 21, 0, 0, 0, , 0, 0, 0, 0, 0, 
72, 0, 75, -1, -1, 70, 100, 161.0, 8, , 56, 0, 0, 0, , 0, 0, 0, 0, 0, 
73, 0, 76, -1, -1, 270, 56, 165.0, 8, , 16, 0, 0, 0, , 0, 0, 0, 0, 0, 
74, 0, 77, -1, -1, 91, 83, 180.0, 8, , 27, 0, 0, 0, , 0, 0, 0, 0, 0, 
75, 0, 78, -1, -1, 268, 128, 192.0, 9, , 32, 0, 0, 0, , 0, 0, 0, 0, 0, 
76, 0, 79, -1, -1, 171, 77, 197.0, 11, , 89, 0, 0, 0, , 0, 0, 0, 0, 0, 
77, 0, 80, -1, -1, 216, 112, 209.0, 9, , 48, 0, 0, 0, , 0, 0, 0, 0, 0, 
78, 0, 81, -1, -1, 73, 120, 154.0, 9, , 60, 0, 0, 0, , 0, 0, 0, 0, 0, 
79, 0, 82, -1, -1, 179, 48, 180.0, 11, , 129, 0, 0, 0, , 0, 0, 0, 0, 0, 
80, 0, 83, -1, -1, 67, 150, 111.0, 9, , 47, 0, 0, 0, , 0, 0, 0, 0, 0, 
81, 0, 84, -1, -1, 110, 163, 120.0, 8, , 24, 0, 0, 0, , 0, 0, 0, 0, 0, 
82, 0, 85, -1, -1, 40, 110, 129.0, 9, , 43, 0, 0, 0, , 0, 0, 0, 0, 0, 
83, 0, 86, -1, -1, 171, 36, 134.0, 9, , 52, 0, 0, 0, , 0, 0, 0, 0, 0, 
84, 0, 87, -1, -1, 315, 71, 146.0, 11, , 28, 0, 0, 0, , 0, 0, 0, 0, 0, 
85, 0, 89, -1, -1, 120, 115, 177.0, 7, , 28, 0, 0, 0, , 0, 0, 0, 0, 0, 
86, 0, 90, -1, -1, 239, 54, 188.0, 7, , 16, 0, 0, 0, , 0, 0, 0, 0, 0, 
87, 0, 91, -1, -1, 138, 126, 198.0, 11, , 101, 0, 0, 0, , 0, 0, 0, 0, 0, 
88, 0, 92, -1, -1, 152, 29, 136.0, 9, , 56, 0, 0, 0, , 0, 0, 0, 0, 0, 
89, 0, 93, -1, -1, 267, 54, 162.0, 13, , 95, 0, 0, 0, , 0, 0, 0, 0, 0, 
90, 0, 94, -1, -1, 159, 47, 190.0, 9, , 36, 0, 0, 0, , 0, 0, 0, 0, 0, 
91, 0, 95, -1, -1, 174, 83, 195.0, 9, , 48, 0, 0, 0, , 0, 0, 0, 0, 0, 
92, 0, 96, -1, -1, 105, 40, 124.0, 9, , 29, 0, 0, 0, , 0, 0, 0, 0, 0, 
93, 0, 97, -1, -1, 104, 41, 126.0, 9, , 35, 0, 0, 0, , 0, 0, 0, 0, 0, 
94, 0, 98, -1, -1, 302, 60, 152.0, 9, , 51, 0, 0, 0, , 0, 0, 0, 0, 0, 
95, 0, 99, -1, -1, 179, 48, 179.0, 11, , 56, 0, 0, 0, , 0, 0, 0, 0, 0, 
96, 0, 100, -1, -1, 147, 167, 137.0, 7, , 28, 0, 0, 0, , 0, 0, 0, 0, 0, 
97, 0, 101, -1, -1, 185, 52, 139.0, 8, , 13, 0, 0, 0, , 0, 0, 0, 0, 0, 
98, 0, 102, -1, -1, 47, 93, 140.0, 8, , 15, 0, 0, 0, , 0, 0, 0, 0, 0, 
99, 0, 103, -1, -1, 104, 70, 149.0, 9, , 39, 0, 0, 0, , 0, 0, 0, 0, 0, 
100, 0, 104, -1, -1, 131, 53, 160.0, 9, , 65, 0, 0, 0, , 0, 0, 0, 0, 0, 
101, 0, 105, -1, -1, 99, 65, 170.0, 9, , 61, 0, 0, 0, , 0, 0, 0, 0, 0, 
102, 0, 107, -1, -1, 81, 85, 178.0, 8, , 13, 0, 0, 0, , 0, 0, 0, 0, 0, 
103, 0, 108, -1, -1, 150, 116, 185.0, 7, , 21, 0, 0, 0, , 0, 0, 0, 0, 0, 
104, 0, 109, -1, -1, 299, 108, 184.0, 9, , 27, 0, 0, 0, , 0, 0, 0, 0, 0, 
105, 0, 110, -1, -1, 87, 104, 191.0, 9, , 48, 0, 0, 0, , 0, 0, 0, 0, 0, 
106, 0, 111, -1, -1, 89, 103, 202.0, 9, , 51, 0, 0, 0, , 0, 0, 0, 0, 0, 
107, 0, 112, -1, -1, 183, 103, 211.0, 9, , 32, 0, 0, 0, , 0, 0, 0, 0, 0, 
108, 0, 113, -1, -1, 298, 62, 158.0, 8, , 19, 0, 0, 0, , 0, 0, 0, 0, 0, 
109, 0, 114, -1, -1, 209, 71, 197.0, 13, , 48, 0, 0, 0, , 0, 0, 0, 0, 0, 
110, 0, 117, -1, -1, 242, 93, 208.0, 9, , 58, 0, 0, 0, , 0, 0, 0, 0, 0, 
111, 0, 118, -1, -1, 147, 165, 139.0, 7, , 28, 0, 0, 0, , 0, 0, 0, 0, 0, 
112, 0, 119, -1, -1, 125, 52, 185.0, 9, , 24, 0, 0, 0, , 0, 0, 0, 0, 0, 
113, 0, 120, -1, -1, 142, 97, 188.0, 9, , 61, 0, 0, 0, , 0, 0, 0, 0, 0, 
114, 0, 121, -1, -1, 228, 104, 206.0, 7, , 25, 0, 0, 0, , 0, 0, 0, 0, 0, 
115, 0, 122, -1, -1, 278, 135, 176.0, 9, , 61, 0, 0, 0, , 0, 0, 0, 0, 0, 
116, 0, 123, -1, -1, 280, 131, 181.0, 9, , 22, 0, 0, 0, , 0, 0, 0, 0, 0, 
117, 0, 124, -1, -1, 150, 119, 192.0, 7, , 44, 0, 0, 0, , 0, 0, 0, 0, 0, 
118, 0, 125, -1, -1, 115, 72, 81.0, 8, , 31, 0, 0, 0, , 0, 0, 0, 0, 0, 
119, 0, 127, -1, -1, 64, 123, 110.0, 7, , 20, 0, 0, 0, , 0, 0, 0, 0, 0, 
120, 0, 128, -1, -1, 58, 118, 111.0, 11, , 23, 0, 0, 0, , 0, 0, 0, 0, 0, 
121, 0, 129, -1, -1, 313, 71, 149.0, 11, , 26, 0, 0, 0, , 0, 0, 0, 0, 0, 
122, 0, 130, -1, -1, 106, 65, 155.0, 9, , 38, 0, 0, 0, , 0, 0, 0, 0, 0, 
123, 1, 131, 110, -1, 153, 33, 158.0, 11, ABpraappaa, 59, 0, 0, 0, , 0, 0, 0, 0, 0, 
124, 0, 132, -1, -1, 244, 50, 161.0, 9, , 70, 0, 0, 0, , 0, 0, 0, 0, 0, 
125, 0, 133, -1, -1, 72, 157, 155.0, 9, , 26, 0, 0, 0, , 0, 0, 0, 0, 0, 
126, 0, 134, -1, -1, 317, 90, 167.0, 8, , 26, 0, 0, 0, , 0, 0, 0, 0, 0, 
127, 0, 135, -1, -1, 82, 85, 173.0, 8, , 28, 0, 0, 0, , 0, 0, 0, 0, 0, 
128, 0, 136, -1, -1, 242, 53, 183.0, 7, , 39, 0, 0, 0, , 0, 0, 0, 0, 0, 
129, 0, 137, -1, -1, 280, 137, 172.0, 9, , 27, 0, 0, 0, , 0, 0, 0, 0, 0, 
130, 0, 138, -1, -1, 233, 72, 186.0, 7, , 31, 0, 0, 0, , 0, 0, 0, 0, 0, 
131, 0, 139, -1, -1, 157, 47, 184.0, 7, , 26, 0, 0, 0, , 0, 0, 0, 0, 0, 
132, 0, 140, -1, -1, 247, 112, 199.0, 9, , 23, 0, 0, 0, , 0, 0, 0, 0, 0, 
133, 0, 141, -1, -1, 158, 135, 199.0, 8, , 23, 0, 0, 0, , 0, 0, 0, 0, 0, 
134, 0, 142, -1, -1, 99, 116, 159.0, 9, , 39, 0, 0, 0, , 0, 0, 0, 0, 0, 
135, 0, 143, -1, -1, 308, 102, 176.0, 9, , 69, 0, 0, 0, , 0, 0, 0, 0, 0, 
136, 0, 144, -1, -1, 138, 93, 185.0, 9, , 28, 0, 0, 0, , 0, 0, 0, 0, 0, 
137, 0, 147, -1, -1, 202, 75, 196.0, 7, , 47, 0, 0, 0, , 0, 0, 0, 0, 0, 
138, 0, 148, -1, -1, 237, 85, 210.0, 7, , 21, 0, 0, 0, , 0, 0, 0, 0, 0, 
139, 0, 150, -1, -1, 70, 66, 121.0, 9, , 16, 0, 0, 0, , 0, 0, 0, 0, 0, 
140, 0, 151, -1, -1, 100, 125, 186.0, 8, , 85, 0, 0, 0, , 0, 0, 0, 0, 0, 
141, 0, 152, -1, -1, 44, 109, 122.0, 9, , 22, 0, 0, 0, , 0, 0, 0, 0, 0, 
142, 0, 153, -1, -1, 67, 65, 126.0, 9, , 27, 0, 0, 0, , 0, 0, 0, 0, 0, 
143, 0, 154, -1, -1, 118, 42, 153.0, 9, , 86, 0, 0, 0, , 0, 0, 0, 0, 0, 
144, 0, 155, -1, -1, 108, 150, 179.0, 9, , 18, 0, 0, 0, , 0, 0, 0, 0, 0, 
145, 0, 156, -1, -1, 234, 54, 183.0, 9, , 33, 0, 0, 0, , 0, 0, 0, 0, 0, 
146, 0, 157, -1, -1, 271, 79, 188.0, 9, , 64, 0, 0, 0, , 0, 0, 0, 0, 0, 
147, 0, 158, -1, -1, 182, 51, 189.0, 9, , 75, 0, 0, 0, , 0, 0, 0, 0, 0, 
148, 0, 159, -1, -1, 178, 51, 187.0, 7, , 30, 0, 0, 0, , 0, 0, 0, 0, 0, 
149, 0, 160, -1, -1, 163, 95, 195.0, 7, , 57, 0, 0, 0, , 0, 0, 0, 0, 0, 
150, 0, 161, -1, -1, 194, 60, 189.0, 7, , 40, 0, 0, 0, , 0, 0, 0, 0, 0, 
151, 0, 162, -1, -1, 121, 126, 196.0, 7, , 23, 0, 0, 0, , 0, 0, 0, 0, 0, 
152, 0, 163, -1, -1, 233, 108, 206.0, 7, , 24, 0, 0, 0, , 0, 0, 0, 0, 0, 
153, 0, 164, -1, -1, 173, 99, 211.0, 7, , 28, 0, 0, 0, , 0, 0, 0, 0, 0, 
154, 0, 165, -1, -1, 228, 76, 202.0, 7, , 40, 0, 0, 0, , 0, 0, 0, 0, 0, 
155, 0, 166, -1, -1, 237, 85, 204.0, 7, , 19, 0, 0, 0, , 0, 0, 0, 0, 0, 
156, 0, 167, -1, -1, 182, 98, 210.0, 7, , 35, 0, 0, 0, , 0, 0, 0, 0, 0, 
157, 0, 169, -1, -1, 281, 49, 149.0, 8, , 23, 0, 0, 0, , 0, 0, 0, 0, 0, 
158, 0, 170, -1, -1, 260, 148, 176.0, 7, , 13, 0, 0, 0, , 0, 0, 0, 0, 0, 
159, 0, 171, -1, -1, 149, 117, 184.0, 11, , 104, 0, 0, 0, , 0, 0, 0, 0, 0, 
160, 0, 173, -1, -1, 264, 68, 182.0, 9, , 30, 0, 0, 0, , 0, 0, 0, 0, 0, 
161, 0, 174, -1, -1, 180, 50, 182.0, 11, , 141, 0, 0, 0, , 0, 0, 0, 0, 0, 
162, 0, 175, -1, -1, 167, 63, 195.0, 9, , 55, 0, 0, 0, , 0, 0, 0, 0, 0, 
163, 0, 176, -1, -1, 233, 108, 201.0, 7, , 15, 0, 0, 0, , 0, 0, 0, 0, 0, 
164, 0, 177, -1, -1, 115, 126, 201.0, 8, , 8, 0, 0, 0, , 0, 0, 0, 0, 0, 
165, 0, 178, -1, -1, 259, 105, 203.0, 8, , 25, 0, 0, 0, , 0, 0, 0, 0, 0, 
166, 0, 179, -1, -1, 237, 85, 207.0, 9, , 41, 0, 0, 0, , 0, 0, 0, 0, 0, 
167, 0, 180, -1, -1, 158, 95, 209.0, 9, , 45, 0, 0, 0, , 0, 0, 0, 0, 0, 
168, 0, 181, -1, -1, 168, 35, 146.0, 9, , 27, 0, 0, 0, , 0, 0, 0, 0, 0, 
169, 0, 182, -1, -1, 150, 27, 139.0, 11, , 62, 0, 0, 0, , 0, 0, 0, 0, 0, 
170, 0, 183, -1, -1, 84, 92, 69.0, 9, , 64, 0, 0, 0, , 0, 0, 0, 0, 0, 
171, 0, 184, -1, -1, 75, 95, 93.0, 7, , 51, 0, 0, 0, , 0, 0, 0, 0, 0, 
172, 0, 185, -1, -1, 60, 123, 102.0, 7, , 12, 0, 0, 0, , 0, 0, 0, 0, 0, 
173, 0, 186, -1, -1, 132, 34, 135.0, 7, , 21, 0, 0, 0, , 0, 0, 0, 0, 0, 
174, 0, 187, -1, -1, 91, 56, 149.0, 9, , 46, 0, 0, 0, , 0, 0, 0, 0, 0, 
175, 0, 188, -1, -1, 177, 40, 166.0, 8, , 17, 0, 0, 0, , 0, 0, 0, 0, 0, 
176, 0, 189, -1, -1, 296, 71, 176.0, 8, , 34, 0, 0, 0, , 0, 0, 0, 0, 0, 
177, 0, 190, -1, -1, 292, 70, 172.0, 13, , 103, 0, 0, 0, , 0, 0, 0, 0, 0, 
178, 0, 191, -1, -1, 109, 50, 173.0, 9, , 63, 0, 0, 0, , 0, 0, 0, 0, 0, 
179, 0, 192, -1, -1, 159, 48, 178.0, 9, , 47, 0, 0, 0, , 0, 0, 0, 0, 0, 
180, 0, 193, -1, -1, 143, 43, 180.0, 7, , 9, 0, 0, 0, , 0, 0, 0, 0, 0, 
181, 0, 194, -1, -1, 132, 116, 180.0, 7, , 21, 0, 0, 0, , 0, 0, 0, 0, 0, 
182, 0, 195, -1, -1, 192, 147, 182.0, 11, , 97, 0, 0, 0, , 0, 0, 0, 0, 0, 
183, 0, 196, -1, -1, 98, 122, 198.0, 9, , 97, 0, 0, 0, , 0, 0, 0, 0, 0, 
184, 0, 197, -1, -1, 190, 147, 190.0, 7, , 22, 0, 0, 0, , 0, 0, 0, 0, 0, 
185, 0, 198, -1, -1, 110, 75, 184.0, 8, , 27, 0, 0, 0, , 0, 0, 0, 0, 0, 
186, 0, 199, -1, -1, 273, 77, 194.0, 11, , 32, 0, 0, 0, , 0, 0, 0, 0, 0, 
187, 0, 200, -1, -1, 107, 124, 190.0, 8, , 27, 0, 0, 0, , 0, 0, 0, 0, 0, 
188, 0, 201, -1, -1, 229, 160, 190.0, 9, , 33, 0, 0, 0, , 0, 0, 0, 0, 0, 
189, 0, 203, -1, -1, 192, 86, 196.0, 8, , 59, 0, 0, 0, , 0, 0, 0, 0, 0, 
190, 0, 204, -1, -1, 201, 70, 200.0, 8, , 12, 0, 0, 0, , 0, 0, 0, 0, 0, 
191, 0, 205, -1, -1, 246, 117, 205.0, 9, , 52, 0, 0, 0, , 0, 0, 0, 0, 0, 
192, 0, 206, -1, -1, 116, 91, 206.0, 9, , 77, 0, 0, 0, , 0, 0, 0, 0, 0, 
193, 0, 207, -1, -1, 138, 81, 203.0, 7, , 30, 0, 0, 0, , 0, 0, 0, 0, 0, 
194, 0, 208, -1, -1, 201, 110, 206.0, 9, , 55, 0, 0, 0, , 0, 0, 0, 0, 0, 
195, 0, 209, -1, -1, 197, 112, 204.0, 9, , 39, 0, 0, 0, , 0, 0, 0, 0, 0, 
196, 0, 210, -1, -1, 40, 109, 126.0, 9, , 26, 0, 0, 0, , 0, 0, 0, 0, 0, 
197, 0, 211, -1, -1, 163, 31, 136.0, 8, , 13, 0, 0, 0, , 0, 0, 0, 0, 0, 
198, 0, 212, -1, -1, 184, 44, 165.0, 8, , 21, 0, 0, 0, , 0, 0, 0, 0, 0, 
199, 0, 213, -1, -1, 312, 84, 169.0, 8, , 23, 0, 0, 0, , 0, 0, 0, 0, 0, 
200, 0, 214, -1, -1, 120, 55, 181.0, 8, , 16, 0, 0, 0, , 0, 0, 0, 0, 0, 
201, 0, 215, -1, -1, 138, 119, 177.0, 9, , 21, 0, 0, 0, , 0, 0, 0, 0, 0, 
202, 0, 216, -1, -1, 169, 64, 193.0, 7, , 24, 0, 0, 0, , 0, 0, 0, 0, 0, 
203, 0, 217, -1, -1, 169, 63, 197.0, 8, , 24, 0, 0, 0, , 0, 0, 0, 0, 0, 
204, 0, 218, -1, -1, 189, 60, 198.0, 9, , 52, 0, 0, 0, , 0, 0, 0, 0, 0, 
205, 0, 219, -1, -1, 139, 34, 101.0, 7, , 28, 0, 0, 0, , 0, 0, 0, 0, 0, 
206, 0, 220, -1, -1, 132, 124, 133.0, 9, , 15, 0, 0, 0, , 0, 0, 0, 0, 0, 
207, 0, 221, -1, -1, 75, 77, 159.0, 7, , 33, 0, 0, 0, , 0, 0, 0, 0, 0, 
208, 0, 223, -1, -1, 198, 168, 171.0, 9, , 43, 0, 0, 0, , 0, 0, 0, 0, 0, 
209, 0, 224, -1, -1, 264, 57, 170.0, 7, , 15, 0, 0, 0, , 0, 0, 0, 0, 0, 
210, 0, 225, -1, -1, 132, 53, 158.0, 11, , 91, 0, 0, 0, , 0, 0, 0, 0, 0, 
211, 0, 226, -1, -1, 264, 57, 172.0, 8, , 28, 0, 0, 0, , 0, 0, 0, 0, 0, 
212, 0, 227, -1, -1, 286, 136, 177.0, 8, , 17, 0, 0, 0, , 0, 0, 0, 0, 0, 
213, 0, 228, -1, -1, 198, 113, 192.0, 7, , 27, 0, 0, 0, , 0, 0, 0, 0, 0, 
214, 0, 229, -1, -1, 197, 109, 196.0, 11, , 52, 0, 0, 0, , 0, 0, 0, 0, 0, 
215, 0, 230, -1, -1, 133, 71, 191.0, 11, , 88, 0, 0, 0, , 0, 0, 0, 0, 0, 
216, 0, 231, -1, -1, 190, 108, 197.0, 9, , 31, 0, 0, 0, , 0, 0, 0, 0, 0, 
217, 0, 232, -1, -1, 163, 116, 203.0, 9, , 58, 0, 0, 0, , 0, 0, 0, 0, 0, 
218, 0, 233, -1, -1, 120, 93, 202.0, 9, , 24, 0, 0, 0, , 0, 0, 0, 0, 0, 
219, 0, 234, -1, -1, 157, 96, 208.0, 7, , 28, 0, 0, 0, , 0, 0, 0, 0, 0, 
220, 0, 235, -1, -1, 130, 86, 207.0, 8, , 14, 0, 0, 0, , 0, 0, 0, 0, 0, 
221, 0, 236, -1, -1, 207, 48, 142.0, 9, , 33, 0, 0, 0, , 0, 0, 0, 0, 0, 
222, 0, 237, -1, -1, 198, 112, 188.0, 7, , 56, 0, 0, 0, , 0, 0, 0, 0, 0, 
223, 0, 238, -1, -1, 118, 122, 207.0, 15, , 128, 0, 0, 0, , 0, 0, 0, 0, 0, 
224, 0, 240, -1, -1, 73, 155, 149.0, 9, , 38, 0, 0, 0, , 0, 0, 0, 0, 0, 
225, 0, 241, -1, -1, 106, 66, 151.0, 11, , 70, 0, 0, 0, , 0, 0, 0, 0, 0, 
226, 0, 242, -1, -1, 114, 98, 187.0, 9, , 32, 0, 0, 0, , 0, 0, 0, 0, 0, 
227, 0, 243, -1, -1, 99, 135, 77.0, 7, , 25, 0, 0, 0, , 0, 0, 0, 0, 0, 
228, 0, 244, -1, -1, 75, 93, 95.0, 11, , 78, 0, 0, 0, , 0, 0, 0, 0, 0, 
229, 0, 245, -1, -1, 124, 164, 94.0, 9, , 33, 0, 0, 0, , 0, 0, 0, 0, 0, 
230, 0, 246, -1, -1, 125, 167, 100.0, 8, , 7, 0, 0, 0, , 0, 0, 0, 0, 0, 
231, 0, 247, -1, -1, 145, 171, 104.0, 8, , 6, 0, 0, 0, , 0, 0, 0, 0, 0, 
232, 0, 248, -1, -1, 101, 41, 112.0, 8, , 29, 0, 0, 0, , 0, 0, 0, 0, 0, 
233, 0, 249, -1, -1, 83, 162, 103.0, 9, , 136, 0, 0, 0, , 0, 0, 0, 0, 0, 
234, 0, 251, -1, -1, 112, 164, 117.0, 11, , 91, 0, 0, 0, , 0, 0, 0, 0, 0, 
235, 0, 252, -1, -1, 138, 30, 128.0, 8, , 19, 0, 0, 0, , 0, 0, 0, 0, 0, 
236, 0, 253, -1, -1, 151, 31, 130.0, 7, , 8, 0, 0, 0, , 0, 0, 0, 0, 0, 
237, 0, 254, -1, -1, 45, 97, 133.0, 9, , 25, 0, 0, 0, , 0, 0, 0, 0, 0, 
238, 0, 255, -1, -1, 210, 43, 136.0, 9, , 46, 0, 0, 0, , 0, 0, 0, 0, 0, 
239, 0, 256, -1, -1, 42, 92, 135.0, 9, , 39, 0, 0, 0, , 0, 0, 0, 0, 0, 
240, 0, 257, -1, -1, 202, 177, 133.0, 9, , 22, 0, 0, 0, , 0, 0, 0, 0, 0, 
241, 0, 258, -1, -1, 49, 91, 135.0, 9, , 38, 0, 0, 0, , 0, 0, 0, 0, 0, 
242, 0, 259, -1, -1, 165, 36, 142.0, 8, , 5, 0, 0, 0, , 0, 0, 0, 0, 0, 
243, 0, 260, -1, -1, 117, 47, 136.0, 8, , 48, 0, 0, 0, , 0, 0, 0, 0, 0, 
244, 0, 261, -1, -1, 146, 30, 144.0, 9, , 38, 0, 0, 0, , 0, 0, 0, 0, 0, 
245, 0, 262, -1, -1, 67, 152, 146.0, 8, , 29, 0, 0, 0, , 0, 0, 0, 0, 0, 
246, 0, 263, -1, -1, 84, 102, 161.0, 9, , 47, 0, 0, 0, , 0, 0, 0, 0, 0, 
247, 0, 264, -1, -1, 148, 34, 159.0, 8, , 25, 0, 0, 0, , 0, 0, 0, 0, 0, 
248, 0, 265, -1, -1, 74, 95, 163.0, 8, , 48, 0, 0, 0, , 0, 0, 0, 0, 0, 
249, 0, 266, -1, -1, 137, 55, 155.0, 8, , 30, 0, 0, 0, , 0, 0, 0, 0, 0, 
250, 0, 267, -1, -1, 107, 129, 167.0, 7, , 18, 0, 0, 0, , 0, 0, 0, 0, 0, 
251, 0, -1, -1, -1, 101, 133, 168.0, 8, , 15, 0, 0, 0, , 0, 0, 0, 0, 0, 
252, 0, 268, -1, -1, 135, 152, 165.0, 8, , 14, 0, 0, 0, , 0, 0, 0, 0, 0, 
253, 0, 269, -1, -1, 74, 96, 168.0, 7, , 34, 0, 0, 0, , 0, 0, 0, 0, 0, 
254, 0, 270, -1, -1, 264, 146, 174.0, 13, , 203, 0, 0, 0, , 0, 0, 0, 0, 0, 
255, 0, 271, -1, -1, 68, 94, 169.0, 7, , 21, 0, 0, 0, , 0, 0, 0, 0, 0, 
256, 0, 272, -1, -1, 73, 127, 171.0, 9, , 51, 0, 0, 0, , 0, 0, 0, 0, 0, 
257, 0, 274, -1, -1, 133, 116, 178.0, 7, , 19, 0, 0, 0, , 0, 0, 0, 0, 0, 
258, 0, 275, -1, -1, 143, 163, 175.0, 9, , 33, 0, 0, 0, , 0, 0, 0, 0, 0, 
259, 0, 276, -1, -1, 100, 66, 172.0, 8, , 41, 0, 0, 0, , 0, 0, 0, 0, 0, 
260, 0, 277, -1, -1, 141, 164, 179.0, 9, , 60, 0, 0, 0, , 0, 0, 0, 0, 0, 
261, 0, 278, -1, -1, 85, 70, 175.0, 9, , 71, 0, 0, 0, , 0, 0, 0, 0, 0, 
262, 0, 279, -1, -1, 138, 84, 172.0, 8, , 19, 0, 0, 0, , 0, 0, 0, 0, 0, 
263, 0, 280, -1, -1, 101, 64, 174.0, 9, , 61, 0, 0, 0, , 0, 0, 0, 0, 0, 
264, 0, 281, -1, -1, 222, 47, 177.0, 9, , 28, 0, 0, 0, , 0, 0, 0, 0, 0, 
265, 0, 282, -1, -1, 79, 133, 181.0, 8, , 34, 0, 0, 0, , 0, 0, 0, 0, 0, 
266, 0, 283, -1, -1, 79, 87, 186.0, 9, , 54, 0, 0, 0, , 0, 0, 0, 0, 0, 
267, 0, 284, -1, -1, 121, 114, 185.0, 8, , 99, 0, 0, 0, , 0, 0, 0, 0, 0, 
268, 0, 285, -1, -1, 112, 71, 189.0, 9, , 61, 0, 0, 0, , 0, 0, 0, 0, 0, 
269, 0, 286, -1, -1, 175, 49, 186.0, 8, , 53, 0, 0, 0, , 0, 0, 0, 0, 0, 
270, 0, 287, -1, -1, 98, 127, 191.0, 9, , 38, 0, 0, 0, , 0, 0, 0, 0, 0, 
271, 0, 288, -1, -1, 132, 70, 187.0, 9, , 66, 0, 0, 0, , 0, 0, 0, 0, 0, 
272, 0, 289, -1, -1, 146, 60, 194.0, 8, , 35, 0, 0, 0, , 0, 0, 0, 0, 0, 
273, 0, 290, -1, -1, 139, 129, 200.0, 9, , 60, 0, 0, 0, , 0, 0, 0, 0, 0, 
274, 0, 291, -1, -1, 264, 103, 197.0, 8, , 40, 0, 0, 0, , 0, 0, 0, 0, 0, 
275, 0, 292, -1, -1, 76, 140, 95.0, 9, , 16, 0, 0, 0, , 0, 0, 0, 0, 0, 
276, 0, 293, -1, -1, 129, 35, 128.0, 9, , 26, 0, 0, 0, , 0, 0, 0, 0, 0, 
277, 0, 294, -1, -1, 119, 50, 139.0, 8, , 31, 0, 0, 0, , 0, 0, 0, 0, 0, 
278, 0, 295, -1, -1, 116, 132, 147.0, 9, , 46, 0, 0, 0, , 0, 0, 0, 0, 0, 
279, 0, 296, -1, -1, 90, 54, 153.0, 9, , 77, 0, 0, 0, , 0, 0, 0, 0, 0, 
280, 0, 297, -1, -1, 318, 81, 173.0, 7, , 45, 0, 0, 0, , 0, 0, 0, 0, 0, 
281, 0, 298, -1, -1, 140, 48, 176.0, 8, , 45, 0, 0, 0, , 0, 0, 0, 0, 0, 
282, 0, 299, -1, -1, 128, 52, 182.0, 9, , 31, 0, 0, 0, , 0, 0, 0, 0, 0, 
283, 0, 300, -1, -1, 165, 48, 182.0, 8, , 38, 0, 0, 0, , 0, 0, 0, 0, 0, 
284, 0, 301, -1, -1, 121, 120, 201.0, 7, , 22, 0, 0, 0, , 0, 0, 0, 0, 0, 
285, 0, 302, -1, -1, 152, 165, 143.0, 7, , 7, 0, 0, 0, , 0, 0, 0, 0, 0, 
286, 0, 303, -1, -1, 115, 74, 186.0, 8, , 45, 0, 0, 0, , 0, 0, 0, 0, 0, 
287, 0, 304, -1, -1, 141, 130, 204.0, 8, , 32, 0, 0, 0, , 0, 0, 0, 0, 0, 
288, 0, 305, -1, -1, 207, 46, 144.0, 9, , 34, 0, 0, 0, , 0, 0, 0, 0, 0, 
289, 0, 306, -1, -1, 132, 112, 206.0, 9, , 45, 0, 0, 0, , 0, 0, 0, 0, 0, 
290, 0, 307, -1, -1, 92, 117, 57.0, 9, , 23, 0, 0, 0, , 0, 0, 0, 0, 0, 
291, 0, 308, -1, -1, 93, 114, 56.0, 8, , 4, 0, 0, 0, , 0, 0, 0, 0, 0, 
292, 0, 309, -1, -1, 188, 89, 64.0, 9, , 20, 0, 0, 0, , 0, 0, 0, 0, 0, 
293, 0, 310, -1, -1, 226, 179, 115.0, 9, , 22, 0, 0, 0, , 0, 0, 0, 0, 0, 
294, 0, 311, -1, -1, 107, 39, 124.0, 9, , 12, 0, 0, 0, , 0, 0, 0, 0, 0, 
295, 0, 312, -1, -1, 226, 179, 126.0, 9, , 29, 0, 0, 0, , 0, 0, 0, 0, 0, 
296, 0, 314, -1, -1, 110, 74, 121.0, 7, , 23, 0, 0, 0, , 0, 0, 0, 0, 0, 
297, 0, 315, -1, -1, 55, 126, 137.0, 9, , 68, 0, 0, 0, , 0, 0, 0, 0, 0, 
298, 0, 316, -1, -1, 308, 157, 132.0, 9, , 8, 0, 0, 0, , 0, 0, 0, 0, 0, 
299, 0, 317, -1, -1, 73, 101, 144.0, 9, , 20, 0, 0, 0, , 0, 0, 0, 0, 0, 
300, 0, 318, -1, -1, 187, 177, 150.0, 8, , 24, 0, 0, 0, , 0, 0, 0, 0, 0, 
301, 0, 320, -1, -1, 74, 119, 151.0, 9, , 72, 0, 0, 0, , 0, 0, 0, 0, 0, 
302, 0, 321, -1, -1, 95, 118, 150.0, 7, , 20, 0, 0, 0, , 0, 0, 0, 0, 0, 
303, 0, 322, -1, -1, 296, 66, 154.0, 8, , 19, 0, 0, 0, , 0, 0, 0, 0, 0, 
304, 0, 323, -1, -1, 301, 64, 154.0, 8, , 19, 0, 0, 0, , 0, 0, 0, 0, 0, 
305, 0, 325, -1, -1, 103, 101, 161.0, 9, , 20, 0, 0, 0, , 0, 0, 0, 0, 0, 
306, 0, 326, -1, -1, 137, 165, 170.0, 9, , 36, 0, 0, 0, , 0, 0, 0, 0, 0, 
307, 0, 327, -1, -1, 317, 86, 169.0, 11, , 94, 0, 0, 0, , 0, 0, 0, 0, 0, 
308, 0, 328, -1, -1, 215, 46, 173.0, 8, , 25, 0, 0, 0, , 0, 0, 0, 0, 0, 
309, 0, 329, -1, -1, 290, 71, 183.0, 9, , 36, 0, 0, 0, , 0, 0, 0, 0, 0, 
310, 0, 330, -1, -1, 139, 167, 172.0, 7, , 26, 0, 0, 0, , 0, 0, 0, 0, 0, 
311, 0, 331, -1, -1, 260, 146, 180.0, 8, , 27, 0, 0, 0, , 0, 0, 0, 0, 0, 
312, 0, 332, -1, -1, 259, 71, 186.0, 8, , 14, 0, 0, 0, , 0, 0, 0, 0, 0, 
313, 0, 333, -1, -1, 262, 65, 189.0, 8, , 17, 0, 0, 0, , 0, 0, 0, 0, 0, 
314, 0, 334, -1, -1, 117, 111, 187.0, 9, , 56, 0, 0, 0, , 0, 0, 0, 0, 0, 
315, 0, 335, -1, -1, 155, 86, 195.0, 8, , 7, 0, 0, 0, , 0, 0, 0, 0, 0, 
316, 0, 336, -1, -1, 201, 110, 208.0, 9, , 54, 0, 0, 0, , 0, 0, 0, 0, 0, 
317, 0, 337, -1, -1, 219, 134, 204.0, 9, , 35, 0, 0, 0, , 0, 0, 0, 0, 0, 
318, 0, 338, -1, -1, 240, 89, 211.0, 11, , 63, 0, 0, 0, , 0, 0, 0, 0, 0, 
319, 0, 339, -1, -1, 210, 45, 134.0, 8, , 33, 0, 0, 0, , 0, 0, 0, 0, 0, 
320, 0, 340, -1, -1, 278, 152, 162.0, 9, , 69, 0, 0, 0, , 0, 0, 0, 0, 0, 
321, 0, 341, -1, -1, 99, 127, 183.0, 8, , 60, 0, 0, 0, , 0, 0, 0, 0, 0, 
322, 0, 342, -1, -1, 290, 90, 180.0, 8, , 58, 0, 0, 0, , 0, 0, 0, 0, 0, 
323, 0, 344, -1, -1, 199, 108, 193.0, 8, , 21, 0, 0, 0, , 0, 0, 0, 0, 0, 
324, 0, 345, -1, -1, 108, 66, 146.0, 9, , 74, 0, 0, 0, , 0, 0, 0, 0, 0, 
325, 0, 346, -1, -1, 181, 45, 166.0, 8, , 10, 0, 0, 0, , 0, 0, 0, 0, 0, 
326, 0, 347, -1, -1, 111, 73, 131.0, 7, , 19, 0, 0, 0, , 0, 0, 0, 0, 0, 
327, 0, 348, -1, -1, 110, 72, 182.0, 9, , 39, 0, 0, 0, , 0, 0, 0, 0, 0, 
328, 0, 349, -1, -1, 200, 72, 199.0, 7, , 34, 0, 0, 0, , 0, 0, 0, 0, 0, 
329, 0, 350, -1, -1, 131, 102, 51.0, 9, , 21, 0, 0, 0, , 0, 0, 0, 0, 0, 
330, 0, 351, -1, -1, 143, 168, 84.0, 9, , 9, 0, 0, 0, , 0, 0, 0, 0, 0, 
331, 0, 352, -1, -1, 94, 60, 88.0, 8, , 10, 0, 0, 0, , 0, 0, 0, 0, 0, 
332, 0, 353, -1, -1, 78, 92, 89.0, 7, , 22, 0, 0, 0, , 0, 0, 0, 0, 0, 
333, 0, 354, -1, -1, 117, 164, 98.0, 8, , 38, 0, 0, 0, , 0, 0, 0, 0, 0, 
334, 0, 355, -1, -1, 69, 123, 108.0, 9, , 12, 0, 0, 0, , 0, 0, 0, 0, 0, 
335, 0, 356, -1, -1, 103, 40, 114.0, 9, , 83, 0, 0, 0, , 0, 0, 0, 0, 0, 
336, 0, 358, -1, -1, 128, 119, 126.0, 9, , 58, 0, 0, 0, , 0, 0, 0, 0, 0, 
337, 0, 359, -1, -1, 99, 167, 124.0, 9, , 44, 0, 0, 0, , 0, 0, 0, 0, 0, 
338, 0, 360, -1, -1, 255, 175, 132.0, 8, , 27, 0, 0, 0, , 0, 0, 0, 0, 0, 
339, 0, 361, -1, -1, 161, 94, 135.0, 8, , 11, 0, 0, 0, , 0, 0, 0, 0, 0, 
340, 0, 362, -1, -1, 102, 169, 137.0, 9, , 29, 0, 0, 0, , 0, 0, 0, 0, 0, 
341, 0, 363, -1, -1, 163, 92, 141.0, 9, , 28, 0, 0, 0, , 0, 0, 0, 0, 0, 
342, 0, 364, -1, -1, 170, 36, 144.0, 11, , 42, 0, 0, 0, , 0, 0, 0, 0, 0, 
343, 0, 365, -1, -1, 91, 102, 147.0, 9, , 22, 0, 0, 0, , 0, 0, 0, 0, 0, 
344, 0, 366, -1, -1, 87, 104, 145.0, 7, , 37, 0, 0, 0, , 0, 0, 0, 0, 0, 
345, 0, 368, -1, -1, 80, 104, 149.0, 11, , 89, 0, 0, 0, , 0, 0, 0, 0, 0, 
346, 0, 369, -1, -1, 301, 63, 160.0, 11, , 113, 0, 0, 0, , 0, 0, 0, 0, 0, 
347, 0, 370, -1, -1, 302, 63, 161.0, 11, , 79, 0, 0, 0, , 0, 0, 0, 0, 0, 
348, 0, 371, -1, -1, 123, 166, 159.0, 8, , 23, 0, 0, 0, , 0, 0, 0, 0, 0, 
349, 0, 372, -1, -1, 140, 83, 179.0, 8, , 13, 0, 0, 0, , 0, 0, 0, 0, 0, 
350, 0, 373, -1, -1, 120, 136, 182.0, 9, , 38, 0, 0, 0, , 0, 0, 0, 0, 0, 
351, 0, 374, -1, -1, 292, 123, 181.0, 11, , 388, 0, 0, 0, , 0, 0, 0, 0, 0, 
352, 0, 375, -1, -1, 94, 145, 179.0, 7, , 12, 0, 0, 0, , 0, 0, 0, 0, 0, 
353, 0, 376, -1, -1, 158, 51, 186.0, 7, , 29, 0, 0, 0, , 0, 0, 0, 0, 0, 
354, 0, 377, -1, -1, 261, 61, 188.0, 8, , 28, 0, 0, 0, , 0, 0, 0, 0, 0, 
355, 0, 378, -1, -1, 285, 91, 186.0, 7, , 21, 0, 0, 0, , 0, 0, 0, 0, 0, 
356, 0, 379, -1, -1, 109, 97, 193.0, 9, , 40, 0, 0, 0, , 0, 0, 0, 0, 0, 
357, 0, 380, -1, -1, 235, 51, 190.0, 11, , 105, 0, 0, 0, , 0, 0, 0, 0, 0, 
358, 0, 381, -1, -1, 266, 128, 190.0, 9, , 35, 0, 0, 0, , 0, 0, 0, 0, 0, 
359, 0, 382, -1, -1, 127, 104, 203.0, 7, , 37, 0, 0, 0, , 0, 0, 0, 0, 0, 
360, 0, 383, -1, -1, 179, 51, 191.0, 8, , 38, 0, 0, 0, , 0, 0, 0, 0, 0, 
361, 0, 384, -1, -1, 218, 85, 202.0, 7, , 26, 0, 0, 0, , 0, 0, 0, 0, 0, 
362, 0, 385, -1, -1, 120, 128, 204.0, 8, , 60, 0, 0, 0, , 0, 0, 0, 0, 0, 
363, 0, 386, -1, -1, 167, 63, 200.0, 9, , 57, 0, 0, 0, , 0, 0, 0, 0, 0, 
364, 0, 387, -1, -1, 165, 109, 200.0, 7, , 23, 0, 0, 0, , 0, 0, 0, 0, 0, 
365, 0, 388, -1, -1, 137, 127, 206.0, 13, , 142, 0, 0, 0, , 0, 0, 0, 0, 0, 
366, 0, 389, -1, -1, 209, 143, 67.0, 9, , 10, 0, 0, 0, , 0, 0, 0, 0, 0, 
367, 0, 391, -1, -1, 119, 142, 184.0, 8, , 27, 0, 0, 0, , 0, 0, 0, 0, 0, 
368, 0, 392, -1, -1, 158, 52, 184.0, 7, , 18, 0, 0, 0, , 0, 0, 0, 0, 0, 
369, 0, 393, -1, -1, 291, 90, 184.0, 9, , 63, 0, 0, 0, , 0, 0, 0, 0, 0, 
370, 0, 394, -1, -1, 138, 96, 187.0, 7, , 48, 0, 0, 0, , 0, 0, 0, 0, 0, 
371, 0, 396, -1, -1, 165, 138, 199.0, 9, , 88, 0, 0, 0, , 0, 0, 0, 0, 0, 
372, 0, 397, -1, -1, 115, 92, 204.0, 9, , 30, 0, 0, 0, , 0, 0, 0, 0, 0, 
373, 0, 398, -1, -1, 135, 122, 207.0, 7, , 38, 0, 0, 0, , 0, 0, 0, 0, 0, 
374, 0, 399, -1, -1, 187, 44, 140.0, 11, , 83, 0, 0, 0, , 0, 0, 0, 0, 0, 
375, 0, 400, -1, -1, 161, 93, 146.0, 9, , 50, 0, 0, 0, , 0, 0, 0, 0, 0, 
376, 0, 401, -1, -1, 132, 89, 177.0, 8, , 24, 0, 0, 0, , 0, 0, 0, 0, 0, 
377, 0, 402, -1, -1, 103, 126, 193.0, 11, , 119, 0, 0, 0, , 0, 0, 0, 0, 0, 
378, 0, 403, -1, -1, 221, 50, 147.0, 9, , 57, 0, 0, 0, , 0, 0, 0, 0, 0, 
379, 0, 404, -1, -1, 96, 126, 188.0, 9, , 54, 0, 0, 0, , 0, 0, 0, 0, 0, 
380, 0, 406, -1, -1, 116, 73, 85.0, 8, , 61, 0, 0, 0, , 0, 0, 0, 0, 0, 
381, 0, 407, -1, -1, 174, 126, 78.0, 7, , 19, 0, 0, 0, , 0, 0, 0, 0, 0, 
382, 0, 409, -1, -1, 76, 92, 98.0, 8, , 21, 0, 0, 0, , 0, 0, 0, 0, 0, 
383, 0, 410, -1, -1, 100, 158, 96.0, 9, , 54, 0, 0, 0, , 0, 0, 0, 0, 0, 
384, 0, 411, -1, -1, 185, 40, 100.0, 8, , 24, 0, 0, 0, , 0, 0, 0, 0, 0, 
385, 0, 412, -1, -1, 137, 171, 120.0, 8, , 24, 0, 0, 0, , 0, 0, 0, 0, 0, 
386, 0, 413, -1, -1, 62, 122, 114.0, 9, , 32, 0, 0, 0, , 0, 0, 0, 0, 0, 
387, 0, 414, -1, -1, 169, 175, 120.0, 9, , 63, 0, 0, 0, , 0, 0, 0, 0, 0, 
388, 0, 415, -1, -1, 109, 39, 121.0, 8, , 15, 0, 0, 0, , 0, 0, 0, 0, 0, 
389, 0, -1, -1, -1, 57, 141, 117.0, 8, , 24, 0, 0, 0, , 0, 0, 0, 0, 0, 
390, 0, -1, -1, -1, 63, 138, 117.0, 9, , 74, 0, 0, 0, , 0, 0, 0, 0, 0, 
391, 0, 417, -1, -1, 229, 178, 118.0, 7, , 30, 0, 0, 0, , 0, 0, 0, 0, 0, 
392, 0, 418, -1, -1, 134, 38, 123.0, 11, , 23, 0, 0, 0, , 0, 0, 0, 0, 0, 
393, 0, 419, -1, -1, 64, 148, 129.0, 9, , 49, 0, 0, 0, , 0, 0, 0, 0, 0, 
394, 0, 420, -1, -1, 278, 162, 128.0, 7, , 39, 0, 0, 0, , 0, 0, 0, 0, 0, 
395, 0, 421, -1, -1, 42, 93, 139.0, 8, , 22, 0, 0, 0, , 0, 0, 0, 0, 0, 
396, 0, 422, -1, -1, 255, 172, 137.0, 9, , 25, 0, 0, 0, , 0, 0, 0, 0, 0, 
397, 0, 423, -1, -1, 152, 29, 143.0, 9, , 28, 0, 0, 0, , 0, 0, 0, 0, 0, 
398, 0, 424, -1, -1, 113, 130, 145.0, 8, , 25, 0, 0, 0, , 0, 0, 0, 0, 0, 
399, 0, 425, -1, -1, 75, 123, 146.0, 9, , 73, 0, 0, 0, , 0, 0, 0, 0, 0, 
400, 0, 426, -1, -1, 307, 73, 153.0, 8, , 29, 0, 0, 0, , 0, 0, 0, 0, 0, 
401, 0, 427, -1, -1, 255, 175, 152.0, 7, , 20, 0, 0, 0, , 0, 0, 0, 0, 0, 
402, 0, 428, -1, -1, 280, 152, 167.0, 11, , 56, 0, 0, 0, , 0, 0, 0, 0, 0, 
403, 0, 429, -1, -1, 134, 150, 167.0, 7, , 13, 0, 0, 0, , 0, 0, 0, 0, 0, 
404, 0, 430, -1, -1, 194, 145, 173.0, 9, , 45, 0, 0, 0, , 0, 0, 0, 0, 0, 
405, 0, 431, -1, -1, 136, 123, 175.0, 9, , 62, 0, 0, 0, , 0, 0, 0, 0, 0, 
406, 0, 432, -1, -1, 299, 106, 180.0, 9, , 62, 0, 0, 0, , 0, 0, 0, 0, 0, 
407, 0, 433, -1, -1, 264, 61, 184.0, 8, , 8, 0, 0, 0, , 0, 0, 0, 0, 0, 
408, 0, 434, -1, -1, 132, 93, 190.0, 7, , 34, 0, 0, 0, , 0, 0, 0, 0, 0, 
409, 0, 436, -1, -1, 151, 115, 193.0, 9, , 30, 0, 0, 0, , 0, 0, 0, 0, 0, 
410, 0, 437, -1, -1, 164, 95, 191.0, 7, , 28, 0, 0, 0, , 0, 0, 0, 0, 0, 
411, 0, 438, -1, -1, 154, 87, 199.0, 8, , 32, 0, 0, 0, , 0, 0, 0, 0, 0, 
412, 0, 440, -1, -1, 249, 120, 200.0, 9, , 25, 0, 0, 0, , 0, 0, 0, 0, 0, 
413, 0, 441, -1, -1, 182, 121, 207.0, 8, , 6, 0, 0, 0, , 0, 0, 0, 0, 0, 
414, 0, 442, -1, -1, 160, 133, 207.0, 11, , 115, 0, 0, 0, , 0, 0, 0, 0, 0, 
415, 0, 443, -1, -1, 117, 93, 208.0, 9, , 49, 0, 0, 0, , 0, 0, 0, 0, 0, 
416, 0, 444, -1, -1, 174, 37, 141.0, 7, , 25, 0, 0, 0, , 0, 0, 0, 0, 0, 
417, 0, 445, -1, -1, 85, 72, 169.0, 8, , 75, 0, 0, 0, , 0, 0, 0, 0, 0, 
418, 0, 446, -1, -1, 262, 55, 166.0, 8, , 28, 0, 0, 0, , 0, 0, 0, 0, 0, 
419, 0, 447, -1, -1, 294, 124, 188.0, 7, , 102, 0, 0, 0, , 0, 0, 0, 0, 0, 
420, 0, 448, -1, -1, 202, 70, 193.0, 8, , 3, 0, 0, 0, , 0, 0, 0, 0, 0, 
421, 0, 449, -1, -1, 196, 54, 192.0, 8, , 10, 0, 0, 0, , 0, 0, 0, 0, 0, 
422, 0, 450, -1, -1, 111, 87, 200.0, 8, , 40, 0, 0, 0, , 0, 0, 0, 0, 0, 
423, 0, 451, -1, -1, 227, 74, 206.0, 9, , 45, 0, 0, 0, , 0, 0, 0, 0, 0, 
424, 0, 452, -1, -1, 117, 74, 78.0, 9, , 42, 0, 0, 0, , 0, 0, 0, 0, 0, 
425, 0, 453, -1, -1, 179, 38, 160.0, 7, , 15, 0, 0, 0, , 0, 0, 0, 0, 0, 
426, 0, 454, -1, -1, 72, 156, 105.0, 9, , 85, 0, 0, 0, , 0, 0, 0, 0, 0, 
427, 0, 456, -1, -1, 84, 90, 176.0, 8, , 33, 0, 0, 0, , 0, 0, 0, 0, 0, 
428, 0, 457, -1, -1, 267, 146, 171.0, 11, , 39, 0, 0, 0, , 0, 0, 0, 0, 0, 
429, 0, 458, -1, -1, 85, 92, 66.0, 9, , 43, 0, 0, 0, , 0, 0, 0, 0, 0, 
430, 0, 459, -1, -1, 132, 90, 75.0, 9, , 28, 0, 0, 0, , 0, 0, 0, 0, 0, 
431, 0, 460, -1, -1, 115, 83, 79.0, 9, , 15, 0, 0, 0, , 0, 0, 0, 0, 0, 
432, 0, 461, -1, -1, 115, 71, 90.0, 8, , 18, 0, 0, 0, , 0, 0, 0, 0, 0, 
433, 0, 463, -1, -1, 141, 35, 98.0, 8, , 23, 0, 0, 0, , 0, 0, 0, 0, 0, 
434, 0, 465, -1, -1, 104, 39, 119.0, 8, , 12, 0, 0, 0, , 0, 0, 0, 0, 0, 
435, 0, 466, -1, -1, 179, 72, 118.0, 8, , 22, 0, 0, 0, , 0, 0, 0, 0, 0, 
436, 0, 467, -1, -1, 179, 74, 114.0, 8, , 44, 0, 0, 0, , 0, 0, 0, 0, 0, 
437, 0, 468, -1, -1, 168, 171, 121.0, 8, , 34, 0, 0, 0, , 0, 0, 0, 0, 0, 
438, 0, 469, -1, -1, 277, 167, 124.0, 9, , 64, 0, 0, 0, , 0, 0, 0, 0, 0, 
439, 0, 470, -1, -1, 168, 175, 124.0, 8, , 66, 0, 0, 0, , 0, 0, 0, 0, 0, 
440, 0, 471, -1, -1, 148, 180, 127.0, 8, , 34, 0, 0, 0, , 0, 0, 0, 0, 0, 
441, 0, 472, -1, -1, 58, 148, 126.0, 9, , 29, 0, 0, 0, , 0, 0, 0, 0, 0, 
442, 0, 473, -1, -1, 151, 184, 131.0, 8, , 21, 0, 0, 0, , 0, 0, 0, 0, 0, 
443, 0, 474, -1, -1, 166, 32, 133.0, 7, , 21, 0, 0, 0, , 0, 0, 0, 0, 0, 
444, 0, 475, -1, -1, 167, 28, 138.0, 8, , 8, 0, 0, 0, , 0, 0, 0, 0, 0, 
445, 0, 476, -1, -1, 277, 48, 144.0, 9, , 35, 0, 0, 0, , 0, 0, 0, 0, 0, 
446, 0, 477, -1, -1, 59, 96, 147.0, 7, , 31, 0, 0, 0, , 0, 0, 0, 0, 0, 
447, 0, 479, -1, -1, 298, 61, 150.0, 11, , 63, 0, 0, 0, , 0, 0, 0, 0, 0, 
448, 0, 480, -1, -1, 249, 177, 153.0, 8, , 24, 0, 0, 0, , 0, 0, 0, 0, 0, 
449, 0, 481, -1, -1, 279, 49, 153.0, 9, , 39, 0, 0, 0, , 0, 0, 0, 0, 0, 
450, 0, 482, -1, -1, 124, 140, 159.0, 7, , 31, 0, 0, 0, , 0, 0, 0, 0, 0, 
451, 0, 483, -1, -1, 133, 150, 160.0, 8, , 26, 0, 0, 0, , 0, 0, 0, 0, 0, 
452, 0, 484, -1, -1, 128, 137, 162.0, 8, , 12, 0, 0, 0, , 0, 0, 0, 0, 0, 
453, 0, 485, -1, -1, 129, 150, 163.0, 7, , 12, 0, 0, 0, , 0, 0, 0, 0, 0, 
454, 0, 486, -1, -1, 247, 58, 166.0, 8, , 22, 0, 0, 0, , 0, 0, 0, 0, 0, 
455, 0, 487, -1, -1, 205, 44, 168.0, 9, , 17, 0, 0, 0, , 0, 0, 0, 0, 0, 
456, 0, 488, -1, -1, 76, 127, 174.0, 9, , 32, 0, 0, 0, , 0, 0, 0, 0, 0, 
457, 0, 489, -1, -1, 134, 84, 177.0, 8, , 3, 0, 0, 0, , 0, 0, 0, 0, 0, 
458, 0, 490, -1, -1, 211, 45, 178.0, 8, , 5, 0, 0, 0, , 0, 0, 0, 0, 0, 
459, 0, 491, -1, -1, 293, 124, 185.0, 11, , 111, 0, 0, 0, , 0, 0, 0, 0, 0, 
460, 0, 493, -1, -1, 191, 61, 190.0, 9, , 69, 0, 0, 0, , 0, 0, 0, 0, 0, 
461, 0, 494, -1, -1, 232, 72, 190.0, 7, , 28, 0, 0, 0, , 0, 0, 0, 0, 0, 
462, 0, 495, -1, -1, 90, 101, 195.0, 7, , 21, 0, 0, 0, , 0, 0, 0, 0, 0, 
463, 0, 496, -1, -1, 199, 108, 190.0, 7, , 31, 0, 0, 0, , 0, 0, 0, 0, 0, 
464, 0, 497, -1, -1, 134, 89, 199.0, 7, , 29, 0, 0, 0, , 0, 0, 0, 0, 0, 
465, 0, 498, -1, -1, 165, 97, 199.0, 9, , 67, 0, 0, 0, , 0, 0, 0, 0, 0, 
466, 0, 500, -1, -1, 244, 86, 205.0, 7, , 38, 0, 0, 0, , 0, 0, 0, 0, 0, 
467, 0, 501, -1, -1, 76, 122, 149.0, 9, , 59, 0, 0, 0, , 0, 0, 0, 0, 0, 
468, 0, 502, -1, -1, 121, 141, 179.0, 7, , 49, 0, 0, 0, , 0, 0, 0, 0, 0, 
469, 0, 503, -1, -1, 252, 118, 193.0, 8, , 12, 0, 0, 0, , 0, 0, 0, 0, 0, 
470, 0, 504, -1, -1, 140, 122, 203.0, 9, , 48, 0, 0, 0, , 0, 0, 0, 0, 0, 
471, 0, 505, -1, -1, 245, 88, 203.0, 7, , 27, 0, 0, 0, , 0, 0, 0, 0, 0, 
472, 0, 506, -1, -1, 104, 41, 109.0, 9, , 60, 0, 0, 0, , 0, 0, 0, 0, 0, 
473, 0, 507, -1, -1, 224, 68, 200.0, 9, , 33, 0, 0, 0, , 0, 0, 0, 0, 0, 
474, 0, 508, -1, -1, 253, 82, 198.0, 7, , 23, 0, 0, 0, , 0, 0, 0, 0, 0, 
475, 0, 510, -1, -1, 215, 175, 151.0, 13, , 126, 0, 0, 0, , 0, 0, 0, 0, 0, 
476, 0, 511, -1, -1, 113, 49, 168.0, 8, , 16, 0, 0, 0, , 0, 0, 0, 0, 0, 
477, 0, 512, -1, -1, 215, 113, 207.0, 7, , 25, 0, 0, 0, , 0, 0, 0, 0, 0, 
478, 0, 513, -1, -1, 68, 145, 110.0, 9, , 43, 0, 0, 0, , 0, 0, 0, 0, 0, 
479, 0, 514, -1, -1, 169, 167, 122.0, 9, , 50, 0, 0, 0, , 0, 0, 0, 0, 0, 
480, 0, 515, -1, -1, 85, 70, 150.0, 7, , 22, 0, 0, 0, , 0, 0, 0, 0, 0, 
481, 0, 516, -1, -1, 121, 48, 150.0, 7, , 27, 0, 0, 0, , 0, 0, 0, 0, 0, 
482, 0, 517, -1, -1, 73, 79, 164.0, 8, , 79, 0, 0, 0, , 0, 0, 0, 0, 0, 
483, 0, 518, -1, -1, 72, 141, 167.0, 11, , 127, 0, 0, 0, , 0, 0, 0, 0, 0, 
484, 0, 519, -1, -1, 157, 49, 181.0, 9, , 38, 0, 0, 0, , 0, 0, 0, 0, 0, 
485, 0, 520, -1, -1, 155, 118, 187.0, 9, , 83, 0, 0, 0, , 0, 0, 0, 0, 0, 
486, 0, 521, -1, -1, 162, 66, 193.0, 8, , 17, 0, 0, 0, , 0, 0, 0, 0, 0, 
487, 0, 524, -1, -1, 49, 109, 88.0, 9, , 129, 0, 0, 0, , 0, 0, 0, 0, 0, 
488, 0, 525, -1, -1, 78, 139, 92.0, 9, , 32, 0, 0, 0, , 0, 0, 0, 0, 0, 
489, 0, 526, -1, -1, 93, 58, 92.0, 11, , 20, 0, 0, 0, , 0, 0, 0, 0, 0, 
490, 0, 527, -1, -1, 86, 75, 95.0, 9, , 39, 0, 0, 0, , 0, 0, 0, 0, 0, 
491, 0, 528, -1, -1, 103, 158, 98.0, 9, , 26, 0, 0, 0, , 0, 0, 0, 0, 0, 
492, 0, 530, -1, -1, 152, 177, 102.0, 7, , 6, 0, 0, 0, , 0, 0, 0, 0, 0, 
493, 0, 532, -1, -1, 103, 92, 107.0, 8, , 7, 0, 0, 0, , 0, 0, 0, 0, 0, 
494, 0, 533, -1, -1, 301, 148, 108.0, 7, , 12, 0, 0, 0, , 0, 0, 0, 0, 0, 
495, 0, 535, -1, -1, 135, 170, 116.0, 8, , 25, 0, 0, 0, , 0, 0, 0, 0, 0, 
496, 0, 538, -1, -1, 147, 106, 123.0, 8, , 16, 0, 0, 0, , 0, 0, 0, 0, 0, 
497, 0, 539, -1, -1, 210, 180, 124.0, 9, , 45, 0, 0, 0, , 0, 0, 0, 0, 0, 
498, 0, 540, -1, -1, 192, 44, 125.0, 7, , 17, 0, 0, 0, , 0, 0, 0, 0, 0, 
499, 0, 541, -1, -1, 167, 169, 130.0, 8, , 23, 0, 0, 0, , 0, 0, 0, 0, 0, 
500, 0, 542, -1, -1, 97, 50, 132.0, 7, , 23, 0, 0, 0, , 0, 0, 0, 0, 0, 
501, 0, 543, -1, -1, 186, 46, 136.0, 9, , 80, 0, 0, 0, , 0, 0, 0, 0, 0, 
502, 0, 544, -1, -1, 215, 180, 138.0, 7, , 16, 0, 0, 0, , 0, 0, 0, 0, 0, 
503, 0, 545, -1, -1, 129, 178, 145.0, 7, , 15, 0, 0, 0, , 0, 0, 0, 0, 0, 
504, 0, 546, -1, -1, 212, 42, 140.0, 7, , 20, 0, 0, 0, , 0, 0, 0, 0, 0, 
505, 0, 547, -1, -1, 59, 97, 144.0, 9, , 27, 0, 0, 0, , 0, 0, 0, 0, 0, 
506, 0, 548, -1, -1, 108, 134, 148.0, 11, , 41, 0, 0, 0, , 0, 0, 0, 0, 0, 
507, 0, 549, -1, -1, 217, 52, 153.0, 7, , 33, 0, 0, 0, , 0, 0, 0, 0, 0, 
508, 0, 550, -1, -1, 89, 103, 155.0, 8, , 94, 0, 0, 0, , 0, 0, 0, 0, 0, 
509, 0, 551, -1, -1, 94, 118, 154.0, 9, , 17, 0, 0, 0, , 0, 0, 0, 0, 0, 
510, 0, 552, -1, -1, 265, 164, 153.0, 8, , 2, 0, 0, 0, , 0, 0, 0, 0, 0, 
511, 0, 553, -1, -1, 119, 44, 158.0, 9, , 73, 0, 0, 0, , 0, 0, 0, 0, 0, 
512, 0, 554, -1, -1, 271, 50, 154.0, 9, , 21, 0, 0, 0, , 0, 0, 0, 0, 0, 
513, 0, 555, -1, -1, 119, 166, 163.0, 9, , 42, 0, 0, 0, , 0, 0, 0, 0, 0, 
514, 0, 556, -1, -1, 124, 138, 165.0, 7, , 17, 0, 0, 0, , 0, 0, 0, 0, 0, 
515, 0, 557, -1, -1, 131, 71, 167.0, 7, , 7, 0, 0, 0, , 0, 0, 0, 0, 0, 
516, 0, 558, -1, -1, 243, 51, 170.0, 9, , 56, 0, 0, 0, , 0, 0, 0, 0, 0, 
517, 0, 560, -1, -1, 75, 97, 172.0, 7, , 35, 0, 0, 0, , 0, 0, 0, 0, 0, 
518, 0, 561, -1, -1, 135, 89, 170.0, 7, , 16, 0, 0, 0, , 0, 0, 0, 0, 0, 
519, 0, 562, -1, -1, 293, 69, 173.0, 13, , 170, 0, 0, 0, , 0, 0, 0, 0, 0, 
520, 0, 565, -1, -1, 80, 125, 180.0, 8, , 26, 0, 0, 0, , 0, 0, 0, 0, 0, 
521, 0, 566, -1, -1, 298, 105, 177.0, 7, , 47, 0, 0, 0, , 0, 0, 0, 0, 0, 
522, 0, 568, -1, -1, 114, 72, 177.0, 9, , 80, 0, 0, 0, , 0, 0, 0, 0, 0, 
523, 0, 569, -1, -1, 117, 69, 181.0, 9, , 17, 0, 0, 0, , 0, 0, 0, 0, 0, 
524, 0, 570, -1, -1, 259, 148, 179.0, 9, , 30, 0, 0, 0, , 0, 0, 0, 0, 0, 
525, 0, 571, -1, -1, 117, 70, 183.0, 7, , 20, 0, 0, 0, , 0, 0, 0, 0, 0, 
526, 0, 572, -1, -1, 234, 71, 184.0, 9, , 38, 0, 0, 0, , 0, 0, 0, 0, 0, 
527, 0, 573, -1, -1, 310, 105, 181.0, 7, , 39, 0, 0, 0, , 0, 0, 0, 0, 0, 
528, 0, 576, -1, -1, 144, 63, 186.0, 9, , 86, 0, 0, 0, , 0, 0, 0, 0, 0, 
529, 0, 577, -1, -1, 138, 95, 193.0, 9, , 60, 0, 0, 0, , 0, 0, 0, 0, 0, 
530, 0, 578, -1, -1, 279, 114, 193.0, 7, , 17, 0, 0, 0, , 0, 0, 0, 0, 0, 
531, 0, 579, -1, -1, 149, 89, 194.0, 8, , 30, 0, 0, 0, , 0, 0, 0, 0, 0, 
532, 0, 580, -1, -1, 96, 121, 195.0, 9, , 83, 0, 0, 0, , 0, 0, 0, 0, 0, 
533, 0, 581, -1, -1, 199, 60, 194.0, 7, , 38, 0, 0, 0, , 0, 0, 0, 0, 0, 
534, 0, 582, -1, -1, 191, 62, 196.0, 9, , 42, 0, 0, 0, , 0, 0, 0, 0, 0, 
535, 0, 583, -1, -1, 88, 101, 199.0, 9, , 25, 0, 0, 0, , 0, 0, 0, 0, 0, 
536, 0, 584, -1, -1, 123, 121, 202.0, 7, , 24, 0, 0, 0, , 0, 0, 0, 0, 0, 
537, 0, 585, -1, -1, 137, 122, 200.0, 9, , 73, 0, 0, 0, , 0, 0, 0, 0, 0, 
538, 0, 586, -1, -1, 217, 137, 200.0, 8, , 22, 0, 0, 0, , 0, 0, 0, 0, 0, 
539, 0, 587, -1, -1, 132, 113, 200.0, 9, , 56, 0, 0, 0, , 0, 0, 0, 0, 0, 
540, 0, 588, -1, -1, 155, 83, 201.0, 8, , 29, 0, 0, 0, , 0, 0, 0, 0, 0, 
541, 0, 589, -1, -1, 192, 87, 204.0, 9, , 83, 0, 0, 0, , 0, 0, 0, 0, 0, 
542, 0, 590, -1, -1, 226, 91, 203.0, 7, , 42, 0, 0, 0, , 0, 0, 0, 0, 0, 
543, 0, 591, -1, -1, 262, 101, 208.0, 9, , 50, 0, 0, 0, , 0, 0, 0, 0, 0, 
544, 0, 593, -1, -1, 83, 91, 72.0, 7, , 18, 0, 0, 0, , 0, 0, 0, 0, 0, 
545, 0, 594, -1, -1, 102, 81, 73.0, 7, , 9, 0, 0, 0, , 0, 0, 0, 0, 0, 
546, 0, 595, -1, -1, 112, 166, 116.0, 11, , 81, 0, 0, 0, , 0, 0, 0, 0, 0, 
547, 0, 596, -1, -1, 110, 40, 120.0, 7, , 26, 0, 0, 0, , 0, 0, 0, 0, 0, 
548, 0, 597, -1, -1, 145, 32, 135.0, 9, , 180, 0, 0, 0, , 0, 0, 0, 0, 0, 
549, 0, 598, -1, -1, 188, 178, 145.0, 8, , 26, 0, 0, 0, , 0, 0, 0, 0, 0, 
550, 0, 599, -1, -1, 83, 105, 152.0, 9, , 32, 0, 0, 0, , 0, 0, 0, 0, 0, 
551, 0, 600, -1, -1, 116, 48, 153.0, 8, , 44, 0, 0, 0, , 0, 0, 0, 0, 0, 
552, 0, 602, -1, -1, 119, 49, 158.0, 7, , 33, 0, 0, 0, , 0, 0, 0, 0, 0, 
553, 0, 604, -1, -1, 102, 66, 164.0, 8, , 25, 0, 0, 0, , 0, 0, 0, 0, 0, 
554, 0, 605, -1, -1, 73, 96, 175.0, 8, , 43, 0, 0, 0, , 0, 0, 0, 0, 0, 
555, 0, 606, -1, -1, 139, 47, 182.0, 8, , 33, 0, 0, 0, , 0, 0, 0, 0, 0, 
556, 0, 607, -1, -1, 133, 70, 192.0, 11, , 66, 0, 0, 0, , 0, 0, 0, 0, 0, 
557, 0, 608, -1, -1, 193, 87, 195.0, 11, , 94, 0, 0, 0, , 0, 0, 0, 0, 0, 
558, 0, 609, -1, -1, 158, 129, 204.0, 9, , 85, 0, 0, 0, , 0, 0, 0, 0, 0, 
559, 0, 610, -1, -1, 193, 88, 206.0, 7, , 28, 0, 0, 0, , 0, 0, 0, 0, 0, 
560, 0, 611, -1, -1, 231, 105, 210.0, 11, , 78, 0, 0, 0, , 0, 0, 0, 0, 0, 
561, 0, 612, -1, -1, 126, 141, 152.0, 7, , 5, 0, 0, 0, , 0, 0, 0, 0, 0, 
562, 0, 613, -1, -1, 104, 133, 173.0, 11, , 80, 0, 0, 0, , 0, 0, 0, 0, 0, 
563, 0, 614, -1, -1, 115, 115, 180.0, 9, , 112, 0, 0, 0, , 0, 0, 0, 0, 0, 
564, 0, 615, -1, -1, 253, 84, 193.0, 7, , 22, 0, 0, 0, , 0, 0, 0, 0, 0, 
565, 0, 616, -1, -1, 261, 85, 193.0, 7, , 5, 0, 0, 0, , 0, 0, 0, 0, 0, 
566, 0, 617, -1, -1, 270, 101, 202.0, 7, , 19, 0, 0, 0, , 0, 0, 0, 0, 0, 
567, 0, 618, -1, -1, 222, 49, 154.0, 7, , 39, 0, 0, 0, , 0, 0, 0, 0, 0, 
568, 0, 619, -1, -1, 149, 180, 124.0, 7, , 18, 0, 0, 0, , 0, 0, 0, 0, 0, 
569, 0, 620, -1, -1, 200, 83, 142.0, 8, , 13, 0, 0, 0, , 0, 0, 0, 0, 0, 
570, 0, 621, -1, -1, 109, 133, 151.0, 9, , 83, 0, 0, 0, , 0, 0, 0, 0, 0, 
571, 0, 622, -1, -1, 163, 116, 197.0, 8, , 19, 0, 0, 0, , 0, 0, 0, 0, 0, 
572, 0, 623, -1, -1, 214, 181, 142.0, 9, , 22, 0, 0, 0, , 0, 0, 0, 0, 0, 
573, 0, 624, -1, -1, 142, 34, 141.0, 8, , 36, 0, 0, 0, , 0, 0, 0, 0, 0, 
574, 0, 626, -1, -1, 86, 141, 83.0, 9, , 24, 0, 0, 0, , 0, 0, 0, 0, 0, 
575, 0, 627, -1, -1, 118, 82, 84.0, 9, , 35, 0, 0, 0, , 0, 0, 0, 0, 0, 
576, 0, 628, -1, -1, 100, 56, 90.0, 9, , 22, 0, 0, 0, , 0, 0, 0, 0, 0, 
577, 0, 629, -1, -1, 125, 164, 96.0, 7, , 35, 0, 0, 0, , 0, 0, 0, 0, 0, 
578, 0, 630, -1, -1, 83, 71, 99.0, 8, , 21, 0, 0, 0, , 0, 0, 0, 0, 0, 
579, 0, 631, -1, -1, 91, 74, 102.0, 7, , 17, 0, 0, 0, , 0, 0, 0, 0, 0, 
580, 0, 632, -1, -1, 147, 176, 108.0, 9, , 14, 0, 0, 0, , 0, 0, 0, 0, 0, 
581, 0, 633, -1, -1, 79, 156, 108.0, 9, , 46, 0, 0, 0, , 0, 0, 0, 0, 0, 
582, 0, 636, -1, -1, 223, 82, 117.0, 8, , 15, 0, 0, 0, , 0, 0, 0, 0, 0, 
583, 0, 637, -1, -1, 65, 103, 121.0, 7, , 12, 0, 0, 0, , 0, 0, 0, 0, 0, 
584, 0, 638, -1, -1, 109, 163, 125.0, 8, , 40, 0, 0, 0, , 0, 0, 0, 0, 0, 
585, 0, 639, -1, -1, 230, 182, 122.0, 8, , 3, 0, 0, 0, , 0, 0, 0, 0, 0, 
586, 0, 640, -1, -1, 110, 73, 129.0, 7, , 10, 0, 0, 0, , 0, 0, 0, 0, 0, 
587, 0, 643, -1, -1, 69, 63, 128.0, 9, , 16, 0, 0, 0, , 0, 0, 0, 0, 0, 
588, 0, 644, -1, -1, 151, 181, 129.0, 7, , 20, 0, 0, 0, , 0, 0, 0, 0, 0, 
589, 0, 646, -1, -1, 147, 181, 132.0, 9, , 60, 0, 0, 0, , 0, 0, 0, 0, 0, 
590, 0, 647, -1, -1, 81, 164, 139.0, 9, , 10, 0, 0, 0, , 0, 0, 0, 0, 0, 
591, 0, 648, -1, -1, 144, 33, 138.0, 9, , 28, 0, 0, 0, , 0, 0, 0, 0, 0, 
592, 0, 649, -1, -1, 126, 51, 137.0, 9, , 38, 0, 0, 0, , 0, 0, 0, 0, 0, 
593, 0, 650, -1, -1, 86, 70, 141.0, 9, , 19, 0, 0, 0, , 0, 0, 0, 0, 0, 
594, 0, 651, -1, -1, 50, 126, 143.0, 7, , 31, 0, 0, 0, , 0, 0, 0, 0, 0, 
595, 0, 652, -1, -1, 85, 70, 144.0, 9, , 30, 0, 0, 0, , 0, 0, 0, 0, 0, 
596, 0, 653, -1, -1, 71, 77, 142.0, 7, , 21, 0, 0, 0, , 0, 0, 0, 0, 0, 
597, 0, 654, -1, -1, 123, 51, 141.0, 9, , 49, 0, 0, 0, , 0, 0, 0, 0, 0, 
598, 0, 655, -1, -1, 132, 161, 143.0, 7, , 7, 0, 0, 0, , 0, 0, 0, 0, 0, 
599, 0, 656, -1, -1, 293, 151, 155.0, 7, , 32, 0, 0, 0, , 0, 0, 0, 0, 0, 
600, 0, 657, -1, -1, 142, 173, 158.0, 9, , 43, 0, 0, 0, , 0, 0, 0, 0, 0, 
601, 0, 658, -1, -1, 81, 98, 159.0, 8, , 5, 0, 0, 0, , 0, 0, 0, 0, 0, 
602, 0, 659, -1, -1, 73, 138, 163.0, 7, , 23, 0, 0, 0, , 0, 0, 0, 0, 0, 
603, 0, 660, -1, -1, 110, 104, 162.0, 9, , 58, 0, 0, 0, , 0, 0, 0, 0, 0, 
604, 0, 661, -1, -1, 250, 52, 162.0, 7, , 31, 0, 0, 0, , 0, 0, 0, 0, 0, 
605, 0, 662, -1, -1, 111, 49, 163.0, 9, , 68, 0, 0, 0, , 0, 0, 0, 0, 0, 
606, 0, 663, -1, -1, 61, 117, 168.0, 9, , 49, 0, 0, 0, , 0, 0, 0, 0, 0, 
607, 0, 664, -1, -1, 249, 53, 169.0, 9, , 45, 0, 0, 0, , 0, 0, 0, 0, 0, 
608, 0, 665, -1, -1, 64, 118, 171.0, 9, , 56, 0, 0, 0, , 0, 0, 0, 0, 0, 
609, 0, 667, -1, -1, 300, 103, 173.0, 9, , 17, 0, 0, 0, , 0, 0, 0, 0, 0, 
610, 0, 668, -1, -1, 263, 51, 174.0, 9, , 15, 0, 0, 0, , 0, 0, 0, 0, 0, 
611, 0, 669, -1, -1, 281, 130, 177.0, 8, , 4, 0, 0, 0, , 0, 0, 0, 0, 0, 
612, 0, 670, -1, -1, 297, 68, 177.0, 9, , 44, 0, 0, 0, , 0, 0, 0, 0, 0, 
613, 0, 671, -1, -1, 77, 123, 183.0, 8, , 15, 0, 0, 0, , 0, 0, 0, 0, 0, 
614, 0, 672, -1, -1, 114, 153, 185.0, 8, , 17, 0, 0, 0, , 0, 0, 0, 0, 0, 
615, 0, 673, -1, -1, 91, 142, 190.0, 11, , 57, 0, 0, 0, , 0, 0, 0, 0, 0, 
616, 0, 674, -1, -1, 138, 147, 191.0, 9, , 21, 0, 0, 0, , 0, 0, 0, 0, 0, 
617, 0, 675, -1, -1, 193, 73, 188.0, 8, , 200, 0, 0, 0, , 0, 0, 0, 0, 0, 
618, 0, 676, -1, -1, 107, 147, 188.0, 7, , 24, 0, 0, 0, , 0, 0, 0, 0, 0, 
619, 0, 677, -1, -1, 129, 106, 196.0, 11, , 38, 0, 0, 0, , 0, 0, 0, 0, 0, 
620, 0, 678, -1, -1, 266, 134, 198.0, 8, , 13, 0, 0, 0, , 0, 0, 0, 0, 0, 
621, 0, 679, -1, -1, 130, 66, 200.0, 11, , 46, 0, 0, 0, , 0, 0, 0, 0, 0, 
622, 0, 680, -1, -1, 126, 105, 201.0, 7, , 23, 0, 0, 0, , 0, 0, 0, 0, 0, 
623, 0, 681, -1, -1, 114, 93, 200.0, 7, , 25, 0, 0, 0, , 0, 0, 0, 0, 0, 
624, 0, 682, -1, -1, 172, 80, 201.0, 9, , 41, 0, 0, 0, , 0, 0, 0, 0, 0, 
625, 0, 683, -1, -1, 199, 112, 207.0, 7, , 24, 0, 0, 0, , 0, 0, 0, 0, 0, 
626, 0, 684, -1, -1, 150, 91, 210.0, 9, , 44, 0, 0, 0, , 0, 0, 0, 0, 0, 
627, 0, 685, -1, -1, 139, 84, 211.0, 9, , 20, 0, 0, 0, , 0, 0, 0, 0, 0, 
628, 0, 687, -1, -1, 111, 39, 112.0, 7, , 25, 0, 0, 0, , 0, 0, 0, 0, 0, 
629, 0, 688, -1, -1, 61, 94, 116.0, 7, , 15, 0, 0, 0, , 0, 0, 0, 0, 0, 
630, 0, 689, -1, -1, 278, 162, 130.0, 7, , 24, 0, 0, 0, , 0, 0, 0, 0, 0, 
631, 0, 690, -1, -1, 148, 168, 149.0, 9, , 47, 0, 0, 0, , 0, 0, 0, 0, 0, 
632, 0, 691, -1, -1, 74, 77, 161.0, 7, , 43, 0, 0, 0, , 0, 0, 0, 0, 0, 
633, 0, 692, -1, -1, 151, 34, 165.0, 9, , 40, 0, 0, 0, , 0, 0, 0, 0, 0, 
634, 0, 693, -1, -1, 270, 50, 165.0, 9, , 45, 0, 0, 0, , 0, 0, 0, 0, 0, 
635, 0, 694, -1, -1, 69, 94, 167.0, 7, , 29, 0, 0, 0, , 0, 0, 0, 0, 0, 
636, 0, 695, -1, -1, 107, 47, 168.0, 9, , 66, 0, 0, 0, , 0, 0, 0, 0, 0, 
637, 0, 696, -1, -1, 64, 116, 174.0, 9, , 33, 0, 0, 0, , 0, 0, 0, 0, 0, 
638, 0, 697, -1, -1, 105, 131, 174.0, 8, , 19, 0, 0, 0, , 0, 0, 0, 0, 0, 
639, 0, 698, -1, -1, 313, 83, 178.0, 9, , 48, 0, 0, 0, , 0, 0, 0, 0, 0, 
640, 0, 699, -1, -1, 195, 75, 183.0, 8, , 8, 0, 0, 0, , 0, 0, 0, 0, 0, 
641, 0, 700, -1, -1, 133, 108, 192.0, 8, , 34, 0, 0, 0, , 0, 0, 0, 0, 0, 
642, 0, 701, -1, -1, 224, 89, 199.0, 8, , 40, 0, 0, 0, , 0, 0, 0, 0, 0, 
643, 0, 702, -1, -1, 227, 70, 199.0, 9, , 100, 0, 0, 0, , 0, 0, 0, 0, 0, 
644, 0, 703, -1, -1, 122, 127, 201.0, 9, , 98, 0, 0, 0, , 0, 0, 0, 0, 0, 
645, 0, 704, -1, -1, 163, 61, 199.0, 8, , 76, 0, 0, 0, , 0, 0, 0, 0, 0, 
646, 0, 705, -1, -1, 168, 95, 203.0, 9, , 25, 0, 0, 0, , 0, 0, 0, 0, 0, 
647, 0, 706, -1, -1, 221, 88, 208.0, 8, , 56, 0, 0, 0, , 0, 0, 0, 0, 0, 
648, 0, 707, -1, -1, 222, 88, 210.0, 9, , 92, 0, 0, 0, , 0, 0, 0, 0, 0, 
649, 0, 708, -1, -1, 241, 68, 194.0, 7, , 36, 0, 0, 0, , 0, 0, 0, 0, 0, 
650, 0, 709, -1, -1, 241, 68, 196.0, 9, , 32, 0, 0, 0, , 0, 0, 0, 0, 0, 
651, 0, 710, -1, -1, 72, 157, 109.0, 7, , 31, 0, 0, 0, , 0, 0, 0, 0, 0, 
652, 0, 711, -1, -1, 254, 165, 116.0, 8, , 23, 0, 0, 0, , 0, 0, 0, 0, 0, 
653, 0, 712, -1, -1, 177, 74, 124.0, 7, , 15, 0, 0, 0, , 0, 0, 0, 0, 0, 
654, 0, 713, -1, -1, 62, 149, 134.0, 9, , 40, 0, 0, 0, , 0, 0, 0, 0, 0, 
655, 0, 714, -1, -1, 245, 114, 197.0, 8, , 27, 0, 0, 0, , 0, 0, 0, 0, 0, 
656, 0, 715, -1, -1, 87, 167, 100.0, 8, , 3, 0, 0, 0, , 0, 0, 0, 0, 0, 
657, 0, 717, -1, -1, 118, 82, 87.0, 8, , 17, 0, 0, 0, , 0, 0, 0, 0, 0, 
658, 0, 718, -1, -1, 165, 170, 89.0, 9, , 35, 0, 0, 0, , 0, 0, 0, 0, 0, 
659, 0, 719, -1, -1, 74, 155, 102.0, 8, , 49, 0, 0, 0, , 0, 0, 0, 0, 0, 
660, 0, 720, -1, -1, 64, 123, 107.0, 7, , 5, 0, 0, 0, , 0, 0, 0, 0, 0, 
661, 0, 721, -1, -1, 138, 33, 105.0, 7, , 10, 0, 0, 0, , 0, 0, 0, 0, 0, 
662, 0, 722, -1, -1, 83, 166, 108.0, 9, , 84, 0, 0, 0, , 0, 0, 0, 0, 0, 
663, 0, 723, -1, -1, 163, 72, 109.0, 7, , 17, 0, 0, 0, , 0, 0, 0, 0, 0, 
664, 0, 724, -1, -1, 226, 80, 112.0, 7, , 8, 0, 0, 0, , 0, 0, 0, 0, 0, 
665, 0, 725, -1, -1, 251, 51, 115.0, 9, , 12, 0, 0, 0, , 0, 0, 0, 0, 0, 
666, 0, 726, -1, -1, 228, 69, 113.0, 8, , 15, 0, 0, 0, , 0, 0, 0, 0, 0, 
667, 0, 727, -1, -1, 173, 125, 120.0, 8, , 6, 0, 0, 0, , 0, 0, 0, 0, 0, 
668, 0, 728, -1, -1, 98, 168, 126.0, 9, , 54, 0, 0, 0, , 0, 0, 0, 0, 0, 
669, 0, 729, -1, -1, 294, 168, 128.0, 9, , 45, 0, 0, 0, , 0, 0, 0, 0, 0, 
670, 0, 730, -1, -1, 248, 176, 132.0, 8, , 9, 0, 0, 0, , 0, 0, 0, 0, 0, 
671, 0, 731, -1, -1, 136, 31, 132.0, 8, , 12, 0, 0, 0, , 0, 0, 0, 0, 0, 
672, 0, 732, -1, -1, 169, 173, 133.0, 9, , 72, 0, 0, 0, , 0, 0, 0, 0, 0, 
673, 0, 733, -1, -1, 63, 81, 134.0, 8, , 17, 0, 0, 0, , 0, 0, 0, 0, 0, 
674, 0, 734, -1, -1, 192, 178, 134.0, 9, , 16, 0, 0, 0, , 0, 0, 0, 0, 0, 
675, 0, 735, -1, -1, 74, 89, 140.0, 8, , 14, 0, 0, 0, , 0, 0, 0, 0, 0, 
676, 0, 736, -1, -1, 199, 99, 141.0, 9, , 26, 0, 0, 0, , 0, 0, 0, 0, 0, 
677, 0, 737, -1, -1, 211, 43, 138.0, 9, , 34, 0, 0, 0, , 0, 0, 0, 0, 0, 
678, 0, 738, -1, -1, 114, 129, 141.0, 8, , 14, 0, 0, 0, , 0, 0, 0, 0, 0, 
679, 0, 739, -1, -1, 95, 55, 145.0, 8, , 36, 0, 0, 0, , 0, 0, 0, 0, 0, 
680, 0, 741, -1, -1, 90, 51, 147.0, 7, , 30, 0, 0, 0, , 0, 0, 0, 0, 0, 
681, 0, 742, -1, -1, 170, 62, 148.0, 7, , 24, 0, 0, 0, , 0, 0, 0, 0, 0, 
682, 0, 743, -1, -1, 275, 46, 149.0, 7, , 22, 0, 0, 0, , 0, 0, 0, 0, 0, 
683, 0, 744, -1, -1, 296, 152, 152.0, 11, , 46, 0, 0, 0, , 0, 0, 0, 0, 0, 
684, 0, 745, -1, -1, 80, 123, 153.0, 9, , 116, 0, 0, 0, , 0, 0, 0, 0, 0, 
685, 0, 746, -1, -1, 136, 57, 153.0, 8, , 23, 0, 0, 0, , 0, 0, 0, 0, 0, 
686, 0, 747, -1, -1, 281, 87, 154.0, 7, , 9, 0, 0, 0, , 0, 0, 0, 0, 0, 
687, 0, 748, -1, -1, 303, 60, 153.0, 8, , 28, 0, 0, 0, , 0, 0, 0, 0, 0, 
688, 0, 749, -1, -1, 309, 74, 154.0, 9, , 27, 0, 0, 0, , 0, 0, 0, 0, 0, 
689, 0, 750, -1, -1, 144, 107, 155.0, 8, , 5, 0, 0, 0, , 0, 0, 0, 0, 0, 
690, 0, 751, -1, -1, 220, 48, 157.0, 7, , 44, 0, 0, 0, , 0, 0, 0, 0, 0, 
691, 0, 752, -1, -1, 71, 144, 160.0, 8, , 29, 0, 0, 0, , 0, 0, 0, 0, 0, 
692, 0, 753, -1, -1, 297, 155, 157.0, 9, , 31, 0, 0, 0, , 0, 0, 0, 0, 0, 
693, 0, 754, -1, -1, 173, 141, 162.0, 8, , 13, 0, 0, 0, , 0, 0, 0, 0, 0, 
694, 0, 755, -1, -1, 200, 174, 167.0, 8, , 23, 0, 0, 0, , 0, 0, 0, 0, 0, 
695, 0, 756, -1, -1, 94, 159, 171.0, 9, , 17, 0, 0, 0, , 0, 0, 0, 0, 0, 
696, 0, 757, -1, -1, 112, 54, 169.0, 8, , 47, 0, 0, 0, , 0, 0, 0, 0, 0, 
697, 0, 758, -1, -1, 196, 169, 175.0, 9, , 35, 0, 0, 0, , 0, 0, 0, 0, 0, 
698, 0, 760, -1, -1, 136, 43, 174.0, 7, , 33, 0, 0, 0, , 0, 0, 0, 0, 0, 
699, 0, 761, -1, -1, 279, 136, 181.0, 9, , 36, 0, 0, 0, , 0, 0, 0, 0, 0, 
700, 0, 762, -1, -1, 95, 145, 185.0, 9, , 45, 0, 0, 0, , 0, 0, 0, 0, 0, 
701, 0, 763, -1, -1, 215, 50, 187.0, 7, , 4, 0, 0, 0, , 0, 0, 0, 0, 0, 
702, 0, 764, -1, -1, 101, 118, 190.0, 8, , 31, 0, 0, 0, , 0, 0, 0, 0, 0, 
703, 0, 765, -1, -1, 201, 130, 189.0, 9, , 12, 0, 0, 0, , 0, 0, 0, 0, 0, 
704, 0, 766, -1, -1, 273, 77, 192.0, 9, , 83, 0, 0, 0, , 0, 0, 0, 0, 0, 
705, 0, 767, -1, -1, 259, 89, 190.0, 8, , 26, 0, 0, 0, , 0, 0, 0, 0, 0, 
706, 0, 768, -1, -1, 116, 92, 196.0, 9, , 23, 0, 0, 0, , 0, 0, 0, 0, 0, 
707, 0, 769, -1, -1, 121, 125, 199.0, 9, , 75, 0, 0, 0, , 0, 0, 0, 0, 0, 
708, 0, 770, -1, -1, 230, 67, 202.0, 8, , 40, 0, 0, 0, , 0, 0, 0, 0, 0, 
709, 0, 771, -1, -1, 267, 101, 204.0, 9, , 48, 0, 0, 0, , 0, 0, 0, 0, 0, 
710, 0, 772, -1, -1, 66, 148, 127.0, 11, , 59, 0, 0, 0, , 0, 0, 0, 0, 0, 
711, 0, 773, -1, -1, 168, 174, 128.0, 7, , 75, 0, 0, 0, , 0, 0, 0, 0, 0, 
712, 0, 774, -1, -1, 169, 167, 126.0, 8, , 45, 0, 0, 0, , 0, 0, 0, 0, 0, 
713, 0, 775, -1, -1, 154, 92, 141.0, 8, , 12, 0, 0, 0, , 0, 0, 0, 0, 0, 
714, 0, 776, -1, -1, 296, 152, 154.0, 13, , 74, 0, 0, 0, , 0, 0, 0, 0, 0, 
715, 0, 777, -1, -1, 292, 153, 158.0, 7, , 14, 0, 0, 0, , 0, 0, 0, 0, 0, 
716, 0, 778, -1, -1, 140, 45, 169.0, 11, , 43, 0, 0, 0, , 0, 0, 0, 0, 0, 
717, 0, 779, -1, -1, 192, 147, 185.0, 9, , 69, 0, 0, 0, , 0, 0, 0, 0, 0, 
718, 0, 780, -1, -1, 292, 91, 186.0, 9, , 36, 0, 0, 0, , 0, 0, 0, 0, 0, 
719, 0, 781, -1, -1, 133, 106, 198.0, 9, , 22, 0, 0, 0, , 0, 0, 0, 0, 0, 
720, 0, 781, -1, -1, 131, 113, 198.0, 7, , 36, 0, 0, 0, , 0, 0, 0, 0, 0, 
721, 0, 782, -1, -1, 231, 105, 202.0, 11, , 106, 0, 0, 0, , 0, 0, 0, 0, 0, 
722, 0, 783, -1, -1, 247, 51, 164.0, 15, , 60, 0, 0, 0, , 0, 0, 0, 0, 0, 
723, 0, -1, -1, -1, 149, 102, 127.0, 9, , 26, 0, 0, 0, , 0, 0, 0, 0, 0, 
724, 0, -1, -1, -1, 118, 44, 148.0, 11, , 233, 0, 0, 0, , 0, 0, 0, 0, 0, 
725, 0, -1, -1, -1, 66, 155, 152.0, 8, , 33, 0, 0, 0, , 0, 0, 0, 0, 0, 
726, 0, -1, -1, -1, 132, 93, 185.0, 9, , 90, 0, 0, 0, , 0, 0, 0, 0, 0, 
727, 0, -1, -1, -1, 221, 134, 208.0, 11, , 56, 0, 0, 0, , 0, 0, 0, 0, 0, 
728, 0, -1, -1, -1, 168, 171, 115.0, 7, , 65, 0, 0, 0, , 0, 0, 0, 0, 0, 
729, 0, -1, -1, -1, 257, 174, 129.0, 8, , 35, 0, 0, 0, , 0, 0, 0, 0, 0, 
730, 0, -1, -1, -1, 202, 83, 132.0, 7, , 33, 0, 0, 0, , 0, 0, 0, 0, 0, 
731, 0, -1, -1, -1, 53, 113, 152.0, 8, , 100, 0, 0, 0, , 0, 0, 0, 0, 0, 
732, 0, -1, -1, -1, 81, 90, 181.0, 9, , 90, 0, 0, 0, , 0, 0, 0, 0, 0, 
733, 0, -1, -1, -1, 221, 89, 205.0, 9, , 154, 0, 0, 0, , 0, 0, 0, 0, 0, 
734, 0, -1, -1, -1, 133, 104, 55.0, 7, , 6, 0, 0, 0, , 0, 0, 0, 0, 0, 
735, 0, -1, -1, -1, 138, 151, 60.0, 11, , 28, 0, 0, 0, , 0, 0, 0, 0, 0, 
736, 0, -1, -1, -1, 210, 142, 72.0, 7, , 21, 0, 0, 0, , 0, 0, 0, 0, 0, 
737, 0, -1, -1, -1, 89, 138, 78.0, 11, , 32, 0, 0, 0, , 0, 0, 0, 0, 0, 
738, 0, -1, -1, -1, 98, 62, 85.0, 8, , 15, 0, 0, 0, , 0, 0, 0, 0, 0, 
739, 0, -1, -1, -1, 80, 139, 88.0, 9, , 18, 0, 0, 0, , 0, 0, 0, 0, 0, 
740, 0, -1, -1, -1, 73, 159, 111.0, 8, , 21, 0, 0, 0, , 0, 0, 0, 0, 0, 
741, 0, -1, -1, -1, 150, 173, 111.0, 9, , 9, 0, 0, 0, , 0, 0, 0, 0, 0, 
742, 0, -1, -1, -1, 162, 72, 111.0, 7, , 21, 0, 0, 0, , 0, 0, 0, 0, 0, 
743, 0, -1, -1, -1, 59, 93, 112.0, 8, , 13, 0, 0, 0, , 0, 0, 0, 0, 0, 
744, 0, -1, -1, -1, 254, 160, 112.0, 8, , 8, 0, 0, 0, , 0, 0, 0, 0, 0, 
745, 0, -1, -1, -1, 59, 139, 113.0, 9, , 40, 0, 0, 0, , 0, 0, 0, 0, 0, 
746, 0, -1, -1, -1, 63, 104, 113.0, 7, , 34, 0, 0, 0, , 0, 0, 0, 0, 0, 
747, 0, -1, -1, -1, 88, 146, 116.0, 7, , 14, 0, 0, 0, , 0, 0, 0, 0, 0, 
748, 0, -1, -1, -1, 230, 71, 116.0, 7, , 9, 0, 0, 0, , 0, 0, 0, 0, 0, 
749, 0, -1, -1, -1, 69, 93, 117.0, 8, , 3, 0, 0, 0, , 0, 0, 0, 0, 0, 
750, 0, -1, -1, -1, 63, 95, 118.0, 9, , 44, 0, 0, 0, , 0, 0, 0, 0, 0, 
751, 0, -1, -1, -1, 143, 181, 120.0, 9, , 22, 0, 0, 0, , 0, 0, 0, 0, 0, 
752, 0, -1, -1, -1, 179, 73, 120.0, 9, , 34, 0, 0, 0, , 0, 0, 0, 0, 0, 
753, 0, -1, -1, -1, 221, 70, 120.0, 7, , 19, 0, 0, 0, , 0, 0, 0, 0, 0, 
754, 0, -1, -1, -1, 295, 165, 122.0, 7, , 26, 0, 0, 0, , 0, 0, 0, 0, 0, 
755, 0, -1, -1, -1, 183, 79, 123.0, 8, , 7, 0, 0, 0, , 0, 0, 0, 0, 0, 
756, 0, -1, -1, -1, 222, 82, 124.0, 7, , 7, 0, 0, 0, , 0, 0, 0, 0, 0, 
757, 0, -1, -1, -1, 224, 79, 126.0, 8, , 11, 0, 0, 0, , 0, 0, 0, 0, 0, 
758, 0, -1, -1, -1, 70, 69, 128.0, 8, , 4, 0, 0, 0, , 0, 0, 0, 0, 0, 
759, 0, -1, -1, -1, 130, 39, 128.0, 7, , 16, 0, 0, 0, , 0, 0, 0, 0, 0, 
760, 0, -1, -1, -1, 103, 165, 129.0, 7, , 26, 0, 0, 0, , 0, 0, 0, 0, 0, 
761, 0, -1, -1, -1, 194, 88, 129.0, 8, , 8, 0, 0, 0, , 0, 0, 0, 0, 0, 
762, 0, -1, -1, -1, 67, 107, 130.0, 7, , 14, 0, 0, 0, , 0, 0, 0, 0, 0, 
763, 0, -1, -1, -1, 127, 121, 131.0, 9, , 33, 0, 0, 0, , 0, 0, 0, 0, 0, 
764, 0, -1, -1, -1, 267, 87, 131.0, 9, , 12, 0, 0, 0, , 0, 0, 0, 0, 0, 
765, 0, -1, -1, -1, 118, 50, 132.0, 9, , 55, 0, 0, 0, , 0, 0, 0, 0, 0, 
766, 0, -1, -1, -1, 88, 161, 134.0, 8, , 13, 0, 0, 0, , 0, 0, 0, 0, 0, 
767, 0, -1, -1, -1, 215, 180, 136.0, 7, , 18, 0, 0, 0, , 0, 0, 0, 0, 0, 
768, 0, -1, -1, -1, 307, 151, 138.0, 8, , 13, 0, 0, 0, , 0, 0, 0, 0, 0, 
769, 0, -1, -1, -1, 88, 164, 142.0, 9, , 7, 0, 0, 0, , 0, 0, 0, 0, 0, 
770, 0, -1, -1, -1, 226, 174, 143.0, 8, , 20, 0, 0, 0, , 0, 0, 0, 0, 0, 
771, 0, -1, -1, -1, 332, 135, 143.0, 8, , 18, 0, 0, 0, , 0, 0, 0, 0, 0, 
772, 0, -1, -1, -1, 214, 183, 146.0, 8, , 23, 0, 0, 0, , 0, 0, 0, 0, 0, 
773, 0, -1, -1, -1, 227, 175, 146.0, 7, , 17, 0, 0, 0, , 0, 0, 0, 0, 0, 
774, 0, -1, -1, -1, 253, 178, 146.0, 9, , 19, 0, 0, 0, , 0, 0, 0, 0, 0, 
775, 0, -1, -1, -1, 268, 167, 147.0, 9, , 13, 0, 0, 0, , 0, 0, 0, 0, 0, 
776, 0, -1, -1, -1, 64, 93, 151.0, 8, , 26, 0, 0, 0, , 0, 0, 0, 0, 0, 
777, 0, -1, -1, -1, 175, 174, 151.0, 7, , 24, 0, 0, 0, , 0, 0, 0, 0, 0, 
778, 0, -1, -1, -1, 111, 167, 152.0, 8, , 3, 0, 0, 0, , 0, 0, 0, 0, 0, 
779, 0, -1, -1, -1, 60, 115, 154.0, 8, , 28, 0, 0, 0, , 0, 0, 0, 0, 0, 
780, 0, -1, -1, -1, 281, 83, 155.0, 8, , 11, 0, 0, 0, , 0, 0, 0, 0, 0, 
781, 0, -1, -1, -1, 212, 181, 156.0, 9, , 7, 0, 0, 0, , 0, 0, 0, 0, 0, 
782, 0, -1, -1, -1, 71, 82, 158.0, 7, , 24, 0, 0, 0, , 0, 0, 0, 0, 0, 
783, 0, -1, -1, -1, 179, 46, 161.0, 7, , 30, 0, 0, 0, , 0, 0, 0, 0, 0, 
784, 0, -1, -1, -1, 176, 179, 163.0, 7, , 7, 0, 0, 0, , 0, 0, 0, 0, 0, 
785, 0, -1, -1, -1, 280, 84, 163.0, 9, , 17, 0, 0, 0, , 0, 0, 0, 0, 0, 
786, 0, -1, -1, -1, 141, 103, 165.0, 9, , 30, 0, 0, 0, , 0, 0, 0, 0, 0, 
787, 0, -1, -1, -1, 219, 174, 165.0, 9, , 29, 0, 0, 0, , 0, 0, 0, 0, 0, 
788, 0, -1, -1, -1, 200, 43, 166.0, 8, , 6, 0, 0, 0, , 0, 0, 0, 0, 0, 
789, 0, -1, -1, -1, 241, 50, 166.0, 8, , 29, 0, 0, 0, , 0, 0, 0, 0, 0, 
790, 0, -1, -1, -1, 178, 172, 168.0, 11, , 53, 0, 0, 0, , 0, 0, 0, 0, 0, 
791, 0, -1, -1, -1, 287, 113, 169.0, 8, , 4, 0, 0, 0, , 0, 0, 0, 0, 0, 
792, 0, -1, -1, -1, 81, 69, 170.0, 7, , 14, 0, 0, 0, , 0, 0, 0, 0, 0, 
793, 0, -1, -1, -1, 136, 147, 170.0, 7, , 25, 0, 0, 0, , 0, 0, 0, 0, 0, 
794, 0, -1, -1, -1, 99, 61, 171.0, 7, , 29, 0, 0, 0, , 0, 0, 0, 0, 0, 
795, 0, -1, -1, -1, 129, 52, 173.0, 9, , 35, 0, 0, 0, , 0, 0, 0, 0, 0, 
796, 0, -1, -1, -1, 142, 39, 174.0, 8, , 26, 0, 0, 0, , 0, 0, 0, 0, 0, 
797, 0, -1, -1, -1, 121, 47, 178.0, 8, , 16, 0, 0, 0, , 0, 0, 0, 0, 0, 
798, 0, -1, -1, -1, 292, 71, 181.0, 8, , 33, 0, 0, 0, , 0, 0, 0, 0, 0, 
799, 0, -1, -1, -1, 112, 149, 182.0, 9, , 16, 0, 0, 0, , 0, 0, 0, 0, 0, 
800, 0, -1, -1, -1, 125, 124, 183.0, 8, , 10, 0, 0, 0, , 0, 0, 0, 0, 0, 
801, 0, -1, -1, -1, 135, 95, 183.0, 11, , 70, 0, 0, 0, , 0, 0, 0, 0, 0, 
802, 0, -1, -1, -1, 142, 148, 183.0, 7, , 6, 0, 0, 0, , 0, 0, 0, 0, 0, 
803, 0, -1, -1, -1, 147, 60, 188.0, 7, , 27, 0, 0, 0, , 0, 0, 0, 0, 0, 
804, 0, -1, -1, -1, 150, 86, 189.0, 8, , 37, 0, 0, 0, , 0, 0, 0, 0, 0, 
805, 0, -1, -1, -1, 159, 63, 190.0, 8, , 26, 0, 0, 0, , 0, 0, 0, 0, 0, 
806, 0, -1, -1, -1, 207, 154, 190.0, 11, , 48, 0, 0, 0, , 0, 0, 0, 0, 0, 
807, 0, -1, -1, -1, 164, 58, 191.0, 7, , 25, 0, 0, 0, , 0, 0, 0, 0, 0, 
808, 0, -1, -1, -1, 284, 108, 191.0, 8, , 15, 0, 0, 0, , 0, 0, 0, 0, 0, 
809, 0, -1, -1, -1, 265, 68, 192.0, 8, , 28, 0, 0, 0, , 0, 0, 0, 0, 0, 
810, 0, -1, -1, -1, 96, 121, 193.0, 9, , 95, 0, 0, 0, , 0, 0, 0, 0, 0, 
811, 0, -1, -1, -1, 191, 107, 194.0, 7, , 31, 0, 0, 0, , 0, 0, 0, 0, 0, 
812, 0, -1, -1, -1, 175, 123, 196.0, 9, , 10, 0, 0, 0, , 0, 0, 0, 0, 0, 
813, 0, -1, -1, -1, 177, 84, 198.0, 7, , 22, 0, 0, 0, , 0, 0, 0, 0, 0, 
814, 0, -1, -1, -1, 261, 87, 198.0, 8, , 18, 0, 0, 0, , 0, 0, 0, 0, 0, 
815, 0, -1, -1, -1, 117, 88, 201.0, 9, , 15, 0, 0, 0, , 0, 0, 0, 0, 0, 
816, 0, -1, -1, -1, 251, 120, 201.0, 11, , 18, 0, 0, 0, , 0, 0, 0, 0, 0, 
817, 0, -1, -1, -1, 256, 86, 202.0, 11, , 54, 0, 0, 0, , 0, 0, 0, 0, 0, 
818, 0, -1, -1, -1, 223, 69, 207.0, 9, , 11, 0, 0, 0, , 0, 0, 0, 0, 0, 
819, 0, -1, -1, -1, 82, 165, 111.0, 7, , 26, 0, 0, 0, , 0, 0, 0, 0, 0, 
820, 0, -1, -1, -1, 60, 94, 114.0, 9, , 18, 0, 0, 0, , 0, 0, 0, 0, 0, 
821, 0, -1, -1, -1, 167, 171, 129.0, 11, , 131, 0, 0, 0, , 0, 0, 0, 0, 0, 
822, 0, -1, -1, -1, 90, 51, 149.0, 7, , 35, 0, 0, 0, , 0, 0, 0, 0, 0, 
823, 0, -1, -1, -1, 148, 34, 162.0, 9, , 30, 0, 0, 0, , 0, 0, 0, 0, 0, 
824, 0, -1, -1, -1, 89, 83, 183.0, 7, , 20, 0, 0, 0, , 0, 0, 0, 0, 0, 
825, 0, -1, -1, -1, 108, 148, 183.0, 11, , 28, 0, 0, 0, , 0, 0, 0, 0, 0, 
826, 0, -1, -1, -1, 120, 136, 184.0, 11, , 46, 0, 0, 0, , 0, 0, 0, 0, 0, 
827, 0, -1, -1, -1, 90, 87, 187.0, 9, , 32, 0, 0, 0, , 0, 0, 0, 0, 0, 
828, 0, -1, -1, -1, 191, 73, 196.0, 7, , 22, 0, 0, 0, , 0, 0, 0, 0, 0, 
829, 0, -1, -1, -1, 280, 115, 197.0, 9, , 22, 0, 0, 0, , 0, 0, 0, 0, 0, 
830, 0, -1, -1, -1, 168, 76, 200.0, 7, , 18, 0, 0, 0, , 0, 0, 0, 0, 0, 
831, 0, -1, -1, -1, 182, 104, 206.0, 9, , 29, 0, 0, 0, , 0, 0, 0, 0, 0, 
832, 0, -1, -1, -1, 237, 86, 208.0, 9, , 31, 0, 0, 0, , 0, 0, 0, 0, 0, 
833, 0, -1, -1, -1, 93, 146, 182.0, 9, , 30, 0, 0, 0, , 0, 0, 0, 0, 0, 
834, 1, 784, 854, -1, 259, 83, 128.0, 20, Eprp, 0, 0, 0, 0, , 0, 0, 0, 0, 0, 
835, 0, 785, -1, -1, 134, 36, 128.0, 15, , 0, 0, 0, 0, , 0, 0, 0, 0, 0, 
836, 1, 786, 856, -1, 129, 106, 202.0, 15, ABarappaaa, 0, 0, 0, 0, , 0, 0, 0, 0, 0, 
837, 1, 787, 857, -1, 152, 95, 211.0, 17, ABarappapa, 0, 0, 0, 0, , 0, 0, 0, 0, 0, 
838, 1, 788, 858, -1, 179, 103, 211.0, 13, ABarappapp, 0, 0, 0, 0, , 0, 0, 0, 0, 0, 
839, 1, 789, 859, -1, 163, 112, 203.0, 15, ABarappaap, 0, 0, 0, 0, , 0, 0, 0, 0, 0, 
840, 1, 790, 860, -1, 116, 91, 203.0, 12, ABarapppaa, 0, 0, 0, 0, , 0, 0, 0, 0, 0, 
841, 1, 791, 861, -1, 137, 95, 188.5, 16, ABarapppap, 0, 0, 0, 0, , 0, 0, 0, 0, 0, 
842, 1, 792, 862, -1, 136, 85, 204.0, 15, ABarappppa, 0, 0, 0, 0, , 0, 0, 0, 0, 0, 
843, 1, 793, 863, -1, 151, 86, 199.0, 17, ABarappppp, 0, 0, 0, 0, , 0, 0, 0, 0, 0, 
844, 1, 794, 864, -1, 101, 123, 191.0, 15, ABarapaaaa, 0, 0, 0, 0, , 0, 0, 0, 0, 0, 
845, 1, 795, 865, -1, 119, 125, 200.41936, 15, ABarapaaap, 0, 0, 0, 0, , 0, 0, 0, 0, 0, 
846, 1, 796, 866, -1, 118, 112, 180.0, 13, ABarapaapa, 0, 0, 0, 0, , 0, 0, 0, 0, 0, 
847, 1, 797, 867, -1, 134, 122, 180.0, 16, ABarapaapp, 0, 0, 0, 0, , 0, 0, 0, 0, 0, 
848, 1, 798, 868, -1, 138, 125, 203.0, 15, ABarapapaa, 0, 0, 0, 0, , 0, 0, 0, 0, 0, 
849, 1, 799, 869, -1, 161, 134, 202.0, 14, ABarapapap, 0, 0, 0, 0, , 0, 0, 0, 0, 0, 
850, 1, 800, 870, -1, 151, 118, 187.0, 14, ABarapappa, 0, 0, 0, 0, , 0, 0, 0, 0, 0, 
851, 1, 801, 871, -1, 174, 127, 189.0, 19, ABarapappp, 0, 0, 0, 0, , 0, 0, 0, 0, 0, 
852, 1, 802, 872, -1, 77, 121, 154.0, 14, ABaraapaaa, 0, 0, 0, 0, , 0, 0, 0, 0, 0, 
853, 1, 803, 873, -1, 99, 118, 155.0, 16, ABaraapaap, 0, 0, 0, 0, , 0, 0, 0, 0, 0, 
854, 1, 804, 874, -1, 111, 133, 146.0, 16, ABaraapapa, 0, 0, 0, 0, , 0, 0, 0, 0, 0, 
855, 1, 805, 875, -1, 130, 123, 129.0, 14, ABaraapapp, 0, 0, 0, 0, , 0, 0, 0, 0, 0, 
856, 1, 806, 876, -1, 106, 104, 162.0, 15, ABaraappaa, 0, 0, 0, 0, , 0, 0, 0, 0, 0, 
857, 1, 807, 877, -1, 120, 110, 147.0, 17, ABaraappap, 0, 0, 0, 0, , 0, 0, 0, 0, 0, 
858, 1, 808, 878, -1, 139, 105, 159.0, 17, ABaraapppa, 0, 0, 0, 0, , 0, 0, 0, 0, 0, 
859, 1, 809, 879, -1, 158, 92, 142.0, 16, ABaraapppp, 0, 0, 0, 0, , 0, 0, 0, 0, 0, 
860, 1, 810, 880, -1, 75, 126, 182.0, 15, ABaraaapaa, 0, 0, 0, 0, , 0, 0, 0, 0, 0, 
861, 1, 811, 881, -1, 90, 114, 179.0, 19, ABaraaapap, 0, 0, 0, 0, , 0, 0, 0, 0, 0, 
862, 1, 812, 882, -1, 89, 105, 196.0, 15, ABaraaappa, 0, 0, 0, 0, , 0, 0, 0, 0, 0, 
863, 1, 813, 883, -1, 111, 99, 189.0, 16, ABaraaappp, 0, 0, 0, 0, , 0, 0, 0, 0, 0, 
864, 1, 814, 884, -1, 71, 95, 168.0, 15, ABaraaaaap, 0, 0, 0, 0, , 0, 0, 0, 0, 0, 
865, 1, 815, 885, -1, 62, 117, 169.0, 15, ABaraaaaaa, 0, 0, 0, 0, , 0, 0, 0, 0, 0, 
866, 1, 816, 886, -1, 84, 104, 154.0, 16, ABaraaaap, 0, 0, 0, 0, , 0, 0, 0, 0, 0, 
867, 1, 817, 887, -1, 104, 133, 167.0, 15, ABalpaaapa, 0, 0, 0, 0, , 0, 0, 0, 0, 0, 
868, 1, 818, 888, -1, 125, 138, 161.0, 15, ABalpaaapp, 0, 0, 0, 0, , 0, 0, 0, 0, 0, 
869, 1, 819, 889, -1, 94, 142, 182.0, 15, ABalpaaaap, 0, 0, 0, 0, , 0, 0, 0, 0, 0, 
870, 1, 820, 890, -1, 72, 142, 164.0, 13, ABalpaaaaa, 0, 0, 0, 0, , 0, 0, 0, 0, 0, 
871, 1, 821, 891, -1, 59, 133, 155.0, 15, ABalpaapaa, 0, 0, 0, 0, , 0, 0, 0, 0, 0, 
872, 1, 822, 892, -1, 86, 143, 149.0, 16, ABalpaapap, 0, 0, 0, 0, , 0, 0, 0, 0, 0, 
873, 1, 823, 893, -1, 69, 156, 150.0, 12, ABalpaappa, 0, 0, 0, 0, , 0, 0, 0, 0, 0, 
874, 1, 824, 894, -1, 86, 163, 139.0, 15, ABalpaappp, 0, 0, 0, 0, , 0, 0, 0, 0, 0, 
875, 1, 825, 895, -1, 120, 139, 184.0, 15, ABalpappaa, 0, 0, 0, 0, , 0, 0, 0, 0, 0, 
876, 1, 826, 896, -1, 140, 144, 188.0, 15, ABalpappap, 0, 0, 0, 0, , 0, 0, 0, 0, 0, 
877, 1, 827, 897, -1, 133, 148, 166.0, 15, ABalpapppa, 0, 0, 0, 0, , 0, 0, 0, 0, 0, 
878, 1, 828, 898, -1, 158, 149, 172.0, 19, ABalpapppp, 0, 0, 0, 0, , 0, 0, 0, 0, 0, 
879, 1, 830, 900, -1, 75, 156, 107.0, 15, ABalppaaap, 0, 0, 0, 0, , 0, 0, 0, 0, 0, 
880, 1, 829, 899, -1, 60, 138, 115.0, 15, ABalppaaaa, 0, 0, 0, 0, , 0, 0, 0, 0, 0, 
881, 1, 832, 909, -1, 85, 164, 102.0, 15, ABalppaapa, 0, 0, 0, 0, , 0, 0, 0, 0, 0, 
882, 1, 831, 901, -1, 104, 157, 108.0, 15, ABalppaapp, 0, 0, 0, 0, , 0, 0, 0, 0, 0, 
883, 1, 833, 902, -1, 100, 167, 130.0, 15, ABalppapaa, 0, 0, 0, 0, , 0, 0, 0, 0, 0, 
884, 1, 834, 903, -1, 124, 176, 141.0, 14, ABalppapap, 0, 0, 0, 0, , 0, 0, 0, 0, 0, 
885, 1, 835, 904, -1, 127, 160, 141.0, 17, ABalppappa, 0, 0, 0, 0, , 0, 0, 0, 0, 0, 
886, 1, 836, 905, -1, 95, 158, 166.0, 15, ABalpapaaa, 0, 0, 0, 0, , 0, 0, 0, 0, 0, 
887, 1, 837, 906, -1, 109, 150, 184.0, 15, ABalpapaap, 0, 0, 0, 0, , 0, 0, 0, 0, 0, 
888, 1, 838, 907, -1, 117, 166, 156.0, 15, ABalpapapa, 0, 0, 0, 0, , 0, 0, 0, 0, 0, 
889, 1, 839, 908, -1, 140, 164, 175.0, 14, ABalpapapp, 0, 0, 0, 0, , 0, 0, 0, 0, 0, 
890, 1, 840, 910, -1, 145, 174, 159.75, 16, ABalppappp, 0, 0, 0, 0, , 0, 0, 0, 0, 0, 
891, 1, 841, 911, -1, 76, 140, 91.0, 17, ABalpppaaa, 0, 0, 0, 0, , 0, 0, 0, 0, 0, 
892, 1, 842, 912, -1, 148, 138, 83.333336, 15, ABalpppppp, 0, 0, 0, 0, , 0, 0, 0, 0, 0, 
893, 1, 843, 913, -1, 131, 137, 69.0, 17, ABalpppppa, 0, 0, 0, 0, , 0, 0, 0, 0, 0, 
894, 0, 844, -1, -1, 97, 124, 95.0, 15, , 0, 0, 0, 0, , 0, 0, 0, 0, 0, 
895, 1, 845, 915, -1, 126, 129, 89.0, 17, ABalppppap, 0, 0, 0, 0, , 0, 0, 0, 0, 0, 
896, 1, 846, 916, -1, 90, 142, 79.8, 14, ABalpppaap, 0, 0, 0, 0, , 0, 0, 0, 0, 0, 
897, 1, 847, 917, -1, 105, 158, 80.0, 14, ABalpppapa, 0, 0, 0, 0, , 0, 0, 0, 0, 0, 
898, 0, 848, -1, -1, 122, 153, 72.0, 12, , 0, 0, 0, 0, , 0, 0, 0, 0, 0, 
899, 1, 849, 919, -1, 45, 109, 128.0, 14, ABalaaapar, 0, 0, 0, 0, , 0, 0, 0, 0, 0, 
900, 1, 850, 920, -1, 55, 127, 123.0, 16, ABalaaapal, 0, 0, 0, 0, , 0, 0, 0, 0, 0, 
901, 1, 851, 921, -1, 46, 93, 134.0, 12, ABalaaappl, 0, 0, 0, 0, , 0, 0, 0, 0, 0, 
902, 1, 852, 922, -1, 68, 79, 140.0, 13, ABalaaappr, 0, 0, 0, 0, , 0, 0, 0, 0, 0, 
903, 1, 853, 924, -1, 83, 89, 176.0, 13, ABalaapaaa, 0, 0, 0, 0, , 0, 0, 0, 0, 0, 
904, 1, 853, 923, -1, 91, 86, 179.5, 13, ABalaapaap, 0, 0, 0, 0, , 0, 0, 0, 0, 0, 
905, 0, 854, -1, -1, 95, 82, 183.73334, 14, , 0, 0, 0, 0, , 0, 0, 0, 0, 0, 
906, 1, 855, 927, -1, 84, 71, 171.0, 15, ABalaapapa, 0, 0, 0, 0, , 0, 0, 0, 0, 0, 
907, 1, 855, 926, -1, 101, 64, 174.0, 13, ABalaapapp, 0, 0, 0, 0, , 0, 0, 0, 0, 0, 
908, 1, 856, 929, -1, 56, 114, 152.0, 15, ABalaaaarl, 0, 0, 0, 0, , 0, 0, 0, 0, 0, 
909, 1, 856, 928, -1, 62, 95, 146.5, 14, ABalaaaarr, 0, 0, 0, 0, , 0, 0, 0, 0, 0, 
910, 1, 857, 930, -1, 54, 127, 138.0, 15, ABalaaaala, 0, 0, 0, 0, , 0, 0, 0, 0, 0, 
911, 1, 858, 931, -1, 64, 149, 129.0, 14, ABalaaaalp, 0, 0, 0, 0, , 0, 0, 0, 0, 0, 
912, 1, 859, 932, -1, 73, 79, 160.0, 17, ABalaappaa, 0, 0, 0, 0, , 0, 0, 0, 0, 0, 
913, 0, -1, -1, -1, 85, 66, 146.0, 16, , 0, 0, 0, 0, , 0, 0, 0, 0, 0, 
914, 1, 860, 934, -1, 85, 66, 146.0, 16, ABalaappap, 0, 0, 0, 0, , 0, 0, 0, 0, 0, 
915, 1, 861, 935, -1, 69, 66, 128.0, 14, ABalaapppa, 0, 0, 0, 0, , 0, 0, 0, 0, 0, 
916, 1, 862, 936, -1, 98, 54, 127.0, 14, ABalaapppp, 0, 0, 0, 0, , 0, 0, 0, 0, 0, 
917, 1, 863, 937, -1, 76, 128, 114.0, 17, ABalapaapa, 0, 0, 0, 0, , 0, 0, 0, 0, 0, 
918, 1, 864, 938, -1, 95, 125, 91.0, 17, ABalapaapp, 0, 0, 0, 0, , 0, 0, 0, 0, 0, 
919, 1, 865, 939, -1, 61, 121, 109.0, 17, ABalapaaaa, 0, 0, 0, 0, , 0, 0, 0, 0, 0, 
920, 1, 866, 940, -1, 80, 115, 92.0, 14, ABalapaaap, 0, 0, 0, 0, , 0, 0, 0, 0, 0, 
921, 1, 867, 941, -1, 89, 108, 79.0, 17, ABalapapap, 0, 0, 0, 0, , 0, 0, 0, 0, 0, 
922, 1, 868, 942, -1, 76, 94, 93.0, 15, ABalapapaa, 0, 0, 0, 0, , 0, 0, 0, 0, 0, 
923, 1, 869, 943, -1, 110, 115, 78.0, 16, ABalapappa, 0, 0, 0, 0, , 0, 0, 0, 0, 0, 
924, 1, 870, 944, -1, 134, 111, 77.0, 14, ABalapappp, 0, 0, 0, 0, , 0, 0, 0, 0, 0, 
925, 1, 871, 945, -1, 63, 97, 115.0, 15, ABalappaa, 0, 0, 0, 0, , 0, 0, 0, 0, 0, 
926, 1, 872, 946, -1, 51, 84, 122.0, 14, ABalappapa, 0, 0, 0, 0, , 0, 0, 0, 0, 0, 
927, 1, 873, 947, -1, 66, 71, 111.0, 14, ABalappapp, 0, 0, 0, 0, , 0, 0, 0, 0, 0, 
928, 1, 874, 948, -1, 82, 80, 115.0, 14, ABalapppaa, 0, 0, 0, 0, , 0, 0, 0, 0, 0, 
929, 1, 875, 949, -1, 103, 68, 107.0, 16, ABalapppap, 0, 0, 0, 0, , 0, 0, 0, 0, 0, 
930, 1, 876, 950, -1, 118, 55, 114.0, 14, ABalappppa, 0, 0, 0, 0, , 0, 0, 0, 0, 0, 
931, 1, 877, 951, -1, 138, 48, 111.0, 12, ABalappppp, 0, 0, 0, 0, , 0, 0, 0, 0, 0, 
932, 1, 878, 952, -1, 107, 136, 76.0, 17, ABalppppaa, 0, 0, 0, 0, , 0, 0, 0, 0, 0, 
933, 1, 879, 953, -1, 92, 53, 146.0, 12, ABpraaaaaa, 0, 0, 0, 0, , 0, 0, 0, 0, 0, 
934, 1, 880, 954, -1, 118, 45, 154.0, 13, ABpraaaaap, 0, 0, 0, 0, , 0, 0, 0, 0, 0, 
935, 1, 881, 955, -1, 109, 51, 168.0, 15, ABpraaaapa, 0, 0, 0, 0, , 0, 0, 0, 0, 0, 
936, 1, 882, 956, -1, 125, 52, 180.0, 14, ABpraaaapp, 0, 0, 0, 0, , 0, 0, 0, 0, 0, 
937, 1, 883, 957, -1, 134, 54, 157.0, 15, ABpraaappa, 0, 0, 0, 0, , 0, 0, 0, 0, 0, 
938, 1, 884, 958, -1, 158, 48, 156.0, 17, ABpraaappp, 0, 0, 0, 0, , 0, 0, 0, 0, 0, 
939, 1, 885, 959, -1, 200, 44, 172.66667, 12, ABpraapppa, 0, 0, 0, 0, , 0, 0, 0, 0, 0, 
940, 1, 886, 960, -1, 218, 50, 181.0, 16, ABpraapppp, 0, 0, 0, 0, , 0, 0, 0, 0, 0, 
941, 1, 887, 961, -1, 182, 42, 162.0, 14, ABpraappap, 0, 0, 0, 0, , 0, 0, 0, 0, 0, 
942, 1, 888, 962, -1, 237, 51, 180.66667, 13, ABprappaaa, 0, 0, 0, 0, , 0, 0, 0, 0, 0, 
943, 1, 889, 963, -1, 262, 66, 186.33333, 15, ABprappaap, 0, 0, 0, 0, , 0, 0, 0, 0, 0, 
944, 1, 890, 964, -1, 292, 70, 175.0, 16, ABprappapp, 0, 0, 0, 0, , 0, 0, 0, 0, 0, 
945, 1, 891, 965, -1, 266, 53, 168.0, 15, ABprappapa, 0, 0, 0, 0, , 0, 0, 0, 0, 0, 
946, 1, 892, 966, -1, 292, 90, 181.0, 11, ABprapppap, 0, 0, 0, 0, , 0, 0, 0, 0, 0, 
947, 1, 893, 967, -1, 274, 76, 187.0, 12, ABprapppaa, 0, 0, 0, 0, , 0, 0, 0, 0, 0, 
948, 1, 894, 968, -1, 209, 44, 135.0, 17, ABprapaaap, 0, 0, 0, 0, , 0, 0, 0, 0, 0, 
949, 1, 895, 969, -1, 188, 46, 144.0, 13, ABprapaaaa, 0, 0, 0, 0, , 0, 0, 0, 0, 0, 
950, 1, 896, 970, -1, 220, 49, 150.0, 13, ABprapaapa, 0, 0, 0, 0, , 0, 0, 0, 0, 0, 
951, 1, 897, 971, -1, 246, 51, 164.0, 15, ABprapaapp, 0, 0, 0, 0, , 0, 0, 0, 0, 0, 
952, 1, 898, 972, -1, 300, 62, 152.0, 15, ABprapapap, 0, 0, 0, 0, , 0, 0, 0, 0, 0, 
953, 1, 899, 973, -1, 274, 49, 152.0, 15, ABprapapaa, 0, 0, 0, 0, , 0, 0, 0, 0, 0, 
954, 1, 900, 974, -1, 315, 84, 172.0, 12, ABprapappp, 0, 0, 0, 0, , 0, 0, 0, 0, 0, 
955, 1, 901, 975, -1, 312, 73, 149.0, 14, ABprapappa, 0, 0, 0, 0, , 0, 0, 0, 0, 0, 
956, 1, 902, 976, -1, 169, 171, 120.0, 15, ABplppaaa, 0, 0, 0, 0, , 0, 0, 0, 0, 0, 
957, 1, 903, 977, -1, 190, 177, 142.0, 15, ABplppaapa, 0, 0, 0, 0, , 0, 0, 0, 0, 0, 
958, 1, 904, 978, -1, 214, 179, 149.0, 14, ABplppaapp, 0, 0, 0, 0, , 0, 0, 0, 0, 0, 
959, 1, 905, 979, -1, 191, 177, 121.0, 12, ABplppapaa, 0, 0, 0, 0, , 0, 0, 0, 0, 0, 
960, 1, 906, 980, -1, 214, 180, 123.0, 13, ABplppapap, 0, 0, 0, 0, , 0, 0, 0, 0, 0, 
961, 1, 907, 981, -1, 227, 178, 116.0, 13, ABplppappa, 0, 0, 0, 0, , 0, 0, 0, 0, 0, 
962, 1, 908, 982, -1, 257, 172, 133.0, 15, ABplppappp, 0, 0, 0, 0, , 0, 0, 0, 0, 0, 
963, 1, 909, 983, -1, 231, 179, 139.0, 15, ABplpppaaa, 0, 0, 0, 0, , 0, 0, 0, 0, 0, 
964, 1, 910, 984, -1, 252, 177, 152.0, 15, ABplpppaap, 0, 0, 0, 0, , 0, 0, 0, 0, 0, 
965, 1, 911, 985, -1, 267, 167, 154.0, 15, ABplpppapa, 0, 0, 0, 0, , 0, 0, 0, 0, 0, 
966, 1, 912, 986, -1, 279, 152, 165.0, 13, ABplpppapp, 0, 0, 0, 0, , 0, 0, 0, 0, 0, 
967, 1, 913, 987, -1, 221, 175, 170.0, 14, ABplppppaa, 0, 0, 0, 0, , 0, 0, 0, 0, 0, 
968, 1, 914, 988, -1, 240, 164, 170.0, 14, ABplppppap, 0, 0, 0, 0, , 0, 0, 0, 0, 0, 
969, 1, 915, 989, -1, 228, 146, 177.0, 15, ABplpppppa, 0, 0, 0, 0, , 0, 0, 0, 0, 0, 
970, 1, 916, 990, -1, 262, 147, 173.0, 15, ABplpppppp, 0, 0, 0, 0, , 0, 0, 0, 0, 0, 
971, 1, 917, 991, -1, 200, 171, 170.0, 15, ABplpapapp, 0, 0, 0, 0, , 0, 0, 0, 0, 0, 
972, 1, 918, 992, -1, 115, 166, 119.0, 17, ABplpaaaaa, 0, 0, 0, 0, , 0, 0, 0, 0, 0, 
973, 1, 919, 993, -1, 132, 169, 121.14286, 16, ABplpaaaap, 0, 0, 0, 0, , 0, 0, 0, 0, 0, 
974, 1, 920, 994, -1, 152, 173, 106.0, 15, ABplpaaapp, 0, 0, 0, 0, , 0, 0, 0, 0, 0, 
975, 1, 921, 995, -1, 146, 180, 125.0, 16, ABplpaaapa, 0, 0, 0, 0, , 0, 0, 0, 0, 0, 
976, 1, 922, 996, -1, 122, 166, 97.0, 16, ABplpaapaa, 0, 0, 0, 0, , 0, 0, 0, 0, 0, 
977, 1, 923, 997, -1, 147, 169, 89.0, 17, ABplpaapap, 0, 0, 0, 0, , 0, 0, 0, 0, 0, 
978, 1, 924, 998, -1, 162, 170, 91.0, 15, ABplpaappa, 0, 0, 0, 0, , 0, 0, 0, 0, 0, 
979, 1, 925, 999, -1, 184, 176, 102.0, 14, ABplpaappp, 0, 0, 0, 0, , 0, 0, 0, 0, 0, 
980, 1, 926, 1000, -1, 149, 167, 141.0, 15, ABplpapaaa, 0, 0, 0, 0, , 0, 0, 0, 0, 0, 
981, 1, 927, 1001, -1, 172, 177, 144.0, 15, ABplpapaap, 0, 0, 0, 0, , 0, 0, 0, 0, 0, 
982, 1, 928, 1002, -1, 177, 174, 165.0, 16, ABplpapapa, 0, 0, 0, 0, , 0, 0, 0, 0, 0, 
983, 1, 929, 1003, -1, 170, 159, 183.0, 17, ABplpappaa, 0, 0, 0, 0, , 0, 0, 0, 0, 0, 
984, 1, 930, 1004, -1, 192, 147, 183.0, 14, ABplpappap, 0, 0, 0, 0, , 0, 0, 0, 0, 0, 
985, 1, 931, 1005, -1, 205, 155, 188.0, 15, ABplpapppa, 0, 0, 0, 0, , 0, 0, 0, 0, 0, 
986, 1, 932, 1006, -1, 229, 162, 185.0, 15, ABplpapppp, 0, 0, 0, 0, , 0, 0, 0, 0, 0, 
987, 1, 933, 1007, -1, 107, 41, 113.0, 13, ABpraapaaa, 0, 0, 0, 0, , 0, 0, 0, 0, 0, 
988, 1, 934, 1008, -1, 148, 29, 140.0, 14, ABpraapapa, 0, 0, 0, 0, , 0, 0, 0, 0, 0, 
989, 1, 935, 1009, -1, 168, 33, 137.0, 14, ABpraapapp, 0, 0, 0, 0, , 0, 0, 0, 0, 0, 
990, 1, 936, 1010, -1, 113, 72, 185.28572, 14, ABprpaaaaa, 0, 0, 0, 0, , 0, 0, 0, 0, 0, 
991, 1, 937, 1011, -1, 132, 68, 194.0, 14, ABprpaaaap, 0, 0, 0, 0, , 0, 0, 0, 0, 0, 
992, 1, 938, 1012, -1, 144, 62, 190.0, 13, ABprpaaapa, 0, 0, 0, 0, , 0, 0, 0, 0, 0, 
993, 1, 939, 1013, -1, 164, 62, 196.42857, 15, ABprpaaapp, 0, 0, 0, 0, , 0, 0, 0, 0, 0, 
994, 1, 940, 1014, -1, 140, 45, 176.6, 15, ABprpaapaa, 0, 0, 0, 0, , 0, 0, 0, 0, 0, 
995, 1, 941, 1015, -1, 162, 48, 180.33333, 13, ABprpaapap, 0, 0, 0, 0, , 0, 0, 0, 0, 0, 
996, 1, 942, 1016, -1, 179, 49, 185.0, 15, ABprpaappa, 0, 0, 0, 0, , 0, 0, 0, 0, 0, 
997, 1, 943, 1017, -1, 193, 59, 194.75, 15, ABprpaappp, 0, 0, 0, 0, , 0, 0, 0, 0, 0, 
998, 1, 944, 1018, -1, 199, 112, 207.27272, 15, ABprpapapa, 0, 0, 0, 0, , 0, 0, 0, 0, 0, 
999, 1, 945, 1019, -1, 166, 97, 199.0, 15, ABprpapaaa, 0, 0, 0, 0, , 0, 0, 0, 0, 0, 
1000, 1, 946, 1020, -1, 194, 111, 191.42857, 15, ABprpapaap, 0, 0, 0, 0, , 0, 0, 0, 0, 0, 
1001, 1, 947, 1021, -1, 218, 115, 210.0, 14, ABprpapapp, 0, 0, 0, 0, , 0, 0, 0, 0, 0, 
1002, 1, 948, 1022, -1, 177, 124, 207.0, 15, ABprpappaa, 0, 0, 0, 0, , 0, 0, 0, 0, 0, 
1003, 1, 949, 1023, -1, 202, 134, 192.0, 15, ABprpappap, 0, 0, 0, 0, , 0, 0, 0, 0, 0, 
1004, 1, 950, 1024, -1, 223, 136, 203.0, 15, ABprpapppa, 0, 0, 0, 0, , 0, 0, 0, 0, 0, 
1005, 1, 951, 1025, -1, 247, 137, 188.0, 14, ABprpapppp, 0, 0, 0, 0, , 0, 0, 0, 0, 0, 
1006, 1, 952, 1026, -1, 172, 82, 199.0, 14, ABprppaaaa, 0, 0, 0, 0, , 0, 0, 0, 0, 0, 
1007, 1, 953, 1027, -1, 193, 74, 189.0, 12, ABprppaaap, 0, 0, 0, 0, , 0, 0, 0, 0, 0, 
1008, 1, 954, 1028, -1, 193, 87, 197.0, 13, ABprppaapa, 0, 0, 0, 0, , 0, 0, 0, 0, 0, 
1009, 1, 955, 1029, -1, 222, 88, 206.0, 15, ABprppaapp, 0, 0, 0, 0, , 0, 0, 0, 0, 0, 
1010, 1, 956, 1030, -1, 205, 72, 197.0, 12, ABprppapaa, 0, 0, 0, 0, , 0, 0, 0, 0, 0, 
1011, 1, 957, 1031, -1, 227, 70, 204.0, 13, ABprppapap, 0, 0, 0, 0, , 0, 0, 0, 0, 0, 
1012, 1, 958, 1032, -1, 237, 70, 190.0, 14, ABprppappa, 0, 0, 0, 0, , 0, 0, 0, 0, 0, 
1013, 1, 959, 1033, -1, 257, 87, 192.0, 14, ABprppappp, 0, 0, 0, 0, , 0, 0, 0, 0, 0, 
1014, 1, 960, 1034, -1, 240, 90, 206.0, 12, ABprpppaaa, 0, 0, 0, 0, , 0, 0, 0, 0, 0, 
1015, 1, 961, 1035, -1, 263, 102, 202.0, 12, ABprpppaap, 0, 0, 0, 0, , 0, 0, 0, 0, 0, 
1016, 1, 962, 1036, -1, 281, 108, 195.0, 12, ABprpppapa, 0, 0, 0, 0, , 0, 0, 0, 0, 0, 
1017, 1, 963, 1037, -1, 293, 123, 182.0, 12, ABprpppapp, 0, 0, 0, 0, , 0, 0, 0, 0, 0, 
1018, 1, 964, 1038, -1, 232, 106, 206.0, 15, ABprppppaa, 0, 0, 0, 0, , 0, 0, 0, 0, 0, 
1019, 1, 965, 1039, -1, 251, 116, 196.0, 14, ABprppppap, 0, 0, 0, 0, , 0, 0, 0, 0, 0, 
1020, 1, 966, 1040, -1, 266, 130, 193.0, 15, ABprpppppa, 0, 0, 0, 0, , 0, 0, 0, 0, 0, 
1021, 1, 967, 1041, -1, 281, 134, 175.5, 15, ABprpppppp, 0, 0, 0, 0, , 0, 0, 0, 0, 0, 
1022, 1, 968, 1042, -1, 62, 112, 131.0, 10, MSaaaaaa, 0, 0, 0, 0, , 0, 0, 0, 0, 0, 
1023, 1, 969, 1043, -1, 90, 102, 113.0, 15, MSaaaaap, 0, 0, 0, 0, , 0, 0, 0, 0, 0, 
1024, 1, 970, 1044, -1, 136, 81, 104.0, 11, MSaaaapp, 0, 0, 0, 0, , 0, 0, 0, 0, 0, 
1025, 1, 971, 1045, -1, 102, 90, 104.0, 13, MSaaaapa, 0, 0, 0, 0, , 0, 0, 0, 0, 0, 
1026, 1, 972, 1046, -1, 142, 104, 127.0, 13, MSaaapp, 0, 0, 0, 0, , 0, 0, 0, 0, 0, 
1027, 1, 973, 1047, -1, 131, 103, 109.333336, 13, MSaaapap, 0, 0, 0, 0, , 0, 0, 0, 0, 0, 
1028, 1, 974, 1048, -1, 99, 119, 127.0, 15, MSaaapaa, 0, 0, 0, 0, , 0, 0, 0, 0, 0, 
1029, 1, 975, 1049, -1, 169, 139, 160.0, 14, MSaapap, 0, 0, 0, 0, , 0, 0, 0, 0, 0, 
1030, 1, 976, 1050, -1, 142, 135, 155.5, 14, MSaapaaa, 0, 0, 0, 0, , 0, 0, 0, 0, 0, 
1031, 1, 977, 1051, -1, 155, 117, 129.0, 12, MSaapaap, 0, 0, 0, 0, , 0, 0, 0, 0, 0, 
1032, 1, 978, 1052, -1, 203, 153, 148.0, 14, MSaappp, 0, 0, 0, 0, , 0, 0, 0, 0, 0, 
1033, 1, 979, 1053, -1, 223, 75, 122.0, 17, Epra, 0, 0, 0, 0, , 0, 0, 0, 0, 0, 
1034, 1, 981, 1151, -1, 159, 76, 117.0, 15, Earaa, 0, 0, 0, 0, , 0, 0, 0, 0, 0, 
1035, 1, 981, 1054, -1, 180, 77, 120.0, 15, Earap, 0, 0, 0, 0, , 0, 0, 0, 0, 0, 
1036, 1, 982, 1055, -1, 196, 91, 143.0, 17, Earp, 0, 0, 0, 0, , 0, 0, 0, 0, 0, 
1037, 1, 983, 1172, -1, 212, 103, 99.0, 14, Eplaa, 0, 0, 0, 0, , 0, 0, 0, 0, 0, 
1038, 1, 983, 1056, -1, 243, 106, 101.0, 15, Eplap, 0, 0, 0, 0, , 0, 0, 0, 0, 0, 
1039, 1, 984, 1057, -1, 275, 109, 117.0, 19, Eplp, 0, 0, 0, 0, , 0, 0, 0, 0, 0, 
1040, 1, 985, 1058, -1, 307, 115, 86.0, 17, Caaapa, 0, 0, 0, 0, , 0, 0, 0, 0, 0, 
1041, 1, 986, 1059, -1, 329, 134, 146.0, 15, Caapa, 0, 0, 0, 0, , 0, 0, 0, 0, 0, 
1042, 1, 987, 1060, -1, 314, 138, 157.0, 17, Caapp, 0, 0, 0, 0, , 0, 0, 0, 0, 0, 
1043, 1, 988, 1061, -1, 244, 145, 159.0, 17, Capaa, 0, 0, 0, 0, , 0, 0, 0, 0, 0, 
1044, 1, 989, 1062, -1, 263, 140, 142.0, 17, Capap, 0, 0, 0, 0, , 0, 0, 0, 0, 0, 
1045, 1, 990, 1063, -1, 267, 135, 123.0, 17, Cappa, 0, 0, 0, 0, , 0, 0, 0, 0, 0, 
1046, 1, 991, 1064, -1, 288, 136, 139.0, 17, Cappp, 0, 0, 0, 0, , 0, 0, 0, 0, 0, 
1047, 1, 992, 1065, -1, 244, 113, 180.0, 15, Cppaa, 0, 0, 0, 0, , 0, 0, 0, 0, 0, 
1048, 1, 993, 1066, -1, 269, 116, 177.0, 15, Cppap, 0, 0, 0, 0, , 0, 0, 0, 0, 0, 
1049, 1, 994, 1067, -1, 277, 83, 155.0, 17, Cpppa, 0, 0, 0, 0, , 0, 0, 0, 0, 0, 
1050, 1, 995, 1068, -1, 290, 114, 160.0, 17, Cpppp, 0, 0, 0, 0, , 0, 0, 0, 0, 0, 
1051, 1, 996, 1069, -1, 234, 103, 135.0, 18, Z2, 0, 0, 0, 0, , 0, 0, 0, 0, 0, 
1052, 1, 997, 1070, -1, 208, 125, 154.0, 16, Z3, 0, 0, 0, 0, , 0, 0, 0, 0, 0, 
1053, 1, 998, 1071, -1, 97, 83, 73.0, 14, ABarpaaaap, 0, 0, 0, 0, , 0, 0, 0, 0, 0, 
1054, 1, 999, 1072, -1, 87, 73, 99.0, 14, ABarpaaaaa, 0, 0, 0, 0, , 0, 0, 0, 0, 0, 
1055, 1, 1000, 1073, -1, 116, 77, 86.0, 16, ABarpaaap, 0, 0, 0, 0, , 0, 0, 0, 0, 0, 
1056, 1, 1001, 1074, -1, 137, 72, 87.0, 15, ABarpaapaa, 0, 0, 0, 0, , 0, 0, 0, 0, 0, 
1057, 1, 1002, 1075, -1, 170, 72, 73.0, 15, ABarpaapap, 0, 0, 0, 0, , 0, 0, 0, 0, 0, 
1058, 1, 1003, 1076, -1, 187, 61, 83.0, 14, ABarpaappa, 0, 0, 0, 0, , 0, 0, 0, 0, 0, 
1059, 1, 1004, 1077, -1, 207, 73, 86.0, 15, ABarpaappp, 0, 0, 0, 0, , 0, 0, 0, 0, 0, 
1060, 1, 1005, 1078, -1, 96, 59, 89.0, 15, ABarpapaaa, 0, 0, 0, 0, , 0, 0, 0, 0, 0, 
1061, 1, 1006, 1079, -1, 124, 50, 94.0, 15, ABarpapaap, 0, 0, 0, 0, , 0, 0, 0, 0, 0, 
1062, 1, 1007, 1080, -1, 141, 55, 89.0, 15, ABarpapapa, 0, 0, 0, 0, , 0, 0, 0, 0, 0, 
1063, 1, 1008, 1081, -1, 165, 47, 91.0, 15, ABarpapapp, 0, 0, 0, 0, , 0, 0, 0, 0, 0, 
1064, 1, 1009, 1082, -1, 141, 34, 103.0, 14, ABarpappaa, 0, 0, 0, 0, , 0, 0, 0, 0, 0, 
1065, 1, 1010, 1083, -1, 164, 31, 115.0, 14, ABarpappap, 0, 0, 0, 0, , 0, 0, 0, 0, 0, 
1066, 1, 1011, 1084, -1, 220, 56, 91.0, 15, ABarpppapa, 0, 0, 0, 0, , 0, 0, 0, 0, 0, 
1067, 1, 1012, 1085, -1, 245, 50, 116.0, 15, ABarpppapp, 0, 0, 0, 0, , 0, 0, 0, 0, 0, 
1068, 1, 1013, 1086, -1, 227, 85, 69.0, 16, ABarppaapa, 0, 0, 0, 0, , 0, 0, 0, 0, 0, 
1069, 1, 1014, 1087, -1, 245, 117, 65.0, 16, ABarppaapp, 0, 0, 0, 0, , 0, 0, 0, 0, 0, 
1070, 1, 1015, 1088, -1, 189, 91, 64.0, 15, ABarppaaaa, 0, 0, 0, 0, , 0, 0, 0, 0, 0, 
1071, 1, 1016, 1089, -1, 214, 104, 67.0, 14, ABarppaaap, 0, 0, 0, 0, , 0, 0, 0, 0, 0, 
1072, 1, 1017, 1090, -1, 221, 130, 72.0, 17, ABarppapaa, 0, 0, 0, 0, , 0, 0, 0, 0, 0, 
1073, 1, 1018, 1091, -1, 252, 134, 80.0, 18, ABarppapap, 0, 0, 0, 0, , 0, 0, 0, 0, 0, 
1074, 1, 1019, 1092, -1, 268, 120, 77.0, 17, ABarppappa, 0, 0, 0, 0, , 0, 0, 0, 0, 0, 
1075, 1, 1020, 1093, -1, 293, 129, 97.0, 17, ABarppappp, 0, 0, 0, 0, , 0, 0, 0, 0, 0, 
1076, 1, 1021, 1094, -1, 185, 40, 98.0, 16, ABarpppaaa, 0, 0, 0, 0, , 0, 0, 0, 0, 0, 
1077, 1, 1022, 1095, -1, 213, 39, 118.0, 16, ABarpppaap, 0, 0, 0, 0, , 0, 0, 0, 0, 0, 
1078, 1, 1023, 1096, -1, 163, 48, 121.0, 13, ABarpapppa, 0, 0, 0, 0, , 0, 0, 0, 0, 0, 
1079, 1, 1024, 1097, -1, 190, 45, 121.0, 14, ABarpapppp, 0, 0, 0, 0, , 0, 0, 0, 0, 0, 
1080, 1, 1025, 1098, -1, 226, 40, 127.0, 14, ABarppppaa, 0, 0, 0, 0, , 0, 0, 0, 0, 0, 
1081, 1, 1026, 1099, -1, 253, 46, 144.0, 15, ABarppppap, 0, 0, 0, 0, , 0, 0, 0, 0, 0, 
1082, 1, 1027, 1100, -1, 266, 49, 130.0, 14, ABarpppppa, 0, 0, 0, 0, , 0, 0, 0, 0, 0, 
1083, 1, 1028, 1101, -1, 295, 68, 131.0, 15, ABarpppppp, 0, 0, 0, 0, , 0, 0, 0, 0, 0, 
1084, 1, 1029, 1102, -1, 87, 94, 66.0, 17, ABplaaaaaa, 0, 0, 0, 0, , 0, 0, 0, 0, 0, 
1085, 1, 1030, 1103, -1, 111, 98, 60.0, 17, ABplaaaaap, 0, 0, 0, 0, , 0, 0, 0, 0, 0, 
1086, 1, 1031, 1104, -1, 128, 90, 72.0, 15, ABplaaaapa, 0, 0, 0, 0, , 0, 0, 0, 0, 0, 
1087, 1, 1032, 1105, -1, 151, 85, 64.0, 16, ABplaaaapp, 0, 0, 0, 0, , 0, 0, 0, 0, 0, 
1088, 1, 1034, 1131, -1, 278, 166, 127.0, 17, ABplapppap, 0, 0, 0, 0, , 0, 0, 0, 0, 0, 
1089, 1, 1036, 1106, -1, 129, 102, 53.0, 17, ABplaaapaa, 0, 0, 0, 0, , 0, 0, 0, 0, 0, 
1090, 1, 1037, 1107, -1, 166, 104, 54.0, 17, ABplaaapap, 0, 0, 0, 0, , 0, 0, 0, 0, 0, 
1091, 1, 1038, 1108, -1, 181, 106, 62.0, 15, ABplaaappa, 0, 0, 0, 0, , 0, 0, 0, 0, 0, 
1092, 1, 1039, 1109, -1, 199, 116, 81.0, 16, ABplaaappp, 0, 0, 0, 0, , 0, 0, 0, 0, 0, 
1093, 1, 1040, 1110, -1, 93, 118, 59.0, 15, ABplaapaaa, 0, 0, 0, 0, , 0, 0, 0, 0, 0, 
1094, 1, 1041, 1111, -1, 117, 118, 55.0, 16, ABplaapaap, 0, 0, 0, 0, , 0, 0, 0, 0, 0, 
1095, 1, 1042, 1112, -1, 132, 125, 51.0, 17, ABplaapapa, 0, 0, 0, 0, , 0, 0, 0, 0, 0, 
1096, 1, 1043, 1113, -1, 151, 122, 60.0, 17, ABplaapapp, 0, 0, 0, 0, , 0, 0, 0, 0, 0, 
1097, 1, 1044, 1114, -1, 138, 152, 59.0, 17, ABplaappaa, 0, 0, 0, 0, , 0, 0, 0, 0, 0, 
1098, 1, 1045, 1115, -1, 165, 151, 64.0, 17, ABplaappap, 0, 0, 0, 0, , 0, 0, 0, 0, 0, 
1099, 1, 1046, 1116, -1, 178, 157, 80.0, 17, ABplaapppa, 0, 0, 0, 0, , 0, 0, 0, 0, 0, 
1100, 1, 1047, 1117, -1, 199, 165, 89.0, 17, ABplaapppp, 0, 0, 0, 0, , 0, 0, 0, 0, 0, 
1101, 1, 1048, 1118, -1, 170, 125, 78.0, 17, ABplapaaaa, 0, 0, 0, 0, , 0, 0, 0, 0, 0, 
1102, 1, 1049, 1119, -1, 191, 142, 71.0, 17, ABplapaaap, 0, 0, 0, 0, , 0, 0, 0, 0, 0, 
1103, 1, 1050, 1120, -1, 207, 143, 69.0, 17, ABplapaapa, 0, 0, 0, 0, , 0, 0, 0, 0, 0, 
1104, 1, 1051, 1121, -1, 228, 151, 73.0, 17, ABplapaapp, 0, 0, 0, 0, , 0, 0, 0, 0, 0, 
1105, 1, 1052, 1122, -1, 267, 144, 79.0, 14, ABplapapaa, 0, 0, 0, 0, , 0, 0, 0, 0, 0, 
1106, 1, 1053, 1123, -1, 292, 148, 96.0, 16, ABplapapap, 0, 0, 0, 0, , 0, 0, 0, 0, 0, 
1107, 1, 1054, 1124, -1, 297, 153, 111.0, 17, ABplapappa, 0, 0, 0, 0, , 0, 0, 0, 0, 0, 
1108, 1, 1055, 1125, -1, 309, 152, 131.0, 17, ABplapappp, 0, 0, 0, 0, , 0, 0, 0, 0, 0, 
1109, 1, 1056, 1126, -1, 218, 168, 93.0, 18, ABplappaaa, 0, 0, 0, 0, , 0, 0, 0, 0, 0, 
1110, 1, 1057, 1127, -1, 246, 169, 103.0, 15, ABplappaap, 0, 0, 0, 0, , 0, 0, 0, 0, 0, 
1111, 1, 1058, 1128, -1, 247, 160, 81.0, 15, ABplappapa, 0, 0, 0, 0, , 0, 0, 0, 0, 0, 
1112, 1, 1059, 1129, -1, 271, 161, 102.0, 14, ABplappapp, 0, 0, 0, 0, , 0, 0, 0, 0, 0, 
1113, 1, 1033, 1130, -1, 251, 164, 117.0, 17, ABplapppaa, 0, 0, 0, 0, , 0, 0, 0, 0, 0, 
1114, 1, 1035, 1132, -1, 290, 166, 128.0, 16, ABplappppa, 0, 0, 0, 0, , 0, 0, 0, 0, 0, 
1115, 1, 1060, 1134, -1, 295, 152, 154.0, 15, ABplappppp, 0, 0, 0, 0, , 0, 0, 0, 0, 0, 
1116, 1, 1061, 1135, -1, 195, 145, 166.0, 16, MSaappa, 0, 0, 0, 0, , 0, 0, 0, 0, 0, 
1117, 1, 1062, 1136, -1, 90, 142, 120.0, 16, MSapaaa, 0, 0, 0, 0, , 0, 0, 0, 0, 0, 
1118, 1, 1063, 1137, -1, 119, 146, 122.0, 16, MSapaap, 0, 0, 0, 0, , 0, 0, 0, 0, 0, 
1119, 1, 1064, 1138, -1, 133, 138, 104.0, 16, MSapapa, 0, 0, 0, 0, , 0, 0, 0, 0, 0, 
1120, 1, 1065, 1139, -1, 153, 131, 98.0, 16, MSapapp, 0, 0, 0, 0, , 0, 0, 0, 0, 0, 
1121, 1, 1066, 1140, -1, 155, 145, 132.0, 16, MSappaa, 0, 0, 0, 0, , 0, 0, 0, 0, 0, 
1122, 1, 1067, 1141, -1, 183, 151, 133.0, 15, MSappap, 0, 0, 0, 0, , 0, 0, 0, 0, 0, 
1123, 1, 1068, 1142, -1, 161, 151, 112.0, 14, MSapppa, 0, 0, 0, 0, , 0, 0, 0, 0, 0, 
1124, 1, 1069, 1143, -1, 197, 140, 98.0, 14, MSapppp, 0, 0, 0, 0, , 0, 0, 0, 0, 0, 
1125, 1, 1070, 1144, -1, 77, 92, 141.0, 15, MSpaaaaa, 0, 0, 0, 0, , 0, 0, 0, 0, 0, 
1126, 1, 1071, 1145, -1, 107, 89, 135.0, 15, MSpaaaap, 0, 0, 0, 0, , 0, 0, 0, 0, 0, 
1127, 1, 1072, 1146, -1, 112, 75, 124.0, 13, MSpaaapa, 0, 0, 0, 0, , 0, 0, 0, 0, 0, 
1128, 1, 1073, 1147, -1, 145, 65, 124.0, 15, MSpaaapp, 0, 0, 0, 0, , 0, 0, 0, 0, 0, 
1129, 1, 1074, 1149, -1, 123, 90, 140.0, 15, MSpaapaa, 0, 0, 0, 0, , 0, 0, 0, 0, 0, 
1130, 1, 1074, 1148, -1, 137, 84, 140.0, 15, MSpaapap, 0, 0, 0, 0, , 0, 0, 0, 0, 0, 
1131, 1, 1075, 1150, -1, 162, 90, 116.0, 15, MSpaapp, 0, 0, 0, 0, , 0, 0, 0, 0, 0, 
1132, 1, 1076, 1152, -1, 150, 122, 164.0, 14, MSpapaaa, 0, 0, 0, 0, , 0, 0, 0, 0, 0, 
1133, 1, 1077, 1153, -1, 182, 111, 145.0, 14, MSpapaap, 0, 0, 0, 0, , 0, 0, 0, 0, 0, 
1134, 1, 1078, 1154, 1155, 183, 118, 169.0, 16, MSpapap, 0, 0, 0, 0, , 0, 0, 0, 0, 0, 
1135, 1, 1079, 1156, -1, 213, 134, 171.0, 14, MSpappa, 0, 0, 0, 0, , 0, 0, 0, 0, 0, 
1136, 1, 1080, 1157, -1, 222, 123, 184.0, 16, MSpappp, 0, 0, 0, 0, , 0, 0, 0, 0, 0, 
1137, 1, 1081, 1158, -1, 136, 86, 176.0, 14, MSppaap, 0, 0, 0, 0, , 0, 0, 0, 0, 0, 
1138, 1, 1082, 1159, -1, 105, 86, 164.0, 14, MSppaaa, 0, 0, 0, 0, , 0, 0, 0, 0, 0, 
1139, 1, 1083, 1160, -1, 135, 70, 166.0, 14, MSppapa, 0, 0, 0, 0, , 0, 0, 0, 0, 0, 
1140, 1, 1084, 1161, -1, 164, 64, 147.0, 15, MSppapp, 0, 0, 0, 0, , 0, 0, 0, 0, 0, 
1141, 1, 1085, 1162, -1, 165, 95, 173.0, 14, MSpppaa, 0, 0, 0, 0, , 0, 0, 0, 0, 0, 
1142, 1, 1086, 1163, -1, 188, 88, 178.0, 16, MSpppap, 0, 0, 0, 0, , 0, 0, 0, 0, 0, 
1143, 1, 1087, 1164, -1, 173, 71, 171.0, 14, MSppppa, 0, 0, 0, 0, , 0, 0, 0, 0, 0, 
1144, 1, 1088, 1165, -1, 195, 66, 162.0, 15, MSppppp, 0, 0, 0, 0, , 0, 0, 0, 0, 0, 
1145, 1, 1089, 1166, -1, 150, 102, 99.0, 17, Ealaa, 0, 0, 0, 0, , 0, 0, 0, 0, 0, 
1146, 1, 1090, 1167, -1, 188, 105, 98.0, 16, Ealap, 0, 0, 0, 0, , 0, 0, 0, 0, 0, 
1147, 1, 1091, 1168, -1, 105, 67, 149.0, 17, ABpraaapaa, 0, 0, 0, 0, , 0, 0, 0, 0, 0, 
1148, 1, 1092, 1169, -1, 122, 49, 137.0, 14, ABpraaapap, 0, 0, 0, 0, , 0, 0, 0, 0, 0, 
1149, 1, 980, 1170, -1, 171, 127, 119.0, 15, Ealpa, 0, 0, 0, 0, , 0, 0, 0, 0, 0, 
1150, 1, 1093, 1171, -1, 207, 122, 116.0, 15, Ealpp, 0, 0, 0, 0, , 0, 0, 0, 0, 0, 
1151, 1, 1094, 1173, -1, 257, 95, 77.0, 15, Caaaaa, 0, 0, 0, 0, , 0, 0, 0, 0, 0, 
1152, 1, 1095, 1174, -1, 288, 101, 87.0, 16, Caaaap, 0, 0, 0, 0, , 0, 0, 0, 0, 0, 
1153, 1, 1096, 1175, -1, 311, 124, 122.0, 17, Caaapp, 0, 0, 0, 0, , 0, 0, 0, 0, 0, 
1154, 1, 1097, 1176, -1, 240, 70, 82.0, 17, Cpaaaa, 0, 0, 0, 0, , 0, 0, 0, 0, 0, 
1155, 1, 1098, 1177, -1, 271, 66, 104.0, 19, Cpaaap, 0, 0, 0, 0, , 0, 0, 0, 0, 0, 
1156, 1, 1099, 1178, -1, 292, 72, 104.0, 17, Cpaapa, 0, 0, 0, 0, , 0, 0, 0, 0, 0, 
1157, 1, 1100, 1179, -1, 313, 96, 122.0, 17, Cpaapp, 0, 0, 0, 0, , 0, 0, 0, 0, 0, 
1158, 1, 1101, 1180, -1, 318, 123, 138.0, 15, Cpapaa, 0, 0, 0, 0, , 0, 0, 0, 0, 0, 
1159, 1, 1102, 1181, -1, 323, 91, 150.0, 15, Cpapap, 0, 0, 0, 0, , 0, 0, 0, 0, 0, 
1160, 1, 1103, 1182, -1, 325, 107, 158.0, 15, Cpappd, 0, 0, 0, 0, , 0, 0, 0, 0, 0, 
1161, 1, 1104, 1183, -1, 307, 129, 174.0, 15, Cpappv, 0, 0, 0, 0, , 0, 0, 0, 0, 0, 
1162, 1, 1105, 1184, -1, 200, 149, 116.0, 16, Daaa, 0, 0, 0, 0, , 0, 0, 0, 0, 0, 
1163, 1, 1106, 1185, -1, 220, 150, 142.0, 14, Daap, 0, 0, 0, 0, , 0, 0, 0, 0, 0, 
1164, 1, 1107, 1186, -1, 224, 143, 111.0, 16, Dapa, 0, 0, 0, 0, , 0, 0, 0, 0, 0, 
1165, 1, 1108, 1187, -1, 243, 135, 128.0, 16, Dapp, 0, 0, 0, 0, , 0, 0, 0, 0, 0, 
1166, 1, 1109, 1188, -1, 206, 85, 176.0, 16, Dpaa, 0, 0, 0, 0, , 0, 0, 0, 0, 0, 
1167, 1, 1110, 1189, -1, 224, 101, 176.0, 16, Dpap, 0, 0, 0, 0, , 0, 0, 0, 0, 0, 
1168, 1, 1111, 1190, -1, 231, 81, 168.0, 16, Dppa, 0, 0, 0, 0, , 0, 0, 0, 0, 0, 
1169, 1, 1112, 1191, -1, 254, 91, 155.0, 16, Dppp, 0, 0, 0, 0, , 0, 0, 0, 0, 0, 
1170, 1, 1113, 1192, -1, 134, 36, 129.0, 14, ABpraapaap, 0, 0, 0, 0, , 0, 0, 0, 0, 0, 
1171, 1, 1114, 1193, -1, 120, 152, 75.0, 12, ABalpppapp, 0, 0, 0, 0, , 0, 0, 0, 0, 0, 
1172, 1, 1115, 1194, 1195, 303, 106, 184.0, 19, ABprapppp, 0, 0, 0, 0, , 0, 0, 0, 0, 0, 
