1, 0, 1, -1, -1, 52, 111, 82.0, 9, , 70, 0, 0, 0, , 0, 0, 0, 0, 0, 
2, 0, 2, -1, -1, 193, 93, 201.0, 9, , 40, 0, 0, 0, , 0, 0, 0, 0, 0, 
3, 0, 3, -1, -1, 184, 57, 195.0, 8, , 39, 0, 0, 0, , 0, 0, 0, 0, 0, 
4, 0, 4, -1, -1, 158, 50, 177.0, 11, , 139, 0, 0, 0, , 0, 0, 0, 0, 0, 
5, 0, 5, -1, -1, 195, 75, 201.0, 7, , 20, 0, 0, 0, , 0, 0, 0, 0, 0, 
6, 0, 6, -1, -1, 131, 107, 209.0, 9, , 95, 0, 0, 0, , 0, 0, 0, 0, 0, 
7, 0, 8, -1, -1, 114, 115, 187.0, 7, , 19, 0, 0, 0, , 0, 0, 0, 0, 0, 
8, 0, 9, -1, -1, 179, 55, 188.0, 7, , 53, 0, 0, 0, , 0, 0, 0, 0, 0, 
9, 0, 11, -1, -1, 312, 85, 178.0, 11, , 91, 0, 0, 0, , 0, 0, 0, 0, 0, 
10, 0, 12, -1, -1, 222, 47, 149.0, 7, , 41, 0, 0, 0, , 0, 0, 0, 0, 0, 
11, 0, 13, -1, -1, 128, 49, 175.0, 8, , 43, 0, 0, 0, , 0, 0, 0, 0, 0, 
12, 0, 14, -1, -1, 144, 115, 186.0, 7, , 29, 0, 0, 0, , 0, 0, 0, 0, 0, 
13, 0, 15, -1, -1, 268, 131, 194.0, 7, , 22, 0, 0, 0, , 0, 0, 0, 0, 0, 
14, 0, 16, -1, -1, 128, 124, 187.0, 9, , 40, 0, 0, 0, , 0, 0, 0, 0, 0, 
15, 0, 17, -1, -1, 137, 46, 178.0, 8, , 50, 0, 0, 0, , 0, 0, 0, 0, 0, 
16, 0, 18, -1, -1, 138, 72, 197.0, 9, , 75, 0, 0, 0, , 0, 0, 0, 0, 0, 
17, 0, 19, -1, -1, 136, 73, 189.0, 7, , 37, 0, 0, 0, , 0, 0, 0, 0, 0, 
18, 0, 20, -1, -1, 151, 82, 196.0, 13, , 135, 0, 0, 0, , 0, 0, 0, 0, 0, 
19, 0, 22, -1, -1, 197, 170, 169.0, 9, , 35, 0, 0, 0, , 0, 0, 0, 0, 0, 
20, 0, 24, -1, -1, 234, 50, 163.0, 8, , 72, 0, 0, 0, , 0, 0, 0, 0, 0, 
21, 0, 25, -1, -1, 106, 103, 162.0, 9, , 49, 0, 0, 0, , 0, 0, 0, 0, 0, 
22, 0, 26, -1, -1, 235, 54, 181.0, 8, , 57, 0, 0, 0, , 0, 0, 0, 0, 0, 
23, 0, 27, -1, -1, 262, 103, 197.0, 8, , 19, 0, 0, 0, , 0, 0, 0, 0, 0, 
24, 0, 28, -1, -1, 133, 86, 209.0, 9, , 54, 0, 0, 0, , 0, 0, 0, 0, 0, 
25, 0, 29, -1, -1, 188, 45, 147.0, 9, , 89, 0, 0, 0, , 0, 0, 0, 0, 0, 
26, 0, 30, -1, -1, 81, 106, 193.0, 9, , 36, 0, 0, 0, , 0, 0, 0, 0, 0, 
27, 0, 32, -1, -1, 135, 88, 205.0, 9, , 59, 0, 0, 0, , 0, 0, 0, 0, 0, 
28, 0, 33, -1, -1, 161, 139, 202.0, 8, , 31, 0, 0, 0, , 0, 0, 0, 0, 0, 
29, 0, 34, -1, -1, 156, 135, 204.0, 9, , 46, 0, 0, 0, , 0, 0, 0, 0, 0, 
30, 0, 35, -1, -1, 135, 125, 183.0, 9, , 83, 0, 0, 0, , 0, 0, 0, 0, 0, 
31, 0, 36, -1, -1, 135, 131, 207.0, 8, , 53, 0, 0, 0, , 0, 0, 0, 0, 0, 
32, 0, 37, -1, -1, 137, 133, 209.0, 11, , 104, 0, 0, 0, , 0, 0, 0, 0, 0, 
33, 0, 38, -1, -1, 134, 32, 125.0, 9, , 29, 0, 0, 0, , 0, 0, 0, 0, 0, 
34, 0, 39, -1, -1, 147, 83, 199.0, 8, , 30, 0, 0, 0, , 0, 0, 0, 0, 0, 
35, 0, 40, -1, -1, 185, 43, 144.0, 7, , 55, 0, 0, 0, , 0, 0, 0, 0, 0, 
36, 0, 41, -1, -1, 154, 32, 155.0, 9, , 51, 0, 0, 0, , 0, 0, 0, 0, 0, 
37, 0, 42, -1, -1, 282, 70, 176.0, 9, , 43, 0, 0, 0, , 0, 0, 0, 0, 0, 
38, 0, 43, -1, -1, 86, 106, 199.0, 11, , 90, 0, 0, 0, , 0, 0, 0, 0, 0, 
39, 0, 44, -1, -1, 82, 105, 195.0, 9, , 43, 0, 0, 0, , 0, 0, 0, 0, 0, 
40, 0, 45, -1, -1, 104, 103, 197.0, 9, , 51, 0, 0, 0, , 0, 0, 0, 0, 0, 
41, 0, 46, -1, -1, 258, 85, 204.0, 8, , 30, 0, 0, 0, , 0, 0, 0, 0, 0, 
42, 0, 47, -1, -1, 147, 94, 209.0, 8, , 23, 0, 0, 0, , 0, 0, 0, 0, 0, 
43, 0, 48, -1, -1, 308, 70, 155.0, 7, , 32, 0, 0, 0, , 0, 0, 0, 0, 0, 
44, 0, 49, -1, -1, 127, 86, 196.0, 9, , 43, 0, 0, 0, , 0, 0, 0, 0, 0, 
45, 0, 50, -1, -1, 95, 170, 106.0, 9, , 95, 0, 0, 0, , 0, 0, 0, 0, 0, 
46, 0, 51, -1, -1, 67, 64, 131.0, 8, , 20, 0, 0, 0, , 0, 0, 0, 0, 0, 
47, 0, 52, -1, -1, 154, 54, 181.0, 8, , 14, 0, 0, 0, , 0, 0, 0, 0, 0, 
48, 0, 53, -1, -1, 136, 93, 187.0, 8, , 32, 0, 0, 0, , 0, 0, 0, 0, 0, 
49, 0, 54, -1, -1, 147, 59, 192.0, 9, , 59, 0, 0, 0, , 0, 0, 0, 0, 0, 
50, 0, 55, -1, -1, 160, 130, 198.0, 11, , 71, 0, 0, 0, , 0, 0, 0, 0, 0, 
51, 0, 56, -1, -1, 137, 71, 201.0, 9, , 43, 0, 0, 0, , 0, 0, 0, 0, 0, 
52, 0, 57, -1, -1, 130, 86, 208.0, 9, , 15, 0, 0, 0, , 0, 0, 0, 0, 0, 
53, 0, 58, -1, -1, 164, 118, 199.0, 7, , 20, 0, 0, 0, , 0, 0, 0, 0, 0, 
54, 0, 59, -1, -1, 263, 131, 190.0, 9, , 61, 0, 0, 0, , 0, 0, 0, 0, 0, 
55, 0, 61, -1, -1, 262, 130, 196.0, 13, , 148, 0, 0, 0, , 0, 0, 0, 0, 0, 
56, 0, 62, -1, -1, 173, 84, 195.0, 7, , 25, 0, 0, 0, , 0, 0, 0, 0, 0, 
57, 0, 63, -1, -1, 215, 114, 206.0, 7, , 20, 0, 0, 0, , 0, 0, 0, 0, 0, 
58, 0, 65, -1, -1, 179, 52, 184.0, 8, , 63, 0, 0, 0, , 0, 0, 0, 0, 0, 
59, 0, 66, -1, -1, 65, 146, 112.0, 9, , 47, 0, 0, 0, , 0, 0, 0, 0, 0, 
60, 0, 67, -1, -1, 111, 164, 122.0, 9, , 55, 0, 0, 0, , 0, 0, 0, 0, 0, 
61, 0, 68, -1, -1, 171, 34, 132.0, 9, , 43, 0, 0, 0, , 0, 0, 0, 0, 0, 
62, 0, 70, -1, -1, 311, 70, 147.0, 11, , 66, 0, 0, 0, , 0, 0, 0, 0, 0, 
63, 0, 71, -1, -1, 258, 72, 185.0, 8, , 12, 0, 0, 0, , 0, 0, 0, 0, 0, 
64, 0, 71, -1, -1, 252, 64, 183.0, 11, , 49, 0, 0, 0, , 0, 0, 0, 0, 0, 
65, 0, 72, -1, -1, 163, 32, 134.0, 7, , 25, 0, 0, 0, , 0, 0, 0, 0, 0, 
66, 0, 73, -1, -1, 260, 51, 160.0, 9, , 39, 0, 0, 0, , 0, 0, 0, 0, 0, 
67, 0, 74, -1, -1, 156, 49, 186.0, 9, , 48, 0, 0, 0, , 0, 0, 0, 0, 0, 
68, 0, 75, -1, -1, 95, 60, 126.0, 9, , 6, 0, 0, 0, , 0, 0, 0, 0, 0, 
69, 0, 76, -1, -1, 99, 41, 125.0, 7, , 18, 0, 0, 0, , 0, 0, 0, 0, 0, 
70, 0, 77, -1, -1, 173, 49, 179.0, 8, , 15, 0, 0, 0, , 0, 0, 0, 0, 0, 
71, 0, 78, -1, -1, 99, 66, 151.0, 7, , 42, 0, 0, 0, , 0, 0, 0, 0, 0, 
72, 0, 79, -1, -1, 138, 56, 157.0, 8, , 19, 0, 0, 0, , 0, 0, 0, 0, 0, 
73, 0, 80, -1, -1, 74, 84, 176.0, 7, , 35, 0, 0, 0, , 0, 0, 0, 0, 0, 
74, 0, 81, -1, -1, 145, 118, 184.0, 11, , 49, 0, 0, 0, , 0, 0, 0, 0, 0, 
75, 0, 82, -1, -1, 87, 99, 192.0, 7, , 25, 0, 0, 0, , 0, 0, 0, 0, 0, 
76, 0, 83, -1, -1, 181, 105, 211.0, 11, , 40, 0, 0, 0, , 0, 0, 0, 0, 0, 
77, 0, 84, -1, -1, 297, 61, 157.0, 9, , 34, 0, 0, 0, , 0, 0, 0, 0, 0, 
78, 0, 85, -1, -1, 295, 64, 156.0, 11, , 130, 0, 0, 0, , 0, 0, 0, 0, 0, 
79, 0, 86, -1, -1, 205, 73, 200.0, 7, , 33, 0, 0, 0, , 0, 0, 0, 0, 0, 
80, 0, 87, -1, -1, 241, 91, 209.0, 9, , 51, 0, 0, 0, , 0, 0, 0, 0, 0, 
81, 0, 88, -1, -1, 142, 164, 140.0, 7, , 25, 0, 0, 0, , 0, 0, 0, 0, 0, 
82, 0, 89, -1, -1, 144, 62, 186.0, 7, , 36, 0, 0, 0, , 0, 0, 0, 0, 0, 
83, 0, 90, -1, -1, 139, 99, 188.0, 9, , 73, 0, 0, 0, , 0, 0, 0, 0, 0, 
84, 0, 91, -1, -1, 275, 131, 175.0, 9, , 61, 0, 0, 0, , 0, 0, 0, 0, 0, 
85, 0, 92, -1, -1, 59, 116, 111.0, 7, , 20, 0, 0, 0, , 0, 0, 0, 0, 0, 
86, 0, 93, -1, -1, 58, 115, 107.0, 9, , 34, 0, 0, 0, , 0, 0, 0, 0, 0, 
87, 1, 96, 77, -1, 151, 32, 158.0, 13, ABpraappaa, 50, 0, 0, 0, , 0, 0, 0, 0, 0, 
88, 0, 97, -1, -1, 242, 50, 162.0, 9, , 117, 0, 0, 0, , 0, 0, 0, 0, 0, 
89, 0, 98, -1, -1, 79, 157, 156.0, 9, , 57, 0, 0, 0, , 0, 0, 0, 0, 0, 
90, 0, 99, -1, -1, 315, 89, 168.0, 7, , 20, 0, 0, 0, , 0, 0, 0, 0, 0, 
91, 0, 100, -1, -1, 73, 85, 173.0, 9, , 60, 0, 0, 0, , 0, 0, 0, 0, 0, 
92, 0, 101, -1, -1, 280, 134, 171.0, 9, , 27, 0, 0, 0, , 0, 0, 0, 0, 0, 
93, 0, 102, -1, -1, 155, 48, 182.0, 7, , 27, 0, 0, 0, , 0, 0, 0, 0, 0, 
94, 0, 103, -1, -1, 251, 110, 199.0, 7, , 7, 0, 0, 0, , 0, 0, 0, 0, 0, 
95, 0, 104, -1, -1, 163, 138, 198.0, 9, , 81, 0, 0, 0, , 0, 0, 0, 0, 0, 
96, 0, 105, -1, -1, 130, 99, 188.0, 9, , 32, 0, 0, 0, , 0, 0, 0, 0, 0, 
97, 0, 106, -1, -1, 202, 79, 195.0, 9, , 41, 0, 0, 0, , 0, 0, 0, 0, 0, 
98, 0, 107, -1, -1, 238, 90, 210.0, 9, , 38, 0, 0, 0, , 0, 0, 0, 0, 0, 
99, 0, 108, -1, -1, 102, 126, 186.0, 11, , 148, 0, 0, 0, , 0, 0, 0, 0, 0, 
100, 0, 109, -1, -1, 119, 41, 156.0, 7, , 25, 0, 0, 0, , 0, 0, 0, 0, 0, 
101, 0, 110, -1, -1, 113, 154, 179.0, 9, , 15, 0, 0, 0, , 0, 0, 0, 0, 0, 
102, 0, 111, -1, -1, 236, 53, 184.0, 9, , 87, 0, 0, 0, , 0, 0, 0, 0, 0, 
103, 0, 112, -1, -1, 269, 77, 189.0, 11, , 57, 0, 0, 0, , 0, 0, 0, 0, 0, 
104, 0, 113, -1, -1, 177, 50, 189.0, 9, , 73, 0, 0, 0, , 0, 0, 0, 0, 0, 
105, 0, 114, -1, -1, 171, 51, 187.0, 9, , 51, 0, 0, 0, , 0, 0, 0, 0, 0, 
106, 0, 115, -1, -1, 162, 95, 199.0, 9, , 35, 0, 0, 0, , 0, 0, 0, 0, 0, 
107, 0, 116, -1, -1, 191, 61, 187.0, 8, , 14, 0, 0, 0, , 0, 0, 0, 0, 0, 
108, 0, 117, -1, -1, 119, 138, 193.0, 7, , 20, 0, 0, 0, , 0, 0, 0, 0, 0, 
109, 0, 118, -1, -1, 231, 110, 206.0, 9, , 79, 0, 0, 0, , 0, 0, 0, 0, 0, 
110, 0, 119, -1, -1, 176, 108, 210.0, 11, , 87, 0, 0, 0, , 0, 0, 0, 0, 0, 
111, 0, 120, -1, -1, 222, 76, 202.0, 9, , 45, 0, 0, 0, , 0, 0, 0, 0, 0, 
112, 0, 121, -1, -1, 241, 89, 204.0, 9, , 27, 0, 0, 0, , 0, 0, 0, 0, 0, 
113, 0, 122, -1, -1, 276, 48, 152.0, 8, , 23, 0, 0, 0, , 0, 0, 0, 0, 0, 
114, 0, 123, -1, -1, 145, 117, 182.0, 9, , 73, 0, 0, 0, , 0, 0, 0, 0, 0, 
115, 0, 124, -1, -1, 258, 69, 184.0, 7, , 4, 0, 0, 0, , 0, 0, 0, 0, 0, 
116, 0, 125, -1, -1, 175, 46, 184.0, 9, , 54, 0, 0, 0, , 0, 0, 0, 0, 0, 
117, 0, 126, -1, -1, 165, 64, 197.0, 11, , 78, 0, 0, 0, , 0, 0, 0, 0, 0, 
118, 0, 127, -1, -1, 232, 109, 201.0, 9, , 42, 0, 0, 0, , 0, 0, 0, 0, 0, 
119, 0, 129, -1, -1, 260, 98, 203.0, 9, , 49, 0, 0, 0, , 0, 0, 0, 0, 0, 
120, 0, 130, -1, -1, 236, 87, 208.0, 9, , 49, 0, 0, 0, , 0, 0, 0, 0, 0, 
121, 0, 131, -1, -1, 158, 98, 211.0, 9, , 67, 0, 0, 0, , 0, 0, 0, 0, 0, 
122, 0, 132, -1, -1, 145, 30, 139.0, 9, , 70, 0, 0, 0, , 0, 0, 0, 0, 0, 
123, 0, 133, -1, -1, 90, 102, 71.0, 9, , 21, 0, 0, 0, , 0, 0, 0, 0, 0, 
124, 0, 134, -1, -1, 77, 89, 93.0, 11, , 91, 0, 0, 0, , 0, 0, 0, 0, 0, 
125, 0, 136, -1, -1, 89, 58, 153.0, 7, , 27, 0, 0, 0, , 0, 0, 0, 0, 0, 
126, 0, 137, -1, -1, 181, 43, 166.0, 9, , 52, 0, 0, 0, , 0, 0, 0, 0, 0, 
127, 0, 138, -1, -1, 286, 63, 177.0, 7, , 28, 0, 0, 0, , 0, 0, 0, 0, 0, 
128, 0, 139, -1, -1, 282, 68, 172.0, 7, , 32, 0, 0, 0, , 0, 0, 0, 0, 0, 
129, 0, 140, -1, -1, 111, 52, 174.0, 9, , 46, 0, 0, 0, , 0, 0, 0, 0, 0, 
130, 0, 142, -1, -1, 140, 45, 177.0, 7, , 25, 0, 0, 0, , 0, 0, 0, 0, 0, 
131, 0, 143, -1, -1, 194, 150, 183.0, 7, , 58, 0, 0, 0, , 0, 0, 0, 0, 0, 
132, 0, 144, -1, -1, 99, 127, 197.0, 11, , 96, 0, 0, 0, , 0, 0, 0, 0, 0, 
133, 0, 145, -1, -1, 116, 77, 186.0, 7, , 34, 0, 0, 0, , 0, 0, 0, 0, 0, 
134, 0, 147, -1, -1, 105, 126, 193.0, 7, , 28, 0, 0, 0, , 0, 0, 0, 0, 0, 
135, 0, 148, -1, -1, 196, 60, 200.0, 7, , 16, 0, 0, 0, , 0, 0, 0, 0, 0, 
136, 0, 149, -1, -1, 244, 112, 205.0, 8, , 21, 0, 0, 0, , 0, 0, 0, 0, 0, 
137, 0, 150, -1, -1, 113, 95, 206.0, 11, , 71, 0, 0, 0, , 0, 0, 0, 0, 0, 
138, 0, 151, -1, -1, 134, 87, 201.0, 7, , 34, 0, 0, 0, , 0, 0, 0, 0, 0, 
139, 0, 152, -1, -1, 214, 121, 208.0, 9, , 87, 0, 0, 0, , 0, 0, 0, 0, 0, 
140, 0, 153, -1, -1, 194, 117, 201.0, 9, , 50, 0, 0, 0, , 0, 0, 0, 0, 0, 
141, 0, 154, -1, -1, 163, 33, 136.0, 7, , 39, 0, 0, 0, , 0, 0, 0, 0, 0, 
142, 0, 155, -1, -1, 178, 41, 163.0, 9, , 16, 0, 0, 0, , 0, 0, 0, 0, 0, 
143, 0, 156, -1, -1, 311, 86, 169.0, 11, , 58, 0, 0, 0, , 0, 0, 0, 0, 0, 
144, 0, -1, -1, -1, 317, 89, 172.0, 8, , 19, 0, 0, 0, , 0, 0, 0, 0, 0, 
145, 0, -1, -1, -1, 308, 87, 171.0, 9, , 43, 0, 0, 0, , 0, 0, 0, 0, 0, 
146, 0, 158, -1, -1, 128, 51, 181.0, 7, , 20, 0, 0, 0, , 0, 0, 0, 0, 0, 
147, 0, 159, -1, -1, 190, 58, 198.0, 13, , 106, 0, 0, 0, , 0, 0, 0, 0, 0, 
148, 0, 160, -1, -1, 144, 36, 98.0, 11, , 84, 0, 0, 0, , 0, 0, 0, 0, 0, 
149, 0, 161, -1, -1, 129, 117, 132.0, 9, , 23, 0, 0, 0, , 0, 0, 0, 0, 0, 
150, 0, 162, -1, -1, 76, 82, 164.0, 7, , 26, 0, 0, 0, , 0, 0, 0, 0, 0, 
151, 0, 163, -1, -1, 201, 175, 166.0, 11, , 13, 0, 0, 0, , 0, 0, 0, 0, 0, 
152, 0, 164, -1, -1, 264, 52, 170.0, 9, , 36, 0, 0, 0, , 0, 0, 0, 0, 0, 
153, 0, 165, -1, -1, 131, 52, 159.0, 9, , 57, 0, 0, 0, , 0, 0, 0, 0, 0, 
154, 0, 166, -1, -1, 261, 53, 172.0, 9, , 27, 0, 0, 0, , 0, 0, 0, 0, 0, 
155, 0, 167, -1, -1, 281, 135, 175.0, 9, , 29, 0, 0, 0, , 0, 0, 0, 0, 0, 
156, 0, 168, -1, -1, 192, 109, 194.0, 9, , 34, 0, 0, 0, , 0, 0, 0, 0, 0, 
157, 0, 169, -1, -1, 132, 68, 192.0, 9, , 31, 0, 0, 0, , 0, 0, 0, 0, 0, 
158, 0, 170, -1, -1, 185, 104, 200.0, 9, , 106, 0, 0, 0, , 0, 0, 0, 0, 0, 
159, 0, 171, -1, -1, 159, 118, 204.0, 7, , 41, 0, 0, 0, , 0, 0, 0, 0, 0, 
160, 0, 172, -1, -1, 119, 97, 202.0, 7, , 28, 0, 0, 0, , 0, 0, 0, 0, 0, 
161, 0, 173, -1, -1, 156, 98, 209.0, 9, , 101, 0, 0, 0, , 0, 0, 0, 0, 0, 
162, 0, 174, -1, -1, 128, 87, 206.0, 8, , 14, 0, 0, 0, , 0, 0, 0, 0, 0, 
163, 0, 175, -1, -1, 211, 47, 142.0, 9, , 35, 0, 0, 0, , 0, 0, 0, 0, 0, 
164, 0, 176, -1, -1, 193, 110, 188.0, 9, , 25, 0, 0, 0, , 0, 0, 0, 0, 0, 
165, 0, 177, -1, -1, 123, 124, 206.0, 9, , 70, 0, 0, 0, , 0, 0, 0, 0, 0, 
166, 0, 178, -1, -1, 107, 66, 154.0, 9, , 37, 0, 0, 0, , 0, 0, 0, 0, 0, 
167, 0, 179, -1, -1, 104, 136, 75.0, 11, , 25, 0, 0, 0, , 0, 0, 0, 0, 0, 
168, 0, 180, -1, -1, 78, 92, 91.0, 9, , 52, 0, 0, 0, , 0, 0, 0, 0, 0, 
169, 0, 181, -1, -1, 126, 163, 95.0, 9, , 33, 0, 0, 0, , 0, 0, 0, 0, 0, 
170, 0, 182, -1, -1, 107, 41, 114.0, 7, , 21, 0, 0, 0, , 0, 0, 0, 0, 0, 
171, 0, 183, -1, -1, 81, 166, 105.0, 8, , 13, 0, 0, 0, , 0, 0, 0, 0, 0, 
172, 0, 185, -1, -1, 207, 39, 136.0, 11, , 45, 0, 0, 0, , 0, 0, 0, 0, 0, 
173, 0, 186, -1, -1, 207, 180, 133.0, 9, , 34, 0, 0, 0, , 0, 0, 0, 0, 0, 
174, 0, 187, -1, -1, 47, 97, 135.0, 7, , 22, 0, 0, 0, , 0, 0, 0, 0, 0, 
175, 0, 188, -1, -1, 115, 52, 141.0, 8, , 20, 0, 0, 0, , 0, 0, 0, 0, 0, 
176, 0, 189, -1, -1, 146, 31, 143.0, 9, , 65, 0, 0, 0, , 0, 0, 0, 0, 0, 
177, 0, 190, -1, -1, 71, 155, 148.0, 7, , 49, 0, 0, 0, , 0, 0, 0, 0, 0, 
178, 0, 191, -1, -1, 150, 32, 158.0, 7, , 23, 0, 0, 0, , 0, 0, 0, 0, 0, 
179, 0, 192, -1, -1, 68, 79, 164.0, 8, , 13, 0, 0, 0, , 0, 0, 0, 0, 0, 
180, 0, 193, -1, -1, 136, 53, 155.0, 13, , 144, 0, 0, 0, , 0, 0, 0, 0, 0, 
181, 0, 194, -1, -1, 137, 146, 163.0, 7, , 35, 0, 0, 0, , 0, 0, 0, 0, 0, 
182, 0, 195, -1, -1, 79, 100, 172.0, 7, , 29, 0, 0, 0, , 0, 0, 0, 0, 0, 
183, 0, 196, -1, -1, 265, 145, 175.0, 9, , 53, 0, 0, 0, , 0, 0, 0, 0, 0, 
184, 0, 197, -1, -1, 73, 95, 165.0, 9, , 44, 0, 0, 0, , 0, 0, 0, 0, 0, 
185, 0, 198, -1, -1, 76, 129, 172.0, 9, , 25, 0, 0, 0, , 0, 0, 0, 0, 0, 
186, 0, 199, -1, -1, 132, 129, 178.0, 8, , 20, 0, 0, 0, , 0, 0, 0, 0, 0, 
187, 0, 200, -1, -1, 106, 85, 171.0, 9, , 66, 0, 0, 0, , 0, 0, 0, 0, 0, 
188, 0, 201, -1, -1, 147, 167, 175.0, 11, , 85, 0, 0, 0, , 0, 0, 0, 0, 0, 
189, 0, 202, -1, -1, 72, 89, 177.0, 9, , 37, 0, 0, 0, , 0, 0, 0, 0, 0, 
190, 0, 203, -1, -1, 141, 79, 176.0, 8, , 38, 0, 0, 0, , 0, 0, 0, 0, 0, 
191, 0, 204, -1, -1, 99, 65, 176.0, 9, , 35, 0, 0, 0, , 0, 0, 0, 0, 0, 
192, 0, 205, -1, -1, 218, 50, 173.0, 8, , 36, 0, 0, 0, , 0, 0, 0, 0, 0, 
193, 0, 207, -1, -1, 74, 89, 186.0, 7, , 31, 0, 0, 0, , 0, 0, 0, 0, 0, 
194, 0, 208, -1, -1, 115, 116, 183.0, 8, , 47, 0, 0, 0, , 0, 0, 0, 0, 0, 
195, 0, 209, -1, -1, 115, 73, 190.0, 11, , 56, 0, 0, 0, , 0, 0, 0, 0, 0, 
196, 0, 210, -1, -1, 177, 53, 185.0, 15, , 77, 0, 0, 0, , 0, 0, 0, 0, 0, 
197, 0, 211, -1, -1, 98, 129, 190.0, 7, , 67, 0, 0, 0, , 0, 0, 0, 0, 0, 
198, 0, 212, -1, -1, 126, 73, 189.0, 9, , 39, 0, 0, 0, , 0, 0, 0, 0, 0, 
199, 0, 213, -1, -1, 145, 58, 194.0, 9, , 61, 0, 0, 0, , 0, 0, 0, 0, 0, 
200, 0, 214, -1, -1, 140, 131, 200.0, 7, , 34, 0, 0, 0, , 0, 0, 0, 0, 0, 
201, 0, 215, -1, -1, 266, 97, 199.0, 7, , 34, 0, 0, 0, , 0, 0, 0, 0, 0, 
202, 0, 216, -1, -1, 81, 143, 93.0, 7, , 34, 0, 0, 0, , 0, 0, 0, 0, 0, 
203, 0, 217, -1, -1, 133, 33, 129.0, 8, , 30, 0, 0, 0, , 0, 0, 0, 0, 0, 
204, 0, 218, -1, -1, 113, 50, 138.0, 9, , 54, 0, 0, 0, , 0, 0, 0, 0, 0, 
205, 0, 219, -1, -1, 110, 133, 149.0, 7, , 28, 0, 0, 0, , 0, 0, 0, 0, 0, 
206, 0, 220, -1, -1, 87, 52, 154.0, 9, , 38, 0, 0, 0, , 0, 0, 0, 0, 0, 
207, 0, 221, -1, -1, 94, 54, 154.0, 8, , 32, 0, 0, 0, , 0, 0, 0, 0, 0, 
208, 0, 222, -1, -1, 312, 90, 175.0, 9, , 45, 0, 0, 0, , 0, 0, 0, 0, 0, 
209, 0, 223, -1, -1, 141, 43, 175.0, 7, , 31, 0, 0, 0, , 0, 0, 0, 0, 0, 
210, 0, 224, -1, -1, 160, 49, 186.0, 9, , 26, 0, 0, 0, , 0, 0, 0, 0, 0, 
211, 0, 225, -1, -1, 124, 122, 199.0, 9, , 68, 0, 0, 0, , 0, 0, 0, 0, 0, 
212, 0, 226, -1, -1, 149, 162, 144.0, 8, , 7, 0, 0, 0, , 0, 0, 0, 0, 0, 
213, 0, 227, -1, -1, 120, 76, 189.0, 7, , 8, 0, 0, 0, , 0, 0, 0, 0, 0, 
214, 0, 228, -1, -1, 138, 138, 202.0, 7, , 24, 0, 0, 0, , 0, 0, 0, 0, 0, 
215, 0, 229, -1, -1, 207, 45, 143.0, 11, , 84, 0, 0, 0, , 0, 0, 0, 0, 0, 
216, 0, 230, -1, -1, 130, 115, 206.0, 8, , 31, 0, 0, 0, , 0, 0, 0, 0, 0, 
217, 0, 232, -1, -1, 105, 39, 122.0, 8, , 77, 0, 0, 0, , 0, 0, 0, 0, 0, 
218, 0, 233, -1, -1, 305, 151, 134.0, 7, , 23, 0, 0, 0, , 0, 0, 0, 0, 0, 
219, 0, 234, -1, -1, 76, 108, 145.0, 9, , 76, 0, 0, 0, , 0, 0, 0, 0, 0, 
220, 0, 235, -1, -1, 192, 176, 149.0, 8, , 21, 0, 0, 0, , 0, 0, 0, 0, 0, 
221, 0, 236, -1, -1, 314, 71, 158.0, 11, , 62, 0, 0, 0, , 0, 0, 0, 0, 0, 
222, 0, 237, -1, -1, 297, 65, 154.0, 11, , 120, 0, 0, 0, , 0, 0, 0, 0, 0, 
223, 0, 238, -1, -1, 98, 100, 159.0, 9, , 31, 0, 0, 0, , 0, 0, 0, 0, 0, 
224, 0, 239, -1, -1, 312, 82, 171.0, 9, , 26, 0, 0, 0, , 0, 0, 0, 0, 0, 
225, 0, 240, -1, -1, 216, 51, 172.0, 11, , 53, 0, 0, 0, , 0, 0, 0, 0, 0, 
226, 0, 241, -1, -1, 284, 66, 185.0, 11, , 28, 0, 0, 0, , 0, 0, 0, 0, 0, 
227, 0, 242, -1, -1, 146, 166, 172.0, 9, , 45, 0, 0, 0, , 0, 0, 0, 0, 0, 
228, 0, 243, -1, -1, 256, 73, 189.0, 8, , 13, 0, 0, 0, , 0, 0, 0, 0, 0, 
229, 0, 244, -1, -1, 117, 116, 189.0, 11, , 64, 0, 0, 0, , 0, 0, 0, 0, 0, 
230, 0, 245, -1, -1, 154, 87, 196.0, 7, , 28, 0, 0, 0, , 0, 0, 0, 0, 0, 
231, 0, 246, -1, -1, 195, 112, 208.0, 8, , 30, 0, 0, 0, , 0, 0, 0, 0, 0, 
232, 0, 247, -1, -1, 214, 139, 202.0, 9, , 16, 0, 0, 0, , 0, 0, 0, 0, 0, 
233, 0, 248, -1, -1, 211, 44, 135.0, 9, , 79, 0, 0, 0, , 0, 0, 0, 0, 0, 
234, 0, 249, -1, -1, 275, 150, 163.0, 7, , 13, 0, 0, 0, , 0, 0, 0, 0, 0, 
235, 0, 250, -1, -1, 96, 138, 183.0, 8, , 8, 0, 0, 0, , 0, 0, 0, 0, 0, 
236, 0, 251, -1, -1, 289, 86, 180.0, 9, , 67, 0, 0, 0, , 0, 0, 0, 0, 0, 
237, 0, 252, -1, -1, 107, 68, 147.0, 7, , 39, 0, 0, 0, , 0, 0, 0, 0, 0, 
238, 0, 253, -1, -1, 179, 45, 166.0, 8, , 24, 0, 0, 0, , 0, 0, 0, 0, 0, 
239, 0, 254, -1, -1, 117, 74, 183.0, 11, , 306, 0, 0, 0, , 0, 0, 0, 0, 0, 
240, 0, 255, -1, -1, 205, 73, 198.0, 7, , 24, 0, 0, 0, , 0, 0, 0, 0, 0, 
241, 0, 256, -1, -1, 92, 59, 89.0, 7, , 19, 0, 0, 0, , 0, 0, 0, 0, 0, 
242, 0, 257, -1, -1, 78, 91, 89.0, 9, , 61, 0, 0, 0, , 0, 0, 0, 0, 0, 
243, 0, 258, -1, -1, 98, 43, 118.0, 9, , 82, 0, 0, 0, , 0, 0, 0, 0, 0, 
244, 0, 259, -1, -1, 133, 121, 127.0, 8, , 28, 0, 0, 0, , 0, 0, 0, 0, 0, 
245, 0, 261, -1, -1, 160, 95, 138.0, 9, , 50, 0, 0, 0, , 0, 0, 0, 0, 0, 
246, 0, 262, -1, -1, 103, 162, 134.0, 9, , 30, 0, 0, 0, , 0, 0, 0, 0, 0, 
247, 0, 263, -1, -1, 165, 93, 142.0, 8, , 28, 0, 0, 0, , 0, 0, 0, 0, 0, 
248, 0, 264, -1, -1, 168, 34, 146.0, 9, , 35, 0, 0, 0, , 0, 0, 0, 0, 0, 
249, 0, 265, -1, -1, 83, 112, 149.0, 9, , 48, 0, 0, 0, , 0, 0, 0, 0, 0, 
250, 0, 266, -1, -1, 83, 109, 143.0, 13, , 177, 0, 0, 0, , 0, 0, 0, 0, 0, 
251, 0, 267, -1, -1, 60, 93, 149.0, 7, , 15, 0, 0, 0, , 0, 0, 0, 0, 0, 
252, 0, 268, -1, -1, 301, 61, 158.0, 8, , 14, 0, 0, 0, , 0, 0, 0, 0, 0, 
253, 0, 269, -1, -1, 289, 63, 159.0, 7, , 13, 0, 0, 0, , 0, 0, 0, 0, 0, 
254, 0, 271, -1, -1, 139, 86, 180.0, 7, , 27, 0, 0, 0, , 0, 0, 0, 0, 0, 
255, 0, 272, -1, -1, 121, 139, 183.0, 7, , 17, 0, 0, 0, , 0, 0, 0, 0, 0, 
256, 0, 273, -1, -1, 291, 125, 182.0, 7, , 18, 0, 0, 0, , 0, 0, 0, 0, 0, 
257, 0, 274, -1, -1, 157, 49, 187.0, 7, , 29, 0, 0, 0, , 0, 0, 0, 0, 0, 
258, 0, 275, -1, -1, 257, 65, 188.0, 7, , 23, 0, 0, 0, , 0, 0, 0, 0, 0, 
259, 0, 276, -1, -1, 288, 90, 185.0, 7, , 16, 0, 0, 0, , 0, 0, 0, 0, 0, 
260, 0, 277, -1, -1, 102, 102, 192.0, 8, , 28, 0, 0, 0, , 0, 0, 0, 0, 0, 
261, 0, 279, -1, -1, 263, 129, 192.0, 11, , 91, 0, 0, 0, , 0, 0, 0, 0, 0, 
262, 0, 280, -1, -1, 135, 114, 203.0, 7, , 37, 0, 0, 0, , 0, 0, 0, 0, 0, 
263, 0, 282, -1, -1, 163, 63, 203.0, 9, , 44, 0, 0, 0, , 0, 0, 0, 0, 0, 
264, 0, 283, -1, -1, 161, 112, 202.0, 7, , 27, 0, 0, 0, , 0, 0, 0, 0, 0, 
265, 0, 284, -1, -1, 141, 130, 205.0, 8, , 53, 0, 0, 0, , 0, 0, 0, 0, 0, 
266, 0, 285, -1, -1, 206, 143, 67.0, 11, , 51, 0, 0, 0, , 0, 0, 0, 0, 0, 
267, 0, 286, -1, -1, 122, 143, 185.0, 13, , 113, 0, 0, 0, , 0, 0, 0, 0, 0, 
268, 0, 287, -1, -1, 288, 84, 184.0, 8, , 41, 0, 0, 0, , 0, 0, 0, 0, 0, 
269, 0, 288, -1, -1, 137, 101, 189.0, 7, , 35, 0, 0, 0, , 0, 0, 0, 0, 0, 
270, 0, 289, -1, -1, 158, 133, 197.0, 11, , 46, 0, 0, 0, , 0, 0, 0, 0, 0, 
271, 0, 290, -1, -1, 112, 92, 203.0, 9, , 53, 0, 0, 0, , 0, 0, 0, 0, 0, 
272, 0, 291, -1, -1, 133, 115, 207.0, 9, , 66, 0, 0, 0, , 0, 0, 0, 0, 0, 
273, 0, 292, -1, -1, 162, 94, 146.0, 9, , 53, 0, 0, 0, , 0, 0, 0, 0, 0, 
274, 0, 293, -1, -1, 143, 81, 172.0, 7, , 27, 0, 0, 0, , 0, 0, 0, 0, 0, 
275, 0, 294, -1, -1, 104, 125, 195.0, 7, , 38, 0, 0, 0, , 0, 0, 0, 0, 0, 
276, 0, 295, -1, -1, 221, 49, 145.0, 9, , 97, 0, 0, 0, , 0, 0, 0, 0, 0, 
277, 0, 296, -1, -1, 105, 119, 190.0, 8, , 13, 0, 0, 0, , 0, 0, 0, 0, 0, 
278, 0, 297, -1, -1, 69, 92, 99.0, 7, , 19, 0, 0, 0, , 0, 0, 0, 0, 0, 
279, 0, 298, -1, -1, 136, 172, 120.0, 9, , 65, 0, 0, 0, , 0, 0, 0, 0, 0, 
280, 0, 299, -1, -1, 65, 121, 112.0, 8, , 13, 0, 0, 0, , 0, 0, 0, 0, 0, 
281, 0, 300, -1, -1, 176, 174, 123.0, 9, , 59, 0, 0, 0, , 0, 0, 0, 0, 0, 
282, 0, 301, -1, -1, 103, 45, 126.0, 8, , 34, 0, 0, 0, , 0, 0, 0, 0, 0, 
283, 0, 302, -1, -1, 61, 143, 118.0, 8, , 24, 0, 0, 0, , 0, 0, 0, 0, 0, 
284, 0, 303, -1, -1, 65, 142, 116.0, 11, , 116, 0, 0, 0, , 0, 0, 0, 0, 0, 
285, 0, 305, -1, -1, 280, 164, 126.0, 9, , 16, 0, 0, 0, , 0, 0, 0, 0, 0, 
286, 0, 306, -1, -1, 48, 95, 140.0, 13, , 81, 0, 0, 0, , 0, 0, 0, 0, 0, 
287, 0, 307, -1, -1, 77, 128, 144.0, 11, , 56, 0, 0, 0, , 0, 0, 0, 0, 0, 
288, 0, 308, -1, -1, 316, 70, 154.0, 9, , 56, 0, 0, 0, , 0, 0, 0, 0, 0, 
289, 0, 309, -1, -1, 276, 149, 165.0, 9, , 74, 0, 0, 0, , 0, 0, 0, 0, 0, 
290, 0, 310, -1, -1, 133, 144, 166.0, 8, , 10, 0, 0, 0, , 0, 0, 0, 0, 0, 
291, 0, 311, -1, -1, 195, 147, 174.0, 7, , 37, 0, 0, 0, , 0, 0, 0, 0, 0, 
292, 0, 312, -1, -1, 136, 122, 175.0, 9, , 81, 0, 0, 0, , 0, 0, 0, 0, 0, 
293, 0, 313, -1, -1, 247, 67, 185.0, 8, , 19, 0, 0, 0, , 0, 0, 0, 0, 0, 
294, 0, 315, -1, -1, 167, 99, 198.0, 9, , 34, 0, 0, 0, , 0, 0, 0, 0, 0, 
295, 0, 317, -1, -1, 250, 115, 200.0, 7, , 27, 0, 0, 0, , 0, 0, 0, 0, 0, 
296, 0, 318, -1, -1, 183, 126, 206.0, 7, , 22, 0, 0, 0, , 0, 0, 0, 0, 0, 
297, 0, 319, -1, -1, 159, 137, 207.0, 11, , 126, 0, 0, 0, , 0, 0, 0, 0, 0, 
298, 0, 320, -1, -1, 114, 95, 208.0, 9, , 42, 0, 0, 0, , 0, 0, 0, 0, 0, 
299, 0, 321, -1, -1, 167, 40, 141.0, 7, , 7, 0, 0, 0, , 0, 0, 0, 0, 0, 
300, 0, 322, -1, -1, 265, 50, 166.0, 9, , 40, 0, 0, 0, , 0, 0, 0, 0, 0, 
301, 0, 323, -1, -1, 294, 125, 190.0, 8, , 44, 0, 0, 0, , 0, 0, 0, 0, 0, 
302, 0, 325, -1, -1, 188, 62, 192.0, 8, , 30, 0, 0, 0, , 0, 0, 0, 0, 0, 
303, 0, 326, -1, -1, 220, 76, 207.0, 9, , 98, 0, 0, 0, , 0, 0, 0, 0, 0, 
304, 0, 327, -1, -1, 178, 42, 161.0, 8, , 10, 0, 0, 0, , 0, 0, 0, 0, 0, 
305, 0, 328, -1, -1, 266, 144, 171.0, 11, , 34, 0, 0, 0, , 0, 0, 0, 0, 0, 
306, 0, 329, -1, -1, 89, 98, 63.0, 9, , 50, 0, 0, 0, , 0, 0, 0, 0, 0, 
307, 0, 330, -1, -1, 143, 35, 99.0, 11, , 100, 0, 0, 0, , 0, 0, 0, 0, 0, 
308, 0, 332, -1, -1, 159, 164, 121.0, 8, , 17, 0, 0, 0, , 0, 0, 0, 0, 0, 
309, 0, 333, -1, -1, 280, 166, 124.0, 8, , 4, 0, 0, 0, , 0, 0, 0, 0, 0, 
310, 0, 334, -1, -1, 159, 181, 126.0, 9, , 76, 0, 0, 0, , 0, 0, 0, 0, 0, 
311, 0, 335, -1, -1, 156, 181, 133.0, 9, , 39, 0, 0, 0, , 0, 0, 0, 0, 0, 
312, 0, 336, -1, -1, 148, 32, 133.0, 9, , 55, 0, 0, 0, , 0, 0, 0, 0, 0, 
313, 0, 337, -1, -1, 163, 32, 140.0, 9, , 52, 0, 0, 0, , 0, 0, 0, 0, 0, 
314, 0, 338, -1, -1, 275, 50, 147.0, 11, , 20, 0, 0, 0, , 0, 0, 0, 0, 0, 
315, 0, 339, -1, -1, 66, 95, 146.0, 7, , 15, 0, 0, 0, , 0, 0, 0, 0, 0, 
316, 0, 340, -1, -1, 253, 175, 156.0, 9, , 30, 0, 0, 0, , 0, 0, 0, 0, 0, 
317, 0, 342, -1, -1, 125, 138, 161.0, 9, , 28, 0, 0, 0, , 0, 0, 0, 0, 0, 
318, 0, 343, -1, -1, 130, 149, 160.0, 8, , 16, 0, 0, 0, , 0, 0, 0, 0, 0, 
319, 0, 344, -1, -1, 125, 137, 156.0, 9, , 13, 0, 0, 0, , 0, 0, 0, 0, 0, 
320, 0, 345, -1, -1, 129, 149, 162.0, 7, , 23, 0, 0, 0, , 0, 0, 0, 0, 0, 
321, 0, 346, -1, -1, 238, 53, 168.0, 9, , 82, 0, 0, 0, , 0, 0, 0, 0, 0, 
322, 0, 347, -1, -1, 78, 130, 175.0, 8, , 23, 0, 0, 0, , 0, 0, 0, 0, 0, 
323, 0, 348, -1, -1, 212, 47, 175.0, 7, , 17, 0, 0, 0, , 0, 0, 0, 0, 0, 
324, 0, 349, -1, -1, 292, 125, 189.0, 11, , 114, 0, 0, 0, , 0, 0, 0, 0, 0, 
325, 0, 350, -1, -1, 195, 59, 192.0, 8, , 48, 0, 0, 0, , 0, 0, 0, 0, 0, 
326, 0, 351, -1, -1, 230, 75, 191.0, 7, , 34, 0, 0, 0, , 0, 0, 0, 0, 0, 
327, 0, 352, -1, -1, 101, 86, 192.0, 8, , 16, 0, 0, 0, , 0, 0, 0, 0, 0, 
328, 0, 353, -1, -1, 193, 108, 191.0, 9, , 38, 0, 0, 0, , 0, 0, 0, 0, 0, 
329, 0, 354, -1, -1, 134, 89, 199.0, 9, , 48, 0, 0, 0, , 0, 0, 0, 0, 0, 
330, 0, 355, -1, -1, 166, 99, 200.0, 11, , 46, 0, 0, 0, , 0, 0, 0, 0, 0, 
331, 0, 356, -1, -1, 242, 93, 205.0, 7, , 28, 0, 0, 0, , 0, 0, 0, 0, 0, 
332, 0, 357, -1, -1, 82, 128, 150.0, 9, , 116, 0, 0, 0, , 0, 0, 0, 0, 0, 
333, 0, 358, -1, -1, 118, 149, 182.0, 9, , 44, 0, 0, 0, , 0, 0, 0, 0, 0, 
334, 0, 360, -1, -1, 236, 93, 203.0, 9, , 47, 0, 0, 0, , 0, 0, 0, 0, 0, 
335, 0, 361, -1, -1, 103, 43, 113.0, 9, , 43, 0, 0, 0, , 0, 0, 0, 0, 0, 
336, 0, 362, -1, -1, 220, 70, 203.0, 9, , 67, 0, 0, 0, , 0, 0, 0, 0, 0, 
337, 0, 363, -1, -1, 255, 87, 198.0, 8, , 24, 0, 0, 0, , 0, 0, 0, 0, 0, 
338, 0, 364, -1, -1, 213, 179, 153.0, 9, , 44, 0, 0, 0, , 0, 0, 0, 0, 0, 
339, 0, 365, -1, -1, 220, 121, 208.0, 7, , 8, 0, 0, 0, , 0, 0, 0, 0, 0, 
340, 0, 366, -1, -1, 66, 141, 108.0, 9, , 251, 0, 0, 0, , 0, 0, 0, 0, 0, 
341, 0, 367, -1, -1, 158, 163, 124.0, 11, , 46, 0, 0, 0, , 0, 0, 0, 0, 0, 
342, 0, 368, -1, -1, 83, 74, 153.0, 8, , 43, 0, 0, 0, , 0, 0, 0, 0, 0, 
343, 0, 369, -1, -1, 116, 44, 153.0, 9, , 92, 0, 0, 0, , 0, 0, 0, 0, 0, 
344, 0, 370, -1, -1, 73, 80, 163.0, 13, , 125, 0, 0, 0, , 0, 0, 0, 0, 0, 
345, 0, 372, -1, -1, 162, 52, 182.0, 8, , 36, 0, 0, 0, , 0, 0, 0, 0, 0, 
346, 0, 373, -1, -1, 151, 118, 186.0, 7, , 37, 0, 0, 0, , 0, 0, 0, 0, 0, 
347, 0, 374, -1, -1, 162, 67, 195.0, 7, , 15, 0, 0, 0, , 0, 0, 0, 0, 0, 
348, 0, 375, -1, -1, 50, 109, 89.0, 9, , 125, 0, 0, 0, , 0, 0, 0, 0, 0, 
349, 0, 377, -1, -1, 90, 58, 92.0, 8, , 15, 0, 0, 0, , 0, 0, 0, 0, 0, 
350, 0, 378, -1, -1, 110, 161, 98.0, 7, , 22, 0, 0, 0, , 0, 0, 0, 0, 0, 
351, 0, 379, -1, -1, 146, 169, 104.0, 11, , 46, 0, 0, 0, , 0, 0, 0, 0, 0, 
352, 0, 381, -1, -1, 135, 178, 117.0, 9, , 52, 0, 0, 0, , 0, 0, 0, 0, 0, 
353, 0, 382, -1, -1, 210, 180, 125.0, 9, , 49, 0, 0, 0, , 0, 0, 0, 0, 0, 
354, 0, 383, -1, -1, 187, 47, 136.0, 13, , 65, 0, 0, 0, , 0, 0, 0, 0, 0, 
355, 0, 384, -1, -1, 58, 95, 142.0, 9, , 30, 0, 0, 0, , 0, 0, 0, 0, 0, 
356, 0, 385, -1, -1, 116, 137, 145.0, 9, , 26, 0, 0, 0, , 0, 0, 0, 0, 0, 
357, 0, 386, -1, -1, 216, 51, 153.0, 8, , 30, 0, 0, 0, , 0, 0, 0, 0, 0, 
358, 0, 387, -1, -1, 80, 107, 156.0, 9, , 51, 0, 0, 0, , 0, 0, 0, 0, 0, 
359, 0, 388, -1, -1, 102, 118, 155.0, 9, , 31, 0, 0, 0, , 0, 0, 0, 0, 0, 
360, 0, 389, -1, -1, 114, 42, 158.0, 8, , 25, 0, 0, 0, , 0, 0, 0, 0, 0, 
361, 0, 390, -1, -1, 269, 50, 156.0, 7, , 23, 0, 0, 0, , 0, 0, 0, 0, 0, 
362, 0, 391, -1, -1, 123, 140, 165.0, 9, , 13, 0, 0, 0, , 0, 0, 0, 0, 0, 
363, 0, 392, -1, -1, 133, 75, 166.0, 9, , 11, 0, 0, 0, , 0, 0, 0, 0, 0, 
364, 0, 393, -1, -1, 284, 63, 174.0, 7, , 30, 0, 0, 0, , 0, 0, 0, 0, 0, 
365, 0, 394, -1, -1, 78, 125, 177.0, 9, , 24, 0, 0, 0, , 0, 0, 0, 0, 0, 
366, 0, 396, -1, -1, 121, 75, 185.0, 9, , 56, 0, 0, 0, , 0, 0, 0, 0, 0, 
367, 0, 397, -1, -1, 143, 63, 184.0, 9, , 22, 0, 0, 0, , 0, 0, 0, 0, 0, 
368, 0, 398, -1, -1, 130, 89, 192.0, 8, , 29, 0, 0, 0, , 0, 0, 0, 0, 0, 
369, 0, 399, -1, -1, 280, 114, 193.0, 7, , 34, 0, 0, 0, , 0, 0, 0, 0, 0, 
370, 0, 401, -1, -1, 96, 126, 196.0, 11, , 63, 0, 0, 0, , 0, 0, 0, 0, 0, 
371, 0, 402, -1, -1, 198, 59, 195.0, 7, , 22, 0, 0, 0, , 0, 0, 0, 0, 0, 
372, 0, 403, -1, -1, 194, 61, 196.0, 8, , 26, 0, 0, 0, , 0, 0, 0, 0, 0, 
373, 0, 404, -1, -1, 89, 104, 198.0, 8, , 30, 0, 0, 0, , 0, 0, 0, 0, 0, 
374, 0, 405, -1, -1, 120, 128, 201.0, 11, , 157, 0, 0, 0, , 0, 0, 0, 0, 0, 
375, 0, 406, -1, -1, 139, 130, 199.0, 9, , 108, 0, 0, 0, , 0, 0, 0, 0, 0, 
376, 0, 407, -1, -1, 213, 139, 200.0, 7, , 21, 0, 0, 0, , 0, 0, 0, 0, 0, 
377, 0, 408, -1, -1, 131, 111, 198.0, 8, , 19, 0, 0, 0, , 0, 0, 0, 0, 0, 
378, 0, 409, -1, -1, 154, 83, 202.0, 11, , 84, 0, 0, 0, , 0, 0, 0, 0, 0, 
379, 0, 410, -1, -1, 192, 91, 205.0, 9, , 83, 0, 0, 0, , 0, 0, 0, 0, 0, 
380, 0, 411, -1, -1, 217, 91, 203.0, 11, , 134, 0, 0, 0, , 0, 0, 0, 0, 0, 
381, 0, 412, -1, -1, 260, 98, 205.0, 9, , 37, 0, 0, 0, , 0, 0, 0, 0, 0, 
382, 0, 413, -1, -1, 112, 162, 115.0, 7, , 32, 0, 0, 0, , 0, 0, 0, 0, 0, 
383, 0, 414, -1, -1, 105, 41, 120.0, 11, , 81, 0, 0, 0, , 0, 0, 0, 0, 0, 
384, 0, 415, -1, -1, 142, 32, 135.0, 9, , 54, 0, 0, 0, , 0, 0, 0, 0, 0, 
385, 0, 417, -1, -1, 192, 178, 144.0, 9, , 35, 0, 0, 0, , 0, 0, 0, 0, 0, 
386, 0, 418, -1, -1, 76, 109, 152.0, 7, , 26, 0, 0, 0, , 0, 0, 0, 0, 0, 
387, 0, 419, -1, -1, 116, 45, 151.0, 8, , 41, 0, 0, 0, , 0, 0, 0, 0, 0, 
388, 0, 420, -1, -1, 115, 48, 157.0, 7, , 50, 0, 0, 0, , 0, 0, 0, 0, 0, 
389, 0, 421, -1, -1, 78, 100, 174.0, 9, , 25, 0, 0, 0, , 0, 0, 0, 0, 0, 
390, 0, 422, -1, -1, 137, 72, 194.0, 11, , 65, 0, 0, 0, , 0, 0, 0, 0, 0, 
391, 0, 423, -1, -1, 197, 75, 198.0, 7, , 20, 0, 0, 0, , 0, 0, 0, 0, 0, 
392, 0, 424, -1, -1, 157, 130, 201.0, 8, , 19, 0, 0, 0, , 0, 0, 0, 0, 0, 
393, 0, 425, -1, -1, 192, 90, 208.0, 9, , 56, 0, 0, 0, , 0, 0, 0, 0, 0, 
394, 0, 426, -1, -1, 229, 109, 211.0, 11, , 89, 0, 0, 0, , 0, 0, 0, 0, 0, 
395, 0, 428, -1, -1, 115, 109, 183.0, 7, , 30, 0, 0, 0, , 0, 0, 0, 0, 0, 
396, 0, 429, -1, -1, 255, 80, 198.0, 7, , 31, 0, 0, 0, , 0, 0, 0, 0, 0, 
397, 0, 431, -1, -1, 222, 47, 153.0, 7, , 49, 0, 0, 0, , 0, 0, 0, 0, 0, 
398, 0, 433, -1, -1, 116, 131, 151.0, 8, , 5, 0, 0, 0, , 0, 0, 0, 0, 0, 
399, 0, 434, -1, -1, 139, 33, 139.0, 7, , 20, 0, 0, 0, , 0, 0, 0, 0, 0, 
400, 0, 435, -1, -1, 87, 143, 84.0, 9, , 40, 0, 0, 0, , 0, 0, 0, 0, 0, 
401, 0, 436, -1, -1, 82, 70, 101.0, 8, , 13, 0, 0, 0, , 0, 0, 0, 0, 0, 
402, 0, 437, -1, -1, 144, 171, 110.0, 9, , 18, 0, 0, 0, , 0, 0, 0, 0, 0, 
403, 0, 439, -1, -1, 103, 161, 128.0, 8, , 31, 0, 0, 0, , 0, 0, 0, 0, 0, 
404, 0, 440, -1, -1, 211, 176, 129.0, 7, , 11, 0, 0, 0, , 0, 0, 0, 0, 0, 
405, 0, 441, -1, -1, 116, 74, 128.0, 9, , 16, 0, 0, 0, , 0, 0, 0, 0, 0, 
406, 0, 443, -1, -1, 157, 183, 129.0, 7, , 20, 0, 0, 0, , 0, 0, 0, 0, 0, 
407, 0, 446, -1, -1, 51, 130, 142.0, 9, , 42, 0, 0, 0, , 0, 0, 0, 0, 0, 
408, 0, 447, -1, -1, 118, 52, 144.0, 8, , 27, 0, 0, 0, , 0, 0, 0, 0, 0, 
409, 0, 449, -1, -1, 100, 105, 161.0, 9, , 19, 0, 0, 0, , 0, 0, 0, 0, 0, 
410, 0, 450, -1, -1, 244, 52, 163.0, 11, , 60, 0, 0, 0, , 0, 0, 0, 0, 0, 
411, 0, 451, -1, -1, 109, 49, 164.0, 11, , 98, 0, 0, 0, , 0, 0, 0, 0, 0, 
412, 0, 453, -1, -1, 239, 50, 170.0, 9, , 46, 0, 0, 0, , 0, 0, 0, 0, 0, 
413, 0, 454, -1, -1, 58, 119, 170.0, 7, , 26, 0, 0, 0, , 0, 0, 0, 0, 0, 
414, 0, 455, -1, -1, 260, 52, 174.0, 8, , 29, 0, 0, 0, , 0, 0, 0, 0, 0, 
415, 0, 456, -1, -1, 286, 132, 177.0, 7, , 22, 0, 0, 0, , 0, 0, 0, 0, 0, 
416, 0, 457, -1, -1, 287, 70, 179.0, 9, , 25, 0, 0, 0, , 0, 0, 0, 0, 0, 
417, 0, 458, -1, -1, 79, 126, 182.0, 8, , 40, 0, 0, 0, , 0, 0, 0, 0, 0, 
418, 0, 459, -1, -1, 118, 155, 185.0, 9, , 48, 0, 0, 0, , 0, 0, 0, 0, 0, 
419, 0, 461, -1, -1, 126, 144, 190.0, 8, , 23, 0, 0, 0, , 0, 0, 0, 0, 0, 
420, 0, 462, -1, -1, 190, 73, 189.0, 11, , 185, 0, 0, 0, , 0, 0, 0, 0, 0, 
421, 0, 464, -1, -1, 261, 129, 200.0, 11, , 68, 0, 0, 0, , 0, 0, 0, 0, 0, 
422, 0, 465, -1, -1, 133, 67, 201.0, 9, , 44, 0, 0, 0, , 0, 0, 0, 0, 0, 
423, 0, 466, -1, -1, 132, 105, 204.0, 8, , 124, 0, 0, 0, , 0, 0, 0, 0, 0, 
424, 0, 467, -1, -1, 171, 86, 201.0, 8, , 11, 0, 0, 0, , 0, 0, 0, 0, 0, 
425, 0, 468, -1, -1, 200, 115, 205.0, 7, , 14, 0, 0, 0, , 0, 0, 0, 0, 0, 
426, 0, 469, -1, -1, 154, 91, 209.0, 8, , 30, 0, 0, 0, , 0, 0, 0, 0, 0, 
427, 0, 470, -1, -1, 85, 74, 160.0, 7, , 20, 0, 0, 0, , 0, 0, 0, 0, 0, 
428, 0, 471, -1, -1, 152, 33, 164.0, 9, , 58, 0, 0, 0, , 0, 0, 0, 0, 0, 
429, 0, 472, -1, -1, 265, 48, 163.0, 7, , 25, 0, 0, 0, , 0, 0, 0, 0, 0, 
430, 0, 473, -1, -1, 79, 101, 168.0, 8, , 16, 0, 0, 0, , 0, 0, 0, 0, 0, 
431, 0, 474, -1, -1, 111, 50, 170.0, 9, , 59, 0, 0, 0, , 0, 0, 0, 0, 0, 
432, 0, 475, -1, -1, 64, 122, 177.0, 9, , 32, 0, 0, 0, , 0, 0, 0, 0, 0, 
433, 0, 476, -1, -1, 109, 135, 176.0, 7, , 19, 0, 0, 0, , 0, 0, 0, 0, 0, 
434, 0, 477, -1, -1, 313, 89, 180.0, 7, , 29, 0, 0, 0, , 0, 0, 0, 0, 0, 
435, 0, 478, -1, -1, 192, 73, 186.0, 9, , 114, 0, 0, 0, , 0, 0, 0, 0, 0, 
436, 0, 479, -1, -1, 135, 101, 193.0, 9, , 72, 0, 0, 0, , 0, 0, 0, 0, 0, 
437, 0, 481, -1, -1, 218, 70, 199.0, 9, , 61, 0, 0, 0, , 0, 0, 0, 0, 0, 
438, 0, 482, -1, -1, 124, 123, 202.0, 9, , 60, 0, 0, 0, , 0, 0, 0, 0, 0, 
439, 0, 483, -1, -1, 162, 63, 199.0, 15, , 161, 0, 0, 0, , 0, 0, 0, 0, 0, 
440, 0, 484, -1, -1, 218, 72, 209.0, 11, , 141, 0, 0, 0, , 0, 0, 0, 0, 0, 
441, 0, 485, -1, -1, 221, 92, 211.0, 9, , 32, 0, 0, 0, , 0, 0, 0, 0, 0, 
442, 0, 485, -1, -1, 214, 91, 210.0, 9, , 39, 0, 0, 0, , 0, 0, 0, 0, 0, 
443, 0, 486, -1, -1, 238, 68, 196.0, 7, , 20, 0, 0, 0, , 0, 0, 0, 0, 0, 
444, 0, 487, -1, -1, 231, 68, 199.0, 8, , 7, 0, 0, 0, , 0, 0, 0, 0, 0, 
445, 0, 489, -1, -1, 250, 115, 198.0, 7, , 28, 0, 0, 0, , 0, 0, 0, 0, 0, 
446, 0, 490, -1, -1, 102, 78, 86.0, 9, , 59, 0, 0, 0, , 0, 0, 0, 0, 0, 
447, 0, 492, -1, -1, 59, 115, 105.0, 7, , 20, 0, 0, 0, , 0, 0, 0, 0, 0, 
448, 0, 493, -1, -1, 144, 35, 104.0, 7, , 28, 0, 0, 0, , 0, 0, 0, 0, 0, 
449, 0, 494, -1, -1, 96, 169, 110.0, 11, , 129, 0, 0, 0, , 0, 0, 0, 0, 0, 
450, 0, 495, -1, -1, 297, 169, 125.0, 9, , 17, 0, 0, 0, , 0, 0, 0, 0, 0, 
451, 0, 496, -1, -1, 255, 172, 132.0, 9, , 26, 0, 0, 0, , 0, 0, 0, 0, 0, 
452, 0, 497, -1, -1, 130, 34, 131.0, 11, , 57, 0, 0, 0, , 0, 0, 0, 0, 0, 
453, 0, 498, -1, -1, 66, 80, 140.0, 9, , 44, 0, 0, 0, , 0, 0, 0, 0, 0, 
454, 0, 499, -1, -1, 212, 44, 139.0, 9, , 32, 0, 0, 0, , 0, 0, 0, 0, 0, 
455, 0, 502, -1, -1, 90, 58, 149.0, 7, , 22, 0, 0, 0, , 0, 0, 0, 0, 0, 
456, 0, 503, -1, -1, 171, 65, 148.0, 9, , 20, 0, 0, 0, , 0, 0, 0, 0, 0, 
457, 0, 505, -1, -1, 80, 127, 155.0, 11, , 110, 0, 0, 0, , 0, 0, 0, 0, 0, 
458, 0, 506, -1, -1, 134, 52, 153.0, 9, , 51, 0, 0, 0, , 0, 0, 0, 0, 0, 
459, 0, 507, -1, -1, 296, 64, 155.0, 11, , 110, 0, 0, 0, , 0, 0, 0, 0, 0, 
460, 0, 508, -1, -1, 309, 67, 157.0, 9, , 29, 0, 0, 0, , 0, 0, 0, 0, 0, 
461, 0, 509, -1, -1, 140, 109, 156.0, 8, , 24, 0, 0, 0, , 0, 0, 0, 0, 0, 
462, 0, 510, -1, -1, 73, 145, 164.0, 9, , 62, 0, 0, 0, , 0, 0, 0, 0, 0, 
463, 0, 511, -1, -1, 197, 170, 166.0, 9, , 38, 0, 0, 0, , 0, 0, 0, 0, 0, 
464, 0, 512, -1, -1, 99, 160, 171.0, 7, , 28, 0, 0, 0, , 0, 0, 0, 0, 0, 
465, 0, 513, -1, -1, 142, 46, 172.0, 9, , 56, 0, 0, 0, , 0, 0, 0, 0, 0, 
466, 0, 514, -1, -1, 276, 132, 179.0, 9, , 47, 0, 0, 0, , 0, 0, 0, 0, 0, 
467, 0, 515, -1, -1, 95, 146, 188.0, 9, , 36, 0, 0, 0, , 0, 0, 0, 0, 0, 
468, 0, 516, -1, -1, 97, 124, 190.0, 9, , 65, 0, 0, 0, , 0, 0, 0, 0, 0, 
469, 0, 518, -1, -1, 121, 126, 196.0, 9, , 88, 0, 0, 0, , 0, 0, 0, 0, 0, 
470, 0, 520, -1, -1, 223, 69, 201.0, 7, , 50, 0, 0, 0, , 0, 0, 0, 0, 0, 
471, 0, 521, -1, -1, 74, 152, 126.0, 8, , 16, 0, 0, 0, , 0, 0, 0, 0, 0, 
472, 0, 522, -1, -1, 159, 94, 140.0, 9, , 39, 0, 0, 0, , 0, 0, 0, 0, 0, 
473, 0, 523, -1, -1, 295, 151, 153.0, 9, , 42, 0, 0, 0, , 0, 0, 0, 0, 0, 
474, 0, 524, -1, -1, 294, 150, 156.0, 9, , 31, 0, 0, 0, , 0, 0, 0, 0, 0, 
475, 0, 525, -1, -1, 139, 48, 167.0, 9, , 7, 0, 0, 0, , 0, 0, 0, 0, 0, 
476, 0, 526, -1, -1, 192, 150, 189.0, 9, , 68, 0, 0, 0, , 0, 0, 0, 0, 0, 
477, 0, 527, -1, -1, 302, 90, 184.0, 8, , 49, 0, 0, 0, , 0, 0, 0, 0, 0, 
478, 0, 527, -1, -1, 305, 97, 186.0, 8, , 24, 0, 0, 0, , 0, 0, 0, 0, 0, 
479, 0, 528, -1, -1, 216, 123, 202.0, 8, , 13, 0, 0, 0, , 0, 0, 0, 0, 0, 
480, 0, 529, -1, -1, 253, 52, 165.0, 9, , 49, 0, 0, 0, , 0, 0, 0, 0, 0, 
481, 0, 531, -1, -1, 77, 154, 151.0, 7, , 19, 0, 0, 0, , 0, 0, 0, 0, 0, 
482, 0, 532, -1, -1, 133, 97, 185.0, 11, , 92, 0, 0, 0, , 0, 0, 0, 0, 0, 
483, 0, 533, -1, -1, 251, 173, 128.0, 8, , 11, 0, 0, 0, , 0, 0, 0, 0, 0, 
484, 0, 534, -1, -1, 55, 121, 154.0, 7, , 28, 0, 0, 0, , 0, 0, 0, 0, 0, 
485, 0, 535, -1, -1, 214, 89, 206.0, 8, , 27, 0, 0, 0, , 0, 0, 0, 0, 0, 
486, 0, 536, -1, -1, 130, 98, 55.0, 9, , 34, 0, 0, 0, , 0, 0, 0, 0, 0, 
487, 0, 539, -1, -1, 80, 160, 112.0, 9, , 19, 0, 0, 0, , 0, 0, 0, 0, 0, 
488, 0, 540, -1, -1, 68, 145, 112.0, 8, , 32, 0, 0, 0, , 0, 0, 0, 0, 0, 
489, 0, 541, -1, -1, 48, 102, 117.0, 8, , 21, 0, 0, 0, , 0, 0, 0, 0, 0, 
490, 0, 542, -1, -1, 137, 178, 123.0, 8, , 18, 0, 0, 0, , 0, 0, 0, 0, 0, 
491, 0, 544, -1, -1, 297, 152, 114.0, 7, , 20, 0, 0, 0, , 0, 0, 0, 0, 0, 
492, 0, 545, -1, -1, 266, 87, 132.0, 8, , 22, 0, 0, 0, , 0, 0, 0, 0, 0, 
493, 0, 546, -1, -1, 127, 40, 129.0, 7, , 14, 0, 0, 0, , 0, 0, 0, 0, 0, 
494, 0, 547, -1, -1, 98, 162, 125.0, 9, , 24, 0, 0, 0, , 0, 0, 0, 0, 0, 
495, 0, 548, -1, -1, 67, 107, 129.0, 9, , 26, 0, 0, 0, , 0, 0, 0, 0, 0, 
496, 0, 549, -1, -1, 125, 116, 132.0, 9, , 7, 0, 0, 0, , 0, 0, 0, 0, 0, 
497, 0, 550, -1, -1, 260, 95, 130.0, 8, , 3, 0, 0, 0, , 0, 0, 0, 0, 0, 
498, 0, 551, -1, -1, 115, 49, 134.0, 8, , 21, 0, 0, 0, , 0, 0, 0, 0, 0, 
499, 0, 553, -1, -1, 303, 151, 137.0, 8, , 20, 0, 0, 0, , 0, 0, 0, 0, 0, 
500, 0, 556, -1, -1, 274, 168, 149.0, 9, , 31, 0, 0, 0, , 0, 0, 0, 0, 0, 
501, 0, 558, -1, -1, 127, 173, 149.0, 9, , 9, 0, 0, 0, , 0, 0, 0, 0, 0, 
502, 0, 559, -1, -1, 61, 119, 155.0, 7, , 24, 0, 0, 0, , 0, 0, 0, 0, 0, 
503, 0, 560, -1, -1, 214, 181, 157.0, 9, , 8, 0, 0, 0, , 0, 0, 0, 0, 0, 
504, 0, 561, -1, -1, 64, 91, 157.0, 9, , 39, 0, 0, 0, , 0, 0, 0, 0, 0, 
505, 0, 562, -1, -1, 182, 46, 161.0, 8, , 48, 0, 0, 0, , 0, 0, 0, 0, 0, 
506, 0, 565, -1, -1, 199, 45, 165.0, 7, , 15, 0, 0, 0, , 0, 0, 0, 0, 0, 
507, 0, 566, -1, -1, 239, 56, 165.0, 7, , 16, 0, 0, 0, , 0, 0, 0, 0, 0, 
508, 0, 567, -1, -1, 134, 146, 169.0, 9, , 43, 0, 0, 0, , 0, 0, 0, 0, 0, 
509, 0, 568, -1, -1, 95, 58, 173.0, 7, , 22, 0, 0, 0, , 0, 0, 0, 0, 0, 
510, 0, 570, -1, -1, 123, 55, 178.0, 7, , 16, 0, 0, 0, , 0, 0, 0, 0, 0, 
511, 0, 571, -1, -1, 280, 70, 180.0, 8, , 18, 0, 0, 0, , 0, 0, 0, 0, 0, 
512, 0, 572, -1, -1, 118, 156, 180.0, 9, , 47, 0, 0, 0, , 0, 0, 0, 0, 0, 
513, 0, 574, -1, -1, 141, 57, 190.0, 9, , 66, 0, 0, 0, , 0, 0, 0, 0, 0, 
514, 0, 575, -1, -1, 151, 85, 192.0, 11, , 29, 0, 0, 0, , 0, 0, 0, 0, 0, 
515, 0, 577, -1, -1, 162, 60, 192.0, 9, , 57, 0, 0, 0, , 0, 0, 0, 0, 0, 
516, 0, 578, -1, -1, 283, 105, 187.0, 7, , 28, 0, 0, 0, , 0, 0, 0, 0, 0, 
517, 0, 579, -1, -1, 250, 64, 192.0, 8, , 5, 0, 0, 0, , 0, 0, 0, 0, 0, 
518, 0, 580, -1, -1, 188, 104, 195.0, 8, , 30, 0, 0, 0, , 0, 0, 0, 0, 0, 
519, 0, 581, -1, -1, 175, 124, 193.0, 9, , 43, 0, 0, 0, , 0, 0, 0, 0, 0, 
520, 0, 582, -1, -1, 260, 82, 200.0, 7, , 13, 0, 0, 0, , 0, 0, 0, 0, 0, 
521, 0, 583, -1, -1, 111, 92, 201.0, 11, , 86, 0, 0, 0, , 0, 0, 0, 0, 0, 
522, 0, 584, -1, -1, 254, 85, 204.0, 11, , 88, 0, 0, 0, , 0, 0, 0, 0, 0, 
523, 0, 585, -1, -1, 220, 71, 205.0, 11, , 157, 0, 0, 0, , 0, 0, 0, 0, 0, 
524, 0, 586, -1, -1, 92, 52, 150.0, 9, , 49, 0, 0, 0, , 0, 0, 0, 0, 0, 
525, 0, 587, -1, -1, 151, 32, 162.0, 9, , 30, 0, 0, 0, , 0, 0, 0, 0, 0, 
526, 0, 588, -1, -1, 101, 79, 183.0, 7, , 49, 0, 0, 0, , 0, 0, 0, 0, 0, 
527, 0, 589, -1, -1, 118, 154, 182.0, 9, , 55, 0, 0, 0, , 0, 0, 0, 0, 0, 
528, 0, 590, -1, -1, 122, 138, 188.0, 8, , 22, 0, 0, 0, , 0, 0, 0, 0, 0, 
529, 0, 591, -1, -1, 101, 81, 188.0, 7, , 24, 0, 0, 0, , 0, 0, 0, 0, 0, 
530, 0, 592, -1, -1, 190, 71, 195.0, 7, , 18, 0, 0, 0, , 0, 0, 0, 0, 0, 
531, 0, 593, -1, -1, 281, 112, 197.0, 8, , 46, 0, 0, 0, , 0, 0, 0, 0, 0, 
532, 0, 594, -1, -1, 166, 79, 201.0, 8, , 24, 0, 0, 0, , 0, 0, 0, 0, 0, 
533, 0, 595, -1, -1, 178, 110, 209.0, 9, , 43, 0, 0, 0, , 0, 0, 0, 0, 0, 
534, 0, 596, -1, -1, 242, 92, 207.0, 7, , 30, 0, 0, 0, , 0, 0, 0, 0, 0, 
535, 0, 597, -1, -1, 94, 147, 183.0, 7, , 19, 0, 0, 0, , 0, 0, 0, 0, 0, 
536, 0, 599, -1, -1, 302, 117, 181.0, 9, , 61, 0, 0, 0, , 0, 0, 0, 0, 0, 
537, 0, 601, -1, -1, 286, 63, 179.0, 7, , 28, 0, 0, 0, , 0, 0, 0, 0, 0, 
538, 0, 606, -1, -1, 150, 164, 107.0, 8, , 4, 0, 0, 0, , 0, 0, 0, 0, 0, 
539, 0, 608, -1, -1, 297, 151, 111.0, 9, , 23, 0, 0, 0, , 0, 0, 0, 0, 0, 
540, 0, 610, -1, -1, 156, 31, 120.0, 9, , 6, 0, 0, 0, , 0, 0, 0, 0, 0, 
541, 0, 612, -1, -1, 52, 107, 118.0, 8, , 16, 0, 0, 0, , 0, 0, 0, 0, 0, 
542, 0, 613, -1, -1, 54, 104, 121.0, 8, , 15, 0, 0, 0, , 0, 0, 0, 0, 0, 
543, 0, 614, -1, -1, 91, 55, 129.0, 8, , 15, 0, 0, 0, , 0, 0, 0, 0, 0, 
544, 0, 615, -1, -1, 136, 171, 125.0, 8, , 32, 0, 0, 0, , 0, 0, 0, 0, 0, 
545, 0, 616, -1, -1, 53, 129, 132.0, 9, , 51, 0, 0, 0, , 0, 0, 0, 0, 0, 
546, 0, 617, -1, -1, 207, 179, 130.0, 7, , 27, 0, 0, 0, , 0, 0, 0, 0, 0, 
547, 0, 618, -1, -1, 67, 64, 135.0, 7, , 42, 0, 0, 0, , 0, 0, 0, 0, 0, 
548, 0, 619, -1, -1, 95, 56, 139.0, 9, , 27, 0, 0, 0, , 0, 0, 0, 0, 0, 
549, 0, 620, -1, -1, 149, 33, 137.0, 8, , 28, 0, 0, 0, , 0, 0, 0, 0, 0, 
550, 0, 622, -1, -1, 76, 94, 143.0, 11, , 29, 0, 0, 0, , 0, 0, 0, 0, 0, 
551, 0, 623, -1, -1, 120, 106, 143.0, 11, , 13, 0, 0, 0, , 0, 0, 0, 0, 0, 
552, 0, 624, -1, -1, 190, 176, 141.0, 8, , 26, 0, 0, 0, , 0, 0, 0, 0, 0, 
553, 0, 626, -1, -1, 80, 67, 156.0, 8, , 27, 0, 0, 0, , 0, 0, 0, 0, 0, 
554, 0, 627, -1, -1, 139, 53, 154.0, 11, , 142, 0, 0, 0, , 0, 0, 0, 0, 0, 
555, 0, 628, -1, -1, 291, 103, 157.0, 8, , 26, 0, 0, 0, , 0, 0, 0, 0, 0, 
556, 0, 629, -1, -1, 100, 106, 157.0, 8, , 21, 0, 0, 0, , 0, 0, 0, 0, 0, 
557, 0, 630, -1, -1, 160, 43, 156.0, 9, , 22, 0, 0, 0, , 0, 0, 0, 0, 0, 
558, 0, 631, -1, -1, 131, 53, 162.0, 8, , 30, 0, 0, 0, , 0, 0, 0, 0, 0, 
559, 0, 633, -1, -1, 124, 72, 166.0, 9, , 18, 0, 0, 0, , 0, 0, 0, 0, 0, 
560, 0, 634, -1, -1, 102, 83, 169.0, 9, , 36, 0, 0, 0, , 0, 0, 0, 0, 0, 
561, 0, 636, -1, -1, 255, 53, 171.0, 9, , 60, 0, 0, 0, , 0, 0, 0, 0, 0, 
562, 0, 637, -1, -1, 127, 55, 172.0, 7, , 47, 0, 0, 0, , 0, 0, 0, 0, 0, 
563, 0, 638, -1, -1, 171, 108, 172.0, 8, , 9, 0, 0, 0, , 0, 0, 0, 0, 0, 
564, 0, 639, -1, -1, 218, 50, 183.0, 8, , 15, 0, 0, 0, , 0, 0, 0, 0, 0, 
565, 0, 641, -1, -1, 223, 158, 185.0, 9, , 16, 0, 0, 0, , 0, 0, 0, 0, 0, 
566, 0, 642, -1, -1, 192, 149, 186.0, 9, , 138, 0, 0, 0, , 0, 0, 0, 0, 0, 
567, 0, 643, -1, -1, 227, 55, 184.0, 8, , 15, 0, 0, 0, , 0, 0, 0, 0, 0, 
568, 0, 644, -1, -1, 99, 79, 191.0, 8, , 20, 0, 0, 0, , 0, 0, 0, 0, 0, 
569, 0, 645, -1, -1, 299, 94, 194.0, 8, , 53, 0, 0, 0, , 0, 0, 0, 0, 0, 
570, 0, 646, -1, -1, 201, 133, 193.0, 8, , 27, 0, 0, 0, , 0, 0, 0, 0, 0, 
571, 0, 648, -1, -1, 227, 158, 194.0, 9, , 36, 0, 0, 0, , 0, 0, 0, 0, 0, 
572, 0, 649, -1, -1, 254, 68, 194.0, 9, , 24, 0, 0, 0, , 0, 0, 0, 0, 0, 
573, 0, 650, -1, -1, 258, 92, 196.0, 7, , 27, 0, 0, 0, , 0, 0, 0, 0, 0, 
574, 0, 651, -1, -1, 145, 58, 197.0, 7, , 28, 0, 0, 0, , 0, 0, 0, 0, 0, 
575, 0, 652, -1, -1, 200, 134, 197.0, 9, , 21, 0, 0, 0, , 0, 0, 0, 0, 0, 
576, 0, 653, -1, -1, 151, 90, 199.0, 8, , 29, 0, 0, 0, , 0, 0, 0, 0, 0, 
577, 0, 654, -1, -1, 174, 124, 206.0, 7, , 22, 0, 0, 0, , 0, 0, 0, 0, 0, 
578, 0, 655, -1, -1, 160, 112, 206.0, 8, , 46, 0, 0, 0, , 0, 0, 0, 0, 0, 
579, 0, 656, -1, -1, 197, 115, 211.0, 9, , 31, 0, 0, 0, , 0, 0, 0, 0, 0, 
580, 0, 657, -1, -1, 104, 164, 93.0, 9, , 37, 0, 0, 0, , 0, 0, 0, 0, 0, 
581, 0, 659, -1, -1, 94, 171, 115.0, 9, , 33, 0, 0, 0, , 0, 0, 0, 0, 0, 
582, 0, 660, -1, -1, 75, 158, 125.0, 7, , 20, 0, 0, 0, , 0, 0, 0, 0, 0, 
583, 0, 661, -1, -1, 97, 163, 131.0, 7, , 7, 0, 0, 0, , 0, 0, 0, 0, 0, 
584, 0, 662, -1, -1, 86, 104, 144.0, 7, , 21, 0, 0, 0, , 0, 0, 0, 0, 0, 
585, 0, 663, -1, -1, 219, 179, 151.0, 9, , 6, 0, 0, 0, , 0, 0, 0, 0, 0, 
586, 0, 665, -1, -1, 89, 52, 159.0, 8, , 61, 0, 0, 0, , 0, 0, 0, 0, 0, 
587, 0, 666, -1, -1, 295, 64, 165.0, 11, , 91, 0, 0, 0, , 0, 0, 0, 0, 0, 
588, 0, 668, -1, -1, 99, 61, 179.0, 8, , 18, 0, 0, 0, , 0, 0, 0, 0, 0, 
589, 0, 669, -1, -1, 173, 111, 180.0, 8, , 20, 0, 0, 0, , 0, 0, 0, 0, 0, 
590, 0, 670, -1, -1, 291, 125, 187.0, 9, , 113, 0, 0, 0, , 0, 0, 0, 0, 0, 
591, 0, 671, -1, -1, 286, 89, 188.0, 8, , 9, 0, 0, 0, , 0, 0, 0, 0, 0, 
592, 0, 672, -1, -1, 62, 140, 113.0, 8, , 34, 0, 0, 0, , 0, 0, 0, 0, 0, 
593, 0, 673, -1, -1, 278, 52, 154.0, 9, , 43, 0, 0, 0, , 0, 0, 0, 0, 0, 
594, 0, 674, -1, -1, 195, 149, 178.0, 9, , 60, 0, 0, 0, , 0, 0, 0, 0, 0, 
595, 0, 675, -1, -1, 307, 119, 176.0, 7, , 37, 0, 0, 0, , 0, 0, 0, 0, 0, 
596, 0, 677, -1, -1, 180, 172, 115.0, 7, , 5, 0, 0, 0, , 0, 0, 0, 0, 0, 
597, 0, 678, -1, -1, 209, 41, 132.0, 8, , 49, 0, 0, 0, , 0, 0, 0, 0, 0, 
598, 0, 679, -1, -1, 123, 72, 80.0, 9, , 28, 0, 0, 0, , 0, 0, 0, 0, 0, 
599, 0, 681, -1, -1, 91, 73, 103.0, 8, , 19, 0, 0, 0, , 0, 0, 0, 0, 0, 
600, 0, 683, -1, -1, 133, 116, 129.0, 8, , 20, 0, 0, 0, , 0, 0, 0, 0, 0, 
601, 0, 686, -1, -1, 163, 64, 135.0, 9, , 18, 0, 0, 0, , 0, 0, 0, 0, 0, 
602, 0, 687, -1, -1, 182, 92, 137.0, 9, , 14, 0, 0, 0, , 0, 0, 0, 0, 0, 
603, 0, 688, -1, -1, 56, 130, 137.0, 7, , 25, 0, 0, 0, , 0, 0, 0, 0, 0, 
604, 0, 689, -1, -1, 135, 161, 140.0, 7, , 29, 0, 0, 0, , 0, 0, 0, 0, 0, 
605, 0, 690, -1, -1, 301, 63, 139.0, 7, , 13, 0, 0, 0, , 0, 0, 0, 0, 0, 
606, 0, 691, -1, -1, 189, 182, 139.0, 8, , 20, 0, 0, 0, , 0, 0, 0, 0, 0, 
607, 0, 692, -1, -1, 181, 91, 145.0, 9, , 44, 0, 0, 0, , 0, 0, 0, 0, 0, 
608, 0, 695, -1, -1, 216, 51, 150.0, 8, , 32, 0, 0, 0, , 0, 0, 0, 0, 0, 
609, 0, 696, -1, -1, 64, 139, 150.0, 8, , 5, 0, 0, 0, , 0, 0, 0, 0, 0, 
610, 0, 697, -1, -1, 148, 172, 155.0, 8, , 18, 0, 0, 0, , 0, 0, 0, 0, 0, 
611, 0, 698, -1, -1, 82, 74, 156.0, 8, , 18, 0, 0, 0, , 0, 0, 0, 0, 0, 
612, 0, 699, -1, -1, 186, 139, 156.0, 9, , 11, 0, 0, 0, , 0, 0, 0, 0, 0, 
613, 0, 700, -1, -1, 221, 48, 156.0, 8, , 21, 0, 0, 0, , 0, 0, 0, 0, 0, 
614, 0, 702, -1, -1, 288, 103, 164.0, 8, , 15, 0, 0, 0, , 0, 0, 0, 0, 0, 
615, 0, 703, -1, -1, 157, 49, 163.0, 7, , 10, 0, 0, 0, , 0, 0, 0, 0, 0, 
616, 0, 704, -1, -1, 289, 103, 167.0, 7, , 17, 0, 0, 0, , 0, 0, 0, 0, 0, 
617, 0, 705, -1, -1, 70, 145, 169.0, 8, , 25, 0, 0, 0, , 0, 0, 0, 0, 0, 
618, 0, 706, -1, -1, 147, 166, 167.0, 8, , 33, 0, 0, 0, , 0, 0, 0, 0, 0, 
619, 0, 707, -1, -1, 66, 117, 171.0, 7, , 27, 0, 0, 0, , 0, 0, 0, 0, 0, 
620, 0, 708, -1, -1, 139, 44, 170.0, 11, , 135, 0, 0, 0, , 0, 0, 0, 0, 0, 
621, 0, 709, -1, -1, 66, 124, 172.0, 8, , 23, 0, 0, 0, , 0, 0, 0, 0, 0, 
622, 0, 710, -1, -1, 146, 83, 178.0, 7, , 24, 0, 0, 0, , 0, 0, 0, 0, 0, 
623, 0, 711, -1, -1, 73, 84, 180.0, 8, , 20, 0, 0, 0, , 0, 0, 0, 0, 0, 
624, 0, 712, -1, -1, 303, 95, 187.0, 11, , 115, 0, 0, 0, , 0, 0, 0, 0, 0, 
625, 0, 713, -1, -1, 161, 96, 191.0, 9, , 50, 0, 0, 0, , 0, 0, 0, 0, 0, 
626, 0, 714, -1, -1, 88, 99, 189.0, 7, , 12, 0, 0, 0, , 0, 0, 0, 0, 0, 
627, 0, 715, -1, -1, 112, 153, 189.0, 9, , 39, 0, 0, 0, , 0, 0, 0, 0, 0, 
628, 0, 717, -1, -1, 273, 75, 193.0, 8, , 35, 0, 0, 0, , 0, 0, 0, 0, 0, 
629, 0, 718, -1, -1, 151, 82, 204.0, 9, , 45, 0, 0, 0, , 0, 0, 0, 0, 0, 
630, 0, 719, -1, -1, 183, 127, 203.0, 9, , 23, 0, 0, 0, , 0, 0, 0, 0, 0, 
631, 0, 720, -1, -1, 87, 145, 83.0, 11, , 40, 0, 0, 0, , 0, 0, 0, 0, 0, 
632, 0, 721, -1, -1, 274, 140, 124.0, 8, , 7, 0, 0, 0, , 0, 0, 0, 0, 0, 
633, 0, 722, -1, -1, 176, 176, 127.0, 8, , 27, 0, 0, 0, , 0, 0, 0, 0, 0, 
634, 0, 723, -1, -1, 55, 129, 135.0, 9, , 38, 0, 0, 0, , 0, 0, 0, 0, 0, 
635, 0, 724, -1, -1, 182, 91, 142.0, 11, , 62, 0, 0, 0, , 0, 0, 0, 0, 0, 
636, 0, 725, -1, -1, 141, 41, 172.0, 9, , 68, 0, 0, 0, , 0, 0, 0, 0, 0, 
637, 0, 727, -1, -1, 268, 75, 190.0, 8, , 14, 0, 0, 0, , 0, 0, 0, 0, 0, 
638, 0, 729, -1, -1, 123, 123, 204.0, 9, , 38, 0, 0, 0, , 0, 0, 0, 0, 0, 
639, 0, 730, -1, -1, 154, 98, 205.0, 8, , 38, 0, 0, 0, , 0, 0, 0, 0, 0, 
640, 0, 731, -1, -1, 187, 73, 188.0, 7, , 56, 0, 0, 0, , 0, 0, 0, 0, 0, 
641, 0, 732, -1, -1, 115, 125, 206.0, 8, , 30, 0, 0, 0, , 0, 0, 0, 0, 0, 
642, 0, 733, -1, -1, 125, 72, 83.0, 9, , 38, 0, 0, 0, , 0, 0, 0, 0, 0, 
643, 0, 734, -1, -1, 233, 174, 119.0, 8, , 1, 0, 0, 0, , 0, 0, 0, 0, 0, 
644, 0, 735, -1, -1, 157, 164, 143.0, 7, , 20, 0, 0, 0, , 0, 0, 0, 0, 0, 
645, 0, 736, -1, -1, 261, 74, 162.0, 8, , 20, 0, 0, 0, , 0, 0, 0, 0, 0, 
646, 0, 737, -1, -1, 98, 80, 187.0, 9, , 44, 0, 0, 0, , 0, 0, 0, 0, 0, 
647, 0, 738, -1, -1, 131, 90, 197.0, 8, , 21, 0, 0, 0, , 0, 0, 0, 0, 0, 
648, 0, 739, -1, -1, 124, 161, 96.0, 8, , 42, 0, 0, 0, , 0, 0, 0, 0, 0, 
649, 0, 740, -1, -1, 59, 114, 114.0, 8, , 96, 0, 0, 0, , 0, 0, 0, 0, 0, 
650, 0, 741, -1, -1, 73, 124, 151.0, 8, , 51, 0, 0, 0, , 0, 0, 0, 0, 0, 
651, 0, 743, -1, -1, 102, 65, 169.0, 7, , 19, 0, 0, 0, , 0, 0, 0, 0, 0, 
652, 0, 744, -1, -1, 311, 115, 182.0, 7, , 22, 0, 0, 0, , 0, 0, 0, 0, 0, 
653, 0, 745, -1, -1, 241, 82, 112.0, 8, , 62, 0, 0, 0, , 0, 0, 0, 0, 0, 
654, 0, 746, -1, -1, 203, 139, 68.0, 8, , 27, 0, 0, 0, , 0, 0, 0, 0, 0, 
655, 0, 747, -1, -1, 88, 81, 69.0, 9, , 16, 0, 0, 0, , 0, 0, 0, 0, 0, 
656, 0, 748, -1, -1, 91, 141, 73.0, 7, , 30, 0, 0, 0, , 0, 0, 0, 0, 0, 
657, 0, 749, -1, -1, 203, 141, 74.0, 8, , 20, 0, 0, 0, , 0, 0, 0, 0, 0, 
658, 0, 750, -1, -1, 132, 88, 75.0, 9, , 32, 0, 0, 0, , 0, 0, 0, 0, 0, 
659, 0, 751, -1, -1, 123, 71, 76.0, 9, , 23, 0, 0, 0, , 0, 0, 0, 0, 0, 
660, 0, 752, -1, -1, 117, 58, 92.0, 7, , 4, 0, 0, 0, , 0, 0, 0, 0, 0, 
661, 0, 753, -1, -1, 187, 39, 97.0, 9, , 23, 0, 0, 0, , 0, 0, 0, 0, 0, 
662, 0, 754, -1, -1, 83, 147, 97.0, 11, , 60, 0, 0, 0, , 0, 0, 0, 0, 0, 
663, 0, 755, -1, -1, 82, 146, 99.0, 9, , 25, 0, 0, 0, , 0, 0, 0, 0, 0, 
664, 0, 756, -1, -1, 152, 166, 102.0, 7, , 28, 0, 0, 0, , 0, 0, 0, 0, 0, 
665, 0, 757, -1, -1, 72, 93, 103.0, 7, , 7, 0, 0, 0, , 0, 0, 0, 0, 0, 
666, 0, 758, -1, -1, 67, 93, 105.0, 8, , 31, 0, 0, 0, , 0, 0, 0, 0, 0, 
667, 0, 759, -1, -1, 297, 152, 116.0, 7, , 17, 0, 0, 0, , 0, 0, 0, 0, 0, 
668, 0, 760, -1, -1, 160, 87, 118.0, 11, , 17, 0, 0, 0, , 0, 0, 0, 0, 0, 
669, 0, 761, -1, -1, 208, 65, 118.0, 9, , 23, 0, 0, 0, , 0, 0, 0, 0, 0, 
670, 0, 762, -1, -1, 128, 38, 121.0, 13, , 156, 0, 0, 0, , 0, 0, 0, 0, 0, 
671, 0, 763, -1, -1, 156, 180, 122.0, 11, , 44, 0, 0, 0, , 0, 0, 0, 0, 0, 
672, 0, 764, -1, -1, 57, 126, 126.0, 9, , 25, 0, 0, 0, , 0, 0, 0, 0, 0, 
673, 0, 765, -1, -1, 124, 37, 125.0, 11, , 70, 0, 0, 0, , 0, 0, 0, 0, 0, 
674, 0, 766, -1, -1, 269, 86, 123.0, 7, , 5, 0, 0, 0, , 0, 0, 0, 0, 0, 
675, 0, 767, -1, -1, 211, 66, 126.0, 8, , 41, 0, 0, 0, , 0, 0, 0, 0, 0, 
676, 0, 768, -1, -1, 273, 81, 129.0, 8, , 16, 0, 0, 0, , 0, 0, 0, 0, 0, 
677, 0, 769, -1, -1, 301, 170, 127.0, 8, , 16, 0, 0, 0, , 0, 0, 0, 0, 0, 
678, 0, 770, -1, -1, 67, 154, 127.0, 9, , 7, 0, 0, 0, , 0, 0, 0, 0, 0, 
679, 0, 771, -1, -1, 295, 167, 128.0, 7, , 31, 0, 0, 0, , 0, 0, 0, 0, 0, 
680, 0, 772, -1, -1, 263, 83, 138.0, 9, , 30, 0, 0, 0, , 0, 0, 0, 0, 0, 
681, 0, 773, -1, -1, 74, 63, 140.0, 9, , 23, 0, 0, 0, , 0, 0, 0, 0, 0, 
682, 0, 774, -1, -1, 160, 94, 149.0, 9, , 47, 0, 0, 0, , 0, 0, 0, 0, 0, 
683, 0, 775, -1, -1, 52, 120, 148.0, 8, , 11, 0, 0, 0, , 0, 0, 0, 0, 0, 
684, 0, 776, -1, -1, 69, 93, 153.0, 7, , 11, 0, 0, 0, , 0, 0, 0, 0, 0, 
685, 0, 777, -1, -1, 159, 138, 154.0, 9, , 33, 0, 0, 0, , 0, 0, 0, 0, 0, 
686, 0, 778, -1, -1, 115, 106, 154.0, 7, , 26, 0, 0, 0, , 0, 0, 0, 0, 0, 
687, 0, 779, -1, -1, 291, 87, 153.0, 8, , 11, 0, 0, 0, , 0, 0, 0, 0, 0, 
688, 0, 781, -1, -1, 103, 84, 157.0, 11, , 10, 0, 0, 0, , 0, 0, 0, 0, 0, 
689, 0, 782, -1, -1, 60, 118, 157.0, 7, , 22, 0, 0, 0, , 0, 0, 0, 0, 0, 
690, 0, 783, -1, -1, 147, 32, 156.0, 9, , 41, 0, 0, 0, , 0, 0, 0, 0, 0, 
691, 0, 784, -1, -1, 66, 135, 156.0, 8, , 13, 0, 0, 0, , 0, 0, 0, 0, 0, 
692, 0, 785, -1, -1, 291, 103, 159.0, 7, , 26, 0, 0, 0, , 0, 0, 0, 0, 0, 
693, 0, 786, -1, -1, 53, 118, 158.0, 7, , 13, 0, 0, 0, , 0, 0, 0, 0, 0, 
694, 0, 787, -1, -1, 300, 65, 160.0, 8, , 31, 0, 0, 0, , 0, 0, 0, 0, 0, 
695, 0, 788, -1, -1, 110, 49, 165.0, 7, , 37, 0, 0, 0, , 0, 0, 0, 0, 0, 
696, 0, 789, -1, -1, 289, 88, 163.0, 9, , 30, 0, 0, 0, , 0, 0, 0, 0, 0, 
697, 0, 790, -1, -1, 98, 82, 167.0, 9, , 28, 0, 0, 0, , 0, 0, 0, 0, 0, 
698, 0, 791, -1, -1, 198, 146, 168.0, 9, , 39, 0, 0, 0, , 0, 0, 0, 0, 0, 
699, 0, 792, -1, -1, 112, 57, 169.0, 7, , 25, 0, 0, 0, , 0, 0, 0, 0, 0, 
700, 0, 793, -1, -1, 132, 75, 168.0, 7, , 14, 0, 0, 0, , 0, 0, 0, 0, 0, 
701, 0, 794, -1, -1, 274, 131, 173.0, 8, , 20, 0, 0, 0, , 0, 0, 0, 0, 0, 
702, 0, 795, -1, -1, 83, 73, 178.0, 9, , 73, 0, 0, 0, , 0, 0, 0, 0, 0, 
703, 0, 796, -1, -1, 310, 115, 179.0, 9, , 42, 0, 0, 0, , 0, 0, 0, 0, 0, 
704, 0, 797, -1, -1, 84, 74, 181.0, 9, , 53, 0, 0, 0, , 0, 0, 0, 0, 0, 
705, 0, 798, -1, -1, 152, 117, 183.0, 7, , 30, 0, 0, 0, , 0, 0, 0, 0, 0, 
706, 0, 799, -1, -1, 74, 88, 183.0, 11, , 86, 0, 0, 0, , 0, 0, 0, 0, 0, 
707, 0, 800, -1, -1, 78, 128, 186.0, 8, , 35, 0, 0, 0, , 0, 0, 0, 0, 0, 
708, 0, 801, -1, -1, 182, 123, 185.0, 8, , 17, 0, 0, 0, , 0, 0, 0, 0, 0, 
709, 0, 802, -1, -1, 147, 119, 191.0, 11, , 147, 0, 0, 0, , 0, 0, 0, 0, 0, 
710, 0, 803, -1, -1, 232, 55, 189.0, 13, , 141, 0, 0, 0, , 0, 0, 0, 0, 0, 
711, 0, 804, -1, -1, 94, 145, 190.0, 9, , 32, 0, 0, 0, , 0, 0, 0, 0, 0, 
712, 0, 805, -1, -1, 160, 66, 191.0, 9, , 30, 0, 0, 0, , 0, 0, 0, 0, 0, 
713, 0, 806, -1, -1, 233, 67, 195.0, 8, , 22, 0, 0, 0, , 0, 0, 0, 0, 0, 
714, 0, 807, -1, -1, 160, 96, 196.0, 9, , 47, 0, 0, 0, , 0, 0, 0, 0, 0, 
715, 0, 808, -1, -1, 191, 55, 194.0, 8, , 29, 0, 0, 0, , 0, 0, 0, 0, 0, 
716, 0, 809, -1, -1, 168, 83, 199.0, 8, , 27, 0, 0, 0, , 0, 0, 0, 0, 0, 
717, 0, 810, -1, -1, 127, 86, 202.0, 8, , 50, 0, 0, 0, , 0, 0, 0, 0, 0, 
718, 0, 811, -1, -1, 230, 105, 205.0, 9, , 22, 0, 0, 0, , 0, 0, 0, 0, 0, 
719, 0, 812, -1, -1, 219, 136, 207.0, 11, , 14, 0, 0, 0, , 0, 0, 0, 0, 0, 
720, 0, 813, -1, -1, 243, 84, 121.0, 7, , 28, 0, 0, 0, , 0, 0, 0, 0, 0, 
721, 0, 814, -1, -1, 54, 102, 123.0, 7, , 28, 0, 0, 0, , 0, 0, 0, 0, 0, 
722, 0, 815, -1, -1, 44, 92, 137.0, 8, , 26, 0, 0, 0, , 0, 0, 0, 0, 0, 
723, 0, 817, -1, -1, 77, 127, 147.0, 11, , 106, 0, 0, 0, , 0, 0, 0, 0, 0, 
724, 0, 819, -1, -1, 290, 90, 152.0, 9, , 25, 0, 0, 0, , 0, 0, 0, 0, 0, 
725, 0, 820, -1, -1, 104, 64, 156.0, 7, , 39, 0, 0, 0, , 0, 0, 0, 0, 0, 
726, 0, 821, -1, -1, 287, 88, 156.0, 7, , 21, 0, 0, 0, , 0, 0, 0, 0, 0, 
727, 0, 823, -1, -1, 265, 51, 169.0, 7, , 22, 0, 0, 0, , 0, 0, 0, 0, 0, 
728, 0, 824, -1, -1, 289, 69, 180.0, 7, , 11, 0, 0, 0, , 0, 0, 0, 0, 0, 
729, 0, 825, -1, -1, 86, 74, 185.0, 9, , 74, 0, 0, 0, , 0, 0, 0, 0, 0, 
730, 0, 826, -1, -1, 144, 62, 188.0, 7, , 38, 0, 0, 0, , 0, 0, 0, 0, 0, 
731, 0, 827, -1, -1, 117, 111, 190.0, 9, , 91, 0, 0, 0, , 0, 0, 0, 0, 0, 
732, 0, 828, -1, -1, 193, 112, 205.0, 8, , 17, 0, 0, 0, , 0, 0, 0, 0, 0, 
733, 0, 829, -1, -1, 146, 31, 145.0, 9, , 22, 0, 0, 0, , 0, 0, 0, 0, 0, 
734, 0, 830, -1, -1, 289, 123, 194.0, 9, , 70, 0, 0, 0, , 0, 0, 0, 0, 0, 
735, 0, -1, -1, -1, 78, 89, 96.0, 11, , 53, 0, 0, 0, , 0, 0, 0, 0, 0, 
736, 0, -1, -1, -1, 100, 84, 159.0, 9, , 19, 0, 0, 0, , 0, 0, 0, 0, 0, 
737, 0, -1, -1, -1, 264, 98, 193.0, 9, , 96, 0, 0, 0, , 0, 0, 0, 0, 0, 
738, 0, -1, -1, -1, 83, 73, 97.0, 9, , 15, 0, 0, 0, , 0, 0, 0, 0, 0, 
739, 0, -1, -1, -1, 133, 178, 119.0, 8, , 17, 0, 0, 0, , 0, 0, 0, 0, 0, 
740, 0, -1, -1, -1, 103, 41, 127.0, 9, , 45, 0, 0, 0, , 0, 0, 0, 0, 0, 
741, 0, -1, -1, -1, 145, 97, 128.0, 9, , 39, 0, 0, 0, , 0, 0, 0, 0, 0, 
742, 0, -1, -1, -1, 270, 91, 129.0, 9, , 18, 0, 0, 0, , 0, 0, 0, 0, 0, 
743, 0, -1, -1, -1, 260, 88, 134.0, 8, , 14, 0, 0, 0, , 0, 0, 0, 0, 0, 
744, 0, -1, -1, -1, 80, 94, 137.0, 9, , 23, 0, 0, 0, , 0, 0, 0, 0, 0, 
745, 0, -1, -1, -1, 188, 44, 139.0, 9, , 78, 0, 0, 0, , 0, 0, 0, 0, 0, 
746, 0, -1, -1, -1, 205, 47, 142.0, 9, , 32, 0, 0, 0, , 0, 0, 0, 0, 0, 
747, 0, -1, -1, -1, 307, 151, 142.0, 9, , 58, 0, 0, 0, , 0, 0, 0, 0, 0, 
748, 0, -1, -1, -1, 60, 121, 147.0, 9, , 33, 0, 0, 0, , 0, 0, 0, 0, 0, 
749, 0, -1, -1, -1, 104, 61, 147.0, 9, , 26, 0, 0, 0, , 0, 0, 0, 0, 0, 
750, 0, -1, -1, -1, 145, 178, 148.0, 8, , 14, 0, 0, 0, , 0, 0, 0, 0, 0, 
751, 0, -1, -1, -1, 87, 106, 151.0, 8, , 35, 0, 0, 0, , 0, 0, 0, 0, 0, 
752, 0, -1, -1, -1, 295, 120, 158.0, 7, , 10, 0, 0, 0, , 0, 0, 0, 0, 0, 
753, 0, -1, -1, -1, 131, 81, 159.0, 8, , 14, 0, 0, 0, , 0, 0, 0, 0, 0, 
754, 0, -1, -1, -1, 291, 123, 163.0, 8, , 8, 0, 0, 0, , 0, 0, 0, 0, 0, 
755, 0, -1, -1, -1, 112, 83, 164.0, 8, , 2, 0, 0, 0, , 0, 0, 0, 0, 0, 
756, 0, -1, -1, -1, 278, 149, 168.0, 9, , 81, 0, 0, 0, , 0, 0, 0, 0, 0, 
757, 0, -1, -1, -1, 82, 74, 176.0, 7, , 34, 0, 0, 0, , 0, 0, 0, 0, 0, 
758, 0, -1, -1, -1, 177, 46, 179.0, 7, , 33, 0, 0, 0, , 0, 0, 0, 0, 0, 
759, 0, -1, -1, -1, 123, 52, 182.0, 11, , 46, 0, 0, 0, , 0, 0, 0, 0, 0, 
760, 0, -1, -1, -1, 181, 121, 182.0, 8, , 19, 0, 0, 0, , 0, 0, 0, 0, 0, 
761, 0, -1, -1, -1, 101, 88, 186.0, 8, , 17, 0, 0, 0, , 0, 0, 0, 0, 0, 
762, 0, -1, -1, -1, 116, 72, 186.0, 9, , 75, 0, 0, 0, , 0, 0, 0, 0, 0, 
763, 0, -1, -1, -1, 300, 93, 189.0, 8, , 49, 0, 0, 0, , 0, 0, 0, 0, 0, 
764, 0, -1, -1, -1, 81, 104, 190.0, 9, , 49, 0, 0, 0, , 0, 0, 0, 0, 0, 
765, 0, -1, -1, -1, 139, 137, 199.0, 7, , 32, 0, 0, 0, , 0, 0, 0, 0, 0, 
766, 0, -1, -1, -1, 106, 104, 200.0, 8, , 23, 0, 0, 0, , 0, 0, 0, 0, 0, 
767, 0, -1, -1, -1, 154, 83, 201.0, 9, , 68, 0, 0, 0, , 0, 0, 0, 0, 0, 
768, 0, -1, -1, -1, 237, 69, 201.0, 7, , 21, 0, 0, 0, , 0, 0, 0, 0, 0, 
769, 0, -1, -1, -1, 157, 117, 209.0, 8, , 41, 0, 0, 0, , 0, 0, 0, 0, 0, 
770, 0, -1, -1, -1, 219, 92, 209.0, 9, , 44, 0, 0, 0, , 0, 0, 0, 0, 0, 
771, 0, -1, -1, -1, 99, 44, 122.0, 11, , 52, 0, 0, 0, , 0, 0, 0, 0, 0, 
772, 0, -1, -1, -1, 112, 164, 124.0, 9, , 35, 0, 0, 0, , 0, 0, 0, 0, 0, 
773, 0, -1, -1, -1, 72, 78, 167.0, 9, , 45, 0, 0, 0, , 0, 0, 0, 0, 0, 
774, 0, -1, -1, -1, 260, 98, 196.0, 9, , 33, 0, 0, 0, , 0, 0, 0, 0, 0, 
775, 0, -1, -1, -1, 174, 81, 205.0, 9, , 45, 0, 0, 0, , 0, 0, 0, 0, 0, 
776, 0, -1, -1, -1, 115, 51, 166.0, 7, , 17, 0, 0, 0, , 0, 0, 0, 0, 0, 
777, 0, -1, -1, -1, 160, 116, 207.0, 13, , 178, 0, 0, 0, , 0, 0, 0, 0, 0, 
778, 1, 831, 704, -1, 266, 88, 129.0, 18, Eprp, 0, 0, 0, 0, , 0, 0, 0, 0, 0, 
779, 0, 832, -1, -1, 130, 38, 127.0, 15, , 0, 0, 0, 0, , 0, 0, 0, 0, 0, 
780, 1, 833, 706, -1, 133, 110, 204.0, 15, ABarappaaa, 0, 0, 0, 0, , 0, 0, 0, 0, 0, 
781, 1, 834, 707, -1, 152, 97, 210.0, 17, ABarappapa, 0, 0, 0, 0, , 0, 0, 0, 0, 0, 
782, 1, 835, 708, -1, 177, 104, 213.0, 17, ABarappapp, 0, 0, 0, 0, , 0, 0, 0, 0, 0, 
783, 1, 836, 709, -1, 159, 117, 207.0, 15, ABarappaap, 0, 0, 0, 0, , 0, 0, 0, 0, 0, 
784, 1, 837, 710, -1, 115, 93, 200.0, 12, ABarapppaa, 0, 0, 0, 0, , 0, 0, 0, 0, 0, 
785, 1, 838, 711, -1, 134, 98, 189.0, 16, ABarapppap, 0, 0, 0, 0, , 0, 0, 0, 0, 0, 
786, 1, 839, 712, -1, 130, 87, 201.0, 15, ABarappppa, 0, 0, 0, 0, , 0, 0, 0, 0, 0, 
787, 1, 840, 713, -1, 151, 85, 196.0, 17, ABarappppp, 0, 0, 0, 0, , 0, 0, 0, 0, 0, 
788, 1, 841, 714, -1, 101, 125, 191.0, 15, ABarapaaaa, 0, 0, 0, 0, , 0, 0, 0, 0, 0, 
789, 1, 842, 715, -1, 121, 125, 199.25807, 15, ABarapaaap, 0, 0, 0, 0, , 0, 0, 0, 0, 0, 
790, 1, 843, 716, -1, 118, 113, 183.0, 15, ABarapaapa, 0, 0, 0, 0, , 0, 0, 0, 0, 0, 
791, 1, 844, 717, -1, 131, 123, 179.0, 18, ABarapaapp, 0, 0, 0, 0, , 0, 0, 0, 0, 0, 
792, 1, 845, 718, -1, 137, 133, 203.0, 15, ABarapapaa, 0, 0, 0, 0, , 0, 0, 0, 0, 0, 
793, 1, 846, 719, -1, 159, 134, 203.0, 14, ABarapapap, 0, 0, 0, 0, , 0, 0, 0, 0, 0, 
794, 1, 847, 720, -1, 148, 118, 184.0, 14, ABarapappa, 0, 0, 0, 0, , 0, 0, 0, 0, 0, 
795, 1, 848, 721, -1, 174, 126, 187.0, 17, ABarapappp, 0, 0, 0, 0, , 0, 0, 0, 0, 0, 
796, 1, 849, 722, -1, 78, 127, 150.0, 14, ABaraapaaa, 0, 0, 0, 0, , 0, 0, 0, 0, 0, 
797, 1, 850, 723, -1, 100, 120, 154.0, 16, ABaraapaap, 0, 0, 0, 0, , 0, 0, 0, 0, 0, 
798, 1, 851, 724, -1, 116, 133, 145.0, 16, ABaraapapa, 0, 0, 0, 0, , 0, 0, 0, 0, 0, 
799, 1, 852, 725, -1, 129, 119, 127.0, 14, ABaraapapp, 0, 0, 0, 0, , 0, 0, 0, 0, 0, 
800, 1, 853, 726, -1, 102, 102, 159.0, 15, ABaraappaa, 0, 0, 0, 0, , 0, 0, 0, 0, 0, 
801, 1, 854, 727, -1, 120, 109, 149.0, 17, ABaraappap, 0, 0, 0, 0, , 0, 0, 0, 0, 0, 
802, 1, 855, 728, -1, 137, 104, 156.0, 17, ABaraapppa, 0, 0, 0, 0, , 0, 0, 0, 0, 0, 
803, 1, 856, 729, -1, 161, 95, 143.0, 16, ABaraapppp, 0, 0, 0, 0, , 0, 0, 0, 0, 0, 
804, 1, 857, 730, -1, 76, 127, 181.0, 15, ABaraaapaa, 0, 0, 0, 0, , 0, 0, 0, 0, 0, 
805, 1, 858, 731, -1, 91, 113, 173.0, 19, ABaraaapap, 0, 0, 0, 0, , 0, 0, 0, 0, 0, 
806, 1, 859, 732, -1, 85, 104, 193.0, 15, ABaraaappa, 0, 0, 0, 0, , 0, 0, 0, 0, 0, 
807, 1, 860, 733, -1, 107, 107, 195.0, 16, ABaraaappp, 0, 0, 0, 0, , 0, 0, 0, 0, 0, 
808, 1, 861, 734, -1, 76, 99, 168.0, 15, ABaraaaaap, 0, 0, 0, 0, , 0, 0, 0, 0, 0, 
809, 1, 862, 735, -1, 62, 121, 171.0, 15, ABaraaaaaa, 0, 0, 0, 0, , 0, 0, 0, 0, 0, 
810, 1, 863, 736, -1, 82, 109, 148.0, 16, ABaraaaap, 0, 0, 0, 0, , 0, 0, 0, 0, 0, 
811, 1, 864, 737, -1, 106, 135, 172.0, 15, ABalpaaapa, 0, 0, 0, 0, , 0, 0, 0, 0, 0, 
812, 1, 865, 738, -1, 122, 140, 160.0, 15, ABalpaaapp, 0, 0, 0, 0, , 0, 0, 0, 0, 0, 
813, 1, 866, 739, -1, 94, 144, 184.0, 17, ABalpaaaap, 0, 0, 0, 0, , 0, 0, 0, 0, 0, 
814, 1, 867, 740, -1, 71, 143, 165.0, 15, ABalpaaaaa, 0, 0, 0, 0, , 0, 0, 0, 0, 0, 
815, 1, 868, 741, -1, 64, 136, 154.0, 15, ABalpaapaa, 0, 0, 0, 0, , 0, 0, 0, 0, 0, 
816, 1, 869, 742, -1, 92, 146, 153.0, 16, ABalpaapap, 0, 0, 0, 0, , 0, 0, 0, 0, 0, 
817, 1, 870, 743, -1, 76, 157, 150.0, 12, ABalpaappa, 0, 0, 0, 0, , 0, 0, 0, 0, 0, 
818, 1, 871, 744, -1, 122, 142, 189.0, 15, ABalpappaa, 0, 0, 0, 0, , 0, 0, 0, 0, 0, 
819, 1, 872, 745, -1, 145, 145, 187.0, 17, ABalpappap, 0, 0, 0, 0, , 0, 0, 0, 0, 0, 
820, 1, 873, 746, -1, 135, 147, 165.0, 15, ABalpapppa, 0, 0, 0, 0, , 0, 0, 0, 0, 0, 
821, 1, 874, 747, -1, 160, 146, 170.0, 19, ABalpapppp, 0, 0, 0, 0, , 0, 0, 0, 0, 0, 
822, 1, 875, 748, -1, 66, 141, 110.0, 15, ABalppaaaa, 0, 0, 0, 0, , 0, 0, 0, 0, 0, 
823, 1, 876, 749, -1, 80, 161, 106.0, 16, ABalppaaap, 0, 0, 0, 0, , 0, 0, 0, 0, 0, 
824, 1, 877, 750, -1, 100, 165, 129.0, 15, ABalppapaa, 0, 0, 0, 0, , 0, 0, 0, 0, 0, 
825, 1, 878, 751, -1, 116, 175, 138.0, 14, ABalppapap, 0, 0, 0, 0, , 0, 0, 0, 0, 0, 
826, 1, 879, 752, -1, 129, 161, 140.0, 15, ABalppappa, 0, 0, 0, 0, , 0, 0, 0, 0, 0, 
827, 1, 880, 753, -1, 91, 163, 144.0, 15, ABalpaappp, 0, 0, 0, 0, , 0, 0, 0, 0, 0, 
828, 1, 881, 754, -1, 99, 158, 170.0, 17, ABalpapaaa, 0, 0, 0, 0, , 0, 0, 0, 0, 0, 
829, 1, 882, 755, -1, 115, 154, 183.0, 15, ABalpapaap, 0, 0, 0, 0, , 0, 0, 0, 0, 0, 
830, 1, 883, 756, -1, 126, 169, 153.0, 15, ABalpapapa, 0, 0, 0, 0, , 0, 0, 0, 0, 0, 
831, 1, 884, 757, -1, 147, 168, 174.0, 14, ABalpapapp, 0, 0, 0, 0, , 0, 0, 0, 0, 0, 
832, 1, 885, 758, -1, 95, 170, 108.0, 14, ABalppaapa, 0, 0, 0, 0, , 0, 0, 0, 0, 0, 
833, 0, 886, -1, -1, 107, 163, 98.0, 15, , 0, 0, 0, 0, , 0, 0, 0, 0, 0, 
834, 1, 887, 760, -1, 147, 175, 156.66667, 15, ABalppappp, 0, 0, 0, 0, , 0, 0, 0, 0, 0, 
835, 1, 888, 761, -1, 81, 147, 94.333336, 17, ABalpppaaa, 0, 0, 0, 0, , 0, 0, 0, 0, 0, 
836, 1, 889, 762, -1, 150, 139, 81.0, 17, ABalpppppp, 0, 0, 0, 0, , 0, 0, 0, 0, 0, 
837, 1, 890, 763, -1, 130, 136, 71.5, 15, ABalpppppa, 0, 0, 0, 0, , 0, 0, 0, 0, 0, 
838, 0, 891, -1, -1, 96, 124, 95.57143, 13, , 0, 0, 0, 0, , 0, 0, 0, 0, 0, 
839, 1, 892, 765, -1, 127, 126, 89.666664, 17, ABalppppap, 0, 0, 0, 0, , 0, 0, 0, 0, 0, 
840, 1, 893, 766, -1, 90, 143, 80.0, 15, ABalpppaap, 0, 0, 0, 0, , 0, 0, 0, 0, 0, 
841, 1, 894, 767, -1, 110, 154, 79.0, 16, ABalpppapa, 0, 0, 0, 0, , 0, 0, 0, 0, 0, 
842, 0, 895, -1, -1, 119, 154, 69.25, 11, , 0, 0, 0, 0, , 0, 0, 0, 0, 0, 
843, 1, 896, 769, -1, 48, 111, 134.0, 14, ABalaaapar, 0, 0, 0, 0, , 0, 0, 0, 0, 0, 
844, 1, 897, 770, -1, 61, 129, 123.0, 16, ABalaaapal, 0, 0, 0, 0, , 0, 0, 0, 0, 0, 
845, 1, 898, 771, -1, 49, 94, 136.0, 12, ABalaaappl, 0, 0, 0, 0, , 0, 0, 0, 0, 0, 
846, 1, 899, 772, -1, 68, 79, 145.0, 15, ABalaaappr, 0, 0, 0, 0, , 0, 0, 0, 0, 0, 
847, 1, 900, 773, -1, 74, 88, 179.0, 13, ABalaapaaa, 0, 0, 0, 0, , 0, 0, 0, 0, 0, 
848, 0, 901, -1, -1, 100, 83, 186.0, 15, , 0, 0, 0, 0, , 0, 0, 0, 0, 0, 
849, 1, 902, 775, -1, 100, 84, 187.0, 13, ABalaapaap, 0, 0, 0, 0, , 0, 0, 0, 0, 0, 
850, 1, 903, 776, -1, 83, 73, 180.0, 15, ABalaapapa, 0, 0, 0, 0, , 0, 0, 0, 0, 0, 
851, 1, 904, 777, -1, 100, 62, 176.0, 15, ABalaapapp, 0, 0, 0, 0, , 0, 0, 0, 0, 0, 
852, 1, 905, 778, -1, 57, 119, 151.0, 15, ABalaaaarl, 0, 0, 0, 0, , 0, 0, 0, 0, 0, 
853, 1, 906, 779, -1, 65, 93, 151.0, 14, ABalaaaarr, 0, 0, 0, 0, , 0, 0, 0, 0, 0, 
854, 1, 907, 780, -1, 52, 131, 137.0, 15, ABalaaaala, 0, 0, 0, 0, , 0, 0, 0, 0, 0, 
855, 1, 908, 781, -1, 71, 155, 126.0, 14, ABalaaaalp, 0, 0, 0, 0, , 0, 0, 0, 0, 0, 
856, 1, 909, 782, -1, 73, 80, 161.0, 15, ABalaappaa, 0, 0, 0, 0, , 0, 0, 0, 0, 0, 
857, 1, 910, 783, -1, 83, 71, 155.0, 16, ABalaappap, 0, 0, 0, 0, , 0, 0, 0, 0, 0, 
858, 1, 911, 784, -1, 71, 64, 133.0, 14, ABalaapppa, 0, 0, 0, 0, , 0, 0, 0, 0, 0, 
859, 1, 912, 785, -1, 96, 58, 131.0, 14, ABalaapppp, 0, 0, 0, 0, , 0, 0, 0, 0, 0, 
860, 1, 913, 786, -1, 77, 132, 106.0, 17, ABalapaapa, 0, 0, 0, 0, , 0, 0, 0, 0, 0, 
861, 1, 914, 787, -1, 92, 127, 94.0, 17, ABalapaapp, 0, 0, 0, 0, , 0, 0, 0, 0, 0, 
862, 1, 915, 788, -1, 62, 118, 112.0, 17, ABalapaaaa, 0, 0, 0, 0, , 0, 0, 0, 0, 0, 
863, 1, 916, 789, -1, 77, 114, 91.0, 16, ABalapaaap, 0, 0, 0, 0, , 0, 0, 0, 0, 0, 
864, 1, 917, 790, -1, 89, 104, 83.0, 17, ABalapapap, 0, 0, 0, 0, , 0, 0, 0, 0, 0, 
865, 1, 918, 791, -1, 77, 90, 92.0, 15, ABalapapaa, 0, 0, 0, 0, , 0, 0, 0, 0, 0, 
866, 1, 919, 792, -1, 107, 115, 78.0, 16, ABalapappa, 0, 0, 0, 0, , 0, 0, 0, 0, 0, 
867, 1, 920, 793, -1, 133, 111, 79.0, 16, ABalapappp, 0, 0, 0, 0, , 0, 0, 0, 0, 0, 
868, 1, 922, 795, -1, 68, 92, 104.0, 15, ABalappaap, 0, 0, 0, 0, , 0, 0, 0, 0, 0, 
869, 1, 921, 794, -1, 51, 104, 119.0, 13, ABalappaaa, 0, 0, 0, 0, , 0, 0, 0, 0, 0, 
870, 1, 923, 796, -1, 52, 83, 124.0, 14, ABalappapa, 0, 0, 0, 0, , 0, 0, 0, 0, 0, 
871, 1, 924, 797, -1, 70, 68, 118.0, 14, ABalappapp, 0, 0, 0, 0, , 0, 0, 0, 0, 0, 
872, 1, 925, 798, -1, 84, 80, 120.0, 14, ABalapppaa, 0, 0, 0, 0, , 0, 0, 0, 0, 0, 
873, 1, 926, 799, -1, 101, 68, 106.0, 14, ABalapppap, 0, 0, 0, 0, , 0, 0, 0, 0, 0, 
874, 1, 927, 800, -1, 113, 54, 113.0, 14, ABalappppa, 0, 0, 0, 0, , 0, 0, 0, 0, 0, 
875, 1, 928, 801, -1, 134, 45, 108.0, 12, ABalappppp, 0, 0, 0, 0, , 0, 0, 0, 0, 0, 
876, 1, 929, 802, -1, 106, 135, 81.0, 15, ABalppppaa, 0, 0, 0, 0, , 0, 0, 0, 0, 0, 
877, 1, 930, 803, -1, 90, 55, 153.0, 12, ABpraaaaaa, 0, 0, 0, 0, , 0, 0, 0, 0, 0, 
878, 1, 931, 804, -1, 117, 45, 157.0, 13, ABpraaaaap, 0, 0, 0, 0, , 0, 0, 0, 0, 0, 
879, 1, 932, 805, -1, 110, 53, 168.0, 15, ABpraaaapa, 0, 0, 0, 0, , 0, 0, 0, 0, 0, 
880, 1, 933, 806, -1, 125, 51, 179.0, 14, ABpraaaapp, 0, 0, 0, 0, , 0, 0, 0, 0, 0, 
881, 1, 934, 807, -1, 136, 53, 155.0, 15, ABpraaappa, 0, 0, 0, 0, , 0, 0, 0, 0, 0, 
882, 1, 935, 808, -1, 159, 47, 157.0, 19, ABpraaappp, 0, 0, 0, 0, , 0, 0, 0, 0, 0, 
883, 1, 936, 809, -1, 197, 45, 172.0, 14, ABpraapppa, 0, 0, 0, 0, , 0, 0, 0, 0, 0, 
884, 1, 937, 810, -1, 216, 51, 178.75, 13, ABpraapppp, 0, 0, 0, 0, , 0, 0, 0, 0, 0, 
885, 1, 938, 811, -1, 182, 42, 160.4, 11, ABpraappap, 0, 0, 0, 0, , 0, 0, 0, 0, 0, 
886, 1, 939, 812, -1, 232, 53, 183.0, 15, ABprappaaa, 0, 0, 0, 0, , 0, 0, 0, 0, 0, 
887, 1, 940, 813, -1, 253, 69, 186.5, 15, ABprappaap, 0, 0, 0, 0, , 0, 0, 0, 0, 0, 
888, 1, 941, 814, -1, 286, 67, 178.0, 15, ABprappapp, 0, 0, 0, 0, , 0, 0, 0, 0, 0, 
889, 1, 942, 815, -1, 259, 52, 168.0, 15, ABprappapa, 0, 0, 0, 0, , 0, 0, 0, 0, 0, 
890, 1, 943, 816, -1, 271, 78, 192.0, 10, ABprapppaa, 0, 0, 0, 0, , 0, 0, 0, 0, 0, 
891, 1, 944, 817, -1, 288, 88, 183.0, 11, ABprapppap, 0, 0, 0, 0, , 0, 0, 0, 0, 0, 
892, 1, 945, 818, -1, 208, 44, 138.0, 16, ABprapaaap, 0, 0, 0, 0, , 0, 0, 0, 0, 0, 
893, 1, 946, 819, -1, 188, 46, 143.0, 17, ABprapaaaa, 0, 0, 0, 0, , 0, 0, 0, 0, 0, 
894, 1, 947, 820, -1, 222, 49, 152.0, 14, ABprapaapa, 0, 0, 0, 0, , 0, 0, 0, 0, 0, 
895, 1, 948, 821, -1, 239, 51, 165.0, 17, ABprapaapp, 0, 0, 0, 0, , 0, 0, 0, 0, 0, 
896, 1, 949, 822, -1, 298, 64, 156.0, 14, ABprapapap, 0, 0, 0, 0, , 0, 0, 0, 0, 0, 
897, 1, 950, 823, -1, 276, 50, 154.0, 15, ABprapapaa, 0, 0, 0, 0, , 0, 0, 0, 0, 0, 
898, 1, 951, 824, -1, 315, 89, 172.0, 13, ABprapappp, 0, 0, 0, 0, , 0, 0, 0, 0, 0, 
899, 1, 952, 825, -1, 312, 68, 153.0, 15, ABprapappa, 0, 0, 0, 0, , 0, 0, 0, 0, 0, 
900, 1, 954, 826, -1, 155, 163, 125.0, 13, ABplppaaaa, 0, 0, 0, 0, , 0, 0, 0, 0, 0, 
901, 1, 953, 827, -1, 177, 172, 124.0, 13, ABplppaaap, 0, 0, 0, 0, , 0, 0, 0, 0, 0, 
902, 1, 955, 828, -1, 187, 179, 150.0, 15, ABplppaapa, 0, 0, 0, 0, , 0, 0, 0, 0, 0, 
903, 1, 956, 829, -1, 216, 181, 150.0, 14, ABplppaapp, 0, 0, 0, 0, , 0, 0, 0, 0, 0, 
904, 1, 957, 830, -1, 193, 176, 117.0, 12, ABplppapaa, 0, 0, 0, 0, , 0, 0, 0, 0, 0, 
905, 1, 958, 831, -1, 209, 178, 127.0, 13, ABplppapap, 0, 0, 0, 0, , 0, 0, 0, 0, 0, 
906, 1, 959, 832, -1, 229, 178, 120.0, 13, ABplppappa, 0, 0, 0, 0, , 0, 0, 0, 0, 0, 
907, 1, 960, 833, -1, 253, 171, 131.0, 15, ABplppappp, 0, 0, 0, 0, , 0, 0, 0, 0, 0, 
908, 1, 961, 834, -1, 234, 175, 143.0, 17, ABplpppaaa, 0, 0, 0, 0, , 0, 0, 0, 0, 0, 
909, 1, 962, 835, -1, 255, 175, 152.0, 15, ABplpppaap, 0, 0, 0, 0, , 0, 0, 0, 0, 0, 
910, 1, 963, 836, -1, 272, 166, 151.0, 15, ABplpppapa, 0, 0, 0, 0, , 0, 0, 0, 0, 0, 
911, 1, 964, 837, -1, 277, 149, 167.0, 13, ABplpppapp, 0, 0, 0, 0, , 0, 0, 0, 0, 0, 
912, 1, 965, 838, -1, 217, 170, 169.0, 14, ABplppppaa, 0, 0, 0, 0, , 0, 0, 0, 0, 0, 
913, 1, 966, 839, -1, 239, 166, 170.0, 14, ABplppppap, 0, 0, 0, 0, , 0, 0, 0, 0, 0, 
914, 1, 967, 840, -1, 230, 149, 178.0, 15, ABplpppppa, 0, 0, 0, 0, , 0, 0, 0, 0, 0, 
915, 1, 968, 841, -1, 262, 143, 174.0, 15, ABplpppppp, 0, 0, 0, 0, , 0, 0, 0, 0, 0, 
916, 1, 969, 842, -1, 201, 172, 171.0, 15, ABplpapapp, 0, 0, 0, 0, , 0, 0, 0, 0, 0, 
917, 1, 970, 843, -1, 112, 164, 122.0, 15, ABplpaaaaa, 0, 0, 0, 0, , 0, 0, 0, 0, 0, 
918, 1, 971, 844, -1, 134, 176, 121.0, 16, ABplpaaaap, 0, 0, 0, 0, , 0, 0, 0, 0, 0, 
919, 1, 972, 845, -1, 150, 170, 103.0, 15, ABplpaaapp, 0, 0, 0, 0, , 0, 0, 0, 0, 0, 
920, 1, 973, 846, -1, 155, 181, 127.0, 16, ABplpaaapa, 0, 0, 0, 0, , 0, 0, 0, 0, 0, 
921, 1, 974, 847, -1, 123, 164, 96.0, 16, ABplpaapaa, 0, 0, 0, 0, , 0, 0, 0, 0, 0, 
922, 1, 975, 848, -1, 142, 166, 87.0, 17, ABplpaapap, 0, 0, 0, 0, , 0, 0, 0, 0, 0, 
923, 1, 976, 849, -1, 164, 165, 88.0, 15, ABplpaappa, 0, 0, 0, 0, , 0, 0, 0, 0, 0, 
924, 1, 977, 850, -1, 181, 170, 109.0, 14, ABplpaappp, 0, 0, 0, 0, , 0, 0, 0, 0, 0, 
925, 1, 978, 851, -1, 152, 164, 143.0, 15, ABplpapaaa, 0, 0, 0, 0, , 0, 0, 0, 0, 0, 
926, 1, 979, 852, -1, 175, 168, 148.0, 15, ABplpapaap, 0, 0, 0, 0, , 0, 0, 0, 0, 0, 
927, 1, 980, 853, -1, 177, 174, 163.0, 14, ABplpapapa, 0, 0, 0, 0, , 0, 0, 0, 0, 0, 
928, 1, 981, 854, -1, 174, 156, 183.0, 17, ABplpappaa, 0, 0, 0, 0, , 0, 0, 0, 0, 0, 
929, 1, 982, 855, -1, 193, 150, 188.0, 12, ABplpappap, 0, 0, 0, 0, , 0, 0, 0, 0, 0, 
930, 1, 983, 856, -1, 204, 158, 188.0, 15, ABplpapppa, 0, 0, 0, 0, , 0, 0, 0, 0, 0, 
931, 1, 984, 857, -1, 227, 158, 189.0, 15, ABplpapppp, 0, 0, 0, 0, , 0, 0, 0, 0, 0, 
932, 1, 985, 858, -1, 103, 42, 118.0, 13, ABpraapaaa, 0, 0, 0, 0, , 0, 0, 0, 0, 0, 
933, 1, 986, 859, -1, 146, 33, 138.0, 14, ABpraapapa, 0, 0, 0, 0, , 0, 0, 0, 0, 0, 
934, 1, 987, 860, -1, 169, 35, 139.0, 14, ABpraapapp, 0, 0, 0, 0, , 0, 0, 0, 0, 0, 
935, 1, 988, 861, -1, 117, 74, 185.0, 14, ABprpaaaaa, 0, 0, 0, 0, , 0, 0, 0, 0, 0, 
936, 1, 989, 862, -1, 135, 70, 193.0, 14, ABprpaaaap, 0, 0, 0, 0, , 0, 0, 0, 0, 0, 
937, 1, 990, 863, -1, 142, 61, 187.0, 13, ABprpaaapa, 0, 0, 0, 0, , 0, 0, 0, 0, 0, 
938, 1, 991, 864, -1, 162, 63, 197.0, 15, ABprpaaapp, 0, 0, 0, 0, , 0, 0, 0, 0, 0, 
939, 1, 992, 865, -1, 140, 45, 175.5, 15, ABprpaapaa, 0, 0, 0, 0, , 0, 0, 0, 0, 0, 
940, 1, 993, 866, -1, 159, 50, 180.0, 13, ABprpaapap, 0, 0, 0, 0, , 0, 0, 0, 0, 0, 
941, 1, 994, 867, -1, 176, 49, 185.0, 15, ABprpaappa, 0, 0, 0, 0, , 0, 0, 0, 0, 0, 
942, 1, 995, 868, -1, 192, 60, 194.0, 15, ABprpaappp, 0, 0, 0, 0, , 0, 0, 0, 0, 0, 
943, 1, 996, 869, -1, 195, 115, 206.0, 15, ABprpapapa, 0, 0, 0, 0, , 0, 0, 0, 0, 0, 
944, 1, 997, 870, -1, 165, 98, 196.33333, 15, ABprpapaaa, 0, 0, 0, 0, , 0, 0, 0, 0, 0, 
945, 1, 998, 871, -1, 190, 109, 193.14285, 15, ABprpapaap, 0, 0, 0, 0, , 0, 0, 0, 0, 0, 
946, 1, 999, 872, -1, 217, 121, 210.0, 14, ABprpapapp, 0, 0, 0, 0, , 0, 0, 0, 0, 0, 
947, 1, 1000, 873, -1, 178, 128, 205.0, 15, ABprpappaa, 0, 0, 0, 0, , 0, 0, 0, 0, 0, 
948, 1, 1001, 874, -1, 197, 136, 194.0, 15, ABprpappap, 0, 0, 0, 0, , 0, 0, 0, 0, 0, 
949, 1, 1002, 875, -1, 218, 138, 203.0, 15, ABprpapppa, 0, 0, 0, 0, , 0, 0, 0, 0, 0, 
950, 1, 1003, 876, -1, 247, 139, 189.0, 14, ABprpapppp, 0, 0, 0, 0, , 0, 0, 0, 0, 0, 
951, 1, 1004, 877, -1, 172, 81, 200.0, 14, ABprppaaaa, 0, 0, 0, 0, , 0, 0, 0, 0, 0, 
952, 1, 1005, 878, -1, 191, 73, 189.0, 12, ABprppaaap, 0, 0, 0, 0, , 0, 0, 0, 0, 0, 
953, 1, 1006, 879, -1, 190, 90, 202.0, 13, ABprppaapa, 0, 0, 0, 0, , 0, 0, 0, 0, 0, 
954, 1, 1007, 880, -1, 217, 91, 209.0, 15, ABprppaapp, 0, 0, 0, 0, , 0, 0, 0, 0, 0, 
955, 1, 1008, 881, -1, 200, 76, 199.0, 12, ABprppapaa, 0, 0, 0, 0, , 0, 0, 0, 0, 0, 
956, 1, 1009, 882, -1, 220, 73, 204.0, 13, ABprppapap, 0, 0, 0, 0, , 0, 0, 0, 0, 0, 
957, 1, 1010, 883, -1, 232, 71, 195.0, 14, ABprppappa, 0, 0, 0, 0, , 0, 0, 0, 0, 0, 
958, 1, 1011, 884, -1, 255, 82, 201.0, 14, ABprppappp, 0, 0, 0, 0, , 0, 0, 0, 0, 0, 
959, 1, 1012, 885, -1, 237, 90, 208.0, 12, ABprpppaaa, 0, 0, 0, 0, , 0, 0, 0, 0, 0, 
960, 1, 1013, 886, -1, 263, 100, 198.0, 12, ABprpppaap, 0, 0, 0, 0, , 0, 0, 0, 0, 0, 
961, 1, 1014, 887, -1, 279, 109, 191.0, 12, ABprpppapa, 0, 0, 0, 0, , 0, 0, 0, 0, 0, 
962, 1, 1015, 888, -1, 291, 126, 191.0, 12, ABprpppapp, 0, 0, 0, 0, , 0, 0, 0, 0, 0, 
963, 1, 1016, 889, -1, 229, 109, 211.0, 15, ABprppppaa, 0, 0, 0, 0, , 0, 0, 0, 0, 0, 
964, 1, 1017, 890, -1, 252, 113, 196.0, 13, ABprppppap, 0, 0, 0, 0, , 0, 0, 0, 0, 0, 
965, 1, 1018, 891, -1, 262, 130, 194.0, 15, ABprpppppa, 0, 0, 0, 0, , 0, 0, 0, 0, 0, 
966, 1, 1019, 892, -1, 280, 133, 172.5, 15, ABprpppppp, 0, 0, 0, 0, , 0, 0, 0, 0, 0, 
967, 1, 1020, 893, -1, 65, 111, 134.0, 11, MSaaaaaa, 0, 0, 0, 0, , 0, 0, 0, 0, 0, 
968, 1, 1021, 894, -1, 86, 104, 112.75, 12, MSaaaaap, 0, 0, 0, 0, , 0, 0, 0, 0, 0, 
969, 1, 1022, 895, -1, 130, 84, 102.75, 11, MSaaaapp, 0, 0, 0, 0, , 0, 0, 0, 0, 0, 
970, 1, 1023, 896, -1, 100, 92, 108.0, 13, MSaaaapa, 0, 0, 0, 0, , 0, 0, 0, 0, 0, 
971, 1, 1024, 897, -1, 141, 99, 128.0, 15, MSaaapp, 0, 0, 0, 0, , 0, 0, 0, 0, 0, 
972, 1, 1025, 898, -1, 131, 100, 112.0, 13, MSaaapap, 0, 0, 0, 0, , 0, 0, 0, 0, 0, 
973, 1, 1026, 899, -1, 102, 115, 128.66667, 15, MSaaapaa, 0, 0, 0, 0, , 0, 0, 0, 0, 0, 
974, 1, 1027, 900, -1, 157, 138, 153.5, 10, MSaapapa, 0, 0, 0, 0, , 0, 0, 0, 0, 0, 
975, 1, 1028, 901, -1, 187, 134, 154.0, 10, MSaapapp, 0, 0, 0, 0, , 0, 0, 0, 0, 0, 
976, 1, 1029, 902, -1, 140, 130, 153.0, 12, MSaapaaa, 0, 0, 0, 0, , 0, 0, 0, 0, 0, 
977, 1, 1030, 903, -1, 151, 113, 130.0, 14, MSaapaap, 0, 0, 0, 0, , 0, 0, 0, 0, 0, 
978, 1, 1032, 1025, -1, 241, 85, 118.0, 15, Eprap, 0, 0, 0, 0, , 0, 0, 0, 0, 0, 
979, 1, 1034, 904, -1, 286, 109, 117.0, 17, Eplp, 0, 0, 0, 0, , 0, 0, 0, 0, 0, 
980, 1, 1035, 905, -1, 311, 111, 89.0, 17, Caaapa, 0, 0, 0, 0, , 0, 0, 0, 0, 0, 
981, 1, 1036, 906, -1, 327, 128, 149.0, 15, Caapa, 0, 0, 0, 0, , 0, 0, 0, 0, 0, 
982, 1, 1037, 907, -1, 317, 141, 157.0, 17, Caapp, 0, 0, 0, 0, , 0, 0, 0, 0, 0, 
983, 1, 1038, 908, -1, 241, 146, 160.0, 17, Capaa, 0, 0, 0, 0, , 0, 0, 0, 0, 0, 
984, 1, 1039, 909, -1, 265, 146, 145.0, 17, Capap, 0, 0, 0, 0, , 0, 0, 0, 0, 0, 
985, 1, 1040, 1029, -1, 254, 136, 115.0, 17, Cappaa, 0, 0, 0, 0, , 0, 0, 0, 0, 0, 
986, 1, 1040, 910, -1, 276, 142, 125.0, 14, Cappap, 0, 0, 0, 0, , 0, 0, 0, 0, 0, 
987, 1, 1041, 911, -1, 290, 138, 148.0, 17, Cappp, 0, 0, 0, 0, , 0, 0, 0, 0, 0, 
988, 1, 1042, 912, -1, 242, 110, 179.0, 15, Cppaa, 0, 0, 0, 0, , 0, 0, 0, 0, 0, 
989, 1, 1043, 913, -1, 269, 114, 177.0, 15, Cppap, 0, 0, 0, 0, , 0, 0, 0, 0, 0, 
990, 1, 1045, 1039, -1, 290, 88, 161.0, 15, Cpppap, 0, 0, 0, 0, , 0, 0, 0, 0, 0, 
991, 1, 1046, 1040, -1, 289, 104, 156.0, 15, Cppppa, 0, 0, 0, 0, , 0, 0, 0, 0, 0, 
992, 1, 1046, 914, -1, 292, 120, 158.0, 14, Cppppp, 0, 0, 0, 0, , 0, 0, 0, 0, 0, 
993, 1, 1047, 915, -1, 238, 107, 135.0, 18, Z2, 0, 0, 0, 0, , 0, 0, 0, 0, 0, 
994, 1, 1048, 916, -1, 212, 128, 147.0, 16, Z3, 0, 0, 0, 0, , 0, 0, 0, 0, 0, 
995, 1, 1049, 917, -1, 92, 84, 70.0, 14, ABarpaaaap, 0, 0, 0, 0, , 0, 0, 0, 0, 0, 
996, 1, 1050, 918, -1, 86, 73, 101.0, 14, ABarpaaaaa, 0, 0, 0, 0, , 0, 0, 0, 0, 0, 
997, 1, 1052, 919, -1, 102, 77, 87.0, 14, ABarpaaapa, 0, 0, 0, 0, , 0, 0, 0, 0, 0, 
998, 1, 1051, 920, -1, 124, 73, 82.0, 15, ABarpaaapp, 0, 0, 0, 0, , 0, 0, 0, 0, 0, 
999, 1, 1053, 921, -1, 137, 71, 84.0, 15, ABarpaapaa, 0, 0, 0, 0, , 0, 0, 0, 0, 0, 
1000, 1, 1054, 922, -1, 171, 70, 75.0, 15, ABarpaapap, 0, 0, 0, 0, , 0, 0, 0, 0, 0, 
1001, 1, 1055, 923, -1, 189, 60, 81.0, 14, ABarpaappa, 0, 0, 0, 0, , 0, 0, 0, 0, 0, 
1002, 1, 1056, 924, -1, 211, 71, 81.0, 15, ABarpaappp, 0, 0, 0, 0, , 0, 0, 0, 0, 0, 
1003, 1, 1057, 925, -1, 93, 56, 93.0, 15, ABarpapaaa, 0, 0, 0, 0, , 0, 0, 0, 0, 0, 
1004, 1, 1058, 926, -1, 121, 53, 94.0, 15, ABarpapaap, 0, 0, 0, 0, , 0, 0, 0, 0, 0, 
1005, 1, 1059, 927, -1, 140, 52, 88.0, 15, ABarpapapa, 0, 0, 0, 0, , 0, 0, 0, 0, 0, 
1006, 1, 1060, 928, -1, 166, 47, 93.0, 15, ABarpapapp, 0, 0, 0, 0, , 0, 0, 0, 0, 0, 
1007, 1, 1061, 929, -1, 143, 34, 102.0, 14, ABarpappaa, 0, 0, 0, 0, , 0, 0, 0, 0, 0, 
1008, 1, 1062, 930, -1, 161, 33, 115.0, 14, ABarpappap, 0, 0, 0, 0, , 0, 0, 0, 0, 0, 
1009, 1, 1063, 931, -1, 222, 57, 91.0, 15, ABarpppapa, 0, 0, 0, 0, , 0, 0, 0, 0, 0, 
1010, 1, 1064, 932, -1, 242, 52, 114.0, 15, ABarpppapp, 0, 0, 0, 0, , 0, 0, 0, 0, 0, 
1011, 1, 1065, 933, -1, 232, 93, 70.0, 16, ABarppaapa, 0, 0, 0, 0, , 0, 0, 0, 0, 0, 
1012, 1, 1066, 934, -1, 243, 115, 74.0, 16, ABarppaapp, 0, 0, 0, 0, , 0, 0, 0, 0, 0, 
1013, 1, 1067, 935, -1, 189, 86, 62.0, 15, ABarppaaaa, 0, 0, 0, 0, , 0, 0, 0, 0, 0, 
1014, 1, 1068, 936, -1, 211, 101, 69.0, 14, ABarppaaap, 0, 0, 0, 0, , 0, 0, 0, 0, 0, 
1015, 1, 1069, 937, -1, 217, 126, 70.0, 17, ABarppapaa, 0, 0, 0, 0, , 0, 0, 0, 0, 0, 
1016, 1, 1070, 938, -1, 247, 137, 80.0, 18, ABarppapap, 0, 0, 0, 0, , 0, 0, 0, 0, 0, 
1017, 1, 1071, 939, -1, 266, 121, 78.0, 17, ABarppappa, 0, 0, 0, 0, , 0, 0, 0, 0, 0, 
1018, 1, 1072, 940, -1, 299, 132, 98.0, 17, ABarppappp, 0, 0, 0, 0, , 0, 0, 0, 0, 0, 
1019, 1, 1073, 941, -1, 186, 40, 92.0, 16, ABarpppaaa, 0, 0, 0, 0, , 0, 0, 0, 0, 0, 
1020, 1, 1074, 942, -1, 211, 36, 116.0, 16, ABarpppaap, 0, 0, 0, 0, , 0, 0, 0, 0, 0, 
1021, 1, 1075, 943, -1, 163, 48, 119.0, 13, ABarpapppa, 0, 0, 0, 0, , 0, 0, 0, 0, 0, 
1022, 1, 1076, 944, -1, 189, 41, 119.0, 14, ABarpapppp, 0, 0, 0, 0, , 0, 0, 0, 0, 0, 
1023, 1, 1077, 945, -1, 228, 38, 124.0, 14, ABarppppaa, 0, 0, 0, 0, , 0, 0, 0, 0, 0, 
1024, 1, 1078, 946, -1, 246, 48, 141.0, 15, ABarppppap, 0, 0, 0, 0, , 0, 0, 0, 0, 0, 
1025, 1, 1079, 947, -1, 261, 47, 132.0, 14, ABarpppppa, 0, 0, 0, 0, , 0, 0, 0, 0, 0, 
1026, 1, 1080, 948, -1, 297, 64, 135.0, 15, ABarpppppp, 0, 0, 0, 0, , 0, 0, 0, 0, 0, 
1027, 1, 1081, 949, -1, 89, 100, 64.0, 17, ABplaaaaaa, 0, 0, 0, 0, , 0, 0, 0, 0, 0, 
1028, 1, 1082, 950, -1, 113, 95, 65.0, 17, ABplaaaaap, 0, 0, 0, 0, , 0, 0, 0, 0, 0, 
1029, 1, 1083, 951, -1, 128, 88, 73.0, 15, ABplaaaapa, 0, 0, 0, 0, , 0, 0, 0, 0, 0, 
1030, 1, 1084, 952, -1, 152, 86, 66.0, 16, ABplaaaapp, 0, 0, 0, 0, , 0, 0, 0, 0, 0, 
1031, 1, 1085, 953, -1, 133, 101, 53.0, 17, ABplaaapaa, 0, 0, 0, 0, , 0, 0, 0, 0, 0, 
1032, 1, 1086, 954, -1, 161, 102, 54.0, 17, ABplaaapap, 0, 0, 0, 0, , 0, 0, 0, 0, 0, 
1033, 1, 1087, 955, -1, 177, 101, 59.0, 15, ABplaaappa, 0, 0, 0, 0, , 0, 0, 0, 0, 0, 
1034, 1, 1088, 956, -1, 196, 111, 78.0, 16, ABplaaappp, 0, 0, 0, 0, , 0, 0, 0, 0, 0, 
1035, 1, 1089, 957, -1, 98, 118, 58.0, 15, ABplaapaaa, 0, 0, 0, 0, , 0, 0, 0, 0, 0, 
1036, 1, 1090, 958, -1, 118, 113, 56.0, 16, ABplaapaap, 0, 0, 0, 0, , 0, 0, 0, 0, 0, 
1037, 1, 1091, 959, -1, 130, 127, 54.0, 17, ABplaapapa, 0, 0, 0, 0, , 0, 0, 0, 0, 0, 
1038, 1, 1092, 960, -1, 150, 124, 58.0, 17, ABplaapapp, 0, 0, 0, 0, , 0, 0, 0, 0, 0, 
1039, 1, 1093, 961, -1, 145, 148, 55.0, 17, ABplaappaa, 0, 0, 0, 0, , 0, 0, 0, 0, 0, 
1040, 1, 1094, 962, -1, 171, 149, 64.0, 17, ABplaappap, 0, 0, 0, 0, , 0, 0, 0, 0, 0, 
1041, 1, 1095, 963, -1, 181, 157, 80.0, 17, ABplaapppa, 0, 0, 0, 0, , 0, 0, 0, 0, 0, 
1042, 1, 1096, 964, -1, 203, 166, 89.0, 17, ABplaapppp, 0, 0, 0, 0, , 0, 0, 0, 0, 0, 
1043, 1, 1097, 965, -1, 171, 121, 75.0, 17, ABplapaaaa, 0, 0, 0, 0, , 0, 0, 0, 0, 0, 
1044, 1, 1098, 966, -1, 190, 134, 76.0, 17, ABplapaaap, 0, 0, 0, 0, , 0, 0, 0, 0, 0, 
1045, 1, 1099, 967, -1, 206, 140, 67.0, 17, ABplapaapa, 0, 0, 0, 0, , 0, 0, 0, 0, 0, 
1046, 1, 1100, 968, -1, 228, 148, 73.0, 17, ABplapaapp, 0, 0, 0, 0, , 0, 0, 0, 0, 0, 
1047, 1, 1101, 969, -1, 273, 142, 79.0, 14, ABplapapaa, 0, 0, 0, 0, , 0, 0, 0, 0, 0, 
1048, 1, 1102, 970, -1, 294, 147, 95.0, 16, ABplapapap, 0, 0, 0, 0, , 0, 0, 0, 0, 0, 
1049, 1, 1103, 971, -1, 301, 153, 112.0, 17, ABplapappa, 0, 0, 0, 0, , 0, 0, 0, 0, 0, 
1050, 1, 1104, 972, -1, 309, 152, 139.0, 17, ABplapappp, 0, 0, 0, 0, , 0, 0, 0, 0, 0, 
1051, 1, 1105, 973, -1, 219, 171, 96.0, 18, ABplappaaa, 0, 0, 0, 0, , 0, 0, 0, 0, 0, 
1052, 1, 1106, 974, -1, 243, 170, 102.0, 15, ABplappaap, 0, 0, 0, 0, , 0, 0, 0, 0, 0, 
1053, 1, 1107, 975, -1, 247, 157, 84.0, 15, ABplappapa, 0, 0, 0, 0, , 0, 0, 0, 0, 0, 
1054, 1, 1108, 976, -1, 268, 161, 101.0, 14, ABplappapp, 0, 0, 0, 0, , 0, 0, 0, 0, 0, 
1055, 1, 1109, 977, -1, 256, 167, 113.0, 17, ABplapppaa, 0, 0, 0, 0, , 0, 0, 0, 0, 0, 
1056, 1, 1110, 978, -1, 280, 167, 127.0, 15, ABplapppap, 0, 0, 0, 0, , 0, 0, 0, 0, 0, 
1057, 1, 1111, 979, -1, 299, 166, 129.0, 16, ABplappppa, 0, 0, 0, 0, , 0, 0, 0, 0, 0, 
1058, 1, 1112, 980, -1, 298, 152, 159.0, 15, ABplappppp, 0, 0, 0, 0, , 0, 0, 0, 0, 0, 
1059, 1, 1113, 981, -1, 196, 146, 170.0, 16, MSaappa, 0, 0, 0, 0, , 0, 0, 0, 0, 0, 
1060, 1, 1114, 982, -1, 203, 153, 150.0, 16, MSaappp, 0, 0, 0, 0, , 0, 0, 0, 0, 0, 
1061, 1, 1115, 983, -1, 89, 139, 123.0, 16, MSapaaa, 0, 0, 0, 0, , 0, 0, 0, 0, 0, 
1062, 1, 1116, 984, -1, 120, 147, 124.0, 16, MSapaap, 0, 0, 0, 0, , 0, 0, 0, 0, 0, 
1063, 1, 1117, 985, -1, 127, 138, 106.0, 16, MSapapa, 0, 0, 0, 0, , 0, 0, 0, 0, 0, 
1064, 1, 1118, 986, -1, 151, 125, 96.0, 16, MSapapp, 0, 0, 0, 0, , 0, 0, 0, 0, 0, 
1065, 1, 1119, 987, -1, 155, 139, 128.0, 16, MSappaa, 0, 0, 0, 0, , 0, 0, 0, 0, 0, 
1066, 1, 1120, 988, -1, 178, 149, 135.0, 15, MSappap, 0, 0, 0, 0, , 0, 0, 0, 0, 0, 
1067, 1, 1121, 989, -1, 163, 145, 106.0, 14, MSapppa, 0, 0, 0, 0, , 0, 0, 0, 0, 0, 
1068, 1, 1122, 990, -1, 197, 135, 96.0, 14, MSapppp, 0, 0, 0, 0, , 0, 0, 0, 0, 0, 
1069, 1, 1123, 991, -1, 78, 91, 142.0, 15, MSpaaaaa, 0, 0, 0, 0, , 0, 0, 0, 0, 0, 
1070, 1, 1124, 992, -1, 107, 89, 133.0, 15, MSpaaaap, 0, 0, 0, 0, , 0, 0, 0, 0, 0, 
1071, 1, 1125, 993, -1, 117, 76, 127.0, 13, MSpaaapa, 0, 0, 0, 0, , 0, 0, 0, 0, 0, 
1072, 1, 1126, 994, -1, 140, 66, 125.0, 15, MSpaaapp, 0, 0, 0, 0, , 0, 0, 0, 0, 0, 
1073, 1, 1127, 995, -1, 118, 90, 147.0, 15, MSpaapaa, 0, 0, 0, 0, , 0, 0, 0, 0, 0, 
1074, 1, 1128, 996, -1, 152, 80, 143.0, 15, MSpaapap, 0, 0, 0, 0, , 0, 0, 0, 0, 0, 
1075, 1, 1129, 997, -1, 161, 87, 120.0, 15, MSpaapp, 0, 0, 0, 0, , 0, 0, 0, 0, 0, 
1076, 1, 1130, 998, -1, 153, 121, 165.0, 14, MSpapaaa, 0, 0, 0, 0, , 0, 0, 0, 0, 0, 
1077, 1, 1131, 999, -1, 175, 113, 150.0, 14, MSpapaap, 0, 0, 0, 0, , 0, 0, 0, 0, 0, 
1078, 1, 1132, 1000, -1, 172, 111, 177.0, 16, MSpapapa, 0, 0, 0, 0, , 0, 0, 0, 0, 0, 
1079, 1, 1133, 1001, -1, 201, 114, 164.0, 16, MSpapapp, 0, 0, 0, 0, , 0, 0, 0, 0, 0, 
1080, 1, 1134, 1002, -1, 211, 133, 173.0, 14, MSpappa, 0, 0, 0, 0, , 0, 0, 0, 0, 0, 
1081, 1, 1135, 1003, -1, 224, 120, 188.0, 16, MSpappp, 0, 0, 0, 0, , 0, 0, 0, 0, 0, 
1082, 1, 1136, 1004, -1, 141, 84, 178.0, 14, MSppaap, 0, 0, 0, 0, , 0, 0, 0, 0, 0, 
1083, 1, 1137, 1005, -1, 104, 85, 167.0, 14, MSppaaa, 0, 0, 0, 0, , 0, 0, 0, 0, 0, 
1084, 1, 1138, 1006, -1, 131, 77, 165.0, 14, MSppapa, 0, 0, 0, 0, , 0, 0, 0, 0, 0, 
1085, 1, 1139, 1007, -1, 165, 63, 145.0, 15, MSppapp, 0, 0, 0, 0, , 0, 0, 0, 0, 0, 
1086, 1, 1140, 1008, -1, 161, 92, 171.0, 14, MSpppaa, 0, 0, 0, 0, , 0, 0, 0, 0, 0, 
1087, 1, 1141, 1009, -1, 185, 86, 180.0, 16, MSpppap, 0, 0, 0, 0, , 0, 0, 0, 0, 0, 
1088, 1, 1142, 1010, -1, 171, 72, 172.0, 14, MSppppa, 0, 0, 0, 0, , 0, 0, 0, 0, 0, 
1089, 1, 1143, 1011, -1, 195, 63, 151.0, 15, MSppppp, 0, 0, 0, 0, , 0, 0, 0, 0, 0, 
1090, 1, 1144, 1012, -1, 153, 104, 102.0, 17, Ealaa, 0, 0, 0, 0, , 0, 0, 0, 0, 0, 
1091, 1, 1145, 1013, -1, 188, 102, 99.0, 16, Ealap, 0, 0, 0, 0, , 0, 0, 0, 0, 0, 
1092, 1, 1146, 1014, -1, 105, 65, 150.0, 17, ABpraaapaa, 0, 0, 0, 0, , 0, 0, 0, 0, 0, 
1093, 1, 1147, 1015, -1, 118, 47, 139.0, 14, ABpraaapap, 0, 0, 0, 0, , 0, 0, 0, 0, 0, 
1094, 1, 1148, 1016, -1, 171, 124, 122.0, 15, Ealpa, 0, 0, 0, 0, , 0, 0, 0, 0, 0, 
1095, 1, 1149, 1017, -1, 204, 116, 117.0, 15, Ealpp, 0, 0, 0, 0, , 0, 0, 0, 0, 0, 
1096, 1, 1150, 1018, -1, 151, 77, 113.0, 15, Earaa, 0, 0, 0, 0, , 0, 0, 0, 0, 0, 
1097, 1, 1151, 1019, -1, 187, 79, 118.0, 15, Earap, 0, 0, 0, 0, , 0, 0, 0, 0, 0, 
1098, 1, 1152, 1020, -1, 182, 90, 135.0, 15, Earpa, 0, 0, 0, 0, , 0, 0, 0, 0, 0, 
1099, 1, 1033, 1021, -1, 217, 95, 137.0, 15, Earpp, 0, 0, 0, 0, , 0, 0, 0, 0, 0, 
1100, 1, 1153, 1022, -1, 214, 102, 99.0, 14, Eplaa, 0, 0, 0, 0, , 0, 0, 0, 0, 0, 
1101, 1, 1154, 1023, -1, 255, 111, 105.0, 15, Eplap, 0, 0, 0, 0, , 0, 0, 0, 0, 0, 
1102, 1, 1031, 1024, -1, 210, 65, 121.0, 15, Epraa, 0, 0, 0, 0, , 0, 0, 0, 0, 0, 
1103, 1, 1155, 1026, -1, 258, 98, 77.0, 15, Caaaaa, 0, 0, 0, 0, , 0, 0, 0, 0, 0, 
1104, 1, 1156, 1027, -1, 291, 100, 83.0, 16, Caaaap, 0, 0, 0, 0, , 0, 0, 0, 0, 0, 
1105, 1, 1157, 1028, -1, 317, 124, 121.0, 17, Caaapp, 0, 0, 0, 0, , 0, 0, 0, 0, 0, 
1106, 1, 1158, 1030, -1, 244, 71, 82.0, 17, Cpaaaa, 0, 0, 0, 0, , 0, 0, 0, 0, 0, 
1107, 1, 1159, 1031, -1, 265, 64, 108.0, 19, Cpaaap, 0, 0, 0, 0, , 0, 0, 0, 0, 0, 
1108, 1, 1160, 1032, -1, 289, 69, 107.0, 17, Cpaapa, 0, 0, 0, 0, , 0, 0, 0, 0, 0, 
1109, 1, 1161, 1033, -1, 315, 91, 125.0, 17, Cpaapp, 0, 0, 0, 0, , 0, 0, 0, 0, 0, 
1110, 1, 1162, 1034, -1, 317, 119, 140.0, 15, Cpapaa, 0, 0, 0, 0, , 0, 0, 0, 0, 0, 
1111, 1, 1163, 1035, -1, 320, 89, 152.0, 15, Cpapap, 0, 0, 0, 0, , 0, 0, 0, 0, 0, 
1112, 1, 1164, 1036, -1, 323, 106, 163.0, 15, Cpappd, 0, 0, 0, 0, , 0, 0, 0, 0, 0, 
1113, 1, 1165, 1037, -1, 303, 131, 178.0, 15, Cpappv, 0, 0, 0, 0, , 0, 0, 0, 0, 0, 
1114, 1, 1044, 1038, -1, 260, 76, 159.0, 15, Cpppaa, 0, 0, 0, 0, , 0, 0, 0, 0, 0, 
1115, 1, 1166, 1041, -1, 197, 148, 114.0, 16, Daaa, 0, 0, 0, 0, , 0, 0, 0, 0, 0, 
1116, 1, 1167, 1042, -1, 214, 150, 136.0, 14, Daap, 0, 0, 0, 0, , 0, 0, 0, 0, 0, 
1117, 1, 1168, 1043, -1, 219, 144, 114.0, 16, Dapa, 0, 0, 0, 0, , 0, 0, 0, 0, 0, 
1118, 1, 1169, 1044, -1, 240, 135, 127.0, 16, Dapp, 0, 0, 0, 0, , 0, 0, 0, 0, 0, 
1119, 1, 1170, 1045, -1, 200, 82, 170.0, 16, Dpaa, 0, 0, 0, 0, , 0, 0, 0, 0, 0, 
1120, 1, 1171, 1046, -1, 217, 98, 176.0, 16, Dpap, 0, 0, 0, 0, , 0, 0, 0, 0, 0, 
1121, 1, 1172, 1047, -1, 225, 81, 170.0, 16, Dppa, 0, 0, 0, 0, , 0, 0, 0, 0, 0, 
1122, 1, 1173, 1048, -1, 243, 82, 163.0, 16, Dppp, 0, 0, 0, 0, , 0, 0, 0, 0, 0, 
1123, 1, 1174, 1049, -1, 128, 36, 128.0, 14, ABpraapaap, 0, 0, 0, 0, , 0, 0, 0, 0, 0, 
1124, 1, 1175, 1050, -1, 122, 151, 70.0, 14, ABalpppapp, 0, 0, 0, 0, , 0, 0, 0, 0, 0, 
1125, 1, 1176, 1051, -1, 302, 93, 187.0, 15, ABprappppa, 0, 0, 0, 0, , 0, 0, 0, 0, 0, 
1126, 1, 1177, 1052, -1, 306, 116, 180.0, 15, ABprappppp, 0, 0, 0, 0, , 0, 0, 0, 0, 0, 
1127, 1, 1178, 1053, -1, 105, 164, 98.0, 13, ABalppaapp, 0, 0, 0, 0, , 0, 0, 0, 0, 0, 
