1, 0, 1, -1, -1, 52, 111, 82.0, 9, , 78, 0, 0, 0, , 0, 0, 0, 0, 0, 
2, 0, 2, -1, -1, 192, 94, 200.0, 7, , 51, 0, 0, 0, , 0, 0, 0, 0, 0, 
3, 0, 3, -1, -1, 185, 59, 195.0, 8, , 39, 0, 0, 0, , 0, 0, 0, 0, 0, 
4, 0, 4, -1, -1, 158, 46, 178.0, 8, , 20, 0, 0, 0, , 0, 0, 0, 0, 0, 
5, 0, 5, -1, -1, 197, 76, 201.0, 7, , 20, 0, 0, 0, , 0, 0, 0, 0, 0, 
6, 0, 6, -1, -1, 132, 109, 210.0, 9, , 59, 0, 0, 0, , 0, 0, 0, 0, 0, 
7, 0, 7, -1, -1, 118, 117, 187.0, 9, , 77, 0, 0, 0, , 0, 0, 0, 0, 0, 
8, 0, 8, -1, -1, 177, 54, 188.0, 9, , 50, 0, 0, 0, , 0, 0, 0, 0, 0, 
9, 0, 9, -1, -1, 311, 90, 177.0, 8, , 37, 0, 0, 0, , 0, 0, 0, 0, 0, 
10, 0, 10, -1, -1, 222, 47, 149.0, 11, , 88, 0, 0, 0, , 0, 0, 0, 0, 0, 
11, 0, 11, -1, -1, 129, 49, 175.0, 8, , 43, 0, 0, 0, , 0, 0, 0, 0, 0, 
12, 0, 12, -1, -1, 146, 117, 188.0, 9, , 40, 0, 0, 0, , 0, 0, 0, 0, 0, 
13, 0, 14, -1, -1, 130, 125, 187.0, 11, , 105, 0, 0, 0, , 0, 0, 0, 0, 0, 
14, 0, 15, -1, -1, 137, 50, 176.0, 9, , 32, 0, 0, 0, , 0, 0, 0, 0, 0, 
15, 0, 16, -1, -1, 136, 71, 197.0, 9, , 75, 0, 0, 0, , 0, 0, 0, 0, 0, 
16, 0, 17, -1, -1, 136, 73, 190.0, 7, , 37, 0, 0, 0, , 0, 0, 0, 0, 0, 
17, 0, 18, -1, -1, 148, 84, 197.0, 8, , 18, 0, 0, 0, , 0, 0, 0, 0, 0, 
18, 0, 19, -1, -1, 198, 170, 169.0, 9, , 35, 0, 0, 0, , 0, 0, 0, 0, 0, 
19, 0, 20, -1, -1, 235, 49, 165.0, 8, , 34, 0, 0, 0, , 0, 0, 0, 0, 0, 
20, 0, 21, -1, -1, 107, 104, 164.0, 7, , 33, 0, 0, 0, , 0, 0, 0, 0, 0, 
21, 0, 22, -1, -1, 233, 55, 182.0, 9, , 64, 0, 0, 0, , 0, 0, 0, 0, 0, 
22, 0, 23, -1, -1, 262, 105, 197.0, 8, , 13, 0, 0, 0, , 0, 0, 0, 0, 0, 
23, 0, 24, -1, -1, 136, 87, 209.0, 9, , 54, 0, 0, 0, , 0, 0, 0, 0, 0, 
24, 0, 25, -1, -1, 187, 46, 147.0, 11, , 83, 0, 0, 0, , 0, 0, 0, 0, 0, 
25, 0, 26, -1, -1, 82, 106, 193.0, 9, , 36, 0, 0, 0, , 0, 0, 0, 0, 0, 
26, 0, 27, -1, -1, 137, 89, 205.0, 9, , 35, 0, 0, 0, , 0, 0, 0, 0, 0, 
27, 0, 28, -1, -1, 155, 136, 203.0, 11, , 51, 0, 0, 0, , 0, 0, 0, 0, 0, 
28, 0, 29, -1, -1, 159, 138, 204.0, 11, , 67, 0, 0, 0, , 0, 0, 0, 0, 0, 
29, 0, 30, -1, -1, 133, 125, 182.0, 15, , 86, 0, 0, 0, , 0, 0, 0, 0, 0, 
30, 0, 31, -1, -1, 138, 132, 208.0, 9, , 72, 0, 0, 0, , 0, 0, 0, 0, 0, 
31, 0, 32, -1, -1, 136, 132, 210.0, 9, , 74, 0, 0, 0, , 0, 0, 0, 0, 0, 
32, 0, 33, -1, -1, 134, 33, 126.0, 8, , 3, 0, 0, 0, , 0, 0, 0, 0, 0, 
33, 0, 35, -1, -1, 187, 43, 144.0, 9, , 61, 0, 0, 0, , 0, 0, 0, 0, 0, 
34, 0, 36, -1, -1, 150, 33, 155.0, 9, , 27, 0, 0, 0, , 0, 0, 0, 0, 0, 
35, 0, 37, -1, -1, 283, 69, 177.0, 9, , 50, 0, 0, 0, , 0, 0, 0, 0, 0, 
36, 0, 38, -1, -1, 85, 106, 199.0, 9, , 37, 0, 0, 0, , 0, 0, 0, 0, 0, 
37, 0, 39, -1, -1, 82, 107, 196.0, 9, , 28, 0, 0, 0, , 0, 0, 0, 0, 0, 
38, 0, 40, -1, -1, 101, 104, 196.0, 7, , 22, 0, 0, 0, , 0, 0, 0, 0, 0, 
39, 0, 42, -1, -1, 149, 95, 209.0, 8, , 10, 0, 0, 0, , 0, 0, 0, 0, 0, 
40, 0, 45, -1, -1, 96, 171, 107.0, 11, , 46, 0, 0, 0, , 0, 0, 0, 0, 0, 
41, 0, 46, -1, -1, 68, 64, 131.0, 8, , 20, 0, 0, 0, , 0, 0, 0, 0, 0, 
42, 0, 47, -1, -1, 156, 46, 180.0, 9, , 80, 0, 0, 0, , 0, 0, 0, 0, 0, 
43, 0, 48, -1, -1, 133, 95, 187.0, 8, , 32, 0, 0, 0, , 0, 0, 0, 0, 0, 
44, 0, 49, -1, -1, 139, 58, 192.0, 7, , 37, 0, 0, 0, , 0, 0, 0, 0, 0, 
45, 0, 50, -1, -1, 159, 134, 197.0, 9, , 15, 0, 0, 0, , 0, 0, 0, 0, 0, 
46, 0, 51, -1, -1, 139, 74, 201.0, 9, , 31, 0, 0, 0, , 0, 0, 0, 0, 0, 
47, 0, 52, -1, -1, 137, 89, 208.0, 9, , 29, 0, 0, 0, , 0, 0, 0, 0, 0, 
48, 0, 53, -1, -1, 162, 121, 199.0, 7, , 19, 0, 0, 0, , 0, 0, 0, 0, 0, 
49, 0, 54, -1, -1, 265, 129, 192.0, 7, , 15, 0, 0, 0, , 0, 0, 0, 0, 0, 
50, 0, 55, -1, -1, 262, 129, 194.0, 11, , 39, 0, 0, 0, , 0, 0, 0, 0, 0, 
51, 0, 57, -1, -1, 216, 122, 206.0, 9, , 51, 0, 0, 0, , 0, 0, 0, 0, 0, 
52, 0, 58, -1, -1, 176, 50, 183.0, 13, , 210, 0, 0, 0, , 0, 0, 0, 0, 0, 
53, 0, 59, -1, -1, 65, 145, 112.0, 11, , 41, 0, 0, 0, , 0, 0, 0, 0, 0, 
54, 0, 60, -1, -1, 112, 163, 121.0, 9, , 55, 0, 0, 0, , 0, 0, 0, 0, 0, 
55, 0, 61, -1, -1, 168, 36, 133.0, 11, , 47, 0, 0, 0, , 0, 0, 0, 0, 0, 
56, 0, 62, -1, -1, 311, 72, 148.0, 8, , 24, 0, 0, 0, , 0, 0, 0, 0, 0, 
57, 0, 63, -1, -1, 256, 66, 185.0, 9, , 20, 0, 0, 0, , 0, 0, 0, 0, 0, 
58, 0, 64, -1, -1, 252, 64, 183.0, 11, , 49, 0, 0, 0, , 0, 0, 0, 0, 0, 
59, 0, 66, -1, -1, 260, 51, 160.0, 9, , 42, 0, 0, 0, , 0, 0, 0, 0, 0, 
60, 0, 67, -1, -1, 160, 50, 186.0, 7, , 24, 0, 0, 0, , 0, 0, 0, 0, 0, 
61, 0, 68, -1, -1, 94, 60, 127.0, 9, , 6, 0, 0, 0, , 0, 0, 0, 0, 0, 
62, 0, 71, -1, -1, 100, 66, 152.0, 11, , 40, 0, 0, 0, , 0, 0, 0, 0, 0, 
63, 0, 72, -1, -1, 137, 56, 158.0, 7, , 19, 0, 0, 0, , 0, 0, 0, 0, 0, 
64, 0, 73, -1, -1, 75, 85, 176.0, 8, , 17, 0, 0, 0, , 0, 0, 0, 0, 0, 
65, 0, 74, -1, -1, 146, 117, 185.0, 9, , 91, 0, 0, 0, , 0, 0, 0, 0, 0, 
66, 0, 75, -1, -1, 84, 99, 190.0, 8, , 40, 0, 0, 0, , 0, 0, 0, 0, 0, 
67, 0, 76, -1, -1, 179, 104, 210.0, 8, , 12, 0, 0, 0, , 0, 0, 0, 0, 0, 
68, 0, 77, -1, -1, 299, 61, 158.0, 9, , 36, 0, 0, 0, , 0, 0, 0, 0, 0, 
69, 0, 78, -1, -1, 296, 66, 157.0, 9, , 43, 0, 0, 0, , 0, 0, 0, 0, 0, 
70, 0, 79, -1, -1, 204, 72, 200.0, 7, , 22, 0, 0, 0, , 0, 0, 0, 0, 0, 
71, 0, 80, -1, -1, 243, 93, 210.0, 9, , 39, 0, 0, 0, , 0, 0, 0, 0, 0, 
72, 0, 81, -1, -1, 140, 163, 140.0, 7, , 25, 0, 0, 0, , 0, 0, 0, 0, 0, 
73, 0, 82, -1, -1, 144, 63, 186.0, 7, , 34, 0, 0, 0, , 0, 0, 0, 0, 0, 
74, 0, 84, -1, -1, 274, 130, 175.0, 9, , 61, 0, 0, 0, , 0, 0, 0, 0, 0, 
75, 0, 85, -1, -1, 58, 114, 111.0, 9, , 9, 0, 0, 0, , 0, 0, 0, 0, 0, 
76, 0, 86, -1, -1, 60, 118, 107.0, 8, , 11, 0, 0, 0, , 0, 0, 0, 0, 0, 
77, 1, 87, 75, -1, 151, 33, 157.0, 13, ABpraappaa, 43, 0, 0, 0, , 0, 0, 0, 0, 0, 
78, 0, 88, -1, -1, 239, 51, 162.0, 11, , 99, 0, 0, 0, , 0, 0, 0, 0, 0, 
79, 0, 89, -1, -1, 78, 159, 156.0, 9, , 25, 0, 0, 0, , 0, 0, 0, 0, 0, 
80, 0, 90, -1, -1, 316, 91, 169.0, 7, , 16, 0, 0, 0, , 0, 0, 0, 0, 0, 
81, 0, 91, -1, -1, 73, 87, 172.0, 11, , 133, 0, 0, 0, , 0, 0, 0, 0, 0, 
82, 0, 92, -1, -1, 272, 131, 171.0, 7, , 10, 0, 0, 0, , 0, 0, 0, 0, 0, 
83, 0, 93, -1, -1, 156, 46, 182.0, 7, , 23, 0, 0, 0, , 0, 0, 0, 0, 0, 
84, 0, 94, -1, -1, 250, 110, 199.0, 7, , 7, 0, 0, 0, , 0, 0, 0, 0, 0, 
85, 0, 95, -1, -1, 161, 138, 200.0, 13, , 138, 0, 0, 0, , 0, 0, 0, 0, 0, 
86, 0, 96, -1, -1, 131, 96, 188.0, 9, , 46, 0, 0, 0, , 0, 0, 0, 0, 0, 
87, 0, 97, -1, -1, 200, 79, 195.0, 9, , 41, 0, 0, 0, , 0, 0, 0, 0, 0, 
88, 0, 98, -1, -1, 237, 89, 210.0, 9, , 38, 0, 0, 0, , 0, 0, 0, 0, 0, 
89, 0, 99, -1, -1, 102, 126, 187.0, 8, , 28, 0, 0, 0, , 0, 0, 0, 0, 0, 
90, 0, 102, -1, -1, 235, 54, 186.0, 7, , 57, 0, 0, 0, , 0, 0, 0, 0, 0, 
91, 0, 103, -1, -1, 269, 77, 189.0, 11, , 57, 0, 0, 0, , 0, 0, 0, 0, 0, 
92, 0, 104, -1, -1, 178, 50, 192.0, 8, , 28, 0, 0, 0, , 0, 0, 0, 0, 0, 
93, 0, 105, -1, -1, 171, 50, 189.0, 7, , 25, 0, 0, 0, , 0, 0, 0, 0, 0, 
94, 0, 106, -1, -1, 160, 97, 198.0, 8, , 12, 0, 0, 0, , 0, 0, 0, 0, 0, 
95, 0, 109, -1, -1, 230, 111, 206.0, 9, , 79, 0, 0, 0, , 0, 0, 0, 0, 0, 
96, 0, 110, -1, -1, 178, 100, 211.0, 7, , 21, 0, 0, 0, , 0, 0, 0, 0, 0, 
97, 0, 111, -1, -1, 223, 76, 202.0, 9, , 39, 0, 0, 0, , 0, 0, 0, 0, 0, 
98, 0, 112, -1, -1, 243, 91, 203.0, 9, , 27, 0, 0, 0, , 0, 0, 0, 0, 0, 
99, 0, 113, -1, -1, 277, 49, 152.0, 8, , 23, 0, 0, 0, , 0, 0, 0, 0, 0, 
100, 0, 114, -1, -1, 149, 121, 181.0, 11, , 28, 0, 0, 0, , 0, 0, 0, 0, 0, 
101, 0, 115, -1, -1, 258, 69, 184.0, 7, , 4, 0, 0, 0, , 0, 0, 0, 0, 0, 
102, 0, 116, -1, -1, 176, 46, 184.0, 8, , 13, 0, 0, 0, , 0, 0, 0, 0, 0, 
103, 0, 117, -1, -1, 164, 63, 196.0, 9, , 50, 0, 0, 0, , 0, 0, 0, 0, 0, 
104, 0, 118, -1, -1, 233, 109, 201.0, 9, , 42, 0, 0, 0, , 0, 0, 0, 0, 0, 
105, 0, 119, -1, -1, 259, 99, 201.0, 7, , 29, 0, 0, 0, , 0, 0, 0, 0, 0, 
106, 0, 120, -1, -1, 238, 88, 209.0, 8, , 24, 0, 0, 0, , 0, 0, 0, 0, 0, 
107, 0, 121, -1, -1, 158, 99, 211.0, 9, , 67, 0, 0, 0, , 0, 0, 0, 0, 0, 
108, 0, 122, -1, -1, 148, 34, 139.0, 8, , 29, 0, 0, 0, , 0, 0, 0, 0, 0, 
109, 0, 123, -1, -1, 90, 101, 70.0, 8, , 18, 0, 0, 0, , 0, 0, 0, 0, 0, 
110, 0, 124, -1, -1, 78, 90, 93.0, 9, , 54, 0, 0, 0, , 0, 0, 0, 0, 0, 
111, 0, 125, -1, -1, 89, 58, 154.0, 7, , 14, 0, 0, 0, , 0, 0, 0, 0, 0, 
112, 0, 126, -1, -1, 178, 44, 166.0, 9, , 23, 0, 0, 0, , 0, 0, 0, 0, 0, 
113, 0, 127, -1, -1, 286, 63, 178.0, 7, , 28, 0, 0, 0, , 0, 0, 0, 0, 0, 
114, 0, 128, -1, -1, 280, 68, 171.0, 9, , 28, 0, 0, 0, , 0, 0, 0, 0, 0, 
115, 0, 130, -1, -1, 138, 46, 177.0, 11, , 88, 0, 0, 0, , 0, 0, 0, 0, 0, 
116, 0, 131, -1, -1, 191, 152, 185.0, 7, , 51, 0, 0, 0, , 0, 0, 0, 0, 0, 
117, 0, 132, -1, -1, 105, 126, 197.0, 8, , 26, 0, 0, 0, , 0, 0, 0, 0, 0, 
118, 0, 133, -1, -1, 117, 77, 186.0, 7, , 34, 0, 0, 0, , 0, 0, 0, 0, 0, 
119, 0, 134, -1, -1, 106, 128, 194.0, 9, , 41, 0, 0, 0, , 0, 0, 0, 0, 0, 
120, 0, 135, -1, -1, 195, 60, 200.0, 7, , 16, 0, 0, 0, , 0, 0, 0, 0, 0, 
121, 0, 137, -1, -1, 120, 98, 206.0, 9, , 55, 0, 0, 0, , 0, 0, 0, 0, 0, 
122, 0, 138, -1, -1, 132, 88, 201.0, 7, , 34, 0, 0, 0, , 0, 0, 0, 0, 0, 
123, 0, 139, -1, -1, 213, 121, 209.0, 8, , 56, 0, 0, 0, , 0, 0, 0, 0, 0, 
124, 0, 140, -1, -1, 192, 115, 202.0, 8, , 20, 0, 0, 0, , 0, 0, 0, 0, 0, 
125, 0, 141, -1, -1, 162, 32, 135.0, 7, , 39, 0, 0, 0, , 0, 0, 0, 0, 0, 
126, 0, 142, -1, -1, 179, 41, 163.0, 9, , 16, 0, 0, 0, , 0, 0, 0, 0, 0, 
127, 0, 143, -1, -1, 310, 87, 168.0, 8, , 23, 0, 0, 0, , 0, 0, 0, 0, 0, 
128, 0, 144, -1, -1, 317, 86, 172.0, 8, , 19, 0, 0, 0, , 0, 0, 0, 0, 0, 
129, 0, 146, -1, -1, 134, 50, 180.0, 8, , 25, 0, 0, 0, , 0, 0, 0, 0, 0, 
130, 0, 147, -1, -1, 189, 58, 199.0, 9, , 36, 0, 0, 0, , 0, 0, 0, 0, 0, 
131, 0, 149, -1, -1, 129, 117, 132.0, 9, , 23, 0, 0, 0, , 0, 0, 0, 0, 0, 
132, 0, 150, -1, -1, 76, 84, 164.0, 8, , 32, 0, 0, 0, , 0, 0, 0, 0, 0, 
133, 0, 151, -1, -1, 201, 174, 166.0, 11, , 13, 0, 0, 0, , 0, 0, 0, 0, 0, 
134, 0, 152, -1, -1, 263, 51, 170.0, 9, , 36, 0, 0, 0, , 0, 0, 0, 0, 0, 
135, 0, 153, -1, -1, 130, 53, 159.0, 9, , 88, 0, 0, 0, , 0, 0, 0, 0, 0, 
136, 0, 154, -1, -1, 262, 53, 172.0, 9, , 27, 0, 0, 0, , 0, 0, 0, 0, 0, 
137, 0, 155, -1, -1, 281, 136, 174.0, 7, , 32, 0, 0, 0, , 0, 0, 0, 0, 0, 
138, 0, 156, -1, -1, 192, 109, 194.0, 9, , 34, 0, 0, 0, , 0, 0, 0, 0, 0, 
139, 0, 157, -1, -1, 142, 64, 194.0, 7, , 24, 0, 0, 0, , 0, 0, 0, 0, 0, 
140, 0, 158, -1, -1, 186, 103, 199.0, 7, , 27, 0, 0, 0, , 0, 0, 0, 0, 0, 
141, 0, 159, -1, -1, 161, 121, 204.0, 9, , 157, 0, 0, 0, , 0, 0, 0, 0, 0, 
142, 0, 160, -1, -1, 119, 92, 203.0, 7, , 12, 0, 0, 0, , 0, 0, 0, 0, 0, 
143, 0, 161, -1, -1, 155, 95, 209.0, 9, , 23, 0, 0, 0, , 0, 0, 0, 0, 0, 
144, 0, 162, -1, -1, 128, 87, 206.0, 9, , 15, 0, 0, 0, , 0, 0, 0, 0, 0, 
145, 0, 163, -1, -1, 211, 47, 142.0, 9, , 35, 0, 0, 0, , 0, 0, 0, 0, 0, 
146, 0, 165, -1, -1, 121, 127, 207.0, 11, , 135, 0, 0, 0, , 0, 0, 0, 0, 0, 
147, 0, 166, -1, -1, 106, 66, 152.0, 9, , 34, 0, 0, 0, , 0, 0, 0, 0, 0, 
148, 0, 167, -1, -1, 101, 134, 75.0, 8, , 8, 0, 0, 0, , 0, 0, 0, 0, 0, 
149, 0, 168, -1, -1, 76, 93, 92.0, 9, , 34, 0, 0, 0, , 0, 0, 0, 0, 0, 
150, 0, 169, -1, -1, 126, 163, 95.0, 9, , 7, 0, 0, 0, , 0, 0, 0, 0, 0, 
151, 0, 170, -1, -1, 106, 42, 115.0, 7, , 21, 0, 0, 0, , 0, 0, 0, 0, 0, 
152, 0, 171, -1, -1, 84, 166, 106.0, 8, , 13, 0, 0, 0, , 0, 0, 0, 0, 0, 
153, 0, 172, -1, -1, 206, 42, 136.0, 9, , 28, 0, 0, 0, , 0, 0, 0, 0, 0, 
154, 0, 173, -1, -1, 209, 180, 134.0, 7, , 11, 0, 0, 0, , 0, 0, 0, 0, 0, 
155, 0, 175, -1, -1, 115, 55, 142.0, 7, , 21, 0, 0, 0, , 0, 0, 0, 0, 0, 
156, 0, 176, -1, -1, 147, 33, 143.0, 9, , 39, 0, 0, 0, , 0, 0, 0, 0, 0, 
157, 0, 177, -1, -1, 72, 156, 147.0, 7, , 18, 0, 0, 0, , 0, 0, 0, 0, 0, 
158, 0, 178, -1, -1, 153, 32, 158.0, 7, , 23, 0, 0, 0, , 0, 0, 0, 0, 0, 
159, 0, 179, -1, -1, 71, 80, 163.0, 8, , 13, 0, 0, 0, , 0, 0, 0, 0, 0, 
160, 0, 180, -1, -1, 136, 53, 155.0, 13, , 144, 0, 0, 0, , 0, 0, 0, 0, 0, 
161, 0, 181, -1, -1, 136, 144, 162.0, 9, , 12, 0, 0, 0, , 0, 0, 0, 0, 0, 
162, 0, 182, -1, -1, 80, 101, 173.0, 9, , 36, 0, 0, 0, , 0, 0, 0, 0, 0, 
163, 0, 184, -1, -1, 76, 96, 165.0, 8, , 6, 0, 0, 0, , 0, 0, 0, 0, 0, 
164, 0, 185, -1, -1, 76, 129, 173.0, 9, , 25, 0, 0, 0, , 0, 0, 0, 0, 0, 
165, 0, 187, -1, -1, 109, 81, 172.0, 7, , 26, 0, 0, 0, , 0, 0, 0, 0, 0, 
166, 0, 188, -1, -1, 149, 168, 175.0, 11, , 85, 0, 0, 0, , 0, 0, 0, 0, 0, 
167, 0, 189, -1, -1, 71, 90, 175.0, 8, , 40, 0, 0, 0, , 0, 0, 0, 0, 0, 
168, 0, 190, -1, -1, 142, 80, 176.0, 8, , 38, 0, 0, 0, , 0, 0, 0, 0, 0, 
169, 0, 191, -1, -1, 99, 64, 176.0, 9, , 38, 0, 0, 0, , 0, 0, 0, 0, 0, 
170, 0, 193, -1, -1, 73, 89, 186.0, 9, , 36, 0, 0, 0, , 0, 0, 0, 0, 0, 
171, 0, 194, -1, -1, 111, 117, 183.0, 8, , 86, 0, 0, 0, , 0, 0, 0, 0, 0, 
172, 0, 195, -1, -1, 116, 71, 190.0, 7, , 31, 0, 0, 0, , 0, 0, 0, 0, 0, 
173, 0, 196, -1, -1, 176, 54, 185.0, 9, , 25, 0, 0, 0, , 0, 0, 0, 0, 0, 
174, 0, 197, -1, -1, 98, 128, 191.0, 7, , 16, 0, 0, 0, , 0, 0, 0, 0, 0, 
175, 0, 198, -1, -1, 124, 74, 189.0, 8, , 35, 0, 0, 0, , 0, 0, 0, 0, 0, 
176, 0, 199, -1, -1, 146, 58, 194.0, 8, , 37, 0, 0, 0, , 0, 0, 0, 0, 0, 
177, 0, 200, -1, -1, 140, 132, 200.0, 7, , 34, 0, 0, 0, , 0, 0, 0, 0, 0, 
178, 0, 201, -1, -1, 268, 98, 198.0, 9, , 47, 0, 0, 0, , 0, 0, 0, 0, 0, 
179, 0, 202, -1, -1, 79, 145, 95.0, 7, , 17, 0, 0, 0, , 0, 0, 0, 0, 0, 
180, 0, 203, -1, -1, 131, 33, 129.0, 8, , 30, 0, 0, 0, , 0, 0, 0, 0, 0, 
181, 0, 204, -1, -1, 115, 53, 137.0, 9, , 28, 0, 0, 0, , 0, 0, 0, 0, 0, 
182, 0, 205, -1, -1, 109, 133, 149.0, 7, , 28, 0, 0, 0, , 0, 0, 0, 0, 0, 
183, 0, 206, -1, -1, 90, 52, 155.0, 9, , 48, 0, 0, 0, , 0, 0, 0, 0, 0, 
184, 0, 207, -1, -1, 96, 55, 153.0, 7, , 19, 0, 0, 0, , 0, 0, 0, 0, 0, 
185, 0, 208, -1, -1, 308, 90, 173.0, 11, , 23, 0, 0, 0, , 0, 0, 0, 0, 0, 
186, 0, 209, -1, -1, 139, 44, 175.0, 7, , 31, 0, 0, 0, , 0, 0, 0, 0, 0, 
187, 0, 210, -1, -1, 157, 49, 186.0, 9, , 26, 0, 0, 0, , 0, 0, 0, 0, 0, 
188, 0, 211, -1, -1, 124, 125, 200.0, 9, , 65, 0, 0, 0, , 0, 0, 0, 0, 0, 
189, 0, 212, -1, -1, 150, 162, 143.0, 8, , 7, 0, 0, 0, , 0, 0, 0, 0, 0, 
190, 0, 213, -1, -1, 122, 75, 192.0, 9, , 52, 0, 0, 0, , 0, 0, 0, 0, 0, 
191, 0, 214, -1, -1, 137, 137, 202.0, 9, , 47, 0, 0, 0, , 0, 0, 0, 0, 0, 
192, 0, 215, -1, -1, 211, 44, 143.0, 7, , 45, 0, 0, 0, , 0, 0, 0, 0, 0, 
193, 0, 216, -1, -1, 136, 116, 205.0, 8, , 29, 0, 0, 0, , 0, 0, 0, 0, 0, 
194, 0, 217, -1, -1, 107, 41, 118.0, 9, , 37, 0, 0, 0, , 0, 0, 0, 0, 0, 
195, 0, 218, -1, -1, 305, 154, 134.0, 9, , 34, 0, 0, 0, , 0, 0, 0, 0, 0, 
196, 0, 219, -1, -1, 80, 111, 146.0, 7, , 31, 0, 0, 0, , 0, 0, 0, 0, 0, 
197, 0, 220, -1, -1, 194, 176, 149.0, 8, , 21, 0, 0, 0, , 0, 0, 0, 0, 0, 
198, 0, 221, -1, -1, 315, 71, 158.0, 11, , 62, 0, 0, 0, , 0, 0, 0, 0, 0, 
199, 0, 222, -1, -1, 298, 66, 154.0, 9, , 27, 0, 0, 0, , 0, 0, 0, 0, 0, 
200, 0, 223, -1, -1, 98, 102, 160.0, 8, , 25, 0, 0, 0, , 0, 0, 0, 0, 0, 
201, 0, 226, -1, -1, 283, 66, 185.0, 11, , 28, 0, 0, 0, , 0, 0, 0, 0, 0, 
202, 0, 227, -1, -1, 148, 166, 172.0, 9, , 45, 0, 0, 0, , 0, 0, 0, 0, 0, 
203, 0, 228, -1, -1, 259, 71, 189.0, 9, , 35, 0, 0, 0, , 0, 0, 0, 0, 0, 
204, 0, 229, -1, -1, 113, 111, 188.0, 9, , 56, 0, 0, 0, , 0, 0, 0, 0, 0, 
205, 0, 230, -1, -1, 155, 86, 196.0, 7, , 28, 0, 0, 0, , 0, 0, 0, 0, 0, 
206, 0, 231, -1, -1, 194, 111, 208.0, 8, , 31, 0, 0, 0, , 0, 0, 0, 0, 0, 
207, 0, 232, -1, -1, 215, 137, 203.0, 8, , 26, 0, 0, 0, , 0, 0, 0, 0, 0, 
208, 0, 233, -1, -1, 208, 48, 136.0, 9, , 19, 0, 0, 0, , 0, 0, 0, 0, 0, 
209, 0, 234, -1, -1, 275, 152, 163.0, 7, , 25, 0, 0, 0, , 0, 0, 0, 0, 0, 
210, 0, 236, -1, -1, 290, 85, 180.0, 8, , 14, 0, 0, 0, , 0, 0, 0, 0, 0, 
211, 0, 237, -1, -1, 100, 68, 147.0, 9, , 39, 0, 0, 0, , 0, 0, 0, 0, 0, 
212, 0, 238, -1, -1, 178, 44, 165.0, 8, , 24, 0, 0, 0, , 0, 0, 0, 0, 0, 
213, 0, 239, -1, -1, 118, 73, 183.0, 9, , 33, 0, 0, 0, , 0, 0, 0, 0, 0, 
214, 0, 240, -1, -1, 203, 72, 198.0, 7, , 11, 0, 0, 0, , 0, 0, 0, 0, 0, 
215, 0, 241, -1, -1, 95, 61, 88.0, 9, , 19, 0, 0, 0, , 0, 0, 0, 0, 0, 
216, 0, 243, -1, -1, 99, 44, 118.0, 7, , 40, 0, 0, 0, , 0, 0, 0, 0, 0, 
217, 0, 244, -1, -1, 132, 120, 127.0, 11, , 19, 0, 0, 0, , 0, 0, 0, 0, 0, 
218, 0, 245, -1, -1, 160, 97, 139.0, 9, , 30, 0, 0, 0, , 0, 0, 0, 0, 0, 
219, 0, 246, -1, -1, 102, 162, 134.0, 9, , 30, 0, 0, 0, , 0, 0, 0, 0, 0, 
220, 0, 247, -1, -1, 161, 92, 142.0, 8, , 6, 0, 0, 0, , 0, 0, 0, 0, 0, 
221, 0, 248, -1, -1, 168, 37, 146.0, 9, , 31, 0, 0, 0, , 0, 0, 0, 0, 0, 
222, 0, 249, -1, -1, 86, 112, 149.0, 8, , 6, 0, 0, 0, , 0, 0, 0, 0, 0, 
223, 0, 250, -1, -1, 84, 105, 143.0, 7, , 6, 0, 0, 0, , 0, 0, 0, 0, 0, 
224, 0, 252, -1, -1, 300, 59, 158.0, 8, , 14, 0, 0, 0, , 0, 0, 0, 0, 0, 
225, 0, 254, -1, -1, 140, 89, 181.0, 9, , 18, 0, 0, 0, , 0, 0, 0, 0, 0, 
226, 0, 255, -1, -1, 122, 140, 184.0, 7, , 17, 0, 0, 0, , 0, 0, 0, 0, 0, 
227, 0, 256, -1, -1, 289, 126, 183.0, 9, , 78, 0, 0, 0, , 0, 0, 0, 0, 0, 
228, 0, 257, -1, -1, 156, 49, 187.0, 7, , 29, 0, 0, 0, , 0, 0, 0, 0, 0, 
229, 0, 258, -1, -1, 250, 66, 188.0, 8, , 24, 0, 0, 0, , 0, 0, 0, 0, 0, 
230, 0, 259, -1, -1, 288, 91, 185.0, 9, , 21, 0, 0, 0, , 0, 0, 0, 0, 0, 
231, 0, 260, -1, -1, 103, 103, 192.0, 8, , 28, 0, 0, 0, , 0, 0, 0, 0, 0, 
232, 0, 261, -1, -1, 263, 128, 192.0, 11, , 91, 0, 0, 0, , 0, 0, 0, 0, 0, 
233, 0, 262, -1, -1, 136, 116, 202.0, 8, , 38, 0, 0, 0, , 0, 0, 0, 0, 0, 
234, 0, 263, -1, -1, 161, 63, 203.0, 9, , 51, 0, 0, 0, , 0, 0, 0, 0, 0, 
235, 0, 264, -1, -1, 161, 114, 202.0, 9, , 60, 0, 0, 0, , 0, 0, 0, 0, 0, 
236, 0, 265, -1, -1, 139, 131, 204.0, 9, , 40, 0, 0, 0, , 0, 0, 0, 0, 0, 
237, 0, 267, -1, -1, 125, 146, 187.0, 8, , 4, 0, 0, 0, , 0, 0, 0, 0, 0, 
238, 0, 268, -1, -1, 286, 87, 183.0, 11, , 45, 0, 0, 0, , 0, 0, 0, 0, 0, 
239, 0, 269, -1, -1, 137, 101, 189.0, 7, , 35, 0, 0, 0, , 0, 0, 0, 0, 0, 
240, 0, 270, -1, -1, 159, 134, 197.0, 11, , 46, 0, 0, 0, , 0, 0, 0, 0, 0, 
241, 0, 271, -1, -1, 112, 92, 203.0, 7, , 20, 0, 0, 0, , 0, 0, 0, 0, 0, 
242, 0, 272, -1, -1, 131, 116, 208.0, 9, , 32, 0, 0, 0, , 0, 0, 0, 0, 0, 
243, 0, 273, -1, -1, 158, 99, 145.0, 7, , 15, 0, 0, 0, , 0, 0, 0, 0, 0, 
244, 0, 274, -1, -1, 145, 84, 172.0, 8, , 9, 0, 0, 0, , 0, 0, 0, 0, 0, 
245, 0, 275, -1, -1, 106, 121, 194.0, 7, , 29, 0, 0, 0, , 0, 0, 0, 0, 0, 
246, 0, 276, -1, -1, 221, 50, 147.0, 9, , 43, 0, 0, 0, , 0, 0, 0, 0, 0, 
247, 0, 277, -1, -1, 106, 128, 190.0, 9, , 56, 0, 0, 0, , 0, 0, 0, 0, 0, 
248, 0, 278, -1, -1, 67, 94, 99.0, 7, , 3, 0, 0, 0, , 0, 0, 0, 0, 0, 
249, 0, 281, -1, -1, 175, 177, 123.0, 7, , 34, 0, 0, 0, , 0, 0, 0, 0, 0, 
250, 0, 282, -1, -1, 102, 43, 126.0, 11, , 71, 0, 0, 0, , 0, 0, 0, 0, 0, 
251, 0, 283, -1, -1, 62, 144, 118.0, 11, , 59, 0, 0, 0, , 0, 0, 0, 0, 0, 
252, 0, 284, -1, -1, 63, 145, 117.0, 11, , 83, 0, 0, 0, , 0, 0, 0, 0, 0, 
253, 0, 286, -1, -1, 55, 96, 140.0, 8, , 11, 0, 0, 0, , 0, 0, 0, 0, 0, 
254, 0, 287, -1, -1, 76, 128, 144.0, 11, , 56, 0, 0, 0, , 0, 0, 0, 0, 0, 
255, 0, 288, -1, -1, 316, 71, 153.0, 8, , 24, 0, 0, 0, , 0, 0, 0, 0, 0, 
256, 0, 289, -1, -1, 277, 150, 166.0, 11, , 161, 0, 0, 0, , 0, 0, 0, 0, 0, 
257, 0, 290, -1, -1, 133, 144, 166.0, 8, , 10, 0, 0, 0, , 0, 0, 0, 0, 0, 
258, 0, 291, -1, -1, 193, 150, 176.0, 9, , 22, 0, 0, 0, , 0, 0, 0, 0, 0, 
259, 0, 292, -1, -1, 131, 116, 176.0, 7, , 23, 0, 0, 0, , 0, 0, 0, 0, 0, 
260, 0, 293, -1, -1, 249, 68, 185.0, 7, , 18, 0, 0, 0, , 0, 0, 0, 0, 0, 
261, 0, 294, -1, -1, 168, 100, 197.0, 7, , 28, 0, 0, 0, , 0, 0, 0, 0, 0, 
262, 0, 297, -1, -1, 159, 137, 206.0, 9, , 40, 0, 0, 0, , 0, 0, 0, 0, 0, 
263, 0, 298, -1, -1, 115, 96, 209.0, 11, , 88, 0, 0, 0, , 0, 0, 0, 0, 0, 
264, 0, 299, -1, -1, 165, 40, 142.0, 9, , 9, 0, 0, 0, , 0, 0, 0, 0, 0, 
265, 0, 300, -1, -1, 262, 50, 165.0, 7, , 20, 0, 0, 0, , 0, 0, 0, 0, 0, 
266, 0, 301, -1, -1, 288, 125, 190.0, 7, , 49, 0, 0, 0, , 0, 0, 0, 0, 0, 
267, 0, 302, -1, -1, 188, 60, 191.0, 9, , 145, 0, 0, 0, , 0, 0, 0, 0, 0, 
268, 0, 303, -1, -1, 220, 77, 208.0, 11, , 54, 0, 0, 0, , 0, 0, 0, 0, 0, 
269, 0, 304, -1, -1, 178, 43, 161.0, 8, , 10, 0, 0, 0, , 0, 0, 0, 0, 0, 
270, 0, 306, -1, -1, 91, 97, 62.0, 8, , 10, 0, 0, 0, , 0, 0, 0, 0, 0, 
271, 0, 308, -1, -1, 160, 163, 121.0, 8, , 17, 0, 0, 0, , 0, 0, 0, 0, 0, 
272, 0, 309, -1, -1, 280, 165, 124.0, 8, , 4, 0, 0, 0, , 0, 0, 0, 0, 0, 
273, 0, 310, -1, -1, 158, 183, 125.0, 9, , 71, 0, 0, 0, , 0, 0, 0, 0, 0, 
274, 0, 311, -1, -1, 156, 183, 134.0, 11, , 68, 0, 0, 0, , 0, 0, 0, 0, 0, 
275, 0, 312, -1, -1, 145, 34, 132.0, 11, , 53, 0, 0, 0, , 0, 0, 0, 0, 0, 
276, 0, 313, -1, -1, 164, 30, 138.0, 9, , 17, 0, 0, 0, , 0, 0, 0, 0, 0, 
277, 0, 314, -1, -1, 277, 53, 147.0, 11, , 24, 0, 0, 0, , 0, 0, 0, 0, 0, 
278, 0, 317, -1, -1, 124, 141, 161.0, 7, , 5, 0, 0, 0, , 0, 0, 0, 0, 0, 
279, 0, 320, -1, -1, 133, 148, 162.0, 7, , 23, 0, 0, 0, , 0, 0, 0, 0, 0, 
280, 0, 321, -1, -1, 239, 56, 167.0, 7, , 24, 0, 0, 0, , 0, 0, 0, 0, 0, 
281, 0, 322, -1, -1, 78, 131, 174.0, 8, , 18, 0, 0, 0, , 0, 0, 0, 0, 0, 
282, 0, 323, -1, -1, 211, 49, 174.0, 7, , 28, 0, 0, 0, , 0, 0, 0, 0, 0, 
283, 0, 325, -1, -1, 196, 58, 192.0, 8, , 15, 0, 0, 0, , 0, 0, 0, 0, 0, 
284, 0, 327, -1, -1, 99, 88, 191.0, 9, , 10, 0, 0, 0, , 0, 0, 0, 0, 0, 
285, 0, 328, -1, -1, 190, 111, 191.0, 11, , 43, 0, 0, 0, , 0, 0, 0, 0, 0, 
286, 0, 329, -1, -1, 132, 91, 199.0, 7, , 30, 0, 0, 0, , 0, 0, 0, 0, 0, 
287, 0, 330, -1, -1, 167, 97, 202.0, 9, , 53, 0, 0, 0, , 0, 0, 0, 0, 0, 
288, 0, 331, -1, -1, 235, 94, 206.0, 8, , 7, 0, 0, 0, , 0, 0, 0, 0, 0, 
289, 0, 332, -1, -1, 76, 125, 149.0, 9, , 62, 0, 0, 0, , 0, 0, 0, 0, 0, 
290, 0, 333, -1, -1, 116, 153, 182.0, 9, , 32, 0, 0, 0, , 0, 0, 0, 0, 0, 
291, 0, 334, -1, -1, 240, 87, 204.0, 8, , 14, 0, 0, 0, , 0, 0, 0, 0, 0, 
292, 0, 335, -1, -1, 104, 43, 113.0, 7, , 31, 0, 0, 0, , 0, 0, 0, 0, 0, 
293, 0, 336, -1, -1, 220, 71, 203.0, 9, , 47, 0, 0, 0, , 0, 0, 0, 0, 0, 
294, 0, 337, -1, -1, 259, 87, 200.0, 8, , 34, 0, 0, 0, , 0, 0, 0, 0, 0, 
295, 0, 338, -1, -1, 214, 179, 155.0, 8, , 7, 0, 0, 0, , 0, 0, 0, 0, 0, 
296, 0, 339, -1, -1, 220, 122, 208.0, 7, , 8, 0, 0, 0, , 0, 0, 0, 0, 0, 
297, 0, 340, -1, -1, 64, 145, 109.0, 8, , 27, 0, 0, 0, , 0, 0, 0, 0, 0, 
298, 0, 341, -1, -1, 158, 162, 125.0, 9, , 15, 0, 0, 0, , 0, 0, 0, 0, 0, 
299, 0, 342, -1, -1, 84, 74, 152.0, 7, , 13, 0, 0, 0, , 0, 0, 0, 0, 0, 
300, 0, 343, -1, -1, 115, 43, 153.0, 9, , 92, 0, 0, 0, , 0, 0, 0, 0, 0, 
301, 0, 344, -1, -1, 72, 82, 162.0, 9, , 87, 0, 0, 0, , 0, 0, 0, 0, 0, 
302, 0, 345, -1, -1, 160, 49, 181.0, 11, , 107, 0, 0, 0, , 0, 0, 0, 0, 0, 
303, 0, 346, -1, -1, 151, 120, 188.0, 9, , 70, 0, 0, 0, , 0, 0, 0, 0, 0, 
304, 0, 347, -1, -1, 157, 65, 194.0, 9, , 37, 0, 0, 0, , 0, 0, 0, 0, 0, 
305, 0, 348, -1, -1, 50, 110, 89.0, 9, , 121, 0, 0, 0, , 0, 0, 0, 0, 0, 
306, 0, 350, -1, -1, 109, 161, 98.0, 7, , 22, 0, 0, 0, , 0, 0, 0, 0, 0, 
307, 0, 351, -1, -1, 145, 170, 104.0, 9, , 29, 0, 0, 0, , 0, 0, 0, 0, 0, 
308, 0, 352, -1, -1, 133, 181, 117.0, 9, , 15, 0, 0, 0, , 0, 0, 0, 0, 0, 
309, 0, 353, -1, -1, 209, 181, 125.0, 9, , 30, 0, 0, 0, , 0, 0, 0, 0, 0, 
310, 0, 354, -1, -1, 183, 47, 137.0, 9, , 43, 0, 0, 0, , 0, 0, 0, 0, 0, 
311, 0, 355, -1, -1, 56, 95, 141.0, 9, , 30, 0, 0, 0, , 0, 0, 0, 0, 0, 
312, 0, 356, -1, -1, 116, 135, 145.0, 9, , 26, 0, 0, 0, , 0, 0, 0, 0, 0, 
313, 0, 357, -1, -1, 218, 51, 152.0, 8, , 17, 0, 0, 0, , 0, 0, 0, 0, 0, 
314, 0, 358, -1, -1, 82, 109, 155.0, 8, , 26, 0, 0, 0, , 0, 0, 0, 0, 0, 
315, 0, 359, -1, -1, 100, 118, 155.0, 9, , 31, 0, 0, 0, , 0, 0, 0, 0, 0, 
316, 0, 360, -1, -1, 113, 41, 157.0, 9, , 92, 0, 0, 0, , 0, 0, 0, 0, 0, 
317, 0, 361, -1, -1, 270, 54, 154.0, 8, , 3, 0, 0, 0, , 0, 0, 0, 0, 0, 
318, 0, 363, -1, -1, 130, 74, 166.0, 9, , 11, 0, 0, 0, , 0, 0, 0, 0, 0, 
319, 0, 364, -1, -1, 283, 63, 174.0, 8, , 36, 0, 0, 0, , 0, 0, 0, 0, 0, 
320, 0, 365, -1, -1, 78, 125, 177.0, 8, , 12, 0, 0, 0, , 0, 0, 0, 0, 0, 
321, 0, 366, -1, -1, 122, 74, 185.0, 9, , 56, 0, 0, 0, , 0, 0, 0, 0, 0, 
322, 0, 367, -1, -1, 143, 63, 184.0, 9, , 22, 0, 0, 0, , 0, 0, 0, 0, 0, 
323, 0, 368, -1, -1, 131, 87, 193.0, 7, , 14, 0, 0, 0, , 0, 0, 0, 0, 0, 
324, 0, 370, -1, -1, 96, 127, 196.0, 11, , 34, 0, 0, 0, , 0, 0, 0, 0, 0, 
325, 0, 371, -1, -1, 196, 60, 194.0, 7, , 22, 0, 0, 0, , 0, 0, 0, 0, 0, 
326, 0, 372, -1, -1, 195, 59, 196.0, 8, , 24, 0, 0, 0, , 0, 0, 0, 0, 0, 
327, 0, 373, -1, -1, 82, 103, 197.0, 8, , 19, 0, 0, 0, , 0, 0, 0, 0, 0, 
328, 0, 374, -1, -1, 121, 131, 201.0, 9, , 71, 0, 0, 0, , 0, 0, 0, 0, 0, 
329, 0, 375, -1, -1, 136, 135, 200.0, 11, , 103, 0, 0, 0, , 0, 0, 0, 0, 0, 
330, 0, 376, -1, -1, 215, 139, 198.0, 9, , 13, 0, 0, 0, , 0, 0, 0, 0, 0, 
331, 0, 377, -1, -1, 135, 114, 198.0, 9, , 24, 0, 0, 0, , 0, 0, 0, 0, 0, 
332, 0, 378, -1, -1, 154, 83, 202.0, 11, , 84, 0, 0, 0, , 0, 0, 0, 0, 0, 
333, 0, 379, -1, -1, 192, 89, 203.0, 8, , 50, 0, 0, 0, , 0, 0, 0, 0, 0, 
334, 0, 380, -1, -1, 217, 91, 203.0, 9, , 50, 0, 0, 0, , 0, 0, 0, 0, 0, 
335, 0, 383, -1, -1, 99, 43, 120.0, 7, , 33, 0, 0, 0, , 0, 0, 0, 0, 0, 
336, 0, 384, -1, -1, 141, 33, 136.0, 8, , 33, 0, 0, 0, , 0, 0, 0, 0, 0, 
337, 0, 385, -1, -1, 189, 182, 146.0, 8, , 15, 0, 0, 0, , 0, 0, 0, 0, 0, 
338, 0, 385, -1, -1, 195, 178, 146.0, 7, , 9, 0, 0, 0, , 0, 0, 0, 0, 0, 
339, 0, 386, -1, -1, 78, 111, 152.0, 7, , 45, 0, 0, 0, , 0, 0, 0, 0, 0, 
340, 0, 387, -1, -1, 116, 40, 150.0, 9, , 55, 0, 0, 0, , 0, 0, 0, 0, 0, 
341, 0, 389, -1, -1, 76, 101, 174.0, 9, , 25, 0, 0, 0, , 0, 0, 0, 0, 0, 
342, 0, 390, -1, -1, 135, 74, 193.0, 9, , 40, 0, 0, 0, , 0, 0, 0, 0, 0, 
343, 0, 391, -1, -1, 198, 75, 198.0, 7, , 20, 0, 0, 0, , 0, 0, 0, 0, 0, 
344, 0, 392, -1, -1, 157, 132, 201.0, 8, , 19, 0, 0, 0, , 0, 0, 0, 0, 0, 
345, 0, 393, -1, -1, 197, 94, 207.0, 9, , 47, 0, 0, 0, , 0, 0, 0, 0, 0, 
346, 0, 394, -1, -1, 228, 109, 210.0, 13, , 166, 0, 0, 0, , 0, 0, 0, 0, 0, 
347, 0, 395, -1, -1, 111, 111, 184.0, 7, , 38, 0, 0, 0, , 0, 0, 0, 0, 0, 
348, 0, 396, -1, -1, 252, 82, 198.0, 8, , 13, 0, 0, 0, , 0, 0, 0, 0, 0, 
349, 0, 397, -1, -1, 223, 47, 154.0, 9, , 34, 0, 0, 0, , 0, 0, 0, 0, 0, 
350, 0, 399, -1, -1, 140, 35, 139.0, 8, , 50, 0, 0, 0, , 0, 0, 0, 0, 0, 
351, 0, 400, -1, -1, 83, 144, 82.0, 7, , 22, 0, 0, 0, , 0, 0, 0, 0, 0, 
352, 0, 402, -1, -1, 144, 171, 109.0, 9, , 18, 0, 0, 0, , 0, 0, 0, 0, 0, 
353, 0, 403, -1, -1, 105, 164, 129.0, 9, , 11, 0, 0, 0, , 0, 0, 0, 0, 0, 
354, 0, 404, -1, -1, 208, 180, 129.0, 7, , 21, 0, 0, 0, , 0, 0, 0, 0, 0, 
355, 0, 406, -1, -1, 159, 183, 129.0, 11, , 71, 0, 0, 0, , 0, 0, 0, 0, 0, 
356, 0, 407, -1, -1, 50, 133, 142.0, 9, , 18, 0, 0, 0, , 0, 0, 0, 0, 0, 
357, 0, 408, -1, -1, 118, 54, 145.0, 9, , 26, 0, 0, 0, , 0, 0, 0, 0, 0, 
358, 0, 409, -1, -1, 99, 105, 163.0, 7, , 15, 0, 0, 0, , 0, 0, 0, 0, 0, 
359, 0, 410, -1, -1, 243, 51, 163.0, 11, , 60, 0, 0, 0, , 0, 0, 0, 0, 0, 
360, 0, 411, -1, -1, 109, 48, 164.0, 11, , 98, 0, 0, 0, , 0, 0, 0, 0, 0, 
361, 0, 412, -1, -1, 237, 54, 170.0, 9, , 30, 0, 0, 0, , 0, 0, 0, 0, 0, 
362, 0, 414, -1, -1, 257, 51, 173.0, 9, , 23, 0, 0, 0, , 0, 0, 0, 0, 0, 
363, 0, 415, -1, -1, 283, 135, 177.0, 8, , 13, 0, 0, 0, , 0, 0, 0, 0, 0, 
364, 0, 417, -1, -1, 75, 124, 182.0, 7, , 7, 0, 0, 0, , 0, 0, 0, 0, 0, 
365, 0, 418, -1, -1, 118, 155, 186.0, 8, , 29, 0, 0, 0, , 0, 0, 0, 0, 0, 
366, 0, 420, -1, -1, 187, 73, 189.0, 7, , 34, 0, 0, 0, , 0, 0, 0, 0, 0, 
367, 0, 422, -1, -1, 137, 69, 203.0, 9, , 72, 0, 0, 0, , 0, 0, 0, 0, 0, 
368, 0, 423, -1, -1, 134, 106, 203.0, 7, , 37, 0, 0, 0, , 0, 0, 0, 0, 0, 
369, 0, 424, -1, -1, 171, 85, 201.0, 8, , 21, 0, 0, 0, , 0, 0, 0, 0, 0, 
370, 0, 425, -1, -1, 199, 115, 204.0, 9, , 21, 0, 0, 0, , 0, 0, 0, 0, 0, 
371, 0, 426, -1, -1, 155, 98, 209.0, 8, , 30, 0, 0, 0, , 0, 0, 0, 0, 0, 
372, 0, 428, -1, -1, 150, 33, 164.0, 11, , 39, 0, 0, 0, , 0, 0, 0, 0, 0, 
373, 0, 429, -1, -1, 264, 48, 163.0, 7, , 25, 0, 0, 0, , 0, 0, 0, 0, 0, 
374, 0, 430, -1, -1, 78, 103, 169.0, 8, , 20, 0, 0, 0, , 0, 0, 0, 0, 0, 
375, 0, 431, -1, -1, 110, 49, 171.0, 7, , 49, 0, 0, 0, , 0, 0, 0, 0, 0, 
376, 0, 434, -1, -1, 312, 89, 180.0, 9, , 29, 0, 0, 0, , 0, 0, 0, 0, 0, 
377, 0, 435, -1, -1, 189, 73, 187.0, 9, , 73, 0, 0, 0, , 0, 0, 0, 0, 0, 
378, 0, 436, -1, -1, 137, 100, 192.0, 9, , 56, 0, 0, 0, , 0, 0, 0, 0, 0, 
379, 0, 437, -1, -1, 219, 74, 200.0, 11, , 76, 0, 0, 0, , 0, 0, 0, 0, 0, 
380, 0, 438, -1, -1, 124, 125, 202.0, 7, , 39, 0, 0, 0, , 0, 0, 0, 0, 0, 
381, 0, 439, -1, -1, 163, 62, 199.0, 9, , 68, 0, 0, 0, , 0, 0, 0, 0, 0, 
382, 0, 440, -1, -1, 218, 74, 209.0, 11, , 141, 0, 0, 0, , 0, 0, 0, 0, 0, 
383, 0, 441, -1, -1, 216, 92, 211.0, 11, , 73, 0, 0, 0, , 0, 0, 0, 0, 0, 
384, 0, 442, -1, -1, 214, 91, 209.0, 9, , 32, 0, 0, 0, , 0, 0, 0, 0, 0, 
385, 0, 443, -1, -1, 239, 68, 198.0, 8, , 18, 0, 0, 0, , 0, 0, 0, 0, 0, 
386, 0, 444, -1, -1, 231, 76, 198.0, 7, , 22, 0, 0, 0, , 0, 0, 0, 0, 0, 
387, 0, 445, -1, -1, 249, 115, 198.0, 7, , 28, 0, 0, 0, , 0, 0, 0, 0, 0, 
388, 0, 446, -1, -1, 105, 80, 87.0, 9, , 7, 0, 0, 0, , 0, 0, 0, 0, 0, 
389, 0, 448, -1, -1, 139, 33, 104.0, 8, , 32, 0, 0, 0, , 0, 0, 0, 0, 0, 
390, 0, 449, -1, -1, 94, 171, 110.0, 8, , 28, 0, 0, 0, , 0, 0, 0, 0, 0, 
391, 0, 450, -1, -1, 296, 169, 125.0, 9, , 17, 0, 0, 0, , 0, 0, 0, 0, 0, 
392, 0, 452, -1, -1, 126, 34, 133.0, 8, , 15, 0, 0, 0, , 0, 0, 0, 0, 0, 
393, 0, 453, -1, -1, 67, 80, 141.0, 9, , 26, 0, 0, 0, , 0, 0, 0, 0, 0, 
394, 0, 454, -1, -1, 211, 44, 141.0, 9, , 37, 0, 0, 0, , 0, 0, 0, 0, 0, 
395, 0, 455, -1, -1, 91, 58, 149.0, 8, , 16, 0, 0, 0, , 0, 0, 0, 0, 0, 
396, 0, 457, -1, -1, 83, 127, 155.0, 7, , 57, 0, 0, 0, , 0, 0, 0, 0, 0, 
397, 0, 458, -1, -1, 134, 54, 153.0, 9, , 31, 0, 0, 0, , 0, 0, 0, 0, 0, 
398, 0, 459, -1, -1, 297, 60, 153.0, 8, , 13, 0, 0, 0, , 0, 0, 0, 0, 0, 
399, 0, 460, -1, -1, 310, 70, 157.0, 9, , 30, 0, 0, 0, , 0, 0, 0, 0, 0, 
400, 0, 462, -1, -1, 74, 148, 163.0, 9, , 39, 0, 0, 0, , 0, 0, 0, 0, 0, 
401, 0, 463, -1, -1, 198, 173, 166.0, 8, , 33, 0, 0, 0, , 0, 0, 0, 0, 0, 
402, 0, 465, -1, -1, 141, 46, 173.0, 8, , 51, 0, 0, 0, , 0, 0, 0, 0, 0, 
403, 0, 466, -1, -1, 274, 132, 177.0, 11, , 37, 0, 0, 0, , 0, 0, 0, 0, 0, 
404, 0, 467, -1, -1, 96, 144, 188.0, 7, , 6, 0, 0, 0, , 0, 0, 0, 0, 0, 
405, 0, 468, -1, -1, 97, 124, 192.0, 9, , 39, 0, 0, 0, , 0, 0, 0, 0, 0, 
406, 0, 469, -1, -1, 124, 131, 195.0, 8, , 50, 0, 0, 0, , 0, 0, 0, 0, 0, 
407, 0, 470, -1, -1, 222, 69, 201.0, 7, , 50, 0, 0, 0, , 0, 0, 0, 0, 0, 
408, 0, 471, -1, -1, 73, 152, 127.0, 8, , 16, 0, 0, 0, , 0, 0, 0, 0, 0, 
409, 0, 472, -1, -1, 160, 94, 140.0, 9, , 39, 0, 0, 0, , 0, 0, 0, 0, 0, 
410, 0, 476, -1, -1, 191, 151, 189.0, 7, , 43, 0, 0, 0, , 0, 0, 0, 0, 0, 
411, 0, 477, -1, -1, 303, 91, 185.0, 9, , 43, 0, 0, 0, , 0, 0, 0, 0, 0, 
412, 0, 478, -1, -1, 302, 99, 186.0, 8, , 19, 0, 0, 0, , 0, 0, 0, 0, 0, 
413, 0, 480, -1, -1, 254, 53, 164.0, 9, , 49, 0, 0, 0, , 0, 0, 0, 0, 0, 
414, 0, 481, -1, -1, 77, 158, 151.0, 13, , 87, 0, 0, 0, , 0, 0, 0, 0, 0, 
415, 0, 482, -1, -1, 132, 99, 186.0, 11, , 31, 0, 0, 0, , 0, 0, 0, 0, 0, 
416, 0, 483, -1, -1, 251, 173, 128.0, 8, , 11, 0, 0, 0, , 0, 0, 0, 0, 0, 
417, 0, 484, -1, -1, 49, 122, 153.0, 7, , 9, 0, 0, 0, , 0, 0, 0, 0, 0, 
418, 0, 485, -1, -1, 214, 91, 207.0, 7, , 34, 0, 0, 0, , 0, 0, 0, 0, 0, 
419, 0, 486, -1, -1, 130, 97, 56.0, 9, , 34, 0, 0, 0, , 0, 0, 0, 0, 0, 
420, 0, 488, -1, -1, 65, 146, 114.0, 9, , 29, 0, 0, 0, , 0, 0, 0, 0, 0, 
421, 0, 490, -1, -1, 135, 175, 123.0, 9, , 36, 0, 0, 0, , 0, 0, 0, 0, 0, 
422, 0, 492, -1, -1, 268, 82, 131.0, 8, , 22, 0, 0, 0, , 0, 0, 0, 0, 0, 
423, 0, 493, -1, -1, 123, 36, 128.0, 8, , 23, 0, 0, 0, , 0, 0, 0, 0, 0, 
424, 0, 494, -1, -1, 100, 164, 126.0, 9, , 29, 0, 0, 0, , 0, 0, 0, 0, 0, 
425, 0, 495, -1, -1, 67, 108, 129.0, 9, , 26, 0, 0, 0, , 0, 0, 0, 0, 0, 
426, 0, 496, -1, -1, 130, 119, 133.0, 9, , 23, 0, 0, 0, , 0, 0, 0, 0, 0, 
427, 0, 497, -1, -1, 264, 96, 130.0, 9, , 36, 0, 0, 0, , 0, 0, 0, 0, 0, 
428, 0, 498, -1, -1, 116, 53, 135.0, 9, , 18, 0, 0, 0, , 0, 0, 0, 0, 0, 
429, 0, 503, -1, -1, 215, 180, 157.0, 9, , 8, 0, 0, 0, , 0, 0, 0, 0, 0, 
430, 0, 504, -1, -1, 69, 93, 157.0, 7, , 13, 0, 0, 0, , 0, 0, 0, 0, 0, 
431, 0, 505, -1, -1, 179, 46, 162.0, 9, , 26, 0, 0, 0, , 0, 0, 0, 0, 0, 
432, 0, 507, -1, -1, 243, 50, 165.0, 8, , 31, 0, 0, 0, , 0, 0, 0, 0, 0, 
433, 0, 508, -1, -1, 131, 146, 169.0, 8, , 10, 0, 0, 0, , 0, 0, 0, 0, 0, 
434, 0, 509, -1, -1, 98, 59, 173.0, 7, , 22, 0, 0, 0, , 0, 0, 0, 0, 0, 
435, 0, 510, -1, -1, 123, 55, 178.0, 9, , 36, 0, 0, 0, , 0, 0, 0, 0, 0, 
436, 0, 511, -1, -1, 281, 69, 181.0, 8, , 18, 0, 0, 0, , 0, 0, 0, 0, 0, 
437, 0, 512, -1, -1, 117, 157, 179.0, 13, , 91, 0, 0, 0, , 0, 0, 0, 0, 0, 
438, 0, 513, -1, -1, 145, 57, 189.0, 8, , 18, 0, 0, 0, , 0, 0, 0, 0, 0, 
439, 0, 514, -1, -1, 152, 84, 194.0, 9, , 49, 0, 0, 0, , 0, 0, 0, 0, 0, 
440, 0, 515, -1, -1, 160, 60, 193.0, 9, , 48, 0, 0, 0, , 0, 0, 0, 0, 0, 
441, 0, 516, -1, -1, 282, 106, 188.0, 8, , 11, 0, 0, 0, , 0, 0, 0, 0, 0, 
442, 0, 517, -1, -1, 251, 65, 192.0, 8, , 5, 0, 0, 0, , 0, 0, 0, 0, 0, 
443, 0, 518, -1, -1, 187, 103, 195.0, 8, , 30, 0, 0, 0, , 0, 0, 0, 0, 0, 
444, 0, 519, -1, -1, 175, 126, 192.0, 11, , 45, 0, 0, 0, , 0, 0, 0, 0, 0, 
445, 0, 520, -1, -1, 257, 80, 200.0, 9, , 13, 0, 0, 0, , 0, 0, 0, 0, 0, 
446, 0, 521, -1, -1, 106, 106, 202.0, 11, , 54, 0, 0, 0, , 0, 0, 0, 0, 0, 
447, 0, 522, -1, -1, 252, 87, 202.0, 9, , 7, 0, 0, 0, , 0, 0, 0, 0, 0, 
448, 0, 523, -1, -1, 220, 71, 205.0, 11, , 157, 0, 0, 0, , 0, 0, 0, 0, 0, 
449, 0, 524, -1, -1, 92, 51, 150.0, 7, , 22, 0, 0, 0, , 0, 0, 0, 0, 0, 
450, 0, 525, -1, -1, 154, 33, 161.0, 8, , 22, 0, 0, 0, , 0, 0, 0, 0, 0, 
451, 0, 527, -1, -1, 112, 153, 181.0, 9, , 22, 0, 0, 0, , 0, 0, 0, 0, 0, 
452, 0, 528, -1, -1, 123, 139, 188.0, 8, , 22, 0, 0, 0, , 0, 0, 0, 0, 0, 
453, 0, 529, -1, -1, 104, 81, 189.0, 9, , 29, 0, 0, 0, , 0, 0, 0, 0, 0, 
454, 0, 530, -1, -1, 189, 72, 196.0, 7, , 33, 0, 0, 0, , 0, 0, 0, 0, 0, 
455, 0, 532, -1, -1, 167, 80, 201.0, 8, , 24, 0, 0, 0, , 0, 0, 0, 0, 0, 
456, 0, 533, -1, -1, 177, 110, 209.0, 8, , 33, 0, 0, 0, , 0, 0, 0, 0, 0, 
457, 0, 534, -1, -1, 244, 94, 207.0, 8, , 24, 0, 0, 0, , 0, 0, 0, 0, 0, 
458, 0, 535, -1, -1, 94, 148, 183.0, 7, , 19, 0, 0, 0, , 0, 0, 0, 0, 0, 
459, 0, 536, -1, -1, 301, 116, 183.0, 8, , 19, 0, 0, 0, , 0, 0, 0, 0, 0, 
460, 0, 537, -1, -1, 285, 65, 179.0, 8, , 12, 0, 0, 0, , 0, 0, 0, 0, 0, 
461, 0, 538, -1, -1, 150, 164, 107.0, 8, , 4, 0, 0, 0, , 0, 0, 0, 0, 0, 
462, 0, 539, -1, -1, 298, 153, 109.0, 7, , 19, 0, 0, 0, , 0, 0, 0, 0, 0, 
463, 0, 542, -1, -1, 53, 107, 121.0, 9, , 22, 0, 0, 0, , 0, 0, 0, 0, 0, 
464, 0, 543, -1, -1, 90, 57, 129.0, 8, , 15, 0, 0, 0, , 0, 0, 0, 0, 0, 
465, 0, 546, -1, -1, 208, 180, 131.0, 7, , 27, 0, 0, 0, , 0, 0, 0, 0, 0, 
466, 0, 547, -1, -1, 68, 65, 133.0, 9, , 73, 0, 0, 0, , 0, 0, 0, 0, 0, 
467, 0, 548, -1, -1, 92, 57, 138.0, 9, , 8, 0, 0, 0, , 0, 0, 0, 0, 0, 
468, 0, 549, -1, -1, 143, 30, 137.0, 9, , 26, 0, 0, 0, , 0, 0, 0, 0, 0, 
469, 0, 550, -1, -1, 77, 90, 143.0, 9, , 12, 0, 0, 0, , 0, 0, 0, 0, 0, 
470, 0, 552, -1, -1, 194, 177, 142.0, 8, , 19, 0, 0, 0, , 0, 0, 0, 0, 0, 
471, 0, 553, -1, -1, 78, 69, 156.0, 7, , 4, 0, 0, 0, , 0, 0, 0, 0, 0, 
472, 0, 554, -1, -1, 137, 55, 155.0, 8, , 27, 0, 0, 0, , 0, 0, 0, 0, 0, 
473, 0, -1, -1, -1, 290, 100, 157.0, 9, , 31, 0, 0, 0, , 0, 0, 0, 0, 0, 
474, 0, 556, -1, -1, 100, 105, 157.0, 8, , 21, 0, 0, 0, , 0, 0, 0, 0, 0, 
475, 0, 558, -1, -1, 136, 51, 162.0, 8, , 30, 0, 0, 0, , 0, 0, 0, 0, 0, 
476, 0, 559, -1, -1, 126, 76, 167.0, 8, , 4, 0, 0, 0, , 0, 0, 0, 0, 0, 
477, 0, 560, -1, -1, 104, 86, 170.0, 9, , 36, 0, 0, 0, , 0, 0, 0, 0, 0, 
478, 0, 561, -1, -1, 253, 55, 169.0, 9, , 16, 0, 0, 0, , 0, 0, 0, 0, 0, 
479, 0, 562, -1, -1, 125, 54, 171.0, 9, , 24, 0, 0, 0, , 0, 0, 0, 0, 0, 
480, 0, 564, -1, -1, 217, 52, 182.0, 8, , 5, 0, 0, 0, , 0, 0, 0, 0, 0, 
481, 0, 566, -1, -1, 191, 152, 187.0, 7, , 52, 0, 0, 0, , 0, 0, 0, 0, 0, 
482, 0, 567, -1, -1, 228, 55, 184.0, 8, , 15, 0, 0, 0, , 0, 0, 0, 0, 0, 
483, 0, 569, -1, -1, 302, 96, 194.0, 9, , 51, 0, 0, 0, , 0, 0, 0, 0, 0, 
484, 0, 570, -1, -1, 201, 136, 193.0, 9, , 61, 0, 0, 0, , 0, 0, 0, 0, 0, 
485, 0, 571, -1, -1, 229, 157, 192.0, 9, , 35, 0, 0, 0, , 0, 0, 0, 0, 0, 
486, 0, 572, -1, -1, 256, 70, 194.0, 8, , 16, 0, 0, 0, , 0, 0, 0, 0, 0, 
487, 0, 573, -1, -1, 257, 93, 196.0, 7, , 27, 0, 0, 0, , 0, 0, 0, 0, 0, 
488, 0, 574, -1, -1, 144, 58, 196.0, 7, , 37, 0, 0, 0, , 0, 0, 0, 0, 0, 
489, 0, 575, -1, -1, 201, 137, 198.0, 7, , 19, 0, 0, 0, , 0, 0, 0, 0, 0, 
490, 0, 576, -1, -1, 153, 92, 200.0, 7, , 19, 0, 0, 0, , 0, 0, 0, 0, 0, 
491, 0, 577, -1, -1, 174, 125, 205.0, 8, , 13, 0, 0, 0, , 0, 0, 0, 0, 0, 
492, 0, 579, -1, -1, 214, 118, 211.0, 11, , 54, 0, 0, 0, , 0, 0, 0, 0, 0, 
493, 0, -1, -1, -1, 99, 172, 115.0, 7, , 19, 0, 0, 0, , 0, 0, 0, 0, 0, 
494, 0, 581, -1, -1, 94, 172, 114.0, 7, , 40, 0, 0, 0, , 0, 0, 0, 0, 0, 
495, 0, 582, -1, -1, 70, 157, 124.0, 9, , 19, 0, 0, 0, , 0, 0, 0, 0, 0, 
496, 0, 583, -1, -1, 97, 164, 130.0, 8, , 6, 0, 0, 0, , 0, 0, 0, 0, 0, 
497, 0, 584, -1, -1, 88, 105, 145.0, 7, , 34, 0, 0, 0, , 0, 0, 0, 0, 0, 
498, 0, 585, -1, -1, 222, 179, 152.0, 9, , 7, 0, 0, 0, , 0, 0, 0, 0, 0, 
499, 0, 586, -1, -1, 90, 52, 158.0, 8, , 61, 0, 0, 0, , 0, 0, 0, 0, 0, 
500, 0, 587, -1, -1, 300, 64, 164.0, 9, , 39, 0, 0, 0, , 0, 0, 0, 0, 0, 
501, 0, 588, -1, -1, 98, 60, 180.0, 8, , 19, 0, 0, 0, , 0, 0, 0, 0, 0, 
502, 0, 590, -1, -1, 290, 127, 187.0, 11, , 74, 0, 0, 0, , 0, 0, 0, 0, 0, 
503, 0, 591, -1, -1, 288, 90, 188.0, 8, , 9, 0, 0, 0, , 0, 0, 0, 0, 0, 
504, 0, 592, -1, -1, 59, 142, 114.0, 9, , 23, 0, 0, 0, , 0, 0, 0, 0, 0, 
505, 0, 593, -1, -1, 281, 55, 153.0, 8, , 15, 0, 0, 0, , 0, 0, 0, 0, 0, 
506, 0, 595, -1, -1, 303, 118, 174.0, 9, , 22, 0, 0, 0, , 0, 0, 0, 0, 0, 
507, 0, 596, -1, -1, 178, 175, 114.0, 9, , 10, 0, 0, 0, , 0, 0, 0, 0, 0, 
508, 0, 600, -1, -1, 132, 118, 129.0, 8, , 14, 0, 0, 0, , 0, 0, 0, 0, 0, 
509, 0, 601, -1, -1, 159, 63, 136.0, 9, , 12, 0, 0, 0, , 0, 0, 0, 0, 0, 
510, 0, 603, -1, -1, 56, 131, 137.0, 9, , 43, 0, 0, 0, , 0, 0, 0, 0, 0, 
511, 0, 604, -1, -1, 128, 165, 139.0, 8, , 10, 0, 0, 0, , 0, 0, 0, 0, 0, 
512, 0, 606, -1, -1, 190, 180, 140.0, 11, , 51, 0, 0, 0, , 0, 0, 0, 0, 0, 
513, 0, 608, -1, -1, 217, 46, 151.0, 8, , 29, 0, 0, 0, , 0, 0, 0, 0, 0, 
514, 0, 609, -1, -1, 65, 137, 151.0, 7, , 9, 0, 0, 0, , 0, 0, 0, 0, 0, 
515, 0, 610, -1, -1, 147, 179, 156.0, 9, , 8, 0, 0, 0, , 0, 0, 0, 0, 0, 
516, 0, 611, -1, -1, 82, 74, 156.0, 8, , 18, 0, 0, 0, , 0, 0, 0, 0, 0, 
517, 0, 613, -1, -1, 223, 48, 156.0, 7, , 28, 0, 0, 0, , 0, 0, 0, 0, 0, 
518, 0, 614, -1, -1, 290, 101, 163.0, 8, , 11, 0, 0, 0, , 0, 0, 0, 0, 0, 
519, 0, 616, -1, -1, 288, 97, 166.0, 7, , 11, 0, 0, 0, , 0, 0, 0, 0, 0, 
520, 0, 617, -1, -1, 75, 148, 168.0, 8, , 23, 0, 0, 0, , 0, 0, 0, 0, 0, 
521, 0, 619, -1, -1, 64, 117, 170.0, 8, , 15, 0, 0, 0, , 0, 0, 0, 0, 0, 
522, 0, 620, -1, -1, 139, 48, 171.0, 9, , 39, 0, 0, 0, , 0, 0, 0, 0, 0, 
523, 0, 621, -1, -1, 66, 122, 172.0, 7, , 21, 0, 0, 0, , 0, 0, 0, 0, 0, 
524, 0, 623, -1, -1, 71, 85, 180.0, 8, , 20, 0, 0, 0, , 0, 0, 0, 0, 0, 
525, 0, 624, -1, -1, 304, 94, 186.0, 11, , 115, 0, 0, 0, , 0, 0, 0, 0, 0, 
526, 0, 625, -1, -1, 163, 95, 193.0, 8, , 19, 0, 0, 0, , 0, 0, 0, 0, 0, 
527, 0, 626, -1, -1, 89, 100, 191.0, 7, , 12, 0, 0, 0, , 0, 0, 0, 0, 0, 
528, 0, 627, -1, -1, 110, 152, 186.0, 7, , 6, 0, 0, 0, , 0, 0, 0, 0, 0, 
529, 0, 628, -1, -1, 272, 75, 192.0, 8, , 35, 0, 0, 0, , 0, 0, 0, 0, 0, 
530, 0, 629, -1, -1, 152, 85, 203.0, 9, , 55, 0, 0, 0, , 0, 0, 0, 0, 0, 
531, 0, 631, -1, -1, 85, 145, 82.0, 11, , 40, 0, 0, 0, , 0, 0, 0, 0, 0, 
532, 0, 632, -1, -1, 279, 144, 123.0, 8, , 7, 0, 0, 0, , 0, 0, 0, 0, 0, 
533, 0, 633, -1, -1, 175, 178, 130.0, 7, , 27, 0, 0, 0, , 0, 0, 0, 0, 0, 
534, 0, 634, -1, -1, 56, 132, 134.0, 9, , 28, 0, 0, 0, , 0, 0, 0, 0, 0, 
535, 0, 635, -1, -1, 175, 91, 143.0, 7, , 14, 0, 0, 0, , 0, 0, 0, 0, 0, 
536, 0, 636, -1, -1, 136, 43, 171.0, 8, , 34, 0, 0, 0, , 0, 0, 0, 0, 0, 
537, 0, 637, -1, -1, 267, 79, 190.0, 11, , 65, 0, 0, 0, , 0, 0, 0, 0, 0, 
538, 0, 638, -1, -1, 123, 125, 204.0, 9, , 39, 0, 0, 0, , 0, 0, 0, 0, 0, 
539, 0, 639, -1, -1, 154, 100, 207.0, 9, , 65, 0, 0, 0, , 0, 0, 0, 0, 0, 
540, 0, 640, -1, -1, 193, 73, 188.0, 9, , 64, 0, 0, 0, , 0, 0, 0, 0, 0, 
541, 0, 642, -1, -1, 123, 74, 82.0, 11, , 15, 0, 0, 0, , 0, 0, 0, 0, 0, 
542, 0, 643, -1, -1, 232, 178, 120.0, 11, , 86, 0, 0, 0, , 0, 0, 0, 0, 0, 
543, 0, 644, -1, -1, 158, 166, 143.0, 9, , 8, 0, 0, 0, , 0, 0, 0, 0, 0, 
544, 0, 645, -1, -1, 258, 73, 164.0, 8, , 3, 0, 0, 0, , 0, 0, 0, 0, 0, 
545, 0, 646, -1, -1, 99, 85, 187.0, 11, , 55, 0, 0, 0, , 0, 0, 0, 0, 0, 
546, 0, 647, -1, -1, 129, 89, 197.0, 8, , 13, 0, 0, 0, , 0, 0, 0, 0, 0, 
547, 0, 648, -1, -1, 119, 163, 97.0, 8, , 23, 0, 0, 0, , 0, 0, 0, 0, 0, 
548, 0, 649, -1, -1, 61, 121, 115.0, 7, , 5, 0, 0, 0, , 0, 0, 0, 0, 0, 
549, 0, 650, -1, -1, 72, 126, 150.0, 8, , 51, 0, 0, 0, , 0, 0, 0, 0, 0, 
550, 0, 651, -1, -1, 101, 65, 171.0, 7, , 14, 0, 0, 0, , 0, 0, 0, 0, 0, 
551, 0, 652, -1, -1, 308, 116, 182.0, 7, , 13, 0, 0, 0, , 0, 0, 0, 0, 0, 
552, 0, 653, -1, -1, 241, 83, 112.0, 8, , 1, 0, 0, 0, , 0, 0, 0, 0, 0, 
553, 0, 654, -1, -1, 204, 144, 69.0, 9, , 24, 0, 0, 0, , 0, 0, 0, 0, 0, 
554, 0, 655, -1, -1, 86, 84, 70.0, 8, , 14, 0, 0, 0, , 0, 0, 0, 0, 0, 
555, 0, 656, -1, -1, 86, 144, 74.0, 9, , 15, 0, 0, 0, , 0, 0, 0, 0, 0, 
556, 0, 657, -1, -1, 202, 143, 74.0, 8, , 15, 0, 0, 0, , 0, 0, 0, 0, 0, 
557, 0, 658, -1, -1, 129, 91, 74.0, 8, , 12, 0, 0, 0, , 0, 0, 0, 0, 0, 
558, 0, 659, -1, -1, 124, 75, 75.0, 9, , 10, 0, 0, 0, , 0, 0, 0, 0, 0, 
559, 0, 661, -1, -1, 183, 39, 96.0, 9, , 7, 0, 0, 0, , 0, 0, 0, 0, 0, 
560, 0, 662, -1, -1, 81, 147, 98.0, 11, , 60, 0, 0, 0, , 0, 0, 0, 0, 0, 
561, 0, 663, -1, -1, 79, 146, 99.0, 9, , 35, 0, 0, 0, , 0, 0, 0, 0, 0, 
562, 0, 664, -1, -1, 152, 166, 102.0, 7, , 28, 0, 0, 0, , 0, 0, 0, 0, 0, 
563, 0, 667, -1, -1, 298, 154, 116.0, 8, , 16, 0, 0, 0, , 0, 0, 0, 0, 0, 
564, 0, 668, -1, -1, 164, 89, 118.0, 7, , 11, 0, 0, 0, , 0, 0, 0, 0, 0, 
565, 0, 669, -1, -1, 208, 62, 117.0, 7, , 4, 0, 0, 0, , 0, 0, 0, 0, 0, 
566, 0, 670, -1, -1, 130, 39, 122.0, 8, , 8, 0, 0, 0, , 0, 0, 0, 0, 0, 
567, 0, 671, -1, -1, 157, 183, 122.0, 9, , 23, 0, 0, 0, , 0, 0, 0, 0, 0, 
568, 0, 672, -1, -1, 58, 126, 128.0, 7, , 15, 0, 0, 0, , 0, 0, 0, 0, 0, 
569, 0, 673, -1, -1, 123, 38, 124.0, 9, , 37, 0, 0, 0, , 0, 0, 0, 0, 0, 
570, 0, 674, -1, -1, 270, 87, 124.0, 8, , 17, 0, 0, 0, , 0, 0, 0, 0, 0, 
571, 0, 676, -1, -1, 268, 84, 129.0, 8, , 36, 0, 0, 0, , 0, 0, 0, 0, 0, 
572, 0, 678, -1, -1, 69, 158, 129.0, 7, , 6, 0, 0, 0, , 0, 0, 0, 0, 0, 
573, 0, 680, -1, -1, 263, 85, 139.0, 9, , 34, 0, 0, 0, , 0, 0, 0, 0, 0, 
574, 0, 681, -1, -1, 74, 62, 140.0, 7, , 9, 0, 0, 0, , 0, 0, 0, 0, 0, 
575, 0, 682, -1, -1, 160, 96, 149.0, 7, , 26, 0, 0, 0, , 0, 0, 0, 0, 0, 
576, 0, 684, -1, -1, 71, 94, 154.0, 8, , 20, 0, 0, 0, , 0, 0, 0, 0, 0, 
577, 0, 685, -1, -1, 158, 140, 153.0, 9, , 17, 0, 0, 0, , 0, 0, 0, 0, 0, 
578, 0, 686, -1, -1, 116, 106, 156.0, 9, , 10, 0, 0, 0, , 0, 0, 0, 0, 0, 
579, 0, 687, -1, -1, 289, 87, 155.0, 9, , 11, 0, 0, 0, , 0, 0, 0, 0, 0, 
580, 0, 689, -1, -1, 55, 119, 156.0, 7, , 24, 0, 0, 0, , 0, 0, 0, 0, 0, 
581, 0, 690, -1, -1, 146, 33, 157.0, 7, , 22, 0, 0, 0, , 0, 0, 0, 0, 0, 
582, 0, 691, -1, -1, 65, 136, 155.0, 7, , 16, 0, 0, 0, , 0, 0, 0, 0, 0, 
583, 0, 693, -1, -1, 52, 119, 159.0, 11, , 31, 0, 0, 0, , 0, 0, 0, 0, 0, 
584, 0, 694, -1, -1, 300, 63, 161.0, 9, , 46, 0, 0, 0, , 0, 0, 0, 0, 0, 
585, 0, 695, -1, -1, 110, 49, 163.0, 9, , 24, 0, 0, 0, , 0, 0, 0, 0, 0, 
586, 0, 696, -1, -1, 289, 86, 163.0, 9, , 16, 0, 0, 0, , 0, 0, 0, 0, 0, 
587, 0, 697, -1, -1, 106, 80, 169.0, 8, , 23, 0, 0, 0, , 0, 0, 0, 0, 0, 
588, 0, 698, -1, -1, 198, 146, 168.0, 9, , 39, 0, 0, 0, , 0, 0, 0, 0, 0, 
589, 0, 699, -1, -1, 112, 55, 168.0, 9, , 45, 0, 0, 0, , 0, 0, 0, 0, 0, 
590, 0, 700, -1, -1, 133, 72, 166.0, 7, , 10, 0, 0, 0, , 0, 0, 0, 0, 0, 
591, 0, 701, -1, -1, 277, 130, 173.0, 7, , 21, 0, 0, 0, , 0, 0, 0, 0, 0, 
592, 0, 702, -1, -1, 84, 70, 180.0, 7, , 52, 0, 0, 0, , 0, 0, 0, 0, 0, 
593, 0, 703, -1, -1, 308, 117, 180.0, 7, , 24, 0, 0, 0, , 0, 0, 0, 0, 0, 
594, 0, 704, -1, -1, 81, 74, 181.0, 7, , 37, 0, 0, 0, , 0, 0, 0, 0, 0, 
595, 0, 705, -1, -1, 148, 118, 183.0, 13, , 86, 0, 0, 0, , 0, 0, 0, 0, 0, 
596, 0, 706, -1, -1, 76, 90, 181.0, 7, , 20, 0, 0, 0, , 0, 0, 0, 0, 0, 
597, 0, 707, -1, -1, 77, 129, 185.0, 7, , 21, 0, 0, 0, , 0, 0, 0, 0, 0, 
598, 0, 709, -1, -1, 148, 119, 194.0, 9, , 35, 0, 0, 0, , 0, 0, 0, 0, 0, 
599, 0, 710, -1, -1, 230, 58, 190.0, 9, , 89, 0, 0, 0, , 0, 0, 0, 0, 0, 
600, 0, 711, -1, -1, 93, 147, 187.0, 7, , 13, 0, 0, 0, , 0, 0, 0, 0, 0, 
601, 0, 712, -1, -1, 161, 61, 191.0, 7, , 29, 0, 0, 0, , 0, 0, 0, 0, 0, 
602, 0, 713, -1, -1, 235, 70, 195.0, 8, , 9, 0, 0, 0, , 0, 0, 0, 0, 0, 
603, 0, 714, -1, -1, 160, 96, 196.0, 9, , 47, 0, 0, 0, , 0, 0, 0, 0, 0, 
604, 0, 716, -1, -1, 172, 85, 198.0, 8, , 11, 0, 0, 0, , 0, 0, 0, 0, 0, 
605, 0, 717, -1, -1, 129, 89, 202.0, 8, , 46, 0, 0, 0, , 0, 0, 0, 0, 0, 
606, 0, 718, -1, -1, 230, 107, 205.0, 9, , 50, 0, 0, 0, , 0, 0, 0, 0, 0, 
607, 0, 719, -1, -1, 215, 137, 205.0, 9, , 36, 0, 0, 0, , 0, 0, 0, 0, 0, 
608, 0, 720, -1, -1, 244, 85, 120.0, 7, , 8, 0, 0, 0, , 0, 0, 0, 0, 0, 
609, 0, 721, -1, -1, 49, 103, 122.0, 7, , 8, 0, 0, 0, , 0, 0, 0, 0, 0, 
610, 0, 723, -1, -1, 77, 127, 147.0, 11, , 95, 0, 0, 0, , 0, 0, 0, 0, 0, 
611, 0, 724, -1, -1, 289, 100, 154.0, 8, , 22, 0, 0, 0, , 0, 0, 0, 0, 0, 
612, 0, 725, -1, -1, 105, 66, 155.0, 8, , 29, 0, 0, 0, , 0, 0, 0, 0, 0, 
613, 0, 726, -1, -1, 287, 87, 156.0, 7, , 13, 0, 0, 0, , 0, 0, 0, 0, 0, 
614, 0, 727, -1, -1, 261, 50, 167.0, 7, , 15, 0, 0, 0, , 0, 0, 0, 0, 0, 
615, 0, 728, -1, -1, 287, 69, 180.0, 7, , 11, 0, 0, 0, , 0, 0, 0, 0, 0, 
616, 0, 729, -1, -1, 86, 74, 184.0, 8, , 41, 0, 0, 0, , 0, 0, 0, 0, 0, 
617, 0, 730, -1, -1, 145, 64, 189.0, 7, , 40, 0, 0, 0, , 0, 0, 0, 0, 0, 
618, 0, 731, -1, -1, 115, 113, 191.0, 9, , 67, 0, 0, 0, , 0, 0, 0, 0, 0, 
619, 0, 732, -1, -1, 193, 115, 205.0, 9, , 64, 0, 0, 0, , 0, 0, 0, 0, 0, 
620, 0, 733, -1, -1, 143, 34, 145.0, 9, , 37, 0, 0, 0, , 0, 0, 0, 0, 0, 
621, 0, 734, -1, -1, 289, 124, 192.0, 7, , 25, 0, 0, 0, , 0, 0, 0, 0, 0, 
622, 0, 735, -1, -1, 77, 91, 96.0, 9, , 34, 0, 0, 0, , 0, 0, 0, 0, 0, 
623, 0, 736, -1, -1, 100, 83, 161.0, 9, , 15, 0, 0, 0, , 0, 0, 0, 0, 0, 
624, 0, 737, -1, -1, 265, 99, 194.0, 11, , 58, 0, 0, 0, , 0, 0, 0, 0, 0, 
625, 0, 738, -1, -1, 82, 72, 97.0, 7, , 5, 0, 0, 0, , 0, 0, 0, 0, 0, 
626, 0, 739, -1, -1, 136, 180, 119.0, 9, , 41, 0, 0, 0, , 0, 0, 0, 0, 0, 
627, 0, 740, -1, -1, 101, 42, 127.0, 7, , 18, 0, 0, 0, , 0, 0, 0, 0, 0, 
628, 0, 741, -1, -1, 142, 96, 126.0, 7, , 4, 0, 0, 0, , 0, 0, 0, 0, 0, 
629, 0, 743, -1, -1, 264, 86, 135.0, 8, , 31, 0, 0, 0, , 0, 0, 0, 0, 0, 
630, 0, 744, -1, -1, 81, 94, 137.0, 9, , 15, 0, 0, 0, , 0, 0, 0, 0, 0, 
631, 0, 745, -1, -1, 187, 44, 141.0, 9, , 48, 0, 0, 0, , 0, 0, 0, 0, 0, 
632, 0, 746, -1, -1, 201, 44, 144.0, 7, , 15, 0, 0, 0, , 0, 0, 0, 0, 0, 
633, 0, 747, -1, -1, 306, 154, 140.0, 9, , 33, 0, 0, 0, , 0, 0, 0, 0, 0, 
634, 0, 748, -1, -1, 62, 124, 147.0, 9, , 33, 0, 0, 0, , 0, 0, 0, 0, 0, 
635, 0, 750, -1, -1, 144, 179, 149.0, 9, , 19, 0, 0, 0, , 0, 0, 0, 0, 0, 
636, 0, 751, -1, -1, 87, 105, 150.0, 7, , 71, 0, 0, 0, , 0, 0, 0, 0, 0, 
637, 0, 752, -1, -1, 294, 127, 159.0, 8, , 19, 0, 0, 0, , 0, 0, 0, 0, 0, 
638, 0, 753, -1, -1, 135, 81, 159.0, 8, , 9, 0, 0, 0, , 0, 0, 0, 0, 0, 
639, 0, 754, -1, -1, 289, 127, 162.0, 8, , 8, 0, 0, 0, , 0, 0, 0, 0, 0, 
640, 0, 755, -1, -1, 109, 83, 163.0, 8, , 3, 0, 0, 0, , 0, 0, 0, 0, 0, 
641, 0, 756, -1, -1, 276, 149, 169.0, 7, , 25, 0, 0, 0, , 0, 0, 0, 0, 0, 
642, 0, 757, -1, -1, 83, 74, 176.0, 9, , 74, 0, 0, 0, , 0, 0, 0, 0, 0, 
643, 0, 758, -1, -1, 178, 49, 179.0, 8, , 10, 0, 0, 0, , 0, 0, 0, 0, 0, 
644, 0, 759, -1, -1, 121, 55, 183.0, 8, , 8, 0, 0, 0, , 0, 0, 0, 0, 0, 
645, 0, 760, -1, -1, 179, 122, 182.0, 7, , 24, 0, 0, 0, , 0, 0, 0, 0, 0, 
646, 0, 761, -1, -1, 101, 88, 186.0, 9, , 25, 0, 0, 0, , 0, 0, 0, 0, 0, 
647, 0, 762, -1, -1, 115, 73, 186.0, 9, , 42, 0, 0, 0, , 0, 0, 0, 0, 0, 
648, 0, 763, -1, -1, 301, 93, 190.0, 9, , 39, 0, 0, 0, , 0, 0, 0, 0, 0, 
649, 0, 764, -1, -1, 82, 107, 191.0, 8, , 22, 0, 0, 0, , 0, 0, 0, 0, 0, 
650, 0, 765, -1, -1, 137, 135, 198.0, 11, , 72, 0, 0, 0, , 0, 0, 0, 0, 0, 
651, 0, 766, -1, -1, 108, 107, 199.0, 11, , 46, 0, 0, 0, , 0, 0, 0, 0, 0, 
652, 0, 767, -1, -1, 154, 83, 201.0, 9, , 68, 0, 0, 0, , 0, 0, 0, 0, 0, 
653, 0, 768, -1, -1, 239, 70, 202.0, 9, , 25, 0, 0, 0, , 0, 0, 0, 0, 0, 
654, 0, 769, -1, -1, 158, 118, 209.0, 11, , 109, 0, 0, 0, , 0, 0, 0, 0, 0, 
655, 0, 770, -1, -1, 219, 93, 210.0, 8, , 24, 0, 0, 0, , 0, 0, 0, 0, 0, 
656, 0, 771, -1, -1, 100, 42, 122.0, 9, , 37, 0, 0, 0, , 0, 0, 0, 0, 0, 
657, 0, 772, -1, -1, 113, 165, 122.0, 9, , 30, 0, 0, 0, , 0, 0, 0, 0, 0, 
658, 0, 773, -1, -1, 72, 80, 167.0, 11, , 72, 0, 0, 0, , 0, 0, 0, 0, 0, 
659, 0, 774, -1, -1, 260, 97, 197.0, 8, , 26, 0, 0, 0, , 0, 0, 0, 0, 0, 
660, 0, 775, -1, -1, 174, 82, 205.0, 13, , 52, 0, 0, 0, , 0, 0, 0, 0, 0, 
661, 0, 776, -1, -1, 114, 53, 166.0, 7, , 17, 0, 0, 0, , 0, 0, 0, 0, 0, 
662, 0, 777, -1, -1, 160, 116, 207.0, 13, , 178, 0, 0, 0, , 0, 0, 0, 0, 0, 
663, 0, -1, -1, -1, 128, 98, 194.0, 7, , 46, 0, 0, 0, , 0, 0, 0, 0, 0, 
664, 0, -1, -1, -1, 274, 77, 196.0, 7, , 33, 0, 0, 0, , 0, 0, 0, 0, 0, 
665, 0, -1, -1, -1, 168, 77, 206.0, 8, , 32, 0, 0, 0, , 0, 0, 0, 0, 0, 
666, 0, -1, -1, -1, 185, 39, 102.0, 7, , 5, 0, 0, 0, , 0, 0, 0, 0, 0, 
667, 0, -1, -1, -1, 60, 116, 117.0, 9, , 32, 0, 0, 0, , 0, 0, 0, 0, 0, 
668, 0, -1, -1, -1, 90, 133, 121.0, 7, , 13, 0, 0, 0, , 0, 0, 0, 0, 0, 
669, 0, -1, -1, -1, 293, 107, 121.0, 7, , 5, 0, 0, 0, , 0, 0, 0, 0, 0, 
670, 0, -1, -1, -1, 90, 134, 125.0, 7, , 6, 0, 0, 0, , 0, 0, 0, 0, 0, 
671, 0, -1, -1, -1, 84, 160, 141.0, 7, , 19, 0, 0, 0, , 0, 0, 0, 0, 0, 
672, 0, -1, -1, -1, 47, 111, 142.0, 9, , 14, 0, 0, 0, , 0, 0, 0, 0, 0, 
673, 0, -1, -1, -1, 54, 95, 143.0, 7, , 17, 0, 0, 0, , 0, 0, 0, 0, 0, 
674, 0, -1, -1, -1, 301, 155, 150.0, 9, , 19, 0, 0, 0, , 0, 0, 0, 0, 0, 
675, 0, -1, -1, -1, 224, 47, 152.0, 7, , 37, 0, 0, 0, , 0, 0, 0, 0, 0, 
676, 0, -1, -1, -1, 77, 124, 154.0, 8, , 14, 0, 0, 0, , 0, 0, 0, 0, 0, 
677, 0, -1, -1, -1, 291, 128, 157.0, 8, , 28, 0, 0, 0, , 0, 0, 0, 0, 0, 
678, 0, -1, -1, -1, 79, 126, 159.0, 9, , 59, 0, 0, 0, , 0, 0, 0, 0, 0, 
679, 0, -1, -1, -1, 101, 119, 161.0, 9, , 38, 0, 0, 0, , 0, 0, 0, 0, 0, 
680, 0, -1, -1, -1, 112, 57, 163.0, 7, , 25, 0, 0, 0, , 0, 0, 0, 0, 0, 
681, 0, -1, -1, -1, 133, 72, 163.0, 7, , 12, 0, 0, 0, , 0, 0, 0, 0, 0, 
682, 0, -1, -1, -1, 101, 86, 164.0, 7, , 13, 0, 0, 0, , 0, 0, 0, 0, 0, 
683, 0, -1, -1, -1, 296, 64, 166.0, 9, , 33, 0, 0, 0, , 0, 0, 0, 0, 0, 
684, 0, -1, -1, -1, 237, 52, 172.0, 9, , 58, 0, 0, 0, , 0, 0, 0, 0, 0, 
685, 0, -1, -1, -1, 108, 83, 176.0, 9, , 24, 0, 0, 0, , 0, 0, 0, 0, 0, 
686, 0, -1, -1, -1, 119, 113, 183.0, 8, , 44, 0, 0, 0, , 0, 0, 0, 0, 0, 
687, 0, -1, -1, -1, 155, 46, 187.0, 8, , 25, 0, 0, 0, , 0, 0, 0, 0, 0, 
688, 0, -1, -1, -1, 117, 71, 192.0, 8, , 25, 0, 0, 0, , 0, 0, 0, 0, 0, 
689, 0, -1, -1, -1, 243, 108, 192.0, 8, , 6, 0, 0, 0, , 0, 0, 0, 0, 0, 
690, 0, -1, -1, -1, 104, 122, 196.0, 8, , 12, 0, 0, 0, , 0, 0, 0, 0, 0, 
691, 0, -1, -1, -1, 241, 109, 196.0, 8, , 15, 0, 0, 0, , 0, 0, 0, 0, 0, 
692, 0, -1, -1, -1, 132, 112, 200.0, 7, , 24, 0, 0, 0, , 0, 0, 0, 0, 0, 
693, 0, -1, -1, -1, 175, 179, 132.0, 7, , 13, 0, 0, 0, , 0, 0, 0, 0, 0, 
694, 0, -1, -1, -1, 185, 46, 139.0, 13, , 120, 0, 0, 0, , 0, 0, 0, 0, 0, 
695, 0, -1, -1, -1, 173, 36, 140.0, 7, , 12, 0, 0, 0, , 0, 0, 0, 0, 0, 
696, 0, -1, -1, -1, 82, 127, 152.0, 9, , 77, 0, 0, 0, , 0, 0, 0, 0, 0, 
697, 0, -1, -1, -1, 158, 51, 176.0, 9, , 20, 0, 0, 0, , 0, 0, 0, 0, 0, 
698, 0, -1, -1, -1, 191, 73, 193.0, 9, , 79, 0, 0, 0, , 0, 0, 0, 0, 0, 
699, 0, -1, -1, -1, 230, 56, 193.0, 11, , 39, 0, 0, 0, , 0, 0, 0, 0, 0, 
700, 0, -1, -1, -1, 120, 73, 194.0, 11, , 62, 0, 0, 0, , 0, 0, 0, 0, 0, 
701, 0, -1, -1, -1, 83, 100, 195.0, 7, , 34, 0, 0, 0, , 0, 0, 0, 0, 0, 
702, 0, -1, -1, -1, 185, 103, 197.0, 9, , 30, 0, 0, 0, , 0, 0, 0, 0, 0, 
703, 0, -1, -1, -1, 195, 93, 210.0, 9, , 36, 0, 0, 0, , 0, 0, 0, 0, 0, 
704, 1, 778, 715, 716, 265, 92, 131.0, 16, Eprp, 0, 0, 0, 0, , 0, 0, 0, 0, 0, 
705, 0, 779, -1, -1, 128, 37, 129.0, 15, , 0, 0, 0, 0, , 0, 0, 0, 0, 0, 
706, 1, 780, 718, -1, 133, 112, 206.0, 15, ABarappaaa, 0, 0, 0, 0, , 0, 0, 0, 0, 0, 
707, 1, 781, 719, -1, 152, 98, 213.0, 17, ABarappapa, 0, 0, 0, 0, , 0, 0, 0, 0, 0, 
708, 1, 782, 720, -1, 176, 105, 211.0, 15, ABarappapp, 0, 0, 0, 0, , 0, 0, 0, 0, 0, 
709, 1, 783, 721, -1, 158, 120, 207.0, 15, ABarappaap, 0, 0, 0, 0, , 0, 0, 0, 0, 0, 
710, 1, 784, 722, -1, 117, 94, 203.0, 12, ABarapppaa, 0, 0, 0, 0, , 0, 0, 0, 0, 0, 
711, 1, 785, 723, -1, 134, 100, 190.0, 16, ABarapppap, 0, 0, 0, 0, , 0, 0, 0, 0, 0, 
712, 1, 786, 724, -1, 134, 87, 203.0, 15, ABarappppa, 0, 0, 0, 0, , 0, 0, 0, 0, 0, 
713, 1, 787, 725, -1, 152, 87, 198.5, 17, ABarappppp, 0, 0, 0, 0, , 0, 0, 0, 0, 0, 
714, 1, 788, 726, -1, 102, 126, 194.0, 15, ABarapaaaa, 0, 0, 0, 0, , 0, 0, 0, 0, 0, 
715, 1, 789, 727, -1, 121, 127, 198.96774, 15, ABarapaaap, 0, 0, 0, 0, , 0, 0, 0, 0, 0, 
716, 1, 790, 728, -1, 115, 115, 184.0, 15, ABarapaapa, 0, 0, 0, 0, , 0, 0, 0, 0, 0, 
717, 1, 791, 729, -1, 133, 123, 178.0, 18, ABarapaapp, 0, 0, 0, 0, , 0, 0, 0, 0, 0, 
718, 1, 792, 730, -1, 136, 133, 204.0, 15, ABarapapaa, 0, 0, 0, 0, , 0, 0, 0, 0, 0, 
719, 1, 793, 731, -1, 159, 138, 201.0, 14, ABarapapap, 0, 0, 0, 0, , 0, 0, 0, 0, 0, 
720, 1, 794, 732, -1, 149, 119, 188.0, 14, ABarapappa, 0, 0, 0, 0, , 0, 0, 0, 0, 0, 
721, 1, 795, 733, -1, 176, 126, 186.0, 17, ABarapappp, 0, 0, 0, 0, , 0, 0, 0, 0, 0, 
722, 1, 796, 734, -1, 79, 127, 150.0, 14, ABaraapaaa, 0, 0, 0, 0, , 0, 0, 0, 0, 0, 
723, 1, 797, 735, -1, 100, 121, 155.0, 14, ABaraapaap, 0, 0, 0, 0, , 0, 0, 0, 0, 0, 
724, 1, 798, 736, -1, 116, 134, 148.0, 16, ABaraapapa, 0, 0, 0, 0, , 0, 0, 0, 0, 0, 
725, 1, 799, 737, -1, 127, 120, 130.0, 14, ABaraapapp, 0, 0, 0, 0, , 0, 0, 0, 0, 0, 
726, 1, 800, 738, -1, 103, 104, 162.0, 15, ABaraappaa, 0, 0, 0, 0, , 0, 0, 0, 0, 0, 
727, 1, 801, 739, -1, 119, 107, 148.0, 17, ABaraappap, 0, 0, 0, 0, , 0, 0, 0, 0, 0, 
728, 1, 802, 740, -1, 137, 104, 158.0, 17, ABaraapppa, 0, 0, 0, 0, , 0, 0, 0, 0, 0, 
729, 1, 803, 741, -1, 159, 96, 143.0, 16, ABaraapppp, 0, 0, 0, 0, , 0, 0, 0, 0, 0, 
730, 1, 804, 742, -1, 74, 128, 181.0, 15, ABaraaapaa, 0, 0, 0, 0, , 0, 0, 0, 0, 0, 
731, 1, 805, 743, -1, 91, 114, 176.0, 19, ABaraaapap, 0, 0, 0, 0, , 0, 0, 0, 0, 0, 
732, 1, 806, 744, -1, 85, 104, 193.0, 15, ABaraaappa, 0, 0, 0, 0, , 0, 0, 0, 0, 0, 
733, 1, 807, 745, -1, 104, 107, 198.0, 16, ABaraaappp, 0, 0, 0, 0, , 0, 0, 0, 0, 0, 
734, 1, 808, 746, -1, 76, 100, 169.0, 15, ABaraaaaap, 0, 0, 0, 0, , 0, 0, 0, 0, 0, 
735, 1, 809, 747, -1, 61, 121, 171.0, 15, ABaraaaaaa, 0, 0, 0, 0, , 0, 0, 0, 0, 0, 
736, 1, 810, 748, -1, 83, 109, 149.0, 16, ABaraaaap, 0, 0, 0, 0, , 0, 0, 0, 0, 0, 
737, 1, 811, 749, -1, 107, 133, 171.0, 15, ABalpaaapa, 0, 0, 0, 0, , 0, 0, 0, 0, 0, 
738, 1, 812, 750, -1, 120, 141, 160.0, 15, ABalpaaapp, 0, 0, 0, 0, , 0, 0, 0, 0, 0, 
739, 1, 813, 751, -1, 93, 144, 185.0, 17, ABalpaaaap, 0, 0, 0, 0, , 0, 0, 0, 0, 0, 
740, 1, 814, 752, -1, 71, 147, 164.0, 15, ABalpaaaaa, 0, 0, 0, 0, , 0, 0, 0, 0, 0, 
741, 1, 815, 753, -1, 63, 133, 153.0, 15, ABalpaapaa, 0, 0, 0, 0, , 0, 0, 0, 0, 0, 
742, 1, 816, 754, -1, 93, 145, 154.0, 18, ABalpaapap, 0, 0, 0, 0, , 0, 0, 0, 0, 0, 
743, 1, 817, 755, -1, 77, 158, 151.0, 12, ABalpaappa, 0, 0, 0, 0, , 0, 0, 0, 0, 0, 
744, 1, 818, 756, -1, 123, 142, 185.0, 15, ABalpappaa, 0, 0, 0, 0, , 0, 0, 0, 0, 0, 
745, 1, 819, 757, -1, 145, 147, 184.0, 17, ABalpappap, 0, 0, 0, 0, , 0, 0, 0, 0, 0, 
746, 1, 820, 758, -1, 134, 147, 165.0, 15, ABalpapppa, 0, 0, 0, 0, , 0, 0, 0, 0, 0, 
747, 1, 821, 759, -1, 161, 148, 168.0, 21, ABalpapppp, 0, 0, 0, 0, , 0, 0, 0, 0, 0, 
748, 1, 822, 760, -1, 62, 145, 115.0, 15, ABalppaaaa, 0, 0, 0, 0, , 0, 0, 0, 0, 0, 
749, 1, 823, 761, -1, 84, 164, 108.0, 16, ABalppaaap, 0, 0, 0, 0, , 0, 0, 0, 0, 0, 
750, 1, 824, 762, -1, 101, 166, 132.0, 15, ABalppapaa, 0, 0, 0, 0, , 0, 0, 0, 0, 0, 
751, 1, 825, 763, -1, 116, 176, 140.0, 14, ABalppapap, 0, 0, 0, 0, , 0, 0, 0, 0, 0, 
752, 1, 826, 764, -1, 129, 162, 141.0, 15, ABalppappa, 0, 0, 0, 0, , 0, 0, 0, 0, 0, 
753, 1, 827, 765, -1, 90, 162, 143.0, 15, ABalpaappp, 0, 0, 0, 0, , 0, 0, 0, 0, 0, 
754, 1, 828, 766, -1, 101, 159, 169.0, 15, ABalpapaaa, 0, 0, 0, 0, , 0, 0, 0, 0, 0, 
755, 1, 829, 767, -1, 114, 154, 184.0, 15, ABalpapaap, 0, 0, 0, 0, , 0, 0, 0, 0, 0, 
756, 1, 830, 768, -1, 127, 168, 157.0, 15, ABalpapapa, 0, 0, 0, 0, , 0, 0, 0, 0, 0, 
757, 1, 831, 769, -1, 149, 169, 173.0, 14, ABalpapapp, 0, 0, 0, 0, , 0, 0, 0, 0, 0, 
758, 1, 832, 770, -1, 97, 170, 111.0, 14, ABalppaapa, 0, 0, 0, 0, , 0, 0, 0, 0, 0, 
759, 0, 833, -1, -1, 105, 165, 96.0, 15, , 0, 0, 0, 0, , 0, 0, 0, 0, 0, 
760, 1, 834, 772, -1, 147, 176, 154.33333, 15, ABalppappp, 0, 0, 0, 0, , 0, 0, 0, 0, 0, 
761, 1, 835, 773, -1, 78, 148, 96.0, 15, ABalpppaaa, 0, 0, 0, 0, , 0, 0, 0, 0, 0, 
762, 1, 836, 774, -1, 151, 139, 80.5, 16, ABalpppppp, 0, 0, 0, 0, , 0, 0, 0, 0, 0, 
763, 1, 837, 775, -1, 130, 137, 72.0, 17, ABalpppppa, 0, 0, 0, 0, , 0, 0, 0, 0, 0, 
764, 0, 838, -1, -1, 96, 124, 95.71429, 13, , 0, 0, 0, 0, , 0, 0, 0, 0, 0, 
765, 1, 839, 777, -1, 123, 127, 90.0, 17, ABalppppap, 0, 0, 0, 0, , 0, 0, 0, 0, 0, 
766, 1, 840, 778, -1, 87, 144, 80.0, 15, ABalpppaap, 0, 0, 0, 0, , 0, 0, 0, 0, 0, 
767, 1, 841, 779, -1, 110, 154, 78.75, 15, ABalpppapa, 0, 0, 0, 0, , 0, 0, 0, 0, 0, 
768, 0, 842, -1, -1, 122, 153, 68.0, 12, , 0, 0, 0, 0, , 0, 0, 0, 0, 0, 
769, 1, 843, 781, -1, 49, 112, 137.0, 14, ABalaaapar, 0, 0, 0, 0, , 0, 0, 0, 0, 0, 
770, 1, 844, 782, -1, 61, 130, 124.0, 14, ABalaaapal, 0, 0, 0, 0, , 0, 0, 0, 0, 0, 
771, 1, 845, 783, -1, 50, 95, 139.0, 12, ABalaaappl, 0, 0, 0, 0, , 0, 0, 0, 0, 0, 
772, 1, 846, 784, -1, 68, 78, 146.0, 15, ABalaaappr, 0, 0, 0, 0, , 0, 0, 0, 0, 0, 
773, 1, 847, 785, -1, 74, 88, 176.0, 13, ABalaapaaa, 0, 0, 0, 0, , 0, 0, 0, 0, 0, 
774, 0, 848, -1, -1, 102, 84, 189.0, 15, , 0, 0, 0, 0, , 0, 0, 0, 0, 0, 
775, 1, 849, 787, -1, 102, 84, 188.0, 13, ABalaapaap, 0, 0, 0, 0, , 0, 0, 0, 0, 0, 
776, 1, 850, 788, -1, 83, 74, 181.0, 15, ABalaapapa, 0, 0, 0, 0, , 0, 0, 0, 0, 0, 
777, 1, 851, 789, -1, 100, 62, 178.0, 15, ABalaapapp, 0, 0, 0, 0, , 0, 0, 0, 0, 0, 
778, 1, 852, 790, -1, 51, 119, 152.0, 15, ABalaaaarl, 0, 0, 0, 0, , 0, 0, 0, 0, 0, 
779, 1, 853, 791, -1, 65, 92, 153.0, 14, ABalaaaarr, 0, 0, 0, 0, , 0, 0, 0, 0, 0, 
780, 1, 854, 792, -1, 53, 132, 139.0, 15, ABalaaaala, 0, 0, 0, 0, , 0, 0, 0, 0, 0, 
781, 1, 855, 793, -1, 70, 154, 127.0, 14, ABalaaaalp, 0, 0, 0, 0, , 0, 0, 0, 0, 0, 
782, 1, 856, 794, -1, 74, 82, 164.0, 15, ABalaappaa, 0, 0, 0, 0, , 0, 0, 0, 0, 0, 
783, 1, 857, 795, -1, 82, 71, 158.0, 16, ABalaappap, 0, 0, 0, 0, , 0, 0, 0, 0, 0, 
784, 1, 858, 796, -1, 71, 65, 133.0, 14, ABalaapppa, 0, 0, 0, 0, , 0, 0, 0, 0, 0, 
785, 1, 859, 797, -1, 94, 59, 133.0, 14, ABalaapppp, 0, 0, 0, 0, , 0, 0, 0, 0, 0, 
786, 1, 860, 798, -1, 75, 133, 105.0, 17, ABalapaapa, 0, 0, 0, 0, , 0, 0, 0, 0, 0, 
787, 1, 861, 799, -1, 92, 127, 94.0, 17, ABalapaapp, 0, 0, 0, 0, , 0, 0, 0, 0, 0, 
788, 1, 862, 800, -1, 61, 118, 113.0, 17, ABalapaaaa, 0, 0, 0, 0, , 0, 0, 0, 0, 0, 
789, 1, 863, 801, -1, 79, 112, 96.0, 16, ABalapaaap, 0, 0, 0, 0, , 0, 0, 0, 0, 0, 
790, 1, 864, 802, -1, 88, 104, 82.0, 17, ABalapapap, 0, 0, 0, 0, , 0, 0, 0, 0, 0, 
791, 1, 865, 803, -1, 78, 92, 94.0, 15, ABalapapaa, 0, 0, 0, 0, , 0, 0, 0, 0, 0, 
792, 1, 866, 804, -1, 106, 116, 78.0, 16, ABalapappa, 0, 0, 0, 0, , 0, 0, 0, 0, 0, 
793, 1, 867, 805, -1, 130, 111, 80.0, 18, ABalapappp, 0, 0, 0, 0, , 0, 0, 0, 0, 0, 
794, 1, 869, 806, -1, 52, 104, 123.0, 13, ABalappaaa, 0, 0, 0, 0, , 0, 0, 0, 0, 0, 
795, 1, 868, 807, -1, 68, 92, 106.0, 15, ABalappaap, 0, 0, 0, 0, , 0, 0, 0, 0, 0, 
796, 1, 870, 808, -1, 52, 85, 127.0, 14, ABalappapa, 0, 0, 0, 0, , 0, 0, 0, 0, 0, 
797, 1, 871, 809, -1, 67, 70, 120.0, 14, ABalappapp, 0, 0, 0, 0, , 0, 0, 0, 0, 0, 
798, 1, 872, 810, -1, 83, 78, 121.0, 14, ABalapppaa, 0, 0, 0, 0, , 0, 0, 0, 0, 0, 
799, 1, 873, 811, -1, 100, 71, 106.0, 14, ABalapppap, 0, 0, 0, 0, , 0, 0, 0, 0, 0, 
800, 1, 874, 812, -1, 112, 54, 113.0, 14, ABalappppa, 0, 0, 0, 0, , 0, 0, 0, 0, 0, 
801, 1, 875, 813, -1, 131, 45, 107.0, 14, ABalappppp, 0, 0, 0, 0, , 0, 0, 0, 0, 0, 
802, 1, 876, 814, -1, 104, 136, 79.0, 15, ABalppppaa, 0, 0, 0, 0, , 0, 0, 0, 0, 0, 
803, 1, 877, 815, -1, 92, 55, 154.0, 12, ABpraaaaaa, 0, 0, 0, 0, , 0, 0, 0, 0, 0, 
804, 1, 878, 816, -1, 116, 43, 155.0, 13, ABpraaaaap, 0, 0, 0, 0, , 0, 0, 0, 0, 0, 
805, 1, 879, 817, -1, 109, 54, 169.0, 15, ABpraaaapa, 0, 0, 0, 0, , 0, 0, 0, 0, 0, 
806, 1, 880, 818, -1, 123, 53, 178.0, 14, ABpraaaapp, 0, 0, 0, 0, , 0, 0, 0, 0, 0, 
807, 1, 881, 819, -1, 135, 54, 157.0, 15, ABpraaappa, 0, 0, 0, 0, , 0, 0, 0, 0, 0, 
808, 1, 882, 820, -1, 159, 48, 155.0, 19, ABpraaappp, 0, 0, 0, 0, , 0, 0, 0, 0, 0, 
809, 1, 883, 821, -1, 198, 45, 171.0, 12, ABpraapppa, 0, 0, 0, 0, , 0, 0, 0, 0, 0, 
810, 1, 884, 822, -1, 215, 52, 179.5, 12, ABpraapppp, 0, 0, 0, 0, , 0, 0, 0, 0, 0, 
811, 1, 885, 823, -1, 181, 41, 160.0, 16, ABpraappap, 0, 0, 0, 0, , 0, 0, 0, 0, 0, 
812, 1, 886, 824, -1, 232, 54, 183.0, 15, ABprappaaa, 0, 0, 0, 0, , 0, 0, 0, 0, 0, 
813, 1, 887, 825, -1, 254, 69, 186.0, 15, ABprappaap, 0, 0, 0, 0, , 0, 0, 0, 0, 0, 
814, 1, 888, 826, -1, 284, 66, 178.5, 14, ABprappapp, 0, 0, 0, 0, , 0, 0, 0, 0, 0, 
815, 1, 889, 827, -1, 259, 52, 167.8, 15, ABprappapa, 0, 0, 0, 0, , 0, 0, 0, 0, 0, 
816, 1, 890, 828, -1, 270, 79, 193.0, 15, ABprapppaa, 0, 0, 0, 0, , 0, 0, 0, 0, 0, 
817, 1, 891, 829, -1, 287, 90, 183.0, 13, ABprapppap, 0, 0, 0, 0, , 0, 0, 0, 0, 0, 
818, 1, 892, 830, -1, 207, 45, 138.0, 14, ABprapaaap, 0, 0, 0, 0, , 0, 0, 0, 0, 0, 
819, 1, 893, 831, -1, 186, 46, 142.75, 16, ABprapaaaa, 0, 0, 0, 0, , 0, 0, 0, 0, 0, 
820, 1, 894, 832, -1, 220, 47, 152.0, 13, ABprapaapa, 0, 0, 0, 0, , 0, 0, 0, 0, 0, 
821, 1, 895, 833, -1, 239, 51, 165.5, 16, ABprapaapp, 0, 0, 0, 0, , 0, 0, 0, 0, 0, 
822, 1, 896, 834, -1, 298, 63, 156.0, 13, ABprapapap, 0, 0, 0, 0, , 0, 0, 0, 0, 0, 
823, 1, 897, 835, -1, 275, 53, 155.0, 15, ABprapapaa, 0, 0, 0, 0, , 0, 0, 0, 0, 0, 
824, 1, 898, 836, -1, 313, 88, 172.0, 15, ABprapappp, 0, 0, 0, 0, , 0, 0, 0, 0, 0, 
825, 1, 899, 837, -1, 312, 68, 153.0, 15, ABprapappa, 0, 0, 0, 0, , 0, 0, 0, 0, 0, 
826, 1, 900, 838, -1, 155, 162, 126.0, 13, ABplppaaaa, 0, 0, 0, 0, , 0, 0, 0, 0, 0, 
827, 1, 901, 839, -1, 174, 177, 124.0, 13, ABplppaaap, 0, 0, 0, 0, , 0, 0, 0, 0, 0, 
828, 1, 902, 840, -1, 189, 178, 147.0, 15, ABplppaapa, 0, 0, 0, 0, , 0, 0, 0, 0, 0, 
829, 1, 903, 841, -1, 217, 180, 150.0, 14, ABplppaapp, 0, 0, 0, 0, , 0, 0, 0, 0, 0, 
830, 1, 904, 842, -1, 189, 177, 123.0, 12, ABplppapaa, 0, 0, 0, 0, , 0, 0, 0, 0, 0, 
831, 1, 905, 843, -1, 211, 180, 127.0, 13, ABplppapap, 0, 0, 0, 0, , 0, 0, 0, 0, 0, 
832, 1, 906, 844, -1, 231, 177, 122.0, 13, ABplppappa, 0, 0, 0, 0, , 0, 0, 0, 0, 0, 
833, 1, 907, 845, -1, 251, 173, 131.0, 15, ABplppappp, 0, 0, 0, 0, , 0, 0, 0, 0, 0, 
834, 1, 908, 846, -1, 234, 177, 142.0, 15, ABplpppaaa, 0, 0, 0, 0, , 0, 0, 0, 0, 0, 
835, 1, 909, 847, -1, 255, 174, 151.33333, 15, ABplpppaap, 0, 0, 0, 0, , 0, 0, 0, 0, 0, 
836, 1, 910, 848, -1, 270, 166, 153.0, 15, ABplpppapa, 0, 0, 0, 0, , 0, 0, 0, 0, 0, 
837, 1, 911, 849, -1, 276, 151, 164.0, 15, ABplpppapp, 0, 0, 0, 0, , 0, 0, 0, 0, 0, 
838, 1, 912, 850, -1, 218, 168, 173.0, 14, ABplppppaa, 0, 0, 0, 0, , 0, 0, 0, 0, 0, 
839, 1, 913, 851, -1, 235, 164, 171.0, 14, ABplppppap, 0, 0, 0, 0, , 0, 0, 0, 0, 0, 
840, 1, 914, 852, -1, 232, 148, 177.0, 15, ABplpppppa, 0, 0, 0, 0, , 0, 0, 0, 0, 0, 
841, 1, 915, 853, -1, 262, 147, 173.0, 15, ABplpppppp, 0, 0, 0, 0, , 0, 0, 0, 0, 0, 
842, 1, 916, 854, -1, 201, 175, 171.0, 15, ABplpapapp, 0, 0, 0, 0, , 0, 0, 0, 0, 0, 
843, 1, 917, 855, -1, 114, 165, 124.0, 15, ABplpaaaaa, 0, 0, 0, 0, , 0, 0, 0, 0, 0, 
844, 1, 918, 856, -1, 135, 176, 120.333336, 16, ABplpaaaap, 0, 0, 0, 0, , 0, 0, 0, 0, 0, 
845, 1, 919, 857, -1, 149, 171, 105.0, 15, ABplpaaapp, 0, 0, 0, 0, , 0, 0, 0, 0, 0, 
846, 1, 920, 858, -1, 155, 183, 127.0, 16, ABplpaaapa, 0, 0, 0, 0, , 0, 0, 0, 0, 0, 
847, 1, 921, 859, -1, 123, 166, 96.0, 16, ABplpaapaa, 0, 0, 0, 0, , 0, 0, 0, 0, 0, 
848, 1, 922, 860, -1, 143, 168, 89.0, 17, ABplpaapap, 0, 0, 0, 0, , 0, 0, 0, 0, 0, 
849, 1, 923, 861, -1, 164, 167, 90.0, 15, ABplpaappa, 0, 0, 0, 0, , 0, 0, 0, 0, 0, 
850, 1, 924, 862, -1, 180, 173, 109.0, 14, ABplpaappp, 0, 0, 0, 0, , 0, 0, 0, 0, 0, 
851, 1, 925, 863, -1, 155, 164, 146.0, 15, ABplpapaaa, 0, 0, 0, 0, , 0, 0, 0, 0, 0, 
852, 1, 926, 864, -1, 175, 168, 148.0, 15, ABplpapaap, 0, 0, 0, 0, , 0, 0, 0, 0, 0, 
853, 1, 927, 865, -1, 178, 174, 163.0, 16, ABplpapapa, 0, 0, 0, 0, , 0, 0, 0, 0, 0, 
854, 1, 928, 866, -1, 173, 157, 182.0, 17, ABplpappaa, 0, 0, 0, 0, , 0, 0, 0, 0, 0, 
855, 1, 929, 867, -1, 191, 152, 185.0, 12, ABplpappap, 0, 0, 0, 0, , 0, 0, 0, 0, 0, 
856, 1, 930, 868, -1, 204, 158, 190.0, 15, ABplpapppa, 0, 0, 0, 0, , 0, 0, 0, 0, 0, 
857, 1, 931, 869, -1, 227, 158, 190.0, 15, ABplpapppp, 0, 0, 0, 0, , 0, 0, 0, 0, 0, 
858, 1, 932, 870, -1, 103, 42, 117.0, 13, ABpraapaaa, 0, 0, 0, 0, , 0, 0, 0, 0, 0, 
859, 1, 933, 871, -1, 144, 34, 139.0, 14, ABpraapapa, 0, 0, 0, 0, , 0, 0, 0, 0, 0, 
860, 1, 934, 872, -1, 167, 35, 139.0, 14, ABpraapapp, 0, 0, 0, 0, , 0, 0, 0, 0, 0, 
861, 1, 935, 873, -1, 119, 73, 187.0, 14, ABprpaaaaa, 0, 0, 0, 0, , 0, 0, 0, 0, 0, 
862, 1, 936, 874, -1, 136, 73, 195.0, 14, ABprpaaaap, 0, 0, 0, 0, , 0, 0, 0, 0, 0, 
863, 1, 937, 875, -1, 142, 61, 190.0, 13, ABprpaaapa, 0, 0, 0, 0, , 0, 0, 0, 0, 0, 
864, 1, 938, 876, -1, 161, 63, 196.0, 15, ABprpaaapp, 0, 0, 0, 0, , 0, 0, 0, 0, 0, 
865, 1, 939, 877, -1, 139, 46, 175.75, 15, ABprpaapaa, 0, 0, 0, 0, , 0, 0, 0, 0, 0, 
866, 1, 940, 878, -1, 158, 50, 180.83333, 15, ABprpaapap, 0, 0, 0, 0, , 0, 0, 0, 0, 0, 
867, 1, 941, 879, -1, 176, 49, 185.33333, 15, ABprpaappa, 0, 0, 0, 0, , 0, 0, 0, 0, 0, 
868, 1, 942, 880, -1, 192, 60, 194.5, 15, ABprpaappp, 0, 0, 0, 0, , 0, 0, 0, 0, 0, 
869, 1, 943, 881, -1, 196, 115, 205.66667, 15, ABprpapapa, 0, 0, 0, 0, , 0, 0, 0, 0, 0, 
870, 1, 944, 882, -1, 166, 97, 196.66667, 15, ABprpapaaa, 0, 0, 0, 0, , 0, 0, 0, 0, 0, 
871, 1, 945, 883, -1, 189, 108, 193.57143, 15, ABprpapaap, 0, 0, 0, 0, , 0, 0, 0, 0, 0, 
872, 1, 946, 884, -1, 216, 121, 209.0, 14, ABprpapapp, 0, 0, 0, 0, , 0, 0, 0, 0, 0, 
873, 1, 947, 885, -1, 178, 127, 205.0, 15, ABprpappaa, 0, 0, 0, 0, , 0, 0, 0, 0, 0, 
874, 1, 948, 886, -1, 197, 136, 192.0, 15, ABprpappap, 0, 0, 0, 0, , 0, 0, 0, 0, 0, 
875, 1, 949, 887, -1, 218, 140, 201.0, 15, ABprpapppa, 0, 0, 0, 0, , 0, 0, 0, 0, 0, 
876, 1, 950, 888, -1, 247, 139, 189.0, 14, ABprpapppp, 0, 0, 0, 0, , 0, 0, 0, 0, 0, 
877, 1, 951, 889, -1, 172, 80, 202.0, 14, ABprppaaaa, 0, 0, 0, 0, , 0, 0, 0, 0, 0, 
878, 1, 952, 890, -1, 191, 73, 190.0, 14, ABprppaaap, 0, 0, 0, 0, , 0, 0, 0, 0, 0, 
879, 1, 953, 891, -1, 195, 92, 202.0, 13, ABprppaapa, 0, 0, 0, 0, , 0, 0, 0, 0, 0, 
880, 1, 954, 892, -1, 217, 92, 209.0, 15, ABprppaapp, 0, 0, 0, 0, , 0, 0, 0, 0, 0, 
881, 1, 955, 893, -1, 201, 76, 202.0, 12, ABprppapaa, 0, 0, 0, 0, , 0, 0, 0, 0, 0, 
882, 1, 956, 894, -1, 221, 74, 207.0, 13, ABprppapap, 0, 0, 0, 0, , 0, 0, 0, 0, 0, 
883, 1, 957, 895, -1, 235, 73, 197.0, 14, ABprppappa, 0, 0, 0, 0, , 0, 0, 0, 0, 0, 
884, 1, 958, 896, -1, 256, 84, 200.0, 14, ABprppappp, 0, 0, 0, 0, , 0, 0, 0, 0, 0, 
885, 1, 959, 897, -1, 239, 92, 209.0, 12, ABprpppaaa, 0, 0, 0, 0, , 0, 0, 0, 0, 0, 
886, 1, 960, 898, -1, 264, 101, 199.0, 12, ABprpppaap, 0, 0, 0, 0, , 0, 0, 0, 0, 0, 
887, 1, 961, 899, -1, 276, 112, 191.0, 12, ABprpppapa, 0, 0, 0, 0, , 0, 0, 0, 0, 0, 
888, 1, 962, 900, -1, 290, 127, 187.0, 12, ABprpppapp, 0, 0, 0, 0, , 0, 0, 0, 0, 0, 
889, 1, 963, 901, -1, 229, 109, 211.0, 15, ABprppppaa, 0, 0, 0, 0, , 0, 0, 0, 0, 0, 
890, 1, 964, 902, -1, 246, 112, 194.0, 15, ABprppppap, 0, 0, 0, 0, , 0, 0, 0, 0, 0, 
891, 1, 965, 903, -1, 262, 129, 189.0, 15, ABprpppppa, 0, 0, 0, 0, , 0, 0, 0, 0, 0, 
892, 1, 966, 904, -1, 275, 132, 171.75, 15, ABprpppppp, 0, 0, 0, 0, , 0, 0, 0, 0, 0, 
893, 1, 967, 905, -1, 68, 112, 135.0, 15, MSaaaaaa, 0, 0, 0, 0, , 0, 0, 0, 0, 0, 
894, 1, 968, 906, -1, 86, 104, 113.5, 11, MSaaaaap, 0, 0, 0, 0, , 0, 0, 0, 0, 0, 
895, 1, 969, 907, -1, 129, 84, 102.5, 11, MSaaaapp, 0, 0, 0, 0, , 0, 0, 0, 0, 0, 
896, 1, 970, 908, -1, 101, 92, 109.0, 12, MSaaaapa, 0, 0, 0, 0, , 0, 0, 0, 0, 0, 
897, 1, 971, 909, -1, 139, 99, 128.5, 15, MSaaapp, 0, 0, 0, 0, , 0, 0, 0, 0, 0, 
898, 1, 972, 910, -1, 130, 99, 112.0, 17, MSaaapap, 0, 0, 0, 0, , 0, 0, 0, 0, 0, 
899, 1, 973, 911, -1, 104, 118, 129.33333, 13, MSaaapaa, 0, 0, 0, 0, , 0, 0, 0, 0, 0, 
900, 1, 974, 912, -1, 157, 139, 151.0, 10, MSaapapa, 0, 0, 0, 0, , 0, 0, 0, 0, 0, 
901, 1, 975, 913, -1, 187, 134, 153.33333, 10, MSaapapp, 0, 0, 0, 0, , 0, 0, 0, 0, 0, 
902, 1, 976, 914, -1, 141, 130, 152.5, 14, MSaapaaa, 0, 0, 0, 0, , 0, 0, 0, 0, 0, 
903, 1, 977, 915, -1, 151, 113, 130.0, 12, MSaapaap, 0, 0, 0, 0, , 0, 0, 0, 0, 0, 
904, 1, 979, 916, -1, 285, 110, 119.0, 17, Eplp, 0, 0, 0, 0, , 0, 0, 0, 0, 0, 
905, 1, 980, 917, -1, 311, 113, 89.0, 17, Caaapa, 0, 0, 0, 0, , 0, 0, 0, 0, 0, 
906, 1, 981, 918, -1, 326, 129, 150.0, 15, Caapa, 0, 0, 0, 0, , 0, 0, 0, 0, 0, 
907, 1, 982, 919, -1, 315, 144, 157.0, 17, Caapp, 0, 0, 0, 0, , 0, 0, 0, 0, 0, 
908, 1, 983, 920, -1, 239, 145, 157.0, 17, Capaa, 0, 0, 0, 0, , 0, 0, 0, 0, 0, 
909, 1, 984, 921, -1, 263, 149, 146.0, 17, Capap, 0, 0, 0, 0, , 0, 0, 0, 0, 0, 
910, 1, 986, 1040, -1, 278, 142, 125.0, 15, Cappap, 0, 0, 0, 0, , 0, 0, 0, 0, 0, 
911, 1, 987, 922, -1, 289, 141, 147.0, 17, Cappp, 0, 0, 0, 0, , 0, 0, 0, 0, 0, 
912, 1, 988, 923, -1, 241, 108, 177.0, 15, Cppaa, 0, 0, 0, 0, , 0, 0, 0, 0, 0, 
913, 1, 989, 924, -1, 268, 114, 174.0, 15, Cppap, 0, 0, 0, 0, , 0, 0, 0, 0, 0, 
914, 1, 992, 1052, -1, 290, 128, 158.0, 15, Cppppp, 0, 0, 0, 0, , 0, 0, 0, 0, 0, 
915, 1, 993, 925, -1, 239, 107, 132.0, 18, Z2, 0, 0, 0, 0, , 0, 0, 0, 0, 0, 
916, 1, 994, 926, -1, 211, 128, 152.0, 16, Z3, 0, 0, 0, 0, , 0, 0, 0, 0, 0, 
917, 1, 995, 927, -1, 89, 85, 71.0, 14, ABarpaaaap, 0, 0, 0, 0, , 0, 0, 0, 0, 0, 
918, 1, 996, 928, -1, 84, 76, 98.0, 14, ABarpaaaaa, 0, 0, 0, 0, , 0, 0, 0, 0, 0, 
919, 1, 997, 929, -1, 102, 78, 87.0, 14, ABarpaaapa, 0, 0, 0, 0, , 0, 0, 0, 0, 0, 
920, 1, 998, 930, -1, 124, 75, 82.0, 15, ABarpaaapp, 0, 0, 0, 0, , 0, 0, 0, 0, 0, 
921, 1, 999, 931, -1, 137, 71, 84.0, 15, ABarpaapaa, 0, 0, 0, 0, , 0, 0, 0, 0, 0, 
922, 1, 1000, 932, -1, 170, 67, 77.0, 15, ABarpaapap, 0, 0, 0, 0, , 0, 0, 0, 0, 0, 
923, 1, 1001, 933, -1, 188, 61, 83.0, 14, ABarpaappa, 0, 0, 0, 0, , 0, 0, 0, 0, 0, 
924, 1, 1002, 934, -1, 210, 68, 81.0, 15, ABarpaappp, 0, 0, 0, 0, , 0, 0, 0, 0, 0, 
925, 1, 1003, 935, -1, 93, 59, 95.0, 15, ABarpapaaa, 0, 0, 0, 0, , 0, 0, 0, 0, 0, 
926, 1, 1004, 936, -1, 119, 55, 94.0, 15, ABarpapaap, 0, 0, 0, 0, , 0, 0, 0, 0, 0, 
927, 1, 1005, 937, -1, 138, 53, 87.0, 15, ABarpapapa, 0, 0, 0, 0, , 0, 0, 0, 0, 0, 
928, 1, 1006, 938, -1, 161, 47, 97.0, 15, ABarpapapp, 0, 0, 0, 0, , 0, 0, 0, 0, 0, 
929, 1, 1007, 939, -1, 142, 35, 102.0, 14, ABarpappaa, 0, 0, 0, 0, , 0, 0, 0, 0, 0, 
930, 1, 1008, 940, -1, 160, 32, 117.0, 14, ABarpappap, 0, 0, 0, 0, , 0, 0, 0, 0, 0, 
931, 1, 1009, 941, -1, 221, 57, 91.0, 15, ABarpppapa, 0, 0, 0, 0, , 0, 0, 0, 0, 0, 
932, 1, 1010, 942, -1, 242, 55, 118.0, 15, ABarpppapp, 0, 0, 0, 0, , 0, 0, 0, 0, 0, 
933, 1, 1011, 943, -1, 227, 92, 71.0, 16, ABarppaapa, 0, 0, 0, 0, , 0, 0, 0, 0, 0, 
934, 1, 1012, 944, -1, 242, 116, 73.0, 16, ABarppaapp, 0, 0, 0, 0, , 0, 0, 0, 0, 0, 
935, 1, 1013, 945, -1, 189, 84, 62.0, 15, ABarppaaaa, 0, 0, 0, 0, , 0, 0, 0, 0, 0, 
936, 1, 1014, 946, -1, 210, 98, 69.0, 14, ABarppaaap, 0, 0, 0, 0, , 0, 0, 0, 0, 0, 
937, 1, 1015, 947, -1, 216, 126, 72.0, 17, ABarppapaa, 0, 0, 0, 0, , 0, 0, 0, 0, 0, 
938, 1, 1016, 948, -1, 246, 138, 78.0, 18, ABarppapap, 0, 0, 0, 0, , 0, 0, 0, 0, 0, 
939, 1, 1017, 949, -1, 265, 124, 77.0, 17, ABarppappa, 0, 0, 0, 0, , 0, 0, 0, 0, 0, 
940, 1, 1018, 950, -1, 299, 134, 99.0, 17, ABarppappp, 0, 0, 0, 0, , 0, 0, 0, 0, 0, 
941, 1, 1019, 951, -1, 185, 40, 96.0, 16, ABarpppaaa, 0, 0, 0, 0, , 0, 0, 0, 0, 0, 
942, 1, 1020, 952, -1, 210, 38, 119.0, 16, ABarpppaap, 0, 0, 0, 0, , 0, 0, 0, 0, 0, 
943, 1, 1021, 953, -1, 165, 49, 121.0, 13, ABarpapppa, 0, 0, 0, 0, , 0, 0, 0, 0, 0, 
944, 1, 1022, 954, -1, 189, 44, 120.0, 14, ABarpapppp, 0, 0, 0, 0, , 0, 0, 0, 0, 0, 
945, 1, 1023, 955, -1, 227, 38, 127.0, 14, ABarppppaa, 0, 0, 0, 0, , 0, 0, 0, 0, 0, 
946, 1, 1024, 956, -1, 245, 46, 140.0, 15, ABarppppap, 0, 0, 0, 0, , 0, 0, 0, 0, 0, 
947, 1, 1025, 957, -1, 261, 48, 134.0, 14, ABarpppppa, 0, 0, 0, 0, , 0, 0, 0, 0, 0, 
948, 1, 1026, 958, -1, 298, 64, 137.0, 15, ABarpppppp, 0, 0, 0, 0, , 0, 0, 0, 0, 0, 
949, 1, 1027, 959, -1, 89, 100, 64.0, 17, ABplaaaaaa, 0, 0, 0, 0, , 0, 0, 0, 0, 0, 
950, 1, 1028, 960, -1, 116, 96, 65.0, 17, ABplaaaaap, 0, 0, 0, 0, , 0, 0, 0, 0, 0, 
951, 1, 1029, 961, -1, 129, 88, 72.0, 15, ABplaaaapa, 0, 0, 0, 0, , 0, 0, 0, 0, 0, 
952, 1, 1030, 962, -1, 153, 86, 67.0, 16, ABplaaaapp, 0, 0, 0, 0, , 0, 0, 0, 0, 0, 
953, 1, 1031, 963, -1, 132, 101, 53.0, 17, ABplaaapaa, 0, 0, 0, 0, , 0, 0, 0, 0, 0, 
954, 1, 1032, 964, -1, 160, 105, 54.0, 17, ABplaaapap, 0, 0, 0, 0, , 0, 0, 0, 0, 0, 
955, 1, 1033, 965, -1, 176, 103, 58.0, 15, ABplaaappa, 0, 0, 0, 0, , 0, 0, 0, 0, 0, 
956, 1, 1034, 966, -1, 196, 111, 77.0, 16, ABplaaappp, 0, 0, 0, 0, , 0, 0, 0, 0, 0, 
957, 1, 1035, 967, -1, 97, 118, 58.0, 15, ABplaapaaa, 0, 0, 0, 0, , 0, 0, 0, 0, 0, 
958, 1, 1036, 968, -1, 120, 113, 55.0, 16, ABplaapaap, 0, 0, 0, 0, , 0, 0, 0, 0, 0, 
959, 1, 1037, 969, -1, 130, 130, 54.0, 17, ABplaapapa, 0, 0, 0, 0, , 0, 0, 0, 0, 0, 
960, 1, 1038, 970, -1, 151, 126, 61.0, 17, ABplaapapp, 0, 0, 0, 0, , 0, 0, 0, 0, 0, 
961, 1, 1039, 971, -1, 143, 148, 56.0, 17, ABplaappaa, 0, 0, 0, 0, , 0, 0, 0, 0, 0, 
962, 1, 1040, 972, -1, 174, 150, 65.0, 17, ABplaappap, 0, 0, 0, 0, , 0, 0, 0, 0, 0, 
963, 1, 1041, 973, -1, 182, 160, 79.0, 17, ABplaapppa, 0, 0, 0, 0, , 0, 0, 0, 0, 0, 
964, 1, 1042, 974, -1, 202, 165, 89.0, 17, ABplaapppp, 0, 0, 0, 0, , 0, 0, 0, 0, 0, 
965, 1, 1043, 975, -1, 171, 124, 75.0, 17, ABplapaaaa, 0, 0, 0, 0, , 0, 0, 0, 0, 0, 
966, 1, 1044, 976, -1, 190, 135, 76.0, 17, ABplapaaap, 0, 0, 0, 0, , 0, 0, 0, 0, 0, 
967, 1, 1045, 977, -1, 206, 142, 70.0, 17, ABplapaapa, 0, 0, 0, 0, , 0, 0, 0, 0, 0, 
968, 1, 1046, 978, -1, 228, 154, 76.0, 17, ABplapaapp, 0, 0, 0, 0, , 0, 0, 0, 0, 0, 
969, 1, 1047, 979, -1, 275, 145, 82.0, 14, ABplapapaa, 0, 0, 0, 0, , 0, 0, 0, 0, 0, 
970, 1, 1048, 980, -1, 296, 147, 95.0, 16, ABplapapap, 0, 0, 0, 0, , 0, 0, 0, 0, 0, 
971, 1, 1049, 981, -1, 302, 156, 111.0, 17, ABplapappa, 0, 0, 0, 0, , 0, 0, 0, 0, 0, 
972, 1, 1050, 982, -1, 309, 155, 136.0, 17, ABplapappp, 0, 0, 0, 0, , 0, 0, 0, 0, 0, 
973, 1, 1051, 983, -1, 219, 170, 98.0, 18, ABplappaaa, 0, 0, 0, 0, , 0, 0, 0, 0, 0, 
974, 1, 1052, 984, -1, 242, 168, 104.0, 15, ABplappaap, 0, 0, 0, 0, , 0, 0, 0, 0, 0, 
975, 1, 1053, 985, -1, 246, 157, 84.0, 15, ABplappapa, 0, 0, 0, 0, , 0, 0, 0, 0, 0, 
976, 1, 1054, 986, -1, 267, 161, 100.0, 14, ABplappapp, 0, 0, 0, 0, , 0, 0, 0, 0, 0, 
977, 1, 1055, 987, -1, 254, 164, 114.0, 17, ABplapppaa, 0, 0, 0, 0, , 0, 0, 0, 0, 0, 
978, 1, 1056, 988, -1, 279, 169, 124.0, 15, ABplapppap, 0, 0, 0, 0, , 0, 0, 0, 0, 0, 
979, 1, 1057, 989, -1, 296, 168, 129.0, 16, ABplappppa, 0, 0, 0, 0, , 0, 0, 0, 0, 0, 
980, 1, 1058, 990, -1, 296, 155, 158.0, 15, ABplappppp, 0, 0, 0, 0, , 0, 0, 0, 0, 0, 
981, 1, 1059, 991, -1, 197, 146, 168.0, 16, MSaappa, 0, 0, 0, 0, , 0, 0, 0, 0, 0, 
982, 1, 1060, 992, -1, 205, 154, 148.0, 16, MSaappp, 0, 0, 0, 0, , 0, 0, 0, 0, 0, 
983, 1, 1061, 993, -1, 89, 138, 122.0, 16, MSapaaa, 0, 0, 0, 0, , 0, 0, 0, 0, 0, 
984, 1, 1062, 994, -1, 122, 147, 124.0, 16, MSapaap, 0, 0, 0, 0, , 0, 0, 0, 0, 0, 
985, 1, 1063, 995, -1, 126, 138, 109.0, 16, MSapapa, 0, 0, 0, 0, , 0, 0, 0, 0, 0, 
986, 1, 1064, 996, -1, 148, 126, 96.0, 16, MSapapp, 0, 0, 0, 0, , 0, 0, 0, 0, 0, 
987, 1, 1065, 997, -1, 155, 139, 127.0, 16, MSappaa, 0, 0, 0, 0, , 0, 0, 0, 0, 0, 
988, 1, 1066, 998, -1, 177, 152, 134.0, 15, MSappap, 0, 0, 0, 0, , 0, 0, 0, 0, 0, 
989, 1, 1067, 999, -1, 163, 146, 106.0, 14, MSapppa, 0, 0, 0, 0, , 0, 0, 0, 0, 0, 
990, 1, 1068, 1000, -1, 196, 135, 96.0, 14, MSapppp, 0, 0, 0, 0, , 0, 0, 0, 0, 0, 
991, 1, 1069, 1001, -1, 80, 93, 143.0, 15, MSpaaaaa, 0, 0, 0, 0, , 0, 0, 0, 0, 0, 
992, 1, 1070, 1002, -1, 106, 91, 134.0, 15, MSpaaaap, 0, 0, 0, 0, , 0, 0, 0, 0, 0, 
993, 1, 1071, 1003, -1, 116, 77, 127.0, 13, MSpaaapa, 0, 0, 0, 0, , 0, 0, 0, 0, 0, 
994, 1, 1072, 1004, -1, 138, 69, 125.0, 15, MSpaaapp, 0, 0, 0, 0, , 0, 0, 0, 0, 0, 
995, 1, 1073, 1005, -1, 117, 89, 151.0, 15, MSpaapaa, 0, 0, 0, 0, , 0, 0, 0, 0, 0, 
996, 1, 1074, 1006, -1, 149, 82, 143.0, 15, MSpaapap, 0, 0, 0, 0, , 0, 0, 0, 0, 0, 
997, 1, 1075, 1007, -1, 161, 88, 121.0, 15, MSpaapp, 0, 0, 0, 0, , 0, 0, 0, 0, 0, 
998, 1, 1076, 1008, -1, 152, 122, 167.0, 14, MSpapaaa, 0, 0, 0, 0, , 0, 0, 0, 0, 0, 
999, 1, 1077, 1009, -1, 176, 115, 150.0, 14, MSpapaap, 0, 0, 0, 0, , 0, 0, 0, 0, 0, 
1000, 1, 1078, 1010, -1, 172, 109, 176.0, 16, MSpapapa, 0, 0, 0, 0, , 0, 0, 0, 0, 0, 
1001, 1, 1079, 1011, -1, 201, 117, 164.0, 16, MSpapapp, 0, 0, 0, 0, , 0, 0, 0, 0, 0, 
1002, 1, 1080, 1012, -1, 215, 134, 173.0, 14, MSpappa, 0, 0, 0, 0, , 0, 0, 0, 0, 0, 
1003, 1, 1081, 1013, -1, 222, 119, 188.0, 16, MSpappp, 0, 0, 0, 0, , 0, 0, 0, 0, 0, 
1004, 1, 1082, 1014, -1, 142, 86, 179.0, 14, MSppaap, 0, 0, 0, 0, , 0, 0, 0, 0, 0, 
1005, 1, 1083, 1015, -1, 105, 85, 169.0, 12, MSppaaa, 0, 0, 0, 0, , 0, 0, 0, 0, 0, 
1006, 1, 1084, 1016, -1, 131, 77, 165.0, 14, MSppapa, 0, 0, 0, 0, , 0, 0, 0, 0, 0, 
1007, 1, 1085, 1017, -1, 163, 64, 143.0, 15, MSppapp, 0, 0, 0, 0, , 0, 0, 0, 0, 0, 
1008, 1, 1086, 1018, -1, 160, 91, 171.0, 14, MSpppaa, 0, 0, 0, 0, , 0, 0, 0, 0, 0, 
1009, 1, 1087, 1019, -1, 184, 87, 181.0, 16, MSpppap, 0, 0, 0, 0, , 0, 0, 0, 0, 0, 
1010, 1, 1088, 1020, -1, 174, 71, 172.0, 14, MSppppa, 0, 0, 0, 0, , 0, 0, 0, 0, 0, 
1011, 1, 1089, 1021, -1, 193, 65, 153.0, 15, MSppppp, 0, 0, 0, 0, , 0, 0, 0, 0, 0, 
1012, 1, 1090, 1022, -1, 149, 103, 102.0, 17, Ealaa, 0, 0, 0, 0, , 0, 0, 0, 0, 0, 
1013, 1, 1091, 1023, -1, 189, 101, 102.0, 16, Ealap, 0, 0, 0, 0, , 0, 0, 0, 0, 0, 
1014, 1, 1092, 1024, -1, 102, 66, 150.0, 17, ABpraaapaa, 0, 0, 0, 0, , 0, 0, 0, 0, 0, 
1015, 1, 1093, 1025, -1, 119, 53, 141.0, 14, ABpraaapap, 0, 0, 0, 0, , 0, 0, 0, 0, 0, 
1016, 1, 1094, 1026, -1, 169, 126, 122.0, 15, Ealpa, 0, 0, 0, 0, , 0, 0, 0, 0, 0, 
1017, 1, 1095, 1027, -1, 204, 116, 117.0, 15, Ealpp, 0, 0, 0, 0, , 0, 0, 0, 0, 0, 
1018, 1, 1096, 1028, -1, 153, 77, 112.0, 15, Earaa, 0, 0, 0, 0, , 0, 0, 0, 0, 0, 
1019, 1, 1097, 1029, -1, 185, 81, 121.0, 15, Earap, 0, 0, 0, 0, , 0, 0, 0, 0, 0, 
1020, 1, 1098, 1030, -1, 177, 92, 138.0, 15, Earpa, 0, 0, 0, 0, , 0, 0, 0, 0, 0, 
1021, 1, 1099, 1031, -1, 216, 91, 137.0, 15, Earpp, 0, 0, 0, 0, , 0, 0, 0, 0, 0, 
1022, 1, 1100, 1032, -1, 213, 99, 99.0, 14, Eplaa, 0, 0, 0, 0, , 0, 0, 0, 0, 0, 
1023, 1, 1101, 1033, -1, 254, 109, 105.0, 15, Eplap, 0, 0, 0, 0, , 0, 0, 0, 0, 0, 
1024, 1, 1102, 1034, -1, 210, 65, 122.0, 15, Epraa, 0, 0, 0, 0, , 0, 0, 0, 0, 0, 
1025, 1, 978, 1035, -1, 243, 84, 114.0, 16, Eprap, 0, 0, 0, 0, , 0, 0, 0, 0, 0, 
1026, 1, 1103, 1036, -1, 256, 99, 77.0, 15, Caaaaa, 0, 0, 0, 0, , 0, 0, 0, 0, 0, 
1027, 1, 1104, 1037, -1, 291, 101, 86.0, 16, Caaaap, 0, 0, 0, 0, , 0, 0, 0, 0, 0, 
1028, 1, 1105, 1038, -1, 315, 126, 122.0, 17, Caaapp, 0, 0, 0, 0, , 0, 0, 0, 0, 0, 
1029, 1, 985, 1039, -1, 250, 135, 112.0, 17, Cappaa, 0, 0, 0, 0, , 0, 0, 0, 0, 0, 
1030, 1, 1106, 1041, -1, 242, 71, 82.0, 17, Cpaaaa, 0, 0, 0, 0, , 0, 0, 0, 0, 0, 
1031, 1, 1107, 1042, -1, 267, 66, 107.0, 19, Cpaaap, 0, 0, 0, 0, , 0, 0, 0, 0, 0, 
1032, 1, 1108, 1043, -1, 289, 70, 108.0, 17, Cpaapa, 0, 0, 0, 0, , 0, 0, 0, 0, 0, 
1033, 1, 1109, 1044, -1, 317, 93, 127.0, 17, Cpaapp, 0, 0, 0, 0, , 0, 0, 0, 0, 0, 
1034, 1, 1110, 1045, -1, 317, 121, 140.0, 15, Cpapaa, 0, 0, 0, 0, , 0, 0, 0, 0, 0, 
1035, 1, 1111, 1046, -1, 320, 90, 153.0, 15, Cpapap, 0, 0, 0, 0, , 0, 0, 0, 0, 0, 
1036, 1, 1112, 1047, -1, 323, 108, 163.0, 15, Cpappd, 0, 0, 0, 0, , 0, 0, 0, 0, 0, 
1037, 1, 1113, 1048, -1, 305, 132, 179.0, 15, Cpappv, 0, 0, 0, 0, , 0, 0, 0, 0, 0, 
1038, 1, 1114, 1049, -1, 257, 75, 160.0, 15, Cpppaa, 0, 0, 0, 0, , 0, 0, 0, 0, 0, 
1039, 1, 990, 1050, -1, 290, 86, 160.0, 14, Cpppap, 0, 0, 0, 0, , 0, 0, 0, 0, 0, 
1040, 1, 991, 1051, -1, 288, 100, 157.0, 15, Cppppa, 0, 0, 0, 0, , 0, 0, 0, 0, 0, 
1041, 1, 1115, 1053, -1, 196, 151, 114.0, 16, Daaa, 0, 0, 0, 0, , 0, 0, 0, 0, 0, 
1042, 1, 1116, 1054, -1, 214, 152, 135.0, 14, Daap, 0, 0, 0, 0, , 0, 0, 0, 0, 0, 
1043, 1, 1117, 1055, -1, 218, 145, 113.0, 16, Dapa, 0, 0, 0, 0, , 0, 0, 0, 0, 0, 
1044, 1, 1118, 1056, -1, 235, 136, 123.0, 16, Dapp, 0, 0, 0, 0, , 0, 0, 0, 0, 0, 
1045, 1, 1119, 1057, -1, 200, 82, 170.0, 16, Dpaa, 0, 0, 0, 0, , 0, 0, 0, 0, 0, 
1046, 1, 1120, 1058, -1, 215, 99, 177.0, 16, Dpap, 0, 0, 0, 0, , 0, 0, 0, 0, 0, 
1047, 1, 1121, 1059, -1, 222, 81, 168.0, 16, Dppa, 0, 0, 0, 0, , 0, 0, 0, 0, 0, 
1048, 1, 1122, 1060, -1, 239, 80, 164.0, 16, Dppp, 0, 0, 0, 0, , 0, 0, 0, 0, 0, 
1049, 1, 1123, 1061, -1, 127, 38, 128.0, 14, ABpraapaap, 0, 0, 0, 0, , 0, 0, 0, 0, 0, 
1050, 1, 1124, 1062, -1, 122, 154, 68.0, 16, ABalpppapp, 0, 0, 0, 0, , 0, 0, 0, 0, 0, 
1051, 1, 1125, 1063, -1, 302, 95, 187.0, 15, ABprappppa, 0, 0, 0, 0, , 0, 0, 0, 0, 0, 
1052, 1, 1126, 1064, -1, 304, 116, 180.0, 16, ABprappppp, 0, 0, 0, 0, , 0, 0, 0, 0, 0, 
1053, 1, 1127, 1065, -1, 105, 166, 97.0, 15, ABalppaapp, 0, 0, 0, 0, , 0, 0, 0, 0, 0, 
