1, 0, 1, -1, -1, 52, 111, 81.0, 7, , 47, 0, 0, 0, , 0, 0, 0, 0, 0, 
2, 0, 2, -1, -1, 199, 96, 201.0, 7, , 18, 0, 0, 0, , 0, 0, 0, 0, 0, 
3, 0, 3, -1, -1, 185, 60, 194.0, 8, , 39, 0, 0, 0, , 0, 0, 0, 0, 0, 
4, 0, 4, -1, -1, 157, 48, 177.0, 8, , 24, 0, 0, 0, , 0, 0, 0, 0, 0, 
5, 0, 5, -1, -1, 200, 78, 202.0, 7, , 20, 0, 0, 0, , 0, 0, 0, 0, 0, 
6, 0, 6, -1, -1, 139, 110, 209.0, 9, , 53, 0, 0, 0, , 0, 0, 0, 0, 0, 
7, 0, 7, -1, -1, 130, 125, 189.0, 9, , 62, 0, 0, 0, , 0, 0, 0, 0, 0, 
8, 0, 8, -1, -1, 176, 54, 187.0, 13, , 99, 0, 0, 0, , 0, 0, 0, 0, 0, 
9, 0, 9, -1, -1, 311, 88, 176.0, 9, , 26, 0, 0, 0, , 0, 0, 0, 0, 0, 
10, 0, 10, -1, -1, 221, 46, 149.0, 11, , 88, 0, 0, 0, , 0, 0, 0, 0, 0, 
11, 0, 11, -1, -1, 131, 48, 176.0, 8, , 43, 0, 0, 0, , 0, 0, 0, 0, 0, 
12, 0, 12, -1, -1, 147, 118, 188.0, 9, , 59, 0, 0, 0, , 0, 0, 0, 0, 0, 
13, 0, 13, -1, -1, 135, 126, 186.0, 9, , 47, 0, 0, 0, , 0, 0, 0, 0, 0, 
14, 0, 14, -1, -1, 136, 49, 176.0, 8, , 8, 0, 0, 0, , 0, 0, 0, 0, 0, 
15, 0, 15, -1, -1, 133, 69, 197.0, 9, , 75, 0, 0, 0, , 0, 0, 0, 0, 0, 
16, 0, 16, -1, -1, 136, 73, 190.0, 8, , 97, 0, 0, 0, , 0, 0, 0, 0, 0, 
17, 0, 17, -1, -1, 150, 82, 198.0, 9, , 40, 0, 0, 0, , 0, 0, 0, 0, 0, 
18, 0, 18, -1, -1, 199, 170, 168.0, 9, , 35, 0, 0, 0, , 0, 0, 0, 0, 0, 
19, 0, 19, -1, -1, 234, 49, 167.0, 9, , 56, 0, 0, 0, , 0, 0, 0, 0, 0, 
20, 0, 20, -1, -1, 107, 105, 163.0, 7, , 32, 0, 0, 0, , 0, 0, 0, 0, 0, 
21, 0, 21, -1, -1, 234, 55, 184.0, 11, , 122, 0, 0, 0, , 0, 0, 0, 0, 0, 
22, 0, 22, -1, -1, 261, 103, 198.0, 8, , 13, 0, 0, 0, , 0, 0, 0, 0, 0, 
23, 0, 23, -1, -1, 138, 87, 208.0, 9, , 54, 0, 0, 0, , 0, 0, 0, 0, 0, 
24, 0, 24, -1, -1, 189, 43, 147.0, 11, , 52, 0, 0, 0, , 0, 0, 0, 0, 0, 
25, 0, 25, -1, -1, 82, 107, 193.0, 9, , 36, 0, 0, 0, , 0, 0, 0, 0, 0, 
26, 0, 26, -1, -1, 138, 84, 204.0, 8, , 14, 0, 0, 0, , 0, 0, 0, 0, 0, 
27, 0, 27, -1, -1, 155, 140, 203.0, 9, , 43, 0, 0, 0, , 0, 0, 0, 0, 0, 
28, 0, 28, -1, -1, 159, 138, 204.0, 11, , 67, 0, 0, 0, , 0, 0, 0, 0, 0, 
29, 0, 29, -1, -1, 130, 125, 184.0, 11, , 99, 0, 0, 0, , 0, 0, 0, 0, 0, 
30, 0, 30, -1, -1, 140, 133, 208.0, 11, , 153, 0, 0, 0, , 0, 0, 0, 0, 0, 
31, 0, 31, -1, -1, 137, 132, 210.0, 11, , 74, 0, 0, 0, , 0, 0, 0, 0, 0, 
32, 0, 32, -1, -1, 132, 32, 126.0, 7, , 15, 0, 0, 0, , 0, 0, 0, 0, 0, 
33, 0, 33, -1, -1, 183, 46, 144.0, 9, , 48, 0, 0, 0, , 0, 0, 0, 0, 0, 
34, 0, 34, -1, -1, 152, 32, 154.0, 7, , 39, 0, 0, 0, , 0, 0, 0, 0, 0, 
35, 0, 35, -1, -1, 284, 68, 176.0, 9, , 22, 0, 0, 0, , 0, 0, 0, 0, 0, 
36, 0, 36, -1, -1, 88, 104, 199.0, 9, , 37, 0, 0, 0, , 0, 0, 0, 0, 0, 
37, 0, 37, -1, -1, 84, 106, 196.0, 8, , 29, 0, 0, 0, , 0, 0, 0, 0, 0, 
38, 0, 38, -1, -1, 103, 102, 197.0, 8, , 23, 0, 0, 0, , 0, 0, 0, 0, 0, 
39, 0, 39, -1, -1, 152, 103, 209.0, 9, , 100, 0, 0, 0, , 0, 0, 0, 0, 0, 
40, 0, 40, -1, -1, 98, 169, 107.0, 9, , 51, 0, 0, 0, , 0, 0, 0, 0, 0, 
41, 0, 41, -1, -1, 69, 65, 131.0, 8, , 20, 0, 0, 0, , 0, 0, 0, 0, 0, 
42, 0, 42, -1, -1, 159, 48, 180.0, 13, , 100, 0, 0, 0, , 0, 0, 0, 0, 0, 
43, 0, 43, -1, -1, 129, 97, 187.0, 7, , 32, 0, 0, 0, , 0, 0, 0, 0, 0, 
44, 0, 44, -1, -1, 141, 56, 191.0, 7, , 45, 0, 0, 0, , 0, 0, 0, 0, 0, 
45, 0, 45, -1, -1, 160, 132, 199.0, 9, , 35, 0, 0, 0, , 0, 0, 0, 0, 0, 
46, 0, 46, -1, -1, 138, 71, 199.0, 9, , 37, 0, 0, 0, , 0, 0, 0, 0, 0, 
47, 0, 47, -1, -1, 137, 87, 208.0, 9, , 41, 0, 0, 0, , 0, 0, 0, 0, 0, 
48, 0, 48, -1, -1, 163, 122, 201.0, 8, , 29, 0, 0, 0, , 0, 0, 0, 0, 0, 
49, 0, 49, -1, -1, 260, 128, 189.0, 11, , 66, 0, 0, 0, , 0, 0, 0, 0, 0, 
50, 0, 50, -1, -1, 263, 127, 194.0, 7, , 26, 0, 0, 0, , 0, 0, 0, 0, 0, 
51, 0, 52, -1, -1, 172, 49, 183.0, 8, , 5, 0, 0, 0, , 0, 0, 0, 0, 0, 
52, 0, 53, -1, -1, 64, 144, 111.0, 13, , 80, 0, 0, 0, , 0, 0, 0, 0, 0, 
53, 0, 54, -1, -1, 112, 162, 120.0, 9, , 32, 0, 0, 0, , 0, 0, 0, 0, 0, 
54, 0, 55, -1, -1, 167, 35, 133.0, 9, , 56, 0, 0, 0, , 0, 0, 0, 0, 0, 
55, 0, 56, -1, -1, 310, 66, 149.0, 11, , 64, 0, 0, 0, , 0, 0, 0, 0, 0, 
56, 0, 57, -1, -1, 256, 62, 185.0, 9, , 24, 0, 0, 0, , 0, 0, 0, 0, 0, 
57, 0, 58, -1, -1, 252, 64, 183.0, 11, , 49, 0, 0, 0, , 0, 0, 0, 0, 0, 
58, 0, 59, -1, -1, 258, 50, 160.0, 9, , 45, 0, 0, 0, , 0, 0, 0, 0, 0, 
59, 0, 60, -1, -1, 162, 49, 187.0, 9, , 28, 0, 0, 0, , 0, 0, 0, 0, 0, 
60, 0, 61, -1, -1, 94, 60, 127.0, 9, , 6, 0, 0, 0, , 0, 0, 0, 0, 0, 
61, 0, 62, -1, -1, 100, 68, 152.0, 8, , 58, 0, 0, 0, , 0, 0, 0, 0, 0, 
62, 0, 63, -1, -1, 136, 55, 158.0, 7, , 19, 0, 0, 0, , 0, 0, 0, 0, 0, 
63, 0, 64, -1, -1, 77, 85, 177.0, 8, , 40, 0, 0, 0, , 0, 0, 0, 0, 0, 
64, 0, 65, -1, -1, 149, 120, 186.0, 11, , 100, 0, 0, 0, , 0, 0, 0, 0, 0, 
65, 0, 66, -1, -1, 87, 99, 192.0, 7, , 13, 0, 0, 0, , 0, 0, 0, 0, 0, 
66, 0, 68, -1, -1, 298, 64, 158.0, 7, , 22, 0, 0, 0, , 0, 0, 0, 0, 0, 
67, 0, 69, -1, -1, 297, 64, 156.0, 7, , 28, 0, 0, 0, , 0, 0, 0, 0, 0, 
68, 0, 70, -1, -1, 202, 72, 200.0, 8, , 18, 0, 0, 0, , 0, 0, 0, 0, 0, 
69, 0, 71, -1, -1, 244, 93, 209.0, 9, , 25, 0, 0, 0, , 0, 0, 0, 0, 0, 
70, 0, 72, -1, -1, 138, 163, 140.0, 7, , 19, 0, 0, 0, , 0, 0, 0, 0, 0, 
71, 0, 73, -1, -1, 139, 58, 186.0, 9, , 24, 0, 0, 0, , 0, 0, 0, 0, 0, 
72, 0, 74, -1, -1, 273, 129, 175.0, 13, , 39, 0, 0, 0, , 0, 0, 0, 0, 0, 
73, 0, 75, -1, -1, 63, 113, 112.0, 9, , 11, 0, 0, 0, , 0, 0, 0, 0, 0, 
74, 0, 76, -1, -1, 63, 117, 107.0, 11, , 11, 0, 0, 0, , 0, 0, 0, 0, 0, 
75, 1, 77, 72, -1, 152, 31, 160.0, 13, ABpraappaa, 31, 0, 0, 0, , 0, 0, 0, 0, 0, 
76, 0, 78, -1, -1, 240, 51, 162.0, 9, , 109, 0, 0, 0, , 0, 0, 0, 0, 0, 
77, 0, 79, -1, -1, 78, 156, 154.0, 7, , 27, 0, 0, 0, , 0, 0, 0, 0, 0, 
78, 0, 80, -1, -1, 315, 88, 168.0, 8, , 11, 0, 0, 0, , 0, 0, 0, 0, 0, 
79, 0, 81, -1, -1, 75, 86, 172.0, 8, , 43, 0, 0, 0, , 0, 0, 0, 0, 0, 
80, 0, 82, -1, -1, 269, 129, 170.0, 7, , 12, 0, 0, 0, , 0, 0, 0, 0, 0, 
81, 0, 83, -1, -1, 155, 47, 182.0, 9, , 26, 0, 0, 0, , 0, 0, 0, 0, 0, 
82, 0, 84, -1, -1, 249, 109, 199.0, 7, , 7, 0, 0, 0, , 0, 0, 0, 0, 0, 
83, 0, 85, -1, -1, 158, 139, 201.0, 11, , 39, 0, 0, 0, , 0, 0, 0, 0, 0, 
84, 0, 86, -1, -1, 129, 97, 189.0, 7, , 31, 0, 0, 0, , 0, 0, 0, 0, 0, 
85, 0, 87, -1, -1, 199, 80, 196.0, 8, , 13, 0, 0, 0, , 0, 0, 0, 0, 0, 
86, 0, 88, -1, -1, 236, 89, 209.0, 9, , 35, 0, 0, 0, , 0, 0, 0, 0, 0, 
87, 0, 90, -1, -1, 227, 57, 188.0, 9, , 27, 0, 0, 0, , 0, 0, 0, 0, 0, 
88, 0, 91, -1, -1, 269, 77, 189.0, 11, , 57, 0, 0, 0, , 0, 0, 0, 0, 0, 
89, 0, 92, -1, -1, 177, 51, 192.0, 11, , 34, 0, 0, 0, , 0, 0, 0, 0, 0, 
90, 0, 93, -1, -1, 179, 50, 190.0, 9, , 28, 0, 0, 0, , 0, 0, 0, 0, 0, 
91, 0, 94, -1, -1, 161, 98, 198.0, 8, , 12, 0, 0, 0, , 0, 0, 0, 0, 0, 
92, 0, 95, -1, -1, 229, 112, 206.0, 9, , 86, 0, 0, 0, , 0, 0, 0, 0, 0, 
93, 0, 96, -1, -1, 178, 98, 210.0, 9, , 30, 0, 0, 0, , 0, 0, 0, 0, 0, 
94, 0, 97, -1, -1, 222, 76, 201.0, 7, , 19, 0, 0, 0, , 0, 0, 0, 0, 0, 
95, 0, 98, -1, -1, 244, 94, 203.0, 7, , 16, 0, 0, 0, , 0, 0, 0, 0, 0, 
96, 0, 99, -1, -1, 277, 49, 152.0, 7, , 6, 0, 0, 0, , 0, 0, 0, 0, 0, 
97, 0, 100, -1, -1, 149, 121, 181.0, 11, , 28, 0, 0, 0, , 0, 0, 0, 0, 0, 
98, 0, 101, -1, -1, 258, 69, 184.0, 8, , 15, 0, 0, 0, , 0, 0, 0, 0, 0, 
99, 0, 102, -1, -1, 181, 50, 183.0, 8, , 22, 0, 0, 0, , 0, 0, 0, 0, 0, 
100, 0, 103, -1, -1, 163, 65, 195.0, 11, , 56, 0, 0, 0, , 0, 0, 0, 0, 0, 
101, 0, 104, -1, -1, 233, 110, 201.0, 9, , 42, 0, 0, 0, , 0, 0, 0, 0, 0, 
102, 0, 105, -1, -1, 259, 97, 201.0, 7, , 41, 0, 0, 0, , 0, 0, 0, 0, 0, 
103, 0, 106, -1, -1, 236, 88, 207.0, 7, , 26, 0, 0, 0, , 0, 0, 0, 0, 0, 
104, 0, 107, -1, -1, 157, 101, 211.0, 9, , 67, 0, 0, 0, , 0, 0, 0, 0, 0, 
105, 0, 108, -1, -1, 143, 34, 140.0, 8, , 29, 0, 0, 0, , 0, 0, 0, 0, 0, 
106, 0, 109, -1, -1, 86, 95, 69.0, 8, , 2, 0, 0, 0, , 0, 0, 0, 0, 0, 
107, 0, 110, -1, -1, 79, 95, 94.0, 11, , 45, 0, 0, 0, , 0, 0, 0, 0, 0, 
108, 0, 111, -1, -1, 89, 57, 154.0, 7, , 14, 0, 0, 0, , 0, 0, 0, 0, 0, 
109, 0, 112, -1, -1, 179, 42, 168.0, 9, , 26, 0, 0, 0, , 0, 0, 0, 0, 0, 
110, 0, 113, -1, -1, 285, 63, 178.0, 7, , 19, 0, 0, 0, , 0, 0, 0, 0, 0, 
111, 0, 114, -1, -1, 282, 68, 172.0, 9, , 30, 0, 0, 0, , 0, 0, 0, 0, 0, 
112, 0, 115, -1, -1, 143, 46, 179.0, 9, , 13, 0, 0, 0, , 0, 0, 0, 0, 0, 
113, 0, 116, -1, -1, 190, 151, 185.0, 9, , 84, 0, 0, 0, , 0, 0, 0, 0, 0, 
114, 0, 118, -1, -1, 117, 77, 187.0, 7, , 34, 0, 0, 0, , 0, 0, 0, 0, 0, 
115, 0, 119, -1, -1, 108, 126, 193.0, 9, , 31, 0, 0, 0, , 0, 0, 0, 0, 0, 
116, 0, 120, -1, -1, 195, 61, 200.0, 7, , 16, 0, 0, 0, , 0, 0, 0, 0, 0, 
117, 0, 121, -1, -1, 119, 94, 206.0, 15, , 54, 0, 0, 0, , 0, 0, 0, 0, 0, 
118, 0, 122, -1, -1, 130, 89, 200.0, 7, , 24, 0, 0, 0, , 0, 0, 0, 0, 0, 
119, 0, 123, -1, -1, 220, 122, 210.0, 7, , 22, 0, 0, 0, , 0, 0, 0, 0, 0, 
120, 0, 124, -1, -1, 191, 111, 203.0, 9, , 17, 0, 0, 0, , 0, 0, 0, 0, 0, 
121, 0, 125, -1, -1, 161, 32, 135.0, 7, , 13, 0, 0, 0, , 0, 0, 0, 0, 0, 
122, 0, 126, -1, -1, 180, 41, 163.0, 9, , 16, 0, 0, 0, , 0, 0, 0, 0, 0, 
123, 0, 127, -1, -1, 308, 84, 171.0, 8, , 16, 0, 0, 0, , 0, 0, 0, 0, 0, 
124, 0, 128, -1, -1, 316, 82, 172.0, 8, , 59, 0, 0, 0, , 0, 0, 0, 0, 0, 
125, 0, 129, -1, -1, 135, 49, 180.0, 8, , 21, 0, 0, 0, , 0, 0, 0, 0, 0, 
126, 0, 130, -1, -1, 187, 60, 197.0, 11, , 57, 0, 0, 0, , 0, 0, 0, 0, 0, 
127, 0, 131, -1, -1, 128, 117, 131.0, 11, , 14, 0, 0, 0, , 0, 0, 0, 0, 0, 
128, 0, 132, -1, -1, 77, 81, 166.0, 9, , 26, 0, 0, 0, , 0, 0, 0, 0, 0, 
129, 0, 133, -1, -1, 201, 172, 166.0, 11, , 58, 0, 0, 0, , 0, 0, 0, 0, 0, 
130, 0, 134, -1, -1, 263, 51, 169.0, 9, , 36, 0, 0, 0, , 0, 0, 0, 0, 0, 
131, 0, 135, -1, -1, 130, 51, 160.0, 9, , 36, 0, 0, 0, , 0, 0, 0, 0, 0, 
132, 0, 136, -1, -1, 262, 52, 172.0, 7, , 15, 0, 0, 0, , 0, 0, 0, 0, 0, 
133, 0, 138, -1, -1, 191, 108, 193.0, 7, , 31, 0, 0, 0, , 0, 0, 0, 0, 0, 
134, 0, 139, -1, -1, 145, 59, 194.0, 7, , 40, 0, 0, 0, , 0, 0, 0, 0, 0, 
135, 0, 140, -1, -1, 185, 102, 199.0, 9, , 47, 0, 0, 0, , 0, 0, 0, 0, 0, 
136, 0, 141, -1, -1, 164, 121, 206.0, 8, , 20, 0, 0, 0, , 0, 0, 0, 0, 0, 
137, 0, 142, -1, -1, 120, 97, 202.0, 9, , 35, 0, 0, 0, , 0, 0, 0, 0, 0, 
138, 0, 143, -1, -1, 158, 99, 209.0, 8, , 11, 0, 0, 0, , 0, 0, 0, 0, 0, 
139, 0, 144, -1, -1, 130, 86, 207.0, 9, , 15, 0, 0, 0, , 0, 0, 0, 0, 0, 
140, 0, 145, -1, -1, 211, 46, 142.0, 9, , 35, 0, 0, 0, , 0, 0, 0, 0, 0, 
141, 0, 146, -1, -1, 124, 127, 206.0, 9, , 54, 0, 0, 0, , 0, 0, 0, 0, 0, 
142, 0, 147, -1, -1, 104, 67, 154.0, 13, , 73, 0, 0, 0, , 0, 0, 0, 0, 0, 
143, 0, 148, -1, -1, 102, 133, 75.0, 8, , 8, 0, 0, 0, , 0, 0, 0, 0, 0, 
144, 0, 149, -1, -1, 78, 92, 91.0, 9, , 25, 0, 0, 0, , 0, 0, 0, 0, 0, 
145, 0, 150, -1, -1, 124, 162, 94.0, 8, , 26, 0, 0, 0, , 0, 0, 0, 0, 0, 
146, 0, 151, -1, -1, 104, 42, 115.0, 7, , 21, 0, 0, 0, , 0, 0, 0, 0, 0, 
147, 0, 152, -1, -1, 86, 167, 106.0, 7, , 10, 0, 0, 0, , 0, 0, 0, 0, 0, 
148, 0, 153, -1, -1, 208, 44, 135.0, 9, , 49, 0, 0, 0, , 0, 0, 0, 0, 0, 
149, 0, 155, -1, -1, 116, 55, 142.0, 9, , 35, 0, 0, 0, , 0, 0, 0, 0, 0, 
150, 0, 157, -1, -1, 74, 155, 145.0, 9, , 25, 0, 0, 0, , 0, 0, 0, 0, 0, 
151, 0, 158, -1, -1, 156, 31, 158.0, 8, , 29, 0, 0, 0, , 0, 0, 0, 0, 0, 
152, 0, 159, -1, -1, 73, 80, 163.0, 8, , 44, 0, 0, 0, , 0, 0, 0, 0, 0, 
153, 0, 160, -1, -1, 136, 52, 155.0, 13, , 144, 0, 0, 0, , 0, 0, 0, 0, 0, 
154, 0, 161, -1, -1, 136, 144, 164.0, 11, , 53, 0, 0, 0, , 0, 0, 0, 0, 0, 
155, 0, 162, -1, -1, 77, 102, 173.0, 9, , 20, 0, 0, 0, , 0, 0, 0, 0, 0, 
156, 0, 163, -1, -1, 74, 97, 165.0, 8, , 6, 0, 0, 0, , 0, 0, 0, 0, 0, 
157, 0, 164, -1, -1, 76, 129, 173.0, 7, , 21, 0, 0, 0, , 0, 0, 0, 0, 0, 
158, 0, 165, -1, -1, 107, 85, 172.0, 8, , 29, 0, 0, 0, , 0, 0, 0, 0, 0, 
159, 0, 166, -1, -1, 151, 168, 175.0, 11, , 85, 0, 0, 0, , 0, 0, 0, 0, 0, 
160, 0, 167, -1, -1, 71, 88, 177.0, 7, , 28, 0, 0, 0, , 0, 0, 0, 0, 0, 
161, 0, 168, -1, -1, 142, 80, 176.0, 8, , 38, 0, 0, 0, , 0, 0, 0, 0, 0, 
162, 0, 169, -1, -1, 97, 64, 178.0, 9, , 38, 0, 0, 0, , 0, 0, 0, 0, 0, 
163, 0, 170, -1, -1, 74, 88, 186.0, 9, , 26, 0, 0, 0, , 0, 0, 0, 0, 0, 
164, 0, 171, -1, -1, 112, 116, 182.0, 8, , 126, 0, 0, 0, , 0, 0, 0, 0, 0, 
165, 0, 172, -1, -1, 118, 67, 189.0, 7, , 31, 0, 0, 0, , 0, 0, 0, 0, 0, 
166, 0, 173, -1, -1, 175, 55, 185.0, 9, , 25, 0, 0, 0, , 0, 0, 0, 0, 0, 
167, 0, 175, -1, -1, 124, 72, 189.0, 7, , 30, 0, 0, 0, , 0, 0, 0, 0, 0, 
168, 0, 176, -1, -1, 146, 59, 193.0, 8, , 37, 0, 0, 0, , 0, 0, 0, 0, 0, 
169, 0, 177, -1, -1, 141, 132, 199.0, 7, , 34, 0, 0, 0, , 0, 0, 0, 0, 0, 
170, 0, 178, -1, -1, 267, 96, 197.0, 9, , 95, 0, 0, 0, , 0, 0, 0, 0, 0, 
171, 0, 179, -1, -1, 82, 144, 94.0, 7, , 41, 0, 0, 0, , 0, 0, 0, 0, 0, 
172, 0, 180, -1, -1, 129, 33, 129.0, 8, , 30, 0, 0, 0, , 0, 0, 0, 0, 0, 
173, 0, 181, -1, -1, 114, 54, 137.0, 9, , 16, 0, 0, 0, , 0, 0, 0, 0, 0, 
174, 0, 182, -1, -1, 109, 134, 149.0, 7, , 28, 0, 0, 0, , 0, 0, 0, 0, 0, 
175, 0, 183, -1, -1, 90, 51, 154.0, 7, , 30, 0, 0, 0, , 0, 0, 0, 0, 0, 
176, 0, 184, -1, -1, 96, 55, 154.0, 9, , 47, 0, 0, 0, , 0, 0, 0, 0, 0, 
177, 0, 185, -1, -1, 307, 85, 173.0, 7, , 23, 0, 0, 0, , 0, 0, 0, 0, 0, 
178, 0, 186, -1, -1, 138, 44, 175.0, 7, , 31, 0, 0, 0, , 0, 0, 0, 0, 0, 
179, 0, 187, -1, -1, 155, 49, 186.0, 9, , 26, 0, 0, 0, , 0, 0, 0, 0, 0, 
180, 0, 188, -1, -1, 126, 124, 198.0, 9, , 57, 0, 0, 0, , 0, 0, 0, 0, 0, 
181, 0, 189, -1, -1, 152, 162, 143.0, 8, , 7, 0, 0, 0, , 0, 0, 0, 0, 0, 
182, 0, 190, -1, -1, 122, 74, 192.0, 9, , 52, 0, 0, 0, , 0, 0, 0, 0, 0, 
183, 0, 191, -1, -1, 136, 135, 202.0, 9, , 62, 0, 0, 0, , 0, 0, 0, 0, 0, 
184, 0, 193, -1, -1, 139, 115, 203.0, 7, , 39, 0, 0, 0, , 0, 0, 0, 0, 0, 
185, 0, 194, -1, -1, 105, 40, 116.0, 7, , 26, 0, 0, 0, , 0, 0, 0, 0, 0, 
186, 0, 195, -1, -1, 305, 155, 135.0, 7, , 34, 0, 0, 0, , 0, 0, 0, 0, 0, 
187, 0, 196, -1, -1, 80, 113, 146.0, 8, , 27, 0, 0, 0, , 0, 0, 0, 0, 0, 
188, 0, 197, -1, -1, 195, 176, 148.0, 7, , 26, 0, 0, 0, , 0, 0, 0, 0, 0, 
189, 0, 198, -1, -1, 315, 70, 158.0, 11, , 62, 0, 0, 0, , 0, 0, 0, 0, 0, 
190, 0, 199, -1, -1, 310, 68, 152.0, 8, , 42, 0, 0, 0, , 0, 0, 0, 0, 0, 
191, 0, 200, -1, -1, 98, 101, 160.0, 8, , 25, 0, 0, 0, , 0, 0, 0, 0, 0, 
192, 0, 201, -1, -1, 283, 66, 185.0, 11, , 28, 0, 0, 0, , 0, 0, 0, 0, 0, 
193, 0, 202, -1, -1, 149, 166, 172.0, 9, , 45, 0, 0, 0, , 0, 0, 0, 0, 0, 
194, 0, 203, -1, -1, 261, 69, 188.0, 8, , 14, 0, 0, 0, , 0, 0, 0, 0, 0, 
195, 0, 204, -1, -1, 109, 117, 189.0, 8, , 17, 0, 0, 0, , 0, 0, 0, 0, 0, 
196, 0, 205, -1, -1, 155, 85, 196.0, 7, , 28, 0, 0, 0, , 0, 0, 0, 0, 0, 
197, 0, 206, -1, -1, 196, 114, 208.0, 8, , 31, 0, 0, 0, , 0, 0, 0, 0, 0, 
198, 0, 207, -1, -1, 214, 137, 201.0, 8, , 13, 0, 0, 0, , 0, 0, 0, 0, 0, 
199, 0, 208, -1, -1, 209, 43, 138.0, 9, , 64, 0, 0, 0, , 0, 0, 0, 0, 0, 
200, 0, 209, -1, -1, 275, 149, 165.0, 8, , 15, 0, 0, 0, , 0, 0, 0, 0, 0, 
201, 0, 210, -1, -1, 288, 84, 181.0, 8, , 31, 0, 0, 0, , 0, 0, 0, 0, 0, 
202, 0, 211, -1, -1, 106, 68, 147.0, 9, , 28, 0, 0, 0, , 0, 0, 0, 0, 0, 
203, 0, 212, -1, -1, 178, 44, 165.0, 8, , 24, 0, 0, 0, , 0, 0, 0, 0, 0, 
204, 0, 213, -1, -1, 119, 73, 183.0, 9, , 33, 0, 0, 0, , 0, 0, 0, 0, 0, 
205, 0, 214, -1, -1, 201, 80, 197.0, 11, , 63, 0, 0, 0, , 0, 0, 0, 0, 0, 
206, 0, 215, -1, -1, 95, 60, 90.0, 9, , 20, 0, 0, 0, , 0, 0, 0, 0, 0, 
207, 0, 216, -1, -1, 101, 41, 119.0, 7, , 32, 0, 0, 0, , 0, 0, 0, 0, 0, 
208, 0, 217, -1, -1, 132, 120, 127.0, 11, , 10, 0, 0, 0, , 0, 0, 0, 0, 0, 
209, 0, 218, -1, -1, 160, 92, 139.0, 7, , 24, 0, 0, 0, , 0, 0, 0, 0, 0, 
210, 0, 219, -1, -1, 101, 162, 133.0, 8, , 18, 0, 0, 0, , 0, 0, 0, 0, 0, 
211, 0, 220, -1, -1, 158, 94, 142.0, 13, , 62, 0, 0, 0, , 0, 0, 0, 0, 0, 
212, 0, 222, -1, -1, 82, 114, 150.0, 7, , 35, 0, 0, 0, , 0, 0, 0, 0, 0, 
213, 0, 223, -1, -1, 80, 107, 143.0, 8, , 26, 0, 0, 0, , 0, 0, 0, 0, 0, 
214, 0, 224, -1, -1, 300, 58, 157.0, 9, , 37, 0, 0, 0, , 0, 0, 0, 0, 0, 
215, 0, 225, -1, -1, 140, 86, 182.0, 9, , 32, 0, 0, 0, , 0, 0, 0, 0, 0, 
216, 0, 226, -1, -1, 122, 140, 184.0, 7, , 17, 0, 0, 0, , 0, 0, 0, 0, 0, 
217, 0, 227, -1, -1, 289, 127, 183.0, 9, , 83, 0, 0, 0, , 0, 0, 0, 0, 0, 
218, 0, 228, -1, -1, 156, 48, 187.0, 9, , 65, 0, 0, 0, , 0, 0, 0, 0, 0, 
219, 0, 229, -1, -1, 261, 65, 189.0, 8, , 12, 0, 0, 0, , 0, 0, 0, 0, 0, 
220, 0, 230, -1, -1, 288, 88, 188.0, 9, , 46, 0, 0, 0, , 0, 0, 0, 0, 0, 
221, 0, 231, -1, -1, 103, 103, 193.0, 8, , 28, 0, 0, 0, , 0, 0, 0, 0, 0, 
222, 0, 232, -1, -1, 263, 127, 192.0, 8, , 13, 0, 0, 0, , 0, 0, 0, 0, 0, 
223, 0, 233, -1, -1, 137, 114, 201.0, 9, , 48, 0, 0, 0, , 0, 0, 0, 0, 0, 
224, 0, 234, -1, -1, 158, 63, 202.0, 9, , 37, 0, 0, 0, , 0, 0, 0, 0, 0, 
225, 0, 235, -1, -1, 159, 114, 201.0, 8, , 25, 0, 0, 0, , 0, 0, 0, 0, 0, 
226, 0, 236, -1, -1, 141, 130, 204.0, 8, , 48, 0, 0, 0, , 0, 0, 0, 0, 0, 
227, 0, 237, -1, -1, 122, 140, 190.0, 8, , 74, 0, 0, 0, , 0, 0, 0, 0, 0, 
228, 0, 238, -1, -1, 291, 84, 182.0, 7, , 32, 0, 0, 0, , 0, 0, 0, 0, 0, 
229, 0, 239, -1, -1, 136, 100, 190.0, 7, , 35, 0, 0, 0, , 0, 0, 0, 0, 0, 
230, 0, 240, -1, -1, 159, 134, 196.0, 11, , 46, 0, 0, 0, , 0, 0, 0, 0, 0, 
231, 0, 241, -1, -1, 115, 91, 204.0, 9, , 55, 0, 0, 0, , 0, 0, 0, 0, 0, 
232, 0, 242, -1, -1, 136, 115, 208.0, 9, , 62, 0, 0, 0, , 0, 0, 0, 0, 0, 
233, 0, 243, -1, -1, 160, 96, 144.0, 9, , 33, 0, 0, 0, , 0, 0, 0, 0, 0, 
234, 0, 244, -1, -1, 143, 81, 173.0, 9, , 36, 0, 0, 0, , 0, 0, 0, 0, 0, 
235, 0, 246, -1, -1, 222, 47, 149.0, 9, , 120, 0, 0, 0, , 0, 0, 0, 0, 0, 
236, 0, 247, -1, -1, 104, 123, 189.0, 8, , 21, 0, 0, 0, , 0, 0, 0, 0, 0, 
237, 0, 248, -1, -1, 69, 93, 99.0, 7, , 3, 0, 0, 0, , 0, 0, 0, 0, 0, 
238, 0, 249, -1, -1, 175, 178, 124.0, 9, , 41, 0, 0, 0, , 0, 0, 0, 0, 0, 
239, 0, 250, -1, -1, 103, 40, 128.0, 9, , 73, 0, 0, 0, , 0, 0, 0, 0, 0, 
240, 0, 251, -1, -1, 60, 143, 118.0, 7, , 47, 0, 0, 0, , 0, 0, 0, 0, 0, 
241, 0, 252, -1, -1, 65, 146, 117.0, 11, , 83, 0, 0, 0, , 0, 0, 0, 0, 0, 
242, 0, 253, -1, -1, 56, 92, 139.0, 7, , 4, 0, 0, 0, , 0, 0, 0, 0, 0, 
243, 0, 254, -1, -1, 74, 128, 143.0, 11, , 56, 0, 0, 0, , 0, 0, 0, 0, 0, 
244, 0, 255, -1, -1, 317, 69, 153.0, 8, , 21, 0, 0, 0, , 0, 0, 0, 0, 0, 
245, 0, 256, -1, -1, 278, 148, 166.0, 11, , 72, 0, 0, 0, , 0, 0, 0, 0, 0, 
246, 0, 257, -1, -1, 133, 143, 165.0, 8, , 10, 0, 0, 0, , 0, 0, 0, 0, 0, 
247, 0, 258, -1, -1, 194, 149, 175.0, 9, , 17, 0, 0, 0, , 0, 0, 0, 0, 0, 
248, 0, 259, -1, -1, 135, 118, 176.0, 9, , 74, 0, 0, 0, , 0, 0, 0, 0, 0, 
249, 0, 260, -1, -1, 250, 66, 185.0, 8, , 16, 0, 0, 0, , 0, 0, 0, 0, 0, 
250, 0, 261, -1, -1, 169, 97, 198.0, 11, , 60, 0, 0, 0, , 0, 0, 0, 0, 0, 
251, 0, 262, -1, -1, 161, 136, 205.0, 9, , 13, 0, 0, 0, , 0, 0, 0, 0, 0, 
252, 0, 263, -1, -1, 120, 95, 209.0, 9, , 55, 0, 0, 0, , 0, 0, 0, 0, 0, 
253, 0, 264, -1, -1, 164, 38, 142.0, 9, , 23, 0, 0, 0, , 0, 0, 0, 0, 0, 
254, 0, 265, -1, -1, 263, 48, 165.0, 9, , 25, 0, 0, 0, , 0, 0, 0, 0, 0, 
255, 0, 266, -1, -1, 287, 125, 190.0, 7, , 66, 0, 0, 0, , 0, 0, 0, 0, 0, 
256, 0, 268, -1, -1, 220, 76, 207.0, 9, , 72, 0, 0, 0, , 0, 0, 0, 0, 0, 
257, 0, 269, -1, -1, 178, 44, 161.0, 7, , 27, 0, 0, 0, , 0, 0, 0, 0, 0, 
258, 0, 270, -1, -1, 94, 95, 62.0, 7, , 26, 0, 0, 0, , 0, 0, 0, 0, 0, 
259, 0, 271, -1, -1, 160, 162, 121.0, 8, , 17, 0, 0, 0, , 0, 0, 0, 0, 0, 
260, 0, 272, -1, -1, 280, 165, 124.0, 8, , 4, 0, 0, 0, , 0, 0, 0, 0, 0, 
261, 0, 273, -1, -1, 159, 181, 124.0, 9, , 85, 0, 0, 0, , 0, 0, 0, 0, 0, 
262, 0, 275, -1, -1, 145, 33, 133.0, 11, , 68, 0, 0, 0, , 0, 0, 0, 0, 0, 
263, 0, 276, -1, -1, 163, 27, 137.0, 8, , 19, 0, 0, 0, , 0, 0, 0, 0, 0, 
264, 0, 277, -1, -1, 275, 50, 145.0, 11, , 52, 0, 0, 0, , 0, 0, 0, 0, 0, 
265, 0, 278, -1, -1, 137, 142, 169.0, 8, , 26, 0, 0, 0, , 0, 0, 0, 0, 0, 
266, 0, 279, -1, -1, 136, 146, 161.0, 9, , 47, 0, 0, 0, , 0, 0, 0, 0, 0, 
267, 0, 280, -1, -1, 238, 54, 168.0, 9, , 26, 0, 0, 0, , 0, 0, 0, 0, 0, 
268, 0, 281, -1, -1, 77, 129, 175.0, 8, , 29, 0, 0, 0, , 0, 0, 0, 0, 0, 
269, 0, 283, -1, -1, 192, 59, 192.0, 11, , 57, 0, 0, 0, , 0, 0, 0, 0, 0, 
270, 0, 285, -1, -1, 185, 102, 191.0, 9, , 53, 0, 0, 0, , 0, 0, 0, 0, 0, 
271, 0, 286, -1, -1, 136, 90, 199.0, 7, , 28, 0, 0, 0, , 0, 0, 0, 0, 0, 
272, 0, 287, -1, -1, 167, 95, 201.0, 7, , 15, 0, 0, 0, , 0, 0, 0, 0, 0, 
273, 0, 288, -1, -1, 235, 94, 207.0, 7, , 17, 0, 0, 0, , 0, 0, 0, 0, 0, 
274, 0, 289, -1, -1, 81, 128, 148.0, 11, , 87, 0, 0, 0, , 0, 0, 0, 0, 0, 
275, 0, 290, -1, -1, 116, 153, 183.0, 11, , 94, 0, 0, 0, , 0, 0, 0, 0, 0, 
276, 0, 291, -1, -1, 236, 93, 203.0, 7, , 6, 0, 0, 0, , 0, 0, 0, 0, 0, 
277, 0, 292, -1, -1, 141, 32, 107.0, 7, , 21, 0, 0, 0, , 0, 0, 0, 0, 0, 
278, 0, 293, -1, -1, 222, 70, 205.0, 7, , 11, 0, 0, 0, , 0, 0, 0, 0, 0, 
279, 0, 294, -1, -1, 260, 83, 201.0, 7, , 22, 0, 0, 0, , 0, 0, 0, 0, 0, 
280, 0, 295, -1, -1, 215, 177, 155.0, 8, , 21, 0, 0, 0, , 0, 0, 0, 0, 0, 
281, 0, 296, -1, -1, 221, 122, 208.0, 7, , 8, 0, 0, 0, , 0, 0, 0, 0, 0, 
282, 0, 297, -1, -1, 64, 145, 109.0, 8, , 32, 0, 0, 0, , 0, 0, 0, 0, 0, 
283, 0, 298, -1, -1, 158, 161, 124.0, 9, , 16, 0, 0, 0, , 0, 0, 0, 0, 0, 
284, 0, 299, -1, -1, 82, 75, 154.0, 7, , 11, 0, 0, 0, , 0, 0, 0, 0, 0, 
285, 0, 300, -1, -1, 114, 42, 153.0, 9, , 92, 0, 0, 0, , 0, 0, 0, 0, 0, 
286, 0, 301, -1, -1, 74, 82, 161.0, 9, , 39, 0, 0, 0, , 0, 0, 0, 0, 0, 
287, 0, 302, -1, -1, 161, 49, 181.0, 9, , 59, 0, 0, 0, , 0, 0, 0, 0, 0, 
288, 0, 303, -1, -1, 151, 122, 189.0, 9, , 67, 0, 0, 0, , 0, 0, 0, 0, 0, 
289, 0, 304, -1, -1, 158, 65, 194.0, 9, , 37, 0, 0, 0, , 0, 0, 0, 0, 0, 
290, 0, 305, -1, -1, 50, 109, 89.0, 9, , 124, 0, 0, 0, , 0, 0, 0, 0, 0, 
291, 0, 306, -1, -1, 107, 160, 98.0, 7, , 17, 0, 0, 0, , 0, 0, 0, 0, 0, 
292, 0, 307, -1, -1, 144, 168, 104.0, 8, , 12, 0, 0, 0, , 0, 0, 0, 0, 0, 
293, 0, 308, -1, -1, 135, 178, 115.0, 9, , 55, 0, 0, 0, , 0, 0, 0, 0, 0, 
294, 0, 309, -1, -1, 212, 179, 123.0, 9, , 25, 0, 0, 0, , 0, 0, 0, 0, 0, 
295, 0, 310, -1, -1, 186, 47, 137.0, 9, , 20, 0, 0, 0, , 0, 0, 0, 0, 0, 
296, 0, 311, -1, -1, 55, 94, 141.0, 9, , 30, 0, 0, 0, , 0, 0, 0, 0, 0, 
297, 0, 312, -1, -1, 117, 133, 145.0, 9, , 26, 0, 0, 0, , 0, 0, 0, 0, 0, 
298, 0, 313, -1, -1, 221, 45, 150.0, 13, , 28, 0, 0, 0, , 0, 0, 0, 0, 0, 
299, 0, 314, -1, -1, 83, 107, 152.0, 8, , 51, 0, 0, 0, , 0, 0, 0, 0, 0, 
300, 0, 315, -1, -1, 99, 118, 154.0, 9, , 31, 0, 0, 0, , 0, 0, 0, 0, 0, 
301, 0, 316, -1, -1, 112, 39, 155.0, 7, , 25, 0, 0, 0, , 0, 0, 0, 0, 0, 
302, 0, 317, -1, -1, 270, 51, 156.0, 8, , 5, 0, 0, 0, , 0, 0, 0, 0, 0, 
303, 0, 318, -1, -1, 128, 74, 165.0, 9, , 11, 0, 0, 0, , 0, 0, 0, 0, 0, 
304, 0, -1, -1, -1, 277, 68, 175.0, 8, , 14, 0, 0, 0, , 0, 0, 0, 0, 0, 
305, 0, -1, -1, -1, 283, 62, 173.0, 8, , 25, 0, 0, 0, , 0, 0, 0, 0, 0, 
306, 0, 320, -1, -1, 76, 125, 179.0, 9, , 38, 0, 0, 0, , 0, 0, 0, 0, 0, 
307, 0, 321, -1, -1, 122, 74, 184.0, 9, , 56, 0, 0, 0, , 0, 0, 0, 0, 0, 
308, 0, 322, -1, -1, 143, 62, 184.0, 9, , 61, 0, 0, 0, , 0, 0, 0, 0, 0, 
309, 0, 325, -1, -1, 195, 60, 194.0, 7, , 42, 0, 0, 0, , 0, 0, 0, 0, 0, 
310, 0, 326, -1, -1, 187, 60, 196.0, 11, , 93, 0, 0, 0, , 0, 0, 0, 0, 0, 
311, 0, 327, -1, -1, 85, 103, 197.0, 11, , 95, 0, 0, 0, , 0, 0, 0, 0, 0, 
312, 0, 328, -1, -1, 121, 130, 202.0, 8, , 19, 0, 0, 0, , 0, 0, 0, 0, 0, 
313, 0, 329, -1, -1, 140, 136, 199.0, 9, , 42, 0, 0, 0, , 0, 0, 0, 0, 0, 
314, 0, 330, -1, -1, 217, 138, 198.0, 9, , 13, 0, 0, 0, , 0, 0, 0, 0, 0, 
315, 0, 331, -1, -1, 138, 113, 198.0, 9, , 24, 0, 0, 0, , 0, 0, 0, 0, 0, 
316, 0, 332, -1, -1, 154, 82, 202.0, 11, , 84, 0, 0, 0, , 0, 0, 0, 0, 0, 
317, 0, 333, -1, -1, 195, 91, 204.0, 8, , 105, 0, 0, 0, , 0, 0, 0, 0, 0, 
318, 0, 334, -1, -1, 219, 91, 203.0, 11, , 130, 0, 0, 0, , 0, 0, 0, 0, 0, 
319, 0, 335, -1, -1, 101, 41, 121.0, 7, , 37, 0, 0, 0, , 0, 0, 0, 0, 0, 
320, 0, 337, -1, -1, 191, 179, 147.0, 9, , 31, 0, 0, 0, , 0, 0, 0, 0, 0, 
321, 0, 338, -1, -1, 196, 176, 145.0, 9, , 24, 0, 0, 0, , 0, 0, 0, 0, 0, 
322, 0, 339, -1, -1, 85, 107, 154.0, 9, , 101, 0, 0, 0, , 0, 0, 0, 0, 0, 
323, 0, 340, -1, -1, 111, 43, 148.0, 13, , 50, 0, 0, 0, , 0, 0, 0, 0, 0, 
324, 0, 341, -1, -1, 74, 102, 175.0, 9, , 25, 0, 0, 0, , 0, 0, 0, 0, 0, 
325, 0, 342, -1, -1, 133, 71, 194.0, 9, , 24, 0, 0, 0, , 0, 0, 0, 0, 0, 
326, 0, 343, -1, -1, 198, 75, 199.0, 7, , 20, 0, 0, 0, , 0, 0, 0, 0, 0, 
327, 0, 344, -1, -1, 158, 134, 202.0, 8, , 19, 0, 0, 0, , 0, 0, 0, 0, 0, 
328, 0, 345, -1, -1, 200, 95, 207.0, 9, , 55, 0, 0, 0, , 0, 0, 0, 0, 0, 
329, 0, 346, -1, -1, 230, 108, 211.0, 9, , 56, 0, 0, 0, , 0, 0, 0, 0, 0, 
330, 0, 347, -1, -1, 113, 111, 185.0, 7, , 18, 0, 0, 0, , 0, 0, 0, 0, 0, 
331, 0, 348, -1, -1, 253, 79, 198.0, 8, , 18, 0, 0, 0, , 0, 0, 0, 0, 0, 
332, 0, 349, -1, -1, 224, 44, 154.0, 7, , 34, 0, 0, 0, , 0, 0, 0, 0, 0, 
333, 0, 350, -1, -1, 138, 33, 141.0, 9, , 63, 0, 0, 0, , 0, 0, 0, 0, 0, 
334, 0, 351, -1, -1, 86, 144, 85.0, 9, , 52, 0, 0, 0, , 0, 0, 0, 0, 0, 
335, 0, 352, -1, -1, 143, 171, 109.0, 9, , 18, 0, 0, 0, , 0, 0, 0, 0, 0, 
336, 0, 353, -1, -1, 104, 162, 128.0, 7, , 30, 0, 0, 0, , 0, 0, 0, 0, 0, 
337, 0, 354, -1, -1, 209, 180, 129.0, 7, , 22, 0, 0, 0, , 0, 0, 0, 0, 0, 
338, 0, 355, -1, -1, 157, 181, 129.0, 11, , 97, 0, 0, 0, , 0, 0, 0, 0, 0, 
339, 0, 356, -1, -1, 54, 133, 144.0, 9, , 23, 0, 0, 0, , 0, 0, 0, 0, 0, 
340, 0, 357, -1, -1, 120, 56, 144.0, 9, , 26, 0, 0, 0, , 0, 0, 0, 0, 0, 
341, 0, 358, -1, -1, 99, 103, 162.0, 9, , 38, 0, 0, 0, , 0, 0, 0, 0, 0, 
342, 0, 359, -1, -1, 243, 49, 164.0, 11, , 60, 0, 0, 0, , 0, 0, 0, 0, 0, 
343, 0, 360, -1, -1, 109, 47, 164.0, 7, , 23, 0, 0, 0, , 0, 0, 0, 0, 0, 
344, 0, 361, -1, -1, 237, 53, 170.0, 9, , 30, 0, 0, 0, , 0, 0, 0, 0, 0, 
345, 0, 362, -1, -1, 258, 50, 174.0, 11, , 47, 0, 0, 0, , 0, 0, 0, 0, 0, 
346, 0, 366, -1, -1, 189, 74, 190.0, 7, , 34, 0, 0, 0, , 0, 0, 0, 0, 0, 
347, 0, 367, -1, -1, 135, 69, 203.0, 9, , 48, 0, 0, 0, , 0, 0, 0, 0, 0, 
348, 0, 368, -1, -1, 136, 106, 205.0, 9, , 60, 0, 0, 0, , 0, 0, 0, 0, 0, 
349, 0, 369, -1, -1, 171, 84, 200.0, 8, , 21, 0, 0, 0, , 0, 0, 0, 0, 0, 
350, 0, 370, -1, -1, 198, 114, 205.0, 11, , 68, 0, 0, 0, , 0, 0, 0, 0, 0, 
351, 0, 371, -1, -1, 156, 105, 208.0, 7, , 39, 0, 0, 0, , 0, 0, 0, 0, 0, 
352, 0, 372, -1, -1, 151, 31, 164.0, 11, , 50, 0, 0, 0, , 0, 0, 0, 0, 0, 
353, 0, 373, -1, -1, 263, 48, 163.0, 7, , 19, 0, 0, 0, , 0, 0, 0, 0, 0, 
354, 0, 375, -1, -1, 110, 51, 171.0, 11, , 50, 0, 0, 0, , 0, 0, 0, 0, 0, 
355, 0, 376, -1, -1, 312, 84, 178.0, 11, , 61, 0, 0, 0, , 0, 0, 0, 0, 0, 
356, 0, 377, -1, -1, 189, 73, 187.0, 8, , 51, 0, 0, 0, , 0, 0, 0, 0, 0, 
357, 0, 378, -1, -1, 138, 100, 191.0, 9, , 50, 0, 0, 0, , 0, 0, 0, 0, 0, 
358, 0, 379, -1, -1, 220, 73, 199.0, 11, , 39, 0, 0, 0, , 0, 0, 0, 0, 0, 
359, 0, 380, -1, -1, 126, 125, 202.0, 7, , 35, 0, 0, 0, , 0, 0, 0, 0, 0, 
360, 0, 381, -1, -1, 162, 64, 200.0, 11, , 101, 0, 0, 0, , 0, 0, 0, 0, 0, 
361, 0, 382, -1, -1, 219, 76, 208.0, 11, , 141, 0, 0, 0, , 0, 0, 0, 0, 0, 
362, 0, 383, -1, -1, 217, 92, 211.0, 11, , 85, 0, 0, 0, , 0, 0, 0, 0, 0, 
363, 0, 384, -1, -1, 220, 93, 208.0, 9, , 84, 0, 0, 0, , 0, 0, 0, 0, 0, 
364, 0, 385, -1, -1, 238, 70, 198.0, 9, , 34, 0, 0, 0, , 0, 0, 0, 0, 0, 
365, 0, 386, -1, -1, 231, 77, 196.0, 9, , 48, 0, 0, 0, , 0, 0, 0, 0, 0, 
366, 0, 387, -1, -1, 248, 114, 198.0, 7, , 28, 0, 0, 0, , 0, 0, 0, 0, 0, 
367, 0, 389, -1, -1, 141, 32, 105.0, 9, , 41, 0, 0, 0, , 0, 0, 0, 0, 0, 
368, 0, 390, -1, -1, 96, 170, 110.0, 9, , 10, 0, 0, 0, , 0, 0, 0, 0, 0, 
369, 0, 391, -1, -1, 295, 169, 125.0, 9, , 17, 0, 0, 0, , 0, 0, 0, 0, 0, 
370, 0, 392, -1, -1, 127, 37, 132.0, 11, , 21, 0, 0, 0, , 0, 0, 0, 0, 0, 
371, 0, 395, -1, -1, 89, 56, 151.0, 7, , 21, 0, 0, 0, , 0, 0, 0, 0, 0, 
372, 0, 396, -1, -1, 83, 126, 155.0, 9, , 102, 0, 0, 0, , 0, 0, 0, 0, 0, 
373, 0, 397, -1, -1, 137, 52, 154.0, 9, , 32, 0, 0, 0, , 0, 0, 0, 0, 0, 
374, 0, 398, -1, -1, 296, 58, 154.0, 8, , 40, 0, 0, 0, , 0, 0, 0, 0, 0, 
375, 0, 399, -1, -1, 309, 68, 158.0, 9, , 46, 0, 0, 0, , 0, 0, 0, 0, 0, 
376, 0, 400, -1, -1, 73, 147, 162.0, 9, , 55, 0, 0, 0, , 0, 0, 0, 0, 0, 
377, 0, 401, -1, -1, 201, 170, 167.0, 9, , 52, 0, 0, 0, , 0, 0, 0, 0, 0, 
378, 0, 402, -1, -1, 140, 46, 173.0, 15, , 153, 0, 0, 0, , 0, 0, 0, 0, 0, 
379, 0, 403, -1, -1, 272, 127, 179.0, 7, , 22, 0, 0, 0, , 0, 0, 0, 0, 0, 
380, 0, 404, -1, -1, 93, 145, 189.0, 9, , 35, 0, 0, 0, , 0, 0, 0, 0, 0, 
381, 0, 405, -1, -1, 99, 125, 192.0, 9, , 66, 0, 0, 0, , 0, 0, 0, 0, 0, 
382, 0, 406, -1, -1, 124, 129, 195.0, 7, , 52, 0, 0, 0, , 0, 0, 0, 0, 0, 
383, 0, 407, -1, -1, 221, 69, 201.0, 8, , 27, 0, 0, 0, , 0, 0, 0, 0, 0, 
384, 0, 408, -1, -1, 73, 152, 127.0, 8, , 37, 0, 0, 0, , 0, 0, 0, 0, 0, 
385, 0, 409, -1, -1, 160, 93, 140.0, 9, , 39, 0, 0, 0, , 0, 0, 0, 0, 0, 
386, 0, 411, -1, -1, 286, 84, 185.0, 8, , 15, 0, 0, 0, , 0, 0, 0, 0, 0, 
387, 0, 412, -1, -1, 305, 99, 186.0, 9, , 27, 0, 0, 0, , 0, 0, 0, 0, 0, 
388, 0, 413, -1, -1, 255, 54, 164.0, 9, , 49, 0, 0, 0, , 0, 0, 0, 0, 0, 
389, 0, 414, -1, -1, 79, 154, 149.0, 8, , 27, 0, 0, 0, , 0, 0, 0, 0, 0, 
390, 0, 416, -1, -1, 250, 173, 128.0, 8, , 11, 0, 0, 0, , 0, 0, 0, 0, 0, 
391, 0, 417, -1, -1, 49, 122, 153.0, 7, , 15, 0, 0, 0, , 0, 0, 0, 0, 0, 
392, 0, 418, -1, -1, 216, 90, 207.0, 9, , 40, 0, 0, 0, , 0, 0, 0, 0, 0, 
393, 0, 419, -1, -1, 130, 96, 56.0, 9, , 34, 0, 0, 0, , 0, 0, 0, 0, 0, 
394, 0, 420, -1, -1, 67, 146, 115.0, 9, , 53, 0, 0, 0, , 0, 0, 0, 0, 0, 
395, 0, 421, -1, -1, 136, 174, 121.0, 11, , 49, 0, 0, 0, , 0, 0, 0, 0, 0, 
396, 0, 423, -1, -1, 128, 33, 129.0, 7, , 6, 0, 0, 0, , 0, 0, 0, 0, 0, 
397, 0, 424, -1, -1, 104, 161, 126.0, 8, , 22, 0, 0, 0, , 0, 0, 0, 0, 0, 
398, 0, 425, -1, -1, 67, 109, 128.0, 9, , 26, 0, 0, 0, , 0, 0, 0, 0, 0, 
399, 0, 428, -1, -1, 117, 54, 134.0, 8, , 17, 0, 0, 0, , 0, 0, 0, 0, 0, 
400, 0, 429, -1, -1, 216, 179, 157.0, 9, , 31, 0, 0, 0, , 0, 0, 0, 0, 0, 
401, 0, 431, -1, -1, 182, 43, 164.0, 9, , 19, 0, 0, 0, , 0, 0, 0, 0, 0, 
402, 0, 432, -1, -1, 243, 53, 166.0, 9, , 85, 0, 0, 0, , 0, 0, 0, 0, 0, 
403, 0, 433, -1, -1, 130, 143, 170.0, 9, , 34, 0, 0, 0, , 0, 0, 0, 0, 0, 
404, 0, 434, -1, -1, 102, 61, 174.0, 9, , 51, 0, 0, 0, , 0, 0, 0, 0, 0, 
405, 0, 435, -1, -1, 120, 50, 179.0, 11, , 23, 0, 0, 0, , 0, 0, 0, 0, 0, 
406, 0, 436, -1, -1, 281, 68, 181.0, 8, , 18, 0, 0, 0, , 0, 0, 0, 0, 0, 
407, 0, 437, -1, -1, 115, 155, 179.0, 9, , 87, 0, 0, 0, , 0, 0, 0, 0, 0, 
408, 0, 438, -1, -1, 147, 58, 188.0, 8, , 14, 0, 0, 0, , 0, 0, 0, 0, 0, 
409, 0, 439, -1, -1, 152, 83, 195.0, 13, , 203, 0, 0, 0, , 0, 0, 0, 0, 0, 
410, 0, 440, -1, -1, 159, 61, 193.0, 7, , 25, 0, 0, 0, , 0, 0, 0, 0, 0, 
411, 0, 441, -1, -1, 282, 104, 187.0, 9, , 18, 0, 0, 0, , 0, 0, 0, 0, 0, 
412, 0, 442, -1, -1, 251, 66, 191.0, 9, , 32, 0, 0, 0, , 0, 0, 0, 0, 0, 
413, 0, 443, -1, -1, 187, 103, 195.0, 8, , 30, 0, 0, 0, , 0, 0, 0, 0, 0, 
414, 0, 444, -1, -1, 175, 123, 193.0, 9, , 25, 0, 0, 0, , 0, 0, 0, 0, 0, 
415, 0, 445, -1, -1, 255, 79, 200.0, 7, , 25, 0, 0, 0, , 0, 0, 0, 0, 0, 
416, 0, 446, -1, -1, 107, 104, 203.0, 11, , 48, 0, 0, 0, , 0, 0, 0, 0, 0, 
417, 0, 447, -1, -1, 252, 86, 202.0, 8, , 5, 0, 0, 0, , 0, 0, 0, 0, 0, 
418, 0, 448, -1, -1, 220, 72, 205.0, 11, , 157, 0, 0, 0, , 0, 0, 0, 0, 0, 
419, 0, 449, -1, -1, 94, 53, 150.0, 9, , 26, 0, 0, 0, , 0, 0, 0, 0, 0, 
420, 0, 450, -1, -1, 155, 30, 164.0, 7, , 12, 0, 0, 0, , 0, 0, 0, 0, 0, 
421, 0, 451, -1, -1, 113, 153, 181.0, 9, , 22, 0, 0, 0, , 0, 0, 0, 0, 0, 
422, 0, 452, -1, -1, 124, 140, 187.0, 11, , 61, 0, 0, 0, , 0, 0, 0, 0, 0, 
423, 0, 453, -1, -1, 103, 81, 189.0, 9, , 29, 0, 0, 0, , 0, 0, 0, 0, 0, 
424, 0, 454, -1, -1, 189, 72, 195.0, 7, , 20, 0, 0, 0, , 0, 0, 0, 0, 0, 
425, 0, 455, -1, -1, 167, 80, 202.0, 8, , 24, 0, 0, 0, , 0, 0, 0, 0, 0, 
426, 0, 456, -1, -1, 178, 104, 207.0, 9, , 81, 0, 0, 0, , 0, 0, 0, 0, 0, 
427, 0, 457, -1, -1, 242, 95, 207.0, 9, , 28, 0, 0, 0, , 0, 0, 0, 0, 0, 
428, 0, 458, -1, -1, 93, 148, 182.0, 7, , 19, 0, 0, 0, , 0, 0, 0, 0, 0, 
429, 0, 459, -1, -1, 300, 116, 184.0, 7, , 15, 0, 0, 0, , 0, 0, 0, 0, 0, 
430, 0, 460, -1, -1, 278, 72, 181.0, 7, , 22, 0, 0, 0, , 0, 0, 0, 0, 0, 
431, 0, 461, -1, -1, 149, 165, 107.0, 8, , 4, 0, 0, 0, , 0, 0, 0, 0, 0, 
432, 0, 462, -1, -1, 301, 152, 108.0, 8, , 5, 0, 0, 0, , 0, 0, 0, 0, 0, 
433, 0, 463, -1, -1, 52, 106, 122.0, 9, , 21, 0, 0, 0, , 0, 0, 0, 0, 0, 
434, 0, 464, -1, -1, 90, 59, 130.0, 8, , 15, 0, 0, 0, , 0, 0, 0, 0, 0, 
435, 0, 465, -1, -1, 209, 181, 131.0, 7, , 19, 0, 0, 0, , 0, 0, 0, 0, 0, 
436, 0, 466, -1, -1, 69, 64, 135.0, 7, , 20, 0, 0, 0, , 0, 0, 0, 0, 0, 
437, 0, 467, -1, -1, 93, 58, 137.0, 9, , 8, 0, 0, 0, , 0, 0, 0, 0, 0, 
438, 0, 468, -1, -1, 147, 33, 137.0, 8, , 25, 0, 0, 0, , 0, 0, 0, 0, 0, 
439, 0, 469, -1, -1, 77, 90, 144.0, 9, , 35, 0, 0, 0, , 0, 0, 0, 0, 0, 
440, 0, 470, -1, -1, 194, 179, 143.0, 9, , 35, 0, 0, 0, , 0, 0, 0, 0, 0, 
441, 0, 471, -1, -1, 77, 69, 156.0, 7, , 4, 0, 0, 0, , 0, 0, 0, 0, 0, 
442, 0, 472, -1, -1, 129, 50, 155.0, 8, , 30, 0, 0, 0, , 0, 0, 0, 0, 0, 
443, 0, 473, -1, -1, 292, 96, 159.0, 8, , 15, 0, 0, 0, , 0, 0, 0, 0, 0, 
444, 0, 474, -1, -1, 100, 104, 157.0, 8, , 21, 0, 0, 0, , 0, 0, 0, 0, 0, 
445, 0, 475, -1, -1, 140, 48, 161.0, 8, , 4, 0, 0, 0, , 0, 0, 0, 0, 0, 
446, 0, 476, -1, -1, 129, 78, 165.0, 7, , 18, 0, 0, 0, , 0, 0, 0, 0, 0, 
447, 0, 477, -1, -1, 106, 88, 170.0, 8, , 21, 0, 0, 0, , 0, 0, 0, 0, 0, 
448, 0, 478, -1, -1, 254, 52, 169.0, 8, , 14, 0, 0, 0, , 0, 0, 0, 0, 0, 
449, 0, 479, -1, -1, 123, 53, 171.0, 8, , 10, 0, 0, 0, , 0, 0, 0, 0, 0, 
450, 0, 481, -1, -1, 190, 150, 187.0, 7, , 44, 0, 0, 0, , 0, 0, 0, 0, 0, 
451, 0, 482, -1, -1, 230, 54, 184.0, 8, , 15, 0, 0, 0, , 0, 0, 0, 0, 0, 
452, 0, 483, -1, -1, 304, 96, 194.0, 9, , 50, 0, 0, 0, , 0, 0, 0, 0, 0, 
453, 0, 484, -1, -1, 201, 133, 193.0, 9, , 37, 0, 0, 0, , 0, 0, 0, 0, 0, 
454, 0, 485, -1, -1, 229, 155, 192.0, 8, , 16, 0, 0, 0, , 0, 0, 0, 0, 0, 
455, 0, 487, -1, -1, 257, 93, 196.0, 7, , 27, 0, 0, 0, , 0, 0, 0, 0, 0, 
456, 0, 488, -1, -1, 145, 58, 196.0, 9, , 22, 0, 0, 0, , 0, 0, 0, 0, 0, 
457, 0, 489, -1, -1, 198, 133, 198.0, 11, , 39, 0, 0, 0, , 0, 0, 0, 0, 0, 
458, 0, 492, -1, -1, 213, 119, 211.0, 11, , 67, 0, 0, 0, , 0, 0, 0, 0, 0, 
459, 0, 493, -1, -1, 101, 172, 116.0, 7, , 19, 0, 0, 0, , 0, 0, 0, 0, 0, 
460, 0, 494, -1, -1, 98, 173, 114.0, 9, , 49, 0, 0, 0, , 0, 0, 0, 0, 0, 
461, 0, 495, -1, -1, 71, 155, 122.0, 9, , 30, 0, 0, 0, , 0, 0, 0, 0, 0, 
462, 0, 496, -1, -1, 97, 167, 129.0, 9, , 21, 0, 0, 0, , 0, 0, 0, 0, 0, 
463, 0, 497, -1, -1, 83, 105, 146.0, 8, , 25, 0, 0, 0, , 0, 0, 0, 0, 0, 
464, 0, 498, -1, -1, 220, 179, 151.0, 9, , 32, 0, 0, 0, , 0, 0, 0, 0, 0, 
465, 0, 499, -1, -1, 92, 51, 158.0, 8, , 28, 0, 0, 0, , 0, 0, 0, 0, 0, 
466, 0, 500, -1, -1, 300, 63, 164.0, 9, , 38, 0, 0, 0, , 0, 0, 0, 0, 0, 
467, 0, 501, -1, -1, 98, 62, 180.0, 8, , 19, 0, 0, 0, , 0, 0, 0, 0, 0, 
468, 0, 502, -1, -1, 288, 128, 188.0, 11, , 133, 0, 0, 0, , 0, 0, 0, 0, 0, 
469, 0, 503, -1, -1, 290, 90, 188.0, 8, , 9, 0, 0, 0, , 0, 0, 0, 0, 0, 
470, 0, 504, -1, -1, 60, 143, 114.0, 7, , 28, 0, 0, 0, , 0, 0, 0, 0, 0, 
471, 0, 505, -1, -1, 281, 54, 154.0, 8, , 24, 0, 0, 0, , 0, 0, 0, 0, 0, 
472, 0, 506, -1, -1, 300, 118, 175.0, 9, , 22, 0, 0, 0, , 0, 0, 0, 0, 0, 
473, 0, 508, -1, -1, 123, 116, 126.0, 8, , 12, 0, 0, 0, , 0, 0, 0, 0, 0, 
474, 0, 510, -1, -1, 58, 131, 137.0, 7, , 15, 0, 0, 0, , 0, 0, 0, 0, 0, 
475, 0, 511, -1, -1, 128, 165, 138.0, 7, , 8, 0, 0, 0, , 0, 0, 0, 0, 0, 
476, 0, 513, -1, -1, 218, 43, 151.0, 7, , 6, 0, 0, 0, , 0, 0, 0, 0, 0, 
477, 0, 514, -1, -1, 67, 132, 151.0, 9, , 7, 0, 0, 0, , 0, 0, 0, 0, 0, 
478, 0, 516, -1, -1, 83, 75, 155.0, 8, , 18, 0, 0, 0, , 0, 0, 0, 0, 0, 
479, 0, 517, -1, -1, 220, 47, 155.0, 11, , 8, 0, 0, 0, , 0, 0, 0, 0, 0, 
480, 0, 520, -1, -1, 75, 148, 168.0, 8, , 23, 0, 0, 0, , 0, 0, 0, 0, 0, 
481, 0, 521, -1, -1, 64, 115, 170.0, 7, , 13, 0, 0, 0, , 0, 0, 0, 0, 0, 
482, 0, 522, -1, -1, 139, 49, 171.0, 9, , 53, 0, 0, 0, , 0, 0, 0, 0, 0, 
483, 0, 523, -1, -1, 65, 122, 171.0, 7, , 13, 0, 0, 0, , 0, 0, 0, 0, 0, 
484, 0, 524, -1, -1, 72, 86, 179.0, 8, , 20, 0, 0, 0, , 0, 0, 0, 0, 0, 
485, 0, 525, -1, -1, 305, 92, 184.0, 7, , 28, 0, 0, 0, , 0, 0, 0, 0, 0, 
486, 0, 526, -1, -1, 161, 95, 191.0, 8, , 30, 0, 0, 0, , 0, 0, 0, 0, 0, 
487, 0, 527, -1, -1, 90, 102, 192.0, 9, , 49, 0, 0, 0, , 0, 0, 0, 0, 0, 
488, 0, 528, -1, -1, 111, 154, 187.0, 9, , 20, 0, 0, 0, , 0, 0, 0, 0, 0, 
489, 0, 529, -1, -1, 271, 73, 192.0, 8, , 30, 0, 0, 0, , 0, 0, 0, 0, 0, 
490, 0, 530, -1, -1, 149, 82, 201.0, 9, , 50, 0, 0, 0, , 0, 0, 0, 0, 0, 
491, 0, 531, -1, -1, 84, 145, 82.0, 8, , 14, 0, 0, 0, , 0, 0, 0, 0, 0, 
492, 0, 533, -1, -1, 176, 178, 131.0, 7, , 37, 0, 0, 0, , 0, 0, 0, 0, 0, 
493, 0, 534, -1, -1, 56, 133, 134.0, 11, , 34, 0, 0, 0, , 0, 0, 0, 0, 0, 
494, 0, 536, -1, -1, 136, 43, 172.0, 8, , 38, 0, 0, 0, , 0, 0, 0, 0, 0, 
495, 0, 537, -1, -1, 271, 80, 191.0, 8, , 7, 0, 0, 0, , 0, 0, 0, 0, 0, 
496, 0, 539, -1, -1, 153, 97, 207.0, 9, , 46, 0, 0, 0, , 0, 0, 0, 0, 0, 
497, 0, 541, -1, -1, 121, 69, 80.0, 8, , 28, 0, 0, 0, , 0, 0, 0, 0, 0, 
498, 0, 542, -1, -1, 229, 177, 122.0, 9, , 21, 0, 0, 0, , 0, 0, 0, 0, 0, 
499, 0, 543, -1, -1, 160, 165, 141.0, 9, , 13, 0, 0, 0, , 0, 0, 0, 0, 0, 
500, 0, 545, -1, -1, 98, 85, 187.0, 7, , 37, 0, 0, 0, , 0, 0, 0, 0, 0, 
501, 0, 546, -1, -1, 130, 88, 196.0, 7, , 34, 0, 0, 0, , 0, 0, 0, 0, 0, 
502, 0, 547, -1, -1, 122, 162, 98.0, 9, , 9, 0, 0, 0, , 0, 0, 0, 0, 0, 
503, 0, 548, -1, -1, 62, 121, 114.0, 9, , 14, 0, 0, 0, , 0, 0, 0, 0, 0, 
504, 0, 549, -1, -1, 70, 127, 150.0, 8, , 51, 0, 0, 0, , 0, 0, 0, 0, 0, 
505, 0, 551, -1, -1, 307, 116, 181.0, 7, , 16, 0, 0, 0, , 0, 0, 0, 0, 0, 
506, 0, 553, -1, -1, 204, 144, 69.0, 9, , 24, 0, 0, 0, , 0, 0, 0, 0, 0, 
507, 0, 554, -1, -1, 87, 80, 71.0, 7, , 4, 0, 0, 0, , 0, 0, 0, 0, 0, 
508, 0, 555, -1, -1, 86, 144, 74.0, 7, , 24, 0, 0, 0, , 0, 0, 0, 0, 0, 
509, 0, 556, -1, -1, 204, 141, 72.0, 8, , 24, 0, 0, 0, , 0, 0, 0, 0, 0, 
510, 0, 557, -1, -1, 128, 89, 74.0, 9, , 25, 0, 0, 0, , 0, 0, 0, 0, 0, 
511, 0, 558, -1, -1, 120, 73, 73.0, 7, , 15, 0, 0, 0, , 0, 0, 0, 0, 0, 
512, 0, 560, -1, -1, 80, 147, 98.0, 11, , 60, 0, 0, 0, , 0, 0, 0, 0, 0, 
513, 0, 561, -1, -1, 78, 150, 98.0, 8, , 25, 0, 0, 0, , 0, 0, 0, 0, 0, 
514, 0, 562, -1, -1, 152, 166, 103.0, 7, , 28, 0, 0, 0, , 0, 0, 0, 0, 0, 
515, 0, 563, -1, -1, 300, 153, 116.0, 7, , 5, 0, 0, 0, , 0, 0, 0, 0, 0, 
516, 0, 564, -1, -1, 164, 88, 118.0, 7, , 11, 0, 0, 0, , 0, 0, 0, 0, 0, 
517, 0, 567, -1, -1, 158, 183, 123.0, 9, , 23, 0, 0, 0, , 0, 0, 0, 0, 0, 
518, 0, 568, -1, -1, 58, 126, 127.0, 8, , 24, 0, 0, 0, , 0, 0, 0, 0, 0, 
519, 0, 569, -1, -1, 124, 38, 125.0, 8, , 25, 0, 0, 0, , 0, 0, 0, 0, 0, 
520, 0, 570, -1, -1, 284, 107, 121.0, 9, , 23, 0, 0, 0, , 0, 0, 0, 0, 0, 
521, 0, 573, -1, -1, 273, 92, 136.0, 11, , 27, 0, 0, 0, , 0, 0, 0, 0, 0, 
522, 0, 574, -1, -1, 75, 62, 140.0, 7, , 9, 0, 0, 0, , 0, 0, 0, 0, 0, 
523, 0, 575, -1, -1, 159, 94, 148.0, 11, , 47, 0, 0, 0, , 0, 0, 0, 0, 0, 
524, 0, 576, -1, -1, 72, 90, 155.0, 9, , 25, 0, 0, 0, , 0, 0, 0, 0, 0, 
525, 0, 580, -1, -1, 53, 118, 156.0, 9, , 24, 0, 0, 0, , 0, 0, 0, 0, 0, 
526, 0, 581, -1, -1, 147, 32, 157.0, 8, , 17, 0, 0, 0, , 0, 0, 0, 0, 0, 
527, 0, 582, -1, -1, 64, 136, 155.0, 7, , 16, 0, 0, 0, , 0, 0, 0, 0, 0, 
528, 0, 583, -1, -1, 48, 118, 157.0, 9, , 28, 0, 0, 0, , 0, 0, 0, 0, 0, 
529, 0, 584, -1, -1, 301, 58, 160.0, 8, , 28, 0, 0, 0, , 0, 0, 0, 0, 0, 
530, 0, 585, -1, -1, 111, 47, 162.0, 7, , 21, 0, 0, 0, , 0, 0, 0, 0, 0, 
531, 0, 587, -1, -1, 106, 79, 168.0, 9, , 20, 0, 0, 0, , 0, 0, 0, 0, 0, 
532, 0, 588, -1, -1, 199, 146, 167.0, 9, , 39, 0, 0, 0, , 0, 0, 0, 0, 0, 
533, 0, 589, -1, -1, 112, 55, 168.0, 9, , 45, 0, 0, 0, , 0, 0, 0, 0, 0, 
534, 0, 590, -1, -1, 130, 73, 169.0, 8, , 19, 0, 0, 0, , 0, 0, 0, 0, 0, 
535, 0, 591, -1, -1, 274, 131, 173.0, 11, , 38, 0, 0, 0, , 0, 0, 0, 0, 0, 
536, 0, 592, -1, -1, 87, 75, 180.0, 9, , 22, 0, 0, 0, , 0, 0, 0, 0, 0, 
537, 0, 593, -1, -1, 307, 116, 178.0, 7, , 15, 0, 0, 0, , 0, 0, 0, 0, 0, 
538, 0, 594, -1, -1, 83, 73, 182.0, 9, , 63, 0, 0, 0, , 0, 0, 0, 0, 0, 
539, 0, 595, -1, -1, 149, 119, 184.0, 9, , 56, 0, 0, 0, , 0, 0, 0, 0, 0, 
540, 0, 596, -1, -1, 77, 90, 180.0, 8, , 36, 0, 0, 0, , 0, 0, 0, 0, 0, 
541, 0, 597, -1, -1, 74, 129, 184.0, 11, , 26, 0, 0, 0, , 0, 0, 0, 0, 0, 
542, 0, 598, -1, -1, 150, 120, 194.0, 9, , 40, 0, 0, 0, , 0, 0, 0, 0, 0, 
543, 0, 599, -1, -1, 232, 58, 191.0, 9, , 58, 0, 0, 0, , 0, 0, 0, 0, 0, 
544, 0, 600, -1, -1, 93, 146, 187.0, 9, , 27, 0, 0, 0, , 0, 0, 0, 0, 0, 
545, 0, 601, -1, -1, 159, 62, 190.0, 9, , 28, 0, 0, 0, , 0, 0, 0, 0, 0, 
546, 0, 602, -1, -1, 237, 70, 193.0, 9, , 6, 0, 0, 0, , 0, 0, 0, 0, 0, 
547, 0, 603, -1, -1, 160, 96, 196.0, 8, , 43, 0, 0, 0, , 0, 0, 0, 0, 0, 
548, 0, 604, -1, -1, 172, 83, 197.0, 8, , 17, 0, 0, 0, , 0, 0, 0, 0, 0, 
549, 0, 605, -1, -1, 129, 86, 201.0, 8, , 9, 0, 0, 0, , 0, 0, 0, 0, 0, 
550, 0, 606, -1, -1, 232, 106, 203.0, 9, , 38, 0, 0, 0, , 0, 0, 0, 0, 0, 
551, 0, 607, -1, -1, 220, 135, 205.0, 13, , 100, 0, 0, 0, , 0, 0, 0, 0, 0, 
552, 0, 609, -1, -1, 48, 101, 121.0, 8, , 13, 0, 0, 0, , 0, 0, 0, 0, 0, 
553, 0, 610, -1, -1, 80, 128, 146.0, 9, , 34, 0, 0, 0, , 0, 0, 0, 0, 0, 
554, 0, 612, -1, -1, 104, 65, 156.0, 8, , 41, 0, 0, 0, , 0, 0, 0, 0, 0, 
555, 0, 613, -1, -1, 288, 85, 157.0, 7, , 3, 0, 0, 0, , 0, 0, 0, 0, 0, 
556, 0, 614, -1, -1, 261, 49, 166.0, 7, , 15, 0, 0, 0, , 0, 0, 0, 0, 0, 
557, 0, 615, -1, -1, 285, 69, 180.0, 7, , 24, 0, 0, 0, , 0, 0, 0, 0, 0, 
558, 0, 616, -1, -1, 87, 74, 187.0, 9, , 45, 0, 0, 0, , 0, 0, 0, 0, 0, 
559, 0, 617, -1, -1, 146, 62, 189.0, 9, , 74, 0, 0, 0, , 0, 0, 0, 0, 0, 
560, 0, 618, -1, -1, 117, 114, 190.0, 11, , 128, 0, 0, 0, , 0, 0, 0, 0, 0, 
561, 0, 619, -1, -1, 194, 115, 206.0, 9, , 64, 0, 0, 0, , 0, 0, 0, 0, 0, 
562, 0, 620, -1, -1, 141, 34, 145.0, 9, , 80, 0, 0, 0, , 0, 0, 0, 0, 0, 
563, 0, 621, -1, -1, 287, 124, 194.0, 7, , 21, 0, 0, 0, , 0, 0, 0, 0, 0, 
564, 0, 622, -1, -1, 84, 95, 95.0, 8, , 9, 0, 0, 0, , 0, 0, 0, 0, 0, 
565, 0, 623, -1, -1, 105, 78, 162.0, 8, , 10, 0, 0, 0, , 0, 0, 0, 0, 0, 
566, 0, 624, -1, -1, 263, 97, 193.0, 9, , 58, 0, 0, 0, , 0, 0, 0, 0, 0, 
567, 0, 625, -1, -1, 81, 71, 96.0, 9, , 6, 0, 0, 0, , 0, 0, 0, 0, 0, 
568, 0, 626, -1, -1, 135, 174, 119.0, 11, , 65, 0, 0, 0, , 0, 0, 0, 0, 0, 
569, 0, 627, -1, -1, 106, 42, 129.0, 8, , 45, 0, 0, 0, , 0, 0, 0, 0, 0, 
570, 0, 628, -1, -1, 140, 100, 125.0, 7, , 5, 0, 0, 0, , 0, 0, 0, 0, 0, 
571, 0, 629, -1, -1, 253, 82, 134.0, 9, , 23, 0, 0, 0, , 0, 0, 0, 0, 0, 
572, 0, 630, -1, -1, 79, 93, 138.0, 11, , 14, 0, 0, 0, , 0, 0, 0, 0, 0, 
573, 0, 631, -1, -1, 190, 42, 141.0, 9, , 98, 0, 0, 0, , 0, 0, 0, 0, 0, 
574, 0, 632, -1, -1, 207, 47, 144.0, 11, , 83, 0, 0, 0, , 0, 0, 0, 0, 0, 
575, 0, 633, -1, -1, 307, 154, 140.0, 11, , 35, 0, 0, 0, , 0, 0, 0, 0, 0, 
576, 0, 634, -1, -1, 63, 127, 147.0, 9, , 33, 0, 0, 0, , 0, 0, 0, 0, 0, 
577, 0, 635, -1, -1, 145, 178, 148.0, 7, , 23, 0, 0, 0, , 0, 0, 0, 0, 0, 
578, 0, 636, -1, -1, 83, 107, 149.0, 8, , 38, 0, 0, 0, , 0, 0, 0, 0, 0, 
579, 0, 637, -1, -1, 294, 125, 158.0, 7, , 21, 0, 0, 0, , 0, 0, 0, 0, 0, 
580, 0, 638, -1, -1, 129, 77, 159.0, 9, , 36, 0, 0, 0, , 0, 0, 0, 0, 0, 
581, 0, 639, -1, -1, 292, 126, 162.0, 8, , 16, 0, 0, 0, , 0, 0, 0, 0, 0, 
582, 0, 641, -1, -1, 281, 148, 168.0, 7, , 37, 0, 0, 0, , 0, 0, 0, 0, 0, 
583, 0, 642, -1, -1, 83, 74, 177.0, 9, , 85, 0, 0, 0, , 0, 0, 0, 0, 0, 
584, 0, 643, -1, -1, 177, 53, 179.0, 9, , 12, 0, 0, 0, , 0, 0, 0, 0, 0, 
585, 0, 645, -1, -1, 180, 121, 184.0, 7, , 17, 0, 0, 0, , 0, 0, 0, 0, 0, 
586, 0, 646, -1, -1, 101, 87, 186.0, 11, , 53, 0, 0, 0, , 0, 0, 0, 0, 0, 
587, 0, 647, -1, -1, 121, 72, 185.0, 11, , 252, 0, 0, 0, , 0, 0, 0, 0, 0, 
588, 0, 648, -1, -1, 303, 93, 190.0, 8, , 28, 0, 0, 0, , 0, 0, 0, 0, 0, 
589, 0, 649, -1, -1, 84, 106, 191.0, 9, , 51, 0, 0, 0, , 0, 0, 0, 0, 0, 
590, 0, 650, -1, -1, 137, 136, 198.0, 7, , 14, 0, 0, 0, , 0, 0, 0, 0, 0, 
591, 0, 651, -1, -1, 103, 101, 200.0, 8, , 20, 0, 0, 0, , 0, 0, 0, 0, 0, 
592, 0, 652, -1, -1, 154, 83, 202.0, 9, , 68, 0, 0, 0, , 0, 0, 0, 0, 0, 
593, 0, 653, -1, -1, 234, 73, 202.0, 8, , 34, 0, 0, 0, , 0, 0, 0, 0, 0, 
594, 0, 654, -1, -1, 158, 117, 208.0, 7, , 39, 0, 0, 0, , 0, 0, 0, 0, 0, 
595, 0, 655, -1, -1, 221, 95, 211.0, 8, , 24, 0, 0, 0, , 0, 0, 0, 0, 0, 
596, 0, 656, -1, -1, 101, 41, 123.0, 9, , 50, 0, 0, 0, , 0, 0, 0, 0, 0, 
597, 0, 657, -1, -1, 114, 163, 122.0, 11, , 46, 0, 0, 0, , 0, 0, 0, 0, 0, 
598, 0, 658, -1, -1, 71, 80, 167.0, 8, , 38, 0, 0, 0, , 0, 0, 0, 0, 0, 
599, 0, 659, -1, -1, 259, 98, 197.0, 8, , 58, 0, 0, 0, , 0, 0, 0, 0, 0, 
600, 0, 660, -1, -1, 173, 82, 205.0, 11, , 49, 0, 0, 0, , 0, 0, 0, 0, 0, 
601, 0, 661, -1, -1, 112, 54, 165.0, 8, , 43, 0, 0, 0, , 0, 0, 0, 0, 0, 
602, 0, 662, -1, -1, 160, 116, 207.0, 13, , 178, 0, 0, 0, , 0, 0, 0, 0, 0, 
603, 0, 663, -1, -1, 128, 97, 194.0, 8, , 43, 0, 0, 0, , 0, 0, 0, 0, 0, 
604, 0, 664, -1, -1, 274, 75, 196.0, 8, , 43, 0, 0, 0, , 0, 0, 0, 0, 0, 
605, 0, 665, -1, -1, 171, 84, 204.0, 7, , 19, 0, 0, 0, , 0, 0, 0, 0, 0, 
606, 0, 666, -1, -1, 187, 40, 100.0, 9, , 12, 0, 0, 0, , 0, 0, 0, 0, 0, 
607, 0, 667, -1, -1, 59, 114, 118.0, 9, , 10, 0, 0, 0, , 0, 0, 0, 0, 0, 
608, 0, 668, -1, -1, 87, 136, 119.0, 8, , 4, 0, 0, 0, , 0, 0, 0, 0, 0, 
609, 0, 669, -1, -1, 295, 109, 122.0, 8, , 12, 0, 0, 0, , 0, 0, 0, 0, 0, 
610, 0, 670, -1, -1, 87, 133, 126.0, 8, , 4, 0, 0, 0, , 0, 0, 0, 0, 0, 
611, 0, 671, -1, -1, 84, 160, 143.0, 8, , 10, 0, 0, 0, , 0, 0, 0, 0, 0, 
612, 0, 672, -1, -1, 49, 109, 142.0, 9, , 22, 0, 0, 0, , 0, 0, 0, 0, 0, 
613, 0, 673, -1, -1, 48, 93, 142.0, 8, , 37, 0, 0, 0, , 0, 0, 0, 0, 0, 
614, 0, 674, -1, -1, 294, 155, 152.0, 9, , 20, 0, 0, 0, , 0, 0, 0, 0, 0, 
615, 0, 675, -1, -1, 224, 44, 152.0, 9, , 58, 0, 0, 0, , 0, 0, 0, 0, 0, 
616, 0, 676, -1, -1, 79, 125, 153.0, 7, , 34, 0, 0, 0, , 0, 0, 0, 0, 0, 
617, 0, 677, -1, -1, 294, 125, 156.0, 7, , 21, 0, 0, 0, , 0, 0, 0, 0, 0, 
618, 0, 678, -1, -1, 82, 126, 158.0, 11, , 119, 0, 0, 0, , 0, 0, 0, 0, 0, 
619, 0, 679, -1, -1, 101, 118, 162.0, 7, , 29, 0, 0, 0, , 0, 0, 0, 0, 0, 
620, 0, 680, -1, -1, 106, 52, 163.0, 7, , 20, 0, 0, 0, , 0, 0, 0, 0, 0, 
621, 0, 681, -1, -1, 133, 68, 161.0, 9, , 43, 0, 0, 0, , 0, 0, 0, 0, 0, 
622, 0, 682, -1, -1, 105, 87, 165.0, 8, , 27, 0, 0, 0, , 0, 0, 0, 0, 0, 
623, 0, 683, -1, -1, 297, 58, 164.0, 8, , 3, 0, 0, 0, , 0, 0, 0, 0, 0, 
624, 0, 684, -1, -1, 236, 52, 172.0, 9, , 78, 0, 0, 0, , 0, 0, 0, 0, 0, 
625, 0, 685, -1, -1, 109, 83, 177.0, 8, , 52, 0, 0, 0, , 0, 0, 0, 0, 0, 
626, 0, 686, -1, -1, 120, 115, 183.0, 8, , 63, 0, 0, 0, , 0, 0, 0, 0, 0, 
627, 0, 687, -1, -1, 159, 48, 189.0, 13, , 63, 0, 0, 0, , 0, 0, 0, 0, 0, 
628, 0, 689, -1, -1, 243, 110, 189.0, 8, , 16, 0, 0, 0, , 0, 0, 0, 0, 0, 
629, 0, 690, -1, -1, 104, 122, 197.0, 8, , 48, 0, 0, 0, , 0, 0, 0, 0, 0, 
630, 0, 691, -1, -1, 241, 108, 195.0, 8, , 22, 0, 0, 0, , 0, 0, 0, 0, 0, 
631, 0, 693, -1, -1, 176, 178, 133.0, 7, , 15, 0, 0, 0, , 0, 0, 0, 0, 0, 
632, 0, 694, -1, -1, 184, 45, 138.0, 9, , 62, 0, 0, 0, , 0, 0, 0, 0, 0, 
633, 0, 695, -1, -1, 173, 33, 140.0, 7, , 14, 0, 0, 0, , 0, 0, 0, 0, 0, 
634, 0, 696, -1, -1, 83, 127, 152.0, 9, , 88, 0, 0, 0, , 0, 0, 0, 0, 0, 
635, 0, 698, -1, -1, 191, 73, 192.0, 9, , 140, 0, 0, 0, , 0, 0, 0, 0, 0, 
636, 0, 699, -1, -1, 230, 57, 194.0, 7, , 26, 0, 0, 0, , 0, 0, 0, 0, 0, 
637, 0, 700, -1, -1, 119, 70, 194.0, 9, , 46, 0, 0, 0, , 0, 0, 0, 0, 0, 
638, 0, 701, -1, -1, 82, 102, 193.0, 8, , 12, 0, 0, 0, , 0, 0, 0, 0, 0, 
639, 0, 702, -1, -1, 184, 102, 196.0, 8, , 45, 0, 0, 0, , 0, 0, 0, 0, 0, 
640, 0, 703, -1, -1, 199, 95, 209.0, 9, , 65, 0, 0, 0, , 0, 0, 0, 0, 0, 
641, 0, -1, -1, -1, 142, 34, 100.0, 11, , 81, 0, 0, 0, , 0, 0, 0, 0, 0, 
642, 0, -1, -1, -1, 70, 64, 129.0, 11, , 93, 0, 0, 0, , 0, 0, 0, 0, 0, 
643, 0, -1, -1, -1, 131, 68, 166.0, 9, , 54, 0, 0, 0, , 0, 0, 0, 0, 0, 
644, 0, -1, -1, -1, 100, 116, 53.0, 7, , 13, 0, 0, 0, , 0, 0, 0, 0, 0, 
645, 0, -1, -1, -1, 130, 97, 54.0, 9, , 33, 0, 0, 0, , 0, 0, 0, 0, 0, 
646, 0, -1, -1, -1, 132, 96, 57.0, 9, , 23, 0, 0, 0, , 0, 0, 0, 0, 0, 
647, 0, -1, -1, -1, 51, 110, 83.0, 8, , 92, 0, 0, 0, , 0, 0, 0, 0, 0, 
648, 0, -1, -1, -1, 104, 164, 89.0, 9, , 17, 0, 0, 0, , 0, 0, 0, 0, 0, 
649, 0, -1, -1, -1, 77, 146, 91.0, 7, , 5, 0, 0, 0, , 0, 0, 0, 0, 0, 
650, 0, -1, -1, -1, 97, 55, 94.0, 9, , 10, 0, 0, 0, , 0, 0, 0, 0, 0, 
651, 0, -1, -1, -1, 108, 166, 94.0, 7, , 14, 0, 0, 0, , 0, 0, 0, 0, 0, 
652, 0, -1, -1, -1, 144, 170, 100.0, 8, , 27, 0, 0, 0, , 0, 0, 0, 0, 0, 
653, 0, -1, -1, -1, 289, 111, 111.0, 9, , 34, 0, 0, 0, , 0, 0, 0, 0, 0, 
654, 0, -1, -1, -1, 294, 113, 115.0, 8, , 9, 0, 0, 0, , 0, 0, 0, 0, 0, 
655, 0, -1, -1, -1, 157, 182, 119.0, 8, , 25, 0, 0, 0, , 0, 0, 0, 0, 0, 
656, 0, -1, -1, -1, 276, 172, 121.0, 9, , 10, 0, 0, 0, , 0, 0, 0, 0, 0, 
657, 0, -1, -1, -1, 280, 107, 123.0, 9, , 25, 0, 0, 0, , 0, 0, 0, 0, 0, 
658, 0, -1, -1, -1, 276, 109, 125.0, 8, , 12, 0, 0, 0, , 0, 0, 0, 0, 0, 
659, 0, -1, -1, -1, 100, 57, 130.0, 8, , 4, 0, 0, 0, , 0, 0, 0, 0, 0, 
660, 0, -1, -1, -1, 88, 135, 131.0, 9, , 21, 0, 0, 0, , 0, 0, 0, 0, 0, 
661, 0, -1, -1, -1, 301, 168, 132.0, 9, , 8, 0, 0, 0, , 0, 0, 0, 0, 0, 
662, 0, -1, -1, -1, 272, 89, 139.0, 8, , 14, 0, 0, 0, , 0, 0, 0, 0, 0, 
663, 0, -1, -1, -1, 289, 130, 139.0, 9, , 10, 0, 0, 0, , 0, 0, 0, 0, 0, 
664, 0, -1, -1, -1, 112, 40, 145.0, 9, , 35, 0, 0, 0, , 0, 0, 0, 0, 0, 
665, 0, -1, -1, -1, 128, 162, 145.0, 7, , 6, 0, 0, 0, , 0, 0, 0, 0, 0, 
666, 0, -1, -1, -1, 145, 178, 145.0, 7, , 18, 0, 0, 0, , 0, 0, 0, 0, 0, 
667, 0, -1, -1, -1, 259, 173, 145.0, 9, , 5, 0, 0, 0, , 0, 0, 0, 0, 0, 
668, 0, -1, -1, -1, 269, 90, 145.0, 8, , 16, 0, 0, 0, , 0, 0, 0, 0, 0, 
669, 0, -1, -1, -1, 168, 63, 146.0, 8, , 8, 0, 0, 0, , 0, 0, 0, 0, 0, 
670, 0, -1, -1, -1, 294, 137, 146.0, 9, , 18, 0, 0, 0, , 0, 0, 0, 0, 0, 
671, 0, -1, -1, -1, 158, 165, 148.0, 11, , 31, 0, 0, 0, , 0, 0, 0, 0, 0, 
672, 0, -1, -1, -1, 110, 134, 149.0, 9, , 30, 0, 0, 0, , 0, 0, 0, 0, 0, 
673, 0, -1, -1, -1, 111, 39, 153.0, 9, , 52, 0, 0, 0, , 0, 0, 0, 0, 0, 
674, 0, -1, -1, -1, 134, 69, 156.0, 8, , 20, 0, 0, 0, , 0, 0, 0, 0, 0, 
675, 0, -1, -1, -1, 98, 120, 157.0, 11, , 49, 0, 0, 0, , 0, 0, 0, 0, 0, 
676, 0, -1, -1, -1, 187, 42, 159.0, 7, , 13, 0, 0, 0, , 0, 0, 0, 0, 0, 
677, 0, -1, -1, -1, 199, 42, 164.0, 9, , 8, 0, 0, 0, , 0, 0, 0, 0, 0, 
678, 0, -1, -1, -1, 254, 49, 165.0, 9, , 42, 0, 0, 0, , 0, 0, 0, 0, 0, 
679, 0, -1, -1, -1, 104, 53, 166.0, 7, , 13, 0, 0, 0, , 0, 0, 0, 0, 0, 
680, 0, -1, -1, -1, 106, 106, 166.0, 8, , 20, 0, 0, 0, , 0, 0, 0, 0, 0, 
681, 0, -1, -1, -1, 299, 62, 166.0, 7, , 30, 0, 0, 0, , 0, 0, 0, 0, 0, 
682, 0, -1, -1, -1, 71, 97, 168.0, 8, , 12, 0, 0, 0, , 0, 0, 0, 0, 0, 
683, 0, -1, -1, -1, 203, 43, 168.0, 9, , 16, 0, 0, 0, , 0, 0, 0, 0, 0, 
684, 0, -1, -1, -1, 153, 164, 169.0, 8, , 9, 0, 0, 0, , 0, 0, 0, 0, 0, 
685, 0, -1, -1, -1, 274, 129, 169.0, 9, , 43, 0, 0, 0, , 0, 0, 0, 0, 0, 
686, 0, -1, -1, -1, 256, 139, 170.0, 8, , 17, 0, 0, 0, , 0, 0, 0, 0, 0, 
687, 0, -1, -1, -1, 280, 68, 170.0, 7, , 19, 0, 0, 0, , 0, 0, 0, 0, 0, 
688, 0, -1, -1, -1, 94, 58, 173.0, 7, , 11, 0, 0, 0, , 0, 0, 0, 0, 0, 
689, 0, -1, -1, -1, 101, 157, 173.0, 9, , 14, 0, 0, 0, , 0, 0, 0, 0, 0, 
690, 0, -1, -1, -1, 120, 48, 173.0, 9, , 20, 0, 0, 0, , 0, 0, 0, 0, 0, 
691, 0, -1, -1, -1, 132, 143, 173.0, 9, , 13, 0, 0, 0, , 0, 0, 0, 0, 0, 
692, 0, -1, -1, -1, 150, 167, 173.0, 9, , 24, 0, 0, 0, , 0, 0, 0, 0, 0, 
693, 0, -1, -1, -1, 139, 82, 176.0, 9, , 25, 0, 0, 0, , 0, 0, 0, 0, 0, 
694, 0, -1, -1, -1, 152, 168, 176.0, 11, , 33, 0, 0, 0, , 0, 0, 0, 0, 0, 
695, 0, -1, -1, -1, 198, 170, 176.0, 9, , 29, 0, 0, 0, , 0, 0, 0, 0, 0, 
696, 0, -1, -1, -1, 74, 102, 177.0, 9, , 44, 0, 0, 0, , 0, 0, 0, 0, 0, 
697, 0, -1, -1, -1, 109, 135, 177.0, 9, , 22, 0, 0, 0, , 0, 0, 0, 0, 0, 
698, 0, -1, -1, -1, 215, 132, 177.0, 9, , 14, 0, 0, 0, , 0, 0, 0, 0, 0, 
699, 0, -1, -1, -1, 120, 118, 182.0, 8, , 48, 0, 0, 0, , 0, 0, 0, 0, 0, 
700, 0, -1, -1, -1, 259, 127, 185.0, 11, , 34, 0, 0, 0, , 0, 0, 0, 0, 0, 
701, 0, -1, -1, -1, 178, 122, 189.0, 9, , 26, 0, 0, 0, , 0, 0, 0, 0, 0, 
702, 0, -1, -1, -1, 282, 103, 189.0, 7, , 16, 0, 0, 0, , 0, 0, 0, 0, 0, 
703, 0, -1, -1, -1, 123, 141, 193.0, 9, , 46, 0, 0, 0, , 0, 0, 0, 0, 0, 
704, 0, -1, -1, -1, 231, 77, 194.0, 7, , 33, 0, 0, 0, , 0, 0, 0, 0, 0, 
705, 0, -1, -1, -1, 152, 83, 205.0, 11, , 79, 0, 0, 0, , 0, 0, 0, 0, 0, 
706, 0, -1, -1, -1, 257, 84, 206.0, 7, , 22, 0, 0, 0, , 0, 0, 0, 0, 0, 
707, 0, -1, -1, -1, 220, 75, 209.0, 8, , 29, 0, 0, 0, , 0, 0, 0, 0, 0, 
708, 0, -1, -1, -1, 277, 111, 123.0, 7, , 18, 0, 0, 0, , 0, 0, 0, 0, 0, 
709, 0, -1, -1, -1, 90, 138, 129.0, 11, , 14, 0, 0, 0, , 0, 0, 0, 0, 0, 
710, 0, -1, -1, -1, 111, 44, 152.0, 9, , 57, 0, 0, 0, , 0, 0, 0, 0, 0, 
711, 0, -1, -1, -1, 128, 98, 191.0, 7, , 25, 0, 0, 0, , 0, 0, 0, 0, 0, 
712, 0, -1, -1, -1, 233, 76, 191.0, 7, , 20, 0, 0, 0, , 0, 0, 0, 0, 0, 
713, 0, -1, -1, -1, 159, 117, 211.0, 8, , 25, 0, 0, 0, , 0, 0, 0, 0, 0, 
714, 0, -1, -1, -1, 191, 151, 179.0, 9, , 31, 0, 0, 0, , 0, 0, 0, 0, 0, 
715, 1, 704, 764, -1, 254, 85, 132.0, 14, Eprpa, 0, 0, 0, 0, Eprpa, 0, 0, 0, 0, 0, 
716, 1, 704, 763, -1, 271, 92, 135.0, 13, Eprpp, 0, 0, 0, 0, Eprpp, 0, 0, 0, 0, 0, 
717, 0, 705, -1, -1, 129, 37, 127.0, 15, , 0, 0, 0, 0, , 0, 0, 0, 0, 0, 
718, 1, 706, 768, -1, 137, 111, 204.0, 15, ABarappaaa, 0, 0, 0, 0, , 0, 0, 0, 0, 0, 
719, 1, 707, 769, -1, 153, 101, 211.0, 17, ABarappapa, 0, 0, 0, 0, , 0, 0, 0, 0, 0, 
720, 1, 708, 770, -1, 176, 103, 213.0, 17, ABarappapp, 0, 0, 0, 0, , 0, 0, 0, 0, 0, 
721, 1, 709, 771, -1, 160, 118, 206.0, 15, ABarappaap, 0, 0, 0, 0, , 0, 0, 0, 0, 0, 
722, 1, 710, 772, -1, 119, 94, 203.0, 12, ABarapppaa, 0, 0, 0, 0, , 0, 0, 0, 0, 0, 
723, 1, 711, 773, -1, 134, 99, 189.0, 16, ABarapppap, 0, 0, 0, 0, , 0, 0, 0, 0, 0, 
724, 1, 712, 774, -1, 133, 87, 200.0, 15, ABarappppa, 0, 0, 0, 0, , 0, 0, 0, 0, 0, 
725, 1, 713, 775, -1, 153, 85, 199.0, 17, ABarappppp, 0, 0, 0, 0, , 0, 0, 0, 0, 0, 
726, 1, 714, 776, -1, 104, 126, 192.0, 15, ABarapaaaa, 0, 0, 0, 0, , 0, 0, 0, 0, 0, 
727, 1, 715, 777, -1, 122, 126, 198.67741, 15, ABarapaaap, 0, 0, 0, 0, , 0, 0, 0, 0, 0, 
728, 1, 716, 778, -1, 116, 115, 184.0, 13, ABarapaapa, 0, 0, 0, 0, , 0, 0, 0, 0, 0, 
729, 1, 717, 779, -1, 133, 124, 181.0, 18, ABarapaapp, 0, 0, 0, 0, , 0, 0, 0, 0, 0, 
730, 1, 718, 780, -1, 139, 133, 203.0, 15, ABarapapaa, 0, 0, 0, 0, , 0, 0, 0, 0, 0, 
731, 1, 719, 781, -1, 157, 137, 200.0, 14, ABarapapap, 0, 0, 0, 0, , 0, 0, 0, 0, 0, 
732, 1, 720, 782, -1, 150, 119, 187.0, 14, ABarapappa, 0, 0, 0, 0, , 0, 0, 0, 0, 0, 
733, 1, 721, 783, -1, 174, 126, 188.0, 17, ABarapappp, 0, 0, 0, 0, , 0, 0, 0, 0, 0, 
734, 1, 722, 784, -1, 81, 127, 152.0, 14, ABaraapaaa, 0, 0, 0, 0, , 0, 0, 0, 0, 0, 
735, 1, 723, 785, -1, 102, 122, 157.0, 14, ABaraapaap, 0, 0, 0, 0, , 0, 0, 0, 0, 0, 
736, 1, 724, 786, -1, 115, 134, 144.0, 16, ABaraapapa, 0, 0, 0, 0, , 0, 0, 0, 0, 0, 
737, 1, 725, 787, -1, 127, 119, 126.0, 14, ABaraapapp, 0, 0, 0, 0, , 0, 0, 0, 0, 0, 
738, 1, 726, 788, -1, 103, 104, 161.0, 15, ABaraappaa, 0, 0, 0, 0, , 0, 0, 0, 0, 0, 
739, 1, 727, 789, -1, 120, 108, 147.0, 17, ABaraappap, 0, 0, 0, 0, , 0, 0, 0, 0, 0, 
740, 1, 728, 790, -1, 136, 104, 161.0, 17, ABaraapppa, 0, 0, 0, 0, , 0, 0, 0, 0, 0, 
741, 1, 729, 791, -1, 158, 94, 141.0, 14, ABaraapppp, 0, 0, 0, 0, , 0, 0, 0, 0, 0, 
742, 1, 730, 792, -1, 73, 129, 179.0, 15, ABaraaapaa, 0, 0, 0, 0, , 0, 0, 0, 0, 0, 
743, 1, 731, 793, -1, 90, 114, 178.0, 19, ABaraaapap, 0, 0, 0, 0, , 0, 0, 0, 0, 0, 
744, 1, 732, 794, -1, 86, 103, 193.0, 15, ABaraaappa, 0, 0, 0, 0, , 0, 0, 0, 0, 0, 
745, 1, 733, 795, -1, 107, 105, 197.0, 16, ABaraaappp, 0, 0, 0, 0, , 0, 0, 0, 0, 0, 
746, 1, 734, 796, -1, 73, 101, 170.0, 15, ABaraaaaap, 0, 0, 0, 0, , 0, 0, 0, 0, 0, 
747, 1, 735, 797, -1, 61, 121, 170.0, 15, ABaraaaaaa, 0, 0, 0, 0, , 0, 0, 0, 0, 0, 
748, 1, 736, 798, -1, 82, 108, 148.0, 14, ABaraaaap, 0, 0, 0, 0, , 0, 0, 0, 0, 0, 
749, 1, 737, 799, -1, 109, 133, 172.0, 15, ABalpaaapa, 0, 0, 0, 0, , 0, 0, 0, 0, 0, 
750, 1, 738, 800, -1, 120, 141, 160.0, 15, ABalpaaapp, 0, 0, 0, 0, , 0, 0, 0, 0, 0, 
751, 1, 739, 801, -1, 93, 144, 183.0, 17, ABalpaaaap, 0, 0, 0, 0, , 0, 0, 0, 0, 0, 
752, 1, 740, 802, -1, 70, 146, 164.0, 13, ABalpaaaaa, 0, 0, 0, 0, , 0, 0, 0, 0, 0, 
753, 1, 741, 803, -1, 66, 129, 153.0, 15, ABalpaapaa, 0, 0, 0, 0, , 0, 0, 0, 0, 0, 
754, 1, 742, 804, -1, 94, 145, 156.0, 18, ABalpaapap, 0, 0, 0, 0, , 0, 0, 0, 0, 0, 
755, 1, 743, 805, -1, 77, 158, 149.0, 12, ABalpaappa, 0, 0, 0, 0, , 0, 0, 0, 0, 0, 
756, 1, 744, 806, -1, 124, 142, 187.0, 15, ABalpappaa, 0, 0, 0, 0, , 0, 0, 0, 0, 0, 
757, 1, 745, 807, -1, 146, 147, 182.0, 17, ABalpappap, 0, 0, 0, 0, , 0, 0, 0, 0, 0, 
758, 1, 746, 808, -1, 135, 145, 166.0, 15, ABalpapppa, 0, 0, 0, 0, , 0, 0, 0, 0, 0, 
759, 1, 747, 809, -1, 160, 146, 167.0, 19, ABalpapppp, 0, 0, 0, 0, , 0, 0, 0, 0, 0, 
760, 1, 748, 810, -1, 63, 144, 115.0, 15, ABalppaaaa, 0, 0, 0, 0, , 0, 0, 0, 0, 0, 
761, 1, 749, 811, -1, 84, 164, 108.0, 16, ABalppaaap, 0, 0, 0, 0, , 0, 0, 0, 0, 0, 
762, 1, 750, 812, -1, 102, 165, 130.0, 15, ABalppapaa, 0, 0, 0, 0, , 0, 0, 0, 0, 0, 
763, 1, 751, 813, -1, 118, 176, 140.0, 14, ABalppapap, 0, 0, 0, 0, , 0, 0, 0, 0, 0, 
764, 1, 752, 814, -1, 132, 164, 142.0, 15, ABalppappa, 0, 0, 0, 0, , 0, 0, 0, 0, 0, 
765, 1, 753, 815, -1, 92, 163, 145.0, 15, ABalpaappp, 0, 0, 0, 0, , 0, 0, 0, 0, 0, 
766, 1, 754, 816, -1, 102, 160, 169.0, 15, ABalpapaaa, 0, 0, 0, 0, , 0, 0, 0, 0, 0, 
767, 1, 755, 817, -1, 115, 155, 183.0, 15, ABalpapaap, 0, 0, 0, 0, , 0, 0, 0, 0, 0, 
768, 1, 756, 818, -1, 130, 169, 157.0, 15, ABalpapapa, 0, 0, 0, 0, , 0, 0, 0, 0, 0, 
769, 1, 757, 819, -1, 152, 168, 170.0, 14, ABalpapapp, 0, 0, 0, 0, , 0, 0, 0, 0, 0, 
770, 1, 758, 820, -1, 99, 170, 110.0, 14, ABalppaapa, 0, 0, 0, 0, , 0, 0, 0, 0, 0, 
771, 0, 759, -1, -1, 103, 163, 97.0, 15, , 0, 0, 0, 0, , 0, 0, 0, 0, 0, 
772, 1, 760, 822, -1, 149, 178, 152.0, 15, ABalppappp, 0, 0, 0, 0, , 0, 0, 0, 0, 0, 
773, 1, 761, 823, -1, 80, 148, 96.0, 15, ABalpppaaa, 0, 0, 0, 0, , 0, 0, 0, 0, 0, 
774, 1, 762, 824, -1, 152, 139, 80.0, 14, ABalpppppp, 0, 0, 0, 0, , 0, 0, 0, 0, 0, 
775, 1, 763, 825, -1, 131, 137, 72.75, 16, ABalpppppa, 0, 0, 0, 0, , 0, 0, 0, 0, 0, 
776, 0, 764, -1, -1, 96, 124, 95.85714, 12, , 0, 0, 0, 0, , 0, 0, 0, 0, 0, 
777, 1, 765, 827, -1, 124, 125, 89.0, 16, ABalppppap, 0, 0, 0, 0, , 0, 0, 0, 0, 0, 
778, 1, 766, 828, -1, 91, 143, 80.0, 14, ABalpppaap, 0, 0, 0, 0, , 0, 0, 0, 0, 0, 
779, 1, 767, 829, -1, 109, 153, 78.5, 13, ABalpppapa, 0, 0, 0, 0, , 0, 0, 0, 0, 0, 
780, 0, 768, -1, -1, 123, 153, 68.666664, 12, , 0, 0, 0, 0, , 0, 0, 0, 0, 0, 
781, 1, 769, 831, -1, 49, 111, 139.0, 14, ABalaaapar, 0, 0, 0, 0, , 0, 0, 0, 0, 0, 
782, 1, 770, 832, -1, 62, 128, 125.0, 16, ABalaaapal, 0, 0, 0, 0, , 0, 0, 0, 0, 0, 
783, 1, 771, 833, -1, 51, 93, 138.0, 12, ABalaaappl, 0, 0, 0, 0, , 0, 0, 0, 0, 0, 
784, 1, 772, 834, -1, 69, 77, 144.0, 15, ABalaaappr, 0, 0, 0, 0, , 0, 0, 0, 0, 0, 
785, 1, 773, 835, -1, 74, 87, 177.0, 13, ABalaapaaa, 0, 0, 0, 0, , 0, 0, 0, 0, 0, 
786, 0, 774, -1, -1, 101, 85, 191.0, 15, , 0, 0, 0, 0, , 0, 0, 0, 0, 0, 
787, 1, 775, 836, -1, 102, 86, 190.0, 15, ABalaapaap, 0, 0, 0, 0, , 0, 0, 0, 0, 0, 
788, 1, 776, 837, -1, 84, 74, 182.0, 15, ABalaapapa, 0, 0, 0, 0, , 0, 0, 0, 0, 0, 
789, 1, 777, 838, -1, 100, 62, 177.0, 17, ABalaapapp, 0, 0, 0, 0, , 0, 0, 0, 0, 0, 
790, 1, 778, 839, -1, 50, 119, 153.0, 15, ABalaaaarl, 0, 0, 0, 0, , 0, 0, 0, 0, 0, 
791, 1, 779, 840, -1, 67, 91, 155.0, 14, ABalaaaarr, 0, 0, 0, 0, , 0, 0, 0, 0, 0, 
792, 1, 780, 841, -1, 55, 132, 137.0, 15, ABalaaaala, 0, 0, 0, 0, , 0, 0, 0, 0, 0, 
793, 1, 781, 842, -1, 70, 153, 128.0, 14, ABalaaaalp, 0, 0, 0, 0, , 0, 0, 0, 0, 0, 
794, 1, 782, 843, -1, 74, 82, 165.0, 15, ABalaappaa, 0, 0, 0, 0, , 0, 0, 0, 0, 0, 
795, 1, 783, 844, -1, 81, 71, 157.0, 16, ABalaappap, 0, 0, 0, 0, , 0, 0, 0, 0, 0, 
796, 1, 784, 845, -1, 74, 63, 133.0, 14, ABalaapppa, 0, 0, 0, 0, , 0, 0, 0, 0, 0, 
797, 1, 785, 846, -1, 94, 60, 131.0, 14, ABalaapppp, 0, 0, 0, 0, , 0, 0, 0, 0, 0, 
798, 1, 786, 847, -1, 77, 135, 106.0, 17, ABalapaapa, 0, 0, 0, 0, , 0, 0, 0, 0, 0, 
799, 1, 787, 848, -1, 92, 127, 93.0, 17, ABalapaapp, 0, 0, 0, 0, , 0, 0, 0, 0, 0, 
800, 1, 788, 849, -1, 61, 117, 114.0, 17, ABalapaaaa, 0, 0, 0, 0, , 0, 0, 0, 0, 0, 
801, 1, 789, 850, -1, 80, 113, 97.0, 16, ABalapaaap, 0, 0, 0, 0, , 0, 0, 0, 0, 0, 
802, 1, 790, 851, -1, 91, 103, 83.0, 17, ABalapapap, 0, 0, 0, 0, , 0, 0, 0, 0, 0, 
803, 1, 791, 852, -1, 80, 94, 94.0, 15, ABalapapaa, 0, 0, 0, 0, , 0, 0, 0, 0, 0, 
804, 1, 792, 853, -1, 105, 116, 76.0, 14, ABalapappa, 0, 0, 0, 0, , 0, 0, 0, 0, 0, 
805, 1, 793, 854, -1, 130, 109, 80.0, 16, ABalapappp, 0, 0, 0, 0, , 0, 0, 0, 0, 0, 
806, 1, 794, 855, -1, 51, 104, 121.0, 13, ABalappaaa, 0, 0, 0, 0, , 0, 0, 0, 0, 0, 
807, 1, 795, 856, -1, 67, 92, 102.0, 15, ABalappaap, 0, 0, 0, 0, , 0, 0, 0, 0, 0, 
808, 1, 796, 857, -1, 53, 84, 126.0, 14, ABalappapa, 0, 0, 0, 0, , 0, 0, 0, 0, 0, 
809, 1, 797, 858, -1, 65, 73, 118.0, 14, ABalappapp, 0, 0, 0, 0, , 0, 0, 0, 0, 0, 
810, 1, 798, 859, -1, 81, 77, 117.0, 14, ABalapppaa, 0, 0, 0, 0, , 0, 0, 0, 0, 0, 
811, 1, 799, 860, -1, 99, 71, 107.0, 14, ABalapppap, 0, 0, 0, 0, , 0, 0, 0, 0, 0, 
812, 1, 800, 861, -1, 110, 55, 113.0, 14, ABalappppa, 0, 0, 0, 0, , 0, 0, 0, 0, 0, 
813, 1, 801, 862, -1, 128, 44, 109.0, 14, ABalappppp, 0, 0, 0, 0, , 0, 0, 0, 0, 0, 
814, 1, 802, 863, -1, 103, 134, 78.0, 15, ABalppppaa, 0, 0, 0, 0, , 0, 0, 0, 0, 0, 
815, 1, 803, 864, -1, 92, 55, 152.0, 12, ABpraaaaaa, 0, 0, 0, 0, , 0, 0, 0, 0, 0, 
816, 1, 804, 865, -1, 113, 42, 150.0, 13, ABpraaaaap, 0, 0, 0, 0, , 0, 0, 0, 0, 0, 
817, 1, 805, 866, -1, 109, 52, 166.0, 15, ABpraaaapa, 0, 0, 0, 0, , 0, 0, 0, 0, 0, 
818, 1, 806, 867, -1, 123, 50, 176.0, 14, ABpraaaapp, 0, 0, 0, 0, , 0, 0, 0, 0, 0, 
819, 1, 807, 868, -1, 134, 49, 157.0, 15, ABpraaappa, 0, 0, 0, 0, , 0, 0, 0, 0, 0, 
820, 1, 808, 869, -1, 159, 46, 155.0, 19, ABpraaappp, 0, 0, 0, 0, , 0, 0, 0, 0, 0, 
821, 1, 809, 870, -1, 198, 44, 170.0, 16, ABpraapppa, 0, 0, 0, 0, , 0, 0, 0, 0, 0, 
822, 1, 810, 871, -1, 214, 52, 180.25, 11, ABpraapppp, 0, 0, 0, 0, , 0, 0, 0, 0, 0, 
823, 1, 811, 872, -1, 181, 41, 160.0, 14, ABpraappap, 0, 0, 0, 0, , 0, 0, 0, 0, 0, 
824, 1, 812, 873, -1, 231, 55, 183.0, 14, ABprappaaa, 0, 0, 0, 0, , 0, 0, 0, 0, 0, 
825, 1, 813, 874, -1, 256, 66, 186.5, 15, ABprappaap, 0, 0, 0, 0, , 0, 0, 0, 0, 0, 
826, 1, 814, 875, -1, 281, 68, 179.0, 17, ABprappapp, 0, 0, 0, 0, , 0, 0, 0, 0, 0, 
827, 1, 815, 876, -1, 258, 51, 167.6, 14, ABprappapa, 0, 0, 0, 0, , 0, 0, 0, 0, 0, 
828, 1, 816, 877, -1, 269, 78, 193.0, 13, ABprapppaa, 0, 0, 0, 0, , 0, 0, 0, 0, 0, 
829, 1, 817, 878, -1, 289, 87, 183.0, 12, ABprapppap, 0, 0, 0, 0, , 0, 0, 0, 0, 0, 
830, 1, 818, 879, -1, 208, 46, 138.0, 13, ABprapaaap, 0, 0, 0, 0, , 0, 0, 0, 0, 0, 
831, 1, 819, 880, -1, 186, 44, 142.5, 14, ABprapaaaa, 0, 0, 0, 0, , 0, 0, 0, 0, 0, 
832, 1, 820, 881, -1, 221, 45, 152.0, 13, ABprapaapa, 0, 0, 0, 0, , 0, 0, 0, 0, 0, 
833, 1, 821, 882, -1, 238, 50, 166.0, 14, ABprapaapp, 0, 0, 0, 0, , 0, 0, 0, 0, 0, 
834, 1, 822, 883, -1, 298, 62, 156.0, 12, ABprapapap, 0, 0, 0, 0, , 0, 0, 0, 0, 0, 
835, 1, 823, 884, -1, 275, 53, 154.0, 15, ABprapapaa, 0, 0, 0, 0, , 0, 0, 0, 0, 0, 
836, 1, 824, 885, -1, 313, 87, 173.33333, 14, ABprapappp, 0, 0, 0, 0, , 0, 0, 0, 0, 0, 
837, 1, 825, 886, -1, 312, 68, 153.0, 14, ABprapappa, 0, 0, 0, 0, , 0, 0, 0, 0, 0, 
838, 1, 826, 889, -1, 153, 162, 124.0, 13, ABplppaaaa, 0, 0, 0, 0, , 0, 0, 0, 0, 0, 
839, 1, 827, 890, -1, 175, 177, 127.0, 13, ABplppaaap, 0, 0, 0, 0, , 0, 0, 0, 0, 0, 
840, 1, 828, 891, -1, 194, 180, 147.0, 15, ABplppaapa, 0, 0, 0, 0, , 0, 0, 0, 0, 0, 
841, 1, 829, 892, -1, 218, 179, 150.0, 14, ABplppaapp, 0, 0, 0, 0, , 0, 0, 0, 0, 0, 
842, 1, 830, 893, -1, 192, 177, 123.0, 12, ABplppapaa, 0, 0, 0, 0, , 0, 0, 0, 0, 0, 
843, 1, 831, 894, -1, 212, 178, 125.0, 13, ABplppapap, 0, 0, 0, 0, , 0, 0, 0, 0, 0, 
844, 1, 832, 895, -1, 231, 177, 123.333336, 13, ABplppappa, 0, 0, 0, 0, , 0, 0, 0, 0, 0, 
845, 1, 833, 896, -1, 252, 171, 132.0, 15, ABplppappp, 0, 0, 0, 0, , 0, 0, 0, 0, 0, 
846, 1, 834, 897, -1, 234, 176, 143.0, 15, ABplpppaaa, 0, 0, 0, 0, , 0, 0, 0, 0, 0, 
847, 1, 835, 898, -1, 255, 173, 150.66667, 15, ABplpppaap, 0, 0, 0, 0, , 0, 0, 0, 0, 0, 
848, 1, 836, 899, -1, 272, 164, 155.0, 15, ABplpppapa, 0, 0, 0, 0, , 0, 0, 0, 0, 0, 
849, 1, 837, 900, -1, 278, 149, 169.0, 15, ABplpppapp, 0, 0, 0, 0, , 0, 0, 0, 0, 0, 
850, 1, 838, 901, -1, 218, 168, 174.0, 14, ABplppppaa, 0, 0, 0, 0, , 0, 0, 0, 0, 0, 
851, 1, 839, 902, -1, 238, 161, 172.0, 14, ABplppppap, 0, 0, 0, 0, , 0, 0, 0, 0, 0, 
852, 1, 840, 903, -1, 230, 145, 177.0, 15, ABplpppppa, 0, 0, 0, 0, , 0, 0, 0, 0, 0, 
853, 1, 841, 904, -1, 261, 142, 170.0, 15, ABplpppppp, 0, 0, 0, 0, , 0, 0, 0, 0, 0, 
854, 1, 842, 905, -1, 201, 172, 170.0, 15, ABplpapapp, 0, 0, 0, 0, , 0, 0, 0, 0, 0, 
855, 1, 843, 906, -1, 115, 164, 121.0, 15, ABplpaaaaa, 0, 0, 0, 0, , 0, 0, 0, 0, 0, 
856, 1, 844, 907, -1, 136, 176, 119.666664, 16, ABplpaaaap, 0, 0, 0, 0, , 0, 0, 0, 0, 0, 
857, 1, 845, 908, -1, 148, 170, 107.0, 17, ABplpaaapp, 0, 0, 0, 0, , 0, 0, 0, 0, 0, 
858, 1, 846, 909, -1, 156, 181, 126.0, 16, ABplpaaapa, 0, 0, 0, 0, , 0, 0, 0, 0, 0, 
859, 1, 847, 910, -1, 123, 165, 93.0, 16, ABplpaapaa, 0, 0, 0, 0, , 0, 0, 0, 0, 0, 
860, 1, 848, 911, -1, 145, 166, 90.0, 17, ABplpaapap, 0, 0, 0, 0, , 0, 0, 0, 0, 0, 
861, 1, 849, 912, -1, 165, 170, 91.0, 15, ABplpaappa, 0, 0, 0, 0, , 0, 0, 0, 0, 0, 
862, 1, 850, 913, -1, 181, 172, 107.0, 14, ABplpaappp, 0, 0, 0, 0, , 0, 0, 0, 0, 0, 
863, 1, 851, 914, -1, 158, 164, 146.0, 15, ABplpapaaa, 0, 0, 0, 0, , 0, 0, 0, 0, 0, 
864, 1, 852, 915, -1, 175, 168, 148.0, 15, ABplpapaap, 0, 0, 0, 0, , 0, 0, 0, 0, 0, 
865, 1, 853, 916, -1, 177, 172, 166.0, 16, ABplpapapa, 0, 0, 0, 0, , 0, 0, 0, 0, 0, 
866, 1, 854, 917, -1, 175, 155, 181.0, 17, ABplpappaa, 0, 0, 0, 0, , 0, 0, 0, 0, 0, 
867, 1, 855, 918, -1, 190, 151, 185.0, 12, ABplpappap, 0, 0, 0, 0, , 0, 0, 0, 0, 0, 
868, 1, 856, 919, -1, 205, 154, 190.0, 15, ABplpapppa, 0, 0, 0, 0, , 0, 0, 0, 0, 0, 
869, 1, 857, 920, -1, 228, 155, 188.0, 15, ABplpapppp, 0, 0, 0, 0, , 0, 0, 0, 0, 0, 
870, 1, 858, 921, -1, 106, 40, 118.0, 13, ABpraapaaa, 0, 0, 0, 0, , 0, 0, 0, 0, 0, 
871, 1, 859, 922, -1, 142, 34, 139.0, 14, ABpraapapa, 0, 0, 0, 0, , 0, 0, 0, 0, 0, 
872, 1, 860, 923, -1, 165, 33, 139.0, 14, ABpraapapp, 0, 0, 0, 0, , 0, 0, 0, 0, 0, 
873, 1, 861, 924, -1, 121, 71, 188.0, 14, ABprpaaaaa, 0, 0, 0, 0, , 0, 0, 0, 0, 0, 
874, 1, 862, 925, -1, 137, 72, 196.0, 14, ABprpaaaap, 0, 0, 0, 0, , 0, 0, 0, 0, 0, 
875, 1, 863, 926, -1, 143, 60, 187.0, 13, ABprpaaapa, 0, 0, 0, 0, , 0, 0, 0, 0, 0, 
876, 1, 864, 927, -1, 161, 64, 197.0, 15, ABprpaaapp, 0, 0, 0, 0, , 0, 0, 0, 0, 0, 
877, 1, 865, 928, -1, 140, 46, 176.0, 15, ABprpaapaa, 0, 0, 0, 0, , 0, 0, 0, 0, 0, 
878, 1, 866, 929, -1, 158, 47, 181.66667, 13, ABprpaapap, 0, 0, 0, 0, , 0, 0, 0, 0, 0, 
879, 1, 867, 930, -1, 176, 52, 185.66667, 15, ABprpaappa, 0, 0, 0, 0, , 0, 0, 0, 0, 0, 
880, 1, 868, 931, -1, 190, 60, 195.0, 15, ABprpaappp, 0, 0, 0, 0, , 0, 0, 0, 0, 0, 
881, 1, 869, 932, -1, 195, 113, 205.33333, 15, ABprpapapa, 0, 0, 0, 0, , 0, 0, 0, 0, 0, 
882, 1, 870, 933, -1, 167, 96, 197.0, 15, ABprpapaaa, 0, 0, 0, 0, , 0, 0, 0, 0, 0, 
883, 1, 871, 934, -1, 187, 107, 194.0, 15, ABprpapaap, 0, 0, 0, 0, , 0, 0, 0, 0, 0, 
884, 1, 872, 935, -1, 216, 119, 210.0, 14, ABprpapapp, 0, 0, 0, 0, , 0, 0, 0, 0, 0, 
885, 1, 873, 936, -1, 178, 126, 204.0, 15, ABprpappaa, 0, 0, 0, 0, , 0, 0, 0, 0, 0, 
886, 1, 874, 937, -1, 198, 134, 191.0, 15, ABprpappap, 0, 0, 0, 0, , 0, 0, 0, 0, 0, 
887, 1, 875, 938, -1, 218, 136, 202.0, 15, ABprpapppa, 0, 0, 0, 0, , 0, 0, 0, 0, 0, 
888, 1, 876, 939, -1, 246, 137, 186.0, 14, ABprpapppp, 0, 0, 0, 0, , 0, 0, 0, 0, 0, 
889, 1, 877, 940, -1, 173, 81, 202.0, 14, ABprppaaaa, 0, 0, 0, 0, , 0, 0, 0, 0, 0, 
890, 1, 878, 941, -1, 190, 73, 191.0, 14, ABprppaaap, 0, 0, 0, 0, , 0, 0, 0, 0, 0, 
891, 1, 879, 942, -1, 197, 93, 205.0, 13, ABprppaapa, 0, 0, 0, 0, , 0, 0, 0, 0, 0, 
892, 1, 880, 943, -1, 219, 91, 209.0, 15, ABprppaapp, 0, 0, 0, 0, , 0, 0, 0, 0, 0, 
893, 1, 881, 944, -1, 202, 77, 201.0, 12, ABprppapaa, 0, 0, 0, 0, , 0, 0, 0, 0, 0, 
894, 1, 882, 945, -1, 221, 74, 207.0, 13, ABprppapap, 0, 0, 0, 0, , 0, 0, 0, 0, 0, 
895, 1, 883, 946, -1, 235, 74, 199.0, 14, ABprppappa, 0, 0, 0, 0, , 0, 0, 0, 0, 0, 
896, 1, 884, 947, -1, 255, 82, 201.0, 14, ABprppappp, 0, 0, 0, 0, , 0, 0, 0, 0, 0, 
897, 1, 885, 948, -1, 238, 92, 211.0, 12, ABprpppaaa, 0, 0, 0, 0, , 0, 0, 0, 0, 0, 
898, 1, 886, 949, -1, 262, 98, 199.0, 12, ABprpppaap, 0, 0, 0, 0, , 0, 0, 0, 0, 0, 
899, 1, 887, 950, -1, 278, 108, 190.0, 12, ABprpppapa, 0, 0, 0, 0, , 0, 0, 0, 0, 0, 
900, 1, 888, 951, -1, 287, 128, 188.0, 12, ABprpppapp, 0, 0, 0, 0, , 0, 0, 0, 0, 0, 
901, 1, 889, 952, -1, 230, 110, 208.0, 15, ABprppppaa, 0, 0, 0, 0, , 0, 0, 0, 0, 0, 
902, 1, 890, 953, -1, 247, 112, 194.0, 15, ABprppppap, 0, 0, 0, 0, , 0, 0, 0, 0, 0, 
903, 1, 891, 954, -1, 260, 125, 190.0, 15, ABprpppppa, 0, 0, 0, 0, , 0, 0, 0, 0, 0, 
904, 1, 892, 955, -1, 272, 129, 171.0, 15, ABprpppppp, 0, 0, 0, 0, , 0, 0, 0, 0, 0, 
905, 1, 893, 956, -1, 68, 112, 134.25, 14, MSaaaaaa, 0, 0, 0, 0, , 0, 0, 0, 0, 0, 
906, 1, 894, 957, -1, 86, 104, 114.25, 10, MSaaaaap, 0, 0, 0, 0, , 0, 0, 0, 0, 0, 
907, 1, 895, 958, -1, 128, 84, 102.25, 11, MSaaaapp, 0, 0, 0, 0, , 0, 0, 0, 0, 0, 
908, 1, 896, 959, -1, 101, 92, 110.0, 15, MSaaaapa, 0, 0, 0, 0, , 0, 0, 0, 0, 0, 
909, 1, 897, 960, -1, 138, 97, 129.0, 15, MSaaapp, 0, 0, 0, 0, , 0, 0, 0, 0, 0, 
910, 1, 898, 961, -1, 129, 100, 112.0, 15, MSaaapap, 0, 0, 0, 0, , 0, 0, 0, 0, 0, 
911, 1, 899, 962, -1, 102, 114, 130.0, 15, MSaaapaa, 0, 0, 0, 0, , 0, 0, 0, 0, 0, 
912, 1, 900, 963, -1, 155, 137, 151.0, 10, MSaapapa, 0, 0, 0, 0, , 0, 0, 0, 0, 0, 
913, 1, 901, 964, -1, 187, 135, 152.66667, 10, MSaapapp, 0, 0, 0, 0, , 0, 0, 0, 0, 0, 
914, 1, 902, 965, -1, 140, 127, 152.0, 12, MSaapaaa, 0, 0, 0, 0, , 0, 0, 0, 0, 0, 
915, 1, 903, 966, -1, 149, 114, 130.0, 16, MSaapaap, 0, 0, 0, 0, , 0, 0, 0, 0, 0, 
916, 1, 904, 967, -1, 284, 110, 117.0, 17, Eplp, 0, 0, 0, 0, , 0, 0, 0, 0, 0, 
917, 1, 905, 968, -1, 309, 110, 89.0, 17, Caaapa, 0, 0, 0, 0, , 0, 0, 0, 0, 0, 
918, 1, 906, 969, -1, 326, 125, 150.0, 15, Caapa, 0, 0, 0, 0, , 0, 0, 0, 0, 0, 
919, 1, 907, 970, -1, 318, 141, 156.0, 17, Caapp, 0, 0, 0, 0, , 0, 0, 0, 0, 0, 
920, 1, 908, 971, -1, 238, 146, 154.0, 17, Capaa, 0, 0, 0, 0, , 0, 0, 0, 0, 0, 
921, 1, 909, 972, -1, 262, 151, 145.0, 17, Capap, 0, 0, 0, 0, , 0, 0, 0, 0, 0, 
922, 1, 911, 973, -1, 288, 135, 145.0, 17, Cappp, 0, 0, 0, 0, , 0, 0, 0, 0, 0, 
923, 1, 912, 974, -1, 244, 109, 176.0, 15, Cppaa, 0, 0, 0, 0, , 0, 0, 0, 0, 0, 
924, 1, 913, 975, -1, 267, 110, 173.0, 15, Cppap, 0, 0, 0, 0, , 0, 0, 0, 0, 0, 
925, 1, 915, 976, -1, 237, 108, 131.0, 18, Z2, 0, 0, 0, 0, , 0, 0, 0, 0, 0, 
926, 1, 916, 977, -1, 212, 128, 148.0, 16, Z3, 0, 0, 0, 0, , 0, 0, 0, 0, 0, 
927, 1, 917, 978, -1, 91, 85, 70.0, 14, ABarpaaaap, 0, 0, 0, 0, , 0, 0, 0, 0, 0, 
928, 1, 918, 979, -1, 81, 75, 97.0, 14, ABarpaaaaa, 0, 0, 0, 0, , 0, 0, 0, 0, 0, 
929, 1, 919, 980, -1, 102, 76, 87.0, 14, ABarpaaapa, 0, 0, 0, 0, , 0, 0, 0, 0, 0, 
930, 1, 920, 981, -1, 123, 73, 81.0, 15, ABarpaaapp, 0, 0, 0, 0, , 0, 0, 0, 0, 0, 
931, 1, 921, 982, -1, 135, 68, 86.0, 15, ABarpaapaa, 0, 0, 0, 0, , 0, 0, 0, 0, 0, 
932, 1, 922, 983, -1, 170, 65, 76.0, 15, ABarpaapap, 0, 0, 0, 0, , 0, 0, 0, 0, 0, 
933, 1, 923, 984, -1, 190, 62, 83.0, 14, ABarpaappa, 0, 0, 0, 0, , 0, 0, 0, 0, 0, 
934, 1, 924, 985, -1, 211, 71, 79.0, 15, ABarpaappp, 0, 0, 0, 0, , 0, 0, 0, 0, 0, 
935, 1, 925, 986, -1, 93, 57, 95.0, 15, ABarpapaaa, 0, 0, 0, 0, , 0, 0, 0, 0, 0, 
936, 1, 926, 987, -1, 118, 53, 95.0, 15, ABarpapaap, 0, 0, 0, 0, , 0, 0, 0, 0, 0, 
937, 1, 927, 988, -1, 139, 52, 89.0, 15, ABarpapapa, 0, 0, 0, 0, , 0, 0, 0, 0, 0, 
938, 1, 928, 989, -1, 162, 47, 97.0, 15, ABarpapapp, 0, 0, 0, 0, , 0, 0, 0, 0, 0, 
939, 1, 929, 990, -1, 143, 34, 101.0, 14, ABarpappaa, 0, 0, 0, 0, , 0, 0, 0, 0, 0, 
940, 1, 930, 991, -1, 159, 31, 119.0, 14, ABarpappap, 0, 0, 0, 0, , 0, 0, 0, 0, 0, 
941, 1, 931, 992, -1, 223, 55, 94.0, 15, ABarpppapa, 0, 0, 0, 0, , 0, 0, 0, 0, 0, 
942, 1, 932, 993, -1, 243, 55, 117.0, 15, ABarpppapp, 0, 0, 0, 0, , 0, 0, 0, 0, 0, 
943, 1, 933, 994, -1, 230, 89, 71.0, 16, ABarppaapa, 0, 0, 0, 0, , 0, 0, 0, 0, 0, 
944, 1, 934, 995, -1, 243, 115, 73.0, 16, ABarppaapp, 0, 0, 0, 0, , 0, 0, 0, 0, 0, 
945, 1, 935, 996, -1, 191, 82, 60.0, 15, ABarppaaaa, 0, 0, 0, 0, , 0, 0, 0, 0, 0, 
946, 1, 936, 997, -1, 210, 99, 71.0, 14, ABarppaaap, 0, 0, 0, 0, , 0, 0, 0, 0, 0, 
947, 1, 937, 998, -1, 215, 128, 71.0, 17, ABarppapaa, 0, 0, 0, 0, , 0, 0, 0, 0, 0, 
948, 1, 938, 999, -1, 244, 136, 77.0, 18, ABarppapap, 0, 0, 0, 0, , 0, 0, 0, 0, 0, 
949, 1, 939, 1000, -1, 267, 125, 77.0, 17, ABarppappa, 0, 0, 0, 0, , 0, 0, 0, 0, 0, 
950, 1, 940, 1001, -1, 301, 135, 101.0, 17, ABarppappp, 0, 0, 0, 0, , 0, 0, 0, 0, 0, 
951, 1, 941, 1002, -1, 186, 40, 95.0, 16, ABarpppaaa, 0, 0, 0, 0, , 0, 0, 0, 0, 0, 
952, 1, 942, 1003, -1, 214, 37, 119.0, 16, ABarpppaap, 0, 0, 0, 0, , 0, 0, 0, 0, 0, 
953, 1, 943, 1004, -1, 165, 46, 119.0, 13, ABarpapppa, 0, 0, 0, 0, , 0, 0, 0, 0, 0, 
954, 1, 944, 1005, -1, 190, 41, 122.0, 14, ABarpapppp, 0, 0, 0, 0, , 0, 0, 0, 0, 0, 
955, 1, 945, 1006, -1, 227, 38, 127.0, 14, ABarppppaa, 0, 0, 0, 0, , 0, 0, 0, 0, 0, 
956, 1, 946, 1007, -1, 247, 48, 143.0, 15, ABarppppap, 0, 0, 0, 0, , 0, 0, 0, 0, 0, 
957, 1, 947, 1008, -1, 262, 47, 134.0, 14, ABarpppppa, 0, 0, 0, 0, , 0, 0, 0, 0, 0, 
958, 1, 948, 1009, -1, 300, 64, 136.0, 15, ABarpppppp, 0, 0, 0, 0, , 0, 0, 0, 0, 0, 
959, 1, 949, 1010, -1, 90, 97, 65.0, 17, ABplaaaaaa, 0, 0, 0, 0, , 0, 0, 0, 0, 0, 
960, 1, 950, 1011, -1, 114, 94, 67.0, 17, ABplaaaaap, 0, 0, 0, 0, , 0, 0, 0, 0, 0, 
961, 1, 951, 1012, -1, 129, 87, 72.0, 15, ABplaaaapa, 0, 0, 0, 0, , 0, 0, 0, 0, 0, 
962, 1, 952, 1013, -1, 154, 83, 68.0, 16, ABplaaaapp, 0, 0, 0, 0, , 0, 0, 0, 0, 0, 
963, 1, 953, 1014, -1, 131, 100, 54.0, 17, ABplaaapaa, 0, 0, 0, 0, , 0, 0, 0, 0, 0, 
964, 1, 954, 1015, -1, 157, 103, 57.0, 17, ABplaaapap, 0, 0, 0, 0, , 0, 0, 0, 0, 0, 
965, 1, 955, 1016, -1, 178, 102, 57.0, 15, ABplaaappa, 0, 0, 0, 0, , 0, 0, 0, 0, 0, 
966, 1, 956, 1017, -1, 195, 109, 79.0, 16, ABplaaappp, 0, 0, 0, 0, , 0, 0, 0, 0, 0, 
967, 1, 957, 1018, -1, 98, 117, 56.0, 15, ABplaapaaa, 0, 0, 0, 0, , 0, 0, 0, 0, 0, 
968, 1, 958, 1019, -1, 120, 112, 55.0, 16, ABplaapaap, 0, 0, 0, 0, , 0, 0, 0, 0, 0, 
969, 1, 959, 1020, -1, 131, 128, 55.0, 17, ABplaapapa, 0, 0, 0, 0, , 0, 0, 0, 0, 0, 
970, 1, 960, 1021, -1, 150, 123, 59.0, 17, ABplaapapp, 0, 0, 0, 0, , 0, 0, 0, 0, 0, 
971, 1, 961, 1022, -1, 147, 149, 55.0, 17, ABplaappaa, 0, 0, 0, 0, , 0, 0, 0, 0, 0, 
972, 1, 962, 1023, -1, 174, 149, 65.0, 17, ABplaappap, 0, 0, 0, 0, , 0, 0, 0, 0, 0, 
973, 1, 963, 1024, -1, 184, 158, 80.0, 17, ABplaapppa, 0, 0, 0, 0, , 0, 0, 0, 0, 0, 
974, 1, 964, 1025, -1, 203, 164, 90.0, 17, ABplaapppp, 0, 0, 0, 0, , 0, 0, 0, 0, 0, 
975, 1, 965, 1026, -1, 172, 120, 74.0, 17, ABplapaaaa, 0, 0, 0, 0, , 0, 0, 0, 0, 0, 
976, 1, 966, 1027, -1, 191, 134, 78.0, 17, ABplapaaap, 0, 0, 0, 0, , 0, 0, 0, 0, 0, 
977, 1, 967, 1028, -1, 207, 143, 69.0, 17, ABplapaapa, 0, 0, 0, 0, , 0, 0, 0, 0, 0, 
978, 1, 968, 1029, -1, 226, 154, 79.0, 17, ABplapaapp, 0, 0, 0, 0, , 0, 0, 0, 0, 0, 
979, 1, 969, 1030, -1, 274, 142, 87.0, 14, ABplapapaa, 0, 0, 0, 0, , 0, 0, 0, 0, 0, 
980, 1, 970, 1031, -1, 296, 149, 95.0, 16, ABplapapap, 0, 0, 0, 0, , 0, 0, 0, 0, 0, 
981, 1, 971, 1032, -1, 304, 156, 112.0, 17, ABplapappa, 0, 0, 0, 0, , 0, 0, 0, 0, 0, 
982, 1, 972, 1033, -1, 308, 155, 136.0, 17, ABplapappp, 0, 0, 0, 0, , 0, 0, 0, 0, 0, 
983, 1, 973, 1034, -1, 222, 168, 100.0, 18, ABplappaaa, 0, 0, 0, 0, , 0, 0, 0, 0, 0, 
984, 1, 974, 1035, -1, 246, 169, 102.0, 15, ABplappaap, 0, 0, 0, 0, , 0, 0, 0, 0, 0, 
985, 1, 975, 1036, -1, 248, 157, 84.0, 15, ABplappapa, 0, 0, 0, 0, , 0, 0, 0, 0, 0, 
986, 1, 976, 1037, -1, 268, 158, 102.0, 14, ABplappapp, 0, 0, 0, 0, , 0, 0, 0, 0, 0, 
987, 1, 977, 1038, -1, 256, 163, 117.0, 17, ABplapppaa, 0, 0, 0, 0, , 0, 0, 0, 0, 0, 
988, 1, 978, 1039, -1, 278, 167, 125.0, 15, ABplapppap, 0, 0, 0, 0, , 0, 0, 0, 0, 0, 
989, 1, 979, 1040, -1, 296, 167, 128.0, 16, ABplappppa, 0, 0, 0, 0, , 0, 0, 0, 0, 0, 
990, 1, 980, 1041, -1, 298, 155, 156.0, 15, ABplappppp, 0, 0, 0, 0, , 0, 0, 0, 0, 0, 
991, 1, 981, 1042, -1, 195, 146, 169.0, 16, MSaappa, 0, 0, 0, 0, , 0, 0, 0, 0, 0, 
992, 1, 982, 1043, -1, 206, 154, 148.0, 16, MSaappp, 0, 0, 0, 0, , 0, 0, 0, 0, 0, 
993, 1, 983, 1044, -1, 89, 139, 123.0, 16, MSapaaa, 0, 0, 0, 0, , 0, 0, 0, 0, 0, 
994, 1, 984, 1045, -1, 125, 147, 123.0, 16, MSapaap, 0, 0, 0, 0, , 0, 0, 0, 0, 0, 
995, 1, 985, 1046, -1, 125, 138, 109.0, 16, MSapapa, 0, 0, 0, 0, , 0, 0, 0, 0, 0, 
996, 1, 986, 1047, -1, 146, 124, 97.0, 16, MSapapp, 0, 0, 0, 0, , 0, 0, 0, 0, 0, 
997, 1, 987, 1048, -1, 154, 136, 126.0, 16, MSappaa, 0, 0, 0, 0, , 0, 0, 0, 0, 0, 
998, 1, 988, 1049, -1, 172, 151, 133.0, 15, MSappap, 0, 0, 0, 0, , 0, 0, 0, 0, 0, 
999, 1, 989, 1050, -1, 161, 146, 105.0, 14, MSapppa, 0, 0, 0, 0, , 0, 0, 0, 0, 0, 
1000, 1, 990, 1051, -1, 193, 136, 98.0, 14, MSapppp, 0, 0, 0, 0, , 0, 0, 0, 0, 0, 
1001, 1, 991, 1052, -1, 80, 93, 144.0, 15, MSpaaaaa, 0, 0, 0, 0, , 0, 0, 0, 0, 0, 
1002, 1, 992, 1053, -1, 105, 88, 135.0, 15, MSpaaaap, 0, 0, 0, 0, , 0, 0, 0, 0, 0, 
1003, 1, 993, 1054, -1, 118, 77, 127.0, 13, MSpaaapa, 0, 0, 0, 0, , 0, 0, 0, 0, 0, 
1004, 1, 994, 1055, -1, 138, 70, 122.0, 15, MSpaaapp, 0, 0, 0, 0, , 0, 0, 0, 0, 0, 
1005, 1, 995, 1056, -1, 118, 91, 150.0, 15, MSpaapaa, 0, 0, 0, 0, , 0, 0, 0, 0, 0, 
1006, 1, 996, 1057, -1, 151, 79, 145.0, 15, MSpaapap, 0, 0, 0, 0, , 0, 0, 0, 0, 0, 
1007, 1, 997, 1058, -1, 162, 85, 120.0, 15, MSpaapp, 0, 0, 0, 0, , 0, 0, 0, 0, 0, 
1008, 1, 998, 1059, -1, 156, 120, 168.0, 14, MSpapaaa, 0, 0, 0, 0, , 0, 0, 0, 0, 0, 
1009, 1, 999, 1060, -1, 172, 114, 148.0, 14, MSpapaap, 0, 0, 0, 0, , 0, 0, 0, 0, 0, 
1010, 1, 1000, 1061, -1, 171, 107, 175.0, 16, MSpapapa, 0, 0, 0, 0, , 0, 0, 0, 0, 0, 
1011, 1, 1001, 1062, -1, 201, 119, 162.0, 16, MSpapapp, 0, 0, 0, 0, , 0, 0, 0, 0, 0, 
1012, 1, 1002, 1063, -1, 214, 132, 173.0, 14, MSpappa, 0, 0, 0, 0, , 0, 0, 0, 0, 0, 
1013, 1, 1003, 1064, -1, 221, 120, 186.0, 16, MSpappp, 0, 0, 0, 0, , 0, 0, 0, 0, 0, 
1014, 1, 1004, 1065, -1, 142, 85, 178.0, 14, MSppaap, 0, 0, 0, 0, , 0, 0, 0, 0, 0, 
1015, 1, 1005, 1066, -1, 106, 84, 169.0, 12, MSppaaa, 0, 0, 0, 0, , 0, 0, 0, 0, 0, 
1016, 1, 1006, 1067, -1, 130, 74, 164.0, 14, MSppapa, 0, 0, 0, 0, , 0, 0, 0, 0, 0, 
1017, 1, 1007, 1068, -1, 161, 60, 143.0, 15, MSppapp, 0, 0, 0, 0, , 0, 0, 0, 0, 0, 
1018, 1, 1008, 1069, -1, 160, 91, 173.0, 14, MSpppaa, 0, 0, 0, 0, , 0, 0, 0, 0, 0, 
1019, 1, 1009, 1070, -1, 184, 87, 179.0, 16, MSpppap, 0, 0, 0, 0, , 0, 0, 0, 0, 0, 
1020, 1, 1010, 1071, -1, 172, 70, 171.0, 14, MSppppa, 0, 0, 0, 0, , 0, 0, 0, 0, 0, 
1021, 1, 1011, 1072, -1, 191, 63, 153.0, 15, MSppppp, 0, 0, 0, 0, , 0, 0, 0, 0, 0, 
1022, 1, 1012, 1073, -1, 148, 100, 100.0, 17, Ealaa, 0, 0, 0, 0, , 0, 0, 0, 0, 0, 
1023, 1, 1013, 1074, -1, 186, 100, 101.0, 16, Ealap, 0, 0, 0, 0, , 0, 0, 0, 0, 0, 
1024, 1, 1014, 1075, -1, 105, 66, 151.0, 17, ABpraaapaa, 0, 0, 0, 0, , 0, 0, 0, 0, 0, 
1025, 1, 1015, 1076, -1, 119, 54, 140.0, 14, ABpraaapap, 0, 0, 0, 0, , 0, 0, 0, 0, 0, 
1026, 1, 1016, 1077, -1, 168, 123, 122.0, 15, Ealpa, 0, 0, 0, 0, , 0, 0, 0, 0, 0, 
1027, 1, 1017, 1078, -1, 203, 114, 117.0, 15, Ealpp, 0, 0, 0, 0, , 0, 0, 0, 0, 0, 
1028, 1, 1018, 1079, -1, 154, 76, 110.0, 15, Earaa, 0, 0, 0, 0, , 0, 0, 0, 0, 0, 
1029, 1, 1019, 1080, -1, 184, 79, 121.0, 15, Earap, 0, 0, 0, 0, , 0, 0, 0, 0, 0, 
1030, 1, 1020, 1081, -1, 179, 90, 139.0, 15, Earpa, 0, 0, 0, 0, , 0, 0, 0, 0, 0, 
1031, 1, 1021, 1082, -1, 217, 91, 134.0, 15, Earpp, 0, 0, 0, 0, , 0, 0, 0, 0, 0, 
1032, 1, 1022, 1083, -1, 214, 100, 99.0, 14, Eplaa, 0, 0, 0, 0, , 0, 0, 0, 0, 0, 
1033, 1, 1023, 1084, -1, 254, 111, 105.0, 15, Eplap, 0, 0, 0, 0, , 0, 0, 0, 0, 0, 
1034, 1, 1024, 1085, -1, 210, 64, 121.0, 15, Epraa, 0, 0, 0, 0, , 0, 0, 0, 0, 0, 
1035, 1, 1025, 1086, -1, 243, 86, 111.0, 16, Eprap, 0, 0, 0, 0, , 0, 0, 0, 0, 0, 
1036, 1, 1026, 1087, -1, 257, 102, 77.0, 15, Caaaaa, 0, 0, 0, 0, , 0, 0, 0, 0, 0, 
1037, 1, 1027, 1088, -1, 292, 104, 85.0, 16, Caaaap, 0, 0, 0, 0, , 0, 0, 0, 0, 0, 
1038, 1, 1028, 1089, -1, 319, 123, 122.0, 17, Caaapp, 0, 0, 0, 0, , 0, 0, 0, 0, 0, 
1039, 1, 1029, 1090, -1, 250, 131, 114.0, 17, Cappaa, 0, 0, 0, 0, , 0, 0, 0, 0, 0, 
1040, 1, 910, 1091, -1, 281, 140, 128.0, 14, Cappap, 0, 0, 0, 0, , 0, 0, 0, 0, 0, 
1041, 1, 1030, 1092, -1, 241, 68, 81.0, 17, Cpaaaa, 0, 0, 0, 0, , 0, 0, 0, 0, 0, 
1042, 1, 1031, 1093, -1, 269, 64, 106.0, 19, Cpaaap, 0, 0, 0, 0, , 0, 0, 0, 0, 0, 
1043, 1, 1032, 1094, -1, 290, 70, 108.0, 17, Cpaapa, 0, 0, 0, 0, , 0, 0, 0, 0, 0, 
1044, 1, 1033, 1095, -1, 318, 92, 126.0, 17, Cpaapp, 0, 0, 0, 0, , 0, 0, 0, 0, 0, 
1045, 1, 1034, 1096, -1, 321, 121, 140.0, 15, Cpapaa, 0, 0, 0, 0, , 0, 0, 0, 0, 0, 
1046, 1, 1035, 1097, -1, 320, 88, 152.0, 15, Cpapap, 0, 0, 0, 0, , 0, 0, 0, 0, 0, 
1047, 1, 1036, 1098, -1, 321, 104, 162.0, 15, Cpappd, 0, 0, 0, 0, , 0, 0, 0, 0, 0, 
1048, 1, 1037, 1099, -1, 307, 131, 178.0, 15, Cpappv, 0, 0, 0, 0, , 0, 0, 0, 0, 0, 
1049, 1, 1038, 1100, -1, 256, 74, 161.0, 15, Cpppaa, 0, 0, 0, 0, , 0, 0, 0, 0, 0, 
1050, 1, 1039, 1101, -1, 292, 84, 162.0, 14, Cpppap, 0, 0, 0, 0, , 0, 0, 0, 0, 0, 
1051, 1, 1040, 1102, -1, 289, 96, 158.0, 15, Cppppa, 0, 0, 0, 0, , 0, 0, 0, 0, 0, 
1052, 1, 914, 1103, -1, 293, 127, 161.0, 14, Cppppp, 0, 0, 0, 0, , 0, 0, 0, 0, 0, 
1053, 1, 1041, 1104, -1, 193, 149, 114.0, 16, Daaa, 0, 0, 0, 0, , 0, 0, 0, 0, 0, 
1054, 1, 1042, 1105, -1, 213, 151, 133.0, 14, Daap, 0, 0, 0, 0, , 0, 0, 0, 0, 0, 
1055, 1, 1043, 1106, -1, 217, 141, 113.0, 16, Dapa, 0, 0, 0, 0, , 0, 0, 0, 0, 0, 
1056, 1, 1044, 1107, -1, 236, 133, 120.0, 16, Dapp, 0, 0, 0, 0, , 0, 0, 0, 0, 0, 
1057, 1, 1045, 1108, -1, 198, 77, 170.0, 16, Dpaa, 0, 0, 0, 0, , 0, 0, 0, 0, 0, 
1058, 1, 1046, 1109, -1, 214, 97, 179.0, 16, Dpap, 0, 0, 0, 0, , 0, 0, 0, 0, 0, 
1059, 1, 1047, 1110, -1, 224, 82, 170.0, 16, Dppa, 0, 0, 0, 0, , 0, 0, 0, 0, 0, 
1060, 1, 1048, 1111, -1, 239, 77, 161.0, 16, Dppp, 0, 0, 0, 0, , 0, 0, 0, 0, 0, 
1061, 1, 1049, 1112, -1, 128, 38, 127.0, 14, ABpraapaap, 0, 0, 0, 0, , 0, 0, 0, 0, 0, 
1062, 1, 1050, 1113, -1, 123, 152, 66.0, 14, ABalpppapp, 0, 0, 0, 0, , 0, 0, 0, 0, 0, 
1063, 1, 1051, 1114, -1, 302, 95, 187.5, 15, ABprappppa, 0, 0, 0, 0, , 0, 0, 0, 0, 0, 
1064, 1, 1052, 1115, -1, 302, 117, 180.0, 17, ABprappppp, 0, 0, 0, 0, , 0, 0, 0, 0, 0, 
1065, 1, 1053, 1116, -1, 104, 165, 96.0, 14, ABalppaapp, 0, 0, 0, 0, , 0, 0, 0, 0, 0, 
