1, 0, 1, -1, -1, 52, 111, 81.0, 7, , 12, 0, 0, 0, , 0, 0, 0, 0, 0, 
2, 0, 2, -1, -1, 185, 100, 198.0, 9, , 77, 0, 0, 0, , 0, 0, 0, 0, 0, 
3, 0, 3, -1, -1, 188, 61, 194.0, 7, , 55, 0, 0, 0, , 0, 0, 0, 0, 0, 
4, 0, 4, -1, -1, 203, 81, 202.0, 9, , 22, 0, 0, 0, , 0, 0, 0, 0, 0, 
5, 0, 5, -1, -1, 139, 109, 207.0, 9, , 56, 0, 0, 0, , 0, 0, 0, 0, 0, 
6, 0, 6, -1, -1, 129, 125, 188.0, 9, , 65, 0, 0, 0, , 0, 0, 0, 0, 0, 
7, 0, 7, -1, -1, 179, 50, 187.0, 9, , 77, 0, 0, 0, , 0, 0, 0, 0, 0, 
8, 0, 9, -1, -1, 219, 45, 149.0, 9, , 58, 0, 0, 0, , 0, 0, 0, 0, 0, 
9, 0, 10, -1, -1, 135, 47, 177.0, 7, , 25, 0, 0, 0, , 0, 0, 0, 0, 0, 
10, 0, 11, -1, -1, 146, 118, 189.0, 9, , 63, 0, 0, 0, , 0, 0, 0, 0, 0, 
11, 0, 12, -1, -1, 128, 124, 184.0, 11, , 133, 0, 0, 0, , 0, 0, 0, 0, 0, 
12, 0, 13, -1, -1, 139, 53, 177.0, 9, , 22, 0, 0, 0, , 0, 0, 0, 0, 0, 
13, 0, 14, -1, -1, 132, 72, 198.0, 9, , 37, 0, 0, 0, , 0, 0, 0, 0, 0, 
14, 0, 15, -1, -1, 138, 65, 190.0, 8, , 97, 0, 0, 0, , 0, 0, 0, 0, 0, 
15, 0, 16, -1, -1, 153, 82, 198.0, 9, , 42, 0, 0, 0, , 0, 0, 0, 0, 0, 
16, 0, 17, -1, -1, 201, 170, 164.0, 11, , 14, 0, 0, 0, , 0, 0, 0, 0, 0, 
17, 0, 18, -1, -1, 232, 47, 164.0, 9, , 33, 0, 0, 0, , 0, 0, 0, 0, 0, 
18, 0, 19, -1, -1, 104, 101, 161.0, 9, , 37, 0, 0, 0, , 0, 0, 0, 0, 0, 
19, 0, 20, -1, -1, 235, 55, 182.0, 9, , 48, 0, 0, 0, , 0, 0, 0, 0, 0, 
20, 0, 21, -1, -1, 265, 97, 197.0, 9, , 34, 0, 0, 0, , 0, 0, 0, 0, 0, 
21, 0, 22, -1, -1, 133, 91, 209.0, 9, , 36, 0, 0, 0, , 0, 0, 0, 0, 0, 
22, 0, 23, -1, -1, 188, 43, 147.0, 9, , 75, 0, 0, 0, , 0, 0, 0, 0, 0, 
23, 0, 24, -1, -1, 84, 108, 193.0, 9, , 36, 0, 0, 0, , 0, 0, 0, 0, 0, 
24, 0, 25, -1, -1, 131, 92, 204.0, 9, , 40, 0, 0, 0, , 0, 0, 0, 0, 0, 
25, 0, 26, -1, -1, 161, 144, 198.0, 9, , 89, 0, 0, 0, , 0, 0, 0, 0, 0, 
26, 0, 27, -1, -1, 157, 139, 204.0, 11, , 91, 0, 0, 0, , 0, 0, 0, 0, 0, 
27, 0, 30, -1, -1, 123, 39, 126.0, 11, , 22, 0, 0, 0, , 0, 0, 0, 0, 0, 
28, 0, 32, -1, -1, 150, 32, 157.0, 9, , 51, 0, 0, 0, , 0, 0, 0, 0, 0, 
29, 0, 33, -1, -1, 278, 62, 177.0, 7, , 31, 0, 0, 0, , 0, 0, 0, 0, 0, 
30, 0, 34, -1, -1, 88, 104, 198.0, 9, , 43, 0, 0, 0, , 0, 0, 0, 0, 0, 
31, 0, 35, -1, -1, 87, 104, 196.0, 13, , 64, 0, 0, 0, , 0, 0, 0, 0, 0, 
32, 0, 36, -1, -1, 103, 103, 196.0, 9, , 16, 0, 0, 0, , 0, 0, 0, 0, 0, 
33, 0, 37, -1, -1, 153, 97, 211.0, 9, , 74, 0, 0, 0, , 0, 0, 0, 0, 0, 
34, 0, 38, -1, -1, 71, 66, 132.0, 8, , 20, 0, 0, 0, , 0, 0, 0, 0, 0, 
35, 0, 39, -1, -1, 155, 51, 179.0, 9, , 42, 0, 0, 0, , 0, 0, 0, 0, 0, 
36, 0, 40, -1, -1, 131, 101, 188.0, 15, , 318, 0, 0, 0, , 0, 0, 0, 0, 0, 
37, 0, 41, -1, -1, 139, 61, 191.0, 9, , 32, 0, 0, 0, , 0, 0, 0, 0, 0, 
38, 0, 42, -1, -1, 160, 136, 199.0, 9, , 65, 0, 0, 0, , 0, 0, 0, 0, 0, 
39, 0, 43, -1, -1, 134, 91, 206.0, 9, , 78, 0, 0, 0, , 0, 0, 0, 0, 0, 
40, 0, 44, -1, -1, 162, 122, 200.0, 9, , 14, 0, 0, 0, , 0, 0, 0, 0, 0, 
41, 0, 45, -1, -1, 255, 123, 189.0, 9, , 10, 0, 0, 0, , 0, 0, 0, 0, 0, 
42, 0, 46, -1, -1, 175, 56, 183.0, 9, , 45, 0, 0, 0, , 0, 0, 0, 0, 0, 
43, 0, 47, -1, -1, 65, 146, 112.0, 13, , 160, 0, 0, 0, , 0, 0, 0, 0, 0, 
44, 0, 49, -1, -1, 158, 33, 135.0, 9, , 50, 0, 0, 0, , 0, 0, 0, 0, 0, 
45, 0, 50, -1, -1, 257, 67, 189.0, 9, , 18, 0, 0, 0, , 0, 0, 0, 0, 0, 
46, 0, 51, -1, -1, 253, 63, 183.0, 9, , 55, 0, 0, 0, , 0, 0, 0, 0, 0, 
47, 0, 52, -1, -1, 255, 49, 160.0, 9, , 46, 0, 0, 0, , 0, 0, 0, 0, 0, 
48, 0, 53, -1, -1, 158, 50, 185.0, 9, , 65, 0, 0, 0, , 0, 0, 0, 0, 0, 
49, 0, 54, -1, -1, 90, 58, 128.0, 9, , 17, 0, 0, 0, , 0, 0, 0, 0, 0, 
50, 0, 55, -1, -1, 98, 70, 153.0, 9, , 66, 0, 0, 0, , 0, 0, 0, 0, 0, 
51, 0, 56, -1, -1, 132, 53, 158.0, 7, , 19, 0, 0, 0, , 0, 0, 0, 0, 0, 
52, 0, 57, -1, -1, 72, 90, 179.0, 11, , 169, 0, 0, 0, , 0, 0, 0, 0, 0, 
53, 0, 58, -1, -1, 147, 124, 185.0, 9, , 74, 0, 0, 0, , 0, 0, 0, 0, 0, 
54, 0, 59, -1, -1, 201, 74, 200.0, 7, , 21, 0, 0, 0, , 0, 0, 0, 0, 0, 
55, 0, 60, -1, -1, 239, 93, 208.0, 15, , 95, 0, 0, 0, , 0, 0, 0, 0, 0, 
56, 0, 61, -1, -1, 139, 166, 140.0, 9, , 28, 0, 0, 0, , 0, 0, 0, 0, 0, 
57, 0, 62, -1, -1, 143, 61, 186.0, 9, , 32, 0, 0, 0, , 0, 0, 0, 0, 0, 
58, 0, 63, -1, -1, 273, 127, 175.0, 11, , 100, 0, 0, 0, , 0, 0, 0, 0, 0, 
59, 0, 64, -1, -1, 62, 115, 114.0, 11, , 43, 0, 0, 0, , 0, 0, 0, 0, 0, 
60, 0, 65, -1, -1, 62, 120, 109.0, 7, , 15, 0, 0, 0, , 0, 0, 0, 0, 0, 
61, 1, 66, 996, -1, 148, 32, 158.0, 13, ABpraappaa, 19, 0, 0, 0, , 0, 0, 0, 0, 0, 
62, 0, 67, -1, -1, 237, 48, 161.0, 11, , 121, 0, 0, 0, , 0, 0, 0, 0, 0, 
63, 0, 68, -1, -1, 76, 76, 171.0, 9, , 35, 0, 0, 0, , 0, 0, 0, 0, 0, 
64, 0, 69, -1, -1, 150, 50, 184.0, 7, , 25, 0, 0, 0, , 0, 0, 0, 0, 0, 
65, 0, 70, -1, -1, 246, 108, 199.0, 7, , 7, 0, 0, 0, , 0, 0, 0, 0, 0, 
66, 0, 72, -1, -1, 134, 102, 191.0, 9, , 112, 0, 0, 0, , 0, 0, 0, 0, 0, 
67, 0, 74, -1, -1, 230, 55, 190.0, 9, , 59, 0, 0, 0, , 0, 0, 0, 0, 0, 
68, 0, 75, -1, -1, 269, 78, 188.0, 11, , 57, 0, 0, 0, , 0, 0, 0, 0, 0, 
69, 0, 76, -1, -1, 177, 52, 192.0, 9, , 104, 0, 0, 0, , 0, 0, 0, 0, 0, 
70, 0, 77, -1, -1, 177, 52, 189.0, 11, , 172, 0, 0, 0, , 0, 0, 0, 0, 0, 
71, 0, 78, -1, -1, 164, 99, 198.0, 8, , 12, 0, 0, 0, , 0, 0, 0, 0, 0, 
72, 0, 79, -1, -1, 231, 110, 206.0, 11, , 203, 0, 0, 0, , 0, 0, 0, 0, 0, 
73, 0, 80, -1, -1, 179, 108, 209.0, 13, , 137, 0, 0, 0, , 0, 0, 0, 0, 0, 
74, 0, 81, -1, -1, 221, 78, 203.0, 7, , 38, 0, 0, 0, , 0, 0, 0, 0, 0, 
75, 0, 82, -1, -1, 241, 94, 206.0, 9, , 57, 0, 0, 0, , 0, 0, 0, 0, 0, 
76, 0, 83, -1, -1, 147, 121, 179.0, 11, , 132, 0, 0, 0, , 0, 0, 0, 0, 0, 
77, 0, 84, -1, -1, 247, 66, 185.0, 9, , 33, 0, 0, 0, , 0, 0, 0, 0, 0, 
78, 0, 86, -1, -1, 166, 61, 198.0, 9, , 46, 0, 0, 0, , 0, 0, 0, 0, 0, 
79, 0, 88, -1, -1, 260, 98, 202.0, 11, , 75, 0, 0, 0, , 0, 0, 0, 0, 0, 
80, 0, 89, -1, -1, 236, 91, 210.0, 9, , 47, 0, 0, 0, , 0, 0, 0, 0, 0, 
81, 0, 91, -1, -1, 139, 33, 140.0, 9, , 52, 0, 0, 0, , 0, 0, 0, 0, 0, 
82, 0, 92, -1, -1, 93, 101, 67.0, 9, , 19, 0, 0, 0, , 0, 0, 0, 0, 0, 
83, 0, 93, -1, -1, 83, 92, 94.0, 7, , 18, 0, 0, 0, , 0, 0, 0, 0, 0, 
84, 0, 94, -1, -1, 87, 56, 154.0, 9, , 32, 0, 0, 0, , 0, 0, 0, 0, 0, 
85, 0, 95, -1, -1, 178, 40, 168.0, 9, , 27, 0, 0, 0, , 0, 0, 0, 0, 0, 
86, 0, 96, -1, -1, 278, 62, 179.0, 9, , 33, 0, 0, 0, , 0, 0, 0, 0, 0, 
87, 0, 97, -1, -1, 280, 66, 175.0, 9, , 30, 0, 0, 0, , 0, 0, 0, 0, 0, 
88, 0, 98, -1, -1, 132, 52, 178.0, 9, , 26, 0, 0, 0, , 0, 0, 0, 0, 0, 
89, 0, -1, -1, -1, 193, 153, 184.0, 9, , 91, 0, 0, 0, , 0, 0, 0, 0, 0, 
90, 0, 100, -1, -1, 120, 76, 187.0, 9, , 94, 0, 0, 0, , 0, 0, 0, 0, 0, 
91, 0, 101, -1, -1, 106, 127, 196.0, 7, , 26, 0, 0, 0, , 0, 0, 0, 0, 0, 
92, 0, 102, -1, -1, 188, 59, 201.0, 13, , 95, 0, 0, 0, , 0, 0, 0, 0, 0, 
93, 0, 103, -1, -1, 121, 101, 205.0, 9, , 60, 0, 0, 0, , 0, 0, 0, 0, 0, 
94, 0, 104, -1, -1, 128, 88, 199.0, 9, , 89, 0, 0, 0, , 0, 0, 0, 0, 0, 
95, 0, 106, -1, -1, 185, 102, 203.0, 9, , 60, 0, 0, 0, , 0, 0, 0, 0, 0, 
96, 0, 107, -1, -1, 166, 30, 136.0, 9, , 64, 0, 0, 0, , 0, 0, 0, 0, 0, 
97, 0, 108, -1, -1, 182, 42, 162.0, 9, , 16, 0, 0, 0, , 0, 0, 0, 0, 0, 
98, 0, 109, -1, -1, 310, 86, 172.0, 11, , 33, 0, 0, 0, , 0, 0, 0, 0, 0, 
99, 0, 110, -1, -1, 310, 85, 175.0, 15, , 49, 0, 0, 0, , 0, 0, 0, 0, 0, 
100, 0, 111, -1, -1, 133, 50, 181.0, 9, , 48, 0, 0, 0, , 0, 0, 0, 0, 0, 
101, 0, 112, -1, -1, 189, 60, 198.0, 11, , 67, 0, 0, 0, , 0, 0, 0, 0, 0, 
102, 0, 113, -1, -1, 129, 121, 131.0, 9, , 49, 0, 0, 0, , 0, 0, 0, 0, 0, 
103, 0, 114, -1, -1, 71, 82, 163.0, 9, , 86, 0, 0, 0, , 0, 0, 0, 0, 0, 
104, 0, 115, -1, -1, 199, 167, 166.0, 9, , 26, 0, 0, 0, , 0, 0, 0, 0, 0, 
105, 0, 116, -1, -1, 261, 51, 169.0, 9, , 19, 0, 0, 0, , 0, 0, 0, 0, 0, 
106, 0, 117, -1, -1, 130, 52, 159.0, 11, , 72, 0, 0, 0, , 0, 0, 0, 0, 0, 
107, 0, 118, -1, -1, 145, 64, 193.0, 9, , 92, 0, 0, 0, , 0, 0, 0, 0, 0, 
108, 0, 119, -1, -1, 187, 101, 202.0, 13, , 150, 0, 0, 0, , 0, 0, 0, 0, 0, 
109, 0, 120, -1, -1, 159, 116, 203.0, 9, , 66, 0, 0, 0, , 0, 0, 0, 0, 0, 
110, 0, 121, -1, -1, 119, 100, 201.0, 9, , 40, 0, 0, 0, , 0, 0, 0, 0, 0, 
111, 0, 123, -1, -1, 212, 43, 141.0, 9, , 56, 0, 0, 0, , 0, 0, 0, 0, 0, 
112, 0, 124, -1, -1, 122, 128, 205.0, 11, , 234, 0, 0, 0, , 0, 0, 0, 0, 0, 
113, 0, 125, -1, -1, 106, 71, 154.0, 9, , 54, 0, 0, 0, , 0, 0, 0, 0, 0, 
114, 0, 126, -1, -1, 105, 138, 75.0, 9, , 5, 0, 0, 0, , 0, 0, 0, 0, 0, 
115, 0, 127, -1, -1, 77, 91, 94.0, 9, , 33, 0, 0, 0, , 0, 0, 0, 0, 0, 
116, 0, 128, -1, -1, 126, 163, 96.0, 13, , 45, 0, 0, 0, , 0, 0, 0, 0, 0, 
117, 0, 129, -1, -1, 79, 165, 106.0, 11, , 24, 0, 0, 0, , 0, 0, 0, 0, 0, 
118, 0, 130, -1, -1, 209, 46, 135.0, 13, , 44, 0, 0, 0, , 0, 0, 0, 0, 0, 
119, 0, 131, -1, -1, 115, 58, 142.0, 9, , 71, 0, 0, 0, , 0, 0, 0, 0, 0, 
120, 0, 132, -1, -1, 76, 159, 144.0, 13, , 55, 0, 0, 0, , 0, 0, 0, 0, 0, 
121, 0, 133, -1, -1, 159, 37, 157.0, 9, , 49, 0, 0, 0, , 0, 0, 0, 0, 0, 
122, 0, 134, -1, -1, 69, 82, 166.0, 9, , 71, 0, 0, 0, , 0, 0, 0, 0, 0, 
123, 0, 135, -1, -1, 136, 51, 156.0, 9, , 23, 0, 0, 0, , 0, 0, 0, 0, 0, 
124, 0, 136, -1, -1, 131, 145, 161.0, 9, , 69, 0, 0, 0, , 0, 0, 0, 0, 0, 
125, 0, 137, -1, -1, 69, 107, 172.0, 9, , 23, 0, 0, 0, , 0, 0, 0, 0, 0, 
126, 0, 138, -1, -1, 69, 101, 167.0, 9, , 43, 0, 0, 0, , 0, 0, 0, 0, 0, 
127, 0, 139, -1, -1, 118, 86, 172.0, 9, , 45, 0, 0, 0, , 0, 0, 0, 0, 0, 
128, 0, 140, -1, -1, 154, 168, 175.0, 13, , 103, 0, 0, 0, , 0, 0, 0, 0, 0, 
129, 0, 141, -1, -1, 71, 90, 175.0, 9, , 77, 0, 0, 0, , 0, 0, 0, 0, 0, 
130, 0, 142, -1, -1, 135, 82, 176.0, 7, , 17, 0, 0, 0, , 0, 0, 0, 0, 0, 
131, 0, 143, -1, -1, 97, 61, 176.0, 7, , 21, 0, 0, 0, , 0, 0, 0, 0, 0, 
132, 0, 144, -1, -1, 73, 91, 186.0, 9, , 26, 0, 0, 0, , 0, 0, 0, 0, 0, 
133, 0, 145, -1, -1, 113, 116, 184.0, 13, , 397, 0, 0, 0, , 0, 0, 0, 0, 0, 
134, 0, 147, -1, -1, 173, 57, 185.0, 9, , 35, 0, 0, 0, , 0, 0, 0, 0, 0, 
135, 0, 148, -1, -1, 117, 73, 189.0, 11, , 76, 0, 0, 0, , 0, 0, 0, 0, 0, 
136, 0, 149, -1, -1, 145, 66, 189.0, 9, , 83, 0, 0, 0, , 0, 0, 0, 0, 0, 
137, 0, 150, -1, -1, 139, 130, 200.0, 11, , 135, 0, 0, 0, , 0, 0, 0, 0, 0, 
138, 0, 151, -1, -1, 258, 97, 199.0, 9, , 41, 0, 0, 0, , 0, 0, 0, 0, 0, 
139, 0, 152, -1, -1, 82, 143, 93.0, 7, , 41, 0, 0, 0, , 0, 0, 0, 0, 0, 
140, 0, 153, -1, -1, 128, 32, 130.0, 9, , 36, 0, 0, 0, , 0, 0, 0, 0, 0, 
141, 0, 155, -1, -1, 108, 128, 150.0, 9, , 39, 0, 0, 0, , 0, 0, 0, 0, 0, 
142, 0, 156, -1, -1, 95, 53, 153.0, 9, , 58, 0, 0, 0, , 0, 0, 0, 0, 0, 
143, 0, 157, -1, -1, 101, 69, 148.0, 9, , 9, 0, 0, 0, , 0, 0, 0, 0, 0, 
144, 0, 159, -1, -1, 137, 50, 174.0, 13, , 249, 0, 0, 0, , 0, 0, 0, 0, 0, 
145, 0, 160, -1, -1, 151, 49, 186.0, 9, , 47, 0, 0, 0, , 0, 0, 0, 0, 0, 
146, 0, 161, -1, -1, 123, 128, 197.0, 11, , 198, 0, 0, 0, , 0, 0, 0, 0, 0, 
147, 0, 162, -1, -1, 156, 161, 142.0, 9, , 40, 0, 0, 0, , 0, 0, 0, 0, 0, 
148, 0, 163, -1, -1, 120, 71, 192.0, 11, , 116, 0, 0, 0, , 0, 0, 0, 0, 0, 
149, 0, 164, -1, -1, 145, 130, 202.0, 11, , 62, 0, 0, 0, , 0, 0, 0, 0, 0, 
150, 0, 165, -1, -1, 138, 117, 205.0, 9, , 85, 0, 0, 0, , 0, 0, 0, 0, 0, 
151, 0, 167, -1, -1, 305, 155, 135.0, 9, , 46, 0, 0, 0, , 0, 0, 0, 0, 0, 
152, 0, 168, -1, -1, 81, 112, 145.0, 9, , 73, 0, 0, 0, , 0, 0, 0, 0, 0, 
153, 0, 169, -1, -1, 200, 174, 148.0, 9, , 51, 0, 0, 0, , 0, 0, 0, 0, 0, 
154, 0, 170, -1, -1, 315, 71, 157.0, 9, , 45, 0, 0, 0, , 0, 0, 0, 0, 0, 
155, 0, 171, -1, -1, 310, 69, 154.0, 9, , 38, 0, 0, 0, , 0, 0, 0, 0, 0, 
156, 0, 172, -1, -1, 95, 98, 159.0, 9, , 36, 0, 0, 0, , 0, 0, 0, 0, 0, 
157, 0, 173, -1, -1, 281, 67, 184.0, 9, , 20, 0, 0, 0, , 0, 0, 0, 0, 0, 
158, 0, 174, -1, -1, 154, 166, 171.0, 9, , 66, 0, 0, 0, , 0, 0, 0, 0, 0, 
159, 0, 175, -1, -1, 268, 77, 189.0, 11, , 111, 0, 0, 0, , 0, 0, 0, 0, 0, 
160, 0, 176, -1, -1, 152, 86, 196.0, 9, , 53, 0, 0, 0, , 0, 0, 0, 0, 0, 
161, 0, 177, -1, -1, 198, 118, 210.0, 9, , 53, 0, 0, 0, , 0, 0, 0, 0, 0, 
162, 0, 178, -1, -1, 216, 136, 200.0, 8, , 13, 0, 0, 0, , 0, 0, 0, 0, 0, 
163, 0, 179, -1, -1, 205, 42, 139.0, 9, , 46, 0, 0, 0, , 0, 0, 0, 0, 0, 
164, 0, 180, -1, -1, 309, 85, 178.0, 15, , 223, 0, 0, 0, , 0, 0, 0, 0, 0, 
165, 0, 181, -1, -1, 184, 43, 164.0, 9, , 20, 0, 0, 0, , 0, 0, 0, 0, 0, 
166, 0, 182, -1, -1, 120, 72, 184.0, 11, , 54, 0, 0, 0, , 0, 0, 0, 0, 0, 
167, 0, 183, -1, -1, 200, 81, 199.0, 11, , 64, 0, 0, 0, , 0, 0, 0, 0, 0, 
168, 0, 184, -1, -1, 102, 56, 92.0, 9, , 25, 0, 0, 0, , 0, 0, 0, 0, 0, 
169, 0, 185, -1, -1, 105, 41, 118.0, 11, , 49, 0, 0, 0, , 0, 0, 0, 0, 0, 
170, 0, 186, -1, -1, 129, 122, 129.0, 9, , 58, 0, 0, 0, , 0, 0, 0, 0, 0, 
171, 0, 187, -1, -1, 133, 118, 127.0, 9, , 24, 0, 0, 0, , 0, 0, 0, 0, 0, 
172, 0, 188, -1, -1, 160, 93, 138.0, 11, , 34, 0, 0, 0, , 0, 0, 0, 0, 0, 
173, 0, 190, -1, -1, 153, 95, 141.0, 9, , 11, 0, 0, 0, , 0, 0, 0, 0, 0, 
174, 0, 192, -1, -1, 78, 108, 142.0, 9, , 19, 0, 0, 0, , 0, 0, 0, 0, 0, 
175, 0, 193, -1, -1, 298, 59, 158.0, 9, , 49, 0, 0, 0, , 0, 0, 0, 0, 0, 
176, 0, 194, -1, -1, 146, 88, 184.0, 9, , 34, 0, 0, 0, , 0, 0, 0, 0, 0, 
177, 0, 196, -1, -1, 287, 127, 184.0, 9, , 104, 0, 0, 0, , 0, 0, 0, 0, 0, 
178, 0, 197, -1, -1, 155, 50, 187.0, 15, , 115, 0, 0, 0, , 0, 0, 0, 0, 0, 
179, 0, 198, -1, -1, 252, 65, 189.0, 15, , 81, 0, 0, 0, , 0, 0, 0, 0, 0, 
180, 0, 199, -1, -1, 283, 84, 187.0, 9, , 43, 0, 0, 0, , 0, 0, 0, 0, 0, 
181, 0, 200, -1, -1, 104, 104, 194.0, 9, , 29, 0, 0, 0, , 0, 0, 0, 0, 0, 
182, 0, 201, -1, -1, 140, 110, 203.0, 9, , 57, 0, 0, 0, , 0, 0, 0, 0, 0, 
183, 0, 202, -1, -1, 160, 62, 205.0, 9, , 25, 0, 0, 0, , 0, 0, 0, 0, 0, 
184, 0, 203, -1, -1, 161, 123, 203.0, 7, , 36, 0, 0, 0, , 0, 0, 0, 0, 0, 
185, 0, 204, -1, -1, 142, 130, 205.0, 11, , 58, 0, 0, 0, , 0, 0, 0, 0, 0, 
186, 0, 206, -1, -1, 135, 99, 191.0, 7, , 35, 0, 0, 0, , 0, 0, 0, 0, 0, 
187, 0, 207, -1, -1, 161, 135, 195.0, 9, , 45, 0, 0, 0, , 0, 0, 0, 0, 0, 
188, 0, 208, -1, -1, 114, 92, 203.0, 9, , 52, 0, 0, 0, , 0, 0, 0, 0, 0, 
189, 0, 209, -1, -1, 139, 117, 207.0, 9, , 44, 0, 0, 0, , 0, 0, 0, 0, 0, 
190, 0, 210, -1, -1, 161, 92, 146.0, 9, , 39, 0, 0, 0, , 0, 0, 0, 0, 0, 
191, 0, 211, -1, -1, 139, 86, 175.0, 11, , 140, 0, 0, 0, , 0, 0, 0, 0, 0, 
192, 0, 212, -1, -1, 207, 46, 145.0, 9, , 41, 0, 0, 0, , 0, 0, 0, 0, 0, 
193, 0, 213, -1, -1, 99, 130, 190.0, 11, , 65, 0, 0, 0, , 0, 0, 0, 0, 0, 
194, 0, 214, -1, -1, 74, 91, 98.0, 7, , 3, 0, 0, 0, , 0, 0, 0, 0, 0, 
195, 0, 215, -1, -1, 175, 180, 125.0, 9, , 60, 0, 0, 0, , 0, 0, 0, 0, 0, 
196, 0, 216, -1, -1, 99, 41, 131.0, 9, , 24, 0, 0, 0, , 0, 0, 0, 0, 0, 
197, 0, 217, -1, -1, 49, 95, 140.0, 7, , 29, 0, 0, 0, , 0, 0, 0, 0, 0, 
198, 0, 218, -1, -1, 70, 129, 142.0, 11, , 56, 0, 0, 0, , 0, 0, 0, 0, 0, 
199, 0, 219, -1, -1, 316, 70, 157.0, 9, , 35, 0, 0, 0, , 0, 0, 0, 0, 0, 
200, 0, 220, -1, -1, 277, 147, 166.0, 11, , 151, 0, 0, 0, , 0, 0, 0, 0, 0, 
201, 0, 221, -1, -1, 129, 143, 165.0, 11, , 75, 0, 0, 0, , 0, 0, 0, 0, 0, 
202, 0, 222, -1, -1, 194, 152, 175.0, 9, , 33, 0, 0, 0, , 0, 0, 0, 0, 0, 
203, 0, 223, -1, -1, 134, 118, 175.0, 11, , 49, 0, 0, 0, , 0, 0, 0, 0, 0, 
204, 0, 224, -1, -1, 247, 67, 187.0, 9, , 33, 0, 0, 0, , 0, 0, 0, 0, 0, 
205, 0, 225, -1, -1, 171, 100, 200.0, 11, , 46, 0, 0, 0, , 0, 0, 0, 0, 0, 
206, 0, 227, -1, -1, 117, 98, 210.0, 11, , 94, 0, 0, 0, , 0, 0, 0, 0, 0, 
207, 0, 228, -1, -1, 158, 33, 145.0, 9, , 60, 0, 0, 0, , 0, 0, 0, 0, 0, 
208, 0, 229, -1, -1, 261, 49, 166.0, 7, , 43, 0, 0, 0, , 0, 0, 0, 0, 0, 
209, 0, 230, -1, -1, 284, 127, 193.0, 7, , 69, 0, 0, 0, , 0, 0, 0, 0, 0, 
210, 0, 231, -1, -1, 218, 77, 207.0, 9, , 73, 0, 0, 0, , 0, 0, 0, 0, 0, 
211, 0, 232, -1, -1, 177, 43, 162.0, 9, , 30, 0, 0, 0, , 0, 0, 0, 0, 0, 
212, 0, 233, -1, -1, 93, 101, 64.0, 9, , 19, 0, 0, 0, , 0, 0, 0, 0, 0, 
213, 0, 234, -1, -1, 160, 160, 121.0, 7, , 14, 0, 0, 0, , 0, 0, 0, 0, 0, 
214, 0, 235, -1, -1, 277, 163, 124.0, 9, , 22, 0, 0, 0, , 0, 0, 0, 0, 0, 
215, 0, 236, -1, -1, 160, 180, 122.0, 11, , 69, 0, 0, 0, , 0, 0, 0, 0, 0, 
216, 0, 237, -1, -1, 166, 32, 139.0, 9, , 55, 0, 0, 0, , 0, 0, 0, 0, 0, 
217, 0, 238, -1, -1, 278, 53, 145.0, 9, , 64, 0, 0, 0, , 0, 0, 0, 0, 0, 
218, 0, 239, -1, -1, 134, 145, 158.0, 11, , 47, 0, 0, 0, , 0, 0, 0, 0, 0, 
219, 0, 240, -1, -1, 193, 60, 192.0, 9, , 75, 0, 0, 0, , 0, 0, 0, 0, 0, 
220, 0, 241, -1, -1, 186, 104, 193.0, 9, , 30, 0, 0, 0, , 0, 0, 0, 0, 0, 
221, 0, 242, -1, -1, 136, 78, 199.0, 7, , 9, 0, 0, 0, , 0, 0, 0, 0, 0, 
222, 0, 243, -1, -1, 166, 97, 202.0, 11, , 79, 0, 0, 0, , 0, 0, 0, 0, 0, 
223, 0, 244, -1, -1, 235, 90, 207.0, 7, , 23, 0, 0, 0, , 0, 0, 0, 0, 0, 
224, 0, 245, -1, -1, 79, 128, 147.0, 11, , 127, 0, 0, 0, , 0, 0, 0, 0, 0, 
225, 0, 246, -1, -1, 123, 141, 182.0, 9, , 99, 0, 0, 0, , 0, 0, 0, 0, 0, 
226, 0, 247, -1, -1, 235, 90, 204.0, 9, , 26, 0, 0, 0, , 0, 0, 0, 0, 0, 
227, 0, 247, -1, -1, 242, 93, 203.0, 9, , 35, 0, 0, 0, , 0, 0, 0, 0, 0, 
228, 0, 248, -1, -1, 140, 33, 106.0, 9, , 48, 0, 0, 0, , 0, 0, 0, 0, 0, 
229, 0, 249, -1, -1, 221, 72, 204.0, 9, , 86, 0, 0, 0, , 0, 0, 0, 0, 0, 
230, 0, 250, -1, -1, 256, 83, 203.0, 9, , 37, 0, 0, 0, , 0, 0, 0, 0, 0, 
231, 0, 251, -1, -1, 215, 172, 156.0, 9, , 23, 0, 0, 0, , 0, 0, 0, 0, 0, 
232, 0, 252, -1, -1, 220, 121, 207.0, 7, , 17, 0, 0, 0, , 0, 0, 0, 0, 0, 
233, 0, 253, -1, -1, 65, 145, 107.0, 9, , 77, 0, 0, 0, , 0, 0, 0, 0, 0, 
234, 0, 254, -1, -1, 160, 163, 123.0, 7, , 26, 0, 0, 0, , 0, 0, 0, 0, 0, 
235, 0, 256, -1, -1, 112, 40, 153.0, 9, , 42, 0, 0, 0, , 0, 0, 0, 0, 0, 
236, 0, 258, -1, -1, 155, 50, 182.0, 11, , 150, 0, 0, 0, , 0, 0, 0, 0, 0, 
237, 0, 259, -1, -1, 160, 65, 194.0, 9, , 102, 0, 0, 0, , 0, 0, 0, 0, 0, 
238, 0, 260, -1, -1, 50, 109, 90.0, 9, , 76, 0, 0, 0, , 0, 0, 0, 0, 0, 
239, 0, 261, -1, -1, 105, 162, 100.0, 7, , 17, 0, 0, 0, , 0, 0, 0, 0, 0, 
240, 0, 262, -1, -1, 143, 170, 103.0, 9, , 95, 0, 0, 0, , 0, 0, 0, 0, 0, 
241, 0, 263, -1, -1, 136, 178, 114.0, 9, , 27, 0, 0, 0, , 0, 0, 0, 0, 0, 
242, 0, 264, -1, -1, 183, 43, 139.0, 11, , 104, 0, 0, 0, , 0, 0, 0, 0, 0, 
243, 0, 265, -1, -1, 57, 95, 140.0, 9, , 34, 0, 0, 0, , 0, 0, 0, 0, 0, 
244, 0, 266, -1, -1, 119, 127, 144.0, 9, , 18, 0, 0, 0, , 0, 0, 0, 0, 0, 
245, 0, 267, -1, -1, 220, 44, 152.0, 9, , 95, 0, 0, 0, , 0, 0, 0, 0, 0, 
246, 0, 268, -1, -1, 84, 113, 151.0, 9, , 51, 0, 0, 0, , 0, 0, 0, 0, 0, 
247, 0, -1, -1, -1, 106, 120, 155.0, 9, , 59, 0, 0, 0, , 0, 0, 0, 0, 0, 
248, 0, -1, -1, -1, 97, 122, 156.0, 9, , 70, 0, 0, 0, , 0, 0, 0, 0, 0, 
249, 0, 270, -1, -1, 118, 70, 167.0, 7, , 22, 0, 0, 0, , 0, 0, 0, 0, 0, 
250, 0, 271, -1, -1, 276, 62, 174.0, 9, , 25, 0, 0, 0, , 0, 0, 0, 0, 0, 
251, 0, 272, -1, -1, 276, 65, 173.0, 11, , 50, 0, 0, 0, , 0, 0, 0, 0, 0, 
252, 0, 273, -1, -1, 74, 127, 179.0, 11, , 109, 0, 0, 0, , 0, 0, 0, 0, 0, 
253, 0, 274, -1, -1, 135, 84, 182.0, 9, , 19, 0, 0, 0, , 0, 0, 0, 0, 0, 
254, 0, 275, -1, -1, 143, 66, 186.0, 11, , 85, 0, 0, 0, , 0, 0, 0, 0, 0, 
255, 0, 276, -1, -1, 191, 59, 195.0, 7, , 42, 0, 0, 0, , 0, 0, 0, 0, 0, 
256, 0, 277, -1, -1, 197, 63, 196.0, 9, , 60, 0, 0, 0, , 0, 0, 0, 0, 0, 
257, 0, 278, -1, -1, 85, 108, 196.0, 9, , 59, 0, 0, 0, , 0, 0, 0, 0, 0, 
258, 0, 279, -1, -1, 118, 125, 202.0, 9, , 49, 0, 0, 0, , 0, 0, 0, 0, 0, 
259, 0, 280, -1, -1, 137, 133, 199.0, 7, , 43, 0, 0, 0, , 0, 0, 0, 0, 0, 
260, 0, 281, -1, -1, 222, 133, 199.0, 9, , 14, 0, 0, 0, , 0, 0, 0, 0, 0, 
261, 0, 282, -1, -1, 151, 81, 200.0, 9, , 55, 0, 0, 0, , 0, 0, 0, 0, 0, 
262, 0, 283, -1, -1, 201, 97, 204.0, 11, , 66, 0, 0, 0, , 0, 0, 0, 0, 0, 
263, 0, 284, -1, -1, 220, 93, 203.0, 11, , 132, 0, 0, 0, , 0, 0, 0, 0, 0, 
264, 0, 285, -1, -1, 101, 42, 122.0, 9, , 74, 0, 0, 0, , 0, 0, 0, 0, 0, 
265, 0, 286, -1, -1, 195, 176, 147.0, 9, , 27, 0, 0, 0, , 0, 0, 0, 0, 0, 
266, 0, 287, -1, -1, 199, 176, 145.0, 13, , 104, 0, 0, 0, , 0, 0, 0, 0, 0, 
267, 0, 288, -1, -1, 83, 104, 150.0, 9, , 45, 0, 0, 0, , 0, 0, 0, 0, 0, 
268, 0, 289, -1, -1, 112, 46, 150.0, 9, , 31, 0, 0, 0, , 0, 0, 0, 0, 0, 
269, 0, 290, -1, -1, 70, 107, 174.0, 9, , 31, 0, 0, 0, , 0, 0, 0, 0, 0, 
270, 0, 291, -1, -1, 136, 73, 195.0, 13, , 107, 0, 0, 0, , 0, 0, 0, 0, 0, 
271, 0, 292, -1, -1, 200, 76, 200.0, 7, , 20, 0, 0, 0, , 0, 0, 0, 0, 0, 
272, 0, 293, -1, -1, 156, 140, 202.0, 11, , 203, 0, 0, 0, , 0, 0, 0, 0, 0, 
273, 0, 294, -1, -1, 203, 94, 206.0, 9, , 53, 0, 0, 0, , 0, 0, 0, 0, 0, 
274, 0, 295, -1, -1, 233, 111, 209.0, 9, , 63, 0, 0, 0, , 0, 0, 0, 0, 0, 
275, 0, 296, -1, -1, 254, 78, 201.0, 9, , 14, 0, 0, 0, , 0, 0, 0, 0, 0, 
276, 0, 297, -1, -1, 144, 33, 147.0, 7, , 19, 0, 0, 0, , 0, 0, 0, 0, 0, 
277, 0, 298, -1, -1, 89, 144, 83.0, 11, , 94, 0, 0, 0, , 0, 0, 0, 0, 0, 
278, 0, 299, -1, -1, 142, 172, 107.0, 11, , 24, 0, 0, 0, , 0, 0, 0, 0, 0, 
279, 0, 300, -1, -1, 101, 167, 129.0, 11, , 57, 0, 0, 0, , 0, 0, 0, 0, 0, 
280, 0, 301, -1, -1, 206, 178, 131.0, 9, , 29, 0, 0, 0, , 0, 0, 0, 0, 0, 
281, 0, 302, -1, -1, 50, 124, 142.0, 9, , 7, 0, 0, 0, , 0, 0, 0, 0, 0, 
282, 0, 303, -1, -1, 121, 56, 142.0, 7, , 14, 0, 0, 0, , 0, 0, 0, 0, 0, 
283, 0, 304, -1, -1, 98, 103, 162.0, 11, , 49, 0, 0, 0, , 0, 0, 0, 0, 0, 
284, 0, 305, -1, -1, 241, 48, 165.0, 9, , 60, 0, 0, 0, , 0, 0, 0, 0, 0, 
285, 0, 306, -1, -1, 108, 50, 165.0, 7, , 28, 0, 0, 0, , 0, 0, 0, 0, 0, 
286, 0, 307, -1, -1, 237, 50, 170.0, 11, , 93, 0, 0, 0, , 0, 0, 0, 0, 0, 
287, 0, 308, -1, -1, 191, 73, 188.0, 9, , 88, 0, 0, 0, , 0, 0, 0, 0, 0, 
288, 0, 309, -1, -1, 140, 74, 202.0, 9, , 71, 0, 0, 0, , 0, 0, 0, 0, 0, 
289, 0, 310, -1, -1, 138, 110, 205.0, 13, , 128, 0, 0, 0, , 0, 0, 0, 0, 0, 
290, 0, 311, -1, -1, 170, 83, 200.0, 9, , 37, 0, 0, 0, , 0, 0, 0, 0, 0, 
291, 0, 312, -1, -1, 199, 117, 206.0, 11, , 77, 0, 0, 0, , 0, 0, 0, 0, 0, 
292, 0, 313, -1, -1, 145, 33, 165.0, 9, , 39, 0, 0, 0, , 0, 0, 0, 0, 0, 
293, 0, 314, -1, -1, 261, 48, 161.0, 7, , 23, 0, 0, 0, , 0, 0, 0, 0, 0, 
294, 0, 315, -1, -1, 111, 51, 169.0, 11, , 50, 0, 0, 0, , 0, 0, 0, 0, 0, 
295, 0, 317, -1, -1, 190, 74, 185.0, 9, , 53, 0, 0, 0, , 0, 0, 0, 0, 0, 
296, 0, 318, -1, -1, 127, 98, 195.0, 9, , 48, 0, 0, 0, , 0, 0, 0, 0, 0, 
297, 0, 319, -1, -1, 122, 131, 202.0, 9, , 93, 0, 0, 0, , 0, 0, 0, 0, 0, 
298, 0, 320, -1, -1, 161, 67, 198.0, 7, , 27, 0, 0, 0, , 0, 0, 0, 0, 0, 
299, 0, 321, -1, -1, 219, 72, 208.0, 9, , 64, 0, 0, 0, , 0, 0, 0, 0, 0, 
300, 0, 322, -1, -1, 202, 99, 210.0, 9, , 47, 0, 0, 0, , 0, 0, 0, 0, 0, 
301, 0, 323, -1, -1, 217, 93, 210.0, 9, , 26, 0, 0, 0, , 0, 0, 0, 0, 0, 
302, 0, 324, -1, -1, 236, 70, 198.0, 9, , 65, 0, 0, 0, , 0, 0, 0, 0, 0, 
303, 0, 325, -1, -1, 228, 74, 197.0, 11, , 38, 0, 0, 0, , 0, 0, 0, 0, 0, 
304, 0, 326, -1, -1, 246, 113, 197.0, 9, , 20, 0, 0, 0, , 0, 0, 0, 0, 0, 
305, 0, 327, -1, -1, 142, 34, 103.0, 9, , 46, 0, 0, 0, , 0, 0, 0, 0, 0, 
306, 0, 328, -1, -1, 97, 172, 111.0, 7, , 18, 0, 0, 0, , 0, 0, 0, 0, 0, 
307, 0, 330, -1, -1, 131, 36, 133.0, 11, , 21, 0, 0, 0, , 0, 0, 0, 0, 0, 
308, 0, 331, -1, -1, 87, 56, 152.0, 9, , 45, 0, 0, 0, , 0, 0, 0, 0, 0, 
309, 0, 332, -1, -1, 78, 129, 158.0, 9, , 75, 0, 0, 0, , 0, 0, 0, 0, 0, 
310, 0, 333, -1, -1, 75, 151, 162.0, 13, , 253, 0, 0, 0, , 0, 0, 0, 0, 0, 
311, 0, 335, -1, -1, 136, 52, 173.0, 9, , 140, 0, 0, 0, , 0, 0, 0, 0, 0, 
312, 0, 336, -1, -1, 286, 127, 181.0, 7, , 39, 0, 0, 0, , 0, 0, 0, 0, 0, 
313, 0, 337, -1, -1, 98, 124, 192.0, 7, , 39, 0, 0, 0, , 0, 0, 0, 0, 0, 
314, 0, 338, -1, -1, 124, 130, 194.0, 9, , 44, 0, 0, 0, , 0, 0, 0, 0, 0, 
315, 0, 339, -1, -1, 220, 72, 201.0, 9, , 49, 0, 0, 0, , 0, 0, 0, 0, 0, 
316, 0, 341, -1, -1, 160, 90, 141.0, 9, , 38, 0, 0, 0, , 0, 0, 0, 0, 0, 
317, 0, 342, -1, -1, 283, 87, 186.0, 13, , 49, 0, 0, 0, , 0, 0, 0, 0, 0, 
318, 0, 343, -1, -1, 299, 97, 187.0, 9, , 37, 0, 0, 0, , 0, 0, 0, 0, 0, 
319, 0, 344, -1, -1, 255, 54, 163.0, 7, , 10, 0, 0, 0, , 0, 0, 0, 0, 0, 
320, 0, 345, -1, -1, 248, 172, 129.0, 9, , 27, 0, 0, 0, , 0, 0, 0, 0, 0, 
321, 0, 346, -1, -1, 48, 121, 152.0, 11, , 58, 0, 0, 0, , 0, 0, 0, 0, 0, 
322, 0, 347, -1, -1, 132, 93, 57.0, 9, , 27, 0, 0, 0, , 0, 0, 0, 0, 0, 
323, 0, 348, -1, -1, 62, 145, 116.0, 9, , 40, 0, 0, 0, , 0, 0, 0, 0, 0, 
324, 0, 349, -1, -1, 138, 176, 122.0, 13, , 131, 0, 0, 0, , 0, 0, 0, 0, 0, 
325, 0, 350, -1, -1, 122, 40, 128.0, 11, , 70, 0, 0, 0, , 0, 0, 0, 0, 0, 
326, 0, 351, -1, -1, 102, 165, 126.0, 11, , 40, 0, 0, 0, , 0, 0, 0, 0, 0, 
327, 0, 352, -1, -1, 68, 113, 127.0, 9, , 26, 0, 0, 0, , 0, 0, 0, 0, 0, 
328, 0, 353, -1, -1, 116, 56, 136.0, 9, , 47, 0, 0, 0, , 0, 0, 0, 0, 0, 
329, 0, 354, -1, -1, 224, 177, 156.0, 7, , 22, 0, 0, 0, , 0, 0, 0, 0, 0, 
330, 0, 356, -1, -1, 98, 67, 170.0, 9, , 27, 0, 0, 0, , 0, 0, 0, 0, 0, 
331, 0, 357, -1, -1, 118, 55, 175.0, 9, , 13, 0, 0, 0, , 0, 0, 0, 0, 0, 
332, 0, 358, -1, -1, 274, 70, 179.0, 11, , 61, 0, 0, 0, , 0, 0, 0, 0, 0, 
333, 0, 359, -1, -1, 117, 153, 180.0, 9, , 7, 0, 0, 0, , 0, 0, 0, 0, 0, 
334, 0, 360, -1, -1, 153, 50, 190.0, 13, , 142, 0, 0, 0, , 0, 0, 0, 0, 0, 
335, 0, 361, -1, -1, 158, 61, 196.0, 11, , 117, 0, 0, 0, , 0, 0, 0, 0, 0, 
336, 0, 362, -1, -1, 278, 107, 189.0, 11, , 116, 0, 0, 0, , 0, 0, 0, 0, 0, 
337, 0, 363, -1, -1, 251, 63, 190.0, 9, , 31, 0, 0, 0, , 0, 0, 0, 0, 0, 
338, 0, 364, -1, -1, 186, 103, 196.0, 7, , 40, 0, 0, 0, , 0, 0, 0, 0, 0, 
339, 0, 365, -1, -1, 169, 120, 194.0, 9, , 54, 0, 0, 0, , 0, 0, 0, 0, 0, 
340, 0, 366, -1, -1, 254, 77, 201.0, 7, , 35, 0, 0, 0, , 0, 0, 0, 0, 0, 
341, 0, 367, -1, -1, 107, 107, 203.0, 9, , 42, 0, 0, 0, , 0, 0, 0, 0, 0, 
342, 0, 368, -1, -1, 249, 80, 205.0, 9, , 48, 0, 0, 0, , 0, 0, 0, 0, 0, 
343, 0, 369, -1, -1, 205, 75, 204.0, 9, , 25, 0, 0, 0, , 0, 0, 0, 0, 0, 
344, 0, 370, -1, -1, 151, 33, 163.0, 9, , 22, 0, 0, 0, , 0, 0, 0, 0, 0, 
345, 0, 371, -1, -1, 116, 154, 183.0, 13, , 313, 0, 0, 0, , 0, 0, 0, 0, 0, 
346, 0, 372, -1, -1, 123, 141, 186.0, 11, , 72, 0, 0, 0, , 0, 0, 0, 0, 0, 
347, 0, 373, -1, -1, 95, 87, 191.0, 9, , 25, 0, 0, 0, , 0, 0, 0, 0, 0, 
348, 0, 374, -1, -1, 189, 74, 194.0, 7, , 55, 0, 0, 0, , 0, 0, 0, 0, 0, 
349, 0, 375, -1, -1, 170, 82, 202.0, 7, , 40, 0, 0, 0, , 0, 0, 0, 0, 0, 
350, 0, 376, -1, -1, 242, 90, 211.0, 7, , 20, 0, 0, 0, , 0, 0, 0, 0, 0, 
351, 0, 377, -1, -1, 92, 150, 181.0, 9, , 34, 0, 0, 0, , 0, 0, 0, 0, 0, 
352, 0, 378, -1, -1, 296, 116, 187.0, 9, , 24, 0, 0, 0, , 0, 0, 0, 0, 0, 
353, 0, 379, -1, -1, 276, 65, 185.0, 9, , 32, 0, 0, 0, , 0, 0, 0, 0, 0, 
354, 0, 380, -1, -1, 149, 166, 106.0, 9, , 44, 0, 0, 0, , 0, 0, 0, 0, 0, 
355, 0, 381, -1, -1, 297, 158, 105.0, 9, , 39, 0, 0, 0, , 0, 0, 0, 0, 0, 
356, 0, 383, -1, -1, 87, 61, 132.0, 7, , 6, 0, 0, 0, , 0, 0, 0, 0, 0, 
357, 0, 384, -1, -1, 209, 177, 134.0, 11, , 87, 0, 0, 0, , 0, 0, 0, 0, 0, 
358, 0, 385, -1, -1, 71, 65, 138.0, 11, , 54, 0, 0, 0, , 0, 0, 0, 0, 0, 
359, 0, 386, -1, -1, 95, 60, 136.0, 9, , 8, 0, 0, 0, , 0, 0, 0, 0, 0, 
360, 0, 387, -1, -1, 142, 35, 138.0, 11, , 104, 0, 0, 0, , 0, 0, 0, 0, 0, 
361, 0, 388, -1, -1, 77, 92, 143.0, 9, , 36, 0, 0, 0, , 0, 0, 0, 0, 0, 
362, 0, 389, -1, -1, 75, 68, 156.0, 9, , 10, 0, 0, 0, , 0, 0, 0, 0, 0, 
363, 0, 390, -1, -1, 134, 56, 153.0, 9, , 38, 0, 0, 0, , 0, 0, 0, 0, 0, 
364, 0, 391, -1, -1, 95, 98, 157.0, 9, , 28, 0, 0, 0, , 0, 0, 0, 0, 0, 
365, 0, 394, -1, -1, 256, 52, 170.0, 11, , 63, 0, 0, 0, , 0, 0, 0, 0, 0, 
366, 0, 395, -1, -1, 123, 49, 171.0, 9, , 25, 0, 0, 0, , 0, 0, 0, 0, 0, 
367, 0, 396, -1, -1, 206, 151, 190.0, 11, , 55, 0, 0, 0, , 0, 0, 0, 0, 0, 
368, 0, 397, -1, -1, 227, 56, 183.0, 11, , 30, 0, 0, 0, , 0, 0, 0, 0, 0, 
369, 0, 398, -1, -1, 297, 94, 197.0, 9, , 42, 0, 0, 0, , 0, 0, 0, 0, 0, 
370, 0, 399, -1, -1, 201, 132, 196.0, 9, , 36, 0, 0, 0, , 0, 0, 0, 0, 0, 
371, 0, 400, -1, -1, 257, 96, 197.0, 9, , 39, 0, 0, 0, , 0, 0, 0, 0, 0, 
372, 0, 401, -1, -1, 198, 132, 199.0, 9, , 38, 0, 0, 0, , 0, 0, 0, 0, 0, 
373, 0, 402, -1, -1, 218, 117, 211.0, 11, , 102, 0, 0, 0, , 0, 0, 0, 0, 0, 
374, 0, 403, -1, -1, 100, 175, 117.0, 9, , 35, 0, 0, 0, , 0, 0, 0, 0, 0, 
375, 0, 404, -1, -1, 99, 173, 114.0, 9, , 39, 0, 0, 0, , 0, 0, 0, 0, 0, 
376, 0, 405, -1, -1, 74, 153, 125.0, 9, , 11, 0, 0, 0, , 0, 0, 0, 0, 0, 
377, 0, 406, -1, -1, 100, 169, 131.0, 9, , 41, 0, 0, 0, , 0, 0, 0, 0, 0, 
378, 0, 407, -1, -1, 78, 106, 144.0, 7, , 35, 0, 0, 0, , 0, 0, 0, 0, 0, 
379, 0, 408, -1, -1, 201, 180, 151.0, 9, , 45, 0, 0, 0, , 0, 0, 0, 0, 0, 
380, 0, 409, -1, -1, 110, 42, 159.0, 9, , 32, 0, 0, 0, , 0, 0, 0, 0, 0, 
381, 0, 410, -1, -1, 298, 62, 162.0, 9, , 26, 0, 0, 0, , 0, 0, 0, 0, 0, 
382, 0, 411, -1, -1, 95, 67, 181.0, 9, , 54, 0, 0, 0, , 0, 0, 0, 0, 0, 
383, 0, 412, -1, -1, 295, 92, 189.0, 8, , 9, 0, 0, 0, , 0, 0, 0, 0, 0, 
384, 0, 413, -1, -1, 279, 50, 153.0, 7, , 35, 0, 0, 0, , 0, 0, 0, 0, 0, 
385, 0, 416, -1, -1, 60, 138, 134.0, 9, , 40, 0, 0, 0, , 0, 0, 0, 0, 0, 
386, 0, 417, -1, -1, 127, 162, 136.0, 7, , 26, 0, 0, 0, , 0, 0, 0, 0, 0, 
387, 0, 420, -1, -1, 83, 73, 155.0, 9, , 19, 0, 0, 0, , 0, 0, 0, 0, 0, 
388, 0, 421, -1, -1, 215, 48, 154.0, 9, , 42, 0, 0, 0, , 0, 0, 0, 0, 0, 
389, 0, 422, -1, -1, 74, 150, 169.0, 13, , 31, 0, 0, 0, , 0, 0, 0, 0, 0, 
390, 0, 423, -1, -1, 69, 107, 170.0, 7, , 23, 0, 0, 0, , 0, 0, 0, 0, 0, 
391, 0, 424, -1, -1, 136, 52, 171.0, 9, , 44, 0, 0, 0, , 0, 0, 0, 0, 0, 
392, 0, 425, -1, -1, 69, 127, 171.0, 7, , 13, 0, 0, 0, , 0, 0, 0, 0, 0, 
393, 0, 426, -1, -1, 69, 104, 177.0, 11, , 93, 0, 0, 0, , 0, 0, 0, 0, 0, 
394, 0, 427, -1, -1, 88, 104, 191.0, 13, , 155, 0, 0, 0, , 0, 0, 0, 0, 0, 
395, 0, 428, -1, -1, 113, 154, 187.0, 9, , 60, 0, 0, 0, , 0, 0, 0, 0, 0, 
396, 0, 429, -1, -1, 269, 77, 193.0, 9, , 49, 0, 0, 0, , 0, 0, 0, 0, 0, 
397, 0, 430, -1, -1, 150, 84, 205.0, 9, , 67, 0, 0, 0, , 0, 0, 0, 0, 0, 
398, 0, 431, -1, -1, 88, 143, 82.0, 11, , 77, 0, 0, 0, , 0, 0, 0, 0, 0, 
399, 0, 432, -1, -1, 176, 180, 130.0, 7, , 49, 0, 0, 0, , 0, 0, 0, 0, 0, 
400, 0, 433, -1, -1, 59, 139, 129.0, 11, , 35, 0, 0, 0, , 0, 0, 0, 0, 0, 
401, 0, 435, -1, -1, 153, 102, 208.0, 11, , 79, 0, 0, 0, , 0, 0, 0, 0, 0, 
402, 0, 436, -1, -1, 118, 72, 81.0, 9, , 40, 0, 0, 0, , 0, 0, 0, 0, 0, 
403, 0, 437, -1, -1, 232, 178, 123.0, 9, , 24, 0, 0, 0, , 0, 0, 0, 0, 0, 
404, 0, 438, -1, -1, 158, 166, 141.0, 9, , 6, 0, 0, 0, , 0, 0, 0, 0, 0, 
405, 0, 439, -1, -1, 129, 87, 196.0, 9, , 41, 0, 0, 0, , 0, 0, 0, 0, 0, 
406, 0, 440, -1, -1, 122, 167, 98.0, 9, , 9, 0, 0, 0, , 0, 0, 0, 0, 0, 
407, 0, 441, -1, -1, 61, 118, 114.0, 9, , 14, 0, 0, 0, , 0, 0, 0, 0, 0, 
408, 0, 442, -1, -1, 67, 136, 148.0, 7, , 23, 0, 0, 0, , 0, 0, 0, 0, 0, 
409, 0, 443, -1, -1, 305, 114, 186.0, 9, , 37, 0, 0, 0, , 0, 0, 0, 0, 0, 
410, 0, 444, -1, -1, 85, 82, 72.0, 9, , 15, 0, 0, 0, , 0, 0, 0, 0, 0, 
411, 0, 445, -1, -1, 205, 142, 74.0, 9, , 66, 0, 0, 0, , 0, 0, 0, 0, 0, 
412, 0, 446, -1, -1, 133, 86, 80.0, 9, , 27, 0, 0, 0, , 0, 0, 0, 0, 0, 
413, 0, 447, -1, -1, 95, 97, 65.0, 11, , 77, 0, 0, 0, , 0, 0, 0, 0, 0, 
414, 0, 448, -1, -1, 80, 147, 97.0, 9, , 3, 0, 0, 0, , 0, 0, 0, 0, 0, 
415, 0, 449, -1, -1, 87, 149, 99.0, 7, , 6, 0, 0, 0, , 0, 0, 0, 0, 0, 
416, 0, 450, -1, -1, 148, 167, 104.0, 11, , 117, 0, 0, 0, , 0, 0, 0, 0, 0, 
417, 0, 452, -1, -1, 159, 180, 125.0, 9, , 116, 0, 0, 0, , 0, 0, 0, 0, 0, 
418, 0, 453, -1, -1, 127, 41, 125.0, 9, , 32, 0, 0, 0, , 0, 0, 0, 0, 0, 
419, 0, 454, -1, -1, 274, 97, 143.0, 9, , 14, 0, 0, 0, , 0, 0, 0, 0, 0, 
420, 0, 455, -1, -1, 71, 64, 140.0, 9, , 41, 0, 0, 0, , 0, 0, 0, 0, 0, 
421, 0, 456, -1, -1, 159, 93, 147.0, 11, , 47, 0, 0, 0, , 0, 0, 0, 0, 0, 
422, 0, 457, -1, -1, 67, 95, 159.0, 9, , 29, 0, 0, 0, , 0, 0, 0, 0, 0, 
423, 0, 459, -1, -1, 149, 32, 160.0, 9, , 67, 0, 0, 0, , 0, 0, 0, 0, 0, 
424, 0, 460, -1, -1, 63, 134, 155.0, 9, , 41, 0, 0, 0, , 0, 0, 0, 0, 0, 
425, 0, 461, -1, -1, 295, 64, 159.0, 7, , 14, 0, 0, 0, , 0, 0, 0, 0, 0, 
426, 0, 462, -1, -1, 110, 42, 157.0, 9, , 69, 0, 0, 0, , 0, 0, 0, 0, 0, 
427, 0, 464, -1, -1, 200, 146, 166.0, 9, , 39, 0, 0, 0, , 0, 0, 0, 0, 0, 
428, 0, 465, -1, -1, 111, 57, 165.0, 13, , 44, 0, 0, 0, , 0, 0, 0, 0, 0, 
429, 0, 466, -1, -1, 119, 69, 164.0, 9, , 47, 0, 0, 0, , 0, 0, 0, 0, 0, 
430, 0, 467, -1, -1, 270, 126, 173.0, 9, , 53, 0, 0, 0, , 0, 0, 0, 0, 0, 
431, 0, 468, -1, -1, 74, 76, 178.0, 9, , 16, 0, 0, 0, , 0, 0, 0, 0, 0, 
432, 0, 469, -1, -1, 298, 115, 179.0, 9, , 22, 0, 0, 0, , 0, 0, 0, 0, 0, 
433, 0, 470, -1, -1, 79, 74, 183.0, 7, , 37, 0, 0, 0, , 0, 0, 0, 0, 0, 
434, 0, 471, -1, -1, 147, 120, 184.0, 15, , 326, 0, 0, 0, , 0, 0, 0, 0, 0, 
435, 0, 473, -1, -1, 141, 129, 192.0, 11, , 112, 0, 0, 0, , 0, 0, 0, 0, 0, 
436, 0, 474, -1, -1, 234, 56, 188.0, 9, , 45, 0, 0, 0, , 0, 0, 0, 0, 0, 
437, 0, 475, -1, -1, 93, 150, 187.0, 9, , 39, 0, 0, 0, , 0, 0, 0, 0, 0, 
438, 0, 476, -1, -1, 236, 70, 195.0, 9, , 54, 0, 0, 0, , 0, 0, 0, 0, 0, 
439, 0, 477, -1, -1, 162, 97, 196.0, 9, , 24, 0, 0, 0, , 0, 0, 0, 0, 0, 
440, 0, 478, -1, -1, 177, 80, 199.0, 9, , 32, 0, 0, 0, , 0, 0, 0, 0, 0, 
441, 0, 479, -1, -1, 128, 87, 202.0, 9, , 57, 0, 0, 0, , 0, 0, 0, 0, 0, 
442, 0, 480, -1, -1, 232, 111, 203.0, 13, , 101, 0, 0, 0, , 0, 0, 0, 0, 0, 
443, 0, 481, -1, -1, 215, 134, 203.0, 9, , 28, 0, 0, 0, , 0, 0, 0, 0, 0, 
444, 0, 482, -1, -1, 47, 105, 122.0, 9, , 59, 0, 0, 0, , 0, 0, 0, 0, 0, 
445, 0, 483, -1, -1, 65, 130, 145.0, 9, , 38, 0, 0, 0, , 0, 0, 0, 0, 0, 
446, 0, 484, -1, -1, 103, 69, 159.0, 11, , 79, 0, 0, 0, , 0, 0, 0, 0, 0, 
447, 0, 485, -1, -1, 262, 48, 164.0, 9, , 17, 0, 0, 0, , 0, 0, 0, 0, 0, 
448, 0, 486, -1, -1, 138, 62, 188.0, 9, , 51, 0, 0, 0, , 0, 0, 0, 0, 0, 
449, 0, 487, -1, -1, 116, 118, 191.0, 9, , 90, 0, 0, 0, , 0, 0, 0, 0, 0, 
450, 0, 488, -1, -1, 193, 115, 206.0, 9, , 30, 0, 0, 0, , 0, 0, 0, 0, 0, 
451, 0, 489, -1, -1, 138, 35, 146.0, 11, , 119, 0, 0, 0, , 0, 0, 0, 0, 0, 
452, 0, 490, -1, -1, 280, 108, 194.0, 9, , 22, 0, 0, 0, , 0, 0, 0, 0, 0, 
453, 0, 491, -1, -1, 78, 90, 98.0, 9, , 21, 0, 0, 0, , 0, 0, 0, 0, 0, 
454, 0, 492, -1, -1, 103, 70, 162.0, 8, , 10, 0, 0, 0, , 0, 0, 0, 0, 0, 
455, 0, 493, -1, -1, 259, 96, 192.0, 9, , 80, 0, 0, 0, , 0, 0, 0, 0, 0, 
456, 0, 494, -1, -1, 139, 175, 121.0, 11, , 81, 0, 0, 0, , 0, 0, 0, 0, 0, 
457, 0, 495, -1, -1, 102, 42, 128.0, 11, , 97, 0, 0, 0, , 0, 0, 0, 0, 0, 
458, 0, 496, -1, -1, 133, 119, 125.0, 9, , 95, 0, 0, 0, , 0, 0, 0, 0, 0, 
459, 0, 497, -1, -1, 79, 92, 140.0, 9, , 45, 0, 0, 0, , 0, 0, 0, 0, 0, 
460, 0, 498, -1, -1, 190, 44, 142.0, 9, , 72, 0, 0, 0, , 0, 0, 0, 0, 0, 
461, 0, 499, -1, -1, 202, 44, 145.0, 7, , 27, 0, 0, 0, , 0, 0, 0, 0, 0, 
462, 0, 500, -1, -1, 306, 155, 142.0, 9, , 32, 0, 0, 0, , 0, 0, 0, 0, 0, 
463, 0, 501, -1, -1, 60, 134, 148.0, 9, , 5, 0, 0, 0, , 0, 0, 0, 0, 0, 
464, 0, 502, -1, -1, 145, 178, 146.0, 7, , 21, 0, 0, 0, , 0, 0, 0, 0, 0, 
465, 0, 503, -1, -1, 86, 102, 151.0, 9, , 53, 0, 0, 0, , 0, 0, 0, 0, 0, 
466, 0, 504, -1, -1, 124, 75, 160.0, 9, , 36, 0, 0, 0, , 0, 0, 0, 0, 0, 
467, 0, 506, -1, -1, 276, 149, 170.0, 11, , 68, 0, 0, 0, , 0, 0, 0, 0, 0, 
468, 0, 507, -1, -1, 78, 75, 174.0, 11, , 103, 0, 0, 0, , 0, 0, 0, 0, 0, 
469, 0, 508, -1, -1, 176, 50, 182.0, 11, , 72, 0, 0, 0, , 0, 0, 0, 0, 0, 
470, 0, 509, -1, -1, 174, 119, 184.0, 9, , 29, 0, 0, 0, , 0, 0, 0, 0, 0, 
471, 0, 510, -1, -1, 123, 72, 189.0, 9, , 44, 0, 0, 0, , 0, 0, 0, 0, 0, 
472, 0, 511, -1, -1, 296, 91, 191.0, 9, , 26, 0, 0, 0, , 0, 0, 0, 0, 0, 
473, 0, 512, -1, -1, 88, 103, 189.0, 11, , 88, 0, 0, 0, , 0, 0, 0, 0, 0, 
474, 0, 513, -1, -1, 140, 129, 197.0, 13, , 217, 0, 0, 0, , 0, 0, 0, 0, 0, 
475, 0, 514, -1, -1, 108, 108, 200.0, 9, , 29, 0, 0, 0, , 0, 0, 0, 0, 0, 
476, 0, 515, -1, -1, 153, 84, 203.0, 15, , 75, 0, 0, 0, , 0, 0, 0, 0, 0, 
477, 0, 516, -1, -1, 232, 72, 202.0, 9, , 52, 0, 0, 0, , 0, 0, 0, 0, 0, 
478, 0, 517, -1, -1, 160, 123, 207.0, 9, , 72, 0, 0, 0, , 0, 0, 0, 0, 0, 
479, 0, 518, -1, -1, 221, 93, 210.0, 13, , 229, 0, 0, 0, , 0, 0, 0, 0, 0, 
480, 0, 519, -1, -1, 109, 40, 123.0, 7, , 29, 0, 0, 0, , 0, 0, 0, 0, 0, 
481, 0, 521, -1, -1, 254, 85, 199.0, 9, , 38, 0, 0, 0, , 0, 0, 0, 0, 0, 
482, 0, 522, -1, -1, 173, 79, 208.0, 13, , 52, 0, 0, 0, , 0, 0, 0, 0, 0, 
483, 0, 523, -1, -1, 110, 55, 169.0, 11, , 107, 0, 0, 0, , 0, 0, 0, 0, 0, 
484, 0, 524, -1, -1, 158, 116, 207.0, 11, , 68, 0, 0, 0, , 0, 0, 0, 0, 0, 
485, 0, 527, -1, -1, 176, 81, 203.0, 9, , 29, 0, 0, 0, , 0, 0, 0, 0, 0, 
486, 0, 528, -1, -1, 186, 38, 98.0, 11, , 30, 0, 0, 0, , 0, 0, 0, 0, 0, 
487, 0, 530, -1, -1, 48, 108, 137.0, 13, , 44, 0, 0, 0, , 0, 0, 0, 0, 0, 
488, 0, 531, -1, -1, 54, 95, 142.0, 9, , 23, 0, 0, 0, , 0, 0, 0, 0, 0, 
489, 0, 532, -1, -1, 299, 153, 148.0, 11, , 28, 0, 0, 0, , 0, 0, 0, 0, 0, 
490, 0, 533, -1, -1, 79, 128, 154.0, 11, , 167, 0, 0, 0, , 0, 0, 0, 0, 0, 
491, 0, 534, -1, -1, 100, 121, 162.0, 9, , 62, 0, 0, 0, , 0, 0, 0, 0, 0, 
492, 0, 535, -1, -1, 106, 55, 163.0, 9, , 17, 0, 0, 0, , 0, 0, 0, 0, 0, 
493, 0, 536, -1, -1, 119, 70, 162.0, 11, , 66, 0, 0, 0, , 0, 0, 0, 0, 0, 
494, 0, 537, -1, -1, 298, 58, 162.0, 9, , 72, 0, 0, 0, , 0, 0, 0, 0, 0, 
495, 0, 538, -1, -1, 236, 47, 172.0, 11, , 25, 0, 0, 0, , 0, 0, 0, 0, 0, 
496, 0, 539, -1, -1, 119, 117, 185.0, 9, , 91, 0, 0, 0, , 0, 0, 0, 0, 0, 
497, 0, 540, -1, -1, 157, 48, 189.0, 9, , 68, 0, 0, 0, , 0, 0, 0, 0, 0, 
498, 0, 542, -1, -1, 103, 104, 200.0, 9, , 27, 0, 0, 0, , 0, 0, 0, 0, 0, 
499, 0, 543, -1, -1, 241, 106, 193.0, 9, , 21, 0, 0, 0, , 0, 0, 0, 0, 0, 
500, 0, 544, -1, -1, 175, 180, 132.0, 7, , 34, 0, 0, 0, , 0, 0, 0, 0, 0, 
501, 0, 545, -1, -1, 190, 43, 139.0, 9, , 39, 0, 0, 0, , 0, 0, 0, 0, 0, 
502, 0, 546, -1, -1, 167, 33, 143.0, 9, , 45, 0, 0, 0, , 0, 0, 0, 0, 0, 
503, 0, 547, -1, -1, 79, 128, 152.0, 13, , 193, 0, 0, 0, , 0, 0, 0, 0, 0, 
504, 0, 548, -1, -1, 190, 74, 191.0, 9, , 114, 0, 0, 0, , 0, 0, 0, 0, 0, 
505, 0, 549, -1, -1, 92, 104, 194.0, 9, , 12, 0, 0, 0, , 0, 0, 0, 0, 0, 
506, 0, 550, -1, -1, 191, 104, 196.0, 11, , 62, 0, 0, 0, , 0, 0, 0, 0, 0, 
507, 0, 551, -1, -1, 196, 96, 208.0, 7, , 28, 0, 0, 0, , 0, 0, 0, 0, 0, 
508, 0, 552, -1, -1, 141, 34, 102.0, 9, , 24, 0, 0, 0, , 0, 0, 0, 0, 0, 
509, 0, 553, -1, -1, 73, 66, 129.0, 9, , 46, 0, 0, 0, , 0, 0, 0, 0, 0, 
510, 0, 554, -1, -1, 103, 114, 54.0, 7, , 13, 0, 0, 0, , 0, 0, 0, 0, 0, 
511, 0, 555, -1, -1, 133, 95, 51.0, 9, , 26, 0, 0, 0, , 0, 0, 0, 0, 0, 
512, 0, 556, -1, -1, 102, 118, 55.0, 9, , 48, 0, 0, 0, , 0, 0, 0, 0, 0, 
513, 0, 557, -1, -1, 52, 110, 83.0, 9, , 64, 0, 0, 0, , 0, 0, 0, 0, 0, 
514, 0, 559, -1, -1, 87, 149, 93.0, 9, , 12, 0, 0, 0, , 0, 0, 0, 0, 0, 
515, 0, 560, -1, -1, 100, 56, 97.0, 9, , 15, 0, 0, 0, , 0, 0, 0, 0, 0, 
516, 0, 561, -1, -1, 102, 160, 92.0, 9, , 14, 0, 0, 0, , 0, 0, 0, 0, 0, 
517, 0, 562, -1, -1, 149, 172, 100.0, 9, , 26, 0, 0, 0, , 0, 0, 0, 0, 0, 
518, 0, 565, -1, -1, 160, 180, 120.0, 11, , 71, 0, 0, 0, , 0, 0, 0, 0, 0, 
519, 0, 566, -1, -1, 277, 169, 123.0, 9, , 12, 0, 0, 0, , 0, 0, 0, 0, 0, 
520, 0, 569, -1, -1, 88, 56, 133.0, 7, , 12, 0, 0, 0, , 0, 0, 0, 0, 0, 
521, 0, 571, -1, -1, 297, 168, 131.0, 9, , 26, 0, 0, 0, , 0, 0, 0, 0, 0, 
522, 0, 573, -1, -1, 129, 163, 145.0, 9, , 14, 0, 0, 0, , 0, 0, 0, 0, 0, 
523, 0, 575, -1, -1, 254, 173, 146.0, 11, , 42, 0, 0, 0, , 0, 0, 0, 0, 0, 
524, 0, 577, -1, -1, 163, 62, 147.0, 9, , 8, 0, 0, 0, , 0, 0, 0, 0, 0, 
525, 0, 579, -1, -1, 158, 163, 149.0, 11, , 28, 0, 0, 0, , 0, 0, 0, 0, 0, 
526, 0, 580, -1, -1, 119, 128, 146.0, 9, , 20, 0, 0, 0, , 0, 0, 0, 0, 0, 
527, 0, 582, -1, -1, 104, 122, 160.0, 11, , 57, 0, 0, 0, , 0, 0, 0, 0, 0, 
528, 0, 583, -1, -1, 184, 44, 159.0, 9, , 21, 0, 0, 0, , 0, 0, 0, 0, 0, 
529, 0, 584, -1, -1, 198, 44, 164.0, 7, , 15, 0, 0, 0, , 0, 0, 0, 0, 0, 
530, 0, 585, -1, -1, 252, 50, 165.0, 7, , 30, 0, 0, 0, , 0, 0, 0, 0, 0, 
531, 0, 586, -1, -1, 103, 55, 166.0, 9, , 20, 0, 0, 0, , 0, 0, 0, 0, 0, 
532, 0, 587, -1, -1, 98, 102, 164.0, 9, , 65, 0, 0, 0, , 0, 0, 0, 0, 0, 
533, 0, 588, -1, -1, 297, 60, 168.0, 9, , 53, 0, 0, 0, , 0, 0, 0, 0, 0, 
534, 0, 589, -1, -1, 70, 107, 167.0, 7, , 16, 0, 0, 0, , 0, 0, 0, 0, 0, 
535, 0, 590, -1, -1, 202, 43, 169.0, 7, , 24, 0, 0, 0, , 0, 0, 0, 0, 0, 
536, 0, 591, -1, -1, 154, 167, 169.0, 9, , 47, 0, 0, 0, , 0, 0, 0, 0, 0, 
537, 0, 592, -1, -1, 272, 130, 171.0, 7, , 15, 0, 0, 0, , 0, 0, 0, 0, 0, 
538, 0, 593, -1, -1, 260, 135, 169.0, 9, , 4, 0, 0, 0, , 0, 0, 0, 0, 0, 
539, 0, 595, -1, -1, 92, 63, 173.0, 11, , 50, 0, 0, 0, , 0, 0, 0, 0, 0, 
540, 0, 596, -1, -1, 107, 161, 171.0, 9, , 54, 0, 0, 0, , 0, 0, 0, 0, 0, 
541, 0, 597, -1, -1, 130, 142, 170.0, 9, , 41, 0, 0, 0, , 0, 0, 0, 0, 0, 
542, 0, 598, -1, -1, 159, 170, 174.0, 9, , 7, 0, 0, 0, , 0, 0, 0, 0, 0, 
543, 0, 599, -1, -1, 141, 86, 177.0, 9, , 38, 0, 0, 0, , 0, 0, 0, 0, 0, 
544, 0, 600, -1, -1, 153, 167, 178.0, 9, , 68, 0, 0, 0, , 0, 0, 0, 0, 0, 
545, 0, 601, -1, -1, 201, 168, 175.0, 11, , 27, 0, 0, 0, , 0, 0, 0, 0, 0, 
546, 0, 602, -1, -1, 66, 101, 173.0, 9, , 23, 0, 0, 0, , 0, 0, 0, 0, 0, 
547, 0, 603, -1, -1, 110, 132, 178.0, 9, , 48, 0, 0, 0, , 0, 0, 0, 0, 0, 
548, 0, 604, -1, -1, 211, 133, 176.0, 9, , 18, 0, 0, 0, , 0, 0, 0, 0, 0, 
549, 0, 605, -1, -1, 113, 117, 182.0, 13, , 424, 0, 0, 0, , 0, 0, 0, 0, 0, 
550, 0, 607, -1, -1, 174, 126, 193.0, 9, , 59, 0, 0, 0, , 0, 0, 0, 0, 0, 
551, 0, 608, -1, -1, 281, 106, 191.0, 9, , 17, 0, 0, 0, , 0, 0, 0, 0, 0, 
552, 0, 609, -1, -1, 126, 142, 189.0, 9, , 36, 0, 0, 0, , 0, 0, 0, 0, 0, 
553, 0, 610, -1, -1, 232, 73, 196.0, 9, , 43, 0, 0, 0, , 0, 0, 0, 0, 0, 
554, 0, 611, -1, -1, 156, 84, 205.0, 9, , 43, 0, 0, 0, , 0, 0, 0, 0, 0, 
555, 0, 612, -1, -1, 252, 81, 208.0, 11, , 40, 0, 0, 0, , 0, 0, 0, 0, 0, 
556, 0, 615, -1, -1, 108, 44, 154.0, 9, , 53, 0, 0, 0, , 0, 0, 0, 0, 0, 
557, 0, 616, -1, -1, 128, 98, 192.0, 11, , 69, 0, 0, 0, , 0, 0, 0, 0, 0, 
558, 0, 617, -1, -1, 228, 74, 194.0, 9, , 60, 0, 0, 0, , 0, 0, 0, 0, 0, 
559, 0, 618, -1, -1, 158, 119, 210.0, 13, , 192, 0, 0, 0, , 0, 0, 0, 0, 0, 
560, 0, 619, -1, -1, 193, 153, 178.0, 7, , 31, 0, 0, 0, , 0, 0, 0, 0, 0, 
561, 0, 620, -1, -1, 118, 71, 78.0, 11, , 49, 0, 0, 0, , 0, 0, 0, 0, 0, 
562, 0, 622, -1, -1, 297, 171, 124.0, 9, , 26, 0, 0, 0, , 0, 0, 0, 0, 0, 
563, 0, 623, -1, -1, 176, 127, 190.0, 9, , 39, 0, 0, 0, , 0, 0, 0, 0, 0, 
564, 0, 624, -1, -1, 215, 137, 195.0, 7, , 11, 0, 0, 0, , 0, 0, 0, 0, 0, 
565, 0, 625, -1, -1, 245, 110, 202.0, 9, , 24, 0, 0, 0, , 0, 0, 0, 0, 0, 
566, 0, 626, -1, -1, 284, 126, 195.0, 7, , 20, 0, 0, 0, , 0, 0, 0, 0, 0, 
567, 0, 627, -1, -1, 201, 97, 201.0, 9, , 22, 0, 0, 0, , 0, 0, 0, 0, 0, 
568, 0, 630, -1, -1, 87, 143, 69.0, 9, , 50, 0, 0, 0, , 0, 0, 0, 0, 0, 
569, 0, 631, -1, -1, 104, 137, 70.0, 9, , 9, 0, 0, 0, , 0, 0, 0, 0, 0, 
570, 0, 632, -1, -1, 127, 90, 77.0, 9, , 5, 0, 0, 0, , 0, 0, 0, 0, 0, 
571, 0, 633, -1, -1, 119, 69, 84.0, 9, , 33, 0, 0, 0, , 0, 0, 0, 0, 0, 
572, 0, 634, -1, -1, 84, 113, 93.0, 7, , 9, 0, 0, 0, , 0, 0, 0, 0, 0, 
573, 0, 635, -1, -1, 77, 127, 110.0, 11, , 23, 0, 0, 0, , 0, 0, 0, 0, 0, 
574, 0, 636, -1, -1, 297, 158, 111.0, 9, , 54, 0, 0, 0, , 0, 0, 0, 0, 0, 
575, 0, 637, -1, -1, 166, 85, 117.0, 9, , 63, 0, 0, 0, , 0, 0, 0, 0, 0, 
576, 0, 638, -1, -1, 166, 44, 118.0, 9, , 16, 0, 0, 0, , 0, 0, 0, 0, 0, 
577, 0, 639, -1, -1, 166, 85, 121.0, 11, , 79, 0, 0, 0, , 0, 0, 0, 0, 0, 
578, 0, 640, -1, -1, 132, 122, 120.0, 9, , 17, 0, 0, 0, , 0, 0, 0, 0, 0, 
579, 0, 641, -1, -1, 128, 34, 122.0, 9, , 8, 0, 0, 0, , 0, 0, 0, 0, 0, 
580, 0, 642, -1, -1, 276, 171, 127.0, 9, , 4, 0, 0, 0, , 0, 0, 0, 0, 0, 
581, 0, 643, -1, -1, 138, 177, 126.0, 9, , 60, 0, 0, 0, , 0, 0, 0, 0, 0, 
582, 0, 644, -1, -1, 156, 30, 127.0, 11, , 30, 0, 0, 0, , 0, 0, 0, 0, 0, 
583, 0, 645, -1, -1, 250, 172, 125.0, 9, , 38, 0, 0, 0, , 0, 0, 0, 0, 0, 
584, 0, 646, -1, -1, 297, 168, 128.0, 11, , 54, 0, 0, 0, , 0, 0, 0, 0, 0, 
585, 0, 648, -1, -1, 235, 174, 127.0, 9, , 48, 0, 0, 0, , 0, 0, 0, 0, 0, 
586, 0, 649, -1, -1, 159, 181, 129.0, 9, , 71, 0, 0, 0, , 0, 0, 0, 0, 0, 
587, 0, 650, -1, -1, 151, 61, 135.0, 9, , 20, 0, 0, 0, , 0, 0, 0, 0, 0, 
588, 0, 651, -1, -1, 212, 126, 142.0, 9, , 26, 0, 0, 0, , 0, 0, 0, 0, 0, 
589, 0, 653, -1, -1, 159, 164, 145.0, 9, , 17, 0, 0, 0, , 0, 0, 0, 0, 0, 
590, 0, 654, -1, -1, 136, 165, 144.0, 11, , 44, 0, 0, 0, , 0, 0, 0, 0, 0, 
591, 0, 655, -1, -1, 177, 163, 142.0, 9, , 9, 0, 0, 0, , 0, 0, 0, 0, 0, 
592, 0, 656, -1, -1, 77, 91, 145.0, 9, , 45, 0, 0, 0, , 0, 0, 0, 0, 0, 
593, 0, 658, -1, -1, 144, 31, 151.0, 9, , 8, 0, 0, 0, , 0, 0, 0, 0, 0, 
594, 0, 659, -1, -1, 280, 54, 148.0, 9, , 43, 0, 0, 0, , 0, 0, 0, 0, 0, 
595, 0, 660, -1, -1, 98, 162, 150.0, 9, , 30, 0, 0, 0, , 0, 0, 0, 0, 0, 
596, 0, 661, -1, -1, 95, 53, 150.0, 9, , 27, 0, 0, 0, , 0, 0, 0, 0, 0, 
597, 0, -1, -1, -1, 97, 120, 151.0, 7, , 29, 0, 0, 0, , 0, 0, 0, 0, 0, 
598, 0, -1, -1, -1, 104, 124, 151.0, 9, , 37, 0, 0, 0, , 0, 0, 0, 0, 0, 
599, 0, 663, -1, -1, 65, 95, 152.0, 9, , 12, 0, 0, 0, , 0, 0, 0, 0, 0, 
600, 0, 664, -1, -1, 125, 166, 154.0, 7, , 21, 0, 0, 0, , 0, 0, 0, 0, 0, 
601, 0, 665, -1, -1, 272, 161, 155.0, 15, , 120, 0, 0, 0, , 0, 0, 0, 0, 0, 
602, 0, 666, -1, -1, 135, 168, 159.0, 11, , 22, 0, 0, 0, , 0, 0, 0, 0, 0, 
603, 0, 667, -1, -1, 216, 175, 159.0, 9, , 47, 0, 0, 0, , 0, 0, 0, 0, 0, 
604, 0, 669, -1, -1, 316, 67, 163.0, 7, , 27, 0, 0, 0, , 0, 0, 0, 0, 0, 
605, 0, 670, -1, -1, 103, 102, 163.0, 7, , 17, 0, 0, 0, , 0, 0, 0, 0, 0, 
606, 0, 671, -1, -1, 61, 125, 165.0, 9, , 16, 0, 0, 0, , 0, 0, 0, 0, 0, 
607, 0, 672, -1, -1, 76, 149, 165.0, 11, , 52, 0, 0, 0, , 0, 0, 0, 0, 0, 
608, 0, 673, -1, -1, 134, 170, 163.0, 11, , 20, 0, 0, 0, , 0, 0, 0, 0, 0, 
609, 0, 674, -1, -1, 155, 168, 166.0, 9, , 24, 0, 0, 0, , 0, 0, 0, 0, 0, 
610, 0, 675, -1, -1, 263, 141, 167.0, 9, , 16, 0, 0, 0, , 0, 0, 0, 0, 0, 
611, 0, 676, -1, -1, 74, 149, 171.0, 9, , 26, 0, 0, 0, , 0, 0, 0, 0, 0, 
612, 0, 677, -1, -1, 195, 151, 171.0, 9, , 22, 0, 0, 0, , 0, 0, 0, 0, 0, 
613, 0, 678, -1, -1, 213, 48, 175.0, 11, , 34, 0, 0, 0, , 0, 0, 0, 0, 0, 
614, 0, 679, -1, -1, 310, 86, 184.0, 9, , 46, 0, 0, 0, , 0, 0, 0, 0, 0, 
615, 0, 680, -1, -1, 97, 150, 183.0, 9, , 42, 0, 0, 0, , 0, 0, 0, 0, 0, 
616, 0, 681, -1, -1, 172, 51, 187.0, 9, , 39, 0, 0, 0, , 0, 0, 0, 0, 0, 
617, 0, 682, -1, -1, 186, 74, 189.0, 7, , 21, 0, 0, 0, , 0, 0, 0, 0, 0, 
618, 0, 683, -1, -1, 207, 153, 193.0, 11, , 65, 0, 0, 0, , 0, 0, 0, 0, 0, 
619, 0, 684, -1, -1, 98, 123, 195.0, 9, , 68, 0, 0, 0, , 0, 0, 0, 0, 0, 
620, 0, 685, -1, -1, 135, 101, 196.0, 9, , 29, 0, 0, 0, , 0, 0, 0, 0, 0, 
621, 0, 686, -1, -1, 98, 90, 199.0, 11, , 33, 0, 0, 0, , 0, 0, 0, 0, 0, 
622, 0, 687, -1, -1, 139, 73, 200.0, 11, , 95, 0, 0, 0, , 0, 0, 0, 0, 0, 
623, 0, 688, -1, -1, 171, 80, 205.0, 11, , 46, 0, 0, 0, , 0, 0, 0, 0, 0, 
624, 0, 690, -1, -1, 137, 72, 207.0, 11, , 70, 0, 0, 0, , 0, 0, 0, 0, 0, 
625, 0, 691, -1, -1, 214, 120, 208.0, 7, , 30, 0, 0, 0, , 0, 0, 0, 0, 0, 
626, 0, 692, -1, -1, 49, 107, 116.0, 9, , 31, 0, 0, 0, , 0, 0, 0, 0, 0, 
627, 0, 693, -1, -1, 208, 48, 141.0, 9, , 54, 0, 0, 0, , 0, 0, 0, 0, 0, 
628, 0, 694, -1, -1, 155, 33, 141.0, 9, , 45, 0, 0, 0, , 0, 0, 0, 0, 0, 
629, 0, 695, -1, -1, 280, 57, 149.0, 11, , 85, 0, 0, 0, , 0, 0, 0, 0, 0, 
630, 0, 696, -1, -1, 256, 50, 157.0, 9, , 50, 0, 0, 0, , 0, 0, 0, 0, 0, 
631, 0, 697, -1, -1, 92, 82, 176.0, 9, , 47, 0, 0, 0, , 0, 0, 0, 0, 0, 
632, 0, 698, -1, -1, 127, 116, 178.0, 7, , 45, 0, 0, 0, , 0, 0, 0, 0, 0, 
633, 0, 699, -1, -1, 305, 88, 180.0, 9, , 21, 0, 0, 0, , 0, 0, 0, 0, 0, 
634, 0, 700, -1, -1, 74, 92, 186.0, 9, , 51, 0, 0, 0, , 0, 0, 0, 0, 0, 
635, 0, 701, -1, -1, 120, 72, 182.0, 9, , 57, 0, 0, 0, , 0, 0, 0, 0, 0, 
636, 0, 702, -1, -1, 283, 128, 188.0, 9, , 96, 0, 0, 0, , 0, 0, 0, 0, 0, 
637, 0, 703, -1, -1, 304, 97, 191.0, 9, , 7, 0, 0, 0, , 0, 0, 0, 0, 0, 
638, 0, 704, -1, -1, 296, 98, 193.0, 9, , 40, 0, 0, 0, , 0, 0, 0, 0, 0, 
639, 0, 705, -1, -1, 142, 128, 194.0, 13, , 293, 0, 0, 0, , 0, 0, 0, 0, 0, 
640, 0, 706, -1, -1, 191, 60, 203.0, 11, , 85, 0, 0, 0, , 0, 0, 0, 0, 0, 
641, 0, 707, -1, -1, 213, 120, 205.0, 9, , 56, 0, 0, 0, , 0, 0, 0, 0, 0, 
642, 0, 708, -1, -1, 97, 68, 176.0, 9, , 46, 0, 0, 0, , 0, 0, 0, 0, 0, 
643, 0, 709, -1, -1, 215, 118, 201.0, 11, , 69, 0, 0, 0, , 0, 0, 0, 0, 0, 
644, 0, 710, -1, -1, 87, 81, 71.0, 11, , 25, 0, 0, 0, , 0, 0, 0, 0, 0, 
645, 0, 711, -1, -1, 123, 177, 143.0, 9, , 34, 0, 0, 0, , 0, 0, 0, 0, 0, 
646, 0, 712, -1, -1, 78, 162, 145.0, 9, , 21, 0, 0, 0, , 0, 0, 0, 0, 0, 
647, 0, 713, -1, -1, 77, 68, 161.0, 7, , 17, 0, 0, 0, , 0, 0, 0, 0, 0, 
648, 0, 714, -1, -1, 73, 123, 174.0, 9, , 20, 0, 0, 0, , 0, 0, 0, 0, 0, 
649, 0, 715, -1, -1, 103, 161, 99.0, 9, , 33, 0, 0, 0, , 0, 0, 0, 0, 0, 
650, 0, -1, -1, -1, 148, 78, 163.0, 9, , 41, 0, 0, 0, , 0, 0, 0, 0, 0, 
651, 0, 718, -1, -1, 208, 143, 67.0, 11, , 37, 0, 0, 0, , 0, 0, 0, 0, 0, 
652, 0, 719, -1, -1, 172, 117, 68.0, 9, , 26, 0, 0, 0, , 0, 0, 0, 0, 0, 
653, 0, 720, -1, -1, 88, 144, 72.0, 11, , 72, 0, 0, 0, , 0, 0, 0, 0, 0, 
654, 0, 721, -1, -1, 226, 157, 74.0, 9, , 8, 0, 0, 0, , 0, 0, 0, 0, 0, 
655, 0, 722, -1, -1, 134, 143, 78.0, 9, , 5, 0, 0, 0, , 0, 0, 0, 0, 0, 
656, 0, 723, -1, -1, 86, 145, 78.0, 11, , 84, 0, 0, 0, , 0, 0, 0, 0, 0, 
657, 0, 724, -1, -1, 105, 78, 84.0, 9, , 11, 0, 0, 0, , 0, 0, 0, 0, 0, 
658, 0, 725, -1, -1, 83, 144, 89.0, 9, , 29, 0, 0, 0, , 0, 0, 0, 0, 0, 
659, 0, 726, -1, -1, 82, 148, 87.0, 11, , 18, 0, 0, 0, , 0, 0, 0, 0, 0, 
660, 0, 727, -1, -1, 162, 164, 89.0, 9, , 12, 0, 0, 0, , 0, 0, 0, 0, 0, 
661, 0, 728, -1, -1, 83, 74, 89.0, 9, , 24, 0, 0, 0, , 0, 0, 0, 0, 0, 
662, 0, 729, -1, -1, 101, 70, 92.0, 9, , 5, 0, 0, 0, , 0, 0, 0, 0, 0, 
663, 0, 731, -1, -1, 188, 39, 93.0, 9, , 7, 0, 0, 0, , 0, 0, 0, 0, 0, 
664, 0, 732, -1, -1, 81, 145, 97.0, 13, , 64, 0, 0, 0, , 0, 0, 0, 0, 0, 
665, 0, 733, -1, -1, 226, 170, 98.0, 9, , 6, 0, 0, 0, , 0, 0, 0, 0, 0, 
666, 0, 734, -1, -1, 59, 113, 104.0, 9, , 29, 0, 0, 0, , 0, 0, 0, 0, 0, 
667, 0, 735, -1, -1, 145, 169, 109.0, 11, , 54, 0, 0, 0, , 0, 0, 0, 0, 0, 
668, 0, 736, -1, -1, 178, 175, 111.0, 13, , 37, 0, 0, 0, , 0, 0, 0, 0, 0, 
669, 0, 737, -1, -1, 118, 162, 113.0, 9, , 25, 0, 0, 0, , 0, 0, 0, 0, 0, 
670, 0, 738, -1, -1, 177, 175, 115.0, 9, , 40, 0, 0, 0, , 0, 0, 0, 0, 0, 
671, 0, 739, -1, -1, 158, 181, 117.0, 9, , 56, 0, 0, 0, , 0, 0, 0, 0, 0, 
672, 0, 740, -1, -1, 157, 167, 119.0, 9, , 22, 0, 0, 0, , 0, 0, 0, 0, 0, 
673, 0, 741, -1, -1, 91, 137, 122.0, 9, , 96, 0, 0, 0, , 0, 0, 0, 0, 0, 
674, 0, 742, -1, -1, 61, 126, 126.0, 7, , 6, 0, 0, 0, , 0, 0, 0, 0, 0, 
675, 0, 743, -1, -1, 232, 177, 126.0, 11, , 87, 0, 0, 0, , 0, 0, 0, 0, 0, 
676, 0, 744, -1, -1, 108, 40, 126.0, 9, , 41, 0, 0, 0, , 0, 0, 0, 0, 0, 
677, 0, 745, -1, -1, 69, 111, 130.0, 9, , 9, 0, 0, 0, , 0, 0, 0, 0, 0, 
678, 0, 746, -1, -1, 306, 155, 132.0, 9, , 27, 0, 0, 0, , 0, 0, 0, 0, 0, 
679, 0, 747, -1, -1, 46, 110, 132.0, 9, , 7, 0, 0, 0, , 0, 0, 0, 0, 0, 
680, 0, 748, -1, -1, 56, 96, 132.0, 9, , 7, 0, 0, 0, , 0, 0, 0, 0, 0, 
681, 0, 749, -1, -1, 254, 171, 132.0, 9, , 16, 0, 0, 0, , 0, 0, 0, 0, 0, 
682, 0, 750, -1, -1, 114, 75, 135.0, 7, , 14, 0, 0, 0, , 0, 0, 0, 0, 0, 
683, 0, 751, -1, -1, 124, 42, 131.0, 9, , 21, 0, 0, 0, , 0, 0, 0, 0, 0, 
684, 0, 752, -1, -1, 69, 65, 133.0, 9, , 45, 0, 0, 0, , 0, 0, 0, 0, 0, 
685, 0, 753, -1, -1, 126, 35, 135.0, 11, , 59, 0, 0, 0, , 0, 0, 0, 0, 0, 
686, 0, 754, -1, -1, 53, 138, 138.0, 9, , 31, 0, 0, 0, , 0, 0, 0, 0, 0, 
687, 0, 755, -1, -1, 136, 164, 136.0, 9, , 35, 0, 0, 0, , 0, 0, 0, 0, 0, 
688, 0, 756, -1, -1, 129, 162, 142.0, 9, , 29, 0, 0, 0, , 0, 0, 0, 0, 0, 
689, 0, 757, -1, -1, 116, 58, 145.0, 9, , 46, 0, 0, 0, , 0, 0, 0, 0, 0, 
690, 0, 758, -1, -1, 122, 134, 144.0, 9, , 9, 0, 0, 0, , 0, 0, 0, 0, 0, 
691, 0, 759, -1, -1, 247, 45, 146.0, 9, , 16, 0, 0, 0, , 0, 0, 0, 0, 0, 
692, 0, 760, -1, -1, 153, 137, 146.0, 9, , 19, 0, 0, 0, , 0, 0, 0, 0, 0, 
693, 0, 761, -1, -1, 66, 78, 147.0, 9, , 20, 0, 0, 0, , 0, 0, 0, 0, 0, 
694, 0, 762, -1, -1, 159, 93, 149.0, 9, , 32, 0, 0, 0, , 0, 0, 0, 0, 0, 
695, 0, 763, -1, -1, 312, 121, 150.0, 9, , 35, 0, 0, 0, , 0, 0, 0, 0, 0, 
696, 0, 764, -1, -1, 69, 79, 152.0, 9, , 28, 0, 0, 0, , 0, 0, 0, 0, 0, 
697, 0, 765, -1, -1, 256, 172, 153.0, 9, , 9, 0, 0, 0, , 0, 0, 0, 0, 0, 
698, 0, 766, -1, -1, 275, 164, 151.0, 9, , 23, 0, 0, 0, , 0, 0, 0, 0, 0, 
699, 0, 767, -1, -1, 85, 109, 154.0, 11, , 81, 0, 0, 0, , 0, 0, 0, 0, 0, 
700, 0, 768, -1, -1, 94, 54, 156.0, 11, , 125, 0, 0, 0, , 0, 0, 0, 0, 0, 
701, 0, 769, -1, -1, 219, 45, 157.0, 9, , 65, 0, 0, 0, , 0, 0, 0, 0, 0, 
702, 0, 770, -1, -1, 312, 116, 157.0, 9, , 32, 0, 0, 0, , 0, 0, 0, 0, 0, 
703, 0, 771, -1, -1, 98, 104, 158.0, 9, , 60, 0, 0, 0, , 0, 0, 0, 0, 0, 
704, 0, 772, -1, -1, 216, 45, 160.0, 9, , 52, 0, 0, 0, , 0, 0, 0, 0, 0, 
705, 0, 773, -1, -1, 149, 80, 161.0, 9, , 22, 0, 0, 0, , 0, 0, 0, 0, 0, 
706, 0, 774, -1, -1, 296, 155, 161.0, 9, , 9, 0, 0, 0, , 0, 0, 0, 0, 0, 
707, 0, 775, -1, -1, 146, 79, 166.0, 9, , 56, 0, 0, 0, , 0, 0, 0, 0, 0, 
708, 0, 776, -1, -1, 201, 144, 168.0, 9, , 40, 0, 0, 0, , 0, 0, 0, 0, 0, 
709, 0, 777, -1, -1, 118, 88, 165.0, 9, , 70, 0, 0, 0, , 0, 0, 0, 0, 0, 
710, 0, 778, -1, -1, 145, 33, 167.0, 9, , 16, 0, 0, 0, , 0, 0, 0, 0, 0, 
711, 0, 779, -1, -1, 162, 46, 169.0, 13, , 82, 0, 0, 0, , 0, 0, 0, 0, 0, 
712, 0, 780, -1, -1, 181, 174, 169.0, 9, , 26, 0, 0, 0, , 0, 0, 0, 0, 0, 
713, 0, 781, -1, -1, 69, 127, 170.0, 9, , 26, 0, 0, 0, , 0, 0, 0, 0, 0, 
714, 0, 782, -1, -1, 233, 139, 171.0, 9, , 39, 0, 0, 0, , 0, 0, 0, 0, 0, 
715, 0, 783, -1, -1, 99, 65, 174.0, 7, , 15, 0, 0, 0, , 0, 0, 0, 0, 0, 
716, 0, 784, -1, -1, 91, 110, 174.0, 9, , 26, 0, 0, 0, , 0, 0, 0, 0, 0, 
717, 0, 785, -1, -1, 258, 138, 174.0, 11, , 31, 0, 0, 0, , 0, 0, 0, 0, 0, 
718, 0, 786, -1, -1, 193, 43, 174.0, 9, , 8, 0, 0, 0, , 0, 0, 0, 0, 0, 
719, 0, 787, -1, -1, 221, 165, 174.0, 11, , 28, 0, 0, 0, , 0, 0, 0, 0, 0, 
720, 0, 788, -1, -1, 92, 84, 180.0, 9, , 45, 0, 0, 0, , 0, 0, 0, 0, 0, 
721, 0, 789, -1, -1, 96, 150, 178.0, 9, , 26, 0, 0, 0, , 0, 0, 0, 0, 0, 
722, 0, 790, -1, -1, 140, 145, 178.0, 9, , 48, 0, 0, 0, , 0, 0, 0, 0, 0, 
723, 0, 791, -1, -1, 175, 129, 180.0, 9, , 14, 0, 0, 0, , 0, 0, 0, 0, 0, 
724, 0, 792, -1, -1, 253, 65, 181.0, 11, , 21, 0, 0, 0, , 0, 0, 0, 0, 0, 
725, 0, 793, -1, -1, 254, 121, 181.0, 11, , 54, 0, 0, 0, , 0, 0, 0, 0, 0, 
726, 0, 794, -1, -1, 119, 52, 182.0, 11, , 50, 0, 0, 0, , 0, 0, 0, 0, 0, 
727, 0, 796, -1, -1, 140, 87, 186.0, 9, , 44, 0, 0, 0, , 0, 0, 0, 0, 0, 
728, 0, 797, -1, -1, 283, 85, 184.0, 9, , 51, 0, 0, 0, , 0, 0, 0, 0, 0, 
729, 0, 798, -1, -1, 231, 56, 187.0, 15, , 57, 0, 0, 0, , 0, 0, 0, 0, 0, 
730, 0, 799, -1, -1, 228, 154, 187.0, 9, , 56, 0, 0, 0, , 0, 0, 0, 0, 0, 
731, 0, 801, -1, -1, 199, 134, 189.0, 11, , 20, 0, 0, 0, , 0, 0, 0, 0, 0, 
732, 0, 802, -1, -1, 261, 78, 189.0, 9, , 21, 0, 0, 0, , 0, 0, 0, 0, 0, 
733, 0, 804, -1, -1, 197, 128, 190.0, 9, , 19, 0, 0, 0, , 0, 0, 0, 0, 0, 
734, 0, 805, -1, -1, 229, 154, 193.0, 9, , 9, 0, 0, 0, , 0, 0, 0, 0, 0, 
735, 0, 806, -1, -1, 252, 66, 194.0, 7, , 24, 0, 0, 0, , 0, 0, 0, 0, 0, 
736, 0, 808, -1, -1, 265, 96, 194.0, 9, , 56, 0, 0, 0, , 0, 0, 0, 0, 0, 
737, 0, 809, -1, -1, 155, 141, 197.0, 9, , 62, 0, 0, 0, , 0, 0, 0, 0, 0, 
738, 0, 810, -1, -1, 171, 82, 196.0, 7, , 15, 0, 0, 0, , 0, 0, 0, 0, 0, 
739, 0, 811, -1, -1, 220, 74, 199.0, 11, , 53, 0, 0, 0, , 0, 0, 0, 0, 0, 
740, 0, 812, -1, -1, 163, 62, 202.0, 11, , 100, 0, 0, 0, , 0, 0, 0, 0, 0, 
741, 0, 813, -1, -1, 175, 126, 204.0, 9, , 21, 0, 0, 0, , 0, 0, 0, 0, 0, 
742, 0, 814, -1, -1, 118, 101, 208.0, 9, , 45, 0, 0, 0, , 0, 0, 0, 0, 0, 
743, 0, 815, -1, -1, 125, 163, 99.0, 11, , 85, 0, 0, 0, , 0, 0, 0, 0, 0, 
744, 0, 816, -1, -1, 141, 31, 112.0, 9, , 19, 0, 0, 0, , 0, 0, 0, 0, 0, 
745, 0, 817, -1, -1, 166, 86, 124.0, 11, , 50, 0, 0, 0, , 0, 0, 0, 0, 0, 
746, 0, 818, -1, -1, 159, 162, 125.0, 9, , 27, 0, 0, 0, , 0, 0, 0, 0, 0, 
747, 0, 819, -1, -1, 117, 177, 137.0, 9, , 22, 0, 0, 0, , 0, 0, 0, 0, 0, 
748, 0, 822, -1, -1, 126, 117, 181.0, 9, , 30, 0, 0, 0, , 0, 0, 0, 0, 0, 
749, 0, 823, -1, -1, 94, 86, 193.0, 9, , 31, 0, 0, 0, , 0, 0, 0, 0, 0, 
750, 0, 824, -1, -1, 159, 141, 193.0, 11, , 46, 0, 0, 0, , 0, 0, 0, 0, 0, 
751, 0, 825, -1, -1, 233, 108, 202.0, 9, , 45, 0, 0, 0, , 0, 0, 0, 0, 0, 
752, 0, 826, -1, -1, 197, 96, 206.0, 7, , 23, 0, 0, 0, , 0, 0, 0, 0, 0, 
753, 0, 827, -1, -1, 114, 94, 208.0, 9, , 43, 0, 0, 0, , 0, 0, 0, 0, 0, 
754, 0, 828, -1, -1, 104, 174, 112.0, 9, , 39, 0, 0, 0, , 0, 0, 0, 0, 0, 
755, 0, 829, -1, -1, 92, 55, 159.0, 11, , 51, 0, 0, 0, , 0, 0, 0, 0, 0, 
756, 0, -1, -1, -1, 326, 139, 141.0, 9, , 65, 0, 0, 0, , 0, 0, 0, 0, 0, 
757, 0, -1, -1, -1, 58, 120, 161.0, 9, , 34, 0, 0, 0, , 0, 0, 0, 0, 0, 
758, 0, -1, -1, -1, 282, 118, 138.0, 9, , 44, 0, 0, 0, , 0, 0, 0, 0, 0, 
759, 0, -1, -1, -1, 133, 65, 93.0, 9, , 22, 0, 0, 0, , 0, 0, 0, 0, 0, 
760, 0, -1, -1, -1, 157, 167, 93.0, 9, , 10, 0, 0, 0, , 0, 0, 0, 0, 0, 
761, 0, -1, -1, -1, 89, 70, 97.0, 9, , 7, 0, 0, 0, , 0, 0, 0, 0, 0, 
762, 0, -1, -1, -1, 113, 140, 98.0, 9, , 6, 0, 0, 0, , 0, 0, 0, 0, 0, 
763, 0, -1, -1, -1, 135, 48, 99.0, 9, , 7, 0, 0, 0, , 0, 0, 0, 0, 0, 
764, 0, -1, -1, -1, 79, 132, 102.0, 9, , 32, 0, 0, 0, , 0, 0, 0, 0, 0, 
765, 0, -1, -1, -1, 110, 141, 104.0, 9, , 21, 0, 0, 0, , 0, 0, 0, 0, 0, 
766, 0, -1, -1, -1, 85, 157, 106.0, 7, , 19, 0, 0, 0, , 0, 0, 0, 0, 0, 
767, 0, -1, -1, -1, 277, 106, 107.0, 9, , 34, 0, 0, 0, , 0, 0, 0, 0, 0, 
768, 0, -1, -1, -1, 274, 102, 113.0, 11, , 80, 0, 0, 0, , 0, 0, 0, 0, 0, 
769, 0, -1, -1, -1, 124, 163, 121.0, 11, , 79, 0, 0, 0, , 0, 0, 0, 0, 0, 
770, 0, -1, -1, -1, 210, 182, 126.0, 11, , 74, 0, 0, 0, , 0, 0, 0, 0, 0, 
771, 0, -1, -1, -1, 229, 175, 129.0, 9, , 33, 0, 0, 0, , 0, 0, 0, 0, 0, 
772, 0, -1, -1, -1, 289, 115, 134.0, 7, , 28, 0, 0, 0, , 0, 0, 0, 0, 0, 
773, 0, -1, -1, -1, 49, 90, 136.0, 9, , 6, 0, 0, 0, , 0, 0, 0, 0, 0, 
774, 0, -1, -1, -1, 52, 137, 136.0, 9, , 27, 0, 0, 0, , 0, 0, 0, 0, 0, 
775, 0, -1, -1, -1, 272, 148, 138.0, 7, , 12, 0, 0, 0, , 0, 0, 0, 0, 0, 
776, 0, -1, -1, -1, 149, 61, 140.0, 9, , 10, 0, 0, 0, , 0, 0, 0, 0, 0, 
777, 0, -1, -1, -1, 306, 156, 140.0, 7, , 23, 0, 0, 0, , 0, 0, 0, 0, 0, 
778, 0, -1, -1, -1, 66, 80, 142.0, 11, , 21, 0, 0, 0, , 0, 0, 0, 0, 0, 
779, 0, -1, -1, -1, 65, 131, 143.0, 9, , 49, 0, 0, 0, , 0, 0, 0, 0, 0, 
780, 0, -1, -1, -1, 144, 33, 143.0, 9, , 43, 0, 0, 0, , 0, 0, 0, 0, 0, 
781, 0, -1, -1, -1, 175, 167, 147.0, 13, , 19, 0, 0, 0, , 0, 0, 0, 0, 0, 
782, 0, -1, -1, -1, 77, 160, 150.0, 11, , 72, 0, 0, 0, , 0, 0, 0, 0, 0, 
783, 0, -1, -1, -1, 294, 155, 150.0, 9, , 39, 0, 0, 0, , 0, 0, 0, 0, 0, 
784, 0, -1, -1, -1, 177, 35, 154.0, 9, , 3, 0, 0, 0, , 0, 0, 0, 0, 0, 
785, 0, -1, -1, -1, 121, 138, 155.0, 9, , 31, 0, 0, 0, , 0, 0, 0, 0, 0, 
786, 0, -1, -1, -1, 250, 173, 155.0, 9, , 5, 0, 0, 0, , 0, 0, 0, 0, 0, 
787, 0, -1, -1, -1, 151, 177, 157.0, 11, , 15, 0, 0, 0, , 0, 0, 0, 0, 0, 
788, 0, -1, -1, -1, 293, 137, 157.0, 9, , 47, 0, 0, 0, , 0, 0, 0, 0, 0, 
789, 0, -1, -1, -1, 313, 64, 157.0, 9, , 25, 0, 0, 0, , 0, 0, 0, 0, 0, 
790, 0, -1, -1, -1, 120, 66, 158.0, 7, , 22, 0, 0, 0, , 0, 0, 0, 0, 0, 
791, 0, -1, -1, -1, 72, 150, 159.0, 9, , 63, 0, 0, 0, , 0, 0, 0, 0, 0, 
792, 0, -1, -1, -1, 112, 158, 162.0, 9, , 6, 0, 0, 0, , 0, 0, 0, 0, 0, 
793, 0, -1, -1, -1, 154, 46, 165.0, 9, , 40, 0, 0, 0, , 0, 0, 0, 0, 0, 
794, 0, -1, -1, -1, 76, 128, 171.0, 11, , 31, 0, 0, 0, , 0, 0, 0, 0, 0, 
795, 0, -1, -1, -1, 77, 126, 172.0, 9, , 44, 0, 0, 0, , 0, 0, 0, 0, 0, 
796, 0, -1, -1, -1, 111, 131, 172.0, 9, , 35, 0, 0, 0, , 0, 0, 0, 0, 0, 
797, 0, -1, -1, -1, 293, 124, 172.0, 7, , 20, 0, 0, 0, , 0, 0, 0, 0, 0, 
798, 0, -1, -1, -1, 144, 145, 175.0, 11, , 49, 0, 0, 0, , 0, 0, 0, 0, 0, 
799, 0, -1, -1, -1, 129, 116, 176.0, 9, , 62, 0, 0, 0, , 0, 0, 0, 0, 0, 
800, 0, -1, -1, -1, 277, 127, 177.0, 9, , 19, 0, 0, 0, , 0, 0, 0, 0, 0, 
801, 0, -1, -1, -1, 128, 122, 179.0, 9, , 41, 0, 0, 0, , 0, 0, 0, 0, 0, 
802, 0, -1, -1, -1, 297, 114, 181.0, 9, , 28, 0, 0, 0, , 0, 0, 0, 0, 0, 
803, 0, -1, -1, -1, 146, 146, 184.0, 11, , 30, 0, 0, 0, , 0, 0, 0, 0, 0, 
804, 0, -1, -1, -1, 99, 85, 192.0, 13, , 48, 0, 0, 0, , 0, 0, 0, 0, 0, 
805, 0, -1, -1, -1, 125, 124, 199.0, 9, , 179, 0, 0, 0, , 0, 0, 0, 0, 0, 
806, 0, -1, -1, -1, 202, 74, 202.0, 9, , 30, 0, 0, 0, , 0, 0, 0, 0, 0, 
807, 0, -1, -1, -1, 196, 82, 205.0, 9, , 33, 0, 0, 0, , 0, 0, 0, 0, 0, 
808, 0, -1, -1, -1, 96, 97, 61.0, 11, , 69, 0, 0, 0, , 0, 0, 0, 0, 0, 
809, 0, -1, -1, -1, 206, 142, 77.0, 11, , 40, 0, 0, 0, , 0, 0, 0, 0, 0, 
810, 0, -1, -1, -1, 102, 55, 94.0, 9, , 22, 0, 0, 0, , 0, 0, 0, 0, 0, 
811, 0, -1, -1, -1, 311, 67, 166.0, 9, , 40, 0, 0, 0, , 0, 0, 0, 0, 0, 
812, 0, -1, -1, -1, 111, 131, 170.0, 7, , 28, 0, 0, 0, , 0, 0, 0, 0, 0, 
813, 0, -1, -1, -1, 235, 55, 180.0, 9, , 60, 0, 0, 0, , 0, 0, 0, 0, 0, 
814, 0, -1, -1, -1, 271, 128, 183.0, 7, , 25, 0, 0, 0, , 0, 0, 0, 0, 0, 
815, 0, -1, -1, -1, 119, 155, 187.0, 9, , 13, 0, 0, 0, , 0, 0, 0, 0, 0, 
816, 0, -1, -1, -1, 199, 118, 203.0, 9, , 46, 0, 0, 0, , 0, 0, 0, 0, 0, 
817, 1, 830, 889, -1, 248, 82, 126.0, 14, Eprpa, 0, 0, 0, 0, , 0, 0, 0, 0, 0, 
818, 0, 831, -1, -1, 127, 37, 126.0, 15, , 0, 0, 0, 0, , 0, 0, 0, 0, 0, 
819, 1, 832, 891, -1, 137, 112, 205.0, 15, ABarappaaa, 0, 0, 0, 0, , 0, 0, 0, 0, 0, 
820, 1, 833, 892, -1, 152, 102, 213.0, 17, ABarappapa, 0, 0, 0, 0, , 0, 0, 0, 0, 0, 
821, 1, 834, 893, -1, 176, 106, 212.0, 15, ABarappapp, 0, 0, 0, 0, , 0, 0, 0, 0, 0, 
822, 1, 835, 894, -1, 159, 119, 206.0, 15, ABarappaap, 0, 0, 0, 0, , 0, 0, 0, 0, 0, 
823, 1, 836, 895, -1, 118, 97, 205.0, 12, ABarapppaa, 0, 0, 0, 0, , 0, 0, 0, 0, 0, 
824, 1, 837, 896, -1, 132, 100, 193.0, 16, ABarapppap, 0, 0, 0, 0, , 0, 0, 0, 0, 0, 
825, 1, 838, 897, -1, 131, 89, 202.0, 15, ABarappppa, 0, 0, 0, 0, , 0, 0, 0, 0, 0, 
826, 1, 839, 898, -1, 154, 85, 201.0, 17, ABarappppp, 0, 0, 0, 0, , 0, 0, 0, 0, 0, 
827, 1, 840, 899, -1, 103, 128, 191.0, 15, ABarapaaaa, 0, 0, 0, 0, , 0, 0, 0, 0, 0, 
828, 1, 841, 900, -1, 123, 127, 197.80646, 15, ABarapaaap, 0, 0, 0, 0, , 0, 0, 0, 0, 0, 
829, 1, 842, 901, -1, 114, 118, 187.0, 13, ABarapaapa, 0, 0, 0, 0, , 0, 0, 0, 0, 0, 
830, 1, 843, 902, -1, 131, 122, 182.0, 14, ABarapaapp, 0, 0, 0, 0, , 0, 0, 0, 0, 0, 
831, 1, 844, 903, -1, 141, 130, 199.0, 15, ABarapapaa, 0, 0, 0, 0, , 0, 0, 0, 0, 0, 
832, 1, 845, 904, -1, 158, 140, 200.0, 14, ABarapapap, 0, 0, 0, 0, , 0, 0, 0, 0, 0, 
833, 1, 846, 905, -1, 147, 121, 185.0, 14, ABarapappa, 0, 0, 0, 0, , 0, 0, 0, 0, 0, 
834, 1, 847, 906, -1, 172, 124, 189.0, 17, ABarapappp, 0, 0, 0, 0, , 0, 0, 0, 0, 0, 
835, 1, 848, 907, -1, 79, 129, 150.0, 14, ABaraapaaa, 0, 0, 0, 0, , 0, 0, 0, 0, 0, 
836, 1, 849, 908, -1, 100, 122, 156.0, 14, ABaraapaap, 0, 0, 0, 0, , 0, 0, 0, 0, 0, 
837, 1, 850, 909, -1, 116, 132, 144.0, 18, ABaraapapa, 0, 0, 0, 0, , 0, 0, 0, 0, 0, 
838, 1, 851, 910, -1, 129, 118, 127.0, 14, ABaraapapp, 0, 0, 0, 0, , 0, 0, 0, 0, 0, 
839, 1, 852, 911, -1, 100, 101, 160.0, 15, ABaraappaa, 0, 0, 0, 0, , 0, 0, 0, 0, 0, 
840, 1, 853, 912, -1, 115, 108, 148.0, 19, ABaraappap, 0, 0, 0, 0, , 0, 0, 0, 0, 0, 
841, 1, 854, 913, -1, 136, 104, 161.0, 17, ABaraapppa, 0, 0, 0, 0, , 0, 0, 0, 0, 0, 
842, 1, 855, 914, -1, 157, 93, 142.0, 16, ABaraapppp, 0, 0, 0, 0, , 0, 0, 0, 0, 0, 
843, 1, 856, 915, -1, 72, 128, 175.0, 17, ABaraaapaa, 0, 0, 0, 0, , 0, 0, 0, 0, 0, 
844, 1, 857, 916, -1, 88, 117, 181.0, 19, ABaraaapap, 0, 0, 0, 0, , 0, 0, 0, 0, 0, 
845, 1, 858, 917, -1, 88, 105, 193.0, 15, ABaraaappa, 0, 0, 0, 0, , 0, 0, 0, 0, 0, 
846, 1, 859, 918, -1, 106, 110, 200.0, 16, ABaraaappp, 0, 0, 0, 0, , 0, 0, 0, 0, 0, 
847, 1, 860, 919, -1, 69, 104, 169.0, 15, ABaraaaaap, 0, 0, 0, 0, , 0, 0, 0, 0, 0, 
848, 1, 861, 920, -1, 57, 123, 165.0, 15, ABaraaaaaa, 0, 0, 0, 0, , 0, 0, 0, 0, 0, 
849, 1, 862, 921, -1, 82, 109, 147.0, 14, ABaraaaap, 0, 0, 0, 0, , 0, 0, 0, 0, 0, 
850, 1, 863, 922, -1, 108, 133, 174.0, 15, ABalpaaapa, 0, 0, 0, 0, , 0, 0, 0, 0, 0, 
851, 1, 864, 923, -1, 119, 140, 156.0, 15, ABalpaaapp, 0, 0, 0, 0, , 0, 0, 0, 0, 0, 
852, 1, 865, 924, -1, 95, 148, 179.0, 15, ABalpaaaap, 0, 0, 0, 0, , 0, 0, 0, 0, 0, 
853, 1, 866, 925, -1, 74, 150, 164.0, 15, ABalpaaaaa, 0, 0, 0, 0, , 0, 0, 0, 0, 0, 
854, 1, 867, 926, -1, 65, 133, 148.0, 15, ABalpaapaa, 0, 0, 0, 0, , 0, 0, 0, 0, 0, 
855, 1, 868, 927, -1, 95, 144, 159.0, 16, ABalpaapap, 0, 0, 0, 0, , 0, 0, 0, 0, 0, 
856, 1, 869, 928, -1, 76, 159, 147.0, 12, ABalpaappa, 0, 0, 0, 0, , 0, 0, 0, 0, 0, 
857, 1, 870, 929, -1, 124, 142, 183.0, 15, ABalpappaa, 0, 0, 0, 0, , 0, 0, 0, 0, 0, 
858, 1, 871, 930, -1, 144, 146, 182.0, 17, ABalpappap, 0, 0, 0, 0, , 0, 0, 0, 0, 0, 
859, 1, 872, 931, -1, 131, 144, 163.0, 15, ABalpapppa, 0, 0, 0, 0, , 0, 0, 0, 0, 0, 
860, 1, 873, 932, -1, 160, 149, 166.0, 19, ABalpapppp, 0, 0, 0, 0, , 0, 0, 0, 0, 0, 
861, 1, 874, 933, -1, 65, 146, 112.0, 15, ABalppaaaa, 0, 0, 0, 0, , 0, 0, 0, 0, 0, 
862, 1, 875, 934, -1, 83, 162, 108.0, 16, ABalppaaap, 0, 0, 0, 0, , 0, 0, 0, 0, 0, 
863, 1, 876, 935, -1, 103, 167, 129.0, 15, ABalppapaa, 0, 0, 0, 0, , 0, 0, 0, 0, 0, 
864, 1, 877, 936, -1, 120, 177, 141.0, 14, ABalppapap, 0, 0, 0, 0, , 0, 0, 0, 0, 0, 
865, 1, 878, 937, -1, 133, 164, 138.0, 15, ABalppappa, 0, 0, 0, 0, , 0, 0, 0, 0, 0, 
866, 1, 879, 938, -1, 98, 164, 142.0, 15, ABalpaappp, 0, 0, 0, 0, , 0, 0, 0, 0, 0, 
867, 1, 880, 939, -1, 107, 160, 164.0, 15, ABalpapaaa, 0, 0, 0, 0, , 0, 0, 0, 0, 0, 
868, 1, 881, 940, -1, 115, 155, 181.0, 15, ABalpapaap, 0, 0, 0, 0, , 0, 0, 0, 0, 0, 
869, 1, 882, 941, -1, 130, 168, 157.0, 15, ABalpapapa, 0, 0, 0, 0, , 0, 0, 0, 0, 0, 
870, 1, 883, 942, -1, 155, 168, 173.0, 14, ABalpapapp, 0, 0, 0, 0, , 0, 0, 0, 0, 0, 
871, 1, 884, 943, -1, 101, 172, 113.0, 14, ABalppaapa, 0, 0, 0, 0, , 0, 0, 0, 0, 0, 
872, 0, 885, -1, -1, 103, 164, 96.0, 17, , 0, 0, 0, 0, , 0, 0, 0, 0, 0, 
873, 1, 886, 945, -1, 150, 177, 151.4, 15, ABalppappp, 0, 0, 0, 0, , 0, 0, 0, 0, 0, 
874, 1, 887, 950, -1, 83, 147, 92.0, 17, ABalpppaaa, 0, 0, 0, 0, , 0, 0, 0, 0, 0, 
875, 1, 888, 946, -1, 153, 139, 77.666664, 15, ABalpppppp, 0, 0, 0, 0, , 0, 0, 0, 0, 0, 
876, 1, 889, 947, -1, 135, 138, 75.0, 17, ABalpppppa, 0, 0, 0, 0, , 0, 0, 0, 0, 0, 
877, 0, 890, -1, -1, 94, 127, 98.0, 13, , 0, 0, 0, 0, , 0, 0, 0, 0, 0, 
878, 1, 891, 949, -1, 125, 124, 88.0, 17, ABalppppap, 0, 0, 0, 0, , 0, 0, 0, 0, 0, 
879, 1, 892, 951, -1, 90, 146, 80.0, 15, ABalpppaap, 0, 0, 0, 0, , 0, 0, 0, 0, 0, 
880, 1, 893, 952, -1, 108, 155, 78.0, 15, ABalpppapa, 0, 0, 0, 0, , 0, 0, 0, 0, 0, 
881, 0, 894, -1, -1, 123, 154, 70.5, 11, , 0, 0, 0, 0, , 0, 0, 0, 0, 0, 
882, 1, 895, 954, -1, 51, 111, 134.0, 14, ABalaaapar, 0, 0, 0, 0, , 0, 0, 0, 0, 0, 
883, 1, 896, 955, -1, 62, 130, 121.0, 16, ABalaaapal, 0, 0, 0, 0, , 0, 0, 0, 0, 0, 
884, 1, 897, 956, -1, 54, 93, 138.0, 14, ABalaaappl, 0, 0, 0, 0, , 0, 0, 0, 0, 0, 
885, 1, 898, 957, -1, 69, 80, 145.0, 15, ABalaaappr, 0, 0, 0, 0, , 0, 0, 0, 0, 0, 
886, 1, 899, 958, -1, 72, 91, 178.0, 13, ABalaapaaa, 0, 0, 0, 0, , 0, 0, 0, 0, 0, 
887, 1, 900, 959, -1, 99, 86, 194.0, 15, ABalaapaap, 0, 0, 0, 0, , 0, 0, 0, 0, 0, 
888, 1, 901, 960, -1, 77, 75, 176.0, 15, ABalaapapa, 0, 0, 0, 0, , 0, 0, 0, 0, 0, 
889, 1, 902, 961, -1, 95, 65, 175.0, 15, ABalaapapp, 0, 0, 0, 0, , 0, 0, 0, 0, 0, 
890, 1, 903, 962, -1, 50, 122, 146.0, 15, ABalaaaarl, 0, 0, 0, 0, , 0, 0, 0, 0, 0, 
891, 1, 904, 963, -1, 63, 94, 158.0, 16, ABalaaaarr, 0, 0, 0, 0, , 0, 0, 0, 0, 0, 
892, 1, 905, 964, -1, 57, 138, 133.0, 15, ABalaaaala, 0, 0, 0, 0, , 0, 0, 0, 0, 0, 
893, 1, 906, 965, -1, 70, 153, 126.0, 14, ABalaaaalp, 0, 0, 0, 0, , 0, 0, 0, 0, 0, 
894, 1, 907, 966, -1, 70, 82, 167.0, 15, ABalaappaa, 0, 0, 0, 0, , 0, 0, 0, 0, 0, 
895, 1, 908, 967, -1, 82, 70, 158.0, 16, ABalaappap, 0, 0, 0, 0, , 0, 0, 0, 0, 0, 
896, 1, 909, 968, -1, 71, 65, 133.0, 14, ABalaapppa, 0, 0, 0, 0, , 0, 0, 0, 0, 0, 
897, 1, 910, 969, -1, 93, 59, 134.0, 16, ABalaapppp, 0, 0, 0, 0, , 0, 0, 0, 0, 0, 
898, 1, 911, 970, -1, 78, 129, 105.0, 17, ABalapaapa, 0, 0, 0, 0, , 0, 0, 0, 0, 0, 
899, 1, 912, 971, -1, 93, 127, 97.0, 17, ABalapaapp, 0, 0, 0, 0, , 0, 0, 0, 0, 0, 
900, 1, 913, 972, -1, 61, 115, 109.5, 17, ABalapaaaa, 0, 0, 0, 0, , 0, 0, 0, 0, 0, 
901, 1, 914, 973, -1, 78, 112, 96.0, 16, ABalapaaap, 0, 0, 0, 0, , 0, 0, 0, 0, 0, 
902, 1, 915, 974, -1, 91, 102, 83.0, 17, ABalapapap, 0, 0, 0, 0, , 0, 0, 0, 0, 0, 
903, 1, 916, 975, -1, 79, 92, 93.0, 15, ABalapapaa, 0, 0, 0, 0, , 0, 0, 0, 0, 0, 
904, 1, 917, 976, -1, 106, 115, 74.0, 14, ABalapappa, 0, 0, 0, 0, , 0, 0, 0, 0, 0, 
905, 1, 918, 977, -1, 132, 110, 79.0, 16, ABalapappp, 0, 0, 0, 0, , 0, 0, 0, 0, 0, 
906, 1, 919, 978, -1, 47, 105, 121.0, 13, ABalappaaa, 0, 0, 0, 0, , 0, 0, 0, 0, 0, 
907, 1, 920, 979, -1, 64, 92, 100.0, 15, ABalappaap, 0, 0, 0, 0, , 0, 0, 0, 0, 0, 
908, 1, 921, 980, -1, 54, 84, 127.0, 14, ABalappapa, 0, 0, 0, 0, , 0, 0, 0, 0, 0, 
909, 1, 922, 981, -1, 67, 69, 116.0, 16, ABalappapp, 0, 0, 0, 0, , 0, 0, 0, 0, 0, 
910, 1, 923, 982, -1, 81, 78, 114.0, 14, ABalapppaa, 0, 0, 0, 0, , 0, 0, 0, 0, 0, 
911, 1, 924, 983, -1, 96, 70, 112.0, 14, ABalapppap, 0, 0, 0, 0, , 0, 0, 0, 0, 0, 
912, 1, 925, 984, -1, 108, 54, 115.0, 14, ABalappppa, 0, 0, 0, 0, , 0, 0, 0, 0, 0, 
913, 1, 926, 985, -1, 130, 48, 113.0, 14, ABalappppp, 0, 0, 0, 0, , 0, 0, 0, 0, 0, 
914, 1, 927, 986, -1, 105, 136, 76.0, 15, ABalppppaa, 0, 0, 0, 0, , 0, 0, 0, 0, 0, 
915, 1, 928, 987, -1, 93, 55, 154.0, 12, ABpraaaaaa, 0, 0, 0, 0, , 0, 0, 0, 0, 0, 
916, 1, 929, 988, -1, 110, 44, 153.0, 13, ABpraaaaap, 0, 0, 0, 0, , 0, 0, 0, 0, 0, 
917, 1, 930, 989, -1, 109, 55, 166.0, 15, ABpraaaapa, 0, 0, 0, 0, , 0, 0, 0, 0, 0, 
918, 1, 931, 990, -1, 121, 52, 176.0, 14, ABpraaaapp, 0, 0, 0, 0, , 0, 0, 0, 0, 0, 
919, 1, 932, 991, -1, 133, 53, 157.0, 15, ABpraaappa, 0, 0, 0, 0, , 0, 0, 0, 0, 0, 
920, 1, 933, 992, -1, 159, 47, 161.0, 17, ABpraaappp, 0, 0, 0, 0, , 0, 0, 0, 0, 0, 
921, 1, 934, 993, -1, 196, 45, 172.0, 12, ABpraapppa, 0, 0, 0, 0, , 0, 0, 0, 0, 0, 
922, 1, 935, 994, -1, 213, 51, 182.0, 13, ABpraapppp, 0, 0, 0, 0, , 0, 0, 0, 0, 0, 
923, 1, 936, 995, -1, 180, 41, 159.66667, 13, ABpraappap, 0, 0, 0, 0, , 0, 0, 0, 0, 0, 
924, 1, 937, 997, -1, 232, 55, 183.0, 15, ABprappaaa, 0, 0, 0, 0, , 0, 0, 0, 0, 0, 
925, 1, 938, 998, -1, 252, 67, 188.0, 15, ABprappaap, 0, 0, 0, 0, , 0, 0, 0, 0, 0, 
926, 1, 939, 999, -1, 279, 68, 179.0, 15, ABprappapp, 0, 0, 0, 0, , 0, 0, 0, 0, 0, 
927, 1, 940, 1000, -1, 256, 50, 167.0, 15, ABprappapa, 0, 0, 0, 0, , 0, 0, 0, 0, 0, 
928, 1, 941, 1001, -1, 265, 76, 193.0, 12, ABprapppaa, 0, 0, 0, 0, , 0, 0, 0, 0, 0, 
929, 1, 942, 1002, -1, 282, 87, 184.0, 13, ABprapppap, 0, 0, 0, 0, , 0, 0, 0, 0, 0, 
930, 1, 943, 1003, -1, 209, 44, 140.0, 14, ABprapaaap, 0, 0, 0, 0, , 0, 0, 0, 0, 0, 
931, 1, 944, 1004, -1, 188, 45, 142.0, 14, ABprapaaaa, 0, 0, 0, 0, , 0, 0, 0, 0, 0, 
932, 1, 945, 1005, -1, 216, 43, 154.0, 15, ABprapaapa, 0, 0, 0, 0, , 0, 0, 0, 0, 0, 
933, 1, 946, 1006, -1, 237, 48, 167.33333, 15, ABprapaapp, 0, 0, 0, 0, , 0, 0, 0, 0, 0, 
934, 1, 947, 1007, -1, 298, 60, 158.0, 13, ABprapapap, 0, 0, 0, 0, , 0, 0, 0, 0, 0, 
935, 1, 948, 1008, -1, 277, 52, 151.0, 17, ABprapapaa, 0, 0, 0, 0, , 0, 0, 0, 0, 0, 
936, 1, 949, 1009, -1, 310, 86, 176.0, 14, ABprapappp, 0, 0, 0, 0, , 0, 0, 0, 0, 0, 
937, 1, 950, 1010, -1, 313, 69, 157.0, 14, ABprapappa, 0, 0, 0, 0, , 0, 0, 0, 0, 0, 
938, 1, 951, 1011, -1, 156, 162, 123.0, 13, ABplppaaaa, 0, 0, 0, 0, , 0, 0, 0, 0, 0, 
939, 1, 952, 1012, -1, 175, 181, 129.0, 13, ABplppaaap, 0, 0, 0, 0, , 0, 0, 0, 0, 0, 
940, 1, 953, 1013, -1, 197, 179, 146.4, 15, ABplppaapa, 0, 0, 0, 0, , 0, 0, 0, 0, 0, 
941, 1, 954, 1014, -1, 217, 175, 152.0, 14, ABplppaapp, 0, 0, 0, 0, , 0, 0, 0, 0, 0, 
942, 1, 955, 1015, -1, 186, 177, 129.0, 12, ABplppapaa, 0, 0, 0, 0, , 0, 0, 0, 0, 0, 
943, 1, 956, 1016, -1, 209, 179, 129.0, 13, ABplppapap, 0, 0, 0, 0, , 0, 0, 0, 0, 0, 
944, 1, 957, 1017, -1, 232, 176, 126.0, 13, ABplppappa, 0, 0, 0, 0, , 0, 0, 0, 0, 0, 
945, 1, 958, 1018, -1, 251, 171, 131.0, 15, ABplppappp, 0, 0, 0, 0, , 0, 0, 0, 0, 0, 
946, 1, 959, 1019, -1, 237, 173, 146.33333, 15, ABplpppaaa, 0, 0, 0, 0, , 0, 0, 0, 0, 0, 
947, 1, 960, 1020, -1, 257, 171, 148.0, 15, ABplpppaap, 0, 0, 0, 0, , 0, 0, 0, 0, 0, 
948, 1, 961, 1021, -1, 272, 162, 155.5, 15, ABplpppapa, 0, 0, 0, 0, , 0, 0, 0, 0, 0, 
949, 1, 962, 1022, -1, 277, 147, 165.0, 15, ABplpppapp, 0, 0, 0, 0, , 0, 0, 0, 0, 0, 
950, 1, 963, 1023, -1, 222, 163, 168.0, 14, ABplppppaa, 0, 0, 0, 0, , 0, 0, 0, 0, 0, 
951, 1, 964, 1024, -1, 243, 159, 168.0, 14, ABplppppap, 0, 0, 0, 0, , 0, 0, 0, 0, 0, 
952, 1, 965, 1025, -1, 233, 141, 176.0, 15, ABplpppppa, 0, 0, 0, 0, , 0, 0, 0, 0, 0, 
953, 1, 966, 1026, -1, 261, 139, 165.0, 15, ABplpppppp, 0, 0, 0, 0, , 0, 0, 0, 0, 0, 
954, 1, 967, 1027, -1, 202, 170, 169.0, 15, ABplpapapp, 0, 0, 0, 0, , 0, 0, 0, 0, 0, 
955, 1, 968, 1028, -1, 121, 162, 118.0, 15, ABplpaaaaa, 0, 0, 0, 0, , 0, 0, 0, 0, 0, 
956, 1, 969, 1029, -1, 138, 177, 118.333336, 16, ABplpaaaap, 0, 0, 0, 0, , 0, 0, 0, 0, 0, 
957, 1, 970, 1030, -1, 146, 169, 105.0, 15, ABplpaaapp, 0, 0, 0, 0, , 0, 0, 0, 0, 0, 
958, 1, 971, 1031, -1, 157, 181, 124.0, 16, ABplpaaapa, 0, 0, 0, 0, , 0, 0, 0, 0, 0, 
959, 1, 972, 1032, -1, 123, 163, 97.0, 16, ABplpaapaa, 0, 0, 0, 0, , 0, 0, 0, 0, 0, 
960, 1, 973, 1033, -1, 142, 165, 87.0, 17, ABplpaapap, 0, 0, 0, 0, , 0, 0, 0, 0, 0, 
961, 1, 974, 1034, -1, 165, 167, 87.0, 15, ABplpaappa, 0, 0, 0, 0, , 0, 0, 0, 0, 0, 
962, 1, 975, 1035, -1, 178, 175, 109.0, 14, ABplpaappp, 0, 0, 0, 0, , 0, 0, 0, 0, 0, 
963, 1, 976, 1036, -1, 158, 165, 144.0, 15, ABplpapaaa, 0, 0, 0, 0, , 0, 0, 0, 0, 0, 
964, 1, 977, 1037, -1, 177, 165, 148.0, 15, ABplpapaap, 0, 0, 0, 0, , 0, 0, 0, 0, 0, 
965, 1, 978, 1038, -1, 182, 175, 161.0, 14, ABplpapapa, 0, 0, 0, 0, , 0, 0, 0, 0, 0, 
966, 1, 979, 1039, -1, 177, 154, 179.0, 17, ABplpappaa, 0, 0, 0, 0, , 0, 0, 0, 0, 0, 
967, 0, -1, -1, -1, 193, 154, 185.0, 12, , 0, 0, 0, 0, , 0, 0, 0, 0, 0, 
968, 1, 980, 1041, -1, 193, 154, 182.0, 12, ABplpappap, 0, 0, 0, 0, , 0, 0, 0, 0, 0, 
969, 1, 981, 1042, -1, 206, 153, 191.0, 15, ABplpapppa, 0, 0, 0, 0, , 0, 0, 0, 0, 0, 
970, 1, 982, 1043, -1, 230, 153, 187.0, 15, ABplpapppp, 0, 0, 0, 0, , 0, 0, 0, 0, 0, 
971, 1, 983, 1044, -1, 104, 41, 122.0, 13, ABpraapaaa, 0, 0, 0, 0, , 0, 0, 0, 0, 0, 
972, 1, 984, 1045, -1, 140, 35, 142.0, 14, ABpraapapa, 0, 0, 0, 0, , 0, 0, 0, 0, 0, 
973, 1, 985, 1046, -1, 162, 32, 140.0, 14, ABpraapapp, 0, 0, 0, 0, , 0, 0, 0, 0, 0, 
974, 1, 986, 1047, -1, 121, 72, 190.0, 14, ABprpaaaaa, 0, 0, 0, 0, , 0, 0, 0, 0, 0, 
975, 1, 987, 1048, -1, 138, 72, 196.88889, 14, ABprpaaaap, 0, 0, 0, 0, , 0, 0, 0, 0, 0, 
976, 1, 988, 1049, -1, 142, 64, 188.0, 13, ABprpaaapa, 0, 0, 0, 0, , 0, 0, 0, 0, 0, 
977, 1, 989, 1050, -1, 162, 62, 198.0, 15, ABprpaaapp, 0, 0, 0, 0, , 0, 0, 0, 0, 0, 
978, 1, 990, 1051, -1, 137, 51, 178.14285, 15, ABprpaapaa, 0, 0, 0, 0, , 0, 0, 0, 0, 0, 
979, 1, 991, 1052, -1, 155, 51, 184.16667, 13, ABprpaapap, 0, 0, 0, 0, , 0, 0, 0, 0, 0, 
980, 1, 992, 1053, -1, 176, 51, 186.66667, 15, ABprpaappa, 0, 0, 0, 0, , 0, 0, 0, 0, 0, 
981, 1, 993, 1054, -1, 192, 61, 196.0, 15, ABprpaappp, 0, 0, 0, 0, , 0, 0, 0, 0, 0, 
982, 1, 994, 1055, -1, 196, 117, 208.5, 15, ABprpapapa, 0, 0, 0, 0, , 0, 0, 0, 0, 0, 
983, 1, 995, 1056, -1, 167, 99, 197.75, 15, ABprpapaaa, 0, 0, 0, 0, , 0, 0, 0, 0, 0, 
984, 1, 996, 1057, -1, 187, 105, 196.0, 15, ABprpapaap, 0, 0, 0, 0, , 0, 0, 0, 0, 0, 
985, 1, 997, 1058, -1, 217, 118, 207.0, 14, ABprpapapp, 0, 0, 0, 0, , 0, 0, 0, 0, 0, 
986, 1, 998, 1059, -1, 177, 128, 203.0, 15, ABprpappaa, 0, 0, 0, 0, , 0, 0, 0, 0, 0, 
987, 1, 999, 1060, -1, 197, 133, 191.0, 15, ABprpappap, 0, 0, 0, 0, , 0, 0, 0, 0, 0, 
988, 1, 1000, 1061, -1, 217, 136, 201.0, 15, ABprpapppa, 0, 0, 0, 0, , 0, 0, 0, 0, 0, 
989, 1, 1001, 1062, -1, 249, 136, 186.0, 14, ABprpapppp, 0, 0, 0, 0, , 0, 0, 0, 0, 0, 
990, 1, 1002, 1063, -1, 173, 79, 202.0, 14, ABprppaaaa, 0, 0, 0, 0, , 0, 0, 0, 0, 0, 
991, 1, 1003, 1064, -1, 189, 74, 190.0, 14, ABprppaaap, 0, 0, 0, 0, , 0, 0, 0, 0, 0, 
992, 1, 1004, 1065, -1, 201, 97, 208.0, 13, ABprppaapa, 0, 0, 0, 0, , 0, 0, 0, 0, 0, 
993, 1, 1005, 1066, -1, 222, 93, 211.0, 15, ABprppaapp, 0, 0, 0, 0, , 0, 0, 0, 0, 0, 
994, 1, 1006, 1067, -1, 201, 79, 202.0, 12, ABprppapaa, 0, 0, 0, 0, , 0, 0, 0, 0, 0, 
995, 1, 1007, 1068, -1, 221, 74, 206.0, 13, ABprppapap, 0, 0, 0, 0, , 0, 0, 0, 0, 0, 
996, 1, 1008, 1069, -1, 232, 72, 195.0, 14, ABprppappa, 0, 0, 0, 0, , 0, 0, 0, 0, 0, 
997, 1, 1009, 1070, -1, 252, 81, 201.0, 14, ABprppappp, 0, 0, 0, 0, , 0, 0, 0, 0, 0, 
998, 1, 1010, 1071, -1, 238, 92, 210.0, 12, ABprpppaaa, 0, 0, 0, 0, , 0, 0, 0, 0, 0, 
999, 1, 1011, 1072, -1, 261, 98, 197.0, 12, ABprpppaap, 0, 0, 0, 0, , 0, 0, 0, 0, 0, 
1000, 1, 1012, 1073, -1, 276, 112, 191.0, 12, ABprpppapa, 0, 0, 0, 0, , 0, 0, 0, 0, 0, 
1001, 1, 1013, 1074, -1, 285, 128, 190.0, 12, ABprpppapp, 0, 0, 0, 0, , 0, 0, 0, 0, 0, 
1002, 1, 1014, 1075, -1, 232, 110, 207.0, 15, ABprppppaa, 0, 0, 0, 0, , 0, 0, 0, 0, 0, 
1003, 1, 1015, 1076, -1, 247, 109, 191.0, 15, ABprppppap, 0, 0, 0, 0, , 0, 0, 0, 0, 0, 
1004, 1, 1016, 1077, -1, 256, 122, 183.0, 15, ABprpppppa, 0, 0, 0, 0, , 0, 0, 0, 0, 0, 
1005, 1, 1017, 1078, -1, 272, 127, 174.0, 15, ABprpppppp, 0, 0, 0, 0, , 0, 0, 0, 0, 0, 
1006, 1, 1018, 1079, -1, 67, 115, 132.0, 13, MSaaaaaa, 0, 0, 0, 0, , 0, 0, 0, 0, 0, 
1007, 1, 1019, 1080, -1, 87, 102, 114.5, 12, MSaaaaap, 0, 0, 0, 0, , 0, 0, 0, 0, 0, 
1008, 1, 1020, 1081, -1, 128, 84, 102.5, 12, MSaaaapp, 0, 0, 0, 0, , 0, 0, 0, 0, 0, 
1009, 1, 1021, 1082, -1, 101, 89, 111.0, 11, MSaaaapa, 0, 0, 0, 0, , 0, 0, 0, 0, 0, 
1010, 1, 1022, 1083, -1, 138, 98, 125.25, 15, MSaaapp, 0, 0, 0, 0, , 0, 0, 0, 0, 0, 
1011, 1, 1023, 1084, -1, 124, 100, 112.0, 14, MSaaapap, 0, 0, 0, 0, , 0, 0, 0, 0, 0, 
1012, 1, 1024, 1085, -1, 100, 115, 129.0, 15, MSaaapaa, 0, 0, 0, 0, , 0, 0, 0, 0, 0, 
1013, 1, 1025, 1086, -1, 154, 135, 151.0, 10, MSaapapa, 0, 0, 0, 0, , 0, 0, 0, 0, 0, 
1014, 1, 1026, 1087, -1, 185, 136, 154.66667, 12, MSaapapp, 0, 0, 0, 0, , 0, 0, 0, 0, 0, 
1015, 1, 1027, 1088, -1, 136, 128, 151.0, 12, MSaapaaa, 0, 0, 0, 0, , 0, 0, 0, 0, 0, 
1016, 1, 1028, 1089, -1, 153, 113, 131.0, 12, MSaapaap, 0, 0, 0, 0, , 0, 0, 0, 0, 0, 
1017, 1, 1029, 1214, -1, 272, 104, 114.0, 17, Eplpa, 0, 0, 0, 0, , 0, 0, 0, 0, 0, 
1018, 1, 1029, 1090, -1, 287, 120, 127.5, 15, Eplpp, 0, 0, 0, 0, , 0, 0, 0, 0, 0, 
1019, 1, 1030, 1091, -1, 307, 111, 91.0, 17, Caaapa, 0, 0, 0, 0, , 0, 0, 0, 0, 0, 
1020, 1, 1031, 1092, -1, 313, 119, 155.0, 15, Caapa, 0, 0, 0, 0, , 0, 0, 0, 0, 0, 
1021, 1, 1032, 1221, -1, 308, 137, 157.0, 15, Caappv, 0, 0, 0, 0, , 0, 0, 0, 0, 0, 
1022, 1, 1032, 1093, -1, 325, 142, 147.5, 16, Caappd, 0, 0, 0, 0, , 0, 0, 0, 0, 0, 
1023, 1, 1033, 1094, 1095, 238, 140, 149.0, 17, Capaa, 0, 0, 0, 0, , 0, 0, 0, 0, 0, 
1024, 1, 1034, 1096, -1, 265, 148, 139.0, 17, Capap, 0, 0, 0, 0, , 0, 0, 0, 0, 0, 
1025, 0, 1035, -1, -1, 293, 138, 145.0, 17, , 0, 0, 0, 0, , 0, 0, 0, 0, 0, 
1026, 0, 1035, -1, -1, 293, 138, 145.0, 16, , 0, 0, 0, 0, , 0, 0, 0, 0, 0, 
1027, 0, 1036, -1, -1, 293, 138, 145.5, 17, , 0, 0, 0, 0, , 0, 0, 0, 0, 0, 
1028, 0, 1036, -1, -1, 293, 138, 145.5, 16, , 0, 0, 0, 0, , 0, 0, 0, 0, 0, 
1029, 1, 1037, 1099, -1, 238, 106, 173.0, 15, Cppaa, 0, 0, 0, 0, , 0, 0, 0, 0, 0, 
1030, 1, 1038, 1100, -1, 262, 109, 171.0, 15, Cppap, 0, 0, 0, 0, , 0, 0, 0, 0, 0, 
1031, 1, 1039, 1101, -1, 238, 108, 129.0, 18, Z2, 0, 0, 0, 0, , 0, 0, 0, 0, 0, 
1032, 1, 1040, 1102, -1, 208, 122, 148.0, 16, Z3, 0, 0, 0, 0, , 0, 0, 0, 0, 0, 
1033, 1, 1041, 1103, -1, 90, 84, 71.0, 14, ABarpaaaap, 0, 0, 0, 0, , 0, 0, 0, 0, 0, 
1034, 1, 1042, 1104, -1, 85, 73, 93.0, 14, ABarpaaaaa, 0, 0, 0, 0, , 0, 0, 0, 0, 0, 
1035, 1, 1043, 1105, -1, 105, 73, 90.0, 14, ABarpaaapa, 0, 0, 0, 0, , 0, 0, 0, 0, 0, 
1036, 1, 1044, 1106, -1, 121, 70, 80.0, 15, ABarpaaapp, 0, 0, 0, 0, , 0, 0, 0, 0, 0, 
1037, 1, 1045, 1107, -1, 133, 66, 86.0, 15, ABarpaapaa, 0, 0, 0, 0, , 0, 0, 0, 0, 0, 
1038, 1, 1046, 1108, -1, 169, 62, 75.0, 15, ABarpaapap, 0, 0, 0, 0, , 0, 0, 0, 0, 0, 
1039, 1, 1047, 1109, -1, 190, 60, 83.0, 14, ABarpaappa, 0, 0, 0, 0, , 0, 0, 0, 0, 0, 
1040, 1, 1048, 1110, -1, 212, 67, 79.0, 15, ABarpaappp, 0, 0, 0, 0, , 0, 0, 0, 0, 0, 
1041, 1, 1049, 1111, -1, 97, 58, 95.0, 15, ABarpapaaa, 0, 0, 0, 0, , 0, 0, 0, 0, 0, 
1042, 1, 1050, 1112, -1, 119, 51, 96.0, 15, ABarpapaap, 0, 0, 0, 0, , 0, 0, 0, 0, 0, 
1043, 1, 1051, 1113, -1, 136, 51, 96.0, 15, ABarpapapa, 0, 0, 0, 0, , 0, 0, 0, 0, 0, 
1044, 1, 1052, 1114, -1, 160, 47, 99.0, 15, ABarpapapp, 0, 0, 0, 0, , 0, 0, 0, 0, 0, 
1045, 1, 1053, 1115, -1, 141, 34, 107.0, 14, ABarpappaa, 0, 0, 0, 0, , 0, 0, 0, 0, 0, 
1046, 1, 1054, 1116, -1, 157, 31, 123.0, 14, ABarpappap, 0, 0, 0, 0, , 0, 0, 0, 0, 0, 
1047, 1, 1055, 1117, -1, 221, 54, 94.0, 15, ABarpppapa, 0, 0, 0, 0, , 0, 0, 0, 0, 0, 
1048, 1, 1056, 1118, -1, 246, 55, 115.0, 15, ABarpppapp, 0, 0, 0, 0, , 0, 0, 0, 0, 0, 
1049, 1, 1057, 1119, -1, 228, 90, 68.0, 16, ABarppaapa, 0, 0, 0, 0, , 0, 0, 0, 0, 0, 
1050, 1, 1058, 1120, -1, 248, 117, 72.0, 16, ABarppaapp, 0, 0, 0, 0, , 0, 0, 0, 0, 0, 
1051, 1, 1059, 1121, -1, 186, 81, 60.0, 15, ABarppaaaa, 0, 0, 0, 0, , 0, 0, 0, 0, 0, 
1052, 1, 1060, 1122, -1, 206, 96, 65.0, 14, ABarppaaap, 0, 0, 0, 0, , 0, 0, 0, 0, 0, 
1053, 1, 1061, 1134, -1, 214, 125, 67.0, 17, ABarppapaa, 0, 0, 0, 0, , 0, 0, 0, 0, 0, 
1054, 1, 1062, 1123, -1, 248, 135, 76.0, 18, ABarppapap, 0, 0, 0, 0, , 0, 0, 0, 0, 0, 
1055, 1, 1063, 1124, -1, 274, 126, 77.0, 17, ABarppappa, 0, 0, 0, 0, , 0, 0, 0, 0, 0, 
1056, 1, 1064, 1125, -1, 300, 134, 102.0, 17, ABarppappp, 0, 0, 0, 0, , 0, 0, 0, 0, 0, 
1057, 1, 1065, 1126, -1, 187, 39, 97.0, 16, ABarpppaaa, 0, 0, 0, 0, , 0, 0, 0, 0, 0, 
1058, 1, 1066, 1127, -1, 208, 38, 119.0, 16, ABarpppaap, 0, 0, 0, 0, , 0, 0, 0, 0, 0, 
1059, 1, 1067, 1128, -1, 167, 41, 123.0, 13, ABarpapppa, 0, 0, 0, 0, , 0, 0, 0, 0, 0, 
1060, 1, 1068, 1129, -1, 188, 39, 120.0, 14, ABarpapppp, 0, 0, 0, 0, , 0, 0, 0, 0, 0, 
1061, 1, 1069, 1130, -1, 225, 38, 126.0, 14, ABarppppaa, 0, 0, 0, 0, , 0, 0, 0, 0, 0, 
1062, 1, 1070, 1131, -1, 247, 45, 142.0, 15, ABarppppap, 0, 0, 0, 0, , 0, 0, 0, 0, 0, 
1063, 1, 1071, 1132, -1, 266, 53, 132.0, 14, ABarpppppa, 0, 0, 0, 0, , 0, 0, 0, 0, 0, 
1064, 1, 1072, 1133, -1, 303, 64, 140.0, 15, ABarpppppp, 0, 0, 0, 0, , 0, 0, 0, 0, 0, 
1065, 1, 1073, 1135, -1, 94, 98, 63.0, 17, ABplaaaaaa, 0, 0, 0, 0, , 0, 0, 0, 0, 0, 
1066, 1, 1074, 1136, -1, 114, 95, 66.0, 17, ABplaaaaap, 0, 0, 0, 0, , 0, 0, 0, 0, 0, 
1067, 1, 1075, 1137, -1, 129, 87, 78.0, 15, ABplaaaapa, 0, 0, 0, 0, , 0, 0, 0, 0, 0, 
1068, 1, 1076, 1138, -1, 153, 84, 69.0, 16, ABplaaaapp, 0, 0, 0, 0, , 0, 0, 0, 0, 0, 
1069, 1, 1077, 1139, -1, 133, 94, 57.0, 17, ABplaaapaa, 0, 0, 0, 0, , 0, 0, 0, 0, 0, 
1070, 1, 1078, 1140, -1, 154, 101, 57.0, 17, ABplaaapap, 0, 0, 0, 0, , 0, 0, 0, 0, 0, 
1071, 1, 1079, 1141, -1, 174, 101, 56.0, 15, ABplaaappa, 0, 0, 0, 0, , 0, 0, 0, 0, 0, 
1072, 1, 1080, 1142, -1, 193, 110, 75.0, 16, ABplaaappp, 0, 0, 0, 0, , 0, 0, 0, 0, 0, 
1073, 1, 1081, 1143, -1, 100, 123, 57.0, 15, ABplaapaaa, 0, 0, 0, 0, , 0, 0, 0, 0, 0, 
1074, 1, 1082, 1144, -1, 122, 110, 57.0, 16, ABplaapaap, 0, 0, 0, 0, , 0, 0, 0, 0, 0, 
1075, 1, 1083, 1145, -1, 133, 128, 56.0, 17, ABplaapapa, 0, 0, 0, 0, , 0, 0, 0, 0, 0, 
1076, 1, 1084, 1146, -1, 153, 123, 57.0, 17, ABplaapapp, 0, 0, 0, 0, , 0, 0, 0, 0, 0, 
1077, 1, 1085, 1147, -1, 145, 150, 57.0, 17, ABplaappaa, 0, 0, 0, 0, , 0, 0, 0, 0, 0, 
1078, 1, 1086, 1148, -1, 177, 151, 68.0, 17, ABplaappap, 0, 0, 0, 0, , 0, 0, 0, 0, 0, 
1079, 1, 1087, 1149, -1, 187, 158, 84.0, 17, ABplaapppa, 0, 0, 0, 0, , 0, 0, 0, 0, 0, 
1080, 1, 1088, 1150, -1, 205, 170, 95.0, 17, ABplaapppp, 0, 0, 0, 0, , 0, 0, 0, 0, 0, 
1081, 1, 1089, 1151, -1, 175, 121, 71.0, 17, ABplapaaaa, 0, 0, 0, 0, , 0, 0, 0, 0, 0, 
1082, 1, 1090, 1152, -1, 194, 133, 75.0, 17, ABplapaaap, 0, 0, 0, 0, , 0, 0, 0, 0, 0, 
1083, 1, 1091, 1153, -1, 206, 142, 73.0, 17, ABplapaapa, 0, 0, 0, 0, , 0, 0, 0, 0, 0, 
1084, 1, 1092, 1154, -1, 229, 154, 78.0, 17, ABplapaapp, 0, 0, 0, 0, , 0, 0, 0, 0, 0, 
1085, 1, 1093, 1155, -1, 276, 142, 87.0, 14, ABplapapaa, 0, 0, 0, 0, , 0, 0, 0, 0, 0, 
1086, 1, 1094, 1156, -1, 294, 150, 96.0, 16, ABplapapap, 0, 0, 0, 0, , 0, 0, 0, 0, 0, 
1087, 1, 1095, 1157, -1, 302, 159, 108.0, 17, ABplapappa, 0, 0, 0, 0, , 0, 0, 0, 0, 0, 
1088, 1, 1096, 1158, -1, 309, 158, 136.0, 17, ABplapappp, 0, 0, 0, 0, , 0, 0, 0, 0, 0, 
1089, 1, 1097, 1159, -1, 223, 171, 104.0, 18, ABplappaaa, 0, 0, 0, 0, , 0, 0, 0, 0, 0, 
1090, 1, 1098, 1160, -1, 244, 167, 105.0, 15, ABplappaap, 0, 0, 0, 0, , 0, 0, 0, 0, 0, 
1091, 1, 1099, 1161, -1, 248, 156, 88.0, 15, ABplappapa, 0, 0, 0, 0, , 0, 0, 0, 0, 0, 
1092, 1, 1100, 1162, -1, 266, 160, 100.0, 14, ABplappapp, 0, 0, 0, 0, , 0, 0, 0, 0, 0, 
1093, 1, 1101, 1163, -1, 255, 160, 116.0, 17, ABplapppaa, 0, 0, 0, 0, , 0, 0, 0, 0, 0, 
1094, 1, 1102, 1164, -1, 274, 166, 127.0, 15, ABplapppap, 0, 0, 0, 0, , 0, 0, 0, 0, 0, 
1095, 1, 1103, 1165, -1, 293, 169, 126.0, 16, ABplappppa, 0, 0, 0, 0, , 0, 0, 0, 0, 0, 
1096, 1, 1104, 1166, -1, 297, 155, 152.0, 15, ABplappppp, 0, 0, 0, 0, , 0, 0, 0, 0, 0, 
1097, 1, 1105, 1167, -1, 195, 145, 169.0, 16, MSaappa, 0, 0, 0, 0, , 0, 0, 0, 0, 0, 
1098, 1, 1106, 1168, -1, 203, 153, 153.0, 16, MSaappp, 0, 0, 0, 0, , 0, 0, 0, 0, 0, 
1099, 1, 1107, 1169, 1170, 91, 139, 125.0, 16, MSapaaa, 0, 0, 0, 0, , 0, 0, 0, 0, 0, 
1100, 1, 1108, 1171, -1, 121, 145, 124.0, 16, MSapaap, 0, 0, 0, 0, , 0, 0, 0, 0, 0, 
1101, 1, 1110, 1173, -1, 139, 133, 107.0, 16, MSapapap, 0, 0, 0, 0, , 0, 0, 0, 0, 0, 
1102, 1, 1109, 1172, -1, 110, 143, 101.0, 16, MSapapaa, 0, 0, 0, 0, , 0, 0, 0, 0, 0, 
1103, 1, 1111, 1174, -1, 148, 118, 96.0, 16, MSapapp, 0, 0, 0, 0, , 0, 0, 0, 0, 0, 
1104, 1, 1112, 1175, -1, 156, 138, 125.0, 16, MSappaa, 0, 0, 0, 0, , 0, 0, 0, 0, 0, 
1105, 1, 1113, 1176, -1, 173, 151, 130.0, 15, MSappap, 0, 0, 0, 0, , 0, 0, 0, 0, 0, 
1106, 1, 1114, 1177, -1, 159, 142, 103.0, 14, MSapppa, 0, 0, 0, 0, , 0, 0, 0, 0, 0, 
1107, 1, 1115, 1178, -1, 194, 134, 100.0, 14, MSapppp, 0, 0, 0, 0, , 0, 0, 0, 0, 0, 
1108, 1, 1116, 1179, -1, 79, 91, 146.0, 15, MSpaaaaa, 0, 0, 0, 0, , 0, 0, 0, 0, 0, 
1109, 1, 1117, 1180, -1, 100, 88, 133.0, 15, MSpaaaap, 0, 0, 0, 0, , 0, 0, 0, 0, 0, 
1110, 1, 1118, 1181, -1, 116, 79, 132.0, 13, MSpaaapa, 0, 0, 0, 0, , 0, 0, 0, 0, 0, 
1111, 1, 1119, 1182, -1, 139, 73, 125.0, 15, MSpaaapp, 0, 0, 0, 0, , 0, 0, 0, 0, 0, 
1112, 1, 1120, 1183, -1, 117, 89, 149.0, 15, MSpaapaa, 0, 0, 0, 0, , 0, 0, 0, 0, 0, 
1113, 1, 1121, 1184, -1, 144, 80, 142.0, 15, MSpaapap, 0, 0, 0, 0, , 0, 0, 0, 0, 0, 
1114, 1, 1122, 1185, -1, 165, 85, 119.0, 15, MSpaapp, 0, 0, 0, 0, , 0, 0, 0, 0, 0, 
1115, 1, 1123, 1186, -1, 151, 120, 168.0, 14, MSpapaaa, 0, 0, 0, 0, , 0, 0, 0, 0, 0, 
1116, 1, 1124, 1187, -1, 173, 116, 147.0, 14, MSpapaap, 0, 0, 0, 0, , 0, 0, 0, 0, 0, 
1117, 1, 1125, 1188, -1, 171, 109, 175.0, 16, MSpapapa, 0, 0, 0, 0, , 0, 0, 0, 0, 0, 
1118, 1, 1126, 1189, -1, 199, 121, 161.0, 16, MSpapapp, 0, 0, 0, 0, , 0, 0, 0, 0, 0, 
1119, 1, 1127, 1190, -1, 211, 132, 168.0, 14, MSpappa, 0, 0, 0, 0, , 0, 0, 0, 0, 0, 
1120, 1, 1128, 1191, -1, 217, 118, 186.0, 16, MSpappp, 0, 0, 0, 0, , 0, 0, 0, 0, 0, 
1121, 1, 1129, 1192, -1, 141, 86, 180.0, 14, MSppaap, 0, 0, 0, 0, , 0, 0, 0, 0, 0, 
1122, 1, 1131, 1194, -1, 118, 89, 168.0, 12, MSppaaap, 0, 0, 0, 0, , 0, 0, 0, 0, 0, 
1123, 1, 1130, 1193, -1, 90, 84, 175.0, 12, MSppaaaa, 0, 0, 0, 0, , 0, 0, 0, 0, 0, 
1124, 1, 1133, 1196, -1, 148, 78, 164.0, 14, MSppapap, 0, 0, 0, 0, , 0, 0, 0, 0, 0, 
1125, 1, 1132, 1195, -1, 119, 70, 162.0, 14, MSppapaa, 0, 0, 0, 0, , 0, 0, 0, 0, 0, 
1126, 1, 1134, 1197, -1, 157, 61, 141.0, 15, MSppapp, 0, 0, 0, 0, , 0, 0, 0, 0, 0, 
1127, 1, 1135, 1198, -1, 161, 93, 174.0, 14, MSpppaa, 0, 0, 0, 0, , 0, 0, 0, 0, 0, 
1128, 1, 1136, 1199, -1, 184, 88, 179.0, 16, MSpppap, 0, 0, 0, 0, , 0, 0, 0, 0, 0, 
1129, 1, 1137, 1200, -1, 171, 71, 172.0, 14, MSppppa, 0, 0, 0, 0, , 0, 0, 0, 0, 0, 
1130, 1, 1138, 1201, -1, 185, 63, 154.0, 15, MSppppp, 0, 0, 0, 0, , 0, 0, 0, 0, 0, 
1131, 1, 1139, 1202, -1, 150, 99, 103.0, 17, Ealaa, 0, 0, 0, 0, , 0, 0, 0, 0, 0, 
1132, 1, 1140, 1203, -1, 189, 99, 99.0, 16, Ealap, 0, 0, 0, 0, , 0, 0, 0, 0, 0, 
1133, 1, 1141, 1204, -1, 103, 70, 154.0, 17, ABpraaapaa, 0, 0, 0, 0, , 0, 0, 0, 0, 0, 
1134, 1, 1142, 1205, -1, 117, 56, 142.0, 14, ABpraaapap, 0, 0, 0, 0, , 0, 0, 0, 0, 0, 
1135, 1, 1143, 1206, -1, 172, 122, 124.0, 15, Ealpa, 0, 0, 0, 0, , 0, 0, 0, 0, 0, 
1136, 1, 1144, 1207, -1, 205, 113, 116.0, 15, Ealpp, 0, 0, 0, 0, , 0, 0, 0, 0, 0, 
1137, 1, 1145, 1208, -1, 154, 78, 107.0, 15, Earaa, 0, 0, 0, 0, , 0, 0, 0, 0, 0, 
1138, 1, 1146, 1209, -1, 183, 80, 124.0, 15, Earap, 0, 0, 0, 0, , 0, 0, 0, 0, 0, 
1139, 1, 1147, 1210, -1, 178, 94, 143.0, 15, Earpa, 0, 0, 0, 0, , 0, 0, 0, 0, 0, 
1140, 1, 1148, 1211, -1, 214, 92, 131.0, 15, Earpp, 0, 0, 0, 0, , 0, 0, 0, 0, 0, 
1141, 1, 1149, 1212, -1, 215, 102, 95.0, 14, Eplaa, 0, 0, 0, 0, , 0, 0, 0, 0, 0, 
1142, 1, 1150, 1213, -1, 251, 110, 106.0, 15, Eplap, 0, 0, 0, 0, , 0, 0, 0, 0, 0, 
1143, 1, 1151, 1215, -1, 203, 64, 123.0, 15, Epraa, 0, 0, 0, 0, , 0, 0, 0, 0, 0, 
1144, 1, 1152, 1216, -1, 239, 87, 103.0, 16, Eprap, 0, 0, 0, 0, , 0, 0, 0, 0, 0, 
1145, 1, 1153, 1217, -1, 274, 93, 146.0, 13, Eprpp, 0, 0, 0, 0, , 0, 0, 0, 0, 0, 
1146, 1, 1154, 1218, -1, 261, 100, 74.0, 15, Caaaaa, 0, 0, 0, 0, , 0, 0, 0, 0, 0, 
1147, 1, 1155, 1219, -1, 291, 103, 88.0, 16, Caaaap, 0, 0, 0, 0, , 0, 0, 0, 0, 0, 
1148, 1, 1156, 1220, -1, 318, 123, 122.0, 17, Caaapp, 0, 0, 0, 0, , 0, 0, 0, 0, 0, 
1149, 1, 1157, 1222, -1, 251, 131, 113.0, 17, Cappaa, 0, 0, 0, 0, , 0, 0, 0, 0, 0, 
1150, 1, 1158, 1223, -1, 276, 142, 125.0, 14, Cappap, 0, 0, 0, 0, , 0, 0, 0, 0, 0, 
1151, 1, 1159, 1098, -1, 290, 137, 156.0, 17, Capppp, 0, 0, 0, 0, , 0, 0, 0, 0, 0, 
1152, 1, 1036, 1224, -1, 292, 142, 128.0, 17, Capppa, 0, 0, 0, 0, , 0, 0, 0, 0, 0, 
1153, 1, 1160, 1225, -1, 244, 68, 84.0, 17, Cpaaaa, 0, 0, 0, 0, , 0, 0, 0, 0, 0, 
1154, 1, 1161, 1226, -1, 271, 64, 108.0, 19, Cpaaap, 0, 0, 0, 0, , 0, 0, 0, 0, 0, 
1155, 1, 1162, 1227, -1, 290, 72, 110.0, 17, Cpaapa, 0, 0, 0, 0, , 0, 0, 0, 0, 0, 
1156, 1, 1163, 1228, -1, 318, 91, 128.0, 17, Cpaapp, 0, 0, 0, 0, , 0, 0, 0, 0, 0, 
1157, 1, 1164, 1229, -1, 321, 118, 141.0, 15, Cpapaa, 0, 0, 0, 0, , 0, 0, 0, 0, 0, 
1158, 1, 1165, 1230, -1, 322, 88, 153.0, 15, Cpapap, 0, 0, 0, 0, , 0, 0, 0, 0, 0, 
1159, 1, 1166, 1231, -1, 320, 103, 166.0, 15, Cpappd, 0, 0, 0, 0, , 0, 0, 0, 0, 0, 
1160, 1, 1167, 1232, -1, 307, 129, 176.0, 15, Cpappv, 0, 0, 0, 0, , 0, 0, 0, 0, 0, 
1161, 1, 1168, 1233, -1, 254, 74, 158.0, 15, Cpppaa, 0, 0, 0, 0, , 0, 0, 0, 0, 0, 
1162, 1, 1169, 1234, -1, 292, 79, 160.0, 14, Cpppap, 0, 0, 0, 0, , 0, 0, 0, 0, 0, 
1163, 1, 1170, 1235, -1, 287, 95, 165.0, 15, Cppppa, 0, 0, 0, 0, , 0, 0, 0, 0, 0, 
1164, 1, 1171, 1236, -1, 292, 123, 163.0, 14, Cppppp, 0, 0, 0, 0, , 0, 0, 0, 0, 0, 
1165, 1, 1172, 1237, -1, 190, 151, 114.0, 16, Daaa, 0, 0, 0, 0, , 0, 0, 0, 0, 0, 
1166, 1, 1173, 1238, -1, 210, 148, 130.0, 14, Daap, 0, 0, 0, 0, , 0, 0, 0, 0, 0, 
1167, 1, 1174, 1239, -1, 213, 145, 114.0, 16, Dapa, 0, 0, 0, 0, , 0, 0, 0, 0, 0, 
1168, 1, 1175, 1240, -1, 232, 131, 114.0, 16, Dapp, 0, 0, 0, 0, , 0, 0, 0, 0, 0, 
1169, 1, 1176, 1241, -1, 197, 75, 171.0, 16, Dpaa, 0, 0, 0, 0, , 0, 0, 0, 0, 0, 
1170, 1, 1177, 1242, -1, 211, 96, 179.0, 16, Dpap, 0, 0, 0, 0, , 0, 0, 0, 0, 0, 
1171, 1, 1178, 1243, -1, 224, 82, 170.0, 16, Dppa, 0, 0, 0, 0, , 0, 0, 0, 0, 0, 
1172, 1, 1179, 1244, -1, 232, 74, 153.0, 16, Dppp, 0, 0, 0, 0, , 0, 0, 0, 0, 0, 
1173, 1, 1180, 1245, -1, 127, 38, 129.0, 14, ABpraapaap, 0, 0, 0, 0, , 0, 0, 0, 0, 0, 
1174, 1, 1181, 1246, -1, 121, 152, 67.0, 16, ABalpppapp, 0, 0, 0, 0, , 0, 0, 0, 0, 0, 
1175, 1, 1182, 1247, -1, 299, 94, 191.0, 15, ABprappppa, 0, 0, 0, 0, , 0, 0, 0, 0, 0, 
1176, 1, 1183, 1248, -1, 298, 115, 181.0, 17, ABprappppp, 0, 0, 0, 0, , 0, 0, 0, 0, 0, 
1177, 1, 1184, 1249, -1, 103, 165, 95.0, 15, ABalppaapp, 0, 0, 0, 0, , 0, 0, 0, 0, 0, 
