1, 0, 1, -1, -1, 52, 112, 80.0, 7, , 7, 0, 0, 0, , 0, 0, 0, 0, 0, 
2, 0, 2, -1, -1, 185, 103, 198.0, 9, , 78, 0, 0, 0, , 0, 0, 0, 0, 0, 
3, 0, 3, -1, -1, 188, 61, 194.0, 9, , 60, 0, 0, 0, , 0, 0, 0, 0, 0, 
4, 0, 4, -1, -1, 203, 80, 201.0, 9, , 22, 0, 0, 0, , 0, 0, 0, 0, 0, 
5, 0, 5, -1, -1, 139, 112, 208.0, 9, , 53, 0, 0, 0, , 0, 0, 0, 0, 0, 
6, 0, 6, -1, -1, 130, 124, 186.0, 9, , 81, 0, 0, 0, , 0, 0, 0, 0, 0, 
7, 0, 7, -1, -1, 178, 55, 185.0, 9, , 32, 0, 0, 0, , 0, 0, 0, 0, 0, 
8, 0, 8, -1, -1, 219, 45, 151.0, 9, , 94, 0, 0, 0, , 0, 0, 0, 0, 0, 
9, 0, 10, -1, -1, 147, 121, 190.0, 11, , 116, 0, 0, 0, , 0, 0, 0, 0, 0, 
10, 0, 11, -1, -1, 130, 125, 184.0, 9, , 81, 0, 0, 0, , 0, 0, 0, 0, 0, 
11, 0, 12, -1, -1, 141, 52, 179.0, 9, , 21, 0, 0, 0, , 0, 0, 0, 0, 0, 
12, 0, 13, -1, -1, 133, 74, 195.0, 9, , 42, 0, 0, 0, , 0, 0, 0, 0, 0, 
13, 0, 14, -1, -1, 139, 63, 190.0, 9, , 77, 0, 0, 0, , 0, 0, 0, 0, 0, 
14, 0, 15, -1, -1, 153, 89, 198.0, 7, , 22, 0, 0, 0, , 0, 0, 0, 0, 0, 
15, 0, 16, -1, -1, 201, 171, 164.0, 9, , 67, 0, 0, 0, , 0, 0, 0, 0, 0, 
16, 0, 17, -1, -1, 233, 49, 164.0, 9, , 54, 0, 0, 0, , 0, 0, 0, 0, 0, 
17, 0, 18, -1, -1, 98, 104, 161.0, 9, , 104, 0, 0, 0, , 0, 0, 0, 0, 0, 
18, 0, 19, -1, -1, 234, 54, 182.0, 9, , 83, 0, 0, 0, , 0, 0, 0, 0, 0, 
19, 0, 20, -1, -1, 264, 96, 198.0, 11, , 107, 0, 0, 0, , 0, 0, 0, 0, 0, 
20, 0, 21, -1, -1, 135, 92, 208.0, 9, , 66, 0, 0, 0, , 0, 0, 0, 0, 0, 
21, 0, 22, -1, -1, 188, 45, 147.0, 9, , 77, 0, 0, 0, , 0, 0, 0, 0, 0, 
22, 0, 23, -1, -1, 84, 108, 193.0, 11, , 84, 0, 0, 0, , 0, 0, 0, 0, 0, 
23, 0, 24, -1, -1, 131, 91, 203.0, 11, , 221, 0, 0, 0, , 0, 0, 0, 0, 0, 
24, 0, 25, -1, -1, 160, 142, 198.0, 11, , 105, 0, 0, 0, , 0, 0, 0, 0, 0, 
25, 0, 26, -1, -1, 157, 139, 204.0, 11, , 209, 0, 0, 0, , 0, 0, 0, 0, 0, 
26, 0, 27, -1, -1, 124, 37, 126.0, 11, , 48, 0, 0, 0, , 0, 0, 0, 0, 0, 
27, 0, 29, -1, -1, 276, 70, 177.0, 11, , 108, 0, 0, 0, , 0, 0, 0, 0, 0, 
28, 0, 30, -1, -1, 94, 92, 199.0, 9, , 64, 0, 0, 0, , 0, 0, 0, 0, 0, 
29, 0, 31, -1, -1, 86, 106, 197.0, 11, , 91, 0, 0, 0, , 0, 0, 0, 0, 0, 
30, 0, 32, -1, -1, 103, 105, 196.0, 9, , 16, 0, 0, 0, , 0, 0, 0, 0, 0, 
31, 0, 33, -1, -1, 154, 97, 211.0, 9, , 57, 0, 0, 0, , 0, 0, 0, 0, 0, 
32, 0, 34, -1, -1, 72, 66, 132.0, 11, , 78, 0, 0, 0, , 0, 0, 0, 0, 0, 
33, 0, 35, -1, -1, 155, 54, 181.0, 11, , 76, 0, 0, 0, , 0, 0, 0, 0, 0, 
34, 0, 36, -1, -1, 128, 101, 187.0, 11, , 89, 0, 0, 0, , 0, 0, 0, 0, 0, 
35, 0, 37, -1, -1, 140, 62, 192.0, 7, , 40, 0, 0, 0, , 0, 0, 0, 0, 0, 
36, 0, 38, -1, -1, 157, 140, 200.0, 15, , 321, 0, 0, 0, , 0, 0, 0, 0, 0, 
37, 0, 39, -1, -1, 132, 91, 205.0, 15, , 217, 0, 0, 0, , 0, 0, 0, 0, 0, 
38, 0, 41, -1, -1, 255, 122, 186.0, 11, , 100, 0, 0, 0, , 0, 0, 0, 0, 0, 
39, 0, 42, -1, -1, 173, 50, 184.0, 9, , 56, 0, 0, 0, , 0, 0, 0, 0, 0, 
40, 0, 43, -1, -1, 61, 145, 113.0, 11, , 147, 0, 0, 0, , 0, 0, 0, 0, 0, 
41, 0, 44, -1, -1, 159, 33, 134.0, 11, , 29, 0, 0, 0, , 0, 0, 0, 0, 0, 
42, 0, 45, -1, -1, 256, 65, 189.0, 9, , 71, 0, 0, 0, , 0, 0, 0, 0, 0, 
43, 0, 46, -1, -1, 257, 64, 184.0, 9, , 59, 0, 0, 0, , 0, 0, 0, 0, 0, 
44, 0, 47, -1, -1, 255, 49, 160.0, 9, , 36, 0, 0, 0, , 0, 0, 0, 0, 0, 
45, 0, 48, -1, -1, 160, 52, 186.0, 9, , 109, 0, 0, 0, , 0, 0, 0, 0, 0, 
46, 0, 50, -1, -1, 98, 70, 154.0, 9, , 74, 0, 0, 0, , 0, 0, 0, 0, 0, 
47, 0, 51, -1, -1, 131, 52, 158.0, 15, , 151, 0, 0, 0, , 0, 0, 0, 0, 0, 
48, 0, 52, -1, -1, 72, 90, 179.0, 13, , 300, 0, 0, 0, , 0, 0, 0, 0, 0, 
49, 0, 53, -1, -1, 143, 117, 187.0, 7, , 18, 0, 0, 0, , 0, 0, 0, 0, 0, 
50, 0, 54, -1, -1, 193, 63, 201.0, 9, , 54, 0, 0, 0, , 0, 0, 0, 0, 0, 
51, 0, 55, -1, -1, 240, 94, 208.0, 11, , 89, 0, 0, 0, , 0, 0, 0, 0, 0, 
52, 0, 56, -1, -1, 139, 165, 140.0, 9, , 41, 0, 0, 0, , 0, 0, 0, 0, 0, 
53, 0, 58, -1, -1, 276, 126, 174.0, 11, , 58, 0, 0, 0, , 0, 0, 0, 0, 0, 
54, 0, 59, -1, -1, 64, 120, 112.0, 9, , 19, 0, 0, 0, , 0, 0, 0, 0, 0, 
55, 0, 60, -1, -1, 61, 120, 109.0, 7, , 15, 0, 0, 0, , 0, 0, 0, 0, 0, 
56, 0, 62, -1, -1, 237, 48, 161.0, 11, , 116, 0, 0, 0, , 0, 0, 0, 0, 0, 
57, 0, 63, -1, -1, 71, 89, 172.0, 9, , 32, 0, 0, 0, , 0, 0, 0, 0, 0, 
58, 0, 64, -1, -1, 152, 53, 183.0, 9, , 100, 0, 0, 0, , 0, 0, 0, 0, 0, 
59, 0, 65, -1, -1, 245, 108, 199.0, 13, , 81, 0, 0, 0, , 0, 0, 0, 0, 0, 
60, 0, 66, -1, -1, 130, 103, 191.0, 9, , 64, 0, 0, 0, , 0, 0, 0, 0, 0, 
61, 0, 67, -1, -1, 228, 58, 189.0, 9, , 24, 0, 0, 0, , 0, 0, 0, 0, 0, 
62, 0, 68, -1, -1, 269, 78, 188.0, 9, , 19, 0, 0, 0, , 0, 0, 0, 0, 0, 
63, 0, 69, -1, -1, 177, 52, 194.0, 9, , 44, 0, 0, 0, , 0, 0, 0, 0, 0, 
64, 0, 70, -1, -1, 175, 52, 189.0, 15, , 172, 0, 0, 0, , 0, 0, 0, 0, 0, 
65, 0, 71, -1, -1, 165, 100, 198.0, 15, , 147, 0, 0, 0, , 0, 0, 0, 0, 0, 
66, 0, 73, -1, -1, 179, 110, 210.0, 9, , 80, 0, 0, 0, , 0, 0, 0, 0, 0, 
67, 0, 74, -1, -1, 220, 78, 203.0, 7, , 38, 0, 0, 0, , 0, 0, 0, 0, 0, 
68, 0, 75, -1, -1, 241, 94, 203.0, 11, , 65, 0, 0, 0, , 0, 0, 0, 0, 0, 
69, 0, 76, -1, -1, 146, 123, 180.0, 9, , 80, 0, 0, 0, , 0, 0, 0, 0, 0, 
70, 0, 77, -1, -1, 248, 67, 185.0, 9, , 33, 0, 0, 0, , 0, 0, 0, 0, 0, 
71, 0, 78, -1, -1, 158, 60, 198.0, 9, , 50, 0, 0, 0, , 0, 0, 0, 0, 0, 
72, 0, 79, -1, -1, 258, 97, 204.0, 11, , 68, 0, 0, 0, , 0, 0, 0, 0, 0, 
73, 0, 80, -1, -1, 242, 92, 209.0, 9, , 11, 0, 0, 0, , 0, 0, 0, 0, 0, 
74, 0, 81, -1, -1, 139, 33, 141.0, 9, , 52, 0, 0, 0, , 0, 0, 0, 0, 0, 
75, 0, 82, -1, -1, 90, 99, 69.0, 11, , 87, 0, 0, 0, , 0, 0, 0, 0, 0, 
76, 0, 83, -1, -1, 84, 92, 95.0, 9, , 20, 0, 0, 0, , 0, 0, 0, 0, 0, 
77, 0, 84, -1, -1, 88, 57, 154.0, 9, , 32, 0, 0, 0, , 0, 0, 0, 0, 0, 
78, 0, 87, -1, -1, 278, 64, 175.0, 9, , 38, 0, 0, 0, , 0, 0, 0, 0, 0, 
79, 0, 88, -1, -1, 125, 52, 178.0, 7, , 25, 0, 0, 0, , 0, 0, 0, 0, 0, 
80, 0, 89, -1, -1, 194, 156, 184.0, 9, , 62, 0, 0, 0, , 0, 0, 0, 0, 0, 
81, 0, 90, -1, -1, 121, 76, 188.0, 9, , 94, 0, 0, 0, , 0, 0, 0, 0, 0, 
82, 0, 91, -1, -1, 101, 127, 197.0, 13, , 164, 0, 0, 0, , 0, 0, 0, 0, 0, 
83, 0, 92, -1, -1, 185, 61, 202.0, 9, , 23, 0, 0, 0, , 0, 0, 0, 0, 0, 
84, 0, 93, -1, -1, 118, 100, 205.0, 9, , 75, 0, 0, 0, , 0, 0, 0, 0, 0, 
85, 0, 94, -1, -1, 128, 88, 200.0, 9, , 43, 0, 0, 0, , 0, 0, 0, 0, 0, 
86, 0, 95, -1, -1, 185, 102, 203.0, 9, , 60, 0, 0, 0, , 0, 0, 0, 0, 0, 
87, 0, 96, -1, -1, 155, 32, 137.0, 9, , 63, 0, 0, 0, , 0, 0, 0, 0, 0, 
88, 0, 97, -1, -1, 183, 42, 162.0, 9, , 30, 0, 0, 0, , 0, 0, 0, 0, 0, 
89, 0, 98, -1, -1, 310, 88, 173.0, 9, , 52, 0, 0, 0, , 0, 0, 0, 0, 0, 
90, 0, 99, -1, -1, 309, 86, 175.0, 13, , 67, 0, 0, 0, , 0, 0, 0, 0, 0, 
91, 0, 100, -1, -1, 137, 50, 180.0, 13, , 278, 0, 0, 0, , 0, 0, 0, 0, 0, 
92, 0, 101, -1, -1, 186, 62, 199.0, 9, , 88, 0, 0, 0, , 0, 0, 0, 0, 0, 
93, 0, 102, -1, -1, 130, 117, 131.0, 11, , 115, 0, 0, 0, , 0, 0, 0, 0, 0, 
94, 0, 103, -1, -1, 72, 83, 162.0, 9, , 108, 0, 0, 0, , 0, 0, 0, 0, 0, 
95, 0, 105, -1, -1, 260, 51, 169.0, 9, , 19, 0, 0, 0, , 0, 0, 0, 0, 0, 
96, 0, 106, -1, -1, 130, 50, 160.0, 9, , 72, 0, 0, 0, , 0, 0, 0, 0, 0, 
97, 0, 107, -1, -1, 146, 64, 195.0, 9, , 129, 0, 0, 0, , 0, 0, 0, 0, 0, 
98, 0, 108, -1, -1, 187, 103, 202.0, 9, , 71, 0, 0, 0, , 0, 0, 0, 0, 0, 
99, 0, 109, -1, -1, 161, 116, 204.0, 9, , 46, 0, 0, 0, , 0, 0, 0, 0, 0, 
100, 0, 110, -1, -1, 118, 100, 202.0, 9, , 54, 0, 0, 0, , 0, 0, 0, 0, 0, 
101, 0, 112, -1, -1, 121, 128, 206.0, 11, , 183, 0, 0, 0, , 0, 0, 0, 0, 0, 
102, 0, 113, -1, -1, 106, 70, 153.0, 9, , 27, 0, 0, 0, , 0, 0, 0, 0, 0, 
103, 0, 114, -1, -1, 103, 136, 73.0, 11, , 97, 0, 0, 0, , 0, 0, 0, 0, 0, 
104, 0, 115, -1, -1, 78, 89, 92.0, 9, , 77, 0, 0, 0, , 0, 0, 0, 0, 0, 
105, 0, 116, -1, -1, 125, 161, 95.0, 9, , 68, 0, 0, 0, , 0, 0, 0, 0, 0, 
106, 0, 117, -1, -1, 77, 163, 106.0, 11, , 24, 0, 0, 0, , 0, 0, 0, 0, 0, 
107, 0, 118, -1, -1, 210, 46, 136.0, 9, , 56, 0, 0, 0, , 0, 0, 0, 0, 0, 
108, 0, 119, -1, -1, 115, 55, 142.0, 11, , 105, 0, 0, 0, , 0, 0, 0, 0, 0, 
109, 0, 120, -1, -1, 75, 158, 142.0, 9, , 85, 0, 0, 0, , 0, 0, 0, 0, 0, 
110, 0, 121, -1, -1, 161, 39, 157.0, 9, , 49, 0, 0, 0, , 0, 0, 0, 0, 0, 
111, 0, 122, -1, -1, 72, 83, 166.0, 13, , 65, 0, 0, 0, , 0, 0, 0, 0, 0, 
112, 0, 123, -1, -1, 132, 53, 155.0, 13, , 68, 0, 0, 0, , 0, 0, 0, 0, 0, 
113, 0, 124, -1, -1, 131, 143, 161.0, 9, , 61, 0, 0, 0, , 0, 0, 0, 0, 0, 
114, 0, 126, -1, -1, 73, 101, 167.0, 9, , 33, 0, 0, 0, , 0, 0, 0, 0, 0, 
115, 0, 128, -1, -1, 155, 171, 176.0, 11, , 79, 0, 0, 0, , 0, 0, 0, 0, 0, 
116, 0, 129, -1, -1, 71, 90, 175.0, 9, , 83, 0, 0, 0, , 0, 0, 0, 0, 0, 
117, 0, 130, -1, -1, 135, 82, 176.0, 7, , 17, 0, 0, 0, , 0, 0, 0, 0, 0, 
118, 0, 131, -1, -1, 96, 62, 176.0, 7, , 21, 0, 0, 0, , 0, 0, 0, 0, 0, 
119, 0, 132, -1, -1, 72, 92, 186.0, 9, , 42, 0, 0, 0, , 0, 0, 0, 0, 0, 
120, 0, 133, -1, -1, 115, 121, 183.0, 9, , 74, 0, 0, 0, , 0, 0, 0, 0, 0, 
121, 0, 134, -1, -1, 173, 57, 185.0, 9, , 61, 0, 0, 0, , 0, 0, 0, 0, 0, 
122, 0, 135, -1, -1, 117, 74, 188.0, 9, , 72, 0, 0, 0, , 0, 0, 0, 0, 0, 
123, 0, 136, -1, -1, 144, 66, 188.0, 11, , 142, 0, 0, 0, , 0, 0, 0, 0, 0, 
124, 0, 137, -1, -1, 138, 129, 200.0, 9, , 134, 0, 0, 0, , 0, 0, 0, 0, 0, 
125, 0, 138, -1, -1, 257, 96, 200.0, 9, , 112, 0, 0, 0, , 0, 0, 0, 0, 0, 
126, 0, 139, -1, -1, 82, 143, 92.0, 11, , 58, 0, 0, 0, , 0, 0, 0, 0, 0, 
127, 0, 140, -1, -1, 135, 36, 131.0, 7, , 13, 0, 0, 0, , 0, 0, 0, 0, 0, 
128, 0, 141, -1, -1, 105, 123, 150.0, 9, , 59, 0, 0, 0, , 0, 0, 0, 0, 0, 
129, 0, 142, -1, -1, 94, 53, 153.0, 9, , 25, 0, 0, 0, , 0, 0, 0, 0, 0, 
130, 0, 143, -1, -1, 100, 68, 149.0, 9, , 31, 0, 0, 0, , 0, 0, 0, 0, 0, 
131, 0, 144, -1, -1, 138, 47, 175.0, 9, , 56, 0, 0, 0, , 0, 0, 0, 0, 0, 
132, 0, 146, -1, -1, 125, 125, 198.0, 9, , 108, 0, 0, 0, , 0, 0, 0, 0, 0, 
133, 0, 147, -1, -1, 156, 162, 142.0, 9, , 40, 0, 0, 0, , 0, 0, 0, 0, 0, 
134, 0, 148, -1, -1, 120, 73, 193.0, 11, , 177, 0, 0, 0, , 0, 0, 0, 0, 0, 
135, 0, 149, -1, -1, 140, 129, 203.0, 13, , 134, 0, 0, 0, , 0, 0, 0, 0, 0, 
136, 0, 150, -1, -1, 137, 117, 205.0, 9, , 84, 0, 0, 0, , 0, 0, 0, 0, 0, 
137, 0, 151, -1, -1, 307, 152, 135.0, 9, , 24, 0, 0, 0, , 0, 0, 0, 0, 0, 
138, 0, 152, -1, -1, 83, 112, 146.0, 9, , 107, 0, 0, 0, , 0, 0, 0, 0, 0, 
139, 0, 153, -1, -1, 202, 178, 146.0, 11, , 82, 0, 0, 0, , 0, 0, 0, 0, 0, 
140, 0, 154, -1, -1, 315, 71, 157.0, 9, , 25, 0, 0, 0, , 0, 0, 0, 0, 0, 
141, 0, 156, -1, -1, 96, 98, 158.0, 9, , 36, 0, 0, 0, , 0, 0, 0, 0, 0, 
142, 0, 157, -1, -1, 277, 68, 183.0, 9, , 41, 0, 0, 0, , 0, 0, 0, 0, 0, 
143, 0, 158, -1, -1, 160, 172, 173.0, 9, , 52, 0, 0, 0, , 0, 0, 0, 0, 0, 
144, 0, 159, -1, -1, 264, 77, 186.0, 11, , 113, 0, 0, 0, , 0, 0, 0, 0, 0, 
145, 0, 160, -1, -1, 154, 86, 195.0, 13, , 124, 0, 0, 0, , 0, 0, 0, 0, 0, 
146, 0, 161, -1, -1, 197, 118, 210.0, 9, , 56, 0, 0, 0, , 0, 0, 0, 0, 0, 
147, 0, 162, -1, -1, 217, 135, 200.0, 15, , 147, 0, 0, 0, , 0, 0, 0, 0, 0, 
148, 0, 163, -1, -1, 202, 42, 141.0, 9, , 55, 0, 0, 0, , 0, 0, 0, 0, 0, 
149, 0, 164, -1, -1, 308, 90, 180.0, 9, , 100, 0, 0, 0, , 0, 0, 0, 0, 0, 
150, 0, 165, -1, -1, 177, 39, 165.0, 9, , 64, 0, 0, 0, , 0, 0, 0, 0, 0, 
151, 0, 166, -1, -1, 120, 72, 185.0, 13, , 308, 0, 0, 0, , 0, 0, 0, 0, 0, 
152, 0, 167, -1, -1, 198, 83, 198.0, 9, , 28, 0, 0, 0, , 0, 0, 0, 0, 0, 
153, 0, 168, -1, -1, 99, 55, 93.0, 9, , 50, 0, 0, 0, , 0, 0, 0, 0, 0, 
154, 0, 169, -1, -1, 104, 42, 119.0, 9, , 29, 0, 0, 0, , 0, 0, 0, 0, 0, 
155, 0, 171, -1, -1, 132, 119, 127.0, 9, , 24, 0, 0, 0, , 0, 0, 0, 0, 0, 
156, 0, 172, -1, -1, 159, 94, 138.0, 13, , 182, 0, 0, 0, , 0, 0, 0, 0, 0, 
157, 0, 173, -1, -1, 154, 91, 142.0, 7, , 25, 0, 0, 0, , 0, 0, 0, 0, 0, 
158, 0, 174, -1, -1, 80, 106, 139.0, 9, , 23, 0, 0, 0, , 0, 0, 0, 0, 0, 
159, 0, 175, -1, -1, 296, 59, 158.0, 9, , 88, 0, 0, 0, , 0, 0, 0, 0, 0, 
160, 0, 176, -1, -1, 144, 87, 183.0, 11, , 68, 0, 0, 0, , 0, 0, 0, 0, 0, 
161, 0, 177, -1, -1, 287, 127, 184.0, 9, , 142, 0, 0, 0, , 0, 0, 0, 0, 0, 
162, 0, 178, -1, -1, 155, 49, 187.0, 9, , 42, 0, 0, 0, , 0, 0, 0, 0, 0, 
163, 0, 180, -1, -1, 283, 90, 188.0, 9, , 39, 0, 0, 0, , 0, 0, 0, 0, 0, 
164, 0, 181, -1, -1, 104, 107, 194.0, 11, , 80, 0, 0, 0, , 0, 0, 0, 0, 0, 
165, 0, 182, -1, -1, 133, 111, 203.0, 11, , 131, 0, 0, 0, , 0, 0, 0, 0, 0, 
166, 0, 183, -1, -1, 162, 63, 207.0, 11, , 162, 0, 0, 0, , 0, 0, 0, 0, 0, 
167, 0, 184, -1, -1, 159, 121, 202.0, 11, , 59, 0, 0, 0, , 0, 0, 0, 0, 0, 
168, 0, 185, -1, -1, 140, 130, 205.0, 11, , 83, 0, 0, 0, , 0, 0, 0, 0, 0, 
169, 0, 186, -1, -1, 135, 98, 191.0, 9, , 89, 0, 0, 0, , 0, 0, 0, 0, 0, 
170, 0, 187, -1, -1, 155, 141, 194.0, 11, , 85, 0, 0, 0, , 0, 0, 0, 0, 0, 
171, 0, 188, -1, -1, 114, 94, 201.0, 11, , 72, 0, 0, 0, , 0, 0, 0, 0, 0, 
172, 0, 189, -1, -1, 131, 113, 207.0, 9, , 120, 0, 0, 0, , 0, 0, 0, 0, 0, 
173, 0, 190, -1, -1, 161, 93, 145.0, 11, , 86, 0, 0, 0, , 0, 0, 0, 0, 0, 
174, 0, 191, -1, -1, 140, 87, 175.0, 11, , 140, 0, 0, 0, , 0, 0, 0, 0, 0, 
175, 0, 192, -1, -1, 207, 45, 146.0, 9, , 73, 0, 0, 0, , 0, 0, 0, 0, 0, 
176, 0, 193, -1, -1, 103, 130, 190.0, 15, , 165, 0, 0, 0, , 0, 0, 0, 0, 0, 
177, 0, 194, -1, -1, 75, 91, 98.0, 7, , 3, 0, 0, 0, , 0, 0, 0, 0, 0, 
178, 0, 195, -1, -1, 176, 180, 126.0, 9, , 58, 0, 0, 0, , 0, 0, 0, 0, 0, 
179, 0, 196, -1, -1, 99, 41, 132.0, 9, , 38, 0, 0, 0, , 0, 0, 0, 0, 0, 
180, 0, 197, -1, -1, 50, 94, 140.0, 7, , 29, 0, 0, 0, , 0, 0, 0, 0, 0, 
181, 0, 198, -1, -1, 68, 129, 142.0, 9, , 41, 0, 0, 0, , 0, 0, 0, 0, 0, 
182, 0, 199, -1, -1, 315, 69, 160.0, 11, , 52, 0, 0, 0, , 0, 0, 0, 0, 0, 
183, 0, 200, -1, -1, 277, 147, 166.0, 9, , 121, 0, 0, 0, , 0, 0, 0, 0, 0, 
184, 0, 201, -1, -1, 131, 143, 165.0, 9, , 61, 0, 0, 0, , 0, 0, 0, 0, 0, 
185, 0, 202, -1, -1, 195, 156, 177.0, 9, , 63, 0, 0, 0, , 0, 0, 0, 0, 0, 
186, 0, 203, -1, -1, 131, 116, 173.0, 11, , 110, 0, 0, 0, , 0, 0, 0, 0, 0, 
187, 0, 204, -1, -1, 247, 64, 187.0, 9, , 28, 0, 0, 0, , 0, 0, 0, 0, 0, 
188, 0, 205, -1, -1, 167, 100, 201.0, 9, , 60, 0, 0, 0, , 0, 0, 0, 0, 0, 
189, 0, 206, -1, -1, 116, 97, 210.0, 11, , 94, 0, 0, 0, , 0, 0, 0, 0, 0, 
190, 0, 207, -1, -1, 159, 31, 146.0, 13, , 70, 0, 0, 0, , 0, 0, 0, 0, 0, 
191, 0, 208, -1, -1, 257, 49, 165.0, 7, , 43, 0, 0, 0, , 0, 0, 0, 0, 0, 
192, 0, 209, -1, -1, 284, 128, 192.0, 9, , 118, 0, 0, 0, , 0, 0, 0, 0, 0, 
193, 0, 210, -1, -1, 220, 78, 205.0, 9, , 97, 0, 0, 0, , 0, 0, 0, 0, 0, 
194, 0, 211, -1, -1, 176, 41, 161.0, 9, , 24, 0, 0, 0, , 0, 0, 0, 0, 0, 
195, 0, 212, -1, -1, 91, 98, 64.0, 13, , 154, 0, 0, 0, , 0, 0, 0, 0, 0, 
196, 0, 213, -1, -1, 160, 160, 121.0, 7, , 14, 0, 0, 0, , 0, 0, 0, 0, 0, 
197, 0, 214, -1, -1, 277, 165, 124.0, 9, , 18, 0, 0, 0, , 0, 0, 0, 0, 0, 
198, 0, 215, -1, -1, 160, 181, 122.0, 11, , 69, 0, 0, 0, , 0, 0, 0, 0, 0, 
199, 0, 216, -1, -1, 164, 30, 141.0, 9, , 58, 0, 0, 0, , 0, 0, 0, 0, 0, 
200, 0, 217, -1, -1, 279, 52, 144.0, 9, , 37, 0, 0, 0, , 0, 0, 0, 0, 0, 
201, 0, 218, -1, -1, 133, 146, 156.0, 11, , 95, 0, 0, 0, , 0, 0, 0, 0, 0, 
202, 0, 219, -1, -1, 191, 62, 191.0, 9, , 40, 0, 0, 0, , 0, 0, 0, 0, 0, 
203, 0, 220, -1, -1, 186, 105, 193.0, 9, , 30, 0, 0, 0, , 0, 0, 0, 0, 0, 
204, 0, 221, -1, -1, 137, 75, 198.0, 7, , 9, 0, 0, 0, , 0, 0, 0, 0, 0, 
205, 0, 222, -1, -1, 165, 99, 203.0, 9, , 60, 0, 0, 0, , 0, 0, 0, 0, 0, 
206, 0, 224, -1, -1, 82, 128, 147.0, 13, , 132, 0, 0, 0, , 0, 0, 0, 0, 0, 
207, 0, 225, -1, -1, 123, 140, 183.0, 13, , 122, 0, 0, 0, , 0, 0, 0, 0, 0, 
208, 0, 226, -1, -1, 234, 90, 204.0, 9, , 57, 0, 0, 0, , 0, 0, 0, 0, 0, 
209, 0, 227, -1, -1, 236, 91, 201.0, 11, , 35, 0, 0, 0, , 0, 0, 0, 0, 0, 
210, 0, 228, -1, -1, 138, 33, 106.0, 11, , 59, 0, 0, 0, , 0, 0, 0, 0, 0, 
211, 0, 229, -1, -1, 218, 72, 204.0, 9, , 43, 0, 0, 0, , 0, 0, 0, 0, 0, 
212, 0, 230, -1, -1, 255, 81, 203.0, 11, , 68, 0, 0, 0, , 0, 0, 0, 0, 0, 
213, 0, 231, -1, -1, 218, 173, 156.0, 9, , 34, 0, 0, 0, , 0, 0, 0, 0, 0, 
214, 0, 232, -1, -1, 219, 120, 208.0, 7, , 22, 0, 0, 0, , 0, 0, 0, 0, 0, 
215, 0, 233, -1, -1, 62, 145, 108.0, 15, , 401, 0, 0, 0, , 0, 0, 0, 0, 0, 
216, 0, 234, -1, -1, 160, 165, 123.0, 7, , 26, 0, 0, 0, , 0, 0, 0, 0, 0, 
217, 0, 235, -1, -1, 110, 47, 153.0, 13, , 159, 0, 0, 0, , 0, 0, 0, 0, 0, 
218, 0, 236, -1, -1, 156, 50, 183.0, 9, , 84, 0, 0, 0, , 0, 0, 0, 0, 0, 
219, 0, 237, -1, -1, 162, 66, 195.0, 9, , 62, 0, 0, 0, , 0, 0, 0, 0, 0, 
220, 0, 238, -1, -1, 51, 109, 91.0, 9, , 44, 0, 0, 0, , 0, 0, 0, 0, 0, 
221, 0, 239, -1, -1, 104, 162, 100.0, 7, , 17, 0, 0, 0, , 0, 0, 0, 0, 0, 
222, 0, 240, -1, -1, 142, 168, 103.0, 9, , 95, 0, 0, 0, , 0, 0, 0, 0, 0, 
223, 0, 241, -1, -1, 136, 178, 114.0, 9, , 63, 0, 0, 0, , 0, 0, 0, 0, 0, 
224, 0, 242, -1, -1, 185, 43, 138.0, 11, , 144, 0, 0, 0, , 0, 0, 0, 0, 0, 
225, 0, 243, -1, -1, 56, 96, 138.0, 11, , 82, 0, 0, 0, , 0, 0, 0, 0, 0, 
226, 0, 244, -1, -1, 120, 126, 143.0, 7, , 27, 0, 0, 0, , 0, 0, 0, 0, 0, 
227, 0, 245, -1, -1, 220, 44, 153.0, 7, , 73, 0, 0, 0, , 0, 0, 0, 0, 0, 
228, 0, 246, -1, -1, 86, 109, 151.0, 11, , 147, 0, 0, 0, , 0, 0, 0, 0, 0, 
229, 0, 247, -1, -1, 103, 120, 153.0, 15, , 264, 0, 0, 0, , 0, 0, 0, 0, 0, 
230, 0, 248, -1, -1, 99, 120, 157.0, 11, , 100, 0, 0, 0, , 0, 0, 0, 0, 0, 
231, 0, 249, -1, -1, 117, 71, 167.0, 9, , 32, 0, 0, 0, , 0, 0, 0, 0, 0, 
232, 0, 250, -1, -1, 277, 65, 173.0, 11, , 90, 0, 0, 0, , 0, 0, 0, 0, 0, 
233, 0, 251, -1, -1, 276, 67, 171.0, 13, , 93, 0, 0, 0, , 0, 0, 0, 0, 0, 
234, 0, 252, -1, -1, 73, 127, 178.0, 9, , 39, 0, 0, 0, , 0, 0, 0, 0, 0, 
235, 0, 253, -1, -1, 137, 83, 182.0, 9, , 19, 0, 0, 0, , 0, 0, 0, 0, 0, 
236, 0, 254, -1, -1, 142, 65, 185.0, 9, , 70, 0, 0, 0, , 0, 0, 0, 0, 0, 
237, 0, 255, -1, -1, 190, 59, 195.0, 7, , 42, 0, 0, 0, , 0, 0, 0, 0, 0, 
238, 0, 256, -1, -1, 196, 63, 196.0, 9, , 31, 0, 0, 0, , 0, 0, 0, 0, 0, 
239, 0, 257, -1, -1, 85, 109, 196.0, 9, , 59, 0, 0, 0, , 0, 0, 0, 0, 0, 
240, 0, 258, -1, -1, 121, 126, 201.0, 9, , 49, 0, 0, 0, , 0, 0, 0, 0, 0, 
241, 0, 259, -1, -1, 137, 133, 200.0, 7, , 43, 0, 0, 0, , 0, 0, 0, 0, 0, 
242, 0, 260, -1, -1, 215, 135, 199.0, 11, , 145, 0, 0, 0, , 0, 0, 0, 0, 0, 
243, 0, 262, -1, -1, 201, 98, 205.0, 13, , 414, 0, 0, 0, , 0, 0, 0, 0, 0, 
244, 0, 263, -1, -1, 221, 93, 203.0, 11, , 194, 0, 0, 0, , 0, 0, 0, 0, 0, 
245, 0, 264, -1, -1, 103, 41, 122.0, 9, , 56, 0, 0, 0, , 0, 0, 0, 0, 0, 
246, 0, 265, -1, -1, 201, 179, 149.0, 9, , 70, 0, 0, 0, , 0, 0, 0, 0, 0, 
247, 0, 266, -1, -1, 202, 181, 144.0, 9, , 38, 0, 0, 0, , 0, 0, 0, 0, 0, 
248, 0, 267, -1, -1, 82, 102, 149.0, 7, , 32, 0, 0, 0, , 0, 0, 0, 0, 0, 
249, 0, 270, -1, -1, 139, 77, 196.0, 7, , 31, 0, 0, 0, , 0, 0, 0, 0, 0, 
250, 0, 271, -1, -1, 200, 76, 200.0, 7, , 20, 0, 0, 0, , 0, 0, 0, 0, 0, 
251, 0, 273, -1, -1, 203, 94, 206.0, 9, , 53, 0, 0, 0, , 0, 0, 0, 0, 0, 
252, 0, 274, -1, -1, 229, 111, 208.0, 11, , 118, 0, 0, 0, , 0, 0, 0, 0, 0, 
253, 0, 275, -1, -1, 254, 77, 201.0, 7, , 38, 0, 0, 0, , 0, 0, 0, 0, 0, 
254, 0, 276, -1, -1, 143, 34, 146.0, 11, , 102, 0, 0, 0, , 0, 0, 0, 0, 0, 
255, 0, 277, -1, -1, 89, 145, 83.0, 11, , 94, 0, 0, 0, , 0, 0, 0, 0, 0, 
256, 0, 278, -1, -1, 142, 170, 108.0, 11, , 24, 0, 0, 0, , 0, 0, 0, 0, 0, 
257, 0, 279, -1, -1, 101, 168, 128.0, 9, , 70, 0, 0, 0, , 0, 0, 0, 0, 0, 
258, 0, 280, -1, -1, 208, 180, 131.0, 11, , 81, 0, 0, 0, , 0, 0, 0, 0, 0, 
259, 0, 281, -1, -1, 49, 122, 141.0, 9, , 14, 0, 0, 0, , 0, 0, 0, 0, 0, 
260, 0, 282, -1, -1, 119, 53, 142.0, 7, , 14, 0, 0, 0, , 0, 0, 0, 0, 0, 
261, 0, 283, -1, -1, 97, 101, 161.0, 11, , 49, 0, 0, 0, , 0, 0, 0, 0, 0, 
262, 0, 284, -1, -1, 241, 47, 167.0, 9, , 107, 0, 0, 0, , 0, 0, 0, 0, 0, 
263, 0, 285, -1, -1, 112, 51, 166.0, 7, , 27, 0, 0, 0, , 0, 0, 0, 0, 0, 
264, 0, 286, -1, -1, 235, 52, 169.0, 9, , 70, 0, 0, 0, , 0, 0, 0, 0, 0, 
265, 0, 287, -1, -1, 190, 73, 188.0, 9, , 62, 0, 0, 0, , 0, 0, 0, 0, 0, 
266, 0, 288, -1, -1, 140, 75, 202.0, 9, , 88, 0, 0, 0, , 0, 0, 0, 0, 0, 
267, 0, 289, -1, -1, 135, 108, 205.0, 9, , 23, 0, 0, 0, , 0, 0, 0, 0, 0, 
268, 0, 290, -1, -1, 170, 85, 200.0, 9, , 28, 0, 0, 0, , 0, 0, 0, 0, 0, 
269, 0, 291, -1, -1, 198, 118, 208.0, 11, , 57, 0, 0, 0, , 0, 0, 0, 0, 0, 
270, 0, 292, -1, -1, 143, 35, 165.0, 9, , 24, 0, 0, 0, , 0, 0, 0, 0, 0, 
271, 0, 293, -1, -1, 259, 54, 161.0, 7, , 38, 0, 0, 0, , 0, 0, 0, 0, 0, 
272, 0, 294, -1, -1, 111, 51, 168.0, 9, , 69, 0, 0, 0, , 0, 0, 0, 0, 0, 
273, 0, 295, -1, -1, 188, 73, 186.0, 9, , 68, 0, 0, 0, , 0, 0, 0, 0, 0, 
274, 0, 296, -1, -1, 127, 99, 195.0, 9, , 109, 0, 0, 0, , 0, 0, 0, 0, 0, 
275, 0, 297, -1, -1, 121, 129, 202.0, 11, , 234, 0, 0, 0, , 0, 0, 0, 0, 0, 
276, 0, 298, -1, -1, 158, 67, 199.0, 9, , 8, 0, 0, 0, , 0, 0, 0, 0, 0, 
277, 0, 299, -1, -1, 218, 76, 209.0, 15, , 217, 0, 0, 0, , 0, 0, 0, 0, 0, 
278, 0, 300, -1, -1, 201, 99, 211.0, 11, , 130, 0, 0, 0, , 0, 0, 0, 0, 0, 
279, 0, 301, -1, -1, 218, 93, 210.0, 9, , 26, 0, 0, 0, , 0, 0, 0, 0, 0, 
280, 0, 302, -1, -1, 236, 72, 200.0, 9, , 91, 0, 0, 0, , 0, 0, 0, 0, 0, 
281, 0, 303, -1, -1, 229, 75, 196.0, 9, , 84, 0, 0, 0, , 0, 0, 0, 0, 0, 
282, 0, 304, -1, -1, 243, 106, 197.0, 9, , 69, 0, 0, 0, , 0, 0, 0, 0, 0, 
283, 0, 305, -1, -1, 135, 49, 100.0, 9, , 27, 0, 0, 0, , 0, 0, 0, 0, 0, 
284, 0, 306, -1, -1, 95, 170, 108.0, 9, , 30, 0, 0, 0, , 0, 0, 0, 0, 0, 
285, 0, 307, -1, -1, 132, 35, 133.0, 11, , 21, 0, 0, 0, , 0, 0, 0, 0, 0, 
286, 0, 308, -1, -1, 89, 56, 153.0, 9, , 57, 0, 0, 0, , 0, 0, 0, 0, 0, 
287, 0, 309, -1, -1, 58, 124, 159.0, 11, , 87, 0, 0, 0, , 0, 0, 0, 0, 0, 
288, 0, 310, -1, -1, 76, 154, 160.0, 11, , 105, 0, 0, 0, , 0, 0, 0, 0, 0, 
289, 0, 311, -1, -1, 137, 52, 173.0, 11, , 83, 0, 0, 0, , 0, 0, 0, 0, 0, 
290, 0, 312, -1, -1, 286, 128, 182.0, 9, , 71, 0, 0, 0, , 0, 0, 0, 0, 0, 
291, 0, 313, -1, -1, 99, 125, 192.0, 9, , 93, 0, 0, 0, , 0, 0, 0, 0, 0, 
292, 0, 314, -1, -1, 123, 129, 194.0, 9, , 159, 0, 0, 0, , 0, 0, 0, 0, 0, 
293, 0, 315, -1, -1, 218, 72, 202.0, 9, , 106, 0, 0, 0, , 0, 0, 0, 0, 0, 
294, 0, 316, -1, -1, 161, 93, 142.0, 11, , 79, 0, 0, 0, , 0, 0, 0, 0, 0, 
295, 0, 317, -1, -1, 284, 89, 187.0, 13, , 49, 0, 0, 0, , 0, 0, 0, 0, 0, 
296, 0, 318, -1, -1, 298, 98, 187.0, 9, , 30, 0, 0, 0, , 0, 0, 0, 0, 0, 
297, 0, 319, -1, -1, 258, 52, 163.0, 7, , 10, 0, 0, 0, , 0, 0, 0, 0, 0, 
298, 0, 320, -1, -1, 248, 171, 128.0, 9, , 43, 0, 0, 0, , 0, 0, 0, 0, 0, 
299, 0, 321, -1, -1, 51, 120, 150.0, 9, , 57, 0, 0, 0, , 0, 0, 0, 0, 0, 
300, 0, 322, -1, -1, 129, 92, 58.0, 11, , 36, 0, 0, 0, , 0, 0, 0, 0, 0, 
301, 0, 323, -1, -1, 59, 145, 115.0, 9, , 89, 0, 0, 0, , 0, 0, 0, 0, 0, 
302, 0, 324, -1, -1, 138, 177, 120.0, 13, , 131, 0, 0, 0, , 0, 0, 0, 0, 0, 
303, 0, 325, -1, -1, 122, 40, 128.0, 11, , 70, 0, 0, 0, , 0, 0, 0, 0, 0, 
304, 0, 326, -1, -1, 106, 164, 125.0, 9, , 33, 0, 0, 0, , 0, 0, 0, 0, 0, 
305, 0, 327, -1, -1, 68, 114, 127.0, 9, , 40, 0, 0, 0, , 0, 0, 0, 0, 0, 
306, 0, 328, -1, -1, 115, 54, 138.0, 9, , 54, 0, 0, 0, , 0, 0, 0, 0, 0, 
307, 0, 329, -1, -1, 223, 177, 157.0, 9, , 27, 0, 0, 0, , 0, 0, 0, 0, 0, 
308, 0, 331, -1, -1, 111, 53, 174.0, 9, , 50, 0, 0, 0, , 0, 0, 0, 0, 0, 
309, 0, 332, -1, -1, 277, 67, 181.0, 11, , 43, 0, 0, 0, , 0, 0, 0, 0, 0, 
310, 0, 333, -1, -1, 117, 153, 179.0, 9, , 75, 0, 0, 0, , 0, 0, 0, 0, 0, 
311, 0, 334, -1, -1, 153, 51, 191.0, 11, , 153, 0, 0, 0, , 0, 0, 0, 0, 0, 
312, 0, 335, -1, -1, 162, 63, 196.0, 13, , 86, 0, 0, 0, , 0, 0, 0, 0, 0, 
313, 0, 336, -1, -1, 277, 108, 188.0, 9, , 46, 0, 0, 0, , 0, 0, 0, 0, 0, 
314, 0, 338, -1, -1, 186, 103, 196.0, 11, , 58, 0, 0, 0, , 0, 0, 0, 0, 0, 
315, 0, 339, -1, -1, 168, 121, 193.0, 9, , 54, 0, 0, 0, , 0, 0, 0, 0, 0, 
316, 0, 340, -1, -1, 254, 78, 201.0, 7, , 35, 0, 0, 0, , 0, 0, 0, 0, 0, 
317, 0, 341, -1, -1, 107, 110, 202.0, 11, , 78, 0, 0, 0, , 0, 0, 0, 0, 0, 
318, 0, 342, -1, -1, 252, 79, 204.0, 9, , 48, 0, 0, 0, , 0, 0, 0, 0, 0, 
319, 0, 345, -1, -1, 117, 153, 182.0, 11, , 177, 0, 0, 0, , 0, 0, 0, 0, 0, 
320, 0, 346, -1, -1, 127, 143, 187.0, 9, , 46, 0, 0, 0, , 0, 0, 0, 0, 0, 
321, 0, 347, -1, -1, 93, 89, 190.0, 9, , 55, 0, 0, 0, , 0, 0, 0, 0, 0, 
322, 0, 348, -1, -1, 188, 74, 193.0, 9, , 104, 0, 0, 0, , 0, 0, 0, 0, 0, 
323, 0, 349, -1, -1, 171, 83, 203.0, 7, , 40, 0, 0, 0, , 0, 0, 0, 0, 0, 
324, 0, 350, -1, -1, 243, 91, 211.0, 7, , 20, 0, 0, 0, , 0, 0, 0, 0, 0, 
325, 0, 351, -1, -1, 99, 152, 181.0, 9, , 30, 0, 0, 0, , 0, 0, 0, 0, 0, 
326, 0, 352, -1, -1, 297, 116, 184.0, 7, , 27, 0, 0, 0, , 0, 0, 0, 0, 0, 
327, 0, 354, -1, -1, 149, 166, 106.0, 9, , 44, 0, 0, 0, , 0, 0, 0, 0, 0, 
328, 0, 355, -1, -1, 298, 155, 106.0, 9, , 25, 0, 0, 0, , 0, 0, 0, 0, 0, 
329, 0, 356, -1, -1, 89, 57, 131.0, 11, , 60, 0, 0, 0, , 0, 0, 0, 0, 0, 
330, 0, 357, -1, -1, 206, 179, 135.0, 9, , 61, 0, 0, 0, , 0, 0, 0, 0, 0, 
331, 0, 358, -1, -1, 69, 67, 138.0, 9, , 60, 0, 0, 0, , 0, 0, 0, 0, 0, 
332, 0, 359, -1, -1, 96, 61, 135.0, 9, , 18, 0, 0, 0, , 0, 0, 0, 0, 0, 
333, 0, 360, -1, -1, 125, 34, 136.0, 9, , 64, 0, 0, 0, , 0, 0, 0, 0, 0, 
334, 0, 361, -1, -1, 78, 92, 144.0, 9, , 36, 0, 0, 0, , 0, 0, 0, 0, 0, 
335, 0, 362, -1, -1, 75, 69, 156.0, 7, , 17, 0, 0, 0, , 0, 0, 0, 0, 0, 
336, 0, 363, -1, -1, 135, 55, 153.0, 9, , 37, 0, 0, 0, , 0, 0, 0, 0, 0, 
337, 0, 364, -1, -1, 102, 99, 156.0, 9, , 41, 0, 0, 0, , 0, 0, 0, 0, 0, 
338, 0, 365, -1, -1, 257, 51, 170.0, 9, , 91, 0, 0, 0, , 0, 0, 0, 0, 0, 
339, 0, 366, -1, -1, 125, 48, 173.0, 9, , 46, 0, 0, 0, , 0, 0, 0, 0, 0, 
340, 0, 367, -1, -1, 207, 157, 189.0, 11, , 42, 0, 0, 0, , 0, 0, 0, 0, 0, 
341, 0, 368, -1, -1, 227, 57, 185.0, 7, , 26, 0, 0, 0, , 0, 0, 0, 0, 0, 
342, 0, 369, -1, -1, 296, 96, 197.0, 11, , 80, 0, 0, 0, , 0, 0, 0, 0, 0, 
343, 0, 370, -1, -1, 196, 134, 196.0, 13, , 56, 0, 0, 0, , 0, 0, 0, 0, 0, 
344, 0, 371, -1, -1, 261, 97, 196.0, 13, , 171, 0, 0, 0, , 0, 0, 0, 0, 0, 
345, 0, 372, -1, -1, 194, 133, 198.0, 11, , 41, 0, 0, 0, , 0, 0, 0, 0, 0, 
346, 0, 373, -1, -1, 218, 117, 211.0, 11, , 102, 0, 0, 0, , 0, 0, 0, 0, 0, 
347, 0, 374, -1, -1, 96, 172, 117.0, 9, , 38, 0, 0, 0, , 0, 0, 0, 0, 0, 
348, 0, 375, -1, -1, 97, 171, 113.0, 13, , 198, 0, 0, 0, , 0, 0, 0, 0, 0, 
349, 0, 376, -1, -1, 70, 150, 123.0, 9, , 17, 0, 0, 0, , 0, 0, 0, 0, 0, 
350, 0, 377, -1, -1, 102, 166, 132.0, 13, , 82, 0, 0, 0, , 0, 0, 0, 0, 0, 
351, 0, 378, -1, -1, 80, 105, 142.0, 9, , 55, 0, 0, 0, , 0, 0, 0, 0, 0, 
352, 0, 379, -1, -1, 200, 180, 152.0, 9, , 25, 0, 0, 0, , 0, 0, 0, 0, 0, 
353, 0, 380, -1, -1, 109, 43, 161.0, 9, , 33, 0, 0, 0, , 0, 0, 0, 0, 0, 
354, 0, 381, -1, -1, 298, 63, 163.0, 9, , 26, 0, 0, 0, , 0, 0, 0, 0, 0, 
355, 0, 382, -1, -1, 97, 65, 184.0, 11, , 61, 0, 0, 0, , 0, 0, 0, 0, 0, 
356, 0, 383, -1, -1, 297, 93, 189.0, 9, , 72, 0, 0, 0, , 0, 0, 0, 0, 0, 
357, 0, 384, -1, -1, 279, 58, 154.0, 9, , 26, 0, 0, 0, , 0, 0, 0, 0, 0, 
358, 0, 385, -1, -1, 62, 141, 134.0, 7, , 32, 0, 0, 0, , 0, 0, 0, 0, 0, 
359, 0, 386, -1, -1, 128, 163, 135.0, 9, , 61, 0, 0, 0, , 0, 0, 0, 0, 0, 
360, 0, 387, -1, -1, 84, 73, 156.0, 9, , 25, 0, 0, 0, , 0, 0, 0, 0, 0, 
361, 0, 388, -1, -1, 213, 47, 155.0, 9, , 71, 0, 0, 0, , 0, 0, 0, 0, 0, 
362, 0, 389, -1, -1, 71, 151, 168.0, 9, , 16, 0, 0, 0, , 0, 0, 0, 0, 0, 
363, 0, 390, -1, -1, 69, 106, 170.0, 7, , 23, 0, 0, 0, , 0, 0, 0, 0, 0, 
364, 0, 392, -1, -1, 70, 128, 171.0, 9, , 31, 0, 0, 0, , 0, 0, 0, 0, 0, 
365, 0, 394, -1, -1, 91, 106, 192.0, 9, , 24, 0, 0, 0, , 0, 0, 0, 0, 0, 
366, 0, 395, -1, -1, 114, 153, 188.0, 9, , 51, 0, 0, 0, , 0, 0, 0, 0, 0, 
367, 0, 396, -1, -1, 262, 77, 192.0, 11, , 99, 0, 0, 0, , 0, 0, 0, 0, 0, 
368, 0, 398, -1, -1, 85, 143, 80.0, 11, , 80, 0, 0, 0, , 0, 0, 0, 0, 0, 
369, 0, 399, -1, -1, 176, 180, 131.0, 9, , 24, 0, 0, 0, , 0, 0, 0, 0, 0, 
370, 0, 400, -1, -1, 59, 141, 130.0, 11, , 52, 0, 0, 0, , 0, 0, 0, 0, 0, 
371, 0, 401, -1, -1, 150, 104, 209.0, 13, , 175, 0, 0, 0, , 0, 0, 0, 0, 0, 
372, 0, 402, -1, -1, 119, 71, 81.0, 9, , 40, 0, 0, 0, , 0, 0, 0, 0, 0, 
373, 0, 403, -1, -1, 232, 176, 124.0, 13, , 249, 0, 0, 0, , 0, 0, 0, 0, 0, 
374, 0, 404, -1, -1, 159, 165, 141.0, 11, , 91, 0, 0, 0, , 0, 0, 0, 0, 0, 
375, 0, 405, -1, -1, 128, 88, 198.0, 9, , 60, 0, 0, 0, , 0, 0, 0, 0, 0, 
376, 0, 406, -1, -1, 122, 169, 98.0, 9, , 34, 0, 0, 0, , 0, 0, 0, 0, 0, 
377, 0, 407, -1, -1, 60, 116, 114.0, 9, , 14, 0, 0, 0, , 0, 0, 0, 0, 0, 
378, 0, 408, -1, -1, 67, 136, 147.0, 9, , 77, 0, 0, 0, , 0, 0, 0, 0, 0, 
379, 0, 409, -1, -1, 302, 113, 187.0, 7, , 15, 0, 0, 0, , 0, 0, 0, 0, 0, 
380, 0, 410, -1, -1, 85, 82, 74.0, 9, , 36, 0, 0, 0, , 0, 0, 0, 0, 0, 
381, 0, 411, -1, -1, 207, 143, 73.0, 11, , 73, 0, 0, 0, , 0, 0, 0, 0, 0, 
382, 0, 412, -1, -1, 132, 85, 82.0, 11, , 56, 0, 0, 0, , 0, 0, 0, 0, 0, 
383, 0, 413, -1, -1, 93, 96, 65.0, 11, , 108, 0, 0, 0, , 0, 0, 0, 0, 0, 
384, 0, 414, -1, -1, 81, 147, 97.0, 9, , 3, 0, 0, 0, , 0, 0, 0, 0, 0, 
385, 0, 415, -1, -1, 85, 148, 99.0, 7, , 6, 0, 0, 0, , 0, 0, 0, 0, 0, 
386, 0, 416, -1, -1, 149, 165, 105.0, 13, , 208, 0, 0, 0, , 0, 0, 0, 0, 0, 
387, 0, 417, -1, -1, 159, 182, 124.0, 9, , 89, 0, 0, 0, , 0, 0, 0, 0, 0, 
388, 0, 418, -1, -1, 126, 40, 126.0, 9, , 32, 0, 0, 0, , 0, 0, 0, 0, 0, 
389, 0, 419, -1, -1, 271, 97, 145.0, 9, , 5, 0, 0, 0, , 0, 0, 0, 0, 0, 
390, 0, 420, -1, -1, 73, 65, 140.0, 11, , 69, 0, 0, 0, , 0, 0, 0, 0, 0, 
391, 0, 421, -1, -1, 159, 92, 146.0, 11, , 47, 0, 0, 0, , 0, 0, 0, 0, 0, 
392, 0, 422, -1, -1, 62, 91, 160.0, 9, , 28, 0, 0, 0, , 0, 0, 0, 0, 0, 
393, 0, 423, -1, -1, 149, 33, 160.0, 9, , 48, 0, 0, 0, , 0, 0, 0, 0, 0, 
394, 0, 424, -1, -1, 65, 132, 153.0, 11, , 35, 0, 0, 0, , 0, 0, 0, 0, 0, 
395, 0, 425, -1, -1, 296, 65, 158.0, 7, , 15, 0, 0, 0, , 0, 0, 0, 0, 0, 
396, 0, 426, -1, -1, 108, 46, 158.0, 11, , 142, 0, 0, 0, , 0, 0, 0, 0, 0, 
397, 0, 427, -1, -1, 200, 146, 165.0, 9, , 20, 0, 0, 0, , 0, 0, 0, 0, 0, 
398, 0, 429, -1, -1, 120, 67, 163.0, 9, , 54, 0, 0, 0, , 0, 0, 0, 0, 0, 
399, 0, 430, -1, -1, 256, 135, 172.0, 7, , 21, 0, 0, 0, , 0, 0, 0, 0, 0, 
400, 0, 431, -1, -1, 80, 76, 178.0, 9, , 114, 0, 0, 0, , 0, 0, 0, 0, 0, 
401, 0, 432, -1, -1, 297, 113, 179.0, 9, , 38, 0, 0, 0, , 0, 0, 0, 0, 0, 
402, 0, 433, -1, -1, 81, 76, 184.0, 7, , 39, 0, 0, 0, , 0, 0, 0, 0, 0, 
403, 0, 434, -1, -1, 147, 118, 184.0, 11, , 106, 0, 0, 0, , 0, 0, 0, 0, 0, 
404, 0, 435, -1, -1, 144, 125, 191.0, 7, , 45, 0, 0, 0, , 0, 0, 0, 0, 0, 
405, 0, 436, -1, -1, 234, 57, 189.0, 11, , 156, 0, 0, 0, , 0, 0, 0, 0, 0, 
406, 0, 438, -1, -1, 236, 71, 195.0, 9, , 54, 0, 0, 0, , 0, 0, 0, 0, 0, 
407, 0, 439, -1, -1, 164, 98, 194.0, 11, , 146, 0, 0, 0, , 0, 0, 0, 0, 0, 
408, 0, 440, -1, -1, 176, 83, 200.0, 7, , 22, 0, 0, 0, , 0, 0, 0, 0, 0, 
409, 0, 441, -1, -1, 128, 88, 202.0, 9, , 27, 0, 0, 0, , 0, 0, 0, 0, 0, 
410, 0, 442, -1, -1, 231, 111, 203.0, 13, , 101, 0, 0, 0, , 0, 0, 0, 0, 0, 
411, 0, 443, -1, -1, 219, 136, 205.0, 9, , 36, 0, 0, 0, , 0, 0, 0, 0, 0, 
412, 0, 445, -1, -1, 68, 128, 146.0, 7, , 37, 0, 0, 0, , 0, 0, 0, 0, 0, 
413, 0, 446, -1, -1, 103, 68, 160.0, 9, , 52, 0, 0, 0, , 0, 0, 0, 0, 0, 
414, 0, 447, -1, -1, 262, 48, 163.0, 9, , 42, 0, 0, 0, , 0, 0, 0, 0, 0, 
415, 0, 449, -1, -1, 115, 115, 190.0, 11, , 157, 0, 0, 0, , 0, 0, 0, 0, 0, 
416, 0, 450, -1, -1, 193, 116, 206.0, 9, , 48, 0, 0, 0, , 0, 0, 0, 0, 0, 
417, 0, 451, -1, -1, 135, 36, 146.0, 7, , 33, 0, 0, 0, , 0, 0, 0, 0, 0, 
418, 0, 452, -1, -1, 277, 109, 195.0, 9, , 26, 0, 0, 0, , 0, 0, 0, 0, 0, 
419, 0, 453, -1, -1, 80, 90, 99.0, 9, , 34, 0, 0, 0, , 0, 0, 0, 0, 0, 
420, 0, 454, -1, -1, 102, 67, 162.0, 9, , 33, 0, 0, 0, , 0, 0, 0, 0, 0, 
421, 0, 456, -1, -1, 137, 174, 120.0, 11, , 140, 0, 0, 0, , 0, 0, 0, 0, 0, 
422, 0, 457, -1, -1, 101, 42, 128.0, 15, , 214, 0, 0, 0, , 0, 0, 0, 0, 0, 
423, 0, 458, -1, -1, 133, 120, 124.0, 9, , 68, 0, 0, 0, , 0, 0, 0, 0, 0, 
424, 0, 459, -1, -1, 80, 90, 141.0, 11, , 59, 0, 0, 0, , 0, 0, 0, 0, 0, 
425, 0, 460, -1, -1, 186, 41, 144.0, 9, , 130, 0, 0, 0, , 0, 0, 0, 0, 0, 
426, 0, 461, -1, -1, 202, 42, 143.0, 9, , 57, 0, 0, 0, , 0, 0, 0, 0, 0, 
427, 0, 462, -1, -1, 306, 155, 143.0, 9, , 32, 0, 0, 0, , 0, 0, 0, 0, 0, 
428, 0, 463, -1, -1, 66, 129, 150.0, 9, , 44, 0, 0, 0, , 0, 0, 0, 0, 0, 
429, 0, 464, -1, -1, 146, 178, 146.0, 9, , 42, 0, 0, 0, , 0, 0, 0, 0, 0, 
430, 0, 465, -1, -1, 88, 102, 152.0, 9, , 53, 0, 0, 0, , 0, 0, 0, 0, 0, 
431, 0, 466, -1, -1, 122, 74, 160.0, 9, , 36, 0, 0, 0, , 0, 0, 0, 0, 0, 
432, 0, 467, -1, -1, 276, 147, 171.0, 11, , 120, 0, 0, 0, , 0, 0, 0, 0, 0, 
433, 0, 468, -1, -1, 79, 76, 176.0, 9, , 72, 0, 0, 0, , 0, 0, 0, 0, 0, 
434, 0, 469, -1, -1, 176, 51, 182.0, 9, , 38, 0, 0, 0, , 0, 0, 0, 0, 0, 
435, 0, 470, -1, -1, 174, 119, 185.0, 7, , 23, 0, 0, 0, , 0, 0, 0, 0, 0, 
436, 0, 471, -1, -1, 124, 71, 191.0, 9, , 78, 0, 0, 0, , 0, 0, 0, 0, 0, 
437, 0, 472, -1, -1, 296, 100, 191.0, 7, , 28, 0, 0, 0, , 0, 0, 0, 0, 0, 
438, 0, 473, -1, -1, 85, 103, 189.0, 9, , 55, 0, 0, 0, , 0, 0, 0, 0, 0, 
439, 0, 474, -1, -1, 139, 129, 198.0, 13, , 143, 0, 0, 0, , 0, 0, 0, 0, 0, 
440, 0, 475, -1, -1, 109, 111, 199.0, 9, , 67, 0, 0, 0, , 0, 0, 0, 0, 0, 
441, 0, 476, -1, -1, 154, 90, 202.0, 9, , 94, 0, 0, 0, , 0, 0, 0, 0, 0, 
442, 0, 477, -1, -1, 232, 72, 205.0, 9, , 47, 0, 0, 0, , 0, 0, 0, 0, 0, 
443, 0, 478, -1, -1, 158, 124, 206.0, 7, , 47, 0, 0, 0, , 0, 0, 0, 0, 0, 
444, 0, 479, -1, -1, 218, 92, 211.0, 9, , 50, 0, 0, 0, , 0, 0, 0, 0, 0, 
445, 0, 480, -1, -1, 109, 40, 123.0, 7, , 29, 0, 0, 0, , 0, 0, 0, 0, 0, 
446, 0, 481, -1, -1, 253, 85, 199.0, 9, , 38, 0, 0, 0, , 0, 0, 0, 0, 0, 
447, 0, 482, -1, -1, 173, 80, 208.0, 11, , 78, 0, 0, 0, , 0, 0, 0, 0, 0, 
448, 0, 483, -1, -1, 110, 57, 168.0, 11, , 69, 0, 0, 0, , 0, 0, 0, 0, 0, 
449, 0, 484, -1, -1, 157, 124, 208.0, 9, , 40, 0, 0, 0, , 0, 0, 0, 0, 0, 
450, 0, 485, -1, -1, 173, 82, 203.0, 13, , 172, 0, 0, 0, , 0, 0, 0, 0, 0, 
451, 0, 486, -1, -1, 187, 37, 98.0, 11, , 18, 0, 0, 0, , 0, 0, 0, 0, 0, 
452, 0, 487, -1, -1, 48, 114, 135.0, 9, , 10, 0, 0, 0, , 0, 0, 0, 0, 0, 
453, 0, 489, -1, -1, 302, 156, 148.0, 9, , 14, 0, 0, 0, , 0, 0, 0, 0, 0, 
454, 0, 490, -1, -1, 80, 127, 155.0, 11, , 145, 0, 0, 0, , 0, 0, 0, 0, 0, 
455, 0, 491, -1, -1, 100, 120, 162.0, 9, , 43, 0, 0, 0, , 0, 0, 0, 0, 0, 
456, 0, 492, -1, -1, 109, 56, 164.0, 9, , 35, 0, 0, 0, , 0, 0, 0, 0, 0, 
457, 0, 493, -1, -1, 120, 67, 160.0, 7, , 33, 0, 0, 0, , 0, 0, 0, 0, 0, 
458, 0, 494, -1, -1, 297, 60, 161.0, 9, , 59, 0, 0, 0, , 0, 0, 0, 0, 0, 
459, 0, 495, -1, -1, 236, 48, 173.0, 9, , 77, 0, 0, 0, , 0, 0, 0, 0, 0, 
460, 0, 496, -1, -1, 118, 118, 186.0, 9, , 91, 0, 0, 0, , 0, 0, 0, 0, 0, 
461, 0, 497, -1, -1, 156, 55, 189.0, 9, , 21, 0, 0, 0, , 0, 0, 0, 0, 0, 
462, 0, 498, -1, -1, 104, 109, 199.0, 9, , 55, 0, 0, 0, , 0, 0, 0, 0, 0, 
463, 0, 499, -1, -1, 241, 106, 192.0, 9, , 51, 0, 0, 0, , 0, 0, 0, 0, 0, 
464, 0, 501, -1, -1, 190, 46, 139.0, 9, , 78, 0, 0, 0, , 0, 0, 0, 0, 0, 
465, 0, 503, -1, -1, 83, 128, 149.0, 11, , 133, 0, 0, 0, , 0, 0, 0, 0, 0, 
466, 0, 504, -1, -1, 190, 73, 190.0, 7, , 69, 0, 0, 0, , 0, 0, 0, 0, 0, 
467, 0, 505, -1, -1, 91, 105, 194.0, 9, , 12, 0, 0, 0, , 0, 0, 0, 0, 0, 
468, 0, 506, -1, -1, 192, 103, 194.0, 9, , 47, 0, 0, 0, , 0, 0, 0, 0, 0, 
469, 0, 508, -1, -1, 140, 33, 103.0, 9, , 36, 0, 0, 0, , 0, 0, 0, 0, 0, 
470, 0, 510, -1, -1, 103, 114, 54.0, 7, , 13, 0, 0, 0, , 0, 0, 0, 0, 0, 
471, 0, 511, -1, -1, 129, 95, 52.0, 9, , 56, 0, 0, 0, , 0, 0, 0, 0, 0, 
472, 0, 512, -1, -1, 98, 123, 56.0, 11, , 43, 0, 0, 0, , 0, 0, 0, 0, 0, 
473, 0, 513, -1, -1, 52, 110, 83.0, 9, , 103, 0, 0, 0, , 0, 0, 0, 0, 0, 
474, 0, 514, -1, -1, 81, 150, 93.0, 11, , 28, 0, 0, 0, , 0, 0, 0, 0, 0, 
475, 0, 515, -1, -1, 99, 54, 98.0, 9, , 43, 0, 0, 0, , 0, 0, 0, 0, 0, 
476, 0, 516, -1, -1, 103, 165, 94.0, 9, , 46, 0, 0, 0, , 0, 0, 0, 0, 0, 
477, 0, 517, -1, -1, 148, 165, 101.0, 11, , 71, 0, 0, 0, , 0, 0, 0, 0, 0, 
478, 0, 518, -1, -1, 160, 179, 120.0, 9, , 103, 0, 0, 0, , 0, 0, 0, 0, 0, 
479, 0, 520, -1, -1, 85, 58, 135.0, 7, , 17, 0, 0, 0, , 0, 0, 0, 0, 0, 
480, 0, 521, -1, -1, 296, 169, 132.0, 9, , 20, 0, 0, 0, , 0, 0, 0, 0, 0, 
481, 0, 522, -1, -1, 131, 164, 146.0, 9, , 17, 0, 0, 0, , 0, 0, 0, 0, 0, 
482, 0, 523, -1, -1, 254, 172, 147.0, 9, , 26, 0, 0, 0, , 0, 0, 0, 0, 0, 
483, 0, 524, -1, -1, 161, 62, 149.0, 9, , 17, 0, 0, 0, , 0, 0, 0, 0, 0, 
484, 0, 525, -1, -1, 157, 165, 150.0, 9, , 34, 0, 0, 0, , 0, 0, 0, 0, 0, 
485, 0, 526, -1, -1, 120, 128, 146.0, 9, , 33, 0, 0, 0, , 0, 0, 0, 0, 0, 
486, 0, 527, -1, -1, 98, 121, 159.0, 9, , 75, 0, 0, 0, , 0, 0, 0, 0, 0, 
487, 0, 528, -1, -1, 183, 43, 157.0, 9, , 33, 0, 0, 0, , 0, 0, 0, 0, 0, 
488, 0, 529, -1, -1, 197, 43, 164.0, 9, , 24, 0, 0, 0, , 0, 0, 0, 0, 0, 
489, 0, 530, -1, -1, 252, 51, 166.0, 9, , 38, 0, 0, 0, , 0, 0, 0, 0, 0, 
490, 0, 531, -1, -1, 107, 54, 166.0, 11, , 117, 0, 0, 0, , 0, 0, 0, 0, 0, 
491, 0, 532, -1, -1, 101, 102, 163.0, 11, , 67, 0, 0, 0, , 0, 0, 0, 0, 0, 
492, 0, 533, -1, -1, 295, 61, 169.0, 9, , 30, 0, 0, 0, , 0, 0, 0, 0, 0, 
493, 0, 534, -1, -1, 67, 106, 168.0, 9, , 23, 0, 0, 0, , 0, 0, 0, 0, 0, 
494, 0, 535, -1, -1, 200, 44, 169.0, 9, , 41, 0, 0, 0, , 0, 0, 0, 0, 0, 
495, 0, 536, -1, -1, 153, 170, 170.0, 11, , 60, 0, 0, 0, , 0, 0, 0, 0, 0, 
496, 0, 537, -1, -1, 270, 132, 171.0, 7, , 15, 0, 0, 0, , 0, 0, 0, 0, 0, 
497, 0, 538, -1, -1, 259, 135, 168.0, 9, , 4, 0, 0, 0, , 0, 0, 0, 0, 0, 
498, 0, 539, -1, -1, 93, 64, 173.0, 9, , 29, 0, 0, 0, , 0, 0, 0, 0, 0, 
499, 0, 540, -1, -1, 112, 161, 169.0, 9, , 37, 0, 0, 0, , 0, 0, 0, 0, 0, 
500, 0, 542, -1, -1, 154, 171, 173.0, 11, , 43, 0, 0, 0, , 0, 0, 0, 0, 0, 
501, 0, 543, -1, -1, 142, 87, 177.0, 11, , 107, 0, 0, 0, , 0, 0, 0, 0, 0, 
502, 0, 544, -1, -1, 154, 168, 178.0, 9, , 68, 0, 0, 0, , 0, 0, 0, 0, 0, 
503, 0, 545, -1, -1, 201, 171, 176.0, 9, , 35, 0, 0, 0, , 0, 0, 0, 0, 0, 
504, 0, 546, -1, -1, 71, 103, 173.0, 11, , 109, 0, 0, 0, , 0, 0, 0, 0, 0, 
505, 0, 547, -1, -1, 110, 133, 177.0, 9, , 56, 0, 0, 0, , 0, 0, 0, 0, 0, 
506, 0, 548, -1, -1, 211, 132, 176.0, 9, , 18, 0, 0, 0, , 0, 0, 0, 0, 0, 
507, 0, 549, -1, -1, 116, 118, 185.0, 13, , 972, 0, 0, 0, , 0, 0, 0, 0, 0, 
508, 0, 550, -1, -1, 173, 125, 192.0, 11, , 90, 0, 0, 0, , 0, 0, 0, 0, 0, 
509, 0, 551, -1, -1, 282, 107, 192.0, 9, , 17, 0, 0, 0, , 0, 0, 0, 0, 0, 
510, 0, 552, -1, -1, 125, 143, 191.0, 9, , 24, 0, 0, 0, , 0, 0, 0, 0, 0, 
511, 0, 553, -1, -1, 236, 70, 197.0, 9, , 48, 0, 0, 0, , 0, 0, 0, 0, 0, 
512, 0, 555, -1, -1, 249, 80, 207.0, 9, , 62, 0, 0, 0, , 0, 0, 0, 0, 0, 
513, 0, 556, -1, -1, 109, 46, 155.0, 13, , 160, 0, 0, 0, , 0, 0, 0, 0, 0, 
514, 0, 557, -1, -1, 124, 100, 192.0, 9, , 48, 0, 0, 0, , 0, 0, 0, 0, 0, 
515, 0, 559, -1, -1, 157, 121, 210.0, 13, , 218, 0, 0, 0, , 0, 0, 0, 0, 0, 
516, 0, 560, -1, -1, 194, 155, 179.0, 9, , 78, 0, 0, 0, , 0, 0, 0, 0, 0, 
517, 0, 561, -1, -1, 118, 70, 79.0, 7, , 28, 0, 0, 0, , 0, 0, 0, 0, 0, 
518, 0, 562, -1, -1, 294, 171, 125.0, 9, , 25, 0, 0, 0, , 0, 0, 0, 0, 0, 
519, 0, 563, -1, -1, 176, 129, 188.0, 9, , 64, 0, 0, 0, , 0, 0, 0, 0, 0, 
520, 0, 564, -1, -1, 220, 134, 193.0, 11, , 10, 0, 0, 0, , 0, 0, 0, 0, 0, 
521, 0, 565, -1, -1, 245, 108, 201.0, 9, , 47, 0, 0, 0, , 0, 0, 0, 0, 0, 
522, 0, 566, -1, -1, 284, 128, 194.0, 7, , 62, 0, 0, 0, , 0, 0, 0, 0, 0, 
523, 0, 567, -1, -1, 200, 99, 201.0, 11, , 28, 0, 0, 0, , 0, 0, 0, 0, 0, 
524, 0, 568, -1, -1, 86, 141, 68.0, 9, , 37, 0, 0, 0, , 0, 0, 0, 0, 0, 
525, 0, 569, -1, -1, 102, 133, 75.0, 11, , 65, 0, 0, 0, , 0, 0, 0, 0, 0, 
526, 0, 570, -1, -1, 128, 90, 79.0, 9, , 12, 0, 0, 0, , 0, 0, 0, 0, 0, 
527, 0, 571, -1, -1, 120, 70, 84.0, 9, , 25, 0, 0, 0, , 0, 0, 0, 0, 0, 
528, 0, 573, -1, -1, 81, 127, 110.0, 11, , 105, 0, 0, 0, , 0, 0, 0, 0, 0, 
529, 0, 574, -1, -1, 295, 159, 112.0, 11, , 44, 0, 0, 0, , 0, 0, 0, 0, 0, 
530, 0, 575, -1, -1, 167, 85, 117.0, 11, , 54, 0, 0, 0, , 0, 0, 0, 0, 0, 
531, 0, 576, -1, -1, 166, 43, 118.0, 11, , 39, 0, 0, 0, , 0, 0, 0, 0, 0, 
532, 0, 577, -1, -1, 169, 83, 120.0, 13, , 125, 0, 0, 0, , 0, 0, 0, 0, 0, 
533, 0, 578, -1, -1, 133, 115, 120.0, 7, , 11, 0, 0, 0, , 0, 0, 0, 0, 0, 
534, 0, 580, -1, -1, 275, 169, 129.0, 9, , 32, 0, 0, 0, , 0, 0, 0, 0, 0, 
535, 0, 581, -1, -1, 138, 176, 126.0, 9, , 78, 0, 0, 0, , 0, 0, 0, 0, 0, 
536, 0, 582, -1, -1, 155, 30, 127.0, 9, , 28, 0, 0, 0, , 0, 0, 0, 0, 0, 
537, 0, 584, -1, -1, 295, 166, 126.0, 7, , 24, 0, 0, 0, , 0, 0, 0, 0, 0, 
538, 0, 585, -1, -1, 235, 172, 128.0, 9, , 44, 0, 0, 0, , 0, 0, 0, 0, 0, 
539, 0, 586, -1, -1, 158, 182, 127.0, 11, , 55, 0, 0, 0, , 0, 0, 0, 0, 0, 
540, 0, 587, -1, -1, 154, 58, 135.0, 7, , 10, 0, 0, 0, , 0, 0, 0, 0, 0, 
541, 0, 588, -1, -1, 214, 127, 142.0, 9, , 20, 0, 0, 0, , 0, 0, 0, 0, 0, 
542, 0, 589, -1, -1, 162, 166, 144.0, 7, , 21, 0, 0, 0, , 0, 0, 0, 0, 0, 
543, 0, 590, -1, -1, 137, 165, 144.0, 9, , 34, 0, 0, 0, , 0, 0, 0, 0, 0, 
544, 0, 592, -1, -1, 78, 92, 145.0, 9, , 76, 0, 0, 0, , 0, 0, 0, 0, 0, 
545, 0, 593, -1, -1, 138, 35, 152.0, 9, , 104, 0, 0, 0, , 0, 0, 0, 0, 0, 
546, 0, 594, -1, -1, 281, 54, 147.0, 9, , 43, 0, 0, 0, , 0, 0, 0, 0, 0, 
547, 0, 595, -1, -1, 99, 160, 150.0, 9, , 31, 0, 0, 0, , 0, 0, 0, 0, 0, 
548, 0, 596, -1, -1, 90, 57, 151.0, 11, , 47, 0, 0, 0, , 0, 0, 0, 0, 0, 
549, 0, 597, -1, -1, 98, 121, 151.0, 11, , 33, 0, 0, 0, , 0, 0, 0, 0, 0, 
550, 0, 598, -1, -1, 100, 120, 148.0, 11, , 102, 0, 0, 0, , 0, 0, 0, 0, 0, 
551, 0, 599, -1, -1, 58, 97, 152.0, 9, , 18, 0, 0, 0, , 0, 0, 0, 0, 0, 
552, 0, 600, -1, -1, 132, 168, 155.0, 15, , 64, 0, 0, 0, , 0, 0, 0, 0, 0, 
553, 0, 601, -1, -1, 274, 163, 155.0, 11, , 24, 0, 0, 0, , 0, 0, 0, 0, 0, 
554, 0, 602, -1, -1, 136, 169, 160.0, 11, , 49, 0, 0, 0, , 0, 0, 0, 0, 0, 
555, 0, 603, -1, -1, 217, 176, 159.0, 9, , 35, 0, 0, 0, , 0, 0, 0, 0, 0, 
556, 0, 604, -1, -1, 317, 69, 164.0, 9, , 38, 0, 0, 0, , 0, 0, 0, 0, 0, 
557, 0, 605, -1, -1, 98, 97, 162.0, 7, , 23, 0, 0, 0, , 0, 0, 0, 0, 0, 
558, 0, 606, -1, -1, 61, 123, 165.0, 11, , 74, 0, 0, 0, , 0, 0, 0, 0, 0, 
559, 0, 607, -1, -1, 77, 154, 166.0, 11, , 87, 0, 0, 0, , 0, 0, 0, 0, 0, 
560, 0, 609, -1, -1, 154, 171, 167.0, 9, , 48, 0, 0, 0, , 0, 0, 0, 0, 0, 
561, 0, 610, -1, -1, 263, 140, 168.0, 9, , 38, 0, 0, 0, , 0, 0, 0, 0, 0, 
562, 0, 611, -1, -1, 75, 152, 171.0, 9, , 65, 0, 0, 0, , 0, 0, 0, 0, 0, 
563, 0, 612, -1, -1, 197, 156, 171.0, 7, , 20, 0, 0, 0, , 0, 0, 0, 0, 0, 
564, 0, 613, -1, -1, 215, 50, 174.0, 9, , 44, 0, 0, 0, , 0, 0, 0, 0, 0, 
565, 0, 614, -1, -1, 308, 87, 183.0, 11, , 122, 0, 0, 0, , 0, 0, 0, 0, 0, 
566, 0, 615, -1, -1, 97, 152, 185.0, 11, , 63, 0, 0, 0, , 0, 0, 0, 0, 0, 
567, 0, 616, -1, -1, 176, 57, 188.0, 9, , 48, 0, 0, 0, , 0, 0, 0, 0, 0, 
568, 0, 617, -1, -1, 184, 73, 190.0, 7, , 59, 0, 0, 0, , 0, 0, 0, 0, 0, 
569, 0, 618, -1, -1, 207, 152, 193.0, 11, , 65, 0, 0, 0, , 0, 0, 0, 0, 0, 
570, 0, 619, -1, -1, 99, 125, 195.0, 9, , 133, 0, 0, 0, , 0, 0, 0, 0, 0, 
571, 0, 620, -1, -1, 135, 101, 196.0, 9, , 29, 0, 0, 0, , 0, 0, 0, 0, 0, 
572, 0, 621, -1, -1, 94, 86, 197.0, 9, , 30, 0, 0, 0, , 0, 0, 0, 0, 0, 
573, 0, 622, -1, -1, 138, 75, 199.0, 13, , 152, 0, 0, 0, , 0, 0, 0, 0, 0, 
574, 0, 623, -1, -1, 170, 79, 204.0, 9, , 52, 0, 0, 0, , 0, 0, 0, 0, 0, 
575, 0, 624, -1, -1, 138, 76, 206.0, 9, , 54, 0, 0, 0, , 0, 0, 0, 0, 0, 
576, 0, 625, -1, -1, 214, 118, 208.0, 13, , 153, 0, 0, 0, , 0, 0, 0, 0, 0, 
577, 0, 626, -1, -1, 48, 106, 117.0, 11, , 73, 0, 0, 0, , 0, 0, 0, 0, 0, 
578, 0, 627, -1, -1, 212, 46, 143.0, 11, , 87, 0, 0, 0, , 0, 0, 0, 0, 0, 
579, 0, 628, -1, -1, 154, 31, 141.0, 9, , 48, 0, 0, 0, , 0, 0, 0, 0, 0, 
580, 0, 629, -1, -1, 281, 52, 150.0, 9, , 44, 0, 0, 0, , 0, 0, 0, 0, 0, 
581, 0, 630, -1, -1, 257, 50, 158.0, 11, , 93, 0, 0, 0, , 0, 0, 0, 0, 0, 
582, 0, 631, -1, -1, 93, 83, 178.0, 9, , 18, 0, 0, 0, , 0, 0, 0, 0, 0, 
583, 0, 632, -1, -1, 127, 117, 178.0, 9, , 64, 0, 0, 0, , 0, 0, 0, 0, 0, 
584, 0, 633, -1, -1, 303, 86, 178.0, 9, , 33, 0, 0, 0, , 0, 0, 0, 0, 0, 
585, 0, 634, -1, -1, 74, 93, 184.0, 9, , 29, 0, 0, 0, , 0, 0, 0, 0, 0, 
586, 0, 636, -1, -1, 283, 128, 189.0, 9, , 93, 0, 0, 0, , 0, 0, 0, 0, 0, 
587, 0, 637, -1, -1, 303, 98, 191.0, 9, , 5, 0, 0, 0, , 0, 0, 0, 0, 0, 
588, 0, 638, -1, -1, 296, 100, 193.0, 9, , 15, 0, 0, 0, , 0, 0, 0, 0, 0, 
589, 0, 639, -1, -1, 141, 127, 194.0, 9, , 60, 0, 0, 0, , 0, 0, 0, 0, 0, 
590, 0, 640, -1, -1, 192, 59, 202.0, 9, , 34, 0, 0, 0, , 0, 0, 0, 0, 0, 
591, 0, 641, -1, -1, 214, 135, 203.0, 9, , 44, 0, 0, 0, , 0, 0, 0, 0, 0, 
592, 0, 642, -1, -1, 99, 61, 177.0, 9, , 30, 0, 0, 0, , 0, 0, 0, 0, 0, 
593, 0, 643, -1, -1, 213, 116, 202.0, 9, , 47, 0, 0, 0, , 0, 0, 0, 0, 0, 
594, 0, 644, -1, -1, 88, 81, 70.0, 9, , 16, 0, 0, 0, , 0, 0, 0, 0, 0, 
595, 0, 645, -1, -1, 126, 179, 142.0, 9, , 31, 0, 0, 0, , 0, 0, 0, 0, 0, 
596, 0, 646, -1, -1, 75, 159, 146.0, 9, , 30, 0, 0, 0, , 0, 0, 0, 0, 0, 
597, 0, 647, -1, -1, 78, 67, 161.0, 9, , 34, 0, 0, 0, , 0, 0, 0, 0, 0, 
598, 0, 648, -1, -1, 75, 126, 176.0, 9, , 33, 0, 0, 0, , 0, 0, 0, 0, 0, 
599, 0, 649, -1, -1, 106, 163, 102.0, 9, , 19, 0, 0, 0, , 0, 0, 0, 0, 0, 
600, 0, 650, -1, -1, 149, 75, 163.0, 11, , 60, 0, 0, 0, , 0, 0, 0, 0, 0, 
601, 0, 651, -1, -1, 209, 144, 68.0, 11, , 65, 0, 0, 0, , 0, 0, 0, 0, 0, 
602, 0, 652, -1, -1, 173, 121, 69.0, 13, , 39, 0, 0, 0, , 0, 0, 0, 0, 0, 
603, 0, 653, -1, -1, 86, 145, 74.0, 9, , 15, 0, 0, 0, , 0, 0, 0, 0, 0, 
604, 0, 654, -1, -1, 227, 151, 75.0, 9, , 42, 0, 0, 0, , 0, 0, 0, 0, 0, 
605, 0, 655, -1, -1, 135, 139, 81.0, 11, , 66, 0, 0, 0, , 0, 0, 0, 0, 0, 
606, 0, 656, -1, -1, 88, 143, 77.0, 13, , 59, 0, 0, 0, , 0, 0, 0, 0, 0, 
607, 0, 657, -1, -1, 105, 77, 83.0, 9, , 22, 0, 0, 0, , 0, 0, 0, 0, 0, 
608, 0, 658, -1, -1, 84, 149, 89.0, 9, , 30, 0, 0, 0, , 0, 0, 0, 0, 0, 
609, 0, 659, -1, -1, 78, 146, 89.0, 11, , 39, 0, 0, 0, , 0, 0, 0, 0, 0, 
610, 0, 660, -1, -1, 161, 165, 90.0, 13, , 55, 0, 0, 0, , 0, 0, 0, 0, 0, 
611, 0, 661, -1, -1, 88, 72, 90.0, 11, , 14, 0, 0, 0, , 0, 0, 0, 0, 0, 
612, 0, 662, -1, -1, 106, 69, 91.0, 9, , 18, 0, 0, 0, , 0, 0, 0, 0, 0, 
613, 0, 663, -1, -1, 189, 38, 95.0, 9, , 24, 0, 0, 0, , 0, 0, 0, 0, 0, 
614, 0, 664, -1, -1, 84, 145, 97.0, 9, , 54, 0, 0, 0, , 0, 0, 0, 0, 0, 
615, 0, 665, -1, -1, 223, 169, 97.0, 13, , 48, 0, 0, 0, , 0, 0, 0, 0, 0, 
616, 0, 666, -1, -1, 64, 117, 105.0, 11, , 16, 0, 0, 0, , 0, 0, 0, 0, 0, 
617, 0, 667, -1, -1, 146, 167, 111.0, 15, , 65, 0, 0, 0, , 0, 0, 0, 0, 0, 
618, 0, 668, -1, -1, 180, 176, 111.0, 9, , 44, 0, 0, 0, , 0, 0, 0, 0, 0, 
619, 0, 669, -1, -1, 118, 162, 114.0, 9, , 42, 0, 0, 0, , 0, 0, 0, 0, 0, 
620, 0, 670, -1, -1, 180, 178, 114.0, 9, , 31, 0, 0, 0, , 0, 0, 0, 0, 0, 
621, 0, 671, -1, -1, 159, 181, 115.0, 9, , 90, 0, 0, 0, , 0, 0, 0, 0, 0, 
622, 0, 672, -1, -1, 159, 166, 119.0, 7, , 17, 0, 0, 0, , 0, 0, 0, 0, 0, 
623, 0, 673, -1, -1, 72, 155, 125.0, 9, , 44, 0, 0, 0, , 0, 0, 0, 0, 0, 
624, 0, 674, -1, -1, 60, 127, 126.0, 9, , 8, 0, 0, 0, , 0, 0, 0, 0, 0, 
625, 0, 675, -1, -1, 234, 177, 131.0, 11, , 112, 0, 0, 0, , 0, 0, 0, 0, 0, 
626, 0, 676, -1, -1, 108, 40, 125.0, 9, , 36, 0, 0, 0, , 0, 0, 0, 0, 0, 
627, 0, 677, -1, -1, 68, 110, 133.0, 9, , 19, 0, 0, 0, , 0, 0, 0, 0, 0, 
628, 0, 678, -1, -1, 310, 160, 132.0, 11, , 17, 0, 0, 0, , 0, 0, 0, 0, 0, 
629, 0, 679, -1, -1, 46, 109, 130.0, 7, , 23, 0, 0, 0, , 0, 0, 0, 0, 0, 
630, 0, 680, -1, -1, 57, 97, 134.0, 13, , 83, 0, 0, 0, , 0, 0, 0, 0, 0, 
631, 0, 681, -1, -1, 246, 170, 132.0, 9, , 34, 0, 0, 0, , 0, 0, 0, 0, 0, 
632, 0, 682, -1, -1, 116, 76, 135.0, 9, , 28, 0, 0, 0, , 0, 0, 0, 0, 0, 
633, 0, 683, -1, -1, 122, 39, 130.0, 9, , 42, 0, 0, 0, , 0, 0, 0, 0, 0, 
634, 0, 684, -1, -1, 71, 66, 135.0, 11, , 30, 0, 0, 0, , 0, 0, 0, 0, 0, 
635, 0, 685, -1, -1, 133, 36, 135.0, 7, , 19, 0, 0, 0, , 0, 0, 0, 0, 0, 
636, 0, 686, -1, -1, 55, 141, 141.0, 9, , 31, 0, 0, 0, , 0, 0, 0, 0, 0, 
637, 0, 687, -1, -1, 128, 162, 138.0, 9, , 40, 0, 0, 0, , 0, 0, 0, 0, 0, 
638, 0, 688, -1, -1, 128, 162, 141.0, 9, , 38, 0, 0, 0, , 0, 0, 0, 0, 0, 
639, 0, 689, -1, -1, 118, 56, 146.0, 9, , 69, 0, 0, 0, , 0, 0, 0, 0, 0, 
640, 0, 690, -1, -1, 121, 133, 142.0, 9, , 50, 0, 0, 0, , 0, 0, 0, 0, 0, 
641, 0, 691, -1, -1, 247, 44, 147.0, 9, , 21, 0, 0, 0, , 0, 0, 0, 0, 0, 
642, 0, 692, -1, -1, 154, 135, 148.0, 11, , 26, 0, 0, 0, , 0, 0, 0, 0, 0, 
643, 0, 693, -1, -1, 66, 78, 147.0, 9, , 19, 0, 0, 0, , 0, 0, 0, 0, 0, 
644, 0, 694, -1, -1, 158, 94, 149.0, 11, , 112, 0, 0, 0, , 0, 0, 0, 0, 0, 
645, 0, 695, -1, -1, 309, 125, 151.0, 9, , 51, 0, 0, 0, , 0, 0, 0, 0, 0, 
646, 0, 696, -1, -1, 70, 79, 151.0, 9, , 49, 0, 0, 0, , 0, 0, 0, 0, 0, 
647, 0, 697, -1, -1, 259, 170, 154.0, 9, , 26, 0, 0, 0, , 0, 0, 0, 0, 0, 
648, 0, 699, -1, -1, 87, 109, 154.0, 9, , 28, 0, 0, 0, , 0, 0, 0, 0, 0, 
649, 0, 700, -1, -1, 92, 53, 157.0, 9, , 34, 0, 0, 0, , 0, 0, 0, 0, 0, 
650, 0, 701, -1, -1, 220, 45, 157.0, 7, , 55, 0, 0, 0, , 0, 0, 0, 0, 0, 
651, 0, 702, -1, -1, 310, 122, 156.0, 9, , 46, 0, 0, 0, , 0, 0, 0, 0, 0, 
652, 0, 703, -1, -1, 98, 103, 157.0, 11, , 62, 0, 0, 0, , 0, 0, 0, 0, 0, 
653, 0, 704, -1, -1, 216, 46, 160.0, 9, , 76, 0, 0, 0, , 0, 0, 0, 0, 0, 
654, 0, 705, -1, -1, 147, 83, 163.0, 7, , 23, 0, 0, 0, , 0, 0, 0, 0, 0, 
655, 0, 706, -1, -1, 298, 155, 161.0, 9, , 33, 0, 0, 0, , 0, 0, 0, 0, 0, 
656, 0, 707, -1, -1, 147, 82, 165.0, 9, , 61, 0, 0, 0, , 0, 0, 0, 0, 0, 
657, 0, 708, -1, -1, 199, 142, 171.0, 9, , 44, 0, 0, 0, , 0, 0, 0, 0, 0, 
658, 0, 709, -1, -1, 118, 88, 168.0, 9, , 49, 0, 0, 0, , 0, 0, 0, 0, 0, 
659, 0, 710, -1, -1, 147, 35, 170.0, 9, , 59, 0, 0, 0, , 0, 0, 0, 0, 0, 
660, 0, 711, -1, -1, 164, 47, 168.0, 9, , 10, 0, 0, 0, , 0, 0, 0, 0, 0, 
661, 0, 712, -1, -1, 182, 172, 169.0, 9, , 8, 0, 0, 0, , 0, 0, 0, 0, 0, 
662, 0, 713, -1, -1, 74, 123, 168.0, 13, , 102, 0, 0, 0, , 0, 0, 0, 0, 0, 
663, 0, 714, -1, -1, 233, 138, 169.0, 9, , 39, 0, 0, 0, , 0, 0, 0, 0, 0, 
664, 0, 715, -1, -1, 100, 68, 173.0, 9, , 32, 0, 0, 0, , 0, 0, 0, 0, 0, 
665, 0, 716, -1, -1, 96, 116, 173.0, 9, , 21, 0, 0, 0, , 0, 0, 0, 0, 0, 
666, 0, 717, -1, -1, 256, 137, 175.0, 9, , 34, 0, 0, 0, , 0, 0, 0, 0, 0, 
667, 0, 718, -1, -1, 191, 42, 173.0, 9, , 31, 0, 0, 0, , 0, 0, 0, 0, 0, 
668, 0, 719, -1, -1, 222, 167, 173.0, 11, , 37, 0, 0, 0, , 0, 0, 0, 0, 0, 
669, 0, 720, -1, -1, 94, 85, 180.0, 11, , 42, 0, 0, 0, , 0, 0, 0, 0, 0, 
670, 0, 722, -1, -1, 141, 146, 178.0, 11, , 77, 0, 0, 0, , 0, 0, 0, 0, 0, 
671, 0, 723, -1, -1, 176, 129, 179.0, 9, , 26, 0, 0, 0, , 0, 0, 0, 0, 0, 
672, 0, 724, -1, -1, 252, 65, 180.0, 11, , 71, 0, 0, 0, , 0, 0, 0, 0, 0, 
673, 0, 725, -1, -1, 255, 121, 182.0, 11, , 76, 0, 0, 0, , 0, 0, 0, 0, 0, 
674, 0, 726, -1, -1, 119, 55, 181.0, 9, , 22, 0, 0, 0, , 0, 0, 0, 0, 0, 
675, 0, 727, -1, -1, 141, 86, 186.0, 9, , 40, 0, 0, 0, , 0, 0, 0, 0, 0, 
676, 0, 728, -1, -1, 280, 85, 185.0, 9, , 49, 0, 0, 0, , 0, 0, 0, 0, 0, 
677, 0, 729, -1, -1, 228, 53, 187.0, 7, , 9, 0, 0, 0, , 0, 0, 0, 0, 0, 
678, 0, 730, -1, -1, 230, 152, 188.0, 9, , 37, 0, 0, 0, , 0, 0, 0, 0, 0, 
679, 0, 731, -1, -1, 200, 137, 190.0, 11, , 31, 0, 0, 0, , 0, 0, 0, 0, 0, 
680, 0, 732, -1, -1, 260, 77, 187.0, 9, , 15, 0, 0, 0, , 0, 0, 0, 0, 0, 
681, 0, 733, -1, -1, 196, 131, 191.0, 11, , 47, 0, 0, 0, , 0, 0, 0, 0, 0, 
682, 0, 734, -1, -1, 230, 154, 193.0, 9, , 37, 0, 0, 0, , 0, 0, 0, 0, 0, 
683, 0, 735, -1, -1, 253, 66, 192.0, 9, , 48, 0, 0, 0, , 0, 0, 0, 0, 0, 
684, 0, 736, -1, -1, 260, 100, 194.0, 9, , 33, 0, 0, 0, , 0, 0, 0, 0, 0, 
685, 0, 737, -1, -1, 157, 139, 198.0, 9, , 62, 0, 0, 0, , 0, 0, 0, 0, 0, 
686, 0, 738, -1, -1, 176, 83, 198.0, 9, , 40, 0, 0, 0, , 0, 0, 0, 0, 0, 
687, 0, 739, -1, -1, 217, 76, 199.0, 11, , 40, 0, 0, 0, , 0, 0, 0, 0, 0, 
688, 0, 740, -1, -1, 166, 62, 201.0, 9, , 115, 0, 0, 0, , 0, 0, 0, 0, 0, 
689, 0, 741, -1, -1, 170, 128, 204.0, 9, , 42, 0, 0, 0, , 0, 0, 0, 0, 0, 
690, 0, 742, -1, -1, 113, 97, 207.0, 9, , 9, 0, 0, 0, , 0, 0, 0, 0, 0, 
691, 0, 743, -1, -1, 122, 161, 100.0, 9, , 48, 0, 0, 0, , 0, 0, 0, 0, 0, 
692, 0, 744, -1, -1, 138, 31, 111.0, 9, , 47, 0, 0, 0, , 0, 0, 0, 0, 0, 
693, 0, 745, -1, -1, 168, 85, 123.0, 9, , 63, 0, 0, 0, , 0, 0, 0, 0, 0, 
694, 0, 746, -1, -1, 162, 163, 124.0, 9, , 37, 0, 0, 0, , 0, 0, 0, 0, 0, 
695, 0, 747, -1, -1, 124, 179, 137.0, 9, , 39, 0, 0, 0, , 0, 0, 0, 0, 0, 
696, 0, 748, -1, -1, 129, 124, 182.0, 9, , 61, 0, 0, 0, , 0, 0, 0, 0, 0, 
697, 0, 749, -1, -1, 91, 91, 194.0, 9, , 25, 0, 0, 0, , 0, 0, 0, 0, 0, 
698, 0, 750, -1, -1, 157, 142, 192.0, 11, , 29, 0, 0, 0, , 0, 0, 0, 0, 0, 
699, 0, 751, -1, -1, 230, 110, 203.0, 11, , 271, 0, 0, 0, , 0, 0, 0, 0, 0, 
700, 0, 753, -1, -1, 113, 93, 208.0, 7, , 16, 0, 0, 0, , 0, 0, 0, 0, 0, 
701, 0, 754, -1, -1, 100, 172, 111.0, 13, , 72, 0, 0, 0, , 0, 0, 0, 0, 0, 
702, 0, 755, -1, -1, 91, 54, 161.0, 9, , 42, 0, 0, 0, , 0, 0, 0, 0, 0, 
703, 0, 756, -1, -1, 326, 139, 144.0, 9, , 39, 0, 0, 0, , 0, 0, 0, 0, 0, 
704, 0, 757, -1, -1, 54, 122, 163.0, 9, , 34, 0, 0, 0, , 0, 0, 0, 0, 0, 
705, 0, 758, -1, -1, 283, 115, 141.0, 9, , 123, 0, 0, 0, , 0, 0, 0, 0, 0, 
706, 0, 759, -1, -1, 136, 65, 93.0, 9, , 20, 0, 0, 0, , 0, 0, 0, 0, 0, 
707, 0, 760, -1, -1, 159, 165, 93.0, 9, , 40, 0, 0, 0, , 0, 0, 0, 0, 0, 
708, 0, 761, -1, -1, 90, 69, 96.0, 9, , 16, 0, 0, 0, , 0, 0, 0, 0, 0, 
709, 0, 762, -1, -1, 112, 142, 99.0, 9, , 31, 0, 0, 0, , 0, 0, 0, 0, 0, 
710, 0, 763, -1, -1, 134, 53, 98.0, 9, , 13, 0, 0, 0, , 0, 0, 0, 0, 0, 
711, 0, 764, -1, -1, 78, 131, 102.0, 9, , 47, 0, 0, 0, , 0, 0, 0, 0, 0, 
712, 0, 765, -1, -1, 111, 145, 104.0, 9, , 22, 0, 0, 0, , 0, 0, 0, 0, 0, 
713, 0, 766, -1, -1, 79, 156, 105.0, 9, , 4, 0, 0, 0, , 0, 0, 0, 0, 0, 
714, 0, 767, -1, -1, 275, 106, 109.0, 9, , 31, 0, 0, 0, , 0, 0, 0, 0, 0, 
715, 0, 768, -1, -1, 276, 99, 112.0, 9, , 31, 0, 0, 0, , 0, 0, 0, 0, 0, 
716, 0, 769, -1, -1, 125, 161, 120.0, 11, , 48, 0, 0, 0, , 0, 0, 0, 0, 0, 
717, 0, 770, -1, -1, 211, 182, 125.0, 11, , 93, 0, 0, 0, , 0, 0, 0, 0, 0, 
718, 0, 771, -1, -1, 229, 174, 130.0, 11, , 84, 0, 0, 0, , 0, 0, 0, 0, 0, 
719, 0, 772, -1, -1, 285, 120, 134.0, 9, , 108, 0, 0, 0, , 0, 0, 0, 0, 0, 
720, 0, 773, -1, -1, 51, 97, 135.0, 9, , 32, 0, 0, 0, , 0, 0, 0, 0, 0, 
721, 0, 774, -1, -1, 62, 140, 136.0, 9, , 25, 0, 0, 0, , 0, 0, 0, 0, 0, 
722, 0, 775, -1, -1, 270, 146, 135.0, 11, , 39, 0, 0, 0, , 0, 0, 0, 0, 0, 
723, 0, 776, -1, -1, 153, 64, 139.0, 9, , 62, 0, 0, 0, , 0, 0, 0, 0, 0, 
724, 0, 777, -1, -1, 305, 154, 139.0, 9, , 65, 0, 0, 0, , 0, 0, 0, 0, 0, 
725, 0, 778, -1, -1, 68, 82, 141.0, 11, , 60, 0, 0, 0, , 0, 0, 0, 0, 0, 
726, 0, 779, -1, -1, 55, 125, 143.0, 7, , 45, 0, 0, 0, , 0, 0, 0, 0, 0, 
727, 0, 780, -1, -1, 145, 33, 145.0, 9, , 43, 0, 0, 0, , 0, 0, 0, 0, 0, 
728, 0, 781, -1, -1, 177, 164, 147.0, 11, , 22, 0, 0, 0, , 0, 0, 0, 0, 0, 
729, 0, 782, -1, -1, 80, 160, 150.0, 9, , 46, 0, 0, 0, , 0, 0, 0, 0, 0, 
730, 0, 783, -1, -1, 300, 154, 149.0, 13, , 80, 0, 0, 0, , 0, 0, 0, 0, 0, 
731, 0, 784, -1, -1, 176, 34, 155.0, 9, , 10, 0, 0, 0, , 0, 0, 0, 0, 0, 
732, 0, 785, -1, -1, 115, 137, 157.0, 9, , 39, 0, 0, 0, , 0, 0, 0, 0, 0, 
733, 0, 786, -1, -1, 250, 173, 154.0, 9, , 4, 0, 0, 0, , 0, 0, 0, 0, 0, 
734, 0, 787, -1, -1, 149, 178, 155.0, 9, , 31, 0, 0, 0, , 0, 0, 0, 0, 0, 
735, 0, 788, -1, -1, 293, 137, 158.0, 13, , 155, 0, 0, 0, , 0, 0, 0, 0, 0, 
736, 0, 789, -1, -1, 308, 68, 157.0, 9, , 62, 0, 0, 0, , 0, 0, 0, 0, 0, 
737, 0, 790, -1, -1, 120, 65, 157.0, 9, , 31, 0, 0, 0, , 0, 0, 0, 0, 0, 
738, 0, 791, -1, -1, 74, 152, 159.0, 13, , 79, 0, 0, 0, , 0, 0, 0, 0, 0, 
739, 0, 792, -1, -1, 110, 162, 161.0, 13, , 82, 0, 0, 0, , 0, 0, 0, 0, 0, 
740, 0, 793, -1, -1, 154, 48, 165.0, 7, , 25, 0, 0, 0, , 0, 0, 0, 0, 0, 
741, 0, 794, -1, -1, 76, 123, 169.0, 9, , 61, 0, 0, 0, , 0, 0, 0, 0, 0, 
742, 0, 795, -1, -1, 75, 124, 173.0, 11, , 48, 0, 0, 0, , 0, 0, 0, 0, 0, 
743, 0, 796, -1, -1, 110, 133, 174.0, 11, , 52, 0, 0, 0, , 0, 0, 0, 0, 0, 
744, 0, 797, -1, -1, 294, 125, 172.0, 9, , 48, 0, 0, 0, , 0, 0, 0, 0, 0, 
745, 0, 798, -1, -1, 144, 143, 175.0, 11, , 87, 0, 0, 0, , 0, 0, 0, 0, 0, 
746, 0, 799, -1, -1, 129, 122, 176.0, 9, , 65, 0, 0, 0, , 0, 0, 0, 0, 0, 
747, 0, 800, -1, -1, 277, 128, 179.0, 9, , 39, 0, 0, 0, , 0, 0, 0, 0, 0, 
748, 0, 801, -1, -1, 131, 124, 180.0, 11, , 91, 0, 0, 0, , 0, 0, 0, 0, 0, 
749, 0, 802, -1, -1, 299, 110, 181.0, 9, , 29, 0, 0, 0, , 0, 0, 0, 0, 0, 
750, 0, 803, -1, -1, 142, 147, 186.0, 13, , 37, 0, 0, 0, , 0, 0, 0, 0, 0, 
751, 0, 804, -1, -1, 96, 86, 193.0, 9, , 194, 0, 0, 0, , 0, 0, 0, 0, 0, 
752, 0, 805, -1, -1, 122, 131, 200.0, 9, , 127, 0, 0, 0, , 0, 0, 0, 0, 0, 
753, 0, 806, -1, -1, 201, 76, 202.0, 7, , 37, 0, 0, 0, , 0, 0, 0, 0, 0, 
754, 0, 807, -1, -1, 192, 82, 205.0, 9, , 21, 0, 0, 0, , 0, 0, 0, 0, 0, 
755, 0, 808, -1, -1, 92, 99, 61.0, 13, , 243, 0, 0, 0, , 0, 0, 0, 0, 0, 
756, 0, 809, -1, -1, 206, 142, 76.0, 11, , 55, 0, 0, 0, , 0, 0, 0, 0, 0, 
757, 0, 810, -1, -1, 93, 55, 96.0, 9, , 25, 0, 0, 0, , 0, 0, 0, 0, 0, 
758, 0, 811, -1, -1, 312, 68, 168.0, 9, , 22, 0, 0, 0, , 0, 0, 0, 0, 0, 
759, 0, 812, -1, -1, 111, 133, 170.0, 9, , 55, 0, 0, 0, , 0, 0, 0, 0, 0, 
760, 0, 813, -1, -1, 234, 56, 180.0, 11, , 82, 0, 0, 0, , 0, 0, 0, 0, 0, 
761, 0, 814, -1, -1, 271, 127, 182.0, 9, , 21, 0, 0, 0, , 0, 0, 0, 0, 0, 
762, 0, 815, -1, -1, 117, 154, 186.0, 13, , 109, 0, 0, 0, , 0, 0, 0, 0, 0, 
763, 0, 816, -1, -1, 197, 119, 202.0, 11, , 82, 0, 0, 0, , 0, 0, 0, 0, 0, 
764, 0, -1, -1, -1, 298, 153, 97.0, 11, , 41, 0, 0, 0, , 0, 0, 0, 0, 0, 
765, 0, -1, -1, -1, 235, 139, 135.0, 9, , 100, 0, 0, 0, , 0, 0, 0, 0, 0, 
766, 0, -1, -1, -1, 152, 56, 143.0, 11, , 75, 0, 0, 0, , 0, 0, 0, 0, 0, 
767, 0, -1, -1, -1, 135, 50, 181.0, 13, , 286, 0, 0, 0, , 0, 0, 0, 0, 0, 
768, 0, -1, -1, -1, 278, 89, 194.0, 13, , 78, 0, 0, 0, , 0, 0, 0, 0, 0, 
769, 0, -1, -1, -1, 79, 88, 149.0, 9, , 63, 0, 0, 0, , 0, 0, 0, 0, 0, 
770, 0, -1, -1, -1, 160, 62, 145.0, 9, , 44, 0, 0, 0, , 0, 0, 0, 0, 0, 
771, 0, -1, -1, -1, 98, 117, 56.0, 9, , 47, 0, 0, 0, , 0, 0, 0, 0, 0, 
772, 0, -1, -1, -1, 95, 84, 70.0, 7, , 23, 0, 0, 0, , 0, 0, 0, 0, 0, 
773, 0, -1, -1, -1, 132, 140, 79.0, 9, , 29, 0, 0, 0, , 0, 0, 0, 0, 0, 
774, 0, -1, -1, -1, 105, 158, 86.0, 9, , 60, 0, 0, 0, , 0, 0, 0, 0, 0, 
775, 0, -1, -1, -1, 161, 166, 87.0, 11, , 56, 0, 0, 0, , 0, 0, 0, 0, 0, 
776, 0, -1, -1, -1, 225, 171, 99.0, 9, , 32, 0, 0, 0, , 0, 0, 0, 0, 0, 
777, 0, -1, -1, -1, 188, 37, 102.0, 11, , 74, 0, 0, 0, , 0, 0, 0, 0, 0, 
778, 0, -1, -1, -1, 299, 164, 109.0, 7, , 25, 0, 0, 0, , 0, 0, 0, 0, 0, 
779, 0, -1, -1, -1, 95, 171, 111.0, 9, , 67, 0, 0, 0, , 0, 0, 0, 0, 0, 
780, 0, -1, -1, -1, 123, 166, 117.0, 9, , 66, 0, 0, 0, , 0, 0, 0, 0, 0, 
781, 0, -1, -1, -1, 49, 104, 119.0, 9, , 47, 0, 0, 0, , 0, 0, 0, 0, 0, 
782, 0, -1, -1, -1, 81, 144, 121.0, 11, , 44, 0, 0, 0, , 0, 0, 0, 0, 0, 
783, 0, -1, -1, -1, 185, 177, 124.0, 9, , 26, 0, 0, 0, , 0, 0, 0, 0, 0, 
784, 0, -1, -1, -1, 104, 137, 126.0, 9, , 46, 0, 0, 0, , 0, 0, 0, 0, 0, 
785, 0, -1, -1, -1, 161, 163, 126.0, 9, , 39, 0, 0, 0, , 0, 0, 0, 0, 0, 
786, 0, -1, -1, -1, 67, 153, 127.0, 11, , 25, 0, 0, 0, , 0, 0, 0, 0, 0, 
787, 0, -1, -1, -1, 295, 170, 129.0, 9, , 78, 0, 0, 0, , 0, 0, 0, 0, 0, 
788, 0, -1, -1, -1, 115, 77, 131.0, 9, , 26, 0, 0, 0, , 0, 0, 0, 0, 0, 
789, 0, -1, -1, -1, 56, 97, 132.0, 11, , 98, 0, 0, 0, , 0, 0, 0, 0, 0, 
790, 0, -1, -1, -1, 102, 136, 132.0, 9, , 34, 0, 0, 0, , 0, 0, 0, 0, 0, 
791, 0, -1, -1, -1, 292, 163, 134.0, 9, , 13, 0, 0, 0, , 0, 0, 0, 0, 0, 
792, 0, -1, -1, -1, 205, 41, 136.0, 9, , 64, 0, 0, 0, , 0, 0, 0, 0, 0, 
793, 0, -1, -1, -1, 49, 110, 137.0, 11, , 81, 0, 0, 0, , 0, 0, 0, 0, 0, 
794, 0, -1, -1, -1, 294, 167, 137.0, 11, , 78, 0, 0, 0, , 0, 0, 0, 0, 0, 
795, 0, -1, -1, -1, 118, 177, 138.0, 9, , 59, 0, 0, 0, , 0, 0, 0, 0, 0, 
796, 0, -1, -1, -1, 263, 151, 140.0, 9, , 14, 0, 0, 0, , 0, 0, 0, 0, 0, 
797, 0, -1, -1, -1, 271, 147, 140.0, 9, , 65, 0, 0, 0, , 0, 0, 0, 0, 0, 
798, 0, -1, -1, -1, 141, 36, 141.0, 9, , 113, 0, 0, 0, , 0, 0, 0, 0, 0, 
799, 0, -1, -1, -1, 90, 57, 142.0, 9, , 20, 0, 0, 0, , 0, 0, 0, 0, 0, 
800, 0, -1, -1, -1, 139, 166, 142.0, 9, , 49, 0, 0, 0, , 0, 0, 0, 0, 0, 
801, 0, -1, -1, -1, 82, 128, 143.0, 9, , 143, 0, 0, 0, , 0, 0, 0, 0, 0, 
802, 0, -1, -1, -1, 121, 173, 143.0, 9, , 40, 0, 0, 0, , 0, 0, 0, 0, 0, 
803, 0, -1, -1, -1, 240, 173, 144.0, 9, , 22, 0, 0, 0, , 0, 0, 0, 0, 0, 
804, 0, -1, -1, -1, 81, 160, 146.0, 11, , 67, 0, 0, 0, , 0, 0, 0, 0, 0, 
805, 0, -1, -1, -1, 115, 133, 146.0, 11, , 44, 0, 0, 0, , 0, 0, 0, 0, 0, 
806, 0, -1, -1, -1, 126, 177, 146.0, 9, , 15, 0, 0, 0, , 0, 0, 0, 0, 0, 
807, 0, -1, -1, -1, 263, 149, 147.0, 9, , 32, 0, 0, 0, , 0, 0, 0, 0, 0, 
808, 0, -1, -1, -1, 53, 122, 148.0, 11, , 78, 0, 0, 0, , 0, 0, 0, 0, 0, 
809, 0, -1, -1, -1, 233, 170, 148.0, 9, , 7, 0, 0, 0, , 0, 0, 0, 0, 0, 
810, 0, -1, -1, -1, 116, 131, 149.0, 13, , 20, 0, 0, 0, , 0, 0, 0, 0, 0, 
811, 0, -1, -1, -1, 147, 179, 151.0, 9, , 43, 0, 0, 0, , 0, 0, 0, 0, 0, 
812, 0, -1, -1, -1, 235, 171, 151.0, 11, , 84, 0, 0, 0, , 0, 0, 0, 0, 0, 
813, 0, -1, -1, -1, 139, 106, 152.0, 9, , 41, 0, 0, 0, , 0, 0, 0, 0, 0, 
814, 0, -1, -1, -1, 295, 156, 153.0, 9, , 54, 0, 0, 0, , 0, 0, 0, 0, 0, 
815, 0, -1, -1, -1, 137, 108, 156.0, 11, , 56, 0, 0, 0, , 0, 0, 0, 0, 0, 
816, 0, -1, -1, -1, 274, 161, 157.0, 11, , 69, 0, 0, 0, , 0, 0, 0, 0, 0, 
817, 0, -1, -1, -1, 104, 69, 158.0, 11, , 99, 0, 0, 0, , 0, 0, 0, 0, 0, 
818, 0, -1, -1, -1, 132, 145, 158.0, 11, , 124, 0, 0, 0, , 0, 0, 0, 0, 0, 
819, 0, -1, -1, -1, 81, 73, 159.0, 9, , 17, 0, 0, 0, , 0, 0, 0, 0, 0, 
820, 0, -1, -1, -1, 162, 41, 159.0, 9, , 5, 0, 0, 0, , 0, 0, 0, 0, 0, 
821, 0, -1, -1, -1, 314, 65, 161.0, 9, , 24, 0, 0, 0, , 0, 0, 0, 0, 0, 
822, 0, -1, -1, -1, 148, 34, 162.0, 11, , 71, 0, 0, 0, , 0, 0, 0, 0, 0, 
823, 0, -1, -1, -1, 186, 169, 162.0, 9, , 10, 0, 0, 0, , 0, 0, 0, 0, 0, 
824, 0, -1, -1, -1, 238, 47, 162.0, 11, , 121, 0, 0, 0, , 0, 0, 0, 0, 0, 
825, 0, -1, -1, -1, 71, 100, 164.0, 9, , 53, 0, 0, 0, , 0, 0, 0, 0, 0, 
826, 0, -1, -1, -1, 83, 73, 164.0, 9, , 37, 0, 0, 0, , 0, 0, 0, 0, 0, 
827, 0, -1, -1, -1, 132, 52, 164.0, 11, , 72, 0, 0, 0, , 0, 0, 0, 0, 0, 
828, 0, -1, -1, -1, 134, 170, 166.0, 11, , 33, 0, 0, 0, , 0, 0, 0, 0, 0, 
829, 0, -1, -1, -1, 308, 69, 166.0, 9, , 47, 0, 0, 0, , 0, 0, 0, 0, 0, 
830, 0, -1, -1, -1, 209, 132, 167.0, 11, , 30, 0, 0, 0, , 0, 0, 0, 0, 0, 
831, 0, -1, -1, -1, 146, 78, 168.0, 9, , 41, 0, 0, 0, , 0, 0, 0, 0, 0, 
832, 0, -1, -1, -1, 150, 35, 168.0, 9, , 35, 0, 0, 0, , 0, 0, 0, 0, 0, 
833, 0, -1, -1, -1, 257, 135, 168.0, 7, , 20, 0, 0, 0, , 0, 0, 0, 0, 0, 
834, 0, -1, -1, -1, 199, 170, 171.0, 9, , 58, 0, 0, 0, , 0, 0, 0, 0, 0, 
835, 0, -1, -1, -1, 99, 153, 174.0, 9, , 39, 0, 0, 0, , 0, 0, 0, 0, 0, 
836, 0, -1, -1, -1, 120, 87, 175.0, 9, , 49, 0, 0, 0, , 0, 0, 0, 0, 0, 
837, 0, -1, -1, -1, 143, 88, 175.0, 9, , 63, 0, 0, 0, , 0, 0, 0, 0, 0, 
838, 0, -1, -1, -1, 285, 91, 175.0, 9, , 46, 0, 0, 0, , 0, 0, 0, 0, 0, 
839, 0, -1, -1, -1, 238, 106, 176.0, 11, , 21, 0, 0, 0, , 0, 0, 0, 0, 0, 
840, 0, -1, -1, -1, 216, 47, 177.0, 9, , 44, 0, 0, 0, , 0, 0, 0, 0, 0, 
841, 0, -1, -1, -1, 224, 79, 177.0, 9, , 10, 0, 0, 0, , 0, 0, 0, 0, 0, 
842, 0, -1, -1, -1, 120, 46, 178.0, 9, , 7, 0, 0, 0, , 0, 0, 0, 0, 0, 
843, 0, -1, -1, -1, 124, 142, 178.0, 9, , 23, 0, 0, 0, , 0, 0, 0, 0, 0, 
844, 0, -1, -1, -1, 210, 133, 178.0, 11, , 30, 0, 0, 0, , 0, 0, 0, 0, 0, 
845, 0, -1, -1, -1, 144, 85, 180.0, 13, , 124, 0, 0, 0, , 0, 0, 0, 0, 0, 
846, 0, -1, -1, -1, 206, 154, 180.0, 9, , 38, 0, 0, 0, , 0, 0, 0, 0, 0, 
847, 0, -1, -1, -1, 81, 76, 182.0, 9, , 52, 0, 0, 0, , 0, 0, 0, 0, 0, 
848, 0, -1, -1, -1, 294, 111, 183.0, 9, , 38, 0, 0, 0, , 0, 0, 0, 0, 0, 
849, 0, -1, -1, -1, 207, 155, 184.0, 11, , 67, 0, 0, 0, , 0, 0, 0, 0, 0, 
850, 0, -1, -1, -1, 104, 129, 186.0, 11, , 130, 0, 0, 0, , 0, 0, 0, 0, 0, 
851, 0, -1, -1, -1, 140, 79, 187.0, 9, , 22, 0, 0, 0, , 0, 0, 0, 0, 0, 
852, 0, -1, -1, -1, 251, 63, 188.0, 9, , 15, 0, 0, 0, , 0, 0, 0, 0, 0, 
853, 0, -1, -1, -1, 214, 53, 189.0, 9, , 10, 0, 0, 0, , 0, 0, 0, 0, 0, 
854, 0, -1, -1, -1, 254, 122, 190.0, 9, , 53, 0, 0, 0, , 0, 0, 0, 0, 0, 
855, 0, -1, -1, -1, 271, 115, 191.0, 9, , 49, 0, 0, 0, , 0, 0, 0, 0, 0, 
856, 0, -1, -1, -1, 280, 108, 191.0, 9, , 43, 0, 0, 0, , 0, 0, 0, 0, 0, 
857, 0, -1, -1, -1, 250, 136, 192.0, 9, , 30, 0, 0, 0, , 0, 0, 0, 0, 0, 
858, 0, -1, -1, -1, 106, 131, 193.0, 9, , 46, 0, 0, 0, , 0, 0, 0, 0, 0, 
859, 0, -1, -1, -1, 215, 138, 195.0, 9, , 25, 0, 0, 0, , 0, 0, 0, 0, 0, 
860, 0, -1, -1, -1, 241, 105, 195.0, 9, , 35, 0, 0, 0, , 0, 0, 0, 0, 0, 
861, 0, -1, -1, -1, 273, 118, 195.0, 7, , 24, 0, 0, 0, , 0, 0, 0, 0, 0, 
862, 0, -1, -1, -1, 247, 134, 196.0, 9, , 20, 0, 0, 0, , 0, 0, 0, 0, 0, 
863, 0, -1, -1, -1, 170, 101, 197.0, 9, , 73, 0, 0, 0, , 0, 0, 0, 0, 0, 
864, 0, -1, -1, -1, 254, 83, 198.0, 9, , 55, 0, 0, 0, , 0, 0, 0, 0, 0, 
865, 0, -1, -1, -1, 270, 114, 199.0, 9, , 50, 0, 0, 0, , 0, 0, 0, 0, 0, 
866, 0, -1, -1, -1, 157, 64, 203.0, 11, , 25, 0, 0, 0, , 0, 0, 0, 0, 0, 
867, 0, -1, -1, -1, 163, 64, 205.0, 13, , 203, 0, 0, 0, , 0, 0, 0, 0, 0, 
868, 0, -1, -1, -1, 220, 94, 210.0, 13, , 154, 0, 0, 0, , 0, 0, 0, 0, 0, 
869, 0, -1, -1, -1, 98, 116, 58.0, 9, , 41, 0, 0, 0, , 0, 0, 0, 0, 0, 
870, 0, -1, -1, -1, 67, 114, 109.0, 9, , 30, 0, 0, 0, , 0, 0, 0, 0, 0, 
871, 0, -1, -1, -1, 83, 143, 114.0, 9, , 40, 0, 0, 0, , 0, 0, 0, 0, 0, 
872, 0, -1, -1, -1, 160, 163, 128.0, 7, , 36, 0, 0, 0, , 0, 0, 0, 0, 0, 
873, 0, -1, -1, -1, 139, 166, 138.0, 11, , 41, 0, 0, 0, , 0, 0, 0, 0, 0, 
874, 0, -1, -1, -1, 73, 65, 142.0, 9, , 32, 0, 0, 0, , 0, 0, 0, 0, 0, 
875, 0, -1, -1, -1, 66, 95, 153.0, 9, , 28, 0, 0, 0, , 0, 0, 0, 0, 0, 
876, 0, -1, -1, -1, 143, 33, 155.0, 7, , 8, 0, 0, 0, , 0, 0, 0, 0, 0, 
877, 0, -1, -1, -1, 183, 44, 155.0, 7, , 20, 0, 0, 0, , 0, 0, 0, 0, 0, 
878, 0, -1, -1, -1, 308, 137, 166.0, 9, , 18, 0, 0, 0, , 0, 0, 0, 0, 0, 
879, 0, -1, -1, -1, 262, 140, 171.0, 11, , 44, 0, 0, 0, , 0, 0, 0, 0, 0, 
880, 0, -1, -1, -1, 81, 77, 186.0, 7, , 33, 0, 0, 0, , 0, 0, 0, 0, 0, 
881, 0, -1, -1, -1, 125, 130, 191.0, 9, , 24, 0, 0, 0, , 0, 0, 0, 0, 0, 
882, 0, -1, -1, -1, 153, 62, 134.0, 11, , 31, 0, 0, 0, , 0, 0, 0, 0, 0, 
883, 0, -1, -1, -1, 74, 64, 136.0, 9, , 16, 0, 0, 0, , 0, 0, 0, 0, 0, 
884, 0, -1, -1, -1, 220, 45, 155.0, 7, , 51, 0, 0, 0, , 0, 0, 0, 0, 0, 
885, 0, -1, -1, -1, 113, 160, 167.0, 9, , 45, 0, 0, 0, , 0, 0, 0, 0, 0, 
886, 0, -1, -1, -1, 92, 86, 171.0, 9, , 17, 0, 0, 0, , 0, 0, 0, 0, 0, 
887, 0, -1, -1, -1, 109, 51, 171.0, 9, , 91, 0, 0, 0, , 0, 0, 0, 0, 0, 
888, 0, -1, -1, -1, 196, 156, 174.0, 9, , 30, 0, 0, 0, , 0, 0, 0, 0, 0, 
889, 1, 817, 878, -1, 246, 81, 126.0, 14, Eprpa, 0, 0, 0, 0, , 0, 0, 0, 0, 0, 
890, 0, 818, -1, -1, 127, 37, 128.0, 17, , 0, 0, 0, 0, , 0, 0, 0, 0, 0, 
891, 1, 819, 880, -1, 135, 113, 207.0, 15, ABarappaaa, 0, 0, 0, 0, , 0, 0, 0, 0, 0, 
892, 1, 820, 881, -1, 151, 103, 213.0, 17, ABarappapa, 0, 0, 0, 0, , 0, 0, 0, 0, 0, 
893, 1, 821, 882, -1, 175, 105, 213.0, 15, ABarappapp, 0, 0, 0, 0, , 0, 0, 0, 0, 0, 
894, 1, 822, 883, -1, 157, 122, 208.0, 15, ABarappaap, 0, 0, 0, 0, , 0, 0, 0, 0, 0, 
895, 1, 823, 884, -1, 117, 97, 204.0, 12, ABarapppaa, 0, 0, 0, 0, , 0, 0, 0, 0, 0, 
896, 1, 824, 885, -1, 130, 100, 191.0, 16, ABarapppap, 0, 0, 0, 0, , 0, 0, 0, 0, 0, 
897, 1, 825, 886, -1, 131, 90, 201.0, 15, ABarappppa, 0, 0, 0, 0, , 0, 0, 0, 0, 0, 
898, 1, 826, 887, -1, 155, 86, 200.0, 17, ABarappppp, 0, 0, 0, 0, , 0, 0, 0, 0, 0, 
899, 1, 827, 888, -1, 103, 127, 191.0, 15, ABarapaaaa, 0, 0, 0, 0, , 0, 0, 0, 0, 0, 
900, 1, 828, 889, -1, 122, 127, 197.51613, 15, ABarapaaap, 0, 0, 0, 0, , 0, 0, 0, 0, 0, 
901, 1, 829, 890, -1, 116, 117, 186.0, 13, ABarapaapa, 0, 0, 0, 0, , 0, 0, 0, 0, 0, 
902, 1, 830, 891, -1, 131, 121, 180.0, 14, ABarapaapp, 0, 0, 0, 0, , 0, 0, 0, 0, 0, 
903, 1, 831, 892, -1, 140, 129, 198.0, 15, ABarapapaa, 0, 0, 0, 0, , 0, 0, 0, 0, 0, 
904, 1, 832, 893, -1, 157, 140, 199.0, 14, ABarapapap, 0, 0, 0, 0, , 0, 0, 0, 0, 0, 
905, 1, 833, 894, -1, 146, 121, 187.0, 14, ABarapappa, 0, 0, 0, 0, , 0, 0, 0, 0, 0, 
906, 1, 834, 895, -1, 173, 125, 188.0, 17, ABarapappp, 0, 0, 0, 0, , 0, 0, 0, 0, 0, 
907, 1, 835, 896, -1, 81, 129, 148.0, 14, ABaraapaaa, 0, 0, 0, 0, , 0, 0, 0, 0, 0, 
908, 1, 836, 897, -1, 101, 121, 155.0, 16, ABaraapaap, 0, 0, 0, 0, , 0, 0, 0, 0, 0, 
909, 1, 837, 898, -1, 117, 131, 144.0, 18, ABaraapapa, 0, 0, 0, 0, , 0, 0, 0, 0, 0, 
910, 1, 838, 899, -1, 129, 118, 127.0, 14, ABaraapapp, 0, 0, 0, 0, , 0, 0, 0, 0, 0, 
911, 1, 839, 900, -1, 101, 102, 160.0, 15, ABaraappaa, 0, 0, 0, 0, , 0, 0, 0, 0, 0, 
912, 1, 840, 901, -1, 116, 107, 150.0, 17, ABaraappap, 0, 0, 0, 0, , 0, 0, 0, 0, 0, 
913, 1, 841, 902, -1, 137, 105, 160.0, 17, ABaraapppa, 0, 0, 0, 0, , 0, 0, 0, 0, 0, 
914, 1, 842, 903, -1, 157, 93, 142.0, 14, ABaraapppp, 0, 0, 0, 0, , 0, 0, 0, 0, 0, 
915, 1, 843, 904, -1, 72, 125, 174.0, 15, ABaraaapaa, 0, 0, 0, 0, , 0, 0, 0, 0, 0, 
916, 1, 844, 905, -1, 90, 115, 178.0, 19, ABaraaapap, 0, 0, 0, 0, , 0, 0, 0, 0, 0, 
917, 1, 845, 906, -1, 86, 107, 192.0, 15, ABaraaappa, 0, 0, 0, 0, , 0, 0, 0, 0, 0, 
918, 1, 846, 907, -1, 106, 110, 198.0, 16, ABaraaappp, 0, 0, 0, 0, , 0, 0, 0, 0, 0, 
919, 1, 847, 908, -1, 71, 104, 168.0, 15, ABaraaaaap, 0, 0, 0, 0, , 0, 0, 0, 0, 0, 
920, 1, 848, 909, -1, 58, 123, 163.0, 15, ABaraaaaaa, 0, 0, 0, 0, , 0, 0, 0, 0, 0, 
921, 1, 849, 910, -1, 83, 108, 148.0, 14, ABaraaaap, 0, 0, 0, 0, , 0, 0, 0, 0, 0, 
922, 1, 850, 911, -1, 107, 132, 175.0, 15, ABalpaaapa, 0, 0, 0, 0, , 0, 0, 0, 0, 0, 
923, 1, 851, 912, -1, 118, 140, 157.0, 15, ABalpaaapp, 0, 0, 0, 0, , 0, 0, 0, 0, 0, 
924, 1, 852, 913, -1, 97, 150, 181.0, 15, ABalpaaaap, 0, 0, 0, 0, , 0, 0, 0, 0, 0, 
925, 1, 853, 914, -1, 75, 152, 163.0, 15, ABalpaaaaa, 0, 0, 0, 0, , 0, 0, 0, 0, 0, 
926, 1, 854, 915, -1, 67, 133, 146.0, 15, ABalpaapaa, 0, 0, 0, 0, , 0, 0, 0, 0, 0, 
927, 1, 855, 916, -1, 93, 144, 157.0, 16, ABalpaapap, 0, 0, 0, 0, , 0, 0, 0, 0, 0, 
928, 1, 856, 917, -1, 78, 160, 146.0, 14, ABalpaappa, 0, 0, 0, 0, , 0, 0, 0, 0, 0, 
929, 1, 857, 918, -1, 124, 140, 183.0, 15, ABalpappaa, 0, 0, 0, 0, , 0, 0, 0, 0, 0, 
930, 1, 858, 919, -1, 144, 146, 181.0, 17, ABalpappap, 0, 0, 0, 0, , 0, 0, 0, 0, 0, 
931, 1, 859, 920, -1, 132, 145, 161.0, 15, ABalpapppa, 0, 0, 0, 0, , 0, 0, 0, 0, 0, 
932, 1, 860, 921, -1, 160, 149, 167.0, 19, ABalpapppp, 0, 0, 0, 0, , 0, 0, 0, 0, 0, 
933, 1, 861, 922, -1, 61, 145, 110.0, 15, ABalppaaaa, 0, 0, 0, 0, , 0, 0, 0, 0, 0, 
934, 1, 862, 923, -1, 79, 160, 107.0, 16, ABalppaaap, 0, 0, 0, 0, , 0, 0, 0, 0, 0, 
935, 1, 863, 924, -1, 102, 165, 126.0, 15, ABalppapaa, 0, 0, 0, 0, , 0, 0, 0, 0, 0, 
936, 1, 864, 925, -1, 122, 176, 141.0, 14, ABalppapap, 0, 0, 0, 0, , 0, 0, 0, 0, 0, 
937, 1, 865, 926, -1, 134, 165, 137.0, 15, ABalppappa, 0, 0, 0, 0, , 0, 0, 0, 0, 0, 
938, 1, 866, 927, -1, 97, 161, 145.0, 17, ABalpaappp, 0, 0, 0, 0, , 0, 0, 0, 0, 0, 
939, 1, 867, 928, -1, 110, 161, 163.0, 15, ABalpapaaa, 0, 0, 0, 0, , 0, 0, 0, 0, 0, 
940, 1, 868, 929, -1, 117, 154, 182.0, 15, ABalpapaap, 0, 0, 0, 0, , 0, 0, 0, 0, 0, 
941, 1, 869, 930, -1, 132, 168, 155.0, 15, ABalpapapa, 0, 0, 0, 0, , 0, 0, 0, 0, 0, 
942, 1, 870, 931, -1, 155, 171, 172.0, 14, ABalpapapp, 0, 0, 0, 0, , 0, 0, 0, 0, 0, 
943, 1, 871, 932, -1, 100, 171, 113.0, 14, ABalppaapa, 0, 0, 0, 0, , 0, 0, 0, 0, 0, 
944, 0, 872, -1, -1, 104, 164, 98.0, 17, , 0, 0, 0, 0, , 0, 0, 0, 0, 0, 
945, 1, 873, 934, -1, 151, 177, 151.2, 15, ABalppappp, 0, 0, 0, 0, , 0, 0, 0, 0, 0, 
946, 1, 875, 935, -1, 154, 139, 76.333336, 13, ABalpppppp, 0, 0, 0, 0, , 0, 0, 0, 0, 0, 
947, 1, 876, 936, -1, 135, 139, 75.0, 14, ABalpppppa, 0, 0, 0, 0, , 0, 0, 0, 0, 0, 
948, 0, 877, -1, -1, 94, 127, 98.166664, 13, , 0, 0, 0, 0, , 0, 0, 0, 0, 0, 
949, 1, 878, 938, -1, 124, 126, 88.0, 15, ABalppppap, 0, 0, 0, 0, , 0, 0, 0, 0, 0, 
950, 1, 874, 939, -1, 81, 147, 92.0, 16, ABalpppaaa, 0, 0, 0, 0, , 0, 0, 0, 0, 0, 
951, 1, 879, 940, -1, 88, 143, 79.0, 14, ABalpppaap, 0, 0, 0, 0, , 0, 0, 0, 0, 0, 
952, 1, 880, 1235, -1, 108, 156, 78.0, 15, ABalpppapa, 0, 0, 0, 0, , 0, 0, 0, 0, 0, 
953, 0, 881, -1, -1, 121, 153, 71.0, 12, , 0, 0, 0, 0, , 0, 0, 0, 0, 0, 
954, 1, 882, 943, -1, 51, 112, 133.0, 14, ABalaaapar, 0, 0, 0, 0, , 0, 0, 0, 0, 0, 
955, 1, 883, 944, -1, 63, 132, 122.0, 16, ABalaaapal, 0, 0, 0, 0, , 0, 0, 0, 0, 0, 
956, 1, 884, 945, -1, 55, 97, 135.0, 12, ABalaaappl, 0, 0, 0, 0, , 0, 0, 0, 0, 0, 
957, 1, 885, 946, -1, 69, 80, 145.0, 15, ABalaaappr, 0, 0, 0, 0, , 0, 0, 0, 0, 0, 
958, 1, 886, 947, -1, 72, 91, 180.0, 13, ABalaapaaa, 0, 0, 0, 0, , 0, 0, 0, 0, 0, 
959, 1, 887, 948, -1, 95, 89, 194.0, 15, ABalaapaap, 0, 0, 0, 0, , 0, 0, 0, 0, 0, 
960, 1, 888, 949, -1, 78, 75, 179.0, 15, ABalaapapa, 0, 0, 0, 0, , 0, 0, 0, 0, 0, 
961, 1, 889, 950, -1, 97, 66, 175.0, 15, ABalaapapp, 0, 0, 0, 0, , 0, 0, 0, 0, 0, 
962, 1, 890, 951, -1, 52, 123, 146.0, 15, ABalaaaarl, 0, 0, 0, 0, , 0, 0, 0, 0, 0, 
963, 1, 891, 952, -1, 62, 94, 156.0, 14, ABalaaaarr, 0, 0, 0, 0, , 0, 0, 0, 0, 0, 
964, 1, 892, 953, -1, 57, 141, 136.0, 15, ABalaaaala, 0, 0, 0, 0, , 0, 0, 0, 0, 0, 
965, 1, 893, 954, -1, 69, 154, 124.0, 14, ABalaaaalp, 0, 0, 0, 0, , 0, 0, 0, 0, 0, 
966, 1, 894, 955, -1, 73, 83, 169.0, 17, ABalaappaa, 0, 0, 0, 0, , 0, 0, 0, 0, 0, 
967, 1, 895, 956, -1, 81, 70, 159.0, 16, ABalaappap, 0, 0, 0, 0, , 0, 0, 0, 0, 0, 
968, 1, 896, 957, -1, 74, 66, 136.0, 14, ABalaapppa, 0, 0, 0, 0, , 0, 0, 0, 0, 0, 
969, 1, 897, 958, -1, 91, 60, 137.0, 16, ABalaapppp, 0, 0, 0, 0, , 0, 0, 0, 0, 0, 
970, 1, 898, 959, -1, 79, 128, 108.0, 17, ABalapaapa, 0, 0, 0, 0, , 0, 0, 0, 0, 0, 
971, 1, 899, 960, -1, 93, 127, 99.0, 17, ABalapaapp, 0, 0, 0, 0, , 0, 0, 0, 0, 0, 
972, 1, 900, 961, -1, 65, 117, 110.0, 17, ABalapaaaa, 0, 0, 0, 0, , 0, 0, 0, 0, 0, 
973, 1, 901, 962, -1, 76, 110, 93.0, 14, ABalapaaap, 0, 0, 0, 0, , 0, 0, 0, 0, 0, 
974, 1, 902, 963, -1, 90, 100, 84.0, 19, ABalapapap, 0, 0, 0, 0, , 0, 0, 0, 0, 0, 
975, 1, 903, 964, -1, 79, 90, 93.0, 15, ABalapapaa, 0, 0, 0, 0, , 0, 0, 0, 0, 0, 
976, 1, 904, 965, -1, 105, 114, 78.0, 14, ABalapappa, 0, 0, 0, 0, , 0, 0, 0, 0, 0, 
977, 1, 905, 966, -1, 130, 110, 80.0, 16, ABalapappp, 0, 0, 0, 0, , 0, 0, 0, 0, 0, 
978, 1, 906, 967, -1, 50, 105, 117.0, 13, ABalappaaa, 0, 0, 0, 0, , 0, 0, 0, 0, 0, 
979, 1, 907, 968, -1, 65, 92, 100.0, 15, ABalappaap, 0, 0, 0, 0, , 0, 0, 0, 0, 0, 
980, 1, 908, 969, -1, 54, 82, 126.0, 14, ABalappapa, 0, 0, 0, 0, , 0, 0, 0, 0, 0, 
981, 1, 909, 970, -1, 67, 71, 120.0, 16, ABalappapp, 0, 0, 0, 0, , 0, 0, 0, 0, 0, 
982, 1, 910, 971, -1, 79, 82, 115.0, 14, ABalapppaa, 0, 0, 0, 0, , 0, 0, 0, 0, 0, 
983, 1, 911, 972, -1, 97, 70, 111.0, 14, ABalapppap, 0, 0, 0, 0, , 0, 0, 0, 0, 0, 
984, 1, 912, 973, -1, 103, 54, 117.0, 14, ABalappppa, 0, 0, 0, 0, , 0, 0, 0, 0, 0, 
985, 1, 913, 974, -1, 130, 47, 111.0, 14, ABalappppp, 0, 0, 0, 0, , 0, 0, 0, 0, 0, 
986, 1, 914, 975, -1, 104, 136, 77.0, 15, ABalppppaa, 0, 0, 0, 0, , 0, 0, 0, 0, 0, 
987, 1, 915, 976, -1, 93, 56, 156.0, 12, ABpraaaaaa, 0, 0, 0, 0, , 0, 0, 0, 0, 0, 
988, 1, 916, 977, -1, 109, 46, 155.0, 13, ABpraaaaap, 0, 0, 0, 0, , 0, 0, 0, 0, 0, 
989, 1, 917, 978, -1, 110, 54, 168.0, 15, ABpraaaapa, 0, 0, 0, 0, , 0, 0, 0, 0, 0, 
990, 1, 918, 979, -1, 123, 51, 176.0, 14, ABpraaaapp, 0, 0, 0, 0, , 0, 0, 0, 0, 0, 
991, 1, 919, 980, -1, 133, 53, 158.0, 15, ABpraaappa, 0, 0, 0, 0, , 0, 0, 0, 0, 0, 
992, 1, 920, 981, -1, 158, 47, 164.0, 17, ABpraaappp, 0, 0, 0, 0, , 0, 0, 0, 0, 0, 
993, 1, 921, 982, -1, 196, 44, 172.5, 12, ABpraapppa, 0, 0, 0, 0, , 0, 0, 0, 0, 0, 
994, 1, 922, 983, -1, 213, 50, 182.5, 12, ABpraapppp, 0, 0, 0, 0, , 0, 0, 0, 0, 0, 
995, 1, 923, 984, -1, 180, 40, 159.33333, 12, ABpraappap, 0, 0, 0, 0, , 0, 0, 0, 0, 0, 
996, 1, 61, 985, -1, 148, 34, 161.0, 13, ABpraappaa, 19, 0, 0, 0, , 0, 0, 0, 0, 0, 
997, 1, 924, 986, -1, 231, 55, 183.0, 14, ABprappaaa, 0, 0, 0, 0, , 0, 0, 0, 0, 0, 
998, 1, 925, 987, -1, 252, 66, 187.0, 15, ABprappaap, 0, 0, 0, 0, , 0, 0, 0, 0, 0, 
999, 1, 926, 988, -1, 278, 68, 179.0, 14, ABprappapp, 0, 0, 0, 0, , 0, 0, 0, 0, 0, 
1000, 1, 927, 989, -1, 257, 50, 166.5, 14, ABprappapa, 0, 0, 0, 0, , 0, 0, 0, 0, 0, 
1001, 1, 928, 990, -1, 265, 75, 193.0, 11, ABprapppaa, 0, 0, 0, 0, , 0, 0, 0, 0, 0, 
1002, 1, 929, 991, -1, 280, 87, 185.0, 12, ABprapppap, 0, 0, 0, 0, , 0, 0, 0, 0, 0, 
1003, 1, 930, 992, -1, 207, 44, 141.0, 15, ABprapaaap, 0, 0, 0, 0, , 0, 0, 0, 0, 0, 
1004, 1, 931, 993, -1, 187, 43, 142.0, 13, ABprapaaaa, 0, 0, 0, 0, , 0, 0, 0, 0, 0, 
1005, 1, 932, 994, -1, 216, 43, 155.33333, 14, ABprapaapa, 0, 0, 0, 0, , 0, 0, 0, 0, 0, 
1006, 1, 933, 995, -1, 237, 47, 167.66667, 13, ABprapaapp, 0, 0, 0, 0, , 0, 0, 0, 0, 0, 
1007, 1, 934, 996, -1, 298, 61, 159.0, 12, ABprapapap, 0, 0, 0, 0, , 0, 0, 0, 0, 0, 
1008, 1, 935, 997, -1, 278, 52, 150.8, 17, ABprapapaa, 0, 0, 0, 0, , 0, 0, 0, 0, 0, 
1009, 1, 936, 998, -1, 312, 87, 176.0, 13, ABprapappp, 0, 0, 0, 0, , 0, 0, 0, 0, 0, 
1010, 1, 937, 999, -1, 312, 68, 159.0, 13, ABprapappa, 0, 0, 0, 0, , 0, 0, 0, 0, 0, 
1011, 1, 938, 1000, -1, 157, 162, 122.0, 13, ABplppaaaa, 0, 0, 0, 0, , 0, 0, 0, 0, 0, 
1012, 1, 939, 1001, -1, 176, 180, 126.0, 13, ABplppaaap, 0, 0, 0, 0, , 0, 0, 0, 0, 0, 
1013, 1, 940, 1002, -1, 198, 178, 146.6, 15, ABplppaapa, 0, 0, 0, 0, , 0, 0, 0, 0, 0, 
1014, 1, 941, 1003, -1, 217, 175, 153.33333, 14, ABplppaapp, 0, 0, 0, 0, , 0, 0, 0, 0, 0, 
1015, 1, 942, 1004, -1, 186, 177, 130.0, 12, ABplppapaa, 0, 0, 0, 0, , 0, 0, 0, 0, 0, 
1016, 1, 943, 1005, -1, 211, 180, 129.0, 13, ABplppapap, 0, 0, 0, 0, , 0, 0, 0, 0, 0, 
1017, 1, 944, 1006, -1, 232, 175, 126.0, 13, ABplppappa, 0, 0, 0, 0, , 0, 0, 0, 0, 0, 
1018, 1, 945, 1007, -1, 250, 172, 131.0, 15, ABplppappp, 0, 0, 0, 0, , 0, 0, 0, 0, 0, 
1019, 1, 946, 1008, -1, 236, 172, 146.66667, 15, ABplpppaaa, 0, 0, 0, 0, , 0, 0, 0, 0, 0, 
1020, 1, 947, 1009, -1, 256, 170, 150.0, 15, ABplpppaap, 0, 0, 0, 0, , 0, 0, 0, 0, 0, 
1021, 1, 948, 1010, -1, 271, 162, 156.0, 15, ABplpppapa, 0, 0, 0, 0, , 0, 0, 0, 0, 0, 
1022, 1, 949, 1011, -1, 277, 147, 168.0, 15, ABplpppapp, 0, 0, 0, 0, , 0, 0, 0, 0, 0, 
1023, 1, 950, 1012, -1, 222, 167, 168.33333, 16, ABplppppaa, 0, 0, 0, 0, , 0, 0, 0, 0, 0, 
1024, 1, 951, 1013, -1, 240, 159, 172.0, 14, ABplppppap, 0, 0, 0, 0, , 0, 0, 0, 0, 0, 
1025, 1, 952, 1014, -1, 233, 141, 175.0, 15, ABplpppppa, 0, 0, 0, 0, , 0, 0, 0, 0, 0, 
1026, 1, 953, 1015, -1, 259, 139, 169.0, 15, ABplpppppp, 0, 0, 0, 0, , 0, 0, 0, 0, 0, 
1027, 1, 954, 1016, -1, 202, 172, 171.0, 15, ABplpapapp, 0, 0, 0, 0, , 0, 0, 0, 0, 0, 
1028, 1, 955, 1017, -1, 122, 163, 119.0, 15, ABplpaaaaa, 0, 0, 0, 0, , 0, 0, 0, 0, 0, 
1029, 1, 956, 1018, -1, 139, 177, 118.0, 16, ABplpaaaap, 0, 0, 0, 0, , 0, 0, 0, 0, 0, 
1030, 1, 957, 1019, -1, 146, 166, 106.0, 17, ABplpaaapp, 0, 0, 0, 0, , 0, 0, 0, 0, 0, 
1031, 1, 958, 1020, -1, 159, 181, 122.0, 14, ABplpaaapa, 0, 0, 0, 0, , 0, 0, 0, 0, 0, 
1032, 1, 959, 1021, -1, 126, 163, 96.0, 16, ABplpaapaa, 0, 0, 0, 0, , 0, 0, 0, 0, 0, 
1033, 1, 960, 1022, -1, 142, 165, 86.0, 17, ABplpaapap, 0, 0, 0, 0, , 0, 0, 0, 0, 0, 
1034, 1, 961, 1023, -1, 165, 165, 88.0, 15, ABplpaappa, 0, 0, 0, 0, , 0, 0, 0, 0, 0, 
1035, 1, 962, 1024, -1, 179, 174, 109.0, 14, ABplpaappp, 0, 0, 0, 0, , 0, 0, 0, 0, 0, 
1036, 1, 963, 1025, -1, 157, 163, 145.0, 15, ABplpapaaa, 0, 0, 0, 0, , 0, 0, 0, 0, 0, 
1037, 1, 964, 1026, -1, 177, 168, 148.0, 15, ABplpapaap, 0, 0, 0, 0, , 0, 0, 0, 0, 0, 
1038, 1, 965, 1027, -1, 184, 172, 160.0, 16, ABplpapapa, 0, 0, 0, 0, , 0, 0, 0, 0, 0, 
1039, 1, 966, 1028, -1, 177, 157, 179.0, 17, ABplpappaa, 0, 0, 0, 0, , 0, 0, 0, 0, 0, 
1040, 0, 967, -1, -1, 194, 156, 182.0, 12, , 0, 0, 0, 0, , 0, 0, 0, 0, 0, 
1041, 1, 968, 1030, -1, 194, 156, 182.0, 12, ABplpappap, 0, 0, 0, 0, , 0, 0, 0, 0, 0, 
1042, 1, 969, 1031, -1, 207, 154, 187.0, 15, ABplpapppa, 0, 0, 0, 0, , 0, 0, 0, 0, 0, 
1043, 1, 970, 1032, -1, 230, 154, 188.0, 15, ABplpapppp, 0, 0, 0, 0, , 0, 0, 0, 0, 0, 
1044, 1, 971, 1033, -1, 104, 42, 124.0, 13, ABpraapaaa, 0, 0, 0, 0, , 0, 0, 0, 0, 0, 
1045, 1, 972, 1034, -1, 139, 37, 144.0, 14, ABpraapapa, 0, 0, 0, 0, , 0, 0, 0, 0, 0, 
1046, 1, 973, 1035, -1, 159, 31, 137.0, 14, ABpraapapp, 0, 0, 0, 0, , 0, 0, 0, 0, 0, 
1047, 1, 974, 1036, -1, 121, 72, 190.0, 14, ABprpaaaaa, 0, 0, 0, 0, , 0, 0, 0, 0, 0, 
1048, 1, 975, 1037, -1, 136, 75, 197.33333, 14, ABprpaaaap, 0, 0, 0, 0, , 0, 0, 0, 0, 0, 
1049, 1, 976, 1038, -1, 142, 65, 190.0, 13, ABprpaaapa, 0, 0, 0, 0, , 0, 0, 0, 0, 0, 
1050, 1, 977, 1039, -1, 162, 63, 199.0, 15, ABprpaaapp, 0, 0, 0, 0, , 0, 0, 0, 0, 0, 
1051, 1, 978, 1040, -1, 139, 50, 178.85715, 15, ABprpaapaa, 0, 0, 0, 0, , 0, 0, 0, 0, 0, 
1052, 1, 979, 1041, -1, 156, 52, 185.0, 13, ABprpaapap, 0, 0, 0, 0, , 0, 0, 0, 0, 0, 
1053, 1, 980, 1042, -1, 176, 53, 187.0, 15, ABprpaappa, 0, 0, 0, 0, , 0, 0, 0, 0, 0, 
1054, 1, 981, 1043, -1, 191, 60, 196.33333, 15, ABprpaappp, 0, 0, 0, 0, , 0, 0, 0, 0, 0, 
1055, 1, 982, 1044, -1, 194, 119, 209.0, 15, ABprpapapa, 0, 0, 0, 0, , 0, 0, 0, 0, 0, 
1056, 1, 983, 1045, -1, 166, 100, 198.0, 15, ABprpapaaa, 0, 0, 0, 0, , 0, 0, 0, 0, 0, 
1057, 1, 984, 1046, -1, 187, 106, 196.5, 15, ABprpapaap, 0, 0, 0, 0, , 0, 0, 0, 0, 0, 
1058, 1, 985, 1047, -1, 214, 119, 206.0, 14, ABprpapapp, 0, 0, 0, 0, , 0, 0, 0, 0, 0, 
1059, 1, 986, 1048, -1, 173, 130, 205.0, 15, ABprpappaa, 0, 0, 0, 0, , 0, 0, 0, 0, 0, 
1060, 1, 987, 1049, -1, 197, 133, 192.0, 15, ABprpappap, 0, 0, 0, 0, , 0, 0, 0, 0, 0, 
1061, 1, 988, 1050, -1, 217, 136, 200.0, 15, ABprpapppa, 0, 0, 0, 0, , 0, 0, 0, 0, 0, 
1062, 1, 989, 1051, -1, 246, 137, 189.0, 14, ABprpapppp, 0, 0, 0, 0, , 0, 0, 0, 0, 0, 
1063, 1, 990, 1053, -1, 173, 82, 203.0, 14, ABprppaaaa, 0, 0, 0, 0, , 0, 0, 0, 0, 0, 
1064, 1, 991, 1054, -1, 187, 73, 191.0, 14, ABprppaaap, 0, 0, 0, 0, , 0, 0, 0, 0, 0, 
1065, 1, 992, 1055, -1, 201, 97, 208.0, 13, ABprppaapa, 0, 0, 0, 0, , 0, 0, 0, 0, 0, 
1066, 1, 993, 1056, -1, 222, 93, 212.0, 15, ABprppaapp, 0, 0, 0, 0, , 0, 0, 0, 0, 0, 
1067, 1, 994, 1057, -1, 198, 80, 202.0, 12, ABprppapaa, 0, 0, 0, 0, , 0, 0, 0, 0, 0, 
1068, 1, 995, 1058, -1, 218, 76, 206.0, 13, ABprppapap, 0, 0, 0, 0, , 0, 0, 0, 0, 0, 
1069, 1, 996, 1059, -1, 232, 74, 197.0, 14, ABprppappa, 0, 0, 0, 0, , 0, 0, 0, 0, 0, 
1070, 1, 997, 1060, -1, 252, 79, 202.0, 14, ABprppappp, 0, 0, 0, 0, , 0, 0, 0, 0, 0, 
1071, 1, 998, 1061, -1, 238, 93, 208.0, 12, ABprpppaaa, 0, 0, 0, 0, , 0, 0, 0, 0, 0, 
1072, 1, 999, 1062, -1, 261, 98, 196.0, 12, ABprpppaap, 0, 0, 0, 0, , 0, 0, 0, 0, 0, 
1073, 1, 1000, 1063, -1, 276, 114, 192.0, 14, ABprpppapa, 0, 0, 0, 0, , 0, 0, 0, 0, 0, 
1074, 1, 1001, 1064, -1, 285, 127, 188.0, 12, ABprpppapp, 0, 0, 0, 0, , 0, 0, 0, 0, 0, 
1075, 1, 1002, 1065, -1, 230, 110, 206.0, 15, ABprppppaa, 0, 0, 0, 0, , 0, 0, 0, 0, 0, 
1076, 1, 1003, 1066, -1, 246, 108, 193.0, 15, ABprppppap, 0, 0, 0, 0, , 0, 0, 0, 0, 0, 
1077, 1, 1004, 1067, -1, 256, 122, 186.0, 15, ABprpppppa, 0, 0, 0, 0, , 0, 0, 0, 0, 0, 
1078, 1, 1005, 1068, -1, 273, 128, 175.0, 15, ABprpppppp, 0, 0, 0, 0, , 0, 0, 0, 0, 0, 
1079, 1, 1006, 1069, -1, 67, 115, 131.8, 13, MSaaaaaa, 0, 0, 0, 0, , 0, 0, 0, 0, 0, 
1080, 1, 1007, 1070, -1, 87, 101, 114.25, 11, MSaaaaap, 0, 0, 0, 0, , 0, 0, 0, 0, 0, 
1081, 1, 1008, 1071, -1, 128, 84, 102.75, 12, MSaaaapp, 0, 0, 0, 0, , 0, 0, 0, 0, 0, 
1082, 1, 1009, 1072, -1, 101, 89, 110.333336, 11, MSaaaapa, 0, 0, 0, 0, , 0, 0, 0, 0, 0, 
1083, 1, 1010, 1073, -1, 138, 97, 124.0, 13, MSaaapp, 0, 0, 0, 0, , 0, 0, 0, 0, 0, 
1084, 1, 1011, 1074, -1, 124, 100, 112.0, 13, MSaaapap, 0, 0, 0, 0, , 0, 0, 0, 0, 0, 
1085, 1, 1012, 1075, -1, 100, 114, 127.0, 14, MSaaapaa, 0, 0, 0, 0, , 0, 0, 0, 0, 0, 
1086, 1, 1013, 1076, -1, 153, 135, 151.0, 12, MSaapapa, 0, 0, 0, 0, , 0, 0, 0, 0, 0, 
1087, 1, 1014, 1077, -1, 184, 136, 156.0, 14, MSaapapp, 0, 0, 0, 0, , 0, 0, 0, 0, 0, 
1088, 1, 1015, 1078, -1, 138, 129, 151.0, 12, MSaapaaa, 0, 0, 0, 0, , 0, 0, 0, 0, 0, 
1089, 1, 1016, 1079, -1, 152, 113, 130.0, 14, MSaapaap, 0, 0, 0, 0, , 0, 0, 0, 0, 0, 
1090, 1, 1018, 1199, -1, 284, 118, 137.0, 17, Eplpp, 0, 0, 0, 0, , 0, 0, 0, 0, 0, 
1091, 1, 1019, 1080, -1, 305, 106, 90.0, 17, Caaapa, 0, 0, 0, 0, , 0, 0, 0, 0, 0, 
1092, 1, 1020, 1206, -1, 311, 121, 156.0, 15, Caapa, 0, 0, 0, 0, , 0, 0, 0, 0, 0, 
1093, 1, 1022, 1207, -1, 325, 141, 142.0, 15, Caappd, 0, 0, 0, 0, , 0, 0, 0, 0, 0, 
1094, 1, 1023, 1209, -1, 233, 142, 140.0, 17, Capaaa, 0, 0, 0, 0, , 0, 0, 0, 0, 0, 
1095, 1, 1023, 1081, -1, 250, 138, 153.0, 15, Capaap, 0, 0, 0, 0, , 0, 0, 0, 0, 0, 
1096, 1, 1024, 1082, -1, 267, 148, 138.0, 17, Capap, 0, 0, 0, 0, , 0, 0, 0, 0, 0, 
1097, 0, 1026, -1, -1, 292, 137, 158.0, 15, , 0, 0, 0, 0, , 0, 0, 0, 0, 0, 
1098, 1, 1151, 1212, -1, 292, 137, 159.0, 15, Capppp, 0, 0, 0, 0, , 0, 0, 0, 0, 0, 
1099, 1, 1029, 1083, -1, 239, 107, 172.0, 15, Cppaa, 0, 0, 0, 0, , 0, 0, 0, 0, 0, 
1100, 1, 1030, 1084, -1, 260, 108, 174.0, 15, Cppap, 0, 0, 0, 0, , 0, 0, 0, 0, 0, 
1101, 1, 1031, 1085, -1, 238, 108, 128.0, 18, Z2, 0, 0, 0, 0, , 0, 0, 0, 0, 0, 
1102, 1, 1032, 1086, -1, 208, 124, 151.0, 16, Z3, 0, 0, 0, 0, , 0, 0, 0, 0, 0, 
1103, 1, 1033, 1087, -1, 92, 83, 71.0, 14, ABarpaaaap, 0, 0, 0, 0, , 0, 0, 0, 0, 0, 
1104, 1, 1034, 1088, -1, 88, 74, 94.0, 14, ABarpaaaaa, 0, 0, 0, 0, , 0, 0, 0, 0, 0, 
1105, 1, 1035, 1089, -1, 106, 73, 89.0, 14, ABarpaaapa, 0, 0, 0, 0, , 0, 0, 0, 0, 0, 
1106, 1, 1036, 1090, -1, 122, 69, 79.0, 15, ABarpaaapp, 0, 0, 0, 0, , 0, 0, 0, 0, 0, 
1107, 1, 1037, 1091, -1, 136, 65, 87.0, 15, ABarpaapaa, 0, 0, 0, 0, , 0, 0, 0, 0, 0, 
1108, 1, 1038, 1092, -1, 168, 66, 74.0, 15, ABarpaapap, 0, 0, 0, 0, , 0, 0, 0, 0, 0, 
1109, 1, 1039, 1093, -1, 190, 57, 81.0, 14, ABarpaappa, 0, 0, 0, 0, , 0, 0, 0, 0, 0, 
1110, 1, 1040, 1094, -1, 209, 72, 80.0, 15, ABarpaappp, 0, 0, 0, 0, , 0, 0, 0, 0, 0, 
1111, 1, 1041, 1095, -1, 97, 56, 95.0, 15, ABarpapaaa, 0, 0, 0, 0, , 0, 0, 0, 0, 0, 
1112, 1, 1042, 1096, -1, 119, 51, 100.0, 15, ABarpapaap, 0, 0, 0, 0, , 0, 0, 0, 0, 0, 
1113, 1, 1043, 1097, -1, 137, 52, 97.0, 15, ABarpapapa, 0, 0, 0, 0, , 0, 0, 0, 0, 0, 
1114, 1, 1044, 1098, -1, 161, 45, 98.0, 15, ABarpapapp, 0, 0, 0, 0, , 0, 0, 0, 0, 0, 
1115, 1, 1045, 1099, -1, 139, 32, 108.0, 14, ABarpappaa, 0, 0, 0, 0, , 0, 0, 0, 0, 0, 
1116, 1, 1046, 1100, -1, 155, 31, 123.0, 14, ABarpappap, 0, 0, 0, 0, , 0, 0, 0, 0, 0, 
1117, 1, 1047, 1101, -1, 220, 53, 92.0, 15, ABarpppapa, 0, 0, 0, 0, , 0, 0, 0, 0, 0, 
1118, 1, 1048, 1102, -1, 247, 52, 116.0, 15, ABarpppapp, 0, 0, 0, 0, , 0, 0, 0, 0, 0, 
1119, 1, 1049, 1103, -1, 227, 89, 68.0, 16, ABarppaapa, 0, 0, 0, 0, , 0, 0, 0, 0, 0, 
1120, 1, 1050, 1104, -1, 249, 117, 72.0, 16, ABarppaapp, 0, 0, 0, 0, , 0, 0, 0, 0, 0, 
1121, 1, 1051, 1105, -1, 183, 85, 57.0, 15, ABarppaaaa, 0, 0, 0, 0, , 0, 0, 0, 0, 0, 
1122, 1, 1052, 1106, -1, 207, 99, 66.0, 14, ABarppaaap, 0, 0, 0, 0, , 0, 0, 0, 0, 0, 
1123, 1, 1054, 1107, -1, 248, 135, 75.0, 18, ABarppapap, 0, 0, 0, 0, , 0, 0, 0, 0, 0, 
1124, 1, 1055, 1108, -1, 273, 122, 75.0, 17, ABarppappa, 0, 0, 0, 0, , 0, 0, 0, 0, 0, 
1125, 1, 1056, 1109, -1, 301, 135, 101.0, 17, ABarppappp, 0, 0, 0, 0, , 0, 0, 0, 0, 0, 
1126, 1, 1057, 1110, -1, 188, 37, 99.0, 16, ABarpppaaa, 0, 0, 0, 0, , 0, 0, 0, 0, 0, 
1127, 1, 1058, 1111, -1, 211, 36, 119.0, 16, ABarpppaap, 0, 0, 0, 0, , 0, 0, 0, 0, 0, 
1128, 1, 1059, 1112, -1, 167, 41, 123.0, 13, ABarpapppa, 0, 0, 0, 0, , 0, 0, 0, 0, 0, 
1129, 1, 1060, 1113, -1, 188, 39, 122.0, 14, ABarpapppp, 0, 0, 0, 0, , 0, 0, 0, 0, 0, 
1130, 1, 1061, 1114, -1, 224, 37, 126.0, 14, ABarppppaa, 0, 0, 0, 0, , 0, 0, 0, 0, 0, 
1131, 1, 1062, 1115, -1, 245, 44, 144.0, 15, ABarppppap, 0, 0, 0, 0, , 0, 0, 0, 0, 0, 
1132, 1, 1063, 1116, -1, 268, 51, 134.0, 14, ABarpppppa, 0, 0, 0, 0, , 0, 0, 0, 0, 0, 
1133, 1, 1064, 1117, -1, 303, 67, 140.0, 15, ABarpppppp, 0, 0, 0, 0, , 0, 0, 0, 0, 0, 
1134, 1, 1053, 1118, -1, 212, 126, 69.0, 17, ABarppapaa, 0, 0, 0, 0, , 0, 0, 0, 0, 0, 
1135, 1, 1065, 1119, -1, 91, 99, 62.0, 17, ABplaaaaaa, 0, 0, 0, 0, , 0, 0, 0, 0, 0, 
1136, 1, 1066, 1120, -1, 111, 94, 67.0, 17, ABplaaaaap, 0, 0, 0, 0, , 0, 0, 0, 0, 0, 
1137, 1, 1067, 1121, -1, 129, 87, 81.0, 15, ABplaaaapa, 0, 0, 0, 0, , 0, 0, 0, 0, 0, 
1138, 1, 1068, 1122, -1, 150, 83, 69.0, 16, ABplaaaapp, 0, 0, 0, 0, , 0, 0, 0, 0, 0, 
1139, 1, 1069, 1123, -1, 128, 95, 56.0, 17, ABplaaapaa, 0, 0, 0, 0, , 0, 0, 0, 0, 0, 
1140, 1, 1070, 1124, -1, 153, 103, 58.0, 17, ABplaaapap, 0, 0, 0, 0, , 0, 0, 0, 0, 0, 
1141, 1, 1071, 1125, -1, 172, 104, 57.0, 15, ABplaaappa, 0, 0, 0, 0, , 0, 0, 0, 0, 0, 
1142, 1, 1072, 1126, -1, 193, 109, 74.0, 16, ABplaaappp, 0, 0, 0, 0, , 0, 0, 0, 0, 0, 
1143, 1, 1073, 1127, -1, 96, 121, 57.0, 15, ABplaapaaa, 0, 0, 0, 0, , 0, 0, 0, 0, 0, 
1144, 1, 1074, 1128, -1, 119, 113, 56.0, 16, ABplaapaap, 0, 0, 0, 0, , 0, 0, 0, 0, 0, 
1145, 1, 1075, 1129, -1, 128, 129, 56.0, 17, ABplaapapa, 0, 0, 0, 0, , 0, 0, 0, 0, 0, 
1146, 1, 1076, 1130, -1, 148, 125, 58.0, 17, ABplaapapp, 0, 0, 0, 0, , 0, 0, 0, 0, 0, 
1147, 1, 1077, 1131, -1, 142, 150, 57.0, 17, ABplaappaa, 0, 0, 0, 0, , 0, 0, 0, 0, 0, 
1148, 1, 1078, 1132, -1, 175, 150, 66.0, 17, ABplaappap, 0, 0, 0, 0, , 0, 0, 0, 0, 0, 
1149, 1, 1079, 1133, -1, 187, 157, 85.0, 17, ABplaapppa, 0, 0, 0, 0, , 0, 0, 0, 0, 0, 
1150, 1, 1080, 1134, -1, 203, 170, 95.0, 17, ABplaapppp, 0, 0, 0, 0, , 0, 0, 0, 0, 0, 
1151, 1, 1081, 1135, -1, 173, 123, 68.0, 17, ABplapaaaa, 0, 0, 0, 0, , 0, 0, 0, 0, 0, 
1152, 1, 1082, 1136, -1, 194, 135, 75.0, 17, ABplapaaap, 0, 0, 0, 0, , 0, 0, 0, 0, 0, 
1153, 1, 1083, 1137, -1, 207, 143, 73.0, 17, ABplapaapa, 0, 0, 0, 0, , 0, 0, 0, 0, 0, 
1154, 1, 1084, 1138, -1, 228, 154, 79.0, 17, ABplapaapp, 0, 0, 0, 0, , 0, 0, 0, 0, 0, 
1155, 1, 1085, 1139, -1, 275, 143, 85.0, 14, ABplapapaa, 0, 0, 0, 0, , 0, 0, 0, 0, 0, 
1156, 1, 1086, 1140, -1, 296, 151, 98.0, 16, ABplapapap, 0, 0, 0, 0, , 0, 0, 0, 0, 0, 
1157, 1, 1087, 1141, -1, 299, 160, 108.0, 17, ABplapappa, 0, 0, 0, 0, , 0, 0, 0, 0, 0, 
1158, 1, 1088, 1142, -1, 310, 157, 138.0, 17, ABplapappp, 0, 0, 0, 0, , 0, 0, 0, 0, 0, 
1159, 1, 1089, 1143, -1, 223, 169, 100.0, 18, ABplappaaa, 0, 0, 0, 0, , 0, 0, 0, 0, 0, 
1160, 1, 1090, 1144, -1, 244, 165, 107.0, 15, ABplappaap, 0, 0, 0, 0, , 0, 0, 0, 0, 0, 
1161, 1, 1091, 1145, -1, 250, 153, 89.0, 15, ABplappapa, 0, 0, 0, 0, , 0, 0, 0, 0, 0, 
1162, 1, 1092, 1146, -1, 267, 160, 98.0, 14, ABplappapp, 0, 0, 0, 0, , 0, 0, 0, 0, 0, 
1163, 1, 1093, 1147, -1, 257, 161, 116.0, 17, ABplapppaa, 0, 0, 0, 0, , 0, 0, 0, 0, 0, 
1164, 1, 1094, 1148, -1, 275, 165, 128.0, 15, ABplapppap, 0, 0, 0, 0, , 0, 0, 0, 0, 0, 
1165, 1, 1095, 1149, -1, 293, 168, 130.0, 16, ABplappppa, 0, 0, 0, 0, , 0, 0, 0, 0, 0, 
1166, 1, 1096, 1150, -1, 298, 154, 154.0, 15, ABplappppp, 0, 0, 0, 0, , 0, 0, 0, 0, 0, 
1167, 1, 1097, 1151, -1, 196, 144, 168.0, 16, MSaappa, 0, 0, 0, 0, , 0, 0, 0, 0, 0, 
1168, 1, 1098, 1152, -1, 207, 153, 152.0, 16, MSaappp, 0, 0, 0, 0, , 0, 0, 0, 0, 0, 
1169, 1, 1099, 1154, -1, 81, 145, 119.0, 14, MSapaaaa, 0, 0, 0, 0, , 0, 0, 0, 0, 0, 
1170, 1, 1099, 1153, -1, 104, 137, 126.5, 15, MSapaaap, 0, 0, 0, 0, , 0, 0, 0, 0, 0, 
1171, 1, 1100, 1155, -1, 123, 146, 123.0, 16, MSapaap, 0, 0, 0, 0, , 0, 0, 0, 0, 0, 
1172, 1, 1102, 1156, -1, 109, 144, 101.0, 16, MSapapaa, 0, 0, 0, 0, , 0, 0, 0, 0, 0, 
1173, 1, 1101, 1157, -1, 138, 132, 105.0, 16, MSapapap, 0, 0, 0, 0, , 0, 0, 0, 0, 0, 
1174, 1, 1103, 1158, -1, 150, 118, 96.0, 16, MSapapp, 0, 0, 0, 0, , 0, 0, 0, 0, 0, 
1175, 1, 1104, 1159, -1, 153, 137, 125.0, 16, MSappaa, 0, 0, 0, 0, , 0, 0, 0, 0, 0, 
1176, 1, 1105, 1160, -1, 176, 148, 129.0, 15, MSappap, 0, 0, 0, 0, , 0, 0, 0, 0, 0, 
1177, 1, 1106, 1161, -1, 162, 142, 102.0, 14, MSapppa, 0, 0, 0, 0, , 0, 0, 0, 0, 0, 
1178, 1, 1107, 1162, -1, 191, 132, 99.0, 14, MSapppp, 0, 0, 0, 0, , 0, 0, 0, 0, 0, 
1179, 1, 1108, 1163, -1, 80, 89, 147.0, 15, MSpaaaaa, 0, 0, 0, 0, , 0, 0, 0, 0, 0, 
1180, 1, 1109, 1164, -1, 100, 87, 135.0, 15, MSpaaaap, 0, 0, 0, 0, , 0, 0, 0, 0, 0, 
1181, 1, 1110, 1165, -1, 118, 79, 132.0, 13, MSpaaapa, 0, 0, 0, 0, , 0, 0, 0, 0, 0, 
1182, 1, 1111, 1166, -1, 138, 72, 123.0, 15, MSpaaapp, 0, 0, 0, 0, , 0, 0, 0, 0, 0, 
1183, 1, 1112, 1167, -1, 118, 89, 150.0, 15, MSpaapaa, 0, 0, 0, 0, , 0, 0, 0, 0, 0, 
1184, 1, 1113, 1168, -1, 145, 80, 142.0, 15, MSpaapap, 0, 0, 0, 0, , 0, 0, 0, 0, 0, 
1185, 1, 1114, 1169, -1, 168, 84, 119.0, 15, MSpaapp, 0, 0, 0, 0, , 0, 0, 0, 0, 0, 
1186, 1, 1115, 1170, -1, 153, 121, 167.0, 14, MSpapaaa, 0, 0, 0, 0, , 0, 0, 0, 0, 0, 
1187, 1, 1116, 1171, -1, 174, 115, 146.0, 14, MSpapaap, 0, 0, 0, 0, , 0, 0, 0, 0, 0, 
1188, 1, 1117, 1172, -1, 173, 110, 175.0, 16, MSpapapa, 0, 0, 0, 0, , 0, 0, 0, 0, 0, 
1189, 1, 1118, 1173, -1, 195, 120, 161.0, 16, MSpapapp, 0, 0, 0, 0, , 0, 0, 0, 0, 0, 
1190, 1, 1119, 1174, -1, 210, 134, 167.0, 14, MSpappa, 0, 0, 0, 0, , 0, 0, 0, 0, 0, 
1191, 1, 1120, 1175, -1, 216, 116, 184.0, 16, MSpappp, 0, 0, 0, 0, , 0, 0, 0, 0, 0, 
1192, 1, 1121, 1176, -1, 142, 85, 180.0, 14, MSppaap, 0, 0, 0, 0, , 0, 0, 0, 0, 0, 
1193, 1, 1123, 1177, -1, 93, 85, 176.0, 12, MSppaaaa, 0, 0, 0, 0, , 0, 0, 0, 0, 0, 
1194, 1, 1122, 1178, -1, 119, 87, 169.0, 13, MSppaaap, 0, 0, 0, 0, , 0, 0, 0, 0, 0, 
1195, 1, 1125, 1179, -1, 118, 68, 161.0, 14, MSppapaa, 0, 0, 0, 0, , 0, 0, 0, 0, 0, 
1196, 1, 1124, 1180, -1, 148, 79, 165.0, 14, MSppapap, 0, 0, 0, 0, , 0, 0, 0, 0, 0, 
1197, 1, 1126, 1181, -1, 153, 61, 143.0, 15, MSppapp, 0, 0, 0, 0, , 0, 0, 0, 0, 0, 
1198, 1, 1127, 1182, -1, 162, 92, 174.0, 14, MSpppaa, 0, 0, 0, 0, , 0, 0, 0, 0, 0, 
1199, 1, 1128, 1183, -1, 184, 87, 182.0, 16, MSpppap, 0, 0, 0, 0, , 0, 0, 0, 0, 0, 
1200, 1, 1129, 1184, -1, 171, 70, 171.0, 14, MSppppa, 0, 0, 0, 0, , 0, 0, 0, 0, 0, 
1201, 1, 1130, 1185, -1, 184, 63, 152.0, 15, MSppppp, 0, 0, 0, 0, , 0, 0, 0, 0, 0, 
1202, 1, 1131, 1186, -1, 151, 98, 103.0, 17, Ealaa, 0, 0, 0, 0, , 0, 0, 0, 0, 0, 
1203, 1, 1132, 1187, -1, 188, 102, 99.0, 16, Ealap, 0, 0, 0, 0, , 0, 0, 0, 0, 0, 
1204, 1, 1133, 1188, -1, 102, 69, 155.0, 17, ABpraaapaa, 0, 0, 0, 0, , 0, 0, 0, 0, 0, 
1205, 1, 1134, 1189, -1, 118, 55, 143.0, 14, ABpraaapap, 0, 0, 0, 0, , 0, 0, 0, 0, 0, 
1206, 1, 1135, 1190, -1, 172, 122, 124.0, 15, Ealpa, 0, 0, 0, 0, , 0, 0, 0, 0, 0, 
1207, 1, 1136, 1191, -1, 203, 115, 115.0, 15, Ealpp, 0, 0, 0, 0, , 0, 0, 0, 0, 0, 
1208, 1, 1137, 1192, -1, 155, 78, 107.0, 15, Earaa, 0, 0, 0, 0, , 0, 0, 0, 0, 0, 
1209, 1, 1138, 1193, -1, 186, 79, 123.0, 15, Earap, 0, 0, 0, 0, , 0, 0, 0, 0, 0, 
1210, 1, 1139, 1194, -1, 179, 93, 142.0, 15, Earpa, 0, 0, 0, 0, , 0, 0, 0, 0, 0, 
1211, 1, 1140, 1195, -1, 216, 92, 128.0, 15, Earpp, 0, 0, 0, 0, , 0, 0, 0, 0, 0, 
1212, 1, 1141, 1196, -1, 214, 102, 95.0, 14, Eplaa, 0, 0, 0, 0, , 0, 0, 0, 0, 0, 
1213, 1, 1142, 1197, -1, 252, 110, 106.0, 15, Eplap, 0, 0, 0, 0, , 0, 0, 0, 0, 0, 
1214, 1, 1017, 1198, -1, 272, 103, 112.0, 17, Eplpa, 0, 0, 0, 0, , 0, 0, 0, 0, 0, 
1215, 1, 1143, 1200, -1, 202, 65, 123.0, 15, Epraa, 0, 0, 0, 0, , 0, 0, 0, 0, 0, 
1216, 1, 1144, 1201, -1, 239, 87, 102.0, 16, Eprap, 0, 0, 0, 0, , 0, 0, 0, 0, 0, 
1217, 1, 1145, 1202, -1, 271, 91, 147.0, 13, Eprpp, 0, 0, 0, 0, , 0, 0, 0, 0, 0, 
1218, 1, 1146, 1203, -1, 258, 99, 74.0, 15, Caaaaa, 0, 0, 0, 0, , 0, 0, 0, 0, 0, 
1219, 1, 1147, 1204, -1, 289, 97, 87.0, 16, Caaaap, 0, 0, 0, 0, , 0, 0, 0, 0, 0, 
1220, 1, 1148, 1205, -1, 319, 121, 122.0, 17, Caaapp, 0, 0, 0, 0, , 0, 0, 0, 0, 0, 
1221, 1, 1021, 1208, -1, 308, 138, 160.0, 15, Caappv, 0, 0, 0, 0, , 0, 0, 0, 0, 0, 
1222, 1, 1149, 1210, -1, 251, 129, 111.0, 17, Cappaa, 0, 0, 0, 0, , 0, 0, 0, 0, 0, 
1223, 1, 1150, 1211, -1, 278, 142, 124.0, 14, Cappap, 0, 0, 0, 0, , 0, 0, 0, 0, 0, 
1224, 1, 1152, 1213, -1, 294, 140, 127.0, 17, Capppa, 0, 0, 0, 0, , 0, 0, 0, 0, 0, 
1225, 1, 1153, 1214, -1, 242, 65, 85.0, 17, Cpaaaa, 0, 0, 0, 0, , 0, 0, 0, 0, 0, 
1226, 1, 1154, 1215, -1, 268, 60, 108.0, 19, Cpaaap, 0, 0, 0, 0, , 0, 0, 0, 0, 0, 
1227, 1, 1155, 1216, -1, 290, 70, 111.0, 17, Cpaapa, 0, 0, 0, 0, , 0, 0, 0, 0, 0, 
1228, 1, 1156, 1217, -1, 318, 89, 130.0, 17, Cpaapp, 0, 0, 0, 0, , 0, 0, 0, 0, 0, 
1229, 1, 1157, 1218, -1, 322, 119, 140.0, 15, Cpapaa, 0, 0, 0, 0, , 0, 0, 0, 0, 0, 
1230, 1, 1158, 1219, -1, 321, 89, 155.0, 15, Cpapap, 0, 0, 0, 0, , 0, 0, 0, 0, 0, 
1231, 1, 1159, 1220, -1, 318, 104, 166.0, 15, Cpappd, 0, 0, 0, 0, , 0, 0, 0, 0, 0, 
1232, 1, 1160, 1221, -1, 306, 128, 179.0, 15, Cpappv, 0, 0, 0, 0, , 0, 0, 0, 0, 0, 
1233, 1, 1161, 1222, -1, 251, 71, 157.0, 15, Cpppaa, 0, 0, 0, 0, , 0, 0, 0, 0, 0, 
1234, 1, 1162, 1223, -1, 288, 80, 160.0, 14, Cpppap, 0, 0, 0, 0, , 0, 0, 0, 0, 0, 
1235, 1, 1163, 1224, -1, 284, 95, 166.0, 15, Cppppa, 0, 0, 0, 0, , 0, 0, 0, 0, 0, 
1236, 1, 1164, 1225, -1, 294, 123, 162.0, 14, Cppppp, 0, 0, 0, 0, , 0, 0, 0, 0, 0, 
1237, 1, 1165, 1226, -1, 192, 149, 114.0, 16, Daaa, 0, 0, 0, 0, , 0, 0, 0, 0, 0, 
1238, 1, 1166, 1227, -1, 210, 150, 129.0, 14, Daap, 0, 0, 0, 0, , 0, 0, 0, 0, 0, 
1239, 1, 1167, 1228, -1, 212, 144, 114.0, 16, Dapa, 0, 0, 0, 0, , 0, 0, 0, 0, 0, 
1240, 1, 1168, 1229, -1, 232, 128, 112.0, 16, Dapp, 0, 0, 0, 0, , 0, 0, 0, 0, 0, 
1241, 1, 1169, 1230, -1, 196, 75, 169.0, 16, Dpaa, 0, 0, 0, 0, , 0, 0, 0, 0, 0, 
1242, 1, 1170, 1231, -1, 213, 95, 179.0, 16, Dpap, 0, 0, 0, 0, , 0, 0, 0, 0, 0, 
1243, 1, 1171, 1232, -1, 221, 81, 170.0, 16, Dppa, 0, 0, 0, 0, , 0, 0, 0, 0, 0, 
1244, 1, 1172, 1233, -1, 231, 73, 151.0, 16, Dppp, 0, 0, 0, 0, , 0, 0, 0, 0, 0, 
1245, 1, 1173, 1234, -1, 128, 38, 130.0, 14, ABpraapaap, 0, 0, 0, 0, , 0, 0, 0, 0, 0, 
1246, 1, 1174, 1236, -1, 122, 153, 67.5, 13, ABalpppapp, 0, 0, 0, 0, , 0, 0, 0, 0, 0, 
1247, 1, 1175, 1237, -1, 299, 96, 191.0, 15, ABprappppa, 0, 0, 0, 0, , 0, 0, 0, 0, 0, 
1248, 1, 1176, 1238, -1, 298, 113, 182.0, 17, ABprappppp, 0, 0, 0, 0, , 0, 0, 0, 0, 0, 
1249, 1, 1177, 1239, -1, 103, 165, 97.5, 14, ABalppaapp, 0, 0, 0, 0, , 0, 0, 0, 0, 0, 
