1, 0, 1, -1, -1, 185, 102, 196.0, 9, , 48, 0, 0, 0, , 0, 0, 0, 0, 0, 
2, 0, 3, -1, -1, 204, 77, 199.0, 10, , 46, 0, 0, 0, , 0, 0, 0, 0, 0, 
3, 0, 4, -1, -1, 134, 109, 208.0, 9, , 31, 0, 0, 0, , 0, 0, 0, 0, 0, 
4, 0, 5, -1, -1, 128, 126, 186.0, 7, , 36, 0, 0, 0, , 0, 0, 0, 0, 0, 
5, 0, 6, -1, -1, 178, 50, 183.0, 9, , 39, 0, 0, 0, , 0, 0, 0, 0, 0, 
6, 0, 7, -1, -1, 218, 46, 152.0, 9, , 121, 0, 0, 0, , 0, 0, 0, 0, 0, 
7, 0, 8, -1, -1, 145, 119, 191.0, 10, , 62, 0, 0, 0, , 0, 0, 0, 0, 0, 
8, 0, 9, -1, -1, 128, 126, 183.0, 9, , 103, 0, 0, 0, , 0, 0, 0, 0, 0, 
9, 0, 10, -1, -1, 139, 50, 178.0, 11, , 151, 0, 0, 0, , 0, 0, 0, 0, 0, 
10, 0, 12, -1, -1, 154, 87, 199.0, 11, , 109, 0, 0, 0, , 0, 0, 0, 0, 0, 
11, 0, 13, -1, -1, 202, 169, 166.0, 11, , 40, 0, 0, 0, , 0, 0, 0, 0, 0, 
12, 0, 14, -1, -1, 239, 50, 165.0, 11, , 148, 0, 0, 0, , 0, 0, 0, 0, 0, 
13, 0, 16, -1, -1, 235, 55, 183.0, 9, , 84, 0, 0, 0, , 0, 0, 0, 0, 0, 
14, 0, 18, -1, -1, 130, 91, 207.0, 13, , 98, 0, 0, 0, , 0, 0, 0, 0, 0, 
15, 0, 19, -1, -1, 188, 43, 146.0, 11, , 98, 0, 0, 0, , 0, 0, 0, 0, 0, 
16, 0, 20, -1, -1, 85, 107, 193.0, 11, , 84, 0, 0, 0, , 0, 0, 0, 0, 0, 
17, 0, 21, -1, -1, 131, 91, 204.0, 13, , 241, 0, 0, 0, , 0, 0, 0, 0, 0, 
18, 0, 22, -1, -1, 151, 138, 197.0, 9, , 58, 0, 0, 0, , 0, 0, 0, 0, 0, 
19, 0, 23, -1, -1, 155, 137, 202.0, 13, , 116, 0, 0, 0, , 0, 0, 0, 0, 0, 
20, 0, 24, -1, -1, 123, 38, 128.0, 9, , 43, 0, 0, 0, , 0, 0, 0, 0, 0, 
21, 0, 25, -1, -1, 276, 63, 178.0, 10, , 29, 0, 0, 0, , 0, 0, 0, 0, 0, 
22, 0, 26, -1, -1, 93, 91, 201.0, 9, , 35, 0, 0, 0, , 0, 0, 0, 0, 0, 
23, 0, 27, -1, -1, 86, 108, 198.0, 11, , 75, 0, 0, 0, , 0, 0, 0, 0, 0, 
24, 0, 28, -1, -1, 103, 108, 196.0, 9, , 38, 0, 0, 0, , 0, 0, 0, 0, 0, 
25, 0, 29, -1, -1, 154, 105, 211.0, 13, , 120, 0, 0, 0, , 0, 0, 0, 0, 0, 
26, 0, 30, -1, -1, 76, 66, 133.0, 9, , 60, 0, 0, 0, , 0, 0, 0, 0, 0, 
27, 0, 32, -1, -1, 143, 62, 193.0, 10, , 58, 0, 0, 0, , 0, 0, 0, 0, 0, 
28, 0, 33, -1, -1, 155, 137, 202.0, 15, , 141, 0, 0, 0, , 0, 0, 0, 0, 0, 
29, 0, 34, -1, -1, 132, 91, 205.0, 15, , 217, 0, 0, 0, , 0, 0, 0, 0, 0, 
30, 0, 35, -1, -1, 257, 120, 185.0, 9, , 44, 0, 0, 0, , 0, 0, 0, 0, 0, 
31, 0, 36, -1, -1, 55, 143, 112.0, 9, , 73, 0, 0, 0, , 0, 0, 0, 0, 0, 
32, 0, 37, -1, -1, 163, 31, 135.0, 11, , 88, 0, 0, 0, , 0, 0, 0, 0, 0, 
33, 0, 38, -1, -1, 257, 66, 188.0, 7, , 27, 0, 0, 0, , 0, 0, 0, 0, 0, 
34, 0, 39, -1, -1, 258, 66, 186.0, 9, , 35, 0, 0, 0, , 0, 0, 0, 0, 0, 
35, 0, 40, -1, -1, 256, 50, 161.0, 9, , 52, 0, 0, 0, , 0, 0, 0, 0, 0, 
36, 0, 41, -1, -1, 151, 50, 186.0, 9, , 48, 0, 0, 0, , 0, 0, 0, 0, 0, 
37, 0, 42, -1, -1, 107, 69, 156.0, 9, , 21, 0, 0, 0, , 0, 0, 0, 0, 0, 
38, 0, 43, -1, -1, 131, 53, 157.0, 11, , 119, 0, 0, 0, , 0, 0, 0, 0, 0, 
39, 0, 44, -1, -1, 72, 89, 179.0, 10, , 89, 0, 0, 0, , 0, 0, 0, 0, 0, 
40, 0, 45, -1, -1, 145, 119, 185.0, 13, , 169, 0, 0, 0, , 0, 0, 0, 0, 0, 
41, 0, 46, -1, -1, 194, 62, 200.0, 11, , 50, 0, 0, 0, , 0, 0, 0, 0, 0, 
42, 0, 47, -1, -1, 238, 91, 208.0, 15, , 281, 0, 0, 0, , 0, 0, 0, 0, 0, 
43, 0, 48, -1, -1, 140, 165, 140.0, 9, , 34, 0, 0, 0, , 0, 0, 0, 0, 0, 
44, 0, 49, -1, -1, 272, 129, 175.0, 11, , 105, 0, 0, 0, , 0, 0, 0, 0, 0, 
45, 0, 50, -1, -1, 60, 119, 111.0, 11, , 36, 0, 0, 0, , 0, 0, 0, 0, 0, 
46, 0, 51, -1, -1, 57, 119, 109.0, 9, , 29, 0, 0, 0, , 0, 0, 0, 0, 0, 
47, 0, 52, -1, -1, 236, 50, 160.0, 9, , 72, 0, 0, 0, , 0, 0, 0, 0, 0, 
48, 0, 53, -1, -1, 71, 82, 172.0, 11, , 127, 0, 0, 0, , 0, 0, 0, 0, 0, 
49, 0, 54, -1, -1, 155, 52, 181.0, 11, , 115, 0, 0, 0, , 0, 0, 0, 0, 0, 
50, 0, 55, -1, -1, 250, 109, 199.0, 13, , 81, 0, 0, 0, , 0, 0, 0, 0, 0, 
51, 0, 56, -1, -1, 128, 99, 192.0, 11, , 63, 0, 0, 0, , 0, 0, 0, 0, 0, 
52, 0, 57, -1, -1, 268, 75, 189.0, 10, , 31, 0, 0, 0, , 0, 0, 0, 0, 0, 
53, 0, 58, -1, -1, 177, 52, 192.0, 10, , 71, 0, 0, 0, , 0, 0, 0, 0, 0, 
54, 0, 59, -1, -1, 172, 52, 189.0, 9, , 154, 0, 0, 0, , 0, 0, 0, 0, 0, 
55, 0, 60, -1, -1, 162, 100, 199.0, 10, , 51, 0, 0, 0, , 0, 0, 0, 0, 0, 
56, 0, 61, -1, -1, 170, 99, 199.0, 9, , 67, 0, 0, 0, , 0, 0, 0, 0, 0, 
57, 0, 62, -1, -1, 180, 109, 211.0, 11, , 128, 0, 0, 0, , 0, 0, 0, 0, 0, 
58, 0, 63, -1, -1, 219, 78, 203.0, 9, , 38, 0, 0, 0, , 0, 0, 0, 0, 0, 
59, 0, 64, -1, -1, 237, 93, 203.0, 13, , 90, 0, 0, 0, , 0, 0, 0, 0, 0, 
60, 0, 65, -1, -1, 146, 121, 180.0, 11, , 71, 0, 0, 0, , 0, 0, 0, 0, 0, 
61, 0, 66, -1, -1, 248, 68, 184.0, 10, , 45, 0, 0, 0, , 0, 0, 0, 0, 0, 
62, 0, 67, -1, -1, 159, 60, 197.0, 10, , 38, 0, 0, 0, , 0, 0, 0, 0, 0, 
63, 0, 68, -1, -1, 262, 96, 207.0, 11, , 73, 0, 0, 0, , 0, 0, 0, 0, 0, 
64, 0, 69, -1, -1, 238, 91, 211.0, 13, , 117, 0, 0, 0, , 0, 0, 0, 0, 0, 
65, 0, 70, -1, -1, 138, 34, 142.0, 9, , 52, 0, 0, 0, , 0, 0, 0, 0, 0, 
66, 0, 71, -1, -1, 92, 98, 70.0, 9, , 46, 0, 0, 0, , 0, 0, 0, 0, 0, 
67, 0, 72, -1, -1, 82, 92, 95.0, 7, , 22, 0, 0, 0, , 0, 0, 0, 0, 0, 
68, 0, 73, -1, -1, 90, 58, 154.0, 9, , 32, 0, 0, 0, , 0, 0, 0, 0, 0, 
69, 0, 74, -1, -1, 276, 70, 175.0, 9, , 41, 0, 0, 0, , 0, 0, 0, 0, 0, 
70, 0, 75, -1, -1, 122, 51, 179.0, 15, , 89, 0, 0, 0, , 0, 0, 0, 0, 0, 
71, 0, 76, -1, -1, 192, 154, 182.0, 9, , 63, 0, 0, 0, , 0, 0, 0, 0, 0, 
72, 0, 77, -1, -1, 124, 75, 188.0, 13, , 300, 0, 0, 0, , 0, 0, 0, 0, 0, 
73, 0, 78, -1, -1, 116, 98, 203.0, 9, , 35, 0, 0, 0, , 0, 0, 0, 0, 0, 
74, 0, 79, -1, -1, 132, 89, 200.0, 9, , 93, 0, 0, 0, , 0, 0, 0, 0, 0, 
75, 0, 80, -1, -1, 186, 104, 203.0, 11, , 124, 0, 0, 0, , 0, 0, 0, 0, 0, 
76, 0, 81, -1, -1, 154, 31, 139.0, 9, , 40, 0, 0, 0, , 0, 0, 0, 0, 0, 
77, 0, 82, -1, -1, 183, 41, 163.0, 9, , 24, 0, 0, 0, , 0, 0, 0, 0, 0, 
78, 0, 83, -1, -1, 310, 89, 172.0, 9, , 48, 0, 0, 0, , 0, 0, 0, 0, 0, 
79, 0, 85, -1, -1, 138, 52, 180.0, 13, , 309, 0, 0, 0, , 0, 0, 0, 0, 0, 
80, 0, 86, -1, -1, 190, 59, 199.0, 13, , 213, 0, 0, 0, , 0, 0, 0, 0, 0, 
81, 0, 89, -1, -1, 259, 52, 168.0, 15, , 143, 0, 0, 0, , 0, 0, 0, 0, 0, 
82, 0, 90, -1, -1, 128, 52, 160.0, 10, , 103, 0, 0, 0, , 0, 0, 0, 0, 0, 
83, 0, 91, -1, -1, 148, 64, 195.0, 10, , 91, 0, 0, 0, , 0, 0, 0, 0, 0, 
84, 0, 92, -1, -1, 185, 102, 199.0, 11, , 80, 0, 0, 0, , 0, 0, 0, 0, 0, 
85, 0, 93, -1, -1, 155, 120, 203.0, 11, , 67, 0, 0, 0, , 0, 0, 0, 0, 0, 
86, 0, 94, -1, -1, 111, 95, 198.0, 9, , 27, 0, 0, 0, , 0, 0, 0, 0, 0, 
87, 0, 95, -1, -1, 119, 131, 203.0, 13, , 228, 0, 0, 0, , 0, 0, 0, 0, 0, 
88, 0, 96, -1, -1, 99, 70, 154.0, 9, , 36, 0, 0, 0, , 0, 0, 0, 0, 0, 
89, 0, 97, -1, -1, 75, 91, 92.0, 10, , 70, 0, 0, 0, , 0, 0, 0, 0, 0, 
90, 0, 99, -1, -1, 76, 158, 106.0, 13, , 43, 0, 0, 0, , 0, 0, 0, 0, 0, 
91, 0, 101, -1, -1, 116, 52, 146.0, 11, , 88, 0, 0, 0, , 0, 0, 0, 0, 0, 
92, 0, 102, -1, -1, 80, 156, 144.0, 10, , 27, 0, 0, 0, , 0, 0, 0, 0, 0, 
93, 0, 103, -1, -1, 159, 46, 155.0, 11, , 28, 0, 0, 0, , 0, 0, 0, 0, 0, 
94, 0, 104, -1, -1, 71, 83, 165.0, 9, , 96, 0, 0, 0, , 0, 0, 0, 0, 0, 
95, 0, 105, -1, -1, 130, 144, 160.0, 9, , 61, 0, 0, 0, , 0, 0, 0, 0, 0, 
96, 0, 106, -1, -1, 69, 104, 168.0, 11, , 56, 0, 0, 0, , 0, 0, 0, 0, 0, 
97, 0, 107, -1, -1, 151, 170, 176.0, 11, , 83, 0, 0, 0, , 0, 0, 0, 0, 0, 
98, 0, 108, -1, -1, 70, 92, 176.0, 9, , 70, 0, 0, 0, , 0, 0, 0, 0, 0, 
99, 0, 109, -1, -1, 136, 82, 175.0, 7, , 17, 0, 0, 0, , 0, 0, 0, 0, 0, 
100, 0, 110, -1, -1, 95, 63, 176.0, 7, , 21, 0, 0, 0, , 0, 0, 0, 0, 0, 
101, 0, 111, -1, -1, 74, 92, 188.0, 9, , 46, 0, 0, 0, , 0, 0, 0, 0, 0, 
102, 0, 112, -1, -1, 117, 121, 183.0, 9, , 43, 0, 0, 0, , 0, 0, 0, 0, 0, 
103, 0, 113, -1, -1, 174, 57, 186.0, 9, , 35, 0, 0, 0, , 0, 0, 0, 0, 0, 
104, 0, 114, -1, -1, 124, 76, 186.0, 13, , 585, 0, 0, 0, , 0, 0, 0, 0, 0, 
105, 0, 115, -1, -1, 145, 66, 189.0, 11, , 169, 0, 0, 0, , 0, 0, 0, 0, 0, 
106, 0, 116, -1, -1, 135, 139, 201.0, 9, , 71, 0, 0, 0, , 0, 0, 0, 0, 0, 
107, 0, 117, -1, -1, 260, 97, 201.0, 9, , 60, 0, 0, 0, , 0, 0, 0, 0, 0, 
108, 0, 118, -1, -1, 83, 144, 92.0, 10, , 27, 0, 0, 0, , 0, 0, 0, 0, 0, 
109, 0, 119, -1, -1, 133, 34, 129.0, 9, , 55, 0, 0, 0, , 0, 0, 0, 0, 0, 
110, 0, 121, -1, -1, 138, 52, 176.0, 11, , 319, 0, 0, 0, , 0, 0, 0, 0, 0, 
111, 0, 122, -1, -1, 123, 127, 195.0, 10, , 50, 0, 0, 0, , 0, 0, 0, 0, 0, 
112, 0, 123, -1, -1, 155, 162, 140.0, 10, , 9, 0, 0, 0, , 0, 0, 0, 0, 0, 
113, 0, 124, -1, -1, 123, 75, 194.0, 11, , 116, 0, 0, 0, , 0, 0, 0, 0, 0, 
114, 0, 125, -1, -1, 138, 133, 203.0, 11, , 104, 0, 0, 0, , 0, 0, 0, 0, 0, 
115, 0, 126, -1, -1, 130, 114, 204.0, 13, , 247, 0, 0, 0, , 0, 0, 0, 0, 0, 
116, 0, 127, -1, -1, 305, 154, 139.0, 9, , 40, 0, 0, 0, , 0, 0, 0, 0, 0, 
117, 0, 128, -1, -1, 91, 106, 146.0, 9, , 31, 0, 0, 0, , 0, 0, 0, 0, 0, 
118, 0, 129, -1, -1, 201, 177, 148.0, 11, , 73, 0, 0, 0, , 0, 0, 0, 0, 0, 
119, 0, 131, -1, -1, 95, 99, 157.0, 9, , 24, 0, 0, 0, , 0, 0, 0, 0, 0, 
120, 0, 132, -1, -1, 274, 71, 181.0, 9, , 65, 0, 0, 0, , 0, 0, 0, 0, 0, 
121, 0, 133, -1, -1, 159, 172, 173.0, 9, , 27, 0, 0, 0, , 0, 0, 0, 0, 0, 
122, 0, 134, -1, -1, 262, 79, 187.0, 11, , 113, 0, 0, 0, , 0, 0, 0, 0, 0, 
123, 0, 135, -1, -1, 153, 89, 195.0, 11, , 39, 0, 0, 0, , 0, 0, 0, 0, 0, 
124, 0, 137, -1, -1, 221, 131, 203.0, 9, , 17, 0, 0, 0, , 0, 0, 0, 0, 0, 
125, 0, 138, -1, -1, 207, 38, 142.0, 9, , 45, 0, 0, 0, , 0, 0, 0, 0, 0, 
126, 0, 139, -1, -1, 312, 87, 180.0, 9, , 51, 0, 0, 0, , 0, 0, 0, 0, 0, 
127, 0, 140, -1, -1, 193, 41, 169.0, 9, , 17, 0, 0, 0, , 0, 0, 0, 0, 0, 
128, 0, 142, -1, -1, 197, 81, 199.0, 10, , 40, 0, 0, 0, , 0, 0, 0, 0, 0, 
129, 0, 143, -1, -1, 100, 54, 94.0, 9, , 27, 0, 0, 0, , 0, 0, 0, 0, 0, 
130, 0, 144, -1, -1, 108, 40, 118.0, 9, , 26, 0, 0, 0, , 0, 0, 0, 0, 0, 
131, 0, 145, -1, -1, 131, 120, 126.0, 10, , 71, 0, 0, 0, , 0, 0, 0, 0, 0, 
132, 0, 146, -1, -1, 155, 95, 137.0, 10, , 62, 0, 0, 0, , 0, 0, 0, 0, 0, 
133, 0, 147, -1, -1, 152, 95, 143.0, 10, , 44, 0, 0, 0, , 0, 0, 0, 0, 0, 
134, 0, 149, -1, -1, 143, 91, 182.0, 9, , 36, 0, 0, 0, , 0, 0, 0, 0, 0, 
135, 0, 150, -1, -1, 285, 129, 186.0, 9, , 114, 0, 0, 0, , 0, 0, 0, 0, 0, 
136, 0, 151, -1, -1, 159, 50, 189.0, 10, , 66, 0, 0, 0, , 0, 0, 0, 0, 0, 
137, 0, 152, -1, -1, 283, 87, 191.0, 11, , 93, 0, 0, 0, , 0, 0, 0, 0, 0, 
138, 0, 153, -1, -1, 105, 108, 193.0, 9, , 57, 0, 0, 0, , 0, 0, 0, 0, 0, 
139, 0, 154, -1, -1, 133, 116, 200.0, 9, , 29, 0, 0, 0, , 0, 0, 0, 0, 0, 
140, 0, 156, -1, -1, 137, 134, 206.0, 11, , 189, 0, 0, 0, , 0, 0, 0, 0, 0, 
141, 0, 157, -1, -1, 131, 99, 191.0, 15, , 160, 0, 0, 0, , 0, 0, 0, 0, 0, 
142, 0, 158, -1, -1, 159, 137, 195.0, 11, , 85, 0, 0, 0, , 0, 0, 0, 0, 0, 
143, 0, 159, -1, -1, 114, 98, 201.0, 9, , 70, 0, 0, 0, , 0, 0, 0, 0, 0, 
144, 0, 160, -1, -1, 129, 114, 211.0, 11, , 47, 0, 0, 0, , 0, 0, 0, 0, 0, 
145, 0, 161, -1, -1, 156, 92, 145.0, 15, , 150, 0, 0, 0, , 0, 0, 0, 0, 0, 
146, 0, 162, -1, -1, 140, 82, 177.0, 9, , 51, 0, 0, 0, , 0, 0, 0, 0, 0, 
147, 0, 163, -1, -1, 206, 46, 146.0, 10, , 50, 0, 0, 0, , 0, 0, 0, 0, 0, 
148, 0, 165, -1, -1, 177, 181, 128.0, 9, , 73, 0, 0, 0, , 0, 0, 0, 0, 0, 
149, 0, 166, -1, -1, 106, 40, 131.0, 13, , 161, 0, 0, 0, , 0, 0, 0, 0, 0, 
150, 0, 167, -1, -1, 51, 93, 141.0, 7, , 29, 0, 0, 0, , 0, 0, 0, 0, 0, 
151, 0, 168, -1, -1, 82, 126, 142.0, 11, , 86, 0, 0, 0, , 0, 0, 0, 0, 0, 
152, 0, 169, -1, -1, 314, 71, 161.0, 15, , 128, 0, 0, 0, , 0, 0, 0, 0, 0, 
153, 0, 170, -1, -1, 274, 148, 165.0, 9, , 124, 0, 0, 0, , 0, 0, 0, 0, 0, 
154, 0, 171, -1, -1, 130, 142, 165.0, 11, , 85, 0, 0, 0, , 0, 0, 0, 0, 0, 
155, 0, 172, -1, -1, 193, 154, 176.0, 9, , 37, 0, 0, 0, , 0, 0, 0, 0, 0, 
156, 0, 173, -1, -1, 131, 116, 175.0, 9, , 76, 0, 0, 0, , 0, 0, 0, 0, 0, 
157, 0, 174, -1, -1, 129, 116, 173.0, 11, , 96, 0, 0, 0, , 0, 0, 0, 0, 0, 
158, 0, 175, -1, -1, 250, 63, 186.0, 9, , 51, 0, 0, 0, , 0, 0, 0, 0, 0, 
159, 0, 176, -1, -1, 170, 99, 203.0, 9, , 65, 0, 0, 0, , 0, 0, 0, 0, 0, 
160, 0, 177, -1, -1, 113, 96, 210.0, 9, , 54, 0, 0, 0, , 0, 0, 0, 0, 0, 
161, 0, 178, -1, -1, 160, 31, 147.0, 13, , 108, 0, 0, 0, , 0, 0, 0, 0, 0, 
162, 0, 179, -1, -1, 253, 49, 166.0, 10, , 67, 0, 0, 0, , 0, 0, 0, 0, 0, 
163, 0, 180, -1, -1, 220, 77, 206.0, 9, , 101, 0, 0, 0, , 0, 0, 0, 0, 0, 
164, 0, 181, -1, -1, 175, 41, 163.0, 9, , 59, 0, 0, 0, , 0, 0, 0, 0, 0, 
165, 0, 182, -1, -1, 90, 100, 63.0, 13, , 40, 0, 0, 0, , 0, 0, 0, 0, 0, 
166, 0, 183, -1, -1, 161, 159, 122.0, 7, , 14, 0, 0, 0, , 0, 0, 0, 0, 0, 
167, 0, 184, -1, -1, 159, 182, 123.0, 11, , 173, 0, 0, 0, , 0, 0, 0, 0, 0, 
168, 0, 185, -1, -1, 165, 31, 139.0, 9, , 54, 0, 0, 0, , 0, 0, 0, 0, 0, 
169, 0, 186, -1, -1, 132, 145, 156.0, 9, , 98, 0, 0, 0, , 0, 0, 0, 0, 0, 
170, 0, 187, -1, -1, 191, 60, 191.0, 11, , 178, 0, 0, 0, , 0, 0, 0, 0, 0, 
171, 0, 188, -1, -1, 187, 106, 192.0, 9, , 30, 0, 0, 0, , 0, 0, 0, 0, 0, 
172, 0, 189, -1, -1, 123, 74, 197.0, 9, , 36, 0, 0, 0, , 0, 0, 0, 0, 0, 
173, 0, 190, -1, -1, 164, 98, 204.0, 9, , 50, 0, 0, 0, , 0, 0, 0, 0, 0, 
174, 0, 193, -1, -1, 125, 142, 180.0, 11, , 61, 0, 0, 0, , 0, 0, 0, 0, 0, 
175, 0, 194, -1, -1, 241, 94, 205.0, 9, , 47, 0, 0, 0, , 0, 0, 0, 0, 0, 
176, 0, 195, -1, -1, 238, 93, 200.0, 9, , 38, 0, 0, 0, , 0, 0, 0, 0, 0, 
177, 0, 196, -1, -1, 137, 32, 106.0, 11, , 81, 0, 0, 0, , 0, 0, 0, 0, 0, 
178, 0, 197, -1, -1, 266, 96, 201.0, 11, , 79, 0, 0, 0, , 0, 0, 0, 0, 0, 
179, 0, 198, -1, -1, 216, 180, 154.0, 10, , 17, 0, 0, 0, , 0, 0, 0, 0, 0, 
180, 0, 199, -1, -1, 68, 153, 109.0, 10, , 4, 0, 0, 0, , 0, 0, 0, 0, 0, 
181, 0, 200, -1, -1, 161, 169, 123.0, 9, , 85, 0, 0, 0, , 0, 0, 0, 0, 0, 
182, 0, 201, -1, -1, 108, 46, 152.0, 11, , 40, 0, 0, 0, , 0, 0, 0, 0, 0, 
183, 0, 202, -1, -1, 156, 50, 183.0, 11, , 204, 0, 0, 0, , 0, 0, 0, 0, 0, 
184, 0, 203, -1, -1, 162, 68, 195.0, 10, , 22, 0, 0, 0, , 0, 0, 0, 0, 0, 
185, 0, 204, -1, -1, 50, 109, 89.0, 9, , 169, 0, 0, 0, , 0, 0, 0, 0, 0, 
186, 0, 205, -1, -1, 103, 166, 100.0, 11, , 97, 0, 0, 0, , 0, 0, 0, 0, 0, 
187, 0, 206, -1, -1, 145, 169, 104.0, 9, , 98, 0, 0, 0, , 0, 0, 0, 0, 0, 
188, 0, 207, -1, -1, 150, 163, 111.0, 10, , 58, 0, 0, 0, , 0, 0, 0, 0, 0, 
189, 0, 208, -1, -1, 187, 46, 138.0, 9, , 62, 0, 0, 0, , 0, 0, 0, 0, 0, 
190, 0, 209, -1, -1, 55, 94, 140.0, 11, , 45, 0, 0, 0, , 0, 0, 0, 0, 0, 
191, 0, 210, -1, -1, 121, 125, 143.0, 10, , 35, 0, 0, 0, , 0, 0, 0, 0, 0, 
192, 0, 211, -1, -1, 220, 46, 155.0, 9, , 65, 0, 0, 0, , 0, 0, 0, 0, 0, 
193, 0, 213, -1, -1, 105, 122, 157.0, 9, , 58, 0, 0, 0, , 0, 0, 0, 0, 0, 
194, 0, 214, -1, -1, 103, 120, 159.0, 9, , 54, 0, 0, 0, , 0, 0, 0, 0, 0, 
195, 0, 215, -1, -1, 117, 68, 168.0, 11, , 41, 0, 0, 0, , 0, 0, 0, 0, 0, 
196, 0, 216, -1, -1, 277, 64, 174.0, 9, , 72, 0, 0, 0, , 0, 0, 0, 0, 0, 
197, 0, 217, -1, -1, 276, 68, 172.0, 9, , 74, 0, 0, 0, , 0, 0, 0, 0, 0, 
198, 0, 218, -1, -1, 140, 82, 181.0, 9, , 19, 0, 0, 0, , 0, 0, 0, 0, 0, 
199, 0, 219, -1, -1, 144, 67, 186.0, 9, , 148, 0, 0, 0, , 0, 0, 0, 0, 0, 
200, 0, 220, -1, -1, 188, 58, 195.0, 11, , 52, 0, 0, 0, , 0, 0, 0, 0, 0, 
201, 0, 221, -1, -1, 194, 60, 194.0, 11, , 88, 0, 0, 0, , 0, 0, 0, 0, 0, 
202, 0, 222, -1, -1, 84, 108, 197.0, 11, , 89, 0, 0, 0, , 0, 0, 0, 0, 0, 
203, 0, 223, -1, -1, 123, 127, 200.0, 9, , 93, 0, 0, 0, , 0, 0, 0, 0, 0, 
204, 0, 224, -1, -1, 137, 132, 200.0, 7, , 43, 0, 0, 0, , 0, 0, 0, 0, 0, 
205, 0, 225, -1, -1, 213, 134, 199.0, 9, , 39, 0, 0, 0, , 0, 0, 0, 0, 0, 
206, 0, 226, -1, -1, 203, 94, 204.0, 11, , 167, 0, 0, 0, , 0, 0, 0, 0, 0, 
207, 0, 227, -1, -1, 221, 94, 203.0, 9, , 45, 0, 0, 0, , 0, 0, 0, 0, 0, 
208, 0, 228, -1, -1, 103, 40, 124.0, 11, , 165, 0, 0, 0, , 0, 0, 0, 0, 0, 
209, 0, 229, -1, -1, 204, 175, 149.0, 9, , 43, 0, 0, 0, , 0, 0, 0, 0, 0, 
210, 0, 230, -1, -1, 198, 178, 145.0, 11, , 68, 0, 0, 0, , 0, 0, 0, 0, 0, 
211, 0, 232, -1, -1, 139, 77, 195.0, 11, , 69, 0, 0, 0, , 0, 0, 0, 0, 0, 
212, 0, 233, -1, -1, 196, 81, 201.0, 9, , 66, 0, 0, 0, , 0, 0, 0, 0, 0, 
213, 0, 234, -1, -1, 203, 95, 206.0, 9, , 53, 0, 0, 0, , 0, 0, 0, 0, 0, 
214, 0, 235, -1, -1, 230, 111, 211.0, 9, , 74, 0, 0, 0, , 0, 0, 0, 0, 0, 
215, 0, 236, -1, -1, 255, 83, 200.0, 9, , 52, 0, 0, 0, , 0, 0, 0, 0, 0, 
216, 0, 237, -1, -1, 137, 34, 147.0, 13, , 106, 0, 0, 0, , 0, 0, 0, 0, 0, 
217, 0, 238, -1, -1, 88, 145, 82.0, 11, , 94, 0, 0, 0, , 0, 0, 0, 0, 0, 
218, 0, 239, -1, -1, 141, 166, 109.0, 13, , 36, 0, 0, 0, , 0, 0, 0, 0, 0, 
219, 0, 240, -1, -1, 101, 166, 132.0, 11, , 95, 0, 0, 0, , 0, 0, 0, 0, 0, 
220, 0, 241, -1, -1, 208, 178, 131.0, 11, , 99, 0, 0, 0, , 0, 0, 0, 0, 0, 
221, 0, 242, -1, -1, 49, 121, 142.0, 9, , 8, 0, 0, 0, , 0, 0, 0, 0, 0, 
222, 0, 243, -1, -1, 117, 51, 142.0, 9, , 62, 0, 0, 0, , 0, 0, 0, 0, 0, 
223, 0, 244, -1, -1, 94, 98, 159.0, 9, , 37, 0, 0, 0, , 0, 0, 0, 0, 0, 
224, 0, 245, -1, -1, 241, 51, 168.0, 10, , 122, 0, 0, 0, , 0, 0, 0, 0, 0, 
225, 0, 246, -1, -1, 235, 52, 172.0, 11, , 101, 0, 0, 0, , 0, 0, 0, 0, 0, 
226, 0, 247, -1, -1, 190, 73, 187.0, 11, , 71, 0, 0, 0, , 0, 0, 0, 0, 0, 
227, 0, 248, -1, -1, 142, 78, 203.0, 9, , 100, 0, 0, 0, , 0, 0, 0, 0, 0, 
228, 0, 249, -1, -1, 134, 109, 206.0, 7, , 45, 0, 0, 0, , 0, 0, 0, 0, 0, 
229, 0, 250, -1, -1, 170, 81, 201.0, 9, , 46, 0, 0, 0, , 0, 0, 0, 0, 0, 
230, 0, 251, -1, -1, 198, 116, 208.0, 11, , 91, 0, 0, 0, , 0, 0, 0, 0, 0, 
231, 0, 252, -1, -1, 146, 36, 166.0, 9, , 24, 0, 0, 0, , 0, 0, 0, 0, 0, 
232, 0, 253, -1, -1, 261, 53, 161.0, 7, , 38, 0, 0, 0, , 0, 0, 0, 0, 0, 
233, 0, 255, -1, -1, 129, 100, 197.0, 13, , 77, 0, 0, 0, , 0, 0, 0, 0, 0, 
234, 0, 256, -1, -1, 119, 134, 201.0, 10, , 81, 0, 0, 0, , 0, 0, 0, 0, 0, 
235, 0, 257, -1, -1, 166, 62, 197.0, 9, , 66, 0, 0, 0, , 0, 0, 0, 0, 0, 
236, 0, 258, -1, -1, 219, 75, 210.0, 11, , 108, 0, 0, 0, , 0, 0, 0, 0, 0, 
237, 0, 260, -1, -1, 220, 94, 210.0, 13, , 295, 0, 0, 0, , 0, 0, 0, 0, 0, 
238, 0, 261, -1, -1, 237, 72, 201.0, 9, , 59, 0, 0, 0, , 0, 0, 0, 0, 0, 
239, 0, 262, -1, -1, 235, 74, 195.0, 9, , 65, 0, 0, 0, , 0, 0, 0, 0, 0, 
240, 0, 263, -1, -1, 250, 108, 199.0, 9, , 32, 0, 0, 0, , 0, 0, 0, 0, 0, 
241, 0, 264, -1, -1, 134, 47, 99.0, 10, , 6, 0, 0, 0, , 0, 0, 0, 0, 0, 
242, 0, 265, -1, -1, 106, 167, 108.0, 11, , 25, 0, 0, 0, , 0, 0, 0, 0, 0, 
243, 0, 266, -1, -1, 134, 34, 134.0, 9, , 10, 0, 0, 0, , 0, 0, 0, 0, 0, 
244, 0, 267, -1, -1, 91, 57, 154.0, 11, , 87, 0, 0, 0, , 0, 0, 0, 0, 0, 
245, 0, 268, -1, -1, 55, 126, 159.0, 9, , 50, 0, 0, 0, , 0, 0, 0, 0, 0, 
246, 0, 269, -1, -1, 75, 153, 162.0, 11, , 41, 0, 0, 0, , 0, 0, 0, 0, 0, 
247, 0, 270, -1, -1, 152, 36, 172.0, 9, , 63, 0, 0, 0, , 0, 0, 0, 0, 0, 
248, 0, 271, -1, -1, 283, 129, 182.0, 9, , 71, 0, 0, 0, , 0, 0, 0, 0, 0, 
249, 0, 272, -1, -1, 99, 128, 190.0, 13, , 155, 0, 0, 0, , 0, 0, 0, 0, 0, 
250, 0, 273, -1, -1, 120, 133, 194.0, 9, , 143, 0, 0, 0, , 0, 0, 0, 0, 0, 
251, 0, 274, -1, -1, 217, 74, 201.0, 11, , 101, 0, 0, 0, , 0, 0, 0, 0, 0, 
252, 0, 275, -1, -1, 154, 91, 142.0, 9, , 46, 0, 0, 0, , 0, 0, 0, 0, 0, 
253, 0, 276, -1, -1, 286, 92, 187.0, 10, , 14, 0, 0, 0, , 0, 0, 0, 0, 0, 
254, 0, 277, -1, -1, 299, 99, 188.0, 11, , 98, 0, 0, 0, , 0, 0, 0, 0, 0, 
255, 0, 278, -1, -1, 263, 49, 164.0, 9, , 37, 0, 0, 0, , 0, 0, 0, 0, 0, 
256, 0, 279, -1, -1, 50, 120, 150.0, 11, , 53, 0, 0, 0, , 0, 0, 0, 0, 0, 
257, 0, 280, -1, -1, 130, 97, 56.0, 10, , 51, 0, 0, 0, , 0, 0, 0, 0, 0, 
258, 0, 281, -1, -1, 56, 144, 117.0, 13, , 337, 0, 0, 0, , 0, 0, 0, 0, 0, 
259, 0, 282, -1, -1, 137, 178, 118.0, 11, , 64, 0, 0, 0, , 0, 0, 0, 0, 0, 
260, 0, 283, -1, -1, 121, 40, 128.0, 11, , 70, 0, 0, 0, , 0, 0, 0, 0, 0, 
261, 0, 284, -1, -1, 103, 163, 126.0, 9, , 61, 0, 0, 0, , 0, 0, 0, 0, 0, 
262, 0, 286, -1, -1, 116, 52, 139.0, 9, , 34, 0, 0, 0, , 0, 0, 0, 0, 0, 
263, 0, 287, -1, -1, 216, 174, 159.0, 11, , 154, 0, 0, 0, , 0, 0, 0, 0, 0, 
264, 0, 288, -1, -1, 111, 53, 174.0, 11, , 119, 0, 0, 0, , 0, 0, 0, 0, 0, 
265, 0, 289, -1, -1, 281, 69, 179.0, 9, , 51, 0, 0, 0, , 0, 0, 0, 0, 0, 
266, 0, 290, -1, -1, 115, 154, 180.0, 11, , 88, 0, 0, 0, , 0, 0, 0, 0, 0, 
267, 0, 291, -1, -1, 151, 49, 190.0, 11, , 70, 0, 0, 0, , 0, 0, 0, 0, 0, 
268, 0, 292, -1, -1, 160, 63, 194.0, 11, , 109, 0, 0, 0, , 0, 0, 0, 0, 0, 
269, 0, 293, -1, -1, 280, 111, 186.0, 11, , 23, 0, 0, 0, , 0, 0, 0, 0, 0, 
270, 0, 294, -1, -1, 191, 105, 197.0, 9, , 34, 0, 0, 0, , 0, 0, 0, 0, 0, 
271, 0, 295, -1, -1, 166, 123, 191.0, 9, , 27, 0, 0, 0, , 0, 0, 0, 0, 0, 
272, 0, 296, -1, -1, 253, 79, 202.0, 7, , 35, 0, 0, 0, , 0, 0, 0, 0, 0, 
273, 0, 297, -1, -1, 107, 112, 202.0, 9, , 36, 0, 0, 0, , 0, 0, 0, 0, 0, 
274, 0, 298, -1, -1, 254, 84, 204.0, 9, , 44, 0, 0, 0, , 0, 0, 0, 0, 0, 
275, 0, 299, -1, -1, 113, 154, 183.0, 9, , 23, 0, 0, 0, , 0, 0, 0, 0, 0, 
276, 0, 300, -1, -1, 126, 141, 185.0, 11, , 54, 0, 0, 0, , 0, 0, 0, 0, 0, 
277, 0, 301, -1, -1, 91, 90, 192.0, 9, , 16, 0, 0, 0, , 0, 0, 0, 0, 0, 
278, 0, 302, -1, -1, 189, 74, 193.0, 9, , 115, 0, 0, 0, , 0, 0, 0, 0, 0, 
279, 0, 303, -1, -1, 177, 83, 203.0, 9, , 51, 0, 0, 0, , 0, 0, 0, 0, 0, 
280, 0, 304, -1, -1, 244, 92, 211.0, 7, , 20, 0, 0, 0, , 0, 0, 0, 0, 0, 
281, 0, 305, -1, -1, 96, 148, 183.0, 11, , 48, 0, 0, 0, , 0, 0, 0, 0, 0, 
282, 0, 306, -1, -1, 304, 116, 185.0, 9, , 25, 0, 0, 0, , 0, 0, 0, 0, 0, 
283, 0, 307, -1, -1, 148, 166, 106.0, 9, , 44, 0, 0, 0, , 0, 0, 0, 0, 0, 
284, 0, 309, -1, -1, 90, 60, 132.0, 9, , 11, 0, 0, 0, , 0, 0, 0, 0, 0, 
285, 0, 310, -1, -1, 206, 178, 136.0, 11, , 90, 0, 0, 0, , 0, 0, 0, 0, 0, 
286, 0, 311, -1, -1, 72, 66, 139.0, 9, , 60, 0, 0, 0, , 0, 0, 0, 0, 0, 
287, 0, 312, -1, -1, 128, 35, 137.0, 9, , 37, 0, 0, 0, , 0, 0, 0, 0, 0, 
288, 0, 313, -1, -1, 80, 92, 144.0, 9, , 32, 0, 0, 0, , 0, 0, 0, 0, 0, 
289, 0, 314, -1, -1, 71, 78, 154.0, 11, , 50, 0, 0, 0, , 0, 0, 0, 0, 0, 
290, 0, 316, -1, -1, 99, 101, 153.0, 11, , 141, 0, 0, 0, , 0, 0, 0, 0, 0, 
291, 0, 317, -1, -1, 259, 51, 170.0, 11, , 95, 0, 0, 0, , 0, 0, 0, 0, 0, 
292, 0, 318, -1, -1, 124, 50, 175.0, 9, , 55, 0, 0, 0, , 0, 0, 0, 0, 0, 
293, 0, 319, -1, -1, 206, 152, 190.0, 11, , 85, 0, 0, 0, , 0, 0, 0, 0, 0, 
294, 0, 321, -1, -1, 298, 100, 197.0, 11, , 60, 0, 0, 0, , 0, 0, 0, 0, 0, 
295, 0, 322, -1, -1, 263, 95, 196.0, 11, , 88, 0, 0, 0, , 0, 0, 0, 0, 0, 
296, 0, 323, -1, -1, 194, 133, 201.0, 9, , 14, 0, 0, 0, , 0, 0, 0, 0, 0, 
297, 0, 324, -1, -1, 219, 116, 210.0, 11, , 102, 0, 0, 0, , 0, 0, 0, 0, 0, 
298, 0, 325, -1, -1, 96, 170, 116.0, 11, , 83, 0, 0, 0, , 0, 0, 0, 0, 0, 
299, 0, 326, -1, -1, 96, 171, 113.0, 9, , 46, 0, 0, 0, , 0, 0, 0, 0, 0, 
300, 0, 327, -1, -1, 70, 153, 123.0, 11, , 90, 0, 0, 0, , 0, 0, 0, 0, 0, 
301, 0, 330, -1, -1, 198, 179, 154.0, 9, , 25, 0, 0, 0, , 0, 0, 0, 0, 0, 
302, 0, 331, -1, -1, 112, 45, 161.0, 9, , 12, 0, 0, 0, , 0, 0, 0, 0, 0, 
303, 0, 332, -1, -1, 296, 65, 163.0, 9, , 26, 0, 0, 0, , 0, 0, 0, 0, 0, 
304, 0, 333, -1, -1, 101, 67, 186.0, 11, , 80, 0, 0, 0, , 0, 0, 0, 0, 0, 
305, 0, 335, -1, -1, 284, 53, 156.0, 9, , 32, 0, 0, 0, , 0, 0, 0, 0, 0, 
306, 0, 336, -1, -1, 60, 140, 133.0, 11, , 68, 0, 0, 0, , 0, 0, 0, 0, 0, 
307, 0, 337, -1, -1, 129, 164, 136.0, 11, , 43, 0, 0, 0, , 0, 0, 0, 0, 0, 
308, 0, 338, -1, -1, 212, 46, 156.0, 9, , 88, 0, 0, 0, , 0, 0, 0, 0, 0, 
309, 0, 339, -1, -1, 78, 151, 169.0, 9, , 61, 0, 0, 0, , 0, 0, 0, 0, 0, 
310, 0, 340, -1, -1, 70, 105, 170.0, 7, , 23, 0, 0, 0, , 0, 0, 0, 0, 0, 
311, 0, 341, -1, -1, 78, 123, 170.0, 11, , 72, 0, 0, 0, , 0, 0, 0, 0, 0, 
312, 0, 342, -1, -1, 85, 105, 193.0, 9, , 44, 0, 0, 0, , 0, 0, 0, 0, 0, 
313, 0, 343, -1, -1, 113, 153, 189.0, 9, , 69, 0, 0, 0, , 0, 0, 0, 0, 0, 
314, 0, 344, -1, -1, 262, 80, 192.0, 9, , 16, 0, 0, 0, , 0, 0, 0, 0, 0, 
315, 0, 345, -1, -1, 88, 145, 80.0, 13, , 188, 0, 0, 0, , 0, 0, 0, 0, 0, 
316, 0, 346, -1, -1, 177, 180, 133.0, 9, , 83, 0, 0, 0, , 0, 0, 0, 0, 0, 
317, 0, 348, -1, -1, 120, 69, 80.0, 9, , 40, 0, 0, 0, , 0, 0, 0, 0, 0, 
318, 0, 349, -1, -1, 231, 175, 125.0, 11, , 14, 0, 0, 0, , 0, 0, 0, 0, 0, 
319, 0, 350, -1, -1, 161, 134, 142.0, 11, , 81, 0, 0, 0, , 0, 0, 0, 0, 0, 
320, 0, 351, -1, -1, 133, 94, 199.0, 10, , 28, 0, 0, 0, , 0, 0, 0, 0, 0, 
321, 0, 352, -1, -1, 125, 162, 100.0, 9, , 35, 0, 0, 0, , 0, 0, 0, 0, 0, 
322, 0, 353, -1, -1, 59, 114, 114.0, 11, , 13, 0, 0, 0, , 0, 0, 0, 0, 0, 
323, 0, 355, -1, -1, 301, 117, 187.0, 13, , 199, 0, 0, 0, , 0, 0, 0, 0, 0, 
324, 0, 356, -1, -1, 87, 80, 75.0, 9, , 36, 0, 0, 0, , 0, 0, 0, 0, 0, 
325, 0, 357, -1, -1, 208, 144, 75.0, 13, , 159, 0, 0, 0, , 0, 0, 0, 0, 0, 
326, 0, 358, -1, -1, 88, 98, 66.0, 9, , 81, 0, 0, 0, , 0, 0, 0, 0, 0, 
327, 0, 359, -1, -1, 83, 147, 96.0, 9, , 3, 0, 0, 0, , 0, 0, 0, 0, 0, 
328, 0, 360, -1, -1, 83, 148, 99.0, 11, , 120, 0, 0, 0, , 0, 0, 0, 0, 0, 
329, 0, 361, -1, -1, 147, 166, 105.0, 11, , 203, 0, 0, 0, , 0, 0, 0, 0, 0, 
330, 0, 362, -1, -1, 158, 183, 126.0, 11, , 147, 0, 0, 0, , 0, 0, 0, 0, 0, 
331, 0, 363, -1, -1, 128, 35, 125.0, 13, , 81, 0, 0, 0, , 0, 0, 0, 0, 0, 
332, 0, 364, -1, -1, 77, 62, 141.0, 11, , 69, 0, 0, 0, , 0, 0, 0, 0, 0, 
333, 0, 365, -1, -1, 156, 90, 147.0, 10, , 68, 0, 0, 0, , 0, 0, 0, 0, 0, 
334, 0, 366, -1, -1, 69, 92, 158.0, 7, , 16, 0, 0, 0, , 0, 0, 0, 0, 0, 
335, 0, 367, -1, -1, 68, 130, 153.0, 10, , 11, 0, 0, 0, , 0, 0, 0, 0, 0, 
336, 0, 368, -1, -1, 299, 61, 160.0, 10, , 57, 0, 0, 0, , 0, 0, 0, 0, 0, 
337, 0, 369, -1, -1, 106, 45, 159.0, 10, , 90, 0, 0, 0, , 0, 0, 0, 0, 0, 
338, 0, 370, -1, -1, 106, 45, 156.0, 9, , 52, 0, 0, 0, , 0, 0, 0, 0, 0, 
339, 0, 371, -1, -1, 201, 140, 166.0, 9, , 14, 0, 0, 0, , 0, 0, 0, 0, 0, 
340, 0, 373, -1, -1, 261, 134, 170.0, 9, , 31, 0, 0, 0, , 0, 0, 0, 0, 0, 
341, 0, 374, -1, -1, 81, 77, 179.0, 9, , 132, 0, 0, 0, , 0, 0, 0, 0, 0, 
342, 0, 375, -1, -1, 297, 114, 180.0, 10, , 30, 0, 0, 0, , 0, 0, 0, 0, 0, 
343, 0, 376, -1, -1, 85, 76, 184.0, 10, , 43, 0, 0, 0, , 0, 0, 0, 0, 0, 
344, 0, 377, -1, -1, 147, 118, 182.0, 9, , 117, 0, 0, 0, , 0, 0, 0, 0, 0, 
345, 0, 378, -1, -1, 136, 134, 194.0, 11, , 181, 0, 0, 0, , 0, 0, 0, 0, 0, 
346, 0, 379, -1, -1, 229, 58, 188.0, 11, , 28, 0, 0, 0, , 0, 0, 0, 0, 0, 
347, 0, 380, -1, -1, 237, 74, 196.0, 9, , 54, 0, 0, 0, , 0, 0, 0, 0, 0, 
348, 0, 381, -1, -1, 163, 98, 197.0, 10, , 37, 0, 0, 0, , 0, 0, 0, 0, 0, 
349, 0, 382, -1, -1, 179, 77, 202.0, 9, , 36, 0, 0, 0, , 0, 0, 0, 0, 0, 
350, 0, 383, -1, -1, 230, 110, 202.0, 13, , 101, 0, 0, 0, , 0, 0, 0, 0, 0, 
351, 0, 384, -1, -1, 69, 133, 144.0, 11, , 80, 0, 0, 0, , 0, 0, 0, 0, 0, 
352, 0, 385, -1, -1, 104, 69, 162.0, 9, , 51, 0, 0, 0, , 0, 0, 0, 0, 0, 
353, 0, 386, -1, -1, 263, 55, 161.0, 7, , 8, 0, 0, 0, , 0, 0, 0, 0, 0, 
354, 0, 387, -1, -1, 115, 116, 192.0, 9, , 31, 0, 0, 0, , 0, 0, 0, 0, 0, 
355, 0, 388, -1, -1, 196, 117, 206.0, 9, , 37, 0, 0, 0, , 0, 0, 0, 0, 0, 
356, 0, 389, -1, -1, 143, 32, 145.0, 9, , 63, 0, 0, 0, , 0, 0, 0, 0, 0, 
357, 0, 390, -1, -1, 278, 108, 194.0, 9, , 34, 0, 0, 0, , 0, 0, 0, 0, 0, 
358, 0, 391, -1, -1, 79, 93, 99.0, 11, , 36, 0, 0, 0, , 0, 0, 0, 0, 0, 
359, 0, 392, -1, -1, 103, 68, 161.0, 9, , 33, 0, 0, 0, , 0, 0, 0, 0, 0, 
360, 0, 393, -1, -1, 141, 174, 121.0, 9, , 88, 0, 0, 0, , 0, 0, 0, 0, 0, 
361, 0, 394, -1, -1, 104, 40, 127.0, 15, , 255, 0, 0, 0, , 0, 0, 0, 0, 0, 
362, 0, 395, -1, -1, 133, 115, 123.0, 9, , 48, 0, 0, 0, , 0, 0, 0, 0, 0, 
363, 0, 396, -1, -1, 81, 91, 141.0, 9, , 32, 0, 0, 0, , 0, 0, 0, 0, 0, 
364, 0, 397, -1, -1, 181, 44, 143.0, 9, , 57, 0, 0, 0, , 0, 0, 0, 0, 0, 
365, 0, 398, -1, -1, 201, 42, 143.0, 9, , 48, 0, 0, 0, , 0, 0, 0, 0, 0, 
366, 0, 399, -1, -1, 305, 155, 144.0, 9, , 32, 0, 0, 0, , 0, 0, 0, 0, 0, 
367, 0, 400, -1, -1, 68, 127, 148.0, 10, , 26, 0, 0, 0, , 0, 0, 0, 0, 0, 
368, 0, 401, -1, -1, 147, 179, 148.0, 7, , 27, 0, 0, 0, , 0, 0, 0, 0, 0, 
369, 0, 402, -1, -1, 92, 101, 152.0, 9, , 53, 0, 0, 0, , 0, 0, 0, 0, 0, 
370, 0, 403, -1, -1, 119, 73, 160.0, 9, , 18, 0, 0, 0, , 0, 0, 0, 0, 0, 
371, 0, 404, -1, -1, 274, 149, 172.0, 9, , 54, 0, 0, 0, , 0, 0, 0, 0, 0, 
372, 0, 406, -1, -1, 175, 54, 182.0, 11, , 76, 0, 0, 0, , 0, 0, 0, 0, 0, 
373, 0, 407, -1, -1, 176, 127, 184.0, 11, , 50, 0, 0, 0, , 0, 0, 0, 0, 0, 
374, 0, 408, -1, -1, 119, 76, 191.0, 9, , 37, 0, 0, 0, , 0, 0, 0, 0, 0, 
375, 0, 409, -1, -1, 86, 105, 190.0, 11, , 100, 0, 0, 0, , 0, 0, 0, 0, 0, 
376, 0, 410, -1, -1, 137, 133, 197.0, 13, , 256, 0, 0, 0, , 0, 0, 0, 0, 0, 
377, 0, 411, -1, -1, 108, 113, 197.0, 11, , 47, 0, 0, 0, , 0, 0, 0, 0, 0, 
378, 0, 412, -1, -1, 155, 87, 203.0, 13, , 152, 0, 0, 0, , 0, 0, 0, 0, 0, 
379, 0, 413, -1, -1, 233, 72, 205.0, 9, , 48, 0, 0, 0, , 0, 0, 0, 0, 0, 
380, 0, 414, -1, -1, 154, 119, 206.0, 11, , 68, 0, 0, 0, , 0, 0, 0, 0, 0, 
381, 0, 415, -1, -1, 110, 39, 122.0, 11, , 36, 0, 0, 0, , 0, 0, 0, 0, 0, 
382, 0, 416, -1, -1, 251, 86, 200.0, 9, , 38, 0, 0, 0, , 0, 0, 0, 0, 0, 
383, 0, 417, -1, -1, 175, 80, 210.0, 11, , 26, 0, 0, 0, , 0, 0, 0, 0, 0, 
384, 0, 418, -1, -1, 154, 127, 208.0, 9, , 48, 0, 0, 0, , 0, 0, 0, 0, 0, 
385, 0, 419, -1, -1, 173, 78, 206.0, 9, , 83, 0, 0, 0, , 0, 0, 0, 0, 0, 
386, 0, 420, -1, -1, 187, 37, 97.0, 10, , 32, 0, 0, 0, , 0, 0, 0, 0, 0, 
387, 0, 421, -1, -1, 50, 112, 135.0, 9, , 10, 0, 0, 0, , 0, 0, 0, 0, 0, 
388, 0, 422, -1, -1, 300, 154, 152.0, 11, , 49, 0, 0, 0, , 0, 0, 0, 0, 0, 
389, 0, 423, -1, -1, 98, 120, 161.0, 9, , 89, 0, 0, 0, , 0, 0, 0, 0, 0, 
390, 0, 424, -1, -1, 112, 56, 165.0, 7, , 35, 0, 0, 0, , 0, 0, 0, 0, 0, 
391, 0, 425, -1, -1, 119, 73, 162.0, 9, , 37, 0, 0, 0, , 0, 0, 0, 0, 0, 
392, 0, 426, -1, -1, 299, 62, 161.0, 9, , 49, 0, 0, 0, , 0, 0, 0, 0, 0, 
393, 0, 427, -1, -1, 236, 50, 174.0, 9, , 63, 0, 0, 0, , 0, 0, 0, 0, 0, 
394, 0, 428, -1, -1, 117, 118, 186.0, 13, , 235, 0, 0, 0, , 0, 0, 0, 0, 0, 
395, 0, 430, -1, -1, 106, 111, 199.0, 15, , 101, 0, 0, 0, , 0, 0, 0, 0, 0, 
396, 0, 432, -1, -1, 181, 45, 139.0, 7, , 24, 0, 0, 0, , 0, 0, 0, 0, 0, 
397, 0, 433, -1, -1, 85, 124, 149.0, 9, , 61, 0, 0, 0, , 0, 0, 0, 0, 0, 
398, 0, 434, -1, -1, 190, 74, 190.0, 9, , 144, 0, 0, 0, , 0, 0, 0, 0, 0, 
399, 0, 435, -1, -1, 90, 106, 194.0, 9, , 27, 0, 0, 0, , 0, 0, 0, 0, 0, 
400, 0, 436, -1, -1, 189, 108, 195.0, 9, , 46, 0, 0, 0, , 0, 0, 0, 0, 0, 
401, 0, 437, -1, -1, 104, 113, 55.0, 7, , 13, 0, 0, 0, , 0, 0, 0, 0, 0, 
402, 0, 438, -1, -1, 132, 100, 52.0, 9, , 26, 0, 0, 0, , 0, 0, 0, 0, 0, 
403, 0, 439, -1, -1, 97, 119, 56.0, 11, , 43, 0, 0, 0, , 0, 0, 0, 0, 0, 
404, 0, 440, -1, -1, 52, 110, 83.0, 9, , 68, 0, 0, 0, , 0, 0, 0, 0, 0, 
405, 0, 441, -1, -1, 81, 153, 94.0, 10, , 49, 0, 0, 0, , 0, 0, 0, 0, 0, 
406, 0, 442, -1, -1, 103, 165, 97.0, 11, , 46, 0, 0, 0, , 0, 0, 0, 0, 0, 
407, 0, 443, -1, -1, 147, 166, 103.0, 11, , 132, 0, 0, 0, , 0, 0, 0, 0, 0, 
408, 0, 444, -1, -1, 158, 184, 121.0, 10, , 108, 0, 0, 0, , 0, 0, 0, 0, 0, 
409, 0, 445, -1, -1, 90, 54, 136.0, 9, , 24, 0, 0, 0, , 0, 0, 0, 0, 0, 
410, 0, 446, -1, -1, 289, 170, 132.0, 11, , 46, 0, 0, 0, , 0, 0, 0, 0, 0, 
411, 0, 447, -1, -1, 133, 162, 144.0, 9, , 36, 0, 0, 0, , 0, 0, 0, 0, 0, 
412, 0, 449, -1, -1, 156, 165, 152.0, 9, , 45, 0, 0, 0, , 0, 0, 0, 0, 0, 
413, 0, 450, -1, -1, 120, 132, 145.0, 9, , 30, 0, 0, 0, , 0, 0, 0, 0, 0, 
414, 0, 451, -1, -1, 97, 119, 157.0, 9, , 58, 0, 0, 0, , 0, 0, 0, 0, 0, 
415, 0, 452, -1, -1, 197, 42, 166.0, 9, , 28, 0, 0, 0, , 0, 0, 0, 0, 0, 
416, 0, 453, -1, -1, 260, 56, 166.0, 9, , 17, 0, 0, 0, , 0, 0, 0, 0, 0, 
417, 0, 454, -1, -1, 107, 52, 166.0, 11, , 117, 0, 0, 0, , 0, 0, 0, 0, 0, 
418, 0, 455, -1, -1, 99, 104, 161.0, 11, , 98, 0, 0, 0, , 0, 0, 0, 0, 0, 
419, 0, 456, -1, -1, 298, 64, 173.0, 9, , 41, 0, 0, 0, , 0, 0, 0, 0, 0, 
420, 0, 457, -1, -1, 201, 43, 170.0, 7, , 15, 0, 0, 0, , 0, 0, 0, 0, 0, 
421, 0, 458, -1, -1, 151, 170, 171.0, 11, , 98, 0, 0, 0, , 0, 0, 0, 0, 0, 
422, 0, 459, -1, -1, 266, 135, 171.0, 7, , 15, 0, 0, 0, , 0, 0, 0, 0, 0, 
423, 0, 460, -1, -1, 263, 138, 168.0, 11, , 62, 0, 0, 0, , 0, 0, 0, 0, 0, 
424, 0, 461, -1, -1, 104, 162, 168.0, 9, , 34, 0, 0, 0, , 0, 0, 0, 0, 0, 
425, 0, 462, -1, -1, 157, 172, 172.0, 11, , 43, 0, 0, 0, , 0, 0, 0, 0, 0, 
426, 0, 463, -1, -1, 155, 169, 178.0, 9, , 68, 0, 0, 0, , 0, 0, 0, 0, 0, 
427, 0, 464, -1, -1, 203, 169, 177.0, 11, , 23, 0, 0, 0, , 0, 0, 0, 0, 0, 
428, 0, 465, -1, -1, 70, 103, 172.0, 15, , 180, 0, 0, 0, , 0, 0, 0, 0, 0, 
429, 0, 466, -1, -1, 106, 131, 172.0, 9, , 35, 0, 0, 0, , 0, 0, 0, 0, 0, 
430, 0, 467, -1, -1, 210, 131, 175.0, 9, , 18, 0, 0, 0, , 0, 0, 0, 0, 0, 
431, 0, 468, -1, -1, 117, 121, 187.0, 9, , 107, 0, 0, 0, , 0, 0, 0, 0, 0, 
432, 0, 469, -1, -1, 174, 125, 192.0, 11, , 98, 0, 0, 0, , 0, 0, 0, 0, 0, 
433, 0, 470, -1, -1, 282, 107, 193.0, 9, , 31, 0, 0, 0, , 0, 0, 0, 0, 0, 
434, 0, 471, -1, -1, 237, 73, 198.0, 13, , 132, 0, 0, 0, , 0, 0, 0, 0, 0, 
435, 0, 472, -1, -1, 252, 82, 206.0, 11, , 41, 0, 0, 0, , 0, 0, 0, 0, 0, 
436, 0, 473, -1, -1, 107, 45, 154.0, 13, , 233, 0, 0, 0, , 0, 0, 0, 0, 0, 
437, 0, 474, -1, -1, 132, 100, 194.0, 15, , 355, 0, 0, 0, , 0, 0, 0, 0, 0, 
438, 0, 475, -1, -1, 154, 126, 211.0, 11, , 77, 0, 0, 0, , 0, 0, 0, 0, 0, 
439, 0, 476, -1, -1, 193, 154, 179.0, 9, , 80, 0, 0, 0, , 0, 0, 0, 0, 0, 
440, 0, 477, -1, -1, 119, 70, 79.0, 9, , 38, 0, 0, 0, , 0, 0, 0, 0, 0, 
441, 0, 478, -1, -1, 295, 168, 125.0, 9, , 25, 0, 0, 0, , 0, 0, 0, 0, 0, 
442, 0, 479, -1, -1, 175, 128, 189.0, 10, , 58, 0, 0, 0, , 0, 0, 0, 0, 0, 
443, 0, 480, -1, -1, 244, 130, 195.0, 10, , 26, 0, 0, 0, , 0, 0, 0, 0, 0, 
444, 0, 481, -1, -1, 249, 108, 202.0, 9, , 24, 0, 0, 0, , 0, 0, 0, 0, 0, 
445, 0, 482, -1, -1, 280, 130, 192.0, 9, , 104, 0, 0, 0, , 0, 0, 0, 0, 0, 
446, 0, 483, -1, -1, 202, 96, 200.0, 9, , 30, 0, 0, 0, , 0, 0, 0, 0, 0, 
447, 0, 484, -1, -1, 88, 144, 70.0, 11, , 104, 0, 0, 0, , 0, 0, 0, 0, 0, 
448, 0, 485, -1, -1, 104, 134, 76.0, 9, , 52, 0, 0, 0, , 0, 0, 0, 0, 0, 
449, 0, 486, -1, -1, 134, 85, 77.0, 10, , 24, 0, 0, 0, , 0, 0, 0, 0, 0, 
450, 0, 487, -1, -1, 124, 67, 85.0, 10, , 14, 0, 0, 0, , 0, 0, 0, 0, 0, 
451, 0, 488, -1, -1, 296, 164, 111.0, 9, , 36, 0, 0, 0, , 0, 0, 0, 0, 0, 
452, 0, 489, -1, -1, 168, 43, 117.0, 9, , 30, 0, 0, 0, , 0, 0, 0, 0, 0, 
453, 0, 490, -1, -1, 169, 83, 118.0, 11, , 103, 0, 0, 0, , 0, 0, 0, 0, 0, 
454, 0, 491, -1, -1, 133, 120, 119.0, 9, , 51, 0, 0, 0, , 0, 0, 0, 0, 0, 
455, 0, 492, -1, -1, 137, 177, 124.0, 9, , 78, 0, 0, 0, , 0, 0, 0, 0, 0, 
456, 0, 493, -1, -1, 294, 168, 127.0, 10, , 29, 0, 0, 0, , 0, 0, 0, 0, 0, 
457, 0, 494, -1, -1, 231, 175, 129.0, 13, , 88, 0, 0, 0, , 0, 0, 0, 0, 0, 
458, 0, 495, -1, -1, 158, 183, 129.0, 11, , 112, 0, 0, 0, , 0, 0, 0, 0, 0, 
459, 0, 496, -1, -1, 159, 166, 144.0, 11, , 62, 0, 0, 0, , 0, 0, 0, 0, 0, 
460, 0, 498, -1, -1, 79, 93, 147.0, 9, , 65, 0, 0, 0, , 0, 0, 0, 0, 0, 
461, 0, 499, -1, -1, 138, 34, 153.0, 9, , 70, 0, 0, 0, , 0, 0, 0, 0, 0, 
462, 0, 500, -1, -1, 282, 55, 147.0, 9, , 43, 0, 0, 0, , 0, 0, 0, 0, 0, 
463, 0, 501, -1, -1, 100, 121, 150.0, 11, , 97, 0, 0, 0, , 0, 0, 0, 0, 0, 
464, 0, 503, -1, -1, 70, 104, 152.0, 7, , 39, 0, 0, 0, , 0, 0, 0, 0, 0, 
465, 0, 504, -1, -1, 133, 166, 160.0, 11, , 46, 0, 0, 0, , 0, 0, 0, 0, 0, 
466, 0, 505, -1, -1, 219, 173, 157.0, 13, , 163, 0, 0, 0, , 0, 0, 0, 0, 0, 
467, 0, 506, -1, -1, 317, 73, 165.0, 9, , 22, 0, 0, 0, , 0, 0, 0, 0, 0, 
468, 0, 507, -1, -1, 61, 125, 164.0, 9, , 34, 0, 0, 0, , 0, 0, 0, 0, 0, 
469, 0, 508, -1, -1, 77, 149, 167.0, 10, , 49, 0, 0, 0, , 0, 0, 0, 0, 0, 
470, 0, 509, -1, -1, 158, 171, 170.0, 9, , 52, 0, 0, 0, , 0, 0, 0, 0, 0, 
471, 0, 511, -1, -1, 71, 150, 170.0, 9, , 8, 0, 0, 0, , 0, 0, 0, 0, 0, 
472, 0, 512, -1, -1, 195, 153, 170.0, 9, , 17, 0, 0, 0, , 0, 0, 0, 0, 0, 
473, 0, 513, -1, -1, 216, 50, 173.0, 9, , 40, 0, 0, 0, , 0, 0, 0, 0, 0, 
474, 0, 514, -1, -1, 306, 89, 181.0, 9, , 24, 0, 0, 0, , 0, 0, 0, 0, 0, 
475, 0, 515, -1, -1, 93, 147, 187.0, 9, , 26, 0, 0, 0, , 0, 0, 0, 0, 0, 
476, 0, 517, -1, -1, 206, 151, 192.0, 11, , 65, 0, 0, 0, , 0, 0, 0, 0, 0, 
477, 0, 518, -1, -1, 102, 128, 197.0, 11, , 118, 0, 0, 0, , 0, 0, 0, 0, 0, 
478, 0, 519, -1, -1, 135, 101, 196.0, 9, , 29, 0, 0, 0, , 0, 0, 0, 0, 0, 
479, 0, 520, -1, -1, 97, 91, 198.0, 13, , 115, 0, 0, 0, , 0, 0, 0, 0, 0, 
480, 0, 521, -1, -1, 141, 77, 201.0, 9, , 95, 0, 0, 0, , 0, 0, 0, 0, 0, 
481, 0, 523, -1, -1, 140, 75, 208.0, 9, , 77, 0, 0, 0, , 0, 0, 0, 0, 0, 
482, 0, 524, -1, -1, 217, 117, 208.0, 11, , 75, 0, 0, 0, , 0, 0, 0, 0, 0, 
483, 0, 525, -1, -1, 49, 104, 118.0, 11, , 75, 0, 0, 0, , 0, 0, 0, 0, 0, 
484, 0, 526, -1, -1, 210, 43, 144.0, 10, , 53, 0, 0, 0, , 0, 0, 0, 0, 0, 
485, 0, 527, -1, -1, 154, 33, 142.0, 9, , 22, 0, 0, 0, , 0, 0, 0, 0, 0, 
486, 0, 528, -1, -1, 283, 54, 150.0, 10, , 47, 0, 0, 0, , 0, 0, 0, 0, 0, 
487, 0, 529, -1, -1, 258, 51, 158.0, 9, , 62, 0, 0, 0, , 0, 0, 0, 0, 0, 
488, 0, 530, -1, -1, 90, 86, 177.0, 10, , 28, 0, 0, 0, , 0, 0, 0, 0, 0, 
489, 0, 531, -1, -1, 124, 117, 178.0, 9, , 75, 0, 0, 0, , 0, 0, 0, 0, 0, 
490, 0, 532, -1, -1, 307, 91, 179.0, 11, , 80, 0, 0, 0, , 0, 0, 0, 0, 0, 
491, 0, 533, -1, -1, 78, 92, 182.0, 10, , 42, 0, 0, 0, , 0, 0, 0, 0, 0, 
492, 0, 534, -1, -1, 285, 129, 189.0, 9, , 108, 0, 0, 0, , 0, 0, 0, 0, 0, 
493, 0, 535, -1, -1, 303, 99, 190.0, 9, , 22, 0, 0, 0, , 0, 0, 0, 0, 0, 
494, 0, 536, -1, -1, 295, 100, 194.0, 11, , 96, 0, 0, 0, , 0, 0, 0, 0, 0, 
495, 0, 537, -1, -1, 138, 130, 197.0, 13, , 277, 0, 0, 0, , 0, 0, 0, 0, 0, 
496, 0, 538, -1, -1, 191, 58, 202.0, 11, , 62, 0, 0, 0, , 0, 0, 0, 0, 0, 
497, 0, 539, -1, -1, 218, 133, 206.0, 11, , 85, 0, 0, 0, , 0, 0, 0, 0, 0, 
498, 0, 540, -1, -1, 95, 66, 180.0, 9, , 61, 0, 0, 0, , 0, 0, 0, 0, 0, 
499, 0, 541, -1, -1, 212, 117, 201.0, 10, , 64, 0, 0, 0, , 0, 0, 0, 0, 0, 
500, 0, 542, -1, -1, 90, 81, 72.0, 11, , 41, 0, 0, 0, , 0, 0, 0, 0, 0, 
501, 0, 543, -1, -1, 124, 179, 141.0, 11, , 85, 0, 0, 0, , 0, 0, 0, 0, 0, 
502, 0, 545, -1, -1, 79, 71, 160.0, 11, , 39, 0, 0, 0, , 0, 0, 0, 0, 0, 
503, 0, 546, -1, -1, 77, 124, 174.0, 9, , 42, 0, 0, 0, , 0, 0, 0, 0, 0, 
504, 0, 547, -1, -1, 121, 163, 102.0, 11, , 151, 0, 0, 0, , 0, 0, 0, 0, 0, 
505, 0, 548, -1, -1, 151, 74, 161.0, 11, , 19, 0, 0, 0, , 0, 0, 0, 0, 0, 
506, 0, 549, -1, -1, 210, 145, 68.0, 11, , 67, 0, 0, 0, , 0, 0, 0, 0, 0, 
507, 0, 550, -1, -1, 173, 122, 67.0, 11, , 55, 0, 0, 0, , 0, 0, 0, 0, 0, 
508, 0, 551, -1, -1, 88, 144, 76.0, 13, , 139, 0, 0, 0, , 0, 0, 0, 0, 0, 
509, 0, 552, -1, -1, 226, 153, 76.0, 9, , 42, 0, 0, 0, , 0, 0, 0, 0, 0, 
510, 0, 553, -1, -1, 134, 143, 82.0, 11, , 68, 0, 0, 0, , 0, 0, 0, 0, 0, 
511, 0, 554, -1, -1, 87, 145, 78.0, 13, , 126, 0, 0, 0, , 0, 0, 0, 0, 0, 
512, 0, 555, -1, -1, 105, 79, 83.0, 11, , 16, 0, 0, 0, , 0, 0, 0, 0, 0, 
513, 0, 556, -1, -1, 84, 144, 89.0, 9, , 40, 0, 0, 0, , 0, 0, 0, 0, 0, 
514, 0, 557, -1, -1, 81, 150, 89.0, 11, , 65, 0, 0, 0, , 0, 0, 0, 0, 0, 
515, 0, 558, -1, -1, 161, 165, 90.0, 13, , 55, 0, 0, 0, , 0, 0, 0, 0, 0, 
516, 0, 559, -1, -1, 86, 73, 92.0, 13, , 35, 0, 0, 0, , 0, 0, 0, 0, 0, 
517, 0, 560, -1, -1, 100, 58, 91.0, 9, , 35, 0, 0, 0, , 0, 0, 0, 0, 0, 
518, 0, 561, -1, -1, 86, 147, 95.0, 10, , 56, 0, 0, 0, , 0, 0, 0, 0, 0, 
519, 0, 562, -1, -1, 59, 119, 105.0, 9, , 27, 0, 0, 0, , 0, 0, 0, 0, 0, 
520, 0, 563, -1, -1, 148, 166, 115.0, 10, , 4, 0, 0, 0, , 0, 0, 0, 0, 0, 
521, 0, 564, -1, -1, 181, 177, 112.0, 11, , 63, 0, 0, 0, , 0, 0, 0, 0, 0, 
522, 0, 565, -1, -1, 123, 168, 115.0, 11, , 137, 0, 0, 0, , 0, 0, 0, 0, 0, 
523, 0, 566, -1, -1, 180, 177, 115.0, 11, , 65, 0, 0, 0, , 0, 0, 0, 0, 0, 
524, 0, 567, -1, -1, 157, 182, 115.0, 9, , 71, 0, 0, 0, , 0, 0, 0, 0, 0, 
525, 0, 569, -1, -1, 72, 155, 125.0, 9, , 32, 0, 0, 0, , 0, 0, 0, 0, 0, 
526, 0, 570, -1, -1, 234, 173, 130.0, 10, , 27, 0, 0, 0, , 0, 0, 0, 0, 0, 
527, 0, 572, -1, -1, 69, 110, 133.0, 9, , 19, 0, 0, 0, , 0, 0, 0, 0, 0, 
528, 0, 573, -1, -1, 49, 108, 134.0, 9, , 43, 0, 0, 0, , 0, 0, 0, 0, 0, 
529, 0, 574, -1, -1, 61, 94, 136.0, 10, , 32, 0, 0, 0, , 0, 0, 0, 0, 0, 
530, 0, 575, -1, -1, 248, 173, 132.0, 11, , 86, 0, 0, 0, , 0, 0, 0, 0, 0, 
531, 0, 576, -1, -1, 114, 71, 134.0, 9, , 36, 0, 0, 0, , 0, 0, 0, 0, 0, 
532, 0, 577, -1, -1, 125, 39, 129.0, 10, , 36, 0, 0, 0, , 0, 0, 0, 0, 0, 
533, 0, 578, -1, -1, 126, 34, 133.0, 11, , 103, 0, 0, 0, , 0, 0, 0, 0, 0, 
534, 0, 579, -1, -1, 56, 141, 142.0, 9, , 30, 0, 0, 0, , 0, 0, 0, 0, 0, 
535, 0, 580, -1, -1, 129, 162, 139.0, 9, , 40, 0, 0, 0, , 0, 0, 0, 0, 0, 
536, 0, 581, -1, -1, 129, 162, 141.0, 9, , 36, 0, 0, 0, , 0, 0, 0, 0, 0, 
537, 0, 582, -1, -1, 120, 54, 147.0, 11, , 53, 0, 0, 0, , 0, 0, 0, 0, 0, 
538, 0, 583, -1, -1, 121, 132, 142.0, 9, , 43, 0, 0, 0, , 0, 0, 0, 0, 0, 
539, 0, 584, -1, -1, 247, 47, 150.0, 10, , 11, 0, 0, 0, , 0, 0, 0, 0, 0, 
540, 0, 585, -1, -1, 158, 136, 147.0, 9, , 22, 0, 0, 0, , 0, 0, 0, 0, 0, 
541, 0, 587, -1, -1, 156, 92, 149.0, 9, , 39, 0, 0, 0, , 0, 0, 0, 0, 0, 
542, 0, 588, -1, -1, 309, 131, 151.0, 9, , 46, 0, 0, 0, , 0, 0, 0, 0, 0, 
543, 0, 589, -1, -1, 67, 77, 149.0, 9, , 53, 0, 0, 0, , 0, 0, 0, 0, 0, 
544, 0, 590, -1, -1, 257, 168, 154.0, 9, , 26, 0, 0, 0, , 0, 0, 0, 0, 0, 
545, 0, 592, -1, -1, 88, 57, 157.0, 9, , 60, 0, 0, 0, , 0, 0, 0, 0, 0, 
546, 0, 593, -1, -1, 218, 46, 159.0, 7, , 61, 0, 0, 0, , 0, 0, 0, 0, 0, 
547, 0, 594, -1, -1, 310, 129, 157.0, 13, , 193, 0, 0, 0, , 0, 0, 0, 0, 0, 
548, 0, 595, -1, -1, 101, 102, 156.0, 13, , 108, 0, 0, 0, , 0, 0, 0, 0, 0, 
549, 0, 596, -1, -1, 217, 46, 161.0, 11, , 62, 0, 0, 0, , 0, 0, 0, 0, 0, 
550, 0, 597, -1, -1, 148, 75, 163.0, 10, , 18, 0, 0, 0, , 0, 0, 0, 0, 0, 
551, 0, 598, -1, -1, 295, 154, 161.0, 9, , 51, 0, 0, 0, , 0, 0, 0, 0, 0, 
552, 0, 600, -1, -1, 201, 140, 169.0, 9, , 27, 0, 0, 0, , 0, 0, 0, 0, 0, 
553, 0, 601, -1, -1, 116, 90, 168.0, 9, , 47, 0, 0, 0, , 0, 0, 0, 0, 0, 
554, 0, 602, -1, -1, 147, 36, 169.0, 9, , 39, 0, 0, 0, , 0, 0, 0, 0, 0, 
555, 0, 603, -1, -1, 161, 46, 168.0, 9, , 10, 0, 0, 0, , 0, 0, 0, 0, 0, 
556, 0, 604, -1, -1, 179, 171, 169.0, 11, , 17, 0, 0, 0, , 0, 0, 0, 0, 0, 
557, 0, 605, -1, -1, 71, 126, 167.0, 10, , 25, 0, 0, 0, , 0, 0, 0, 0, 0, 
558, 0, 606, -1, -1, 98, 66, 175.0, 10, , 48, 0, 0, 0, , 0, 0, 0, 0, 0, 
559, 0, 607, -1, -1, 258, 137, 179.0, 11, , 32, 0, 0, 0, , 0, 0, 0, 0, 0, 
560, 0, 608, -1, -1, 191, 46, 173.0, 9, , 22, 0, 0, 0, , 0, 0, 0, 0, 0, 
561, 0, 609, -1, -1, 221, 161, 174.0, 10, , 30, 0, 0, 0, , 0, 0, 0, 0, 0, 
562, 0, 610, -1, -1, 93, 87, 179.0, 13, , 60, 0, 0, 0, , 0, 0, 0, 0, 0, 
563, 0, 611, -1, -1, 144, 147, 178.0, 11, , 77, 0, 0, 0, , 0, 0, 0, 0, 0, 
564, 0, 613, -1, -1, 257, 65, 182.0, 10, , 40, 0, 0, 0, , 0, 0, 0, 0, 0, 
565, 0, 615, -1, -1, 123, 55, 182.0, 9, , 7, 0, 0, 0, , 0, 0, 0, 0, 0, 
566, 0, 616, -1, -1, 143, 89, 185.0, 11, , 49, 0, 0, 0, , 0, 0, 0, 0, 0, 
567, 0, 617, -1, -1, 283, 86, 186.0, 9, , 56, 0, 0, 0, , 0, 0, 0, 0, 0, 
568, 0, 618, -1, -1, 228, 55, 187.0, 10, , 38, 0, 0, 0, , 0, 0, 0, 0, 0, 
569, 0, 619, -1, -1, 224, 147, 186.0, 9, , 20, 0, 0, 0, , 0, 0, 0, 0, 0, 
570, 0, 620, -1, -1, 196, 135, 191.0, 11, , 81, 0, 0, 0, , 0, 0, 0, 0, 0, 
571, 0, 621, -1, -1, 267, 78, 187.0, 9, , 58, 0, 0, 0, , 0, 0, 0, 0, 0, 
572, 0, 622, -1, -1, 197, 133, 193.0, 9, , 45, 0, 0, 0, , 0, 0, 0, 0, 0, 
573, 0, 623, -1, -1, 226, 149, 194.0, 10, , 33, 0, 0, 0, , 0, 0, 0, 0, 0, 
574, 0, 624, -1, -1, 160, 137, 198.0, 9, , 60, 0, 0, 0, , 0, 0, 0, 0, 0, 
575, 0, 625, -1, -1, 178, 83, 198.0, 7, , 33, 0, 0, 0, , 0, 0, 0, 0, 0, 
576, 0, 626, -1, -1, 216, 76, 199.0, 9, , 64, 0, 0, 0, , 0, 0, 0, 0, 0, 
577, 0, 627, -1, -1, 165, 61, 200.0, 9, , 97, 0, 0, 0, , 0, 0, 0, 0, 0, 
578, 0, 628, -1, -1, 174, 130, 203.0, 13, , 24, 0, 0, 0, , 0, 0, 0, 0, 0, 
579, 0, 629, -1, -1, 110, 94, 207.0, 9, , 30, 0, 0, 0, , 0, 0, 0, 0, 0, 
580, 0, 630, -1, -1, 127, 162, 100.0, 9, , 35, 0, 0, 0, , 0, 0, 0, 0, 0, 
581, 0, 631, -1, -1, 137, 30, 111.0, 9, , 44, 0, 0, 0, , 0, 0, 0, 0, 0, 
582, 0, 632, -1, -1, 167, 84, 124.0, 9, , 50, 0, 0, 0, , 0, 0, 0, 0, 0, 
583, 0, 633, -1, -1, 161, 161, 124.0, 9, , 46, 0, 0, 0, , 0, 0, 0, 0, 0, 
584, 0, 634, -1, -1, 123, 178, 138.0, 13, , 123, 0, 0, 0, , 0, 0, 0, 0, 0, 
585, 0, 635, -1, -1, 130, 117, 181.0, 9, , 45, 0, 0, 0, , 0, 0, 0, 0, 0, 
586, 0, 636, -1, -1, 92, 92, 195.0, 10, , 67, 0, 0, 0, , 0, 0, 0, 0, 0, 
587, 0, 637, -1, -1, 229, 109, 206.0, 11, , 124, 0, 0, 0, , 0, 0, 0, 0, 0, 
588, 0, 638, -1, -1, 114, 98, 207.0, 11, , 142, 0, 0, 0, , 0, 0, 0, 0, 0, 
589, 0, 639, -1, -1, 89, 168, 115.0, 7, , 46, 0, 0, 0, , 0, 0, 0, 0, 0, 
590, 0, 640, -1, -1, 94, 57, 162.0, 11, , 146, 0, 0, 0, , 0, 0, 0, 0, 0, 
591, 0, 642, -1, -1, 52, 125, 163.0, 10, , 21, 0, 0, 0, , 0, 0, 0, 0, 0, 
592, 0, 643, -1, -1, 289, 122, 144.0, 9, , 9, 0, 0, 0, , 0, 0, 0, 0, 0, 
593, 0, 645, -1, -1, 169, 164, 95.0, 9, , 43, 0, 0, 0, , 0, 0, 0, 0, 0, 
594, 0, 646, -1, -1, 91, 70, 95.0, 9, , 16, 0, 0, 0, , 0, 0, 0, 0, 0, 
595, 0, 647, -1, -1, 134, 53, 100.0, 11, , 20, 0, 0, 0, , 0, 0, 0, 0, 0, 
596, 0, 648, -1, -1, 82, 132, 102.0, 9, , 39, 0, 0, 0, , 0, 0, 0, 0, 0, 
597, 0, 649, -1, -1, 74, 156, 107.0, 10, , 32, 0, 0, 0, , 0, 0, 0, 0, 0, 
598, 0, 652, -1, -1, 125, 162, 120.0, 9, , 35, 0, 0, 0, , 0, 0, 0, 0, 0, 
599, 0, 653, -1, -1, 207, 181, 125.0, 9, , 32, 0, 0, 0, , 0, 0, 0, 0, 0, 
600, 0, 654, -1, -1, 233, 173, 133.0, 9, , 63, 0, 0, 0, , 0, 0, 0, 0, 0, 
601, 0, 656, -1, -1, 51, 96, 134.0, 9, , 23, 0, 0, 0, , 0, 0, 0, 0, 0, 
602, 0, 657, -1, -1, 58, 141, 140.0, 13, , 126, 0, 0, 0, , 0, 0, 0, 0, 0, 
603, 0, 658, -1, -1, 265, 146, 136.0, 9, , 52, 0, 0, 0, , 0, 0, 0, 0, 0, 
604, 0, 659, -1, -1, 150, 63, 139.0, 9, , 54, 0, 0, 0, , 0, 0, 0, 0, 0, 
605, 0, 660, -1, -1, 305, 153, 141.0, 9, , 48, 0, 0, 0, , 0, 0, 0, 0, 0, 
606, 0, 661, -1, -1, 69, 79, 144.0, 9, , 51, 0, 0, 0, , 0, 0, 0, 0, 0, 
607, 0, 662, -1, -1, 56, 122, 145.0, 9, , 25, 0, 0, 0, , 0, 0, 0, 0, 0, 
608, 0, 663, -1, -1, 144, 33, 147.0, 9, , 51, 0, 0, 0, , 0, 0, 0, 0, 0, 
609, 0, 664, -1, -1, 78, 161, 149.0, 13, , 209, 0, 0, 0, , 0, 0, 0, 0, 0, 
610, 0, 665, -1, -1, 299, 155, 149.0, 11, , 55, 0, 0, 0, , 0, 0, 0, 0, 0, 
611, 0, 667, -1, -1, 147, 179, 154.0, 9, , 42, 0, 0, 0, , 0, 0, 0, 0, 0, 
612, 0, 668, -1, -1, 310, 70, 159.0, 9, , 38, 0, 0, 0, , 0, 0, 0, 0, 0, 
613, 0, 670, -1, -1, 156, 48, 167.0, 9, , 23, 0, 0, 0, , 0, 0, 0, 0, 0, 
614, 0, 671, -1, -1, 76, 124, 170.0, 13, , 126, 0, 0, 0, , 0, 0, 0, 0, 0, 
615, 0, 672, -1, -1, 68, 122, 172.0, 9, , 15, 0, 0, 0, , 0, 0, 0, 0, 0, 
616, 0, 673, -1, -1, 107, 132, 175.0, 9, , 58, 0, 0, 0, , 0, 0, 0, 0, 0, 
617, 0, 674, -1, -1, 289, 126, 173.0, 10, , 33, 0, 0, 0, , 0, 0, 0, 0, 0, 
618, 0, 675, -1, -1, 143, 140, 174.0, 9, , 50, 0, 0, 0, , 0, 0, 0, 0, 0, 
619, 0, 676, -1, -1, 129, 127, 176.0, 10, , 70, 0, 0, 0, , 0, 0, 0, 0, 0, 
620, 0, 677, -1, -1, 271, 128, 178.0, 11, , 80, 0, 0, 0, , 0, 0, 0, 0, 0, 
621, 0, 678, -1, -1, 303, 114, 182.0, 10, , 26, 0, 0, 0, , 0, 0, 0, 0, 0, 
622, 0, 680, -1, -1, 96, 88, 192.0, 11, , 107, 0, 0, 0, , 0, 0, 0, 0, 0, 
623, 0, 681, -1, -1, 118, 131, 199.0, 13, , 168, 0, 0, 0, , 0, 0, 0, 0, 0, 
624, 0, 682, -1, -1, 203, 78, 202.0, 9, , 42, 0, 0, 0, , 0, 0, 0, 0, 0, 
625, 0, 683, -1, -1, 195, 81, 205.0, 10, , 37, 0, 0, 0, , 0, 0, 0, 0, 0, 
626, 0, 684, -1, -1, 196, 137, 74.0, 9, , 17, 0, 0, 0, , 0, 0, 0, 0, 0, 
627, 0, 685, -1, -1, 98, 54, 96.0, 9, , 35, 0, 0, 0, , 0, 0, 0, 0, 0, 
628, 0, 686, -1, -1, 311, 72, 169.0, 9, , 59, 0, 0, 0, , 0, 0, 0, 0, 0, 
629, 0, 687, -1, -1, 110, 136, 170.0, 11, , 67, 0, 0, 0, , 0, 0, 0, 0, 0, 
630, 0, 688, -1, -1, 233, 57, 180.0, 11, , 32, 0, 0, 0, , 0, 0, 0, 0, 0, 
631, 0, 689, -1, -1, 272, 130, 186.0, 9, , 30, 0, 0, 0, , 0, 0, 0, 0, 0, 
632, 0, 690, -1, -1, 116, 154, 187.0, 13, , 79, 0, 0, 0, , 0, 0, 0, 0, 0, 
633, 0, 691, -1, -1, 197, 120, 202.0, 9, , 29, 0, 0, 0, , 0, 0, 0, 0, 0, 
634, 0, 692, -1, -1, 298, 151, 98.0, 10, , 6, 0, 0, 0, , 0, 0, 0, 0, 0, 
635, 0, 693, -1, -1, 234, 141, 135.0, 9, , 27, 0, 0, 0, , 0, 0, 0, 0, 0, 
636, 0, 694, -1, -1, 160, 59, 144.0, 9, , 32, 0, 0, 0, , 0, 0, 0, 0, 0, 
637, 0, 695, -1, -1, 137, 52, 183.0, 11, , 238, 0, 0, 0, , 0, 0, 0, 0, 0, 
638, 0, 696, -1, -1, 281, 88, 195.0, 11, , 80, 0, 0, 0, , 0, 0, 0, 0, 0, 
639, 0, 697, -1, -1, 81, 91, 151.0, 11, , 56, 0, 0, 0, , 0, 0, 0, 0, 0, 
640, 0, 698, -1, -1, 150, 60, 146.0, 11, , 72, 0, 0, 0, , 0, 0, 0, 0, 0, 
641, 0, 699, -1, -1, 94, 119, 56.0, 11, , 27, 0, 0, 0, , 0, 0, 0, 0, 0, 
642, 0, 701, -1, -1, 137, 143, 80.0, 10, , 44, 0, 0, 0, , 0, 0, 0, 0, 0, 
643, 0, 702, -1, -1, 106, 158, 88.0, 11, , 92, 0, 0, 0, , 0, 0, 0, 0, 0, 
644, 0, 703, -1, -1, 161, 166, 88.0, 9, , 57, 0, 0, 0, , 0, 0, 0, 0, 0, 
645, 0, 704, -1, -1, 225, 172, 99.0, 9, , 32, 0, 0, 0, , 0, 0, 0, 0, 0, 
646, 0, 705, -1, -1, 189, 37, 101.0, 9, , 26, 0, 0, 0, , 0, 0, 0, 0, 0, 
647, 0, 706, -1, -1, 90, 168, 113.0, 10, , 50, 0, 0, 0, , 0, 0, 0, 0, 0, 
648, 0, 707, -1, -1, 122, 166, 116.0, 13, , 125, 0, 0, 0, , 0, 0, 0, 0, 0, 
649, 0, 708, -1, -1, 50, 102, 120.0, 11, , 58, 0, 0, 0, , 0, 0, 0, 0, 0, 
650, 0, 709, -1, -1, 77, 139, 121.0, 9, , 20, 0, 0, 0, , 0, 0, 0, 0, 0, 
651, 0, 710, -1, -1, 178, 181, 125.0, 9, , 40, 0, 0, 0, , 0, 0, 0, 0, 0, 
652, 0, 711, -1, -1, 105, 132, 126.0, 7, , 8, 0, 0, 0, , 0, 0, 0, 0, 0, 
653, 0, 712, -1, -1, 165, 164, 126.0, 9, , 10, 0, 0, 0, , 0, 0, 0, 0, 0, 
654, 0, 713, -1, -1, 73, 152, 128.0, 9, , 47, 0, 0, 0, , 0, 0, 0, 0, 0, 
655, 0, 714, -1, -1, 295, 169, 131.0, 9, , 21, 0, 0, 0, , 0, 0, 0, 0, 0, 
656, 0, 715, -1, -1, 114, 72, 128.0, 9, , 15, 0, 0, 0, , 0, 0, 0, 0, 0, 
657, 0, 716, -1, -1, 53, 96, 132.0, 9, , 21, 0, 0, 0, , 0, 0, 0, 0, 0, 
658, 0, 717, -1, -1, 105, 136, 133.0, 7, , 22, 0, 0, 0, , 0, 0, 0, 0, 0, 
659, 0, 718, -1, -1, 207, 41, 138.0, 10, , 51, 0, 0, 0, , 0, 0, 0, 0, 0, 
660, 0, 719, -1, -1, 49, 109, 137.0, 9, , 51, 0, 0, 0, , 0, 0, 0, 0, 0, 
661, 0, 720, -1, -1, 292, 170, 136.0, 9, , 31, 0, 0, 0, , 0, 0, 0, 0, 0, 
662, 0, 722, -1, -1, 263, 146, 141.0, 11, , 74, 0, 0, 0, , 0, 0, 0, 0, 0, 
663, 0, 723, -1, -1, 140, 35, 142.0, 11, , 64, 0, 0, 0, , 0, 0, 0, 0, 0, 
664, 0, 724, -1, -1, 91, 58, 145.0, 9, , 35, 0, 0, 0, , 0, 0, 0, 0, 0, 
665, 0, 725, -1, -1, 139, 165, 141.0, 9, , 77, 0, 0, 0, , 0, 0, 0, 0, 0, 
666, 0, 727, -1, -1, 236, 169, 147.0, 13, , 20, 0, 0, 0, , 0, 0, 0, 0, 0, 
667, 0, 728, -1, -1, 78, 159, 146.0, 15, , 165, 0, 0, 0, , 0, 0, 0, 0, 0, 
668, 0, 729, -1, -1, 122, 127, 146.0, 9, , 53, 0, 0, 0, , 0, 0, 0, 0, 0, 
669, 0, 730, -1, -1, 123, 178, 146.0, 11, , 58, 0, 0, 0, , 0, 0, 0, 0, 0, 
670, 0, 731, -1, -1, 258, 142, 147.0, 11, , 10, 0, 0, 0, , 0, 0, 0, 0, 0, 
671, 0, 732, -1, -1, 53, 121, 148.0, 10, , 47, 0, 0, 0, , 0, 0, 0, 0, 0, 
672, 0, 733, -1, -1, 236, 172, 149.0, 11, , 21, 0, 0, 0, , 0, 0, 0, 0, 0, 
673, 0, 734, -1, -1, 117, 128, 150.0, 9, , 41, 0, 0, 0, , 0, 0, 0, 0, 0, 
674, 0, 735, -1, -1, 146, 179, 150.0, 9, , 40, 0, 0, 0, , 0, 0, 0, 0, 0, 
675, 0, 736, -1, -1, 233, 169, 152.0, 9, , 30, 0, 0, 0, , 0, 0, 0, 0, 0, 
676, 0, 737, -1, -1, 137, 103, 153.0, 10, , 18, 0, 0, 0, , 0, 0, 0, 0, 0, 
677, 0, 738, -1, -1, 294, 153, 155.0, 11, , 67, 0, 0, 0, , 0, 0, 0, 0, 0, 
678, 0, 739, -1, -1, 138, 110, 156.0, 10, , 19, 0, 0, 0, , 0, 0, 0, 0, 0, 
679, 0, 740, -1, -1, 267, 159, 159.0, 9, , 32, 0, 0, 0, , 0, 0, 0, 0, 0, 
680, 0, 741, -1, -1, 103, 70, 158.0, 13, , 179, 0, 0, 0, , 0, 0, 0, 0, 0, 
681, 0, 742, -1, -1, 130, 144, 161.0, 11, , 150, 0, 0, 0, , 0, 0, 0, 0, 0, 
682, 0, 743, -1, -1, 159, 42, 159.0, 9, , 18, 0, 0, 0, , 0, 0, 0, 0, 0, 
683, 0, 744, -1, -1, 316, 69, 162.0, 9, , 24, 0, 0, 0, , 0, 0, 0, 0, 0, 
684, 0, 745, -1, -1, 151, 35, 164.0, 11, , 51, 0, 0, 0, , 0, 0, 0, 0, 0, 
685, 0, 746, -1, -1, 183, 170, 162.0, 13, , 58, 0, 0, 0, , 0, 0, 0, 0, 0, 
686, 0, 747, -1, -1, 236, 49, 162.0, 9, , 93, 0, 0, 0, , 0, 0, 0, 0, 0, 
687, 0, 748, -1, -1, 72, 100, 166.0, 10, , 36, 0, 0, 0, , 0, 0, 0, 0, 0, 
688, 0, 749, -1, -1, 75, 70, 165.0, 10, , 11, 0, 0, 0, , 0, 0, 0, 0, 0, 
689, 0, 750, -1, -1, 129, 52, 165.0, 10, , 98, 0, 0, 0, , 0, 0, 0, 0, 0, 
690, 0, 751, -1, -1, 133, 166, 165.0, 11, , 27, 0, 0, 0, , 0, 0, 0, 0, 0, 
691, 0, 752, -1, -1, 310, 74, 167.0, 9, , 41, 0, 0, 0, , 0, 0, 0, 0, 0, 
692, 0, 753, -1, -1, 212, 134, 168.0, 9, , 32, 0, 0, 0, , 0, 0, 0, 0, 0, 
693, 0, 754, -1, -1, 149, 81, 167.0, 9, , 36, 0, 0, 0, , 0, 0, 0, 0, 0, 
694, 0, 755, -1, -1, 151, 35, 167.0, 11, , 70, 0, 0, 0, , 0, 0, 0, 0, 0, 
695, 0, 757, -1, -1, 201, 167, 169.0, 11, , 61, 0, 0, 0, , 0, 0, 0, 0, 0, 
696, 0, 758, -1, -1, 76, 152, 174.0, 9, , 44, 0, 0, 0, , 0, 0, 0, 0, 0, 
697, 0, 759, -1, -1, 123, 90, 175.0, 9, , 30, 0, 0, 0, , 0, 0, 0, 0, 0, 
698, 0, 760, -1, -1, 139, 85, 174.0, 10, , 16, 0, 0, 0, , 0, 0, 0, 0, 0, 
699, 0, 761, -1, -1, 288, 90, 178.0, 9, , 31, 0, 0, 0, , 0, 0, 0, 0, 0, 
700, 0, 762, -1, -1, 241, 104, 174.0, 11, , 23, 0, 0, 0, , 0, 0, 0, 0, 0, 
701, 0, 763, -1, -1, 221, 48, 177.0, 10, , 24, 0, 0, 0, , 0, 0, 0, 0, 0, 
702, 0, 764, -1, -1, 224, 78, 177.0, 11, , 22, 0, 0, 0, , 0, 0, 0, 0, 0, 
703, 0, 765, -1, -1, 119, 49, 181.0, 11, , 32, 0, 0, 0, , 0, 0, 0, 0, 0, 
704, 0, 766, -1, -1, 122, 143, 177.0, 11, , 137, 0, 0, 0, , 0, 0, 0, 0, 0, 
705, 0, 767, -1, -1, 208, 128, 177.0, 10, , 21, 0, 0, 0, , 0, 0, 0, 0, 0, 
706, 0, 768, -1, -1, 146, 83, 180.0, 10, , 32, 0, 0, 0, , 0, 0, 0, 0, 0, 
707, 0, 769, -1, -1, 207, 154, 180.0, 11, , 39, 0, 0, 0, , 0, 0, 0, 0, 0, 
708, 0, 770, -1, -1, 79, 77, 182.0, 7, , 11, 0, 0, 0, , 0, 0, 0, 0, 0, 
709, 0, 771, -1, -1, 295, 114, 182.0, 9, , 30, 0, 0, 0, , 0, 0, 0, 0, 0, 
710, 0, 772, -1, -1, 206, 155, 183.0, 9, , 57, 0, 0, 0, , 0, 0, 0, 0, 0, 
711, 0, 773, -1, -1, 98, 130, 187.0, 10, , 100, 0, 0, 0, , 0, 0, 0, 0, 0, 
712, 0, 774, -1, -1, 141, 81, 185.0, 9, , 22, 0, 0, 0, , 0, 0, 0, 0, 0, 
713, 0, 775, -1, -1, 251, 66, 188.0, 9, , 67, 0, 0, 0, , 0, 0, 0, 0, 0, 
714, 0, 776, -1, -1, 216, 51, 188.0, 9, , 23, 0, 0, 0, , 0, 0, 0, 0, 0, 
715, 0, 777, -1, -1, 260, 124, 190.0, 9, , 37, 0, 0, 0, , 0, 0, 0, 0, 0, 
716, 0, 778, -1, -1, 275, 115, 190.0, 9, , 10, 0, 0, 0, , 0, 0, 0, 0, 0, 
717, 0, 779, -1, -1, 280, 107, 190.0, 9, , 66, 0, 0, 0, , 0, 0, 0, 0, 0, 
718, 0, 780, -1, -1, 252, 135, 192.0, 11, , 75, 0, 0, 0, , 0, 0, 0, 0, 0, 
719, 0, 781, -1, -1, 106, 130, 194.0, 9, , 59, 0, 0, 0, , 0, 0, 0, 0, 0, 
720, 0, 782, -1, -1, 217, 136, 195.0, 9, , 25, 0, 0, 0, , 0, 0, 0, 0, 0, 
721, 0, 783, -1, -1, 278, 118, 195.0, 10, , 33, 0, 0, 0, , 0, 0, 0, 0, 0, 
722, 0, 784, -1, -1, 252, 136, 198.0, 9, , 29, 0, 0, 0, , 0, 0, 0, 0, 0, 
723, 0, 785, -1, -1, 166, 99, 197.0, 15, , 64, 0, 0, 0, , 0, 0, 0, 0, 0, 
724, 0, 786, -1, -1, 252, 82, 198.0, 11, , 312, 0, 0, 0, , 0, 0, 0, 0, 0, 
725, 0, 787, -1, -1, 277, 108, 196.0, 9, , 40, 0, 0, 0, , 0, 0, 0, 0, 0, 
726, 0, 788, -1, -1, 161, 63, 202.0, 9, , 26, 0, 0, 0, , 0, 0, 0, 0, 0, 
727, 0, 789, -1, -1, 163, 62, 204.0, 11, , 112, 0, 0, 0, , 0, 0, 0, 0, 0, 
728, 0, 790, -1, -1, 222, 97, 207.0, 9, , 15, 0, 0, 0, , 0, 0, 0, 0, 0, 
729, 0, 791, -1, -1, 101, 116, 57.0, 9, , 43, 0, 0, 0, , 0, 0, 0, 0, 0, 
730, 0, 792, -1, -1, 57, 113, 111.0, 11, , 40, 0, 0, 0, , 0, 0, 0, 0, 0, 
731, 0, 793, -1, -1, 79, 144, 115.0, 9, , 45, 0, 0, 0, , 0, 0, 0, 0, 0, 
732, 0, 794, -1, -1, 160, 162, 128.0, 9, , 75, 0, 0, 0, , 0, 0, 0, 0, 0, 
733, 0, 795, -1, -1, 77, 62, 143.0, 10, , 43, 0, 0, 0, , 0, 0, 0, 0, 0, 
734, 0, 796, -1, -1, 139, 33, 156.0, 9, , 23, 0, 0, 0, , 0, 0, 0, 0, 0, 
735, 0, 797, -1, -1, 181, 44, 157.0, 10, , 23, 0, 0, 0, , 0, 0, 0, 0, 0, 
736, 0, 799, -1, -1, 264, 139, 171.0, 9, , 43, 0, 0, 0, , 0, 0, 0, 0, 0, 
737, 0, 800, -1, -1, 84, 76, 188.0, 9, , 65, 0, 0, 0, , 0, 0, 0, 0, 0, 
738, 0, 801, -1, -1, 121, 134, 191.0, 9, , 33, 0, 0, 0, , 0, 0, 0, 0, 0, 
739, 0, 802, -1, -1, 152, 61, 134.0, 9, , 77, 0, 0, 0, , 0, 0, 0, 0, 0, 
740, 0, 803, -1, -1, 72, 67, 138.0, 10, , 42, 0, 0, 0, , 0, 0, 0, 0, 0, 
741, 0, 804, -1, -1, 220, 46, 157.0, 7, , 57, 0, 0, 0, , 0, 0, 0, 0, 0, 
742, 0, 805, -1, -1, 106, 160, 163.0, 10, , 49, 0, 0, 0, , 0, 0, 0, 0, 0, 
743, 0, 806, -1, -1, 92, 86, 171.0, 7, , 19, 0, 0, 0, , 0, 0, 0, 0, 0, 
744, 0, 807, -1, -1, 111, 53, 168.0, 13, , 223, 0, 0, 0, , 0, 0, 0, 0, 0, 
745, 0, 808, -1, -1, 194, 154, 173.0, 9, , 27, 0, 0, 0, , 0, 0, 0, 0, 0, 
746, 0, 809, -1, -1, 123, 167, 124.0, 13, , 90, 0, 0, 0, , 0, 0, 0, 0, 0, 
747, 0, 810, -1, -1, 96, 147, 178.0, 11, , 14, 0, 0, 0, , 0, 0, 0, 0, 0, 
748, 0, 811, -1, -1, 109, 93, 205.0, 9, , 42, 0, 0, 0, , 0, 0, 0, 0, 0, 
749, 0, 812, -1, -1, 150, 73, 170.0, 9, , 5, 0, 0, 0, , 0, 0, 0, 0, 0, 
750, 0, 813, -1, -1, 224, 174, 103.0, 9, , 21, 0, 0, 0, , 0, 0, 0, 0, 0, 
751, 0, 814, -1, -1, 74, 156, 112.0, 11, , 58, 0, 0, 0, , 0, 0, 0, 0, 0, 
752, 0, 815, -1, -1, 64, 93, 113.0, 9, , 11, 0, 0, 0, , 0, 0, 0, 0, 0, 
753, 0, 816, -1, -1, 303, 158, 117.0, 9, , 30, 0, 0, 0, , 0, 0, 0, 0, 0, 
754, 0, 817, -1, -1, 140, 97, 114.0, 11, , 11, 0, 0, 0, , 0, 0, 0, 0, 0, 
755, 0, 818, -1, -1, 158, 29, 126.0, 9, , 28, 0, 0, 0, , 0, 0, 0, 0, 0, 
756, 0, 819, -1, -1, 187, 40, 125.0, 10, , 3, 0, 0, 0, , 0, 0, 0, 0, 0, 
757, 0, 820, -1, -1, 131, 115, 125.0, 9, , 32, 0, 0, 0, , 0, 0, 0, 0, 0, 
758, 0, 821, -1, -1, 140, 178, 129.0, 11, , 70, 0, 0, 0, , 0, 0, 0, 0, 0, 
759, 0, 823, -1, -1, 288, 121, 135.0, 9, , 25, 0, 0, 0, , 0, 0, 0, 0, 0, 
760, 0, 824, -1, -1, 156, 31, 137.0, 9, , 43, 0, 0, 0, , 0, 0, 0, 0, 0, 
761, 0, 825, -1, -1, 246, 173, 136.0, 11, , 63, 0, 0, 0, , 0, 0, 0, 0, 0, 
762, 0, 826, -1, -1, 97, 59, 140.0, 9, , 21, 0, 0, 0, , 0, 0, 0, 0, 0, 
763, 0, 827, -1, -1, 150, 55, 139.0, 10, , 31, 0, 0, 0, , 0, 0, 0, 0, 0, 
764, 0, 828, -1, -1, 290, 167, 143.0, 9, , 14, 0, 0, 0, , 0, 0, 0, 0, 0, 
765, 0, 830, -1, -1, 305, 154, 144.0, 9, , 46, 0, 0, 0, , 0, 0, 0, 0, 0, 
766, 0, 831, -1, -1, 85, 127, 144.0, 10, , 80, 0, 0, 0, , 0, 0, 0, 0, 0, 
767, 0, 832, -1, -1, 75, 77, 147.0, 9, , 34, 0, 0, 0, , 0, 0, 0, 0, 0, 
768, 0, 833, -1, -1, 117, 108, 144.0, 13, , 67, 0, 0, 0, , 0, 0, 0, 0, 0, 
769, 0, 834, -1, -1, 114, 108, 149.0, 9, , 28, 0, 0, 0, , 0, 0, 0, 0, 0, 
770, 0, 835, -1, -1, 120, 55, 149.0, 13, , 47, 0, 0, 0, , 0, 0, 0, 0, 0, 
771, 0, 836, -1, -1, 126, 165, 152.0, 9, , 59, 0, 0, 0, , 0, 0, 0, 0, 0, 
772, 0, 837, -1, -1, 97, 159, 153.0, 9, , 35, 0, 0, 0, , 0, 0, 0, 0, 0, 
773, 0, 838, -1, -1, 148, 178, 157.0, 9, , 53, 0, 0, 0, , 0, 0, 0, 0, 0, 
774, 0, 839, -1, -1, 251, 168, 160.0, 11, , 13, 0, 0, 0, , 0, 0, 0, 0, 0, 
775, 0, 840, -1, -1, 293, 153, 158.0, 9, , 57, 0, 0, 0, , 0, 0, 0, 0, 0, 
776, 0, 841, -1, -1, 299, 63, 163.0, 11, , 96, 0, 0, 0, , 0, 0, 0, 0, 0, 
777, 0, 842, -1, -1, 186, 167, 163.0, 10, , 34, 0, 0, 0, , 0, 0, 0, 0, 0, 
778, 0, 843, -1, -1, 108, 135, 165.0, 11, , 96, 0, 0, 0, , 0, 0, 0, 0, 0, 
779, 0, 844, -1, -1, 274, 148, 169.0, 11, , 116, 0, 0, 0, , 0, 0, 0, 0, 0, 
780, 0, 845, -1, -1, 298, 64, 169.0, 11, , 108, 0, 0, 0, , 0, 0, 0, 0, 0, 
781, 0, 846, -1, -1, 301, 143, 170.0, 9, , 41, 0, 0, 0, , 0, 0, 0, 0, 0, 
782, 0, 847, -1, -1, 110, 160, 172.0, 9, , 52, 0, 0, 0, , 0, 0, 0, 0, 0, 
783, 0, 848, -1, -1, 210, 128, 171.0, 10, , 18, 0, 0, 0, , 0, 0, 0, 0, 0, 
784, 0, 849, -1, -1, 258, 135, 174.0, 9, , 16, 0, 0, 0, , 0, 0, 0, 0, 0, 
785, 0, 850, -1, -1, 109, 161, 174.0, 9, , 48, 0, 0, 0, , 0, 0, 0, 0, 0, 
786, 0, 851, -1, -1, 173, 113, 177.0, 10, , 21, 0, 0, 0, , 0, 0, 0, 0, 0, 
787, 0, 852, -1, -1, 193, 42, 178.0, 9, , 27, 0, 0, 0, , 0, 0, 0, 0, 0, 
788, 0, 853, -1, -1, 115, 119, 180.0, 11, , 161, 0, 0, 0, , 0, 0, 0, 0, 0, 
789, 0, 854, -1, -1, 253, 66, 179.0, 11, , 37, 0, 0, 0, , 0, 0, 0, 0, 0, 
790, 0, 855, -1, -1, 195, 62, 196.0, 10, , 62, 0, 0, 0, , 0, 0, 0, 0, 0, 
791, 0, 856, -1, -1, 221, 132, 200.0, 9, , 45, 0, 0, 0, , 0, 0, 0, 0, 0, 
792, 0, 857, -1, -1, 111, 92, 200.0, 9, , 76, 0, 0, 0, , 0, 0, 0, 0, 0, 
793, 0, 858, -1, -1, 153, 85, 199.0, 9, , 41, 0, 0, 0, , 0, 0, 0, 0, 0, 
794, 0, 859, -1, -1, 213, 117, 206.0, 11, , 49, 0, 0, 0, , 0, 0, 0, 0, 0, 
795, 0, 860, -1, -1, 136, 112, 211.0, 9, , 61, 0, 0, 0, , 0, 0, 0, 0, 0, 
796, 0, 861, -1, -1, 75, 90, 95.0, 9, , 34, 0, 0, 0, , 0, 0, 0, 0, 0, 
797, 0, 862, -1, -1, 154, 168, 109.0, 9, , 22, 0, 0, 0, , 0, 0, 0, 0, 0, 
798, 0, 863, -1, -1, 94, 169, 120.0, 11, , 130, 0, 0, 0, , 0, 0, 0, 0, 0, 
799, 0, 864, -1, -1, 126, 120, 123.0, 9, , 49, 0, 0, 0, , 0, 0, 0, 0, 0, 
800, 0, 865, -1, -1, 292, 121, 139.0, 10, , 4, 0, 0, 0, , 0, 0, 0, 0, 0, 
801, 0, 866, -1, -1, 138, 35, 151.0, 11, , 108, 0, 0, 0, , 0, 0, 0, 0, 0, 
802, 0, 867, -1, -1, 94, 54, 160.0, 9, , 60, 0, 0, 0, , 0, 0, 0, 0, 0, 
803, 0, 868, -1, -1, 129, 121, 170.0, 11, , 97, 0, 0, 0, , 0, 0, 0, 0, 0, 
804, 0, 870, -1, -1, 146, 124, 186.0, 9, , 58, 0, 0, 0, , 0, 0, 0, 0, 0, 
805, 0, 871, -1, -1, 131, 101, 188.0, 11, , 49, 0, 0, 0, , 0, 0, 0, 0, 0, 
806, 0, 872, -1, -1, 188, 74, 196.0, 9, , 85, 0, 0, 0, , 0, 0, 0, 0, 0, 
807, 0, 873, -1, -1, 229, 108, 202.0, 11, , 34, 0, 0, 0, , 0, 0, 0, 0, 0, 
808, 0, 874, -1, -1, 154, 87, 207.0, 11, , 125, 0, 0, 0, , 0, 0, 0, 0, 0, 
809, 0, 875, -1, -1, 130, 117, 209.0, 9, , 61, 0, 0, 0, , 0, 0, 0, 0, 0, 
810, 0, 876, -1, -1, 172, 106, 211.0, 9, , 50, 0, 0, 0, , 0, 0, 0, 0, 0, 
811, 0, 877, -1, -1, 156, 33, 146.0, 7, , 14, 0, 0, 0, , 0, 0, 0, 0, 0, 
812, 0, -1, -1, -1, 118, 162, 119.0, 9, , 58, 0, 0, 0, , 0, 0, 0, 0, 0, 
813, 0, -1, -1, -1, 126, 119, 120.0, 10, , 71, 0, 0, 0, , 0, 0, 0, 0, 0, 
814, 0, -1, -1, -1, 146, 153, 61.0, 11, , 29, 0, 0, 0, , 0, 0, 0, 0, 0, 
815, 0, -1, -1, -1, 177, 127, 65.0, 10, , 5, 0, 0, 0, , 0, 0, 0, 0, 0, 
816, 0, -1, -1, -1, 227, 150, 76.0, 9, , 8, 0, 0, 0, , 0, 0, 0, 0, 0, 
817, 0, -1, -1, -1, 208, 144, 78.0, 11, , 61, 0, 0, 0, , 0, 0, 0, 0, 0, 
818, 0, -1, -1, -1, 225, 152, 82.0, 9, , 41, 0, 0, 0, , 0, 0, 0, 0, 0, 
819, 0, -1, -1, -1, 106, 158, 83.0, 15, , 105, 0, 0, 0, , 0, 0, 0, 0, 0, 
820, 0, -1, -1, -1, 142, 167, 87.0, 9, , 41, 0, 0, 0, , 0, 0, 0, 0, 0, 
821, 0, -1, -1, -1, 140, 167, 89.0, 9, , 37, 0, 0, 0, , 0, 0, 0, 0, 0, 
822, 0, -1, -1, -1, 148, 168, 91.0, 9, , 63, 0, 0, 0, , 0, 0, 0, 0, 0, 
823, 0, -1, -1, -1, 160, 114, 91.0, 11, , 55, 0, 0, 0, , 0, 0, 0, 0, 0, 
824, 0, -1, -1, -1, 141, 123, 97.0, 10, , 38, 0, 0, 0, , 0, 0, 0, 0, 0, 
825, 0, -1, -1, -1, 82, 114, 98.0, 9, , 16, 0, 0, 0, , 0, 0, 0, 0, 0, 
826, 0, -1, -1, -1, 113, 53, 100.0, 11, , 35, 0, 0, 0, , 0, 0, 0, 0, 0, 
827, 0, -1, -1, -1, 293, 157, 100.0, 10, , 4, 0, 0, 0, , 0, 0, 0, 0, 0, 
828, 0, -1, -1, -1, 139, 125, 101.0, 10, , 20, 0, 0, 0, , 0, 0, 0, 0, 0, 
829, 0, -1, -1, -1, 271, 162, 104.0, 9, , 39, 0, 0, 0, , 0, 0, 0, 0, 0, 
830, 0, -1, -1, -1, 58, 113, 106.0, 9, , 43, 0, 0, 0, , 0, 0, 0, 0, 0, 
831, 0, -1, -1, -1, 266, 160, 108.0, 9, , 22, 0, 0, 0, , 0, 0, 0, 0, 0, 
832, 0, -1, -1, -1, 130, 119, 116.0, 13, , 74, 0, 0, 0, , 0, 0, 0, 0, 0, 
833, 0, -1, -1, -1, 297, 161, 120.0, 10, , 21, 0, 0, 0, , 0, 0, 0, 0, 0, 
834, 0, -1, -1, -1, 54, 144, 121.0, 9, , 69, 0, 0, 0, , 0, 0, 0, 0, 0, 
835, 0, -1, -1, -1, 123, 170, 121.0, 9, , 74, 0, 0, 0, , 0, 0, 0, 0, 0, 
836, 0, -1, -1, -1, 141, 98, 121.0, 9, , 22, 0, 0, 0, , 0, 0, 0, 0, 0, 
837, 0, -1, -1, -1, 258, 162, 123.0, 10, , 41, 0, 0, 0, , 0, 0, 0, 0, 0, 
838, 0, -1, -1, -1, 120, 169, 126.0, 9, , 26, 0, 0, 0, , 0, 0, 0, 0, 0, 
839, 0, -1, -1, -1, 231, 175, 137.0, 9, , 28, 0, 0, 0, , 0, 0, 0, 0, 0, 
840, 0, -1, -1, -1, 90, 103, 138.0, 9, , 102, 0, 0, 0, , 0, 0, 0, 0, 0, 
841, 0, -1, -1, -1, 104, 168, 138.0, 9, , 66, 0, 0, 0, , 0, 0, 0, 0, 0, 
842, 0, -1, -1, -1, 156, 93, 138.0, 11, , 163, 0, 0, 0, , 0, 0, 0, 0, 0, 
843, 0, -1, -1, -1, 186, 43, 141.0, 11, , 118, 0, 0, 0, , 0, 0, 0, 0, 0, 
844, 0, -1, -1, -1, 246, 172, 141.0, 9, , 40, 0, 0, 0, , 0, 0, 0, 0, 0, 
845, 0, -1, -1, -1, 214, 125, 143.0, 9, , 31, 0, 0, 0, , 0, 0, 0, 0, 0, 
846, 0, -1, -1, -1, 82, 125, 151.0, 13, , 230, 0, 0, 0, , 0, 0, 0, 0, 0, 
847, 0, -1, -1, -1, 233, 168, 154.0, 9, , 43, 0, 0, 0, , 0, 0, 0, 0, 0, 
848, 0, -1, -1, -1, 70, 93, 155.0, 10, , 14, 0, 0, 0, , 0, 0, 0, 0, 0, 
849, 0, -1, -1, -1, 134, 169, 156.0, 11, , 22, 0, 0, 0, , 0, 0, 0, 0, 0, 
850, 0, -1, -1, -1, 73, 108, 157.0, 9, , 70, 0, 0, 0, , 0, 0, 0, 0, 0, 
851, 0, -1, -1, -1, 121, 87, 157.0, 11, , 9, 0, 0, 0, , 0, 0, 0, 0, 0, 
852, 0, -1, -1, -1, 68, 91, 160.0, 7, , 20, 0, 0, 0, , 0, 0, 0, 0, 0, 
853, 0, -1, -1, -1, 150, 146, 163.0, 10, , 6, 0, 0, 0, , 0, 0, 0, 0, 0, 
854, 0, -1, -1, -1, 236, 108, 165.0, 7, , 10, 0, 0, 0, , 0, 0, 0, 0, 0, 
855, 0, -1, -1, -1, 121, 66, 167.0, 9, , 13, 0, 0, 0, , 0, 0, 0, 0, 0, 
856, 0, -1, -1, -1, 223, 159, 167.0, 9, , 6, 0, 0, 0, , 0, 0, 0, 0, 0, 
857, 0, -1, -1, -1, 244, 100, 167.0, 9, , 29, 0, 0, 0, , 0, 0, 0, 0, 0, 
858, 0, -1, -1, -1, 176, 38, 168.0, 9, , 44, 0, 0, 0, , 0, 0, 0, 0, 0, 
859, 0, -1, -1, -1, 234, 152, 170.0, 9, , 7, 0, 0, 0, , 0, 0, 0, 0, 0, 
860, 0, -1, -1, -1, 95, 105, 172.0, 7, , 23, 0, 0, 0, , 0, 0, 0, 0, 0, 
861, 0, -1, -1, -1, 259, 138, 176.0, 11, , 75, 0, 0, 0, , 0, 0, 0, 0, 0, 
862, 0, -1, -1, -1, 123, 90, 177.0, 9, , 38, 0, 0, 0, , 0, 0, 0, 0, 0, 
863, 0, -1, -1, -1, 312, 94, 179.0, 10, , 55, 0, 0, 0, , 0, 0, 0, 0, 0, 
864, 0, -1, -1, -1, 217, 47, 180.0, 9, , 14, 0, 0, 0, , 0, 0, 0, 0, 0, 
865, 0, -1, -1, -1, 280, 68, 182.0, 9, , 44, 0, 0, 0, , 0, 0, 0, 0, 0, 
866, 0, -1, -1, -1, 271, 129, 183.0, 9, , 70, 0, 0, 0, , 0, 0, 0, 0, 0, 
867, 0, -1, -1, -1, 100, 68, 184.0, 13, , 139, 0, 0, 0, , 0, 0, 0, 0, 0, 
868, 0, -1, -1, -1, 120, 56, 184.0, 9, , 29, 0, 0, 0, , 0, 0, 0, 0, 0, 
869, 0, -1, -1, -1, 94, 147, 185.0, 9, , 38, 0, 0, 0, , 0, 0, 0, 0, 0, 
870, 0, -1, -1, -1, 235, 57, 190.0, 9, , 94, 0, 0, 0, , 0, 0, 0, 0, 0, 
871, 0, -1, -1, -1, 155, 139, 193.0, 10, , 43, 0, 0, 0, , 0, 0, 0, 0, 0, 
872, 0, -1, -1, -1, 251, 106, 193.0, 11, , 29, 0, 0, 0, , 0, 0, 0, 0, 0, 
873, 0, -1, -1, -1, 257, 121, 194.0, 9, , 43, 0, 0, 0, , 0, 0, 0, 0, 0, 
874, 0, -1, -1, -1, 230, 75, 198.0, 9, , 67, 0, 0, 0, , 0, 0, 0, 0, 0, 
875, 0, -1, -1, -1, 246, 132, 198.0, 11, , 63, 0, 0, 0, , 0, 0, 0, 0, 0, 
876, 0, -1, -1, -1, 219, 73, 204.0, 9, , 35, 0, 0, 0, , 0, 0, 0, 0, 0, 
877, 0, -1, -1, -1, 221, 92, 205.0, 10, , 37, 0, 0, 0, , 0, 0, 0, 0, 0, 
878, 0, -1, -1, -1, 174, 129, 208.0, 11, , 28, 0, 0, 0, , 0, 0, 0, 0, 0, 
879, 0, -1, -1, -1, 135, 93, 211.0, 9, , 42, 0, 0, 0, , 0, 0, 0, 0, 0, 
880, 0, -1, -1, -1, 132, 122, 121.0, 9, , 29, 0, 0, 0, , 0, 0, 0, 0, 0, 
881, 0, -1, -1, -1, 161, 164, 131.0, 11, , 77, 0, 0, 0, , 0, 0, 0, 0, 0, 
882, 0, -1, -1, -1, 90, 103, 135.0, 9, , 31, 0, 0, 0, , 0, 0, 0, 0, 0, 
883, 0, -1, -1, -1, 73, 109, 154.0, 9, , 50, 0, 0, 0, , 0, 0, 0, 0, 0, 
884, 0, -1, -1, -1, 59, 127, 167.0, 11, , 32, 0, 0, 0, , 0, 0, 0, 0, 0, 
885, 0, -1, -1, -1, 108, 134, 168.0, 13, , 213, 0, 0, 0, , 0, 0, 0, 0, 0, 
886, 0, -1, -1, -1, 150, 36, 175.0, 11, , 38, 0, 0, 0, , 0, 0, 0, 0, 0, 
887, 0, -1, -1, -1, 126, 163, 122.0, 9, , 33, 0, 0, 0, , 0, 0, 0, 0, 0, 
888, 0, -1, -1, -1, 171, 81, 197.0, 7, , 22, 0, 0, 0, , 0, 0, 0, 0, 0, 
889, 0, -1, -1, -1, 132, 115, 120.0, 9, , 36, 0, 0, 0, , 0, 0, 0, 0, 0, 
890, 1, 878, 901, -1, 248, 83, 126.0, 14, Eprpa, 0, 0, 0, 0, , 0, 0, 0, 0, 0, 
891, 0, 879, -1, -1, 128, 37, 129.0, 17, , 0, 0, 0, 0, , 0, 0, 0, 0, 0, 
892, 1, 880, 903, -1, 132, 113, 207.0, 15, ABarappaaa, 0, 0, 0, 0, , 0, 0, 0, 0, 0, 
893, 1, 881, 904, -1, 153, 105, 213.0, 17, ABarappapa, 0, 0, 0, 0, , 0, 0, 0, 0, 0, 
894, 1, 882, 905, -1, 176, 107, 212.0, 13, ABarappapp, 0, 0, 0, 0, , 0, 0, 0, 0, 0, 
895, 1, 883, 906, -1, 154, 124, 209.0, 15, ABarappaap, 0, 0, 0, 0, , 0, 0, 0, 0, 0, 
896, 1, 884, 907, -1, 112, 96, 204.0, 12, ABarapppaa, 0, 0, 0, 0, , 0, 0, 0, 0, 0, 
897, 1, 885, 908, -1, 131, 100, 193.0, 16, ABarapppap, 0, 0, 0, 0, , 0, 0, 0, 0, 0, 
898, 1, 886, 909, -1, 133, 90, 201.0, 15, ABarappppa, 0, 0, 0, 0, , 0, 0, 0, 0, 0, 
899, 1, 887, 910, -1, 154, 87, 201.0, 17, ABarappppp, 0, 0, 0, 0, , 0, 0, 0, 0, 0, 
900, 1, 888, 911, -1, 102, 128, 191.0, 15, ABarapaaaa, 0, 0, 0, 0, , 0, 0, 0, 0, 0, 
901, 1, 889, 912, -1, 120, 129, 196.93549, 15, ABarapaaap, 0, 0, 0, 0, , 0, 0, 0, 0, 0, 
902, 1, 890, 913, -1, 116, 119, 185.0, 13, ABarapaapa, 0, 0, 0, 0, , 0, 0, 0, 0, 0, 
903, 1, 891, 914, -1, 129, 121, 174.0, 14, ABarapaapp, 0, 0, 0, 0, , 0, 0, 0, 0, 0, 
904, 1, 892, 915, -1, 135, 134, 199.0, 15, ABarapapaa, 0, 0, 0, 0, , 0, 0, 0, 0, 0, 
905, 1, 893, 916, -1, 155, 137, 198.0, 14, ABarapapap, 0, 0, 0, 0, , 0, 0, 0, 0, 0, 
906, 1, 894, 917, -1, 145, 119, 183.0, 14, ABarapappa, 0, 0, 0, 0, , 0, 0, 0, 0, 0, 
907, 1, 895, 918, -1, 173, 124, 186.0, 17, ABarapappp, 0, 0, 0, 0, , 0, 0, 0, 0, 0, 
908, 1, 896, 919, -1, 82, 126, 146.0, 14, ABaraapaaa, 0, 0, 0, 0, , 0, 0, 0, 0, 0, 
909, 1, 897, 920, -1, 100, 121, 157.0, 14, ABaraapaap, 0, 0, 0, 0, , 0, 0, 0, 0, 0, 
910, 1, 898, 921, -1, 118, 130, 143.0, 16, ABaraapapa, 0, 0, 0, 0, , 0, 0, 0, 0, 0, 
911, 1, 899, 922, -1, 130, 117, 122.0, 14, ABaraapapp, 0, 0, 0, 0, , 0, 0, 0, 0, 0, 
912, 1, 900, 923, -1, 100, 102, 158.0, 15, ABaraappaa, 0, 0, 0, 0, , 0, 0, 0, 0, 0, 
913, 1, 901, 924, -1, 117, 106, 145.0, 15, ABaraappap, 0, 0, 0, 0, , 0, 0, 0, 0, 0, 
914, 1, 902, 925, -1, 138, 105, 156.0, 17, ABaraapppa, 0, 0, 0, 0, , 0, 0, 0, 0, 0, 
915, 1, 903, 926, -1, 155, 93, 142.0, 14, ABaraapppp, 0, 0, 0, 0, , 0, 0, 0, 0, 0, 
916, 1, 904, 927, -1, 74, 123, 172.0, 15, ABaraaapaa, 0, 0, 0, 0, , 0, 0, 0, 0, 0, 
917, 1, 905, 928, -1, 92, 114, 174.0, 19, ABaraaapap, 0, 0, 0, 0, , 0, 0, 0, 0, 0, 
918, 1, 906, 929, -1, 87, 108, 195.0, 15, ABaraaappa, 0, 0, 0, 0, , 0, 0, 0, 0, 0, 
919, 1, 907, 930, -1, 107, 113, 198.0, 16, ABaraaappp, 0, 0, 0, 0, , 0, 0, 0, 0, 0, 
920, 1, 908, 931, -1, 71, 102, 168.0, 15, ABaraaaaap, 0, 0, 0, 0, , 0, 0, 0, 0, 0, 
921, 1, 909, 932, -1, 56, 125, 165.0, 15, ABaraaaaaa, 0, 0, 0, 0, , 0, 0, 0, 0, 0, 
922, 1, 910, 934, -1, 70, 107, 151.0, 14, ABaraaaapa, 0, 0, 0, 0, , 0, 0, 0, 0, 0, 
923, 1, 910, 933, -1, 90, 105, 142.5, 14, ABaraaaapp, 0, 0, 0, 0, , 0, 0, 0, 0, 0, 
924, 1, 911, 935, -1, 107, 134, 173.0, 15, ABalpaaapa, 0, 0, 0, 0, , 0, 0, 0, 0, 0, 
925, 1, 912, 936, -1, 117, 141, 156.0, 17, ABalpaaapp, 0, 0, 0, 0, , 0, 0, 0, 0, 0, 
926, 1, 913, 937, -1, 94, 147, 180.0, 17, ABalpaaaap, 0, 0, 0, 0, , 0, 0, 0, 0, 0, 
927, 1, 914, 938, -1, 75, 152, 167.0, 15, ABalpaaaaa, 0, 0, 0, 0, , 0, 0, 0, 0, 0, 
928, 1, 915, 939, -1, 68, 131, 148.0, 15, ABalpaapaa, 0, 0, 0, 0, , 0, 0, 0, 0, 0, 
929, 1, 916, 940, -1, 92, 142, 159.0, 16, ABalpaapap, 0, 0, 0, 0, , 0, 0, 0, 0, 0, 
930, 1, 917, 941, -1, 78, 160, 147.0, 12, ABalpaappa, 0, 0, 0, 0, , 0, 0, 0, 0, 0, 
931, 1, 918, 942, -1, 124, 143, 179.0, 15, ABalpappaa, 0, 0, 0, 0, , 0, 0, 0, 0, 0, 
932, 1, 919, 943, -1, 144, 143, 177.0, 17, ABalpappap, 0, 0, 0, 0, , 0, 0, 0, 0, 0, 
933, 1, 920, 944, -1, 132, 144, 160.0, 15, ABalpapppa, 0, 0, 0, 0, , 0, 0, 0, 0, 0, 
934, 1, 921, 945, -1, 157, 146, 167.0, 19, ABalpapppp, 0, 0, 0, 0, , 0, 0, 0, 0, 0, 
935, 1, 922, 946, -1, 56, 144, 115.0, 15, ABalppaaaa, 0, 0, 0, 0, , 0, 0, 0, 0, 0, 
936, 1, 923, 947, -1, 73, 156, 106.0, 16, ABalppaaap, 0, 0, 0, 0, , 0, 0, 0, 0, 0, 
937, 1, 924, 948, -1, 103, 165, 133.0, 15, ABalppapaa, 0, 0, 0, 0, , 0, 0, 0, 0, 0, 
938, 1, 925, 949, -1, 122, 178, 140.0, 14, ABalppapap, 0, 0, 0, 0, , 0, 0, 0, 0, 0, 
939, 1, 926, 950, -1, 134, 164, 140.0, 17, ABalppappa, 0, 0, 0, 0, , 0, 0, 0, 0, 0, 
940, 1, 927, 951, -1, 97, 160, 147.0, 15, ABalpaappp, 0, 0, 0, 0, , 0, 0, 0, 0, 0, 
941, 1, 928, 952, -1, 108, 162, 167.0, 15, ABalpapaaa, 0, 0, 0, 0, , 0, 0, 0, 0, 0, 
942, 1, 929, 953, -1, 116, 153, 182.0, 15, ABalpapaap, 0, 0, 0, 0, , 0, 0, 0, 0, 0, 
943, 1, 930, 954, -1, 129, 166, 155.0, 15, ABalpapapa, 0, 0, 0, 0, , 0, 0, 0, 0, 0, 
944, 1, 931, 955, -1, 153, 171, 174.0, 14, ABalpapapp, 0, 0, 0, 0, , 0, 0, 0, 0, 0, 
945, 1, 932, 956, -1, 94, 169, 115.0, 14, ABalppaapa, 0, 0, 0, 0, , 0, 0, 0, 0, 0, 
946, 0, 933, -1, -1, 102, 165, 103.0, 17, , 0, 0, 0, 0, , 0, 0, 0, 0, 0, 
947, 1, 934, 958, -1, 152, 177, 152.5, 14, ABalppappp, 0, 0, 0, 0, , 0, 0, 0, 0, 0, 
948, 1, 935, 959, -1, 155, 139, 75.5, 15, ABalpppppp, 0, 0, 0, 0, , 0, 0, 0, 0, 0, 
949, 1, 936, 960, -1, 134, 141, 75.0, 18, ABalpppppa, 0, 0, 0, 0, , 0, 0, 0, 0, 0, 
950, 0, 937, -1, -1, 94, 127, 98.5, 12, , 0, 0, 0, 0, , 0, 0, 0, 0, 0, 
951, 1, 938, 962, -1, 122, 130, 88.0, 17, ABalppppap, 0, 0, 0, 0, , 0, 0, 0, 0, 0, 
952, 1, 939, 963, -1, 83, 148, 92.0, 15, ABalpppaaa, 0, 0, 0, 0, , 0, 0, 0, 0, 0, 
953, 1, 940, 964, -1, 88, 145, 80.0, 13, ABalpppaap, 0, 0, 0, 0, , 0, 0, 0, 0, 0, 
954, 0, 941, -1, -1, 106, 157, 78.0, 14, , 0, 0, 0, 0, , 0, 0, 0, 0, 0, 
955, 0, 942, -1, -1, 120, 153, 70.0, 11, , 0, 0, 0, 0, , 0, 0, 0, 0, 0, 
956, 1, 943, 967, -1, 52, 110, 132.0, 14, ABalaaapar, 0, 0, 0, 0, , 0, 0, 0, 0, 0, 
957, 1, 944, 968, -1, 61, 129, 123.0, 16, ABalaaapal, 0, 0, 0, 0, , 0, 0, 0, 0, 0, 
958, 1, 945, 969, -1, 56, 95, 136.0, 12, ABalaaappl, 0, 0, 0, 0, , 0, 0, 0, 0, 0, 
959, 1, 946, 970, -1, 70, 77, 149.0, 15, ABalaaappr, 0, 0, 0, 0, , 0, 0, 0, 0, 0, 
960, 1, 947, 971, -1, 73, 92, 180.0, 13, ABalaapaaa, 0, 0, 0, 0, , 0, 0, 0, 0, 0, 
961, 1, 948, 972, -1, 95, 90, 195.0, 15, ABalaapaap, 0, 0, 0, 0, , 0, 0, 0, 0, 0, 
962, 1, 949, 973, -1, 82, 75, 181.0, 15, ABalaapapa, 0, 0, 0, 0, , 0, 0, 0, 0, 0, 
963, 1, 950, 974, -1, 99, 68, 180.0, 15, ABalaapapp, 0, 0, 0, 0, , 0, 0, 0, 0, 0, 
964, 1, 951, 975, -1, 52, 123, 146.0, 15, ABalaaaarl, 0, 0, 0, 0, , 0, 0, 0, 0, 0, 
965, 1, 952, 976, -1, 64, 93, 157.0, 14, ABalaaaarr, 0, 0, 0, 0, , 0, 0, 0, 0, 0, 
966, 1, 953, 977, -1, 59, 141, 137.0, 15, ABalaaaala, 0, 0, 0, 0, , 0, 0, 0, 0, 0, 
967, 1, 954, 978, -1, 70, 153, 126.0, 14, ABalaaaalp, 0, 0, 0, 0, , 0, 0, 0, 0, 0, 
968, 1, 955, 979, -1, 71, 85, 169.0, 15, ABalaappaa, 0, 0, 0, 0, , 0, 0, 0, 0, 0, 
969, 1, 956, 980, -1, 81, 71, 163.0, 16, ABalaappap, 0, 0, 0, 0, , 0, 0, 0, 0, 0, 
970, 1, 957, 981, -1, 76, 65, 136.66667, 14, ABalaapppa, 0, 0, 0, 0, , 0, 0, 0, 0, 0, 
971, 1, 958, 982, -1, 93, 58, 138.0, 16, ABalaapppp, 0, 0, 0, 0, , 0, 0, 0, 0, 0, 
972, 1, 959, 983, -1, 79, 130, 106.0, 17, ABalapaapa, 0, 0, 0, 0, , 0, 0, 0, 0, 0, 
973, 1, 960, 984, -1, 97, 129, 99.0, 17, ABalapaapp, 0, 0, 0, 0, , 0, 0, 0, 0, 0, 
974, 1, 961, 985, -1, 59, 116, 110.0, 17, ABalapaaaa, 0, 0, 0, 0, , 0, 0, 0, 0, 0, 
975, 1, 962, 986, -1, 77, 112, 96.0, 16, ABalapaaap, 0, 0, 0, 0, , 0, 0, 0, 0, 0, 
976, 1, 963, 987, -1, 91, 100, 82.0, 17, ABalapapap, 0, 0, 0, 0, , 0, 0, 0, 0, 0, 
977, 1, 964, 988, -1, 78, 91, 93.0, 15, ABalapapaa, 0, 0, 0, 0, , 0, 0, 0, 0, 0, 
978, 1, 965, 989, -1, 103, 117, 81.0, 14, ABalapappa, 0, 0, 0, 0, , 0, 0, 0, 0, 0, 
979, 1, 966, 990, -1, 130, 110, 80.0, 16, ABalapappp, 0, 0, 0, 0, , 0, 0, 0, 0, 0, 
980, 1, 967, 991, -1, 50, 102, 119.0, 13, ABalappaaa, 0, 0, 0, 0, , 0, 0, 0, 0, 0, 
981, 1, 968, 992, -1, 66, 92, 104.0, 15, ABalappaap, 0, 0, 0, 0, , 0, 0, 0, 0, 0, 
982, 1, 969, 993, -1, 55, 82, 131.0, 14, ABalappapa, 0, 0, 0, 0, , 0, 0, 0, 0, 0, 
983, 1, 970, 994, -1, 69, 67, 121.0, 16, ABalappapp, 0, 0, 0, 0, , 0, 0, 0, 0, 0, 
984, 1, 971, 995, -1, 78, 81, 116.0, 14, ABalapppaa, 0, 0, 0, 0, , 0, 0, 0, 0, 0, 
985, 1, 972, 996, -1, 97, 71, 112.0, 14, ABalapppap, 0, 0, 0, 0, , 0, 0, 0, 0, 0, 
986, 1, 973, 997, -1, 101, 53, 118.0, 14, ABalappppa, 0, 0, 0, 0, , 0, 0, 0, 0, 0, 
987, 1, 974, 998, -1, 132, 46, 115.0, 14, ABalappppp, 0, 0, 0, 0, , 0, 0, 0, 0, 0, 
988, 1, 975, 999, -1, 104, 138, 77.0, 15, ABalppppaa, 0, 0, 0, 0, , 0, 0, 0, 0, 0, 
989, 1, 976, 1000, -1, 93, 57, 158.0, 12, ABpraaaaaa, 0, 0, 0, 0, , 0, 0, 0, 0, 0, 
990, 1, 977, 1001, -1, 109, 45, 155.0, 13, ABpraaaaap, 0, 0, 0, 0, , 0, 0, 0, 0, 0, 
991, 1, 978, 1002, -1, 110, 54, 170.0, 15, ABpraaaapa, 0, 0, 0, 0, , 0, 0, 0, 0, 0, 
992, 1, 979, 1003, -1, 123, 52, 180.0, 14, ABpraaaapp, 0, 0, 0, 0, , 0, 0, 0, 0, 0, 
993, 1, 980, 1004, -1, 131, 51, 161.0, 15, ABpraaappa, 0, 0, 0, 0, , 0, 0, 0, 0, 0, 
994, 1, 981, 1005, -1, 159, 46, 162.0, 17, ABpraaappp, 0, 0, 0, 0, , 0, 0, 0, 0, 0, 
995, 1, 982, 1006, -1, 194, 42, 173.5, 11, ABpraapppa, 0, 0, 0, 0, , 0, 0, 0, 0, 0, 
996, 1, 983, 1007, -1, 216, 50, 181.66667, 13, ABpraapppp, 0, 0, 0, 0, , 0, 0, 0, 0, 0, 
997, 1, 984, 1008, -1, 179, 37, 159.0, 12, ABpraappap, 0, 0, 0, 0, , 0, 0, 0, 0, 0, 
998, 1, 985, 1009, -1, 151, 34, 164.66667, 10, ABpraappaa, 0, 0, 0, 0, , 0, 0, 0, 0, 0, 
999, 1, 986, 1010, -1, 233, 56, 183.0, 15, ABprappaaa, 0, 0, 0, 0, , 0, 0, 0, 0, 0, 
1000, 1, 987, 1011, -1, 253, 67, 185.0, 15, ABprappaap, 0, 0, 0, 0, , 0, 0, 0, 0, 0, 
1001, 1, 988, 1012, -1, 277, 68, 178.0, 16, ABprappapp, 0, 0, 0, 0, , 0, 0, 0, 0, 0, 
1002, 1, 989, 1013, -1, 258, 52, 165.5, 16, ABprappapa, 0, 0, 0, 0, , 0, 0, 0, 0, 0, 
1003, 1, 990, 1014, -1, 265, 76, 193.0, 13, ABprapppaa, 0, 0, 0, 0, , 0, 0, 0, 0, 0, 
1004, 1, 991, 1015, -1, 284, 87, 187.0, 10, ABprapppap, 0, 0, 0, 0, , 0, 0, 0, 0, 0, 
1005, 1, 992, 1016, -1, 206, 43, 142.0, 14, ABprapaaap, 0, 0, 0, 0, , 0, 0, 0, 0, 0, 
1006, 1, 993, 1017, -1, 188, 44, 143.0, 14, ABprapaaaa, 0, 0, 0, 0, , 0, 0, 0, 0, 0, 
1007, 1, 994, 1018, -1, 215, 45, 158.0, 15, ABprapaapa, 0, 0, 0, 0, , 0, 0, 0, 0, 0, 
1008, 1, 995, 1019, -1, 237, 50, 167.33333, 15, ABprapaapp, 0, 0, 0, 0, , 0, 0, 0, 0, 0, 
1009, 1, 996, 1020, -1, 298, 63, 160.0, 14, ABprapapap, 0, 0, 0, 0, , 0, 0, 0, 0, 0, 
1010, 1, 997, 1021, -1, 281, 54, 150.4, 15, ABprapapaa, 0, 0, 0, 0, , 0, 0, 0, 0, 0, 
1011, 1, 998, 1022, -1, 310, 89, 176.0, 13, ABprapappp, 0, 0, 0, 0, , 0, 0, 0, 0, 0, 
1012, 1, 999, 1023, -1, 312, 71, 161.0, 13, ABprapappa, 0, 0, 0, 0, , 0, 0, 0, 0, 0, 
1013, 1, 1000, 1024, -1, 162, 164, 124.0, 13, ABplppaaaa, 0, 0, 0, 0, , 0, 0, 0, 0, 0, 
1014, 1, 1001, 1025, -1, 177, 181, 129.0, 13, ABplppaaap, 0, 0, 0, 0, , 0, 0, 0, 0, 0, 
1015, 1, 1002, 1026, -1, 200, 177, 147.0, 15, ABplppaapa, 0, 0, 0, 0, , 0, 0, 0, 0, 0, 
1016, 1, 1003, 1027, -1, 217, 173, 156.0, 14, ABplppaapp, 0, 0, 0, 0, , 0, 0, 0, 0, 0, 
1017, 1, 1004, 1028, -1, 188, 177, 127.0, 12, ABplppapaa, 0, 0, 0, 0, , 0, 0, 0, 0, 0, 
1018, 1, 1005, 1029, -1, 208, 180, 130.0, 13, ABplppapap, 0, 0, 0, 0, , 0, 0, 0, 0, 0, 
1019, 1, 1006, 1030, -1, 232, 175, 127.333336, 13, ABplppappa, 0, 0, 0, 0, , 0, 0, 0, 0, 0, 
1020, 1, 1007, 1031, -1, 248, 172, 133.0, 15, ABplppappp, 0, 0, 0, 0, , 0, 0, 0, 0, 0, 
1021, 1, 1008, 1032, -1, 236, 169, 148.0, 15, ABplpppaaa, 0, 0, 0, 0, , 0, 0, 0, 0, 0, 
1022, 1, 1009, 1033, -1, 254, 168, 154.0, 15, ABplpppaap, 0, 0, 0, 0, , 0, 0, 0, 0, 0, 
1023, 1, 1010, 1034, -1, 270, 162, 157.0, 15, ABplpppapa, 0, 0, 0, 0, , 0, 0, 0, 0, 0, 
1024, 1, 1011, 1035, -1, 274, 148, 167.0, 15, ABplpppapp, 0, 0, 0, 0, , 0, 0, 0, 0, 0, 
1025, 1, 1012, 1036, -1, 222, 162, 169.0, 14, ABplppppaa, 0, 0, 0, 0, , 0, 0, 0, 0, 0, 
1026, 1, 1013, 1037, -1, 238, 156, 169.0, 14, ABplppppap, 0, 0, 0, 0, , 0, 0, 0, 0, 0, 
1027, 1, 1014, 1038, -1, 233, 137, 177.66667, 15, ABplpppppa, 0, 0, 0, 0, , 0, 0, 0, 0, 0, 
1028, 1, 1015, 1039, -1, 262, 138, 170.0, 15, ABplpppppp, 0, 0, 0, 0, , 0, 0, 0, 0, 0, 
1029, 1, 1016, 1040, -1, 202, 169, 169.0, 15, ABplpapapp, 0, 0, 0, 0, , 0, 0, 0, 0, 0, 
1030, 1, 1017, 1041, -1, 122, 166, 121.0, 15, ABplpaaaaa, 0, 0, 0, 0, , 0, 0, 0, 0, 0, 
1031, 1, 1018, 1042, -1, 139, 176, 120.0, 16, ABplpaaaap, 0, 0, 0, 0, , 0, 0, 0, 0, 0, 
1032, 1, 1019, 1043, -1, 147, 167, 106.0, 17, ABplpaaapp, 0, 0, 0, 0, , 0, 0, 0, 0, 0, 
1033, 1, 1020, 1044, -1, 157, 182, 122.0, 16, ABplpaaapa, 0, 0, 0, 0, , 0, 0, 0, 0, 0, 
1034, 1, 1021, 1045, -1, 122, 164, 102.0, 16, ABplpaapaa, 0, 0, 0, 0, , 0, 0, 0, 0, 0, 
1035, 1, 1022, 1046, -1, 146, 169, 90.0, 17, ABplpaapap, 0, 0, 0, 0, , 0, 0, 0, 0, 0, 
1036, 1, 1023, 1047, -1, 165, 166, 90.0, 15, ABplpaappa, 0, 0, 0, 0, , 0, 0, 0, 0, 0, 
1037, 1, 1024, 1048, -1, 177, 177, 110.0, 14, ABplpaappp, 0, 0, 0, 0, , 0, 0, 0, 0, 0, 
1038, 1, 1025, 1049, -1, 158, 165, 146.0, 15, ABplpapaaa, 0, 0, 0, 0, , 0, 0, 0, 0, 0, 
1039, 1, 1026, 1050, -1, 177, 166, 150.0, 15, ABplpapaap, 0, 0, 0, 0, , 0, 0, 0, 0, 0, 
1040, 1, 1027, 1051, -1, 182, 170, 164.0, 16, ABplpapapa, 0, 0, 0, 0, , 0, 0, 0, 0, 0, 
1041, 1, 1028, 1052, -1, 175, 153, 181.0, 17, ABplpappaa, 0, 0, 0, 0, , 0, 0, 0, 0, 0, 
1042, 0, 476, -1, -1, 193, 153, 181.0, 10, , 115, 0, 0, 0, , 0, 0, 0, 0, 0, 
1043, 1, 1030, 1054, -1, 192, 154, 180.0, 12, ABplpappap, 0, 0, 0, 0, , 0, 0, 0, 0, 0, 
1044, 1, 1031, 1055, -1, 207, 153, 188.0, 15, ABplpapppa, 0, 0, 0, 0, , 0, 0, 0, 0, 0, 
1045, 1, 1032, 1056, -1, 227, 150, 190.0, 15, ABplpapppp, 0, 0, 0, 0, , 0, 0, 0, 0, 0, 
1046, 1, 1033, 1057, -1, 106, 40, 124.0, 13, ABpraapaaa, 0, 0, 0, 0, , 0, 0, 0, 0, 0, 
1047, 1, 1034, 1058, -1, 139, 34, 144.0, 14, ABpraapapa, 0, 0, 0, 0, , 0, 0, 0, 0, 0, 
1048, 1, 1035, 1059, -1, 162, 31, 138.0, 14, ABpraapapp, 0, 0, 0, 0, , 0, 0, 0, 0, 0, 
1049, 0, -1, -1, -1, 123, 75, 192.0, 14, , 0, 0, 0, 0, , 0, 0, 0, 0, 0, 
1050, 1, 1036, 1060, -1, 124, 75, 192.0, 14, ABprpaaaaa, 0, 0, 0, 0, , 0, 0, 0, 0, 0, 
1051, 1, 1037, 1061, -1, 140, 76, 198.22223, 16, ABprpaaaap, 0, 0, 0, 0, , 0, 0, 0, 0, 0, 
1052, 1, 1038, 1062, -1, 145, 66, 190.0, 13, ABprpaaapa, 0, 0, 0, 0, , 0, 0, 0, 0, 0, 
1053, 1, 1039, 1063, -1, 163, 63, 199.0, 15, ABprpaaapp, 0, 0, 0, 0, , 0, 0, 0, 0, 0, 
1054, 1, 1040, 1064, -1, 138, 52, 180.28572, 15, ABprpaapaa, 0, 0, 0, 0, , 0, 0, 0, 0, 0, 
1055, 1, 1041, 1065, -1, 156, 51, 185.33333, 13, ABprpaapap, 0, 0, 0, 0, , 0, 0, 0, 0, 0, 
1056, 1, 1042, 1066, -1, 176, 52, 187.66667, 15, ABprpaappa, 0, 0, 0, 0, , 0, 0, 0, 0, 0, 
1057, 1, 1043, 1067, -1, 192, 60, 197.0, 15, ABprpaappp, 0, 0, 0, 0, , 0, 0, 0, 0, 0, 
1058, 1, 1044, 1068, -1, 197, 118, 210.0, 15, ABprpapapa, 0, 0, 0, 0, , 0, 0, 0, 0, 0, 
1059, 1, 1045, 1069, -1, 165, 100, 199.0, 15, ABprpapaaa, 0, 0, 0, 0, , 0, 0, 0, 0, 0, 
1060, 1, 1046, 1070, -1, 187, 106, 197.5, 15, ABprpapaap, 0, 0, 0, 0, , 0, 0, 0, 0, 0, 
1061, 1, 1047, 1071, -1, 215, 118, 207.0, 14, ABprpapapp, 0, 0, 0, 0, , 0, 0, 0, 0, 0, 
1062, 1, 1048, 1072, -1, 173, 131, 206.0, 15, ABprpappaa, 0, 0, 0, 0, , 0, 0, 0, 0, 0, 
1063, 1, 1049, 1073, -1, 193, 133, 192.0, 15, ABprpappap, 0, 0, 0, 0, , 0, 0, 0, 0, 0, 
1064, 1, 1050, 1074, -1, 218, 133, 200.0, 15, ABprpapppa, 0, 0, 0, 0, , 0, 0, 0, 0, 0, 
1065, 1, 1051, 1075, -1, 248, 134, 192.0, 14, ABprpapppp, 0, 0, 0, 0, , 0, 0, 0, 0, 0, 
1066, 1, 1053, 1076, -1, 176, 80, 205.0, 14, ABprppaaaa, 0, 0, 0, 0, , 0, 0, 0, 0, 0, 
1067, 1, 1054, 1077, -1, 188, 74, 194.0, 14, ABprppaaap, 0, 0, 0, 0, , 0, 0, 0, 0, 0, 
1068, 1, 1055, 1078, -1, 202, 94, 207.0, 13, ABprppaapa, 0, 0, 0, 0, , 0, 0, 0, 0, 0, 
1069, 1, 1056, 1079, -1, 221, 94, 212.0, 15, ABprppaapp, 0, 0, 0, 0, , 0, 0, 0, 0, 0, 
1070, 1, 1057, 1080, -1, 198, 80, 203.0, 12, ABprppapaa, 0, 0, 0, 0, , 0, 0, 0, 0, 0, 
1071, 1, 1058, 1081, -1, 217, 76, 207.0, 13, ABprppapap, 0, 0, 0, 0, , 0, 0, 0, 0, 0, 
1072, 1, 1059, 1082, -1, 234, 74, 200.0, 14, ABprppappa, 0, 0, 0, 0, , 0, 0, 0, 0, 0, 
1073, 1, 1060, 1083, -1, 252, 82, 201.0, 14, ABprppappp, 0, 0, 0, 0, , 0, 0, 0, 0, 0, 
1074, 1, 1061, 1084, -1, 238, 92, 209.0, 12, ABprpppaaa, 0, 0, 0, 0, , 0, 0, 0, 0, 0, 
1075, 1, 1062, 1085, -1, 263, 97, 198.0, 12, ABprpppaap, 0, 0, 0, 0, , 0, 0, 0, 0, 0, 
1076, 1, 1063, 1086, -1, 278, 113, 192.0, 12, ABprpppapa, 0, 0, 0, 0, , 0, 0, 0, 0, 0, 
1077, 1, 1064, 1087, -1, 282, 130, 191.0, 12, ABprpppapp, 0, 0, 0, 0, , 0, 0, 0, 0, 0, 
1078, 1, 1065, 1088, -1, 229, 111, 209.0, 15, ABprppppaa, 0, 0, 0, 0, , 0, 0, 0, 0, 0, 
1079, 1, 1066, 1089, -1, 248, 108, 195.0, 15, ABprppppap, 0, 0, 0, 0, , 0, 0, 0, 0, 0, 
1080, 1, 1067, 1090, -1, 259, 122, 190.0, 15, ABprpppppa, 0, 0, 0, 0, , 0, 0, 0, 0, 0, 
1081, 1, 1068, 1091, -1, 273, 129, 177.0, 14, ABprpppppp, 0, 0, 0, 0, , 0, 0, 0, 0, 0, 
1082, 1, 1069, 1092, -1, 67, 114, 131.4, 11, MSaaaaaa, 0, 0, 0, 0, , 0, 0, 0, 0, 0, 
1083, 1, 1070, 1093, -1, 87, 100, 114.25, 14, MSaaaaap, 0, 0, 0, 0, , 0, 0, 0, 0, 0, 
1084, 1, 1071, 1094, -1, 128, 81, 103.25, 14, MSaaaapp, 0, 0, 0, 0, , 0, 0, 0, 0, 0, 
1085, 1, 1072, 1095, -1, 101, 89, 109.0, 13, MSaaaapa, 0, 0, 0, 0, , 0, 0, 0, 0, 0, 
1086, 1, 1073, 1096, -1, 139, 97, 122.4, 13, MSaaapp, 0, 0, 0, 0, , 0, 0, 0, 0, 0, 
1087, 1, 1074, 1097, -1, 124, 98, 112.25, 14, MSaaapap, 0, 0, 0, 0, , 0, 0, 0, 0, 0, 
1088, 1, 1075, 1098, -1, 100, 111, 123.0, 17, MSaaapaa, 0, 0, 0, 0, , 0, 0, 0, 0, 0, 
1089, 1, 1076, 1099, -1, 155, 134, 148.33333, 11, MSaapapa, 0, 0, 0, 0, , 0, 0, 0, 0, 0, 
1090, 1, 1077, 1100, -1, 184, 136, 158.0, 12, MSaapapp, 0, 0, 0, 0, , 0, 0, 0, 0, 0, 
1091, 1, 1078, 1101, -1, 138, 129, 150.33333, 14, MSaapaaa, 0, 0, 0, 0, , 0, 0, 0, 0, 0, 
1092, 1, 1079, 1102, -1, 154, 112, 127.0, 16, MSaapaap, 0, 0, 0, 0, , 0, 0, 0, 0, 0, 
1093, 1, 1080, 1103, -1, 303, 110, 93.0, 17, Caaapa, 0, 0, 0, 0, , 0, 0, 0, 0, 0, 
1094, 1, 1082, 1104, 1105, 263, 143, 138.0, 17, Capap, 0, 0, 0, 0, , 0, 0, 0, 0, 0, 
1095, 1, 1083, 1106, -1, 238, 105, 172.0, 15, Cppaa, 0, 0, 0, 0, , 0, 0, 0, 0, 0, 
1096, 1, 1084, 1107, -1, 264, 103, 175.0, 15, Cppap, 0, 0, 0, 0, , 0, 0, 0, 0, 0, 
1097, 1, 1085, 1108, -1, 242, 108, 128.0, 18, Z2, 0, 0, 0, 0, , 0, 0, 0, 0, 0, 
1098, 1, 1086, 1109, -1, 212, 124, 149.0, 16, Z3, 0, 0, 0, 0, , 0, 0, 0, 0, 0, 
1099, 1, 1087, 1110, -1, 91, 82, 72.0, 14, ABarpaaaap, 0, 0, 0, 0, , 0, 0, 0, 0, 0, 
1100, 1, 1088, 1111, -1, 85, 74, 95.0, 14, ABarpaaaaa, 0, 0, 0, 0, , 0, 0, 0, 0, 0, 
1101, 1, 1089, 1112, -1, 106, 75, 86.0, 14, ABarpaaapa, 0, 0, 0, 0, , 0, 0, 0, 0, 0, 
1102, 1, 1090, 1113, -1, 122, 68, 80.0, 15, ABarpaaapp, 0, 0, 0, 0, , 0, 0, 0, 0, 0, 
1103, 1, 1091, 1114, -1, 137, 66, 90.0, 15, ABarpaapaa, 0, 0, 0, 0, , 0, 0, 0, 0, 0, 
1104, 1, 1092, 1115, -1, 172, 62, 75.0, 15, ABarpaapap, 0, 0, 0, 0, , 0, 0, 0, 0, 0, 
1105, 1, 1093, 1116, -1, 192, 59, 82.0, 14, ABarpaappa, 0, 0, 0, 0, , 0, 0, 0, 0, 0, 
1106, 1, 1094, 1117, -1, 212, 69, 78.0, 15, ABarpaappp, 0, 0, 0, 0, , 0, 0, 0, 0, 0, 
1107, 1, 1095, 1118, -1, 97, 57, 95.0, 15, ABarpapaaa, 0, 0, 0, 0, , 0, 0, 0, 0, 0, 
1108, 1, 1096, 1119, -1, 117, 52, 102.0, 15, ABarpapaap, 0, 0, 0, 0, , 0, 0, 0, 0, 0, 
1109, 1, 1097, 1120, -1, 137, 52, 98.0, 15, ABarpapapa, 0, 0, 0, 0, , 0, 0, 0, 0, 0, 
1110, 1, 1098, 1121, -1, 160, 47, 97.0, 15, ABarpapapp, 0, 0, 0, 0, , 0, 0, 0, 0, 0, 
1111, 1, 1099, 1122, -1, 138, 32, 109.0, 14, ABarpappaa, 0, 0, 0, 0, , 0, 0, 0, 0, 0, 
1112, 1, 1100, 1123, -1, 157, 32, 122.0, 14, ABarpappap, 0, 0, 0, 0, , 0, 0, 0, 0, 0, 
1113, 1, 1101, 1124, -1, 222, 51, 91.0, 15, ABarpppapa, 0, 0, 0, 0, , 0, 0, 0, 0, 0, 
1114, 1, 1102, 1125, -1, 250, 48, 121.0, 15, ABarpppapp, 0, 0, 0, 0, , 0, 0, 0, 0, 0, 
1115, 1, 1103, 1126, -1, 227, 92, 68.0, 16, ABarppaapa, 0, 0, 0, 0, , 0, 0, 0, 0, 0, 
1116, 1, 1104, 1127, -1, 251, 118, 73.0, 16, ABarppaapp, 0, 0, 0, 0, , 0, 0, 0, 0, 0, 
1117, 1, 1105, 1128, -1, 185, 88, 56.0, 15, ABarppaaaa, 0, 0, 0, 0, , 0, 0, 0, 0, 0, 
1118, 1, 1106, 1129, -1, 207, 99, 67.0, 14, ABarppaaap, 0, 0, 0, 0, , 0, 0, 0, 0, 0, 
1119, 1, 1107, 1130, -1, 244, 136, 79.0, 18, ABarppapap, 0, 0, 0, 0, , 0, 0, 0, 0, 0, 
1120, 1, 1108, 1131, -1, 271, 122, 79.0, 17, ABarppappa, 0, 0, 0, 0, , 0, 0, 0, 0, 0, 
1121, 1, 1109, 1132, -1, 302, 136, 104.0, 17, ABarppappp, 0, 0, 0, 0, , 0, 0, 0, 0, 0, 
1122, 1, 1110, 1133, -1, 189, 37, 97.0, 16, ABarpppaaa, 0, 0, 0, 0, , 0, 0, 0, 0, 0, 
1123, 1, 1111, 1134, -1, 212, 35, 121.0, 16, ABarpppaap, 0, 0, 0, 0, , 0, 0, 0, 0, 0, 
1124, 1, 1112, 1135, -1, 169, 42, 122.0, 13, ABarpapppa, 0, 0, 0, 0, , 0, 0, 0, 0, 0, 
1125, 1, 1113, 1136, -1, 187, 39, 119.0, 14, ABarpapppp, 0, 0, 0, 0, , 0, 0, 0, 0, 0, 
1126, 1, 1114, 1137, -1, 225, 39, 129.0, 14, ABarppppaa, 0, 0, 0, 0, , 0, 0, 0, 0, 0, 
1127, 1, 1115, 1138, -1, 245, 46, 143.0, 15, ABarppppap, 0, 0, 0, 0, , 0, 0, 0, 0, 0, 
1128, 1, 1116, 1139, -1, 269, 53, 136.0, 14, ABarpppppa, 0, 0, 0, 0, , 0, 0, 0, 0, 0, 
1129, 1, 1117, 1140, -1, 307, 70, 145.0, 15, ABarpppppp, 0, 0, 0, 0, , 0, 0, 0, 0, 0, 
1130, 1, 1118, 1141, -1, 212, 125, 69.0, 17, ABarppapaa, 0, 0, 0, 0, , 0, 0, 0, 0, 0, 
1131, 1, 1119, 1142, -1, 89, 98, 66.0, 17, ABplaaaaaa, 0, 0, 0, 0, , 0, 0, 0, 0, 0, 
1132, 1, 1120, 1143, -1, 113, 93, 67.0, 17, ABplaaaaap, 0, 0, 0, 0, , 0, 0, 0, 0, 0, 
1133, 1, 1121, 1144, -1, 131, 85, 76.0, 15, ABplaaaapa, 0, 0, 0, 0, , 0, 0, 0, 0, 0, 
1134, 1, 1122, 1145, -1, 152, 82, 67.0, 16, ABplaaaapp, 0, 0, 0, 0, , 0, 0, 0, 0, 0, 
1135, 1, 1123, 1146, -1, 131, 100, 57.0, 17, ABplaaapaa, 0, 0, 0, 0, , 0, 0, 0, 0, 0, 
1136, 1, 1124, 1147, -1, 154, 106, 56.0, 17, ABplaaapap, 0, 0, 0, 0, , 0, 0, 0, 0, 0, 
1137, 1, 1125, 1148, -1, 173, 106, 57.0, 15, ABplaaappa, 0, 0, 0, 0, , 0, 0, 0, 0, 0, 
1138, 1, 1126, 1149, -1, 191, 108, 75.0, 16, ABplaaappp, 0, 0, 0, 0, , 0, 0, 0, 0, 0, 
1139, 1, 1127, 1150, -1, 98, 119, 58.0, 15, ABplaapaaa, 0, 0, 0, 0, , 0, 0, 0, 0, 0, 
1140, 1, 1128, 1151, -1, 122, 117, 61.0, 16, ABplaapaap, 0, 0, 0, 0, , 0, 0, 0, 0, 0, 
1141, 1, 1129, 1152, -1, 128, 134, 57.0, 17, ABplaapapa, 0, 0, 0, 0, , 0, 0, 0, 0, 0, 
1142, 1, 1130, 1153, -1, 150, 126, 60.0, 17, ABplaapapp, 0, 0, 0, 0, , 0, 0, 0, 0, 0, 
1143, 1, 1131, 1154, -1, 145, 152, 58.0, 17, ABplaappaa, 0, 0, 0, 0, , 0, 0, 0, 0, 0, 
1144, 1, 1132, 1155, -1, 174, 153, 68.0, 17, ABplaappap, 0, 0, 0, 0, , 0, 0, 0, 0, 0, 
1145, 1, 1133, 1156, -1, 187, 159, 89.0, 17, ABplaapppa, 0, 0, 0, 0, , 0, 0, 0, 0, 0, 
1146, 1, 1134, 1157, -1, 204, 169, 97.0, 17, ABplaapppp, 0, 0, 0, 0, , 0, 0, 0, 0, 0, 
1147, 1, 1135, 1158, -1, 174, 123, 71.0, 17, ABplapaaaa, 0, 0, 0, 0, , 0, 0, 0, 0, 0, 
1148, 1, 1136, 1159, -1, 195, 133, 75.0, 17, ABplapaaap, 0, 0, 0, 0, , 0, 0, 0, 0, 0, 
1149, 1, 1137, 1160, -1, 208, 144, 75.0, 17, ABplapaapa, 0, 0, 0, 0, , 0, 0, 0, 0, 0, 
1150, 1, 1138, 1161, -1, 229, 155, 79.0, 17, ABplapaapp, 0, 0, 0, 0, , 0, 0, 0, 0, 0, 
1151, 1, 1139, 1162, -1, 278, 142, 87.0, 14, ABplapapaa, 0, 0, 0, 0, , 0, 0, 0, 0, 0, 
1152, 1, 1140, 1163, -1, 293, 153, 97.0, 16, ABplapapap, 0, 0, 0, 0, , 0, 0, 0, 0, 0, 
1153, 1, 1141, 1164, -1, 300, 162, 113.0, 17, ABplapappa, 0, 0, 0, 0, , 0, 0, 0, 0, 0, 
1154, 1, 1142, 1165, -1, 307, 157, 142.0, 17, ABplapappp, 0, 0, 0, 0, , 0, 0, 0, 0, 0, 
1155, 1, 1143, 1166, -1, 226, 172, 102.0, 18, ABplappaaa, 0, 0, 0, 0, , 0, 0, 0, 0, 0, 
1156, 1, 1144, 1167, -1, 245, 165, 103.0, 15, ABplappaap, 0, 0, 0, 0, , 0, 0, 0, 0, 0, 
1157, 1, 1145, 1168, -1, 251, 155, 88.0, 15, ABplappapa, 0, 0, 0, 0, , 0, 0, 0, 0, 0, 
1158, 1, 1146, 1169, -1, 268, 160, 97.0, 14, ABplappapp, 0, 0, 0, 0, , 0, 0, 0, 0, 0, 
1159, 1, 1147, 1170, -1, 255, 161, 122.0, 17, ABplapppaa, 0, 0, 0, 0, , 0, 0, 0, 0, 0, 
1160, 1, 1148, 1171, -1, 272, 164, 130.0, 15, ABplapppap, 0, 0, 0, 0, , 0, 0, 0, 0, 0, 
1161, 1, 1149, 1172, -1, 291, 168, 133.0, 16, ABplappppa, 0, 0, 0, 0, , 0, 0, 0, 0, 0, 
1162, 1, 1150, 1173, -1, 296, 154, 153.0, 15, ABplappppp, 0, 0, 0, 0, , 0, 0, 0, 0, 0, 
1163, 1, 1151, 1174, -1, 196, 139, 166.0, 16, MSaappa, 0, 0, 0, 0, , 0, 0, 0, 0, 0, 
1164, 1, 1152, 1175, -1, 209, 151, 150.0, 16, MSaappp, 0, 0, 0, 0, , 0, 0, 0, 0, 0, 
1165, 1, 1154, 1176, -1, 78, 143, 117.0, 14, MSapaaaa, 0, 0, 0, 0, , 0, 0, 0, 0, 0, 
1166, 1, 1153, 1177, -1, 106, 138, 127.0, 15, MSapaaap, 0, 0, 0, 0, , 0, 0, 0, 0, 0, 
1167, 1, 1155, 1178, -1, 126, 144, 122.0, 16, MSapaap, 0, 0, 0, 0, , 0, 0, 0, 0, 0, 
1168, 1, 1156, 1179, -1, 111, 146, 104.0, 16, MSapapaa, 0, 0, 0, 0, , 0, 0, 0, 0, 0, 
1169, 1, 1157, 1180, -1, 134, 134, 104.0, 16, MSapapap, 0, 0, 0, 0, , 0, 0, 0, 0, 0, 
1170, 1, 1158, 1182, -1, 139, 123, 95.0, 16, MSapappa, 0, 0, 0, 0, , 0, 0, 0, 0, 0, 
1171, 1, 1158, 1181, -1, 160, 115, 91.5, 14, MSapappp, 0, 0, 0, 0, , 0, 0, 0, 0, 0, 
1172, 1, 1159, 1183, -1, 154, 136, 123.0, 16, MSappaa, 0, 0, 0, 0, , 0, 0, 0, 0, 0, 
1173, 1, 1160, 1184, -1, 174, 149, 128.0, 15, MSappap, 0, 0, 0, 0, , 0, 0, 0, 0, 0, 
1174, 1, 1161, 1185, -1, 162, 143, 102.0, 14, MSapppa, 0, 0, 0, 0, , 0, 0, 0, 0, 0, 
1175, 1, 1162, 1186, -1, 194, 133, 97.0, 14, MSapppp, 0, 0, 0, 0, , 0, 0, 0, 0, 0, 
1176, 1, 1163, 1187, -1, 80, 90, 148.0, 15, MSpaaaaa, 0, 0, 0, 0, , 0, 0, 0, 0, 0, 
1177, 1, 1164, 1188, -1, 104, 85, 136.0, 15, MSpaaaap, 0, 0, 0, 0, , 0, 0, 0, 0, 0, 
1178, 1, 1165, 1189, -1, 118, 74, 134.0, 13, MSpaaapa, 0, 0, 0, 0, , 0, 0, 0, 0, 0, 
1179, 1, 1166, 1190, -1, 135, 74, 123.0, 15, MSpaaapp, 0, 0, 0, 0, , 0, 0, 0, 0, 0, 
1180, 1, 1167, 1191, -1, 120, 87, 148.0, 15, MSpaapaa, 0, 0, 0, 0, , 0, 0, 0, 0, 0, 
1181, 1, 1168, 1192, -1, 143, 82, 145.0, 15, MSpaapap, 0, 0, 0, 0, , 0, 0, 0, 0, 0, 
1182, 1, 1169, 1193, -1, 167, 83, 120.0, 15, MSpaapp, 0, 0, 0, 0, , 0, 0, 0, 0, 0, 
1183, 1, 1170, 1194, -1, 153, 119, 168.0, 14, MSpapaaa, 0, 0, 0, 0, , 0, 0, 0, 0, 0, 
1184, 1, 1171, 1195, -1, 174, 113, 150.0, 14, MSpapaap, 0, 0, 0, 0, , 0, 0, 0, 0, 0, 
1185, 1, 1172, 1196, -1, 172, 112, 174.0, 16, MSpapapa, 0, 0, 0, 0, , 0, 0, 0, 0, 0, 
1186, 1, 1173, 1197, -1, 195, 119, 167.0, 16, MSpapapp, 0, 0, 0, 0, , 0, 0, 0, 0, 0, 
1187, 1, 1174, 1198, -1, 211, 133, 168.0, 14, MSpappa, 0, 0, 0, 0, , 0, 0, 0, 0, 0, 
1188, 1, 1175, 1199, -1, 217, 114, 182.0, 16, MSpappp, 0, 0, 0, 0, , 0, 0, 0, 0, 0, 
1189, 1, 1176, 1200, -1, 143, 87, 181.0, 14, MSppaap, 0, 0, 0, 0, , 0, 0, 0, 0, 0, 
1190, 1, 1177, 1201, -1, 92, 87, 177.0, 12, MSppaaaa, 0, 0, 0, 0, , 0, 0, 0, 0, 0, 
1191, 1, 1178, 1202, -1, 121, 91, 171.0, 13, MSppaaap, 0, 0, 0, 0, , 0, 0, 0, 0, 0, 
1192, 1, 1179, 1203, -1, 118, 70, 166.0, 14, MSppapaa, 0, 0, 0, 0, , 0, 0, 0, 0, 0, 
1193, 1, 1180, 1204, -1, 151, 77, 164.0, 14, MSppapap, 0, 0, 0, 0, , 0, 0, 0, 0, 0, 
1194, 1, 1181, 887, 1205, 149, 60, 141.0, 15, MSppapp, 0, 0, 0, 0, , 0, 0, 0, 0, 0, 
1195, 1, 1182, 1206, -1, 162, 94, 175.0, 14, MSpppaa, 0, 0, 0, 0, , 0, 0, 0, 0, 0, 
1196, 1, 1183, 1207, -1, 184, 85, 182.0, 16, MSpppap, 0, 0, 0, 0, , 0, 0, 0, 0, 0, 
1197, 1, 1184, 1208, -1, 172, 71, 171.0, 14, MSppppa, 0, 0, 0, 0, , 0, 0, 0, 0, 0, 
1198, 1, 1185, 1209, -1, 181, 64, 151.0, 15, MSppppp, 0, 0, 0, 0, , 0, 0, 0, 0, 0, 
1199, 1, 1186, 1210, -1, 149, 96, 102.0, 17, Ealaa, 0, 0, 0, 0, , 0, 0, 0, 0, 0, 
1200, 1, 1187, 1211, -1, 189, 99, 100.0, 16, Ealap, 0, 0, 0, 0, , 0, 0, 0, 0, 0, 
1201, 1, 1188, 1212, -1, 103, 70, 157.0, 17, ABpraaapaa, 0, 0, 0, 0, , 0, 0, 0, 0, 0, 
1202, 1, 1189, 1213, -1, 119, 54, 143.0, 14, ABpraaapap, 0, 0, 0, 0, , 0, 0, 0, 0, 0, 
1203, 1, 1190, 1214, -1, 171, 120, 124.0, 15, Ealpa, 0, 0, 0, 0, , 0, 0, 0, 0, 0, 
1204, 1, 1191, 1215, -1, 205, 114, 116.0, 15, Ealpp, 0, 0, 0, 0, , 0, 0, 0, 0, 0, 
1205, 1, 1192, 1216, -1, 156, 78, 108.0, 15, Earaa, 0, 0, 0, 0, , 0, 0, 0, 0, 0, 
1206, 1, 1193, 1217, -1, 185, 78, 126.0, 15, Earap, 0, 0, 0, 0, , 0, 0, 0, 0, 0, 
1207, 1, 1194, 1218, -1, 180, 94, 142.0, 15, Earpa, 0, 0, 0, 0, , 0, 0, 0, 0, 0, 
1208, 1, 1195, 1219, -1, 217, 93, 129.0, 15, Earpp, 0, 0, 0, 0, , 0, 0, 0, 0, 0, 
1209, 1, 1196, 1220, -1, 214, 99, 97.0, 14, Eplaa, 0, 0, 0, 0, , 0, 0, 0, 0, 0, 
1210, 1, 1197, 1221, -1, 253, 113, 106.0, 15, Eplap, 0, 0, 0, 0, , 0, 0, 0, 0, 0, 
1211, 1, 1198, 1222, -1, 272, 104, 112.0, 17, Eplpa, 0, 0, 0, 0, , 0, 0, 0, 0, 0, 
1212, 1, 1199, 1223, -1, 285, 120, 141.0, 15, Eplpp, 0, 0, 0, 0, , 0, 0, 0, 0, 0, 
1213, 1, 1200, 1224, -1, 204, 66, 123.0, 15, Epraa, 0, 0, 0, 0, , 0, 0, 0, 0, 0, 
1214, 1, 1201, 1225, -1, 239, 86, 103.0, 16, Eprap, 0, 0, 0, 0, , 0, 0, 0, 0, 0, 
1215, 1, 1202, 1226, -1, 278, 95, 147.0, 15, Eprpp, 0, 0, 0, 0, , 0, 0, 0, 0, 0, 
1216, 1, 1203, 1227, -1, 258, 96, 74.0, 15, Caaaaa, 0, 0, 0, 0, , 0, 0, 0, 0, 0, 
1217, 1, 1204, 1228, -1, 289, 98, 87.0, 16, Caaaap, 0, 0, 0, 0, , 0, 0, 0, 0, 0, 
1218, 1, 1205, 1229, -1, 318, 122, 120.0, 17, Caaapp, 0, 0, 0, 0, , 0, 0, 0, 0, 0, 
1219, 1, 1206, 1230, -1, 309, 128, 155.0, 15, Caapa, 0, 0, 0, 0, , 0, 0, 0, 0, 0, 
1220, 1, 1207, 1231, -1, 325, 143, 143.0, 16, Caappd, 0, 0, 0, 0, , 0, 0, 0, 0, 0, 
1221, 1, 1208, 1232, -1, 300, 144, 168.0, 15, Caappv, 0, 0, 0, 0, , 0, 0, 0, 0, 0, 
1222, 1, 1209, 1233, -1, 231, 139, 132.0, 17, Capaaa, 0, 0, 0, 0, , 0, 0, 0, 0, 0, 
1223, 1, 1081, 1234, -1, 253, 135, 160.0, 15, Capaap, 0, 0, 0, 0, , 0, 0, 0, 0, 0, 
1224, 1, 1210, 1235, -1, 253, 133, 111.0, 17, Cappaa, 0, 0, 0, 0, , 0, 0, 0, 0, 0, 
1225, 1, 1211, 1236, -1, 277, 142, 123.0, 14, Cappap, 0, 0, 0, 0, , 0, 0, 0, 0, 0, 
1226, 1, 1212, 1237, -1, 289, 138, 161.0, 16, Capppp, 0, 0, 0, 0, , 0, 0, 0, 0, 0, 
1227, 1, 1213, 1238, -1, 295, 144, 126.0, 17, Capppa, 0, 0, 0, 0, , 0, 0, 0, 0, 0, 
1228, 1, 1214, 1239, -1, 244, 62, 87.0, 17, Cpaaaa, 0, 0, 0, 0, , 0, 0, 0, 0, 0, 
1229, 1, 1215, 1240, -1, 270, 62, 108.0, 19, Cpaaap, 0, 0, 0, 0, , 0, 0, 0, 0, 0, 
1230, 1, 1216, 1241, -1, 291, 70, 114.0, 17, Cpaapa, 0, 0, 0, 0, , 0, 0, 0, 0, 0, 
1231, 1, 1217, 1242, -1, 317, 90, 129.0, 17, Cpaapp, 0, 0, 0, 0, , 0, 0, 0, 0, 0, 
1232, 1, 1218, 1243, -1, 320, 121, 140.0, 15, Cpapaa, 0, 0, 0, 0, , 0, 0, 0, 0, 0, 
1233, 1, 1219, 1244, -1, 326, 95, 154.0, 15, Cpapap, 0, 0, 0, 0, , 0, 0, 0, 0, 0, 
1234, 1, 1220, 1245, -1, 319, 108, 166.0, 15, Cpappd, 0, 0, 0, 0, , 0, 0, 0, 0, 0, 
1235, 1, 1221, 1246, -1, 308, 135, 178.0, 15, Cpappv, 0, 0, 0, 0, , 0, 0, 0, 0, 0, 
1236, 1, 1222, 1247, -1, 254, 73, 155.0, 15, Cpppaa, 0, 0, 0, 0, , 0, 0, 0, 0, 0, 
1237, 1, 1223, 1248, -1, 286, 82, 158.0, 14, Cpppap, 0, 0, 0, 0, , 0, 0, 0, 0, 0, 
1238, 1, 1224, 1249, -1, 288, 95, 168.0, 15, Cppppa, 0, 0, 0, 0, , 0, 0, 0, 0, 0, 
1239, 1, 1225, 1250, -1, 289, 125, 165.0, 14, Cppppp, 0, 0, 0, 0, , 0, 0, 0, 0, 0, 
1240, 1, 1226, 1251, -1, 186, 148, 112.0, 16, Daaa, 0, 0, 0, 0, , 0, 0, 0, 0, 0, 
1241, 1, 1227, 1252, -1, 210, 150, 128.0, 14, Daap, 0, 0, 0, 0, , 0, 0, 0, 0, 0, 
1242, 1, 1228, 1253, -1, 214, 145, 112.0, 16, Dapa, 0, 0, 0, 0, , 0, 0, 0, 0, 0, 
1243, 1, 1229, 1254, -1, 232, 128, 110.0, 16, Dapp, 0, 0, 0, 0, , 0, 0, 0, 0, 0, 
1244, 1, 1230, 1255, -1, 194, 73, 167.0, 16, Dpaa, 0, 0, 0, 0, , 0, 0, 0, 0, 0, 
1245, 1, 1231, 1256, -1, 211, 92, 179.0, 16, Dpap, 0, 0, 0, 0, , 0, 0, 0, 0, 0, 
1246, 1, 1232, 1257, -1, 222, 77, 170.0, 16, Dppa, 0, 0, 0, 0, , 0, 0, 0, 0, 0, 
1247, 1, 1233, 1258, -1, 231, 76, 149.0, 16, Dppp, 0, 0, 0, 0, , 0, 0, 0, 0, 0, 
1248, 1, 1234, 1259, -1, 129, 37, 132.0, 14, ABpraapaap, 0, 0, 0, 0, , 0, 0, 0, 0, 0, 
1249, 1, 1235, 1260, -1, 106, 157, 80.0, 14, ABalpppapa, 0, 0, 0, 0, , 0, 0, 0, 0, 0, 
1250, 1, 1236, 1261, -1, 120, 156, 69.0, 14, ABalpppapp, 0, 0, 0, 0, , 0, 0, 0, 0, 0, 
1251, 1, 1237, 1262, -1, 299, 101, 191.0, 15, ABprappppa, 0, 0, 0, 0, , 0, 0, 0, 0, 0, 
1252, 1, 1238, 1263, -1, 299, 117, 183.0, 17, ABprappppp, 0, 0, 0, 0, , 0, 0, 0, 0, 0, 
1253, 1, 1239, 1264, -1, 104, 164, 101.0, 14, ABalppaapp, 0, 0, 0, 0, , 0, 0, 0, 0, 0, 
