1, 0, 1, -1, -1, 173, 49, 184.0, 13, , 137, 0, 0, 0, , 0, 0, 0, 0, 0, 
2, 0, 3, -1, -1, 167, 119, 188.0, 11, , 32, 0, 0, 0, , 0, 0, 0, 0, 0, 
3, 0, 4, -1, -1, 138, 52, 180.0, 9, , 126, 0, 0, 0, , 0, 0, 0, 0, 0, 
4, 0, 5, -1, -1, 154, 89, 199.0, 11, , 109, 0, 0, 0, , 0, 0, 0, 0, 0, 
5, 0, 6, -1, -1, 241, 51, 168.0, 11, , 209, 0, 0, 0, , 0, 0, 0, 0, 0, 
6, 0, 7, -1, -1, 237, 57, 183.0, 11, , 64, 0, 0, 0, , 0, 0, 0, 0, 0, 
7, 0, 8, -1, -1, 135, 93, 208.0, 9, , 60, 0, 0, 0, , 0, 0, 0, 0, 0, 
8, 0, 9, -1, -1, 86, 108, 194.0, 13, , 304, 0, 0, 0, , 0, 0, 0, 0, 0, 
9, 0, 10, -1, -1, 129, 89, 201.0, 13, , 207, 0, 0, 0, , 0, 0, 0, 0, 0, 
10, 0, 11, -1, -1, 154, 138, 198.0, 9, , 70, 0, 0, 0, , 0, 0, 0, 0, 0, 
11, 0, 12, -1, -1, 159, 135, 203.0, 11, , 111, 0, 0, 0, , 0, 0, 0, 0, 0, 
12, 0, 13, -1, -1, 126, 35, 133.0, 11, , 86, 0, 0, 0, , 0, 0, 0, 0, 0, 
13, 0, 14, -1, -1, 87, 107, 199.0, 11, , 102, 0, 0, 0, , 0, 0, 0, 0, 0, 
14, 0, 16, -1, -1, 154, 107, 210.0, 11, , 64, 0, 0, 0, , 0, 0, 0, 0, 0, 
15, 0, 17, -1, -1, 157, 135, 201.0, 13, , 128, 0, 0, 0, , 0, 0, 0, 0, 0, 
16, 0, 18, -1, -1, 131, 91, 206.0, 13, , 221, 0, 0, 0, , 0, 0, 0, 0, 0, 
17, 0, 19, -1, -1, 258, 121, 186.0, 11, , 112, 0, 0, 0, , 0, 0, 0, 0, 0, 
18, 0, 20, -1, -1, 55, 149, 118.0, 9, , 111, 0, 0, 0, , 0, 0, 0, 0, 0, 
19, 0, 21, -1, -1, 162, 35, 135.0, 11, , 95, 0, 0, 0, , 0, 0, 0, 0, 0, 
20, 0, 22, -1, -1, 252, 68, 189.0, 7, , 34, 0, 0, 0, , 0, 0, 0, 0, 0, 
21, 0, 23, -1, -1, 258, 68, 183.0, 9, , 67, 0, 0, 0, , 0, 0, 0, 0, 0, 
22, 0, 24, -1, -1, 262, 52, 160.0, 11, , 85, 0, 0, 0, , 0, 0, 0, 0, 0, 
23, 0, 25, -1, -1, 106, 68, 155.0, 9, , 50, 0, 0, 0, , 0, 0, 0, 0, 0, 
24, 0, 26, -1, -1, 133, 52, 159.0, 9, , 31, 0, 0, 0, , 0, 0, 0, 0, 0, 
25, 0, 27, -1, -1, 75, 93, 183.0, 13, , 121, 0, 0, 0, , 0, 0, 0, 0, 0, 
26, 0, 28, -1, -1, 197, 61, 201.0, 11, , 50, 0, 0, 0, , 0, 0, 0, 0, 0, 
27, 0, 29, -1, -1, 136, 165, 141.0, 11, , 33, 0, 0, 0, , 0, 0, 0, 0, 0, 
28, 0, 30, -1, -1, 72, 85, 170.0, 9, , 99, 0, 0, 0, , 0, 0, 0, 0, 0, 
29, 0, 31, -1, -1, 158, 50, 181.0, 11, , 154, 0, 0, 0, , 0, 0, 0, 0, 0, 
30, 0, 32, -1, -1, 254, 109, 201.0, 9, , 82, 0, 0, 0, , 0, 0, 0, 0, 0, 
31, 0, 34, -1, -1, 270, 77, 193.0, 9, , 63, 0, 0, 0, , 0, 0, 0, 0, 0, 
32, 0, 35, -1, -1, 176, 50, 191.0, 9, , 81, 0, 0, 0, , 0, 0, 0, 0, 0, 
33, 0, 37, -1, -1, 158, 102, 200.0, 9, , 67, 0, 0, 0, , 0, 0, 0, 0, 0, 
34, 0, 38, -1, -1, 167, 100, 198.0, 11, , 111, 0, 0, 0, , 0, 0, 0, 0, 0, 
35, 0, 39, -1, -1, 183, 111, 210.0, 9, , 59, 0, 0, 0, , 0, 0, 0, 0, 0, 
36, 0, 40, -1, -1, 219, 78, 201.0, 11, , 241, 0, 0, 0, , 0, 0, 0, 0, 0, 
37, 0, 41, -1, -1, 258, 67, 185.0, 9, , 61, 0, 0, 0, , 0, 0, 0, 0, 0, 
38, 0, 42, -1, -1, 165, 60, 198.0, 9, , 59, 0, 0, 0, , 0, 0, 0, 0, 0, 
39, 0, 43, -1, -1, 266, 98, 203.0, 15, , 327, 0, 0, 0, , 0, 0, 0, 0, 0, 
40, 0, 44, -1, -1, 243, 96, 208.0, 11, , 68, 0, 0, 0, , 0, 0, 0, 0, 0, 
41, 0, 45, -1, -1, 94, 94, 69.0, 11, , 45, 0, 0, 0, , 0, 0, 0, 0, 0, 
42, 0, 46, -1, -1, 278, 73, 174.0, 9, , 41, 0, 0, 0, , 0, 0, 0, 0, 0, 
43, 0, 47, -1, -1, 121, 56, 182.0, 9, , 86, 0, 0, 0, , 0, 0, 0, 0, 0, 
44, 0, 48, -1, -1, 188, 150, 182.0, 9, , 49, 0, 0, 0, , 0, 0, 0, 0, 0, 
45, 0, 49, -1, -1, 128, 79, 200.0, 11, , 114, 0, 0, 0, , 0, 0, 0, 0, 0, 
46, 0, 50, -1, -1, 148, 32, 139.0, 9, , 54, 0, 0, 0, , 0, 0, 0, 0, 0, 
47, 0, 51, -1, -1, 315, 91, 169.0, 11, , 47, 0, 0, 0, , 0, 0, 0, 0, 0, 
48, 0, 52, -1, -1, 124, 50, 178.0, 9, , 75, 0, 0, 0, , 0, 0, 0, 0, 0, 
49, 0, 53, -1, -1, 196, 62, 197.0, 9, , 92, 0, 0, 0, , 0, 0, 0, 0, 0, 
50, 0, 54, -1, -1, 261, 56, 169.0, 11, , 113, 0, 0, 0, , 0, 0, 0, 0, 0, 
51, 0, 55, -1, -1, 132, 51, 162.0, 11, , 107, 0, 0, 0, , 0, 0, 0, 0, 0, 
52, 0, 56, -1, -1, 148, 66, 195.0, 11, , 97, 0, 0, 0, , 0, 0, 0, 0, 0, 
53, 0, 57, -1, -1, 187, 105, 201.0, 11, , 238, 0, 0, 0, , 0, 0, 0, 0, 0, 
54, 0, 58, -1, -1, 111, 97, 199.0, 9, , 24, 0, 0, 0, , 0, 0, 0, 0, 0, 
55, 0, 59, -1, -1, 117, 129, 205.0, 9, , 40, 0, 0, 0, , 0, 0, 0, 0, 0, 
56, 0, 60, -1, -1, 99, 70, 154.0, 9, , 86, 0, 0, 0, , 0, 0, 0, 0, 0, 
57, 0, 61, -1, -1, 84, 94, 94.0, 11, , 107, 0, 0, 0, , 0, 0, 0, 0, 0, 
58, 0, 62, -1, -1, 116, 54, 147.0, 9, , 23, 0, 0, 0, , 0, 0, 0, 0, 0, 
59, 0, 63, -1, -1, 163, 48, 156.0, 9, , 36, 0, 0, 0, , 0, 0, 0, 0, 0, 
60, 0, 64, -1, -1, 72, 84, 167.0, 9, , 147, 0, 0, 0, , 0, 0, 0, 0, 0, 
61, 0, 65, -1, -1, 129, 144, 161.0, 11, , 34, 0, 0, 0, , 0, 0, 0, 0, 0, 
62, 0, 66, -1, -1, 154, 171, 174.0, 11, , 65, 0, 0, 0, , 0, 0, 0, 0, 0, 
63, 0, 67, -1, -1, 70, 98, 177.0, 11, , 80, 0, 0, 0, , 0, 0, 0, 0, 0, 
64, 0, 68, -1, -1, 138, 82, 175.0, 9, , 15, 0, 0, 0, , 0, 0, 0, 0, 0, 
65, 0, 69, -1, -1, 76, 94, 188.0, 11, , 81, 0, 0, 0, , 0, 0, 0, 0, 0, 
66, 0, 71, -1, -1, 175, 52, 187.0, 15, , 364, 0, 0, 0, , 0, 0, 0, 0, 0, 
67, 0, 73, -1, -1, 150, 68, 192.0, 9, , 126, 0, 0, 0, , 0, 0, 0, 0, 0, 
68, 0, 74, -1, -1, 137, 134, 204.0, 11, , 148, 0, 0, 0, , 0, 0, 0, 0, 0, 
69, 0, 75, -1, -1, 264, 101, 202.0, 10, , 66, 0, 0, 0, , 0, 0, 0, 0, 0, 
70, 0, 76, -1, -1, 82, 149, 92.0, 9, , 82, 0, 0, 0, , 0, 0, 0, 0, 0, 
71, 0, 77, -1, -1, 128, 37, 129.0, 9, , 40, 0, 0, 0, , 0, 0, 0, 0, 0, 
72, 0, 78, -1, -1, 121, 126, 196.0, 10, , 78, 0, 0, 0, , 0, 0, 0, 0, 0, 
73, 0, 79, -1, -1, 155, 164, 140.0, 11, , 53, 0, 0, 0, , 0, 0, 0, 0, 0, 
74, 0, 80, -1, -1, 128, 78, 193.0, 11, , 217, 0, 0, 0, , 0, 0, 0, 0, 0, 
75, 0, 81, -1, -1, 136, 134, 201.0, 13, , 258, 0, 0, 0, , 0, 0, 0, 0, 0, 
76, 0, 82, -1, -1, 133, 115, 205.0, 11, , 105, 0, 0, 0, , 0, 0, 0, 0, 0, 
77, 0, 83, -1, -1, 309, 158, 136.0, 11, , 54, 0, 0, 0, , 0, 0, 0, 0, 0, 
78, 0, 84, -1, -1, 94, 96, 157.0, 9, , 91, 0, 0, 0, , 0, 0, 0, 0, 0, 
79, 0, 85, -1, -1, 279, 67, 175.0, 9, , 96, 0, 0, 0, , 0, 0, 0, 0, 0, 
80, 0, 86, -1, -1, 159, 171, 173.0, 11, , 115, 0, 0, 0, , 0, 0, 0, 0, 0, 
81, 0, 87, -1, -1, 314, 91, 180.0, 11, , 135, 0, 0, 0, , 0, 0, 0, 0, 0, 
82, 0, 88, -1, -1, 197, 85, 202.0, 10, , 53, 0, 0, 0, , 0, 0, 0, 0, 0, 
83, 0, 89, -1, -1, 98, 52, 96.0, 9, , 27, 0, 0, 0, , 0, 0, 0, 0, 0, 
84, 0, 90, -1, -1, 104, 43, 123.0, 13, , 110, 0, 0, 0, , 0, 0, 0, 0, 0, 
85, 0, 92, -1, -1, 155, 94, 134.0, 11, , 132, 0, 0, 0, , 0, 0, 0, 0, 0, 
86, 0, 93, -1, -1, 159, 91, 142.0, 11, , 67, 0, 0, 0, , 0, 0, 0, 0, 0, 
87, 0, 94, -1, -1, 287, 124, 187.0, 11, , 182, 0, 0, 0, , 0, 0, 0, 0, 0, 
88, 0, 95, -1, -1, 154, 52, 188.0, 9, , 145, 0, 0, 0, , 0, 0, 0, 0, 0, 
89, 0, 96, -1, -1, 106, 113, 194.0, 11, , 114, 0, 0, 0, , 0, 0, 0, 0, 0, 
90, 0, 97, -1, -1, 131, 100, 192.0, 13, , 334, 0, 0, 0, , 0, 0, 0, 0, 0, 
91, 0, 98, -1, -1, 162, 134, 196.0, 11, , 140, 0, 0, 0, , 0, 0, 0, 0, 0, 
92, 0, 99, -1, -1, 110, 96, 203.0, 11, , 129, 0, 0, 0, , 0, 0, 0, 0, 0, 
93, 0, 101, -1, -1, 157, 91, 145.0, 11, , 55, 0, 0, 0, , 0, 0, 0, 0, 0, 
94, 0, 102, -1, -1, 143, 86, 176.0, 11, , 71, 0, 0, 0, , 0, 0, 0, 0, 0, 
95, 0, 103, -1, -1, 210, 45, 146.0, 9, , 78, 0, 0, 0, , 0, 0, 0, 0, 0, 
96, 0, 104, -1, -1, 178, 184, 128.0, 9, , 110, 0, 0, 0, , 0, 0, 0, 0, 0, 
97, 0, 105, -1, -1, 102, 43, 130.0, 15, , 273, 0, 0, 0, , 0, 0, 0, 0, 0, 
98, 0, 106, -1, -1, 55, 91, 140.0, 11, , 106, 0, 0, 0, , 0, 0, 0, 0, 0, 
99, 0, 107, -1, -1, 272, 134, 160.0, 9, , 24, 0, 0, 0, , 0, 0, 0, 0, 0, 
100, 0, 108, -1, -1, 133, 111, 178.0, 9, , 103, 0, 0, 0, , 0, 0, 0, 0, 0, 
101, 0, 109, -1, -1, 132, 120, 175.0, 11, , 156, 0, 0, 0, , 0, 0, 0, 0, 0, 
102, 0, 110, -1, -1, 126, 111, 175.0, 10, , 44, 0, 0, 0, , 0, 0, 0, 0, 0, 
103, 0, 111, -1, -1, 252, 65, 186.0, 11, , 24, 0, 0, 0, , 0, 0, 0, 0, 0, 
104, 0, 112, -1, -1, 113, 99, 208.0, 15, , 193, 0, 0, 0, , 0, 0, 0, 0, 0, 
105, 0, 113, -1, -1, 152, 34, 149.0, 11, , 74, 0, 0, 0, , 0, 0, 0, 0, 0, 
106, 0, 114, -1, -1, 256, 53, 162.0, 11, , 67, 0, 0, 0, , 0, 0, 0, 0, 0, 
107, 0, 115, -1, -1, 222, 79, 205.0, 9, , 46, 0, 0, 0, , 0, 0, 0, 0, 0, 
108, 0, 116, -1, -1, 176, 42, 159.0, 9, , 52, 0, 0, 0, , 0, 0, 0, 0, 0, 
109, 0, 117, -1, -1, 100, 95, 64.0, 9, , 18, 0, 0, 0, , 0, 0, 0, 0, 0, 
110, 0, 118, -1, -1, 162, 165, 121.0, 11, , 44, 0, 0, 0, , 0, 0, 0, 0, 0, 
111, 0, 119, -1, -1, 153, 182, 126.0, 9, , 39, 0, 0, 0, , 0, 0, 0, 0, 0, 
112, 0, 120, -1, -1, 155, 34, 137.0, 11, , 49, 0, 0, 0, , 0, 0, 0, 0, 0, 
113, 0, 121, -1, -1, 133, 145, 158.0, 13, , 531, 0, 0, 0, , 0, 0, 0, 0, 0, 
114, 0, 122, -1, -1, 190, 59, 193.0, 10, , 64, 0, 0, 0, , 0, 0, 0, 0, 0, 
115, 0, 123, -1, -1, 189, 106, 192.0, 13, , 73, 0, 0, 0, , 0, 0, 0, 0, 0, 
116, 0, 124, -1, -1, 127, 76, 199.0, 9, , 52, 0, 0, 0, , 0, 0, 0, 0, 0, 
117, 0, 125, -1, -1, 164, 101, 204.0, 13, , 138, 0, 0, 0, , 0, 0, 0, 0, 0, 
118, 0, 126, -1, -1, 125, 141, 181.0, 9, , 36, 0, 0, 0, , 0, 0, 0, 0, 0, 
119, 0, 127, -1, -1, 238, 94, 204.0, 11, , 86, 0, 0, 0, , 0, 0, 0, 0, 0, 
120, 0, 128, -1, -1, 241, 95, 199.0, 9, , 59, 0, 0, 0, , 0, 0, 0, 0, 0, 
121, 0, 129, -1, -1, 136, 33, 110.0, 9, , 82, 0, 0, 0, , 0, 0, 0, 0, 0, 
122, 0, 130, -1, -1, 268, 96, 202.0, 9, , 42, 0, 0, 0, , 0, 0, 0, 0, 0, 
123, 0, 131, -1, -1, 67, 148, 113.0, 10, , 63, 0, 0, 0, , 0, 0, 0, 0, 0, 
124, 0, 132, -1, -1, 110, 48, 155.0, 9, , 134, 0, 0, 0, , 0, 0, 0, 0, 0, 
125, 0, 134, -1, -1, 52, 110, 91.0, 9, , 147, 0, 0, 0, , 0, 0, 0, 0, 0, 
126, 0, 135, -1, -1, 148, 164, 104.0, 10, , 89, 0, 0, 0, , 0, 0, 0, 0, 0, 
127, 0, 136, -1, -1, 142, 169, 112.0, 9, , 71, 0, 0, 0, , 0, 0, 0, 0, 0, 
128, 0, 137, -1, -1, 186, 44, 138.0, 10, , 130, 0, 0, 0, , 0, 0, 0, 0, 0, 
129, 0, 138, -1, -1, 57, 94, 141.0, 10, , 16, 0, 0, 0, , 0, 0, 0, 0, 0, 
130, 0, 139, -1, -1, 123, 133, 142.0, 9, , 57, 0, 0, 0, , 0, 0, 0, 0, 0, 
131, 0, 140, -1, -1, 216, 43, 153.0, 11, , 192, 0, 0, 0, , 0, 0, 0, 0, 0, 
132, 0, 141, -1, -1, 138, 106, 157.0, 11, , 56, 0, 0, 0, , 0, 0, 0, 0, 0, 
133, 0, 142, -1, -1, 120, 71, 169.0, 9, , 21, 0, 0, 0, , 0, 0, 0, 0, 0, 
134, 0, 143, -1, -1, 282, 70, 179.0, 11, , 43, 0, 0, 0, , 0, 0, 0, 0, 0, 
135, 0, 144, -1, -1, 277, 70, 172.0, 11, , 113, 0, 0, 0, , 0, 0, 0, 0, 0, 
136, 0, 145, -1, -1, 147, 68, 185.0, 11, , 118, 0, 0, 0, , 0, 0, 0, 0, 0, 
137, 0, 146, -1, -1, 190, 58, 197.0, 9, , 77, 0, 0, 0, , 0, 0, 0, 0, 0, 
138, 0, 147, -1, -1, 194, 60, 194.0, 13, , 268, 0, 0, 0, , 0, 0, 0, 0, 0, 
139, 0, 148, -1, -1, 86, 107, 196.0, 11, , 137, 0, 0, 0, , 0, 0, 0, 0, 0, 
140, 0, 149, -1, -1, 118, 129, 202.0, 9, , 99, 0, 0, 0, , 0, 0, 0, 0, 0, 
141, 0, 150, -1, -1, 119, 129, 197.0, 13, , 260, 0, 0, 0, , 0, 0, 0, 0, 0, 
142, 0, 151, -1, -1, 138, 132, 198.0, 13, , 701, 0, 0, 0, , 0, 0, 0, 0, 0, 
143, 0, 152, -1, -1, 220, 134, 198.0, 11, , 102, 0, 0, 0, , 0, 0, 0, 0, 0, 
144, 0, 153, -1, -1, 205, 97, 206.0, 11, , 261, 0, 0, 0, , 0, 0, 0, 0, 0, 
145, 0, 154, -1, -1, 222, 97, 202.0, 9, , 96, 0, 0, 0, , 0, 0, 0, 0, 0, 
146, 0, 155, -1, -1, 100, 43, 126.0, 11, , 237, 0, 0, 0, , 0, 0, 0, 0, 0, 
147, 0, 156, -1, -1, 203, 175, 153.0, 13, , 300, 0, 0, 0, , 0, 0, 0, 0, 0, 
148, 0, 157, -1, -1, 198, 83, 202.0, 10, , 30, 0, 0, 0, , 0, 0, 0, 0, 0, 
149, 0, 158, -1, -1, 205, 98, 209.0, 11, , 158, 0, 0, 0, , 0, 0, 0, 0, 0, 
150, 0, 159, -1, -1, 231, 112, 208.0, 11, , 144, 0, 0, 0, , 0, 0, 0, 0, 0, 
151, 0, 160, -1, -1, 257, 85, 203.0, 11, , 71, 0, 0, 0, , 0, 0, 0, 0, 0, 
152, 0, 161, -1, -1, 86, 149, 82.0, 11, , 109, 0, 0, 0, , 0, 0, 0, 0, 0, 
153, 0, 162, -1, -1, 143, 169, 115.0, 9, , 54, 0, 0, 0, , 0, 0, 0, 0, 0, 
154, 0, 163, -1, -1, 207, 183, 129.0, 10, , 53, 0, 0, 0, , 0, 0, 0, 0, 0, 
155, 0, 164, -1, -1, 50, 120, 141.0, 9, , 8, 0, 0, 0, , 0, 0, 0, 0, 0, 
156, 0, 165, -1, -1, 115, 51, 144.0, 11, , 224, 0, 0, 0, , 0, 0, 0, 0, 0, 
157, 0, 166, -1, -1, 96, 96, 160.0, 7, , 22, 0, 0, 0, , 0, 0, 0, 0, 0, 
158, 0, 167, -1, -1, 235, 48, 167.0, 9, , 43, 0, 0, 0, , 0, 0, 0, 0, 0, 
159, 0, 168, -1, -1, 237, 53, 173.0, 11, , 101, 0, 0, 0, , 0, 0, 0, 0, 0, 
160, 0, 169, -1, -1, 145, 75, 202.0, 13, , 482, 0, 0, 0, , 0, 0, 0, 0, 0, 
161, 0, 170, -1, -1, 137, 113, 207.0, 9, , 54, 0, 0, 0, , 0, 0, 0, 0, 0, 
162, 0, 171, -1, -1, 175, 85, 202.0, 13, , 286, 0, 0, 0, , 0, 0, 0, 0, 0, 
163, 0, 172, -1, -1, 219, 118, 210.0, 9, , 75, 0, 0, 0, , 0, 0, 0, 0, 0, 
164, 0, 173, -1, -1, 152, 36, 167.0, 9, , 70, 0, 0, 0, , 0, 0, 0, 0, 0, 
165, 0, 174, -1, -1, 265, 52, 162.0, 9, , 54, 0, 0, 0, , 0, 0, 0, 0, 0, 
166, 0, 175, -1, -1, 135, 98, 197.0, 9, , 62, 0, 0, 0, , 0, 0, 0, 0, 0, 
167, 0, 177, -1, -1, 221, 97, 210.0, 11, , 186, 0, 0, 0, , 0, 0, 0, 0, 0, 
168, 0, 178, -1, -1, 232, 80, 200.0, 9, , 28, 0, 0, 0, , 0, 0, 0, 0, 0, 
169, 0, 180, -1, -1, 134, 50, 103.0, 10, , 33, 0, 0, 0, , 0, 0, 0, 0, 0, 
170, 0, 181, -1, -1, 103, 167, 113.0, 11, , 62, 0, 0, 0, , 0, 0, 0, 0, 0, 
171, 0, 183, -1, -1, 59, 122, 159.0, 13, , 209, 0, 0, 0, , 0, 0, 0, 0, 0, 
172, 0, 184, -1, -1, 78, 148, 167.0, 15, , 594, 0, 0, 0, , 0, 0, 0, 0, 0, 
173, 0, 185, -1, -1, 155, 36, 173.0, 9, , 43, 0, 0, 0, , 0, 0, 0, 0, 0, 
174, 0, 186, -1, -1, 281, 129, 179.0, 11, , 118, 0, 0, 0, , 0, 0, 0, 0, 0, 
175, 0, 187, -1, -1, 104, 129, 190.0, 13, , 449, 0, 0, 0, , 0, 0, 0, 0, 0, 
176, 0, 188, -1, -1, 119, 129, 193.0, 13, , 254, 0, 0, 0, , 0, 0, 0, 0, 0, 
177, 0, 189, -1, -1, 161, 91, 140.0, 10, , 74, 0, 0, 0, , 0, 0, 0, 0, 0, 
178, 0, 190, -1, -1, 282, 87, 188.0, 13, , 126, 0, 0, 0, , 0, 0, 0, 0, 0, 
179, 0, 191, -1, -1, 302, 97, 191.0, 13, , 111, 0, 0, 0, , 0, 0, 0, 0, 0, 
180, 0, 192, -1, -1, 266, 52, 165.0, 9, , 30, 0, 0, 0, , 0, 0, 0, 0, 0, 
181, 0, 194, -1, -1, 132, 97, 56.0, 11, , 41, 0, 0, 0, , 0, 0, 0, 0, 0, 
182, 0, 195, -1, -1, 137, 176, 119.0, 9, , 33, 0, 0, 0, , 0, 0, 0, 0, 0, 
183, 0, 196, -1, -1, 120, 37, 126.0, 9, , 67, 0, 0, 0, , 0, 0, 0, 0, 0, 
184, 0, 199, -1, -1, 110, 55, 176.0, 9, , 52, 0, 0, 0, , 0, 0, 0, 0, 0, 
185, 0, 200, -1, -1, 282, 72, 177.0, 11, , 64, 0, 0, 0, , 0, 0, 0, 0, 0, 
186, 0, 201, -1, -1, 155, 51, 190.0, 11, , 220, 0, 0, 0, , 0, 0, 0, 0, 0, 
187, 0, 202, -1, -1, 165, 66, 195.0, 11, , 63, 0, 0, 0, , 0, 0, 0, 0, 0, 
188, 0, 203, -1, -1, 188, 104, 197.0, 13, , 381, 0, 0, 0, , 0, 0, 0, 0, 0, 
189, 0, 204, -1, -1, 177, 126, 192.0, 9, , 62, 0, 0, 0, , 0, 0, 0, 0, 0, 
190, 0, 205, -1, -1, 108, 113, 203.0, 11, , 150, 0, 0, 0, , 0, 0, 0, 0, 0, 
191, 0, 206, -1, -1, 118, 140, 180.0, 9, , 59, 0, 0, 0, , 0, 0, 0, 0, 0, 
192, 0, 207, -1, -1, 124, 140, 185.0, 9, , 25, 0, 0, 0, , 0, 0, 0, 0, 0, 
193, 0, 208, -1, -1, 94, 89, 193.0, 13, , 117, 0, 0, 0, , 0, 0, 0, 0, 0, 
194, 0, 209, -1, -1, 190, 74, 194.0, 9, , 144, 0, 0, 0, , 0, 0, 0, 0, 0, 
195, 0, 211, -1, -1, 97, 145, 184.0, 10, , 37, 0, 0, 0, , 0, 0, 0, 0, 0, 
196, 0, 212, -1, -1, 300, 111, 184.0, 11, , 85, 0, 0, 0, , 0, 0, 0, 0, 0, 
197, 0, 213, -1, -1, 146, 168, 105.0, 13, , 84, 0, 0, 0, , 0, 0, 0, 0, 0, 
198, 0, 214, -1, -1, 76, 65, 140.0, 15, , 333, 0, 0, 0, , 0, 0, 0, 0, 0, 
199, 0, 215, -1, -1, 119, 35, 136.0, 9, , 57, 0, 0, 0, , 0, 0, 0, 0, 0, 
200, 0, 216, -1, -1, 77, 91, 141.0, 9, , 71, 0, 0, 0, , 0, 0, 0, 0, 0, 
201, 0, 217, -1, -1, 73, 79, 155.0, 11, , 90, 0, 0, 0, , 0, 0, 0, 0, 0, 
202, 0, 218, -1, -1, 98, 97, 153.0, 15, , 307, 0, 0, 0, , 0, 0, 0, 0, 0, 
203, 0, 219, -1, -1, 109, 55, 179.0, 9, , 42, 0, 0, 0, , 0, 0, 0, 0, 0, 
204, 0, 220, -1, -1, 206, 151, 189.0, 11, , 123, 0, 0, 0, , 0, 0, 0, 0, 0, 
205, 0, 221, -1, -1, 302, 96, 194.0, 11, , 107, 0, 0, 0, , 0, 0, 0, 0, 0, 
206, 0, 222, -1, -1, 265, 99, 194.0, 9, , 25, 0, 0, 0, , 0, 0, 0, 0, 0, 
207, 0, 223, -1, -1, 218, 116, 210.0, 9, , 73, 0, 0, 0, , 0, 0, 0, 0, 0, 
208, 0, 224, -1, -1, 103, 168, 108.0, 17, , 259, 0, 0, 0, , 0, 0, 0, 0, 0, 
209, 0, 225, -1, -1, 202, 175, 158.0, 9, , 86, 0, 0, 0, , 0, 0, 0, 0, 0, 
210, 0, 226, -1, -1, 300, 61, 163.0, 11, , 89, 0, 0, 0, , 0, 0, 0, 0, 0, 
211, 0, 227, -1, -1, 99, 70, 185.0, 10, , 72, 0, 0, 0, , 0, 0, 0, 0, 0, 
212, 0, 230, -1, -1, 80, 150, 172.0, 11, , 88, 0, 0, 0, , 0, 0, 0, 0, 0, 
213, 0, 231, -1, -1, 76, 112, 171.0, 9, , 22, 0, 0, 0, , 0, 0, 0, 0, 0, 
214, 0, 232, -1, -1, 81, 117, 172.0, 11, , 65, 0, 0, 0, , 0, 0, 0, 0, 0, 
215, 0, 233, -1, -1, 119, 152, 191.0, 11, , 94, 0, 0, 0, , 0, 0, 0, 0, 0, 
216, 0, 234, -1, -1, 269, 77, 196.0, 9, , 30, 0, 0, 0, , 0, 0, 0, 0, 0, 
217, 0, 237, -1, -1, 122, 164, 105.0, 11, , 75, 0, 0, 0, , 0, 0, 0, 0, 0, 
218, 0, 238, -1, -1, 303, 114, 186.0, 11, , 92, 0, 0, 0, , 0, 0, 0, 0, 0, 
219, 0, 239, -1, -1, 92, 79, 75.0, 11, , 63, 0, 0, 0, , 0, 0, 0, 0, 0, 
220, 0, 240, -1, -1, 209, 144, 74.0, 11, , 93, 0, 0, 0, , 0, 0, 0, 0, 0, 
221, 0, 241, -1, -1, 93, 93, 65.0, 11, , 146, 0, 0, 0, , 0, 0, 0, 0, 0, 
222, 0, 242, -1, -1, 86, 152, 99.0, 13, , 124, 0, 0, 0, , 0, 0, 0, 0, 0, 
223, 0, 243, -1, -1, 86, 151, 101.0, 13, , 329, 0, 0, 0, , 0, 0, 0, 0, 0, 
224, 0, 244, -1, -1, 151, 165, 109.0, 11, , 91, 0, 0, 0, , 0, 0, 0, 0, 0, 
225, 0, 245, -1, -1, 135, 176, 130.0, 11, , 113, 0, 0, 0, , 0, 0, 0, 0, 0, 
226, 0, 246, -1, -1, 78, 69, 141.0, 10, , 26, 0, 0, 0, , 0, 0, 0, 0, 0, 
227, 0, 247, -1, -1, 158, 91, 147.0, 10, , 54, 0, 0, 0, , 0, 0, 0, 0, 0, 
228, 0, 248, -1, -1, 68, 124, 151.0, 9, , 42, 0, 0, 0, , 0, 0, 0, 0, 0, 
229, 0, 250, -1, -1, 108, 51, 160.0, 13, , 309, 0, 0, 0, , 0, 0, 0, 0, 0, 
230, 0, 251, -1, -1, 107, 53, 157.0, 9, , 126, 0, 0, 0, , 0, 0, 0, 0, 0, 
231, 0, 252, -1, -1, 308, 115, 181.0, 9, , 25, 0, 0, 0, , 0, 0, 0, 0, 0, 
232, 0, 253, -1, -1, 101, 67, 188.0, 11, , 63, 0, 0, 0, , 0, 0, 0, 0, 0, 
233, 0, 254, -1, -1, 148, 121, 181.0, 9, , 56, 0, 0, 0, , 0, 0, 0, 0, 0, 
234, 0, 255, -1, -1, 135, 131, 192.0, 11, , 256, 0, 0, 0, , 0, 0, 0, 0, 0, 
235, 0, 256, -1, -1, 236, 61, 191.0, 13, , 170, 0, 0, 0, , 0, 0, 0, 0, 0, 
236, 0, 257, -1, -1, 234, 79, 198.0, 13, , 196, 0, 0, 0, , 0, 0, 0, 0, 0, 
237, 0, 258, -1, -1, 165, 101, 198.0, 9, , 49, 0, 0, 0, , 0, 0, 0, 0, 0, 
238, 0, 259, -1, -1, 232, 112, 201.0, 11, , 134, 0, 0, 0, , 0, 0, 0, 0, 0, 
239, 0, 260, -1, -1, 75, 128, 144.0, 9, , 40, 0, 0, 0, , 0, 0, 0, 0, 0, 
240, 0, 261, -1, -1, 199, 118, 205.0, 13, , 143, 0, 0, 0, , 0, 0, 0, 0, 0, 
241, 0, 262, -1, -1, 135, 36, 147.0, 11, , 178, 0, 0, 0, , 0, 0, 0, 0, 0, 
242, 0, 263, -1, -1, 283, 103, 195.0, 9, , 34, 0, 0, 0, , 0, 0, 0, 0, 0, 
243, 0, 265, -1, -1, 105, 68, 158.0, 9, , 43, 0, 0, 0, , 0, 0, 0, 0, 0, 
244, 0, 266, -1, -1, 137, 175, 122.0, 13, , 320, 0, 0, 0, , 0, 0, 0, 0, 0, 
245, 0, 267, -1, -1, 134, 122, 125.0, 11, , 97, 0, 0, 0, , 0, 0, 0, 0, 0, 
246, 0, 268, -1, -1, 81, 91, 140.0, 13, , 132, 0, 0, 0, , 0, 0, 0, 0, 0, 
247, 0, 269, -1, -1, 190, 42, 147.0, 9, , 89, 0, 0, 0, , 0, 0, 0, 0, 0, 
248, 0, 270, -1, -1, 206, 44, 144.0, 13, , 215, 0, 0, 0, , 0, 0, 0, 0, 0, 
249, 0, 271, -1, -1, 307, 157, 146.0, 9, , 56, 0, 0, 0, , 0, 0, 0, 0, 0, 
250, 0, 272, -1, -1, 276, 145, 176.0, 9, , 71, 0, 0, 0, , 0, 0, 0, 0, 0, 
251, 0, 273, -1, -1, 174, 53, 181.0, 11, , 88, 0, 0, 0, , 0, 0, 0, 0, 0, 
252, 0, 274, -1, -1, 173, 118, 186.0, 11, , 90, 0, 0, 0, , 0, 0, 0, 0, 0, 
253, 0, 275, -1, -1, 129, 78, 190.0, 11, , 172, 0, 0, 0, , 0, 0, 0, 0, 0, 
254, 0, 276, -1, -1, 85, 107, 190.0, 13, , 219, 0, 0, 0, , 0, 0, 0, 0, 0, 
255, 0, 277, -1, -1, 109, 113, 197.0, 11, , 47, 0, 0, 0, , 0, 0, 0, 0, 0, 
256, 0, 278, -1, -1, 152, 85, 204.0, 11, , 72, 0, 0, 0, , 0, 0, 0, 0, 0, 
257, 0, 279, -1, -1, 235, 78, 205.0, 9, , 73, 0, 0, 0, , 0, 0, 0, 0, 0, 
258, 0, 280, -1, -1, 153, 121, 206.0, 11, , 195, 0, 0, 0, , 0, 0, 0, 0, 0, 
259, 0, 281, -1, -1, 256, 84, 201.0, 11, , 96, 0, 0, 0, , 0, 0, 0, 0, 0, 
260, 0, 282, -1, -1, 156, 127, 206.0, 9, , 64, 0, 0, 0, , 0, 0, 0, 0, 0, 
261, 0, 283, -1, -1, 174, 83, 204.0, 13, , 251, 0, 0, 0, , 0, 0, 0, 0, 0, 
262, 0, 284, -1, -1, 190, 37, 99.0, 9, , 30, 0, 0, 0, , 0, 0, 0, 0, 0, 
263, 0, 287, -1, -1, 294, 66, 163.0, 9, , 62, 0, 0, 0, , 0, 0, 0, 0, 0, 
264, 0, 288, -1, -1, 238, 51, 175.0, 9, , 130, 0, 0, 0, , 0, 0, 0, 0, 0, 
265, 0, 289, -1, -1, 112, 115, 186.0, 11, , 180, 0, 0, 0, , 0, 0, 0, 0, 0, 
266, 0, 290, -1, -1, 109, 112, 198.0, 11, , 179, 0, 0, 0, , 0, 0, 0, 0, 0, 
267, 0, 291, -1, -1, 84, 116, 150.0, 11, , 200, 0, 0, 0, , 0, 0, 0, 0, 0, 
268, 0, 292, -1, -1, 191, 75, 188.0, 9, , 42, 0, 0, 0, , 0, 0, 0, 0, 0, 
269, 0, 293, -1, -1, 90, 107, 194.0, 9, , 59, 0, 0, 0, , 0, 0, 0, 0, 0, 
270, 0, 294, -1, -1, 190, 106, 194.0, 13, , 209, 0, 0, 0, , 0, 0, 0, 0, 0, 
271, 0, 295, -1, -1, 102, 116, 57.0, 11, , 23, 0, 0, 0, , 0, 0, 0, 0, 0, 
272, 0, 296, -1, -1, 130, 96, 59.0, 9, , 48, 0, 0, 0, , 0, 0, 0, 0, 0, 
273, 0, 297, -1, -1, 53, 111, 84.0, 9, , 104, 0, 0, 0, , 0, 0, 0, 0, 0, 
274, 0, 298, -1, -1, 82, 152, 99.0, 11, , 131, 0, 0, 0, , 0, 0, 0, 0, 0, 
275, 0, 300, -1, -1, 146, 167, 101.0, 7, , 20, 0, 0, 0, , 0, 0, 0, 0, 0, 
276, 0, 301, -1, -1, 155, 182, 123.0, 9, , 76, 0, 0, 0, , 0, 0, 0, 0, 0, 
277, 0, 302, -1, -1, 137, 165, 147.0, 11, , 74, 0, 0, 0, , 0, 0, 0, 0, 0, 
278, 0, 303, -1, -1, 121, 131, 146.0, 9, , 38, 0, 0, 0, , 0, 0, 0, 0, 0, 
279, 0, 304, -1, -1, 99, 114, 153.0, 10, , 51, 0, 0, 0, , 0, 0, 0, 0, 0, 
280, 0, 306, -1, -1, 258, 55, 166.0, 11, , 119, 0, 0, 0, , 0, 0, 0, 0, 0, 
281, 0, 307, -1, -1, 104, 51, 165.0, 11, , 148, 0, 0, 0, , 0, 0, 0, 0, 0, 
282, 0, 308, -1, -1, 99, 97, 161.0, 11, , 58, 0, 0, 0, , 0, 0, 0, 0, 0, 
283, 0, 309, -1, -1, 296, 64, 173.0, 9, , 27, 0, 0, 0, , 0, 0, 0, 0, 0, 
284, 0, 310, -1, -1, 202, 41, 175.0, 9, , 35, 0, 0, 0, , 0, 0, 0, 0, 0, 
285, 0, 311, -1, -1, 160, 171, 168.0, 13, , 87, 0, 0, 0, , 0, 0, 0, 0, 0, 
286, 0, 312, -1, -1, 160, 170, 177.0, 11, , 110, 0, 0, 0, , 0, 0, 0, 0, 0, 
287, 0, 313, -1, -1, 209, 166, 173.0, 9, , 52, 0, 0, 0, , 0, 0, 0, 0, 0, 
288, 0, 314, -1, -1, 70, 105, 173.0, 11, , 104, 0, 0, 0, , 0, 0, 0, 0, 0, 
289, 0, 315, -1, -1, 110, 136, 174.0, 9, , 19, 0, 0, 0, , 0, 0, 0, 0, 0, 
290, 0, 316, -1, -1, 112, 113, 189.0, 9, , 43, 0, 0, 0, , 0, 0, 0, 0, 0, 
291, 0, 317, -1, -1, 176, 126, 190.0, 9, , 76, 0, 0, 0, , 0, 0, 0, 0, 0, 
292, 0, 318, -1, -1, 284, 112, 195.0, 11, , 22, 0, 0, 0, , 0, 0, 0, 0, 0, 
293, 0, 319, -1, -1, 239, 78, 201.0, 11, , 56, 0, 0, 0, , 0, 0, 0, 0, 0, 
294, 0, 320, -1, -1, 151, 124, 211.0, 11, , 301, 0, 0, 0, , 0, 0, 0, 0, 0, 
295, 0, 321, -1, -1, 124, 69, 82.0, 10, , 24, 0, 0, 0, , 0, 0, 0, 0, 0, 
296, 0, 322, -1, -1, 296, 164, 125.0, 9, , 52, 0, 0, 0, , 0, 0, 0, 0, 0, 
297, 0, 323, -1, -1, 178, 126, 185.0, 9, , 36, 0, 0, 0, , 0, 0, 0, 0, 0, 
298, 0, 324, -1, -1, 248, 133, 193.0, 10, , 47, 0, 0, 0, , 0, 0, 0, 0, 0, 
299, 0, 325, -1, -1, 249, 109, 203.0, 11, , 86, 0, 0, 0, , 0, 0, 0, 0, 0, 
300, 0, 326, -1, -1, 204, 98, 203.0, 11, , 93, 0, 0, 0, , 0, 0, 0, 0, 0, 
301, 0, 327, -1, -1, 87, 148, 73.0, 11, , 91, 0, 0, 0, , 0, 0, 0, 0, 0, 
302, 0, 328, -1, -1, 104, 137, 78.0, 11, , 75, 0, 0, 0, , 0, 0, 0, 0, 0, 
303, 0, 329, -1, -1, 136, 85, 81.0, 9, , 42, 0, 0, 0, , 0, 0, 0, 0, 0, 
304, 0, 330, -1, -1, 127, 68, 88.0, 9, , 28, 0, 0, 0, , 0, 0, 0, 0, 0, 
305, 0, 331, -1, -1, 171, 81, 122.0, 9, , 64, 0, 0, 0, , 0, 0, 0, 0, 0, 
306, 0, 332, -1, -1, 134, 123, 123.0, 13, , 396, 0, 0, 0, , 0, 0, 0, 0, 0, 
307, 0, 333, -1, -1, 292, 165, 127.0, 11, , 72, 0, 0, 0, , 0, 0, 0, 0, 0, 
308, 0, 334, -1, -1, 155, 181, 132.0, 9, , 61, 0, 0, 0, , 0, 0, 0, 0, 0, 
309, 0, 335, -1, -1, 81, 91, 148.0, 11, , 79, 0, 0, 0, , 0, 0, 0, 0, 0, 
310, 0, 336, -1, -1, 130, 37, 154.0, 9, , 114, 0, 0, 0, , 0, 0, 0, 0, 0, 
311, 0, 337, -1, -1, 288, 57, 148.0, 10, , 61, 0, 0, 0, , 0, 0, 0, 0, 0, 
312, 0, 338, -1, -1, 72, 104, 152.0, 10, , 132, 0, 0, 0, , 0, 0, 0, 0, 0, 
313, 0, 339, -1, -1, 218, 175, 162.0, 11, , 106, 0, 0, 0, , 0, 0, 0, 0, 0, 
314, 0, 340, -1, -1, 314, 73, 168.0, 9, , 59, 0, 0, 0, , 0, 0, 0, 0, 0, 
315, 0, 341, -1, -1, 79, 117, 166.0, 15, , 168, 0, 0, 0, , 0, 0, 0, 0, 0, 
316, 0, 342, -1, -1, 78, 149, 169.0, 13, , 60, 0, 0, 0, , 0, 0, 0, 0, 0, 
317, 0, 343, -1, -1, 162, 172, 167.0, 11, , 54, 0, 0, 0, , 0, 0, 0, 0, 0, 
318, 0, 344, -1, -1, 78, 149, 173.0, 13, , 190, 0, 0, 0, , 0, 0, 0, 0, 0, 
319, 0, 345, -1, -1, 218, 47, 174.0, 9, , 30, 0, 0, 0, , 0, 0, 0, 0, 0, 
320, 0, 346, -1, -1, 93, 147, 187.0, 11, , 79, 0, 0, 0, , 0, 0, 0, 0, 0, 
321, 0, 347, -1, -1, 212, 152, 191.0, 9, , 41, 0, 0, 0, , 0, 0, 0, 0, 0, 
322, 0, 348, -1, -1, 133, 100, 195.0, 15, , 139, 0, 0, 0, , 0, 0, 0, 0, 0, 
323, 0, 349, -1, -1, 94, 91, 200.0, 11, , 104, 0, 0, 0, , 0, 0, 0, 0, 0, 
324, 0, 350, -1, -1, 145, 77, 199.0, 11, , 188, 0, 0, 0, , 0, 0, 0, 0, 0, 
325, 0, 351, -1, -1, 146, 74, 211.0, 9, , 32, 0, 0, 0, , 0, 0, 0, 0, 0, 
326, 0, 352, -1, -1, 214, 117, 206.0, 10, , 86, 0, 0, 0, , 0, 0, 0, 0, 0, 
327, 0, 353, -1, -1, 289, 59, 151.0, 11, , 35, 0, 0, 0, , 0, 0, 0, 0, 0, 
328, 0, 354, -1, -1, 261, 53, 158.0, 11, , 95, 0, 0, 0, , 0, 0, 0, 0, 0, 
329, 0, 355, -1, -1, 131, 117, 176.0, 10, , 38, 0, 0, 0, , 0, 0, 0, 0, 0, 
330, 0, 356, -1, -1, 314, 88, 178.0, 9, , 44, 0, 0, 0, , 0, 0, 0, 0, 0, 
331, 0, 357, -1, -1, 74, 92, 185.0, 11, , 114, 0, 0, 0, , 0, 0, 0, 0, 0, 
332, 0, 358, -1, -1, 288, 125, 192.0, 9, , 112, 0, 0, 0, , 0, 0, 0, 0, 0, 
333, 0, 359, -1, -1, 301, 97, 193.0, 11, , 105, 0, 0, 0, , 0, 0, 0, 0, 0, 
334, 0, 360, -1, -1, 139, 130, 197.0, 9, , 113, 0, 0, 0, , 0, 0, 0, 0, 0, 
335, 0, 361, -1, -1, 192, 60, 204.0, 11, , 50, 0, 0, 0, , 0, 0, 0, 0, 0, 
336, 0, 363, -1, -1, 97, 68, 180.0, 11, , 83, 0, 0, 0, , 0, 0, 0, 0, 0, 
337, 0, 364, -1, -1, 216, 117, 199.0, 11, , 57, 0, 0, 0, , 0, 0, 0, 0, 0, 
338, 0, 366, -1, -1, 122, 163, 101.0, 11, , 92, 0, 0, 0, , 0, 0, 0, 0, 0, 
339, 0, 367, -1, -1, 210, 144, 69.0, 9, , 86, 0, 0, 0, , 0, 0, 0, 0, 0, 
340, 0, 368, -1, -1, 176, 126, 61.0, 13, , 180, 0, 0, 0, , 0, 0, 0, 0, 0, 
341, 0, 369, -1, -1, 88, 149, 76.0, 13, , 157, 0, 0, 0, , 0, 0, 0, 0, 0, 
342, 0, 370, -1, -1, 229, 154, 74.0, 10, , 37, 0, 0, 0, , 0, 0, 0, 0, 0, 
343, 0, 371, -1, -1, 132, 144, 84.0, 9, , 40, 0, 0, 0, , 0, 0, 0, 0, 0, 
344, 0, 372, -1, -1, 88, 145, 79.0, 9, , 35, 0, 0, 0, , 0, 0, 0, 0, 0, 
345, 0, 373, -1, -1, 111, 76, 84.0, 9, , 28, 0, 0, 0, , 0, 0, 0, 0, 0, 
346, 0, 375, -1, -1, 161, 164, 91.0, 11, , 93, 0, 0, 0, , 0, 0, 0, 0, 0, 
347, 0, 376, -1, -1, 93, 71, 95.0, 11, , 46, 0, 0, 0, , 0, 0, 0, 0, 0, 
348, 0, 377, -1, -1, 102, 57, 91.0, 9, , 70, 0, 0, 0, , 0, 0, 0, 0, 0, 
349, 0, 378, -1, -1, 81, 149, 95.0, 10, , 32, 0, 0, 0, , 0, 0, 0, 0, 0, 
350, 0, 379, -1, -1, 151, 167, 114.0, 11, , 102, 0, 0, 0, , 0, 0, 0, 0, 0, 
351, 0, 380, -1, -1, 178, 179, 113.0, 9, , 58, 0, 0, 0, , 0, 0, 0, 0, 0, 
352, 0, 381, -1, -1, 122, 168, 116.0, 13, , 64, 0, 0, 0, , 0, 0, 0, 0, 0, 
353, 0, 382, -1, -1, 155, 183, 117.0, 9, , 100, 0, 0, 0, , 0, 0, 0, 0, 0, 
354, 0, 383, -1, -1, 227, 176, 133.0, 11, , 288, 0, 0, 0, , 0, 0, 0, 0, 0, 
355, 0, 384, -1, -1, 69, 108, 134.0, 11, , 56, 0, 0, 0, , 0, 0, 0, 0, 0, 
356, 0, 385, -1, -1, 51, 109, 133.0, 11, , 84, 0, 0, 0, , 0, 0, 0, 0, 0, 
357, 0, 386, -1, -1, 245, 175, 132.0, 9, , 37, 0, 0, 0, , 0, 0, 0, 0, 0, 
358, 0, 387, -1, -1, 120, 73, 133.0, 11, , 36, 0, 0, 0, , 0, 0, 0, 0, 0, 
359, 0, 388, -1, -1, 128, 35, 130.0, 11, , 83, 0, 0, 0, , 0, 0, 0, 0, 0, 
360, 0, 389, -1, -1, 120, 37, 132.0, 17, , 322, 0, 0, 0, , 0, 0, 0, 0, 0, 
361, 0, 390, -1, -1, 65, 142, 143.0, 9, , 29, 0, 0, 0, , 0, 0, 0, 0, 0, 
362, 0, 391, -1, -1, 117, 52, 146.0, 15, , 111, 0, 0, 0, , 0, 0, 0, 0, 0, 
363, 0, 392, -1, -1, 115, 133, 141.0, 9, , 55, 0, 0, 0, , 0, 0, 0, 0, 0, 
364, 0, 393, -1, -1, 154, 135, 150.0, 11, , 44, 0, 0, 0, , 0, 0, 0, 0, 0, 
365, 0, 394, -1, -1, 71, 76, 149.0, 13, , 121, 0, 0, 0, , 0, 0, 0, 0, 0, 
366, 0, 395, -1, -1, 252, 168, 156.0, 11, , 29, 0, 0, 0, , 0, 0, 0, 0, 0, 
367, 0, 396, -1, -1, 94, 58, 159.0, 9, , 41, 0, 0, 0, , 0, 0, 0, 0, 0, 
368, 0, 397, -1, -1, 212, 41, 158.0, 9, , 72, 0, 0, 0, , 0, 0, 0, 0, 0, 
369, 0, 398, -1, -1, 311, 133, 158.0, 11, , 28, 0, 0, 0, , 0, 0, 0, 0, 0, 
370, 0, 399, -1, -1, 296, 153, 162.0, 11, , 49, 0, 0, 0, , 0, 0, 0, 0, 0, 
371, 0, 400, -1, -1, 117, 87, 173.0, 9, , 45, 0, 0, 0, , 0, 0, 0, 0, 0, 
372, 0, 401, -1, -1, 76, 113, 168.0, 9, , 68, 0, 0, 0, , 0, 0, 0, 0, 0, 
373, 0, 402, -1, -1, 99, 70, 175.0, 9, , 84, 0, 0, 0, , 0, 0, 0, 0, 0, 
374, 0, 403, -1, -1, 268, 138, 176.0, 9, , 69, 0, 0, 0, , 0, 0, 0, 0, 0, 
375, 0, 404, -1, -1, 223, 161, 174.0, 11, , 21, 0, 0, 0, , 0, 0, 0, 0, 0, 
376, 0, 405, -1, -1, 93, 87, 179.0, 11, , 59, 0, 0, 0, , 0, 0, 0, 0, 0, 
377, 0, 406, -1, -1, 255, 64, 181.0, 9, , 59, 0, 0, 0, , 0, 0, 0, 0, 0, 
378, 0, 407, -1, -1, 123, 52, 184.0, 13, , 223, 0, 0, 0, , 0, 0, 0, 0, 0, 
379, 0, 408, -1, -1, 144, 85, 183.0, 13, , 94, 0, 0, 0, , 0, 0, 0, 0, 0, 
380, 0, 409, -1, -1, 280, 86, 186.0, 9, , 29, 0, 0, 0, , 0, 0, 0, 0, 0, 
381, 0, 410, -1, -1, 239, 59, 187.0, 9, , 85, 0, 0, 0, , 0, 0, 0, 0, 0, 
382, 0, 411, -1, -1, 230, 151, 190.0, 11, , 121, 0, 0, 0, , 0, 0, 0, 0, 0, 
383, 0, 412, -1, -1, 197, 133, 189.0, 11, , 108, 0, 0, 0, , 0, 0, 0, 0, 0, 
384, 0, 413, -1, -1, 269, 77, 188.0, 11, , 106, 0, 0, 0, , 0, 0, 0, 0, 0, 
385, 0, 414, -1, -1, 230, 152, 194.0, 11, , 80, 0, 0, 0, , 0, 0, 0, 0, 0, 
386, 0, 415, -1, -1, 161, 135, 199.0, 11, , 97, 0, 0, 0, , 0, 0, 0, 0, 0, 
387, 0, 416, -1, -1, 218, 79, 198.0, 11, , 77, 0, 0, 0, , 0, 0, 0, 0, 0, 
388, 0, 417, -1, -1, 169, 67, 198.0, 10, , 21, 0, 0, 0, , 0, 0, 0, 0, 0, 
389, 0, 418, -1, -1, 178, 132, 202.0, 9, , 20, 0, 0, 0, , 0, 0, 0, 0, 0, 
390, 0, 419, -1, -1, 117, 100, 206.0, 11, , 75, 0, 0, 0, , 0, 0, 0, 0, 0, 
391, 0, 420, -1, -1, 122, 165, 98.0, 13, , 113, 0, 0, 0, , 0, 0, 0, 0, 0, 
392, 0, 421, -1, -1, 137, 31, 114.0, 9, , 52, 0, 0, 0, , 0, 0, 0, 0, 0, 
393, 0, 423, -1, -1, 162, 167, 123.0, 9, , 59, 0, 0, 0, , 0, 0, 0, 0, 0, 
394, 0, 424, -1, -1, 130, 115, 185.0, 9, , 51, 0, 0, 0, , 0, 0, 0, 0, 0, 
395, 0, 425, -1, -1, 94, 92, 197.0, 13, , 118, 0, 0, 0, , 0, 0, 0, 0, 0, 
396, 0, 426, -1, -1, 231, 112, 205.0, 13, , 191, 0, 0, 0, , 0, 0, 0, 0, 0, 
397, 0, 427, -1, -1, 116, 99, 210.0, 9, , 41, 0, 0, 0, , 0, 0, 0, 0, 0, 
398, 0, 428, -1, -1, 90, 60, 165.0, 13, , 276, 0, 0, 0, , 0, 0, 0, 0, 0, 
399, 0, 429, -1, -1, 59, 122, 164.0, 15, , 190, 0, 0, 0, , 0, 0, 0, 0, 0, 
400, 0, 430, -1, -1, 166, 164, 96.0, 13, , 44, 0, 0, 0, , 0, 0, 0, 0, 0, 
401, 0, 431, -1, -1, 90, 72, 91.0, 11, , 66, 0, 0, 0, , 0, 0, 0, 0, 0, 
402, 0, 432, -1, -1, 72, 155, 109.0, 11, , 57, 0, 0, 0, , 0, 0, 0, 0, 0, 
403, 0, 433, -1, -1, 117, 165, 122.0, 9, , 70, 0, 0, 0, , 0, 0, 0, 0, 0, 
404, 0, 434, -1, -1, 227, 177, 133.0, 13, , 261, 0, 0, 0, , 0, 0, 0, 0, 0, 
405, 0, 435, -1, -1, 52, 92, 135.0, 11, , 56, 0, 0, 0, , 0, 0, 0, 0, 0, 
406, 0, 436, -1, -1, 63, 140, 139.0, 11, , 78, 0, 0, 0, , 0, 0, 0, 0, 0, 
407, 0, 437, -1, -1, 308, 157, 139.0, 11, , 83, 0, 0, 0, , 0, 0, 0, 0, 0, 
408, 0, 438, -1, -1, 75, 88, 144.0, 9, , 15, 0, 0, 0, , 0, 0, 0, 0, 0, 
409, 0, 439, -1, -1, 55, 119, 144.0, 10, , 13, 0, 0, 0, , 0, 0, 0, 0, 0, 
410, 0, 440, -1, -1, 138, 34, 150.0, 9, , 41, 0, 0, 0, , 0, 0, 0, 0, 0, 
411, 0, 441, -1, -1, 73, 155, 148.0, 9, , 50, 0, 0, 0, , 0, 0, 0, 0, 0, 
412, 0, 442, -1, -1, 299, 153, 154.0, 11, , 34, 0, 0, 0, , 0, 0, 0, 0, 0, 
413, 0, 443, -1, -1, 152, 179, 157.0, 9, , 38, 0, 0, 0, , 0, 0, 0, 0, 0, 
414, 0, 444, -1, -1, 311, 71, 161.0, 11, , 123, 0, 0, 0, , 0, 0, 0, 0, 0, 
415, 0, 445, -1, -1, 83, 118, 167.0, 11, , 51, 0, 0, 0, , 0, 0, 0, 0, 0, 
416, 0, 446, -1, -1, 79, 117, 172.0, 9, , 27, 0, 0, 0, , 0, 0, 0, 0, 0, 
417, 0, 447, -1, -1, 103, 130, 179.0, 9, , 44, 0, 0, 0, , 0, 0, 0, 0, 0, 
418, 0, 448, -1, -1, 292, 122, 173.0, 11, , 32, 0, 0, 0, , 0, 0, 0, 0, 0, 
419, 0, 449, -1, -1, 142, 145, 174.0, 9, , 25, 0, 0, 0, , 0, 0, 0, 0, 0, 
420, 0, 450, -1, -1, 131, 121, 179.0, 11, , 140, 0, 0, 0, , 0, 0, 0, 0, 0, 
421, 0, 451, -1, -1, 271, 132, 179.0, 9, , 50, 0, 0, 0, , 0, 0, 0, 0, 0, 
422, 0, 452, -1, -1, 305, 114, 182.0, 15, , 113, 0, 0, 0, , 0, 0, 0, 0, 0, 
423, 0, 453, -1, -1, 117, 119, 200.0, 9, , 28, 0, 0, 0, , 0, 0, 0, 0, 0, 
424, 0, 454, -1, -1, 200, 80, 203.0, 13, , 114, 0, 0, 0, , 0, 0, 0, 0, 0, 
425, 0, 455, -1, -1, 202, 84, 209.0, 10, , 35, 0, 0, 0, , 0, 0, 0, 0, 0, 
426, 0, 456, -1, -1, 195, 139, 73.0, 9, , 29, 0, 0, 0, , 0, 0, 0, 0, 0, 
427, 0, 457, -1, -1, 101, 54, 98.0, 11, , 75, 0, 0, 0, , 0, 0, 0, 0, 0, 
428, 0, 458, -1, -1, 310, 73, 171.0, 11, , 103, 0, 0, 0, , 0, 0, 0, 0, 0, 
429, 0, 459, -1, -1, 311, 71, 174.0, 9, , 40, 0, 0, 0, , 0, 0, 0, 0, 0, 
430, 0, 460, -1, -1, 106, 133, 167.0, 11, , 77, 0, 0, 0, , 0, 0, 0, 0, 0, 
431, 0, 462, -1, -1, 277, 132, 189.0, 9, , 34, 0, 0, 0, , 0, 0, 0, 0, 0, 
432, 0, 463, -1, -1, 115, 152, 186.0, 11, , 136, 0, 0, 0, , 0, 0, 0, 0, 0, 
433, 0, 464, -1, -1, 199, 116, 203.0, 15, , 157, 0, 0, 0, , 0, 0, 0, 0, 0, 
434, 0, 465, -1, -1, 168, 65, 144.0, 11, , 51, 0, 0, 0, , 0, 0, 0, 0, 0, 
435, 0, 466, -1, -1, 139, 51, 183.0, 11, , 157, 0, 0, 0, , 0, 0, 0, 0, 0, 
436, 0, 468, -1, -1, 94, 118, 60.0, 11, , 69, 0, 0, 0, , 0, 0, 0, 0, 0, 
437, 0, 469, -1, -1, 108, 159, 91.0, 11, , 73, 0, 0, 0, , 0, 0, 0, 0, 0, 
438, 0, 470, -1, -1, 163, 165, 88.0, 11, , 85, 0, 0, 0, , 0, 0, 0, 0, 0, 
439, 0, 471, -1, -1, 225, 174, 99.0, 13, , 69, 0, 0, 0, , 0, 0, 0, 0, 0, 
440, 0, 472, -1, -1, 189, 35, 103.0, 11, , 39, 0, 0, 0, , 0, 0, 0, 0, 0, 
441, 0, 473, -1, -1, 96, 169, 115.0, 11, , 97, 0, 0, 0, , 0, 0, 0, 0, 0, 
442, 0, 475, -1, -1, 49, 109, 128.0, 11, , 53, 0, 0, 0, , 0, 0, 0, 0, 0, 
443, 0, 476, -1, -1, 177, 183, 125.0, 9, , 80, 0, 0, 0, , 0, 0, 0, 0, 0, 
444, 0, 477, -1, -1, 73, 153, 130.0, 13, , 197, 0, 0, 0, , 0, 0, 0, 0, 0, 
445, 0, 478, -1, -1, 53, 94, 130.0, 11, , 55, 0, 0, 0, , 0, 0, 0, 0, 0, 
446, 0, 479, -1, -1, 190, 43, 143.0, 11, , 176, 0, 0, 0, , 0, 0, 0, 0, 0, 
447, 0, 480, -1, -1, 290, 166, 138.0, 9, , 79, 0, 0, 0, , 0, 0, 0, 0, 0, 
448, 0, 481, -1, -1, 156, 34, 143.0, 11, , 151, 0, 0, 0, , 0, 0, 0, 0, 0, 
449, 0, 482, -1, -1, 93, 57, 144.0, 13, , 100, 0, 0, 0, , 0, 0, 0, 0, 0, 
450, 0, 483, -1, -1, 235, 168, 147.0, 11, , 66, 0, 0, 0, , 0, 0, 0, 0, 0, 
451, 0, 485, -1, -1, 122, 130, 145.0, 13, , 140, 0, 0, 0, , 0, 0, 0, 0, 0, 
452, 0, 486, -1, -1, 120, 175, 151.0, 11, , 80, 0, 0, 0, , 0, 0, 0, 0, 0, 
453, 0, 487, -1, -1, 52, 120, 149.0, 11, , 77, 0, 0, 0, , 0, 0, 0, 0, 0, 
454, 0, 488, -1, -1, 235, 167, 153.0, 11, , 80, 0, 0, 0, , 0, 0, 0, 0, 0, 
455, 0, 489, -1, -1, 119, 128, 148.0, 11, , 58, 0, 0, 0, , 0, 0, 0, 0, 0, 
456, 0, 490, -1, -1, 236, 170, 153.0, 11, , 137, 0, 0, 0, , 0, 0, 0, 0, 0, 
457, 0, 491, -1, -1, 141, 96, 156.0, 9, , 29, 0, 0, 0, , 0, 0, 0, 0, 0, 
458, 0, 492, -1, -1, 269, 160, 158.0, 11, , 40, 0, 0, 0, , 0, 0, 0, 0, 0, 
459, 0, 493, -1, -1, 104, 68, 160.0, 9, , 101, 0, 0, 0, , 0, 0, 0, 0, 0, 
460, 0, 494, -1, -1, 134, 143, 165.0, 9, , 51, 0, 0, 0, , 0, 0, 0, 0, 0, 
461, 0, 495, -1, -1, 316, 74, 164.0, 11, , 27, 0, 0, 0, , 0, 0, 0, 0, 0, 
462, 0, 496, -1, -1, 186, 170, 166.0, 11, , 38, 0, 0, 0, , 0, 0, 0, 0, 0, 
463, 0, 497, -1, -1, 219, 44, 160.0, 9, , 124, 0, 0, 0, , 0, 0, 0, 0, 0, 
464, 0, 498, -1, -1, 77, 72, 165.0, 9, , 16, 0, 0, 0, , 0, 0, 0, 0, 0, 
465, 0, 499, -1, -1, 130, 51, 166.0, 11, , 132, 0, 0, 0, , 0, 0, 0, 0, 0, 
466, 0, 500, -1, -1, 130, 166, 159.0, 10, , 50, 0, 0, 0, , 0, 0, 0, 0, 0, 
467, 0, 501, -1, -1, 316, 72, 168.0, 11, , 52, 0, 0, 0, , 0, 0, 0, 0, 0, 
468, 0, 502, -1, -1, 153, 36, 170.0, 9, , 108, 0, 0, 0, , 0, 0, 0, 0, 0, 
469, 0, 503, -1, -1, 222, 161, 173.0, 11, , 100, 0, 0, 0, , 0, 0, 0, 0, 0, 
470, 0, 504, -1, -1, 204, 166, 170.0, 11, , 46, 0, 0, 0, , 0, 0, 0, 0, 0, 
471, 0, 505, -1, -1, 77, 149, 176.0, 13, , 106, 0, 0, 0, , 0, 0, 0, 0, 0, 
472, 0, 506, -1, -1, 125, 86, 176.0, 9, , 7, 0, 0, 0, , 0, 0, 0, 0, 0, 
473, 0, 507, -1, -1, 148, 85, 177.0, 11, , 52, 0, 0, 0, , 0, 0, 0, 0, 0, 
474, 0, 508, -1, -1, 291, 89, 175.0, 11, , 31, 0, 0, 0, , 0, 0, 0, 0, 0, 
475, 0, 509, -1, -1, 215, 47, 178.0, 9, , 40, 0, 0, 0, , 0, 0, 0, 0, 0, 
476, 0, 510, -1, -1, 123, 50, 181.0, 9, , 40, 0, 0, 0, , 0, 0, 0, 0, 0, 
477, 0, 511, -1, -1, 120, 141, 176.0, 11, , 102, 0, 0, 0, , 0, 0, 0, 0, 0, 
478, 0, 512, -1, -1, 144, 84, 181.0, 17, , 102, 0, 0, 0, , 0, 0, 0, 0, 0, 
479, 0, 513, -1, -1, 84, 75, 182.0, 11, , 141, 0, 0, 0, , 0, 0, 0, 0, 0, 
480, 0, 514, -1, -1, 301, 112, 181.0, 9, , 32, 0, 0, 0, , 0, 0, 0, 0, 0, 
481, 0, 515, -1, -1, 100, 129, 186.0, 13, , 262, 0, 0, 0, , 0, 0, 0, 0, 0, 
482, 0, 516, -1, -1, 257, 67, 188.0, 9, , 49, 0, 0, 0, , 0, 0, 0, 0, 0, 
483, 0, 517, -1, -1, 223, 49, 184.0, 11, , 73, 0, 0, 0, , 0, 0, 0, 0, 0, 
484, 0, 518, -1, -1, 260, 122, 189.0, 11, , 154, 0, 0, 0, , 0, 0, 0, 0, 0, 
485, 0, 519, -1, -1, 281, 104, 191.0, 11, , 60, 0, 0, 0, , 0, 0, 0, 0, 0, 
486, 0, 520, -1, -1, 252, 135, 194.0, 9, , 30, 0, 0, 0, , 0, 0, 0, 0, 0, 
487, 0, 521, -1, -1, 98, 127, 193.0, 11, , 251, 0, 0, 0, , 0, 0, 0, 0, 0, 
488, 0, 522, -1, -1, 221, 134, 192.0, 9, , 52, 0, 0, 0, , 0, 0, 0, 0, 0, 
489, 0, 523, -1, -1, 242, 133, 196.0, 9, , 37, 0, 0, 0, , 0, 0, 0, 0, 0, 
490, 0, 524, -1, -1, 159, 101, 196.0, 10, , 18, 0, 0, 0, , 0, 0, 0, 0, 0, 
491, 0, 525, -1, -1, 255, 86, 199.0, 13, , 167, 0, 0, 0, , 0, 0, 0, 0, 0, 
492, 0, 526, -1, -1, 280, 114, 199.0, 9, , 38, 0, 0, 0, , 0, 0, 0, 0, 0, 
493, 0, 527, -1, -1, 161, 62, 202.0, 9, , 60, 0, 0, 0, , 0, 0, 0, 0, 0, 
494, 0, 528, -1, -1, 167, 63, 206.0, 9, , 92, 0, 0, 0, , 0, 0, 0, 0, 0, 
495, 0, 529, -1, -1, 102, 116, 60.0, 11, , 51, 0, 0, 0, , 0, 0, 0, 0, 0, 
496, 0, 530, -1, -1, 62, 112, 111.0, 11, , 109, 0, 0, 0, , 0, 0, 0, 0, 0, 
497, 0, 531, -1, -1, 160, 169, 128.0, 10, , 36, 0, 0, 0, , 0, 0, 0, 0, 0, 
498, 0, 532, -1, -1, 77, 63, 145.0, 9, , 38, 0, 0, 0, , 0, 0, 0, 0, 0, 
499, 0, 533, -1, -1, 183, 41, 161.0, 10, , 17, 0, 0, 0, , 0, 0, 0, 0, 0, 
500, 0, 534, -1, -1, 267, 134, 173.0, 13, , 85, 0, 0, 0, , 0, 0, 0, 0, 0, 
501, 0, 535, -1, -1, 86, 75, 188.0, 11, , 160, 0, 0, 0, , 0, 0, 0, 0, 0, 
502, 0, 536, -1, -1, 119, 130, 190.0, 11, , 130, 0, 0, 0, , 0, 0, 0, 0, 0, 
503, 0, 537, -1, -1, 74, 70, 140.0, 9, , 8, 0, 0, 0, , 0, 0, 0, 0, 0, 
504, 0, 538, -1, -1, 217, 43, 156.0, 13, , 303, 0, 0, 0, , 0, 0, 0, 0, 0, 
505, 0, 540, -1, -1, 92, 85, 172.0, 11, , 55, 0, 0, 0, , 0, 0, 0, 0, 0, 
506, 0, 541, -1, -1, 131, 49, 169.0, 11, , 129, 0, 0, 0, , 0, 0, 0, 0, 0, 
507, 0, 542, -1, -1, 124, 168, 123.0, 9, , 76, 0, 0, 0, , 0, 0, 0, 0, 0, 
508, 0, 543, -1, -1, 109, 96, 206.0, 9, , 47, 0, 0, 0, , 0, 0, 0, 0, 0, 
509, 0, 544, -1, -1, 144, 82, 175.0, 11, , 111, 0, 0, 0, , 0, 0, 0, 0, 0, 
510, 0, 545, -1, -1, 222, 176, 103.0, 10, , 19, 0, 0, 0, , 0, 0, 0, 0, 0, 
511, 0, 546, -1, -1, 76, 154, 114.0, 11, , 22, 0, 0, 0, , 0, 0, 0, 0, 0, 
512, 0, 547, -1, -1, 131, 122, 128.0, 11, , 154, 0, 0, 0, , 0, 0, 0, 0, 0, 
513, 0, 548, -1, -1, 120, 169, 128.0, 11, , 213, 0, 0, 0, , 0, 0, 0, 0, 0, 
514, 0, 549, -1, -1, 244, 171, 139.0, 9, , 30, 0, 0, 0, , 0, 0, 0, 0, 0, 
515, 0, 550, -1, -1, 94, 59, 142.0, 15, , 86, 0, 0, 0, , 0, 0, 0, 0, 0, 
516, 0, 551, -1, -1, 137, 57, 140.0, 11, , 30, 0, 0, 0, , 0, 0, 0, 0, 0, 
517, 0, 552, -1, -1, 288, 166, 147.0, 11, , 56, 0, 0, 0, , 0, 0, 0, 0, 0, 
518, 0, -1, -1, -1, 307, 157, 143.0, 9, , 70, 0, 0, 0, , 0, 0, 0, 0, 0, 
519, 0, 554, -1, -1, 85, 115, 144.0, 11, , 262, 0, 0, 0, , 0, 0, 0, 0, 0, 
520, 0, 555, -1, -1, 76, 75, 150.0, 9, , 44, 0, 0, 0, , 0, 0, 0, 0, 0, 
521, 0, 556, -1, -1, 117, 101, 150.0, 11, , 61, 0, 0, 0, , 0, 0, 0, 0, 0, 
522, 0, 557, -1, -1, 117, 51, 152.0, 9, , 27, 0, 0, 0, , 0, 0, 0, 0, 0, 
523, 0, 558, -1, -1, 100, 161, 154.0, 10, , 53, 0, 0, 0, , 0, 0, 0, 0, 0, 
524, 0, 559, -1, -1, 252, 169, 160.0, 10, , 43, 0, 0, 0, , 0, 0, 0, 0, 0, 
525, 0, 560, -1, -1, 295, 153, 158.0, 11, , 106, 0, 0, 0, , 0, 0, 0, 0, 0, 
526, 0, 561, -1, -1, 299, 64, 167.0, 11, , 85, 0, 0, 0, , 0, 0, 0, 0, 0, 
527, 0, 562, -1, -1, 276, 151, 172.0, 9, , 123, 0, 0, 0, , 0, 0, 0, 0, 0, 
528, 0, 563, -1, -1, 298, 64, 170.0, 9, , 104, 0, 0, 0, , 0, 0, 0, 0, 0, 
529, 0, 564, -1, -1, 111, 158, 170.0, 13, , 215, 0, 0, 0, , 0, 0, 0, 0, 0, 
530, 0, 565, -1, -1, 214, 137, 170.0, 11, , 11, 0, 0, 0, , 0, 0, 0, 0, 0, 
531, 0, 567, -1, -1, 114, 116, 183.0, 13, , 293, 0, 0, 0, , 0, 0, 0, 0, 0, 
532, 0, 568, -1, -1, 252, 67, 178.0, 11, , 55, 0, 0, 0, , 0, 0, 0, 0, 0, 
533, 0, 569, -1, -1, 192, 60, 196.0, 15, , 393, 0, 0, 0, , 0, 0, 0, 0, 0, 
534, 0, 570, -1, -1, 215, 117, 203.0, 11, , 159, 0, 0, 0, , 0, 0, 0, 0, 0, 
535, 0, 571, -1, -1, 154, 88, 202.0, 11, , 119, 0, 0, 0, , 0, 0, 0, 0, 0, 
536, 0, 572, -1, -1, 213, 117, 206.0, 9, , 26, 0, 0, 0, , 0, 0, 0, 0, 0, 
537, 0, 573, -1, -1, 97, 169, 120.0, 9, , 77, 0, 0, 0, , 0, 0, 0, 0, 0, 
538, 0, 574, -1, -1, 133, 36, 149.0, 13, , 210, 0, 0, 0, , 0, 0, 0, 0, 0, 
539, 0, 575, -1, -1, 94, 58, 161.0, 9, , 76, 0, 0, 0, , 0, 0, 0, 0, 0, 
540, 0, 576, -1, -1, 131, 116, 172.0, 15, , 195, 0, 0, 0, , 0, 0, 0, 0, 0, 
541, 0, 577, -1, -1, 145, 118, 183.0, 11, , 410, 0, 0, 0, , 0, 0, 0, 0, 0, 
542, 0, 579, -1, -1, 189, 73, 200.0, 9, , 65, 0, 0, 0, , 0, 0, 0, 0, 0, 
543, 0, 580, -1, -1, 231, 110, 198.0, 9, , 81, 0, 0, 0, , 0, 0, 0, 0, 0, 
544, 0, 581, -1, -1, 151, 89, 209.0, 9, , 50, 0, 0, 0, , 0, 0, 0, 0, 0, 
545, 0, 582, -1, -1, 131, 118, 208.0, 11, , 75, 0, 0, 0, , 0, 0, 0, 0, 0, 
546, 0, 584, -1, -1, 147, 34, 145.0, 7, , 22, 0, 0, 0, , 0, 0, 0, 0, 0, 
547, 0, 585, -1, -1, 119, 167, 119.0, 11, , 99, 0, 0, 0, , 0, 0, 0, 0, 0, 
548, 0, 586, -1, -1, 124, 166, 124.0, 10, , 25, 0, 0, 0, , 0, 0, 0, 0, 0, 
549, 0, 587, -1, -1, 149, 153, 61.0, 10, , 42, 0, 0, 0, , 0, 0, 0, 0, 0, 
550, 0, 588, -1, -1, 178, 128, 65.0, 9, , 16, 0, 0, 0, , 0, 0, 0, 0, 0, 
551, 0, 589, -1, -1, 225, 155, 78.0, 11, , 55, 0, 0, 0, , 0, 0, 0, 0, 0, 
552, 0, 590, -1, -1, 195, 138, 74.0, 11, , 14, 0, 0, 0, , 0, 0, 0, 0, 0, 
553, 0, 591, -1, -1, 226, 159, 82.0, 13, , 122, 0, 0, 0, , 0, 0, 0, 0, 0, 
554, 0, 592, -1, -1, 105, 157, 82.0, 11, , 40, 0, 0, 0, , 0, 0, 0, 0, 0, 
555, 0, 593, -1, -1, 142, 165, 83.0, 9, , 40, 0, 0, 0, , 0, 0, 0, 0, 0, 
556, 0, 594, -1, -1, 144, 168, 95.0, 11, , 92, 0, 0, 0, , 0, 0, 0, 0, 0, 
557, 0, 595, -1, -1, 147, 169, 91.0, 9, , 85, 0, 0, 0, , 0, 0, 0, 0, 0, 
558, 0, 597, -1, -1, 139, 123, 96.0, 11, , 23, 0, 0, 0, , 0, 0, 0, 0, 0, 
559, 0, 598, -1, -1, 82, 117, 97.0, 9, , 13, 0, 0, 0, , 0, 0, 0, 0, 0, 
560, 0, 599, -1, -1, 114, 54, 101.0, 10, , 19, 0, 0, 0, , 0, 0, 0, 0, 0, 
561, 0, 600, -1, -1, 295, 152, 105.0, 11, , 68, 0, 0, 0, , 0, 0, 0, 0, 0, 
562, 0, 601, -1, -1, 61, 112, 107.0, 11, , 116, 0, 0, 0, , 0, 0, 0, 0, 0, 
563, 0, 602, -1, -1, 270, 159, 110.0, 11, , 90, 0, 0, 0, , 0, 0, 0, 0, 0, 
564, 0, 603, -1, -1, 134, 123, 118.0, 11, , 197, 0, 0, 0, , 0, 0, 0, 0, 0, 
565, 0, 604, -1, -1, 294, 163, 118.0, 15, , 78, 0, 0, 0, , 0, 0, 0, 0, 0, 
566, 0, 606, -1, -1, 124, 170, 119.0, 10, , 58, 0, 0, 0, , 0, 0, 0, 0, 0, 
567, 0, 607, -1, -1, 144, 99, 121.0, 9, , 11, 0, 0, 0, , 0, 0, 0, 0, 0, 
568, 0, 608, -1, -1, 258, 163, 123.0, 10, , 5, 0, 0, 0, , 0, 0, 0, 0, 0, 
569, 0, 609, -1, -1, 120, 167, 126.0, 13, , 255, 0, 0, 0, , 0, 0, 0, 0, 0, 
570, 0, 610, -1, -1, 225, 175, 137.0, 11, , 88, 0, 0, 0, , 0, 0, 0, 0, 0, 
571, 0, 611, -1, -1, 94, 102, 138.0, 9, , 61, 0, 0, 0, , 0, 0, 0, 0, 0, 
572, 0, 612, -1, -1, 104, 165, 135.0, 13, , 258, 0, 0, 0, , 0, 0, 0, 0, 0, 
573, 0, 613, -1, -1, 154, 92, 140.0, 13, , 118, 0, 0, 0, , 0, 0, 0, 0, 0, 
574, 0, 614, -1, -1, 184, 42, 143.0, 9, , 88, 0, 0, 0, , 0, 0, 0, 0, 0, 
575, 0, 615, -1, -1, 246, 176, 142.0, 9, , 52, 0, 0, 0, , 0, 0, 0, 0, 0, 
576, 0, 616, -1, -1, 217, 130, 144.0, 9, , 40, 0, 0, 0, , 0, 0, 0, 0, 0, 
577, 0, 617, -1, -1, 84, 115, 153.0, 9, , 46, 0, 0, 0, , 0, 0, 0, 0, 0, 
578, 0, 618, -1, -1, 235, 171, 157.0, 9, , 52, 0, 0, 0, , 0, 0, 0, 0, 0, 
579, 0, 619, -1, -1, 60, 95, 161.0, 11, , 78, 0, 0, 0, , 0, 0, 0, 0, 0, 
580, 0, 620, -1, -1, 125, 177, 154.0, 9, , 33, 0, 0, 0, , 0, 0, 0, 0, 0, 
581, 0, 621, -1, -1, 79, 117, 162.0, 13, , 269, 0, 0, 0, , 0, 0, 0, 0, 0, 
582, 0, 622, -1, -1, 152, 145, 165.0, 11, , 12, 0, 0, 0, , 0, 0, 0, 0, 0, 
583, 0, 623, -1, -1, 120, 67, 165.0, 10, , 11, 0, 0, 0, , 0, 0, 0, 0, 0, 
584, 0, 624, -1, -1, 177, 40, 165.0, 9, , 30, 0, 0, 0, , 0, 0, 0, 0, 0, 
585, 0, 625, -1, -1, 266, 139, 180.0, 9, , 42, 0, 0, 0, , 0, 0, 0, 0, 0, 
586, 0, 626, -1, -1, 219, 47, 180.0, 11, , 7, 0, 0, 0, , 0, 0, 0, 0, 0, 
587, 0, 627, -1, -1, 277, 132, 186.0, 9, , 70, 0, 0, 0, , 0, 0, 0, 0, 0, 
588, 0, 628, -1, -1, 101, 72, 183.0, 10, , 67, 0, 0, 0, , 0, 0, 0, 0, 0, 
589, 0, 629, -1, -1, 125, 53, 186.0, 9, , 62, 0, 0, 0, , 0, 0, 0, 0, 0, 
590, 0, 630, -1, -1, 159, 135, 193.0, 13, , 121, 0, 0, 0, , 0, 0, 0, 0, 0, 
591, 0, 631, -1, -1, 248, 104, 195.0, 11, , 64, 0, 0, 0, , 0, 0, 0, 0, 0, 
592, 0, 632, -1, -1, 261, 124, 193.0, 10, , 40, 0, 0, 0, , 0, 0, 0, 0, 0, 
593, 0, 633, -1, -1, 215, 78, 204.0, 7, , 50, 0, 0, 0, , 0, 0, 0, 0, 0, 
594, 0, 634, -1, -1, 220, 97, 207.0, 9, , 86, 0, 0, 0, , 0, 0, 0, 0, 0, 
595, 0, 635, -1, -1, 177, 133, 205.0, 11, , 163, 0, 0, 0, , 0, 0, 0, 0, 0, 
596, 0, 636, -1, -1, 129, 91, 211.0, 10, , 41, 0, 0, 0, , 0, 0, 0, 0, 0, 
597, 0, 637, -1, -1, 136, 123, 119.0, 10, , 26, 0, 0, 0, , 0, 0, 0, 0, 0, 
598, 0, 638, -1, -1, 161, 162, 130.0, 11, , 102, 0, 0, 0, , 0, 0, 0, 0, 0, 
599, 0, 639, -1, -1, 93, 103, 134.0, 11, , 123, 0, 0, 0, , 0, 0, 0, 0, 0, 
600, 0, 640, -1, -1, 72, 105, 157.0, 11, , 68, 0, 0, 0, , 0, 0, 0, 0, 0, 
601, 0, 641, -1, -1, 60, 122, 166.0, 11, , 107, 0, 0, 0, , 0, 0, 0, 0, 0, 
602, 0, 642, -1, -1, 105, 131, 170.0, 13, , 156, 0, 0, 0, , 0, 0, 0, 0, 0, 
603, 0, 643, -1, -1, 147, 36, 173.0, 7, , 13, 0, 0, 0, , 0, 0, 0, 0, 0, 
604, 0, 644, -1, -1, 175, 84, 197.0, 13, , 221, 0, 0, 0, , 0, 0, 0, 0, 0, 
605, 0, 645, -1, -1, 311, 72, 162.0, 9, , 59, 0, 0, 0, , 0, 0, 0, 0, 0, 
606, 0, 646, -1, -1, 111, 157, 166.0, 11, , 112, 0, 0, 0, , 0, 0, 0, 0, 0, 
607, 0, 648, -1, -1, 126, 135, 57.0, 15, , 76, 0, 0, 0, , 0, 0, 0, 0, 0, 
608, 0, 649, -1, -1, 176, 125, 63.0, 11, , 10, 0, 0, 0, , 0, 0, 0, 0, 0, 
609, 0, 650, -1, -1, 91, 97, 70.0, 11, , 138, 0, 0, 0, , 0, 0, 0, 0, 0, 
610, 0, 651, -1, -1, 111, 90, 74.0, 9, , 47, 0, 0, 0, , 0, 0, 0, 0, 0, 
611, 0, 652, -1, -1, 162, 164, 94.0, 11, , 48, 0, 0, 0, , 0, 0, 0, 0, 0, 
612, 0, 653, -1, -1, 100, 54, 101.0, 9, , 41, 0, 0, 0, , 0, 0, 0, 0, 0, 
613, 0, 654, -1, -1, 103, 167, 103.0, 13, , 225, 0, 0, 0, , 0, 0, 0, 0, 0, 
614, 0, 655, -1, -1, 221, 175, 110.0, 11, , 42, 0, 0, 0, , 0, 0, 0, 0, 0, 
615, 0, 656, -1, -1, 99, 43, 120.0, 11, , 150, 0, 0, 0, , 0, 0, 0, 0, 0, 
616, 0, 657, -1, -1, 290, 165, 124.0, 11, , 60, 0, 0, 0, , 0, 0, 0, 0, 0, 
617, 0, 658, -1, -1, 53, 110, 123.0, 11, , 80, 0, 0, 0, , 0, 0, 0, 0, 0, 
618, 0, 659, -1, -1, 154, 32, 128.0, 11, , 37, 0, 0, 0, , 0, 0, 0, 0, 0, 
619, 0, 660, -1, -1, 163, 164, 126.0, 13, , 102, 0, 0, 0, , 0, 0, 0, 0, 0, 
620, 0, 661, -1, -1, 53, 95, 136.0, 11, , 81, 0, 0, 0, , 0, 0, 0, 0, 0, 
621, 0, 662, -1, -1, 137, 58, 137.0, 9, , 45, 0, 0, 0, , 0, 0, 0, 0, 0, 
622, 0, 664, -1, -1, 206, 180, 137.0, 11, , 66, 0, 0, 0, , 0, 0, 0, 0, 0, 
623, 0, 665, -1, -1, 103, 166, 140.0, 9, , 57, 0, 0, 0, , 0, 0, 0, 0, 0, 
624, 0, 666, -1, -1, 288, 166, 142.0, 11, , 182, 0, 0, 0, , 0, 0, 0, 0, 0, 
625, 0, 667, -1, -1, 135, 54, 146.0, 9, , 39, 0, 0, 0, , 0, 0, 0, 0, 0, 
626, 0, 668, -1, -1, 157, 134, 147.0, 10, , 21, 0, 0, 0, , 0, 0, 0, 0, 0, 
627, 0, 669, -1, -1, 167, 65, 146.0, 9, , 34, 0, 0, 0, , 0, 0, 0, 0, 0, 
628, 0, 670, -1, -1, 127, 178, 150.0, 9, , 44, 0, 0, 0, , 0, 0, 0, 0, 0, 
629, 0, 671, -1, -1, 153, 34, 151.0, 9, , 65, 0, 0, 0, , 0, 0, 0, 0, 0, 
630, 0, 672, -1, -1, 275, 137, 153.0, 11, , 7, 0, 0, 0, , 0, 0, 0, 0, 0, 
631, 0, 673, -1, -1, 79, 157, 150.0, 9, , 62, 0, 0, 0, , 0, 0, 0, 0, 0, 
632, 0, 674, -1, -1, 106, 116, 153.0, 9, , 61, 0, 0, 0, , 0, 0, 0, 0, 0, 
633, 0, 675, -1, -1, 283, 59, 154.0, 11, , 42, 0, 0, 0, , 0, 0, 0, 0, 0, 
634, 0, 676, -1, -1, 88, 59, 158.0, 11, , 117, 0, 0, 0, , 0, 0, 0, 0, 0, 
635, 0, 677, -1, -1, 282, 56, 157.0, 11, , 43, 0, 0, 0, , 0, 0, 0, 0, 0, 
636, 0, 678, -1, -1, 120, 136, 156.0, 10, , 56, 0, 0, 0, , 0, 0, 0, 0, 0, 
637, 0, 679, -1, -1, 101, 115, 156.0, 9, , 53, 0, 0, 0, , 0, 0, 0, 0, 0, 
638, 0, 680, -1, -1, 80, 74, 161.0, 11, , 26, 0, 0, 0, , 0, 0, 0, 0, 0, 
639, 0, 681, -1, -1, 237, 48, 163.0, 9, , 110, 0, 0, 0, , 0, 0, 0, 0, 0, 
640, 0, 682, -1, -1, 274, 103, 174.0, 7, , 26, 0, 0, 0, , 0, 0, 0, 0, 0, 
641, 0, 683, -1, -1, 201, 166, 174.0, 11, , 77, 0, 0, 0, , 0, 0, 0, 0, 0, 
642, 0, 684, -1, -1, 203, 167, 181.0, 11, , 47, 0, 0, 0, , 0, 0, 0, 0, 0, 
643, 0, 685, -1, -1, 280, 131, 177.0, 11, , 75, 0, 0, 0, , 0, 0, 0, 0, 0, 
644, 0, 686, -1, -1, 92, 87, 181.0, 9, , 57, 0, 0, 0, , 0, 0, 0, 0, 0, 
645, 0, 687, -1, -1, 137, 52, 190.0, 11, , 99, 0, 0, 0, , 0, 0, 0, 0, 0, 
646, 0, 688, -1, -1, 162, 100, 195.0, 13, , 59, 0, 0, 0, , 0, 0, 0, 0, 0, 
647, 0, 689, -1, -1, 222, 134, 195.0, 13, , 116, 0, 0, 0, , 0, 0, 0, 0, 0, 
648, 0, 690, -1, -1, 276, 113, 203.0, 10, , 39, 0, 0, 0, , 0, 0, 0, 0, 0, 
649, 0, 691, -1, -1, 134, 117, 202.0, 11, , 44, 0, 0, 0, , 0, 0, 0, 0, 0, 
650, 0, 692, -1, -1, 141, 165, 87.0, 11, , 47, 0, 0, 0, , 0, 0, 0, 0, 0, 
651, 0, 693, -1, -1, 178, 183, 122.0, 9, , 58, 0, 0, 0, , 0, 0, 0, 0, 0, 
652, 0, 694, -1, -1, 137, 176, 133.0, 15, , 112, 0, 0, 0, , 0, 0, 0, 0, 0, 
653, 0, 695, -1, -1, 76, 63, 136.0, 13, , 126, 0, 0, 0, , 0, 0, 0, 0, 0, 
654, 0, 697, -1, -1, 110, 55, 172.0, 11, , 170, 0, 0, 0, , 0, 0, 0, 0, 0, 
655, 0, 698, -1, -1, 211, 132, 175.0, 9, , 36, 0, 0, 0, , 0, 0, 0, 0, 0, 
656, 0, 699, -1, -1, 72, 103, 174.0, 9, , 25, 0, 0, 0, , 0, 0, 0, 0, 0, 
657, 0, 700, -1, -1, 100, 128, 196.0, 11, , 59, 0, 0, 0, , 0, 0, 0, 0, 0, 
658, 0, 701, -1, -1, 253, 85, 195.0, 11, , 88, 0, 0, 0, , 0, 0, 0, 0, 0, 
659, 0, 702, -1, -1, 190, 73, 197.0, 9, , 105, 0, 0, 0, , 0, 0, 0, 0, 0, 
660, 0, 703, -1, -1, 210, 153, 194.0, 10, , 31, 0, 0, 0, , 0, 0, 0, 0, 0, 
661, 0, 704, -1, -1, 200, 117, 208.0, 11, , 219, 0, 0, 0, , 0, 0, 0, 0, 0, 
662, 0, 705, -1, -1, 126, 88, 206.0, 9, , 51, 0, 0, 0, , 0, 0, 0, 0, 0, 
663, 0, 706, -1, -1, 144, 79, 196.0, 9, , 46, 0, 0, 0, , 0, 0, 0, 0, 0, 
664, 0, 707, -1, -1, 80, 72, 172.0, 13, , 91, 0, 0, 0, , 0, 0, 0, 0, 0, 
665, 0, 708, -1, -1, 317, 90, 172.0, 11, , 99, 0, 0, 0, , 0, 0, 0, 0, 0, 
666, 0, 709, -1, -1, 82, 134, 106.0, 9, , 37, 0, 0, 0, , 0, 0, 0, 0, 0, 
667, 0, 710, -1, -1, 89, 79, 79.0, 9, , 56, 0, 0, 0, , 0, 0, 0, 0, 0, 
668, 0, 711, -1, -1, 86, 73, 99.0, 9, , 14, 0, 0, 0, , 0, 0, 0, 0, 0, 
669, 0, 712, -1, -1, 298, 161, 116.0, 9, , 53, 0, 0, 0, , 0, 0, 0, 0, 0, 
670, 0, 713, -1, -1, 173, 81, 118.0, 11, , 89, 0, 0, 0, , 0, 0, 0, 0, 0, 
671, 0, 714, -1, -1, 167, 38, 124.0, 9, , 53, 0, 0, 0, , 0, 0, 0, 0, 0, 
672, 0, 715, -1, -1, 69, 115, 128.0, 11, , 39, 0, 0, 0, , 0, 0, 0, 0, 0, 
673, 0, 716, -1, -1, 100, 43, 132.0, 10, , 85, 0, 0, 0, , 0, 0, 0, 0, 0, 
674, 0, 717, -1, -1, 121, 73, 135.0, 11, , 54, 0, 0, 0, , 0, 0, 0, 0, 0, 
675, 0, 718, -1, -1, 256, 166, 151.0, 13, , 199, 0, 0, 0, , 0, 0, 0, 0, 0, 
676, 0, 719, -1, -1, 132, 147, 153.0, 11, , 88, 0, 0, 0, , 0, 0, 0, 0, 0, 
677, 0, 720, -1, -1, 316, 135, 164.0, 9, , 59, 0, 0, 0, , 0, 0, 0, 0, 0, 
678, 0, 721, -1, -1, 106, 51, 162.0, 13, , 275, 0, 0, 0, , 0, 0, 0, 0, 0, 
679, 0, 722, -1, -1, 199, 144, 165.0, 9, , 52, 0, 0, 0, , 0, 0, 0, 0, 0, 
680, 0, 723, -1, -1, 266, 156, 165.0, 10, , 40, 0, 0, 0, , 0, 0, 0, 0, 0, 
681, 0, 724, -1, -1, 218, 176, 165.0, 9, , 63, 0, 0, 0, , 0, 0, 0, 0, 0, 
682, 0, 725, -1, -1, 271, 105, 167.0, 11, , 77, 0, 0, 0, , 0, 0, 0, 0, 0, 
683, 0, 726, -1, -1, 109, 54, 174.0, 13, , 90, 0, 0, 0, , 0, 0, 0, 0, 0, 
684, 0, 727, -1, -1, 137, 146, 180.0, 9, , 29, 0, 0, 0, , 0, 0, 0, 0, 0, 
685, 0, 728, -1, -1, 71, 109, 182.0, 11, , 90, 0, 0, 0, , 0, 0, 0, 0, 0, 
686, 0, 729, -1, -1, 249, 70, 184.0, 9, , 22, 0, 0, 0, , 0, 0, 0, 0, 0, 
687, 0, 730, -1, -1, 160, 50, 184.0, 13, , 297, 0, 0, 0, , 0, 0, 0, 0, 0, 
688, 0, 731, -1, -1, 231, 150, 185.0, 10, , 44, 0, 0, 0, , 0, 0, 0, 0, 0, 
689, 0, 732, -1, -1, 304, 96, 185.0, 11, , 99, 0, 0, 0, , 0, 0, 0, 0, 0, 
690, 0, 733, -1, -1, 147, 118, 189.0, 11, , 130, 0, 0, 0, , 0, 0, 0, 0, 0, 
691, 0, 735, -1, -1, 146, 76, 205.0, 13, , 280, 0, 0, 0, , 0, 0, 0, 0, 0, 
692, 0, 736, -1, -1, 238, 93, 209.0, 10, , 105, 0, 0, 0, , 0, 0, 0, 0, 0, 
693, 0, 737, -1, -1, 84, 95, 98.0, 11, , 56, 0, 0, 0, , 0, 0, 0, 0, 0, 
694, 0, 738, -1, -1, 165, 162, 123.0, 10, , 21, 0, 0, 0, , 0, 0, 0, 0, 0, 
695, 0, 739, -1, -1, 206, 46, 138.0, 11, , 65, 0, 0, 0, , 0, 0, 0, 0, 0, 
696, 0, 740, -1, -1, 290, 164, 144.0, 13, , 278, 0, 0, 0, , 0, 0, 0, 0, 0, 
697, 0, 741, -1, -1, 132, 37, 158.0, 9, , 65, 0, 0, 0, , 0, 0, 0, 0, 0, 
698, 0, 742, -1, -1, 202, 176, 160.0, 9, , 44, 0, 0, 0, , 0, 0, 0, 0, 0, 
699, 0, 743, -1, -1, 137, 50, 163.0, 9, , 21, 0, 0, 0, , 0, 0, 0, 0, 0, 
700, 0, 744, -1, -1, 104, 131, 173.0, 13, , 122, 0, 0, 0, , 0, 0, 0, 0, 0, 
701, 0, 745, -1, -1, 265, 99, 208.0, 11, , 121, 0, 0, 0, , 0, 0, 0, 0, 0, 
702, 0, 746, -1, -1, 155, 183, 114.0, 9, , 48, 0, 0, 0, , 0, 0, 0, 0, 0, 
703, 0, 747, -1, -1, 157, 51, 187.0, 13, , 303, 0, 0, 0, , 0, 0, 0, 0, 0, 
704, 0, 748, -1, -1, 128, 38, 136.0, 11, , 71, 0, 0, 0, , 0, 0, 0, 0, 0, 
705, 0, 749, -1, -1, 100, 117, 150.0, 13, , 252, 0, 0, 0, , 0, 0, 0, 0, 0, 
706, 0, 750, -1, -1, 115, 93, 79.0, 9, , 44, 0, 0, 0, , 0, 0, 0, 0, 0, 
707, 0, 751, -1, -1, 123, 165, 92.0, 11, , 53, 0, 0, 0, , 0, 0, 0, 0, 0, 
708, 0, 752, -1, -1, 294, 156, 99.0, 13, , 68, 0, 0, 0, , 0, 0, 0, 0, 0, 
709, 0, 753, -1, -1, 138, 35, 106.0, 9, , 62, 0, 0, 0, , 0, 0, 0, 0, 0, 
710, 0, 754, -1, -1, 224, 172, 104.0, 10, , 78, 0, 0, 0, , 0, 0, 0, 0, 0, 
711, 0, 755, -1, -1, 77, 133, 110.0, 15, , 157, 0, 0, 0, , 0, 0, 0, 0, 0, 
712, 0, 756, -1, -1, 61, 118, 113.0, 9, , 18, 0, 0, 0, , 0, 0, 0, 0, 0, 
713, 0, 757, -1, -1, 143, 98, 113.0, 10, , 59, 0, 0, 0, , 0, 0, 0, 0, 0, 
714, 0, 758, -1, -1, 55, 149, 124.0, 9, , 121, 0, 0, 0, , 0, 0, 0, 0, 0, 
715, 0, 759, -1, -1, 187, 176, 130.0, 11, , 93, 0, 0, 0, , 0, 0, 0, 0, 0, 
716, 0, 760, -1, -1, 255, 160, 128.0, 11, , 71, 0, 0, 0, , 0, 0, 0, 0, 0, 
717, 0, 762, -1, -1, 73, 155, 133.0, 13, , 152, 0, 0, 0, , 0, 0, 0, 0, 0, 
718, 0, 763, -1, -1, 92, 59, 133.0, 11, , 44, 0, 0, 0, , 0, 0, 0, 0, 0, 
719, 0, 764, -1, -1, 268, 162, 135.0, 15, , 140, 0, 0, 0, , 0, 0, 0, 0, 0, 
720, 0, 765, -1, -1, 265, 164, 138.0, 9, , 31, 0, 0, 0, , 0, 0, 0, 0, 0, 
721, 0, 766, -1, -1, 59, 92, 137.0, 9, , 25, 0, 0, 0, , 0, 0, 0, 0, 0, 
722, 0, 767, -1, -1, 123, 134, 140.0, 11, , 60, 0, 0, 0, , 0, 0, 0, 0, 0, 
723, 0, 768, -1, -1, 98, 62, 141.0, 10, , 25, 0, 0, 0, , 0, 0, 0, 0, 0, 
724, 0, 769, -1, -1, 123, 101, 143.0, 10, , 58, 0, 0, 0, , 0, 0, 0, 0, 0, 
725, 0, 770, -1, -1, 120, 177, 145.0, 13, , 304, 0, 0, 0, , 0, 0, 0, 0, 0, 
726, 0, 771, -1, -1, 61, 140, 147.0, 11, , 39, 0, 0, 0, , 0, 0, 0, 0, 0, 
727, 0, 772, -1, -1, 93, 55, 146.0, 9, , 54, 0, 0, 0, , 0, 0, 0, 0, 0, 
728, 0, 773, -1, -1, 150, 181, 149.0, 9, , 28, 0, 0, 0, , 0, 0, 0, 0, 0, 
729, 0, 774, -1, -1, 70, 104, 149.0, 11, , 93, 0, 0, 0, , 0, 0, 0, 0, 0, 
730, 0, 775, -1, -1, 245, 45, 150.0, 11, , 32, 0, 0, 0, , 0, 0, 0, 0, 0, 
731, 0, 776, -1, -1, 289, 164, 150.0, 11, , 66, 0, 0, 0, , 0, 0, 0, 0, 0, 
732, 0, 777, -1, -1, 156, 165, 151.0, 11, , 13, 0, 0, 0, , 0, 0, 0, 0, 0, 
733, 0, 778, -1, -1, 75, 157, 154.0, 13, , 135, 0, 0, 0, , 0, 0, 0, 0, 0, 
734, 0, 779, -1, -1, 82, 122, 155.0, 11, , 144, 0, 0, 0, , 0, 0, 0, 0, 0, 
735, 0, 780, -1, -1, 183, 43, 156.0, 9, , 42, 0, 0, 0, , 0, 0, 0, 0, 0, 
736, 0, 781, -1, -1, 61, 120, 160.0, 9, , 60, 0, 0, 0, , 0, 0, 0, 0, 0, 
737, 0, 782, -1, -1, 278, 148, 160.0, 9, , 46, 0, 0, 0, , 0, 0, 0, 0, 0, 
738, 0, 783, -1, -1, 242, 117, 164.0, 9, , 16, 0, 0, 0, , 0, 0, 0, 0, 0, 
739, 0, 784, -1, -1, 62, 94, 165.0, 11, , 85, 0, 0, 0, , 0, 0, 0, 0, 0, 
740, 0, 785, -1, -1, 222, 159, 166.0, 11, , 59, 0, 0, 0, , 0, 0, 0, 0, 0, 
741, 0, 786, -1, -1, 277, 151, 166.0, 7, , 23, 0, 0, 0, , 0, 0, 0, 0, 0, 
742, 0, 787, -1, -1, 138, 169, 169.0, 11, , 60, 0, 0, 0, , 0, 0, 0, 0, 0, 
743, 0, 788, -1, -1, 137, 51, 167.0, 9, , 41, 0, 0, 0, , 0, 0, 0, 0, 0, 
744, 0, 789, -1, -1, 242, 118, 169.0, 9, , 22, 0, 0, 0, , 0, 0, 0, 0, 0, 
745, 0, 790, -1, -1, 231, 89, 169.0, 10, , 34, 0, 0, 0, , 0, 0, 0, 0, 0, 
746, 0, 791, -1, -1, 265, 106, 174.0, 9, , 24, 0, 0, 0, , 0, 0, 0, 0, 0, 
747, 0, 792, -1, -1, 240, 154, 174.0, 10, , 36, 0, 0, 0, , 0, 0, 0, 0, 0, 
748, 0, 793, -1, -1, 113, 116, 176.0, 11, , 181, 0, 0, 0, , 0, 0, 0, 0, 0, 
749, 0, 794, -1, -1, 122, 88, 181.0, 11, , 57, 0, 0, 0, , 0, 0, 0, 0, 0, 
750, 0, 795, -1, -1, 213, 135, 178.0, 11, , 40, 0, 0, 0, , 0, 0, 0, 0, 0, 
751, 0, 796, -1, -1, 231, 62, 188.0, 10, , 43, 0, 0, 0, , 0, 0, 0, 0, 0, 
752, 0, 797, -1, -1, 121, 55, 190.0, 11, , 62, 0, 0, 0, , 0, 0, 0, 0, 0, 
753, 0, 798, -1, -1, 130, 104, 197.0, 11, , 105, 0, 0, 0, , 0, 0, 0, 0, 0, 
754, 0, -1, -1, -1, 189, 59, 201.0, 11, , 83, 0, 0, 0, , 0, 0, 0, 0, 0, 
755, 0, 800, -1, -1, 253, 108, 196.0, 9, , 26, 0, 0, 0, , 0, 0, 0, 0, 0, 
756, 0, 801, -1, -1, 175, 81, 209.0, 13, , 82, 0, 0, 0, , 0, 0, 0, 0, 0, 
757, 0, 802, -1, -1, 178, 130, 207.0, 17, , 308, 0, 0, 0, , 0, 0, 0, 0, 0, 
758, 0, 803, -1, -1, 210, 145, 64.0, 9, , 39, 0, 0, 0, , 0, 0, 0, 0, 0, 
759, 0, 804, -1, -1, 87, 148, 85.0, 11, , 102, 0, 0, 0, , 0, 0, 0, 0, 0, 
760, 0, 805, -1, -1, 177, 182, 119.0, 11, , 42, 0, 0, 0, , 0, 0, 0, 0, 0, 
761, 0, 806, -1, -1, 208, 181, 133.0, 11, , 143, 0, 0, 0, , 0, 0, 0, 0, 0, 
762, 0, 807, -1, -1, 247, 175, 136.0, 11, , 68, 0, 0, 0, , 0, 0, 0, 0, 0, 
763, 0, 808, -1, -1, 286, 59, 146.0, 11, , 80, 0, 0, 0, , 0, 0, 0, 0, 0, 
764, 0, 809, -1, -1, 100, 68, 151.0, 11, , 54, 0, 0, 0, , 0, 0, 0, 0, 0, 
765, 0, 810, -1, -1, 298, 62, 160.0, 11, , 48, 0, 0, 0, , 0, 0, 0, 0, 0, 
766, 0, 811, -1, -1, 238, 49, 166.0, 15, , 136, 0, 0, 0, , 0, 0, 0, 0, 0, 
767, 0, 812, -1, -1, 277, 151, 169.0, 9, , 152, 0, 0, 0, , 0, 0, 0, 0, 0, 
768, 0, 813, -1, -1, 122, 56, 187.0, 11, , 78, 0, 0, 0, , 0, 0, 0, 0, 0, 
769, 0, 814, -1, -1, 145, 118, 192.0, 11, , 129, 0, 0, 0, , 0, 0, 0, 0, 0, 
770, 0, 815, -1, -1, 119, 152, 194.0, 9, , 23, 0, 0, 0, , 0, 0, 0, 0, 0, 
771, 0, 816, -1, -1, 235, 61, 194.0, 11, , 139, 0, 0, 0, , 0, 0, 0, 0, 0, 
772, 0, 817, -1, -1, 197, 132, 198.0, 11, , 70, 0, 0, 0, , 0, 0, 0, 0, 0, 
773, 0, 819, -1, -1, 138, 174, 127.0, 13, , 170, 0, 0, 0, , 0, 0, 0, 0, 0, 
774, 0, -1, -1, -1, 185, 179, 139.0, 13, , 163, 0, 0, 0, , 0, 0, 0, 0, 0, 
775, 0, -1, -1, -1, 150, 180, 152.0, 11, , 63, 0, 0, 0, , 0, 0, 0, 0, 0, 
776, 0, -1, -1, -1, 147, 67, 188.0, 15, , 420, 0, 0, 0, , 0, 0, 0, 0, 0, 
777, 0, -1, -1, -1, 256, 164, 122.0, 13, , 34, 0, 0, 0, , 0, 0, 0, 0, 0, 
778, 0, -1, -1, -1, 126, 136, 61.0, 11, , 73, 0, 0, 0, , 0, 0, 0, 0, 0, 
779, 0, -1, -1, -1, 147, 155, 65.0, 9, , 61, 0, 0, 0, , 0, 0, 0, 0, 0, 
780, 0, -1, -1, -1, 113, 90, 68.0, 11, , 62, 0, 0, 0, , 0, 0, 0, 0, 0, 
781, 0, -1, -1, -1, 131, 145, 73.0, 9, , 13, 0, 0, 0, , 0, 0, 0, 0, 0, 
782, 0, -1, -1, -1, 120, 124, 76.0, 11, , 24, 0, 0, 0, , 0, 0, 0, 0, 0, 
783, 0, -1, -1, -1, 132, 143, 81.0, 11, , 45, 0, 0, 0, , 0, 0, 0, 0, 0, 
784, 0, -1, -1, -1, 79, 114, 89.0, 9, , 28, 0, 0, 0, , 0, 0, 0, 0, 0, 
785, 0, -1, -1, -1, 109, 77, 89.0, 9, , 30, 0, 0, 0, , 0, 0, 0, 0, 0, 
786, 0, -1, -1, -1, 140, 165, 89.0, 9, , 44, 0, 0, 0, , 0, 0, 0, 0, 0, 
787, 0, -1, -1, -1, 84, 94, 92.0, 9, , 72, 0, 0, 0, , 0, 0, 0, 0, 0, 
788, 0, -1, -1, -1, 156, 45, 94.0, 11, , 35, 0, 0, 0, , 0, 0, 0, 0, 0, 
789, 0, -1, -1, -1, 88, 129, 95.0, 11, , 40, 0, 0, 0, , 0, 0, 0, 0, 0, 
790, 0, -1, -1, -1, 273, 160, 100.0, 11, , 37, 0, 0, 0, , 0, 0, 0, 0, 0, 
791, 0, -1, -1, -1, 248, 164, 103.0, 11, , 63, 0, 0, 0, , 0, 0, 0, 0, 0, 
792, 0, -1, -1, -1, 117, 54, 106.0, 9, , 30, 0, 0, 0, , 0, 0, 0, 0, 0, 
793, 0, -1, -1, -1, 190, 34, 106.0, 11, , 78, 0, 0, 0, , 0, 0, 0, 0, 0, 
794, 0, -1, -1, -1, 62, 132, 117.0, 11, , 30, 0, 0, 0, , 0, 0, 0, 0, 0, 
795, 0, -1, -1, -1, 74, 152, 117.0, 9, , 65, 0, 0, 0, , 0, 0, 0, 0, 0, 
796, 0, -1, -1, -1, 148, 33, 119.0, 9, , 11, 0, 0, 0, , 0, 0, 0, 0, 0, 
797, 0, -1, -1, -1, 61, 131, 123.0, 11, , 54, 0, 0, 0, , 0, 0, 0, 0, 0, 
798, 0, -1, -1, -1, 140, 98, 125.0, 9, , 43, 0, 0, 0, , 0, 0, 0, 0, 0, 
799, 0, -1, -1, -1, 189, 177, 127.0, 11, , 54, 0, 0, 0, , 0, 0, 0, 0, 0, 
800, 0, -1, -1, -1, 82, 138, 128.0, 9, , 44, 0, 0, 0, , 0, 0, 0, 0, 0, 
801, 0, -1, -1, -1, 108, 139, 129.0, 11, , 21, 0, 0, 0, , 0, 0, 0, 0, 0, 
802, 0, -1, -1, -1, 124, 73, 130.0, 11, , 52, 0, 0, 0, , 0, 0, 0, 0, 0, 
803, 0, -1, -1, -1, 165, 36, 130.0, 11, , 67, 0, 0, 0, , 0, 0, 0, 0, 0, 
804, 0, -1, -1, -1, 79, 137, 131.0, 10, , 17, 0, 0, 0, , 0, 0, 0, 0, 0, 
805, 0, -1, -1, -1, 103, 44, 134.0, 11, , 103, 0, 0, 0, , 0, 0, 0, 0, 0, 
806, 0, -1, -1, -1, 128, 167, 138.0, 11, , 43, 0, 0, 0, , 0, 0, 0, 0, 0, 
807, 0, -1, -1, -1, 167, 62, 139.0, 9, , 54, 0, 0, 0, , 0, 0, 0, 0, 0, 
808, 0, -1, -1, -1, 110, 166, 140.0, 9, , 43, 0, 0, 0, , 0, 0, 0, 0, 0, 
809, 0, -1, -1, -1, 156, 34, 140.0, 11, , 121, 0, 0, 0, , 0, 0, 0, 0, 0, 
810, 0, -1, -1, -1, 85, 115, 141.0, 11, , 206, 0, 0, 0, , 0, 0, 0, 0, 0, 
811, 0, -1, -1, -1, 205, 178, 143.0, 9, , 17, 0, 0, 0, , 0, 0, 0, 0, 0, 
812, 0, -1, -1, -1, 102, 116, 144.0, 11, , 148, 0, 0, 0, , 0, 0, 0, 0, 0, 
813, 0, -1, -1, -1, 55, 124, 145.0, 10, , 39, 0, 0, 0, , 0, 0, 0, 0, 0, 
814, 0, -1, -1, -1, 84, 90, 145.0, 11, , 78, 0, 0, 0, , 0, 0, 0, 0, 0, 
815, 0, -1, -1, -1, 154, 137, 146.0, 10, , 60, 0, 0, 0, , 0, 0, 0, 0, 0, 
816, 0, -1, -1, -1, 237, 169, 148.0, 11, , 76, 0, 0, 0, , 0, 0, 0, 0, 0, 
817, 0, -1, -1, -1, 96, 164, 149.0, 11, , 36, 0, 0, 0, , 0, 0, 0, 0, 0, 
818, 0, -1, -1, -1, 136, 165, 149.0, 9, , 58, 0, 0, 0, , 0, 0, 0, 0, 0, 
819, 0, -1, -1, -1, 203, 44, 151.0, 11, , 103, 0, 0, 0, , 0, 0, 0, 0, 0, 
820, 0, -1, -1, -1, 135, 105, 153.0, 10, , 7, 0, 0, 0, , 0, 0, 0, 0, 0, 
821, 0, -1, -1, -1, 284, 55, 154.0, 9, , 56, 0, 0, 0, , 0, 0, 0, 0, 0, 
822, 0, -1, -1, -1, 159, 45, 155.0, 11, , 53, 0, 0, 0, , 0, 0, 0, 0, 0, 
823, 0, -1, -1, -1, 218, 174, 158.0, 11, , 105, 0, 0, 0, , 0, 0, 0, 0, 0, 
824, 0, -1, -1, -1, 76, 159, 159.0, 11, , 32, 0, 0, 0, , 0, 0, 0, 0, 0, 
825, 0, -1, -1, -1, 120, 85, 159.0, 11, , 15, 0, 0, 0, , 0, 0, 0, 0, 0, 
826, 0, -1, -1, -1, 269, 160, 160.0, 11, , 98, 0, 0, 0, , 0, 0, 0, 0, 0, 
827, 0, -1, -1, -1, 137, 97, 161.0, 9, , 29, 0, 0, 0, , 0, 0, 0, 0, 0, 
828, 0, -1, -1, -1, 132, 165, 163.0, 11, , 74, 0, 0, 0, , 0, 0, 0, 0, 0, 
829, 0, -1, -1, -1, 151, 144, 163.0, 9, , 35, 0, 0, 0, , 0, 0, 0, 0, 0, 
830, 0, -1, -1, -1, 215, 43, 163.0, 9, , 77, 0, 0, 0, , 0, 0, 0, 0, 0, 
831, 0, -1, -1, -1, 189, 166, 165.0, 11, , 22, 0, 0, 0, , 0, 0, 0, 0, 0, 
832, 0, -1, -1, -1, 137, 100, 166.0, 10, , 22, 0, 0, 0, , 0, 0, 0, 0, 0, 
833, 0, -1, -1, -1, 132, 165, 167.0, 9, , 67, 0, 0, 0, , 0, 0, 0, 0, 0, 
834, 0, -1, -1, -1, 220, 71, 168.0, 11, , 28, 0, 0, 0, , 0, 0, 0, 0, 0, 
835, 0, -1, -1, -1, 198, 137, 169.0, 9, , 37, 0, 0, 0, , 0, 0, 0, 0, 0, 
836, 0, -1, -1, -1, 203, 144, 169.0, 10, , 5, 0, 0, 0, , 0, 0, 0, 0, 0, 
837, 0, -1, -1, -1, 239, 155, 169.0, 13, , 43, 0, 0, 0, , 0, 0, 0, 0, 0, 
838, 0, -1, -1, -1, 270, 105, 169.0, 10, , 22, 0, 0, 0, , 0, 0, 0, 0, 0, 
839, 0, -1, -1, -1, 171, 110, 170.0, 10, , 20, 0, 0, 0, , 0, 0, 0, 0, 0, 
840, 0, -1, -1, -1, 194, 39, 170.0, 10, , 18, 0, 0, 0, , 0, 0, 0, 0, 0, 
841, 0, -1, -1, -1, 288, 89, 170.0, 9, , 14, 0, 0, 0, , 0, 0, 0, 0, 0, 
842, 0, -1, -1, -1, 94, 106, 171.0, 13, , 18, 0, 0, 0, , 0, 0, 0, 0, 0, 
843, 0, -1, -1, -1, 274, 103, 172.0, 9, , 35, 0, 0, 0, , 0, 0, 0, 0, 0, 
844, 0, -1, -1, -1, 198, 140, 175.0, 10, , 18, 0, 0, 0, , 0, 0, 0, 0, 0, 
845, 0, -1, -1, -1, 218, 74, 175.0, 11, , 44, 0, 0, 0, , 0, 0, 0, 0, 0, 
846, 0, -1, -1, -1, 240, 134, 176.0, 11, , 53, 0, 0, 0, , 0, 0, 0, 0, 0, 
847, 0, -1, -1, -1, 92, 106, 177.0, 11, , 69, 0, 0, 0, , 0, 0, 0, 0, 0, 
848, 0, -1, -1, -1, 110, 158, 177.0, 9, , 91, 0, 0, 0, , 0, 0, 0, 0, 0, 
849, 0, -1, -1, -1, 143, 142, 177.0, 11, , 34, 0, 0, 0, , 0, 0, 0, 0, 0, 
850, 0, -1, -1, -1, 162, 93, 178.0, 9, , 13, 0, 0, 0, , 0, 0, 0, 0, 0, 
851, 0, -1, -1, -1, 93, 146, 179.0, 9, , 27, 0, 0, 0, , 0, 0, 0, 0, 0, 
852, 0, -1, -1, -1, 275, 74, 179.0, 9, , 66, 0, 0, 0, , 0, 0, 0, 0, 0, 
853, 0, -1, -1, -1, 117, 140, 184.0, 9, , 42, 0, 0, 0, , 0, 0, 0, 0, 0, 
854, 0, -1, -1, -1, 140, 147, 186.0, 9, , 18, 0, 0, 0, , 0, 0, 0, 0, 0, 
855, 0, -1, -1, -1, 197, 44, 186.0, 9, , 18, 0, 0, 0, , 0, 0, 0, 0, 0, 
856, 0, -1, -1, -1, 188, 148, 187.0, 11, , 45, 0, 0, 0, , 0, 0, 0, 0, 0, 
857, 0, -1, -1, -1, 220, 51, 188.0, 9, , 58, 0, 0, 0, , 0, 0, 0, 0, 0, 
858, 0, -1, -1, -1, 265, 97, 197.0, 9, , 124, 0, 0, 0, , 0, 0, 0, 0, 0, 
859, 0, -1, -1, -1, 251, 108, 199.0, 11, , 101, 0, 0, 0, , 0, 0, 0, 0, 0, 
860, 0, -1, -1, -1, 125, 88, 203.0, 9, , 90, 0, 0, 0, , 0, 0, 0, 0, 0, 
861, 0, -1, -1, -1, 202, 80, 205.0, 13, , 100, 0, 0, 0, , 0, 0, 0, 0, 0, 
862, 0, -1, -1, -1, 157, 86, 206.0, 9, , 78, 0, 0, 0, , 0, 0, 0, 0, 0, 
863, 0, -1, -1, -1, 146, 75, 208.0, 11, , 133, 0, 0, 0, , 0, 0, 0, 0, 0, 
864, 0, -1, -1, -1, 130, 96, 61.0, 9, , 44, 0, 0, 0, , 0, 0, 0, 0, 0, 
865, 0, -1, -1, -1, 101, 55, 94.0, 13, , 121, 0, 0, 0, , 0, 0, 0, 0, 0, 
866, 0, -1, -1, -1, 105, 157, 94.0, 13, , 48, 0, 0, 0, , 0, 0, 0, 0, 0, 
867, 0, -1, -1, -1, 53, 95, 118.0, 11, , 59, 0, 0, 0, , 0, 0, 0, 0, 0, 
868, 0, -1, -1, -1, 163, 37, 128.0, 9, , 25, 0, 0, 0, , 0, 0, 0, 0, 0, 
869, 0, -1, -1, -1, 50, 109, 130.0, 13, , 57, 0, 0, 0, , 0, 0, 0, 0, 0, 
870, 0, -1, -1, -1, 161, 167, 143.0, 11, , 36, 0, 0, 0, , 0, 0, 0, 0, 0, 
871, 0, -1, -1, -1, 114, 130, 147.0, 9, , 8, 0, 0, 0, , 0, 0, 0, 0, 0, 
872, 0, -1, -1, -1, 96, 96, 154.0, 15, , 205, 0, 0, 0, , 0, 0, 0, 0, 0, 
873, 0, -1, -1, -1, 118, 136, 154.0, 13, , 80, 0, 0, 0, , 0, 0, 0, 0, 0, 
874, 0, -1, -1, -1, 313, 68, 167.0, 9, , 20, 0, 0, 0, , 0, 0, 0, 0, 0, 
875, 0, -1, -1, -1, 212, 132, 171.0, 11, , 44, 0, 0, 0, , 0, 0, 0, 0, 0, 
876, 0, -1, -1, -1, 297, 64, 173.0, 9, , 40, 0, 0, 0, , 0, 0, 0, 0, 0, 
877, 0, -1, -1, -1, 145, 82, 178.0, 13, , 95, 0, 0, 0, , 0, 0, 0, 0, 0, 
878, 0, -1, -1, -1, 102, 130, 182.0, 11, , 58, 0, 0, 0, , 0, 0, 0, 0, 0, 
879, 0, -1, -1, -1, 278, 133, 184.0, 11, , 107, 0, 0, 0, , 0, 0, 0, 0, 0, 
880, 0, -1, -1, -1, 198, 118, 199.0, 9, , 35, 0, 0, 0, , 0, 0, 0, 0, 0, 
881, 0, -1, -1, -1, 219, 78, 207.0, 13, , 125, 0, 0, 0, , 0, 0, 0, 0, 0, 
882, 0, -1, -1, -1, 273, 104, 176.0, 9, , 35, 0, 0, 0, , 0, 0, 0, 0, 0, 
883, 0, -1, -1, -1, 211, 42, 160.0, 9, , 57, 0, 0, 0, , 0, 0, 0, 0, 0, 
884, 0, -1, -1, -1, 235, 81, 195.0, 11, , 58, 0, 0, 0, , 0, 0, 0, 0, 0, 
885, 1, 820, 923, -1, 253, 88, 127.0, 16, Eprpa, 0, 0, 0, 0, , 0, 0, 0, 0, 0, 
886, 0, 821, -1, -1, 124, 37, 130.0, 17, , 0, 0, 0, 0, , 0, 0, 0, 0, 0, 
887, 1, 822, 925, -1, 135, 116, 207.0, 15, ABarappaaa, 0, 0, 0, 0, , 0, 0, 0, 0, 0, 
888, 1, 823, 926, -1, 154, 108, 214.0, 17, ABarappapa, 0, 0, 0, 0, , 0, 0, 0, 0, 0, 
889, 1, 824, 927, -1, 180, 107, 214.0, 17, ABarappapp, 0, 0, 0, 0, , 0, 0, 0, 0, 0, 
890, 1, 825, 928, -1, 154, 126, 210.0, 15, ABarappaap, 0, 0, 0, 0, , 0, 0, 0, 0, 0, 
891, 1, 826, 929, -1, 113, 99, 205.0, 12, ABarapppaa, 0, 0, 0, 0, , 0, 0, 0, 0, 0, 
892, 1, 827, 930, -1, 131, 101, 194.0, 16, ABarapppap, 0, 0, 0, 0, , 0, 0, 0, 0, 0, 
893, 1, 828, 931, -1, 130, 90, 206.0, 15, ABarappppa, 0, 0, 0, 0, , 0, 0, 0, 0, 0, 
894, 1, 829, 932, -1, 155, 89, 206.0, 17, ABarappppp, 0, 0, 0, 0, , 0, 0, 0, 0, 0, 
895, 1, 830, 933, -1, 99, 129, 189.0, 15, ABarapaaaa, 0, 0, 0, 0, , 0, 0, 0, 0, 0, 
896, 1, 831, 934, -1, 118, 129, 195.7742, 15, ABarapaaap, 0, 0, 0, 0, , 0, 0, 0, 0, 0, 
897, 1, 832, 935, -1, 115, 115, 180.0, 15, ABarapaapa, 0, 0, 0, 0, , 0, 0, 0, 0, 0, 
898, 1, 833, 936, -1, 131, 116, 174.0, 16, ABarapaapp, 0, 0, 0, 0, , 0, 0, 0, 0, 0, 
899, 1, 834, 937, -1, 136, 133, 198.0, 15, ABarapapaa, 0, 0, 0, 0, , 0, 0, 0, 0, 0, 
900, 1, 835, 938, -1, 158, 135, 197.0, 14, ABarapapap, 0, 0, 0, 0, , 0, 0, 0, 0, 0, 
901, 1, 836, 939, -1, 145, 119, 187.0, 14, ABarapappa, 0, 0, 0, 0, , 0, 0, 0, 0, 0, 
902, 1, 837, 940, -1, 172, 122, 188.0, 19, ABarapappp, 0, 0, 0, 0, , 0, 0, 0, 0, 0, 
903, 1, 838, 941, -1, 84, 117, 147.0, 14, ABaraapaaa, 0, 0, 0, 0, , 0, 0, 0, 0, 0, 
904, 1, 839, 942, -1, 101, 117, 151.0, 14, ABaraapaap, 0, 0, 0, 0, , 0, 0, 0, 0, 0, 
905, 1, 840, 943, -1, 120, 131, 142.0, 16, ABaraapapa, 0, 0, 0, 0, , 0, 0, 0, 0, 0, 
906, 1, 841, 944, -1, 132, 122, 124.0, 14, ABaraapapp, 0, 0, 0, 0, , 0, 0, 0, 0, 0, 
907, 1, 842, 945, -1, 98, 99, 156.0, 15, ABaraappaa, 0, 0, 0, 0, , 0, 0, 0, 0, 0, 
908, 1, 843, 946, -1, 117, 102, 148.0, 17, ABaraappap, 0, 0, 0, 0, , 0, 0, 0, 0, 0, 
909, 1, 844, 947, -1, 137, 101, 157.0, 17, ABaraapppa, 0, 0, 0, 0, , 0, 0, 0, 0, 0, 
910, 1, 845, 948, -1, 155, 94, 140.0, 14, ABaraapppp, 0, 0, 0, 0, , 0, 0, 0, 0, 0, 
911, 1, 846, 949, -1, 79, 116, 168.0, 15, ABaraaapaa, 0, 0, 0, 0, , 0, 0, 0, 0, 0, 
912, 1, 847, 950, -1, 96, 111, 174.0, 17, ABaraaapap, 0, 0, 0, 0, , 0, 0, 0, 0, 0, 
913, 1, 848, 951, -1, 87, 108, 193.0, 15, ABaraaappa, 0, 0, 0, 0, , 0, 0, 0, 0, 0, 
914, 1, 849, 952, -1, 108, 113, 197.0, 16, ABaraaappp, 0, 0, 0, 0, , 0, 0, 0, 0, 0, 
915, 1, 850, 953, -1, 72, 107, 176.0, 15, ABaraaaaap, 0, 0, 0, 0, , 0, 0, 0, 0, 0, 
916, 1, 851, 954, -1, 57, 122, 165.0, 15, ABaraaaaaa, 0, 0, 0, 0, , 0, 0, 0, 0, 0, 
917, 1, 852, 955, -1, 71, 105, 150.0, 14, ABaraaaapa, 0, 0, 0, 0, , 0, 0, 0, 0, 0, 
918, 0, 853, -1, -1, 84, 117, 139.0, 14, , 0, 0, 0, 0, , 0, 0, 0, 0, 0, 
919, 1, 853, 956, -1, 93, 104, 137.0, 14, ABaraaaapp, 0, 0, 0, 0, , 0, 0, 0, 0, 0, 
920, 1, 854, 957, -1, 104, 132, 172.0, 15, ABalpaaapa, 0, 0, 0, 0, , 0, 0, 0, 0, 0, 
921, 1, 855, 958, -1, 117, 138, 154.0, 15, ABalpaaapp, 0, 0, 0, 0, , 0, 0, 0, 0, 0, 
922, 1, 856, 959, -1, 95, 148, 182.0, 15, ABalpaaaap, 0, 0, 0, 0, , 0, 0, 0, 0, 0, 
923, 1, 857, 960, -1, 79, 148, 169.0, 15, ABalpaaaaa, 0, 0, 0, 0, , 0, 0, 0, 0, 0, 
924, 1, 858, 961, -1, 72, 125, 145.0, 15, ABalpaapaa, 0, 0, 0, 0, , 0, 0, 0, 0, 0, 
925, 1, 859, 962, -1, 93, 142, 157.0, 16, ABalpaapap, 0, 0, 0, 0, , 0, 0, 0, 0, 0, 
926, 1, 860, 963, -1, 76, 156, 151.0, 12, ABalpaappa, 0, 0, 0, 0, , 0, 0, 0, 0, 0, 
927, 1, 861, 964, -1, 121, 141, 178.0, 15, ABalpappaa, 0, 0, 0, 0, , 0, 0, 0, 0, 0, 
928, 1, 862, 965, -1, 139, 144, 179.0, 17, ABalpappap, 0, 0, 0, 0, , 0, 0, 0, 0, 0, 
929, 1, 863, 966, -1, 133, 146, 160.0, 15, ABalpapppa, 0, 0, 0, 0, , 0, 0, 0, 0, 0, 
930, 1, 864, 967, -1, 157, 146, 168.0, 21, ABalpapppp, 0, 0, 0, 0, , 0, 0, 0, 0, 0, 
931, 1, 865, 968, -1, 55, 150, 122.0, 15, ABalppaaaa, 0, 0, 0, 0, , 0, 0, 0, 0, 0, 
932, 1, 866, 969, -1, 73, 152, 111.0, 16, ABalppaaap, 0, 0, 0, 0, , 0, 0, 0, 0, 0, 
933, 1, 867, 970, -1, 104, 165, 135.0, 15, ABalppapaa, 0, 0, 0, 0, , 0, 0, 0, 0, 0, 
934, 1, 868, 971, -1, 123, 176, 146.0, 14, ABalppapap, 0, 0, 0, 0, , 0, 0, 0, 0, 0, 
935, 1, 869, 972, -1, 133, 165, 144.0, 15, ABalppappa, 0, 0, 0, 0, , 0, 0, 0, 0, 0, 
936, 1, 870, 973, -1, 98, 162, 151.0, 15, ABalpaappp, 0, 0, 0, 0, , 0, 0, 0, 0, 0, 
937, 1, 871, 974, -1, 111, 158, 170.0, 15, ABalpapaaa, 0, 0, 0, 0, , 0, 0, 0, 0, 0, 
938, 1, 872, 975, -1, 117, 152, 186.0, 15, ABalpapaap, 0, 0, 0, 0, , 0, 0, 0, 0, 0, 
939, 1, 873, 976, -1, 136, 167, 161.0, 15, ABalpapapa, 0, 0, 0, 0, , 0, 0, 0, 0, 0, 
940, 1, 874, 977, -1, 162, 172, 173.0, 14, ABalpapapp, 0, 0, 0, 0, , 0, 0, 0, 0, 0, 
941, 1, 875, 978, -1, 96, 169, 118.0, 14, ABalppaapa, 0, 0, 0, 0, , 0, 0, 0, 0, 0, 
942, 1, 876, 979, -1, 155, 178, 152.5, 14, ABalppappp, 0, 0, 0, 0, , 0, 0, 0, 0, 0, 
943, 1, 877, 980, -1, 153, 138, 76.5, 15, ABalpppppp, 0, 0, 0, 0, , 0, 0, 0, 0, 0, 
944, 1, 878, 981, -1, 133, 145, 75.0, 17, ABalpppppa, 0, 0, 0, 0, , 0, 0, 0, 0, 0, 
945, 0, 879, -1, -1, 92, 129, 100.0, 14, , 0, 0, 0, 0, , 0, 0, 0, 0, 0, 
946, 1, 880, 983, -1, 120, 126, 81.333336, 18, ABalppppap, 0, 0, 0, 0, , 0, 0, 0, 0, 0, 
947, 1, 881, 984, -1, 85, 150, 95.75, 16, ABalpppaaa, 0, 0, 0, 0, , 0, 0, 0, 0, 0, 
948, 1, 882, 985, -1, 87, 147, 78.5, 16, ABalpppaap, 0, 0, 0, 0, , 0, 0, 0, 0, 0, 
949, 0, 883, -1, -1, 104, 154, 86.0, 12, , 0, 0, 0, 0, , 0, 0, 0, 0, 0, 
950, 0, 884, -1, -1, 114, 154, 72.0, 12, , 0, 0, 0, 0, , 0, 0, 0, 0, 0, 
951, 1, 885, 988, -1, 51, 109, 130.0, 14, ABalaaapar, 0, 0, 0, 0, , 0, 0, 0, 0, 0, 
952, 1, 886, 989, -1, 60, 130, 122.0, 16, ABalaaapal, 0, 0, 0, 0, , 0, 0, 0, 0, 0, 
953, 1, 887, 990, -1, 55, 91, 138.0, 12, ABalaaappl, 0, 0, 0, 0, , 0, 0, 0, 0, 0, 
954, 1, 888, 991, -1, 73, 77, 151.0, 15, ABalaaappr, 0, 0, 0, 0, , 0, 0, 0, 0, 0, 
955, 1, 889, 992, -1, 74, 92, 180.0, 15, ABalaapaaa, 0, 0, 0, 0, , 0, 0, 0, 0, 0, 
956, 1, 890, 993, -1, 95, 92, 197.0, 15, ABalaapaap, 0, 0, 0, 0, , 0, 0, 0, 0, 0, 
957, 1, 891, 994, -1, 85, 75, 186.0, 15, ABalaapapa, 0, 0, 0, 0, , 0, 0, 0, 0, 0, 
958, 1, 892, 995, -1, 101, 69, 183.0, 15, ABalaapapp, 0, 0, 0, 0, , 0, 0, 0, 0, 0, 
959, 1, 893, 996, -1, 52, 121, 146.0, 15, ABalaaaarl, 0, 0, 0, 0, , 0, 0, 0, 0, 0, 
960, 1, 894, 997, -1, 63, 93, 159.0, 14, ABalaaaarr, 0, 0, 0, 0, , 0, 0, 0, 0, 0, 
961, 1, 895, 998, -1, 62, 141, 141.0, 15, ABalaaaala, 0, 0, 0, 0, , 0, 0, 0, 0, 0, 
962, 1, 896, 999, -1, 72, 154, 130.0, 14, ABalaaaalp, 0, 0, 0, 0, , 0, 0, 0, 0, 0, 
963, 1, 897, 1000, -1, 73, 85, 167.0, 15, ABalaappaa, 0, 0, 0, 0, , 0, 0, 0, 0, 0, 
964, 1, 898, 1001, -1, 80, 74, 168.0, 16, ABalaappap, 0, 0, 0, 0, , 0, 0, 0, 0, 0, 
965, 1, 899, 1002, -1, 78, 64, 138.0, 13, ABalaapppa, 0, 0, 0, 0, , 0, 0, 0, 0, 0, 
966, 1, 900, 1003, -1, 93, 58, 141.0, 16, ABalaapppp, 0, 0, 0, 0, , 0, 0, 0, 0, 0, 
967, 1, 901, 1004, -1, 77, 133, 107.0, 17, ABalapaapa, 0, 0, 0, 0, , 0, 0, 0, 0, 0, 
968, 1, 902, 1005, -1, 92, 131, 98.5, 17, ABalapaapp, 0, 0, 0, 0, , 0, 0, 0, 0, 0, 
969, 1, 903, 1006, -1, 64, 114, 111.0, 17, ABalapaaaa, 0, 0, 0, 0, , 0, 0, 0, 0, 0, 
970, 1, 904, 1007, -1, 79, 114, 96.0, 16, ABalapaaap, 0, 0, 0, 0, , 0, 0, 0, 0, 0, 
971, 1, 905, 1008, -1, 88, 99, 83.0, 17, ABalapapap, 0, 0, 0, 0, , 0, 0, 0, 0, 0, 
972, 1, 906, 1009, -1, 85, 94, 94.0, 15, ABalapapaa, 0, 0, 0, 0, , 0, 0, 0, 0, 0, 
973, 1, 907, 1010, -1, 103, 115, 76.0, 14, ABalapappa, 0, 0, 0, 0, , 0, 0, 0, 0, 0, 
974, 1, 908, 1011, -1, 130, 107, 79.0, 16, ABalapappp, 0, 0, 0, 0, , 0, 0, 0, 0, 0, 
975, 1, 909, 1012, -1, 53, 95, 120.0, 13, ABalappaaa, 0, 0, 0, 0, , 0, 0, 0, 0, 0, 
976, 1, 910, 1013, -1, 68, 93, 108.0, 15, ABalappaap, 0, 0, 0, 0, , 0, 0, 0, 0, 0, 
977, 1, 911, 1014, -1, 61, 78, 135.0, 14, ABalappapa, 0, 0, 0, 0, , 0, 0, 0, 0, 0, 
978, 1, 912, 1015, -1, 75, 66, 124.0, 16, ABalappapp, 0, 0, 0, 0, , 0, 0, 0, 0, 0, 
979, 1, 913, 1016, -1, 82, 80, 117.0, 14, ABalapppaa, 0, 0, 0, 0, , 0, 0, 0, 0, 0, 
980, 1, 914, 1017, -1, 100, 74, 113.0, 14, ABalapppap, 0, 0, 0, 0, , 0, 0, 0, 0, 0, 
981, 1, 915, 1018, -1, 103, 57, 122.0, 14, ABalappppa, 0, 0, 0, 0, , 0, 0, 0, 0, 0, 
982, 1, 916, 1019, -1, 127, 49, 114.0, 14, ABalappppp, 0, 0, 0, 0, , 0, 0, 0, 0, 0, 
983, 1, 917, 1020, -1, 103, 139, 76.0, 15, ABalppppaa, 0, 0, 0, 0, , 0, 0, 0, 0, 0, 
984, 1, 918, 1021, -1, 90, 59, 159.0, 12, ABpraaaaaa, 0, 0, 0, 0, , 0, 0, 0, 0, 0, 
985, 1, 919, 1022, -1, 107, 52, 160.0, 13, ABpraaaaap, 0, 0, 0, 0, , 0, 0, 0, 0, 0, 
986, 1, 920, 1023, -1, 111, 57, 172.0, 15, ABpraaaapa, 0, 0, 0, 0, , 0, 0, 0, 0, 0, 
987, 1, 921, 1024, -1, 123, 54, 184.0, 14, ABpraaaapp, 0, 0, 0, 0, , 0, 0, 0, 0, 0, 
988, 1, 922, 1025, -1, 132, 49, 166.0, 15, ABpraaappa, 0, 0, 0, 0, , 0, 0, 0, 0, 0, 
989, 1, 923, 1026, -1, 159, 45, 166.0, 17, ABpraaappp, 0, 0, 0, 0, , 0, 0, 0, 0, 0, 
990, 1, 924, 1027, -1, 195, 44, 175.25, 13, ABpraapppa, 0, 0, 0, 0, , 0, 0, 0, 0, 0, 
991, 1, 925, 1028, -1, 218, 48, 181.0, 12, ABpraapppp, 0, 0, 0, 0, , 0, 0, 0, 0, 0, 
992, 1, 926, 1029, -1, 177, 39, 159.75, 12, ABpraappap, 0, 0, 0, 0, , 0, 0, 0, 0, 0, 
993, 1, 927, 1030, -1, 152, 36, 171.0, 10, ABpraappaa, 0, 0, 0, 0, , 0, 0, 0, 0, 0, 
994, 1, 928, 1031, -1, 235, 58, 186.0, 17, ABprappaaa, 0, 0, 0, 0, , 0, 0, 0, 0, 0, 
995, 1, 929, 1032, -1, 254, 68, 184.0, 15, ABprappaap, 0, 0, 0, 0, , 0, 0, 0, 0, 0, 
996, 1, 930, 1033, -1, 279, 71, 175.0, 16, ABprappapp, 0, 0, 0, 0, , 0, 0, 0, 0, 0, 
997, 1, 931, 1034, -1, 261, 54, 165.0, 14, ABprappapa, 0, 0, 0, 0, , 0, 0, 0, 0, 0, 
998, 1, 932, 1035, -1, 265, 81, 190.6, 10, ABprapppaa, 0, 0, 0, 0, , 0, 0, 0, 0, 0, 
999, 1, 933, 1036, -1, 282, 87, 190.0, 13, ABprapppap, 0, 0, 0, 0, , 0, 0, 0, 0, 0, 
1000, 1, 934, 1037, -1, 205, 45, 142.33333, 16, ABprapaaap, 0, 0, 0, 0, , 0, 0, 0, 0, 0, 
1001, 1, 935, 1038, -1, 186, 43, 144.2, 14, ABprapaaaa, 0, 0, 0, 0, , 0, 0, 0, 0, 0, 
1002, 1, 936, 1039, -1, 215, 43, 157.5, 12, ABprapaapa, 0, 0, 0, 0, , 0, 0, 0, 0, 0, 
1003, 1, 937, 1040, -1, 237, 51, 168.0, 12, ABprapaapp, 0, 0, 0, 0, , 0, 0, 0, 0, 0, 
1004, 1, 938, 1041, -1, 297, 64, 162.0, 12, ABprapapap, 0, 0, 0, 0, , 0, 0, 0, 0, 0, 
1005, 1, 939, 1042, -1, 283, 54, 150.4, 16, ABprapapaa, 0, 0, 0, 0, , 0, 0, 0, 0, 0, 
1006, 1, 940, 1043, -1, 313, 93, 176.0, 12, ABprapappp, 0, 0, 0, 0, , 0, 0, 0, 0, 0, 
1007, 1, 941, 1044, -1, 312, 70, 163.0, 14, ABprapappa, 0, 0, 0, 0, , 0, 0, 0, 0, 0, 
1008, 1, 942, 1045, -1, 162, 165, 124.0, 13, ABplppaaaa, 0, 0, 0, 0, , 0, 0, 0, 0, 0, 
1009, 1, 943, 1046, -1, 176, 184, 129.0, 13, ABplppaaap, 0, 0, 0, 0, , 0, 0, 0, 0, 0, 
1010, 1, 944, 1047, -1, 203, 175, 151.75, 15, ABplppaapa, 0, 0, 0, 0, , 0, 0, 0, 0, 0, 
1011, 1, 945, 1048, -1, 218, 175, 159.0, 14, ABplppaapp, 0, 0, 0, 0, , 0, 0, 0, 0, 0, 
1012, 1, 946, 1049, -1, 187, 176, 131.5, 12, ABplppapaa, 0, 0, 0, 0, , 0, 0, 0, 0, 0, 
1013, 1, 947, 1050, -1, 208, 180, 132.2, 13, ABplppapap, 0, 0, 0, 0, , 0, 0, 0, 0, 0, 
1014, 1, 948, 1051, -1, 230, 175, 130.0, 13, ABplppappa, 0, 0, 0, 0, , 0, 0, 0, 0, 0, 
1015, 1, 949, 1052, -1, 246, 175, 138.0, 15, ABplppappp, 0, 0, 0, 0, , 0, 0, 0, 0, 0, 
1016, 1, 950, 1053, -1, 237, 170, 151.0, 15, ABplpppaaa, 0, 0, 0, 0, , 0, 0, 0, 0, 0, 
1017, 1, 951, 1054, -1, 254, 167, 153.0, 15, ABplpppaap, 0, 0, 0, 0, , 0, 0, 0, 0, 0, 
1018, 1, 952, 1055, -1, 267, 159, 162.0, 15, ABplpppapa, 0, 0, 0, 0, , 0, 0, 0, 0, 0, 
1019, 1, 953, 1056, -1, 276, 151, 172.0, 15, ABplpppapp, 0, 0, 0, 0, , 0, 0, 0, 0, 0, 
1020, 1, 954, 1057, -1, 222, 161, 170.0, 14, ABplppppaa, 0, 0, 0, 0, , 0, 0, 0, 0, 0, 
1021, 1, 955, 1058, -1, 239, 156, 171.0, 14, ABplppppap, 0, 0, 0, 0, , 0, 0, 0, 0, 0, 
1022, 1, 956, 1059, -1, 237, 136, 182.0, 15, ABplpppppa, 0, 0, 0, 0, , 0, 0, 0, 0, 0, 
1023, 1, 957, 1060, -1, 265, 135, 175.0, 15, ABplpppppp, 0, 0, 0, 0, , 0, 0, 0, 0, 0, 
1024, 1, 958, 1061, -1, 205, 167, 175.0, 15, ABplpapapp, 0, 0, 0, 0, , 0, 0, 0, 0, 0, 
1025, 1, 959, 1062, -1, 122, 167, 118.0, 15, ABplpaaaaa, 0, 0, 0, 0, , 0, 0, 0, 0, 0, 
1026, 1, 960, 1063, -1, 139, 174, 124.0, 16, ABplpaaaap, 0, 0, 0, 0, , 0, 0, 0, 0, 0, 
1027, 1, 961, 1064, -1, 148, 167, 108.0, 15, ABplpaaapp, 0, 0, 0, 0, , 0, 0, 0, 0, 0, 
1028, 1, 962, 1065, -1, 152, 182, 119.0, 16, ABplpaaapa, 0, 0, 0, 0, , 0, 0, 0, 0, 0, 
1029, 1, 963, 1066, -1, 123, 164, 100.0, 16, ABplpaapaa, 0, 0, 0, 0, , 0, 0, 0, 0, 0, 
1030, 1, 964, 1067, -1, 143, 167, 89.0, 17, ABplpaapap, 0, 0, 0, 0, , 0, 0, 0, 0, 0, 
1031, 1, 965, 1068, -1, 165, 165, 92.0, 15, ABplpaappa, 0, 0, 0, 0, , 0, 0, 0, 0, 0, 
1032, 1, 966, 1069, -1, 175, 177, 108.0, 14, ABplpaappp, 0, 0, 0, 0, , 0, 0, 0, 0, 0, 
1033, 1, 967, 1070, -1, 157, 165, 145.0, 15, ABplpapaaa, 0, 0, 0, 0, , 0, 0, 0, 0, 0, 
1034, 1, 968, 1071, -1, 177, 166, 153.0, 15, ABplpapaap, 0, 0, 0, 0, , 0, 0, 0, 0, 0, 
1035, 1, 969, 1072, -1, 187, 168, 165.0, 14, ABplpapapa, 0, 0, 0, 0, , 0, 0, 0, 0, 0, 
1036, 1, 970, 1073, -1, 172, 152, 185.0, 17, ABplpappaa, 0, 0, 0, 0, , 0, 0, 0, 0, 0, 
1037, 1, 971, 1074, -1, 188, 150, 184.0, 14, ABplpappap, 0, 0, 0, 0, , 0, 0, 0, 0, 0, 
1038, 1, 972, 1075, -1, 209, 152, 191.0, 15, ABplpapppa, 0, 0, 0, 0, , 0, 0, 0, 0, 0, 
1039, 1, 974, 1076, -1, 231, 152, 190.0, 15, ABplpapppp, 0, 0, 0, 0, , 0, 0, 0, 0, 0, 
1040, 1, 975, 1077, -1, 102, 43, 123.0, 13, ABpraapaaa, 0, 0, 0, 0, , 0, 0, 0, 0, 0, 
1041, 1, 976, 1078, -1, 133, 36, 151.0, 14, ABpraapapa, 0, 0, 0, 0, , 0, 0, 0, 0, 0, 
1042, 1, 977, 1079, -1, 153, 33, 140.0, 14, ABpraapapp, 0, 0, 0, 0, , 0, 0, 0, 0, 0, 
1043, 1, 978, 1080, -1, 127, 78, 193.0, 14, ABprpaaaaa, 0, 0, 0, 0, , 0, 0, 0, 0, 0, 
1044, 1, 979, 1081, -1, 145, 76, 200.0, 14, ABprpaaaap, 0, 0, 0, 0, , 0, 0, 0, 0, 0, 
1045, 1, 980, 1082, -1, 147, 67, 192.66667, 13, ABprpaaapa, 0, 0, 0, 0, , 0, 0, 0, 0, 0, 
1046, 1, 981, 1083, -1, 164, 64, 198.66667, 15, ABprpaaapp, 0, 0, 0, 0, , 0, 0, 0, 0, 0, 
1047, 1, 982, 1084, -1, 139, 53, 183.66667, 15, ABprpaapaa, 0, 0, 0, 0, , 0, 0, 0, 0, 0, 
1048, 1, 983, 1085, -1, 156, 51, 186.66667, 13, ABprpaapap, 0, 0, 0, 0, , 0, 0, 0, 0, 0, 
1049, 1, 984, 1086, -1, 175, 52, 186.0, 15, ABprpaappa, 0, 0, 0, 0, , 0, 0, 0, 0, 0, 
1050, 1, 985, 1087, -1, 193, 60, 195.0, 15, ABprpaappp, 0, 0, 0, 0, , 0, 0, 0, 0, 0, 
1051, 1, 987, 1088, -1, 162, 101, 201.0, 15, ABprpapaaa, 0, 0, 0, 0, , 0, 0, 0, 0, 0, 
1052, 1, 988, 1089, -1, 188, 105, 196.6, 15, ABprpapaap, 0, 0, 0, 0, , 0, 0, 0, 0, 0, 
1053, 1, 986, 1090, -1, 199, 117, 207.0, 15, ABprpapapa, 0, 0, 0, 0, , 0, 0, 0, 0, 0, 
1054, 1, 989, 1091, -1, 217, 117, 208.0, 14, ABprpapapp, 0, 0, 0, 0, , 0, 0, 0, 0, 0, 
1055, 1, 990, 1092, -1, 178, 131, 207.0, 15, ABprpappaa, 0, 0, 0, 0, , 0, 0, 0, 0, 0, 
1056, 1, 991, 1093, -1, 196, 133, 193.0, 15, ABprpappap, 0, 0, 0, 0, , 0, 0, 0, 0, 0, 
1057, 1, 992, 1094, -1, 223, 135, 199.0, 15, ABprpapppa, 0, 0, 0, 0, , 0, 0, 0, 0, 0, 
1058, 1, 993, 1095, -1, 247, 134, 194.0, 14, ABprpapppp, 0, 0, 0, 0, , 0, 0, 0, 0, 0, 
1059, 1, 994, 1096, -1, 174, 83, 204.0, 14, ABprppaaaa, 0, 0, 0, 0, , 0, 0, 0, 0, 0, 
1060, 1, 995, 1097, -1, 189, 74, 196.0, 14, ABprppaaap, 0, 0, 0, 0, , 0, 0, 0, 0, 0, 
1061, 1, 996, 1098, -1, 204, 98, 207.0, 13, ABprppaapa, 0, 0, 0, 0, , 0, 0, 0, 0, 0, 
1062, 1, 997, 1099, -1, 222, 98, 208.0, 15, ABprppaapp, 0, 0, 0, 0, , 0, 0, 0, 0, 0, 
1063, 1, 998, 1100, -1, 201, 82, 205.0, 12, ABprppapaa, 0, 0, 0, 0, , 0, 0, 0, 0, 0, 
1064, 1, 999, 1101, -1, 219, 78, 205.0, 13, ABprppapap, 0, 0, 0, 0, , 0, 0, 0, 0, 0, 
1065, 1, 1000, 1102, -1, 237, 79, 198.0, 14, ABprppappa, 0, 0, 0, 0, , 0, 0, 0, 0, 0, 
1066, 1, 1001, 1103, -1, 254, 86, 199.0, 14, ABprppappp, 0, 0, 0, 0, , 0, 0, 0, 0, 0, 
1067, 1, 1002, 1104, -1, 242, 96, 207.0, 12, ABprpppaaa, 0, 0, 0, 0, , 0, 0, 0, 0, 0, 
1068, 1, 1003, 1105, -1, 266, 98, 203.0, 12, ABprpppaap, 0, 0, 0, 0, , 0, 0, 0, 0, 0, 
1069, 1, 1004, 1106, -1, 281, 108, 194.0, 12, ABprpppapa, 0, 0, 0, 0, , 0, 0, 0, 0, 0, 
1070, 1, 1005, 1107, -1, 287, 125, 189.0, 12, ABprpppapp, 0, 0, 0, 0, , 0, 0, 0, 0, 0, 
1071, 1, 1006, 1108, -1, 232, 111, 203.0, 15, ABprppppaa, 0, 0, 0, 0, , 0, 0, 0, 0, 0, 
1072, 1, 1007, 1109, -1, 249, 109, 195.0, 15, ABprppppap, 0, 0, 0, 0, , 0, 0, 0, 0, 0, 
1073, 1, 1008, 1110, -1, 260, 121, 190.0, 15, ABprpppppa, 0, 0, 0, 0, , 0, 0, 0, 0, 0, 
1074, 1, 1009, 1111, -1, 280, 132, 183.0, 13, ABprpppppp, 0, 0, 0, 0, , 0, 0, 0, 0, 0, 
1075, 1, 1010, 1112, -1, 68, 113, 131.0, 11, MSaaaaaa, 0, 0, 0, 0, , 0, 0, 0, 0, 0, 
1076, 1, 1011, 1113, -1, 85, 103, 114.4, 14, MSaaaaap, 0, 0, 0, 0, , 0, 0, 0, 0, 0, 
1077, 1, 1012, 1114, -1, 129, 83, 103.2, 13, MSaaaapp, 0, 0, 0, 0, , 0, 0, 0, 0, 0, 
1078, 1, 1013, 1115, -1, 107, 89, 109.0, 13, MSaaaapa, 0, 0, 0, 0, , 0, 0, 0, 0, 0, 
1079, 1, 1014, 1116, -1, 142, 97, 120.5, 15, MSaaapp, 0, 0, 0, 0, , 0, 0, 0, 0, 0, 
1080, 1, 1015, 1117, -1, 125, 100, 114.0, 14, MSaaapap, 0, 0, 0, 0, , 0, 0, 0, 0, 0, 
1081, 1, 1016, 1118, -1, 102, 114, 122.0, 15, MSaaapaa, 0, 0, 0, 0, , 0, 0, 0, 0, 0, 
1082, 1, 1017, 1119, -1, 155, 136, 147.0, 11, MSaapapa, 0, 0, 0, 0, , 0, 0, 0, 0, 0, 
1083, 1, 1018, 1120, -1, 183, 138, 161.0, 16, MSaapapp, 0, 0, 0, 0, , 0, 0, 0, 0, 0, 
1084, 1, 1019, 1121, -1, 137, 127, 152.0, 14, MSaapaaa, 0, 0, 0, 0, , 0, 0, 0, 0, 0, 
1085, 1, 1020, 1122, -1, 154, 114, 123.5, 12, MSaapaap, 0, 0, 0, 0, , 0, 0, 0, 0, 0, 
1086, 1, 1021, 1123, -1, 300, 112, 88.0, 17, Caaapa, 0, 0, 0, 0, , 0, 0, 0, 0, 0, 
1087, 1, 1023, 1268, -1, 243, 117, 167.0, 15, Cppaap, 0, 0, 0, 0, , 0, 0, 0, 0, 0, 
1088, 1, 1024, 1124, 1125, 269, 106, 171.0, 15, Cppap, 0, 0, 0, 0, , 0, 0, 0, 0, 0, 
1089, 1, 1025, 1126, -1, 240, 109, 131.0, 18, Z2, 0, 0, 0, 0, , 0, 0, 0, 0, 0, 
1090, 1, 1026, 1127, -1, 215, 128, 150.0, 16, Z3, 0, 0, 0, 0, , 0, 0, 0, 0, 0, 
1091, 1, 1027, 1128, -1, 94, 80, 76.0, 14, ABarpaaaap, 0, 0, 0, 0, , 0, 0, 0, 0, 0, 
1092, 1, 1028, 1129, -1, 88, 72, 96.0, 14, ABarpaaaaa, 0, 0, 0, 0, , 0, 0, 0, 0, 0, 
1093, 1, 1029, 1130, -1, 110, 75, 91.0, 14, ABarpaaapa, 0, 0, 0, 0, , 0, 0, 0, 0, 0, 
1094, 1, 1030, 1131, -1, 126, 67, 87.0, 15, ABarpaaapp, 0, 0, 0, 0, , 0, 0, 0, 0, 0, 
1095, 1, 1031, 1132, -1, 144, 66, 89.0, 15, ABarpaapaa, 0, 0, 0, 0, , 0, 0, 0, 0, 0, 
1096, 1, 1032, 1133, -1, 173, 59, 77.0, 15, ABarpaapap, 0, 0, 0, 0, , 0, 0, 0, 0, 0, 
1097, 1, 1033, 1134, -1, 193, 58, 86.0, 14, ABarpaappa, 0, 0, 0, 0, , 0, 0, 0, 0, 0, 
1098, 1, 1034, 1135, -1, 211, 70, 77.0, 15, ABarpaappp, 0, 0, 0, 0, , 0, 0, 0, 0, 0, 
1099, 1, 1035, 1136, -1, 100, 55, 96.0, 15, ABarpapaaa, 0, 0, 0, 0, , 0, 0, 0, 0, 0, 
1100, 1, 1036, 1137, -1, 119, 52, 101.0, 15, ABarpapaap, 0, 0, 0, 0, , 0, 0, 0, 0, 0, 
1101, 1, 1037, 1138, -1, 136, 56, 100.0, 15, ABarpapapa, 0, 0, 0, 0, , 0, 0, 0, 0, 0, 
1102, 1, 1038, 1139, -1, 156, 43, 98.0, 15, ABarpapapp, 0, 0, 0, 0, , 0, 0, 0, 0, 0, 
1103, 1, 1039, 1140, -1, 138, 32, 111.0, 14, ABarpappaa, 0, 0, 0, 0, , 0, 0, 0, 0, 0, 
1104, 1, 1040, 1141, -1, 154, 35, 123.0, 14, ABarpappap, 0, 0, 0, 0, , 0, 0, 0, 0, 0, 
1105, 1, 1041, 1142, -1, 222, 50, 94.0, 15, ABarpppapa, 0, 0, 0, 0, , 0, 0, 0, 0, 0, 
1106, 1, 1042, 1143, -1, 251, 51, 124.0, 15, ABarpppapp, 0, 0, 0, 0, , 0, 0, 0, 0, 0, 
1107, 1, 1043, 1144, -1, 226, 91, 70.0, 16, ABarppaapa, 0, 0, 0, 0, , 0, 0, 0, 0, 0, 
1108, 1, 1044, 1145, -1, 248, 122, 68.0, 16, ABarppaapp, 0, 0, 0, 0, , 0, 0, 0, 0, 0, 
1109, 1, 1045, 1146, -1, 187, 85, 58.0, 15, ABarppaaaa, 0, 0, 0, 0, , 0, 0, 0, 0, 0, 
1110, 1, 1046, 1147, -1, 211, 102, 68.0, 14, ABarppaaap, 0, 0, 0, 0, , 0, 0, 0, 0, 0, 
1111, 1, 1047, 1148, -1, 242, 141, 79.0, 18, ABarppapap, 0, 0, 0, 0, , 0, 0, 0, 0, 0, 
1112, 1, 1048, 1149, -1, 272, 127, 80.0, 17, ABarppappa, 0, 0, 0, 0, , 0, 0, 0, 0, 0, 
1113, 1, 1049, 1150, -1, 301, 140, 106.0, 17, ABarppappp, 0, 0, 0, 0, , 0, 0, 0, 0, 0, 
1114, 1, 1050, 1151, -1, 190, 35, 102.0, 16, ABarpppaaa, 0, 0, 0, 0, , 0, 0, 0, 0, 0, 
1115, 1, 1051, 1152, -1, 208, 38, 122.0, 16, ABarpppaap, 0, 0, 0, 0, , 0, 0, 0, 0, 0, 
1116, 1, 1052, 1153, -1, 167, 38, 131.0, 13, ABarpapppa, 0, 0, 0, 0, , 0, 0, 0, 0, 0, 
1117, 1, 1053, 1154, -1, 185, 39, 120.0, 14, ABarpapppp, 0, 0, 0, 0, , 0, 0, 0, 0, 0, 
1118, 1, 1054, 1155, -1, 225, 36, 133.0, 14, ABarppppaa, 0, 0, 0, 0, , 0, 0, 0, 0, 0, 
1119, 1, 1055, 1156, -1, 244, 44, 148.0, 15, ABarppppap, 0, 0, 0, 0, , 0, 0, 0, 0, 0, 
1120, 1, 1056, 1157, -1, 273, 56, 135.0, 14, ABarpppppa, 0, 0, 0, 0, , 0, 0, 0, 0, 0, 
1121, 1, 1057, 1158, -1, 311, 71, 147.0, 15, ABarpppppp, 0, 0, 0, 0, , 0, 0, 0, 0, 0, 
1122, 1, 1058, 1159, -1, 215, 130, 70.0, 17, ABarppapaa, 0, 0, 0, 0, , 0, 0, 0, 0, 0, 
1123, 1, 1059, 1160, -1, 94, 94, 65.0, 17, ABplaaaaaa, 0, 0, 0, 0, , 0, 0, 0, 0, 0, 
1124, 1, 1060, 1161, -1, 115, 91, 72.0, 17, ABplaaaaap, 0, 0, 0, 0, , 0, 0, 0, 0, 0, 
1125, 1, 1061, 1162, -1, 134, 84, 78.0, 15, ABplaaaapa, 0, 0, 0, 0, , 0, 0, 0, 0, 0, 
1126, 1, 1062, 1163, -1, 156, 84, 68.0, 16, ABplaaaapp, 0, 0, 0, 0, , 0, 0, 0, 0, 0, 
1127, 1, 1063, 1164, -1, 131, 96, 59.0, 17, ABplaaapaa, 0, 0, 0, 0, , 0, 0, 0, 0, 0, 
1128, 1, 1064, 1165, -1, 153, 105, 59.0, 17, ABplaaapap, 0, 0, 0, 0, , 0, 0, 0, 0, 0, 
1129, 1, 1065, 1166, -1, 173, 107, 57.0, 15, ABplaaappa, 0, 0, 0, 0, , 0, 0, 0, 0, 0, 
1130, 1, 1066, 1167, -1, 193, 111, 72.0, 16, ABplaaappp, 0, 0, 0, 0, , 0, 0, 0, 0, 0, 
1131, 1, 1067, 1168, -1, 97, 118, 59.0, 15, ABplaapaaa, 0, 0, 0, 0, , 0, 0, 0, 0, 0, 
1132, 1, 1068, 1169, -1, 122, 115, 61.0, 16, ABplaapaap, 0, 0, 0, 0, , 0, 0, 0, 0, 0, 
1133, 1, 1069, 1170, -1, 126, 137, 58.0, 17, ABplaapapa, 0, 0, 0, 0, , 0, 0, 0, 0, 0, 
1134, 1, 1070, 1171, -1, 143, 124, 62.0, 17, ABplaapapp, 0, 0, 0, 0, , 0, 0, 0, 0, 0, 
1135, 1, 1071, 1172, -1, 147, 155, 61.0, 17, ABplaappaa, 0, 0, 0, 0, , 0, 0, 0, 0, 0, 
1136, 1, 1072, 1173, -1, 172, 149, 66.0, 17, ABplaappap, 0, 0, 0, 0, , 0, 0, 0, 0, 0, 
1137, 1, 1073, 1174, -1, 187, 160, 85.0, 17, ABplaapppa, 0, 0, 0, 0, , 0, 0, 0, 0, 0, 
1138, 1, 1074, 1175, -1, 203, 170, 98.0, 17, ABplaapppp, 0, 0, 0, 0, , 0, 0, 0, 0, 0, 
1139, 1, 1075, 1176, -1, 176, 125, 65.0, 17, ABplapaaaa, 0, 0, 0, 0, , 0, 0, 0, 0, 0, 
1140, 1, 1076, 1177, -1, 197, 133, 73.0, 17, ABplapaaap, 0, 0, 0, 0, , 0, 0, 0, 0, 0, 
1141, 1, 1077, 1178, -1, 210, 144, 73.0, 17, ABplapaapa, 0, 0, 0, 0, , 0, 0, 0, 0, 0, 
1142, 1, 1078, 1179, -1, 225, 158, 79.0, 17, ABplapaapp, 0, 0, 0, 0, , 0, 0, 0, 0, 0, 
1143, 1, 1079, 1180, -1, 282, 145, 88.0, 14, ABplapapaa, 0, 0, 0, 0, , 0, 0, 0, 0, 0, 
1144, 1, 1080, 1181, -1, 293, 156, 107.0, 16, ABplapapap, 0, 0, 0, 0, , 0, 0, 0, 0, 0, 
1145, 1, 1081, 1182, -1, 293, 163, 119.0, 17, ABplapappa, 0, 0, 0, 0, , 0, 0, 0, 0, 0, 
1146, 1, 1082, 1183, -1, 307, 158, 142.0, 17, ABplapappp, 0, 0, 0, 0, , 0, 0, 0, 0, 0, 
1147, 1, 1083, 1184, -1, 223, 175, 105.0, 18, ABplappaaa, 0, 0, 0, 0, , 0, 0, 0, 0, 0, 
1148, 1, 1084, 1185, -1, 248, 166, 105.0, 15, ABplappaap, 0, 0, 0, 0, , 0, 0, 0, 0, 0, 
1149, 1, 1085, 1186, -1, 254, 159, 94.0, 15, ABplappapa, 0, 0, 0, 0, , 0, 0, 0, 0, 0, 
1150, 1, 1086, 1187, -1, 271, 159, 105.0, 14, ABplappapp, 0, 0, 0, 0, , 0, 0, 0, 0, 0, 
1151, 1, 1087, 1188, -1, 257, 163, 124.0, 17, ABplapppaa, 0, 0, 0, 0, , 0, 0, 0, 0, 0, 
1152, 1, 1088, 1189, -1, 270, 161, 135.0, 15, ABplapppap, 0, 0, 0, 0, , 0, 0, 0, 0, 0, 
1153, 1, 1089, 1190, -1, 288, 165, 143.0, 16, ABplappppa, 0, 0, 0, 0, , 0, 0, 0, 0, 0, 
1154, 1, 1090, 1191, -1, 297, 153, 160.0, 15, ABplappppp, 0, 0, 0, 0, , 0, 0, 0, 0, 0, 
1155, 1, 1091, 1192, -1, 198, 142, 167.0, 16, MSaappa, 0, 0, 0, 0, , 0, 0, 0, 0, 0, 
1156, 1, 1092, 1193, -1, 209, 152, 152.0, 16, MSaappp, 0, 0, 0, 0, , 0, 0, 0, 0, 0, 
1157, 1, 1093, 1194, -1, 78, 139, 126.0, 14, MSapaaaa, 0, 0, 0, 0, , 0, 0, 0, 0, 0, 
1158, 1, 1094, 1195, -1, 107, 139, 126.0, 15, MSapaaap, 0, 0, 0, 0, , 0, 0, 0, 0, 0, 
1159, 1, 1095, 1196, -1, 131, 148, 120.0, 16, MSapaap, 0, 0, 0, 0, , 0, 0, 0, 0, 0, 
1160, 1, 1096, 1197, -1, 111, 144, 104.0, 16, MSapapaa, 0, 0, 0, 0, , 0, 0, 0, 0, 0, 
1161, 1, 1097, 1198, -1, 135, 137, 103.0, 16, MSapapap, 0, 0, 0, 0, , 0, 0, 0, 0, 0, 
1162, 1, 1098, 1199, -1, 139, 122, 98.0, 16, MSapappa, 0, 0, 0, 0, , 0, 0, 0, 0, 0, 
1163, 1, 1099, 1200, -1, 165, 116, 85.0, 14, MSapappp, 0, 0, 0, 0, , 0, 0, 0, 0, 0, 
1164, 1, 1100, 1201, -1, 155, 139, 125.0, 16, MSappaa, 0, 0, 0, 0, , 0, 0, 0, 0, 0, 
1165, 1, 1101, 1202, -1, 177, 149, 129.0, 15, MSappap, 0, 0, 0, 0, , 0, 0, 0, 0, 0, 
1166, 1, 1102, 1203, -1, 162, 143, 101.0, 14, MSapppa, 0, 0, 0, 0, , 0, 0, 0, 0, 0, 
1167, 1, 1103, 1204, -1, 195, 133, 90.0, 14, MSapppp, 0, 0, 0, 0, , 0, 0, 0, 0, 0, 
1168, 1, 1104, 1205, -1, 79, 92, 145.0, 15, MSpaaaaa, 0, 0, 0, 0, , 0, 0, 0, 0, 0, 
1169, 1, 1105, 1206, -1, 107, 85, 134.0, 15, MSpaaaap, 0, 0, 0, 0, , 0, 0, 0, 0, 0, 
1170, 1, 1106, 1207, -1, 121, 73, 132.0, 13, MSpaaapa, 0, 0, 0, 0, , 0, 0, 0, 0, 0, 
1171, 1, 1107, 1208, -1, 143, 75, 120.0, 15, MSpaaapp, 0, 0, 0, 0, , 0, 0, 0, 0, 0, 
1172, 1, 1108, 1209, -1, 119, 85, 153.0, 15, MSpaapaa, 0, 0, 0, 0, , 0, 0, 0, 0, 0, 
1173, 1, 1109, 1210, -1, 141, 80, 147.0, 15, MSpaapap, 0, 0, 0, 0, , 0, 0, 0, 0, 0, 
1174, 1, 1110, 1211, -1, 172, 83, 120.0, 15, MSpaapp, 0, 0, 0, 0, , 0, 0, 0, 0, 0, 
1175, 1, 1111, 1212, -1, 151, 115, 166.0, 14, MSpapaaa, 0, 0, 0, 0, , 0, 0, 0, 0, 0, 
1176, 1, 1112, 1213, -1, 175, 112, 152.0, 14, MSpapaap, 0, 0, 0, 0, , 0, 0, 0, 0, 0, 
1177, 1, 1113, 1214, -1, 172, 113, 176.0, 16, MSpapapa, 0, 0, 0, 0, , 0, 0, 0, 0, 0, 
1178, 1, 1114, 1215, -1, 192, 122, 164.0, 16, MSpapapp, 0, 0, 0, 0, , 0, 0, 0, 0, 0, 
1179, 1, 1115, 1216, -1, 214, 135, 173.0, 14, MSpappa, 0, 0, 0, 0, , 0, 0, 0, 0, 0, 
1180, 1, 1116, 1217, -1, 215, 112, 182.0, 16, MSpappp, 0, 0, 0, 0, , 0, 0, 0, 0, 0, 
1181, 1, 1117, 1218, -1, 144, 86, 179.0, 14, MSppaap, 0, 0, 0, 0, , 0, 0, 0, 0, 0, 
1182, 1, 1118, 1219, -1, 92, 87, 179.0, 12, MSppaaaa, 0, 0, 0, 0, , 0, 0, 0, 0, 0, 
1183, 1, 1119, 1220, -1, 121, 88, 174.0, 13, MSppaaap, 0, 0, 0, 0, , 0, 0, 0, 0, 0, 
1184, 1, 1120, 1221, -1, 121, 72, 165.0, 14, MSppapaa, 0, 0, 0, 0, , 0, 0, 0, 0, 0, 
1185, 1, 1121, 1222, -1, 148, 73, 166.0, 14, MSppapap, 0, 0, 0, 0, , 0, 0, 0, 0, 0, 
1186, 1, 1122, 1223, -1, 135, 57, 139.0, 15, MSppappa, 0, 0, 0, 0, , 0, 0, 0, 0, 0, 
1187, 1, 1123, 1224, -1, 166, 94, 177.0, 14, MSpppaa, 0, 0, 0, 0, , 0, 0, 0, 0, 0, 
1188, 1, 1124, 1225, -1, 186, 85, 185.0, 16, MSpppap, 0, 0, 0, 0, , 0, 0, 0, 0, 0, 
1189, 1, 1125, 1226, -1, 171, 70, 171.0, 14, MSppppa, 0, 0, 0, 0, , 0, 0, 0, 0, 0, 
1190, 1, 1126, 1227, -1, 183, 65, 152.0, 13, MSppppp, 0, 0, 0, 0, , 0, 0, 0, 0, 0, 
1191, 1, 1127, 1228, -1, 154, 99, 98.0, 17, Ealaa, 0, 0, 0, 0, , 0, 0, 0, 0, 0, 
1192, 1, 1128, 1229, -1, 192, 99, 106.0, 16, Ealap, 0, 0, 0, 0, , 0, 0, 0, 0, 0, 
1193, 1, 1129, 1230, -1, 103, 69, 156.0, 17, ABpraaapaa, 0, 0, 0, 0, , 0, 0, 0, 0, 0, 
1194, 1, 1130, 1231, -1, 116, 53, 146.0, 14, ABpraaapap, 0, 0, 0, 0, , 0, 0, 0, 0, 0, 
1195, 1, 1131, 1232, -1, 175, 120, 123.0, 15, Ealpa, 0, 0, 0, 0, , 0, 0, 0, 0, 0, 
1196, 1, 1132, 1233, -1, 207, 115, 117.0, 15, Ealpp, 0, 0, 0, 0, , 0, 0, 0, 0, 0, 
1197, 1, 1133, 1234, -1, 159, 78, 108.0, 15, Earaa, 0, 0, 0, 0, , 0, 0, 0, 0, 0, 
1198, 1, 1134, 1235, -1, 189, 78, 126.0, 15, Earap, 0, 0, 0, 0, , 0, 0, 0, 0, 0, 
1199, 1, 1135, 1236, -1, 180, 93, 142.0, 15, Earpa, 0, 0, 0, 0, , 0, 0, 0, 0, 0, 
1200, 1, 1136, 1237, -1, 220, 96, 127.0, 15, Earpp, 0, 0, 0, 0, , 0, 0, 0, 0, 0, 
1201, 1, 1137, 1238, -1, 216, 102, 98.0, 14, Eplaa, 0, 0, 0, 0, , 0, 0, 0, 0, 0, 
1202, 1, 1138, 1239, -1, 253, 114, 106.0, 15, Eplap, 0, 0, 0, 0, , 0, 0, 0, 0, 0, 
1203, 1, 1139, 1240, -1, 272, 105, 114.0, 17, Eplpa, 0, 0, 0, 0, , 0, 0, 0, 0, 0, 
1204, 1, 1140, 1241, -1, 283, 117, 144.0, 15, Eplpp, 0, 0, 0, 0, , 0, 0, 0, 0, 0, 
1205, 1, 1141, 1242, -1, 207, 69, 119.0, 15, Epraa, 0, 0, 0, 0, , 0, 0, 0, 0, 0, 
1206, 1, 1142, 1243, -1, 242, 86, 104.0, 16, Eprap, 0, 0, 0, 0, , 0, 0, 0, 0, 0, 
1207, 1, 1143, 1244, -1, 278, 95, 144.0, 17, Eprpp, 0, 0, 0, 0, , 0, 0, 0, 0, 0, 
1208, 1, 1144, 1245, -1, 255, 97, 72.0, 15, Caaaaa, 0, 0, 0, 0, , 0, 0, 0, 0, 0, 
1209, 1, 1145, 1246, -1, 280, 98, 84.0, 16, Caaaap, 0, 0, 0, 0, , 0, 0, 0, 0, 0, 
1210, 1, 1146, 1247, -1, 317, 123, 117.0, 17, Caaapp, 0, 0, 0, 0, , 0, 0, 0, 0, 0, 
1211, 1, 1147, 1248, -1, 314, 132, 161.0, 15, Caapa, 0, 0, 0, 0, , 0, 0, 0, 0, 0, 
1212, 1, 1148, 1249, -1, 328, 139, 140.0, 16, Caappd, 0, 0, 0, 0, , 0, 0, 0, 0, 0, 
1213, 1, 1149, 1250, -1, 303, 143, 173.0, 15, Caappv, 0, 0, 0, 0, , 0, 0, 0, 0, 0, 
1214, 1, 1150, 1251, -1, 226, 145, 130.0, 17, Capaaa, 0, 0, 0, 0, , 0, 0, 0, 0, 0, 
1215, 1, 1151, 1252, -1, 252, 138, 164.0, 15, Capaap, 0, 0, 0, 0, , 0, 0, 0, 0, 0, 
1216, 1, 1152, 1253, -1, 247, 138, 133.0, 17, Capapa, 0, 0, 0, 0, , 0, 0, 0, 0, 0, 
1217, 1, 1153, 1254, -1, 274, 138, 153.0, 16, Capapp, 0, 0, 0, 0, , 0, 0, 0, 0, 0, 
1218, 1, 1154, 1255, -1, 256, 136, 111.0, 17, Cappaa, 0, 0, 0, 0, , 0, 0, 0, 0, 0, 
1219, 1, 1155, 1256, -1, 272, 136, 125.0, 14, Cappap, 0, 0, 0, 0, , 0, 0, 0, 0, 0, 
1220, 1, 1156, 1257, -1, 290, 137, 166.0, 16, Capppp, 0, 0, 0, 0, , 0, 0, 0, 0, 0, 
1221, 1, 1157, 1258, -1, 293, 142, 127.0, 17, Capppa, 0, 0, 0, 0, , 0, 0, 0, 0, 0, 
1222, 1, 1158, 1259, -1, 243, 62, 89.0, 17, Cpaaaa, 0, 0, 0, 0, , 0, 0, 0, 0, 0, 
1223, 1, 1159, 1260, -1, 270, 62, 107.0, 19, Cpaaap, 0, 0, 0, 0, , 0, 0, 0, 0, 0, 
1224, 1, 1160, 1261, -1, 295, 73, 111.0, 17, Cpaapa, 0, 0, 0, 0, , 0, 0, 0, 0, 0, 
1225, 1, 1161, 1262, -1, 317, 90, 126.0, 17, Cpaapp, 0, 0, 0, 0, , 0, 0, 0, 0, 0, 
1226, 1, 1162, 1263, -1, 325, 122, 138.0, 15, Cpapaa, 0, 0, 0, 0, , 0, 0, 0, 0, 0, 
1227, 1, 1163, 1264, -1, 326, 96, 147.0, 15, Cpapap, 0, 0, 0, 0, , 0, 0, 0, 0, 0, 
1228, 1, 1164, 1265, -1, 324, 108, 163.0, 15, Cpappd, 0, 0, 0, 0, , 0, 0, 0, 0, 0, 
1229, 1, 1165, 1266, -1, 311, 130, 175.5, 15, Cpappv, 0, 0, 0, 0, , 0, 0, 0, 0, 0, 
1230, 1, 1022, 1267, -1, 231, 88, 170.0, 15, Cppaaa, 0, 0, 0, 0, , 0, 0, 0, 0, 0, 
1231, 1, 1166, 1269, -1, 254, 76, 154.0, 15, Cpppaa, 0, 0, 0, 0, , 0, 0, 0, 0, 0, 
1232, 1, 1167, 1270, -1, 284, 85, 154.0, 14, Cpppap, 0, 0, 0, 0, , 0, 0, 0, 0, 0, 
1233, 1, 1168, 1271, -1, 294, 92, 168.0, 15, Cppppa, 0, 0, 0, 0, , 0, 0, 0, 0, 0, 
1234, 1, 1169, 1272, -1, 291, 120, 166.0, 14, Cppppp, 0, 0, 0, 0, , 0, 0, 0, 0, 0, 
1235, 1, 1170, 1273, -1, 182, 146, 114.0, 16, Daaa, 0, 0, 0, 0, , 0, 0, 0, 0, 0, 
1236, 1, 1171, 1274, -1, 204, 151, 130.0, 14, Daap, 0, 0, 0, 0, , 0, 0, 0, 0, 0, 
1237, 1, 1172, 1275, -1, 212, 147, 113.0, 16, Dapa, 0, 0, 0, 0, , 0, 0, 0, 0, 0, 
1238, 1, 1173, 1276, -1, 233, 131, 110.0, 16, Dapp, 0, 0, 0, 0, , 0, 0, 0, 0, 0, 
1239, 1, 1174, 1277, -1, 192, 74, 167.0, 16, Dpaa, 0, 0, 0, 0, , 0, 0, 0, 0, 0, 
1240, 1, 1175, 1278, -1, 209, 90, 177.0, 16, Dpap, 0, 0, 0, 0, , 0, 0, 0, 0, 0, 
1241, 1, 1176, 1279, -1, 217, 72, 166.0, 16, Dppa, 0, 0, 0, 0, , 0, 0, 0, 0, 0, 
1242, 1, 1177, 1280, -1, 232, 74, 148.0, 16, Dppp, 0, 0, 0, 0, , 0, 0, 0, 0, 0, 
1243, 1, 1178, 1281, -1, 124, 37, 131.0, 14, ABpraapaap, 0, 0, 0, 0, , 0, 0, 0, 0, 0, 
1244, 0, 1179, -1, -1, 104, 166, 108.0, 15, , 0, 0, 0, 0, , 0, 0, 0, 0, 0, 
1245, 1, 1180, 1283, -1, 165, 65, 140.0, 13, MSppappp, 0, 0, 0, 0, , 0, 0, 0, 0, 0, 
1246, 1, 1181, 1284, -1, 105, 158, 84.0, 14, ABalpppapa, 0, 0, 0, 0, , 0, 0, 0, 0, 0, 
1247, 1, 1182, 1285, -1, 118, 155, 70.0, 16, ABalpppapp, 0, 0, 0, 0, , 0, 0, 0, 0, 0, 
1248, 1, 1183, 1286, -1, 303, 96, 191.0, 15, ABprappppa, 0, 0, 0, 0, , 0, 0, 0, 0, 0, 
1249, 1, 1184, 1287, -1, 304, 114, 184.0, 17, ABprappppp, 0, 0, 0, 0, , 0, 0, 0, 0, 0, 
1250, 1, 1185, 1288, -1, 104, 168, 104.0, 15, ABalppaapp, 0, 0, 0, 0, , 0, 0, 0, 0, 0, 
