1, 0, 1, -1, -1, 230, 41, 179.0, 11, , 203, 0, 0, 0, , 0, 0, 0, 0, 0, 
2, 0, 2, -1, -1, 87, 115, 195.0, 9, , 58, 0, 0, 0, , 0, 0, 0, 0, 0, 
3, 0, 3, -1, -1, 114, 98, 203.0, 9, , 64, 0, 0, 0, , 0, 0, 0, 0, 0, 
4, 0, 4, -1, -1, 80, 101, 188.0, 11, , 56, 0, 0, 0, , 0, 0, 0, 0, 0, 
5, 0, 5, -1, -1, 144, 95, 209.0, 10, , 49, 0, 0, 0, , 0, 0, 0, 0, 0, 
6, 0, 6, -1, -1, 171, 113, 199.0, 9, , 48, 0, 0, 0, , 0, 0, 0, 0, 0, 
7, 0, 7, -1, -1, 177, 116, 200.0, 11, , 100, 0, 0, 0, , 0, 0, 0, 0, 0, 
8, 0, 8, -1, -1, 227, 72, 202.0, 13, , 65, 0, 0, 0, , 0, 0, 0, 0, 0, 
9, 0, 9, -1, -1, 258, 54, 182.0, 11, , 107, 0, 0, 0, , 0, 0, 0, 0, 0, 
10, 0, 10, -1, -1, 275, 93, 203.0, 9, , 31, 0, 0, 0, , 0, 0, 0, 0, 0, 
11, 0, 11, -1, -1, 245, 93, 208.0, 9, , 66, 0, 0, 0, , 0, 0, 0, 0, 0, 
12, 0, 13, -1, -1, 110, 63, 156.0, 11, , 52, 0, 0, 0, , 0, 0, 0, 0, 0, 
13, 0, 14, -1, -1, 150, 163, 174.0, 9, , 54, 0, 0, 0, , 0, 0, 0, 0, 0, 
14, 0, 15, -1, -1, 278, 92, 199.0, 9, , 61, 0, 0, 0, , 0, 0, 0, 0, 0, 
15, 0, 16, -1, -1, 201, 80, 202.0, 13, , 117, 0, 0, 0, , 0, 0, 0, 0, 0, 
16, 0, 17, -1, -1, 164, 104, 147.0, 9, , 68, 0, 0, 0, , 0, 0, 0, 0, 0, 
17, 0, 18, -1, -1, 187, 35, 138.0, 15, , 45, 0, 0, 0, , 0, 0, 0, 0, 0, 
18, 0, 19, -1, -1, 170, 59, 203.0, 13, , 176, 0, 0, 0, , 0, 0, 0, 0, 0, 
19, 0, 20, -1, -1, 165, 57, 191.0, 9, , 44, 0, 0, 0, , 0, 0, 0, 0, 0, 
20, 0, 21, -1, -1, 129, 99, 196.0, 10, , 32, 0, 0, 0, , 0, 0, 0, 0, 0, 
21, 0, 22, -1, -1, 187, 35, 129.0, 13, , 194, 0, 0, 0, , 0, 0, 0, 0, 0, 
22, 0, 23, -1, -1, 173, 58, 194.0, 11, , 99, 0, 0, 0, , 0, 0, 0, 0, 0, 
23, 0, 24, -1, -1, 226, 107, 211.0, 11, , 144, 0, 0, 0, , 0, 0, 0, 0, 0, 
24, 0, 25, -1, -1, 206, 166, 153.0, 11, , 74, 0, 0, 0, , 0, 0, 0, 0, 0, 
25, 0, 26, -1, -1, 211, 100, 209.0, 13, , 166, 0, 0, 0, , 0, 0, 0, 0, 0, 
26, 0, 27, -1, -1, 227, 86, 203.0, 13, , 365, 0, 0, 0, , 0, 0, 0, 0, 0, 
27, 0, 28, -1, -1, 228, 42, 173.0, 11, , 198, 0, 0, 0, , 0, 0, 0, 0, 0, 
28, 0, 29, -1, -1, 141, 70, 208.0, 13, , 311, 0, 0, 0, , 0, 0, 0, 0, 0, 
29, 0, 30, -1, -1, 130, 131, 189.0, 10, , 95, 0, 0, 0, , 0, 0, 0, 0, 0, 
30, 0, 31, -1, -1, 133, 147, 200.0, 11, , 152, 0, 0, 0, , 0, 0, 0, 0, 0, 
31, 0, 32, -1, -1, 302, 93, 196.0, 9, , 51, 0, 0, 0, , 0, 0, 0, 0, 0, 
32, 0, 33, -1, -1, 303, 93, 192.0, 11, , 105, 0, 0, 0, , 0, 0, 0, 0, 0, 
33, 0, 34, -1, -1, 141, 51, 191.0, 10, , 38, 0, 0, 0, , 0, 0, 0, 0, 0, 
34, 0, 35, -1, -1, 94, 94, 195.0, 9, , 37, 0, 0, 0, , 0, 0, 0, 0, 0, 
35, 0, 36, -1, -1, 99, 96, 197.0, 11, , 74, 0, 0, 0, , 0, 0, 0, 0, 0, 
36, 0, 37, -1, -1, 126, 158, 107.0, 10, , 64, 0, 0, 0, , 0, 0, 0, 0, 0, 
37, 0, 38, -1, -1, 72, 79, 160.0, 11, , 43, 0, 0, 0, , 0, 0, 0, 0, 0, 
38, 0, 39, -1, -1, 97, 60, 177.0, 13, , 213, 0, 0, 0, , 0, 0, 0, 0, 0, 
39, 0, 41, -1, -1, 150, 111, 180.0, 13, , 198, 0, 0, 0, , 0, 0, 0, 0, 0, 
40, 0, 42, -1, -1, 141, 123, 174.0, 9, , 64, 0, 0, 0, , 0, 0, 0, 0, 0, 
41, 0, 43, -1, -1, 187, 39, 145.0, 10, , 70, 0, 0, 0, , 0, 0, 0, 0, 0, 
42, 0, 44, -1, -1, 192, 32, 145.0, 9, , 23, 0, 0, 0, , 0, 0, 0, 0, 0, 
43, 0, 45, -1, -1, 294, 168, 147.0, 11, , 82, 0, 0, 0, , 0, 0, 0, 0, 0, 
44, 0, 46, -1, -1, 194, 110, 198.0, 10, , 47, 0, 0, 0, , 0, 0, 0, 0, 0, 
45, 0, 47, -1, -1, 129, 110, 63.0, 11, , 60, 0, 0, 0, , 0, 0, 0, 0, 0, 
46, 0, 48, -1, -1, 55, 111, 87.0, 9, , 56, 0, 0, 0, , 0, 0, 0, 0, 0, 
47, 0, 49, -1, -1, 98, 60, 173.0, 9, , 85, 0, 0, 0, , 0, 0, 0, 0, 0, 
48, 0, 50, -1, -1, 261, 118, 184.0, 11, , 57, 0, 0, 0, , 0, 0, 0, 0, 0, 
49, 0, 51, -1, -1, 138, 128, 125.0, 9, , 54, 0, 0, 0, , 0, 0, 0, 0, 0, 
50, 0, 53, -1, -1, 136, 171, 104.0, 9, , 48, 0, 0, 0, , 0, 0, 0, 0, 0, 
51, 0, 54, -1, -1, 128, 155, 114.0, 13, , 222, 0, 0, 0, , 0, 0, 0, 0, 0, 
52, 0, 55, -1, -1, 78, 102, 121.0, 9, , 27, 0, 0, 0, , 0, 0, 0, 0, 0, 
53, 0, 56, -1, -1, 118, 57, 186.0, 13, , 137, 0, 0, 0, , 0, 0, 0, 0, 0, 
54, 0, 58, -1, -1, 143, 94, 207.0, 11, , 111, 0, 0, 0, , 0, 0, 0, 0, 0, 
55, 0, 59, -1, -1, 130, 165, 128.0, 9, , 35, 0, 0, 0, , 0, 0, 0, 0, 0, 
56, 0, 60, -1, -1, 224, 177, 144.0, 10, , 34, 0, 0, 0, , 0, 0, 0, 0, 0, 
57, 0, 61, -1, -1, 105, 46, 105.0, 11, , 58, 0, 0, 0, , 0, 0, 0, 0, 0, 
58, 0, 63, -1, -1, 201, 108, 204.0, 9, , 45, 0, 0, 0, , 0, 0, 0, 0, 0, 
59, 0, 64, -1, -1, 119, 57, 182.0, 10, , 88, 0, 0, 0, , 0, 0, 0, 0, 0, 
60, 0, 65, -1, -1, 95, 103, 64.0, 9, , 44, 0, 0, 0, , 0, 0, 0, 0, 0, 
61, 0, 66, -1, -1, 105, 169, 100.0, 9, , 12, 0, 0, 0, , 0, 0, 0, 0, 0, 
62, 0, 67, -1, -1, 295, 168, 152.0, 11, , 62, 0, 0, 0, , 0, 0, 0, 0, 0, 
63, 0, 68, -1, -1, 269, 173, 161.0, 11, , 69, 0, 0, 0, , 0, 0, 0, 0, 0, 
64, 0, 69, -1, -1, 143, 140, 160.0, 11, , 103, 0, 0, 0, , 0, 0, 0, 0, 0, 
65, 0, 70, -1, -1, 196, 36, 156.0, 9, , 42, 0, 0, 0, , 0, 0, 0, 0, 0, 
66, 0, 71, -1, -1, 136, 177, 162.0, 9, , 13, 0, 0, 0, , 0, 0, 0, 0, 0, 
67, 0, 72, -1, -1, 98, 123, 187.0, 13, , 421, 0, 0, 0, , 0, 0, 0, 0, 0, 
68, 0, 73, -1, -1, 283, 87, 189.0, 9, , 46, 0, 0, 0, , 0, 0, 0, 0, 0, 
69, 0, 74, -1, -1, 179, 114, 196.0, 10, , 52, 0, 0, 0, , 0, 0, 0, 0, 0, 
70, 0, 75, -1, -1, 109, 117, 65.0, 7, , 25, 0, 0, 0, , 0, 0, 0, 0, 0, 
71, 0, 76, -1, -1, 117, 129, 195.0, 9, , 103, 0, 0, 0, , 0, 0, 0, 0, 0, 
72, 0, 77, -1, -1, 97, 95, 201.0, 11, , 41, 0, 0, 0, , 0, 0, 0, 0, 0, 
73, 0, 78, -1, -1, 231, 159, 107.0, 11, , 61, 0, 0, 0, , 0, 0, 0, 0, 0, 
74, 0, 79, -1, -1, 294, 168, 149.0, 11, , 84, 0, 0, 0, , 0, 0, 0, 0, 0, 
75, 0, 80, -1, -1, 117, 102, 147.0, 11, , 57, 0, 0, 0, , 0, 0, 0, 0, 0, 
76, 0, 81, -1, -1, 107, 60, 158.0, 9, , 36, 0, 0, 0, , 0, 0, 0, 0, 0, 
77, 0, 82, -1, -1, 166, 101, 205.0, 9, , 40, 0, 0, 0, , 0, 0, 0, 0, 0, 
78, 0, 83, -1, -1, 125, 65, 156.0, 11, , 95, 0, 0, 0, , 0, 0, 0, 0, 0, 
79, 0, 84, -1, -1, 140, 114, 211.0, 9, , 127, 0, 0, 0, , 0, 0, 0, 0, 0, 
80, 0, 85, -1, -1, 88, 109, 162.0, 11, , 44, 0, 0, 0, , 0, 0, 0, 0, 0, 
81, 0, 86, -1, -1, 224, 107, 208.0, 9, , 83, 0, 0, 0, , 0, 0, 0, 0, 0, 
82, 0, 87, -1, -1, 114, 159, 181.0, 11, , 28, 0, 0, 0, , 0, 0, 0, 0, 0, 
83, 0, 88, -1, -1, 106, 86, 65.0, 11, , 122, 0, 0, 0, , 0, 0, 0, 0, 0, 
84, 0, 89, -1, -1, 292, 168, 133.0, 10, , 25, 0, 0, 0, , 0, 0, 0, 0, 0, 
85, 0, 91, -1, -1, 114, 174, 158.0, 9, , 30, 0, 0, 0, , 0, 0, 0, 0, 0, 
86, 0, 92, -1, -1, 208, 157, 173.0, 11, , 26, 0, 0, 0, , 0, 0, 0, 0, 0, 
87, 0, 93, -1, -1, 132, 71, 191.0, 9, , 51, 0, 0, 0, , 0, 0, 0, 0, 0, 
88, 0, 94, -1, -1, 86, 116, 182.0, 11, , 12, 0, 0, 0, , 0, 0, 0, 0, 0, 
89, 0, 95, -1, -1, 186, 72, 198.0, 9, , 40, 0, 0, 0, , 0, 0, 0, 0, 0, 
90, 0, 96, -1, -1, 290, 165, 131.0, 9, , 56, 0, 0, 0, , 0, 0, 0, 0, 0, 
91, 0, 98, -1, -1, 235, 145, 185.0, 9, , 19, 0, 0, 0, , 0, 0, 0, 0, 0, 
92, 0, 99, -1, -1, 253, 94, 208.0, 9, , 89, 0, 0, 0, , 0, 0, 0, 0, 0, 
93, 0, 100, -1, -1, 160, 169, 117.0, 9, , 62, 0, 0, 0, , 0, 0, 0, 0, 0, 
94, 0, 101, -1, -1, 149, 53, 191.0, 11, , 97, 0, 0, 0, , 0, 0, 0, 0, 0, 
95, 0, 104, -1, -1, 158, 169, 155.0, 10, , 5, 0, 0, 0, , 0, 0, 0, 0, 0, 
96, 0, 105, -1, -1, 170, 62, 205.0, 10, , 30, 0, 0, 0, , 0, 0, 0, 0, 0, 
97, 0, 106, -1, -1, 135, 176, 156.0, 11, , 12, 0, 0, 0, , 0, 0, 0, 0, 0, 
98, 0, 107, -1, -1, 300, 64, 157.0, 11, , 97, 0, 0, 0, , 0, 0, 0, 0, 0, 
99, 0, 108, -1, -1, 106, 138, 182.0, 10, , 16, 0, 0, 0, , 0, 0, 0, 0, 0, 
100, 0, 109, -1, -1, 274, 60, 184.0, 9, , 31, 0, 0, 0, , 0, 0, 0, 0, 0, 
101, 0, 110, -1, -1, 129, 98, 205.0, 11, , 102, 0, 0, 0, , 0, 0, 0, 0, 0, 
102, 0, 111, -1, -1, 173, 86, 210.0, 13, , 215, 0, 0, 0, , 0, 0, 0, 0, 0, 
103, 0, 113, -1, -1, 95, 94, 146.0, 11, , 85, 0, 0, 0, , 0, 0, 0, 0, 0, 
104, 0, 114, -1, -1, 286, 146, 187.0, 9, , 35, 0, 0, 0, , 0, 0, 0, 0, 0, 
105, 0, 115, -1, -1, 196, 34, 162.0, 9, , 70, 0, 0, 0, , 0, 0, 0, 0, 0, 
106, 0, 116, -1, -1, 223, 85, 205.0, 9, , 20, 0, 0, 0, , 0, 0, 0, 0, 0, 
107, 0, 117, -1, -1, 63, 126, 139.0, 9, , 29, 0, 0, 0, , 0, 0, 0, 0, 0, 
108, 0, 118, -1, -1, 130, 142, 158.0, 11, , 58, 0, 0, 0, , 0, 0, 0, 0, 0, 
109, 0, 119, -1, -1, 303, 153, 167.0, 11, , 65, 0, 0, 0, , 0, 0, 0, 0, 0, 
110, 0, 120, -1, -1, 198, 132, 196.0, 9, , 22, 0, 0, 0, , 0, 0, 0, 0, 0, 
111, 0, 121, -1, -1, 150, 162, 177.0, 9, , 75, 0, 0, 0, , 0, 0, 0, 0, 0, 
112, 0, 122, -1, -1, 171, 50, 170.0, 9, , 34, 0, 0, 0, , 0, 0, 0, 0, 0, 
113, 0, 124, -1, -1, 87, 146, 123.0, 11, , 33, 0, 0, 0, , 0, 0, 0, 0, 0, 
114, 0, 125, -1, -1, 138, 152, 146.0, 9, , 61, 0, 0, 0, , 0, 0, 0, 0, 0, 
115, 0, 126, -1, -1, 105, 77, 172.0, 9, , 38, 0, 0, 0, , 0, 0, 0, 0, 0, 
116, 0, 128, -1, -1, 143, 78, 85.0, 11, , 25, 0, 0, 0, , 0, 0, 0, 0, 0, 
117, 0, 129, -1, -1, 131, 172, 104.0, 11, , 113, 0, 0, 0, , 0, 0, 0, 0, 0, 
118, 0, 130, -1, -1, 310, 151, 144.0, 11, , 51, 0, 0, 0, , 0, 0, 0, 0, 0, 
119, 0, 131, -1, -1, 135, 168, 156.0, 9, , 56, 0, 0, 0, , 0, 0, 0, 0, 0, 
120, 0, 132, -1, -1, 108, 57, 166.0, 9, , 57, 0, 0, 0, , 0, 0, 0, 0, 0, 
121, 0, 134, -1, -1, 133, 147, 200.0, 13, , 332, 0, 0, 0, , 0, 0, 0, 0, 0, 
122, 0, 135, -1, -1, 112, 70, 190.0, 11, , 39, 0, 0, 0, , 0, 0, 0, 0, 0, 
123, 0, 136, -1, -1, 181, 110, 70.0, 13, , 153, 0, 0, 0, , 0, 0, 0, 0, 0, 
124, 0, 137, -1, -1, 66, 82, 146.0, 10, , 4, 0, 0, 0, , 0, 0, 0, 0, 0, 
125, 0, 138, -1, -1, 263, 172, 171.0, 9, , 56, 0, 0, 0, , 0, 0, 0, 0, 0, 
126, 0, 139, -1, -1, 127, 53, 143.0, 9, , 65, 0, 0, 0, , 0, 0, 0, 0, 0, 
127, 0, 140, -1, -1, 85, 105, 154.0, 9, , 18, 0, 0, 0, , 0, 0, 0, 0, 0, 
128, 0, 141, -1, -1, 188, 135, 76.0, 11, , 90, 0, 0, 0, , 0, 0, 0, 0, 0, 
129, 0, 142, -1, -1, 102, 133, 78.0, 11, , 101, 0, 0, 0, , 0, 0, 0, 0, 0, 
130, 0, 143, -1, -1, 286, 163, 109.0, 7, , 28, 0, 0, 0, , 0, 0, 0, 0, 0, 
131, 0, 144, -1, -1, 177, 178, 151.0, 9, , 13, 0, 0, 0, , 0, 0, 0, 0, 0, 
132, 0, 145, -1, -1, 93, 61, 178.0, 9, , 44, 0, 0, 0, , 0, 0, 0, 0, 0, 
133, 0, 146, -1, -1, 105, 143, 185.0, 13, , 122, 0, 0, 0, , 0, 0, 0, 0, 0, 
134, 0, 147, -1, -1, 197, 151, 83.0, 11, , 60, 0, 0, 0, , 0, 0, 0, 0, 0, 
135, 0, 148, -1, -1, 114, 42, 142.0, 11, , 41, 0, 0, 0, , 0, 0, 0, 0, 0, 
136, 0, 149, -1, -1, 75, 122, 143.0, 9, , 36, 0, 0, 0, , 0, 0, 0, 0, 0, 
137, 0, 150, -1, -1, 158, 168, 148.0, 10, , 44, 0, 0, 0, , 0, 0, 0, 0, 0, 
138, 0, 151, -1, -1, 142, 146, 181.0, 11, , 53, 0, 0, 0, , 0, 0, 0, 0, 0, 
139, 0, 152, -1, -1, 251, 93, 211.0, 9, , 40, 0, 0, 0, , 0, 0, 0, 0, 0, 
140, 0, 153, -1, -1, 199, 170, 96.0, 9, , 60, 0, 0, 0, , 0, 0, 0, 0, 0, 
141, 0, 154, -1, -1, 125, 164, 151.0, 9, , 24, 0, 0, 0, , 0, 0, 0, 0, 0, 
142, 0, 155, -1, -1, 222, 166, 89.0, 13, , 187, 0, 0, 0, , 0, 0, 0, 0, 0, 
143, 0, 156, -1, -1, 199, 40, 146.0, 9, , 42, 0, 0, 0, , 0, 0, 0, 0, 0, 
144, 0, 157, -1, -1, 231, 73, 199.0, 11, , 55, 0, 0, 0, , 0, 0, 0, 0, 0, 
145, 0, 158, -1, -1, 119, 104, 207.0, 11, , 50, 0, 0, 0, , 0, 0, 0, 0, 0, 
146, 0, 159, -1, -1, 113, 98, 206.0, 9, , 58, 0, 0, 0, , 0, 0, 0, 0, 0, 
147, 0, 160, -1, -1, 115, 175, 153.0, 11, , 91, 0, 0, 0, , 0, 0, 0, 0, 0, 
148, 0, 161, -1, -1, 116, 177, 150.0, 11, , 133, 0, 0, 0, , 0, 0, 0, 0, 0, 
149, 0, 162, -1, -1, 102, 127, 187.0, 11, , 147, 0, 0, 0, , 0, 0, 0, 0, 0, 
150, 0, 163, -1, -1, 304, 154, 165.0, 13, , 122, 0, 0, 0, , 0, 0, 0, 0, 0, 
151, 0, 164, -1, -1, 179, 178, 115.0, 9, , 42, 0, 0, 0, , 0, 0, 0, 0, 0, 
152, 0, 165, -1, -1, 141, 105, 143.0, 11, , 51, 0, 0, 0, , 0, 0, 0, 0, 0, 
153, 0, 166, -1, -1, 92, 144, 169.0, 11, , 18, 0, 0, 0, , 0, 0, 0, 0, 0, 
154, 0, 168, -1, -1, 93, 48, 123.0, 13, , 94, 0, 0, 0, , 0, 0, 0, 0, 0, 
155, 0, 169, -1, -1, 102, 122, 188.0, 17, , 554, 0, 0, 0, , 0, 0, 0, 0, 0, 
156, 0, 170, -1, -1, 102, 131, 81.0, 9, , 49, 0, 0, 0, , 0, 0, 0, 0, 0, 
157, 0, 171, -1, -1, 136, 170, 93.0, 11, , 50, 0, 0, 0, , 0, 0, 0, 0, 0, 
158, 0, 172, -1, -1, 205, 169, 150.0, 9, , 28, 0, 0, 0, , 0, 0, 0, 0, 0, 
159, 0, 173, -1, -1, 82, 127, 160.0, 9, , 21, 0, 0, 0, , 0, 0, 0, 0, 0, 
160, 0, 174, -1, -1, 262, 79, 198.0, 9, , 47, 0, 0, 0, , 0, 0, 0, 0, 0, 
161, 0, 175, -1, -1, 202, 109, 195.0, 11, , 25, 0, 0, 0, , 0, 0, 0, 0, 0, 
162, 0, 176, -1, -1, 202, 80, 196.0, 9, , 33, 0, 0, 0, , 0, 0, 0, 0, 0, 
163, 0, 177, -1, -1, 222, 125, 208.0, 10, , 31, 0, 0, 0, , 0, 0, 0, 0, 0, 
164, 0, 178, -1, -1, 184, 34, 137.0, 15, , 72, 0, 0, 0, , 0, 0, 0, 0, 0, 
165, 0, 179, -1, -1, 236, 124, 203.0, 13, , 194, 0, 0, 0, , 0, 0, 0, 0, 0, 
166, 0, 180, -1, -1, 156, 73, 211.0, 11, , 135, 0, 0, 0, , 0, 0, 0, 0, 0, 
167, 0, 181, -1, -1, 145, 113, 209.0, 9, , 37, 0, 0, 0, , 0, 0, 0, 0, 0, 
168, 0, 182, -1, -1, 90, 93, 141.0, 9, , 37, 0, 0, 0, , 0, 0, 0, 0, 0, 
169, 0, 183, -1, -1, 272, 63, 181.0, 10, , 81, 0, 0, 0, , 0, 0, 0, 0, 0, 
170, 0, 184, -1, -1, 71, 115, 112.0, 9, , 7, 0, 0, 0, , 0, 0, 0, 0, 0, 
171, 0, 185, -1, -1, 182, 115, 60.0, 11, , 60, 0, 0, 0, , 0, 0, 0, 0, 0, 
172, 0, 186, -1, -1, 112, 84, 63.0, 11, , 62, 0, 0, 0, , 0, 0, 0, 0, 0, 
173, 0, 188, -1, -1, 131, 175, 114.0, 10, , 72, 0, 0, 0, , 0, 0, 0, 0, 0, 
174, 0, 189, -1, -1, 137, 128, 128.0, 9, , 52, 0, 0, 0, , 0, 0, 0, 0, 0, 
175, 0, 190, -1, -1, 86, 113, 138.0, 11, , 132, 0, 0, 0, , 0, 0, 0, 0, 0, 
176, 0, 192, -1, -1, 197, 152, 165.0, 7, , 78, 0, 0, 0, , 0, 0, 0, 0, 0, 
177, 0, 193, -1, -1, 165, 52, 178.0, 11, , 122, 0, 0, 0, , 0, 0, 0, 0, 0, 
178, 0, 194, -1, -1, 306, 74, 181.0, 9, , 30, 0, 0, 0, , 0, 0, 0, 0, 0, 
179, 0, 195, -1, -1, 86, 114, 193.0, 9, , 41, 0, 0, 0, , 0, 0, 0, 0, 0, 
180, 0, 196, -1, -1, 66, 104, 164.0, 11, , 26, 0, 0, 0, , 0, 0, 0, 0, 0, 
181, 0, 197, -1, -1, 126, 144, 178.0, 11, , 142, 0, 0, 0, , 0, 0, 0, 0, 0, 
182, 0, 198, -1, -1, 156, 152, 187.0, 9, , 48, 0, 0, 0, , 0, 0, 0, 0, 0, 
183, 0, 199, -1, -1, 238, 52, 190.0, 11, , 79, 0, 0, 0, , 0, 0, 0, 0, 0, 
184, 0, 200, -1, -1, 140, 85, 201.0, 9, , 38, 0, 0, 0, , 0, 0, 0, 0, 0, 
185, 0, 201, -1, -1, 171, 78, 199.0, 10, , 35, 0, 0, 0, , 0, 0, 0, 0, 0, 
186, 0, 202, -1, -1, 250, 107, 205.0, 7, , 36, 0, 0, 0, , 0, 0, 0, 0, 0, 
187, 0, 203, -1, -1, 140, 165, 90.0, 10, , 14, 0, 0, 0, , 0, 0, 0, 0, 0, 
188, 0, 204, -1, -1, 169, 166, 100.0, 9, , 49, 0, 0, 0, , 0, 0, 0, 0, 0, 
189, 0, 205, -1, -1, 148, 166, 98.0, 9, , 25, 0, 0, 0, , 0, 0, 0, 0, 0, 
190, 0, 206, -1, -1, 302, 64, 149.0, 11, , 99, 0, 0, 0, , 0, 0, 0, 0, 0, 
191, 0, 207, -1, -1, 199, 36, 165.0, 13, , 777, 0, 0, 0, , 0, 0, 0, 0, 0, 
192, 0, 208, -1, -1, 175, 84, 194.0, 13, , 71, 0, 0, 0, , 0, 0, 0, 0, 0, 
193, 0, 209, -1, -1, 98, 94, 169.0, 10, , 31, 0, 0, 0, , 0, 0, 0, 0, 0, 
194, 0, 210, -1, -1, 221, 73, 197.0, 11, , 40, 0, 0, 0, , 0, 0, 0, 0, 0, 
195, 0, 211, -1, -1, 69, 83, 141.0, 11, , 46, 0, 0, 0, , 0, 0, 0, 0, 0, 
196, 0, 212, -1, -1, 105, 139, 89.0, 10, , 6, 0, 0, 0, , 0, 0, 0, 0, 0, 
197, 0, 213, -1, -1, 261, 120, 178.0, 11, , 105, 0, 0, 0, , 0, 0, 0, 0, 0, 
198, 0, 214, -1, -1, 143, 167, 118.0, 11, , 62, 0, 0, 0, , 0, 0, 0, 0, 0, 
199, 0, 216, -1, -1, 158, 77, 204.0, 9, , 42, 0, 0, 0, , 0, 0, 0, 0, 0, 
200, 0, 217, -1, -1, 126, 101, 195.0, 15, , 531, 0, 0, 0, , 0, 0, 0, 0, 0, 
201, 0, 221, -1, -1, 145, 140, 155.0, 11, , 173, 0, 0, 0, , 0, 0, 0, 0, 0, 
202, 0, 222, -1, -1, 150, 165, 171.0, 9, , 33, 0, 0, 0, , 0, 0, 0, 0, 0, 
203, 0, 223, -1, -1, 216, 170, 169.0, 9, , 40, 0, 0, 0, , 0, 0, 0, 0, 0, 
204, 0, 224, -1, -1, 272, 66, 179.0, 11, , 55, 0, 0, 0, , 0, 0, 0, 0, 0, 
205, 0, 225, -1, -1, 306, 93, 187.0, 11, , 87, 0, 0, 0, , 0, 0, 0, 0, 0, 
206, 0, 227, -1, -1, 295, 65, 168.0, 9, , 84, 0, 0, 0, , 0, 0, 0, 0, 0, 
207, 0, 228, -1, -1, 120, 115, 171.0, 10, , 148, 0, 0, 0, , 0, 0, 0, 0, 0, 
208, 0, 229, -1, -1, 146, 166, 123.0, 9, , 54, 0, 0, 0, , 0, 0, 0, 0, 0, 
209, 0, 230, -1, -1, 128, 155, 103.0, 11, , 32, 0, 0, 0, , 0, 0, 0, 0, 0, 
210, 0, 233, -1, -1, 126, 111, 158.0, 9, , 19, 0, 0, 0, , 0, 0, 0, 0, 0, 
211, 0, 234, -1, -1, 282, 159, 164.0, 11, , 30, 0, 0, 0, , 0, 0, 0, 0, 0, 
212, 0, 235, -1, -1, 111, 133, 174.0, 13, , 23, 0, 0, 0, , 0, 0, 0, 0, 0, 
213, 0, 236, -1, -1, 89, 140, 179.0, 11, , 88, 0, 0, 0, , 0, 0, 0, 0, 0, 
214, 0, 237, -1, -1, 287, 146, 184.0, 11, , 26, 0, 0, 0, , 0, 0, 0, 0, 0, 
215, 0, 239, -1, -1, 197, 150, 74.0, 9, , 63, 0, 0, 0, , 0, 0, 0, 0, 0, 
216, 0, 240, -1, -1, 55, 110, 92.0, 9, , 88, 0, 0, 0, , 0, 0, 0, 0, 0, 
217, 0, 241, -1, -1, 130, 55, 150.0, 9, , 41, 0, 0, 0, , 0, 0, 0, 0, 0, 
218, 0, 242, -1, -1, 135, 128, 209.0, 11, , 59, 0, 0, 0, , 0, 0, 0, 0, 0, 
219, 0, 243, -1, -1, 216, 122, 211.0, 11, , 66, 0, 0, 0, , 0, 0, 0, 0, 0, 
220, 0, 244, -1, -1, 122, 164, 125.0, 9, , 12, 0, 0, 0, , 0, 0, 0, 0, 0, 
221, 0, 246, -1, -1, 92, 49, 120.0, 11, , 74, 0, 0, 0, , 0, 0, 0, 0, 0, 
222, 0, 248, -1, -1, 137, 152, 142.0, 9, , 41, 0, 0, 0, , 0, 0, 0, 0, 0, 
223, 0, 249, -1, -1, 100, 126, 183.0, 11, , 56, 0, 0, 0, , 0, 0, 0, 0, 0, 
224, 0, 250, -1, -1, 144, 52, 184.0, 9, , 54, 0, 0, 0, , 0, 0, 0, 0, 0, 
225, 0, 251, -1, -1, 130, 105, 199.0, 10, , 47, 0, 0, 0, , 0, 0, 0, 0, 0, 
226, 0, 252, -1, -1, 197, 79, 206.0, 11, , 101, 0, 0, 0, , 0, 0, 0, 0, 0, 
227, 0, 253, -1, -1, 123, 88, 79.0, 11, , 34, 0, 0, 0, , 0, 0, 0, 0, 0, 
228, 0, 254, -1, -1, 152, 140, 83.0, 9, , 25, 0, 0, 0, , 0, 0, 0, 0, 0, 
229, 0, 255, -1, -1, 121, 122, 130.0, 9, , 40, 0, 0, 0, , 0, 0, 0, 0, 0, 
230, 0, 256, -1, -1, 223, 177, 141.0, 11, , 35, 0, 0, 0, , 0, 0, 0, 0, 0, 
231, 0, 257, -1, -1, 131, 51, 145.0, 11, , 52, 0, 0, 0, , 0, 0, 0, 0, 0, 
232, 0, 258, -1, -1, 267, 44, 152.0, 11, , 56, 0, 0, 0, , 0, 0, 0, 0, 0, 
233, 0, 259, -1, -1, 96, 74, 184.0, 10, , 20, 0, 0, 0, , 0, 0, 0, 0, 0, 
234, 0, 260, -1, -1, 271, 68, 191.0, 11, , 40, 0, 0, 0, , 0, 0, 0, 0, 0, 
235, 0, 261, -1, -1, 167, 109, 111.0, 11, , 31, 0, 0, 0, , 0, 0, 0, 0, 0, 
236, 0, 262, -1, -1, 255, 94, 201.0, 9, , 115, 0, 0, 0, , 0, 0, 0, 0, 0, 
237, 0, 263, -1, -1, 148, 130, 199.0, 11, , 122, 0, 0, 0, , 0, 0, 0, 0, 0, 
238, 0, 264, -1, -1, 163, 133, 208.0, 11, , 41, 0, 0, 0, , 0, 0, 0, 0, 0, 
239, 0, 265, -1, -1, 118, 132, 83.0, 11, , 82, 0, 0, 0, , 0, 0, 0, 0, 0, 
240, 0, 266, -1, -1, 294, 64, 178.0, 9, , 56, 0, 0, 0, , 0, 0, 0, 0, 0, 
241, 0, 267, -1, -1, 171, 60, 196.0, 11, , 112, 0, 0, 0, , 0, 0, 0, 0, 0, 
242, 0, 268, -1, -1, 105, 124, 58.0, 10, , 27, 0, 0, 0, , 0, 0, 0, 0, 0, 
243, 0, 269, -1, -1, 152, 167, 88.0, 10, , 27, 0, 0, 0, , 0, 0, 0, 0, 0, 
244, 0, 270, -1, -1, 139, 75, 102.0, 9, , 23, 0, 0, 0, , 0, 0, 0, 0, 0, 
245, 0, 271, -1, -1, 124, 122, 133.0, 11, , 96, 0, 0, 0, , 0, 0, 0, 0, 0, 
246, 0, 272, -1, -1, 138, 44, 143.0, 10, , 27, 0, 0, 0, , 0, 0, 0, 0, 0, 
247, 0, 273, -1, -1, 165, 104, 152.0, 9, , 30, 0, 0, 0, , 0, 0, 0, 0, 0, 
248, 0, 275, -1, -1, 206, 166, 156.0, 9, , 37, 0, 0, 0, , 0, 0, 0, 0, 0, 
249, 0, 276, -1, -1, 198, 152, 162.0, 7, , 17, 0, 0, 0, , 0, 0, 0, 0, 0, 
250, 0, 278, -1, -1, 158, 104, 165.0, 9, , 77, 0, 0, 0, , 0, 0, 0, 0, 0, 
251, 0, 279, -1, -1, 127, 60, 165.0, 9, , 90, 0, 0, 0, , 0, 0, 0, 0, 0, 
252, 0, 281, -1, -1, 225, 39, 179.0, 9, , 53, 0, 0, 0, , 0, 0, 0, 0, 0, 
253, 0, 283, -1, -1, 120, 131, 193.0, 15, , 504, 0, 0, 0, , 0, 0, 0, 0, 0, 
254, 0, 284, -1, -1, 216, 121, 207.0, 11, , 26, 0, 0, 0, , 0, 0, 0, 0, 0, 
255, 0, 285, -1, -1, 223, 124, 205.0, 11, , 10, 0, 0, 0, , 0, 0, 0, 0, 0, 
256, 0, 286, -1, -1, 86, 147, 118.0, 11, , 39, 0, 0, 0, , 0, 0, 0, 0, 0, 
257, 0, 287, -1, -1, 299, 64, 145.0, 9, , 28, 0, 0, 0, , 0, 0, 0, 0, 0, 
258, 0, 288, -1, -1, 99, 59, 175.0, 11, , 108, 0, 0, 0, , 0, 0, 0, 0, 0, 
259, 0, 289, -1, -1, 276, 93, 195.0, 11, , 71, 0, 0, 0, , 0, 0, 0, 0, 0, 
260, 0, 290, -1, -1, 102, 109, 203.0, 9, , 30, 0, 0, 0, , 0, 0, 0, 0, 0, 
261, 0, 291, -1, -1, 139, 69, 209.0, 11, , 183, 0, 0, 0, , 0, 0, 0, 0, 0, 
262, 0, 293, -1, -1, 242, 50, 180.0, 11, , 110, 0, 0, 0, , 0, 0, 0, 0, 0, 
263, 0, 294, -1, -1, 275, 95, 205.0, 9, , 31, 0, 0, 0, , 0, 0, 0, 0, 0, 
264, 0, 295, -1, -1, 315, 93, 171.0, 15, , 126, 0, 0, 0, , 0, 0, 0, 0, 0, 
265, 0, 296, -1, -1, 114, 174, 156.0, 11, , 68, 0, 0, 0, , 0, 0, 0, 0, 0, 
266, 0, 299, -1, -1, 201, 178, 117.0, 11, , 11, 0, 0, 0, , 0, 0, 0, 0, 0, 
267, 0, 300, -1, -1, 102, 44, 122.0, 9, , 65, 0, 0, 0, , 0, 0, 0, 0, 0, 
268, 0, 301, -1, -1, 156, 32, 127.0, 9, , 42, 0, 0, 0, , 0, 0, 0, 0, 0, 
269, 0, 302, -1, -1, 73, 106, 153.0, 9, , 41, 0, 0, 0, , 0, 0, 0, 0, 0, 
270, 0, 303, -1, -1, 315, 94, 165.0, 13, , 316, 0, 0, 0, , 0, 0, 0, 0, 0, 
271, 0, 304, -1, -1, 136, 125, 166.0, 15, , 370, 0, 0, 0, , 0, 0, 0, 0, 0, 
272, 0, 307, -1, -1, 152, 39, 182.0, 13, , 89, 0, 0, 0, , 0, 0, 0, 0, 0, 
273, 0, 308, -1, -1, 133, 73, 184.0, 11, , 104, 0, 0, 0, , 0, 0, 0, 0, 0, 
274, 0, 309, -1, -1, 127, 126, 187.0, 9, , 48, 0, 0, 0, , 0, 0, 0, 0, 0, 
275, 0, 310, -1, -1, 159, 121, 191.0, 11, , 68, 0, 0, 0, , 0, 0, 0, 0, 0, 
276, 0, 311, -1, -1, 125, 103, 199.0, 9, , 27, 0, 0, 0, , 0, 0, 0, 0, 0, 
277, 0, 313, -1, -1, 100, 45, 120.0, 11, , 75, 0, 0, 0, , 0, 0, 0, 0, 0, 
278, 0, 314, -1, -1, 116, 46, 153.0, 9, , 73, 0, 0, 0, , 0, 0, 0, 0, 0, 
279, 0, 315, -1, -1, 92, 70, 162.0, 9, , 41, 0, 0, 0, , 0, 0, 0, 0, 0, 
280, 0, 316, -1, -1, 172, 177, 155.0, 11, , 52, 0, 0, 0, , 0, 0, 0, 0, 0, 
281, 0, 317, -1, -1, 129, 149, 172.0, 10, , 56, 0, 0, 0, , 0, 0, 0, 0, 0, 
282, 0, 318, -1, -1, 70, 89, 180.0, 9, , 49, 0, 0, 0, , 0, 0, 0, 0, 0, 
283, 0, 319, -1, -1, 170, 79, 190.0, 9, , 10, 0, 0, 0, , 0, 0, 0, 0, 0, 
284, 0, 320, -1, -1, 176, 82, 191.0, 9, , 50, 0, 0, 0, , 0, 0, 0, 0, 0, 
285, 0, 321, -1, -1, 191, 161, 157.0, 10, , 14, 0, 0, 0, , 0, 0, 0, 0, 0, 
286, 0, 323, -1, -1, 236, 124, 199.0, 15, , 261, 0, 0, 0, , 0, 0, 0, 0, 0, 
287, 0, 325, -1, -1, 223, 167, 95.0, 13, , 254, 0, 0, 0, , 0, 0, 0, 0, 0, 
288, 0, 327, -1, -1, 122, 162, 141.0, 11, , 29, 0, 0, 0, , 0, 0, 0, 0, 0, 
289, 0, 328, -1, -1, 195, 39, 142.0, 9, , 23, 0, 0, 0, , 0, 0, 0, 0, 0, 
290, 0, 329, -1, -1, 110, 41, 144.0, 9, , 36, 0, 0, 0, , 0, 0, 0, 0, 0, 
291, 0, 333, -1, -1, 88, 115, 173.0, 9, , 26, 0, 0, 0, , 0, 0, 0, 0, 0, 
292, 0, 334, -1, -1, 313, 93, 176.0, 9, , 33, 0, 0, 0, , 0, 0, 0, 0, 0, 
293, 0, 336, -1, -1, 151, 92, 185.0, 9, , 69, 0, 0, 0, , 0, 0, 0, 0, 0, 
294, 0, 337, -1, -1, 284, 118, 194.0, 9, , 107, 0, 0, 0, , 0, 0, 0, 0, 0, 
295, 0, 338, -1, -1, 278, 100, 200.0, 9, , 63, 0, 0, 0, , 0, 0, 0, 0, 0, 
296, 0, 339, -1, -1, 197, 137, 203.0, 9, , 24, 0, 0, 0, , 0, 0, 0, 0, 0, 
297, 0, 340, -1, -1, 76, 115, 108.0, 11, , 62, 0, 0, 0, , 0, 0, 0, 0, 0, 
298, 0, 341, -1, -1, 262, 51, 172.0, 11, , 117, 0, 0, 0, , 0, 0, 0, 0, 0, 
299, 0, 342, -1, -1, 100, 75, 188.0, 9, , 43, 0, 0, 0, , 0, 0, 0, 0, 0, 
300, 0, 343, -1, -1, 141, 87, 197.0, 11, , 88, 0, 0, 0, , 0, 0, 0, 0, 0, 
301, 0, 344, -1, -1, 311, 152, 147.0, 11, , 53, 0, 0, 0, , 0, 0, 0, 0, 0, 
302, 0, 345, -1, -1, 288, 105, 182.0, 11, , 60, 0, 0, 0, , 0, 0, 0, 0, 0, 
303, 0, 346, -1, -1, 131, 156, 109.0, 9, , 40, 0, 0, 0, , 0, 0, 0, 0, 0, 
304, 0, 347, -1, -1, 109, 123, 65.0, 10, , 49, 0, 0, 0, , 0, 0, 0, 0, 0, 
305, 0, 348, -1, -1, 161, 77, 75.0, 11, , 68, 0, 0, 0, , 0, 0, 0, 0, 0, 
306, 0, 349, -1, -1, 140, 165, 96.0, 13, , 89, 0, 0, 0, , 0, 0, 0, 0, 0, 
307, 0, 350, -1, -1, 98, 46, 116.0, 11, , 64, 0, 0, 0, , 0, 0, 0, 0, 0, 
308, 0, 351, -1, -1, 92, 51, 117.0, 9, , 71, 0, 0, 0, , 0, 0, 0, 0, 0, 
309, 0, 352, -1, -1, 225, 178, 127.0, 11, , 75, 0, 0, 0, , 0, 0, 0, 0, 0, 
310, 0, 354, -1, -1, 295, 61, 151.0, 9, , 48, 0, 0, 0, , 0, 0, 0, 0, 0, 
311, 0, 355, -1, -1, 170, 33, 158.0, 11, , 38, 0, 0, 0, , 0, 0, 0, 0, 0, 
312, 0, 357, -1, -1, 239, 175, 160.0, 11, , 11, 0, 0, 0, , 0, 0, 0, 0, 0, 
313, 0, 358, -1, -1, 125, 64, 159.0, 13, , 235, 0, 0, 0, , 0, 0, 0, 0, 0, 
314, 0, 359, -1, -1, 114, 134, 165.0, 11, , 72, 0, 0, 0, , 0, 0, 0, 0, 0, 
315, 0, 360, -1, -1, 105, 59, 161.0, 9, , 52, 0, 0, 0, , 0, 0, 0, 0, 0, 
316, 0, 361, -1, -1, 196, 152, 167.0, 7, , 55, 0, 0, 0, , 0, 0, 0, 0, 0, 
317, 0, 363, -1, -1, 289, 87, 181.0, 9, , 50, 0, 0, 0, , 0, 0, 0, 0, 0, 
318, 0, 364, -1, -1, 209, 156, 182.0, 9, , 10, 0, 0, 0, , 0, 0, 0, 0, 0, 
319, 0, 365, -1, -1, 250, 134, 181.0, 10, , 37, 0, 0, 0, , 0, 0, 0, 0, 0, 
320, 0, 366, -1, -1, 284, 118, 187.0, 9, , 37, 0, 0, 0, , 0, 0, 0, 0, 0, 
321, 0, 367, -1, -1, 146, 52, 189.0, 15, , 237, 0, 0, 0, , 0, 0, 0, 0, 0, 
322, 0, 368, -1, -1, 129, 75, 186.0, 9, , 27, 0, 0, 0, , 0, 0, 0, 0, 0, 
323, 0, 369, -1, -1, 141, 89, 191.0, 11, , 55, 0, 0, 0, , 0, 0, 0, 0, 0, 
324, 0, 370, -1, -1, 177, 79, 198.0, 9, , 45, 0, 0, 0, , 0, 0, 0, 0, 0, 
325, 0, 373, -1, -1, 155, 128, 123.0, 10, , 88, 0, 0, 0, , 0, 0, 0, 0, 0, 
326, 0, 374, -1, -1, 265, 42, 148.0, 11, , 73, 0, 0, 0, , 0, 0, 0, 0, 0, 
327, 0, 375, -1, -1, 286, 88, 177.0, 11, , 31, 0, 0, 0, , 0, 0, 0, 0, 0, 
328, 0, 376, -1, -1, 171, 115, 211.0, 10, , 46, 0, 0, 0, , 0, 0, 0, 0, 0, 
329, 0, 377, -1, -1, 114, 126, 89.0, 9, , 55, 0, 0, 0, , 0, 0, 0, 0, 0, 
330, 0, 379, -1, -1, 110, 177, 145.0, 9, , 21, 0, 0, 0, , 0, 0, 0, 0, 0, 
331, 0, 381, -1, -1, 85, 152, 163.0, 10, , 9, 0, 0, 0, , 0, 0, 0, 0, 0, 
332, 0, 383, -1, -1, 305, 153, 169.0, 9, , 47, 0, 0, 0, , 0, 0, 0, 0, 0, 
333, 0, 384, -1, -1, 100, 95, 172.0, 7, , 24, 0, 0, 0, , 0, 0, 0, 0, 0, 
334, 0, 385, -1, -1, 97, 60, 183.0, 9, , 50, 0, 0, 0, , 0, 0, 0, 0, 0, 
335, 0, 386, -1, -1, 108, 141, 187.0, 11, , 77, 0, 0, 0, , 0, 0, 0, 0, 0, 
336, 0, 387, -1, -1, 149, 111, 184.0, 11, , 151, 0, 0, 0, , 0, 0, 0, 0, 0, 
337, 0, 388, -1, -1, 305, 91, 188.0, 11, , 139, 0, 0, 0, , 0, 0, 0, 0, 0, 
338, 0, 390, -1, -1, 90, 115, 133.0, 11, , 60, 0, 0, 0, , 0, 0, 0, 0, 0, 
339, 0, 391, -1, -1, 312, 156, 138.0, 10, , 50, 0, 0, 0, , 0, 0, 0, 0, 0, 
340, 0, 392, -1, -1, 204, 168, 143.0, 11, , 73, 0, 0, 0, , 0, 0, 0, 0, 0, 
341, 0, 393, -1, -1, 272, 68, 183.0, 9, , 31, 0, 0, 0, , 0, 0, 0, 0, 0, 
342, 0, 394, -1, -1, 136, 122, 191.0, 9, , 73, 0, 0, 0, , 0, 0, 0, 0, 0, 
343, 0, 395, -1, -1, 258, 84, 194.0, 11, , 94, 0, 0, 0, , 0, 0, 0, 0, 0, 
344, 0, 396, -1, -1, 202, 79, 199.0, 11, , 152, 0, 0, 0, , 0, 0, 0, 0, 0, 
345, 0, 397, -1, -1, 120, 158, 185.0, 11, , 26, 0, 0, 0, , 0, 0, 0, 0, 0, 
346, 0, 398, -1, -1, 149, 52, 196.0, 11, , 67, 0, 0, 0, , 0, 0, 0, 0, 0, 
347, 0, 399, -1, -1, 101, 123, 190.0, 11, , 201, 0, 0, 0, , 0, 0, 0, 0, 0, 
348, 0, 400, -1, -1, 177, 114, 65.0, 11, , 77, 0, 0, 0, , 0, 0, 0, 0, 0, 
349, 0, 401, -1, -1, 181, 115, 62.0, 10, , 18, 0, 0, 0, , 0, 0, 0, 0, 0, 
350, 0, 402, -1, -1, 96, 130, 142.0, 9, , 39, 0, 0, 0, , 0, 0, 0, 0, 0, 
351, 0, 403, -1, -1, 163, 159, 152.0, 10, , 21, 0, 0, 0, , 0, 0, 0, 0, 0, 
352, 0, 404, -1, -1, 131, 48, 149.0, 11, , 90, 0, 0, 0, , 0, 0, 0, 0, 0, 
353, 0, 405, -1, -1, 157, 108, 155.0, 7, , 19, 0, 0, 0, , 0, 0, 0, 0, 0, 
354, 0, 406, -1, -1, 114, 132, 172.0, 11, , 22, 0, 0, 0, , 0, 0, 0, 0, 0, 
355, 0, 407, -1, -1, 150, 76, 175.0, 13, , 20, 0, 0, 0, , 0, 0, 0, 0, 0, 
356, 0, 408, -1, -1, 151, 37, 175.0, 9, , 68, 0, 0, 0, , 0, 0, 0, 0, 0, 
357, 0, 409, -1, -1, 190, 41, 178.0, 9, , 31, 0, 0, 0, , 0, 0, 0, 0, 0, 
358, 0, 410, -1, -1, 120, 112, 180.0, 11, , 254, 0, 0, 0, , 0, 0, 0, 0, 0, 
359, 0, 411, -1, -1, 100, 76, 186.0, 9, , 23, 0, 0, 0, , 0, 0, 0, 0, 0, 
360, 0, 412, -1, -1, 92, 73, 189.0, 10, , 61, 0, 0, 0, , 0, 0, 0, 0, 0, 
361, 0, 413, -1, -1, 87, 114, 191.0, 11, , 52, 0, 0, 0, , 0, 0, 0, 0, 0, 
362, 0, 414, -1, -1, 278, 100, 197.0, 9, , 46, 0, 0, 0, , 0, 0, 0, 0, 0, 
363, 0, 415, -1, -1, 228, 107, 206.0, 13, , 260, 0, 0, 0, , 0, 0, 0, 0, 0, 
364, 0, 416, -1, -1, 133, 146, 204.0, 11, , 93, 0, 0, 0, , 0, 0, 0, 0, 0, 
365, 0, 417, -1, -1, 126, 97, 202.0, 11, , 68, 0, 0, 0, , 0, 0, 0, 0, 0, 
366, 0, 420, -1, -1, 128, 61, 163.0, 11, , 149, 0, 0, 0, , 0, 0, 0, 0, 0, 
367, 0, 421, -1, -1, 256, 53, 178.0, 9, , 44, 0, 0, 0, , 0, 0, 0, 0, 0, 
368, 0, 422, -1, -1, 296, 133, 193.0, 11, , 65, 0, 0, 0, , 0, 0, 0, 0, 0, 
369, 0, 423, -1, -1, 278, 92, 197.0, 9, , 59, 0, 0, 0, , 0, 0, 0, 0, 0, 
370, 0, 425, -1, -1, 155, 107, 157.0, 7, , 43, 0, 0, 0, , 0, 0, 0, 0, 0, 
371, 0, 426, -1, -1, 261, 84, 198.0, 9, , 44, 0, 0, 0, , 0, 0, 0, 0, 0, 
372, 0, 427, -1, -1, 61, 103, 132.0, 11, , 29, 0, 0, 0, , 0, 0, 0, 0, 0, 
373, 0, 428, -1, -1, 285, 119, 190.0, 11, , 80, 0, 0, 0, , 0, 0, 0, 0, 0, 
374, 0, 429, -1, -1, 195, 139, 72.0, 10, , 41, 0, 0, 0, , 0, 0, 0, 0, 0, 
375, 0, 430, -1, -1, 200, 171, 93.0, 11, , 51, 0, 0, 0, , 0, 0, 0, 0, 0, 
376, 0, 431, -1, -1, 95, 167, 120.0, 13, , 175, 0, 0, 0, , 0, 0, 0, 0, 0, 
377, 0, 434, -1, -1, 87, 154, 134.0, 9, , 25, 0, 0, 0, , 0, 0, 0, 0, 0, 
378, 0, 435, -1, -1, 93, 95, 134.0, 13, , 62, 0, 0, 0, , 0, 0, 0, 0, 0, 
379, 0, 436, -1, -1, 99, 113, 138.0, 9, , 82, 0, 0, 0, , 0, 0, 0, 0, 0, 
380, 0, 437, -1, -1, 89, 93, 140.0, 9, , 70, 0, 0, 0, , 0, 0, 0, 0, 0, 
381, 0, 438, -1, -1, 244, 53, 184.0, 10, , 72, 0, 0, 0, , 0, 0, 0, 0, 0, 
382, 0, 439, -1, -1, 139, 121, 178.0, 9, , 30, 0, 0, 0, , 0, 0, 0, 0, 0, 
383, 0, 440, -1, -1, 245, 51, 188.0, 10, , 34, 0, 0, 0, , 0, 0, 0, 0, 0, 
384, 0, 441, -1, -1, 297, 136, 189.0, 11, , 52, 0, 0, 0, , 0, 0, 0, 0, 0, 
385, 0, 442, -1, -1, 266, 109, 202.0, 7, , 66, 0, 0, 0, , 0, 0, 0, 0, 0, 
386, 0, 443, -1, -1, 197, 108, 202.0, 10, , 56, 0, 0, 0, , 0, 0, 0, 0, 0, 
387, 0, 444, -1, -1, 193, 72, 142.0, 7, , 41, 0, 0, 0, , 0, 0, 0, 0, 0, 
388, 0, 445, -1, -1, 199, 38, 146.0, 9, , 44, 0, 0, 0, , 0, 0, 0, 0, 0, 
389, 0, 447, -1, -1, 124, 59, 161.0, 9, , 62, 0, 0, 0, , 0, 0, 0, 0, 0, 
390, 0, 448, -1, -1, 94, 95, 163.0, 9, , 58, 0, 0, 0, , 0, 0, 0, 0, 0, 
391, 0, 449, -1, -1, 151, 116, 171.0, 7, , 15, 0, 0, 0, , 0, 0, 0, 0, 0, 
392, 0, 450, -1, -1, 149, 93, 179.0, 13, , 91, 0, 0, 0, , 0, 0, 0, 0, 0, 
393, 0, 451, -1, -1, 266, 120, 176.0, 11, , 57, 0, 0, 0, , 0, 0, 0, 0, 0, 
394, 0, 452, -1, -1, 186, 98, 203.0, 9, , 33, 0, 0, 0, , 0, 0, 0, 0, 0, 
395, 0, 453, -1, -1, 140, 113, 208.0, 9, , 29, 0, 0, 0, , 0, 0, 0, 0, 0, 
396, 0, 454, -1, -1, 87, 113, 155.0, 11, , 50, 0, 0, 0, , 0, 0, 0, 0, 0, 
397, 0, 455, -1, -1, 129, 111, 60.0, 11, , 64, 0, 0, 0, , 0, 0, 0, 0, 0, 
398, 0, 457, -1, -1, 130, 174, 111.0, 11, , 56, 0, 0, 0, , 0, 0, 0, 0, 0, 
399, 0, 458, -1, -1, 84, 149, 125.0, 9, , 69, 0, 0, 0, , 0, 0, 0, 0, 0, 
400, 0, 459, -1, -1, 187, 35, 133.0, 11, , 185, 0, 0, 0, , 0, 0, 0, 0, 0, 
401, 0, 460, -1, -1, 127, 163, 142.0, 9, , 30, 0, 0, 0, , 0, 0, 0, 0, 0, 
402, 0, 461, -1, -1, 173, 178, 146.0, 9, , 29, 0, 0, 0, , 0, 0, 0, 0, 0, 
403, 0, 462, -1, -1, 144, 141, 152.0, 9, , 77, 0, 0, 0, , 0, 0, 0, 0, 0, 
404, 0, 463, -1, -1, 135, 126, 149.0, 13, , 73, 0, 0, 0, , 0, 0, 0, 0, 0, 
405, 0, 464, -1, -1, 199, 151, 158.0, 7, , 22, 0, 0, 0, , 0, 0, 0, 0, 0, 
406, 0, 465, -1, -1, 72, 86, 167.0, 9, , 30, 0, 0, 0, , 0, 0, 0, 0, 0, 
407, 0, 466, -1, -1, 271, 149, 170.0, 7, , 63, 0, 0, 0, , 0, 0, 0, 0, 0, 
408, 0, 467, -1, -1, 199, 34, 171.0, 9, , 32, 0, 0, 0, , 0, 0, 0, 0, 0, 
409, 0, 468, -1, -1, 230, 41, 177.0, 11, , 182, 0, 0, 0, , 0, 0, 0, 0, 0, 
410, 0, 469, -1, -1, 116, 160, 176.0, 11, , 38, 0, 0, 0, , 0, 0, 0, 0, 0, 
411, 0, 470, -1, -1, 256, 52, 176.0, 9, , 27, 0, 0, 0, , 0, 0, 0, 0, 0, 
412, 0, 470, -1, -1, 265, 51, 176.0, 9, , 67, 0, 0, 0, , 0, 0, 0, 0, 0, 
413, 0, 471, -1, -1, 120, 116, 174.0, 11, , 328, 0, 0, 0, , 0, 0, 0, 0, 0, 
414, 0, 472, -1, -1, 127, 146, 180.0, 11, , 101, 0, 0, 0, , 0, 0, 0, 0, 0, 
415, 0, 473, -1, -1, 80, 100, 191.0, 9, , 78, 0, 0, 0, , 0, 0, 0, 0, 0, 
416, 0, 474, -1, -1, 135, 72, 186.0, 9, , 68, 0, 0, 0, , 0, 0, 0, 0, 0, 
417, 0, 477, -1, -1, 140, 144, 188.0, 9, , 43, 0, 0, 0, , 0, 0, 0, 0, 0, 
418, 0, 478, -1, -1, 82, 100, 194.0, 9, , 46, 0, 0, 0, , 0, 0, 0, 0, 0, 
419, 0, 479, -1, -1, 212, 99, 206.0, 13, , 227, 0, 0, 0, , 0, 0, 0, 0, 0, 
420, 0, 480, -1, -1, 133, 172, 106.0, 15, , 139, 0, 0, 0, , 0, 0, 0, 0, 0, 
421, 0, 481, -1, -1, 166, 168, 104.0, 10, , 103, 0, 0, 0, , 0, 0, 0, 0, 0, 
422, 0, 482, -1, -1, 223, 178, 121.0, 11, , 81, 0, 0, 0, , 0, 0, 0, 0, 0, 
423, 0, 484, -1, -1, 149, 117, 180.0, 11, , 28, 0, 0, 0, , 0, 0, 0, 0, 0, 
424, 0, 485, -1, -1, 134, 86, 193.0, 7, , 31, 0, 0, 0, , 0, 0, 0, 0, 0, 
425, 0, 486, -1, -1, 226, 75, 194.0, 11, , 80, 0, 0, 0, , 0, 0, 0, 0, 0, 
426, 0, 487, -1, -1, 218, 140, 198.0, 13, , 19, 0, 0, 0, , 0, 0, 0, 0, 0, 
427, 0, 488, -1, -1, 117, 128, 198.0, 9, , 97, 0, 0, 0, , 0, 0, 0, 0, 0, 
428, 0, 490, -1, -1, 149, 163, 91.0, 10, , 48, 0, 0, 0, , 0, 0, 0, 0, 0, 
429, 0, 491, -1, -1, 170, 53, 174.0, 11, , 65, 0, 0, 0, , 0, 0, 0, 0, 0, 
430, 0, 492, -1, -1, 150, 110, 174.0, 11, , 125, 0, 0, 0, , 0, 0, 0, 0, 0, 
431, 0, 493, -1, -1, 138, 169, 88.0, 11, , 83, 0, 0, 0, , 0, 0, 0, 0, 0, 
432, 0, 494, -1, -1, 271, 110, 205.0, 9, , 38, 0, 0, 0, , 0, 0, 0, 0, 0, 
433, 0, 496, -1, -1, 110, 117, 67.0, 7, , 22, 0, 0, 0, , 0, 0, 0, 0, 0, 
434, 0, 497, -1, -1, 84, 156, 96.0, 11, , 66, 0, 0, 0, , 0, 0, 0, 0, 0, 
435, 0, 498, -1, -1, 123, 100, 142.0, 11, , 43, 0, 0, 0, , 0, 0, 0, 0, 0, 
436, 0, 499, -1, -1, 163, 98, 150.0, 9, , 42, 0, 0, 0, , 0, 0, 0, 0, 0, 
437, 0, 500, -1, -1, 271, 172, 157.0, 9, , 48, 0, 0, 0, , 0, 0, 0, 0, 0, 
438, 0, 501, -1, -1, 277, 158, 156.0, 9, , 22, 0, 0, 0, , 0, 0, 0, 0, 0, 
439, 0, 502, -1, -1, 127, 142, 162.0, 9, , 39, 0, 0, 0, , 0, 0, 0, 0, 0, 
440, 0, 503, -1, -1, 163, 56, 172.0, 9, , 51, 0, 0, 0, , 0, 0, 0, 0, 0, 
441, 0, 506, -1, -1, 142, 144, 183.0, 11, , 56, 0, 0, 0, , 0, 0, 0, 0, 0, 
442, 0, 507, -1, -1, 169, 132, 194.0, 10, , 111, 0, 0, 0, , 0, 0, 0, 0, 0, 
443, 0, 508, -1, -1, 155, 153, 193.0, 9, , 48, 0, 0, 0, , 0, 0, 0, 0, 0, 
444, 0, 509, -1, -1, 227, 89, 209.0, 9, , 44, 0, 0, 0, , 0, 0, 0, 0, 0, 
445, 0, 509, -1, -1, 223, 85, 210.0, 9, , 55, 0, 0, 0, , 0, 0, 0, 0, 0, 
446, 0, 510, -1, -1, 89, 104, 73.0, 13, , 39, 0, 0, 0, , 0, 0, 0, 0, 0, 
447, 0, 511, -1, -1, 101, 145, 105.0, 13, , 82, 0, 0, 0, , 0, 0, 0, 0, 0, 
448, 0, 512, -1, -1, 104, 105, 109.0, 9, , 97, 0, 0, 0, , 0, 0, 0, 0, 0, 
449, 0, 514, -1, -1, 155, 127, 120.0, 11, , 104, 0, 0, 0, , 0, 0, 0, 0, 0, 
450, 0, 515, -1, -1, 114, 39, 150.0, 9, , 24, 0, 0, 0, , 0, 0, 0, 0, 0, 
451, 0, 517, -1, -1, 227, 161, 179.0, 9, , 32, 0, 0, 0, , 0, 0, 0, 0, 0, 
452, 0, 518, -1, -1, 72, 90, 184.0, 9, , 50, 0, 0, 0, , 0, 0, 0, 0, 0, 
453, 0, 520, -1, -1, 148, 130, 194.0, 9, , 53, 0, 0, 0, , 0, 0, 0, 0, 0, 
454, 0, 521, -1, -1, 141, 52, 194.0, 9, , 27, 0, 0, 0, , 0, 0, 0, 0, 0, 
455, 0, 522, -1, -1, 271, 110, 207.0, 11, , 40, 0, 0, 0, , 0, 0, 0, 0, 0, 
456, 0, 524, -1, -1, 218, 117, 206.0, 11, , 52, 0, 0, 0, , 0, 0, 0, 0, 0, 
457, 0, 525, -1, -1, 308, 76, 183.0, 9, , 53, 0, 0, 0, , 0, 0, 0, 0, 0, 
458, 0, 526, -1, -1, 237, 123, 205.0, 11, , 108, 0, 0, 0, , 0, 0, 0, 0, 0, 
459, 0, 527, -1, -1, 185, 109, 67.0, 11, , 69, 0, 0, 0, , 0, 0, 0, 0, 0, 
460, 0, 529, -1, -1, 111, 78, 116.0, 9, , 24, 0, 0, 0, , 0, 0, 0, 0, 0, 
461, 0, 530, -1, -1, 134, 35, 124.0, 11, , 55, 0, 0, 0, , 0, 0, 0, 0, 0, 
462, 0, 531, -1, -1, 94, 97, 136.0, 11, , 145, 0, 0, 0, , 0, 0, 0, 0, 0, 
463, 0, 532, -1, -1, 194, 72, 140.0, 7, , 28, 0, 0, 0, , 0, 0, 0, 0, 0, 
464, 0, 533, -1, -1, 136, 167, 159.0, 10, , 32, 0, 0, 0, , 0, 0, 0, 0, 0, 
465, 0, 534, -1, -1, 135, 167, 161.0, 7, , 28, 0, 0, 0, , 0, 0, 0, 0, 0, 
466, 0, 535, -1, -1, 74, 86, 170.0, 9, , 20, 0, 0, 0, , 0, 0, 0, 0, 0, 
467, 0, 537, -1, -1, 158, 50, 172.0, 10, , 34, 0, 0, 0, , 0, 0, 0, 0, 0, 
468, 0, 538, -1, -1, 263, 120, 180.0, 11, , 132, 0, 0, 0, , 0, 0, 0, 0, 0, 
469, 0, 539, -1, -1, 236, 52, 185.0, 10, , 93, 0, 0, 0, , 0, 0, 0, 0, 0, 
470, 0, 540, -1, -1, 164, 56, 196.0, 9, , 33, 0, 0, 0, , 0, 0, 0, 0, 0, 
471, 0, 541, -1, -1, 131, 123, 206.0, 11, , 156, 0, 0, 0, , 0, 0, 0, 0, 0, 
472, 0, 542, -1, -1, 198, 151, 71.0, 11, , 42, 0, 0, 0, , 0, 0, 0, 0, 0, 
473, 0, 543, -1, -1, 144, 77, 108.0, 13, , 124, 0, 0, 0, , 0, 0, 0, 0, 0, 
474, 0, 544, -1, -1, 189, 32, 118.0, 11, , 26, 0, 0, 0, , 0, 0, 0, 0, 0, 
475, 0, 545, -1, -1, 280, 157, 138.0, 11, , 83, 0, 0, 0, , 0, 0, 0, 0, 0, 
476, 0, 546, -1, -1, 77, 82, 145.0, 11, , 39, 0, 0, 0, , 0, 0, 0, 0, 0, 
477, 0, 547, -1, -1, 113, 43, 156.0, 11, , 173, 0, 0, 0, , 0, 0, 0, 0, 0, 
478, 0, 548, -1, -1, 170, 52, 167.0, 11, , 52, 0, 0, 0, , 0, 0, 0, 0, 0, 
479, 0, 549, -1, -1, 271, 149, 172.0, 7, , 54, 0, 0, 0, , 0, 0, 0, 0, 0, 
480, 0, 550, -1, -1, 75, 83, 176.0, 7, , 12, 0, 0, 0, , 0, 0, 0, 0, 0, 
481, 0, 551, -1, -1, 106, 142, 190.0, 11, , 88, 0, 0, 0, , 0, 0, 0, 0, 0, 
482, 0, 552, -1, -1, 297, 130, 190.0, 11, , 59, 0, 0, 0, , 0, 0, 0, 0, 0, 
483, 0, 553, -1, -1, 131, 124, 203.0, 13, , 84, 0, 0, 0, , 0, 0, 0, 0, 0, 
484, 0, 554, -1, -1, 158, 103, 167.0, 9, , 64, 0, 0, 0, , 0, 0, 0, 0, 0, 
485, 0, 555, -1, -1, 236, 52, 183.0, 7, , 38, 0, 0, 0, , 0, 0, 0, 0, 0, 
486, 0, 556, -1, -1, 289, 105, 187.0, 11, , 98, 0, 0, 0, , 0, 0, 0, 0, 0, 
487, 0, 557, -1, -1, 139, 68, 205.0, 13, , 182, 0, 0, 0, , 0, 0, 0, 0, 0, 
488, 0, 558, -1, -1, 199, 34, 168.0, 11, , 228, 0, 0, 0, , 0, 0, 0, 0, 0, 
489, 0, 559, -1, -1, 101, 136, 80.0, 10, , 357, 0, 0, 0, , 0, 0, 0, 0, 0, 
490, 0, 560, -1, -1, 197, 150, 79.0, 11, , 87, 0, 0, 0, , 0, 0, 0, 0, 0, 
491, 0, 564, -1, -1, 127, 156, 104.0, 13, , 543, 0, 0, 0, , 0, 0, 0, 0, 0, 
492, 0, 565, -1, -1, 161, 170, 119.0, 11, , 88, 0, 0, 0, , 0, 0, 0, 0, 0, 
493, 0, 566, -1, -1, 76, 117, 114.0, 11, , 50, 0, 0, 0, , 0, 0, 0, 0, 0, 
494, 0, 567, -1, -1, 185, 39, 126.0, 11, , 94, 0, 0, 0, , 0, 0, 0, 0, 0, 
495, 0, 568, -1, -1, 155, 57, 131.0, 11, , 27, 0, 0, 0, , 0, 0, 0, 0, 0, 
496, 0, 569, -1, -1, 83, 112, 133.0, 11, , 186, 0, 0, 0, , 0, 0, 0, 0, 0, 
497, 0, 572, -1, -1, 69, 147, 142.0, 13, , 53, 0, 0, 0, , 0, 0, 0, 0, 0, 
498, 0, 574, -1, -1, 74, 146, 146.0, 11, , 45, 0, 0, 0, , 0, 0, 0, 0, 0, 
499, 0, 575, -1, -1, 208, 163, 148.0, 9, , 57, 0, 0, 0, , 0, 0, 0, 0, 0, 
500, 0, 577, -1, -1, 192, 35, 151.0, 11, , 114, 0, 0, 0, , 0, 0, 0, 0, 0, 
501, 0, 578, -1, -1, 97, 73, 156.0, 9, , 37, 0, 0, 0, , 0, 0, 0, 0, 0, 
502, 0, 579, -1, -1, 72, 105, 156.0, 9, , 28, 0, 0, 0, , 0, 0, 0, 0, 0, 
503, 0, 580, -1, -1, 273, 146, 155.0, 7, , 17, 0, 0, 0, , 0, 0, 0, 0, 0, 
504, 0, 581, -1, -1, 160, 111, 159.0, 10, , 16, 0, 0, 0, , 0, 0, 0, 0, 0, 
505, 0, 582, -1, -1, 316, 94, 167.0, 13, , 79, 0, 0, 0, , 0, 0, 0, 0, 0, 
506, 0, 583, -1, -1, 215, 171, 166.0, 11, , 60, 0, 0, 0, , 0, 0, 0, 0, 0, 
507, 0, 584, -1, -1, 134, 128, 171.0, 10, , 77, 0, 0, 0, , 0, 0, 0, 0, 0, 
508, 0, 586, -1, -1, 293, 63, 171.0, 11, , 106, 0, 0, 0, , 0, 0, 0, 0, 0, 
509, 0, 587, -1, -1, 169, 85, 176.0, 9, , 35, 0, 0, 0, , 0, 0, 0, 0, 0, 
510, 0, 589, -1, -1, 78, 101, 185.0, 9, , 43, 0, 0, 0, , 0, 0, 0, 0, 0, 
511, 0, 590, -1, -1, 149, 92, 181.0, 11, , 132, 0, 0, 0, , 0, 0, 0, 0, 0, 
512, 0, 592, -1, -1, 71, 89, 186.0, 9, , 29, 0, 0, 0, , 0, 0, 0, 0, 0, 
513, 0, 593, -1, -1, 273, 68, 188.0, 13, , 37, 0, 0, 0, , 0, 0, 0, 0, 0, 
514, 0, 594, -1, -1, 96, 72, 193.0, 11, , 74, 0, 0, 0, , 0, 0, 0, 0, 0, 
515, 0, 595, -1, -1, 140, 69, 200.0, 11, , 113, 0, 0, 0, , 0, 0, 0, 0, 0, 
516, 0, 596, -1, -1, 228, 106, 204.0, 13, , 145, 0, 0, 0, , 0, 0, 0, 0, 0, 
517, 0, 597, -1, -1, 157, 74, 208.0, 13, , 137, 0, 0, 0, , 0, 0, 0, 0, 0, 
518, 0, 599, -1, -1, 87, 140, 103.0, 11, , 28, 0, 0, 0, , 0, 0, 0, 0, 0, 
519, 0, 600, -1, -1, 165, 109, 105.0, 9, , 24, 0, 0, 0, , 0, 0, 0, 0, 0, 
520, 0, 601, -1, -1, 75, 119, 111.0, 11, , 56, 0, 0, 0, , 0, 0, 0, 0, 0, 
521, 0, 603, -1, -1, 105, 105, 112.0, 9, , 30, 0, 0, 0, , 0, 0, 0, 0, 0, 
522, 0, 604, -1, -1, 102, 164, 123.0, 10, , 5, 0, 0, 0, , 0, 0, 0, 0, 0, 
523, 0, 606, -1, -1, 79, 96, 126.0, 9, , 17, 0, 0, 0, , 0, 0, 0, 0, 0, 
524, 0, 607, -1, -1, 290, 166, 130.0, 11, , 38, 0, 0, 0, , 0, 0, 0, 0, 0, 
525, 0, 608, -1, -1, 268, 41, 143.0, 11, , 114, 0, 0, 0, , 0, 0, 0, 0, 0, 
526, 0, 609, -1, -1, 165, 102, 157.0, 11, , 39, 0, 0, 0, , 0, 0, 0, 0, 0, 
527, 0, 610, -1, -1, 113, 66, 159.0, 9, , 24, 0, 0, 0, , 0, 0, 0, 0, 0, 
528, 0, 611, -1, -1, 144, 140, 163.0, 11, , 91, 0, 0, 0, , 0, 0, 0, 0, 0, 
529, 0, 612, -1, -1, 257, 136, 169.0, 11, , 9, 0, 0, 0, , 0, 0, 0, 0, 0, 
530, 0, 613, -1, -1, 226, 43, 184.0, 9, , 57, 0, 0, 0, , 0, 0, 0, 0, 0, 
531, 0, 615, -1, -1, 181, 100, 206.0, 13, , 35, 0, 0, 0, , 0, 0, 0, 0, 0, 
532, 0, 618, -1, -1, 290, 169, 137.0, 9, , 42, 0, 0, 0, , 0, 0, 0, 0, 0, 
533, 0, 619, -1, -1, 151, 130, 205.0, 9, , 23, 0, 0, 0, , 0, 0, 0, 0, 0, 
534, 0, 623, -1, -1, 81, 152, 96.0, 10, , 55, 0, 0, 0, , 0, 0, 0, 0, 0, 
535, 0, 624, -1, -1, 136, 72, 107.0, 7, , 11, 0, 0, 0, , 0, 0, 0, 0, 0, 
536, 0, 625, -1, -1, 112, 124, 73.0, 9, , 31, 0, 0, 0, , 0, 0, 0, 0, 0, 
537, 0, 626, -1, -1, 94, 136, 107.0, 11, , 26, 0, 0, 0, , 0, 0, 0, 0, 0, 
538, 0, 627, -1, -1, 134, 38, 127.0, 9, , 35, 0, 0, 0, , 0, 0, 0, 0, 0, 
539, 0, 628, -1, -1, 183, 40, 129.0, 9, , 82, 0, 0, 0, , 0, 0, 0, 0, 0, 
540, 0, 629, -1, -1, 158, 181, 136.0, 11, , 73, 0, 0, 0, , 0, 0, 0, 0, 0, 
541, 0, 630, -1, -1, 123, 123, 136.0, 11, , 78, 0, 0, 0, , 0, 0, 0, 0, 0, 
542, 0, 631, -1, -1, 96, 98, 141.0, 11, , 77, 0, 0, 0, , 0, 0, 0, 0, 0, 
543, 0, 632, -1, -1, 299, 168, 146.0, 11, , 54, 0, 0, 0, , 0, 0, 0, 0, 0, 
544, 0, 633, -1, -1, 100, 113, 145.0, 11, , 93, 0, 0, 0, , 0, 0, 0, 0, 0, 
545, 0, 634, -1, -1, 89, 67, 155.0, 9, , 29, 0, 0, 0, , 0, 0, 0, 0, 0, 
546, 0, 635, -1, -1, 262, 176, 158.0, 9, , 58, 0, 0, 0, , 0, 0, 0, 0, 0, 
547, 0, 636, -1, -1, 81, 130, 168.0, 9, , 20, 0, 0, 0, , 0, 0, 0, 0, 0, 
548, 0, 637, -1, -1, 168, 37, 166.0, 10, , 9, 0, 0, 0, , 0, 0, 0, 0, 0, 
549, 0, 638, -1, -1, 263, 171, 174.0, 9, , 38, 0, 0, 0, , 0, 0, 0, 0, 0, 
550, 0, 639, -1, -1, 299, 62, 174.0, 9, , 77, 0, 0, 0, , 0, 0, 0, 0, 0, 
551, 0, 641, -1, -1, 151, 51, 184.0, 9, , 17, 0, 0, 0, , 0, 0, 0, 0, 0, 
552, 0, 642, -1, -1, 304, 110, 186.0, 9, , 33, 0, 0, 0, , 0, 0, 0, 0, 0, 
553, 0, 643, -1, -1, 307, 111, 190.0, 11, , 120, 0, 0, 0, , 0, 0, 0, 0, 0, 
554, 0, 644, -1, -1, 112, 69, 193.0, 10, , 41, 0, 0, 0, , 0, 0, 0, 0, 0, 
555, 0, 645, -1, -1, 130, 126, 211.0, 11, , 150, 0, 0, 0, , 0, 0, 0, 0, 0, 
556, 0, 646, -1, -1, 84, 158, 100.0, 13, , 22, 0, 0, 0, , 0, 0, 0, 0, 0, 
557, 0, 647, -1, -1, 105, 47, 102.0, 9, , 19, 0, 0, 0, , 0, 0, 0, 0, 0, 
558, 0, 648, -1, -1, 104, 80, 117.0, 9, , 45, 0, 0, 0, , 0, 0, 0, 0, 0, 
559, 1, 649, 1047, -1, 141, 176, 138.0, 11, ABalppapppa, 10, 0, 0, 0, , 0, 0, 0, 0, 0, 
560, 0, 650, -1, -1, 270, 39, 146.0, 10, , 31, 0, 0, 0, , 0, 0, 0, 0, 0, 
561, 0, 651, -1, -1, 62, 125, 145.0, 9, , 17, 0, 0, 0, , 0, 0, 0, 0, 0, 
562, 0, 652, -1, -1, 171, 177, 150.0, 9, , 17, 0, 0, 0, , 0, 0, 0, 0, 0, 
563, 0, 653, -1, -1, 263, 171, 168.0, 11, , 35, 0, 0, 0, , 0, 0, 0, 0, 0, 
564, 0, 654, -1, -1, 169, 54, 166.0, 11, , 65, 0, 0, 0, , 0, 0, 0, 0, 0, 
565, 0, 655, -1, -1, 137, 119, 172.0, 9, , 28, 0, 0, 0, , 0, 0, 0, 0, 0, 
566, 0, 657, -1, -1, 196, 133, 176.0, 9, , 27, 0, 0, 0, , 0, 0, 0, 0, 0, 
567, 0, 658, -1, -1, 303, 77, 186.0, 11, , 93, 0, 0, 0, , 0, 0, 0, 0, 0, 
568, 0, 659, -1, -1, 160, 121, 194.0, 9, , 37, 0, 0, 0, , 0, 0, 0, 0, 0, 
569, 0, 660, -1, -1, 275, 97, 193.0, 11, , 54, 0, 0, 0, , 0, 0, 0, 0, 0, 
570, 0, 661, -1, -1, 173, 132, 194.0, 11, , 113, 0, 0, 0, , 0, 0, 0, 0, 0, 
571, 0, 662, -1, -1, 257, 82, 203.0, 10, , 19, 0, 0, 0, , 0, 0, 0, 0, 0, 
572, 0, 663, -1, -1, 247, 108, 208.0, 9, , 24, 0, 0, 0, , 0, 0, 0, 0, 0, 
573, 0, 664, -1, -1, 107, 76, 124.0, 9, , 31, 0, 0, 0, , 0, 0, 0, 0, 0, 
574, 0, 665, -1, -1, 101, 113, 141.0, 11, , 95, 0, 0, 0, , 0, 0, 0, 0, 0, 
575, 0, 666, -1, -1, 116, 100, 150.0, 9, , 31, 0, 0, 0, , 0, 0, 0, 0, 0, 
576, 0, 667, -1, -1, 166, 160, 158.0, 9, , 23, 0, 0, 0, , 0, 0, 0, 0, 0, 
577, 0, 668, -1, -1, 264, 125, 195.0, 11, , 100, 0, 0, 0, , 0, 0, 0, 0, 0, 
578, 0, 669, -1, -1, 187, 72, 193.0, 9, , 88, 0, 0, 0, , 0, 0, 0, 0, 0, 
579, 0, 670, -1, -1, 220, 74, 200.0, 9, , 66, 0, 0, 0, , 0, 0, 0, 0, 0, 
580, 0, 671, -1, -1, 264, 125, 200.0, 11, , 77, 0, 0, 0, , 0, 0, 0, 0, 0, 
581, 0, 672, -1, -1, 160, 135, 209.0, 17, , 403, 0, 0, 0, , 0, 0, 0, 0, 0, 
582, 0, 674, -1, -1, 261, 144, 77.0, 11, , 41, 0, 0, 0, , 0, 0, 0, 0, 0, 
583, 0, 679, -1, -1, 156, 145, 94.0, 9, , 15, 0, 0, 0, , 0, 0, 0, 0, 0, 
584, 0, 680, -1, -1, 103, 81, 116.0, 11, , 61, 0, 0, 0, , 0, 0, 0, 0, 0, 
585, 0, 681, -1, -1, 67, 152, 121.0, 9, , 18, 0, 0, 0, , 0, 0, 0, 0, 0, 
586, 0, 682, -1, -1, 91, 49, 125.0, 9, , 29, 0, 0, 0, , 0, 0, 0, 0, 0, 
587, 0, 683, -1, -1, 225, 178, 129.0, 11, , 70, 0, 0, 0, , 0, 0, 0, 0, 0, 
588, 0, 684, -1, -1, 85, 112, 127.0, 11, , 281, 0, 0, 0, , 0, 0, 0, 0, 0, 
589, 0, 685, -1, -1, 115, 99, 141.0, 9, , 29, 0, 0, 0, , 0, 0, 0, 0, 0, 
590, 0, 687, -1, -1, 117, 104, 144.0, 9, , 25, 0, 0, 0, , 0, 0, 0, 0, 0, 
591, 0, 688, -1, -1, 207, 165, 145.0, 13, , 167, 0, 0, 0, , 0, 0, 0, 0, 0, 
592, 0, 689, -1, -1, 80, 121, 147.0, 9, , 70, 0, 0, 0, , 0, 0, 0, 0, 0, 
593, 0, 690, -1, -1, 68, 82, 149.0, 11, , 38, 0, 0, 0, , 0, 0, 0, 0, 0, 
594, 0, 691, -1, -1, 126, 164, 146.0, 10, , 32, 0, 0, 0, , 0, 0, 0, 0, 0, 
595, 0, 693, -1, -1, 199, 36, 152.0, 9, , 81, 0, 0, 0, , 0, 0, 0, 0, 0, 
596, 0, 694, -1, -1, 79, 131, 155.0, 9, , 51, 0, 0, 0, , 0, 0, 0, 0, 0, 
597, 0, 695, -1, -1, 112, 90, 162.0, 9, , 23, 0, 0, 0, , 0, 0, 0, 0, 0, 
598, 0, 697, -1, -1, 122, 111, 177.0, 11, , 268, 0, 0, 0, , 0, 0, 0, 0, 0, 
599, 0, 698, -1, -1, 221, 72, 185.0, 9, , 27, 0, 0, 0, , 0, 0, 0, 0, 0, 
600, 0, 699, -1, -1, 124, 144, 184.0, 7, , 36, 0, 0, 0, , 0, 0, 0, 0, 0, 
601, 0, 700, -1, -1, 196, 136, 191.0, 10, , 31, 0, 0, 0, , 0, 0, 0, 0, 0, 
602, 0, 701, -1, -1, 158, 76, 198.0, 9, , 40, 0, 0, 0, , 0, 0, 0, 0, 0, 
603, 0, 703, -1, -1, 100, 97, 196.0, 9, , 51, 0, 0, 0, , 0, 0, 0, 0, 0, 
604, 0, 704, -1, -1, 155, 69, 198.0, 9, , 8, 0, 0, 0, , 0, 0, 0, 0, 0, 
605, 0, 705, -1, -1, 201, 107, 202.0, 11, , 179, 0, 0, 0, , 0, 0, 0, 0, 0, 
606, 0, 706, -1, -1, 119, 123, 86.0, 7, , 20, 0, 0, 0, , 0, 0, 0, 0, 0, 
607, 0, 709, -1, -1, 267, 41, 140.0, 9, , 54, 0, 0, 0, , 0, 0, 0, 0, 0, 
608, 0, 710, -1, -1, 150, 165, 167.0, 10, , 54, 0, 0, 0, , 0, 0, 0, 0, 0, 
609, 0, 711, -1, -1, 115, 161, 169.0, 11, , 50, 0, 0, 0, , 0, 0, 0, 0, 0, 
610, 0, 712, -1, -1, 123, 110, 175.0, 9, , 56, 0, 0, 0, , 0, 0, 0, 0, 0, 
611, 0, 713, -1, -1, 103, 122, 180.0, 11, , 73, 0, 0, 0, , 0, 0, 0, 0, 0, 
612, 0, 714, -1, -1, 289, 149, 186.0, 13, , 17, 0, 0, 0, , 0, 0, 0, 0, 0, 
613, 0, 715, -1, -1, 147, 54, 187.0, 10, , 84, 0, 0, 0, , 0, 0, 0, 0, 0, 
614, 0, 717, -1, -1, 174, 82, 202.0, 11, , 118, 0, 0, 0, , 0, 0, 0, 0, 0, 
615, 0, 718, -1, -1, 213, 99, 203.0, 9, , 113, 0, 0, 0, , 0, 0, 0, 0, 0, 
616, 0, 719, -1, -1, 167, 113, 209.0, 10, , 47, 0, 0, 0, , 0, 0, 0, 0, 0, 
617, 0, 720, -1, -1, 151, 128, 116.0, 11, , 76, 0, 0, 0, , 0, 0, 0, 0, 0, 
618, 0, 721, -1, -1, 213, 100, 200.0, 9, , 36, 0, 0, 0, , 0, 0, 0, 0, 0, 
619, 0, 722, -1, -1, 105, 129, 78.0, 7, , 24, 0, 0, 0, , 0, 0, 0, 0, 0, 
620, 0, 723, -1, -1, 82, 74, 116.0, 9, , 7, 0, 0, 0, , 0, 0, 0, 0, 0, 
621, 0, 724, -1, -1, 121, 42, 130.0, 11, , 9, 0, 0, 0, , 0, 0, 0, 0, 0, 
622, 0, 725, -1, -1, 163, 101, 145.0, 11, , 74, 0, 0, 0, , 0, 0, 0, 0, 0, 
623, 0, 727, -1, -1, 130, 142, 153.0, 11, , 11, 0, 0, 0, , 0, 0, 0, 0, 0, 
624, 0, 728, -1, -1, 295, 63, 153.0, 11, , 32, 0, 0, 0, , 0, 0, 0, 0, 0, 
625, 0, 729, -1, -1, 87, 109, 158.0, 10, , 55, 0, 0, 0, , 0, 0, 0, 0, 0, 
626, 0, 730, -1, -1, 135, 174, 167.0, 11, , 35, 0, 0, 0, , 0, 0, 0, 0, 0, 
627, 0, 731, -1, -1, 152, 88, 164.0, 11, , 36, 0, 0, 0, , 0, 0, 0, 0, 0, 
628, 0, 732, -1, -1, 130, 62, 174.0, 9, , 66, 0, 0, 0, , 0, 0, 0, 0, 0, 
629, 0, 733, -1, -1, 115, 54, 181.0, 11, , 102, 0, 0, 0, , 0, 0, 0, 0, 0, 
630, 0, 734, -1, -1, 294, 65, 176.0, 13, , 127, 0, 0, 0, , 0, 0, 0, 0, 0, 
631, 0, 736, -1, -1, 283, 86, 183.0, 11, , 63, 0, 0, 0, , 0, 0, 0, 0, 0, 
632, 0, 737, -1, -1, 160, 123, 186.0, 9, , 53, 0, 0, 0, , 0, 0, 0, 0, 0, 
633, 0, 738, -1, -1, 98, 95, 191.0, 13, , 15, 0, 0, 0, , 0, 0, 0, 0, 0, 
634, 0, 739, -1, -1, 135, 121, 194.0, 9, , 79, 0, 0, 0, , 0, 0, 0, 0, 0, 
635, 0, 740, -1, -1, 258, 83, 196.0, 11, , 49, 0, 0, 0, , 0, 0, 0, 0, 0, 
636, 0, 741, -1, -1, 208, 98, 211.0, 10, , 112, 0, 0, 0, , 0, 0, 0, 0, 0, 
637, 0, 742, -1, -1, 114, 98, 211.0, 9, , 37, 0, 0, 0, , 0, 0, 0, 0, 0, 
638, 0, 743, -1, -1, 121, 102, 210.0, 11, , 91, 0, 0, 0, , 0, 0, 0, 0, 0, 
639, 0, 744, -1, -1, 100, 95, 165.0, 9, , 13, 0, 0, 0, , 0, 0, 0, 0, 0, 
640, 0, 745, -1, -1, 125, 145, 171.0, 11, , 100, 0, 0, 0, , 0, 0, 0, 0, 0, 
641, 0, 746, -1, -1, 119, 56, 178.0, 10, , 15, 0, 0, 0, , 0, 0, 0, 0, 0, 
642, 0, 747, -1, -1, 245, 93, 203.0, 9, , 67, 0, 0, 0, , 0, 0, 0, 0, 0, 
643, 0, 749, -1, -1, 160, 170, 112.0, 9, , 55, 0, 0, 0, , 0, 0, 0, 0, 0, 
644, 0, 750, -1, -1, 114, 103, 65.0, 11, , 10, 0, 0, 0, , 0, 0, 0, 0, 0, 
645, 0, 751, -1, -1, 147, 156, 70.0, 11, , 34, 0, 0, 0, , 0, 0, 0, 0, 0, 
646, 0, 752, -1, -1, 189, 135, 73.0, 9, , 37, 0, 0, 0, , 0, 0, 0, 0, 0, 
647, 0, 753, -1, -1, 141, 76, 79.0, 9, , 16, 0, 0, 0, , 0, 0, 0, 0, 0, 
648, 0, 754, -1, -1, 124, 88, 86.0, 9, , 33, 0, 0, 0, , 0, 0, 0, 0, 0, 
649, 0, 755, -1, -1, 104, 168, 107.0, 10, , 21, 0, 0, 0, , 0, 0, 0, 0, 0, 
650, 0, 756, -1, -1, 120, 144, 105.0, 9, , 20, 0, 0, 0, , 0, 0, 0, 0, 0, 
651, 0, 757, -1, -1, 168, 72, 115.0, 11, , 33, 0, 0, 0, , 0, 0, 0, 0, 0, 
652, 0, 758, -1, -1, 88, 145, 121.0, 13, , 24, 0, 0, 0, , 0, 0, 0, 0, 0, 
653, 0, 759, -1, -1, 120, 39, 121.0, 9, , 14, 0, 0, 0, , 0, 0, 0, 0, 0, 
654, 0, 760, -1, -1, 170, 74, 122.0, 11, , 30, 0, 0, 0, , 0, 0, 0, 0, 0, 
655, 0, 761, -1, -1, 153, 128, 126.0, 11, , 100, 0, 0, 0, , 0, 0, 0, 0, 0, 
656, 0, 762, -1, -1, 76, 98, 133.0, 9, , 8, 0, 0, 0, , 0, 0, 0, 0, 0, 
657, 0, 763, -1, -1, 141, 105, 136.0, 10, , 35, 0, 0, 0, , 0, 0, 0, 0, 0, 
658, 0, 764, -1, -1, 140, 105, 139.0, 11, , 65, 0, 0, 0, , 0, 0, 0, 0, 0, 
659, 0, 765, -1, -1, 173, 124, 142.0, 9, , 28, 0, 0, 0, , 0, 0, 0, 0, 0, 
660, 0, 766, -1, -1, 280, 157, 145.0, 9, , 44, 0, 0, 0, , 0, 0, 0, 0, 0, 
661, 0, 767, -1, -1, 253, 63, 150.0, 9, , 7, 0, 0, 0, , 0, 0, 0, 0, 0, 
662, 0, 768, -1, -1, 305, 154, 163.0, 11, , 85, 0, 0, 0, , 0, 0, 0, 0, 0, 
663, 0, 769, -1, -1, 90, 82, 171.0, 11, , 53, 0, 0, 0, , 0, 0, 0, 0, 0, 
664, 0, 770, -1, -1, 90, 139, 179.0, 11, , 36, 0, 0, 0, , 0, 0, 0, 0, 0, 
665, 0, 771, -1, -1, 108, 145, 183.0, 10, , 28, 0, 0, 0, , 0, 0, 0, 0, 0, 
666, 0, 772, -1, -1, 131, 72, 189.0, 11, , 30, 0, 0, 0, , 0, 0, 0, 0, 0, 
667, 0, 773, -1, -1, 171, 132, 190.0, 11, , 63, 0, 0, 0, , 0, 0, 0, 0, 0, 
668, 0, 774, -1, -1, 126, 132, 196.0, 10, , 64, 0, 0, 0, , 0, 0, 0, 0, 0, 
669, 0, 775, -1, -1, 179, 151, 196.0, 7, , 18, 0, 0, 0, , 0, 0, 0, 0, 0, 
670, 0, 776, -1, -1, 283, 118, 197.0, 9, , 35, 0, 0, 0, , 0, 0, 0, 0, 0, 
671, 0, 777, -1, -1, 178, 149, 201.0, 9, , 49, 0, 0, 0, , 0, 0, 0, 0, 0, 
672, 0, 778, -1, -1, 200, 111, 207.0, 9, , 17, 0, 0, 0, , 0, 0, 0, 0, 0, 
673, 0, 779, -1, -1, 181, 41, 133.0, 9, , 73, 0, 0, 0, , 0, 0, 0, 0, 0, 
674, 0, 780, -1, -1, 135, 128, 143.0, 9, , 82, 0, 0, 0, , 0, 0, 0, 0, 0, 
675, 0, 781, -1, -1, 74, 123, 147.0, 9, , 22, 0, 0, 0, , 0, 0, 0, 0, 0, 
676, 0, 782, -1, -1, 139, 153, 150.0, 9, , 18, 0, 0, 0, , 0, 0, 0, 0, 0, 
677, 0, 783, -1, -1, 113, 90, 160.0, 9, , 23, 0, 0, 0, , 0, 0, 0, 0, 0, 
678, 0, 784, -1, -1, 139, 120, 167.0, 9, , 47, 0, 0, 0, , 0, 0, 0, 0, 0, 
679, 0, 785, -1, -1, 116, 160, 174.0, 13, , 58, 0, 0, 0, , 0, 0, 0, 0, 0, 
680, 0, 786, -1, -1, 152, 39, 178.0, 9, , 66, 0, 0, 0, , 0, 0, 0, 0, 0, 
681, 0, 788, -1, -1, 257, 81, 200.0, 7, , 29, 0, 0, 0, , 0, 0, 0, 0, 0, 
682, 0, 789, -1, -1, 178, 148, 204.0, 9, , 37, 0, 0, 0, , 0, 0, 0, 0, 0, 
683, 0, 790, -1, -1, 142, 98, 205.0, 9, , 40, 0, 0, 0, , 0, 0, 0, 0, 0, 
684, 0, 791, -1, -1, 165, 101, 210.0, 9, , 61, 0, 0, 0, , 0, 0, 0, 0, 0, 
685, 0, 792, -1, -1, 135, 126, 151.0, 9, , 59, 0, 0, 0, , 0, 0, 0, 0, 0, 
686, 0, 793, -1, -1, 123, 115, 168.0, 11, , 161, 0, 0, 0, , 0, 0, 0, 0, 0, 
687, 0, 794, -1, -1, 150, 110, 177.0, 17, , 168, 0, 0, 0, , 0, 0, 0, 0, 0, 
688, 0, 795, -1, -1, 138, 122, 187.0, 9, , 78, 0, 0, 0, , 0, 0, 0, 0, 0, 
689, 0, 796, -1, -1, 142, 88, 194.0, 9, , 106, 0, 0, 0, , 0, 0, 0, 0, 0, 
690, 0, 797, -1, -1, 247, 95, 198.0, 9, , 33, 0, 0, 0, , 0, 0, 0, 0, 0, 
691, 0, 798, -1, -1, 198, 138, 201.0, 9, , 29, 0, 0, 0, , 0, 0, 0, 0, 0, 
692, 0, -1, -1, -1, 190, 96, 64.0, 7, , 11, 0, 0, 0, , 0, 0, 0, 0, 0, 
693, 0, -1, -1, -1, 160, 73, 82.0, 9, , 45, 0, 0, 0, , 0, 0, 0, 0, 0, 
694, 0, -1, -1, -1, 167, 166, 106.0, 9, , 53, 0, 0, 0, , 0, 0, 0, 0, 0, 
695, 0, -1, -1, -1, 173, 141, 108.0, 9, , 21, 0, 0, 0, , 0, 0, 0, 0, 0, 
696, 0, -1, -1, -1, 108, 168, 113.0, 9, , 22, 0, 0, 0, , 0, 0, 0, 0, 0, 
697, 0, -1, -1, -1, 138, 72, 126.0, 11, , 12, 0, 0, 0, , 0, 0, 0, 0, 0, 
698, 0, -1, -1, -1, 67, 153, 127.0, 9, , 26, 0, 0, 0, , 0, 0, 0, 0, 0, 
699, 0, -1, -1, -1, 101, 166, 128.0, 11, , 54, 0, 0, 0, , 0, 0, 0, 0, 0, 
700, 0, -1, -1, -1, 66, 153, 129.0, 9, , 17, 0, 0, 0, , 0, 0, 0, 0, 0, 
701, 0, -1, -1, -1, 127, 159, 131.0, 13, , 104, 0, 0, 0, , 0, 0, 0, 0, 0, 
702, 0, -1, -1, -1, 157, 180, 131.0, 11, , 21, 0, 0, 0, , 0, 0, 0, 0, 0, 
703, 0, -1, -1, -1, 226, 177, 132.0, 9, , 8, 0, 0, 0, , 0, 0, 0, 0, 0, 
704, 0, -1, -1, -1, 119, 177, 135.0, 9, , 20, 0, 0, 0, , 0, 0, 0, 0, 0, 
705, 0, -1, -1, -1, 254, 175, 137.0, 9, , 27, 0, 0, 0, , 0, 0, 0, 0, 0, 
706, 0, -1, -1, -1, 87, 164, 143.0, 10, , 14, 0, 0, 0, , 0, 0, 0, 0, 0, 
707, 0, -1, -1, -1, 136, 128, 145.0, 11, , 101, 0, 0, 0, , 0, 0, 0, 0, 0, 
708, 0, -1, -1, -1, 224, 177, 146.0, 9, , 27, 0, 0, 0, , 0, 0, 0, 0, 0, 
709, 0, -1, -1, -1, 112, 49, 147.0, 10, , 35, 0, 0, 0, , 0, 0, 0, 0, 0, 
710, 0, -1, -1, -1, 128, 164, 150.0, 10, , 60, 0, 0, 0, , 0, 0, 0, 0, 0, 
711, 0, -1, -1, -1, 85, 112, 151.0, 11, , 61, 0, 0, 0, , 0, 0, 0, 0, 0, 
712, 0, -1, -1, -1, 190, 170, 154.0, 11, , 24, 0, 0, 0, , 0, 0, 0, 0, 0, 
713, 0, -1, -1, -1, 299, 63, 159.0, 9, , 61, 0, 0, 0, , 0, 0, 0, 0, 0, 
714, 0, -1, -1, -1, 155, 108, 160.0, 9, , 149, 0, 0, 0, , 0, 0, 0, 0, 0, 
715, 0, -1, -1, -1, 139, 99, 162.0, 11, , 79, 0, 0, 0, , 0, 0, 0, 0, 0, 
716, 0, -1, -1, -1, 189, 171, 162.0, 9, , 17, 0, 0, 0, , 0, 0, 0, 0, 0, 
717, 0, -1, -1, -1, 272, 148, 162.0, 7, , 18, 0, 0, 0, , 0, 0, 0, 0, 0, 
718, 0, -1, -1, -1, 153, 158, 168.0, 9, , 30, 0, 0, 0, , 0, 0, 0, 0, 0, 
719, 0, -1, -1, -1, 194, 135, 169.0, 7, , 11, 0, 0, 0, , 0, 0, 0, 0, 0, 
720, 0, -1, -1, -1, 122, 163, 172.0, 10, , 60, 0, 0, 0, , 0, 0, 0, 0, 0, 
721, 0, -1, -1, -1, 113, 80, 174.0, 9, , 25, 0, 0, 0, , 0, 0, 0, 0, 0, 
722, 0, -1, -1, -1, 162, 49, 174.0, 9, , 74, 0, 0, 0, , 0, 0, 0, 0, 0, 
723, 0, -1, -1, -1, 106, 143, 179.0, 11, , 85, 0, 0, 0, , 0, 0, 0, 0, 0, 
724, 0, -1, -1, -1, 308, 78, 180.0, 11, , 65, 0, 0, 0, , 0, 0, 0, 0, 0, 
725, 0, -1, -1, -1, 115, 72, 183.0, 11, , 64, 0, 0, 0, , 0, 0, 0, 0, 0, 
726, 0, -1, -1, -1, 128, 126, 184.0, 9, , 69, 0, 0, 0, , 0, 0, 0, 0, 0, 
727, 0, -1, -1, -1, 288, 88, 185.0, 9, , 54, 0, 0, 0, , 0, 0, 0, 0, 0, 
728, 0, -1, -1, -1, 138, 90, 188.0, 9, , 32, 0, 0, 0, , 0, 0, 0, 0, 0, 
729, 0, -1, -1, -1, 119, 54, 189.0, 11, , 76, 0, 0, 0, , 0, 0, 0, 0, 0, 
730, 0, -1, -1, -1, 207, 121, 189.0, 11, , 12, 0, 0, 0, , 0, 0, 0, 0, 0, 
731, 0, -1, -1, -1, 214, 143, 192.0, 9, , 24, 0, 0, 0, , 0, 0, 0, 0, 0, 
732, 0, -1, -1, -1, 237, 121, 193.0, 11, , 36, 0, 0, 0, , 0, 0, 0, 0, 0, 
733, 0, -1, -1, -1, 210, 122, 194.0, 9, , 21, 0, 0, 0, , 0, 0, 0, 0, 0, 
734, 0, -1, -1, -1, 132, 148, 195.0, 13, , 168, 0, 0, 0, , 0, 0, 0, 0, 0, 
735, 0, -1, -1, -1, 173, 116, 197.0, 10, , 53, 0, 0, 0, , 0, 0, 0, 0, 0, 
736, 0, -1, -1, -1, 168, 57, 200.0, 10, , 66, 0, 0, 0, , 0, 0, 0, 0, 0, 
737, 0, -1, -1, -1, 147, 130, 204.0, 9, , 75, 0, 0, 0, , 0, 0, 0, 0, 0, 
738, 0, -1, -1, -1, 163, 138, 207.0, 9, , 52, 0, 0, 0, , 0, 0, 0, 0, 0, 
739, 0, -1, -1, -1, 156, 134, 210.0, 9, , 183, 0, 0, 0, , 0, 0, 0, 0, 0, 
740, 0, -1, -1, -1, 74, 123, 140.0, 9, , 21, 0, 0, 0, , 0, 0, 0, 0, 0, 
741, 0, -1, -1, -1, 128, 129, 182.0, 11, , 60, 0, 0, 0, , 0, 0, 0, 0, 0, 
742, 0, -1, -1, -1, 135, 125, 182.0, 9, , 46, 0, 0, 0, , 0, 0, 0, 0, 0, 
743, 0, -1, -1, -1, 158, 73, 193.0, 11, , 42, 0, 0, 0, , 0, 0, 0, 0, 0, 
744, 0, -1, -1, -1, 195, 140, 196.0, 9, , 36, 0, 0, 0, , 0, 0, 0, 0, 0, 
745, 0, -1, -1, -1, 140, 72, 197.0, 9, , 41, 0, 0, 0, , 0, 0, 0, 0, 0, 
746, 0, -1, -1, -1, 169, 63, 198.0, 9, , 53, 0, 0, 0, , 0, 0, 0, 0, 0, 
747, 0, -1, -1, -1, 248, 107, 210.0, 9, , 27, 0, 0, 0, , 0, 0, 0, 0, 0, 
748, 0, -1, -1, -1, 143, 166, 129.0, 9, , 24, 0, 0, 0, , 0, 0, 0, 0, 0, 
749, 0, -1, -1, -1, 265, 125, 203.0, 9, , 39, 0, 0, 0, , 0, 0, 0, 0, 0, 
750, 1, 799, 999, -1, 264, 96, 142.0, 16, Eprpa, 0, 0, 0, 0, , 0, 0, 0, 0, 0, 
751, 0, 800, -1, -1, 113, 44, 147.0, 15, , 0, 0, 0, 0, , 0, 0, 0, 0, 0, 
752, 1, 801, 1001, -1, 131, 124, 207.0, 15, ABarappaaa, 0, 0, 0, 0, , 0, 0, 0, 0, 0, 
753, 1, 802, 1002, -1, 167, 119, 215.0, 17, ABarappapa, 0, 0, 0, 0, , 0, 0, 0, 0, 0, 
754, 1, 803, 1003, -1, 190, 105, 216.0, 17, ABarappapp, 0, 0, 0, 0, , 0, 0, 0, 0, 0, 
755, 1, 804, 1004, -1, 158, 135, 213.0, 15, ABarappaap, 0, 0, 0, 0, , 0, 0, 0, 0, 0, 
756, 1, 805, 1005, -1, 118, 101, 208.0, 16, ABarapppaa, 0, 0, 0, 0, , 0, 0, 0, 0, 0, 
757, 1, 806, 1006, -1, 143, 115, 214.0, 16, ABarapppap, 0, 0, 0, 0, , 0, 0, 0, 0, 0, 
758, 1, 807, 1007, -1, 127, 99, 201.0, 15, ABarappppa, 0, 0, 0, 0, , 0, 0, 0, 0, 0, 
759, 1, 809, 1434, -1, 165, 101, 207.0, 13, ABarapppppp, 0, 0, 0, 0, , 0, 0, 0, 0, 0, 
760, 1, 808, 1008, -1, 142, 96, 208.0, 15, ABarapppppa, 0, 0, 0, 0, , 0, 0, 0, 0, 0, 
761, 1, 810, 1009, -1, 102, 124, 187.0, 15, ABarapaaaa, 0, 0, 0, 0, , 0, 0, 0, 0, 0, 
762, 0, 811, -1, -1, 108, 125, 186.7742, 14, , 0, 0, 0, 0, , 0, 0, 0, 0, 0, 
763, 1, 812, 1011, -1, 121, 130, 195.0, 17, ABarapaaap, 0, 0, 0, 0, , 0, 0, 0, 0, 0, 
764, 1, 813, 1012, -1, 121, 114, 176.0, 13, ABarapaapa, 0, 0, 0, 0, , 0, 0, 0, 0, 0, 
765, 1, 814, 1013, -1, 136, 121, 192.0, 15, ABarapapaa, 0, 0, 0, 0, , 0, 0, 0, 0, 0, 
766, 1, 815, 1014, -1, 86, 113, 132.0, 14, ABaraapaaa, 0, 0, 0, 0, , 0, 0, 0, 0, 0, 
767, 1, 816, 1015, -1, 152, 128, 123.0, 14, ABaraapapp, 0, 0, 0, 0, , 0, 0, 0, 0, 0, 
768, 1, 817, 1016, -1, 93, 97, 139.0, 17, ABaraappaa, 0, 0, 0, 0, , 0, 0, 0, 0, 0, 
769, 1, 819, 1427, -1, 141, 105, 142.0, 15, ABaraappapp, 0, 0, 0, 0, , 0, 0, 0, 0, 0, 
770, 1, 818, 1017, -1, 115, 101, 145.0, 15, ABaraappapa, 0, 0, 0, 0, , 0, 0, 0, 0, 0, 
771, 1, 820, 1018, -1, 163, 101, 150.0, 14, ABaraapppp, 0, 0, 0, 0, , 0, 0, 0, 0, 0, 
772, 1, 821, 1019, -1, 88, 110, 154.0, 15, ABaraaapaa, 0, 0, 0, 0, , 0, 0, 0, 0, 0, 
773, 1, 822, 1020, -1, 88, 115, 191.0, 15, ABaraaappa, 0, 0, 0, 0, , 0, 0, 0, 0, 0, 
774, 1, 823, 1021, -1, 106, 111, 203.0, 16, ABaraaappp, 0, 0, 0, 0, , 0, 0, 0, 0, 0, 
775, 1, 824, 1022, -1, 86, 118, 177.0, 17, ABaraaaaap, 0, 0, 0, 0, , 0, 0, 0, 0, 0, 
776, 1, 825, 1023, -1, 80, 131, 160.0, 15, ABaraaaaaa, 0, 0, 0, 0, , 0, 0, 0, 0, 0, 
777, 1, 826, 1024, -1, 71, 108, 150.0, 14, ABaraaaapa, 0, 0, 0, 0, , 0, 0, 0, 0, 0, 
778, 1, 827, 1025, -1, 112, 133, 170.0, 15, ABalpaaapa, 0, 0, 0, 0, , 0, 0, 0, 0, 0, 
779, 1, 828, 1026, -1, 128, 143, 158.0, 15, ABalpaaapp, 0, 0, 0, 0, , 0, 0, 0, 0, 0, 
780, 1, 829, 1027, -1, 105, 142, 186.0, 15, ABalpaaaap, 0, 0, 0, 0, , 0, 0, 0, 0, 0, 
781, 1, 830, 1028, -1, 90, 141, 177.0, 15, ABalpaaaaa, 0, 0, 0, 0, , 0, 0, 0, 0, 0, 
782, 1, 832, 1029, -1, 74, 122, 143.0, 13, ABalpaapaaa, 0, 0, 0, 0, , 0, 0, 0, 0, 0, 
783, 1, 833, 1030, -1, 98, 138, 163.0, 14, ABalpaapapa, 0, 0, 0, 0, , 0, 0, 0, 0, 0, 
784, 1, 834, 1031, -1, 125, 145, 176.0, 15, ABalpappaa, 0, 0, 0, 0, , 0, 0, 0, 0, 0, 
785, 1, 835, 1032, -1, 144, 141, 156.0, 15, ABalpapppa, 0, 0, 0, 0, , 0, 0, 0, 0, 0, 
786, 1, 836, 1033, -1, 68, 153, 126.0, 15, ABalppaaaa, 0, 0, 0, 0, , 0, 0, 0, 0, 0, 
787, 1, 837, 1034, -1, 84, 156, 130.0, 16, ABalppaaap, 0, 0, 0, 0, , 0, 0, 0, 0, 0, 
788, 1, 838, 1035, -1, 112, 175, 150.0, 15, ABalppapaa, 0, 0, 0, 0, , 0, 0, 0, 0, 0, 
789, 1, 839, 1036, -1, 135, 172, 158.0, 14, ABalppapap, 0, 0, 0, 0, , 0, 0, 0, 0, 0, 
790, 1, 840, 1037, -1, 122, 164, 142.0, 15, ABalppappa, 0, 0, 0, 0, , 0, 0, 0, 0, 0, 
791, 1, 841, 1038, -1, 83, 153, 167.0, 12, ABalpaappa, 0, 0, 0, 0, , 0, 0, 0, 0, 0, 
792, 1, 842, 1039, -1, 94, 165, 157.0, 15, ABalpaappp, 0, 0, 0, 0, , 0, 0, 0, 0, 0, 
793, 1, 843, 1040, -1, 119, 160, 176.0, 15, ABalpapaaa, 0, 0, 0, 0, , 0, 0, 0, 0, 0, 
794, 1, 844, 1041, -1, 132, 148, 198.0, 15, ABalpapaap, 0, 0, 0, 0, , 0, 0, 0, 0, 0, 
795, 0, 845, -1, -1, 145, 159, 182.42105, 15, , 0, 0, 0, 0, , 0, 0, 0, 0, 0, 
796, 1, 846, 1043, 1044, 150, 161, 171.0, 15, ABalpapapa, 0, 0, 0, 0, , 0, 0, 0, 0, 0, 
797, 1, 847, 1045, -1, 172, 177, 153.0, 14, ABalpapapp, 0, 0, 0, 0, , 0, 0, 0, 0, 0, 
798, 1, 848, 1046, -1, 159, 169, 150.0, 11, ABalppapppp, 0, 0, 0, 0, , 0, 0, 0, 0, 0, 
799, 1, 849, 1048, -1, 143, 128, 87.0, 12, ABalppppppa, 0, 0, 0, 0, , 0, 0, 0, 0, 0, 
800, 1, 850, 1049, -1, 85, 158, 100.583336, 14, ABalpppaap, 0, 0, 0, 0, , 0, 0, 0, 0, 0, 
801, 1, 851, 1050, -1, 96, 167, 121.5, 16, ABalpppaaa, 0, 0, 0, 0, , 0, 0, 0, 0, 0, 
802, 0, 852, -1, -1, 108, 168, 104.0, 14, , 0, 0, 0, 0, , 0, 0, 0, 0, 0, 
803, 0, 853, -1, -1, 117, 151, 81.0, 10, , 0, 0, 0, 0, , 0, 0, 0, 0, 0, 
804, 1, 854, 1053, -1, 62, 104, 128.0, 14, ABalaaapar, 0, 0, 0, 0, , 0, 0, 0, 0, 0, 
805, 1, 855, 1054, -1, 70, 135, 121.0, 14, ABalaaapal, 0, 0, 0, 0, , 0, 0, 0, 0, 0, 
806, 1, 856, 1055, -1, 72, 83, 143.0, 14, ABalaaappl, 0, 0, 0, 0, , 0, 0, 0, 0, 0, 
807, 1, 857, 1056, -1, 72, 82, 162.0, 15, ABalaaappr, 0, 0, 0, 0, , 0, 0, 0, 0, 0, 
808, 1, 859, 1057, -1, 81, 100, 189.5, 15, ABalaapaaa, 0, 0, 0, 0, , 0, 0, 0, 0, 0, 
809, 1, 860, 1058, -1, 97, 95, 198.0, 13, ABalaapaap, 0, 0, 0, 0, , 0, 0, 0, 0, 0, 
810, 0, 861, -1, -1, 107, 85, 194.0, 15, , 0, 0, 0, 0, , 0, 0, 0, 0, 0, 
811, 1, 862, 1060, -1, 119, 80, 201.0, 15, ABalaapapp, 0, 0, 0, 0, , 0, 0, 0, 0, 0, 
812, 1, 863, 1061, -1, 61, 124, 142.0, 15, ABalaaaarl, 0, 0, 0, 0, , 0, 0, 0, 0, 0, 
813, 1, 864, 1062, -1, 68, 101, 162.0, 14, ABalaaaarr, 0, 0, 0, 0, , 0, 0, 0, 0, 0, 
814, 1, 865, 1063, -1, 70, 146, 144.0, 15, ABalaaaala, 0, 0, 0, 0, , 0, 0, 0, 0, 0, 
815, 1, 866, 1064, -1, 94, 164, 141.0, 14, ABalaaaalp, 0, 0, 0, 0, , 0, 0, 0, 0, 0, 
816, 1, 867, 1065, -1, 71, 90, 183.0, 13, ABalaappaa, 0, 0, 0, 0, , 0, 0, 0, 0, 0, 
817, 1, 868, 1066, -1, 84, 88, 182.0, 16, ABalaappap, 0, 0, 0, 0, , 0, 0, 0, 0, 0, 
818, 1, 869, 1067, -1, 91, 82, 169.0, 14, ABalaapppa, 0, 0, 0, 0, , 0, 0, 0, 0, 0, 
819, 1, 870, 1068, 1069, 93, 70, 154.0, 14, ABalaapppp, 0, 0, 0, 0, , 0, 0, 0, 0, 0, 
820, 1, 871, 1070, -1, 86, 145, 119.0, 17, ABalapaapa, 0, 0, 0, 0, , 0, 0, 0, 0, 0, 
821, 1, 872, 1071, 1072, 90, 136, 106.0, 17, ABalapaapp, 0, 0, 0, 0, , 0, 0, 0, 0, 0, 
822, 1, 873, 1073, -1, 75, 117, 111.0, 17, ABalapaaaa, 0, 0, 0, 0, , 0, 0, 0, 0, 0, 
823, 1, 874, 1074, -1, 89, 123, 87.0, 14, ABalapaaap, 0, 0, 0, 0, , 0, 0, 0, 0, 0, 
824, 1, 875, 1075, 1076, 100, 88, 83.0, 15, ABalapapap, 0, 0, 0, 0, , 0, 0, 0, 0, 0, 
825, 1, 876, 1077, -1, 112, 98, 97.0, 15, ABalapapaa, 0, 0, 0, 0, , 0, 0, 0, 0, 0, 
826, 1, 877, 1078, -1, 114, 103, 67.0, 14, ABalapappp, 0, 0, 0, 0, , 0, 0, 0, 0, 0, 
827, 1, 878, 1079, -1, 74, 66, 144.0, 14, ABalappapa, 0, 0, 0, 0, , 0, 0, 0, 0, 0, 
828, 1, 879, 1080, -1, 95, 54, 143.0, 14, ABalappapp, 0, 0, 0, 0, , 0, 0, 0, 0, 0, 
829, 1, 881, 1081, 1082, 120, 41, 122.0, 12, ABalappppp, 0, 0, 0, 0, , 0, 0, 0, 0, 0, 
830, 1, 882, 1083, -1, 115, 132, 153.0, 15, ABalpaapapp, 0, 0, 0, 0, , 0, 0, 0, 0, 0, 
831, 1, 883, 1084, -1, 103, 137, 78.0, 15, ABalppppap, 0, 0, 0, 0, , 0, 0, 0, 0, 0, 
832, 1, 884, 1085, -1, 103, 153, 103.0, 15, ABalppppaa, 0, 0, 0, 0, , 0, 0, 0, 0, 0, 
833, 0, 885, -1, -1, 133, 183, 127.0, 14, , 0, 0, 0, 0, , 0, 0, 0, 0, 0, 
834, 1, 886, 1087, -1, 70, 89, 106.0, 15, ABalappaap, 0, 0, 0, 0, , 0, 0, 0, 0, 0, 
835, 1, 887, 1088, -1, 97, 73, 188.0, 14, ABpraaaaaa, 0, 0, 0, 0, , 0, 0, 0, 0, 0, 
836, 1, 888, 1089, -1, 98, 62, 177.0, 15, ABpraaaaap, 0, 0, 0, 0, , 0, 0, 0, 0, 0, 
837, 1, 889, 1090, -1, 115, 73, 190.0, 15, ABpraaaapa, 0, 0, 0, 0, , 0, 0, 0, 0, 0, 
838, 1, 890, 1091, -1, 116, 54, 182.0, 12, ABpraaaapp, 0, 0, 0, 0, , 0, 0, 0, 0, 0, 
839, 1, 891, 1092, -1, 134, 64, 173.0, 17, ABpraaappa, 0, 0, 0, 0, , 0, 0, 0, 0, 0, 
840, 1, 892, 1093, -1, 190, 40, 174.0, 11, ABpraapppa, 0, 0, 0, 0, , 0, 0, 0, 0, 0, 
841, 1, 893, 1094, -1, 208, 47, 186.0, 16, ABpraapppp, 0, 0, 0, 0, , 0, 0, 0, 0, 0, 
842, 1, 894, 1095, -1, 169, 32, 161.0, 12, ABpraappap, 0, 0, 0, 0, , 0, 0, 0, 0, 0, 
843, 1, 895, 1096, -1, 151, 38, 177.0, 12, ABpraappaa, 0, 0, 0, 0, , 0, 0, 0, 0, 0, 
844, 1, 896, 1097, -1, 240, 51, 184.0, 14, ABprappaaa, 0, 0, 0, 0, , 0, 0, 0, 0, 0, 
845, 1, 897, 1098, -1, 260, 53, 179.4, 15, ABprappaap, 0, 0, 0, 0, , 0, 0, 0, 0, 0, 
846, 1, 898, 1099, -1, 272, 62, 181.0, 15, ABprappapp, 0, 0, 0, 0, , 0, 0, 0, 0, 0, 
847, 1, 899, 1100, -1, 268, 42, 150.25, 14, ABprappapa, 0, 0, 0, 0, , 0, 0, 0, 0, 0, 
848, 1, 900, 1101, -1, 289, 103, 186.0, 12, ABprapppap, 0, 0, 0, 0, , 0, 0, 0, 0, 0, 
849, 1, 901, 1102, -1, 286, 84, 183.75, 10, ABprapppaa, 0, 0, 0, 0, , 0, 0, 0, 0, 0, 
850, 1, 902, 1103, -1, 193, 37, 148.0, 17, ABprapaaap, 0, 0, 0, 0, , 0, 0, 0, 0, 0, 
851, 1, 903, 1104, -1, 185, 36, 133.0, 12, ABprapaaaa, 0, 0, 0, 0, , 0, 0, 0, 0, 0, 
852, 1, 904, 1105, -1, 200, 33, 162.0, 13, ABprapaapa, 0, 0, 0, 0, , 0, 0, 0, 0, 0, 
853, 1, 905, 1106, -1, 229, 40, 176.0, 14, ABprapaapp, 0, 0, 0, 0, , 0, 0, 0, 0, 0, 
854, 1, 906, 1107, -1, 296, 63, 172.0, 14, ABprapapap, 0, 0, 0, 0, , 0, 0, 0, 0, 0, 
855, 1, 907, 1108, -1, 299, 63, 153.5, 14, ABprapapaa, 0, 0, 0, 0, , 0, 0, 0, 0, 0, 
856, 1, 908, 1109, -1, 317, 94, 171.25, 14, ABprapappp, 0, 0, 0, 0, , 0, 0, 0, 0, 0, 
857, 1, 909, 1110, -1, 305, 75, 181.33333, 15, ABprapappa, 0, 0, 0, 0, , 0, 0, 0, 0, 0, 
858, 1, 910, 1111, -1, 179, 165, 117.5, 13, ABplppaaaa, 0, 0, 0, 0, , 0, 0, 0, 0, 0, 
859, 1, 911, 1112, -1, 199, 170, 96.0, 13, ABplppaaap, 0, 0, 0, 0, , 0, 0, 0, 0, 0, 
860, 1, 912, 1113, -1, 206, 165, 148.0, 15, ABplppaapa, 0, 0, 0, 0, , 0, 0, 0, 0, 0, 
861, 1, 913, 1114, -1, 216, 170, 167.0, 14, ABplppaapp, 0, 0, 0, 0, , 0, 0, 0, 0, 0, 
862, 1, 914, 1115, -1, 201, 177, 120.0, 12, ABplppapaa, 0, 0, 0, 0, , 0, 0, 0, 0, 0, 
863, 1, 915, 1116, -1, 224, 179, 123.0, 13, ABplppapap, 0, 0, 0, 0, , 0, 0, 0, 0, 0, 
864, 1, 916, 1117, -1, 221, 176, 142.0, 13, ABplppappa, 0, 0, 0, 0, , 0, 0, 0, 0, 0, 
865, 1, 917, 1118, -1, 250, 175, 139.0, 15, ABplppappp, 0, 0, 0, 0, , 0, 0, 0, 0, 0, 
866, 1, 918, 1119, -1, 240, 172, 154.0, 15, ABplpppaaa, 0, 0, 0, 0, , 0, 0, 0, 0, 0, 
867, 1, 919, 1120, -1, 267, 173, 154.0, 15, ABplpppaap, 0, 0, 0, 0, , 0, 0, 0, 0, 0, 
868, 1, 920, 1121, -1, 232, 162, 177.0, 14, ABplppppaa, 0, 0, 0, 0, , 0, 0, 0, 0, 0, 
869, 1, 921, 1122, -1, 248, 163, 170.0, 14, ABplppppap, 0, 0, 0, 0, , 0, 0, 0, 0, 0, 
870, 1, 922, 1123, -1, 256, 142, 171.0, 15, ABplpppppa, 0, 0, 0, 0, , 0, 0, 0, 0, 0, 
871, 1, 923, 1124, -1, 287, 147, 182.0, 15, ABplpppppp, 0, 0, 0, 0, , 0, 0, 0, 0, 0, 
872, 1, 924, 1125, -1, 126, 161, 128.0, 15, ABplpaaaaa, 0, 0, 0, 0, , 0, 0, 0, 0, 0, 
873, 1, 925, 1126, -1, 132, 173, 108.0, 16, ABplpaaapa, 0, 0, 0, 0, , 0, 0, 0, 0, 0, 
874, 1, 926, 1384, -1, 143, 165, 121.0, 15, ABplpaaappa, 0, 0, 0, 0, , 0, 0, 0, 0, 0, 
875, 1, 926, 1127, -1, 161, 171, 117.5, 15, ABplpaaappp, 0, 0, 0, 0, , 0, 0, 0, 0, 0, 
876, 1, 927, 1128, -1, 128, 153, 111.0, 16, ABplpaapaa, 0, 0, 0, 0, , 0, 0, 0, 0, 0, 
877, 1, 928, 1129, -1, 136, 168, 89.0, 17, ABplpaapap, 0, 0, 0, 0, , 0, 0, 0, 0, 0, 
878, 1, 929, 1130, -1, 157, 146, 84.0, 15, ABplpaappa, 0, 0, 0, 0, , 0, 0, 0, 0, 0, 
879, 1, 931, 1131, -1, 150, 166, 94.0, 12, ABplpaapppa, 0, 0, 0, 0, , 0, 0, 0, 0, 0, 
880, 1, 932, 1132, -1, 165, 160, 151.0, 15, ABplpapaaa, 0, 0, 0, 0, , 0, 0, 0, 0, 0, 
881, 1, 933, 1133, -1, 173, 167, 133.0, 15, ABplpapaap, 0, 0, 0, 0, , 0, 0, 0, 0, 0, 
882, 1, 934, 1134, -1, 189, 167, 156.0, 16, ABplpapapa, 0, 0, 0, 0, , 0, 0, 0, 0, 0, 
883, 1, 935, 1135, -1, 209, 157, 177.0, 15, ABplpapapp, 0, 0, 0, 0, , 0, 0, 0, 0, 0, 
884, 1, 936, 1136, -1, 172, 160, 179.0, 13, ABplpappaaa, 0, 0, 0, 0, , 0, 0, 0, 0, 0, 
885, 1, 937, 1137, -1, 196, 152, 167.0, 12, ABplpappap, 0, 0, 0, 0, , 0, 0, 0, 0, 0, 
886, 1, 938, 1138, -1, 218, 143, 195.0, 15, ABplpapppa, 0, 0, 0, 0, , 0, 0, 0, 0, 0, 
887, 1, 939, 1139, -1, 233, 148, 189.0, 15, ABplpapppp, 0, 0, 0, 0, , 0, 0, 0, 0, 0, 
888, 1, 940, 1140, -1, 97, 47, 120.0, 13, ABpraapaaa, 0, 0, 0, 0, , 0, 0, 0, 0, 0, 
889, 1, 941, 1141, -1, 127, 63, 159.0, 14, ABpraapapa, 0, 0, 0, 0, , 0, 0, 0, 0, 0, 
890, 1, 942, 1142, -1, 130, 53, 148.0, 14, ABpraapapp, 0, 0, 0, 0, , 0, 0, 0, 0, 0, 
891, 1, 943, 1143, -1, 140, 87, 194.0, 14, ABprpaaaaa, 0, 0, 0, 0, , 0, 0, 0, 0, 0, 
892, 1, 944, 1144, -1, 173, 85, 215.0, 16, ABprpaaaap, 0, 0, 0, 0, , 0, 0, 0, 0, 0, 
893, 1, 945, 1145, -1, 141, 69, 204.66667, 13, ABprpaaapa, 0, 0, 0, 0, , 0, 0, 0, 0, 0, 
894, 1, 946, 1146, -1, 157, 72, 199.5, 14, ABprpaaapp, 0, 0, 0, 0, , 0, 0, 0, 0, 0, 
895, 1, 947, 1147, -1, 133, 74, 184.66667, 15, ABprpaapaa, 0, 0, 0, 0, , 0, 0, 0, 0, 0, 
896, 1, 948, 1148, -1, 147, 52, 189.0, 13, ABprpaapap, 0, 0, 0, 0, , 0, 0, 0, 0, 0, 
897, 1, 949, 1149, -1, 165, 53, 171.85715, 15, ABprpaappa, 0, 0, 0, 0, , 0, 0, 0, 0, 0, 
898, 1, 950, 1150, -1, 169, 59, 196.5, 15, ABprpaappp, 0, 0, 0, 0, , 0, 0, 0, 0, 0, 
899, 1, 951, 1151, -1, 176, 115, 197.6, 15, ABprpapaaa, 0, 0, 0, 0, , 0, 0, 0, 0, 0, 
900, 1, 952, 1152, -1, 182, 100, 204.0, 15, ABprpapaap, 0, 0, 0, 0, , 0, 0, 0, 0, 0, 
901, 1, 953, 1153, -1, 199, 109, 202.0, 15, ABprpapapa, 0, 0, 0, 0, , 0, 0, 0, 0, 0, 
902, 1, 954, 1154, -1, 221, 124, 207.0, 14, ABprpapapp, 0, 0, 0, 0, , 0, 0, 0, 0, 0, 
903, 1, 956, 1442, -1, 179, 150, 199.0, 13, ABprpappaap, 0, 0, 0, 0, , 0, 0, 0, 0, 0, 
904, 1, 957, 1155, -1, 197, 137, 197.0, 15, ABprpappap, 0, 0, 0, 0, , 0, 0, 0, 0, 0, 
905, 1, 958, 1156, -1, 206, 125, 191.0, 15, ABprpapppa, 0, 0, 0, 0, , 0, 0, 0, 0, 0, 
906, 1, 959, 1157, -1, 249, 134, 185.0, 14, ABprpapppp, 0, 0, 0, 0, , 0, 0, 0, 0, 0, 
907, 1, 960, 1158, -1, 173, 82, 196.0, 14, ABprppaaaa, 0, 0, 0, 0, , 0, 0, 0, 0, 0, 
908, 1, 961, 1159, -1, 186, 75, 194.0, 14, ABprppaaap, 0, 0, 0, 0, , 0, 0, 0, 0, 0, 
909, 1, 962, 1160, -1, 212, 100, 208.0, 13, ABprppaapa, 0, 0, 0, 0, , 0, 0, 0, 0, 0, 
910, 1, 963, 1161, -1, 227, 108, 207.0, 15, ABprppaapp, 0, 0, 0, 0, , 0, 0, 0, 0, 0, 
911, 1, 964, 1162, -1, 202, 81, 204.0, 12, ABprppapaa, 0, 0, 0, 0, , 0, 0, 0, 0, 0, 
912, 1, 965, 1163, -1, 227, 74, 196.0, 13, ABprppapap, 0, 0, 0, 0, , 0, 0, 0, 0, 0, 
913, 1, 966, 1164, -1, 227, 88, 205.0, 14, ABprppappa, 0, 0, 0, 0, , 0, 0, 0, 0, 0, 
914, 1, 967, 1165, -1, 256, 84, 198.0, 14, ABprppappp, 0, 0, 0, 0, , 0, 0, 0, 0, 0, 
915, 1, 968, 1166, -1, 250, 94, 205.0, 12, ABprpppaaa, 0, 0, 0, 0, , 0, 0, 0, 0, 0, 
916, 1, 969, 1167, -1, 277, 96, 196.0, 12, ABprpppaap, 0, 0, 0, 0, , 0, 0, 0, 0, 0, 
917, 1, 970, 1168, -1, 284, 118, 192.0, 12, ABprpppapp, 0, 0, 0, 0, , 0, 0, 0, 0, 0, 
918, 1, 971, 1169, -1, 236, 123, 200.0, 15, ABprppppaa, 0, 0, 0, 0, , 0, 0, 0, 0, 0, 
919, 1, 973, 1446, -1, 264, 126, 200.0, 13, ABprppppapp, 0, 0, 0, 0, , 0, 0, 0, 0, 0, 
920, 1, 974, 1170, -1, 263, 122, 177.0, 15, ABprpppppa, 0, 0, 0, 0, , 0, 0, 0, 0, 0, 
921, 1, 975, 1171, -1, 300, 134, 190.0, 13, ABprpppppp, 0, 0, 0, 0, , 0, 0, 0, 0, 0, 
922, 1, 976, 1172, -1, 78, 99, 124.666664, 11, MSaaaaaa, 0, 0, 0, 0, , 0, 0, 0, 0, 0, 
923, 1, 977, 1173, -1, 154, 95, 98.0, 12, MSaaaapp, 0, 0, 0, 0, , 0, 0, 0, 0, 0, 
924, 1, 978, 1174, -1, 167, 94, 114.0, 13, MSaaappp, 0, 0, 0, 0, , 0, 0, 0, 0, 0, 
925, 1, 979, 1175, -1, 167, 109, 109.0, 10, MSaaappa, 0, 0, 0, 0, , 0, 0, 0, 0, 0, 
926, 1, 980, 1176, -1, 145, 102, 114.666664, 15, MSaaapap, 0, 0, 0, 0, , 0, 0, 0, 0, 0, 
927, 0, 981, -1, -1, 174, 124, 141.0, 14, , 0, 0, 0, 0, , 0, 0, 0, 0, 0, 
928, 1, 982, 1178, -1, 188, 136, 149.0, 16, MSaapapp, 0, 0, 0, 0, , 0, 0, 0, 0, 0, 
929, 1, 983, 1179, -1, 185, 104, 128.0, 11, MSaapaapp, 0, 0, 0, 0, , 0, 0, 0, 0, 0, 
930, 0, 984, -1, -1, 155, 110, 127.666664, 10, , 0, 0, 0, 0, , 0, 0, 0, 0, 0, 
931, 1, 985, 1181, -1, 108, 71, 79.0, 14, ABarpaaaap, 0, 0, 0, 0, , 0, 0, 0, 0, 0, 
932, 1, 986, 1182, -1, 90, 73, 95.0, 14, ABarpaaaaa, 0, 0, 0, 0, , 0, 0, 0, 0, 0, 
933, 1, 987, 1183, -1, 121, 59, 92.0, 14, ABarpaaapa, 0, 0, 0, 0, , 0, 0, 0, 0, 0, 
934, 1, 988, 1184, -1, 151, 72, 92.0, 15, ABarpaaapp, 0, 0, 0, 0, , 0, 0, 0, 0, 0, 
935, 1, 989, 1185, -1, 148, 59, 92.0, 15, ABarpaapaa, 0, 0, 0, 0, , 0, 0, 0, 0, 0, 
936, 1, 990, 1186, -1, 176, 63, 78.0, 15, ABarpaapap, 0, 0, 0, 0, , 0, 0, 0, 0, 0, 
937, 1, 991, 1187, -1, 192, 59, 84.0, 14, ABarpaappa, 0, 0, 0, 0, , 0, 0, 0, 0, 0, 
938, 1, 992, 1188, -1, 206, 77, 78.0, 15, ABarpaappp, 0, 0, 0, 0, , 0, 0, 0, 0, 0, 
939, 1, 993, 1189, -1, 109, 47, 104.0, 15, ABarpapaaa, 0, 0, 0, 0, , 0, 0, 0, 0, 0, 
940, 1, 994, 1190, -1, 117, 57, 113.0, 15, ABarpapaap, 0, 0, 0, 0, , 0, 0, 0, 0, 0, 
941, 1, 995, 1191, -1, 136, 61, 98.0, 15, ABarpapapa, 0, 0, 0, 0, , 0, 0, 0, 0, 0, 
942, 1, 996, 1192, -1, 167, 47, 99.0, 15, ABarpapapp, 0, 0, 0, 0, , 0, 0, 0, 0, 0, 
943, 1, 997, 1193, -1, 136, 36, 123.0, 14, ABarpappaa, 0, 0, 0, 0, , 0, 0, 0, 0, 0, 
944, 1, 998, 1194, -1, 147, 37, 140.0, 14, ABarpappap, 0, 0, 0, 0, , 0, 0, 0, 0, 0, 
945, 1, 999, 1195, -1, 215, 42, 105.0, 15, ABarpppapa, 0, 0, 0, 0, , 0, 0, 0, 0, 0, 
946, 1, 1000, 1196, -1, 247, 41, 127.0, 15, ABarpppapp, 0, 0, 0, 0, , 0, 0, 0, 0, 0, 
947, 1, 1001, 1197, -1, 239, 120, 66.0, 16, ABarppaapp, 0, 0, 0, 0, , 0, 0, 0, 0, 0, 
948, 1, 1002, 1198, -1, 220, 87, 68.0, 16, ABarppaapa, 0, 0, 0, 0, , 0, 0, 0, 0, 0, 
949, 1, 1003, 1199, -1, 198, 120, 61.0, 14, ABarppaaap, 0, 0, 0, 0, , 0, 0, 0, 0, 0, 
950, 1, 1004, 1200, -1, 239, 146, 72.0, 18, ABarppapap, 0, 0, 0, 0, , 0, 0, 0, 0, 0, 
951, 1, 1005, 1201, -1, 309, 153, 113.0, 17, ABarppappp, 0, 0, 0, 0, , 0, 0, 0, 0, 0, 
952, 1, 1006, 1202, -1, 284, 136, 85.0, 17, ABarppappa, 0, 0, 0, 0, , 0, 0, 0, 0, 0, 
953, 1, 1007, 1203, -1, 190, 33, 120.0, 16, ABarpppaaa, 0, 0, 0, 0, , 0, 0, 0, 0, 0, 
954, 1, 1008, 1204, -1, 208, 31, 137.0, 16, ABarpppaap, 0, 0, 0, 0, , 0, 0, 0, 0, 0, 
955, 1, 1009, 1205, -1, 159, 33, 129.0, 13, ABarpapppa, 0, 0, 0, 0, , 0, 0, 0, 0, 0, 
956, 1, 1010, 1206, -1, 231, 31, 138.0, 14, ABarppppaa, 0, 0, 0, 0, , 0, 0, 0, 0, 0, 
957, 1, 1011, 1207, -1, 170, 34, 119.0, 14, ABarpapppp, 0, 0, 0, 0, , 0, 0, 0, 0, 0, 
958, 1, 1012, 1208, -1, 249, 37, 151.0, 15, ABarppppap, 0, 0, 0, 0, , 0, 0, 0, 0, 0, 
959, 1, 1013, 1209, -1, 282, 50, 136.0, 14, ABarpppppa, 0, 0, 0, 0, , 0, 0, 0, 0, 0, 
960, 1, 1014, 1210, -1, 316, 79, 157.0, 15, ABarpppppp, 0, 0, 0, 0, , 0, 0, 0, 0, 0, 
961, 1, 1015, 1211, -1, 218, 133, 64.0, 17, ABarppapaa, 0, 0, 0, 0, , 0, 0, 0, 0, 0, 
962, 1, 1016, 1212, -1, 189, 96, 61.0, 15, ABarppaaaa, 0, 0, 0, 0, , 0, 0, 0, 0, 0, 
963, 1, 1017, 1213, -1, 103, 105, 109.0, 14, ABaraaaapp, 0, 0, 0, 0, , 0, 0, 0, 0, 0, 
964, 1, 1018, 1214, -1, 108, 86, 65.0, 17, ABplaaaaaa, 0, 0, 0, 0, , 0, 0, 0, 0, 0, 
965, 1, 1019, 1215, 1216, 125, 90, 77.0, 17, ABplaaaaap, 0, 0, 0, 0, , 0, 0, 0, 0, 0, 
966, 1, 1020, 1217, -1, 144, 79, 81.0, 15, ABplaaaapa, 0, 0, 0, 0, , 0, 0, 0, 0, 0, 
967, 1, 1021, 1218, -1, 160, 76, 76.0, 16, ABplaaaapp, 0, 0, 0, 0, , 0, 0, 0, 0, 0, 
968, 1, 1022, 1219, -1, 128, 110, 60.0, 15, ABplaaapaa, 0, 0, 0, 0, , 0, 0, 0, 0, 0, 
969, 1, 1023, 1220, -1, 143, 119, 62.0, 17, ABplaaapap, 0, 0, 0, 0, , 0, 0, 0, 0, 0, 
970, 1, 1024, 1221, -1, 157, 111, 58.0, 15, ABplaaappa, 0, 0, 0, 0, , 0, 0, 0, 0, 0, 
971, 1, 1025, 1222, -1, 169, 97, 59.0, 16, ABplaaappp, 0, 0, 0, 0, , 0, 0, 0, 0, 0, 
972, 1, 1026, 1223, -1, 91, 103, 67.0, 15, ABplaapaaa, 0, 0, 0, 0, , 0, 0, 0, 0, 0, 
973, 1, 1027, 1224, -1, 109, 122, 66.0, 16, ABplaapaap, 0, 0, 0, 0, , 0, 0, 0, 0, 0, 
974, 1, 1028, 1225, -1, 117, 131, 85.0, 17, ABplaapapa, 0, 0, 0, 0, , 0, 0, 0, 0, 0, 
975, 1, 1029, 1226, -1, 147, 157, 68.0, 17, ABplaappaa, 0, 0, 0, 0, , 0, 0, 0, 0, 0, 
976, 1, 1030, 1227, -1, 166, 155, 64.0, 17, ABplaappap, 0, 0, 0, 0, , 0, 0, 0, 0, 0, 
977, 1, 1031, 1228, -1, 178, 151, 81.0, 17, ABplaapppa, 0, 0, 0, 0, , 0, 0, 0, 0, 0, 
978, 1, 1032, 1229, -1, 209, 160, 85.0, 17, ABplaapppp, 0, 0, 0, 0, , 0, 0, 0, 0, 0, 
979, 1, 1033, 1230, -1, 180, 112, 65.0, 17, ABplapaaaa, 0, 0, 0, 0, , 0, 0, 0, 0, 0, 
980, 1, 1034, 1231, -1, 192, 138, 71.0, 17, ABplapaaap, 0, 0, 0, 0, , 0, 0, 0, 0, 0, 
981, 1, 1035, 1232, -1, 197, 152, 77.0, 17, ABplapaapa, 0, 0, 0, 0, , 0, 0, 0, 0, 0, 
982, 1, 1036, 1233, -1, 223, 166, 92.95744, 17, ABplapaapp, 0, 0, 0, 0, , 0, 0, 0, 0, 0, 
983, 1, 1037, 1234, -1, 293, 152, 91.0, 14, ABplapapaa, 0, 0, 0, 0, , 0, 0, 0, 0, 0, 
984, 1, 1038, 1235, -1, 284, 167, 112.0, 16, ABplapapap, 0, 0, 0, 0, , 0, 0, 0, 0, 0, 
985, 1, 1039, 1236, -1, 286, 168, 132.0, 17, ABplapappa, 0, 0, 0, 0, , 0, 0, 0, 0, 0, 
986, 1, 1040, 1237, -1, 310, 153, 141.0, 17, ABplapappp, 0, 0, 0, 0, , 0, 0, 0, 0, 0, 
987, 1, 1041, 1238, -1, 231, 162, 107.0, 18, ABplappaaa, 0, 0, 0, 0, , 0, 0, 0, 0, 0, 
988, 1, 1042, 1239, -1, 249, 167, 102.0, 15, ABplappaap, 0, 0, 0, 0, , 0, 0, 0, 0, 0, 
989, 1, 1043, 1240, -1, 265, 144, 74.0, 15, ABplappapa, 0, 0, 0, 0, , 0, 0, 0, 0, 0, 
990, 1, 1044, 1241, -1, 265, 167, 101.0, 14, ABplappapp, 0, 0, 0, 0, , 0, 0, 0, 0, 0, 
991, 1, 1045, 1242, -1, 278, 158, 138.0, 17, ABplapppaa, 0, 0, 0, 0, , 0, 0, 0, 0, 0, 
992, 1, 1046, 1243, -1, 281, 158, 160.0, 15, ABplapppap, 0, 0, 0, 0, , 0, 0, 0, 0, 0, 
993, 1, 1047, 1244, -1, 296, 169, 148.0, 16, ABplappppa, 0, 0, 0, 0, , 0, 0, 0, 0, 0, 
994, 1, 1048, 1245, -1, 305, 153, 166.0, 15, ABplappppp, 0, 0, 0, 0, , 0, 0, 0, 0, 0, 
995, 1, 1049, 1246, -1, 124, 85, 109.0, 13, MSaaaapa, 0, 0, 0, 0, , 0, 0, 0, 0, 0, 
996, 0, 1050, -1, -1, 132, 117, 110.0, 11, , 0, 0, 0, 0, , 0, 0, 0, 0, 0, 
997, 1, 1052, 1248, 1249, 159, 125, 148.0, 12, MSaapaaa, 0, 0, 0, 0, , 0, 0, 0, 0, 0, 
998, 1, 1053, 1397, -1, 193, 133, 172.0, 14, MSaappaa, 0, 0, 0, 0, , 0, 0, 0, 0, 0, 
999, 1, 1054, 1250, -1, 212, 140, 171.0, 15, MSaappap, 0, 0, 0, 0, , 0, 0, 0, 0, 0, 
1000, 1, 1055, 1251, -1, 210, 150, 140.0, 14, MSaapppa, 0, 0, 0, 0, , 0, 0, 0, 0, 0, 
1001, 0, 1056, -1, -1, 199, 118, 172.72726, 15, , 0, 0, 0, 0, , 0, 0, 0, 0, 0, 
1002, 1, 1057, 1253, -1, 227, 155, 153.0, 15, MSaapppp, 0, 0, 0, 0, , 0, 0, 0, 0, 0, 
1003, 1, 1058, 1254, -1, 88, 134, 132.0, 14, MSapaaaa, 0, 0, 0, 0, , 0, 0, 0, 0, 0, 
1004, 1, 1059, 1255, -1, 110, 139, 129.0, 15, MSapaaap, 0, 0, 0, 0, , 0, 0, 0, 0, 0, 
1005, 1, 1060, 1256, -1, 139, 151, 143.0, 14, MSapaapa, 0, 0, 0, 0, , 0, 0, 0, 0, 0, 
1006, 1, 1061, 1257, -1, 163, 147, 129.0, 15, MSapaapp, 0, 0, 0, 0, , 0, 0, 0, 0, 0, 
1007, 1, 1062, 1258, -1, 119, 133, 115.0, 16, MSapapaa, 0, 0, 0, 0, , 0, 0, 0, 0, 0, 
1008, 1, 1063, 1259, -1, 149, 145, 110.0, 16, MSapapap, 0, 0, 0, 0, , 0, 0, 0, 0, 0, 
1009, 1, 1064, 1260, -1, 124, 110, 91.0, 16, MSapappa, 0, 0, 0, 0, , 0, 0, 0, 0, 0, 
1010, 1, 1065, 1261, -1, 159, 144, 106.0, 14, MSapppaa, 0, 0, 0, 0, , 0, 0, 0, 0, 0, 
1011, 1, 1066, 1262, -1, 167, 123, 87.0, 14, MSapppap, 0, 0, 0, 0, , 0, 0, 0, 0, 0, 
1012, 1, 1067, 1263, -1, 178, 113, 87.0, 14, MSappppa, 0, 0, 0, 0, , 0, 0, 0, 0, 0, 
1013, 1, 1068, 1264, -1, 173, 129, 123.0, 16, MSappaaa, 0, 0, 0, 0, , 0, 0, 0, 0, 0, 
1014, 1, 1069, 1266, -1, 200, 132, 115.0, 16, MSappaap, 0, 0, 0, 0, , 0, 0, 0, 0, 0, 
1015, 1, 1070, 1267, -1, 108, 80, 120.0, 15, MSpaaaaa, 0, 0, 0, 0, , 0, 0, 0, 0, 0, 
1016, 0, 1071, -1, -1, 106, 88, 134.0, 15, , 0, 0, 0, 0, , 0, 0, 0, 0, 0, 
1017, 1, 1072, 1269, -1, 136, 87, 127.0, 15, MSpaaaapp, 0, 0, 0, 0, , 0, 0, 0, 0, 0, 
1018, 1, 1073, 1270, -1, 141, 75, 109.0, 13, MSpaaapa, 0, 0, 0, 0, , 0, 0, 0, 0, 0, 
1019, 1, 1075, 1404, -1, 169, 74, 120.0, 15, MSpaaappp, 0, 0, 0, 0, , 0, 0, 0, 0, 0, 
1020, 1, 1076, 1271, -1, 132, 87, 149.0, 15, MSpaapaa, 0, 0, 0, 0, , 0, 0, 0, 0, 0, 
1021, 1, 1077, 1272, -1, 155, 88, 139.0, 15, MSpaapap, 0, 0, 0, 0, , 0, 0, 0, 0, 0, 
1022, 1, 1079, 1273, -1, 197, 116, 161.0, 16, MSpapapa, 0, 0, 0, 0, , 0, 0, 0, 0, 0, 
1023, 1, 1080, 1274, -1, 207, 119, 172.0, 16, MSpapapp, 0, 0, 0, 0, , 0, 0, 0, 0, 0, 
1024, 1, 1081, 1275, -1, 227, 147, 170.0, 14, MSpappaa, 0, 0, 0, 0, , 0, 0, 0, 0, 0, 
1025, 1, 1082, 1276, -1, 230, 124, 177.0, 14, MSpappap, 0, 0, 0, 0, , 0, 0, 0, 0, 0, 
1026, 1, 1083, 1277, -1, 206, 93, 185.0, 14, MSpapppa, 0, 0, 0, 0, , 0, 0, 0, 0, 0, 
1027, 1, 1084, 1278, -1, 234, 99, 187.0, 15, MSpapppp, 0, 0, 0, 0, , 0, 0, 0, 0, 0, 
1028, 1, 1085, 1279, -1, 150, 93, 183.0, 12, MSppaapa, 0, 0, 0, 0, , 0, 0, 0, 0, 0, 
1029, 1, 1086, 1280, -1, 99, 95, 168.0, 12, MSppaaaa, 0, 0, 0, 0, , 0, 0, 0, 0, 0, 
1030, 1, 1087, 1417, -1, 114, 91, 169.0, 13, MSppaaap, 0, 0, 0, 0, , 0, 0, 0, 0, 0, 
1031, 1, 1088, 1281, -1, 129, 82, 164.0, 14, MSppapaa, 0, 0, 0, 0, , 0, 0, 0, 0, 0, 
1032, 1, 1089, 1282, -1, 150, 75, 170.0, 14, MSppapap, 0, 0, 0, 0, , 0, 0, 0, 0, 0, 
1033, 0, 1090, -1, -1, 135, 68, 152.75, 15, , 0, 0, 0, 0, , 0, 0, 0, 0, 0, 
1034, 1, 1091, 1284, -1, 120, 72, 140.0, 15, MSppappa, 0, 0, 0, 0, , 0, 0, 0, 0, 0, 
1035, 1, 1092, 1285, -1, 184, 101, 177.0, 14, MSpppaaa, 0, 0, 0, 0, , 0, 0, 0, 0, 0, 
1036, 1, 1093, 1286, -1, 162, 72, 186.0, 14, MSppppaa, 0, 0, 0, 0, , 0, 0, 0, 0, 0, 
1037, 1, 1094, 1287, -1, 171, 61, 152.0, 12, MSppppap, 0, 0, 0, 0, , 0, 0, 0, 0, 0, 
1038, 1, 1095, 1288, -1, 172, 57, 138.0, 13, MSpppppa, 0, 0, 0, 0, , 0, 0, 0, 0, 0, 
1039, 1, 1096, 1289, -1, 200, 50, 123.0, 14, MSpppppp, 0, 0, 0, 0, , 0, 0, 0, 0, 0, 
1040, 1, 1097, 1290, -1, 183, 97, 107.0, 17, Ealaa, 0, 0, 0, 0, , 0, 0, 0, 0, 0, 
1041, 1, 1098, 1291, -1, 109, 77, 173.0, 17, ABpraaapaa, 0, 0, 0, 0, , 0, 0, 0, 0, 0, 
1042, 1, 1099, 1292, -1, 110, 59, 163.0, 14, ABpraaapap, 0, 0, 0, 0, , 0, 0, 0, 0, 0, 
1043, 1, 1100, 1293, -1, 212, 102, 113.0, 16, Ealap, 0, 0, 0, 0, , 0, 0, 0, 0, 0, 
1044, 1, 1101, 1294, -1, 206, 111, 130.0, 15, Ealpa, 0, 0, 0, 0, , 0, 0, 0, 0, 0, 
1045, 1, 1102, 1295, -1, 235, 114, 123.0, 15, Ealpp, 0, 0, 0, 0, , 0, 0, 0, 0, 0, 
1046, 1, 1103, 1296, -1, 185, 82, 133.0, 15, Earaa, 0, 0, 0, 0, , 0, 0, 0, 0, 0, 
1047, 1, 1104, 1297, -1, 211, 80, 126.0, 15, Earap, 0, 0, 0, 0, , 0, 0, 0, 0, 0, 
1048, 1, 1105, 1298, -1, 214, 88, 143.0, 15, Earpa, 0, 0, 0, 0, , 0, 0, 0, 0, 0, 
1049, 1, 1106, 1299, -1, 237, 86, 138.0, 15, Earpp, 0, 0, 0, 0, , 0, 0, 0, 0, 0, 
1050, 1, 1107, 1300, -1, 237, 102, 110.0, 14, Eplaa, 0, 0, 0, 0, , 0, 0, 0, 0, 0, 
1051, 1, 1108, 1301, -1, 259, 113, 120.0, 15, Eplap, 0, 0, 0, 0, , 0, 0, 0, 0, 0, 
1052, 1, 1109, 1302, -1, 271, 122, 132.0, 17, Eplpa, 0, 0, 0, 0, , 0, 0, 0, 0, 0, 
1053, 1, 1110, 1303, -1, 285, 123, 150.0, 15, Eplpp, 0, 0, 0, 0, , 0, 0, 0, 0, 0, 
1054, 1, 1111, 1304, -1, 233, 82, 115.0, 15, Epraa, 0, 0, 0, 0, , 0, 0, 0, 0, 0, 
1055, 1, 1112, 1305, -1, 252, 89, 127.0, 16, Eprap, 0, 0, 0, 0, , 0, 0, 0, 0, 0, 
1056, 1, 1113, 1306, -1, 281, 104, 145.0, 17, Eprpp, 0, 0, 0, 0, , 0, 0, 0, 0, 0, 
1057, 1, 1114, 1307, -1, 254, 86, 76.0, 15, Caaaaa, 0, 0, 0, 0, , 0, 0, 0, 0, 0, 
1058, 1, 1115, 1308, -1, 277, 101, 87.0, 16, Caaaap, 0, 0, 0, 0, , 0, 0, 0, 0, 0, 
1059, 1, 1116, 1309, -1, 296, 107, 92.0, 17, Caaapa, 0, 0, 0, 0, , 0, 0, 0, 0, 0, 
1060, 1, 1117, 1310, -1, 321, 123, 108.0, 17, Caaapp, 0, 0, 0, 0, , 0, 0, 0, 0, 0, 
1061, 1, 1118, 1311, -1, 306, 130, 172.5, 15, Caapa, 0, 0, 0, 0, , 0, 0, 0, 0, 0, 
1062, 1, 1119, 1312, -1, 322, 137, 150.0, 16, Caappd, 0, 0, 0, 0, , 0, 0, 0, 0, 0, 
1063, 1, 1120, 1313, -1, 313, 141, 176.0, 15, Caappv, 0, 0, 0, 0, , 0, 0, 0, 0, 0, 
1064, 1, 1121, 1314, -1, 229, 144, 112.0, 17, Capaaa, 0, 0, 0, 0, , 0, 0, 0, 0, 0, 
1065, 1, 1122, 1315, -1, 245, 145, 148.0, 15, Capaap, 0, 0, 0, 0, , 0, 0, 0, 0, 0, 
1066, 1, 1123, 1316, -1, 258, 149, 115.0, 17, Capapa, 0, 0, 0, 0, , 0, 0, 0, 0, 0, 
1067, 1, 1124, 1317, -1, 267, 147, 153.0, 16, Capapp, 0, 0, 0, 0, , 0, 0, 0, 0, 0, 
1068, 1, 1125, 1318, -1, 261, 141, 101.0, 17, Cappaa, 0, 0, 0, 0, , 0, 0, 0, 0, 0, 
1069, 1, 1126, 1319, -1, 278, 144, 128.0, 14, Cappap, 0, 0, 0, 0, , 0, 0, 0, 0, 0, 
1070, 1, 1127, 1320, -1, 287, 137, 162.0, 16, Capppp, 0, 0, 0, 0, , 0, 0, 0, 0, 0, 
1071, 1, 1128, 1321, -1, 297, 135, 117.0, 17, Capppa, 0, 0, 0, 0, , 0, 0, 0, 0, 0, 
1072, 1, 1129, 1322, -1, 238, 56, 94.0, 17, Cpaaaa, 0, 0, 0, 0, , 0, 0, 0, 0, 0, 
1073, 1, 1130, 1323, -1, 274, 60, 104.0, 19, Cpaaap, 0, 0, 0, 0, , 0, 0, 0, 0, 0, 
1074, 1, 1131, 1324, -1, 296, 72, 108.0, 17, Cpaapa, 0, 0, 0, 0, , 0, 0, 0, 0, 0, 
1075, 1, 1132, 1325, -1, 318, 93, 116.0, 17, Cpaapp, 0, 0, 0, 0, , 0, 0, 0, 0, 0, 
1076, 1, 1133, 1326, -1, 326, 133, 133.0, 15, Cpapaa, 0, 0, 0, 0, , 0, 0, 0, 0, 0, 
1077, 1, 1134, 1327, -1, 318, 105, 140.0, 15, Cpapap, 0, 0, 0, 0, , 0, 0, 0, 0, 0, 
1078, 1, 1135, 1328, -1, 333, 116, 153.0, 15, Cpappd, 0, 0, 0, 0, , 0, 0, 0, 0, 0, 
1079, 1, 1136, 1329, -1, 321, 121, 177.0, 15, Cpappv, 0, 0, 0, 0, , 0, 0, 0, 0, 0, 
1080, 1, 1137, 1330, -1, 241, 63, 164.0, 15, Cppaaa, 0, 0, 0, 0, , 0, 0, 0, 0, 0, 
1081, 1, 1138, 1331, -1, 250, 100, 184.0, 13, Cppaap, 0, 0, 0, 0, , 0, 0, 0, 0, 0, 
1082, 1, 1139, 1332, -1, 259, 71, 167.0, 15, Cppapa, 0, 0, 0, 0, , 0, 0, 0, 0, 0, 
1083, 1, 1140, 1333, -1, 269, 103, 177.0, 13, Cppapp, 0, 0, 0, 0, , 0, 0, 0, 0, 0, 
1084, 1, 1141, 1334, -1, 259, 63, 148.0, 15, Cpppaa, 0, 0, 0, 0, , 0, 0, 0, 0, 0, 
1085, 1, 1142, 1335, -1, 280, 78, 160.0, 14, Cpppap, 0, 0, 0, 0, , 0, 0, 0, 0, 0, 
1086, 1, 1143, 1336, -1, 298, 89, 158.0, 15, Cppppa, 0, 0, 0, 0, , 0, 0, 0, 0, 0, 
1087, 1, 1144, 1337, -1, 298, 113, 173.0, 14, Cppppp, 0, 0, 0, 0, , 0, 0, 0, 0, 0, 
1088, 1, 1146, 1339, -1, 189, 124, 99.0, 14, Daaap, 0, 0, 0, 0, , 0, 0, 0, 0, 0, 
1089, 1, 1145, 1338, -1, 170, 141, 104.0, 14, Daaaa, 0, 0, 0, 0, , 0, 0, 0, 0, 0, 
1090, 1, 1147, 1340, -1, 198, 151, 115.0, 14, Daap, 0, 0, 0, 0, , 0, 0, 0, 0, 0, 
1091, 0, 1148, -1, -1, 201, 134, 96.0, 16, , 0, 0, 0, 0, , 0, 0, 0, 0, 0, 
1092, 1, 1149, 1342, -1, 203, 135, 98.0, 16, Dapaa, 0, 0, 0, 0, , 0, 0, 0, 0, 0, 
1093, 1, 1150, 1343, -1, 227, 142, 90.0, 16, Dapap, 0, 0, 0, 0, , 0, 0, 0, 0, 0, 
1094, 1, 1151, 1344, -1, 222, 116, 86.0, 14, Dappa, 0, 0, 0, 0, , 0, 0, 0, 0, 0, 
1095, 1, 1152, 1345, -1, 253, 126, 90.0, 16, Dappp, 0, 0, 0, 0, , 0, 0, 0, 0, 0, 
1096, 1, 1153, 1346, -1, 180, 69, 171.0, 15, Dpaaa, 0, 0, 0, 0, , 0, 0, 0, 0, 0, 
1097, 1, 1154, 1347, -1, 195, 58, 149.0, 14, Dpaap, 0, 0, 0, 0, , 0, 0, 0, 0, 0, 
1098, 1, 1155, 1348, -1, 191, 65, 175.0, 12, Dpapa, 0, 0, 0, 0, , 0, 0, 0, 0, 0, 
1099, 1, 1156, 1349, -1, 219, 74, 179.0, 12, Dpapp, 0, 0, 0, 0, , 0, 0, 0, 0, 0, 
1100, 1, 1157, 1350, -1, 212, 57, 159.0, 14, Dppaa, 0, 0, 0, 0, , 0, 0, 0, 0, 0, 
1101, 0, 1158, -1, -1, 230, 52, 151.0, 16, , 0, 0, 0, 0, , 0, 0, 0, 0, 0, 
1102, 1, 1159, 1352, -1, 216, 58, 125.0, 14, Dpppa, 0, 0, 0, 0, , 0, 0, 0, 0, 0, 
1103, 1, 1160, 1353, -1, 252, 59, 132.0, 15, Dpppp, 0, 0, 0, 0, , 0, 0, 0, 0, 0, 
1104, 1, 1161, 1354, -1, 245, 106, 147.0, 18, Z2, 0, 0, 0, 0, , 0, 0, 0, 0, 0, 
1105, 1, 1162, 1355, -1, 222, 134, 148.0, 16, Z3, 0, 0, 0, 0, , 0, 0, 0, 0, 0, 
1106, 1, 1163, 1356, -1, 154, 43, 159.0, 13, ABpraaapppp, 0, 0, 0, 0, , 0, 0, 0, 0, 0, 
1107, 1, 1164, 1357, -1, 113, 44, 148.33333, 14, ABpraapaap, 0, 0, 0, 0, , 0, 0, 0, 0, 0, 
1108, 0, 1165, -1, -1, 262, 172, 170.0, 11, , 0, 0, 0, 0, , 0, 0, 0, 0, 0, 
1109, 1, 1166, 1358, -1, 77, 89, 93.0, 13, ABalappaaa, 0, 0, 0, 0, , 0, 0, 0, 0, 0, 
1110, 0, 1167, -1, -1, 158, 140, 163.0, 15, , 0, 0, 0, 0, , 0, 0, 0, 0, 0, 
1111, 1, 1168, 1360, -1, 178, 141, 163.0, 15, ABalpappppp, 0, 0, 0, 0, , 0, 0, 0, 0, 0, 
1112, 0, 1169, -1, -1, 116, 177, 130.0, 15, , 0, 0, 0, 0, , 0, 0, 0, 0, 0, 
1113, 1, 1170, 1362, -1, 101, 116, 165.0, 15, ABaraaapapa, 0, 0, 0, 0, , 0, 0, 0, 0, 0, 
1114, 1, 1172, 1363, -1, 123, 113, 155.0, 15, ABaraaapapp, 0, 0, 0, 0, , 0, 0, 0, 0, 0, 
1115, 1, 1173, 1364, -1, 118, 142, 104.0, 13, ABalpppppaa, 0, 0, 0, 0, , 0, 0, 0, 0, 0, 
1116, 1, 1174, 1365, -1, 99, 115, 143.0, 12, ABaraapaapa, 0, 0, 0, 0, , 0, 0, 0, 0, 0, 
1117, 1, 1175, 1366, -1, 124, 122, 135.0, 14, ABaraapaapp, 0, 0, 0, 0, , 0, 0, 0, 0, 0, 
1118, 1, 1176, 1367, -1, 134, 127, 149.0, 13, ABaraapapaa, 0, 0, 0, 0, , 0, 0, 0, 0, 0, 
1119, 1, 1177, 1368, -1, 89, 68, 134.0, 12, ABalappppaa, 0, 0, 0, 0, , 0, 0, 0, 0, 0, 
1120, 1, 1178, 1369, -1, 108, 56, 132.0, 13, ABalappppap, 0, 0, 0, 0, , 0, 0, 0, 0, 0, 
1121, 1, 831, 1370, -1, 96, 129, 144.0, 14, ABalpaapaap, 0, 0, 0, 0, , 0, 0, 0, 0, 0, 
1122, 1, 1179, 1371, -1, 68, 84, 130.0, 14, ABalapppaaa, 0, 0, 0, 0, , 0, 0, 0, 0, 0, 
1123, 1, 880, 1372, -1, 82, 74, 115.0, 13, ABalapppaap, 0, 0, 0, 0, , 0, 0, 0, 0, 0, 
1124, 1, 1180, 1373, -1, 88, 107, 90.0, 14, ABalapappaa, 0, 0, 0, 0, , 0, 0, 0, 0, 0, 
1125, 1, 1181, 1374, -1, 142, 145, 185.0, 15, ABalpappapa, 0, 0, 0, 0, , 0, 0, 0, 0, 0, 
1126, 1, 1182, 1375, -1, 170, 143, 176.5, 14, ABalpappapp, 0, 0, 0, 0, , 0, 0, 0, 0, 0, 
1127, 1, 1183, 1376, -1, 106, 109, 82.5, 14, ABalapappap, 0, 0, 0, 0, , 0, 0, 0, 0, 0, 
1128, 0, 1184, -1, -1, 271, 150, 171.5, 13, , 0, 0, 0, 0, , 0, 0, 0, 0, 0, 
1129, 0, 1185, -1, -1, 192, 155, 183.0, 15, , 0, 0, 0, 0, , 0, 0, 0, 0, 0, 
1130, 1, 930, 1435, -1, 169, 166, 103.0, 14, ABplpaapppp, 0, 0, 0, 0, , 0, 0, 0, 0, 0, 
1131, 1, 1186, 1381, -1, 157, 180, 134.33333, 12, ABplpaaaapa, 0, 0, 0, 0, , 0, 0, 0, 0, 0, 
1132, 1, 1187, 1382, -1, 177, 178, 115.5, 14, ABplpaaaapp, 0, 0, 0, 0, , 0, 0, 0, 0, 0, 
1133, 1, 1188, 1383, -1, 147, 60, 168.0, 14, ABpraaapppa, 0, 0, 0, 0, , 0, 0, 0, 0, 0, 
1134, 1, 1189, 1385, -1, 125, 120, 89.0, 15, ABplaapappa, 0, 0, 0, 0, , 0, 0, 0, 0, 0, 
1135, 1, 1190, 1386, -1, 132, 132, 60.0, 16, ABplaapappp, 0, 0, 0, 0, , 0, 0, 0, 0, 0, 
1136, 1, 1191, 1387, -1, 160, 122, 186.5, 15, ABarapapppa, 0, 0, 0, 0, , 0, 0, 0, 0, 0, 
1137, 0, 1192, -1, -1, 148, 131, 199.0, 12, , 0, 0, 0, 0, , 0, 0, 0, 0, 0, 
1138, 1, 1193, 1389, -1, 186, 123, 182.0, 15, ABarapapppp, 0, 0, 0, 0, , 0, 0, 0, 0, 0, 
1139, 1, 1194, 1390, -1, 173, 132, 193.0, 12, ABarapapapp, 0, 0, 0, 0, , 0, 0, 0, 0, 0, 
1140, 1, 1195, 1391, -1, 94, 66, 112.666664, 13, ABalapppapa, 0, 0, 0, 0, , 0, 0, 0, 0, 0, 
1141, 1, 1196, 1392, -1, 112, 61, 101.5, 14, ABalapppapp, 0, 0, 0, 0, , 0, 0, 0, 0, 0, 
1142, 1, 1197, 1393, -1, 83, 94, 108.0, 13, MSaaaaapa, 0, 0, 0, 0, , 0, 0, 0, 0, 0, 
1143, 1, 1198, 1394, -1, 115, 95, 112.0, 14, MSaaaaapp, 0, 0, 0, 0, , 0, 0, 0, 0, 0, 
1144, 0, 1051, -1, -1, 101, 109, 121.0, 12, , 0, 0, 0, 0, , 0, 0, 0, 0, 0, 
1145, 1, 1199, 1396, -1, 131, 116, 109.0, 11, MSaaapaap, 0, 0, 0, 0, , 0, 0, 0, 0, 0, 
1146, 1, 1200, 1398, -1, 151, 104, 79.5, 14, MSapappp, 0, 0, 0, 0, , 0, 0, 0, 0, 0, 
1147, 1, 1201, 1399, -1, 169, 144, 117.0, 15, MSappapa, 0, 0, 0, 0, , 0, 0, 0, 0, 0, 
1148, 0, 1202, -1, -1, 191, 148, 129.0, 15, , 0, 0, 0, 0, , 0, 0, 0, 0, 0, 
1149, 1, 1203, 1401, -1, 203, 107, 79.0, 14, MSappppp, 0, 0, 0, 0, , 0, 0, 0, 0, 0, 
1150, 1, 1204, 1402, -1, 105, 90, 135.0, 15, MSpaaaapa, 0, 0, 0, 0, , 0, 0, 0, 0, 0, 
1151, 1, 1074, 1403, -1, 139, 72, 128.0, 15, MSpaaappa, 0, 0, 0, 0, , 0, 0, 0, 0, 0, 
1152, 1, 1205, 1405, -1, 193, 72, 141.0, 13, MSpaapp, 0, 0, 0, 0, , 0, 0, 0, 0, 0, 
1153, 1, 1206, 1406, -1, 164, 120, 174.0, 14, MSpapaaaa, 0, 0, 0, 0, , 0, 0, 0, 0, 0, 
1154, 1, 1078, 1407, -1, 182, 114, 154.5, 14, MSpapaaap, 0, 0, 0, 0, , 0, 0, 0, 0, 0, 
1155, 1, 1207, 1408, -1, 175, 94, 157.0, 14, MSpapaapa, 0, 0, 0, 0, , 0, 0, 0, 0, 0, 
1156, 1, 1208, 1409, -1, 230, 52, 152.33333, 16, Dppap, 0, 0, 0, 0, , 0, 0, 0, 0, 0, 
1157, 1, 1209, 1410, -1, 156, 110, 129.0, 14, MSaapaapa, 0, 0, 0, 0, , 0, 0, 0, 0, 0, 
1158, 1, 1210, 1411, -1, 175, 125, 141.5, 11, MSaapapa, 0, 0, 0, 0, , 0, 0, 0, 0, 0, 
1159, 1, 1211, 1412, -1, 201, 98, 146.5, 14, MSpapaapp, 0, 0, 0, 0, , 0, 0, 0, 0, 0, 
1160, 1, 1212, 1413, -1, 187, 84, 185.0, 15, MSpppapp, 0, 0, 0, 0, , 0, 0, 0, 0, 0, 
1161, 1, 1213, 1414, -1, 170, 85, 176.0, 14, MSpppapa, 0, 0, 0, 0, , 0, 0, 0, 0, 0, 
1162, 1, 1214, 1415, -1, 200, 83, 166.0, 13, MSpppaap, 0, 0, 0, 0, , 0, 0, 0, 0, 0, 
1163, 1, 1215, 1416, -1, 154, 57, 131.0, 13, MSppappp, 0, 0, 0, 0, , 0, 0, 0, 0, 0, 
1164, 1, 1216, 1418, -1, 166, 97, 180.0, 13, MSppaapp, 0, 0, 0, 0, , 0, 0, 0, 0, 0, 
1165, 1, 1217, 1419, -1, 155, 141, 167.5, 15, ABalpappppa, 0, 0, 0, 0, , 0, 0, 0, 0, 0, 
1166, 1, 1218, 1420, -1, 107, 168, 105.5, 13, ABalpppapa, 0, 0, 0, 0, , 0, 0, 0, 0, 0, 
1167, 1, 1219, 1421, -1, 110, 162, 90.0, 12, ABalpppappa, 0, 0, 0, 0, , 0, 0, 0, 0, 0, 
1168, 1, 1219, 1422, -1, 117, 151, 82.0, 14, ABalpppappp, 0, 0, 0, 0, , 0, 0, 0, 0, 0, 
1169, 1, 858, 1423, -1, 135, 142, 86.0, 13, ABalpppppap, 0, 0, 0, 0, , 0, 0, 0, 0, 0, 
1170, 1, 1220, 1424, -1, 153, 131, 70.5, 15, ABalppppppp, 0, 0, 0, 0, , 0, 0, 0, 0, 0, 
1171, 1, 1221, 1425, -1, 100, 109, 119.0, 14, MSaaapaaa, 0, 0, 0, 0, , 0, 0, 0, 0, 0, 
1172, 1, 1222, 1426, -1, 136, 128, 123.0, 14, ABaraapapap, 0, 0, 0, 0, , 0, 0, 0, 0, 0, 
1173, 1, 1223, 1428, -1, 137, 99, 163.0, 15, ABaraapppaa, 0, 0, 0, 0, , 0, 0, 0, 0, 0, 
1174, 1, 1224, 1429, -1, 152, 89, 160.0, 16, ABaraapppap, 0, 0, 0, 0, , 0, 0, 0, 0, 0, 
1175, 1, 1225, 1430, -1, 136, 123, 177.0, 12, ABarapaappa, 0, 0, 0, 0, , 0, 0, 0, 0, 0, 
1176, 1, 1226, 1431, -1, 157, 106, 161.0, 14, ABarapaappp, 0, 0, 0, 0, , 0, 0, 0, 0, 0, 
1177, 1, 1192, 1432, -1, 148, 131, 198.0, 12, ABarapapapa, 0, 0, 0, 0, , 0, 0, 0, 0, 0, 
1178, 1, 1227, 1433, -1, 149, 112, 180.0, 14, ABarapappa, 0, 0, 0, 0, , 0, 0, 0, 0, 0, 
1179, 0, 1228, -1, -1, 190, 158, 181.0, 17, , 0, 0, 0, 0, , 0, 0, 0, 0, 0, 
1180, 1, 1229, 1437, -1, 263, 173, 170.0, 13, ABplpppapaa, 0, 0, 0, 0, , 0, 0, 0, 0, 0, 
1181, 1, 1230, 1438, -1, 272, 153, 180.0, 15, ABplpppapap, 0, 0, 0, 0, , 0, 0, 0, 0, 0, 
1182, 1, 1231, 1439, -1, 304, 92, 189.5, 15, ABprappppa, 0, 0, 0, 0, , 0, 0, 0, 0, 0, 
1183, 1, 1232, 1440, -1, 308, 112, 186.0, 17, ABprappppp, 0, 0, 0, 0, , 0, 0, 0, 0, 0, 
1184, 1, 955, 1441, -1, 153, 153, 194.0, 15, ABprpappaaa, 0, 0, 0, 0, , 0, 0, 0, 0, 0, 
1185, 1, 1233, 1443, -1, 270, 108, 203.0, 12, ABprpppapaa, 0, 0, 0, 0, , 0, 0, 0, 0, 0, 
1186, 1, 1234, 1444, -1, 278, 131, 188.0, 12, ABprpppapap, 0, 0, 0, 0, , 0, 0, 0, 0, 0, 
1187, 1, 972, 1445, -1, 248, 108, 203.0, 13, ABprppppapa, 0, 0, 0, 0, , 0, 0, 0, 0, 0, 
1188, 1, 1235, 1447, -1, 116, 178, 130.0, 15, ABalppaapp, 0, 0, 0, 0, , 0, 0, 0, 0, 0, 
1189, 0, 1236, -1, -1, 191, 148, 133.0, 15, , 0, 0, 0, 0, , 0, 0, 0, 0, 0, 
1190, 1, 1237, 1450, -1, 190, 156, 183.0, 17, ABplpappaap, 0, 0, 0, 0, , 0, 0, 0, 0, 0, 
1191, 1, 1238, 1451, -1, 191, 148, 131.0, 15, MSappapp, 0, 0, 0, 0, , 0, 0, 0, 0, 0, 
