1, 0, 1, -1, -1, 146, 127, 154.0, 9, , 27, 0, 0, 0, , 0, 0, 0, 0, 0, 
2, 0, 2, -1, -1, 112, 92, 179.0, 9, , 23, 0, 0, 0, , 0, 0, 0, 0, 0, 
3, 0, 3, -1, -1, 188, 56, 174.0, 7, , 16, 0, 0, 0, , 0, 0, 0, 0, 0, 
4, 0, 4, -1, -1, 183, 52, 177.0, 7, , 29, 0, 0, 0, , 0, 0, 0, 0, 0, 
5, 0, 5, -1, -1, 290, 119, 190.0, 9, , 61, 0, 0, 0, , 0, 0, 0, 0, 0, 
6, 0, 6, -1, -1, 142, 111, 160.0, 9, , 53, 0, 0, 0, , 0, 0, 0, 0, 0, 
7, 0, 7, -1, -1, 202, 168, 151.0, 9, , 69, 0, 0, 0, , 0, 0, 0, 0, 0, 
8, 0, 8, -1, -1, 246, 66, 179.0, 7, , 23, 0, 0, 0, , 0, 0, 0, 0, 0, 
9, 0, 9, -1, -1, 80, 97, 189.0, 9, , 15, 0, 0, 0, , 0, 0, 0, 0, 0, 
10, 0, 10, -1, -1, 198, 131, 72.0, 9, , 24, 0, 0, 0, , 0, 0, 0, 0, 0, 
11, 0, 11, -1, -1, 253, 126, 182.0, 9, , 16, 0, 0, 0, , 0, 0, 0, 0, 0, 
12, 0, 13, -1, -1, 157, 133, 197.0, 9, , 53, 0, 0, 0, , 0, 0, 0, 0, 0, 
13, 0, 14, -1, -1, 114, 113, 191.0, 11, , 72, 0, 0, 0, , 0, 0, 0, 0, 0, 
14, 0, 16, -1, -1, 263, 79, 186.0, 9, , 34, 0, 0, 0, , 0, 0, 0, 0, 0, 
15, 0, 17, -1, -1, 91, 147, 93.0, 11, , 73, 0, 0, 0, , 0, 0, 0, 0, 0, 
16, 0, 18, -1, -1, 157, 134, 197.0, 7, , 45, 0, 0, 0, , 0, 0, 0, 0, 0, 
17, 0, 19, -1, -1, 224, 119, 179.0, 9, , 39, 0, 0, 0, , 0, 0, 0, 0, 0, 
18, 0, 20, -1, -1, 136, 178, 137.0, 7, , 18, 0, 0, 0, , 0, 0, 0, 0, 0, 
19, 0, 21, -1, -1, 112, 157, 170.0, 9, , 37, 0, 0, 0, , 0, 0, 0, 0, 0, 
20, 0, 22, -1, -1, 221, 123, 178.0, 9, , 54, 0, 0, 0, , 0, 0, 0, 0, 0, 
21, 0, 23, -1, -1, 193, 127, 177.0, 9, , 23, 0, 0, 0, , 0, 0, 0, 0, 0, 
22, 0, 25, -1, -1, 150, 72, 180.0, 9, , 26, 0, 0, 0, , 0, 0, 0, 0, 0, 
23, 0, 26, -1, -1, 114, 140, 134.0, 9, , 60, 0, 0, 0, , 0, 0, 0, 0, 0, 
24, 0, 27, -1, -1, 215, 158, 158.0, 11, , 44, 0, 0, 0, , 0, 0, 0, 0, 0, 
25, 0, 30, -1, -1, 121, 169, 166.0, 7, , 20, 0, 0, 0, , 0, 0, 0, 0, 0, 
26, 0, 31, -1, -1, 151, 115, 162.0, 9, , 74, 0, 0, 0, , 0, 0, 0, 0, 0, 
27, 0, 32, -1, -1, 99, 88, 183.0, 9, , 28, 0, 0, 0, , 0, 0, 0, 0, 0, 
28, 0, 33, -1, -1, 100, 110, 194.0, 7, , 22, 0, 0, 0, , 0, 0, 0, 0, 0, 
29, 0, 34, -1, -1, 107, 140, 182.0, 7, , 51, 0, 0, 0, , 0, 0, 0, 0, 0, 
30, 0, 35, -1, -1, 200, 127, 167.0, 9, , 40, 0, 0, 0, , 0, 0, 0, 0, 0, 
31, 0, 36, -1, -1, 272, 138, 195.0, 7, , 22, 0, 0, 0, , 0, 0, 0, 0, 0, 
32, 0, 37, -1, -1, 130, 81, 150.0, 9, , 100, 0, 0, 0, , 0, 0, 0, 0, 0, 
33, 0, 39, -1, -1, 131, 149, 122.0, 9, , 31, 0, 0, 0, , 0, 0, 0, 0, 0, 
34, 0, 40, -1, -1, 141, 59, 173.0, 13, , 90, 0, 0, 0, , 0, 0, 0, 0, 0, 
35, 0, 41, -1, -1, 299, 109, 197.0, 11, , 46, 0, 0, 0, , 0, 0, 0, 0, 0, 
36, 0, 42, -1, -1, 276, 113, 171.0, 9, , 51, 0, 0, 0, , 0, 0, 0, 0, 0, 
37, 0, 43, -1, -1, 126, 159, 176.0, 9, , 84, 0, 0, 0, , 0, 0, 0, 0, 0, 
38, 0, 44, -1, -1, 85, 93, 188.0, 9, , 21, 0, 0, 0, , 0, 0, 0, 0, 0, 
39, 0, 45, -1, -1, 191, 113, 151.0, 9, , 23, 0, 0, 0, , 0, 0, 0, 0, 0, 
40, 0, 46, -1, -1, 276, 114, 174.0, 11, , 47, 0, 0, 0, , 0, 0, 0, 0, 0, 
41, 0, 48, -1, -1, 240, 124, 176.0, 9, , 8, 0, 0, 0, , 0, 0, 0, 0, 0, 
42, 0, 49, -1, -1, 179, 124, 113.0, 9, , 27, 0, 0, 0, , 0, 0, 0, 0, 0, 
43, 0, 50, -1, -1, 136, 145, 176.0, 9, , 17, 0, 0, 0, , 0, 0, 0, 0, 0, 
44, 0, 51, -1, -1, 220, 38, 140.0, 7, , 13, 0, 0, 0, , 0, 0, 0, 0, 0, 
45, 0, 52, -1, -1, 292, 103, 170.0, 11, , 28, 0, 0, 0, , 0, 0, 0, 0, 0, 
46, 0, 53, -1, -1, 173, 162, 179.0, 9, , 4, 0, 0, 0, , 0, 0, 0, 0, 0, 
47, 0, 54, -1, -1, 210, 127, 177.0, 9, , 23, 0, 0, 0, , 0, 0, 0, 0, 0, 
48, 0, 55, -1, -1, 85, 103, 190.0, 9, , 36, 0, 0, 0, , 0, 0, 0, 0, 0, 
49, 0, 56, -1, -1, 166, 71, 93.0, 9, , 34, 0, 0, 0, , 0, 0, 0, 0, 0, 
50, 0, 57, -1, -1, 200, 169, 145.0, 11, , 83, 0, 0, 0, , 0, 0, 0, 0, 0, 
51, 0, 58, -1, -1, 286, 129, 196.0, 9, , 31, 0, 0, 0, , 0, 0, 0, 0, 0, 
52, 0, 59, -1, -1, 151, 156, 163.0, 9, , 17, 0, 0, 0, , 0, 0, 0, 0, 0, 
53, 0, 60, -1, -1, 211, 88, 192.0, 9, , 27, 0, 0, 0, , 0, 0, 0, 0, 0, 
54, 0, 61, -1, -1, 196, 129, 193.0, 9, , 44, 0, 0, 0, , 0, 0, 0, 0, 0, 
55, 0, 62, -1, -1, 126, 130, 199.0, 9, , 54, 0, 0, 0, , 0, 0, 0, 0, 0, 
56, 0, 63, -1, -1, 137, 87, 97.0, 7, , 9, 0, 0, 0, , 0, 0, 0, 0, 0, 
57, 0, 64, -1, -1, 158, 93, 88.0, 9, , 45, 0, 0, 0, , 0, 0, 0, 0, 0, 
58, 0, 65, -1, -1, 190, 113, 155.0, 11, , 94, 0, 0, 0, , 0, 0, 0, 0, 0, 
59, 0, 66, -1, -1, 289, 58, 171.0, 9, , 27, 0, 0, 0, , 0, 0, 0, 0, 0, 
60, 0, 67, -1, -1, 268, 73, 185.0, 11, , 39, 0, 0, 0, , 0, 0, 0, 0, 0, 
61, 0, 68, -1, -1, 136, 121, 192.0, 7, , 26, 0, 0, 0, , 0, 0, 0, 0, 0, 
62, 0, 70, -1, -1, 201, 168, 148.0, 11, , 64, 0, 0, 0, , 0, 0, 0, 0, 0, 
63, 0, 71, -1, -1, 144, 92, 169.0, 9, , 18, 0, 0, 0, , 0, 0, 0, 0, 0, 
64, 0, 72, -1, -1, 317, 76, 184.0, 7, , 23, 0, 0, 0, , 0, 0, 0, 0, 0, 
65, 0, 74, -1, -1, 57, 110, 91.0, 9, , 17, 0, 0, 0, , 0, 0, 0, 0, 0, 
66, 0, 75, -1, -1, 124, 88, 128.0, 9, , 16, 0, 0, 0, , 0, 0, 0, 0, 0, 
67, 0, 76, -1, -1, 139, 179, 144.0, 9, , 30, 0, 0, 0, , 0, 0, 0, 0, 0, 
68, 0, 77, -1, -1, 246, 66, 181.0, 7, , 23, 0, 0, 0, , 0, 0, 0, 0, 0, 
69, 0, 78, -1, -1, 119, 76, 135.0, 9, , 39, 0, 0, 0, , 0, 0, 0, 0, 0, 
70, 0, 79, -1, -1, 70, 96, 164.0, 7, , 25, 0, 0, 0, , 0, 0, 0, 0, 0, 
71, 0, 80, -1, -1, 71, 94, 170.0, 9, , 32, 0, 0, 0, , 0, 0, 0, 0, 0, 
72, 0, 81, -1, -1, 200, 126, 165.0, 9, , 46, 0, 0, 0, , 0, 0, 0, 0, 0, 
73, 0, 82, -1, -1, 260, 103, 181.0, 9, , 65, 0, 0, 0, , 0, 0, 0, 0, 0, 
74, 0, 83, -1, -1, 96, 134, 174.0, 9, , 39, 0, 0, 0, , 0, 0, 0, 0, 0, 
75, 0, 84, -1, -1, 123, 94, 111.0, 9, , 44, 0, 0, 0, , 0, 0, 0, 0, 0, 
76, 0, 85, -1, -1, 76, 117, 142.0, 11, , 65, 0, 0, 0, , 0, 0, 0, 0, 0, 
77, 0, 86, -1, -1, 192, 111, 150.0, 13, , 175, 0, 0, 0, , 0, 0, 0, 0, 0, 
78, 0, 87, -1, -1, 158, 110, 124.0, 9, , 63, 0, 0, 0, , 0, 0, 0, 0, 0, 
79, 0, 89, -1, -1, 109, 102, 184.0, 9, , 13, 0, 0, 0, , 0, 0, 0, 0, 0, 
80, 0, 90, -1, -1, 142, 146, 182.0, 9, , 37, 0, 0, 0, , 0, 0, 0, 0, 0, 
81, 0, 91, -1, -1, 268, 72, 182.0, 9, , 32, 0, 0, 0, , 0, 0, 0, 0, 0, 
82, 0, 92, -1, -1, 142, 100, 171.0, 13, , 79, 0, 0, 0, , 0, 0, 0, 0, 0, 
83, 0, 93, -1, -1, 127, 158, 178.0, 7, , 29, 0, 0, 0, , 0, 0, 0, 0, 0, 
84, 0, 94, -1, -1, 124, 139, 92.0, 13, , 86, 0, 0, 0, , 0, 0, 0, 0, 0, 
85, 0, 95, -1, -1, 144, 180, 143.0, 7, , 14, 0, 0, 0, , 0, 0, 0, 0, 0, 
86, 0, 96, -1, -1, 220, 143, 144.0, 9, , 37, 0, 0, 0, , 0, 0, 0, 0, 0, 
87, 0, 97, -1, -1, 290, 58, 174.0, 7, , 16, 0, 0, 0, , 0, 0, 0, 0, 0, 
88, 0, 98, -1, -1, 174, 93, 156.0, 9, , 38, 0, 0, 0, , 0, 0, 0, 0, 0, 
89, 0, 99, -1, -1, 150, 115, 164.0, 9, , 62, 0, 0, 0, , 0, 0, 0, 0, 0, 
90, 0, 100, -1, -1, 115, 133, 170.0, 9, , 43, 0, 0, 0, , 0, 0, 0, 0, 0, 
91, 0, 101, -1, -1, 157, 87, 157.0, 9, , 53, 0, 0, 0, , 0, 0, 0, 0, 0, 
92, 0, 103, -1, -1, 262, 79, 188.0, 11, , 115, 0, 0, 0, , 0, 0, 0, 0, 0, 
93, 0, 104, -1, -1, 194, 125, 200.0, 13, , 186, 0, 0, 0, , 0, 0, 0, 0, 0, 
94, 0, 105, -1, -1, 177, 127, 97.0, 9, , 59, 0, 0, 0, , 0, 0, 0, 0, 0, 
95, 0, 106, -1, -1, 266, 161, 166.0, 11, , 43, 0, 0, 0, , 0, 0, 0, 0, 0, 
96, 0, 107, -1, -1, 157, 87, 150.0, 7, , 35, 0, 0, 0, , 0, 0, 0, 0, 0, 
97, 0, 108, -1, -1, 122, 100, 97.0, 9, , 15, 0, 0, 0, , 0, 0, 0, 0, 0, 
98, 0, 109, -1, -1, 175, 66, 117.0, 7, , 19, 0, 0, 0, , 0, 0, 0, 0, 0, 
99, 0, 110, -1, -1, 113, 100, 122.0, 9, , 47, 0, 0, 0, , 0, 0, 0, 0, 0, 
100, 0, 111, -1, -1, 91, 102, 144.0, 7, , 20, 0, 0, 0, , 0, 0, 0, 0, 0, 
101, 0, 112, -1, -1, 118, 91, 116.0, 9, , 30, 0, 0, 0, , 0, 0, 0, 0, 0, 
102, 0, 113, -1, -1, 103, 169, 136.0, 9, , 16, 0, 0, 0, , 0, 0, 0, 0, 0, 
103, 0, 114, -1, -1, 133, 136, 153.0, 9, , 53, 0, 0, 0, , 0, 0, 0, 0, 0, 
104, 0, 115, -1, -1, 102, 116, 164.0, 11, , 20, 0, 0, 0, , 0, 0, 0, 0, 0, 
105, 0, 116, -1, -1, 102, 131, 169.0, 9, , 39, 0, 0, 0, , 0, 0, 0, 0, 0, 
106, 0, 117, -1, -1, 149, 166, 128.0, 9, , 32, 0, 0, 0, , 0, 0, 0, 0, 0, 
107, 0, 118, -1, -1, 67, 117, 153.0, 11, , 17, 0, 0, 0, , 0, 0, 0, 0, 0, 
108, 0, 119, -1, -1, 187, 56, 179.0, 7, , 34, 0, 0, 0, , 0, 0, 0, 0, 0, 
109, 0, 120, -1, -1, 98, 88, 181.0, 7, , 26, 0, 0, 0, , 0, 0, 0, 0, 0, 
110, 0, 121, -1, -1, 158, 122, 204.0, 9, , 57, 0, 0, 0, , 0, 0, 0, 0, 0, 
111, 0, 123, -1, -1, 142, 96, 199.0, 11, , 67, 0, 0, 0, , 0, 0, 0, 0, 0, 
112, 0, 124, -1, -1, 223, 120, 184.0, 9, , 28, 0, 0, 0, , 0, 0, 0, 0, 0, 
113, 0, 125, -1, -1, 123, 99, 99.0, 9, , 36, 0, 0, 0, , 0, 0, 0, 0, 0, 
114, 0, 126, -1, -1, 119, 101, 120.0, 7, , 14, 0, 0, 0, , 0, 0, 0, 0, 0, 
115, 0, 127, -1, -1, 137, 62, 152.0, 9, , 49, 0, 0, 0, , 0, 0, 0, 0, 0, 
116, 0, 128, -1, -1, 229, 37, 162.0, 7, , 9, 0, 0, 0, , 0, 0, 0, 0, 0, 
117, 0, 129, -1, -1, 143, 57, 175.0, 9, , 55, 0, 0, 0, , 0, 0, 0, 0, 0, 
118, 0, 130, -1, -1, 133, 140, 202.0, 9, , 63, 0, 0, 0, , 0, 0, 0, 0, 0, 
119, 0, 131, -1, -1, 171, 132, 202.0, 9, , 22, 0, 0, 0, , 0, 0, 0, 0, 0, 
120, 0, 132, -1, -1, 137, 84, 168.0, 7, , 23, 0, 0, 0, , 0, 0, 0, 0, 0, 
121, 0, 133, -1, -1, 257, 107, 179.0, 9, , 28, 0, 0, 0, , 0, 0, 0, 0, 0, 
122, 0, 135, -1, -1, 163, 64, 114.0, 7, , 16, 0, 0, 0, , 0, 0, 0, 0, 0, 
123, 0, 137, -1, -1, 224, 39, 145.0, 11, , 49, 0, 0, 0, , 0, 0, 0, 0, 0, 
124, 0, 138, -1, -1, 145, 124, 149.0, 9, , 3, 0, 0, 0, , 0, 0, 0, 0, 0, 
125, 0, 139, -1, -1, 283, 57, 176.0, 9, , 29, 0, 0, 0, , 0, 0, 0, 0, 0, 
126, 0, 140, -1, -1, 143, 98, 206.0, 11, , 51, 0, 0, 0, , 0, 0, 0, 0, 0, 
127, 0, 142, -1, -1, 285, 94, 197.0, 9, , 12, 0, 0, 0, , 0, 0, 0, 0, 0, 
128, 0, 143, -1, -1, 142, 113, 154.0, 9, , 177, 0, 0, 0, , 0, 0, 0, 0, 0, 
129, 0, 145, -1, -1, 140, 153, 132.0, 9, , 48, 0, 0, 0, , 0, 0, 0, 0, 0, 
130, 0, 146, -1, -1, 152, 132, 202.0, 9, , 46, 0, 0, 0, , 0, 0, 0, 0, 0, 
131, 0, 147, -1, -1, 297, 106, 191.0, 9, , 25, 0, 0, 0, , 0, 0, 0, 0, 0, 
132, 0, 148, -1, -1, 154, 157, 169.0, 11, , 17, 0, 0, 0, , 0, 0, 0, 0, 0, 
133, 0, 149, -1, -1, 219, 144, 147.0, 9, , 59, 0, 0, 0, , 0, 0, 0, 0, 0, 
134, 0, 150, -1, -1, 113, 158, 166.0, 9, , 32, 0, 0, 0, , 0, 0, 0, 0, 0, 
135, 0, 151, -1, -1, 250, 104, 172.0, 9, , 30, 0, 0, 0, , 0, 0, 0, 0, 0, 
136, 0, 152, -1, -1, 241, 63, 177.0, 11, , 56, 0, 0, 0, , 0, 0, 0, 0, 0, 
137, 0, 153, -1, -1, 107, 103, 183.0, 9, , 29, 0, 0, 0, , 0, 0, 0, 0, 0, 
138, 0, 154, -1, -1, 318, 85, 187.0, 7, , 16, 0, 0, 0, , 0, 0, 0, 0, 0, 
139, 0, 155, -1, -1, 205, 81, 192.0, 9, , 69, 0, 0, 0, , 0, 0, 0, 0, 0, 
140, 0, 156, -1, -1, 232, 39, 161.0, 9, , 51, 0, 0, 0, , 0, 0, 0, 0, 0, 
141, 0, 157, -1, -1, 125, 166, 169.0, 9, , 24, 0, 0, 0, , 0, 0, 0, 0, 0, 
142, 0, 158, -1, -1, 108, 104, 177.0, 9, , 22, 0, 0, 0, , 0, 0, 0, 0, 0, 
143, 0, 159, -1, -1, 221, 121, 182.0, 11, , 90, 0, 0, 0, , 0, 0, 0, 0, 0, 
144, 0, 161, -1, -1, 133, 130, 150.0, 9, , 39, 0, 0, 0, , 0, 0, 0, 0, 0, 
145, 0, 162, -1, -1, 290, 116, 185.0, 9, , 42, 0, 0, 0, , 0, 0, 0, 0, 0, 
146, 0, 163, -1, -1, 200, 170, 143.0, 9, , 44, 0, 0, 0, , 0, 0, 0, 0, 0, 
147, 0, 164, -1, -1, 123, 93, 107.0, 9, , 45, 0, 0, 0, , 0, 0, 0, 0, 0, 
148, 0, 165, -1, -1, 163, 167, 109.0, 9, , 25, 0, 0, 0, , 0, 0, 0, 0, 0, 
149, 0, 166, -1, -1, 280, 134, 197.0, 11, , 53, 0, 0, 0, , 0, 0, 0, 0, 0, 
150, 0, 167, -1, -1, 159, 78, 209.0, 7, , 20, 0, 0, 0, , 0, 0, 0, 0, 0, 
151, 0, 168, -1, -1, 153, 91, 208.0, 9, , 52, 0, 0, 0, , 0, 0, 0, 0, 0, 
152, 0, 169, -1, -1, 177, 126, 100.0, 9, , 25, 0, 0, 0, , 0, 0, 0, 0, 0, 
153, 0, 170, -1, -1, 140, 126, 141.0, 13, , 23, 0, 0, 0, , 0, 0, 0, 0, 0, 
154, 0, 171, -1, -1, 132, 62, 154.0, 9, , 58, 0, 0, 0, , 0, 0, 0, 0, 0, 
155, 0, 174, -1, -1, 144, 146, 169.0, 9, , 56, 0, 0, 0, , 0, 0, 0, 0, 0, 
156, 0, 175, -1, -1, 211, 127, 175.0, 9, , 50, 0, 0, 0, , 0, 0, 0, 0, 0, 
157, 0, 176, -1, -1, 143, 146, 179.0, 9, , 97, 0, 0, 0, , 0, 0, 0, 0, 0, 
158, 0, 177, -1, -1, 151, 62, 182.0, 9, , 40, 0, 0, 0, , 0, 0, 0, 0, 0, 
159, 0, 178, -1, -1, 300, 108, 195.0, 9, , 76, 0, 0, 0, , 0, 0, 0, 0, 0, 
160, 0, 179, -1, -1, 318, 112, 191.0, 9, , 28, 0, 0, 0, , 0, 0, 0, 0, 0, 
161, 0, 180, -1, -1, 154, 92, 207.0, 11, , 123, 0, 0, 0, , 0, 0, 0, 0, 0, 
162, 0, 181, -1, -1, 124, 170, 152.0, 9, , 24, 0, 0, 0, , 0, 0, 0, 0, 0, 
163, 0, 182, -1, -1, 310, 72, 153.0, 9, , 4, 0, 0, 0, , 0, 0, 0, 0, 0, 
164, 0, 183, -1, -1, 304, 73, 159.0, 7, , 17, 0, 0, 0, , 0, 0, 0, 0, 0, 
165, 0, 186, -1, -1, 212, 129, 167.0, 9, , 81, 0, 0, 0, , 0, 0, 0, 0, 0, 
166, 0, 187, -1, -1, 136, 102, 179.0, 7, , 19, 0, 0, 0, , 0, 0, 0, 0, 0, 
167, 0, 188, -1, -1, 155, 61, 187.0, 9, , 47, 0, 0, 0, , 0, 0, 0, 0, 0, 
168, 0, 189, -1, -1, 263, 75, 190.0, 9, , 27, 0, 0, 0, , 0, 0, 0, 0, 0, 
169, 0, 191, -1, -1, 284, 97, 201.0, 9, , 30, 0, 0, 0, , 0, 0, 0, 0, 0, 
170, 0, 192, -1, -1, 146, 128, 151.0, 9, , 26, 0, 0, 0, , 0, 0, 0, 0, 0, 
171, 0, 193, -1, -1, 150, 144, 171.0, 9, , 25, 0, 0, 0, , 0, 0, 0, 0, 0, 
172, 0, 194, -1, -1, 244, 65, 177.0, 9, , 39, 0, 0, 0, , 0, 0, 0, 0, 0, 
173, 0, 195, -1, -1, 178, 123, 118.0, 11, , 41, 0, 0, 0, , 0, 0, 0, 0, 0, 
174, 0, 196, -1, -1, 168, 76, 170.0, 9, , 51, 0, 0, 0, , 0, 0, 0, 0, 0, 
175, 0, 197, -1, -1, 138, 45, 175.0, 7, , 70, 0, 0, 0, , 0, 0, 0, 0, 0, 
176, 0, 198, -1, -1, 103, 85, 173.0, 9, , 170, 0, 0, 0, , 0, 0, 0, 0, 0, 
177, 0, 199, -1, -1, 98, 152, 168.0, 7, , 20, 0, 0, 0, , 0, 0, 0, 0, 0, 
178, 0, 201, -1, -1, 165, 102, 206.0, 7, , 16, 0, 0, 0, , 0, 0, 0, 0, 0, 
179, 0, 202, -1, -1, 73, 144, 94.0, 9, , 149, 0, 0, 0, , 0, 0, 0, 0, 0, 
180, 0, 203, -1, -1, 64, 116, 154.0, 7, , 19, 0, 0, 0, , 0, 0, 0, 0, 0, 
181, 0, 204, -1, -1, 156, 72, 182.0, 9, , 26, 0, 0, 0, , 0, 0, 0, 0, 0, 
182, 0, 205, -1, -1, 224, 74, 185.0, 9, , 23, 0, 0, 0, , 0, 0, 0, 0, 0, 
183, 0, 206, -1, -1, 259, 103, 184.0, 11, , 74, 0, 0, 0, , 0, 0, 0, 0, 0, 
184, 0, 207, -1, -1, 132, 140, 204.0, 9, , 32, 0, 0, 0, , 0, 0, 0, 0, 0, 
185, 0, 208, -1, -1, 178, 127, 94.0, 9, , 54, 0, 0, 0, , 0, 0, 0, 0, 0, 
186, 0, 209, -1, -1, 170, 132, 209.0, 9, , 40, 0, 0, 0, , 0, 0, 0, 0, 0, 
187, 0, 211, -1, -1, 150, 110, 211.0, 9, , 15, 0, 0, 0, , 0, 0, 0, 0, 0, 
188, 0, 213, -1, -1, 178, 57, 102.0, 7, , 12, 0, 0, 0, , 0, 0, 0, 0, 0, 
189, 0, 214, -1, -1, 140, 156, 134.0, 13, , 185, 0, 0, 0, , 0, 0, 0, 0, 0, 
190, 0, 215, -1, -1, 143, 40, 156.0, 13, , 25, 0, 0, 0, , 0, 0, 0, 0, 0, 
191, 0, 216, -1, -1, 123, 170, 150.0, 9, , 17, 0, 0, 0, , 0, 0, 0, 0, 0, 
192, 0, 218, -1, -1, 220, 145, 153.0, 9, , 34, 0, 0, 0, , 0, 0, 0, 0, 0, 
193, 0, 219, -1, -1, 135, 43, 162.0, 7, , 19, 0, 0, 0, , 0, 0, 0, 0, 0, 
194, 0, 220, -1, -1, 157, 86, 166.0, 9, , 49, 0, 0, 0, , 0, 0, 0, 0, 0, 
195, 0, 221, -1, -1, 97, 133, 171.0, 9, , 33, 0, 0, 0, , 0, 0, 0, 0, 0, 
196, 0, 222, -1, -1, 118, 133, 198.0, 9, , 27, 0, 0, 0, , 0, 0, 0, 0, 0, 
197, 0, 224, -1, -1, 195, 128, 198.0, 9, , 83, 0, 0, 0, , 0, 0, 0, 0, 0, 
198, 0, 225, -1, -1, 192, 124, 197.0, 9, , 47, 0, 0, 0, , 0, 0, 0, 0, 0, 
199, 0, 226, -1, -1, 125, 95, 96.0, 11, , 58, 0, 0, 0, , 0, 0, 0, 0, 0, 
200, 0, 227, -1, -1, 178, 61, 108.0, 9, , 23, 0, 0, 0, , 0, 0, 0, 0, 0, 
201, 0, 228, -1, -1, 115, 91, 105.0, 9, , 37, 0, 0, 0, , 0, 0, 0, 0, 0, 
202, 0, 229, -1, -1, 158, 111, 128.0, 9, , 38, 0, 0, 0, , 0, 0, 0, 0, 0, 
203, 0, 230, -1, -1, 65, 112, 158.0, 9, , 26, 0, 0, 0, , 0, 0, 0, 0, 0, 
204, 0, 231, -1, -1, 216, 106, 168.0, 9, , 13, 0, 0, 0, , 0, 0, 0, 0, 0, 
205, 0, 232, -1, -1, 98, 87, 179.0, 9, , 88, 0, 0, 0, , 0, 0, 0, 0, 0, 
206, 0, 233, -1, -1, 222, 82, 183.0, 11, , 31, 0, 0, 0, , 0, 0, 0, 0, 0, 
207, 0, 234, -1, -1, 98, 81, 187.0, 9, , 44, 0, 0, 0, , 0, 0, 0, 0, 0, 
208, 0, 235, -1, -1, 137, 140, 191.0, 9, , 8, 0, 0, 0, , 0, 0, 0, 0, 0, 
209, 0, 236, -1, -1, 134, 73, 167.0, 9, , 23, 0, 0, 0, , 0, 0, 0, 0, 0, 
210, 0, 237, -1, -1, 117, 123, 64.0, 7, , 38, 0, 0, 0, , 0, 0, 0, 0, 0, 
211, 0, 238, -1, -1, 93, 145, 89.0, 9, , 62, 0, 0, 0, , 0, 0, 0, 0, 0, 
212, 0, 241, -1, -1, 229, 40, 171.0, 7, , 39, 0, 0, 0, , 0, 0, 0, 0, 0, 
213, 0, 242, -1, -1, 235, 39, 165.0, 9, , 30, 0, 0, 0, , 0, 0, 0, 0, 0, 
214, 0, 243, -1, -1, 282, 54, 173.0, 7, , 17, 0, 0, 0, , 0, 0, 0, 0, 0, 
215, 0, 244, -1, -1, 151, 148, 175.0, 9, , 32, 0, 0, 0, , 0, 0, 0, 0, 0, 
216, 0, 245, -1, -1, 137, 179, 140.0, 9, , 26, 0, 0, 0, , 0, 0, 0, 0, 0, 
217, 0, 247, -1, -1, 156, 86, 160.0, 9, , 75, 0, 0, 0, , 0, 0, 0, 0, 0, 
218, 0, 248, -1, -1, 312, 75, 157.0, 9, , 21, 0, 0, 0, , 0, 0, 0, 0, 0, 
219, 0, 249, -1, -1, 104, 117, 168.0, 9, , 25, 0, 0, 0, , 0, 0, 0, 0, 0, 
220, 0, 250, -1, -1, 153, 60, 179.0, 11, , 58, 0, 0, 0, , 0, 0, 0, 0, 0, 
221, 0, 251, -1, -1, 156, 72, 182.0, 9, , 41, 0, 0, 0, , 0, 0, 0, 0, 0, 
222, 0, 252, -1, -1, 209, 86, 196.0, 9, , 28, 0, 0, 0, , 0, 0, 0, 0, 0, 
223, 0, 253, -1, -1, 159, 77, 206.0, 11, , 88, 0, 0, 0, , 0, 0, 0, 0, 0, 
224, 0, 254, -1, -1, 115, 125, 71.0, 7, , 15, 0, 0, 0, , 0, 0, 0, 0, 0, 
225, 0, 255, -1, -1, 127, 103, 154.0, 7, , 21, 0, 0, 0, , 0, 0, 0, 0, 0, 
226, 0, 257, -1, -1, 285, 60, 178.0, 9, , 15, 0, 0, 0, , 0, 0, 0, 0, 0, 
227, 0, 258, -1, -1, 161, 76, 204.0, 9, , 30, 0, 0, 0, , 0, 0, 0, 0, 0, 
228, 0, 259, -1, -1, 222, 114, 163.0, 7, , 16, 0, 0, 0, , 0, 0, 0, 0, 0, 
229, 0, 260, -1, -1, 113, 91, 123.0, 7, , 23, 0, 0, 0, , 0, 0, 0, 0, 0, 
230, 0, 261, -1, -1, 255, 45, 128.0, 9, , 26, 0, 0, 0, , 0, 0, 0, 0, 0, 
231, 0, 262, -1, -1, 63, 109, 152.0, 9, , 59, 0, 0, 0, , 0, 0, 0, 0, 0, 
232, 0, 263, -1, -1, 325, 92, 164.0, 9, , 19, 0, 0, 0, , 0, 0, 0, 0, 0, 
233, 0, 264, -1, -1, 141, 44, 165.0, 7, , 28, 0, 0, 0, , 0, 0, 0, 0, 0, 
234, 0, 265, -1, -1, 85, 111, 194.0, 9, , 28, 0, 0, 0, , 0, 0, 0, 0, 0, 
235, 0, 266, -1, -1, 193, 125, 202.0, 11, , 139, 0, 0, 0, , 0, 0, 0, 0, 0, 
236, 0, 267, -1, -1, 112, 91, 117.0, 9, , 59, 0, 0, 0, , 0, 0, 0, 0, 0, 
237, 0, 268, -1, -1, 129, 152, 119.0, 11, , 38, 0, 0, 0, , 0, 0, 0, 0, 0, 
238, 0, 269, -1, -1, 199, 127, 170.0, 9, , 30, 0, 0, 0, , 0, 0, 0, 0, 0, 
239, 0, 270, -1, -1, 102, 86, 174.0, 11, , 144, 0, 0, 0, , 0, 0, 0, 0, 0, 
240, 0, 271, -1, -1, 259, 103, 187.0, 9, , 33, 0, 0, 0, , 0, 0, 0, 0, 0, 
241, 0, 272, -1, -1, 138, 121, 188.0, 9, , 38, 0, 0, 0, , 0, 0, 0, 0, 0, 
242, 0, 273, -1, -1, 123, 94, 101.0, 9, , 26, 0, 0, 0, , 0, 0, 0, 0, 0, 
243, 0, 274, -1, -1, 133, 108, 149.0, 9, , 27, 0, 0, 0, , 0, 0, 0, 0, 0, 
244, 0, 275, -1, -1, 173, 93, 163.0, 11, , 31, 0, 0, 0, , 0, 0, 0, 0, 0, 
245, 0, 276, -1, -1, 153, 155, 165.0, 11, , 28, 0, 0, 0, , 0, 0, 0, 0, 0, 
246, 0, 277, -1, -1, 230, 36, 162.0, 11, , 60, 0, 0, 0, , 0, 0, 0, 0, 0, 
247, 0, 278, -1, -1, 143, 95, 174.0, 11, , 39, 0, 0, 0, , 0, 0, 0, 0, 0, 
248, 0, 279, -1, -1, 113, 92, 181.0, 9, , 40, 0, 0, 0, , 0, 0, 0, 0, 0, 
249, 0, 280, -1, -1, 177, 117, 115.0, 9, , 16, 0, 0, 0, , 0, 0, 0, 0, 0, 
250, 0, 281, -1, -1, 132, 62, 150.0, 7, , 26, 0, 0, 0, , 0, 0, 0, 0, 0, 
251, 0, 282, -1, -1, 140, 179, 148.0, 9, , 29, 0, 0, 0, , 0, 0, 0, 0, 0, 
252, 0, 283, -1, -1, 141, 112, 157.0, 11, , 82, 0, 0, 0, , 0, 0, 0, 0, 0, 
253, 0, 284, -1, -1, 281, 97, 205.0, 9, , 27, 0, 0, 0, , 0, 0, 0, 0, 0, 
254, 0, 285, -1, -1, 73, 82, 99.0, 9, , 24, 0, 0, 0, , 0, 0, 0, 0, 0, 
255, 0, 287, -1, -1, 143, 112, 151.0, 11, , 103, 0, 0, 0, , 0, 0, 0, 0, 0, 
256, 0, 288, -1, -1, 122, 147, 153.0, 9, , 40, 0, 0, 0, , 0, 0, 0, 0, 0, 
257, 0, 289, -1, -1, 183, 173, 159.0, 9, , 22, 0, 0, 0, , 0, 0, 0, 0, 0, 
258, 0, 290, -1, -1, 111, 144, 140.0, 13, , 97, 0, 0, 0, , 0, 0, 0, 0, 0, 
259, 0, 291, -1, -1, 124, 140, 97.0, 9, , 49, 0, 0, 0, , 0, 0, 0, 0, 0, 
260, 0, 292, -1, -1, 113, 90, 120.0, 9, , 26, 0, 0, 0, , 0, 0, 0, 0, 0, 
261, 0, 293, -1, -1, 119, 98, 95.0, 9, , 91, 0, 0, 0, , 0, 0, 0, 0, 0, 
262, 0, 295, -1, -1, 224, 125, 138.0, 9, , 45, 0, 0, 0, , 0, 0, 0, 0, 0, 
263, 0, 296, -1, -1, 265, 79, 181.0, 9, , 31, 0, 0, 0, , 0, 0, 0, 0, 0, 
264, 0, 297, -1, -1, 117, 73, 184.0, 9, , 21, 0, 0, 0, , 0, 0, 0, 0, 0, 
265, 0, 298, -1, -1, 111, 91, 179.0, 7, , 32, 0, 0, 0, , 0, 0, 0, 0, 0, 
266, 0, 299, -1, -1, 118, 111, 185.0, 9, , 43, 0, 0, 0, , 0, 0, 0, 0, 0, 
267, 0, 300, -1, -1, 138, 121, 190.0, 9, , 36, 0, 0, 0, , 0, 0, 0, 0, 0, 
268, 0, 301, -1, -1, 277, 80, 191.0, 7, , 36, 0, 0, 0, , 0, 0, 0, 0, 0, 
269, 0, 302, -1, -1, 128, 142, 195.0, 7, , 15, 0, 0, 0, , 0, 0, 0, 0, 0, 
270, 0, 304, -1, -1, 239, 65, 184.0, 9, , 59, 0, 0, 0, , 0, 0, 0, 0, 0, 
271, 0, 305, -1, -1, 272, 86, 196.0, 9, , 19, 0, 0, 0, , 0, 0, 0, 0, 0, 
272, 0, 306, -1, -1, 191, 123, 204.0, 9, , 69, 0, 0, 0, , 0, 0, 0, 0, 0, 
273, 0, 307, -1, -1, 114, 102, 115.0, 9, , 59, 0, 0, 0, , 0, 0, 0, 0, 0, 
274, 0, 308, -1, -1, 115, 92, 175.0, 9, , 47, 0, 0, 0, , 0, 0, 0, 0, 0, 
275, 0, 309, -1, -1, 151, 72, 185.0, 9, , 38, 0, 0, 0, , 0, 0, 0, 0, 0, 
276, 0, 310, -1, -1, 123, 139, 95.0, 11, , 70, 0, 0, 0, , 0, 0, 0, 0, 0, 
277, 0, 311, -1, -1, 123, 93, 105.0, 9, , 57, 0, 0, 0, , 0, 0, 0, 0, 0, 
278, 0, 312, -1, -1, 305, 164, 113.0, 9, , 40, 0, 0, 0, , 0, 0, 0, 0, 0, 
279, 0, 316, -1, -1, 174, 93, 154.0, 7, , 21, 0, 0, 0, , 0, 0, 0, 0, 0, 
280, 0, 317, -1, -1, 117, 133, 162.0, 9, , 20, 0, 0, 0, , 0, 0, 0, 0, 0, 
281, 0, 318, -1, -1, 119, 126, 164.0, 9, , 15, 0, 0, 0, , 0, 0, 0, 0, 0, 
282, 0, 320, -1, -1, 87, 98, 194.0, 9, , 9, 0, 0, 0, , 0, 0, 0, 0, 0, 
283, 0, 321, -1, -1, 305, 164, 111.0, 9, , 39, 0, 0, 0, , 0, 0, 0, 0, 0, 
284, 0, 322, -1, -1, 287, 167, 141.0, 9, , 18, 0, 0, 0, , 0, 0, 0, 0, 0, 
285, 0, 323, -1, -1, 144, 146, 156.0, 9, , 68, 0, 0, 0, , 0, 0, 0, 0, 0, 
286, 0, 324, -1, -1, 71, 94, 168.0, 9, , 33, 0, 0, 0, , 0, 0, 0, 0, 0, 
287, 0, 325, -1, -1, 234, 39, 167.0, 11, , 97, 0, 0, 0, , 0, 0, 0, 0, 0, 
288, 0, 326, -1, -1, 123, 160, 172.0, 9, , 62, 0, 0, 0, , 0, 0, 0, 0, 0, 
289, 0, 329, -1, -1, 273, 138, 193.0, 7, , 24, 0, 0, 0, , 0, 0, 0, 0, 0, 
290, 0, 331, -1, -1, 164, 179, 130.0, 11, , 19, 0, 0, 0, , 0, 0, 0, 0, 0, 
291, 0, 333, -1, -1, 223, 82, 189.0, 9, , 35, 0, 0, 0, , 0, 0, 0, 0, 0, 
292, 0, 334, -1, -1, 208, 85, 198.0, 9, , 31, 0, 0, 0, , 0, 0, 0, 0, 0, 
293, 0, 335, -1, -1, 117, 123, 66.0, 7, , 44, 0, 0, 0, , 0, 0, 0, 0, 0, 
294, 0, 337, -1, -1, 219, 143, 141.0, 7, , 19, 0, 0, 0, , 0, 0, 0, 0, 0, 
295, 0, 338, -1, -1, 136, 42, 159.0, 7, , 21, 0, 0, 0, , 0, 0, 0, 0, 0, 
296, 0, 339, -1, -1, 126, 82, 160.0, 7, , 34, 0, 0, 0, , 0, 0, 0, 0, 0, 
297, 0, 341, -1, -1, 174, 120, 198.0, 9, , 39, 0, 0, 0, , 0, 0, 0, 0, 0, 
298, 0, 342, -1, -1, 99, 87, 176.0, 9, , 66, 0, 0, 0, , 0, 0, 0, 0, 0, 
299, 0, 343, -1, -1, 202, 80, 196.0, 7, , 26, 0, 0, 0, , 0, 0, 0, 0, 0, 
300, 0, 344, -1, -1, 308, 169, 142.0, 9, , 28, 0, 0, 0, , 0, 0, 0, 0, 0, 
301, 0, 345, -1, -1, 163, 140, 84.0, 9, , 35, 0, 0, 0, , 0, 0, 0, 0, 0, 
302, 0, 346, -1, -1, 62, 100, 108.0, 9, , 12, 0, 0, 0, , 0, 0, 0, 0, 0, 
303, 0, 347, -1, -1, 154, 167, 84.0, 11, , 42, 0, 0, 0, , 0, 0, 0, 0, 0, 
304, 0, 348, -1, -1, 155, 167, 99.0, 9, , 6, 0, 0, 0, , 0, 0, 0, 0, 0, 
305, 0, 349, -1, -1, 151, 161, 126.0, 9, , 50, 0, 0, 0, , 0, 0, 0, 0, 0, 
306, 0, 350, -1, -1, 127, 176, 137.0, 9, , 29, 0, 0, 0, , 0, 0, 0, 0, 0, 
307, 0, 351, -1, -1, 309, 169, 139.0, 9, , 25, 0, 0, 0, , 0, 0, 0, 0, 0, 
308, 0, 352, -1, -1, 162, 110, 146.0, 7, , 9, 0, 0, 0, , 0, 0, 0, 0, 0, 
309, 0, 353, -1, -1, 62, 108, 154.0, 7, , 25, 0, 0, 0, , 0, 0, 0, 0, 0, 
310, 0, 354, -1, -1, 109, 160, 154.0, 7, , 15, 0, 0, 0, , 0, 0, 0, 0, 0, 
311, 0, 355, -1, -1, 169, 77, 172.0, 9, , 31, 0, 0, 0, , 0, 0, 0, 0, 0, 
312, 0, 357, -1, -1, 318, 86, 185.0, 7, , 32, 0, 0, 0, , 0, 0, 0, 0, 0, 
313, 0, 358, -1, -1, 156, 91, 202.0, 9, , 39, 0, 0, 0, , 0, 0, 0, 0, 0, 
314, 0, 359, -1, -1, 175, 66, 115.0, 7, , 14, 0, 0, 0, , 0, 0, 0, 0, 0, 
315, 0, 360, -1, -1, 135, 107, 145.0, 9, , 62, 0, 0, 0, , 0, 0, 0, 0, 0, 
316, 0, 361, -1, -1, 322, 93, 162.0, 11, , 43, 0, 0, 0, , 0, 0, 0, 0, 0, 
317, 0, 362, -1, -1, 98, 152, 160.0, 7, , 28, 0, 0, 0, , 0, 0, 0, 0, 0, 
318, 0, 363, -1, -1, 71, 93, 174.0, 9, , 46, 0, 0, 0, , 0, 0, 0, 0, 0, 
319, 0, 364, -1, -1, 150, 149, 175.0, 9, , 71, 0, 0, 0, , 0, 0, 0, 0, 0, 
320, 0, 365, -1, -1, 158, 122, 199.0, 9, , 68, 0, 0, 0, , 0, 0, 0, 0, 0, 
321, 0, 366, -1, -1, 128, 142, 198.0, 9, , 64, 0, 0, 0, , 0, 0, 0, 0, 0, 
322, 0, 367, -1, -1, 306, 164, 108.0, 9, , 26, 0, 0, 0, , 0, 0, 0, 0, 0, 
323, 0, 368, -1, -1, 110, 104, 176.0, 9, , 26, 0, 0, 0, , 0, 0, 0, 0, 0, 
324, 0, 370, -1, -1, 128, 82, 158.0, 7, , 41, 0, 0, 0, , 0, 0, 0, 0, 0, 
325, 0, 371, -1, -1, 161, 91, 84.0, 11, , 53, 0, 0, 0, , 0, 0, 0, 0, 0, 
326, 0, 372, -1, -1, 208, 97, 99.0, 9, , 19, 0, 0, 0, , 0, 0, 0, 0, 0, 
327, 0, 373, -1, -1, 78, 154, 114.0, 9, , 19, 0, 0, 0, , 0, 0, 0, 0, 0, 
328, 0, 374, -1, -1, 201, 73, 115.0, 7, , 6, 0, 0, 0, , 0, 0, 0, 0, 0, 
329, 0, 375, -1, -1, 170, 169, 140.0, 9, , 18, 0, 0, 0, , 0, 0, 0, 0, 0, 
330, 0, 376, -1, -1, 133, 61, 157.0, 11, , 89, 0, 0, 0, , 0, 0, 0, 0, 0, 
331, 0, 377, -1, -1, 142, 86, 159.0, 9, , 45, 0, 0, 0, , 0, 0, 0, 0, 0, 
332, 0, 378, -1, -1, 268, 161, 163.0, 11, , 36, 0, 0, 0, , 0, 0, 0, 0, 0, 
333, 0, 379, -1, -1, 238, 65, 182.0, 9, , 59, 0, 0, 0, , 0, 0, 0, 0, 0, 
334, 0, 380, -1, -1, 116, 112, 187.0, 11, , 235, 0, 0, 0, , 0, 0, 0, 0, 0, 
335, 0, 381, -1, -1, 291, 118, 188.0, 9, , 42, 0, 0, 0, , 0, 0, 0, 0, 0, 
336, 0, 382, -1, -1, 117, 143, 137.0, 9, , 20, 0, 0, 0, , 0, 0, 0, 0, 0, 
337, 0, 384, -1, -1, 146, 40, 157.0, 9, , 34, 0, 0, 0, , 0, 0, 0, 0, 0, 
338, 0, 385, -1, -1, 157, 87, 164.0, 11, , 67, 0, 0, 0, , 0, 0, 0, 0, 0, 
339, 0, 386, -1, -1, 186, 56, 182.0, 9, , 45, 0, 0, 0, , 0, 0, 0, 0, 0, 
340, 0, 387, -1, -1, 153, 69, 185.0, 9, , 67, 0, 0, 0, , 0, 0, 0, 0, 0, 
341, 0, 388, -1, -1, 193, 127, 196.0, 9, , 84, 0, 0, 0, , 0, 0, 0, 0, 0, 
342, 0, 389, -1, -1, 189, 126, 193.0, 7, , 32, 0, 0, 0, , 0, 0, 0, 0, 0, 
343, 0, 390, -1, -1, 123, 141, 89.0, 9, , 43, 0, 0, 0, , 0, 0, 0, 0, 0, 
344, 0, 391, -1, -1, 163, 136, 75.0, 9, , 5, 0, 0, 0, , 0, 0, 0, 0, 0, 
345, 0, 393, -1, -1, 71, 144, 99.0, 9, , 23, 0, 0, 0, , 0, 0, 0, 0, 0, 
346, 0, 394, -1, -1, 165, 123, 106.0, 7, , 18, 0, 0, 0, , 0, 0, 0, 0, 0, 
347, 0, 395, -1, -1, 70, 80, 104.0, 9, , 15, 0, 0, 0, , 0, 0, 0, 0, 0, 
348, 0, 396, -1, -1, 69, 86, 115.0, 7, , 11, 0, 0, 0, , 0, 0, 0, 0, 0, 
349, 0, 397, -1, -1, 134, 177, 131.0, 9, , 54, 0, 0, 0, , 0, 0, 0, 0, 0, 
350, 0, 398, -1, -1, 87, 160, 147.0, 9, , 25, 0, 0, 0, , 0, 0, 0, 0, 0, 
351, 0, 399, -1, -1, 276, 100, 164.0, 9, , 29, 0, 0, 0, , 0, 0, 0, 0, 0, 
352, 0, 400, -1, -1, 207, 132, 169.0, 7, , 5, 0, 0, 0, , 0, 0, 0, 0, 0, 
353, 0, 401, -1, -1, 317, 87, 183.0, 9, , 34, 0, 0, 0, , 0, 0, 0, 0, 0, 
354, 0, 402, -1, -1, 113, 73, 194.0, 7, , 7, 0, 0, 0, , 0, 0, 0, 0, 0, 
355, 0, 403, -1, -1, 85, 100, 197.0, 9, , 28, 0, 0, 0, , 0, 0, 0, 0, 0, 
356, 0, 404, -1, -1, 177, 127, 88.0, 9, , 21, 0, 0, 0, , 0, 0, 0, 0, 0, 
357, 0, 405, -1, -1, 81, 135, 120.0, 9, , 37, 0, 0, 0, , 0, 0, 0, 0, 0, 
358, 0, 406, -1, -1, 157, 86, 152.0, 9, , 52, 0, 0, 0, , 0, 0, 0, 0, 0, 
359, 0, 407, -1, -1, 182, 174, 162.0, 9, , 33, 0, 0, 0, , 0, 0, 0, 0, 0, 
360, 0, 408, -1, -1, 112, 136, 181.0, 9, , 92, 0, 0, 0, , 0, 0, 0, 0, 0, 
361, 0, 409, -1, -1, 133, 61, 160.0, 9, , 31, 0, 0, 0, , 0, 0, 0, 0, 0, 
362, 0, 410, -1, -1, 119, 171, 161.0, 9, , 30, 0, 0, 0, , 0, 0, 0, 0, 0, 
363, 0, 411, -1, -1, 159, 77, 202.0, 11, , 46, 0, 0, 0, , 0, 0, 0, 0, 0, 
364, 0, 412, -1, -1, 151, 117, 157.0, 9, , 59, 0, 0, 0, , 0, 0, 0, 0, 0, 
365, 0, 413, -1, -1, 207, 139, 158.0, 9, , 24, 0, 0, 0, , 0, 0, 0, 0, 0, 
366, 0, 415, -1, -1, 266, 161, 168.0, 9, , 30, 0, 0, 0, , 0, 0, 0, 0, 0, 
367, 0, 416, -1, -1, 165, 153, 187.0, 9, , 29, 0, 0, 0, , 0, 0, 0, 0, 0, 
368, 0, 417, -1, -1, 92, 115, 187.0, 7, , 20, 0, 0, 0, , 0, 0, 0, 0, 0, 
369, 0, 418, -1, -1, 184, 124, 191.0, 7, , 30, 0, 0, 0, , 0, 0, 0, 0, 0, 
370, 0, 419, -1, -1, 170, 131, 206.0, 9, , 85, 0, 0, 0, , 0, 0, 0, 0, 0, 
371, 0, 420, -1, -1, 135, 132, 144.0, 11, , 42, 0, 0, 0, , 0, 0, 0, 0, 0, 
372, 0, 421, -1, -1, 231, 39, 159.0, 9, , 29, 0, 0, 0, , 0, 0, 0, 0, 0, 
373, 0, 422, -1, -1, 196, 129, 195.0, 9, , 45, 0, 0, 0, , 0, 0, 0, 0, 0, 
374, 0, 423, -1, -1, 196, 129, 190.0, 9, , 36, 0, 0, 0, , 0, 0, 0, 0, 0, 
375, 0, -1, -1, -1, 91, 145, 89.0, 9, , 59, 0, 0, 0, , 0, 0, 0, 0, 0, 
376, 0, -1, -1, -1, 156, 167, 89.0, 11, , 46, 0, 0, 0, , 0, 0, 0, 0, 0, 
377, 0, -1, -1, -1, 201, 155, 102.0, 9, , 2, 0, 0, 0, , 0, 0, 0, 0, 0, 
378, 0, -1, -1, -1, 117, 117, 125.0, 9, , 35, 0, 0, 0, , 0, 0, 0, 0, 0, 
379, 0, -1, -1, -1, 255, 44, 128.0, 9, , 29, 0, 0, 0, , 0, 0, 0, 0, 0, 
380, 0, -1, -1, -1, 255, 150, 130.0, 9, , 28, 0, 0, 0, , 0, 0, 0, 0, 0, 
381, 0, -1, -1, -1, 257, 46, 133.0, 9, , 43, 0, 0, 0, , 0, 0, 0, 0, 0, 
382, 0, -1, -1, -1, 92, 160, 145.0, 9, , 37, 0, 0, 0, , 0, 0, 0, 0, 0, 
383, 0, -1, -1, -1, 141, 146, 149.0, 9, , 22, 0, 0, 0, , 0, 0, 0, 0, 0, 
384, 0, -1, -1, -1, 98, 152, 162.0, 7, , 41, 0, 0, 0, , 0, 0, 0, 0, 0, 
385, 0, -1, -1, -1, 104, 130, 166.0, 7, , 20, 0, 0, 0, , 0, 0, 0, 0, 0, 
386, 0, -1, -1, -1, 251, 105, 167.0, 7, , 23, 0, 0, 0, , 0, 0, 0, 0, 0, 
387, 0, -1, -1, -1, 121, 83, 169.0, 9, , 10, 0, 0, 0, , 0, 0, 0, 0, 0, 
388, 0, -1, -1, -1, 253, 113, 178.0, 9, , 8, 0, 0, 0, , 0, 0, 0, 0, 0, 
389, 0, -1, -1, -1, 306, 145, 180.0, 9, , 40, 0, 0, 0, , 0, 0, 0, 0, 0, 
390, 0, -1, -1, -1, 129, 147, 182.0, 7, , 20, 0, 0, 0, , 0, 0, 0, 0, 0, 
391, 0, -1, -1, -1, 120, 133, 195.0, 9, , 48, 0, 0, 0, , 0, 0, 0, 0, 0, 
392, 0, -1, -1, -1, 174, 120, 196.0, 7, , 27, 0, 0, 0, , 0, 0, 0, 0, 0, 
393, 0, -1, -1, -1, 276, 86, 202.0, 9, , 19, 0, 0, 0, , 0, 0, 0, 0, 0, 
394, 0, -1, -1, -1, 129, 104, 153.0, 11, , 115, 0, 0, 0, , 0, 0, 0, 0, 0, 
395, 0, -1, -1, -1, 172, 93, 165.0, 11, , 24, 0, 0, 0, , 0, 0, 0, 0, 0, 
396, 0, -1, -1, -1, 138, 121, 186.0, 9, , 49, 0, 0, 0, , 0, 0, 0, 0, 0, 
397, 0, -1, -1, -1, 198, 131, 70.0, 9, , 18, 0, 0, 0, , 0, 0, 0, 0, 0, 
398, 0, -1, -1, -1, 156, 93, 211.0, 9, , 44, 0, 0, 0, , 0, 0, 0, 0, 0, 
399, 1, 424, 393, -1, 302, 90, 127.0, 14, Eprpa, 0, 0, 0, 0, , 0, 0, 0, 0, 0, 
400, 1, 425, 394, -1, 135, 103, 89.0, 14, ABalpaapapa, 0, 0, 0, 0, , 0, 0, 0, 0, 0, 
401, 1, 426, 395, -1, 240, 65, 181.0, 15, ABprappaap, 0, 0, 0, 0, , 0, 0, 0, 0, 0, 
402, 1, 427, 396, -1, 123, 140, 93.333336, 15, ABplpaapaaa, 0, 0, 0, 0, , 0, 0, 0, 0, 0, 
403, 1, 428, 397, -1, 70, 95, 172.0, 14, ABarpappaa, 0, 0, 0, 0, , 0, 0, 0, 0, 0, 
404, 1, 429, 398, -1, 104, 142, 68.0, 15, ABplaaappa, 0, 0, 0, 0, , 0, 0, 0, 0, 0, 
405, 1, 430, 399, -1, 126, 130, 60.166668, 16, ABplaaappp, 0, 0, 0, 0, , 0, 0, 0, 0, 0, 
406, 0, 431, -1, -1, 172, 143, 62.0, 14, , 0, 0, 0, 0, , 0, 0, 0, 0, 0, 
407, 0, 432, -1, -1, 94, 68, 179.0, 13, , 0, 0, 0, 0, , 0, 0, 0, 0, 0, 
408, 1, 432, 402, -1, 94, 68, 181.0, 13, ABarpapppa, 0, 0, 0, 0, , 0, 0, 0, 0, 0, 
409, 1, 433, 403, -1, 126, 48, 174.0, 14, ABarpapppp, 0, 0, 0, 0, , 0, 0, 0, 0, 0, 
410, 1, 434, 404, -1, 156, 46, 181.0, 16, ABarpppaap, 0, 0, 0, 0, , 0, 0, 0, 0, 0, 
411, 1, 435, 405, -1, 186, 129, 57.0, 17, ABarppapaa, 0, 0, 0, 0, , 0, 0, 0, 0, 0, 
412, 1, 436, 406, -1, 213, 127, 68.0, 18, ABarppapap, 0, 0, 0, 0, , 0, 0, 0, 0, 0, 
413, 1, 437, 407, -1, 206, 42, 173.0, 15, ABarppppap, 0, 0, 0, 0, , 0, 0, 0, 0, 0, 
414, 1, 438, 408, -1, 233, 125, 66.0, 15, ABplappapa, 0, 0, 0, 0, , 0, 0, 0, 0, 0, 
415, 1, 439, 409, -1, 231, 38, 164.0, 11, ABprappapa, 0, 0, 0, 0, , 0, 0, 0, 0, 0, 
416, 1, 440, 410, -1, 261, 132, 77.0, 17, ABarppappa, 0, 0, 0, 0, , 0, 0, 0, 0, 0, 
417, 1, 441, 411, -1, 260, 49, 168.0, 14, ABarpppppa, 0, 0, 0, 0, , 0, 0, 0, 0, 0, 
418, 1, 442, 412, -1, 287, 141, 83.0, 14, ABplapapaa, 0, 0, 0, 0, , 0, 0, 0, 0, 0, 
419, 1, 443, 413, -1, 285, 58, 174.0, 13, ABprapapaa, 0, 0, 0, 0, , 0, 0, 0, 0, 0, 
420, 1, 444, 414, -1, 296, 156, 100.0, 17, ABarppappp, 0, 0, 0, 0, , 0, 0, 0, 0, 0, 
421, 1, 445, 415, -1, 302, 77, 184.0, 15, ABarpppppp, 0, 0, 0, 0, , 0, 0, 0, 0, 0, 
422, 1, 446, 416, -1, 314, 160, 150.0, 15, ABplappppp, 0, 0, 0, 0, , 0, 0, 0, 0, 0, 
423, 0, 447, -1, -1, 307, 113, 180.0, 10, , 0, 0, 0, 0, , 0, 0, 0, 0, 0, 
424, 1, 448, 418, -1, 182, 45, 180.0, 14, ABarppppaa, 0, 0, 0, 0, , 0, 0, 0, 0, 0, 
425, 1, 449, 419, -1, 206, 28, 143.0, 15, Caaaaa, 0, 0, 0, 0, , 0, 0, 0, 0, 0, 
426, 1, 450, 420, -1, 217, 127, 92.0, 17, Capaaaa, 0, 0, 0, 0, , 0, 0, 0, 0, 0, 
427, 1, 451, 421, -1, 263, 130, 98.0, 15, Capaapa, 0, 0, 0, 0, , 0, 0, 0, 0, 0, 
428, 1, 452, 422, -1, 286, 141, 105.0, 15, Capaapp, 0, 0, 0, 0, , 0, 0, 0, 0, 0, 
429, 1, 453, 423, -1, 274, 163, 107.0, 16, ABplapapap, 0, 0, 0, 0, , 0, 0, 0, 0, 0, 
430, 1, 454, 424, -1, 191, 145, 185.5, 14, ABprpaaaapa, 0, 0, 0, 0, , 0, 0, 0, 0, 0, 
431, 0, 455, -1, -1, 84, 145, 134.0, 13, , 0, 0, 0, 0, , 0, 0, 0, 0, 0, 
432, 0, 456, -1, -1, 98, 138, 126.0, 12, , 0, 0, 0, 0, , 0, 0, 0, 0, 0, 
433, 0, 457, -1, -1, 92, 153, 133.0, 12, , 0, 0, 0, 0, , 0, 0, 0, 0, 0, 
434, 0, 458, -1, -1, 87, 153, 139.0, 14, , 0, 0, 0, 0, , 0, 0, 0, 0, 0, 
435, 0, 459, -1, -1, 86, 145, 141.0, 13, , 0, 0, 0, 0, , 0, 0, 0, 0, 0, 
436, 0, 460, -1, -1, 83, 145, 134.0, 13, , 0, 0, 0, 0, , 0, 0, 0, 0, 0, 
437, 1, 461, 431, -1, 221, 70, 130.5, 15, Earpa, 0, 0, 0, 0, , 0, 0, 0, 0, 0, 
438, 1, 462, 432, -1, 203, 69, 96.0, 15, Ealaad, 0, 0, 0, 0, , 0, 0, 0, 0, 0, 
439, 1, 463, 433, -1, 216, 109, 106.0, 13, Ealaav, 0, 0, 0, 0, , 0, 0, 0, 0, 0, 
440, 1, 464, 434, -1, 235, 88, 116.5, 16, Ealap, 0, 0, 0, 0, , 0, 0, 0, 0, 0, 
441, 1, 465, 435, -1, 218, 90, 127.0, 15, Ealpa, 0, 0, 0, 0, , 0, 0, 0, 0, 0, 
442, 1, 466, 436, -1, 272, 98, 111.0, 15, Ealpp, 0, 0, 0, 0, , 0, 0, 0, 0, 0, 
443, 1, 467, 437, -1, 200, 61, 117.5, 15, Earaad, 0, 0, 0, 0, , 0, 0, 0, 0, 0, 
444, 1, 468, 438, -1, 203, 73, 150.0, 15, Earaav, 0, 0, 0, 0, , 0, 0, 0, 0, 0, 
445, 1, 469, 439, -1, 224, 72, 115.0, 15, Earap, 0, 0, 0, 0, , 0, 0, 0, 0, 0, 
446, 1, 470, 440, -1, 266, 73, 119.25, 15, Earpp, 0, 0, 0, 0, , 0, 0, 0, 0, 0, 
447, 1, 471, 441, -1, 253, 88, 110.5, 14, Eplaa, 0, 0, 0, 0, , 0, 0, 0, 0, 0, 
448, 1, 472, 442, -1, 295, 93, 108.0, 15, Eplap, 0, 0, 0, 0, , 0, 0, 0, 0, 0, 
449, 1, 473, 443, -1, 310, 103, 120.0, 17, Eplpa, 0, 0, 0, 0, , 0, 0, 0, 0, 0, 
450, 1, 475, 444, -1, 308, 128, 150.5, 15, Eplppa, 0, 0, 0, 0, , 0, 0, 0, 0, 0, 
451, 1, 474, 445, -1, 311, 122, 121.5, 15, Eplppp, 0, 0, 0, 0, , 0, 0, 0, 0, 0, 
452, 1, 476, 446, -1, 247, 70, 117.0, 15, Epraa, 0, 0, 0, 0, , 0, 0, 0, 0, 0, 
453, 1, 477, 447, -1, 286, 81, 117.333336, 16, Eprap, 0, 0, 0, 0, , 0, 0, 0, 0, 0, 
454, 1, 478, 448, -1, 296, 107, 141.0, 15, Eprpp, 0, 0, 0, 0, , 0, 0, 0, 0, 0, 
455, 1, 479, 449, -1, 104, 104, 112.0, 11, MSaaaaaal, 0, 0, 0, 0, , 0, 0, 0, 0, 0, 
456, 1, 480, 450, -1, 104, 85, 131.0, 11, MSaaaaaar, 0, 0, 0, 0, , 0, 0, 0, 0, 0, 
457, 1, 481, 451, -1, 146, 85, 89.0, 14, MSaaaaapp, 0, 0, 0, 0, , 0, 0, 0, 0, 0, 
458, 1, 482, 452, -1, 110, 79, 112.0, 13, MSaaaaapaa, 0, 0, 0, 0, , 0, 0, 0, 0, 0, 
459, 0, 483, -1, -1, 129, 80, 112.0, 13, , 0, 0, 0, 0, , 0, 0, 0, 0, 0, 
460, 1, 484, 454, -1, 153, 63, 91.0, 11, MSaaaapaa, 0, 0, 0, 0, , 0, 0, 0, 0, 0, 
461, 1, 485, 455, -1, 160, 81, 97.0, 12, MSaaaapap, 0, 0, 0, 0, , 0, 0, 0, 0, 0, 
462, 1, 486, 456, -1, 174, 66, 118.0, 11, MSaaaappa, 0, 0, 0, 0, , 0, 0, 0, 0, 0, 
463, 1, 487, 457, -1, 158, 109, 85.0, 11, MSaaapaap, 0, 0, 0, 0, , 0, 0, 0, 0, 0, 
464, 1, 488, 458, -1, 176, 87, 92.0, 9, MSaaapapa, 0, 0, 0, 0, , 0, 0, 0, 0, 0, 
465, 1, 489, 459, -1, 191, 87, 106.0, 9, MSaaapapp, 0, 0, 0, 0, , 0, 0, 0, 0, 0, 
466, 1, 490, 460, -1, 209, 99, 97.0, 11, MSaaappa, 0, 0, 0, 0, , 0, 0, 0, 0, 0, 
467, 1, 491, 461, -1, 188, 58, 104.0, 11, MSaaappp, 0, 0, 0, 0, , 0, 0, 0, 0, 0, 
468, 1, 492, 462, -1, 191, 124, 133.0, 10, MSaapaaap, 0, 0, 0, 0, , 0, 0, 0, 0, 0, 
469, 1, 493, 463, -1, 176, 130, 124.5, 11, MSaapaaaa, 0, 0, 0, 0, , 0, 0, 0, 0, 0, 
470, 1, 494, 464, -1, 201, 114, 105.0, 12, MSaapaapp, 0, 0, 0, 0, , 0, 0, 0, 0, 0, 
471, 0, 495, -1, -1, 204, 106, 142.0, 10, , 0, 0, 0, 0, , 0, 0, 0, 0, 0, 
472, 0, 496, -1, -1, 232, 127, 125.0, 15, , 0, 0, 0, 0, , 0, 0, 0, 0, 0, 
473, 1, 497, 466, -1, 128, 138, 114.0, 14, MSapaaaa, 0, 0, 0, 0, , 0, 0, 0, 0, 0, 
474, 1, 498, 467, -1, 117, 121, 83.0, 15, MSapaaap, 0, 0, 0, 0, , 0, 0, 0, 0, 0, 
475, 1, 499, 468, -1, 246, 108, 149.0, 15, MSapaapp, 0, 0, 0, 0, , 0, 0, 0, 0, 0, 
476, 1, 500, 469, -1, 179, 122, 75.0, 16, MSapapaa, 0, 0, 0, 0, , 0, 0, 0, 0, 0, 
477, 1, 501, 470, -1, 150, 154, 111.0, 16, MSapapap, 0, 0, 0, 0, , 0, 0, 0, 0, 0, 
478, 1, 502, 471, -1, 116, 105, 72.0, 16, MSapappa, 0, 0, 0, 0, , 0, 0, 0, 0, 0, 
479, 1, 503, 472, -1, 104, 84, 86.0, 14, MSapappp, 0, 0, 0, 0, , 0, 0, 0, 0, 0, 
480, 1, 505, 473, -1, 143, 102, 69.5, 14, MSapppap, 0, 0, 0, 0, , 0, 0, 0, 0, 0, 
481, 1, 506, 474, -1, 115, 81, 78.0, 14, MSappppa, 0, 0, 0, 0, , 0, 0, 0, 0, 0, 
482, 1, 507, 475, -1, 158, 71, 77.5, 14, MSappppp, 0, 0, 0, 0, , 0, 0, 0, 0, 0, 
483, 1, 508, 476, -1, 130, 67, 101.0, 15, MSpaaaaaa, 0, 0, 0, 0, , 0, 0, 0, 0, 0, 
484, 0, 509, -1, -1, 143, 63, 101.0, 15, , 0, 0, 0, 0, , 0, 0, 0, 0, 0, 
485, 1, 510, 478, -1, 120, 68, 124.0, 15, MSpaaaapa, 0, 0, 0, 0, , 0, 0, 0, 0, 0, 
486, 1, 511, 479, -1, 139, 59, 122.0, 15, MSpaaaapp, 0, 0, 0, 0, , 0, 0, 0, 0, 0, 
487, 1, 512, 480, -1, 165, 70, 97.0, 13, MSpaaapaa, 0, 0, 0, 0, , 0, 0, 0, 0, 0, 
488, 1, 513, 481, -1, 178, 60, 104.0, 13, MSpaaapap, 0, 0, 0, 0, , 0, 0, 0, 0, 0, 
489, 1, 514, 482, -1, 143, 56, 108.5, 15, MSpaaappa, 0, 0, 0, 0, , 0, 0, 0, 0, 0, 
490, 1, 515, 483, -1, 143, 64, 101.0, 15, MSpaaaaap, 0, 0, 0, 0, , 0, 0, 0, 0, 0, 
491, 1, 516, 484, -1, 159, 56, 108.0, 15, MSpaaappp, 0, 0, 0, 0, , 0, 0, 0, 0, 0, 
492, 0, 517, -1, -1, 153, 56, 131.0, 15, , 0, 0, 0, 0, , 0, 0, 0, 0, 0, 
493, 1, 518, 486, -1, 162, 64, 114.0, 13, MSpaapaap, 0, 0, 0, 0, , 0, 0, 0, 0, 0, 
494, 1, 519, 487, -1, 173, 62, 130.0, 15, MSpaapapa, 0, 0, 0, 0, , 0, 0, 0, 0, 0, 
495, 1, 520, 488, -1, 183, 77, 169.0, 14, MSpapaapa, 0, 0, 0, 0, , 0, 0, 0, 0, 0, 
496, 1, 521, 489, -1, 245, 35, 136.0, 16, Caaaap, 0, 0, 0, 0, , 0, 0, 0, 0, 0, 
497, 1, 522, 490, -1, 279, 46, 142.5, 17, Caaapa, 0, 0, 0, 0, , 0, 0, 0, 0, 0, 
498, 1, 523, 491, -1, 308, 59, 152.33333, 17, Caaapp, 0, 0, 0, 0, , 0, 0, 0, 0, 0, 
499, 1, 524, 492, -1, 278, 148, 173.0, 13, Caapaa, 0, 0, 0, 0, , 0, 0, 0, 0, 0, 
500, 1, 525, 493, -1, 290, 138, 180.0, 12, Caapap, 0, 0, 0, 0, , 0, 0, 0, 0, 0, 
501, 1, 526, 494, -1, 335, 106, 166.5, 16, Caappd, 0, 0, 0, 0, , 0, 0, 0, 0, 0, 
502, 1, 527, 495, -1, 324, 132, 166.0, 15, Caappv, 0, 0, 0, 0, , 0, 0, 0, 0, 0, 
503, 1, 528, 496, -1, 240, 125, 90.0, 17, Capaaap, 0, 0, 0, 0, , 0, 0, 0, 0, 0, 
504, 0, 529, -1, -1, 262, 114, 85.0, 15, , 0, 0, 0, 0, , 0, 0, 0, 0, 0, 
505, 1, 530, 498, -1, 262, 115, 82.0, 15, Capapaa, 0, 0, 0, 0, , 0, 0, 0, 0, 0, 
506, 1, 531, 499, -1, 297, 122, 88.5, 15, Capapap, 0, 0, 0, 0, , 0, 0, 0, 0, 0, 
507, 1, 532, 500, -1, 273, 152, 122.5, 15, Capappa, 0, 0, 0, 0, , 0, 0, 0, 0, 0, 
508, 0, 533, -1, -1, 273, 159, 148.0, 14, , 0, 0, 0, 0, , 0, 0, 0, 0, 0, 
509, 1, 534, 502, -1, 232, 99, 74.0, 17, Cappaaa, 0, 0, 0, 0, , 0, 0, 0, 0, 0, 
510, 1, 535, 503, -1, 280, 95, 81.0, 17, Cappaap, 0, 0, 0, 0, , 0, 0, 0, 0, 0, 
511, 1, 536, 504, -1, 309, 140, 106.0, 14, Cappapa, 0, 0, 0, 0, , 0, 0, 0, 0, 0, 
512, 1, 537, 505, -1, 307, 147, 123.5, 14, Cappapp, 0, 0, 0, 0, , 0, 0, 0, 0, 0, 
513, 1, 538, 506, -1, 316, 107, 94.0, 16, Capppaa, 0, 0, 0, 0, , 0, 0, 0, 0, 0, 
514, 1, 539, 507, -1, 330, 128, 117.0, 15, Capppap, 0, 0, 0, 0, , 0, 0, 0, 0, 0, 
515, 0, 540, -1, -1, 317, 141, 154.0, 14, , 0, 0, 0, 0, , 0, 0, 0, 0, 0, 
516, 0, 541, -1, -1, 292, 151, 164.0, 15, , 0, 0, 0, 0, , 0, 0, 0, 0, 0, 
517, 1, 542, 510, -1, 187, 90, 59.0, 17, Cpaaaa, 0, 0, 0, 0, , 0, 0, 0, 0, 0, 
518, 1, 543, 511, -1, 221, 90, 63.333332, 19, Cpaaap, 0, 0, 0, 0, , 0, 0, 0, 0, 0, 
519, 1, 544, 512, -1, 254, 100, 69.0, 17, Cpaapa, 0, 0, 0, 0, , 0, 0, 0, 0, 0, 
520, 0, 545, -1, -1, 297, 120, 79.25, 17, , 0, 0, 0, 0, , 0, 0, 0, 0, 0, 
521, 1, 546, 514, -1, 287, 120, 77.0, 17, Cpaapp, 0, 0, 0, 0, , 0, 0, 0, 0, 0, 
522, 1, 547, 515, -1, 322, 80, 167.5, 15, Cpapaa, 0, 0, 0, 0, , 0, 0, 0, 0, 0, 
523, 1, 548, 516, -1, 324, 128, 97.5, 15, Cpapap, 0, 0, 0, 0, , 0, 0, 0, 0, 0, 
524, 1, 549, 517, -1, 330, 150, 121.0, 15, Cpappd, 0, 0, 0, 0, , 0, 0, 0, 0, 0, 
525, 1, 550, 518, -1, 327, 147, 157.0, 15, Cpappv, 0, 0, 0, 0, , 0, 0, 0, 0, 0, 
526, 1, 551, 519, -1, 211, 76, 173.0, 14, Cppaaaa, 0, 0, 0, 0, , 0, 0, 0, 0, 0, 
527, 1, 552, 520, -1, 234, 65, 166.0, 13, Cppaaap, 0, 0, 0, 0, , 0, 0, 0, 0, 0, 
528, 1, 553, 521, -1, 252, 66, 165.66667, 13, Cppaapa, 0, 0, 0, 0, , 0, 0, 0, 0, 0, 
529, 1, 554, 522, -1, 288, 80, 171.0, 13, Cppaapp, 0, 0, 0, 0, , 0, 0, 0, 0, 0, 
530, 1, 555, 523, -1, 252, 48, 149.66667, 13, Cppapaa, 0, 0, 0, 0, , 0, 0, 0, 0, 0, 
531, 1, 556, 524, -1, 286, 62, 151.5, 15, Cppapap, 0, 0, 0, 0, , 0, 0, 0, 0, 0, 
532, 1, 557, 525, -1, 284, 90, 178.0, 13, Cppappa, 0, 0, 0, 0, , 0, 0, 0, 0, 0, 
533, 1, 558, 526, -1, 278, 107, 185.0, 13, Cppappp, 0, 0, 0, 0, , 0, 0, 0, 0, 0, 
534, 1, 559, 527, -1, 222, 39, 143.0, 15, Cpppaaa, 0, 0, 0, 0, , 0, 0, 0, 0, 0, 
535, 1, 560, 528, -1, 259, 46, 126.0, 15, Cpppaap, 0, 0, 0, 0, , 0, 0, 0, 0, 0, 
536, 1, 561, 529, -1, 308, 76, 157.33333, 14, Cpppapa, 0, 0, 0, 0, , 0, 0, 0, 0, 0, 
537, 1, 562, 530, -1, 318, 94, 166.33333, 13, Cpppapp, 0, 0, 0, 0, , 0, 0, 0, 0, 0, 
538, 1, 563, 531, -1, 305, 64, 128.0, 15, Cppppaa, 0, 0, 0, 0, , 0, 0, 0, 0, 0, 
539, 1, 564, 532, -1, 325, 85, 138.0, 15, Cppppap, 0, 0, 0, 0, , 0, 0, 0, 0, 0, 
540, 1, 565, 533, -1, 328, 116, 154.0, 14, Cpppppd, 0, 0, 0, 0, , 0, 0, 0, 0, 0, 
541, 1, 566, 534, -1, 299, 128, 171.0, 14, Cpppppv, 0, 0, 0, 0, , 0, 0, 0, 0, 0, 
542, 1, 567, 535, -1, 182, 149, 101.5, 14, Daaaa, 0, 0, 0, 0, , 0, 0, 0, 0, 0, 
543, 1, 568, 536, -1, 172, 94, 69.0, 15, Daaap, 0, 0, 0, 0, , 0, 0, 0, 0, 0, 
544, 1, 569, 537, -1, 179, 154, 121.0, 14, Daapa, 0, 0, 0, 0, , 0, 0, 0, 0, 0, 
545, 1, 570, 538, -1, 191, 155, 129.0, 14, Daapp, 0, 0, 0, 0, , 0, 0, 0, 0, 0, 
546, 1, 571, 539, -1, 201, 139, 101.5, 16, Dapaa, 0, 0, 0, 0, , 0, 0, 0, 0, 0, 
547, 1, 572, 540, -1, 203, 99, 75.0, 16, Dapap, 0, 0, 0, 0, , 0, 0, 0, 0, 0, 
548, 1, 573, 541, -1, 176, 66, 79.0, 12, Dappaa, 0, 0, 0, 0, , 0, 0, 0, 0, 0, 
549, 1, 574, 542, -1, 207, 83, 84.0, 14, Dappap, 0, 0, 0, 0, , 0, 0, 0, 0, 0, 
550, 1, 575, 543, -1, 217, 75, 83.0, 12, Dapppa, 0, 0, 0, 0, , 0, 0, 0, 0, 0, 
551, 1, 576, 544, -1, 244, 78, 80.0, 12, Dapppp, 0, 0, 0, 0, , 0, 0, 0, 0, 0, 
552, 1, 577, 545, -1, 171, 80, 181.0, 15, Dpaaa, 0, 0, 0, 0, , 0, 0, 0, 0, 0, 
553, 1, 578, 546, -1, 168, 40, 144.5, 14, Dpaap, 0, 0, 0, 0, , 0, 0, 0, 0, 0, 
554, 1, 579, 547, -1, 165, 103, 193.0, 12, Dpapa, 0, 0, 0, 0, , 0, 0, 0, 0, 0, 
555, 1, 580, 548, -1, 182, 104, 189.0, 12, Dpapp, 0, 0, 0, 0, , 0, 0, 0, 0, 0, 
556, 1, 581, 549, -1, 193, 73, 180.0, 14, Dppaa, 0, 0, 0, 0, , 0, 0, 0, 0, 0, 
557, 1, 582, 550, -1, 199, 45, 147.33333, 14, Dppap, 0, 0, 0, 0, , 0, 0, 0, 0, 0, 
558, 1, 583, 551, -1, 166, 45, 120.5, 14, Dpppaa, 0, 0, 0, 0, , 0, 0, 0, 0, 0, 
559, 1, 584, 552, -1, 190, 36, 123.0, 14, Dpppap, 0, 0, 0, 0, , 0, 0, 0, 0, 0, 
560, 1, 585, 553, -1, 205, 39, 121.0, 15, Dppppa, 0, 0, 0, 0, , 0, 0, 0, 0, 0, 
561, 1, 586, 554, -1, 231, 39, 130.0, 15, Dppppp, 0, 0, 0, 0, , 0, 0, 0, 0, 0, 
562, 1, 587, 555, -1, 266, 85, 154.33333, 18, Z2, 0, 0, 0, 0, , 0, 0, 0, 0, 0, 
563, 1, 588, 556, -1, 259, 125, 138.0, 16, Z3, 0, 0, 0, 0, , 0, 0, 0, 0, 0, 
564, 1, 589, 557, -1, 128, 81, 112.0, 13, MSaaaaapap, 0, 0, 0, 0, , 0, 0, 0, 0, 0, 
565, 1, 590, 558, -1, 176, 77, 111.0, 11, MSaaaappp, 0, 0, 0, 0, , 0, 0, 0, 0, 0, 
566, 0, 591, -1, -1, 121, 95, 107.5, 14, , 0, 0, 0, 0, , 0, 0, 0, 0, 0, 
567, 1, 592, 560, -1, 192, 113, 123.0, 12, MSaapapa, 0, 0, 0, 0, , 0, 0, 0, 0, 0, 
568, 0, 593, -1, -1, 205, 107, 145.0, 14, , 0, 0, 0, 0, , 0, 0, 0, 0, 0, 
569, 0, 594, -1, -1, 204, 107, 146.0, 14, , 0, 0, 0, 0, , 0, 0, 0, 0, 0, 
570, 1, 595, 563, -1, 185, 94, 146.5, 10, MSpapapaa, 0, 0, 0, 0, , 0, 0, 0, 0, 0, 
571, 1, 596, 564, -1, 198, 91, 159.5, 10, MSpapapap, 0, 0, 0, 0, , 0, 0, 0, 0, 0, 
572, 1, 597, 565, -1, 150, 41, 115.0, 14, MSpppppp, 0, 0, 0, 0, , 0, 0, 0, 0, 0, 
573, 0, 598, -1, -1, 136, 47, 140.5, 12, , 0, 0, 0, 0, , 0, 0, 0, 0, 0, 
574, 0, 599, -1, -1, 154, 86, 175.0, 14, , 0, 0, 0, 0, , 0, 0, 0, 0, 0, 
575, 1, 600, 568, -1, 183, 55, 129.5, 15, MSpaapapp, 0, 0, 0, 0, , 0, 0, 0, 0, 0, 
576, 1, 601, 569, -1, 316, 133, 175.5, 13, ABprppppppp, 0, 0, 0, 0, , 0, 0, 0, 0, 0, 
577, 1, 602, 570, -1, 267, 75, 185.0, 13, ABprappapp, 0, 0, 0, 0, , 0, 0, 0, 0, 0, 
578, 1, 603, 571, -1, 222, 78, 186.0, 13, ABprappaaa, 0, 0, 0, 0, , 0, 0, 0, 0, 0, 
579, 1, 604, 572, -1, 116, 111, 189.5, 12, ABprpaaaaaa, 0, 0, 0, 0, , 0, 0, 0, 0, 0, 
580, 0, 605, -1, -1, 323, 106, 176.0, 11, , 0, 0, 0, 0, , 0, 0, 0, 0, 0, 
581, 1, 606, 574, -1, 187, 107, 91.0, 11, MSaapappa, 0, 0, 0, 0, , 0, 0, 0, 0, 0, 
582, 1, 607, 575, -1, 189, 126, 101.0, 12, MSaapaapa, 0, 0, 0, 0, , 0, 0, 0, 0, 0, 
583, 0, 608, -1, -1, 204, 107, 144.0, 14, , 0, 0, 0, 0, , 0, 0, 0, 0, 0, 
584, 1, 609, 577, -1, 211, 100, 137.0, 15, MSaappap, 0, 0, 0, 0, , 0, 0, 0, 0, 0, 
585, 0, 610, -1, -1, 209, 142, 129.0, 14, , 0, 0, 0, 0, , 0, 0, 0, 0, 0, 
586, 0, 611, -1, -1, 214, 131, 128.0, 12, , 0, 0, 0, 0, , 0, 0, 0, 0, 0, 
587, 1, 612, 580, 581, 234, 126, 125.0, 15, MSaapppp, 0, 0, 0, 0, , 0, 0, 0, 0, 0, 
588, 1, 613, 582, -1, 127, 67, 87.5, 16, MSappaaa, 0, 0, 0, 0, , 0, 0, 0, 0, 0, 
589, 0, 614, -1, -1, 271, 131, 115.5, 16, , 0, 0, 0, 0, , 0, 0, 0, 0, 0, 
590, 0, 615, -1, -1, 172, 154, 128.0, 15, , 0, 0, 0, 0, , 0, 0, 0, 0, 0, 
591, 0, 616, -1, -1, 163, 151, 129.0, 15, , 0, 0, 0, 0, , 0, 0, 0, 0, 0, 
592, 1, 617, 585, -1, 167, 144, 104.0, 14, MSapppaa, 0, 0, 0, 0, , 0, 0, 0, 0, 0, 
593, 1, 618, 586, -1, 169, 108, 165.0, 14, MSpapaaaa, 0, 0, 0, 0, , 0, 0, 0, 0, 0, 
594, 1, 619, 587, -1, 187, 101, 165.0, 14, MSpapaaap, 0, 0, 0, 0, , 0, 0, 0, 0, 0, 
595, 1, 620, 588, -1, 189, 71, 157.0, 14, MSpapaapp, 0, 0, 0, 0, , 0, 0, 0, 0, 0, 
596, 1, 621, 589, -1, 177, 61, 154.0, 14, MSpapappa, 0, 0, 0, 0, , 0, 0, 0, 0, 0, 
597, 0, 622, -1, -1, 212, 129, 171.0, 15, , 0, 0, 0, 0, , 0, 0, 0, 0, 0, 
598, 1, 623, 591, -1, 251, 136, 125.0, 14, MSpappaa, 0, 0, 0, 0, , 0, 0, 0, 0, 0, 
599, 1, 624, 592, -1, 257, 89, 175.0, 14, MSpappap, 0, 0, 0, 0, , 0, 0, 0, 0, 0, 
600, 1, 625, 593, -1, 191, 103, 178.0, 12, MSpapppaa, 0, 0, 0, 0, , 0, 0, 0, 0, 0, 
601, 1, 626, 594, -1, 210, 95, 161.0, 14, MSpapppap, 0, 0, 0, 0, , 0, 0, 0, 0, 0, 
602, 1, 627, 595, -1, 224, 89, 165.0, 13, MSpappppa, 0, 0, 0, 0, , 0, 0, 0, 0, 0, 
603, 1, 628, 596, -1, 243, 84, 165.0, 13, MSpappppp, 0, 0, 0, 0, , 0, 0, 0, 0, 0, 
604, 1, 629, 597, -1, 111, 74, 151.0, 13, MSppaaap, 0, 0, 0, 0, , 0, 0, 0, 0, 0, 
605, 1, 630, 598, 599, 130, 111, 166.0, 12, MSppaaaa, 0, 0, 0, 0, , 0, 0, 0, 0, 0, 
606, 1, 631, 600, -1, 271, 111, 152.0, 15, MSppaapp, 0, 0, 0, 0, , 0, 0, 0, 0, 0, 
607, 1, 632, 601, -1, 168, 54, 165.5, 14, MSppapaa, 0, 0, 0, 0, , 0, 0, 0, 0, 0, 
608, 1, 633, 602, -1, 135, 106, 188.0, 14, MSppapap, 0, 0, 0, 0, , 0, 0, 0, 0, 0, 
609, 1, 634, 603, -1, 112, 56, 146.5, 15, MSppappa, 0, 0, 0, 0, , 0, 0, 0, 0, 0, 
610, 1, 635, 604, -1, 98, 64, 121.0, 14, MSppappp, 0, 0, 0, 0, , 0, 0, 0, 0, 0, 
611, 1, 636, 605, -1, 113, 56, 124.5, 14, MSpppaaa, 0, 0, 0, 0, , 0, 0, 0, 0, 0, 
612, 1, 637, 606, -1, 272, 74, 159.0, 15, MSpppaap, 0, 0, 0, 0, , 0, 0, 0, 0, 0, 
613, 0, 638, -1, -1, 156, 110, 182.5, 15, , 0, 0, 0, 0, , 0, 0, 0, 0, 0, 
614, 1, 639, 608, -1, 136, 47, 140.0, 12, MSppppap, 0, 0, 0, 0, , 0, 0, 0, 0, 0, 
615, 1, 640, 609, -1, 115, 49, 114.0, 15, MSpppppa, 0, 0, 0, 0, , 0, 0, 0, 0, 0, 
616, 1, 641, 610, -1, 99, 137, 125.0, 12, ABalaaaalar, 0, 0, 0, 0, , 0, 0, 0, 0, 0, 
617, 0, 460, -1, -1, 84, 144, 133.0, 13, , 0, 0, 0, 0, , 0, 0, 0, 0, 0, 
618, 0, 642, -1, -1, 82, 144, 135.0, 13, , 0, 0, 0, 0, , 0, 0, 0, 0, 0, 
619, 0, 643, -1, -1, 84, 145, 134.0, 13, , 0, 0, 0, 0, , 0, 0, 0, 0, 0, 
620, 0, 644, -1, -1, 95, 124, 128.0, 14, , 0, 0, 0, 0, , 0, 0, 0, 0, 0, 
621, 1, 645, 615, -1, 83, 128, 165.0, 13, ABalaaaarra, 0, 0, 0, 0, , 0, 0, 0, 0, 0, 
622, 1, 646, 616, -1, 93, 115, 143.33333, 12, ABalaaaarrp, 0, 0, 0, 0, , 0, 0, 0, 0, 0, 
623, 1, 647, 617, -1, 85, 160, 123.0, 12, ABalaaapall, 0, 0, 0, 0, , 0, 0, 0, 0, 0, 
624, 0, 648, -1, -1, 104, 131, 118.0, 14, , 0, 0, 0, 0, , 0, 0, 0, 0, 0, 
625, 0, 649, -1, -1, 105, 129, 115.0, 14, , 0, 0, 0, 0, , 0, 0, 0, 0, 0, 
626, 1, 650, 620, -1, 104, 129, 114.0, 14, ABalaaapalr, 0, 0, 0, 0, , 0, 0, 0, 0, 0, 
627, 1, 651, 621, -1, 78, 134, 137.0, 13, ABalaaaparl, 0, 0, 0, 0, , 0, 0, 0, 0, 0, 
628, 1, 652, 622, -1, 75, 140, 129.0, 12, ABalaaaparr, 0, 0, 0, 0, , 0, 0, 0, 0, 0, 
629, 0, 653, -1, -1, 80, 121, 153.0, 12, , 0, 0, 0, 0, , 0, 0, 0, 0, 0, 
630, 0, 654, -1, -1, 74, 116, 163.0, 12, , 0, 0, 0, 0, , 0, 0, 0, 0, 0, 
631, 1, 655, 625, -1, 81, 123, 151.0, 12, ABalaaappll, 0, 0, 0, 0, , 0, 0, 0, 0, 0, 
632, 1, 656, 626, -1, 74, 118, 163.0, 12, ABalaaapplr, 0, 0, 0, 0, , 0, 0, 0, 0, 0, 
633, 1, 657, 627, -1, 101, 95, 151.0, 13, ABalaaapprl, 0, 0, 0, 0, , 0, 0, 0, 0, 0, 
634, 1, 658, 628, -1, 76, 119, 184.0, 12, ABalaaapprr, 0, 0, 0, 0, , 0, 0, 0, 0, 0, 
635, 1, 659, 629, -1, 93, 103, 146.0, 13, ABalaapaaal, 0, 0, 0, 0, , 0, 0, 0, 0, 0, 
636, 1, 660, 630, -1, 100, 107, 159.0, 12, ABalaapaaar, 0, 0, 0, 0, , 0, 0, 0, 0, 0, 
637, 1, 661, 631, -1, 89, 115, 179.0, 11, ABalaapaapa, 0, 0, 0, 0, , 0, 0, 0, 0, 0, 
638, 0, 662, -1, -1, 81, 127, 174.5, 13, , 0, 0, 0, 0, , 0, 0, 0, 0, 0, 
639, 0, 663, -1, -1, 123, 134, 195.0, 13, , 0, 0, 0, 0, , 0, 0, 0, 0, 0, 
640, 0, 664, -1, -1, 96, 115, 195.0, 12, , 0, 0, 0, 0, , 0, 0, 0, 0, 0, 
641, 0, 665, -1, -1, 82, 129, 190.0, 15, , 0, 0, 0, 0, , 0, 0, 0, 0, 0, 
642, 1, 666, 636, -1, 116, 101, 193.0, 13, ABalaapppaa, 0, 0, 0, 0, , 0, 0, 0, 0, 0, 
643, 1, 667, 637, -1, 99, 101, 172.0, 12, ABalaappppa, 0, 0, 0, 0, , 0, 0, 0, 0, 0, 
644, 1, 668, 638, -1, 83, 104, 174.5, 13, ABalaappppp, 0, 0, 0, 0, , 0, 0, 0, 0, 0, 
645, 1, 669, 639, -1, 105, 124, 107.0, 13, ABalapaaaa, 0, 0, 0, 0, , 0, 0, 0, 0, 0, 
646, 0, 670, -1, -1, 85, 129, 111.0, 14, , 0, 0, 0, 0, , 0, 0, 0, 0, 0, 
647, 1, 671, 641, -1, 81, 139, 101.0, 12, ABalapaaapp, 0, 0, 0, 0, , 0, 0, 0, 0, 0, 
648, 0, 672, -1, -1, 119, 150, 112.0, 13, , 0, 0, 0, 0, , 0, 0, 0, 0, 0, 
649, 0, 673, -1, -1, 104, 148, 112.0, 15, , 0, 0, 0, 0, , 0, 0, 0, 0, 0, 
650, 1, 674, 644, -1, 91, 150, 112.5, 15, ABalapaappp, 0, 0, 0, 0, , 0, 0, 0, 0, 0, 
651, 1, 675, 645, -1, 99, 79, 98.0, 15, ABalapapapa, 0, 0, 0, 0, , 0, 0, 0, 0, 0, 
652, 1, 676, 646, -1, 86, 98, 97.0, 15, ABalapapapp, 0, 0, 0, 0, , 0, 0, 0, 0, 0, 
653, 1, 677, 647, -1, 94, 117, 115.5, 14, ABalapappaa, 0, 0, 0, 0, , 0, 0, 0, 0, 0, 
654, 1, 678, 648, -1, 62, 113, 135.5, 13, ABarpaaaaar, 0, 0, 0, 0, , 0, 0, 0, 0, 0, 
655, 0, 679, -1, -1, 84, 115, 107.0, 12, , 0, 0, 0, 0, , 0, 0, 0, 0, 0, 
656, 0, 680, -1, -1, 95, 115, 110.0, 14, , 0, 0, 0, 0, , 0, 0, 0, 0, 0, 
657, 1, 681, 651, -1, 86, 115, 107.0, 12, ABalapappap, 0, 0, 0, 0, , 0, 0, 0, 0, 0, 
658, 0, 682, -1, -1, 84, 126, 93.0, 14, , 0, 0, 0, 0, , 0, 0, 0, 0, 0, 
659, 1, 683, 653, -1, 96, 125, 92.0, 12, ABalapapppa, 0, 0, 0, 0, , 0, 0, 0, 0, 0, 
660, 0, 684, -1, -1, 84, 126, 91.5, 14, , 0, 0, 0, 0, , 0, 0, 0, 0, 0, 
661, 0, 685, -1, -1, 74, 106, 119.5, 13, , 0, 0, 0, 0, , 0, 0, 0, 0, 0, 
662, 0, 687, -1, -1, 95, 68, 156.0, 12, , 0, 0, 0, 0, , 0, 0, 0, 0, 0, 
663, 0, 688, -1, -1, 95, 76, 150.0, 12, , 0, 0, 0, 0, , 0, 0, 0, 0, 0, 
664, 1, 689, 657, -1, 102, 69, 163.0, 12, ABalappapap, 0, 0, 0, 0, , 0, 0, 0, 0, 0, 
665, 0, 692, -1, -1, 94, 82, 150.0, 12, , 0, 0, 0, 0, , 0, 0, 0, 0, 0, 
666, 1, 694, 659, -1, 81, 98, 153.0, 12, ABalappappa, 0, 0, 0, 0, , 0, 0, 0, 0, 0, 
667, 0, 695, -1, -1, 82, 88, 163.5, 12, , 0, 0, 0, 0, , 0, 0, 0, 0, 0, 
668, 1, 696, 661, -1, 95, 98, 122.0, 14, ABalapppaaa, 0, 0, 0, 0, , 0, 0, 0, 0, 0, 
669, 1, 697, 662, -1, 83, 109, 130.0, 13, ABalapppaap, 0, 0, 0, 0, , 0, 0, 0, 0, 0, 
670, 0, 698, -1, -1, 94, 77, 110.0, 13, , 0, 0, 0, 0, , 0, 0, 0, 0, 0, 
671, 1, 698, 664, -1, 93, 77, 111.25, 13, ABalapppapa, 0, 0, 0, 0, , 0, 0, 0, 0, 0, 
672, 0, 699, -1, -1, 90, 79, 120.0, 14, , 0, 0, 0, 0, , 0, 0, 0, 0, 0, 
673, 1, 700, 666, -1, 89, 96, 138.0, 12, ABalappppaa, 0, 0, 0, 0, , 0, 0, 0, 0, 0, 
674, 0, 701, -1, -1, 81, 85, 133.0, 13, , 0, 0, 0, 0, , 0, 0, 0, 0, 0, 
675, 0, 702, -1, -1, 93, 79, 151.5, 12, , 0, 0, 0, 0, , 0, 0, 0, 0, 0, 
676, 0, 703, -1, -1, 92, 81, 150.0, 12, , 0, 0, 0, 0, , 0, 0, 0, 0, 0, 
677, 1, 704, 669, -1, 82, 74, 153.0, 12, ABalapppppp, 0, 0, 0, 0, , 0, 0, 0, 0, 0, 
678, 1, 705, 670, -1, 133, 125, 125.0, 11, ABalpaaaaaa, 0, 0, 0, 0, , 0, 0, 0, 0, 0, 
679, 1, 706, 671, -1, 149, 132, 127.5, 12, ABalpaaaaap, 0, 0, 0, 0, , 0, 0, 0, 0, 0, 
680, 0, 707, -1, -1, 142, 125, 139.0, 13, , 0, 0, 0, 0, , 0, 0, 0, 0, 0, 
681, 1, 708, 673, -1, 129, 118, 101.0, 13, ABalpaaapaa, 0, 0, 0, 0, , 0, 0, 0, 0, 0, 
682, 1, 709, 674, -1, 163, 121, 107.5, 13, ABalpaaappp, 0, 0, 0, 0, , 0, 0, 0, 0, 0, 
683, 1, 710, 675, -1, 120, 114, 118.0, 13, ABalpaapaaa, 0, 0, 0, 0, , 0, 0, 0, 0, 0, 
684, 1, 711, 676, -1, 125, 111, 109.0, 14, ABalpaapaap, 0, 0, 0, 0, , 0, 0, 0, 0, 0, 
685, 1, 712, 677, -1, 141, 117, 92.0, 15, ABalpaapapp, 0, 0, 0, 0, , 0, 0, 0, 0, 0, 
686, 1, 713, 678, -1, 105, 130, 141.0, 12, ABalpaappaa, 0, 0, 0, 0, , 0, 0, 0, 0, 0, 
687, 1, 715, 679, -1, 118, 134, 141.0, 13, ABalpaappap, 0, 0, 0, 0, , 0, 0, 0, 0, 0, 
688, 0, 716, -1, -1, 88, 129, 142.0, 13, , 0, 0, 0, 0, , 0, 0, 0, 0, 0, 
689, 0, 717, -1, -1, 88, 147, 147.0, 12, , 0, 0, 0, 0, , 0, 0, 0, 0, 0, 
690, 0, 718, -1, -1, 89, 147, 146.0, 13, , 0, 0, 0, 0, , 0, 0, 0, 0, 0, 
691, 1, 719, 683, -1, 111, 145, 143.0, 15, ABalpapaaaa, 0, 0, 0, 0, , 0, 0, 0, 0, 0, 
692, 0, 720, -1, -1, 109, 157, 171.0, 15, , 0, 0, 0, 0, , 0, 0, 0, 0, 0, 
693, 0, 721, -1, -1, 118, 130, 163.0, 13, , 0, 0, 0, 0, , 0, 0, 0, 0, 0, 
694, 1, 722, 686, -1, 152, 159, 168.0, 13, ABalpapapaa, 0, 0, 0, 0, , 0, 0, 0, 0, 0, 
695, 1, 723, 687, -1, 169, 169, 174.0, 14, ABalpapapap, 0, 0, 0, 0, , 0, 0, 0, 0, 0, 
696, 1, 724, 688, -1, 214, 159, 161.0, 12, ABalpapappa, 0, 0, 0, 0, , 0, 0, 0, 0, 0, 
697, 0, 725, -1, -1, 208, 142, 141.5, 13, , 0, 0, 0, 0, , 0, 0, 0, 0, 0, 
698, 0, 726, -1, -1, 143, 125, 134.0, 14, , 0, 0, 0, 0, , 0, 0, 0, 0, 0, 
699, 1, 727, 691, -1, 146, 125, 151.5, 14, ABalpappapa, 0, 0, 0, 0, , 0, 0, 0, 0, 0, 
700, 0, 728, -1, -1, 191, 113, 151.0, 12, , 0, 0, 0, 0, , 0, 0, 0, 0, 0, 
701, 1, 729, 693, -1, 146, 127, 101.5, 13, ABalpapppaa, 0, 0, 0, 0, , 0, 0, 0, 0, 0, 
702, 1, 730, 694, -1, 158, 112, 124.0, 10, ABalpapppap, 0, 0, 0, 0, , 0, 0, 0, 0, 0, 
703, 1, 731, 695, -1, 162, 128, 149.0, 15, ABalpappppa, 0, 0, 0, 0, , 0, 0, 0, 0, 0, 
704, 1, 732, 696, -1, 162, 132, 127.0, 15, ABalpappppp, 0, 0, 0, 0, , 0, 0, 0, 0, 0, 
705, 0, 733, -1, -1, 95, 168, 129.5, 12, , 0, 0, 0, 0, , 0, 0, 0, 0, 0, 
706, 0, 734, -1, -1, 92, 167, 133.0, 12, , 0, 0, 0, 0, , 0, 0, 0, 0, 0, 
707, 0, 735, -1, -1, 93, 167, 136.0, 13, , 0, 0, 0, 0, , 0, 0, 0, 0, 0, 
708, 0, 736, -1, -1, 96, 167, 125.0, 12, , 0, 0, 0, 0, , 0, 0, 0, 0, 0, 
709, 0, 737, -1, -1, 100, 154, 161.0, 11, , 0, 0, 0, 0, , 0, 0, 0, 0, 0, 
710, 0, 738, -1, -1, 115, 147, 157.5, 11, , 0, 0, 0, 0, , 0, 0, 0, 0, 0, 
711, 1, 739, 702, -1, 109, 146, 130.0, 13, ABalppapaaa, 0, 0, 0, 0, , 0, 0, 0, 0, 0, 
712, 1, 740, 703, -1, 89, 159, 150.0, 12, ABalppapaap, 0, 0, 0, 0, , 0, 0, 0, 0, 0, 
713, 0, 741, -1, -1, 111, 158, 166.0, 12, , 0, 0, 0, 0, , 0, 0, 0, 0, 0, 
714, 0, 741, -1, -1, 112, 158, 168.0, 12, , 0, 0, 0, 0, , 0, 0, 0, 0, 0, 
715, 1, 742, 705, -1, 141, 167, 157.0, 12, ABalppapapa, 0, 0, 0, 0, , 0, 0, 0, 0, 0, 
716, 0, 743, -1, -1, 117, 171, 157.5, 13, , 0, 0, 0, 0, , 0, 0, 0, 0, 0, 
717, 0, 744, -1, -1, 118, 150, 111.0, 13, , 0, 0, 0, 0, , 0, 0, 0, 0, 0, 
718, 0, 745, -1, -1, 118, 149, 113.0, 11, , 0, 0, 0, 0, , 0, 0, 0, 0, 0, 
719, 0, 746, -1, -1, 130, 160, 109.0, 13, , 0, 0, 0, 0, , 0, 0, 0, 0, 0, 
720, 1, 747, 710, -1, 117, 149, 113.0, 11, ABalppappaa, 0, 0, 0, 0, , 0, 0, 0, 0, 0, 
721, 1, 748, 711, -1, 115, 158, 136.0, 13, ABalppappap, 0, 0, 0, 0, , 0, 0, 0, 0, 0, 
722, 1, 749, 712, -1, 137, 158, 146.0, 15, ABalppapppa, 0, 0, 0, 0, , 0, 0, 0, 0, 0, 
723, 1, 750, 713, -1, 122, 153, 141.0, 13, ABalppapppp, 0, 0, 0, 0, , 0, 0, 0, 0, 0, 
724, 1, 751, 714, -1, 111, 169, 112.0, 13, ABalpppaaaa, 0, 0, 0, 0, , 0, 0, 0, 0, 0, 
725, 1, 752, 715, -1, 103, 169, 135.0, 13, ABalpppaaap, 0, 0, 0, 0, , 0, 0, 0, 0, 0, 
726, 1, 753, 716, -1, 77, 155, 112.0, 13, ABalpppaapd, 0, 0, 0, 0, , 0, 0, 0, 0, 0, 
727, 1, 754, 717, -1, 92, 165, 110.5, 13, ABalpppaapv, 0, 0, 0, 0, , 0, 0, 0, 0, 0, 
728, 1, 755, 718, -1, 113, 175, 124.5, 12, ABalpppapad, 0, 0, 0, 0, , 0, 0, 0, 0, 0, 
729, 1, 756, 719, -1, 144, 169, 109.0, 12, ABalpppapav, 0, 0, 0, 0, , 0, 0, 0, 0, 0, 
730, 1, 757, 720, -1, 125, 140, 74.0, 14, ABalpppappp, 0, 0, 0, 0, , 0, 0, 0, 0, 0, 
731, 1, 758, 721, -1, 135, 135, 83.0, 15, ABalppppaad, 0, 0, 0, 0, , 0, 0, 0, 0, 0, 
732, 0, 759, -1, -1, 91, 146, 93.0, 15, , 0, 0, 0, 0, , 0, 0, 0, 0, 0, 
733, 1, 760, 723, -1, 141, 155, 99.5, 13, ABalpppppaa, 0, 0, 0, 0, , 0, 0, 0, 0, 0, 
734, 0, 761, -1, -1, 144, 153, 90.0, 13, , 0, 0, 0, 0, , 0, 0, 0, 0, 0, 
735, 1, 762, 725, -1, 145, 150, 88.0, 13, ABalpppppap, 0, 0, 0, 0, , 0, 0, 0, 0, 0, 
736, 0, 763, -1, -1, 149, 149, 78.0, 15, , 0, 0, 0, 0, , 0, 0, 0, 0, 0, 
737, 1, 764, 727, -1, 155, 153, 73.5, 15, ABalppppppaa, 0, 0, 0, 0, , 0, 0, 0, 0, 0, 
738, 1, 765, 728, -1, 169, 146, 74.0, 11, ABalppppppap, 0, 0, 0, 0, , 0, 0, 0, 0, 0, 
739, 1, 766, 729, -1, 138, 168, 85.0, 13, ABalpppppppa, 0, 0, 0, 0, , 0, 0, 0, 0, 0, 
740, 1, 767, 730, -1, 148, 175, 101.5, 15, ABalpppppppp, 0, 0, 0, 0, , 0, 0, 0, 0, 0, 
741, 1, 768, 731, -1, 126, 126, 127.0, 13, ABaraaaaaaa, 0, 0, 0, 0, , 0, 0, 0, 0, 0, 
742, 1, 769, 733, -1, 134, 124, 115.0, 12, ABaraaaaaap, 0, 0, 0, 0, , 0, 0, 0, 0, 0, 
743, 0, 770, -1, -1, 119, 110, 148.0, 13, , 0, 0, 0, 0, , 0, 0, 0, 0, 0, 
744, 1, 771, 735, -1, 119, 111, 148.0, 13, ABaraaaaapa, 0, 0, 0, 0, , 0, 0, 0, 0, 0, 
745, 1, 772, 736, -1, 134, 95, 150.0, 11, ABaraaaaapp, 0, 0, 0, 0, , 0, 0, 0, 0, 0, 
746, 1, 773, 737, -1, 107, 115, 139.0, 11, ABaraaaapaa, 0, 0, 0, 0, , 0, 0, 0, 0, 0, 
747, 1, 774, 738, -1, 115, 105, 128.0, 14, ABaraaaapap, 0, 0, 0, 0, , 0, 0, 0, 0, 0, 
748, 1, 775, 739, -1, 115, 104, 141.5, 13, ABaraaapaaa, 0, 0, 0, 0, , 0, 0, 0, 0, 0, 
749, 1, 776, 740, -1, 122, 91, 142.5, 15, ABaraaapaap, 0, 0, 0, 0, , 0, 0, 0, 0, 0, 
750, 1, 777, 741, -1, 139, 75, 137.0, 15, ABaraaapapa, 0, 0, 0, 0, , 0, 0, 0, 0, 0, 
751, 1, 778, 742, -1, 148, 67, 151.0, 15, ABaraaapapp, 0, 0, 0, 0, , 0, 0, 0, 0, 0, 
752, 1, 779, 743, -1, 109, 118, 144.0, 13, ABaraaappaa, 0, 0, 0, 0, , 0, 0, 0, 0, 0, 
753, 1, 780, 744, -1, 119, 126, 156.0, 12, ABaraaappap, 0, 0, 0, 0, , 0, 0, 0, 0, 0, 
754, 1, 781, 745, -1, 96, 122, 154.0, 12, ABaraaapppa, 0, 0, 0, 0, , 0, 0, 0, 0, 0, 
755, 0, 782, -1, -1, 95, 149, 175.0, 12, , 0, 0, 0, 0, , 0, 0, 0, 0, 0, 
756, 0, 783, -1, -1, 96, 136, 164.0, 12, , 0, 0, 0, 0, , 0, 0, 0, 0, 0, 
757, 0, 784, -1, -1, 98, 135, 166.0, 12, , 0, 0, 0, 0, , 0, 0, 0, 0, 0, 
758, 1, 785, 749, -1, 115, 102, 121.0, 12, ABaraapaaaa, 0, 0, 0, 0, , 0, 0, 0, 0, 0, 
759, 0, 786, -1, -1, 121, 95, 108.0, 14, , 0, 0, 0, 0, , 0, 0, 0, 0, 0, 
760, 1, 787, 751, -1, 123, 97, 101.0, 12, ABaraapaapa, 0, 0, 0, 0, , 0, 0, 0, 0, 0, 
761, 1, 788, 752, -1, 161, 92, 87.0, 14, ABaraapaapp, 0, 0, 0, 0, , 0, 0, 0, 0, 0, 
762, 1, 789, 753, -1, 170, 114, 96.0, 15, ABaraapapaa, 0, 0, 0, 0, , 0, 0, 0, 0, 0, 
763, 1, 790, 754, -1, 175, 104, 83.0, 14, ABaraapapap, 0, 0, 0, 0, , 0, 0, 0, 0, 0, 
764, 1, 791, 755, -1, 177, 126, 96.0, 12, ABaraapappa, 0, 0, 0, 0, , 0, 0, 0, 0, 0, 
765, 1, 792, 756, -1, 179, 124, 115.5, 14, ABaraapappp, 0, 0, 0, 0, , 0, 0, 0, 0, 0, 
766, 1, 793, 757, -1, 113, 92, 123.0, 13, ABaraappaaa, 0, 0, 0, 0, , 0, 0, 0, 0, 0, 
767, 1, 794, 758, -1, 124, 89, 130.0, 13, ABaraappaap, 0, 0, 0, 0, , 0, 0, 0, 0, 0, 
768, 1, 795, 759, -1, 118, 76, 131.0, 15, ABaraappapa, 0, 0, 0, 0, , 0, 0, 0, 0, 0, 
769, 1, 796, 760, -1, 152, 56, 136.0, 17, ABaraappapp, 0, 0, 0, 0, , 0, 0, 0, 0, 0, 
770, 1, 797, 761, -1, 154, 56, 124.0, 15, MSpaapaaa, 0, 0, 0, 0, , 0, 0, 0, 0, 0, 
771, 1, 798, 762, -1, 161, 74, 158.5, 15, ABaraapppaa, 0, 0, 0, 0, , 0, 0, 0, 0, 0, 
772, 1, 799, 763, -1, 161, 56, 148.0, 14, ABaraapppap, 0, 0, 0, 0, , 0, 0, 0, 0, 0, 
773, 1, 800, 764, -1, 168, 76, 166.5, 13, ABaraappppa, 0, 0, 0, 0, , 0, 0, 0, 0, 0, 
774, 1, 801, 765, -1, 173, 96, 159.0, 12, ABaraappppp, 0, 0, 0, 0, , 0, 0, 0, 0, 0, 
775, 1, 802, 766, -1, 131, 106, 152.0, 13, ABarapaaaaa, 0, 0, 0, 0, , 0, 0, 0, 0, 0, 
776, 1, 803, 767, -1, 151, 116, 163.0, 10, ABarapaaaap, 0, 0, 0, 0, , 0, 0, 0, 0, 0, 
777, 1, 804, 768, -1, 141, 114, 157.0, 11, ABarapaaapa, 0, 0, 0, 0, , 0, 0, 0, 0, 0, 
778, 1, 805, 769, -1, 131, 82, 151.0, 13, ABarapaapaa, 0, 0, 0, 0, , 0, 0, 0, 0, 0, 
779, 1, 806, 770, -1, 134, 62, 153.0, 13, ABarapaapap, 0, 0, 0, 0, , 0, 0, 0, 0, 0, 
780, 1, 807, 771, -1, 141, 75, 162.0, 12, ABarapaappa, 0, 0, 0, 0, , 0, 0, 0, 0, 0, 
781, 1, 808, 772, -1, 156, 88, 155.5, 13, ABarapaappp, 0, 0, 0, 0, , 0, 0, 0, 0, 0, 
782, 1, 809, 773, -1, 144, 96, 168.0, 13, ABarapapaap, 0, 0, 0, 0, , 0, 0, 0, 0, 0, 
783, 1, 810, 774, -1, 131, 134, 153.0, 12, ABarapapapa, 0, 0, 0, 0, , 0, 0, 0, 0, 0, 
784, 0, 811, -1, -1, 192, 112, 149.0, 14, , 0, 0, 0, 0, , 0, 0, 0, 0, 0, 
785, 0, 812, -1, -1, 191, 114, 152.5, 14, , 0, 0, 0, 0, , 0, 0, 0, 0, 0, 
786, 1, 813, 777, -1, 194, 113, 143.0, 14, ABalpappapp, 0, 0, 0, 0, , 0, 0, 0, 0, 0, 
787, 1, 814, 778, -1, 190, 115, 154.5, 12, ABarapapapp, 0, 0, 0, 0, , 0, 0, 0, 0, 0, 
788, 1, 815, 779, -1, 141, 86, 161.0, 12, ABarapappaa, 0, 0, 0, 0, , 0, 0, 0, 0, 0, 
789, 1, 816, -1, -1, 155, 98, 146.0, 10, ABarapappap, 0, 0, 0, 0, , 0, 0, 0, 0, 0, 
790, 1, 817, 780, -1, 179, 120, 141.0, 15, ABarapapppa, 0, 0, 0, 0, , 0, 0, 0, 0, 0, 
791, 1, 818, 781, -1, 157, 104, 171.0, 15, ABarapapppp, 0, 0, 0, 0, , 0, 0, 0, 0, 0, 
792, 1, 819, 782, -1, 115, 139, 150.0, 13, ABalpapaapa, 0, 0, 0, 0, , 0, 0, 0, 0, 0, 
793, 1, 820, 783, -1, 117, 131, 163.0, 13, ABarappaaaa, 0, 0, 0, 0, , 0, 0, 0, 0, 0, 
794, 1, 821, 784, -1, 150, 149, 175.0, 13, ABarappapaa, 0, 0, 0, 0, , 0, 0, 0, 0, 0, 
795, 1, 822, 785, -1, 168, 152, 192.0, 15, ABarappapap, 0, 0, 0, 0, , 0, 0, 0, 0, 0, 
796, 1, 823, 786, -1, 201, 91, 145.0, 15, MSpapappp, 0, 0, 0, 0, , 0, 0, 0, 0, 0, 
797, 0, 824, -1, -1, 211, 129, 172.5, 13, , 0, 0, 0, 0, , 0, 0, 0, 0, 0, 
798, 0, 825, -1, -1, 194, 129, 190.0, 13, , 0, 0, 0, 0, , 0, 0, 0, 0, 0, 
799, 1, 826, 789, -1, 99, 118, 171.0, 10, ABarapppaaa, 0, 0, 0, 0, , 0, 0, 0, 0, 0, 
800, 1, 827, 790, -1, 99, 132, 170.0, 11, ABarapppaap, 0, 0, 0, 0, , 0, 0, 0, 0, 0, 
801, 1, 828, 791, -1, 138, 148, 177.0, 12, ABarapppapa, 0, 0, 0, 0, , 0, 0, 0, 0, 0, 
802, 1, 829, 792, -1, 124, 149, 182.0, 14, ABarapppapp, 0, 0, 0, 0, , 0, 0, 0, 0, 0, 
803, 1, 830, 793, -1, 111, 105, 178.0, 13, ABarappppaa, 0, 0, 0, 0, , 0, 0, 0, 0, 0, 
804, 1, 831, 794, -1, 109, 120, 179.0, 13, ABarappppap, 0, 0, 0, 0, , 0, 0, 0, 0, 0, 
805, 1, 832, 795, -1, 127, 135, 176.5, 15, ABarapppppa, 0, 0, 0, 0, , 0, 0, 0, 0, 0, 
806, 1, 833, 796, -1, 115, 132, 171.0, 13, ABarapppppp, 0, 0, 0, 0, , 0, 0, 0, 0, 0, 
807, 1, 834, 797, -1, 61, 120, 129.0, 12, ABarpaaaaal, 0, 0, 0, 0, , 0, 0, 0, 0, 0, 
808, 1, 835, 798, -1, 68, 118, 118.0, 14, ABarpaaaapa, 0, 0, 0, 0, , 0, 0, 0, 0, 0, 
809, 1, 836, 799, -1, 75, 114, 96.0, 12, ABarpaaaapp, 0, 0, 0, 0, , 0, 0, 0, 0, 0, 
810, 1, 837, 800, -1, 66, 104, 136.0, 12, ABarpaaapaa, 0, 0, 0, 0, , 0, 0, 0, 0, 0, 
811, 1, 838, 801, -1, 69, 86, 147.0, 13, ABarpaaapap, 0, 0, 0, 0, , 0, 0, 0, 0, 0, 
812, 1, 839, 802, -1, 63, 83, 123.5, 15, ABarpaapaa, 0, 0, 0, 0, , 0, 0, 0, 0, 0, 
813, 1, 840, 803, -1, 97, 60, 97.0, 15, ABarpaapap, 0, 0, 0, 0, , 0, 0, 0, 0, 0, 
814, 1, 841, 804, -1, 112, 63, 82.0, 14, ABarpaappa, 0, 0, 0, 0, , 0, 0, 0, 0, 0, 
815, 1, 842, 805, -1, 138, 34, 138.0, 15, ABarpaappp, 0, 0, 0, 0, , 0, 0, 0, 0, 0, 
816, 1, 843, 806, -1, 85, 86, 130.0, 13, ABarpapaaaa, 0, 0, 0, 0, , 0, 0, 0, 0, 0, 
817, 1, 844, 807, -1, 82, 86, 135.0, 13, ABalappppap, 0, 0, 0, 0, , 0, 0, 0, 0, 0, 
818, 1, 845, 808, -1, 88, 78, 122.5, 14, ABalapppapp, 0, 0, 0, 0, , 0, 0, 0, 0, 0, 
819, 1, 846, 809, -1, 79, 72, 138.0, 12, ABarpapaaap, 0, 0, 0, 0, , 0, 0, 0, 0, 0, 
820, 1, 847, 810, -1, 96, 68, 135.0, 15, ABarpapaapp, 0, 0, 0, 0, , 0, 0, 0, 0, 0, 
821, 1, 848, 811, -1, 56, 106, 125.0, 15, ABarpapapa, 0, 0, 0, 0, , 0, 0, 0, 0, 0, 
822, 1, 849, 812, -1, 83, 68, 104.0, 15, ABarpapapp, 0, 0, 0, 0, , 0, 0, 0, 0, 0, 
823, 0, 850, -1, -1, 108, 100, 207.0, 14, , 0, 0, 0, 0, , 0, 0, 0, 0, 0, 
824, 1, 851, 814, -1, 109, 99, 207.0, 14, ABarpappap, 0, 0, 0, 0, , 0, 0, 0, 0, 0, 
825, 1, 852, 815, -1, 130, 102, 63.5, 14, ABarppaaaa, 0, 0, 0, 0, , 0, 0, 0, 0, 0, 
826, 1, 853, 816, -1, 165, 29, 125.0, 14, ABarppaapa, 0, 0, 0, 0, , 0, 0, 0, 0, 0, 
827, 1, 854, 817, -1, 195, 114, 69.0, 16, ABarppaapp, 0, 0, 0, 0, , 0, 0, 0, 0, 0, 
828, 1, 855, 818, -1, 123, 43, 149.0, 12, ABarpppaaa, 0, 0, 0, 0, , 0, 0, 0, 0, 0, 
829, 1, 856, 819, -1, 154, 83, 64.0, 15, ABarpppapa, 0, 0, 0, 0, , 0, 0, 0, 0, 0, 
830, 1, 857, 820, -1, 187, 39, 156.0, 15, ABarpppapp, 0, 0, 0, 0, , 0, 0, 0, 0, 0, 
831, 1, 858, 821, -1, 85, 102, 107.0, 15, ABplaaaaaaa, 0, 0, 0, 0, , 0, 0, 0, 0, 0, 
832, 1, 859, 822, -1, 83, 112, 87.0, 12, ABplaaaaaap, 0, 0, 0, 0, , 0, 0, 0, 0, 0, 
833, 1, 860, 823, -1, 100, 106, 86.0, 14, ABplaaaaapp, 0, 0, 0, 0, , 0, 0, 0, 0, 0, 
834, 1, 861, 824, -1, 65, 101, 101.5, 15, ABplaaaapa, 0, 0, 0, 0, , 0, 0, 0, 0, 0, 
835, 1, 862, 825, -1, 72, 83, 102.0, 16, ABplaaaapp, 0, 0, 0, 0, , 0, 0, 0, 0, 0, 
836, 1, 863, 826, -1, 72, 144, 94.0, 15, ABplaaapaa, 0, 0, 0, 0, , 0, 0, 0, 0, 0, 
837, 1, 864, 827, -1, 121, 179, 112.0, 13, ABplaaapap, 0, 0, 0, 0, , 0, 0, 0, 0, 0, 
838, 1, 865, 828, -1, 76, 121, 134.0, 15, ABplaapaaaa, 0, 0, 0, 0, , 0, 0, 0, 0, 0, 
839, 1, 866, 829, -1, 69, 128, 120.0, 13, ABplaapaaap, 0, 0, 0, 0, , 0, 0, 0, 0, 0, 
840, 0, 867, -1, -1, 84, 146, 105.0, 11, , 0, 0, 0, 0, , 0, 0, 0, 0, 0, 
841, 0, 868, -1, -1, 101, 136, 102.0, 11, , 0, 0, 0, 0, , 0, 0, 0, 0, 0, 
842, 0, 869, -1, -1, 91, 146, 93.0, 12, , 0, 0, 0, 0, , 0, 0, 0, 0, 0, 
843, 0, 870, -1, -1, 106, 152, 85.5, 15, , 0, 0, 0, 0, , 0, 0, 0, 0, 0, 
844, 1, 871, 834, -1, 164, 141, 87.0, 13, ABplaapapaa, 0, 0, 0, 0, , 0, 0, 0, 0, 0, 
845, 1, 872, 835, -1, 162, 139, 75.0, 13, ABplaapapap, 0, 0, 0, 0, , 0, 0, 0, 0, 0, 
846, 1, 873, 836, -1, 174, 145, 63.0, 14, ABarppaaap, 0, 0, 0, 0, , 0, 0, 0, 0, 0, 
847, 1, 874, 837, -1, 159, 123, 69.0, 13, ABplaapappa, 0, 0, 0, 0, , 0, 0, 0, 0, 0, 
848, 1, 875, 838, -1, 147, 138, 64.0, 16, ABplaapappp, 0, 0, 0, 0, , 0, 0, 0, 0, 0, 
849, 1, 876, 839, -1, 118, 171, 165.0, 13, ABplaappaa, 0, 0, 0, 0, , 0, 0, 0, 0, 0, 
850, 1, 877, 840, -1, 121, 171, 152.0, 13, ABalppapapp, 0, 0, 0, 0, , 0, 0, 0, 0, 0, 
851, 1, 878, 841, -1, 143, 171, 172.0, 15, ABplaappap, 0, 0, 0, 0, , 0, 0, 0, 0, 0, 
852, 1, 879, 842, -1, 176, 179, 152.0, 13, ABplaapppa, 0, 0, 0, 0, , 0, 0, 0, 0, 0, 
853, 1, 880, 843, -1, 195, 166, 99.0, 17, ABplaapppp, 0, 0, 0, 0, , 0, 0, 0, 0, 0, 
854, 1, 881, 844, -1, 153, 112, 59.5, 15, ABplapaaaap, 0, 0, 0, 0, , 0, 0, 0, 0, 0, 
855, 1, 882, 845, -1, 182, 141, 73.0, 15, ABplapaaapa, 0, 0, 0, 0, , 0, 0, 0, 0, 0, 
856, 1, 883, 846, -1, 199, 136, 76.5, 15, ABplapaaapp, 0, 0, 0, 0, , 0, 0, 0, 0, 0, 
857, 1, 884, 847, -1, 201, 169, 147.0, 13, ABplapaapa, 0, 0, 0, 0, , 0, 0, 0, 0, 0, 
858, 1, 885, 848, -1, 214, 155, 103.0, 17, ABplapaapp, 0, 0, 0, 0, , 0, 0, 0, 0, 0, 
859, 1, 886, 849, -1, 278, 171, 122.0, 17, ABplapappa, 0, 0, 0, 0, , 0, 0, 0, 0, 0, 
860, 1, 887, 850, -1, 318, 154, 139.0, 14, ABplapapppp, 0, 0, 0, 0, , 0, 0, 0, 0, 0, 
861, 1, 888, 851, -1, 227, 140, 89.0, 16, ABplappaaa, 0, 0, 0, 0, , 0, 0, 0, 0, 0, 
862, 1, 889, 852, -1, 244, 142, 97.0, 15, ABplappaap, 0, 0, 0, 0, , 0, 0, 0, 0, 0, 
863, 1, 890, 853, -1, 260, 149, 104.0, 14, ABplappapp, 0, 0, 0, 0, , 0, 0, 0, 0, 0, 
864, 1, 891, 854, -1, 294, 166, 126.0, 14, ABplapppaaa, 0, 0, 0, 0, , 0, 0, 0, 0, 0, 
865, 1, 893, 855, -1, 298, 158, 150.0, 13, ABplapppapp, 0, 0, 0, 0, , 0, 0, 0, 0, 0, 
866, 1, 894, 856, -1, 266, 162, 166.0, 14, ABplappppa, 0, 0, 0, 0, , 0, 0, 0, 0, 0, 
867, 1, 895, 857, -1, 129, 152, 121.0, 13, ABplpaaaaaa, 0, 0, 0, 0, , 0, 0, 0, 0, 0, 
868, 1, 896, 858, -1, 161, 168, 107.0, 13, ABplpaaaaap, 0, 0, 0, 0, , 0, 0, 0, 0, 0, 
869, 1, 897, 859, -1, 188, 159, 166.0, 12, ABplpaaaapa, 0, 0, 0, 0, , 0, 0, 0, 0, 0, 
870, 1, 898, 860, -1, 218, 143, 149.0, 12, ABplpaaaapp, 0, 0, 0, 0, , 0, 0, 0, 0, 0, 
871, 0, 899, -1, -1, 136, 155, 136.0, 12, , 0, 0, 0, 0, , 0, 0, 0, 0, 0, 
872, 1, 900, 862, -1, 135, 155, 136.0, 12, ABplpaaapaa, 0, 0, 0, 0, , 0, 0, 0, 0, 0, 
873, 1, 901, 863, -1, 128, 176, 135.5, 12, ABplpaaapap, 0, 0, 0, 0, , 0, 0, 0, 0, 0, 
874, 1, 902, 864, -1, 132, 164, 128.0, 15, ABplpaaappa, 0, 0, 0, 0, , 0, 0, 0, 0, 0, 
875, 0, 903, -1, -1, 152, 174, 152.0, 13, , 0, 0, 0, 0, , 0, 0, 0, 0, 0, 
876, 0, 904, -1, -1, 152, 175, 149.0, 13, , 0, 0, 0, 0, , 0, 0, 0, 0, 0, 
877, 1, 905, 867, -1, 147, 166, 129.0, 14, ABplpaaappp, 0, 0, 0, 0, , 0, 0, 0, 0, 0, 
878, 0, 906, -1, -1, 160, 170, 100.5, 14, , 0, 0, 0, 0, , 0, 0, 0, 0, 0, 
879, 0, 907, -1, -1, 156, 167, 90.5, 13, , 0, 0, 0, 0, , 0, 0, 0, 0, 0, 
880, 1, 908, 870, -1, 88, 162, 97.0, 13, ABplpaapapa, 0, 0, 0, 0, , 0, 0, 0, 0, 0, 
881, 1, 909, 871, -1, 139, 180, 144.0, 13, ABplpaapapp, 0, 0, 0, 0, , 0, 0, 0, 0, 0, 
882, 1, 910, 872, -1, 168, 156, 94.0, 13, ABplpaappaa, 0, 0, 0, 0, , 0, 0, 0, 0, 0, 
883, 0, 911, -1, -1, 169, 164, 83.0, 13, , 0, 0, 0, 0, , 0, 0, 0, 0, 0, 
884, 0, 912, -1, -1, 169, 163, 82.5, 13, , 0, 0, 0, 0, , 0, 0, 0, 0, 0, 
885, 0, 913, -1, -1, 168, 172, 145.0, 12, , 0, 0, 0, 0, , 0, 0, 0, 0, 0, 
886, 0, 914, -1, -1, 169, 173, 143.0, 12, , 0, 0, 0, 0, , 0, 0, 0, 0, 0, 
887, 1, 915, 877, -1, 167, 150, 158.0, 13, ABplpapaaaa, 0, 0, 0, 0, , 0, 0, 0, 0, 0, 
888, 0, 916, -1, -1, 164, 152, 127.0, 15, , 0, 0, 0, 0, , 0, 0, 0, 0, 0, 
889, 0, 917, -1, -1, 177, 161, 157.0, 12, , 0, 0, 0, 0, , 0, 0, 0, 0, 0, 
890, 0, 918, -1, -1, 154, 157, 157.0, 13, , 0, 0, 0, 0, , 0, 0, 0, 0, 0, 
891, 1, 919, 881, -1, 157, 162, 147.0, 11, ABplpapaapp, 0, 0, 0, 0, , 0, 0, 0, 0, 0, 
892, 0, 920, -1, -1, 177, 147, 140.0, 13, , 0, 0, 0, 0, , 0, 0, 0, 0, 0, 
893, 0, 921, -1, -1, 179, 158, 142.0, 13, , 0, 0, 0, 0, , 0, 0, 0, 0, 0, 
894, 1, 922, 884, -1, 203, 153, 150.0, 13, ABplpapappa, 0, 0, 0, 0, , 0, 0, 0, 0, 0, 
895, 1, 923, 885, -1, 232, 122, 162.0, 13, ABplpapappp, 0, 0, 0, 0, , 0, 0, 0, 0, 0, 
896, 1, 924, 886, -1, 142, 147, 158.0, 13, ABplpappaaa, 0, 0, 0, 0, , 0, 0, 0, 0, 0, 
897, 0, 925, -1, -1, 172, 153, 177.0, 15, , 0, 0, 0, 0, , 0, 0, 0, 0, 0, 
898, 0, 926, -1, -1, 180, 137, 169.0, 15, , 0, 0, 0, 0, , 0, 0, 0, 0, 0, 
899, 1, 927, 889, -1, 263, 138, 154.0, 13, ABplpapppaa, 0, 0, 0, 0, , 0, 0, 0, 0, 0, 
900, 1, 928, 890, -1, 267, 121, 170.0, 12, ABplpapppap, 0, 0, 0, 0, , 0, 0, 0, 0, 0, 
901, 1, 929, 891, -1, 270, 127, 154.5, 13, ABplpappppa, 0, 0, 0, 0, , 0, 0, 0, 0, 0, 
902, 1, 930, 892, -1, 286, 137, 161.0, 12, ABplpappppp, 0, 0, 0, 0, , 0, 0, 0, 0, 0, 
903, 1, 931, 893, -1, 161, 179, 130.0, 15, ABplppaaaaa, 0, 0, 0, 0, , 0, 0, 0, 0, 0, 
904, 0, 932, -1, -1, 171, 176, 116.0, 13, , 0, 0, 0, 0, , 0, 0, 0, 0, 0, 
905, 1, 933, -1, -1, 183, 175, 161.0, 11, ABplppaapaa, 0, 0, 0, 0, , 0, 0, 0, 0, 0, 
906, 1, 934, 1141, -1, 174, 172, 132.0, 12, ABplppaapap, 0, 0, 0, 0, , 0, 0, 0, 0, 0, 
907, 0, 935, -1, -1, 207, 139, 158.0, 12, , 0, 0, 0, 0, , 0, 0, 0, 0, 0, 
908, 0, 936, -1, -1, 208, 143, 141.0, 13, , 0, 0, 0, 0, , 0, 0, 0, 0, 0, 
909, 0, 937, -1, -1, 240, 133, 160.0, 13, , 0, 0, 0, 0, , 0, 0, 0, 0, 0, 
910, 1, 938, 899, -1, 208, 160, 135.0, 14, ABplppapaaa, 0, 0, 0, 0, , 0, 0, 0, 0, 0, 
911, 1, 939, 900, -1, 214, 131, 131.0, 12, ABplppapaap, 0, 0, 0, 0, , 0, 0, 0, 0, 0, 
912, 1, 940, 901, -1, 227, 124, 142.0, 13, ABplppapapa, 0, 0, 0, 0, , 0, 0, 0, 0, 0, 
913, 1, 941, 902, -1, 247, 134, 138.0, 13, ABplppapapp, 0, 0, 0, 0, , 0, 0, 0, 0, 0, 
914, 0, 942, -1, -1, 208, 143, 138.0, 13, , 0, 0, 0, 0, , 0, 0, 0, 0, 0, 
915, 1, 943, 904, -1, 234, 129, 150.0, 13, ABplppapppa, 0, 0, 0, 0, , 0, 0, 0, 0, 0, 
916, 1, 944, 905, -1, 247, 139, 147.0, 12, ABplppapppp, 0, 0, 0, 0, , 0, 0, 0, 0, 0, 
917, 1, 945, 906, -1, 253, 153, 146.0, 13, ABplpppaaaa, 0, 0, 0, 0, , 0, 0, 0, 0, 0, 
918, 1, 946, 907, -1, 257, 151, 133.0, 12, ABplpppaaap, 0, 0, 0, 0, , 0, 0, 0, 0, 0, 
919, 1, 947, 908, -1, 292, 154, 135.0, 13, ABplpppaapa, 0, 0, 0, 0, , 0, 0, 0, 0, 0, 
920, 1, 948, 909, -1, 288, 169, 145.0, 12, ABplpppaapp, 0, 0, 0, 0, , 0, 0, 0, 0, 0, 
921, 1, 949, 910, -1, 281, 166, 154.0, 13, ABplpppapaa, 0, 0, 0, 0, , 0, 0, 0, 0, 0, 
922, 1, 950, 911, -1, 277, 154, 187.0, 13, ABplpppapap, 0, 0, 0, 0, , 0, 0, 0, 0, 0, 
923, 1, 951, 912, -1, 272, 140, 140.0, 12, ABplppppaaa, 0, 0, 0, 0, , 0, 0, 0, 0, 0, 
924, 1, 952, 913, -1, 285, 141, 144.0, 13, ABplppppaap, 0, 0, 0, 0, , 0, 0, 0, 0, 0, 
925, 0, 953, -1, -1, 260, 152, 153.0, 14, , 0, 0, 0, 0, , 0, 0, 0, 0, 0, 
926, 0, 953, -1, -1, 259, 153, 152.0, 14, , 0, 0, 0, 0, , 0, 0, 0, 0, 0, 
927, 1, 954, 916, -1, 273, 147, 162.0, 13, ABplppppapp, 0, 0, 0, 0, , 0, 0, 0, 0, 0, 
928, 1, 955, 917, -1, 273, 157, 142.0, 13, Capappp, 0, 0, 0, 0, , 0, 0, 0, 0, 0, 
929, 1, 956, 918, -1, 283, 128, 130.0, 13, ABplpppppaa, 0, 0, 0, 0, , 0, 0, 0, 0, 0, 
930, 1, 957, 919, -1, 291, 139, 128.0, 13, ABplpppppap, 0, 0, 0, 0, , 0, 0, 0, 0, 0, 
931, 0, 958, -1, -1, 305, 145, 174.0, 13, , 0, 0, 0, 0, , 0, 0, 0, 0, 0, 
932, 0, 959, -1, -1, 306, 146, 179.0, 13, , 0, 0, 0, 0, , 0, 0, 0, 0, 0, 
933, 1, 960, 922, -1, 311, 147, 161.5, 14, ABplppppppp, 0, 0, 0, 0, , 0, 0, 0, 0, 0, 
934, 1, 961, 923, -1, 320, 140, 146.0, 14, Cappppd, 0, 0, 0, 0, , 0, 0, 0, 0, 0, 
935, 0, 962, -1, -1, 96, 114, 196.0, 12, , 0, 0, 0, 0, , 0, 0, 0, 0, 0, 
936, 1, 963, 924, -1, 97, 133, 196.0, 13, ABpraaaaaap, 0, 0, 0, 0, , 0, 0, 0, 0, 0, 
937, 1, 964, 925, -1, 73, 104, 179.0, 13, ABpraaaaapd, 0, 0, 0, 0, , 0, 0, 0, 0, 0, 
938, 1, 965, 926, -1, 84, 111, 192.0, 13, ABpraaaaapv, 0, 0, 0, 0, , 0, 0, 0, 0, 0, 
939, 1, 966, 927, -1, 106, 119, 201.0, 13, ABpraaaapad, 0, 0, 0, 0, , 0, 0, 0, 0, 0, 
940, 1, 967, 928, -1, 129, 104, 203.0, 13, ABpraaaapav, 0, 0, 0, 0, , 0, 0, 0, 0, 0, 
941, 1, 968, 929, -1, 121, 64, 173.0, 12, ABpraaaappp, 0, 0, 0, 0, , 0, 0, 0, 0, 0, 
942, 1, 969, 930, -1, 125, 75, 174.0, 13, ABpraaapaad, 0, 0, 0, 0, , 0, 0, 0, 0, 0, 
943, 0, 970, -1, -1, 108, 86, 161.0, 14, , 0, 0, 0, 0, , 0, 0, 0, 0, 0, 
944, 1, 971, 932, -1, 108, 86, 161.0, 14, ABpraaapapa, 0, 0, 0, 0, , 0, 0, 0, 0, 0, 
945, 1, 972, 933, -1, 132, 89, 187.0, 13, ABpraaappaa, 0, 0, 0, 0, , 0, 0, 0, 0, 0, 
946, 1, 973, 934, -1, 139, 79, 186.5, 13, ABpraaappap, 0, 0, 0, 0, , 0, 0, 0, 0, 0, 
947, 1, 974, 935, -1, 144, 72, 192.5, 12, ABpraaapppaa, 0, 0, 0, 0, , 0, 0, 0, 0, 0, 
948, 1, 975, 936, -1, 156, 64, 196.5, 12, ABpraaapppap, 0, 0, 0, 0, , 0, 0, 0, 0, 0, 
949, 1, 976, 937, -1, 123, 84, 206.0, 15, ABpraaappppa, 0, 0, 0, 0, , 0, 0, 0, 0, 0, 
950, 1, 977, 938, -1, 141, 89, 212.0, 13, ABpraaappppp, 0, 0, 0, 0, , 0, 0, 0, 0, 0, 
951, 1, 978, 939, -1, 74, 119, 142.0, 13, ABpraapaaaa, 0, 0, 0, 0, , 0, 0, 0, 0, 0, 
952, 1, 979, 940, -1, 64, 111, 153.0, 13, ABpraapaaap, 0, 0, 0, 0, , 0, 0, 0, 0, 0, 
953, 1, 980, 941, -1, 99, 85, 176.0, 12, ABpraapaapa, 0, 0, 0, 0, , 0, 0, 0, 0, 0, 
954, 1, 981, 942, -1, 101, 84, 186.0, 14, ABpraapaapp, 0, 0, 0, 0, , 0, 0, 0, 0, 0, 
955, 1, 982, 943, -1, 153, 71, 181.0, 12, ABpraapapaa, 0, 0, 0, 0, , 0, 0, 0, 0, 0, 
956, 1, 983, 944, -1, 154, 62, 183.0, 13, ABpraapapap, 0, 0, 0, 0, , 0, 0, 0, 0, 0, 
957, 1, 984, 945, -1, 142, 58, 171.0, 12, ABpraapappa, 0, 0, 0, 0, , 0, 0, 0, 0, 0, 
958, 1, 985, 946, -1, 138, 58, 187.0, 15, ABpraapappp, 0, 0, 0, 0, , 0, 0, 0, 0, 0, 
959, 1, 986, 947, -1, 114, 156, 186.0, 12, ABpraappaa, 0, 0, 0, 0, , 0, 0, 0, 0, 0, 
960, 1, 987, 948, -1, 110, 158, 166.0, 13, ABalpapaaap, 0, 0, 0, 0, , 0, 0, 0, 0, 0, 
961, 1, 988, 949, -1, 148, 136, 211.0, 16, ABpraappap, 0, 0, 0, 0, , 0, 0, 0, 0, 0, 
962, 1, 989, 950, -1, 181, 138, 201.0, 12, ABpraapppa, 0, 0, 0, 0, , 0, 0, 0, 0, 0, 
963, 1, 990, 951, -1, 192, 90, 203.5, 13, ABpraapppp, 0, 0, 0, 0, , 0, 0, 0, 0, 0, 
964, 1, 991, 952, -1, 139, 45, 175.0, 9, ABprapaaaaa, 0, 0, 0, 0, , 0, 0, 0, 0, 0, 
965, 1, 992, 953, -1, 142, 42, 156.0, 17, ABprapaaaap, 0, 0, 0, 0, , 0, 0, 0, 0, 0, 
966, 1, 993, 954, -1, 172, 61, 185.0, 15, ABprapaaapa, 0, 0, 0, 0, , 0, 0, 0, 0, 0, 
967, 1, 994, 955, -1, 185, 54, 175.0, 12, ABprapaaapp, 0, 0, 0, 0, , 0, 0, 0, 0, 0, 
968, 1, 995, 956, -1, 193, 127, 200.0, 15, ABprapaapa, 0, 0, 0, 0, , 0, 0, 0, 0, 0, 
969, 1, 996, 957, -1, 187, 127, 188.0, 13, ABarappappp, 0, 0, 0, 0, , 0, 0, 0, 0, 0, 
970, 1, 997, 958, -1, 208, 84, 193.0, 17, ABprapaapp, 0, 0, 0, 0, , 0, 0, 0, 0, 0, 
971, 1, 998, 959, -1, 275, 85, 195.0, 15, ABprapapap, 0, 0, 0, 0, , 0, 0, 0, 0, 0, 
972, 1, 999, 960, -1, 283, 97, 202.0, 17, ABprapappa, 0, 0, 0, 0, , 0, 0, 0, 0, 0, 
973, 1, 1000, 961, -1, 317, 76, 184.0, 11, ABprapapppa, 0, 0, 0, 0, , 0, 0, 0, 0, 0, 
974, 1, 1001, 962, -1, 324, 106, 173.0, 15, ABprapapppp, 0, 0, 0, 0, , 0, 0, 0, 0, 0, 
975, 0, 1002, -1, -1, 305, 94, 190.5, 13, , 0, 0, 0, 0, , 0, 0, 0, 0, 0, 
976, 1, 1003, 964, -1, 319, 87, 184.5, 13, ABprapppaap, 0, 0, 0, 0, , 0, 0, 0, 0, 0, 
977, 1, 1004, 965, -1, 278, 135, 198.0, 17, ABprappppa, 0, 0, 0, 0, , 0, 0, 0, 0, 0, 
978, 1, 1005, 966, -1, 323, 121, 181.0, 15, ABprappppp, 0, 0, 0, 0, , 0, 0, 0, 0, 0, 
979, 1, 1006, 967, -1, 308, 114, 178.0, 14, ABprapppapp, 0, 0, 0, 0, , 0, 0, 0, 0, 0, 
980, 1, 1007, 968, -1, 143, 98, 200.0, 15, ABprpaaaaap, 0, 0, 0, 0, , 0, 0, 0, 0, 0, 
981, 1, 1008, 969, -1, 222, 123, 179.0, 14, ABprpaaaapp, 0, 0, 0, 0, , 0, 0, 0, 0, 0, 
982, 0, 1009, -1, -1, 108, 139, 183.0, 13, , 0, 0, 0, 0, , 0, 0, 0, 0, 0, 
983, 1, 1010, 971, -1, 109, 138, 183.0, 13, ABprpaaapaa, 0, 0, 0, 0, , 0, 0, 0, 0, 0, 
984, 0, 1011, -1, -1, 131, 142, 200.0, 13, , 0, 0, 0, 0, , 0, 0, 0, 0, 0, 
985, 1, 1012, 973, -1, 124, 122, 183.5, 13, ABprpaaappa, 0, 0, 0, 0, , 0, 0, 0, 0, 0, 
986, 1, 1013, 974, -1, 136, 124, 191.0, 13, ABprpaaappp, 0, 0, 0, 0, , 0, 0, 0, 0, 0, 
987, 1, 1014, 975, -1, 114, 93, 177.0, 13, ABprpaapaaa, 0, 0, 0, 0, , 0, 0, 0, 0, 0, 
988, 1, 1015, 976, -1, 155, 92, 205.5, 12, ABprpaapaap, 0, 0, 0, 0, , 0, 0, 0, 0, 0, 
989, 1, 1016, 977, -1, 84, 96, 192.5, 14, ABprpaapapa, 0, 0, 0, 0, , 0, 0, 0, 0, 0, 
990, 1, 1017, 978, -1, 121, 134, 198.0, 13, ABprpaaapap, 0, 0, 0, 0, , 0, 0, 0, 0, 0, 
991, 1, 1018, 979, -1, 127, 135, 183.5, 11, ABalaapappp, 0, 0, 0, 0, , 0, 0, 0, 0, 0, 
992, 1, 1019, 980, -1, 131, 142, 201.0, 14, ABprpaapapp, 0, 0, 0, 0, , 0, 0, 0, 0, 0, 
993, 1, 1020, 981, -1, 159, 79, 197.0, 15, ABprpaappaa, 0, 0, 0, 0, , 0, 0, 0, 0, 0, 
994, 0, 1021, -1, -1, 184, 71, 172.06837, 14, , 0, 0, 0, 0, , 0, 0, 0, 0, 0, 
995, 1, 1022, 983, -1, 158, 77, 206.0, 12, ABprpaappap, 0, 0, 0, 0, , 0, 0, 0, 0, 0, 
996, 1, 1023, 984, -1, 155, 134, 200.0, 13, ABprpaapppa, 0, 0, 0, 0, , 0, 0, 0, 0, 0, 
997, 1, 1024, 985, -1, 145, 142, 191.0, 15, ABprpaapppp, 0, 0, 0, 0, , 0, 0, 0, 0, 0, 
998, 0, 1025, -1, -1, 156, 137, 188.0, 13, , 0, 0, 0, 0, , 0, 0, 0, 0, 0, 
999, 1, 1026, 987, -1, 172, 141, 185.0, 13, ABprpapaaap, 0, 0, 0, 0, , 0, 0, 0, 0, 0, 
1000, 0, 1027, -1, -1, 149, 136, 180.0, 13, , 0, 0, 0, 0, , 0, 0, 0, 0, 0, 
1001, 1, 1028, 989, -1, 152, 138, 177.0, 13, ABprpapaapa, 0, 0, 0, 0, , 0, 0, 0, 0, 0, 
1002, 0, 1029, -1, -1, 156, 138, 189.0, 12, , 0, 0, 0, 0, , 0, 0, 0, 0, 0, 
1003, 0, 1030, -1, -1, 156, 138, 187.0, 13, , 0, 0, 0, 0, , 0, 0, 0, 0, 0, 
1004, 1, 1031, 992, -1, 163, 139, 178.5, 13, ABprpapaaaa, 0, 0, 0, 0, , 0, 0, 0, 0, 0, 
1005, 1, 1032, 993, -1, 158, 135, 191.0, 12, ABprpapaapp, 0, 0, 0, 0, , 0, 0, 0, 0, 0, 
1006, 1, 1033, 994, -1, 172, 122, 176.0, 13, ABprpapapaa, 0, 0, 0, 0, , 0, 0, 0, 0, 0, 
1007, 1, 1034, 995, -1, 172, 126, 187.0, 12, ABprpapapap, 0, 0, 0, 0, , 0, 0, 0, 0, 0, 
1008, 0, 1035, -1, -1, 191, 126, 179.0, 12, , 0, 0, 0, 0, , 0, 0, 0, 0, 0, 
1009, 0, 1037, -1, -1, 191, 126, 178.0, 12, , 0, 0, 0, 0, , 0, 0, 0, 0, 0, 
1010, 0, 1038, -1, -1, 191, 126, 179.0, 12, , 0, 0, 0, 0, , 0, 0, 0, 0, 0, 
1011, 0, 1039, -1, -1, 189, 128, 181.5, 12, , 0, 0, 0, 0, , 0, 0, 0, 0, 0, 
1012, 1, 1040, 1000, -1, 250, 124, 166.0, 12, ABprpapappp, 0, 0, 0, 0, , 0, 0, 0, 0, 0, 
1013, 1, 1041, 1001, -1, 134, 156, 167.0, 13, ABprpappaaa, 0, 0, 0, 0, , 0, 0, 0, 0, 0, 
1014, 1, 1042, 1002, -1, 172, 154, 175.0, 15, ABprpappaap, 0, 0, 0, 0, , 0, 0, 0, 0, 0, 
1015, 0, 1043, -1, -1, 189, 140, 167.0, 15, , 0, 0, 0, 0, , 0, 0, 0, 0, 0, 
1016, 1, 1044, 1004, -1, 177, 134, 170.0, 13, ABprpappapa, 0, 0, 0, 0, , 0, 0, 0, 0, 0, 
1017, 1, 1045, 1005, -1, 221, 130, 158.0, 13, ABprpappapp, 0, 0, 0, 0, , 0, 0, 0, 0, 0, 
1018, 0, 1046, -1, -1, 150, 147, 171.0, 13, , 0, 0, 0, 0, , 0, 0, 0, 0, 0, 
1019, 1, 1047, 1007, -1, 153, 141, 163.5, 14, ABprpapppaa, 0, 0, 0, 0, , 0, 0, 0, 0, 0, 
1020, 0, 1048, -1, -1, 202, 117, 177.0, 12, , 0, 0, 0, 0, , 0, 0, 0, 0, 0, 
1021, 1, 1049, 1009, -1, 202, 117, 180.0, 12, ABprpapppap, 0, 0, 0, 0, , 0, 0, 0, 0, 0, 
1022, 0, 1050, -1, -1, 276, 114, 172.0, 12, , 0, 0, 0, 0, , 0, 0, 0, 0, 0, 
1023, 1, 1051, 1011, -1, 293, 133, 150.0, 12, ABprpappppp, 0, 0, 0, 0, , 0, 0, 0, 0, 0, 
1024, 1, 1052, 1012, -1, 159, 123, 198.0, 12, ABprppaaaaa, 0, 0, 0, 0, , 0, 0, 0, 0, 0, 
1025, 1, 1053, 1013, -1, 161, 108, 204.5, 13, ABprppaaaap, 0, 0, 0, 0, , 0, 0, 0, 0, 0, 
1026, 1, 1054, 1014, -1, 170, 132, 206.0, 13, ABprppaapaa, 0, 0, 0, 0, , 0, 0, 0, 0, 0, 
1027, 1, 1055, 1015, -1, 173, 119, 199.0, 13, ABprppaapap, 0, 0, 0, 0, , 0, 0, 0, 0, 0, 
1028, 0, 1056, -1, -1, 201, 128, 165.0, 13, , 0, 0, 0, 0, , 0, 0, 0, 0, 0, 
1029, 1, 1057, 1017, -1, 242, 127, 173.0, 12, ABprppaappp, 0, 0, 0, 0, , 0, 0, 0, 0, 0, 
1030, 1, 1058, 1018, -1, 204, 117, 195.0, 12, ABprppapaaa, 0, 0, 0, 0, , 0, 0, 0, 0, 0, 
1031, 1, 1059, 1019, -1, 216, 106, 173.0, 12, ABprppapaap, 0, 0, 0, 0, , 0, 0, 0, 0, 0, 
1032, 1, 1060, 1020, -1, 234, 107, 176.0, 13, ABprppapapa, 0, 0, 0, 0, , 0, 0, 0, 0, 0, 
1033, 1, 1061, 1021, -1, 249, 105, 173.0, 13, ABprppapapp, 0, 0, 0, 0, , 0, 0, 0, 0, 0, 
1034, 1, 1062, 1022, -1, 210, 113, 169.0, 13, ABprppappaa, 0, 0, 0, 0, , 0, 0, 0, 0, 0, 
1035, 1, 1063, 1023, -1, 224, 114, 164.0, 12, ABprppappap, 0, 0, 0, 0, , 0, 0, 0, 0, 0, 
1036, 1, 1064, 1024, -1, 239, 110, 171.0, 10, ABprppapppa, 0, 0, 0, 0, , 0, 0, 0, 0, 0, 
1037, 1, 1065, 1025, -1, 252, 112, 180.0, 12, ABprppapppp, 0, 0, 0, 0, , 0, 0, 0, 0, 0, 
1038, 1, 1066, 1026, -1, 256, 123, 183.0, 12, ABprpppaaaa, 0, 0, 0, 0, , 0, 0, 0, 0, 0, 
1039, 1, 1067, 1027, -1, 261, 104, 183.0, 12, ABprpppaaap, 0, 0, 0, 0, , 0, 0, 0, 0, 0, 
1040, 0, 1068, -1, -1, 302, 100, 183.5, 13, , 0, 0, 0, 0, , 0, 0, 0, 0, 0, 
1041, 1, 1068, 1029, -1, 302, 100, 183.66667, 14, ABprpppaapa, 0, 0, 0, 0, , 0, 0, 0, 0, 0, 
1042, 1, 1069, 1030, -1, 299, 108, 195.0, 12, ABprpppaapp, 0, 0, 0, 0, , 0, 0, 0, 0, 0, 
1043, 1, 1070, 1031, -1, 291, 122, 190.5, 12, ABprpppapaa, 0, 0, 0, 0, , 0, 0, 0, 0, 0, 
1044, 0, 1071, -1, -1, 295, 155, 183.0, 12, , 0, 0, 0, 0, , 0, 0, 0, 0, 0, 
1045, 1, 1071, 1033, -1, 295, 157, 182.0, 14, ABprpppapap, 0, 0, 0, 0, , 0, 0, 0, 0, 0, 
1046, 1, 1072, 1034, -1, 292, 153, 163.0, 15, Cappppv, 0, 0, 0, 0, , 0, 0, 0, 0, 0, 
1047, 1, 1073, 1035, -1, 277, 115, 171.0, 13, ABprppppaaa, 0, 0, 0, 0, , 0, 0, 0, 0, 0, 
1048, 1, 1074, 1036, -1, 286, 118, 157.0, 12, ABprpappppa, 0, 0, 0, 0, , 0, 0, 0, 0, 0, 
1049, 1, 1075, 1037, -1, 286, 124, 170.0, 12, ABprppppaap, 0, 0, 0, 0, , 0, 0, 0, 0, 0, 
1050, 1, 1076, 1038, -1, 268, 122, 192.0, 15, ABprppppapa, 0, 0, 0, 0, , 0, 0, 0, 0, 0, 
1051, 1, 1077, 1039, -1, 277, 130, 180.0, 14, ABprppppapp, 0, 0, 0, 0, , 0, 0, 0, 0, 0, 
1052, 1, 1078, 1040, -1, 276, 99, 168.0, 13, ABprpppppaa, 0, 0, 0, 0, , 0, 0, 0, 0, 0, 
1053, 1, 1079, 1041, -1, 293, 104, 169.0, 15, ABprpppppap, 0, 0, 0, 0, , 0, 0, 0, 0, 0, 
1054, 1, 1080, 1042, -1, 306, 144, 184.5, 13, ABprppppppa, 0, 0, 0, 0, , 0, 0, 0, 0, 0, 
1055, 1, 1081, 1043, -1, 303, 145, 173.5, 13, ABplppppppa, 0, 0, 0, 0, , 0, 0, 0, 0, 0, 
1056, 0, 1082, -1, -1, 84, 144, 134.0, 11, , 0, 0, 0, 0, , 0, 0, 0, 0, 0, 
1057, 0, 1083, -1, -1, 83, 144, 134.0, 13, , 0, 0, 0, 0, , 0, 0, 0, 0, 0, 
1058, 0, 1084, -1, -1, 82, 144, 134.0, 11, , 0, 0, 0, 0, , 0, 0, 0, 0, 0, 
1059, 1, 1085, 1047, -1, 88, 153, 138.0, 12, ABalaaaalpp, 0, 0, 0, 0, , 0, 0, 0, 0, 0, 
1060, 0, 1086, -1, -1, 92, 152, 130.0, 12, , 0, 0, 0, 0, , 0, 0, 0, 0, 0, 
1061, 1, 1087, 1049, -1, 102, 150, 115.0, 15, ABalapaappa, 0, 0, 0, 0, , 0, 0, 0, 0, 0, 
1062, 1, 1088, 1050, -1, 83, 126, 92.0, 12, ABalapapppp, 0, 0, 0, 0, , 0, 0, 0, 0, 0, 
1063, 0, 1089, -1, -1, 98, 76, 151.2295, 12, , 0, 0, 0, 0, , 0, 0, 0, 0, 0, 
1064, 1, 1090, 1052, -1, 98, 68, 166.0, 12, ABalappapaa, 0, 0, 0, 0, , 0, 0, 0, 0, 0, 
1065, 0, 1091, -1, -1, 80, 88, 164.0, 12, , 0, 0, 0, 0, , 0, 0, 0, 0, 0, 
1066, 1, 1092, 1054, -1, 81, 91, 163.0, 12, ABalappappp, 0, 0, 0, 0, , 0, 0, 0, 0, 0, 
1067, 0, 1093, -1, -1, 89, 129, 139.0, 13, , 0, 0, 0, 0, , 0, 0, 0, 0, 0, 
1068, 0, 1094, -1, -1, 89, 129, 140.0, 13, , 0, 0, 0, 0, , 0, 0, 0, 0, 0, 
1069, 0, 1095, -1, -1, 89, 129, 140.0, 13, , 0, 0, 0, 0, , 0, 0, 0, 0, 0, 
1070, 1, 1096, 1058, -1, 89, 146, 146.0, 12, ABalpaapppp, 0, 0, 0, 0, , 0, 0, 0, 0, 0, 
1071, 1, 1097, 1059, -1, 89, 146, 93.0, 14, ABplaapaapa, 0, 0, 0, 0, , 0, 0, 0, 0, 0, 
1072, 1, 1098, 1060, -1, 108, 153, 85.0, 15, ABplaapaapp, 0, 0, 0, 0, , 0, 0, 0, 0, 0, 
1073, 0, 1099, -1, -1, 143, 130, 119.35294, 15, , 0, 0, 0, 0, , 0, 0, 0, 0, 0, 
1074, 0, 1100, -1, -1, 148, 131, 126.0, 15, , 0, 0, 0, 0, , 0, 0, 0, 0, 0, 
1075, 1, 1101, 1063, -1, 189, 168, 144.0, 13, ABalpapappp, 0, 0, 0, 0, , 0, 0, 0, 0, 0, 
1076, 1, 1102, 1064, -1, 153, 173, 152.5, 14, ABplpaapppp, 0, 0, 0, 0, , 0, 0, 0, 0, 0, 
1077, 1, 1103, 1065, -1, 171, 176, 115.0, 14, ABplppaaaap, 0, 0, 0, 0, , 0, 0, 0, 0, 0, 
1078, 0, 1104, -1, -1, 93, 168, 134.0, 12, , 0, 0, 0, 0, , 0, 0, 0, 0, 0, 
1079, 0, 1105, -1, -1, 96, 167, 128.0, 12, , 0, 0, 0, 0, , 0, 0, 0, 0, 0, 
1080, 0, 1106, -1, -1, 92, 167, 134.0, 12, , 0, 0, 0, 0, , 0, 0, 0, 0, 0, 
1081, 0, 1107, -1, -1, 96, 166, 126.0, 12, , 0, 0, 0, 0, , 0, 0, 0, 0, 0, 
1082, 0, 1108, -1, -1, 93, 168, 130.0, 12, , 0, 0, 0, 0, , 0, 0, 0, 0, 0, 
1083, 0, 1109, -1, -1, 96, 167, 125.0, 12, , 0, 0, 0, 0, , 0, 0, 0, 0, 0, 
1084, 1, 1110, 1072, -1, 97, 136, 164.0, 12, ABaraaapppp, 0, 0, 0, 0, , 0, 0, 0, 0, 0, 
1085, 1, 1111, 1073, -1, 119, 93, 107.0, 14, ABaraapaaap, 0, 0, 0, 0, , 0, 0, 0, 0, 0, 
1086, 1, 1112, 1074, -1, 125, 85, 95.0, 14, MSaaapaaa, 0, 0, 0, 0, , 0, 0, 0, 0, 0, 
1087, 1, 1113, 1075, -1, 136, 168, 138.0, 13, ABalppaappp, 0, 0, 0, 0, , 0, 0, 0, 0, 0, 
1088, 1, 1114, 1076, -1, 114, 148, 158.0, 13, ABarappaapa, 0, 0, 0, 0, , 0, 0, 0, 0, 0, 
1089, 1, 1115, 1077, -1, 105, 135, 101.0, 15, ABalppppapa, 0, 0, 0, 0, , 0, 0, 0, 0, 0, 
1090, 1, 614, 1078, -1, 269, 132, 114.0, 16, MSappaap, 0, 0, 0, 0, , 0, 0, 0, 0, 0, 
1091, 1, 1116, 1079, -1, 129, 161, 107.0, 15, ABalapaapaa, 0, 0, 0, 0, , 0, 0, 0, 0, 0, 
1092, 0, 1117, -1, -1, 162, 151, 130.0, 15, , 0, 0, 0, 0, , 0, 0, 0, 0, 0, 
1093, 0, 1118, -1, -1, 163, 159, 130.5, 15, , 0, 0, 0, 0, , 0, 0, 0, 0, 0, 
1094, 0, 1119, -1, -1, 167, 154, 129.0, 15, , 0, 0, 0, 0, , 0, 0, 0, 0, 0, 
1095, 1, 1120, 1083, -1, 177, 161, 157.0, 12, ABplpapaaap, 0, 0, 0, 0, , 0, 0, 0, 0, 0, 
1096, 1, 1121, 1084, -1, 154, 157, 160.0, 13, ABplpapaapa, 0, 0, 0, 0, , 0, 0, 0, 0, 0, 
1097, 1, 1122, 1085, -1, 179, 159, 145.0, 13, ABplpapapap, 0, 0, 0, 0, , 0, 0, 0, 0, 0, 
1098, 1, 1123, 1086, -1, 177, 147, 139.0, 12, ABplpapapaa, 0, 0, 0, 0, , 0, 0, 0, 0, 0, 
1099, 1, 1124, 1087, -1, 218, 129, 118.0, 14, MSaapppap, 0, 0, 0, 0, , 0, 0, 0, 0, 0, 
1100, 0, 1125, -1, -1, 207, 143, 138.0, 13, , 0, 0, 0, 0, , 0, 0, 0, 0, 0, 
1101, 0, 1126, -1, -1, 206, 140, 159.0, 12, , 0, 0, 0, 0, , 0, 0, 0, 0, 0, 
1102, 1, 1127, 1090, -1, 207, 141, 159.5, 11, ABplppaappa, 0, 0, 0, 0, , 0, 0, 0, 0, 0, 
1103, 1, 1125, 1091, -1, 208, 143, 139.5, 12, ABplppappaa, 0, 0, 0, 0, , 0, 0, 0, 0, 0, 
1104, 0, 1056, -1, -1, 200, 128, 166.0, 13, , 0, 0, 0, 0, , 0, 0, 0, 0, 0, 
1105, 1, 1128, 1093, -1, 239, 132, 161.0, 13, ABplppaappp, 0, 0, 0, 0, , 0, 0, 0, 0, 0, 
1106, 0, 1129, -1, -1, 237, 129, 154.0, 13, , 0, 0, 0, 0, , 0, 0, 0, 0, 0, 
1107, 0, 1130, -1, -1, 238, 129, 154.0, 13, , 0, 0, 0, 0, , 0, 0, 0, 0, 0, 
1108, 0, 1131, -1, -1, 239, 132, 159.0, 13, , 0, 0, 0, 0, , 0, 0, 0, 0, 0, 
1109, 1, 1132, 1097, -1, 214, 127, 146.0, 13, ABplppappap, 0, 0, 0, 0, , 0, 0, 0, 0, 0, 
1110, 1, 1133, 1098, -1, 262, 152, 153.0, 14, ABplppppapa, 0, 0, 0, 0, , 0, 0, 0, 0, 0, 
1111, 1, 1134, 1099, -1, 96, 112, 197.0, 12, ABpraaaaaaa, 0, 0, 0, 0, , 0, 0, 0, 0, 0, 
1112, 0, 1135, -1, -1, 99, 116, 189.0, 12, , 0, 0, 0, 0, , 0, 0, 0, 0, 0, 
1113, 1, 1136, 1101, -1, 83, 129, 190.0, 13, ABalaappapp, 0, 0, 0, 0, , 0, 0, 0, 0, 0, 
1114, 0, 1137, -1, -1, 94, 115, 187.0, 12, , 0, 0, 0, 0, , 0, 0, 0, 0, 0, 
1115, 0, 1138, -1, -1, 88, 110, 183.0, 12, , 0, 0, 0, 0, , 0, 0, 0, 0, 0, 
1116, 0, 1139, -1, -1, 89, 109, 182.0, 12, , 0, 0, 0, 0, , 0, 0, 0, 0, 0, 
1117, 0, 1140, -1, -1, 82, 126, 170.0, 13, , 0, 0, 0, 0, , 0, 0, 0, 0, 0, 
1118, 1, 1141, 1106, -1, 81, 128, 174.0, 13, ABalaapaapp, 0, 0, 0, 0, , 0, 0, 0, 0, 0, 
1119, 1, 1142, 1107, -1, 101, 112, 188.5, 12, ABalaappapa, 0, 0, 0, 0, , 0, 0, 0, 0, 0, 
1120, 1, 1143, 1108, -1, 152, 85, 175.0, 14, MSppppaa, 0, 0, 0, 0, , 0, 0, 0, 0, 0, 
1121, 1, 1144, 1109, -1, 155, 114, 181.0, 15, MSpppapp, 0, 0, 0, 0, , 0, 0, 0, 0, 0, 
1122, 0, 1145, -1, -1, 183, 138, 163.0, 15, , 0, 0, 0, 0, , 0, 0, 0, 0, 0, 
1123, 0, 1146, -1, -1, 186, 139, 166.0, 15, , 0, 0, 0, 0, , 0, 0, 0, 0, 0, 
1124, 0, 1147, -1, -1, 188, 140, 165.0, 16, , 0, 0, 0, 0, , 0, 0, 0, 0, 0, 
1125, 0, 1148, -1, -1, 192, 141, 168.0, 15, , 0, 0, 0, 0, , 0, 0, 0, 0, 0, 
1126, 1, 1149, 1114, -1, 189, 138, 166.0, 15, ABplpappaap, 0, 0, 0, 0, , 0, 0, 0, 0, 0, 
1127, 1, 1150, 1115, -1, 305, 93, 191.0, 14, ABprapppaaa, 0, 0, 0, 0, , 0, 0, 0, 0, 0, 
1128, 1, 1151, 1116, -1, 95, 155, 127.5, 12, ABalaaaalpa, 0, 0, 0, 0, , 0, 0, 0, 0, 0, 
1129, 0, 1152, -1, -1, 91, 128, 133.0, 14, , 0, 0, 0, 0, , 0, 0, 0, 0, 0, 
1130, 1, 1153, 1118, -1, 89, 130, 142.0, 13, ABalpaapppa, 0, 0, 0, 0, , 0, 0, 0, 0, 0, 
1131, 1, 1154, 1119, -1, 94, 123, 128.0, 14, ABalaaaarlp, 0, 0, 0, 0, , 0, 0, 0, 0, 0, 
1132, 0, 1155, -1, -1, 82, 144, 136.0, 13, , 0, 0, 0, 0, , 0, 0, 0, 0, 0, 
1133, 0, 1156, -1, -1, 81, 136, 121.0, 13, , 0, 0, 0, 0, , 0, 0, 0, 0, 0, 
1134, 0, 1157, -1, -1, 82, 144, 135.0, 13, , 0, 0, 0, 0, , 0, 0, 0, 0, 0, 
1135, 1, 1158, 1123, -1, 92, 79, 151.0, 12, ABalapppppa, 0, 0, 0, 0, , 0, 0, 0, 0, 0, 
1136, 0, 1159, -1, -1, 94, 168, 129.0, 12, , 0, 0, 0, 0, , 0, 0, 0, 0, 0, 
1137, 0, 1160, -1, -1, 105, 163, 124.0, 12, , 0, 0, 0, 0, , 0, 0, 0, 0, 0, 
1138, 0, 1161, -1, -1, 94, 168, 131.0, 12, , 0, 0, 0, 0, , 0, 0, 0, 0, 0, 
1139, 1, 1162, 1126, -1, 108, 161, 124.0, 12, ABalppaaapa, 0, 0, 0, 0, , 0, 0, 0, 0, 0, 
1140, 1, 1163, 1127, -1, 95, 168, 130.0, 12, ABalppaaapp, 0, 0, 0, 0, , 0, 0, 0, 0, 0, 
1141, 1, 1164, 1128, -1, 160, 175, 149.0, 12, ABplpaapppa, 0, 0, 0, 0, , 0, 0, 0, 0, 0, 
1142, 1, 1165, 1129, -1, 207, 108, 124.0, 12, MSaapappp, 0, 0, 0, 0, , 0, 0, 0, 0, 0, 
1143, 1, 1166, 1130, -1, 206, 108, 143.0, 13, MSaappaa, 0, 0, 0, 0, , 0, 0, 0, 0, 0, 
1144, 1, 1168, 1131, -1, 149, 134, 112.0, 15, ABalpappaap, 0, 0, 0, 0, , 0, 0, 0, 0, 0, 
1145, 1, 1169, 1132, -1, 190, 125, 180.0, 12, ABprpapappa, 0, 0, 0, 0, , 0, 0, 0, 0, 0, 
1146, 1, 1170, 1133, -1, 201, 129, 165.0, 13, ABprppaappa, 0, 0, 0, 0, , 0, 0, 0, 0, 0, 
1147, 1, 1171, 1134, -1, 203, 139, 120.0, 14, MSaapppaa, 0, 0, 0, 0, , 0, 0, 0, 0, 0, 
1148, 0, 1172, -1, -1, 163, 159, 131.5, 15, , 0, 0, 0, 0, , 0, 0, 0, 0, 0, 
1149, 1, 1173, 1136, -1, 163, 158, 133.0, 15, MSappapp, 0, 0, 0, 0, , 0, 0, 0, 0, 0, 
1150, 1, 1174, 1137, -1, 156, 167, 88.0, 14, ABplpaapaap, 0, 0, 0, 0, , 0, 0, 0, 0, 0, 
1151, 1, 1175, 1138, -1, 169, 163, 78.5, 13, ABplpaappap, 0, 0, 0, 0, , 0, 0, 0, 0, 0, 
1152, 1, 1176, 1139, -1, 212, 128, 170.0, 13, ABarappappa, 0, 0, 0, 0, , 0, 0, 0, 0, 0, 
1153, 1, 1177, 1140, -1, 142, 126, 131.0, 13, ABalpaaaapa, 0, 0, 0, 0, , 0, 0, 0, 0, 0, 
1154, 0, 1178, -1, -1, 81, 136, 120.0, 14, , 0, 0, 0, 0, , 0, 0, 0, 0, 0, 
1155, 1, 1179, 1142, -1, 83, 130, 110.0, 14, ABalapaaapa, 0, 0, 0, 0, , 0, 0, 0, 0, 0, 
1156, 1, 1180, 1143, -1, 80, 136, 121.0, 13, ABalaaaalal, 0, 0, 0, 0, , 0, 0, 0, 0, 0, 
1157, 1, 1181, 1144, -1, 82, 92, 115.0, 13, ABalappaapa, 0, 0, 0, 0, , 0, 0, 0, 0, 0, 
