1, 0, 2, -1, -1, 118, 90, 179.0, 9, , 6, 0, 0, 0, , 0, 0, 0, 0, 0, 
2, 0, 3, -1, -1, 187, 54, 174.0, 11, , 42, 0, 0, 0, , 0, 0, 0, 0, 0, 
3, 0, 4, -1, -1, 184, 53, 177.0, 7, , 18, 0, 0, 0, , 0, 0, 0, 0, 0, 
4, 0, 5, -1, -1, 290, 120, 190.0, 11, , 64, 0, 0, 0, , 0, 0, 0, 0, 0, 
5, 0, 6, -1, -1, 140, 110, 159.0, 9, , 64, 0, 0, 0, , 0, 0, 0, 0, 0, 
6, 0, 7, -1, -1, 200, 169, 151.0, 9, , 101, 0, 0, 0, , 0, 0, 0, 0, 0, 
7, 0, 8, -1, -1, 245, 66, 179.0, 9, , 33, 0, 0, 0, , 0, 0, 0, 0, 0, 
8, 0, 9, -1, -1, 81, 98, 191.0, 9, , 16, 0, 0, 0, , 0, 0, 0, 0, 0, 
9, 0, 10, -1, -1, 197, 131, 72.0, 7, , 23, 0, 0, 0, , 0, 0, 0, 0, 0, 
10, 0, 12, -1, -1, 158, 133, 194.0, 9, , 29, 0, 0, 0, , 0, 0, 0, 0, 0, 
11, 0, 13, -1, -1, 115, 112, 190.0, 9, , 67, 0, 0, 0, , 0, 0, 0, 0, 0, 
12, 0, 14, -1, -1, 263, 80, 185.0, 9, , 44, 0, 0, 0, , 0, 0, 0, 0, 0, 
13, 0, 15, -1, -1, 92, 147, 94.0, 9, , 74, 0, 0, 0, , 0, 0, 0, 0, 0, 
14, 0, 16, -1, -1, 159, 134, 197.0, 7, , 45, 0, 0, 0, , 0, 0, 0, 0, 0, 
15, 0, 17, -1, -1, 221, 122, 180.0, 9, , 51, 0, 0, 0, , 0, 0, 0, 0, 0, 
16, 0, 18, -1, -1, 136, 178, 136.0, 7, , 18, 0, 0, 0, , 0, 0, 0, 0, 0, 
17, 0, 19, -1, -1, 122, 160, 169.0, 9, , 14, 0, 0, 0, , 0, 0, 0, 0, 0, 
18, 0, 20, -1, -1, 223, 122, 175.0, 9, , 55, 0, 0, 0, , 0, 0, 0, 0, 0, 
19, 0, 21, -1, -1, 196, 130, 176.0, 9, , 21, 0, 0, 0, , 0, 0, 0, 0, 0, 
20, 0, 22, -1, -1, 153, 73, 180.0, 9, , 39, 0, 0, 0, , 0, 0, 0, 0, 0, 
21, 0, 23, -1, -1, 113, 141, 134.0, 9, , 51, 0, 0, 0, , 0, 0, 0, 0, 0, 
22, 0, 24, -1, -1, 216, 157, 157.0, 9, , 24, 0, 0, 0, , 0, 0, 0, 0, 0, 
23, 0, 25, -1, -1, 117, 170, 164.0, 9, , 32, 0, 0, 0, , 0, 0, 0, 0, 0, 
24, 0, 26, -1, -1, 148, 114, 165.0, 9, , 28, 0, 0, 0, , 0, 0, 0, 0, 0, 
25, 0, 27, -1, -1, 98, 88, 184.0, 9, , 28, 0, 0, 0, , 0, 0, 0, 0, 0, 
26, 0, 28, -1, -1, 101, 108, 194.0, 9, , 17, 0, 0, 0, , 0, 0, 0, 0, 0, 
27, 0, 29, -1, -1, 108, 138, 180.0, 11, , 44, 0, 0, 0, , 0, 0, 0, 0, 0, 
28, 0, 30, -1, -1, 200, 128, 166.0, 9, , 46, 0, 0, 0, , 0, 0, 0, 0, 0, 
29, 0, 31, -1, -1, 273, 138, 196.0, 9, , 57, 0, 0, 0, , 0, 0, 0, 0, 0, 
30, 0, 32, -1, -1, 129, 81, 150.0, 11, , 105, 0, 0, 0, , 0, 0, 0, 0, 0, 
31, 0, 33, -1, -1, 131, 149, 121.0, 9, , 47, 0, 0, 0, , 0, 0, 0, 0, 0, 
32, 0, 34, -1, -1, 138, 60, 173.0, 7, , 32, 0, 0, 0, , 0, 0, 0, 0, 0, 
33, 0, 35, -1, -1, 299, 109, 197.0, 11, , 46, 0, 0, 0, , 0, 0, 0, 0, 0, 
34, 0, 36, -1, -1, 276, 114, 171.0, 9, , 63, 0, 0, 0, , 0, 0, 0, 0, 0, 
35, 0, 37, -1, -1, 125, 159, 175.0, 7, , 69, 0, 0, 0, , 0, 0, 0, 0, 0, 
36, 0, 38, -1, -1, 87, 95, 190.0, 9, , 18, 0, 0, 0, , 0, 0, 0, 0, 0, 
37, 0, 39, -1, -1, 191, 114, 151.0, 13, , 152, 0, 0, 0, , 0, 0, 0, 0, 0, 
38, 0, 40, -1, -1, 279, 116, 174.0, 9, , 35, 0, 0, 0, , 0, 0, 0, 0, 0, 
39, 0, 41, -1, -1, 240, 125, 174.0, 9, , 35, 0, 0, 0, , 0, 0, 0, 0, 0, 
40, 0, 42, -1, -1, 179, 123, 115.0, 15, , 84, 0, 0, 0, , 0, 0, 0, 0, 0, 
41, 0, 43, -1, -1, 140, 145, 176.0, 9, , 42, 0, 0, 0, , 0, 0, 0, 0, 0, 
42, 0, 44, -1, -1, 219, 37, 140.0, 9, , 24, 0, 0, 0, , 0, 0, 0, 0, 0, 
43, 0, 45, -1, -1, 294, 101, 168.0, 9, , 8, 0, 0, 0, , 0, 0, 0, 0, 0, 
44, 0, 46, -1, -1, 173, 160, 180.0, 9, , 4, 0, 0, 0, , 0, 0, 0, 0, 0, 
45, 0, 47, -1, -1, 210, 129, 176.0, 7, , 15, 0, 0, 0, , 0, 0, 0, 0, 0, 
46, 0, 48, -1, -1, 86, 102, 191.0, 9, , 36, 0, 0, 0, , 0, 0, 0, 0, 0, 
47, 0, 50, -1, -1, 200, 169, 145.0, 9, , 83, 0, 0, 0, , 0, 0, 0, 0, 0, 
48, 0, 51, -1, -1, 284, 131, 196.0, 9, , 31, 0, 0, 0, , 0, 0, 0, 0, 0, 
49, 0, 52, -1, -1, 150, 155, 163.0, 9, , 42, 0, 0, 0, , 0, 0, 0, 0, 0, 
50, 0, 53, -1, -1, 210, 86, 193.0, 9, , 63, 0, 0, 0, , 0, 0, 0, 0, 0, 
51, 0, 54, -1, -1, 196, 133, 192.0, 11, , 88, 0, 0, 0, , 0, 0, 0, 0, 0, 
52, 0, 55, -1, -1, 123, 133, 199.0, 9, , 41, 0, 0, 0, , 0, 0, 0, 0, 0, 
53, 0, 56, -1, -1, 139, 88, 98.0, 7, , 11, 0, 0, 0, , 0, 0, 0, 0, 0, 
54, 0, 57, -1, -1, 158, 91, 87.0, 9, , 16, 0, 0, 0, , 0, 0, 0, 0, 0, 
55, 0, 58, -1, -1, 191, 113, 155.0, 11, , 77, 0, 0, 0, , 0, 0, 0, 0, 0, 
56, 0, 59, -1, -1, 289, 59, 172.0, 9, , 28, 0, 0, 0, , 0, 0, 0, 0, 0, 
57, 0, 60, -1, -1, 270, 73, 186.0, 9, , 15, 0, 0, 0, , 0, 0, 0, 0, 0, 
58, 0, 61, -1, -1, 135, 121, 191.0, 9, , 41, 0, 0, 0, , 0, 0, 0, 0, 0, 
59, 0, 62, -1, -1, 200, 169, 148.0, 11, , 111, 0, 0, 0, , 0, 0, 0, 0, 0, 
60, 0, 64, -1, -1, 317, 77, 185.0, 7, , 24, 0, 0, 0, , 0, 0, 0, 0, 0, 
61, 0, 65, -1, -1, 57, 111, 89.0, 9, , 28, 0, 0, 0, , 0, 0, 0, 0, 0, 
62, 0, 66, -1, -1, 126, 89, 129.0, 9, , 37, 0, 0, 0, , 0, 0, 0, 0, 0, 
63, 0, 67, -1, -1, 139, 179, 145.0, 9, , 36, 0, 0, 0, , 0, 0, 0, 0, 0, 
64, 0, 68, -1, -1, 246, 66, 181.0, 7, , 28, 0, 0, 0, , 0, 0, 0, 0, 0, 
65, 0, 70, -1, -1, 70, 99, 166.0, 9, , 45, 0, 0, 0, , 0, 0, 0, 0, 0, 
66, 0, 71, -1, -1, 71, 97, 170.0, 9, , 46, 0, 0, 0, , 0, 0, 0, 0, 0, 
67, 0, 72, -1, -1, 200, 128, 164.0, 7, , 30, 0, 0, 0, , 0, 0, 0, 0, 0, 
68, 0, 73, -1, -1, 260, 103, 180.0, 11, , 59, 0, 0, 0, , 0, 0, 0, 0, 0, 
69, 0, 74, -1, -1, 96, 135, 173.0, 9, , 42, 0, 0, 0, , 0, 0, 0, 0, 0, 
70, 0, 75, -1, -1, 124, 93, 111.0, 9, , 44, 0, 0, 0, , 0, 0, 0, 0, 0, 
71, 0, 76, -1, -1, 75, 119, 142.0, 11, , 77, 0, 0, 0, , 0, 0, 0, 0, 0, 
72, 0, 77, -1, -1, 192, 110, 151.0, 9, , 53, 0, 0, 0, , 0, 0, 0, 0, 0, 
73, 0, 78, -1, -1, 159, 111, 123.0, 9, , 64, 0, 0, 0, , 0, 0, 0, 0, 0, 
74, 0, 79, -1, -1, 112, 102, 184.0, 9, , 13, 0, 0, 0, , 0, 0, 0, 0, 0, 
75, 0, 80, -1, -1, 142, 146, 182.0, 7, , 25, 0, 0, 0, , 0, 0, 0, 0, 0, 
76, 0, 81, -1, -1, 268, 73, 182.0, 9, , 61, 0, 0, 0, , 0, 0, 0, 0, 0, 
77, 0, 82, -1, -1, 142, 102, 171.0, 9, , 39, 0, 0, 0, , 0, 0, 0, 0, 0, 
78, 0, 83, -1, -1, 125, 158, 177.0, 9, , 57, 0, 0, 0, , 0, 0, 0, 0, 0, 
79, 0, 84, -1, -1, 121, 141, 92.0, 9, , 63, 0, 0, 0, , 0, 0, 0, 0, 0, 
80, 0, 85, -1, -1, 142, 179, 141.0, 9, , 20, 0, 0, 0, , 0, 0, 0, 0, 0, 
81, 0, 86, -1, -1, 220, 145, 143.0, 11, , 51, 0, 0, 0, , 0, 0, 0, 0, 0, 
82, 0, 87, -1, -1, 290, 59, 176.0, 9, , 27, 0, 0, 0, , 0, 0, 0, 0, 0, 
83, 0, 88, -1, -1, 173, 93, 156.0, 9, , 30, 0, 0, 0, , 0, 0, 0, 0, 0, 
84, 0, 89, -1, -1, 149, 114, 163.0, 7, , 54, 0, 0, 0, , 0, 0, 0, 0, 0, 
85, 0, 90, -1, -1, 117, 132, 169.0, 11, , 26, 0, 0, 0, , 0, 0, 0, 0, 0, 
86, 0, 91, -1, -1, 158, 87, 157.0, 9, , 49, 0, 0, 0, , 0, 0, 0, 0, 0, 
87, 0, 92, -1, -1, 262, 80, 188.0, 9, , 47, 0, 0, 0, , 0, 0, 0, 0, 0, 
88, 0, 93, -1, -1, 193, 128, 201.0, 9, , 106, 0, 0, 0, , 0, 0, 0, 0, 0, 
89, 0, 94, -1, -1, 177, 125, 98.0, 9, , 24, 0, 0, 0, , 0, 0, 0, 0, 0, 
90, 0, 95, -1, -1, 265, 160, 165.0, 9, , 42, 0, 0, 0, , 0, 0, 0, 0, 0, 
91, 0, 96, -1, -1, 158, 87, 150.0, 9, , 67, 0, 0, 0, , 0, 0, 0, 0, 0, 
92, 0, 97, -1, -1, 120, 100, 97.0, 7, , 32, 0, 0, 0, , 0, 0, 0, 0, 0, 
93, 0, 98, -1, -1, 175, 64, 116.0, 9, , 30, 0, 0, 0, , 0, 0, 0, 0, 0, 
94, 0, 99, -1, -1, 113, 100, 122.0, 9, , 65, 0, 0, 0, , 0, 0, 0, 0, 0, 
95, 0, 100, -1, -1, 90, 100, 145.0, 9, , 10, 0, 0, 0, , 0, 0, 0, 0, 0, 
96, 0, 101, -1, -1, 116, 91, 116.0, 9, , 61, 0, 0, 0, , 0, 0, 0, 0, 0, 
97, 0, 102, -1, -1, 104, 167, 136.0, 9, , 35, 0, 0, 0, , 0, 0, 0, 0, 0, 
98, 0, 103, -1, -1, 132, 135, 151.0, 9, , 78, 0, 0, 0, , 0, 0, 0, 0, 0, 
99, 0, 104, -1, -1, 105, 117, 166.0, 9, , 35, 0, 0, 0, , 0, 0, 0, 0, 0, 
100, 0, 106, -1, -1, 145, 167, 126.0, 9, , 33, 0, 0, 0, , 0, 0, 0, 0, 0, 
101, 0, 107, -1, -1, 65, 116, 153.0, 9, , 51, 0, 0, 0, , 0, 0, 0, 0, 0, 
102, 0, 108, -1, -1, 188, 56, 178.0, 9, , 59, 0, 0, 0, , 0, 0, 0, 0, 0, 
103, 0, 110, -1, -1, 157, 122, 206.0, 9, , 26, 0, 0, 0, , 0, 0, 0, 0, 0, 
104, 0, 111, -1, -1, 144, 97, 199.0, 9, , 107, 0, 0, 0, , 0, 0, 0, 0, 0, 
105, 0, 112, -1, -1, 222, 121, 183.0, 11, , 33, 0, 0, 0, , 0, 0, 0, 0, 0, 
106, 0, 114, -1, -1, 120, 99, 122.0, 7, , 10, 0, 0, 0, , 0, 0, 0, 0, 0, 
107, 0, 115, -1, -1, 138, 61, 153.0, 9, , 93, 0, 0, 0, , 0, 0, 0, 0, 0, 
108, 0, 116, -1, -1, 231, 37, 162.0, 13, , 155, 0, 0, 0, , 0, 0, 0, 0, 0, 
109, 0, 117, -1, -1, 146, 56, 174.0, 9, , 32, 0, 0, 0, , 0, 0, 0, 0, 0, 
110, 0, 118, -1, -1, 133, 140, 201.0, 9, , 66, 0, 0, 0, , 0, 0, 0, 0, 0, 
111, 0, 119, -1, -1, 169, 132, 202.0, 9, , 35, 0, 0, 0, , 0, 0, 0, 0, 0, 
112, 0, 120, -1, -1, 141, 84, 170.0, 9, , 11, 0, 0, 0, , 0, 0, 0, 0, 0, 
113, 0, 121, -1, -1, 259, 104, 179.0, 9, , 28, 0, 0, 0, , 0, 0, 0, 0, 0, 
114, 0, 122, -1, -1, 163, 66, 113.0, 7, , 15, 0, 0, 0, , 0, 0, 0, 0, 0, 
115, 0, 123, -1, -1, 225, 39, 147.0, 9, , 27, 0, 0, 0, , 0, 0, 0, 0, 0, 
116, 0, 124, -1, -1, 146, 123, 149.0, 9, , 32, 0, 0, 0, , 0, 0, 0, 0, 0, 
117, 0, 125, -1, -1, 283, 56, 176.0, 9, , 29, 0, 0, 0, , 0, 0, 0, 0, 0, 
118, 0, 126, -1, -1, 143, 99, 204.0, 11, , 78, 0, 0, 0, , 0, 0, 0, 0, 0, 
119, 0, 127, -1, -1, 285, 94, 198.0, 11, , 15, 0, 0, 0, , 0, 0, 0, 0, 0, 
120, 0, 128, -1, -1, 142, 112, 152.0, 11, , 132, 0, 0, 0, , 0, 0, 0, 0, 0, 
121, 0, 129, -1, -1, 138, 156, 132.0, 11, , 51, 0, 0, 0, , 0, 0, 0, 0, 0, 
122, 0, 130, -1, -1, 152, 131, 203.0, 9, , 46, 0, 0, 0, , 0, 0, 0, 0, 0, 
123, 0, 131, -1, -1, 297, 107, 191.0, 11, , 47, 0, 0, 0, , 0, 0, 0, 0, 0, 
124, 0, 132, -1, -1, 155, 158, 168.0, 11, , 17, 0, 0, 0, , 0, 0, 0, 0, 0, 
125, 0, 133, -1, -1, 219, 145, 147.0, 11, , 70, 0, 0, 0, , 0, 0, 0, 0, 0, 
126, 0, 134, -1, -1, 112, 158, 167.0, 7, , 16, 0, 0, 0, , 0, 0, 0, 0, 0, 
127, 0, 135, -1, -1, 250, 105, 171.0, 9, , 44, 0, 0, 0, , 0, 0, 0, 0, 0, 
128, 0, 136, -1, -1, 240, 62, 176.0, 9, , 43, 0, 0, 0, , 0, 0, 0, 0, 0, 
129, 0, 137, -1, -1, 109, 102, 181.0, 9, , 27, 0, 0, 0, , 0, 0, 0, 0, 0, 
130, 0, 138, -1, -1, 317, 88, 187.0, 9, , 31, 0, 0, 0, , 0, 0, 0, 0, 0, 
131, 0, 139, -1, -1, 204, 81, 191.0, 9, , 70, 0, 0, 0, , 0, 0, 0, 0, 0, 
132, 0, 140, -1, -1, 230, 37, 163.0, 15, , 135, 0, 0, 0, , 0, 0, 0, 0, 0, 
133, 0, 141, -1, -1, 125, 164, 169.0, 9, , 24, 0, 0, 0, , 0, 0, 0, 0, 0, 
134, 0, 142, -1, -1, 115, 101, 178.0, 7, , 6, 0, 0, 0, , 0, 0, 0, 0, 0, 
135, 0, 144, -1, -1, 134, 129, 149.0, 7, , 34, 0, 0, 0, , 0, 0, 0, 0, 0, 
136, 0, 145, -1, -1, 292, 116, 183.0, 9, , 9, 0, 0, 0, , 0, 0, 0, 0, 0, 
137, 0, 146, -1, -1, 201, 170, 143.0, 11, , 64, 0, 0, 0, , 0, 0, 0, 0, 0, 
138, 0, 147, -1, -1, 123, 93, 109.0, 7, , 31, 0, 0, 0, , 0, 0, 0, 0, 0, 
139, 0, 148, -1, -1, 162, 166, 107.0, 9, , 6, 0, 0, 0, , 0, 0, 0, 0, 0, 
140, 0, 149, -1, -1, 281, 135, 197.0, 9, , 32, 0, 0, 0, , 0, 0, 0, 0, 0, 
141, 0, 150, -1, -1, 159, 76, 208.0, 11, , 119, 0, 0, 0, , 0, 0, 0, 0, 0, 
142, 0, 151, -1, -1, 154, 90, 208.0, 11, , 56, 0, 0, 0, , 0, 0, 0, 0, 0, 
143, 0, 152, -1, -1, 160, 164, 100.0, 9, , 36, 0, 0, 0, , 0, 0, 0, 0, 0, 
144, 0, 153, -1, -1, 137, 130, 142.0, 9, , 24, 0, 0, 0, , 0, 0, 0, 0, 0, 
145, 0, 154, -1, -1, 131, 62, 153.0, 9, , 87, 0, 0, 0, , 0, 0, 0, 0, 0, 
146, 0, 155, -1, -1, 145, 145, 169.0, 9, , 69, 0, 0, 0, , 0, 0, 0, 0, 0, 
147, 0, 157, -1, -1, 141, 145, 178.0, 11, , 58, 0, 0, 0, , 0, 0, 0, 0, 0, 
148, 0, 158, -1, -1, 154, 62, 183.0, 9, , 59, 0, 0, 0, , 0, 0, 0, 0, 0, 
149, 0, 159, -1, -1, 299, 109, 195.0, 9, , 62, 0, 0, 0, , 0, 0, 0, 0, 0, 
150, 0, 160, -1, -1, 317, 115, 191.0, 9, , 36, 0, 0, 0, , 0, 0, 0, 0, 0, 
151, 0, 161, -1, -1, 153, 92, 207.0, 11, , 123, 0, 0, 0, , 0, 0, 0, 0, 0, 
152, 0, 162, -1, -1, 121, 170, 153.0, 11, , 69, 0, 0, 0, , 0, 0, 0, 0, 0, 
153, 0, 163, -1, -1, 312, 74, 153.0, 9, , 24, 0, 0, 0, , 0, 0, 0, 0, 0, 
154, 0, 164, -1, -1, 305, 74, 158.0, 7, , 15, 0, 0, 0, , 0, 0, 0, 0, 0, 
155, 0, 165, -1, -1, 212, 130, 168.0, 9, , 65, 0, 0, 0, , 0, 0, 0, 0, 0, 
156, 0, 166, -1, -1, 136, 104, 178.0, 9, , 14, 0, 0, 0, , 0, 0, 0, 0, 0, 
157, 0, 167, -1, -1, 154, 63, 189.0, 9, , 27, 0, 0, 0, , 0, 0, 0, 0, 0, 
158, 0, 168, -1, -1, 262, 74, 189.0, 7, , 5, 0, 0, 0, , 0, 0, 0, 0, 0, 
159, 0, 169, -1, -1, 284, 95, 200.0, 11, , 37, 0, 0, 0, , 0, 0, 0, 0, 0, 
160, 0, 172, -1, -1, 244, 65, 177.0, 9, , 39, 0, 0, 0, , 0, 0, 0, 0, 0, 
161, 0, 174, -1, -1, 169, 76, 168.0, 11, , 52, 0, 0, 0, , 0, 0, 0, 0, 0, 
162, 0, 175, -1, -1, 136, 43, 176.0, 9, , 28, 0, 0, 0, , 0, 0, 0, 0, 0, 
163, 0, 176, -1, -1, 102, 86, 173.0, 11, , 107, 0, 0, 0, , 0, 0, 0, 0, 0, 
164, 0, 177, -1, -1, 98, 151, 168.0, 9, , 26, 0, 0, 0, , 0, 0, 0, 0, 0, 
165, 0, 178, -1, -1, 167, 98, 206.0, 9, , 7, 0, 0, 0, , 0, 0, 0, 0, 0, 
166, 0, 179, -1, -1, 72, 141, 96.0, 7, , 24, 0, 0, 0, , 0, 0, 0, 0, 0, 
167, 0, 180, -1, -1, 64, 115, 155.0, 9, , 34, 0, 0, 0, , 0, 0, 0, 0, 0, 
168, 0, 181, -1, -1, 159, 73, 182.0, 9, , 45, 0, 0, 0, , 0, 0, 0, 0, 0, 
169, 0, 182, -1, -1, 223, 75, 184.0, 9, , 41, 0, 0, 0, , 0, 0, 0, 0, 0, 
170, 0, 183, -1, -1, 259, 103, 185.0, 9, , 34, 0, 0, 0, , 0, 0, 0, 0, 0, 
171, 0, 184, -1, -1, 132, 140, 204.0, 9, , 38, 0, 0, 0, , 0, 0, 0, 0, 0, 
172, 0, 185, -1, -1, 177, 126, 93.0, 9, , 77, 0, 0, 0, , 0, 0, 0, 0, 0, 
173, 0, 186, -1, -1, 168, 132, 208.0, 9, , 50, 0, 0, 0, , 0, 0, 0, 0, 0, 
174, 0, 188, -1, -1, 178, 57, 102.0, 7, , 13, 0, 0, 0, , 0, 0, 0, 0, 0, 
175, 0, 189, -1, -1, 139, 154, 134.0, 9, , 29, 0, 0, 0, , 0, 0, 0, 0, 0, 
176, 0, 190, -1, -1, 141, 41, 157.0, 9, , 30, 0, 0, 0, , 0, 0, 0, 0, 0, 
177, 0, 192, -1, -1, 220, 146, 151.0, 9, , 26, 0, 0, 0, , 0, 0, 0, 0, 0, 
178, 0, 194, -1, -1, 159, 86, 165.0, 7, , 33, 0, 0, 0, , 0, 0, 0, 0, 0, 
179, 0, 195, -1, -1, 99, 133, 170.0, 11, , 75, 0, 0, 0, , 0, 0, 0, 0, 0, 
180, 0, 196, -1, -1, 129, 143, 196.0, 9, , 60, 0, 0, 0, , 0, 0, 0, 0, 0, 
181, 0, 197, -1, -1, 193, 128, 198.0, 7, , 51, 0, 0, 0, , 0, 0, 0, 0, 0, 
182, 0, 199, -1, -1, 123, 96, 97.0, 11, , 127, 0, 0, 0, , 0, 0, 0, 0, 0, 
183, 0, 200, -1, -1, 179, 60, 108.0, 9, , 28, 0, 0, 0, , 0, 0, 0, 0, 0, 
184, 0, 201, -1, -1, 114, 91, 104.0, 9, , 37, 0, 0, 0, , 0, 0, 0, 0, 0, 
185, 0, 202, -1, -1, 159, 111, 126.0, 9, , 42, 0, 0, 0, , 0, 0, 0, 0, 0, 
186, 0, 203, -1, -1, 64, 113, 159.0, 9, , 45, 0, 0, 0, , 0, 0, 0, 0, 0, 
187, 0, 204, -1, -1, 216, 107, 168.0, 9, , 25, 0, 0, 0, , 0, 0, 0, 0, 0, 
188, 0, 205, -1, -1, 100, 85, 179.0, 11, , 110, 0, 0, 0, , 0, 0, 0, 0, 0, 
189, 0, 206, -1, -1, 222, 84, 184.0, 11, , 69, 0, 0, 0, , 0, 0, 0, 0, 0, 
190, 0, 207, -1, -1, 98, 81, 187.0, 9, , 33, 0, 0, 0, , 0, 0, 0, 0, 0, 
191, 0, 208, -1, -1, 135, 139, 191.0, 9, , 8, 0, 0, 0, , 0, 0, 0, 0, 0, 
192, 0, 209, -1, -1, 137, 73, 167.0, 9, , 28, 0, 0, 0, , 0, 0, 0, 0, 0, 
193, 0, 210, -1, -1, 118, 121, 65.0, 7, , 53, 0, 0, 0, , 0, 0, 0, 0, 0, 
194, 0, 211, -1, -1, 93, 145, 89.0, 9, , 49, 0, 0, 0, , 0, 0, 0, 0, 0, 
195, 0, 212, -1, -1, 230, 41, 171.0, 9, , 36, 0, 0, 0, , 0, 0, 0, 0, 0, 
196, 0, 213, -1, -1, 235, 39, 166.0, 9, , 45, 0, 0, 0, , 0, 0, 0, 0, 0, 
197, 0, 214, -1, -1, 282, 54, 175.0, 7, , 13, 0, 0, 0, , 0, 0, 0, 0, 0, 
198, 0, 215, -1, -1, 150, 149, 175.0, 11, , 91, 0, 0, 0, , 0, 0, 0, 0, 0, 
199, 0, 216, -1, -1, 136, 179, 139.0, 9, , 38, 0, 0, 0, , 0, 0, 0, 0, 0, 
200, 0, 217, -1, -1, 159, 86, 163.0, 9, , 37, 0, 0, 0, , 0, 0, 0, 0, 0, 
201, 0, 218, -1, -1, 314, 76, 158.0, 9, , 32, 0, 0, 0, , 0, 0, 0, 0, 0, 
202, 0, 219, -1, -1, 101, 115, 169.0, 9, , 46, 0, 0, 0, , 0, 0, 0, 0, 0, 
203, 0, 221, -1, -1, 156, 73, 183.0, 9, , 41, 0, 0, 0, , 0, 0, 0, 0, 0, 
204, 0, 222, -1, -1, 210, 86, 195.0, 9, , 28, 0, 0, 0, , 0, 0, 0, 0, 0, 
205, 0, 223, -1, -1, 162, 77, 206.0, 9, , 27, 0, 0, 0, , 0, 0, 0, 0, 0, 
206, 0, 224, -1, -1, 117, 123, 70.0, 9, , 27, 0, 0, 0, , 0, 0, 0, 0, 0, 
207, 0, 225, -1, -1, 129, 103, 156.0, 9, , 49, 0, 0, 0, , 0, 0, 0, 0, 0, 
208, 0, 226, -1, -1, 285, 61, 178.0, 9, , 15, 0, 0, 0, , 0, 0, 0, 0, 0, 
209, 0, 227, -1, -1, 160, 76, 204.0, 11, , 72, 0, 0, 0, , 0, 0, 0, 0, 0, 
210, 0, 228, -1, -1, 217, 107, 162.0, 9, , 47, 0, 0, 0, , 0, 0, 0, 0, 0, 
211, 0, 229, -1, -1, 112, 90, 123.0, 9, , 41, 0, 0, 0, , 0, 0, 0, 0, 0, 
212, 0, 230, -1, -1, 255, 44, 127.0, 9, , 26, 0, 0, 0, , 0, 0, 0, 0, 0, 
213, 0, 231, -1, -1, 65, 112, 151.0, 11, , 78, 0, 0, 0, , 0, 0, 0, 0, 0, 
214, 0, 232, -1, -1, 321, 94, 166.0, 11, , 35, 0, 0, 0, , 0, 0, 0, 0, 0, 
215, 0, 233, -1, -1, 138, 43, 164.0, 9, , 50, 0, 0, 0, , 0, 0, 0, 0, 0, 
216, 0, 234, -1, -1, 85, 112, 194.0, 9, , 36, 0, 0, 0, , 0, 0, 0, 0, 0, 
217, 0, 236, -1, -1, 113, 93, 116.0, 9, , 59, 0, 0, 0, , 0, 0, 0, 0, 0, 
218, 0, 237, -1, -1, 130, 151, 118.0, 11, , 67, 0, 0, 0, , 0, 0, 0, 0, 0, 
219, 0, 238, -1, -1, 200, 131, 171.0, 11, , 44, 0, 0, 0, , 0, 0, 0, 0, 0, 
220, 0, 239, -1, -1, 95, 89, 175.0, 7, , 21, 0, 0, 0, , 0, 0, 0, 0, 0, 
221, 0, 241, -1, -1, 135, 120, 188.0, 9, , 78, 0, 0, 0, , 0, 0, 0, 0, 0, 
222, 0, 242, -1, -1, 120, 94, 102.0, 9, , 42, 0, 0, 0, , 0, 0, 0, 0, 0, 
223, 0, 243, -1, -1, 133, 106, 149.0, 11, , 78, 0, 0, 0, , 0, 0, 0, 0, 0, 
224, 0, 244, -1, -1, 173, 94, 162.0, 9, , 29, 0, 0, 0, , 0, 0, 0, 0, 0, 
225, 0, 245, -1, -1, 154, 157, 166.0, 9, , 79, 0, 0, 0, , 0, 0, 0, 0, 0, 
226, 0, 246, -1, -1, 231, 33, 163.0, 9, , 95, 0, 0, 0, , 0, 0, 0, 0, 0, 
227, 0, 247, -1, -1, 144, 95, 174.0, 9, , 35, 0, 0, 0, , 0, 0, 0, 0, 0, 
228, 0, 248, -1, -1, 112, 91, 181.0, 9, , 52, 0, 0, 0, , 0, 0, 0, 0, 0, 
229, 0, 249, -1, -1, 178, 118, 116.0, 9, , 16, 0, 0, 0, , 0, 0, 0, 0, 0, 
230, 0, 250, -1, -1, 132, 63, 150.0, 7, , 13, 0, 0, 0, , 0, 0, 0, 0, 0, 
231, 0, 252, -1, -1, 143, 109, 157.0, 9, , 48, 0, 0, 0, , 0, 0, 0, 0, 0, 
232, 0, 253, -1, -1, 280, 97, 206.0, 9, , 12, 0, 0, 0, , 0, 0, 0, 0, 0, 
233, 0, 255, -1, -1, 143, 109, 151.0, 7, , 80, 0, 0, 0, , 0, 0, 0, 0, 0, 
234, 0, 256, -1, -1, 124, 145, 154.0, 9, , 61, 0, 0, 0, , 0, 0, 0, 0, 0, 
235, 0, 258, -1, -1, 114, 144, 140.0, 9, , 29, 0, 0, 0, , 0, 0, 0, 0, 0, 
236, 0, 260, -1, -1, 113, 90, 120.0, 9, , 46, 0, 0, 0, , 0, 0, 0, 0, 0, 
237, 0, 261, -1, -1, 117, 96, 93.0, 9, , 69, 0, 0, 0, , 0, 0, 0, 0, 0, 
238, 0, 262, -1, -1, 225, 125, 139.0, 9, , 31, 0, 0, 0, , 0, 0, 0, 0, 0, 
239, 0, 264, -1, -1, 118, 71, 183.0, 9, , 12, 0, 0, 0, , 0, 0, 0, 0, 0, 
240, 0, 265, -1, -1, 110, 91, 179.0, 7, , 32, 0, 0, 0, , 0, 0, 0, 0, 0, 
241, 0, 266, -1, -1, 117, 112, 185.0, 9, , 68, 0, 0, 0, , 0, 0, 0, 0, 0, 
242, 0, 268, -1, -1, 278, 80, 192.0, 7, , 33, 0, 0, 0, , 0, 0, 0, 0, 0, 
243, 0, 269, -1, -1, 127, 141, 194.0, 7, , 15, 0, 0, 0, , 0, 0, 0, 0, 0, 
244, 0, 270, -1, -1, 240, 65, 184.0, 11, , 83, 0, 0, 0, , 0, 0, 0, 0, 0, 
245, 0, 271, -1, -1, 273, 87, 196.0, 9, , 19, 0, 0, 0, , 0, 0, 0, 0, 0, 
246, 0, 272, -1, -1, 192, 128, 204.0, 9, , 35, 0, 0, 0, , 0, 0, 0, 0, 0, 
247, 0, 273, -1, -1, 115, 101, 115.0, 9, , 64, 0, 0, 0, , 0, 0, 0, 0, 0, 
248, 0, 274, -1, -1, 113, 90, 177.0, 9, , 51, 0, 0, 0, , 0, 0, 0, 0, 0, 
249, 0, 275, -1, -1, 155, 73, 186.0, 9, , 27, 0, 0, 0, , 0, 0, 0, 0, 0, 
250, 0, 276, -1, -1, 123, 137, 95.0, 11, , 54, 0, 0, 0, , 0, 0, 0, 0, 0, 
251, 0, 277, -1, -1, 121, 94, 105.0, 9, , 63, 0, 0, 0, , 0, 0, 0, 0, 0, 
252, 0, 279, -1, -1, 174, 94, 152.0, 9, , 31, 0, 0, 0, , 0, 0, 0, 0, 0, 
253, 0, 280, -1, -1, 118, 134, 161.0, 9, , 51, 0, 0, 0, , 0, 0, 0, 0, 0, 
254, 0, 281, -1, -1, 122, 126, 162.0, 7, , 33, 0, 0, 0, , 0, 0, 0, 0, 0, 
255, 0, 282, -1, -1, 88, 97, 193.0, 9, , 33, 0, 0, 0, , 0, 0, 0, 0, 0, 
256, 0, 283, -1, -1, 307, 162, 109.0, 9, , 44, 0, 0, 0, , 0, 0, 0, 0, 0, 
257, 0, 284, -1, -1, 287, 167, 139.0, 9, , 24, 0, 0, 0, , 0, 0, 0, 0, 0, 
258, 0, 285, -1, -1, 145, 146, 154.0, 9, , 45, 0, 0, 0, , 0, 0, 0, 0, 0, 
259, 0, 286, -1, -1, 71, 96, 168.0, 9, , 33, 0, 0, 0, , 0, 0, 0, 0, 0, 
260, 0, 287, -1, -1, 235, 39, 169.0, 7, , 26, 0, 0, 0, , 0, 0, 0, 0, 0, 
261, 0, 288, -1, -1, 124, 160, 173.0, 9, , 75, 0, 0, 0, , 0, 0, 0, 0, 0, 
262, 0, 289, -1, -1, 281, 136, 194.0, 9, , 45, 0, 0, 0, , 0, 0, 0, 0, 0, 
263, 0, 290, -1, -1, 162, 179, 129.0, 9, , 15, 0, 0, 0, , 0, 0, 0, 0, 0, 
264, 0, 291, -1, -1, 223, 79, 189.0, 11, , 79, 0, 0, 0, , 0, 0, 0, 0, 0, 
265, 0, 292, -1, -1, 206, 85, 197.0, 9, , 28, 0, 0, 0, , 0, 0, 0, 0, 0, 
266, 0, 293, -1, -1, 118, 122, 67.0, 7, , 39, 0, 0, 0, , 0, 0, 0, 0, 0, 
267, 0, 294, -1, -1, 220, 144, 140.0, 9, , 47, 0, 0, 0, , 0, 0, 0, 0, 0, 
268, 0, 295, -1, -1, 139, 43, 160.0, 9, , 50, 0, 0, 0, , 0, 0, 0, 0, 0, 
269, 0, 296, -1, -1, 126, 81, 160.0, 7, , 34, 0, 0, 0, , 0, 0, 0, 0, 0, 
270, 0, 297, -1, -1, 174, 120, 200.0, 9, , 20, 0, 0, 0, , 0, 0, 0, 0, 0, 
271, 0, 298, -1, -1, 102, 84, 177.0, 9, , 51, 0, 0, 0, , 0, 0, 0, 0, 0, 
272, 0, 299, -1, -1, 203, 81, 196.0, 7, , 26, 0, 0, 0, , 0, 0, 0, 0, 0, 
273, 0, 300, -1, -1, 309, 169, 142.0, 9, , 15, 0, 0, 0, , 0, 0, 0, 0, 0, 
274, 0, 301, -1, -1, 163, 139, 84.0, 9, , 21, 0, 0, 0, , 0, 0, 0, 0, 0, 
275, 0, 302, -1, -1, 62, 100, 107.0, 9, , 33, 0, 0, 0, , 0, 0, 0, 0, 0, 
276, 0, 303, -1, -1, 154, 165, 82.0, 9, , 36, 0, 0, 0, , 0, 0, 0, 0, 0, 
277, 0, 304, -1, -1, 158, 164, 98.0, 9, , 16, 0, 0, 0, , 0, 0, 0, 0, 0, 
278, 0, 305, -1, -1, 150, 163, 125.0, 9, , 38, 0, 0, 0, , 0, 0, 0, 0, 0, 
279, 0, 306, -1, -1, 125, 176, 136.0, 9, , 23, 0, 0, 0, , 0, 0, 0, 0, 0, 
280, 0, 307, -1, -1, 309, 170, 138.0, 9, , 47, 0, 0, 0, , 0, 0, 0, 0, 0, 
281, 0, 310, -1, -1, 112, 159, 154.0, 7, , 15, 0, 0, 0, , 0, 0, 0, 0, 0, 
282, 0, 311, -1, -1, 170, 77, 172.0, 9, , 22, 0, 0, 0, , 0, 0, 0, 0, 0, 
283, 0, 312, -1, -1, 317, 88, 185.0, 9, , 31, 0, 0, 0, , 0, 0, 0, 0, 0, 
284, 0, 315, -1, -1, 133, 104, 146.0, 11, , 84, 0, 0, 0, , 0, 0, 0, 0, 0, 
285, 0, 316, -1, -1, 323, 93, 162.0, 9, , 41, 0, 0, 0, , 0, 0, 0, 0, 0, 
286, 0, 317, -1, -1, 99, 152, 159.0, 7, , 10, 0, 0, 0, , 0, 0, 0, 0, 0, 
287, 0, 318, -1, -1, 72, 96, 173.0, 9, , 51, 0, 0, 0, , 0, 0, 0, 0, 0, 
288, 0, 319, -1, -1, 138, 147, 174.0, 11, , 58, 0, 0, 0, , 0, 0, 0, 0, 0, 
289, 0, 320, -1, -1, 157, 122, 197.0, 9, , 38, 0, 0, 0, , 0, 0, 0, 0, 0, 
290, 0, 321, -1, -1, 132, 141, 199.0, 11, , 111, 0, 0, 0, , 0, 0, 0, 0, 0, 
291, 0, 322, -1, -1, 306, 164, 107.0, 9, , 26, 0, 0, 0, , 0, 0, 0, 0, 0, 
292, 0, 323, -1, -1, 111, 102, 176.0, 9, , 46, 0, 0, 0, , 0, 0, 0, 0, 0, 
293, 0, 324, -1, -1, 128, 81, 157.0, 9, , 94, 0, 0, 0, , 0, 0, 0, 0, 0, 
294, 0, 325, -1, -1, 162, 90, 83.0, 11, , 48, 0, 0, 0, , 0, 0, 0, 0, 0, 
295, 0, 326, -1, -1, 206, 94, 98.0, 9, , 20, 0, 0, 0, , 0, 0, 0, 0, 0, 
296, 0, 327, -1, -1, 80, 156, 111.0, 9, , 34, 0, 0, 0, , 0, 0, 0, 0, 0, 
297, 0, 329, -1, -1, 169, 169, 140.0, 9, , 42, 0, 0, 0, , 0, 0, 0, 0, 0, 
298, 0, 330, -1, -1, 132, 61, 156.0, 7, , 58, 0, 0, 0, , 0, 0, 0, 0, 0, 
299, 0, 331, -1, -1, 141, 86, 159.0, 7, , 63, 0, 0, 0, , 0, 0, 0, 0, 0, 
300, 0, 332, -1, -1, 267, 161, 162.0, 9, , 31, 0, 0, 0, , 0, 0, 0, 0, 0, 
301, 0, 333, -1, -1, 237, 63, 180.0, 9, , 46, 0, 0, 0, , 0, 0, 0, 0, 0, 
302, 0, 334, -1, -1, 115, 112, 188.0, 9, , 79, 0, 0, 0, , 0, 0, 0, 0, 0, 
303, 0, 335, -1, -1, 289, 118, 189.0, 9, , 51, 0, 0, 0, , 0, 0, 0, 0, 0, 
304, 0, 336, -1, -1, 119, 142, 137.0, 9, , 27, 0, 0, 0, , 0, 0, 0, 0, 0, 
305, 0, 337, -1, -1, 148, 41, 159.0, 9, , 29, 0, 0, 0, , 0, 0, 0, 0, 0, 
306, 0, 338, -1, -1, 157, 87, 165.0, 11, , 67, 0, 0, 0, , 0, 0, 0, 0, 0, 
307, 0, 339, -1, -1, 187, 57, 182.0, 9, , 55, 0, 0, 0, , 0, 0, 0, 0, 0, 
308, 0, 340, -1, -1, 154, 67, 186.0, 9, , 67, 0, 0, 0, , 0, 0, 0, 0, 0, 
309, 0, 341, -1, -1, 193, 128, 196.0, 7, , 67, 0, 0, 0, , 0, 0, 0, 0, 0, 
310, 0, 342, -1, -1, 184, 127, 192.0, 9, , 22, 0, 0, 0, , 0, 0, 0, 0, 0, 
311, 0, 343, -1, -1, 121, 140, 89.0, 9, , 44, 0, 0, 0, , 0, 0, 0, 0, 0, 
312, 0, 345, -1, -1, 71, 144, 102.0, 9, , 37, 0, 0, 0, , 0, 0, 0, 0, 0, 
313, 0, 347, -1, -1, 71, 81, 107.0, 11, , 51, 0, 0, 0, , 0, 0, 0, 0, 0, 
314, 0, 349, -1, -1, 131, 178, 132.0, 9, , 23, 0, 0, 0, , 0, 0, 0, 0, 0, 
315, 0, 350, -1, -1, 93, 157, 147.0, 9, , 47, 0, 0, 0, , 0, 0, 0, 0, 0, 
316, 0, 351, -1, -1, 277, 100, 163.0, 11, , 26, 0, 0, 0, , 0, 0, 0, 0, 0, 
317, 0, 352, -1, -1, 209, 132, 169.0, 7, , 5, 0, 0, 0, , 0, 0, 0, 0, 0, 
318, 0, 353, -1, -1, 317, 88, 183.0, 7, , 32, 0, 0, 0, , 0, 0, 0, 0, 0, 
319, 0, 354, -1, -1, 112, 73, 193.0, 7, , 10, 0, 0, 0, , 0, 0, 0, 0, 0, 
320, 0, 355, -1, -1, 85, 100, 196.0, 9, , 42, 0, 0, 0, , 0, 0, 0, 0, 0, 
321, 0, 356, -1, -1, 177, 127, 88.0, 9, , 58, 0, 0, 0, , 0, 0, 0, 0, 0, 
322, 0, 357, -1, -1, 79, 137, 118.0, 9, , 43, 0, 0, 0, , 0, 0, 0, 0, 0, 
323, 0, 358, -1, -1, 157, 87, 152.0, 9, , 72, 0, 0, 0, , 0, 0, 0, 0, 0, 
324, 0, 360, -1, -1, 115, 133, 180.0, 9, , 47, 0, 0, 0, , 0, 0, 0, 0, 0, 
325, 0, 361, -1, -1, 134, 61, 160.0, 11, , 33, 0, 0, 0, , 0, 0, 0, 0, 0, 
326, 0, 362, -1, -1, 117, 170, 162.0, 11, , 35, 0, 0, 0, , 0, 0, 0, 0, 0, 
327, 0, 363, -1, -1, 160, 76, 202.0, 9, , 49, 0, 0, 0, , 0, 0, 0, 0, 0, 
328, 0, 364, -1, -1, 151, 114, 158.0, 11, , 86, 0, 0, 0, , 0, 0, 0, 0, 0, 
329, 0, 365, -1, -1, 208, 140, 159.0, 9, , 4, 0, 0, 0, , 0, 0, 0, 0, 0, 
330, 0, 367, -1, -1, 165, 154, 186.0, 9, , 38, 0, 0, 0, , 0, 0, 0, 0, 0, 
331, 0, 369, -1, -1, 185, 126, 189.0, 9, , 40, 0, 0, 0, , 0, 0, 0, 0, 0, 
332, 0, 370, -1, -1, 169, 132, 205.0, 9, , 82, 0, 0, 0, , 0, 0, 0, 0, 0, 
333, 0, 371, -1, -1, 133, 131, 145.0, 11, , 158, 0, 0, 0, , 0, 0, 0, 0, 0, 
334, 0, 373, -1, -1, 197, 134, 194.0, 9, , 75, 0, 0, 0, , 0, 0, 0, 0, 0, 
335, 0, 374, -1, -1, 196, 133, 189.0, 11, , 74, 0, 0, 0, , 0, 0, 0, 0, 0, 
336, 0, 375, -1, -1, 121, 140, 87.0, 9, , 34, 0, 0, 0, , 0, 0, 0, 0, 0, 
337, 0, 376, -1, -1, 157, 166, 88.0, 9, , 85, 0, 0, 0, , 0, 0, 0, 0, 0, 
338, 0, 377, -1, -1, 205, 156, 101.0, 7, , 16, 0, 0, 0, , 0, 0, 0, 0, 0, 
339, 0, 378, -1, -1, 121, 114, 126.0, 9, , 50, 0, 0, 0, , 0, 0, 0, 0, 0, 
340, 0, 379, -1, -1, 256, 45, 128.0, 11, , 28, 0, 0, 0, , 0, 0, 0, 0, 0, 
341, 0, 380, -1, -1, 258, 149, 129.0, 11, , 27, 0, 0, 0, , 0, 0, 0, 0, 0, 
342, 0, 381, -1, -1, 258, 45, 133.0, 9, , 29, 0, 0, 0, , 0, 0, 0, 0, 0, 
343, 0, 382, -1, -1, 91, 158, 145.0, 9, , 28, 0, 0, 0, , 0, 0, 0, 0, 0, 
344, 0, 383, -1, -1, 141, 144, 149.0, 9, , 27, 0, 0, 0, , 0, 0, 0, 0, 0, 
345, 0, 384, -1, -1, 98, 151, 162.0, 9, , 66, 0, 0, 0, , 0, 0, 0, 0, 0, 
346, 0, 385, -1, -1, 116, 134, 167.0, 9, , 26, 0, 0, 0, , 0, 0, 0, 0, 0, 
347, 0, 386, -1, -1, 252, 104, 168.0, 9, , 26, 0, 0, 0, , 0, 0, 0, 0, 0, 
348, 0, 387, -1, -1, 123, 82, 169.0, 9, , 38, 0, 0, 0, , 0, 0, 0, 0, 0, 
349, 0, 388, -1, -1, 255, 114, 176.0, 9, , 16, 0, 0, 0, , 0, 0, 0, 0, 0, 
350, 0, 389, -1, -1, 305, 146, 178.0, 9, , 15, 0, 0, 0, , 0, 0, 0, 0, 0, 
351, 0, 390, -1, -1, 130, 149, 182.0, 9, , 21, 0, 0, 0, , 0, 0, 0, 0, 0, 
352, 0, 391, -1, -1, 120, 134, 195.0, 9, , 26, 0, 0, 0, , 0, 0, 0, 0, 0, 
353, 0, 392, -1, -1, 173, 120, 197.0, 9, , 34, 0, 0, 0, , 0, 0, 0, 0, 0, 
354, 0, 393, -1, -1, 276, 87, 202.0, 7, , 17, 0, 0, 0, , 0, 0, 0, 0, 0, 
355, 0, 394, -1, -1, 129, 102, 153.0, 9, , 86, 0, 0, 0, , 0, 0, 0, 0, 0, 
356, 0, 395, -1, -1, 173, 94, 164.0, 9, , 24, 0, 0, 0, , 0, 0, 0, 0, 0, 
357, 0, 396, -1, -1, 138, 123, 186.0, 9, , 49, 0, 0, 0, , 0, 0, 0, 0, 0, 
358, 0, 397, -1, -1, 198, 132, 70.0, 9, , 21, 0, 0, 0, , 0, 0, 0, 0, 0, 
359, 0, 398, -1, -1, 154, 90, 210.0, 9, , 53, 0, 0, 0, , 0, 0, 0, 0, 0, 
360, 0, -1, -1, -1, 116, 74, 131.0, 9, , 91, 0, 0, 0, , 0, 0, 0, 0, 0, 
361, 0, -1, -1, -1, 213, 131, 163.0, 9, , 88, 0, 0, 0, , 0, 0, 0, 0, 0, 
362, 0, -1, -1, -1, 154, 166, 80.0, 7, , 33, 0, 0, 0, , 0, 0, 0, 0, 0, 
363, 0, -1, -1, -1, 82, 109, 86.0, 9, , 34, 0, 0, 0, , 0, 0, 0, 0, 0, 
364, 0, -1, -1, -1, 174, 172, 127.0, 11, , 12, 0, 0, 0, , 0, 0, 0, 0, 0, 
365, 0, -1, -1, -1, 126, 177, 129.0, 7, , 9, 0, 0, 0, , 0, 0, 0, 0, 0, 
366, 0, -1, -1, -1, 120, 140, 134.0, 7, , 26, 0, 0, 0, , 0, 0, 0, 0, 0, 
367, 0, -1, -1, -1, 75, 124, 136.0, 9, , 6, 0, 0, 0, , 0, 0, 0, 0, 0, 
368, 0, -1, -1, -1, 138, 128, 139.0, 7, , 25, 0, 0, 0, , 0, 0, 0, 0, 0, 
369, 0, -1, -1, -1, 143, 112, 148.0, 11, , 97, 0, 0, 0, , 0, 0, 0, 0, 0, 
370, 0, -1, -1, -1, 143, 109, 149.0, 7, , 22, 0, 0, 0, , 0, 0, 0, 0, 0, 
371, 0, -1, -1, -1, 99, 62, 156.0, 7, , 13, 0, 0, 0, , 0, 0, 0, 0, 0, 
372, 0, -1, -1, -1, 137, 85, 164.0, 9, , 28, 0, 0, 0, , 0, 0, 0, 0, 0, 
373, 0, -1, -1, -1, 228, 41, 168.0, 9, , 18, 0, 0, 0, , 0, 0, 0, 0, 0, 
374, 0, -1, -1, -1, 77, 105, 179.0, 9, , 28, 0, 0, 0, , 0, 0, 0, 0, 0, 
375, 0, -1, -1, -1, 252, 130, 179.0, 9, , 12, 0, 0, 0, , 0, 0, 0, 0, 0, 
376, 0, -1, -1, -1, 136, 103, 180.0, 9, , 40, 0, 0, 0, , 0, 0, 0, 0, 0, 
377, 0, -1, -1, -1, 75, 106, 182.0, 9, , 48, 0, 0, 0, , 0, 0, 0, 0, 0, 
378, 0, -1, -1, -1, 167, 155, 183.0, 11, , 40, 0, 0, 0, , 0, 0, 0, 0, 0, 
379, 0, -1, -1, -1, 222, 84, 187.0, 9, , 39, 0, 0, 0, , 0, 0, 0, 0, 0, 
380, 0, -1, -1, -1, 272, 139, 191.0, 7, , 20, 0, 0, 0, , 0, 0, 0, 0, 0, 
381, 0, -1, -1, -1, 154, 90, 204.0, 9, , 33, 0, 0, 0, , 0, 0, 0, 0, 0, 
382, 0, -1, -1, -1, 197, 131, 74.0, 7, , 22, 0, 0, 0, , 0, 0, 0, 0, 0, 
383, 0, -1, -1, -1, 69, 144, 104.0, 9, , 30, 0, 0, 0, , 0, 0, 0, 0, 0, 
384, 0, -1, -1, -1, 112, 99, 125.0, 9, , 21, 0, 0, 0, , 0, 0, 0, 0, 0, 
385, 0, -1, -1, -1, 139, 128, 137.0, 9, , 25, 0, 0, 0, , 0, 0, 0, 0, 0, 
386, 0, -1, -1, -1, 134, 128, 147.0, 9, , 25, 0, 0, 0, , 0, 0, 0, 0, 0, 
387, 0, -1, -1, -1, 193, 110, 149.0, 9, , 61, 0, 0, 0, , 0, 0, 0, 0, 0, 
388, 0, -1, -1, -1, 151, 111, 153.0, 9, , 51, 0, 0, 0, , 0, 0, 0, 0, 0, 
389, 0, -1, -1, -1, 122, 125, 159.0, 9, , 35, 0, 0, 0, , 0, 0, 0, 0, 0, 
390, 0, -1, -1, -1, 104, 131, 165.0, 7, , 22, 0, 0, 0, , 0, 0, 0, 0, 0, 
391, 0, -1, -1, -1, 153, 63, 187.0, 11, , 53, 0, 0, 0, , 0, 0, 0, 0, 0, 
392, 0, -1, -1, -1, 116, 171, 159.0, 11, , 27, 0, 0, 0, , 0, 0, 0, 0, 0, 
393, 1, 399, 332, -1, 301, 90, 130.0, 14, Eprpa, 0, 0, 0, 0, , 0, 0, 0, 0, 0, 
394, 1, 400, 333, -1, 137, 102, 87.0, 16, ABalpaapapa, 0, 0, 0, 0, , 0, 0, 0, 0, 0, 
395, 1, 401, 334, -1, 240, 65, 181.0, 15, ABprappaap, 0, 0, 0, 0, , 0, 0, 0, 0, 0, 
396, 1, 402, 335, -1, 123, 138, 92.666664, 15, ABplpaapaaa, 0, 0, 0, 0, , 0, 0, 0, 0, 0, 
397, 1, 403, 336, -1, 70, 99, 171.0, 14, ABarpappaa, 0, 0, 0, 0, , 0, 0, 0, 0, 0, 
398, 1, 404, 337, -1, 103, 143, 70.0, 15, ABplaaappa, 0, 0, 0, 0, , 0, 0, 0, 0, 0, 
399, 1, 405, 338, -1, 126, 129, 60.333332, 16, ABplaaappp, 0, 0, 0, 0, , 0, 0, 0, 0, 0, 
400, 0, 406, -1, -1, 171, 141, 60.0, 14, , 0, 0, 0, 0, , 0, 0, 0, 0, 0, 
401, 0, 407, -1, -1, 94, 68, 178.0, 13, , 0, 0, 0, 0, , 0, 0, 0, 0, 0, 
402, 1, 408, 341, -1, 94, 67, 182.0, 13, ABarpapppa, 0, 0, 0, 0, , 0, 0, 0, 0, 0, 
403, 1, 409, 342, -1, 126, 48, 174.0, 14, ABarpapppp, 0, 0, 0, 0, , 0, 0, 0, 0, 0, 
404, 1, 410, 343, -1, 155, 46, 180.0, 16, ABarpppaap, 0, 0, 0, 0, , 0, 0, 0, 0, 0, 
405, 1, 411, 344, -1, 185, 127, 57.0, 17, ABarppapaa, 0, 0, 0, 0, , 0, 0, 0, 0, 0, 
406, 1, 412, 345, -1, 210, 128, 67.0, 18, ABarppapap, 0, 0, 0, 0, , 0, 0, 0, 0, 0, 
407, 1, 413, 346, -1, 205, 45, 174.0, 15, ABarppppap, 0, 0, 0, 0, , 0, 0, 0, 0, 0, 
408, 1, 414, 347, -1, 235, 122, 65.0, 15, ABplappapa, 0, 0, 0, 0, , 0, 0, 0, 0, 0, 
409, 1, 415, 348, -1, 231, 38, 164.0, 11, ABprappapa, 0, 0, 0, 0, , 0, 0, 0, 0, 0, 
410, 1, 416, 349, -1, 261, 128, 77.0, 17, ABarppappa, 0, 0, 0, 0, , 0, 0, 0, 0, 0, 
411, 1, 417, 350, -1, 258, 50, 167.0, 14, ABarpppppa, 0, 0, 0, 0, , 0, 0, 0, 0, 0, 
412, 1, 418, 351, -1, 287, 144, 83.0, 14, ABplapapaa, 0, 0, 0, 0, , 0, 0, 0, 0, 0, 
413, 1, 419, 352, -1, 286, 57, 174.0, 13, ABprapapaa, 0, 0, 0, 0, , 0, 0, 0, 0, 0, 
414, 1, 420, 353, -1, 296, 158, 100.0, 17, ABarppappp, 0, 0, 0, 0, , 0, 0, 0, 0, 0, 
415, 1, 421, 354, -1, 301, 76, 184.0, 15, ABarpppppp, 0, 0, 0, 0, , 0, 0, 0, 0, 0, 
416, 1, 422, 355, -1, 315, 160, 149.0, 15, ABplappppp, 0, 0, 0, 0, , 0, 0, 0, 0, 0, 
417, 0, 423, -1, -1, 309, 114, 179.0, 10, , 0, 0, 0, 0, , 0, 0, 0, 0, 0, 
418, 1, 424, 357, -1, 182, 45, 180.0, 14, ABarppppaa, 0, 0, 0, 0, , 0, 0, 0, 0, 0, 
419, 1, 425, 358, -1, 205, 28, 144.0, 15, Caaaaa, 0, 0, 0, 0, , 0, 0, 0, 0, 0, 
420, 1, 426, 359, -1, 216, 127, 92.0, 17, Capaaaa, 0, 0, 0, 0, , 0, 0, 0, 0, 0, 
421, 1, 427, 360, -1, 265, 130, 96.0, 15, Capaapa, 0, 0, 0, 0, , 0, 0, 0, 0, 0, 
422, 1, 428, 361, -1, 286, 140, 104.0, 15, Capaapp, 0, 0, 0, 0, , 0, 0, 0, 0, 0, 
423, 1, 429, 362, -1, 272, 163, 106.0, 16, ABplapapap, 0, 0, 0, 0, , 0, 0, 0, 0, 0, 
424, 1, 430, 905, -1, 190, 146, 185.0, 14, ABprpaaaapa, 0, 0, 0, 0, , 0, 0, 0, 0, 0, 
425, 0, 431, -1, -1, 84, 145, 133.5, 13, , 0, 0, 0, 0, , 0, 0, 0, 0, 0, 
426, 0, 432, -1, -1, 98, 137, 124.0, 12, , 0, 0, 0, 0, , 0, 0, 0, 0, 0, 
427, 0, 433, -1, -1, 92, 152, 133.5, 12, , 0, 0, 0, 0, , 0, 0, 0, 0, 0, 
428, 0, 434, -1, -1, 88, 153, 139.0, 14, , 0, 0, 0, 0, , 0, 0, 0, 0, 0, 
429, 0, 435, -1, -1, 88, 145, 141.5, 13, , 0, 0, 0, 0, , 0, 0, 0, 0, 0, 
430, 0, 436, -1, -1, 82, 145, 133.5, 13, , 0, 0, 0, 0, , 0, 0, 0, 0, 0, 
431, 1, 437, 369, -1, 220, 68, 131.0, 15, Earpa, 0, 0, 0, 0, , 0, 0, 0, 0, 0, 
432, 1, 438, 370, -1, 203, 69, 96.0, 15, Ealaad, 0, 0, 0, 0, , 0, 0, 0, 0, 0, 
433, 1, 439, 371, -1, 215, 107, 105.5, 13, Ealaav, 0, 0, 0, 0, , 0, 0, 0, 0, 0, 
434, 1, 440, 372, -1, 235, 87, 117.0, 16, Ealap, 0, 0, 0, 0, , 0, 0, 0, 0, 0, 
435, 1, 441, 373, -1, 218, 89, 127.5, 15, Ealpa, 0, 0, 0, 0, , 0, 0, 0, 0, 0, 
436, 1, 442, 374, -1, 273, 97, 111.0, 15, Ealpp, 0, 0, 0, 0, , 0, 0, 0, 0, 0, 
437, 1, 443, 375, -1, 202, 60, 118.0, 15, Earaad, 0, 0, 0, 0, , 0, 0, 0, 0, 0, 
438, 1, 444, 376, -1, 203, 73, 150.5, 15, Earaav, 0, 0, 0, 0, , 0, 0, 0, 0, 0, 
439, 1, 445, 377, -1, 225, 72, 115.0, 15, Earap, 0, 0, 0, 0, , 0, 0, 0, 0, 0, 
440, 1, 446, 378, -1, 266, 73, 119.5, 15, Earpp, 0, 0, 0, 0, , 0, 0, 0, 0, 0, 
441, 1, 447, 379, -1, 253, 87, 111.0, 14, Eplaa, 0, 0, 0, 0, , 0, 0, 0, 0, 0, 
442, 1, 448, 380, -1, 295, 93, 108.0, 15, Eplap, 0, 0, 0, 0, , 0, 0, 0, 0, 0, 
443, 1, 449, 381, -1, 310, 103, 121.0, 17, Eplpa, 0, 0, 0, 0, , 0, 0, 0, 0, 0, 
444, 1, 450, 382, -1, 308, 128, 152.0, 15, Eplppa, 0, 0, 0, 0, , 0, 0, 0, 0, 0, 
445, 1, 451, 383, -1, 313, 121, 120.0, 15, Eplppp, 0, 0, 0, 0, , 0, 0, 0, 0, 0, 
446, 1, 452, 384, -1, 247, 69, 117.0, 15, Epraa, 0, 0, 0, 0, , 0, 0, 0, 0, 0, 
447, 1, 453, 385, -1, 287, 81, 117.666664, 16, Eprap, 0, 0, 0, 0, , 0, 0, 0, 0, 0, 
448, 1, 454, 386, -1, 296, 107, 141.0, 15, Eprpp, 0, 0, 0, 0, , 0, 0, 0, 0, 0, 
449, 1, 455, 387, -1, 104, 105, 110.0, 11, MSaaaaaal, 0, 0, 0, 0, , 0, 0, 0, 0, 0, 
450, 1, 456, 388, -1, 105, 85, 131.0, 11, MSaaaaaar, 0, 0, 0, 0, , 0, 0, 0, 0, 0, 
451, 1, 457, 389, -1, 146, 83, 87.0, 14, MSaaaaapp, 0, 0, 0, 0, , 0, 0, 0, 0, 0, 
452, 1, 458, 390, -1, 109, 78, 115.0, 13, MSaaaaapaa, 0, 0, 0, 0, , 0, 0, 0, 0, 0, 
453, 0, 459, -1, -1, 128, 81, 111.0, 13, , 0, 0, 0, 0, , 0, 0, 0, 0, 0, 
454, 1, 460, 392, -1, 155, 61, 91.0, 11, MSaaaapaa, 0, 0, 0, 0, , 0, 0, 0, 0, 0, 
455, 1, 461, 393, -1, 159, 80, 98.0, 12, MSaaaapap, 0, 0, 0, 0, , 0, 0, 0, 0, 0, 
456, 1, 462, 394, -1, 175, 64, 117.0, 11, MSaaaappa, 0, 0, 0, 0, , 0, 0, 0, 0, 0, 
457, 1, 463, 395, -1, 157, 107, 86.0, 11, MSaaapaap, 0, 0, 0, 0, , 0, 0, 0, 0, 0, 
458, 1, 464, 396, -1, 179, 86, 92.0, 9, MSaaapapa, 0, 0, 0, 0, , 0, 0, 0, 0, 0, 
459, 1, 465, 397, -1, 190, 83, 105.0, 9, MSaaapapp, 0, 0, 0, 0, , 0, 0, 0, 0, 0, 
460, 1, 466, 398, -1, 207, 96, 101.0, 11, MSaaappa, 0, 0, 0, 0, , 0, 0, 0, 0, 0, 
461, 1, 467, 399, -1, 189, 58, 104.5, 11, MSaaappp, 0, 0, 0, 0, , 0, 0, 0, 0, 0, 
462, 1, 468, 400, -1, 190, 127, 131.0, 10, MSaapaaap, 0, 0, 0, 0, , 0, 0, 0, 0, 0, 
463, 1, 469, 401, -1, 175, 130, 123.0, 11, MSaapaaaa, 0, 0, 0, 0, , 0, 0, 0, 0, 0, 
464, 1, 470, 402, -1, 202, 114, 105.0, 10, MSaapaapp, 0, 0, 0, 0, , 0, 0, 0, 0, 0, 
465, 0, 471, -1, -1, 204, 106, 142.0, 10, , 0, 0, 0, 0, , 0, 0, 0, 0, 0, 
466, 1, 473, 404, -1, 130, 137, 112.5, 14, MSapaaaa, 0, 0, 0, 0, , 0, 0, 0, 0, 0, 
467, 1, 474, 405, -1, 119, 120, 82.0, 15, MSapaaap, 0, 0, 0, 0, , 0, 0, 0, 0, 0, 
468, 1, 475, 406, -1, 247, 108, 149.0, 15, MSapaapp, 0, 0, 0, 0, , 0, 0, 0, 0, 0, 
469, 1, 476, 407, -1, 183, 121, 75.0, 16, MSapapaa, 0, 0, 0, 0, , 0, 0, 0, 0, 0, 
470, 1, 477, 408, -1, 146, 154, 111.0, 16, MSapapap, 0, 0, 0, 0, , 0, 0, 0, 0, 0, 
471, 1, 478, 409, -1, 116, 105, 72.5, 16, MSapappa, 0, 0, 0, 0, , 0, 0, 0, 0, 0, 
472, 1, 479, 410, -1, 104, 84, 86.5, 14, MSapappp, 0, 0, 0, 0, , 0, 0, 0, 0, 0, 
473, 1, 480, 411, -1, 143, 98, 70.0, 14, MSapppap, 0, 0, 0, 0, , 0, 0, 0, 0, 0, 
474, 1, 481, 412, -1, 114, 81, 79.0, 14, MSappppa, 0, 0, 0, 0, , 0, 0, 0, 0, 0, 
475, 1, 482, 413, -1, 159, 69, 78.0, 14, MSappppp, 0, 0, 0, 0, , 0, 0, 0, 0, 0, 
476, 1, 483, 414, -1, 132, 65, 101.0, 15, MSpaaaaaa, 0, 0, 0, 0, , 0, 0, 0, 0, 0, 
477, 0, 484, -1, -1, 143, 62, 102.0, 15, , 0, 0, 0, 0, , 0, 0, 0, 0, 0, 
478, 1, 485, 416, -1, 120, 68, 124.5, 15, MSpaaaapa, 0, 0, 0, 0, , 0, 0, 0, 0, 0, 
479, 1, 486, 417, -1, 139, 59, 122.5, 15, MSpaaaapp, 0, 0, 0, 0, , 0, 0, 0, 0, 0, 
480, 1, 487, 418, -1, 165, 70, 96.5, 13, MSpaaapaa, 0, 0, 0, 0, , 0, 0, 0, 0, 0, 
481, 1, 488, 419, -1, 178, 60, 104.0, 13, MSpaaapap, 0, 0, 0, 0, , 0, 0, 0, 0, 0, 
482, 1, 489, 420, -1, 144, 55, 109.0, 15, MSpaaappa, 0, 0, 0, 0, , 0, 0, 0, 0, 0, 
483, 1, 490, 421, -1, 145, 63, 104.0, 15, MSpaaaaap, 0, 0, 0, 0, , 0, 0, 0, 0, 0, 
484, 1, 491, 422, -1, 159, 55, 107.5, 15, MSpaaappp, 0, 0, 0, 0, , 0, 0, 0, 0, 0, 
485, 0, 492, -1, -1, 153, 54, 133.0, 15, , 0, 0, 0, 0, , 0, 0, 0, 0, 0, 
486, 1, 493, 424, -1, 162, 64, 114.0, 14, MSpaapaap, 0, 0, 0, 0, , 0, 0, 0, 0, 0, 
487, 1, 494, 425, -1, 173, 63, 131.0, 13, MSpaapapa, 0, 0, 0, 0, , 0, 0, 0, 0, 0, 
488, 1, 495, 426, -1, 183, 78, 170.0, 14, MSpapaapa, 0, 0, 0, 0, , 0, 0, 0, 0, 0, 
489, 1, 496, 427, -1, 245, 35, 137.5, 16, Caaaap, 0, 0, 0, 0, , 0, 0, 0, 0, 0, 
490, 1, 497, 428, -1, 280, 46, 143.0, 17, Caaapa, 0, 0, 0, 0, , 0, 0, 0, 0, 0, 
491, 1, 498, 429, -1, 307, 59, 153.66667, 17, Caaapp, 0, 0, 0, 0, , 0, 0, 0, 0, 0, 
492, 1, 499, 430, -1, 278, 148, 173.5, 13, Caapaa, 0, 0, 0, 0, , 0, 0, 0, 0, 0, 
493, 1, 500, 431, -1, 290, 140, 180.5, 13, Caapap, 0, 0, 0, 0, , 0, 0, 0, 0, 0, 
494, 1, 501, 432, -1, 335, 105, 166.0, 16, Caappd, 0, 0, 0, 0, , 0, 0, 0, 0, 0, 
495, 1, 502, 433, -1, 324, 133, 165.5, 15, Caappv, 0, 0, 0, 0, , 0, 0, 0, 0, 0, 
496, 1, 503, 434, -1, 239, 123, 90.0, 17, Capaaap, 0, 0, 0, 0, , 0, 0, 0, 0, 0, 
497, 0, 504, -1, -1, 263, 114, 85.0, 15, , 0, 0, 0, 0, , 0, 0, 0, 0, 0, 
498, 1, 505, 436, -1, 262, 113, 82.0, 15, Capapaa, 0, 0, 0, 0, , 0, 0, 0, 0, 0, 
499, 1, 506, 437, -1, 297, 121, 88.0, 15, Capapap, 0, 0, 0, 0, , 0, 0, 0, 0, 0, 
500, 1, 507, 438, -1, 273, 151, 122.0, 15, Capappa, 0, 0, 0, 0, , 0, 0, 0, 0, 0, 
501, 0, 508, -1, -1, 272, 158, 146.0, 14, , 0, 0, 0, 0, , 0, 0, 0, 0, 0, 
502, 1, 509, 440, -1, 231, 97, 74.5, 17, Cappaaa, 0, 0, 0, 0, , 0, 0, 0, 0, 0, 
503, 1, 510, 441, -1, 280, 94, 81.0, 17, Cappaap, 0, 0, 0, 0, , 0, 0, 0, 0, 0, 
504, 1, 511, 442, -1, 309, 140, 105.333336, 14, Cappapa, 0, 0, 0, 0, , 0, 0, 0, 0, 0, 
505, 1, 512, 443, -1, 308, 145, 123.0, 14, Cappapp, 0, 0, 0, 0, , 0, 0, 0, 0, 0, 
506, 1, 513, 444, -1, 316, 105, 94.0, 16, Capppaa, 0, 0, 0, 0, , 0, 0, 0, 0, 0, 
507, 1, 514, 445, -1, 332, 127, 116.0, 15, Capppap, 0, 0, 0, 0, , 0, 0, 0, 0, 0, 
508, 0, 515, -1, -1, 316, 144, 154.5, 14, , 0, 0, 0, 0, , 0, 0, 0, 0, 0, 
509, 0, 516, -1, -1, 291, 153, 163.5, 15, , 0, 0, 0, 0, , 0, 0, 0, 0, 0, 
510, 1, 517, 448, -1, 186, 89, 59.0, 17, Cpaaaa, 0, 0, 0, 0, , 0, 0, 0, 0, 0, 
511, 1, 518, 449, -1, 221, 89, 63.666668, 19, Cpaaap, 0, 0, 0, 0, , 0, 0, 0, 0, 0, 
512, 1, 519, 450, -1, 253, 99, 69.0, 17, Cpaapa, 0, 0, 0, 0, , 0, 0, 0, 0, 0, 
513, 0, 520, -1, -1, 297, 119, 79.0, 17, , 0, 0, 0, 0, , 0, 0, 0, 0, 0, 
514, 1, 521, 452, -1, 286, 119, 77.0, 17, Cpaapp, 0, 0, 0, 0, , 0, 0, 0, 0, 0, 
515, 1, 522, 453, -1, 321, 81, 168.0, 15, Cpapaa, 0, 0, 0, 0, , 0, 0, 0, 0, 0, 
516, 1, 523, 454, -1, 325, 128, 97.0, 15, Cpapap, 0, 0, 0, 0, , 0, 0, 0, 0, 0, 
517, 1, 524, 455, -1, 331, 150, 120.0, 15, Cpappd, 0, 0, 0, 0, , 0, 0, 0, 0, 0, 
518, 1, 525, 456, -1, 326, 148, 157.0, 15, Cpappv, 0, 0, 0, 0, , 0, 0, 0, 0, 0, 
519, 1, 526, 457, -1, 211, 77, 173.5, 14, Cppaaaa, 0, 0, 0, 0, , 0, 0, 0, 0, 0, 
520, 1, 527, 458, -1, 234, 66, 167.0, 13, Cppaaap, 0, 0, 0, 0, , 0, 0, 0, 0, 0, 
521, 1, 528, 459, -1, 251, 67, 166.0, 13, Cppaapa, 0, 0, 0, 0, , 0, 0, 0, 0, 0, 
522, 1, 529, 460, -1, 287, 80, 171.5, 13, Cppaapp, 0, 0, 0, 0, , 0, 0, 0, 0, 0, 
523, 1, 530, 461, -1, 253, 48, 150.0, 13, Cppapaa, 0, 0, 0, 0, , 0, 0, 0, 0, 0, 
524, 1, 531, 462, -1, 286, 62, 152.0, 15, Cppapap, 0, 0, 0, 0, , 0, 0, 0, 0, 0, 
525, 1, 532, 463, -1, 284, 91, 178.0, 13, Cppappa, 0, 0, 0, 0, , 0, 0, 0, 0, 0, 
526, 1, 533, 464, -1, 279, 108, 185.0, 13, Cppappp, 0, 0, 0, 0, , 0, 0, 0, 0, 0, 
527, 1, 534, 465, -1, 223, 38, 143.0, 15, Cpppaaa, 0, 0, 0, 0, , 0, 0, 0, 0, 0, 
528, 1, 535, 466, -1, 259, 45, 127.0, 15, Cpppaap, 0, 0, 0, 0, , 0, 0, 0, 0, 0, 
529, 1, 536, 467, -1, 309, 76, 157.66667, 14, Cpppapa, 0, 0, 0, 0, , 0, 0, 0, 0, 0, 
530, 1, 537, 468, -1, 319, 94, 166.0, 13, Cpppapp, 0, 0, 0, 0, , 0, 0, 0, 0, 0, 
531, 1, 538, 469, -1, 305, 63, 128.5, 15, Cppppaa, 0, 0, 0, 0, , 0, 0, 0, 0, 0, 
532, 1, 539, 470, -1, 326, 86, 138.0, 15, Cppppap, 0, 0, 0, 0, , 0, 0, 0, 0, 0, 
533, 1, 540, 471, -1, 328, 116, 154.0, 14, Cpppppd, 0, 0, 0, 0, , 0, 0, 0, 0, 0, 
534, 1, 541, 472, -1, 299, 129, 172.0, 14, Cpppppv, 0, 0, 0, 0, , 0, 0, 0, 0, 0, 
535, 1, 542, 473, -1, 182, 149, 101.0, 14, Daaaa, 0, 0, 0, 0, , 0, 0, 0, 0, 0, 
536, 1, 543, 474, -1, 172, 93, 69.0, 15, Daaap, 0, 0, 0, 0, , 0, 0, 0, 0, 0, 
537, 1, 544, 475, -1, 179, 155, 120.0, 14, Daapa, 0, 0, 0, 0, , 0, 0, 0, 0, 0, 
538, 1, 545, 476, -1, 191, 155, 128.5, 14, Daapp, 0, 0, 0, 0, , 0, 0, 0, 0, 0, 
539, 1, 546, 477, -1, 201, 140, 102.0, 16, Dapaa, 0, 0, 0, 0, , 0, 0, 0, 0, 0, 
540, 1, 547, 478, -1, 202, 96, 75.0, 16, Dapap, 0, 0, 0, 0, , 0, 0, 0, 0, 0, 
541, 1, 548, 479, -1, 175, 65, 80.0, 12, Dappaa, 0, 0, 0, 0, , 0, 0, 0, 0, 0, 
542, 1, 549, 480, -1, 205, 81, 85.0, 14, Dappap, 0, 0, 0, 0, , 0, 0, 0, 0, 0, 
543, 1, 550, 481, -1, 215, 73, 83.5, 12, Dapppa, 0, 0, 0, 0, , 0, 0, 0, 0, 0, 
544, 1, 551, 482, -1, 244, 77, 80.0, 12, Dapppp, 0, 0, 0, 0, , 0, 0, 0, 0, 0, 
545, 1, 552, 483, -1, 171, 81, 181.0, 15, Dpaaa, 0, 0, 0, 0, , 0, 0, 0, 0, 0, 
546, 1, 553, 484, -1, 168, 41, 145.0, 14, Dpaap, 0, 0, 0, 0, , 0, 0, 0, 0, 0, 
547, 1, 554, 485, -1, 166, 104, 193.0, 12, Dpapa, 0, 0, 0, 0, , 0, 0, 0, 0, 0, 
548, 1, 555, 486, -1, 182, 105, 189.0, 12, Dpapp, 0, 0, 0, 0, , 0, 0, 0, 0, 0, 
549, 1, 556, 487, -1, 192, 76, 180.5, 14, Dppaa, 0, 0, 0, 0, , 0, 0, 0, 0, 0, 
550, 1, 557, 488, -1, 198, 44, 147.66667, 15, Dppap, 0, 0, 0, 0, , 0, 0, 0, 0, 0, 
551, 1, 558, 489, -1, 167, 44, 120.0, 14, Dpppaa, 0, 0, 0, 0, , 0, 0, 0, 0, 0, 
552, 1, 559, 490, -1, 190, 35, 123.0, 14, Dpppap, 0, 0, 0, 0, , 0, 0, 0, 0, 0, 
553, 1, 560, 491, -1, 204, 38, 121.0, 15, Dppppa, 0, 0, 0, 0, , 0, 0, 0, 0, 0, 
554, 1, 561, 492, -1, 231, 40, 131.0, 15, Dppppp, 0, 0, 0, 0, , 0, 0, 0, 0, 0, 
555, 1, 562, 493, -1, 266, 85, 154.66667, 18, Z2, 0, 0, 0, 0, , 0, 0, 0, 0, 0, 
556, 1, 563, 494, -1, 260, 124, 138.0, 16, Z3, 0, 0, 0, 0, , 0, 0, 0, 0, 0, 
557, 1, 564, 495, -1, 128, 81, 112.0, 13, MSaaaaapap, 0, 0, 0, 0, , 0, 0, 0, 0, 0, 
558, 1, 565, 496, -1, 177, 77, 112.0, 11, MSaaaappp, 0, 0, 0, 0, , 0, 0, 0, 0, 0, 
559, 0, 566, -1, -1, 120, 94, 107.0, 14, , 0, 0, 0, 0, , 0, 0, 0, 0, 0, 
560, 1, 567, 498, -1, 192, 113, 123.0, 11, MSaapapa, 0, 0, 0, 0, , 0, 0, 0, 0, 0, 
561, 0, 568, -1, -1, 205, 108, 144.5, 14, , 0, 0, 0, 0, , 0, 0, 0, 0, 0, 
562, 0, 569, -1, -1, 204, 108, 145.0, 14, , 0, 0, 0, 0, , 0, 0, 0, 0, 0, 
563, 1, 570, 501, -1, 186, 92, 147.0, 10, MSpapapaa, 0, 0, 0, 0, , 0, 0, 0, 0, 0, 
564, 1, 571, 502, -1, 199, 92, 160.0, 10, MSpapapap, 0, 0, 0, 0, , 0, 0, 0, 0, 0, 
565, 1, 572, 503, -1, 151, 40, 116.0, 14, MSpppppp, 0, 0, 0, 0, , 0, 0, 0, 0, 0, 
566, 0, 573, -1, -1, 135, 49, 141.0, 12, , 0, 0, 0, 0, , 0, 0, 0, 0, 0, 
567, 0, 574, -1, -1, 153, 85, 176.0, 14, , 0, 0, 0, 0, , 0, 0, 0, 0, 0, 
568, 1, 575, 506, -1, 182, 54, 131.0, 13, MSpaapapp, 0, 0, 0, 0, , 0, 0, 0, 0, 0, 
569, 1, 576, 507, -1, 315, 134, 175.0, 13, ABprppppppp, 0, 0, 0, 0, , 0, 0, 0, 0, 0, 
570, 1, 577, 508, -1, 266, 76, 185.0, 13, ABprappapp, 0, 0, 0, 0, , 0, 0, 0, 0, 0, 
571, 1, 578, 509, -1, 222, 79, 186.0, 13, ABprappaaa, 0, 0, 0, 0, , 0, 0, 0, 0, 0, 
572, 1, 579, 510, -1, 115, 112, 190.0, 12, ABprpaaaaaa, 0, 0, 0, 0, , 0, 0, 0, 0, 0, 
573, 0, 580, -1, -1, 324, 106, 174.5, 11, , 0, 0, 0, 0, , 0, 0, 0, 0, 0, 
574, 1, 581, 512, -1, 189, 106, 91.0, 12, MSaapappa, 0, 0, 0, 0, , 0, 0, 0, 0, 0, 
575, 1, 582, 513, -1, 189, 124, 100.5, 12, MSaapaapa, 0, 0, 0, 0, , 0, 0, 0, 0, 0, 
576, 0, 583, -1, -1, 204, 108, 144.0, 14, , 0, 0, 0, 0, , 0, 0, 0, 0, 0, 
577, 1, 584, 515, -1, 212, 101, 137.0, 15, MSaappap, 0, 0, 0, 0, , 0, 0, 0, 0, 0, 
578, 0, 585, -1, -1, 209, 142, 129.5, 14, , 0, 0, 0, 0, , 0, 0, 0, 0, 0, 
579, 0, 586, -1, -1, 214, 132, 128.0, 12, , 0, 0, 0, 0, , 0, 0, 0, 0, 0, 
580, 1, 587, 1025, -1, 227, 127, 121.0, 13, MSaappppa, 0, 0, 0, 0, , 0, 0, 0, 0, 0, 
581, 1, 587, 519, -1, 242, 128, 121.0, 15, MSaappppp, 0, 0, 0, 0, , 0, 0, 0, 0, 0, 
582, 1, 588, 520, -1, 128, 64, 88.0, 16, MSappaaa, 0, 0, 0, 0, , 0, 0, 0, 0, 0, 
583, 0, 589, -1, -1, 272, 131, 115.0, 16, , 0, 0, 0, 0, , 0, 0, 0, 0, 0, 
584, 0, 591, -1, -1, 163, 151, 128.0, 15, , 0, 0, 0, 0, , 0, 0, 0, 0, 0, 
585, 1, 592, 523, -1, 167, 142, 104.0, 14, MSapppaa, 0, 0, 0, 0, , 0, 0, 0, 0, 0, 
586, 1, 593, 524, -1, 169, 108, 164.5, 14, MSpapaaaa, 0, 0, 0, 0, , 0, 0, 0, 0, 0, 
587, 1, 594, 525, -1, 186, 101, 165.0, 14, MSpapaaap, 0, 0, 0, 0, , 0, 0, 0, 0, 0, 
588, 1, 595, 526, -1, 189, 70, 157.5, 14, MSpapaapp, 0, 0, 0, 0, , 0, 0, 0, 0, 0, 
589, 1, 596, 527, -1, 177, 61, 154.5, 14, MSpapappa, 0, 0, 0, 0, , 0, 0, 0, 0, 0, 
590, 0, 597, -1, -1, 212, 131, 170.5, 15, , 0, 0, 0, 0, , 0, 0, 0, 0, 0, 
591, 1, 598, 529, -1, 251, 135, 125.0, 14, MSpappaa, 0, 0, 0, 0, , 0, 0, 0, 0, 0, 
592, 1, 599, 530, -1, 258, 88, 175.0, 14, MSpappap, 0, 0, 0, 0, , 0, 0, 0, 0, 0, 
593, 1, 600, 531, -1, 191, 104, 178.5, 12, MSpapppaa, 0, 0, 0, 0, , 0, 0, 0, 0, 0, 
594, 1, 601, 532, -1, 210, 95, 161.0, 14, MSpapppap, 0, 0, 0, 0, , 0, 0, 0, 0, 0, 
595, 1, 602, 533, -1, 224, 90, 165.0, 13, MSpappppa, 0, 0, 0, 0, , 0, 0, 0, 0, 0, 
596, 1, 603, 534, -1, 243, 83, 165.0, 13, MSpappppp, 0, 0, 0, 0, , 0, 0, 0, 0, 0, 
597, 1, 604, 535, -1, 110, 74, 151.0, 13, MSppaaap, 0, 0, 0, 0, , 0, 0, 0, 0, 0, 
598, 1, 605, 536, -1, 123, 104, 165.0, 12, MSppaaaad, 0, 0, 0, 0, , 0, 0, 0, 0, 0, 
599, 1, 605, 537, -1, 139, 117, 172.0, 12, MSppaaaav, 0, 0, 0, 0, , 0, 0, 0, 0, 0, 
600, 1, 606, 538, -1, 271, 111, 151.5, 14, MSppaapp, 0, 0, 0, 0, , 0, 0, 0, 0, 0, 
601, 1, 607, 539, -1, 168, 54, 166.0, 14, MSppapaa, 0, 0, 0, 0, , 0, 0, 0, 0, 0, 
602, 1, 608, 540, -1, 135, 107, 188.0, 14, MSppapap, 0, 0, 0, 0, , 0, 0, 0, 0, 0, 
603, 1, 609, 541, -1, 111, 56, 147.0, 15, MSppappa, 0, 0, 0, 0, , 0, 0, 0, 0, 0, 
604, 1, 610, 542, -1, 95, 64, 122.0, 17, MSppappp, 0, 0, 0, 0, , 0, 0, 0, 0, 0, 
605, 1, 611, 543, -1, 111, 58, 125.0, 14, MSpppaaa, 0, 0, 0, 0, , 0, 0, 0, 0, 0, 
606, 1, 612, 544, -1, 271, 72, 159.5, 14, MSpppaap, 0, 0, 0, 0, , 0, 0, 0, 0, 0, 
607, 0, 613, -1, -1, 155, 109, 182.0, 15, , 0, 0, 0, 0, , 0, 0, 0, 0, 0, 
608, 1, 614, 546, -1, 134, 47, 140.5, 12, MSppppap, 0, 0, 0, 0, , 0, 0, 0, 0, 0, 
609, 1, 615, 547, -1, 113, 49, 115.0, 14, MSpppppa, 0, 0, 0, 0, , 0, 0, 0, 0, 0, 
610, 1, 616, 548, -1, 99, 137, 123.0, 12, ABalaaaalar, 0, 0, 0, 0, , 0, 0, 0, 0, 0, 
611, 0, 617, -1, -1, 82, 145, 131.0, 13, , 0, 0, 0, 0, , 0, 0, 0, 0, 0, 
612, 0, 618, -1, -1, 82, 144, 133.5, 13, , 0, 0, 0, 0, , 0, 0, 0, 0, 0, 
613, 0, 619, -1, -1, 82, 145, 132.0, 13, , 0, 0, 0, 0, , 0, 0, 0, 0, 0, 
614, 0, 620, -1, -1, 96, 125, 126.0, 14, , 0, 0, 0, 0, , 0, 0, 0, 0, 0, 
615, 1, 621, 553, -1, 82, 129, 165.0, 13, ABalaaaarra, 0, 0, 0, 0, , 0, 0, 0, 0, 0, 
616, 1, 622, 554, -1, 94, 114, 143.0, 12, ABalaaaarrp, 0, 0, 0, 0, , 0, 0, 0, 0, 0, 
617, 1, 623, 555, -1, 85, 160, 122.5, 12, ABalaaapall, 0, 0, 0, 0, , 0, 0, 0, 0, 0, 
618, 0, 624, -1, -1, 104, 129, 117.0, 14, , 0, 0, 0, 0, , 0, 0, 0, 0, 0, 
619, 0, 625, -1, -1, 105, 128, 113.5, 14, , 0, 0, 0, 0, , 0, 0, 0, 0, 0, 
620, 1, 626, 558, -1, 105, 128, 113.0, 14, ABalaaapalr, 0, 0, 0, 0, , 0, 0, 0, 0, 0, 
621, 1, 627, 559, -1, 78, 134, 136.0, 13, ABalaaaparl, 0, 0, 0, 0, , 0, 0, 0, 0, 0, 
622, 1, 628, 560, -1, 76, 141, 128.0, 12, ABalaaaparr, 0, 0, 0, 0, , 0, 0, 0, 0, 0, 
623, 0, 629, -1, -1, 80, 123, 153.0, 12, , 0, 0, 0, 0, , 0, 0, 0, 0, 0, 
624, 0, 630, -1, -1, 75, 118, 161.0, 12, , 0, 0, 0, 0, , 0, 0, 0, 0, 0, 
625, 1, 631, 564, -1, 81, 124, 150.5, 12, ABalaaappll, 0, 0, 0, 0, , 0, 0, 0, 0, 0, 
626, 1, 632, 565, -1, 74, 119, 161.0, 12, ABalaaapplr, 0, 0, 0, 0, , 0, 0, 0, 0, 0, 
627, 1, 633, 566, -1, 101, 95, 151.5, 13, ABalaaapprl, 0, 0, 0, 0, , 0, 0, 0, 0, 0, 
628, 1, 634, 567, -1, 76, 120, 184.0, 12, ABalaaapprr, 0, 0, 0, 0, , 0, 0, 0, 0, 0, 
629, 1, 635, 568, -1, 92, 102, 145.5, 13, ABalaapaaal, 0, 0, 0, 0, , 0, 0, 0, 0, 0, 
630, 1, 636, 569, -1, 101, 106, 157.0, 12, ABalaapaaar, 0, 0, 0, 0, , 0, 0, 0, 0, 0, 
631, 1, 637, 570, -1, 89, 116, 179.0, 11, ABalaapaapa, 0, 0, 0, 0, , 0, 0, 0, 0, 0, 
632, 0, 638, -1, -1, 81, 128, 174.0, 13, , 0, 0, 0, 0, , 0, 0, 0, 0, 0, 
633, 0, 639, -1, -1, 122, 136, 195.0, 12, , 0, 0, 0, 0, , 0, 0, 0, 0, 0, 
634, 0, 640, -1, -1, 97, 114, 195.0, 12, , 0, 0, 0, 0, , 0, 0, 0, 0, 0, 
635, 0, 641, -1, -1, 83, 130, 189.5, 14, , 0, 0, 0, 0, , 0, 0, 0, 0, 0, 
636, 1, 642, 575, -1, 117, 102, 193.0, 13, ABalaapppaa, 0, 0, 0, 0, , 0, 0, 0, 0, 0, 
637, 1, 643, 576, -1, 99, 101, 172.0, 12, ABalaappppa, 0, 0, 0, 0, , 0, 0, 0, 0, 0, 
638, 1, 644, 577, -1, 84, 104, 174.0, 13, ABalaappppp, 0, 0, 0, 0, , 0, 0, 0, 0, 0, 
639, 1, 645, 578, -1, 105, 123, 106.0, 15, ABalapaaaa, 0, 0, 0, 0, , 0, 0, 0, 0, 0, 
640, 0, 646, -1, -1, 85, 130, 109.0, 14, , 0, 0, 0, 0, , 0, 0, 0, 0, 0, 
641, 1, 647, 580, -1, 84, 138, 99.0, 14, ABalapaaapp, 0, 0, 0, 0, , 0, 0, 0, 0, 0, 
642, 0, 648, -1, -1, 120, 149, 109.0, 13, , 0, 0, 0, 0, , 0, 0, 0, 0, 0, 
643, 0, 649, -1, -1, 106, 148, 112.0, 13, , 0, 0, 0, 0, , 0, 0, 0, 0, 0, 
644, 1, 650, 583, -1, 92, 149, 111.0, 13, ABalapaappp, 0, 0, 0, 0, , 0, 0, 0, 0, 0, 
645, 1, 651, 584, -1, 98, 79, 98.0, 14, ABalapapapa, 0, 0, 0, 0, , 0, 0, 0, 0, 0, 
646, 1, 652, 585, -1, 86, 98, 97.5, 15, ABalapapapp, 0, 0, 0, 0, , 0, 0, 0, 0, 0, 
647, 1, 653, 586, -1, 94, 116, 114.0, 14, ABalapappaa, 0, 0, 0, 0, , 0, 0, 0, 0, 0, 
648, 1, 654, 587, -1, 63, 114, 136.0, 13, ABarpaaaaar, 0, 0, 0, 0, , 0, 0, 0, 0, 0, 
649, 0, 655, -1, -1, 84, 114, 105.0, 10, , 0, 0, 0, 0, , 0, 0, 0, 0, 0, 
650, 0, 656, -1, -1, 95, 115, 110.5, 14, , 0, 0, 0, 0, , 0, 0, 0, 0, 0, 
651, 1, 657, 590, -1, 85, 114, 106.0, 12, ABalapappap, 0, 0, 0, 0, , 0, 0, 0, 0, 0, 
652, 0, 658, -1, -1, 83, 125, 92.5, 14, , 0, 0, 0, 0, , 0, 0, 0, 0, 0, 
653, 1, 659, 592, -1, 97, 124, 91.5, 13, ABalapapppa, 0, 0, 0, 0, , 0, 0, 0, 0, 0, 
654, 0, 660, -1, -1, 83, 124, 91.0, 12, , 0, 0, 0, 0, , 0, 0, 0, 0, 0, 
655, 0, 661, -1, -1, 75, 106, 119.0, 13, , 0, 0, 0, 0, , 0, 0, 0, 0, 0, 
656, 0, 663, -1, -1, 95, 77, 150.0, 12, , 0, 0, 0, 0, , 0, 0, 0, 0, 0, 
657, 1, 664, 596, -1, 101, 69, 163.5, 12, ABalappapap, 0, 0, 0, 0, , 0, 0, 0, 0, 0, 
658, 0, 665, -1, -1, 94, 80, 151.0, 12, , 0, 0, 0, 0, , 0, 0, 0, 0, 0, 
659, 1, 666, 598, -1, 79, 98, 153.0, 12, ABalappappa, 0, 0, 0, 0, , 0, 0, 0, 0, 0, 
660, 0, 667, -1, -1, 82, 87, 165.0, 12, , 0, 0, 0, 0, , 0, 0, 0, 0, 0, 
661, 1, 668, 600, -1, 96, 96, 122.0, 14, ABalapppaaa, 0, 0, 0, 0, , 0, 0, 0, 0, 0, 
662, 1, 669, 601, -1, 83, 108, 130.0, 13, ABalapppaap, 0, 0, 0, 0, , 0, 0, 0, 0, 0, 
663, 0, 670, -1, -1, 93, 77, 110.5, 13, , 0, 0, 0, 0, , 0, 0, 0, 0, 0, 
664, 1, 671, 603, -1, 94, 76, 113.0, 13, ABalapppapa, 0, 0, 0, 0, , 0, 0, 0, 0, 0, 
665, 0, 672, -1, -1, 88, 80, 121.0, 14, , 0, 0, 0, 0, , 0, 0, 0, 0, 0, 
666, 1, 673, 605, -1, 90, 96, 138.0, 12, ABalappppaa, 0, 0, 0, 0, , 0, 0, 0, 0, 0, 
667, 0, 674, -1, -1, 80, 86, 133.0, 13, , 0, 0, 0, 0, , 0, 0, 0, 0, 0, 
668, 0, 675, -1, -1, 92, 78, 153.0, 12, , 0, 0, 0, 0, , 0, 0, 0, 0, 0, 
669, 1, 677, 608, -1, 81, 76, 153.5, 12, ABalapppppp, 0, 0, 0, 0, , 0, 0, 0, 0, 0, 
670, 1, 678, 609, -1, 133, 124, 124.0, 11, ABalpaaaaaa, 0, 0, 0, 0, , 0, 0, 0, 0, 0, 
671, 1, 679, 610, -1, 149, 132, 127.0, 12, ABalpaaaaap, 0, 0, 0, 0, , 0, 0, 0, 0, 0, 
672, 0, 680, -1, -1, 142, 125, 138.5, 13, , 0, 0, 0, 0, , 0, 0, 0, 0, 0, 
673, 1, 681, 612, -1, 130, 117, 100.5, 12, ABalpaaapaa, 0, 0, 0, 0, , 0, 0, 0, 0, 0, 
674, 1, 682, 613, -1, 163, 118, 107.0, 12, ABalpaaappp, 0, 0, 0, 0, , 0, 0, 0, 0, 0, 
675, 1, 683, 614, -1, 121, 113, 117.5, 13, ABalpaapaaa, 0, 0, 0, 0, , 0, 0, 0, 0, 0, 
676, 1, 684, 615, -1, 126, 109, 108.0, 14, ABalpaapaap, 0, 0, 0, 0, , 0, 0, 0, 0, 0, 
677, 1, 685, 616, -1, 142, 116, 92.0, 15, ABalpaapapp, 0, 0, 0, 0, , 0, 0, 0, 0, 0, 
678, 1, 686, 617, -1, 106, 130, 140.0, 12, ABalpaappaa, 0, 0, 0, 0, , 0, 0, 0, 0, 0, 
679, 1, 687, 618, -1, 117, 134, 141.0, 13, ABalpaappap, 0, 0, 0, 0, , 0, 0, 0, 0, 0, 
680, 0, 688, -1, -1, 89, 129, 141.0, 13, , 0, 0, 0, 0, , 0, 0, 0, 0, 0, 
681, 0, 689, -1, -1, 89, 146, 146.0, 13, , 0, 0, 0, 0, , 0, 0, 0, 0, 0, 
682, 0, 690, -1, -1, 90, 146, 144.0, 12, , 0, 0, 0, 0, , 0, 0, 0, 0, 0, 
683, 1, 691, 622, -1, 115, 144, 142.0, 11, ABalpapaaaa, 0, 0, 0, 0, , 0, 0, 0, 0, 0, 
684, 0, 692, -1, -1, 110, 158, 170.5, 15, , 0, 0, 0, 0, , 0, 0, 0, 0, 0, 
685, 0, 693, -1, -1, 119, 131, 162.0, 13, , 0, 0, 0, 0, , 0, 0, 0, 0, 0, 
686, 1, 694, 625, -1, 153, 158, 167.0, 13, ABalpapapaa, 0, 0, 0, 0, , 0, 0, 0, 0, 0, 
687, 1, 695, 626, -1, 169, 170, 174.0, 14, ABalpapapap, 0, 0, 0, 0, , 0, 0, 0, 0, 0, 
688, 1, 696, 627, -1, 214, 159, 160.5, 12, ABalpapappa, 0, 0, 0, 0, , 0, 0, 0, 0, 0, 
689, 0, 697, -1, -1, 207, 142, 141.0, 13, , 0, 0, 0, 0, , 0, 0, 0, 0, 0, 
690, 0, 698, -1, -1, 144, 125, 134.0, 13, , 0, 0, 0, 0, , 0, 0, 0, 0, 0, 
691, 1, 699, 630, -1, 146, 126, 151.0, 13, ABalpappapa, 0, 0, 0, 0, , 0, 0, 0, 0, 0, 
692, 0, 700, -1, -1, 191, 113, 151.0, 13, , 0, 0, 0, 0, , 0, 0, 0, 0, 0, 
693, 1, 701, 632, -1, 145, 125, 101.0, 13, ABalpapppaa, 0, 0, 0, 0, , 0, 0, 0, 0, 0, 
694, 1, 702, 633, -1, 158, 112, 123.5, 12, ABalpapppap, 0, 0, 0, 0, , 0, 0, 0, 0, 0, 
695, 1, 703, 634, -1, 164, 126, 150.0, 15, ABalpappppa, 0, 0, 0, 0, , 0, 0, 0, 0, 0, 
696, 1, 704, 635, -1, 163, 131, 126.5, 15, ABalpappppp, 0, 0, 0, 0, , 0, 0, 0, 0, 0, 
697, 0, 705, -1, -1, 95, 168, 130.0, 12, , 0, 0, 0, 0, , 0, 0, 0, 0, 0, 
698, 0, 707, -1, -1, 92, 166, 135.0, 12, , 0, 0, 0, 0, , 0, 0, 0, 0, 0, 
699, 0, 708, -1, -1, 97, 167, 124.5, 12, , 0, 0, 0, 0, , 0, 0, 0, 0, 0, 
700, 0, 709, -1, -1, 99, 153, 161.0, 11, , 0, 0, 0, 0, , 0, 0, 0, 0, 0, 
701, 0, 710, -1, -1, 116, 148, 157.0, 11, , 0, 0, 0, 0, , 0, 0, 0, 0, 0, 
702, 1, 711, 641, -1, 111, 145, 130.0, 13, ABalppapaaa, 0, 0, 0, 0, , 0, 0, 0, 0, 0, 
703, 1, 712, 642, -1, 92, 157, 148.0, 12, ABalppapaap, 0, 0, 0, 0, , 0, 0, 0, 0, 0, 
704, 0, 713, -1, -1, 111, 158, 166.0, 12, , 0, 0, 0, 0, , 0, 0, 0, 0, 0, 
705, 1, 715, 644, -1, 143, 167, 156.5, 12, ABalppapapa, 0, 0, 0, 0, , 0, 0, 0, 0, 0, 
706, 0, 716, -1, -1, 116, 171, 158.0, 13, , 0, 0, 0, 0, , 0, 0, 0, 0, 0, 
707, 0, 717, -1, -1, 119, 149, 109.0, 13, , 0, 0, 0, 0, , 0, 0, 0, 0, 0, 
708, 0, 718, -1, -1, 119, 149, 111.0, 11, , 0, 0, 0, 0, , 0, 0, 0, 0, 0, 
709, 0, 719, -1, -1, 131, 159, 107.0, 13, , 0, 0, 0, 0, , 0, 0, 0, 0, 0, 
710, 1, 720, 648, -1, 119, 148, 111.0, 11, ABalppappaa, 0, 0, 0, 0, , 0, 0, 0, 0, 0, 
711, 1, 721, 649, -1, 116, 156, 135.0, 13, ABalppappap, 0, 0, 0, 0, , 0, 0, 0, 0, 0, 
712, 1, 722, 650, -1, 138, 158, 145.5, 12, ABalppapppa, 0, 0, 0, 0, , 0, 0, 0, 0, 0, 
713, 1, 723, 651, -1, 123, 153, 140.0, 11, ABalppapppp, 0, 0, 0, 0, , 0, 0, 0, 0, 0, 
714, 1, 724, 652, -1, 113, 169, 110.5, 13, ABalpppaaaa, 0, 0, 0, 0, , 0, 0, 0, 0, 0, 
715, 1, 725, 653, -1, 104, 168, 134.0, 12, ABalpppaaap, 0, 0, 0, 0, , 0, 0, 0, 0, 0, 
716, 1, 726, 654, -1, 78, 156, 113.0, 13, ABalpppaapd, 0, 0, 0, 0, , 0, 0, 0, 0, 0, 
717, 1, 727, 655, -1, 94, 165, 110.0, 13, ABalpppaapv, 0, 0, 0, 0, , 0, 0, 0, 0, 0, 
718, 1, 728, 656, -1, 111, 175, 124.0, 12, ABalpppapad, 0, 0, 0, 0, , 0, 0, 0, 0, 0, 
719, 1, 729, 657, -1, 144, 169, 107.0, 12, ABalpppapav, 0, 0, 0, 0, , 0, 0, 0, 0, 0, 
720, 1, 730, 658, -1, 126, 139, 74.0, 14, ABalpppappp, 0, 0, 0, 0, , 0, 0, 0, 0, 0, 
721, 1, 731, 659, -1, 134, 132, 82.0, 15, ABalppppaad, 0, 0, 0, 0, , 0, 0, 0, 0, 0, 
722, 0, 732, -1, -1, 92, 147, 93.0, 15, , 0, 0, 0, 0, , 0, 0, 0, 0, 0, 
723, 1, 733, 661, -1, 141, 154, 98.0, 13, ABalpppppaa, 0, 0, 0, 0, , 0, 0, 0, 0, 0, 
724, 0, 734, -1, -1, 142, 153, 91.0, 13, , 0, 0, 0, 0, , 0, 0, 0, 0, 0, 
725, 1, 735, 663, -1, 146, 148, 87.0, 13, ABalpppppap, 0, 0, 0, 0, , 0, 0, 0, 0, 0, 
726, 0, 736, -1, -1, 148, 147, 78.0, 15, , 0, 0, 0, 0, , 0, 0, 0, 0, 0, 
727, 1, 737, 665, -1, 154, 152, 73.0, 15, ABalppppppaa, 0, 0, 0, 0, , 0, 0, 0, 0, 0, 
728, 1, 738, 666, -1, 169, 146, 73.0, 12, ABalppppppap, 0, 0, 0, 0, , 0, 0, 0, 0, 0, 
729, 1, 739, 667, -1, 138, 167, 83.5, 13, ABalpppppppa, 0, 0, 0, 0, , 0, 0, 0, 0, 0, 
730, 1, 740, 668, -1, 147, 174, 100.0, 15, ABalpppppppp, 0, 0, 0, 0, , 0, 0, 0, 0, 0, 
731, 1, 741, 669, -1, 126, 125, 127.0, 13, ABaraaaaaaa, 0, 0, 0, 0, , 0, 0, 0, 0, 0, 
732, 0, 742, -1, -1, 134, 124, 115.5, 12, , 0, 0, 0, 0, , 0, 0, 0, 0, 0, 
733, 1, 742, 671, -1, 134, 121, 114.0, 12, ABaraaaaaap, 0, 0, 0, 0, , 0, 0, 0, 0, 0, 
734, 0, 743, -1, -1, 119, 109, 149.0, 13, , 0, 0, 0, 0, , 0, 0, 0, 0, 0, 
735, 1, 744, 673, -1, 122, 111, 147.0, 13, ABaraaaaapa, 0, 0, 0, 0, , 0, 0, 0, 0, 0, 
736, 1, 745, 674, -1, 135, 95, 151.0, 11, ABaraaaaapp, 0, 0, 0, 0, , 0, 0, 0, 0, 0, 
737, 1, 746, -1, -1, 107, 115, 139.0, 10, ABaraaaapaa, 0, 0, 0, 0, , 0, 0, 0, 0, 0, 
738, 1, 747, 676, -1, 115, 104, 128.0, 14, ABaraaaapap, 0, 0, 0, 0, , 0, 0, 0, 0, 0, 
739, 1, 748, 677, -1, 115, 104, 141.0, 11, ABaraaapaaa, 0, 0, 0, 0, , 0, 0, 0, 0, 0, 
740, 1, 749, 678, -1, 121, 90, 142.0, 15, ABaraaapaap, 0, 0, 0, 0, , 0, 0, 0, 0, 0, 
741, 1, 750, 679, -1, 139, 75, 137.5, 15, ABaraaapapa, 0, 0, 0, 0, , 0, 0, 0, 0, 0, 
742, 1, 751, 680, -1, 149, 66, 151.0, 15, ABaraaapapp, 0, 0, 0, 0, , 0, 0, 0, 0, 0, 
743, 1, 752, 681, -1, 109, 117, 142.0, 13, ABaraaappaa, 0, 0, 0, 0, , 0, 0, 0, 0, 0, 
744, 1, 753, 682, -1, 119, 126, 155.0, 13, ABaraaappap, 0, 0, 0, 0, , 0, 0, 0, 0, 0, 
745, 1, 754, 683, -1, 97, 122, 152.0, 13, ABaraaapppa, 0, 0, 0, 0, , 0, 0, 0, 0, 0, 
746, 0, 755, -1, -1, 96, 150, 173.0, 12, , 0, 0, 0, 0, , 0, 0, 0, 0, 0, 
747, 0, 756, -1, -1, 96, 134, 164.0, 12, , 0, 0, 0, 0, , 0, 0, 0, 0, 0, 
748, 0, 757, -1, -1, 98, 136, 166.0, 12, , 0, 0, 0, 0, , 0, 0, 0, 0, 0, 
749, 1, 758, 687, -1, 115, 102, 121.0, 12, ABaraapaaaa, 0, 0, 0, 0, , 0, 0, 0, 0, 0, 
750, 0, 759, -1, -1, 119, 94, 107.0, 14, , 0, 0, 0, 0, , 0, 0, 0, 0, 0, 
751, 1, 760, 689, -1, 122, 96, 100.0, 12, ABaraapaapa, 0, 0, 0, 0, , 0, 0, 0, 0, 0, 
752, 1, 761, 690, -1, 161, 91, 87.0, 14, ABaraapaapp, 0, 0, 0, 0, , 0, 0, 0, 0, 0, 
753, 1, 762, 691, -1, 170, 112, 95.0, 17, ABaraapapaa, 0, 0, 0, 0, , 0, 0, 0, 0, 0, 
754, 1, 763, 692, -1, 175, 103, 82.5, 13, ABaraapapap, 0, 0, 0, 0, , 0, 0, 0, 0, 0, 
755, 1, 764, 693, -1, 178, 126, 94.5, 13, ABaraapappa, 0, 0, 0, 0, , 0, 0, 0, 0, 0, 
756, 1, 765, 694, -1, 179, 122, 115.0, 14, ABaraapappp, 0, 0, 0, 0, , 0, 0, 0, 0, 0, 
757, 1, 766, 695, -1, 113, 91, 122.0, 14, ABaraappaaa, 0, 0, 0, 0, , 0, 0, 0, 0, 0, 
758, 1, 767, 696, -1, 124, 87, 129.0, 13, ABaraappaap, 0, 0, 0, 0, , 0, 0, 0, 0, 0, 
759, 1, 768, 697, -1, 118, 76, 131.0, 15, ABaraappapa, 0, 0, 0, 0, , 0, 0, 0, 0, 0, 
760, 1, 769, 423, -1, 151, 55, 136.0, 15, ABaraappapp, 0, 0, 0, 0, , 0, 0, 0, 0, 0, 
761, 1, 770, 698, -1, 154, 56, 124.0, 15, MSpaapaaa, 0, 0, 0, 0, , 0, 0, 0, 0, 0, 
762, 1, 771, 699, -1, 162, 73, 158.0, 15, ABaraapppaa, 0, 0, 0, 0, , 0, 0, 0, 0, 0, 
763, 1, 772, 700, -1, 161, 56, 148.0, 15, ABaraapppap, 0, 0, 0, 0, , 0, 0, 0, 0, 0, 
764, 1, 773, 701, -1, 169, 78, 167.0, 12, ABaraappppa, 0, 0, 0, 0, , 0, 0, 0, 0, 0, 
765, 1, 774, 702, -1, 173, 95, 160.0, 13, ABaraappppp, 0, 0, 0, 0, , 0, 0, 0, 0, 0, 
766, 1, 775, 703, -1, 131, 105, 152.0, 13, ABarapaaaaa, 0, 0, 0, 0, , 0, 0, 0, 0, 0, 
767, 1, 776, 704, -1, 150, 115, 162.0, 10, ABarapaaaap, 0, 0, 0, 0, , 0, 0, 0, 0, 0, 
768, 1, 777, 705, -1, 141, 112, 157.0, 11, ABarapaaapa, 0, 0, 0, 0, , 0, 0, 0, 0, 0, 
769, 1, 778, 706, -1, 130, 82, 150.0, 13, ABarapaapaa, 0, 0, 0, 0, , 0, 0, 0, 0, 0, 
770, 1, 779, 707, -1, 134, 62, 153.5, 13, ABarapaapap, 0, 0, 0, 0, , 0, 0, 0, 0, 0, 
771, 1, 780, 708, -1, 142, 75, 162.0, 12, ABarapaappa, 0, 0, 0, 0, , 0, 0, 0, 0, 0, 
772, 1, 781, 709, -1, 158, 88, 155.0, 12, ABarapaappp, 0, 0, 0, 0, , 0, 0, 0, 0, 0, 
773, 1, 782, 710, -1, 143, 97, 168.0, 13, ABarapapaap, 0, 0, 0, 0, , 0, 0, 0, 0, 0, 
774, 1, 783, 711, -1, 132, 133, 152.0, 12, ABarapapapa, 0, 0, 0, 0, , 0, 0, 0, 0, 0, 
775, 0, 784, -1, -1, 192, 112, 149.0, 14, , 0, 0, 0, 0, , 0, 0, 0, 0, 0, 
776, 0, 785, -1, -1, 191, 114, 152.0, 14, , 0, 0, 0, 0, , 0, 0, 0, 0, 0, 
777, 1, 786, 714, -1, 194, 114, 143.0, 14, ABalpappapp, 0, 0, 0, 0, , 0, 0, 0, 0, 0, 
778, 1, 787, 715, -1, 190, 115, 154.0, 12, ABarapapapp, 0, 0, 0, 0, , 0, 0, 0, 0, 0, 
779, 1, 788, 716, -1, 140, 86, 161.0, 12, ABarapappaa, 0, 0, 0, 0, , 0, 0, 0, 0, 0, 
780, 1, 790, 717, -1, 179, 121, 141.5, 15, ABarapapppa, 0, 0, 0, 0, , 0, 0, 0, 0, 0, 
781, 1, 791, 718, -1, 158, 104, 171.0, 15, ABarapapppp, 0, 0, 0, 0, , 0, 0, 0, 0, 0, 
782, 1, 792, 719, -1, 116, 139, 148.0, 13, ABalpapaapa, 0, 0, 0, 0, , 0, 0, 0, 0, 0, 
783, 1, 793, 720, -1, 117, 132, 162.5, 12, ABarappaaaa, 0, 0, 0, 0, , 0, 0, 0, 0, 0, 
784, 1, 794, 721, -1, 149, 149, 173.0, 13, ABarappapaa, 0, 0, 0, 0, , 0, 0, 0, 0, 0, 
785, 1, 795, 722, -1, 167, 152, 191.0, 15, ABarappapap, 0, 0, 0, 0, , 0, 0, 0, 0, 0, 
786, 1, 796, 723, -1, 201, 95, 146.0, 15, MSpapappp, 0, 0, 0, 0, , 0, 0, 0, 0, 0, 
787, 0, 797, -1, -1, 211, 130, 172.0, 13, , 0, 0, 0, 0, , 0, 0, 0, 0, 0, 
788, 0, 798, -1, -1, 195, 131, 190.0, 13, , 0, 0, 0, 0, , 0, 0, 0, 0, 0, 
789, 1, 799, 726, -1, 101, 118, 170.0, 10, ABarapppaaa, 0, 0, 0, 0, , 0, 0, 0, 0, 0, 
790, 1, 800, 727, -1, 100, 133, 169.0, 11, ABarapppaap, 0, 0, 0, 0, , 0, 0, 0, 0, 0, 
791, 1, 801, 728, -1, 138, 148, 176.0, 12, ABarapppapa, 0, 0, 0, 0, , 0, 0, 0, 0, 0, 
792, 1, 802, 729, -1, 125, 150, 181.5, 14, ABarapppapp, 0, 0, 0, 0, , 0, 0, 0, 0, 0, 
793, 1, 803, 730, -1, 112, 104, 178.0, 13, ABarappppaa, 0, 0, 0, 0, , 0, 0, 0, 0, 0, 
794, 1, 804, 731, -1, 110, 121, 178.5, 12, ABarappppap, 0, 0, 0, 0, , 0, 0, 0, 0, 0, 
795, 1, 805, 732, -1, 128, 136, 176.0, 15, ABarapppppa, 0, 0, 0, 0, , 0, 0, 0, 0, 0, 
796, 1, 806, 733, -1, 116, 132, 169.0, 13, ABarapppppp, 0, 0, 0, 0, , 0, 0, 0, 0, 0, 
797, 1, 807, 734, -1, 61, 121, 129.0, 12, ABarpaaaaal, 0, 0, 0, 0, , 0, 0, 0, 0, 0, 
798, 1, 808, 735, -1, 68, 118, 119.0, 14, ABarpaaaapa, 0, 0, 0, 0, , 0, 0, 0, 0, 0, 
799, 1, 809, 736, -1, 74, 114, 96.0, 12, ABarpaaaapp, 0, 0, 0, 0, , 0, 0, 0, 0, 0, 
800, 1, 810, 737, -1, 69, 102, 136.0, 12, ABarpaaapaa, 0, 0, 0, 0, , 0, 0, 0, 0, 0, 
801, 1, 811, 738, -1, 68, 88, 147.5, 14, ABarpaaapap, 0, 0, 0, 0, , 0, 0, 0, 0, 0, 
802, 1, 812, 739, -1, 62, 84, 124.0, 15, ABarpaapaa, 0, 0, 0, 0, , 0, 0, 0, 0, 0, 
803, 1, 813, 740, -1, 96, 59, 98.0, 15, ABarpaapap, 0, 0, 0, 0, , 0, 0, 0, 0, 0, 
804, 1, 814, 741, -1, 112, 62, 83.0, 14, ABarpaappa, 0, 0, 0, 0, , 0, 0, 0, 0, 0, 
805, 1, 815, 742, -1, 137, 34, 139.5, 15, ABarpaappp, 0, 0, 0, 0, , 0, 0, 0, 0, 0, 
806, 1, 816, 743, -1, 82, 87, 130.5, 13, ABarpapaaaa, 0, 0, 0, 0, , 0, 0, 0, 0, 0, 
807, 1, 817, 744, -1, 79, 87, 135.5, 13, ABalappppap, 0, 0, 0, 0, , 0, 0, 0, 0, 0, 
808, 1, 818, 745, -1, 86, 78, 124.0, 14, ABalapppapp, 0, 0, 0, 0, , 0, 0, 0, 0, 0, 
809, 1, 819, 746, -1, 77, 72, 139.0, 12, ABarpapaaap, 0, 0, 0, 0, , 0, 0, 0, 0, 0, 
810, 1, 820, 747, -1, 94, 69, 135.5, 14, ABarpapaapp, 0, 0, 0, 0, , 0, 0, 0, 0, 0, 
811, 1, 821, 748, -1, 56, 108, 126.0, 15, ABarpapapa, 0, 0, 0, 0, , 0, 0, 0, 0, 0, 
812, 1, 822, 749, -1, 82, 68, 104.5, 15, ABarpapapp, 0, 0, 0, 0, , 0, 0, 0, 0, 0, 
813, 0, 823, -1, -1, 108, 102, 206.5, 14, , 0, 0, 0, 0, , 0, 0, 0, 0, 0, 
814, 1, 824, 751, -1, 108, 100, 207.0, 14, ABarpappap, 0, 0, 0, 0, , 0, 0, 0, 0, 0, 
815, 1, 825, 752, -1, 129, 99, 64.0, 13, ABarppaaaa, 0, 0, 0, 0, , 0, 0, 0, 0, 0, 
816, 1, 826, 753, -1, 164, 28, 126.0, 15, ABarppaapa, 0, 0, 0, 0, , 0, 0, 0, 0, 0, 
817, 1, 827, 754, -1, 196, 112, 69.0, 16, ABarppaapp, 0, 0, 0, 0, , 0, 0, 0, 0, 0, 
818, 1, 828, 755, -1, 124, 42, 149.0, 12, ABarpppaaa, 0, 0, 0, 0, , 0, 0, 0, 0, 0, 
819, 1, 829, 756, -1, 155, 82, 64.0, 15, ABarpppapa, 0, 0, 0, 0, , 0, 0, 0, 0, 0, 
820, 1, 830, 757, -1, 185, 40, 158.0, 15, ABarpppapp, 0, 0, 0, 0, , 0, 0, 0, 0, 0, 
821, 1, 831, 758, -1, 85, 102, 106.5, 15, ABplaaaaaaa, 0, 0, 0, 0, , 0, 0, 0, 0, 0, 
822, 1, 832, 759, -1, 81, 112, 87.0, 12, ABplaaaaaap, 0, 0, 0, 0, , 0, 0, 0, 0, 0, 
823, 1, 833, 760, -1, 100, 106, 86.0, 13, ABplaaaaapp, 0, 0, 0, 0, , 0, 0, 0, 0, 0, 
824, 1, 834, 761, -1, 64, 102, 102.0, 15, ABplaaaapa, 0, 0, 0, 0, , 0, 0, 0, 0, 0, 
825, 1, 835, 762, -1, 72, 81, 103.0, 16, ABplaaaapp, 0, 0, 0, 0, , 0, 0, 0, 0, 0, 
826, 1, 836, 763, -1, 74, 144, 96.0, 15, ABplaaapaa, 0, 0, 0, 0, , 0, 0, 0, 0, 0, 
827, 1, 837, 764, -1, 118, 179, 110.0, 11, ABplaaapap, 0, 0, 0, 0, , 0, 0, 0, 0, 0, 
828, 1, 838, 1077, -1, 76, 122, 136.0, 13, ABplaapaaaa, 0, 0, 0, 0, , 0, 0, 0, 0, 0, 
829, 1, 839, 766, -1, 67, 130, 121.0, 13, ABplaapaaap, 0, 0, 0, 0, , 0, 0, 0, 0, 0, 
830, 0, 840, -1, -1, 80, 148, 107.0, 11, , 0, 0, 0, 0, , 0, 0, 0, 0, 0, 
831, 0, 841, -1, -1, 101, 135, 102.0, 11, , 0, 0, 0, 0, , 0, 0, 0, 0, 0, 
832, 0, 842, -1, -1, 92, 146, 93.0, 12, , 0, 0, 0, 0, , 0, 0, 0, 0, 0, 
833, 0, 843, -1, -1, 106, 151, 85.0, 15, , 0, 0, 0, 0, , 0, 0, 0, 0, 0, 
834, 1, 844, 771, -1, 166, 141, 86.0, 13, ABplaapapaa, 0, 0, 0, 0, , 0, 0, 0, 0, 0, 
835, 1, 845, 772, -1, 162, 137, 74.0, 13, ABplaapapap, 0, 0, 0, 0, , 0, 0, 0, 0, 0, 
836, 1, 846, 773, -1, 171, 145, 62.0, 14, ABarppaaap, 0, 0, 0, 0, , 0, 0, 0, 0, 0, 
837, 1, 847, 774, -1, 158, 122, 68.5, 14, ABplaapappa, 0, 0, 0, 0, , 0, 0, 0, 0, 0, 
838, 1, 848, 775, -1, 147, 138, 63.5, 16, ABplaapappp, 0, 0, 0, 0, , 0, 0, 0, 0, 0, 
839, 1, 849, 776, -1, 114, 171, 164.0, 13, ABplaappaa, 0, 0, 0, 0, , 0, 0, 0, 0, 0, 
840, 1, 850, 777, -1, 121, 169, 151.0, 13, ABalppapapp, 0, 0, 0, 0, , 0, 0, 0, 0, 0, 
841, 1, 851, 778, -1, 139, 171, 170.0, 15, ABplaappap, 0, 0, 0, 0, , 0, 0, 0, 0, 0, 
842, 1, 852, 779, -1, 174, 179, 152.0, 15, ABplaapppa, 0, 0, 0, 0, , 0, 0, 0, 0, 0, 
843, 1, 853, 780, -1, 196, 164, 98.0, 17, ABplaapppp, 0, 0, 0, 0, , 0, 0, 0, 0, 0, 
844, 1, 854, 781, -1, 152, 111, 60.0, 16, ABplapaaaap, 0, 0, 0, 0, , 0, 0, 0, 0, 0, 
845, 1, 855, 782, -1, 182, 141, 73.0, 15, ABplapaaapa, 0, 0, 0, 0, , 0, 0, 0, 0, 0, 
846, 1, 856, 783, -1, 199, 135, 76.0, 15, ABplapaaapp, 0, 0, 0, 0, , 0, 0, 0, 0, 0, 
847, 1, 857, 784, -1, 199, 170, 148.0, 13, ABplapaapa, 0, 0, 0, 0, , 0, 0, 0, 0, 0, 
848, 1, 858, 785, -1, 213, 154, 103.0, 17, ABplapaapp, 0, 0, 0, 0, , 0, 0, 0, 0, 0, 
849, 1, 859, 786, -1, 278, 171, 121.0, 17, ABplapappa, 0, 0, 0, 0, , 0, 0, 0, 0, 0, 
850, 1, 860, 787, -1, 318, 156, 138.0, 14, ABplapapppp, 0, 0, 0, 0, , 0, 0, 0, 0, 0, 
851, 1, 861, 788, -1, 227, 139, 88.0, 14, ABplappaaa, 0, 0, 0, 0, , 0, 0, 0, 0, 0, 
852, 1, 862, 789, -1, 244, 139, 96.0, 15, ABplappaap, 0, 0, 0, 0, , 0, 0, 0, 0, 0, 
853, 1, 863, 790, -1, 259, 149, 102.0, 14, ABplappapp, 0, 0, 0, 0, , 0, 0, 0, 0, 0, 
854, 1, 864, 791, -1, 294, 166, 125.0, 14, ABplapppaaa, 0, 0, 0, 0, , 0, 0, 0, 0, 0, 
855, 1, 865, 792, -1, 298, 158, 147.0, 13, ABplapppapp, 0, 0, 0, 0, , 0, 0, 0, 0, 0, 
856, 1, 866, 793, -1, 265, 162, 164.0, 14, ABplappppa, 0, 0, 0, 0, , 0, 0, 0, 0, 0, 
857, 1, 867, 794, -1, 129, 151, 119.0, 13, ABplpaaaaaa, 0, 0, 0, 0, , 0, 0, 0, 0, 0, 
858, 1, 868, 795, -1, 162, 166, 105.0, 13, ABplpaaaaap, 0, 0, 0, 0, , 0, 0, 0, 0, 0, 
859, 1, 869, 796, -1, 185, 161, 167.0, 12, ABplpaaaapa, 0, 0, 0, 0, , 0, 0, 0, 0, 0, 
860, 1, 870, 797, -1, 218, 143, 148.5, 13, ABplpaaaapp, 0, 0, 0, 0, , 0, 0, 0, 0, 0, 
861, 0, 871, -1, -1, 135, 157, 135.0, 12, , 0, 0, 0, 0, , 0, 0, 0, 0, 0, 
862, 1, 872, 799, -1, 135, 156, 135.0, 12, ABplpaaapaa, 0, 0, 0, 0, , 0, 0, 0, 0, 0, 
863, 1, 873, 800, -1, 126, 176, 135.0, 12, ABplpaaapap, 0, 0, 0, 0, , 0, 0, 0, 0, 0, 
864, 1, 874, 801, -1, 132, 164, 127.0, 15, ABplpaaappa, 0, 0, 0, 0, , 0, 0, 0, 0, 0, 
865, 0, 875, -1, -1, 155, 174, 152.0, 13, , 0, 0, 0, 0, , 0, 0, 0, 0, 0, 
866, 0, 876, -1, -1, 152, 174, 146.0, 11, , 0, 0, 0, 0, , 0, 0, 0, 0, 0, 
867, 1, 877, 804, -1, 146, 166, 127.0, 13, ABplpaaappp, 0, 0, 0, 0, , 0, 0, 0, 0, 0, 
868, 0, 878, -1, -1, 159, 168, 100.0, 14, , 0, 0, 0, 0, , 0, 0, 0, 0, 0, 
869, 0, 879, -1, -1, 156, 166, 89.0, 12, , 0, 0, 0, 0, , 0, 0, 0, 0, 0, 
870, 1, 880, 806, -1, 88, 162, 96.5, 14, ABplpaapapa, 0, 0, 0, 0, , 0, 0, 0, 0, 0, 
871, 1, 881, 807, -1, 138, 180, 143.0, 12, ABplpaapapp, 0, 0, 0, 0, , 0, 0, 0, 0, 0, 
872, 1, 882, 808, -1, 167, 155, 93.0, 13, ABplpaappaa, 0, 0, 0, 0, , 0, 0, 0, 0, 0, 
873, 0, 883, -1, -1, 169, 162, 81.0, 13, , 0, 0, 0, 0, , 0, 0, 0, 0, 0, 
874, 0, 884, -1, -1, 170, 162, 81.0, 13, , 0, 0, 0, 0, , 0, 0, 0, 0, 0, 
875, 0, 885, -1, -1, 169, 171, 143.0, 12, , 0, 0, 0, 0, , 0, 0, 0, 0, 0, 
876, 0, 886, -1, -1, 170, 171, 139.0, 12, , 0, 0, 0, 0, , 0, 0, 0, 0, 0, 
877, 1, 887, 813, -1, 167, 150, 156.5, 12, ABplpapaaaa, 0, 0, 0, 0, , 0, 0, 0, 0, 0, 
878, 0, 888, -1, -1, 163, 152, 126.0, 15, , 0, 0, 0, 0, , 0, 0, 0, 0, 0, 
879, 0, 889, -1, -1, 176, 159, 156.0, 12, , 0, 0, 0, 0, , 0, 0, 0, 0, 0, 
880, 0, 890, -1, -1, 153, 156, 157.0, 13, , 0, 0, 0, 0, , 0, 0, 0, 0, 0, 
881, 1, 891, 817, -1, 157, 163, 146.0, 13, ABplpapaapp, 0, 0, 0, 0, , 0, 0, 0, 0, 0, 
882, 0, 892, -1, -1, 178, 148, 140.0, 12, , 0, 0, 0, 0, , 0, 0, 0, 0, 0, 
883, 0, 893, -1, -1, 179, 159, 141.0, 11, , 0, 0, 0, 0, , 0, 0, 0, 0, 0, 
884, 1, 894, 820, -1, 201, 153, 150.0, 13, ABplpapappa, 0, 0, 0, 0, , 0, 0, 0, 0, 0, 
885, 1, 895, 1033, -1, 232, 122, 162.0, 13, ABplpapappp, 0, 0, 0, 0, , 0, 0, 0, 0, 0, 
886, 1, 896, 822, -1, 144, 146, 156.0, 13, ABplpappaaa, 0, 0, 0, 0, , 0, 0, 0, 0, 0, 
887, 0, 897, -1, -1, 170, 155, 177.0, 15, , 0, 0, 0, 0, , 0, 0, 0, 0, 0, 
888, 0, 898, -1, -1, 177, 136, 168.0, 15, , 0, 0, 0, 0, , 0, 0, 0, 0, 0, 
889, 1, 899, 825, -1, 264, 137, 153.0, 13, ABplpapppaa, 0, 0, 0, 0, , 0, 0, 0, 0, 0, 
890, 1, 900, 826, -1, 267, 122, 169.0, 12, ABplpapppap, 0, 0, 0, 0, , 0, 0, 0, 0, 0, 
891, 1, 901, 827, -1, 271, 126, 154.0, 13, ABplpappppa, 0, 0, 0, 0, , 0, 0, 0, 0, 0, 
892, 1, 902, 828, -1, 288, 138, 160.0, 12, ABplpappppp, 0, 0, 0, 0, , 0, 0, 0, 0, 0, 
893, 1, 903, 829, -1, 161, 179, 127.0, 13, ABplppaaaaa, 0, 0, 0, 0, , 0, 0, 0, 0, 0, 
894, 0, 906, -1, -1, 172, 173, 132.0, 12, , 0, 0, 0, 0, , 0, 0, 0, 0, 0, 
895, 0, 904, -1, -1, 179, 176, 160.0, 11, , 0, 0, 0, 0, , 0, 0, 0, 0, 0, 
896, 0, 907, -1, -1, 206, 141, 157.0, 12, , 0, 0, 0, 0, , 0, 0, 0, 0, 0, 
897, 0, 908, -1, -1, 208, 143, 140.5, 13, , 0, 0, 0, 0, , 0, 0, 0, 0, 0, 
898, 0, 909, -1, -1, 241, 136, 160.0, 13, , 0, 0, 0, 0, , 0, 0, 0, 0, 0, 
899, 1, 910, 835, -1, 208, 161, 132.0, 15, ABplppapaaa, 0, 0, 0, 0, , 0, 0, 0, 0, 0, 
900, 1, 911, 836, -1, 214, 133, 132.0, 12, ABplppapaap, 0, 0, 0, 0, , 0, 0, 0, 0, 0, 
901, 1, 912, 837, -1, 227, 125, 141.0, 13, ABplppapapa, 0, 0, 0, 0, , 0, 0, 0, 0, 0, 
902, 1, 913, 838, -1, 246, 134, 137.0, 13, ABplppapapp, 0, 0, 0, 0, , 0, 0, 0, 0, 0, 
903, 0, 914, -1, -1, 207, 143, 137.0, 13, , 0, 0, 0, 0, , 0, 0, 0, 0, 0, 
904, 1, 915, 840, -1, 234, 127, 150.0, 13, ABplppapppa, 0, 0, 0, 0, , 0, 0, 0, 0, 0, 
905, 1, 916, 841, -1, 248, 138, 147.0, 12, ABplppapppp, 0, 0, 0, 0, , 0, 0, 0, 0, 0, 
906, 1, 917, 842, -1, 254, 153, 145.0, 13, ABplpppaaaa, 0, 0, 0, 0, , 0, 0, 0, 0, 0, 
907, 1, 918, 843, -1, 257, 150, 132.0, 13, ABplpppaaap, 0, 0, 0, 0, , 0, 0, 0, 0, 0, 
908, 1, 919, 844, -1, 291, 154, 134.0, 13, ABplpppaapa, 0, 0, 0, 0, , 0, 0, 0, 0, 0, 
909, 1, 920, 845, -1, 288, 169, 143.0, 12, ABplpppaapp, 0, 0, 0, 0, , 0, 0, 0, 0, 0, 
910, 1, 921, 846, -1, 282, 166, 152.0, 13, ABplpppapaa, 0, 0, 0, 0, , 0, 0, 0, 0, 0, 
911, 1, 922, 847, -1, 276, 155, 186.0, 13, ABplpppapap, 0, 0, 0, 0, , 0, 0, 0, 0, 0, 
912, 1, 923, 848, -1, 271, 138, 139.0, 12, ABplppppaaa, 0, 0, 0, 0, , 0, 0, 0, 0, 0, 
913, 1, 924, 849, -1, 284, 141, 144.0, 13, ABplppppaap, 0, 0, 0, 0, , 0, 0, 0, 0, 0, 
914, 0, 925, -1, -1, 261, 153, 151.0, 14, , 0, 0, 0, 0, , 0, 0, 0, 0, 0, 
915, 0, 926, -1, -1, 262, 153, 151.0, 14, , 0, 0, 0, 0, , 0, 0, 0, 0, 0, 
916, 1, 927, 852, -1, 274, 148, 160.0, 13, ABplppppapp, 0, 0, 0, 0, , 0, 0, 0, 0, 0, 
917, 1, 928, 853, -1, 274, 157, 140.0, 12, Capappp, 0, 0, 0, 0, , 0, 0, 0, 0, 0, 
918, 1, 929, 854, -1, 286, 127, 129.0, 13, ABplpppppaa, 0, 0, 0, 0, , 0, 0, 0, 0, 0, 
919, 1, 930, 855, -1, 293, 139, 126.0, 13, ABplpppppap, 0, 0, 0, 0, , 0, 0, 0, 0, 0, 
920, 0, 931, -1, -1, 304, 146, 173.0, 13, , 0, 0, 0, 0, , 0, 0, 0, 0, 0, 
921, 0, 932, -1, -1, 305, 146, 179.0, 13, , 0, 0, 0, 0, , 0, 0, 0, 0, 0, 
922, 1, 933, 858, -1, 312, 148, 161.0, 14, ABplppppppp, 0, 0, 0, 0, , 0, 0, 0, 0, 0, 
923, 1, 934, 859, -1, 320, 140, 145.5, 14, Cappppd, 0, 0, 0, 0, , 0, 0, 0, 0, 0, 
924, 1, 936, 860, -1, 98, 132, 196.0, 13, ABpraaaaaap, 0, 0, 0, 0, , 0, 0, 0, 0, 0, 
925, 1, 937, 861, -1, 76, 106, 179.0, 13, ABpraaaaapd, 0, 0, 0, 0, , 0, 0, 0, 0, 0, 
926, 1, 938, 862, -1, 84, 112, 192.0, 13, ABpraaaaapv, 0, 0, 0, 0, , 0, 0, 0, 0, 0, 
927, 1, 939, 863, -1, 108, 118, 200.0, 13, ABpraaaapad, 0, 0, 0, 0, , 0, 0, 0, 0, 0, 
928, 1, 940, 864, -1, 129, 103, 202.0, 13, ABpraaaapav, 0, 0, 0, 0, , 0, 0, 0, 0, 0, 
929, 1, 941, 865, -1, 120, 64, 175.0, 12, ABpraaaappp, 0, 0, 0, 0, , 0, 0, 0, 0, 0, 
930, 1, 942, 866, -1, 127, 76, 174.0, 13, ABpraaapaad, 0, 0, 0, 0, , 0, 0, 0, 0, 0, 
931, 0, 943, -1, -1, 107, 86, 161.0, 14, , 0, 0, 0, 0, , 0, 0, 0, 0, 0, 
932, 1, 944, 868, -1, 107, 85, 161.5, 14, ABpraaapapa, 0, 0, 0, 0, , 0, 0, 0, 0, 0, 
933, 1, 945, 869, -1, 133, 90, 187.5, 13, ABpraaappaa, 0, 0, 0, 0, , 0, 0, 0, 0, 0, 
934, 1, 946, 870, -1, 138, 79, 187.0, 12, ABpraaappap, 0, 0, 0, 0, , 0, 0, 0, 0, 0, 
935, 1, 947, 871, -1, 145, 71, 193.0, 12, ABpraaapppaa, 0, 0, 0, 0, , 0, 0, 0, 0, 0, 
936, 1, 948, 872, -1, 157, 64, 197.0, 12, ABpraaapppap, 0, 0, 0, 0, , 0, 0, 0, 0, 0, 
937, 1, 949, 873, -1, 122, 84, 205.5, 14, ABpraaappppa, 0, 0, 0, 0, , 0, 0, 0, 0, 0, 
938, 1, 950, 874, -1, 140, 89, 212.0, 13, ABpraaappppp, 0, 0, 0, 0, , 0, 0, 0, 0, 0, 
939, 1, 951, 875, -1, 74, 120, 142.5, 13, ABpraapaaaa, 0, 0, 0, 0, , 0, 0, 0, 0, 0, 
940, 1, 952, 876, -1, 65, 113, 153.0, 13, ABpraapaaap, 0, 0, 0, 0, , 0, 0, 0, 0, 0, 
941, 1, 953, 877, -1, 99, 87, 176.0, 12, ABpraapaapa, 0, 0, 0, 0, , 0, 0, 0, 0, 0, 
942, 1, 954, 878, -1, 100, 84, 186.0, 14, ABpraapaapp, 0, 0, 0, 0, , 0, 0, 0, 0, 0, 
943, 1, 955, 879, -1, 158, 72, 182.0, 12, ABpraapapaa, 0, 0, 0, 0, , 0, 0, 0, 0, 0, 
944, 1, 956, 880, -1, 154, 62, 184.0, 13, ABpraapapap, 0, 0, 0, 0, , 0, 0, 0, 0, 0, 
945, 1, 957, 881, -1, 142, 58, 171.0, 12, ABpraapappa, 0, 0, 0, 0, , 0, 0, 0, 0, 0, 
946, 1, 958, 882, -1, 138, 59, 187.0, 14, ABpraapappp, 0, 0, 0, 0, , 0, 0, 0, 0, 0, 
947, 1, 959, 883, -1, 114, 156, 185.0, 12, ABpraappaa, 0, 0, 0, 0, , 0, 0, 0, 0, 0, 
948, 1, 960, 884, -1, 110, 159, 165.5, 14, ABalpapaaap, 0, 0, 0, 0, , 0, 0, 0, 0, 0, 
949, 1, 961, 885, -1, 148, 138, 210.0, 13, ABpraappap, 0, 0, 0, 0, , 0, 0, 0, 0, 0, 
950, 1, 962, 886, -1, 180, 137, 201.0, 12, ABpraapppa, 0, 0, 0, 0, , 0, 0, 0, 0, 0, 
951, 1, 963, 887, -1, 191, 91, 204.0, 16, ABpraapppp, 0, 0, 0, 0, , 0, 0, 0, 0, 0, 
952, 1, 964, 888, -1, 137, 43, 174.0, 11, ABprapaaaaa, 0, 0, 0, 0, , 0, 0, 0, 0, 0, 
953, 1, 965, 889, -1, 142, 43, 157.5, 15, ABprapaaaap, 0, 0, 0, 0, , 0, 0, 0, 0, 0, 
954, 1, 966, 890, -1, 172, 61, 186.0, 13, ABprapaaapa, 0, 0, 0, 0, , 0, 0, 0, 0, 0, 
955, 1, 967, 891, -1, 186, 56, 176.0, 15, ABprapaaapp, 0, 0, 0, 0, , 0, 0, 0, 0, 0, 
956, 1, 968, 892, -1, 193, 129, 199.5, 13, ABprapaapa, 0, 0, 0, 0, , 0, 0, 0, 0, 0, 
957, 1, 969, 893, -1, 187, 129, 188.0, 13, ABarappappp, 0, 0, 0, 0, , 0, 0, 0, 0, 0, 
958, 1, 970, 894, -1, 206, 84, 193.0, 17, ABprapaapp, 0, 0, 0, 0, , 0, 0, 0, 0, 0, 
959, 1, 971, 895, -1, 276, 84, 195.0, 15, ABprapapap, 0, 0, 0, 0, , 0, 0, 0, 0, 0, 
960, 1, 972, 896, -1, 282, 98, 202.0, 17, ABprapappa, 0, 0, 0, 0, , 0, 0, 0, 0, 0, 
961, 1, 973, 897, -1, 317, 77, 184.0, 10, ABprapapppa, 0, 0, 0, 0, , 0, 0, 0, 0, 0, 
962, 1, 974, 898, -1, 324, 107, 173.0, 14, ABprapapppp, 0, 0, 0, 0, , 0, 0, 0, 0, 0, 
963, 0, 975, -1, -1, 305, 94, 191.0, 13, , 0, 0, 0, 0, , 0, 0, 0, 0, 0, 
964, 1, 976, 900, -1, 318, 88, 184.0, 13, ABprapppaap, 0, 0, 0, 0, , 0, 0, 0, 0, 0, 
965, 1, 977, 901, -1, 277, 136, 197.0, 16, ABprappppa, 0, 0, 0, 0, , 0, 0, 0, 0, 0, 
966, 1, 978, 902, -1, 323, 122, 180.5, 16, ABprappppp, 0, 0, 0, 0, , 0, 0, 0, 0, 0, 
967, 1, 979, 903, -1, 308, 115, 178.0, 14, ABprapppapp, 0, 0, 0, 0, , 0, 0, 0, 0, 0, 
968, 1, 980, 904, -1, 144, 98, 201.0, 15, ABprpaaaaap, 0, 0, 0, 0, , 0, 0, 0, 0, 0, 
969, 1, 981, 906, -1, 222, 125, 178.5, 14, ABprpaaaapp, 0, 0, 0, 0, , 0, 0, 0, 0, 0, 
970, 0, 982, -1, -1, 107, 138, 182.0, 13, , 0, 0, 0, 0, , 0, 0, 0, 0, 0, 
971, 1, 983, 908, -1, 108, 138, 182.0, 13, ABprpaaapaa, 0, 0, 0, 0, , 0, 0, 0, 0, 0, 
972, 0, 984, -1, -1, 131, 143, 200.0, 13, , 0, 0, 0, 0, , 0, 0, 0, 0, 0, 
973, 1, 985, 910, -1, 123, 122, 183.0, 13, ABprpaaappa, 0, 0, 0, 0, , 0, 0, 0, 0, 0, 
974, 1, 986, 911, -1, 136, 123, 190.0, 13, ABprpaaappp, 0, 0, 0, 0, , 0, 0, 0, 0, 0, 
975, 1, 987, 912, -1, 115, 91, 177.0, 13, ABprpaapaaa, 0, 0, 0, 0, , 0, 0, 0, 0, 0, 
976, 1, 988, 913, -1, 154, 90, 206.0, 13, ABprpaapaap, 0, 0, 0, 0, , 0, 0, 0, 0, 0, 
977, 1, 989, 914, -1, 84, 97, 192.0, 15, ABprpaapapa, 0, 0, 0, 0, , 0, 0, 0, 0, 0, 
978, 1, 990, 915, -1, 121, 136, 197.5, 13, ABprpaaapap, 0, 0, 0, 0, , 0, 0, 0, 0, 0, 
979, 1, 991, 916, -1, 127, 135, 183.0, 11, ABalaapappp, 0, 0, 0, 0, , 0, 0, 0, 0, 0, 
980, 1, 992, 917, -1, 131, 142, 200.0, 14, ABprpaapapp, 0, 0, 0, 0, , 0, 0, 0, 0, 0, 
981, 1, 993, 918, -1, 159, 80, 197.0, 15, ABprpaappaa, 0, 0, 0, 0, , 0, 0, 0, 0, 0, 
982, 0, 994, -1, -1, 185, 72, 172.23077, 14, , 0, 0, 0, 0, , 0, 0, 0, 0, 0, 
983, 1, 995, 920, -1, 159, 78, 206.5, 13, ABprpaappap, 0, 0, 0, 0, , 0, 0, 0, 0, 0, 
984, 1, 996, 922, -1, 155, 134, 199.0, 13, ABprpaapppa, 0, 0, 0, 0, , 0, 0, 0, 0, 0, 
985, 1, 997, 923, -1, 145, 142, 191.0, 15, ABprpaapppp, 0, 0, 0, 0, , 0, 0, 0, 0, 0, 
986, 0, 998, -1, -1, 155, 137, 187.0, 13, , 0, 0, 0, 0, , 0, 0, 0, 0, 0, 
987, 1, 999, 925, -1, 171, 141, 185.0, 13, ABprpapaaap, 0, 0, 0, 0, , 0, 0, 0, 0, 0, 
988, 0, 1000, -1, -1, 149, 137, 179.0, 13, , 0, 0, 0, 0, , 0, 0, 0, 0, 0, 
989, 1, 1001, 927, -1, 151, 138, 177.0, 13, ABprpapaapa, 0, 0, 0, 0, , 0, 0, 0, 0, 0, 
990, 0, 1002, -1, -1, 155, 136, 189.0, 12, , 0, 0, 0, 0, , 0, 0, 0, 0, 0, 
991, 0, 1003, -1, -1, 155, 137, 187.0, 13, , 0, 0, 0, 0, , 0, 0, 0, 0, 0, 
992, 1, 1004, 930, -1, 162, 139, 178.0, 13, ABprpapaaaa, 0, 0, 0, 0, , 0, 0, 0, 0, 0, 
993, 1, 1005, 931, -1, 156, 134, 190.0, 12, ABprpapaapp, 0, 0, 0, 0, , 0, 0, 0, 0, 0, 
994, 1, 1006, 932, -1, 172, 122, 177.0, 13, ABprpapapaa, 0, 0, 0, 0, , 0, 0, 0, 0, 0, 
995, 1, 1007, 933, -1, 172, 128, 187.0, 12, ABprpapapap, 0, 0, 0, 0, , 0, 0, 0, 0, 0, 
996, 0, 1008, -1, -1, 191, 127, 180.0, 12, , 0, 0, 0, 0, , 0, 0, 0, 0, 0, 
997, 0, 1009, -1, -1, 192, 128, 178.0, 12, , 0, 0, 0, 0, , 0, 0, 0, 0, 0, 
998, 0, 1010, -1, -1, 191, 127, 178.5, 12, , 0, 0, 0, 0, , 0, 0, 0, 0, 0, 
999, 0, 1011, -1, -1, 189, 127, 182.0, 12, , 0, 0, 0, 0, , 0, 0, 0, 0, 0, 
1000, 1, 1012, 938, -1, 251, 125, 165.5, 13, ABprpapappp, 0, 0, 0, 0, , 0, 0, 0, 0, 0, 
1001, 1, 1013, 939, -1, 134, 156, 166.0, 13, ABprpappaaa, 0, 0, 0, 0, , 0, 0, 0, 0, 0, 
1002, 1, 1014, 940, -1, 170, 155, 174.0, 15, ABprpappaap, 0, 0, 0, 0, , 0, 0, 0, 0, 0, 
1003, 0, 1015, -1, -1, 187, 140, 166.5, 15, , 0, 0, 0, 0, , 0, 0, 0, 0, 0, 
1004, 1, 1016, 942, -1, 176, 136, 170.0, 15, ABprpappapa, 0, 0, 0, 0, , 0, 0, 0, 0, 0, 
1005, 1, 1017, 943, -1, 222, 131, 158.0, 13, ABprpappapp, 0, 0, 0, 0, , 0, 0, 0, 0, 0, 
1006, 0, 1018, -1, -1, 150, 147, 169.0, 14, , 0, 0, 0, 0, , 0, 0, 0, 0, 0, 
1007, 1, 1019, 945, -1, 153, 140, 162.0, 13, ABprpapppaa, 0, 0, 0, 0, , 0, 0, 0, 0, 0, 
1008, 0, 1020, -1, -1, 204, 118, 178.0, 12, , 0, 0, 0, 0, , 0, 0, 0, 0, 0, 
1009, 1, 1021, 947, -1, 203, 118, 179.0, 12, ABprpapppap, 0, 0, 0, 0, , 0, 0, 0, 0, 0, 
1010, 0, 1022, -1, -1, 277, 114, 171.5, 12, , 0, 0, 0, 0, , 0, 0, 0, 0, 0, 
1011, 1, 1023, 949, -1, 293, 134, 151.0, 14, ABprpappppp, 0, 0, 0, 0, , 0, 0, 0, 0, 0, 
1012, 1, 1024, 950, -1, 156, 123, 199.0, 12, ABprppaaaaa, 0, 0, 0, 0, , 0, 0, 0, 0, 0, 
1013, 1, 1025, 951, -1, 160, 107, 205.0, 14, ABprppaaaap, 0, 0, 0, 0, , 0, 0, 0, 0, 0, 
1014, 1, 1026, 952, -1, 170, 132, 206.0, 13, ABprppaapaa, 0, 0, 0, 0, , 0, 0, 0, 0, 0, 
1015, 1, 1027, 953, -1, 172, 119, 199.0, 13, ABprppaapap, 0, 0, 0, 0, , 0, 0, 0, 0, 0, 
1016, 0, 1028, -1, -1, 201, 131, 165.0, 13, , 0, 0, 0, 0, , 0, 0, 0, 0, 0, 
1017, 1, 1029, 955, -1, 241, 126, 173.0, 12, ABprppaappp, 0, 0, 0, 0, , 0, 0, 0, 0, 0, 
1018, 1, 1030, 956, -1, 204, 119, 194.5, 12, ABprppapaaa, 0, 0, 0, 0, , 0, 0, 0, 0, 0, 
1019, 1, 1031, 957, -1, 216, 107, 172.0, 12, ABprppapaap, 0, 0, 0, 0, , 0, 0, 0, 0, 0, 
1020, 1, 1032, 958, -1, 234, 108, 174.0, 13, ABprppapapa, 0, 0, 0, 0, , 0, 0, 0, 0, 0, 
1021, 1, 1033, 959, -1, 249, 106, 172.0, 13, ABprppapapp, 0, 0, 0, 0, , 0, 0, 0, 0, 0, 
1022, 1, 1034, 960, -1, 212, 116, 169.0, 13, ABprppappaa, 0, 0, 0, 0, , 0, 0, 0, 0, 0, 
1023, 1, 1035, 961, -1, 223, 115, 163.0, 12, ABprppappap, 0, 0, 0, 0, , 0, 0, 0, 0, 0, 
1024, 1, 1036, 962, -1, 240, 110, 170.5, 10, ABprppapppa, 0, 0, 0, 0, , 0, 0, 0, 0, 0, 
1025, 1, 1037, 963, -1, 251, 112, 179.0, 12, ABprppapppp, 0, 0, 0, 0, , 0, 0, 0, 0, 0, 
1026, 1, 1038, 964, -1, 256, 125, 184.0, 12, ABprpppaaaa, 0, 0, 0, 0, , 0, 0, 0, 0, 0, 
1027, 1, 1039, 965, -1, 261, 104, 182.5, 12, ABprpppaaap, 0, 0, 0, 0, , 0, 0, 0, 0, 0, 
1028, 0, 1040, -1, -1, 301, 100, 184.0, 14, , 0, 0, 0, 0, , 0, 0, 0, 0, 0, 
1029, 1, 1041, 967, -1, 302, 100, 184.33333, 13, ABprpppaapa, 0, 0, 0, 0, , 0, 0, 0, 0, 0, 
1030, 1, 1042, 968, -1, 299, 109, 194.5, 12, ABprpppaapp, 0, 0, 0, 0, , 0, 0, 0, 0, 0, 
1031, 1, 1043, 969, -1, 291, 121, 190.0, 12, ABprpppapaa, 0, 0, 0, 0, , 0, 0, 0, 0, 0, 
1032, 0, 1044, -1, -1, 294, 157, 182.0, 12, , 0, 0, 0, 0, , 0, 0, 0, 0, 0, 
1033, 1, 1045, 971, -1, 294, 158, 180.0, 12, ABprpppapap, 0, 0, 0, 0, , 0, 0, 0, 0, 0, 
1034, 1, 1046, 972, -1, 291, 154, 162.0, 15, Cappppv, 0, 0, 0, 0, , 0, 0, 0, 0, 0, 
1035, 1, 1047, 973, -1, 277, 116, 171.0, 13, ABprppppaaa, 0, 0, 0, 0, , 0, 0, 0, 0, 0, 
1036, 1, 1048, 974, -1, 286, 117, 157.0, 12, ABprpappppa, 0, 0, 0, 0, , 0, 0, 0, 0, 0, 
1037, 1, 1049, 975, -1, 286, 125, 170.0, 12, ABprppppaap, 0, 0, 0, 0, , 0, 0, 0, 0, 0, 
1038, 1, 1050, 976, -1, 268, 123, 191.5, 14, ABprppppapa, 0, 0, 0, 0, , 0, 0, 0, 0, 0, 
1039, 1, 1051, 977, -1, 276, 131, 180.0, 15, ABprppppapp, 0, 0, 0, 0, , 0, 0, 0, 0, 0, 
1040, 1, 1052, 978, -1, 274, 101, 167.0, 13, ABprpppppaa, 0, 0, 0, 0, , 0, 0, 0, 0, 0, 
1041, 1, 1053, 979, -1, 293, 103, 169.0, 15, ABprpppppap, 0, 0, 0, 0, , 0, 0, 0, 0, 0, 
1042, 1, 1054, 980, -1, 305, 146, 184.0, 13, ABprppppppa, 0, 0, 0, 0, , 0, 0, 0, 0, 0, 
1043, 1, 1055, 981, -1, 303, 147, 172.0, 13, ABplppppppa, 0, 0, 0, 0, , 0, 0, 0, 0, 0, 
1044, 0, 1056, -1, -1, 81, 146, 133.0, 13, , 0, 0, 0, 0, , 0, 0, 0, 0, 0, 
1045, 0, 1057, -1, -1, 81, 146, 133.0, 13, , 0, 0, 0, 0, , 0, 0, 0, 0, 0, 
1046, 0, 1058, -1, -1, 82, 145, 133.5, 12, , 0, 0, 0, 0, , 0, 0, 0, 0, 0, 
1047, 1, 1059, 985, -1, 88, 153, 137.0, 13, ABalaaaalpp, 0, 0, 0, 0, , 0, 0, 0, 0, 0, 
1048, 0, 1060, -1, -1, 92, 152, 130.0, 12, , 0, 0, 0, 0, , 0, 0, 0, 0, 0, 
1049, 1, 1061, 987, -1, 104, 150, 114.0, 15, ABalapaappa, 0, 0, 0, 0, , 0, 0, 0, 0, 0, 
1050, 1, 1062, 988, -1, 83, 124, 91.0, 12, ABalapapppp, 0, 0, 0, 0, , 0, 0, 0, 0, 0, 
1051, 0, 1063, -1, -1, 98, 76, 151.93443, 12, , 0, 0, 0, 0, , 0, 0, 0, 0, 0, 
1052, 1, 1064, 990, -1, 98, 68, 166.0, 12, ABalappapaa, 0, 0, 0, 0, , 0, 0, 0, 0, 0, 
1053, 0, 1065, -1, -1, 82, 88, 165.0, 12, , 0, 0, 0, 0, , 0, 0, 0, 0, 0, 
1054, 1, 1066, 992, -1, 83, 90, 164.0, 12, ABalappappp, 0, 0, 0, 0, , 0, 0, 0, 0, 0, 
1055, 0, 1067, -1, -1, 90, 129, 138.0, 13, , 0, 0, 0, 0, , 0, 0, 0, 0, 0, 
1056, 0, 1068, -1, -1, 91, 128, 139.0, 13, , 0, 0, 0, 0, , 0, 0, 0, 0, 0, 
1057, 0, 1069, -1, -1, 89, 128, 139.0, 13, , 0, 0, 0, 0, , 0, 0, 0, 0, 0, 
1058, 1, 1070, 996, -1, 89, 146, 145.0, 12, ABalpaapppp, 0, 0, 0, 0, , 0, 0, 0, 0, 0, 
1059, 1, 1071, 997, -1, 92, 146, 93.0, 14, ABplaapaapa, 0, 0, 0, 0, , 0, 0, 0, 0, 0, 
1060, 1, 1072, 998, -1, 106, 152, 84.0, 15, ABplaapaapp, 0, 0, 0, 0, , 0, 0, 0, 0, 0, 
1061, 0, 1073, -1, -1, 144, 130, 118.5, 15, , 0, 0, 0, 0, , 0, 0, 0, 0, 0, 
1062, 0, 1074, -1, -1, 150, 131, 124.0, 15, , 0, 0, 0, 0, , 0, 0, 0, 0, 0, 
1063, 1, 1075, 1001, -1, 188, 169, 144.0, 13, ABalpapappp, 0, 0, 0, 0, , 0, 0, 0, 0, 0, 
1064, 1, 1076, 1002, -1, 155, 174, 151.0, 14, ABplpaapppp, 0, 0, 0, 0, , 0, 0, 0, 0, 0, 
1065, 1, 1077, 1003, -1, 172, 175, 112.0, 15, ABplppaaaap, 0, 0, 0, 0, , 0, 0, 0, 0, 0, 
1066, 0, 1078, -1, -1, 94, 167, 133.0, 12, , 0, 0, 0, 0, , 0, 0, 0, 0, 0, 
1067, 0, 1079, -1, -1, 96, 166, 127.0, 12, , 0, 0, 0, 0, , 0, 0, 0, 0, 0, 
1068, 0, 1080, -1, -1, 94, 167, 132.0, 12, , 0, 0, 0, 0, , 0, 0, 0, 0, 0, 
1069, 0, 1081, -1, -1, 96, 166, 126.0, 12, , 0, 0, 0, 0, , 0, 0, 0, 0, 0, 
1070, 0, 1082, -1, -1, 94, 167, 130.0, 12, , 0, 0, 0, 0, , 0, 0, 0, 0, 0, 
1071, 0, 1083, -1, -1, 97, 167, 124.5, 12, , 0, 0, 0, 0, , 0, 0, 0, 0, 0, 
1072, 1, 1084, 1010, -1, 96, 135, 163.0, 12, ABaraaapppp, 0, 0, 0, 0, , 0, 0, 0, 0, 0, 
1073, 1, 1085, 1011, -1, 119, 93, 106.5, 14, ABaraapaaap, 0, 0, 0, 0, , 0, 0, 0, 0, 0, 
1074, 1, 1086, 1012, -1, 125, 83, 96.0, 14, MSaaapaaa, 0, 0, 0, 0, , 0, 0, 0, 0, 0, 
1075, 1, 1087, 1013, -1, 136, 169, 137.0, 13, ABalppaappp, 0, 0, 0, 0, , 0, 0, 0, 0, 0, 
1076, 1, 1088, 1014, -1, 116, 148, 156.0, 13, ABarappaapa, 0, 0, 0, 0, , 0, 0, 0, 0, 0, 
1077, 1, 1089, 1015, -1, 105, 134, 101.0, 15, ABalppppapa, 0, 0, 0, 0, , 0, 0, 0, 0, 0, 
1078, 1, 1090, 1016, -1, 271, 131, 112.5, 16, MSappaap, 0, 0, 0, 0, , 0, 0, 0, 0, 0, 
1079, 1, 1091, 1017, -1, 129, 159, 105.0, 15, ABalapaapaa, 0, 0, 0, 0, , 0, 0, 0, 0, 0, 
1080, 0, 1092, -1, -1, 161, 152, 128.0, 15, , 0, 0, 0, 0, , 0, 0, 0, 0, 0, 
1081, 0, 1093, -1, -1, 161, 158, 130.0, 15, , 0, 0, 0, 0, , 0, 0, 0, 0, 0, 
1082, 0, 1094, -1, -1, 167, 154, 128.5, 15, , 0, 0, 0, 0, , 0, 0, 0, 0, 0, 
1083, 1, 1095, 1021, -1, 177, 161, 156.5, 12, ABplpapaaap, 0, 0, 0, 0, , 0, 0, 0, 0, 0, 
1084, 1, 1096, 1022, -1, 154, 157, 159.5, 13, ABplpapaapa, 0, 0, 0, 0, , 0, 0, 0, 0, 0, 
1085, 1, 1097, 1023, -1, 179, 159, 144.0, 13, ABplpapapap, 0, 0, 0, 0, , 0, 0, 0, 0, 0, 
1086, 1, 1098, 1024, -1, 177, 147, 140.0, 12, ABplpapapaa, 0, 0, 0, 0, , 0, 0, 0, 0, 0, 
1087, 1, 1099, 1026, -1, 218, 129, 117.5, 13, MSaapppap, 0, 0, 0, 0, , 0, 0, 0, 0, 0, 
1088, 0, 1100, -1, -1, 208, 143, 137.0, 13, , 0, 0, 0, 0, , 0, 0, 0, 0, 0, 
1089, 0, 1101, -1, -1, 205, 141, 158.0, 12, , 0, 0, 0, 0, , 0, 0, 0, 0, 0, 
1090, 1, 1102, 1029, -1, 205, 142, 159.0, 12, ABplppaappa, 0, 0, 0, 0, , 0, 0, 0, 0, 0, 
1091, 1, 1103, 1030, -1, 207, 143, 140.0, 13, ABplppappaa, 0, 0, 0, 0, , 0, 0, 0, 0, 0, 
1092, 0, 1104, -1, -1, 200, 132, 167.0, 13, , 0, 0, 0, 0, , 0, 0, 0, 0, 0, 
1093, 1, 1105, 1032, -1, 240, 135, 160.0, 13, ABplppaappp, 0, 0, 0, 0, , 0, 0, 0, 0, 0, 
1094, 0, 1106, -1, -1, 237, 128, 155.0, 13, , 0, 0, 0, 0, , 0, 0, 0, 0, 0, 
1095, 0, 1107, -1, -1, 239, 129, 155.0, 13, , 0, 0, 0, 0, , 0, 0, 0, 0, 0, 
1096, 0, 1108, -1, -1, 239, 132, 157.0, 13, , 0, 0, 0, 0, , 0, 0, 0, 0, 0, 
1097, 1, 1109, 1037, -1, 214, 127, 146.0, 13, ABplppappap, 0, 0, 0, 0, , 0, 0, 0, 0, 0, 
1098, 1, 1110, 1038, -1, 263, 152, 151.0, 14, ABplppppapa, 0, 0, 0, 0, , 0, 0, 0, 0, 0, 
1099, 1, 1111, 1040, -1, 97, 110, 196.0, 12, ABpraaaaaaa, 0, 0, 0, 0, , 0, 0, 0, 0, 0, 
1100, 0, 1112, -1, -1, 98, 114, 187.0, 12, , 0, 0, 0, 0, , 0, 0, 0, 0, 0, 
1101, 1, 1113, 1041, -1, 86, 130, 190.0, 13, ABalaappapp, 0, 0, 0, 0, , 0, 0, 0, 0, 0, 
1102, 0, 1114, -1, -1, 96, 114, 187.0, 12, , 0, 0, 0, 0, , 0, 0, 0, 0, 0, 
1103, 0, 1115, -1, -1, 91, 110, 182.0, 12, , 0, 0, 0, 0, , 0, 0, 0, 0, 0, 
1104, 0, 1116, -1, -1, 91, 110, 182.0, 12, , 0, 0, 0, 0, , 0, 0, 0, 0, 0, 
1105, 0, 1117, -1, -1, 84, 127, 169.0, 13, , 0, 0, 0, 0, , 0, 0, 0, 0, 0, 
1106, 1, 1118, 1045, -1, 82, 126, 173.0, 13, ABalaapaapp, 0, 0, 0, 0, , 0, 0, 0, 0, 0, 
1107, 1, 1119, 1046, -1, 101, 111, 189.0, 12, ABalaappapa, 0, 0, 0, 0, , 0, 0, 0, 0, 0, 
1108, 1, 1120, 1047, -1, 154, 84, 176.0, 14, MSppppaa, 0, 0, 0, 0, , 0, 0, 0, 0, 0, 
1109, 1, 1121, 1048, -1, 155, 115, 181.0, 15, MSpppapp, 0, 0, 0, 0, , 0, 0, 0, 0, 0, 
1110, 0, 1122, -1, -1, 180, 137, 163.0, 15, , 0, 0, 0, 0, , 0, 0, 0, 0, 0, 
1111, 0, 1123, -1, -1, 186, 140, 165.0, 15, , 0, 0, 0, 0, , 0, 0, 0, 0, 0, 
1112, 0, 1124, -1, -1, 187, 139, 165.0, 17, , 0, 0, 0, 0, , 0, 0, 0, 0, 0, 
1113, 0, 1125, -1, -1, 193, 142, 168.0, 15, , 0, 0, 0, 0, , 0, 0, 0, 0, 0, 
1114, 1, 1126, 1052, -1, 188, 139, 166.0, 15, ABplpappaap, 0, 0, 0, 0, , 0, 0, 0, 0, 0, 
1115, 1, 1127, 1053, -1, 306, 94, 191.0, 15, ABprapppaaa, 0, 0, 0, 0, , 0, 0, 0, 0, 0, 
1116, 1, 1128, 1054, -1, 96, 154, 126.0, 12, ABalaaaalpa, 0, 0, 0, 0, , 0, 0, 0, 0, 0, 
1117, 0, 1129, -1, -1, 92, 128, 133.0, 14, , 0, 0, 0, 0, , 0, 0, 0, 0, 0, 
1118, 1, 1130, 1056, -1, 91, 128, 140.0, 13, ABalpaapppa, 0, 0, 0, 0, , 0, 0, 0, 0, 0, 
1119, 1, 1131, 1057, -1, 95, 124, 126.0, 14, ABalaaaarlp, 0, 0, 0, 0, , 0, 0, 0, 0, 0, 
1120, 0, 1132, -1, -1, 80, 146, 134.0, 13, , 0, 0, 0, 0, , 0, 0, 0, 0, 0, 
1121, 0, 1133, -1, -1, 79, 137, 119.0, 13, , 0, 0, 0, 0, , 0, 0, 0, 0, 0, 
1122, 0, 1134, -1, -1, 79, 146, 134.0, 13, , 0, 0, 0, 0, , 0, 0, 0, 0, 0, 
1123, 1, 1135, 1061, -1, 92, 78, 153.0, 12, ABalapppppa, 0, 0, 0, 0, , 0, 0, 0, 0, 0, 
1124, 0, 1136, -1, -1, 95, 168, 129.0, 12, , 0, 0, 0, 0, , 0, 0, 0, 0, 0, 
1125, 0, 1137, -1, -1, 106, 162, 124.0, 12, , 0, 0, 0, 0, , 0, 0, 0, 0, 0, 
1126, 1, 1139, 1064, -1, 110, 159, 124.0, 12, ABalppaaapa, 0, 0, 0, 0, , 0, 0, 0, 0, 0, 
1127, 1, 1140, 1065, -1, 94, 168, 130.0, 12, ABalppaaapp, 0, 0, 0, 0, , 0, 0, 0, 0, 0, 
1128, 1, 1141, 1066, -1, 161, 173, 147.0, 12, ABplpaapppa, 0, 0, 0, 0, , 0, 0, 0, 0, 0, 
1129, 1, 1142, 1067, -1, 207, 108, 123.5, 11, MSaapappp, 0, 0, 0, 0, , 0, 0, 0, 0, 0, 
1130, 1, 1143, 1068, -1, 206, 110, 143.0, 12, MSaappaa, 0, 0, 0, 0, , 0, 0, 0, 0, 0, 
1131, 1, 1144, 1069, -1, 149, 131, 109.0, 15, ABalpappaap, 0, 0, 0, 0, , 0, 0, 0, 0, 0, 
1132, 1, 1145, 1070, -1, 191, 128, 179.0, 13, ABprpapappa, 0, 0, 0, 0, , 0, 0, 0, 0, 0, 
1133, 1, 1146, 1071, -1, 201, 130, 165.5, 13, ABprppaappa, 0, 0, 0, 0, , 0, 0, 0, 0, 0, 
1134, 1, 1147, 1072, -1, 204, 140, 120.0, 14, MSaapppaa, 0, 0, 0, 0, , 0, 0, 0, 0, 0, 
1135, 0, 1148, -1, -1, 161, 158, 130.0, 15, , 0, 0, 0, 0, , 0, 0, 0, 0, 0, 
1136, 1, 1149, 1074, -1, 162, 156, 131.0, 15, MSappapp, 0, 0, 0, 0, , 0, 0, 0, 0, 0, 
1137, 1, 1150, 1075, -1, 156, 166, 86.0, 14, ABplpaapaap, 0, 0, 0, 0, , 0, 0, 0, 0, 0, 
1138, 1, 1151, 1076, -1, 169, 163, 77.0, 13, ABplpaappap, 0, 0, 0, 0, , 0, 0, 0, 0, 0, 
1139, 1, 1152, 1078, -1, 212, 131, 168.5, 13, ABarappappa, 0, 0, 0, 0, , 0, 0, 0, 0, 0, 
1140, 1, 1153, 1079, -1, 142, 126, 130.0, 13, ABalpaaaapa, 0, 0, 0, 0, , 0, 0, 0, 0, 0, 
1141, 1, 906, 1080, -1, 172, 173, 131.0, 14, ABplppaapap, 0, 0, 0, 0, , 0, 0, 0, 0, 0, 
1142, 1, 1155, 1081, -1, 83, 130, 108.0, 14, ABalapaaapa, 0, 0, 0, 0, , 0, 0, 0, 0, 0, 
1143, 1, 1156, 1082, -1, 79, 137, 119.0, 13, ABalaaaalal, 0, 0, 0, 0, , 0, 0, 0, 0, 0, 
1144, 1, 1157, 1083, -1, 81, 91, 116.0, 13, ABalappaapa, 0, 0, 0, 0, , 0, 0, 0, 0, 0, 
