1, 0, 1, -1, -1, 115, 93, 180.0, 9, , 71, 0, 0, 0, , 0, 0, 0, 0, 0, 
2, 0, 3, -1, -1, 186, 54, 177.0, 9, , 33, 0, 0, 0, , 0, 0, 0, 0, 0, 
3, 0, 4, -1, -1, 293, 123, 191.0, 9, , 15, 0, 0, 0, , 0, 0, 0, 0, 0, 
4, 0, 7, -1, -1, 245, 67, 179.0, 9, , 33, 0, 0, 0, , 0, 0, 0, 0, 0, 
5, 0, 9, -1, -1, 195, 128, 72.0, 7, , 23, 0, 0, 0, , 0, 0, 0, 0, 0, 
6, 0, 10, -1, -1, 159, 134, 196.0, 9, , 28, 0, 0, 0, , 0, 0, 0, 0, 0, 
7, 0, 11, -1, -1, 117, 113, 191.0, 11, , 55, 0, 0, 0, , 0, 0, 0, 0, 0, 
8, 0, 13, -1, -1, 92, 145, 93.0, 9, , 12, 0, 0, 0, , 0, 0, 0, 0, 0, 
9, 0, 14, -1, -1, 160, 135, 197.0, 7, , 45, 0, 0, 0, , 0, 0, 0, 0, 0, 
10, 0, 16, -1, -1, 137, 179, 136.0, 7, , 18, 0, 0, 0, , 0, 0, 0, 0, 0, 
11, 0, 17, -1, -1, 124, 162, 169.0, 7, , 41, 0, 0, 0, , 0, 0, 0, 0, 0, 
12, 0, 18, -1, -1, 223, 126, 173.0, 9, , 28, 0, 0, 0, , 0, 0, 0, 0, 0, 
13, 0, 19, -1, -1, 195, 130, 177.0, 9, , 19, 0, 0, 0, , 0, 0, 0, 0, 0, 
14, 0, 21, -1, -1, 118, 140, 135.0, 9, , 58, 0, 0, 0, , 0, 0, 0, 0, 0, 
15, 0, 23, -1, -1, 116, 170, 164.0, 9, , 17, 0, 0, 0, , 0, 0, 0, 0, 0, 
16, 0, 24, -1, -1, 149, 113, 165.0, 9, , 25, 0, 0, 0, , 0, 0, 0, 0, 0, 
17, 0, 25, -1, -1, 97, 88, 185.0, 11, , 50, 0, 0, 0, , 0, 0, 0, 0, 0, 
18, 0, 27, -1, -1, 110, 140, 179.0, 9, , 28, 0, 0, 0, , 0, 0, 0, 0, 0, 
19, 0, 28, -1, -1, 201, 128, 166.0, 9, , 46, 0, 0, 0, , 0, 0, 0, 0, 0, 
20, 0, 29, -1, -1, 273, 139, 197.0, 9, , 22, 0, 0, 0, , 0, 0, 0, 0, 0, 
21, 0, 30, -1, -1, 132, 82, 150.0, 9, , 27, 0, 0, 0, , 0, 0, 0, 0, 0, 
22, 0, 31, -1, -1, 131, 149, 120.0, 9, , 47, 0, 0, 0, , 0, 0, 0, 0, 0, 
23, 0, 33, -1, -1, 300, 109, 196.0, 11, , 73, 0, 0, 0, , 0, 0, 0, 0, 0, 
24, 0, 34, -1, -1, 277, 114, 171.0, 9, , 63, 0, 0, 0, , 0, 0, 0, 0, 0, 
25, 0, 35, -1, -1, 126, 161, 174.0, 9, , 76, 0, 0, 0, , 0, 0, 0, 0, 0, 
26, 0, 36, -1, -1, 93, 89, 191.0, 9, , 9, 0, 0, 0, , 0, 0, 0, 0, 0, 
27, 0, 40, -1, -1, 180, 123, 114.0, 15, , 84, 0, 0, 0, , 0, 0, 0, 0, 0, 
28, 0, 41, -1, -1, 141, 147, 176.0, 9, , 34, 0, 0, 0, , 0, 0, 0, 0, 0, 
29, 0, 43, -1, -1, 294, 102, 169.0, 9, , 8, 0, 0, 0, , 0, 0, 0, 0, 0, 
30, 0, 44, -1, -1, 172, 158, 180.0, 9, , 4, 0, 0, 0, , 0, 0, 0, 0, 0, 
31, 0, 46, -1, -1, 87, 101, 191.0, 9, , 14, 0, 0, 0, , 0, 0, 0, 0, 0, 
32, 0, 47, -1, -1, 200, 170, 144.0, 9, , 43, 0, 0, 0, , 0, 0, 0, 0, 0, 
33, 0, 48, -1, -1, 283, 132, 196.0, 9, , 31, 0, 0, 0, , 0, 0, 0, 0, 0, 
34, 0, 50, -1, -1, 209, 87, 192.0, 11, , 60, 0, 0, 0, , 0, 0, 0, 0, 0, 
35, 0, 51, -1, -1, 196, 133, 192.0, 9, , 85, 0, 0, 0, , 0, 0, 0, 0, 0, 
36, 0, 52, -1, -1, 121, 136, 198.0, 9, , 21, 0, 0, 0, , 0, 0, 0, 0, 0, 
37, 0, 55, -1, -1, 191, 112, 155.0, 13, , 50, 0, 0, 0, , 0, 0, 0, 0, 0, 
38, 0, 57, -1, -1, 268, 72, 184.0, 7, , 22, 0, 0, 0, , 0, 0, 0, 0, 0, 
39, 0, 58, -1, -1, 136, 125, 190.0, 9, , 40, 0, 0, 0, , 0, 0, 0, 0, 0, 
40, 0, 59, -1, -1, 200, 169, 147.0, 11, , 111, 0, 0, 0, , 0, 0, 0, 0, 0, 
41, 0, 60, -1, -1, 317, 79, 186.0, 7, , 15, 0, 0, 0, , 0, 0, 0, 0, 0, 
42, 0, 61, -1, -1, 56, 111, 90.0, 9, , 7, 0, 0, 0, , 0, 0, 0, 0, 0, 
43, 0, 62, -1, -1, 125, 86, 130.0, 11, , 35, 0, 0, 0, , 0, 0, 0, 0, 0, 
44, 0, 64, -1, -1, 246, 69, 183.0, 7, , 21, 0, 0, 0, , 0, 0, 0, 0, 0, 
45, 0, 65, -1, -1, 69, 100, 166.0, 9, , 46, 0, 0, 0, , 0, 0, 0, 0, 0, 
46, 0, 66, -1, -1, 72, 98, 170.0, 9, , 16, 0, 0, 0, , 0, 0, 0, 0, 0, 
47, 0, 67, -1, -1, 201, 128, 164.0, 9, , 30, 0, 0, 0, , 0, 0, 0, 0, 0, 
48, 0, 68, -1, -1, 262, 103, 182.0, 11, , 70, 0, 0, 0, , 0, 0, 0, 0, 0, 
49, 0, 69, -1, -1, 96, 136, 173.0, 9, , 19, 0, 0, 0, , 0, 0, 0, 0, 0, 
50, 0, 70, -1, -1, 124, 92, 112.0, 9, , 26, 0, 0, 0, , 0, 0, 0, 0, 0, 
51, 0, 72, -1, -1, 193, 110, 152.0, 9, , 53, 0, 0, 0, , 0, 0, 0, 0, 0, 
52, 0, 73, -1, -1, 158, 110, 123.0, 9, , 57, 0, 0, 0, , 0, 0, 0, 0, 0, 
53, 0, 74, -1, -1, 115, 102, 183.0, 9, , 13, 0, 0, 0, , 0, 0, 0, 0, 0, 
54, 0, 76, -1, -1, 267, 72, 182.0, 7, , 18, 0, 0, 0, , 0, 0, 0, 0, 0, 
55, 0, 77, -1, -1, 142, 101, 171.0, 9, , 7, 0, 0, 0, , 0, 0, 0, 0, 0, 
56, 0, 78, -1, -1, 131, 151, 179.0, 9, , 20, 0, 0, 0, , 0, 0, 0, 0, 0, 
57, 0, 79, -1, -1, 121, 140, 91.0, 11, , 33, 0, 0, 0, , 0, 0, 0, 0, 0, 
58, 0, 80, -1, -1, 139, 179, 142.0, 9, , 111, 0, 0, 0, , 0, 0, 0, 0, 0, 
59, 0, 81, -1, -1, 221, 145, 142.0, 9, , 56, 0, 0, 0, , 0, 0, 0, 0, 0, 
60, 0, 82, -1, -1, 291, 59, 175.0, 7, , 12, 0, 0, 0, , 0, 0, 0, 0, 0, 
61, 0, 83, -1, -1, 174, 90, 156.0, 9, , 19, 0, 0, 0, , 0, 0, 0, 0, 0, 
62, 0, 86, -1, -1, 158, 87, 157.0, 11, , 65, 0, 0, 0, , 0, 0, 0, 0, 0, 
63, 0, 87, -1, -1, 263, 79, 187.0, 11, , 55, 0, 0, 0, , 0, 0, 0, 0, 0, 
64, 0, 88, -1, -1, 193, 130, 200.0, 13, , 111, 0, 0, 0, , 0, 0, 0, 0, 0, 
65, 0, 89, -1, -1, 178, 124, 97.0, 9, , 24, 0, 0, 0, , 0, 0, 0, 0, 0, 
66, 0, 90, -1, -1, 265, 161, 163.0, 9, , 25, 0, 0, 0, , 0, 0, 0, 0, 0, 
67, 0, 91, -1, -1, 158, 87, 151.0, 9, , 31, 0, 0, 0, , 0, 0, 0, 0, 0, 
68, 0, 92, -1, -1, 120, 98, 96.0, 9, , 38, 0, 0, 0, , 0, 0, 0, 0, 0, 
69, 0, 94, -1, -1, 113, 100, 121.0, 9, , 60, 0, 0, 0, , 0, 0, 0, 0, 0, 
70, 0, 96, -1, -1, 113, 90, 118.0, 9, , 46, 0, 0, 0, , 0, 0, 0, 0, 0, 
71, 0, 98, -1, -1, 135, 133, 150.0, 11, , 87, 0, 0, 0, , 0, 0, 0, 0, 0, 
72, 0, 99, -1, -1, 104, 118, 165.0, 11, , 53, 0, 0, 0, , 0, 0, 0, 0, 0, 
73, 0, 101, -1, -1, 65, 118, 153.0, 9, , 59, 0, 0, 0, , 0, 0, 0, 0, 0, 
74, 0, 102, -1, -1, 188, 58, 179.0, 9, , 35, 0, 0, 0, , 0, 0, 0, 0, 0, 
75, 0, 103, -1, -1, 156, 123, 206.0, 11, , 35, 0, 0, 0, , 0, 0, 0, 0, 0, 
76, 0, 104, -1, -1, 144, 99, 199.0, 9, , 39, 0, 0, 0, , 0, 0, 0, 0, 0, 
77, 0, 107, -1, -1, 136, 61, 155.0, 9, , 70, 0, 0, 0, , 0, 0, 0, 0, 0, 
78, 0, 108, -1, -1, 230, 35, 162.0, 7, , 29, 0, 0, 0, , 0, 0, 0, 0, 0, 
79, 0, 109, -1, -1, 143, 59, 175.0, 11, , 74, 0, 0, 0, , 0, 0, 0, 0, 0, 
80, 0, 110, -1, -1, 132, 143, 201.0, 9, , 47, 0, 0, 0, , 0, 0, 0, 0, 0, 
81, 0, 111, -1, -1, 171, 134, 202.0, 7, , 18, 0, 0, 0, , 0, 0, 0, 0, 0, 
82, 0, 112, -1, -1, 140, 85, 168.0, 9, , 11, 0, 0, 0, , 0, 0, 0, 0, 0, 
83, 0, 113, -1, -1, 261, 102, 179.0, 9, , 46, 0, 0, 0, , 0, 0, 0, 0, 0, 
84, 0, 114, -1, -1, 162, 65, 114.0, 9, , 14, 0, 0, 0, , 0, 0, 0, 0, 0, 
85, 0, 115, -1, -1, 223, 39, 146.0, 11, , 42, 0, 0, 0, , 0, 0, 0, 0, 0, 
86, 0, 117, -1, -1, 283, 55, 176.0, 9, , 29, 0, 0, 0, , 0, 0, 0, 0, 0, 
87, 0, 118, -1, -1, 143, 99, 204.0, 9, , 17, 0, 0, 0, , 0, 0, 0, 0, 0, 
88, 0, 119, -1, -1, 284, 96, 198.0, 9, , 12, 0, 0, 0, , 0, 0, 0, 0, 0, 
89, 0, 120, -1, -1, 142, 113, 153.0, 9, , 61, 0, 0, 0, , 0, 0, 0, 0, 0, 
90, 0, 121, -1, -1, 139, 155, 130.0, 9, , 50, 0, 0, 0, , 0, 0, 0, 0, 0, 
91, 0, 122, -1, -1, 152, 130, 203.0, 9, , 46, 0, 0, 0, , 0, 0, 0, 0, 0, 
92, 0, 123, -1, -1, 297, 107, 191.0, 11, , 35, 0, 0, 0, , 0, 0, 0, 0, 0, 
93, 0, 124, -1, -1, 156, 159, 166.0, 9, , 49, 0, 0, 0, , 0, 0, 0, 0, 0, 
94, 0, 125, -1, -1, 220, 145, 147.0, 11, , 40, 0, 0, 0, , 0, 0, 0, 0, 0, 
95, 0, 126, -1, -1, 112, 159, 166.0, 9, , 23, 0, 0, 0, , 0, 0, 0, 0, 0, 
96, 0, 127, -1, -1, 251, 105, 172.0, 9, , 35, 0, 0, 0, , 0, 0, 0, 0, 0, 
97, 0, 129, -1, -1, 110, 102, 181.0, 9, , 27, 0, 0, 0, , 0, 0, 0, 0, 0, 
98, 0, 131, -1, -1, 205, 81, 191.0, 9, , 42, 0, 0, 0, , 0, 0, 0, 0, 0, 
99, 0, 132, -1, -1, 231, 36, 164.0, 13, , 93, 0, 0, 0, , 0, 0, 0, 0, 0, 
100, 0, 133, -1, -1, 126, 163, 169.0, 9, , 24, 0, 0, 0, , 0, 0, 0, 0, 0, 
101, 0, 135, -1, -1, 136, 129, 149.0, 13, , 217, 0, 0, 0, , 0, 0, 0, 0, 0, 
102, 0, 137, -1, -1, 200, 170, 143.0, 11, , 64, 0, 0, 0, , 0, 0, 0, 0, 0, 
103, 0, 138, -1, -1, 124, 92, 109.0, 9, , 67, 0, 0, 0, , 0, 0, 0, 0, 0, 
104, 0, 140, -1, -1, 279, 136, 196.0, 9, , 30, 0, 0, 0, , 0, 0, 0, 0, 0, 
105, 0, 141, -1, -1, 156, 78, 210.0, 9, , 60, 0, 0, 0, , 0, 0, 0, 0, 0, 
106, 0, 142, -1, -1, 153, 93, 207.0, 9, , 21, 0, 0, 0, , 0, 0, 0, 0, 0, 
107, 0, 144, -1, -1, 137, 129, 143.0, 11, , 78, 0, 0, 0, , 0, 0, 0, 0, 0, 
108, 0, 145, -1, -1, 131, 62, 153.0, 7, , 32, 0, 0, 0, , 0, 0, 0, 0, 0, 
109, 0, 146, -1, -1, 145, 148, 168.0, 9, , 67, 0, 0, 0, , 0, 0, 0, 0, 0, 
110, 0, 147, -1, -1, 142, 145, 179.0, 9, , 41, 0, 0, 0, , 0, 0, 0, 0, 0, 
111, 0, 148, -1, -1, 152, 63, 183.0, 11, , 56, 0, 0, 0, , 0, 0, 0, 0, 0, 
112, 0, 149, -1, -1, 299, 109, 194.0, 11, , 77, 0, 0, 0, , 0, 0, 0, 0, 0, 
113, 0, 150, -1, -1, 317, 118, 192.0, 9, , 14, 0, 0, 0, , 0, 0, 0, 0, 0, 
114, 0, 151, -1, -1, 153, 93, 207.0, 11, , 123, 0, 0, 0, , 0, 0, 0, 0, 0, 
115, 0, 153, -1, -1, 311, 73, 153.0, 9, , 4, 0, 0, 0, , 0, 0, 0, 0, 0, 
116, 0, 155, -1, -1, 213, 132, 169.0, 9, , 42, 0, 0, 0, , 0, 0, 0, 0, 0, 
117, 0, 156, -1, -1, 133, 107, 178.0, 7, , 20, 0, 0, 0, , 0, 0, 0, 0, 0, 
118, 0, 157, -1, -1, 151, 64, 190.0, 9, , 44, 0, 0, 0, , 0, 0, 0, 0, 0, 
119, 0, 158, -1, -1, 264, 75, 190.0, 9, , 19, 0, 0, 0, , 0, 0, 0, 0, 0, 
120, 0, 159, -1, -1, 285, 96, 200.0, 11, , 37, 0, 0, 0, , 0, 0, 0, 0, 0, 
121, 0, 160, -1, -1, 242, 64, 178.0, 11, , 69, 0, 0, 0, , 0, 0, 0, 0, 0, 
122, 0, 162, -1, -1, 135, 45, 177.0, 7, , 10, 0, 0, 0, , 0, 0, 0, 0, 0, 
123, 0, 163, -1, -1, 102, 90, 171.0, 9, , 50, 0, 0, 0, , 0, 0, 0, 0, 0, 
124, 0, 165, -1, -1, 167, 102, 206.0, 9, , 20, 0, 0, 0, , 0, 0, 0, 0, 0, 
125, 0, 166, -1, -1, 74, 144, 95.0, 9, , 26, 0, 0, 0, , 0, 0, 0, 0, 0, 
126, 0, 167, -1, -1, 65, 116, 157.0, 11, , 46, 0, 0, 0, , 0, 0, 0, 0, 0, 
127, 0, 168, -1, -1, 161, 74, 185.0, 9, , 22, 0, 0, 0, , 0, 0, 0, 0, 0, 
128, 0, 169, -1, -1, 223, 74, 185.0, 9, , 11, 0, 0, 0, , 0, 0, 0, 0, 0, 
129, 0, 172, -1, -1, 179, 124, 94.0, 9, , 62, 0, 0, 0, , 0, 0, 0, 0, 0, 
130, 0, 173, -1, -1, 169, 133, 207.0, 9, , 52, 0, 0, 0, , 0, 0, 0, 0, 0, 
131, 0, 175, -1, -1, 139, 155, 135.0, 11, , 46, 0, 0, 0, , 0, 0, 0, 0, 0, 
132, 0, 177, -1, -1, 220, 146, 149.0, 9, , 27, 0, 0, 0, , 0, 0, 0, 0, 0, 
133, 0, 178, -1, -1, 157, 86, 166.0, 9, , 31, 0, 0, 0, , 0, 0, 0, 0, 0, 
134, 0, 179, -1, -1, 98, 137, 169.0, 11, , 36, 0, 0, 0, , 0, 0, 0, 0, 0, 
135, 0, 180, -1, -1, 131, 146, 195.0, 11, , 103, 0, 0, 0, , 0, 0, 0, 0, 0, 
136, 0, 181, -1, -1, 195, 133, 198.0, 9, , 101, 0, 0, 0, , 0, 0, 0, 0, 0, 
137, 0, 182, -1, -1, 122, 93, 96.0, 9, , 44, 0, 0, 0, , 0, 0, 0, 0, 0, 
138, 0, 183, -1, -1, 179, 60, 108.0, 9, , 43, 0, 0, 0, , 0, 0, 0, 0, 0, 
139, 0, 185, -1, -1, 159, 111, 126.0, 9, , 29, 0, 0, 0, , 0, 0, 0, 0, 0, 
140, 0, 186, -1, -1, 65, 115, 159.0, 9, , 30, 0, 0, 0, , 0, 0, 0, 0, 0, 
141, 0, 188, -1, -1, 100, 89, 179.0, 9, , 49, 0, 0, 0, , 0, 0, 0, 0, 0, 
142, 0, 189, -1, -1, 220, 83, 184.0, 11, , 57, 0, 0, 0, , 0, 0, 0, 0, 0, 
143, 0, 190, -1, -1, 96, 89, 187.0, 9, , 30, 0, 0, 0, , 0, 0, 0, 0, 0, 
144, 0, 191, -1, -1, 133, 139, 192.0, 9, , 8, 0, 0, 0, , 0, 0, 0, 0, 0, 
145, 0, 193, -1, -1, 117, 121, 65.0, 7, , 36, 0, 0, 0, , 0, 0, 0, 0, 0, 
146, 0, 194, -1, -1, 92, 145, 91.0, 9, , 29, 0, 0, 0, , 0, 0, 0, 0, 0, 
147, 0, 195, -1, -1, 230, 41, 172.0, 11, , 58, 0, 0, 0, , 0, 0, 0, 0, 0, 
148, 0, 196, -1, -1, 234, 40, 167.0, 9, , 44, 0, 0, 0, , 0, 0, 0, 0, 0, 
149, 0, 197, -1, -1, 285, 56, 175.0, 7, , 5, 0, 0, 0, , 0, 0, 0, 0, 0, 
150, 0, 198, -1, -1, 149, 151, 173.0, 9, , 71, 0, 0, 0, , 0, 0, 0, 0, 0, 
151, 0, 199, -1, -1, 137, 179, 138.0, 9, , 52, 0, 0, 0, , 0, 0, 0, 0, 0, 
152, 0, 200, -1, -1, 157, 86, 163.0, 9, , 61, 0, 0, 0, , 0, 0, 0, 0, 0, 
153, 0, 201, -1, -1, 314, 77, 158.0, 9, , 33, 0, 0, 0, , 0, 0, 0, 0, 0, 
154, 0, 202, -1, -1, 102, 120, 168.0, 11, , 26, 0, 0, 0, , 0, 0, 0, 0, 0, 
155, 0, 203, -1, -1, 156, 74, 183.0, 7, , 15, 0, 0, 0, , 0, 0, 0, 0, 0, 
156, 0, 204, -1, -1, 210, 86, 194.0, 9, , 28, 0, 0, 0, , 0, 0, 0, 0, 0, 
157, 0, 205, -1, -1, 164, 80, 207.0, 9, , 32, 0, 0, 0, , 0, 0, 0, 0, 0, 
158, 0, 207, -1, -1, 130, 104, 157.0, 9, , 49, 0, 0, 0, , 0, 0, 0, 0, 0, 
159, 0, 208, -1, -1, 286, 61, 178.0, 9, , 15, 0, 0, 0, , 0, 0, 0, 0, 0, 
160, 0, 210, -1, -1, 218, 106, 164.0, 9, , 13, 0, 0, 0, , 0, 0, 0, 0, 0, 
161, 0, 211, -1, -1, 112, 90, 123.0, 9, , 41, 0, 0, 0, , 0, 0, 0, 0, 0, 
162, 0, 212, -1, -1, 255, 44, 127.0, 9, , 26, 0, 0, 0, , 0, 0, 0, 0, 0, 
163, 0, 213, -1, -1, 65, 112, 151.0, 9, , 20, 0, 0, 0, , 0, 0, 0, 0, 0, 
164, 0, 214, -1, -1, 323, 94, 166.0, 9, , 20, 0, 0, 0, , 0, 0, 0, 0, 0, 
165, 0, 215, -1, -1, 137, 45, 164.0, 9, , 43, 0, 0, 0, , 0, 0, 0, 0, 0, 
166, 0, 216, -1, -1, 85, 114, 194.0, 9, , 24, 0, 0, 0, , 0, 0, 0, 0, 0, 
167, 0, 217, -1, -1, 114, 96, 116.0, 9, , 59, 0, 0, 0, , 0, 0, 0, 0, 0, 
168, 0, 218, -1, -1, 131, 149, 118.0, 9, , 40, 0, 0, 0, , 0, 0, 0, 0, 0, 
169, 0, 219, -1, -1, 199, 130, 169.0, 9, , 49, 0, 0, 0, , 0, 0, 0, 0, 0, 
170, 0, 220, -1, -1, 96, 92, 174.0, 7, , 11, 0, 0, 0, , 0, 0, 0, 0, 0, 
171, 0, 221, -1, -1, 137, 124, 187.0, 9, , 57, 0, 0, 0, , 0, 0, 0, 0, 0, 
172, 0, 222, -1, -1, 128, 95, 100.0, 9, , 38, 0, 0, 0, , 0, 0, 0, 0, 0, 
173, 0, 223, -1, -1, 129, 101, 151.0, 9, , 59, 0, 0, 0, , 0, 0, 0, 0, 0, 
174, 0, 224, -1, -1, 174, 92, 163.0, 9, , 26, 0, 0, 0, , 0, 0, 0, 0, 0, 
175, 0, 225, -1, -1, 145, 147, 166.0, 9, , 42, 0, 0, 0, , 0, 0, 0, 0, 0, 
176, 0, 228, -1, -1, 110, 92, 181.0, 7, , 27, 0, 0, 0, , 0, 0, 0, 0, 0, 
177, 0, 229, -1, -1, 179, 120, 116.0, 13, , 23, 0, 0, 0, , 0, 0, 0, 0, 0, 
178, 0, 231, -1, -1, 142, 107, 158.0, 9, , 99, 0, 0, 0, , 0, 0, 0, 0, 0, 
179, 0, 232, -1, -1, 281, 100, 207.0, 9, , 13, 0, 0, 0, , 0, 0, 0, 0, 0, 
180, 0, 233, -1, -1, 144, 106, 152.0, 7, , 49, 0, 0, 0, , 0, 0, 0, 0, 0, 
181, 0, 234, -1, -1, 127, 146, 154.0, 9, , 26, 0, 0, 0, , 0, 0, 0, 0, 0, 
182, 0, 235, -1, -1, 114, 143, 139.0, 9, , 45, 0, 0, 0, , 0, 0, 0, 0, 0, 
183, 0, 236, -1, -1, 112, 89, 121.0, 9, , 38, 0, 0, 0, , 0, 0, 0, 0, 0, 
184, 0, 237, -1, -1, 117, 96, 94.0, 9, , 69, 0, 0, 0, , 0, 0, 0, 0, 0, 
185, 0, 238, -1, -1, 224, 126, 138.0, 9, , 13, 0, 0, 0, , 0, 0, 0, 0, 0, 
186, 0, 240, -1, -1, 110, 91, 179.0, 9, , 22, 0, 0, 0, , 0, 0, 0, 0, 0, 
187, 0, 241, -1, -1, 119, 111, 186.0, 11, , 134, 0, 0, 0, , 0, 0, 0, 0, 0, 
188, 0, 242, -1, -1, 276, 84, 192.0, 9, , 32, 0, 0, 0, , 0, 0, 0, 0, 0, 
189, 0, 243, -1, -1, 127, 141, 194.0, 7, , 15, 0, 0, 0, , 0, 0, 0, 0, 0, 
190, 0, 244, -1, -1, 237, 65, 183.0, 9, , 25, 0, 0, 0, , 0, 0, 0, 0, 0, 
191, 0, 245, -1, -1, 273, 88, 196.0, 9, , 19, 0, 0, 0, , 0, 0, 0, 0, 0, 
192, 0, 246, -1, -1, 192, 128, 203.0, 9, , 51, 0, 0, 0, , 0, 0, 0, 0, 0, 
193, 0, 247, -1, -1, 117, 99, 115.0, 11, , 13, 0, 0, 0, , 0, 0, 0, 0, 0, 
194, 0, 249, -1, -1, 155, 74, 185.0, 7, , 28, 0, 0, 0, , 0, 0, 0, 0, 0, 
195, 0, 250, -1, -1, 124, 137, 94.0, 9, , 40, 0, 0, 0, , 0, 0, 0, 0, 0, 
196, 0, 251, -1, -1, 117, 91, 106.0, 9, , 84, 0, 0, 0, , 0, 0, 0, 0, 0, 
197, 0, 253, -1, -1, 119, 134, 160.0, 9, , 65, 0, 0, 0, , 0, 0, 0, 0, 0, 
198, 0, 255, -1, -1, 89, 96, 193.0, 9, , 33, 0, 0, 0, , 0, 0, 0, 0, 0, 
199, 0, 256, -1, -1, 306, 161, 108.0, 9, , 46, 0, 0, 0, , 0, 0, 0, 0, 0, 
200, 0, 257, -1, -1, 285, 167, 139.0, 9, , 19, 0, 0, 0, , 0, 0, 0, 0, 0, 
201, 0, 258, -1, -1, 145, 146, 154.0, 9, , 27, 0, 0, 0, , 0, 0, 0, 0, 0, 
202, 0, 259, -1, -1, 71, 99, 169.0, 9, , 33, 0, 0, 0, , 0, 0, 0, 0, 0, 
203, 0, 260, -1, -1, 235, 40, 171.0, 7, , 26, 0, 0, 0, , 0, 0, 0, 0, 0, 
204, 0, 261, -1, -1, 125, 162, 172.0, 9, , 72, 0, 0, 0, , 0, 0, 0, 0, 0, 
205, 0, 262, -1, -1, 273, 139, 193.0, 7, , 20, 0, 0, 0, , 0, 0, 0, 0, 0, 
206, 0, 264, -1, -1, 222, 80, 189.0, 13, , 120, 0, 0, 0, , 0, 0, 0, 0, 0, 
207, 0, 265, -1, -1, 207, 88, 196.0, 7, , 21, 0, 0, 0, , 0, 0, 0, 0, 0, 
208, 0, 266, -1, -1, 116, 121, 67.0, 9, , 28, 0, 0, 0, , 0, 0, 0, 0, 0, 
209, 0, 267, -1, -1, 221, 144, 138.0, 9, , 42, 0, 0, 0, , 0, 0, 0, 0, 0, 
210, 0, 268, -1, -1, 137, 44, 160.0, 9, , 19, 0, 0, 0, , 0, 0, 0, 0, 0, 
211, 0, 269, -1, -1, 126, 81, 160.0, 9, , 32, 0, 0, 0, , 0, 0, 0, 0, 0, 
212, 0, 270, -1, -1, 174, 121, 200.0, 9, , 16, 0, 0, 0, , 0, 0, 0, 0, 0, 
213, 0, 271, -1, -1, 102, 89, 177.0, 9, , 63, 0, 0, 0, , 0, 0, 0, 0, 0, 
214, 0, 272, -1, -1, 204, 83, 196.0, 7, , 26, 0, 0, 0, , 0, 0, 0, 0, 0, 
215, 0, 273, -1, -1, 308, 170, 142.0, 7, , 14, 0, 0, 0, , 0, 0, 0, 0, 0, 
216, 0, 275, -1, -1, 61, 106, 108.0, 7, , 4, 0, 0, 0, , 0, 0, 0, 0, 0, 
217, 0, 278, -1, -1, 147, 167, 124.0, 11, , 39, 0, 0, 0, , 0, 0, 0, 0, 0, 
218, 0, 279, -1, -1, 127, 176, 134.0, 9, , 37, 0, 0, 0, , 0, 0, 0, 0, 0, 
219, 0, 280, -1, -1, 307, 171, 138.0, 7, , 23, 0, 0, 0, , 0, 0, 0, 0, 0, 
220, 0, 281, -1, -1, 111, 160, 154.0, 7, , 26, 0, 0, 0, , 0, 0, 0, 0, 0, 
221, 0, 282, -1, -1, 170, 76, 172.0, 9, , 54, 0, 0, 0, , 0, 0, 0, 0, 0, 
222, 0, 283, -1, -1, 319, 87, 185.0, 9, , 47, 0, 0, 0, , 0, 0, 0, 0, 0, 
223, 0, 284, -1, -1, 135, 104, 147.0, 9, , 58, 0, 0, 0, , 0, 0, 0, 0, 0, 
224, 0, 285, -1, -1, 324, 94, 163.0, 9, , 32, 0, 0, 0, , 0, 0, 0, 0, 0, 
225, 0, 286, -1, -1, 100, 152, 159.0, 9, , 84, 0, 0, 0, , 0, 0, 0, 0, 0, 
226, 0, 287, -1, -1, 71, 99, 174.0, 11, , 33, 0, 0, 0, , 0, 0, 0, 0, 0, 
227, 0, 290, -1, -1, 134, 144, 198.0, 9, , 46, 0, 0, 0, , 0, 0, 0, 0, 0, 
228, 0, 291, -1, -1, 306, 163, 106.0, 9, , 26, 0, 0, 0, , 0, 0, 0, 0, 0, 
229, 0, 293, -1, -1, 126, 81, 158.0, 9, , 65, 0, 0, 0, , 0, 0, 0, 0, 0, 
230, 0, 294, -1, -1, 159, 91, 84.0, 9, , 11, 0, 0, 0, , 0, 0, 0, 0, 0, 
231, 0, 296, -1, -1, 81, 155, 113.0, 9, , 18, 0, 0, 0, , 0, 0, 0, 0, 0, 
232, 0, 298, -1, -1, 131, 61, 155.0, 9, , 39, 0, 0, 0, , 0, 0, 0, 0, 0, 
233, 0, 299, -1, -1, 139, 86, 161.0, 9, , 25, 0, 0, 0, , 0, 0, 0, 0, 0, 
234, 0, 300, -1, -1, 266, 162, 161.0, 7, , 30, 0, 0, 0, , 0, 0, 0, 0, 0, 
235, 0, 301, -1, -1, 237, 64, 181.0, 9, , 46, 0, 0, 0, , 0, 0, 0, 0, 0, 
236, 0, 302, -1, -1, 117, 113, 189.0, 11, , 75, 0, 0, 0, , 0, 0, 0, 0, 0, 
237, 0, 303, -1, -1, 290, 118, 189.0, 9, , 37, 0, 0, 0, , 0, 0, 0, 0, 0, 
238, 0, 305, -1, -1, 147, 43, 161.0, 9, , 33, 0, 0, 0, , 0, 0, 0, 0, 0, 
239, 0, 306, -1, -1, 158, 87, 165.0, 11, , 67, 0, 0, 0, , 0, 0, 0, 0, 0, 
240, 0, 307, -1, -1, 187, 59, 181.0, 9, , 35, 0, 0, 0, , 0, 0, 0, 0, 0, 
241, 0, 308, -1, -1, 155, 66, 186.0, 9, , 67, 0, 0, 0, , 0, 0, 0, 0, 0, 
242, 0, 309, -1, -1, 194, 130, 197.0, 11, , 245, 0, 0, 0, , 0, 0, 0, 0, 0, 
243, 0, 310, -1, -1, 183, 130, 193.0, 9, , 24, 0, 0, 0, , 0, 0, 0, 0, 0, 
244, 0, 312, -1, -1, 73, 146, 100.0, 9, , 38, 0, 0, 0, , 0, 0, 0, 0, 0, 
245, 0, 313, -1, -1, 68, 83, 106.0, 9, , 13, 0, 0, 0, , 0, 0, 0, 0, 0, 
246, 0, 314, -1, -1, 132, 177, 132.0, 7, , 16, 0, 0, 0, , 0, 0, 0, 0, 0, 
247, 0, 315, -1, -1, 97, 156, 148.0, 9, , 13, 0, 0, 0, , 0, 0, 0, 0, 0, 
248, 0, 316, -1, -1, 277, 100, 164.0, 9, , 14, 0, 0, 0, , 0, 0, 0, 0, 0, 
249, 0, 317, -1, -1, 210, 133, 169.0, 7, , 5, 0, 0, 0, , 0, 0, 0, 0, 0, 
250, 0, 318, -1, -1, 318, 88, 183.0, 9, , 36, 0, 0, 0, , 0, 0, 0, 0, 0, 
251, 0, 320, -1, -1, 84, 102, 195.0, 11, , 30, 0, 0, 0, , 0, 0, 0, 0, 0, 
252, 0, 321, -1, -1, 178, 124, 91.0, 11, , 52, 0, 0, 0, , 0, 0, 0, 0, 0, 
253, 0, 322, -1, -1, 82, 137, 115.0, 7, , 14, 0, 0, 0, , 0, 0, 0, 0, 0, 
254, 0, 323, -1, -1, 157, 87, 154.0, 9, , 78, 0, 0, 0, , 0, 0, 0, 0, 0, 
255, 0, 324, -1, -1, 115, 135, 179.0, 9, , 57, 0, 0, 0, , 0, 0, 0, 0, 0, 
256, 0, 325, -1, -1, 134, 61, 160.0, 9, , 59, 0, 0, 0, , 0, 0, 0, 0, 0, 
257, 0, 327, -1, -1, 160, 78, 203.0, 9, , 39, 0, 0, 0, , 0, 0, 0, 0, 0, 
258, 0, 328, -1, -1, 151, 116, 157.0, 9, , 46, 0, 0, 0, , 0, 0, 0, 0, 0, 
259, 0, 330, -1, -1, 166, 155, 185.0, 9, , 31, 0, 0, 0, , 0, 0, 0, 0, 0, 
260, 0, 331, -1, -1, 185, 128, 189.0, 9, , 40, 0, 0, 0, , 0, 0, 0, 0, 0, 
261, 0, 332, -1, -1, 170, 134, 204.0, 9, , 28, 0, 0, 0, , 0, 0, 0, 0, 0, 
262, 0, 333, -1, -1, 136, 129, 145.0, 9, , 46, 0, 0, 0, , 0, 0, 0, 0, 0, 
263, 0, 334, -1, -1, 196, 134, 195.0, 9, , 75, 0, 0, 0, , 0, 0, 0, 0, 0, 
264, 0, 335, -1, -1, 196, 134, 189.0, 9, , 35, 0, 0, 0, , 0, 0, 0, 0, 0, 
265, 0, 336, -1, -1, 122, 140, 86.0, 9, , 25, 0, 0, 0, , 0, 0, 0, 0, 0, 
266, 0, 337, -1, -1, 155, 166, 87.0, 9, , 25, 0, 0, 0, , 0, 0, 0, 0, 0, 
267, 0, 338, -1, -1, 205, 156, 100.0, 9, , 11, 0, 0, 0, , 0, 0, 0, 0, 0, 
268, 0, 339, -1, -1, 123, 111, 125.0, 7, , 21, 0, 0, 0, , 0, 0, 0, 0, 0, 
269, 0, 340, -1, -1, 255, 43, 129.0, 9, , 14, 0, 0, 0, , 0, 0, 0, 0, 0, 
270, 0, 341, -1, -1, 259, 148, 128.0, 9, , 11, 0, 0, 0, , 0, 0, 0, 0, 0, 
271, 0, 342, -1, -1, 259, 45, 133.0, 9, , 18, 0, 0, 0, , 0, 0, 0, 0, 0, 
272, 0, 344, -1, -1, 145, 144, 149.0, 9, , 31, 0, 0, 0, , 0, 0, 0, 0, 0, 
273, 0, 345, -1, -1, 100, 152, 162.0, 9, , 79, 0, 0, 0, , 0, 0, 0, 0, 0, 
274, 0, 346, -1, -1, 116, 136, 167.0, 11, , 64, 0, 0, 0, , 0, 0, 0, 0, 0, 
275, 0, 347, -1, -1, 251, 106, 169.0, 11, , 37, 0, 0, 0, , 0, 0, 0, 0, 0, 
276, 0, 348, -1, -1, 123, 83, 171.0, 7, , 23, 0, 0, 0, , 0, 0, 0, 0, 0, 
277, 0, 350, -1, -1, 303, 145, 180.0, 9, , 25, 0, 0, 0, , 0, 0, 0, 0, 0, 
278, 0, 352, -1, -1, 122, 137, 194.0, 9, , 26, 0, 0, 0, , 0, 0, 0, 0, 0, 
279, 0, 353, -1, -1, 173, 121, 197.0, 9, , 18, 0, 0, 0, , 0, 0, 0, 0, 0, 
280, 0, 355, -1, -1, 130, 103, 154.0, 11, , 62, 0, 0, 0, , 0, 0, 0, 0, 0, 
281, 0, 356, -1, -1, 173, 92, 165.0, 9, , 27, 0, 0, 0, , 0, 0, 0, 0, 0, 
282, 0, 357, -1, -1, 138, 124, 185.0, 9, , 48, 0, 0, 0, , 0, 0, 0, 0, 0, 
283, 0, 358, -1, -1, 195, 128, 69.0, 9, , 18, 0, 0, 0, , 0, 0, 0, 0, 0, 
284, 0, 359, -1, -1, 153, 92, 209.0, 9, , 59, 0, 0, 0, , 0, 0, 0, 0, 0, 
285, 0, 360, -1, -1, 114, 74, 133.0, 11, , 36, 0, 0, 0, , 0, 0, 0, 0, 0, 
286, 0, 361, -1, -1, 213, 131, 164.0, 9, , 50, 0, 0, 0, , 0, 0, 0, 0, 0, 
287, 0, 362, -1, -1, 155, 165, 79.0, 9, , 23, 0, 0, 0, , 0, 0, 0, 0, 0, 
288, 0, 363, -1, -1, 83, 107, 85.0, 9, , 22, 0, 0, 0, , 0, 0, 0, 0, 0, 
289, 0, 364, -1, -1, 172, 174, 125.0, 11, , 10, 0, 0, 0, , 0, 0, 0, 0, 0, 
290, 0, 365, -1, -1, 132, 177, 130.0, 7, , 19, 0, 0, 0, , 0, 0, 0, 0, 0, 
291, 0, 366, -1, -1, 120, 140, 133.0, 9, , 51, 0, 0, 0, , 0, 0, 0, 0, 0, 
292, 0, 367, -1, -1, 77, 122, 137.0, 11, , 14, 0, 0, 0, , 0, 0, 0, 0, 0, 
293, 0, 368, -1, -1, 139, 127, 139.0, 11, , 63, 0, 0, 0, , 0, 0, 0, 0, 0, 
294, 0, 369, -1, -1, 145, 112, 148.0, 9, , 57, 0, 0, 0, , 0, 0, 0, 0, 0, 
295, 0, 370, -1, -1, 145, 107, 150.0, 7, , 36, 0, 0, 0, , 0, 0, 0, 0, 0, 
296, 0, 371, -1, -1, 97, 64, 156.0, 7, , 12, 0, 0, 0, , 0, 0, 0, 0, 0, 
297, 0, 372, -1, -1, 135, 85, 164.0, 9, , 15, 0, 0, 0, , 0, 0, 0, 0, 0, 
298, 0, 373, -1, -1, 228, 40, 168.0, 9, , 18, 0, 0, 0, , 0, 0, 0, 0, 0, 
299, 0, 374, -1, -1, 76, 108, 178.0, 9, , 26, 0, 0, 0, , 0, 0, 0, 0, 0, 
300, 0, 375, -1, -1, 254, 128, 180.0, 9, , 10, 0, 0, 0, , 0, 0, 0, 0, 0, 
301, 0, 376, -1, -1, 133, 107, 180.0, 7, , 16, 0, 0, 0, , 0, 0, 0, 0, 0, 
302, 0, 377, -1, -1, 75, 108, 181.0, 9, , 40, 0, 0, 0, , 0, 0, 0, 0, 0, 
303, 0, 378, -1, -1, 167, 155, 183.0, 11, , 21, 0, 0, 0, , 0, 0, 0, 0, 0, 
304, 0, 379, -1, -1, 220, 84, 186.0, 11, , 38, 0, 0, 0, , 0, 0, 0, 0, 0, 
305, 0, 380, -1, -1, 273, 140, 191.0, 7, , 18, 0, 0, 0, , 0, 0, 0, 0, 0, 
306, 0, 381, -1, -1, 151, 90, 204.0, 9, , 40, 0, 0, 0, , 0, 0, 0, 0, 0, 
307, 0, 382, -1, -1, 195, 128, 74.0, 9, , 33, 0, 0, 0, , 0, 0, 0, 0, 0, 
308, 0, 383, -1, -1, 71, 147, 106.0, 9, , 19, 0, 0, 0, , 0, 0, 0, 0, 0, 
309, 0, 384, -1, -1, 113, 90, 126.0, 9, , 37, 0, 0, 0, , 0, 0, 0, 0, 0, 
310, 0, 385, -1, -1, 141, 127, 137.0, 11, , 44, 0, 0, 0, , 0, 0, 0, 0, 0, 
311, 0, 386, -1, -1, 134, 128, 147.0, 9, , 25, 0, 0, 0, , 0, 0, 0, 0, 0, 
312, 0, 387, -1, -1, 193, 108, 150.0, 9, , 21, 0, 0, 0, , 0, 0, 0, 0, 0, 
313, 0, 388, -1, -1, 151, 110, 155.0, 9, , 52, 0, 0, 0, , 0, 0, 0, 0, 0, 
314, 0, 390, -1, -1, 105, 134, 165.0, 9, , 11, 0, 0, 0, , 0, 0, 0, 0, 0, 
315, 0, 391, -1, -1, 153, 63, 185.0, 9, , 39, 0, 0, 0, , 0, 0, 0, 0, 0, 
316, 0, 392, -1, -1, 118, 171, 160.0, 9, , 36, 0, 0, 0, , 0, 0, 0, 0, 0, 
317, 0, -1, -1, -1, 65, 92, 124.0, 9, , 11, 0, 0, 0, , 0, 0, 0, 0, 0, 
318, 0, -1, -1, -1, 198, 171, 137.0, 11, , 88, 0, 0, 0, , 0, 0, 0, 0, 0, 
319, 0, -1, -1, -1, 214, 155, 154.0, 9, , 16, 0, 0, 0, , 0, 0, 0, 0, 0, 
320, 0, -1, -1, -1, 103, 118, 162.0, 9, , 28, 0, 0, 0, , 0, 0, 0, 0, 0, 
321, 0, -1, -1, -1, 150, 113, 162.0, 9, , 64, 0, 0, 0, , 0, 0, 0, 0, 0, 
322, 0, -1, -1, -1, 136, 45, 167.0, 9, , 38, 0, 0, 0, , 0, 0, 0, 0, 0, 
323, 0, -1, -1, -1, 278, 113, 168.0, 9, , 26, 0, 0, 0, , 0, 0, 0, 0, 0, 
324, 0, -1, -1, -1, 288, 125, 172.0, 11, , 24, 0, 0, 0, , 0, 0, 0, 0, 0, 
325, 0, -1, -1, -1, 144, 58, 177.0, 9, , 40, 0, 0, 0, , 0, 0, 0, 0, 0, 
326, 0, -1, -1, -1, 281, 166, 179.0, 7, , 10, 0, 0, 0, , 0, 0, 0, 0, 0, 
327, 0, -1, -1, -1, 152, 133, 198.0, 7, , 18, 0, 0, 0, , 0, 0, 0, 0, 0, 
328, 0, -1, -1, -1, 130, 101, 148.0, 7, , 22, 0, 0, 0, , 0, 0, 0, 0, 0, 
329, 0, -1, -1, -1, 212, 131, 171.0, 7, , 27, 0, 0, 0, , 0, 0, 0, 0, 0, 
330, 0, -1, -1, -1, 135, 46, 172.0, 7, , 9, 0, 0, 0, , 0, 0, 0, 0, 0, 
331, 0, -1, -1, -1, 187, 59, 185.0, 9, , 41, 0, 0, 0, , 0, 0, 0, 0, 0, 
332, 1, 393, 309, -1, 301, 90, 130.0, 14, Eprpa, 0, 0, 0, 0, , 0, 0, 0, 0, 0, 
333, 1, 394, 310, -1, 137, 100, 87.0, 16, ABalpaapapa, 0, 0, 0, 0, , 0, 0, 0, 0, 0, 
334, 1, 395, 311, -1, 241, 67, 181.0, 17, ABprappaap, 0, 0, 0, 0, , 0, 0, 0, 0, 0, 
335, 1, 396, 312, -1, 122, 138, 92.0, 15, ABplpaapaaa, 0, 0, 0, 0, , 0, 0, 0, 0, 0, 
336, 1, 397, 722, -1, 71, 100, 174.0, 14, ABarpappaa, 0, 0, 0, 0, , 0, 0, 0, 0, 0, 
337, 1, 398, 313, -1, 101, 143, 68.0, 15, ABplaaappa, 0, 0, 0, 0, , 0, 0, 0, 0, 0, 
338, 1, 399, 314, -1, 126, 128, 60.5, 16, ABplaaappp, 0, 0, 0, 0, , 0, 0, 0, 0, 0, 
339, 0, 400, -1, -1, 171, 139, 61.0, 14, , 0, 0, 0, 0, , 0, 0, 0, 0, 0, 
340, 0, 401, -1, -1, 96, 71, 175.0, 13, , 0, 0, 0, 0, , 0, 0, 0, 0, 0, 
341, 1, 402, 316, -1, 92, 70, 181.0, 13, ABarpapppa, 0, 0, 0, 0, , 0, 0, 0, 0, 0, 
342, 1, 403, 317, -1, 125, 50, 176.0, 14, ABarpapppp, 0, 0, 0, 0, , 0, 0, 0, 0, 0, 
343, 1, 404, 318, -1, 156, 48, 183.0, 16, ABarpppaap, 0, 0, 0, 0, , 0, 0, 0, 0, 0, 
344, 1, 405, 319, -1, 184, 127, 57.0, 17, ABarppapaa, 0, 0, 0, 0, , 0, 0, 0, 0, 0, 
345, 1, 406, 320, -1, 213, 127, 67.0, 18, ABarppapap, 0, 0, 0, 0, , 0, 0, 0, 0, 0, 
346, 1, 407, 321, -1, 205, 47, 174.0, 15, ABarppppap, 0, 0, 0, 0, , 0, 0, 0, 0, 0, 
347, 1, 408, 322, -1, 235, 122, 65.0, 15, ABplappapa, 0, 0, 0, 0, , 0, 0, 0, 0, 0, 
348, 1, 409, 323, -1, 230, 38, 165.0, 11, ABprappapa, 0, 0, 0, 0, , 0, 0, 0, 0, 0, 
349, 1, 410, 324, -1, 260, 128, 76.0, 17, ABarppappa, 0, 0, 0, 0, , 0, 0, 0, 0, 0, 
350, 1, 411, 325, -1, 259, 49, 169.0, 14, ABarpppppa, 0, 0, 0, 0, , 0, 0, 0, 0, 0, 
351, 1, 412, 326, -1, 288, 139, 82.0, 14, ABplapapaa, 0, 0, 0, 0, , 0, 0, 0, 0, 0, 
352, 1, 413, 327, -1, 286, 60, 175.0, 13, ABprapapaa, 0, 0, 0, 0, , 0, 0, 0, 0, 0, 
353, 1, 414, 328, -1, 296, 156, 98.0, 17, ABarppappp, 0, 0, 0, 0, , 0, 0, 0, 0, 0, 
354, 1, 415, 329, -1, 303, 77, 185.0, 15, ABarpppppp, 0, 0, 0, 0, , 0, 0, 0, 0, 0, 
355, 1, 416, 330, -1, 313, 162, 149.0, 15, ABplappppp, 0, 0, 0, 0, , 0, 0, 0, 0, 0, 
356, 0, 417, -1, -1, 309, 116, 179.0, 10, , 0, 0, 0, 0, , 0, 0, 0, 0, 0, 
357, 1, 418, 333, -1, 182, 45, 180.0, 14, ABarppppaa, 0, 0, 0, 0, , 0, 0, 0, 0, 0, 
358, 1, 419, 334, -1, 203, 29, 145.0, 15, Caaaaa, 0, 0, 0, 0, , 0, 0, 0, 0, 0, 
359, 1, 420, 335, -1, 216, 127, 92.0, 17, Capaaaa, 0, 0, 0, 0, , 0, 0, 0, 0, 0, 
360, 1, 421, 336, -1, 265, 128, 95.0, 15, Capaapa, 0, 0, 0, 0, , 0, 0, 0, 0, 0, 
361, 1, 422, 337, -1, 287, 140, 103.0, 15, Capaapp, 0, 0, 0, 0, , 0, 0, 0, 0, 0, 
362, 1, 423, 338, -1, 272, 162, 104.5, 16, ABplapapap, 0, 0, 0, 0, , 0, 0, 0, 0, 0, 
363, 0, 425, -1, -1, 84, 145, 133.0, 13, , 0, 0, 0, 0, , 0, 0, 0, 0, 0, 
364, 0, 426, -1, -1, 99, 135, 122.0, 12, , 0, 0, 0, 0, , 0, 0, 0, 0, 0, 
365, 0, 427, -1, -1, 92, 151, 134.0, 12, , 0, 0, 0, 0, , 0, 0, 0, 0, 0, 
366, 0, 428, -1, -1, 89, 152, 139.0, 14, , 0, 0, 0, 0, , 0, 0, 0, 0, 0, 
367, 0, 429, -1, -1, 90, 145, 142.0, 13, , 0, 0, 0, 0, , 0, 0, 0, 0, 0, 
368, 0, 430, -1, -1, 81, 145, 133.0, 13, , 0, 0, 0, 0, , 0, 0, 0, 0, 0, 
369, 1, 431, 345, -1, 220, 68, 131.5, 15, Earpa, 0, 0, 0, 0, , 0, 0, 0, 0, 0, 
370, 1, 432, 346, -1, 204, 68, 96.0, 15, Ealaad, 0, 0, 0, 0, , 0, 0, 0, 0, 0, 
371, 1, 433, 347, -1, 214, 105, 105.0, 13, Ealaav, 0, 0, 0, 0, , 0, 0, 0, 0, 0, 
372, 1, 434, 348, -1, 235, 86, 117.5, 16, Ealap, 0, 0, 0, 0, , 0, 0, 0, 0, 0, 
373, 1, 435, 349, -1, 219, 88, 128.0, 15, Ealpa, 0, 0, 0, 0, , 0, 0, 0, 0, 0, 
374, 1, 436, 350, -1, 273, 96, 111.0, 15, Ealpp, 0, 0, 0, 0, , 0, 0, 0, 0, 0, 
375, 1, 437, 351, -1, 202, 59, 119.666664, 15, Earaad, 0, 0, 0, 0, , 0, 0, 0, 0, 0, 
376, 1, 438, 352, -1, 202, 74, 151.0, 15, Earaav, 0, 0, 0, 0, , 0, 0, 0, 0, 0, 
377, 1, 439, 353, -1, 226, 71, 115.0, 15, Earap, 0, 0, 0, 0, , 0, 0, 0, 0, 0, 
378, 1, 440, 354, -1, 266, 73, 119.75, 15, Earpp, 0, 0, 0, 0, , 0, 0, 0, 0, 0, 
379, 1, 441, 355, -1, 253, 86, 111.5, 14, Eplaa, 0, 0, 0, 0, , 0, 0, 0, 0, 0, 
380, 1, 442, 356, -1, 295, 93, 108.0, 15, Eplap, 0, 0, 0, 0, , 0, 0, 0, 0, 0, 
381, 1, 443, 357, -1, 311, 102, 122.0, 17, Eplpa, 0, 0, 0, 0, , 0, 0, 0, 0, 0, 
382, 1, 444, 358, -1, 309, 129, 152.0, 15, Eplppa, 0, 0, 0, 0, , 0, 0, 0, 0, 0, 
383, 1, 445, 359, -1, 313, 121, 119.333336, 15, Eplppp, 0, 0, 0, 0, , 0, 0, 0, 0, 0, 
384, 1, 446, 360, -1, 247, 69, 117.0, 15, Epraa, 0, 0, 0, 0, , 0, 0, 0, 0, 0, 
385, 1, 447, 361, -1, 288, 82, 118.0, 16, Eprap, 0, 0, 0, 0, , 0, 0, 0, 0, 0, 
386, 1, 448, 362, -1, 297, 107, 141.0, 14, Eprpp, 0, 0, 0, 0, , 0, 0, 0, 0, 0, 
387, 1, 449, 363, -1, 105, 103, 108.5, 11, MSaaaaaal, 0, 0, 0, 0, , 0, 0, 0, 0, 0, 
388, 1, 450, 364, -1, 105, 85, 131.5, 11, MSaaaaaar, 0, 0, 0, 0, , 0, 0, 0, 0, 0, 
389, 1, 451, 365, -1, 146, 82, 87.0, 14, MSaaaaapp, 0, 0, 0, 0, , 0, 0, 0, 0, 0, 
390, 1, 452, 366, -1, 109, 74, 114.0, 13, MSaaaaapaa, 0, 0, 0, 0, , 0, 0, 0, 0, 0, 
391, 0, 453, -1, -1, 126, 80, 113.0, 13, , 0, 0, 0, 0, , 0, 0, 0, 0, 0, 
392, 1, 454, 368, -1, 153, 59, 92.0, 11, MSaaaapaa, 0, 0, 0, 0, , 0, 0, 0, 0, 0, 
393, 1, 455, 369, -1, 158, 81, 100.0, 12, MSaaaapap, 0, 0, 0, 0, , 0, 0, 0, 0, 0, 
394, 1, 456, 370, -1, 174, 63, 119.0, 11, MSaaaappa, 0, 0, 0, 0, , 0, 0, 0, 0, 0, 
395, 1, 457, 371, -1, 159, 105, 87.0, 13, MSaaapaap, 0, 0, 0, 0, , 0, 0, 0, 0, 0, 
396, 1, 458, 372, -1, 178, 85, 92.0, 9, MSaaapapa, 0, 0, 0, 0, , 0, 0, 0, 0, 0, 
397, 1, 459, 373, -1, 189, 81, 104.0, 9, MSaaapapp, 0, 0, 0, 0, , 0, 0, 0, 0, 0, 
398, 1, 460, 374, -1, 207, 94, 99.0, 11, MSaaappa, 0, 0, 0, 0, , 0, 0, 0, 0, 0, 
399, 1, 461, 375, -1, 190, 58, 105.0, 11, MSaaappp, 0, 0, 0, 0, , 0, 0, 0, 0, 0, 
400, 1, 462, 376, -1, 191, 123, 130.0, 10, MSaapaaap, 0, 0, 0, 0, , 0, 0, 0, 0, 0, 
401, 1, 463, 377, -1, 176, 129, 123.0, 11, MSaapaaaa, 0, 0, 0, 0, , 0, 0, 0, 0, 0, 
402, 1, 464, 378, -1, 203, 114, 105.0, 10, MSaapaapp, 0, 0, 0, 0, , 0, 0, 0, 0, 0, 
403, 0, 465, -1, -1, 204, 107, 142.0, 10, , 0, 0, 0, 0, , 0, 0, 0, 0, 0, 
404, 1, 466, 380, -1, 132, 135, 111.0, 14, MSapaaaa, 0, 0, 0, 0, , 0, 0, 0, 0, 0, 
405, 1, 467, 381, -1, 119, 119, 82.0, 15, MSapaaap, 0, 0, 0, 0, , 0, 0, 0, 0, 0, 
406, 1, 468, 382, -1, 249, 108, 149.0, 15, MSapaapp, 0, 0, 0, 0, , 0, 0, 0, 0, 0, 
407, 1, 469, 383, -1, 183, 119, 74.5, 16, MSapapaa, 0, 0, 0, 0, , 0, 0, 0, 0, 0, 
408, 1, 470, 384, -1, 146, 154, 110.5, 16, MSapapap, 0, 0, 0, 0, , 0, 0, 0, 0, 0, 
409, 1, 471, 385, -1, 115, 104, 73.0, 16, MSapappa, 0, 0, 0, 0, , 0, 0, 0, 0, 0, 
410, 1, 472, 386, -1, 103, 83, 87.0, 14, MSapappp, 0, 0, 0, 0, , 0, 0, 0, 0, 0, 
411, 1, 473, 387, -1, 143, 97, 69.5, 14, MSapppap, 0, 0, 0, 0, , 0, 0, 0, 0, 0, 
412, 1, 474, 388, -1, 113, 81, 80.0, 14, MSappppa, 0, 0, 0, 0, , 0, 0, 0, 0, 0, 
413, 1, 475, 389, -1, 156, 69, 79.5, 14, MSappppp, 0, 0, 0, 0, , 0, 0, 0, 0, 0, 
414, 1, 476, 390, -1, 130, 64, 103.0, 15, MSpaaaaaa, 0, 0, 0, 0, , 0, 0, 0, 0, 0, 
415, 0, 477, -1, -1, 143, 61, 103.0, 15, , 0, 0, 0, 0, , 0, 0, 0, 0, 0, 
416, 1, 478, 392, -1, 120, 68, 125.0, 15, MSpaaaapa, 0, 0, 0, 0, , 0, 0, 0, 0, 0, 
417, 1, 479, 393, -1, 139, 59, 123.0, 15, MSpaaaapp, 0, 0, 0, 0, , 0, 0, 0, 0, 0, 
418, 1, 480, 394, -1, 165, 71, 96.0, 13, MSpaaapaa, 0, 0, 0, 0, , 0, 0, 0, 0, 0, 
419, 1, 481, 395, -1, 178, 60, 104.0, 13, MSpaaapap, 0, 0, 0, 0, , 0, 0, 0, 0, 0, 
420, 1, 482, 396, -1, 143, 54, 110.5, 15, MSpaaappa, 0, 0, 0, 0, , 0, 0, 0, 0, 0, 
421, 1, 483, 397, -1, 142, 63, 103.0, 15, MSpaaaaap, 0, 0, 0, 0, , 0, 0, 0, 0, 0, 
422, 1, 484, 398, -1, 159, 54, 107.0, 15, MSpaaappp, 0, 0, 0, 0, , 0, 0, 0, 0, 0, 
423, 1, 760, 399, -1, 152, 55, 136.5, 15, ABaraappapp, 0, 0, 0, 0, , 0, 0, 0, 0, 0, 
424, 1, 486, 400, -1, 162, 65, 114.0, 13, MSpaapaap, 0, 0, 0, 0, , 0, 0, 0, 0, 0, 
425, 1, 487, 401, -1, 172, 62, 132.0, 15, MSpaapapa, 0, 0, 0, 0, , 0, 0, 0, 0, 0, 
426, 1, 488, 402, -1, 183, 78, 170.5, 14, MSpapaapa, 0, 0, 0, 0, , 0, 0, 0, 0, 0, 
427, 1, 489, 403, -1, 246, 36, 139.0, 16, Caaaap, 0, 0, 0, 0, , 0, 0, 0, 0, 0, 
428, 1, 490, 404, -1, 280, 46, 144.5, 17, Caaapa, 0, 0, 0, 0, , 0, 0, 0, 0, 0, 
429, 1, 491, 405, -1, 306, 59, 155.0, 17, Caaapp, 0, 0, 0, 0, , 0, 0, 0, 0, 0, 
430, 1, 492, 406, -1, 278, 148, 174.0, 13, Caapaa, 0, 0, 0, 0, , 0, 0, 0, 0, 0, 
431, 1, 493, 407, -1, 291, 142, 181.0, 10, Caapap, 0, 0, 0, 0, , 0, 0, 0, 0, 0, 
432, 1, 494, 408, -1, 335, 105, 166.0, 16, Caappd, 0, 0, 0, 0, , 0, 0, 0, 0, 0, 
433, 1, 495, 409, -1, 323, 135, 165.0, 15, Caappv, 0, 0, 0, 0, , 0, 0, 0, 0, 0, 
434, 1, 496, 410, -1, 239, 122, 90.0, 17, Capaaap, 0, 0, 0, 0, , 0, 0, 0, 0, 0, 
435, 0, 497, -1, -1, 262, 112, 85.5, 15, , 0, 0, 0, 0, , 0, 0, 0, 0, 0, 
436, 1, 498, 412, -1, 262, 110, 82.0, 15, Capapaa, 0, 0, 0, 0, , 0, 0, 0, 0, 0, 
437, 1, 499, 413, -1, 297, 119, 87.5, 15, Capapap, 0, 0, 0, 0, , 0, 0, 0, 0, 0, 
438, 1, 500, 414, -1, 273, 151, 121.0, 15, Capappa, 0, 0, 0, 0, , 0, 0, 0, 0, 0, 
439, 0, 501, -1, -1, 271, 157, 144.5, 14, , 0, 0, 0, 0, , 0, 0, 0, 0, 0, 
440, 1, 502, 416, -1, 230, 95, 75.0, 17, Cappaaa, 0, 0, 0, 0, , 0, 0, 0, 0, 0, 
441, 1, 503, 417, -1, 280, 92, 81.333336, 17, Cappaap, 0, 0, 0, 0, , 0, 0, 0, 0, 0, 
442, 1, 504, 418, -1, 309, 140, 104.666664, 14, Cappapa, 0, 0, 0, 0, , 0, 0, 0, 0, 0, 
443, 1, 505, 419, -1, 308, 146, 122.0, 14, Cappapp, 0, 0, 0, 0, , 0, 0, 0, 0, 0, 
444, 1, 506, 420, -1, 316, 103, 94.0, 16, Capppaa, 0, 0, 0, 0, , 0, 0, 0, 0, 0, 
445, 1, 507, 421, -1, 332, 126, 115.0, 15, Capppap, 0, 0, 0, 0, , 0, 0, 0, 0, 0, 
446, 0, 508, -1, -1, 314, 147, 155.0, 14, , 0, 0, 0, 0, , 0, 0, 0, 0, 0, 
447, 0, 509, -1, -1, 290, 155, 163.0, 15, , 0, 0, 0, 0, , 0, 0, 0, 0, 0, 
448, 1, 510, 424, -1, 185, 89, 59.0, 17, Cpaaaa, 0, 0, 0, 0, , 0, 0, 0, 0, 0, 
449, 1, 511, 425, -1, 220, 87, 64.0, 19, Cpaaap, 0, 0, 0, 0, , 0, 0, 0, 0, 0, 
450, 1, 512, 426, -1, 252, 98, 69.0, 17, Cpaapa, 0, 0, 0, 0, , 0, 0, 0, 0, 0, 
451, 0, 513, -1, -1, 297, 117, 79.0, 17, , 0, 0, 0, 0, , 0, 0, 0, 0, 0, 
452, 1, 514, 428, -1, 286, 117, 76.666664, 17, Cpaapp, 0, 0, 0, 0, , 0, 0, 0, 0, 0, 
453, 1, 515, 429, -1, 321, 81, 168.5, 15, Cpapaa, 0, 0, 0, 0, , 0, 0, 0, 0, 0, 
454, 1, 516, 430, -1, 324, 127, 96.0, 15, Cpapap, 0, 0, 0, 0, , 0, 0, 0, 0, 0, 
455, 1, 517, 431, -1, 330, 149, 118.0, 15, Cpappd, 0, 0, 0, 0, , 0, 0, 0, 0, 0, 
456, 1, 518, 432, -1, 326, 150, 156.5, 15, Cpappv, 0, 0, 0, 0, , 0, 0, 0, 0, 0, 
457, 1, 519, 433, -1, 210, 79, 174.0, 14, Cppaaaa, 0, 0, 0, 0, , 0, 0, 0, 0, 0, 
458, 1, 520, 434, -1, 233, 67, 168.0, 13, Cppaaap, 0, 0, 0, 0, , 0, 0, 0, 0, 0, 
459, 1, 521, 435, -1, 251, 67, 166.0, 13, Cppaapa, 0, 0, 0, 0, , 0, 0, 0, 0, 0, 
460, 1, 522, 436, -1, 285, 80, 172.0, 13, Cppaapp, 0, 0, 0, 0, , 0, 0, 0, 0, 0, 
461, 1, 523, 437, -1, 253, 48, 150.5, 13, Cppapaa, 0, 0, 0, 0, , 0, 0, 0, 0, 0, 
462, 1, 524, 438, -1, 287, 62, 152.5, 15, Cppapap, 0, 0, 0, 0, , 0, 0, 0, 0, 0, 
463, 1, 525, 439, -1, 284, 91, 178.5, 13, Cppappa, 0, 0, 0, 0, , 0, 0, 0, 0, 0, 
464, 1, 526, 440, -1, 280, 109, 185.0, 13, Cppappp, 0, 0, 0, 0, , 0, 0, 0, 0, 0, 
465, 1, 527, 441, -1, 222, 38, 143.75, 15, Cpppaaa, 0, 0, 0, 0, , 0, 0, 0, 0, 0, 
466, 1, 528, 442, -1, 257, 45, 127.5, 15, Cpppaap, 0, 0, 0, 0, , 0, 0, 0, 0, 0, 
467, 1, 529, 443, -1, 310, 76, 158.0, 14, Cpppapa, 0, 0, 0, 0, , 0, 0, 0, 0, 0, 
468, 1, 530, 444, -1, 319, 94, 165.5, 13, Cpppapp, 0, 0, 0, 0, , 0, 0, 0, 0, 0, 
469, 1, 531, 445, -1, 306, 61, 129.0, 15, Cppppaa, 0, 0, 0, 0, , 0, 0, 0, 0, 0, 
470, 1, 532, 446, -1, 327, 87, 138.0, 15, Cppppap, 0, 0, 0, 0, , 0, 0, 0, 0, 0, 
471, 1, 533, 447, -1, 328, 116, 154.0, 14, Cpppppd, 0, 0, 0, 0, , 0, 0, 0, 0, 0, 
472, 1, 534, 448, -1, 299, 130, 173.0, 14, Cpppppv, 0, 0, 0, 0, , 0, 0, 0, 0, 0, 
473, 1, 535, 449, -1, 182, 147, 100.0, 14, Daaaa, 0, 0, 0, 0, , 0, 0, 0, 0, 0, 
474, 1, 536, 450, -1, 171, 91, 69.0, 15, Daaap, 0, 0, 0, 0, , 0, 0, 0, 0, 0, 
475, 1, 537, 451, -1, 179, 155, 119.0, 14, Daapa, 0, 0, 0, 0, , 0, 0, 0, 0, 0, 
476, 1, 538, 452, -1, 191, 155, 128.0, 14, Daapp, 0, 0, 0, 0, , 0, 0, 0, 0, 0, 
477, 1, 539, 453, -1, 201, 139, 101.5, 16, Dapaa, 0, 0, 0, 0, , 0, 0, 0, 0, 0, 
478, 1, 540, 454, -1, 201, 93, 75.0, 16, Dapap, 0, 0, 0, 0, , 0, 0, 0, 0, 0, 
479, 1, 541, 455, -1, 173, 63, 81.0, 12, Dappaa, 0, 0, 0, 0, , 0, 0, 0, 0, 0, 
480, 1, 542, 456, -1, 203, 79, 85.5, 14, Dappap, 0, 0, 0, 0, , 0, 0, 0, 0, 0, 
481, 1, 543, 457, -1, 213, 71, 84.0, 12, Dapppa, 0, 0, 0, 0, , 0, 0, 0, 0, 0, 
482, 1, 544, 458, -1, 244, 75, 80.0, 12, Dapppp, 0, 0, 0, 0, , 0, 0, 0, 0, 0, 
483, 1, 545, 459, -1, 171, 83, 181.0, 15, Dpaaa, 0, 0, 0, 0, , 0, 0, 0, 0, 0, 
484, 1, 546, 460, -1, 168, 41, 146.0, 14, Dpaap, 0, 0, 0, 0, , 0, 0, 0, 0, 0, 
485, 1, 547, 461, -1, 166, 106, 193.5, 12, Dpapa, 0, 0, 0, 0, , 0, 0, 0, 0, 0, 
486, 1, 548, 462, -1, 183, 107, 189.0, 12, Dpapp, 0, 0, 0, 0, , 0, 0, 0, 0, 0, 
487, 1, 549, 463, -1, 191, 80, 181.0, 14, Dppaa, 0, 0, 0, 0, , 0, 0, 0, 0, 0, 
488, 1, 550, 464, -1, 196, 43, 148.0, 12, Dppap, 0, 0, 0, 0, , 0, 0, 0, 0, 0, 
489, 1, 551, 465, -1, 165, 42, 120.5, 14, Dpppaa, 0, 0, 0, 0, , 0, 0, 0, 0, 0, 
490, 1, 552, 466, -1, 189, 33, 123.0, 14, Dpppap, 0, 0, 0, 0, , 0, 0, 0, 0, 0, 
491, 1, 553, 467, -1, 204, 37, 121.0, 15, Dppppa, 0, 0, 0, 0, , 0, 0, 0, 0, 0, 
492, 1, 554, 468, -1, 231, 39, 132.0, 15, Dppppp, 0, 0, 0, 0, , 0, 0, 0, 0, 0, 
493, 1, 555, 469, -1, 265, 84, 155.0, 18, Z2, 0, 0, 0, 0, , 0, 0, 0, 0, 0, 
494, 1, 556, 470, -1, 262, 124, 135.0, 16, Z3, 0, 0, 0, 0, , 0, 0, 0, 0, 0, 
495, 1, 557, 471, -1, 127, 81, 112.0, 13, MSaaaaapap, 0, 0, 0, 0, , 0, 0, 0, 0, 0, 
496, 1, 558, 472, -1, 178, 77, 113.0, 11, MSaaaappp, 0, 0, 0, 0, , 0, 0, 0, 0, 0, 
497, 0, 559, -1, -1, 120, 93, 107.0, 14, , 0, 0, 0, 0, , 0, 0, 0, 0, 0, 
498, 1, 560, 474, -1, 193, 112, 123.0, 12, MSaapapa, 0, 0, 0, 0, , 0, 0, 0, 0, 0, 
499, 0, 561, -1, -1, 204, 109, 144.0, 14, , 0, 0, 0, 0, , 0, 0, 0, 0, 0, 
500, 0, 562, -1, -1, 204, 109, 144.0, 14, , 0, 0, 0, 0, , 0, 0, 0, 0, 0, 
501, 1, 563, 476, -1, 186, 92, 148.0, 10, MSpapapaa, 0, 0, 0, 0, , 0, 0, 0, 0, 0, 
502, 1, 564, 477, -1, 199, 92, 160.5, 10, MSpapapap, 0, 0, 0, 0, , 0, 0, 0, 0, 0, 
503, 1, 565, 478, -1, 149, 39, 119.0, 14, MSpppppp, 0, 0, 0, 0, , 0, 0, 0, 0, 0, 
504, 0, 566, -1, -1, 134, 48, 142.5, 12, , 0, 0, 0, 0, , 0, 0, 0, 0, 0, 
505, 0, 567, -1, -1, 154, 86, 176.5, 14, , 0, 0, 0, 0, , 0, 0, 0, 0, 0, 
506, 1, 568, 481, -1, 182, 55, 132.0, 15, MSpaapapp, 0, 0, 0, 0, , 0, 0, 0, 0, 0, 
507, 1, 569, 482, -1, 315, 134, 174.0, 13, ABprppppppp, 0, 0, 0, 0, , 0, 0, 0, 0, 0, 
508, 1, 570, 483, -1, 266, 76, 184.5, 13, ABprappapp, 0, 0, 0, 0, , 0, 0, 0, 0, 0, 
509, 1, 571, 484, -1, 222, 79, 186.5, 13, ABprappaaa, 0, 0, 0, 0, , 0, 0, 0, 0, 0, 
510, 1, 572, 485, -1, 116, 112, 190.0, 12, ABprpaaaaaa, 0, 0, 0, 0, , 0, 0, 0, 0, 0, 
511, 0, 573, -1, -1, 325, 107, 173.0, 11, , 0, 0, 0, 0, , 0, 0, 0, 0, 0, 
512, 1, 574, 487, -1, 189, 105, 90.5, 11, MSaapappa, 0, 0, 0, 0, , 0, 0, 0, 0, 0, 
513, 1, 575, 488, -1, 189, 122, 100.0, 12, MSaapaapa, 0, 0, 0, 0, , 0, 0, 0, 0, 0, 
514, 0, 576, -1, -1, 203, 109, 144.0, 14, , 0, 0, 0, 0, , 0, 0, 0, 0, 0, 
515, 1, 577, 490, -1, 211, 100, 136.0, 15, MSaappap, 0, 0, 0, 0, , 0, 0, 0, 0, 0, 
516, 0, 578, -1, -1, 208, 142, 130.0, 14, , 0, 0, 0, 0, , 0, 0, 0, 0, 0, 
517, 0, 579, -1, -1, 214, 131, 128.5, 12, , 0, 0, 0, 0, , 0, 0, 0, 0, 0, 
518, 0, 580, -1, -1, 227, 125, 122.5, 14, , 0, 0, 0, 0, , 0, 0, 0, 0, 0, 
519, 1, 581, 494, -1, 245, 128, 120.0, 15, MSaappppp, 0, 0, 0, 0, , 0, 0, 0, 0, 0, 
520, 1, 582, 495, -1, 124, 65, 89.0, 16, MSappaaa, 0, 0, 0, 0, , 0, 0, 0, 0, 0, 
521, 0, 583, -1, -1, 272, 131, 114.5, 16, , 0, 0, 0, 0, , 0, 0, 0, 0, 0, 
522, 0, 584, -1, -1, 164, 151, 127.0, 15, , 0, 0, 0, 0, , 0, 0, 0, 0, 0, 
523, 1, 585, 498, -1, 169, 139, 103.5, 14, MSapppaa, 0, 0, 0, 0, , 0, 0, 0, 0, 0, 
524, 1, 586, 499, -1, 169, 108, 164.0, 14, MSpapaaaa, 0, 0, 0, 0, , 0, 0, 0, 0, 0, 
525, 1, 587, 500, -1, 186, 101, 165.5, 14, MSpapaaap, 0, 0, 0, 0, , 0, 0, 0, 0, 0, 
526, 1, 588, 501, -1, 189, 68, 158.0, 14, MSpapaapp, 0, 0, 0, 0, , 0, 0, 0, 0, 0, 
527, 1, 589, 502, -1, 176, 61, 155.0, 14, MSpapappa, 0, 0, 0, 0, , 0, 0, 0, 0, 0, 
528, 0, 590, -1, -1, 212, 134, 170.0, 15, , 0, 0, 0, 0, , 0, 0, 0, 0, 0, 
529, 1, 591, 504, -1, 251, 134, 125.0, 14, MSpappaa, 0, 0, 0, 0, , 0, 0, 0, 0, 0, 
530, 1, 592, 505, -1, 259, 86, 175.0, 14, MSpappap, 0, 0, 0, 0, , 0, 0, 0, 0, 0, 
531, 1, 593, 506, -1, 192, 106, 179.0, 12, MSpapppaa, 0, 0, 0, 0, , 0, 0, 0, 0, 0, 
532, 1, 594, 507, -1, 210, 95, 161.0, 14, MSpapppap, 0, 0, 0, 0, , 0, 0, 0, 0, 0, 
533, 1, 595, 508, -1, 224, 90, 165.5, 13, MSpappppa, 0, 0, 0, 0, , 0, 0, 0, 0, 0, 
534, 1, 596, 509, -1, 244, 83, 165.5, 13, MSpappppp, 0, 0, 0, 0, , 0, 0, 0, 0, 0, 
535, 1, 597, 510, -1, 110, 74, 151.5, 13, MSppaaap, 0, 0, 0, 0, , 0, 0, 0, 0, 0, 
536, 1, 598, 511, -1, 122, 102, 165.0, 12, MSppaaaad, 0, 0, 0, 0, , 0, 0, 0, 0, 0, 
537, 1, 599, 512, -1, 141, 117, 171.0, 12, MSppaaaav, 0, 0, 0, 0, , 0, 0, 0, 0, 0, 
538, 1, 600, 513, -1, 271, 112, 151.0, 15, MSppaapp, 0, 0, 0, 0, , 0, 0, 0, 0, 0, 
539, 1, 601, 514, -1, 168, 55, 168.0, 14, MSppapaa, 0, 0, 0, 0, , 0, 0, 0, 0, 0, 
540, 1, 602, 515, -1, 135, 109, 188.0, 14, MSppapap, 0, 0, 0, 0, , 0, 0, 0, 0, 0, 
541, 1, 603, 516, -1, 110, 57, 148.0, 15, MSppappa, 0, 0, 0, 0, , 0, 0, 0, 0, 0, 
542, 1, 604, 517, -1, 95, 64, 123.0, 15, MSppappp, 0, 0, 0, 0, , 0, 0, 0, 0, 0, 
543, 1, 605, 518, -1, 110, 58, 124.0, 14, MSpppaaa, 0, 0, 0, 0, , 0, 0, 0, 0, 0, 
544, 1, 606, 519, -1, 270, 70, 160.0, 15, MSpppaap, 0, 0, 0, 0, , 0, 0, 0, 0, 0, 
545, 0, 607, -1, -1, 154, 109, 181.0, 15, , 0, 0, 0, 0, , 0, 0, 0, 0, 0, 
546, 1, 608, 521, -1, 131, 47, 141.0, 12, MSppppap, 0, 0, 0, 0, , 0, 0, 0, 0, 0, 
547, 1, 609, 522, -1, 111, 49, 116.0, 15, MSpppppa, 0, 0, 0, 0, , 0, 0, 0, 0, 0, 
548, 1, 610, 523, -1, 99, 135, 121.0, 12, ABalaaaalar, 0, 0, 0, 0, , 0, 0, 0, 0, 0, 
549, 0, 611, -1, -1, 84, 146, 130.0, 13, , 0, 0, 0, 0, , 0, 0, 0, 0, 0, 
550, 0, 612, -1, -1, 82, 144, 132.0, 13, , 0, 0, 0, 0, , 0, 0, 0, 0, 0, 
551, 0, 613, -1, -1, 84, 146, 131.0, 13, , 0, 0, 0, 0, , 0, 0, 0, 0, 0, 
552, 0, 614, -1, -1, 97, 122, 125.0, 14, , 0, 0, 0, 0, , 0, 0, 0, 0, 0, 
553, 1, 615, 527, -1, 82, 131, 165.0, 13, ABalaaaarra, 0, 0, 0, 0, , 0, 0, 0, 0, 0, 
554, 1, 616, 528, -1, 95, 113, 142.5, 12, ABalaaaarrp, 0, 0, 0, 0, , 0, 0, 0, 0, 0, 
555, 1, 617, 529, -1, 85, 161, 122.0, 12, ABalaaapall, 0, 0, 0, 0, , 0, 0, 0, 0, 0, 
556, 0, 618, -1, -1, 105, 128, 116.5, 14, , 0, 0, 0, 0, , 0, 0, 0, 0, 0, 
557, 0, 619, -1, -1, 106, 127, 112.0, 14, , 0, 0, 0, 0, , 0, 0, 0, 0, 0, 
558, 1, 620, 532, -1, 106, 127, 112.0, 14, ABalaaapalr, 0, 0, 0, 0, , 0, 0, 0, 0, 0, 
559, 1, 621, 533, -1, 80, 136, 135.0, 13, ABalaaaparl, 0, 0, 0, 0, , 0, 0, 0, 0, 0, 
560, 1, 622, 534, -1, 78, 139, 126.0, 12, ABalaaaparr, 0, 0, 0, 0, , 0, 0, 0, 0, 0, 
561, 0, 623, -1, -1, 81, 125, 153.0, 12, , 0, 0, 0, 0, , 0, 0, 0, 0, 0, 
562, 0, 624, -1, -1, 76, 119, 161.0, 12, , 0, 0, 0, 0, , 0, 0, 0, 0, 0, 
563, 0, 624, -1, -1, 76, 119, 162.0, 12, , 0, 0, 0, 0, , 0, 0, 0, 0, 0, 
564, 1, 625, 538, -1, 81, 125, 150.0, 12, ABalaaappll, 0, 0, 0, 0, , 0, 0, 0, 0, 0, 
565, 1, 626, 539, -1, 76, 118, 161.0, 12, ABalaaapplr, 0, 0, 0, 0, , 0, 0, 0, 0, 0, 
566, 1, 627, 540, -1, 100, 94, 152.0, 13, ABalaaapprl, 0, 0, 0, 0, , 0, 0, 0, 0, 0, 
567, 1, 628, 541, -1, 77, 121, 184.0, 12, ABalaaapprr, 0, 0, 0, 0, , 0, 0, 0, 0, 0, 
568, 1, 629, 542, -1, 91, 101, 145.0, 13, ABalaapaaal, 0, 0, 0, 0, , 0, 0, 0, 0, 0, 
569, 1, 630, 543, -1, 101, 105, 156.0, 12, ABalaapaaar, 0, 0, 0, 0, , 0, 0, 0, 0, 0, 
570, 1, 631, 544, -1, 89, 118, 179.0, 11, ABalaapaapa, 0, 0, 0, 0, , 0, 0, 0, 0, 0, 
571, 0, 632, -1, -1, 84, 129, 172.0, 13, , 0, 0, 0, 0, , 0, 0, 0, 0, 0, 
572, 0, 633, -1, -1, 121, 138, 195.0, 13, , 0, 0, 0, 0, , 0, 0, 0, 0, 0, 
573, 0, 634, -1, -1, 98, 112, 195.0, 12, , 0, 0, 0, 0, , 0, 0, 0, 0, 0, 
574, 0, 635, -1, -1, 85, 132, 189.0, 15, , 0, 0, 0, 0, , 0, 0, 0, 0, 0, 
575, 1, 636, 549, -1, 118, 103, 193.0, 13, ABalaapppaa, 0, 0, 0, 0, , 0, 0, 0, 0, 0, 
576, 1, 637, 550, -1, 99, 103, 172.0, 12, ABalaappppa, 0, 0, 0, 0, , 0, 0, 0, 0, 0, 
577, 1, 638, 551, -1, 84, 105, 173.0, 13, ABalaappppp, 0, 0, 0, 0, , 0, 0, 0, 0, 0, 
578, 1, 639, 552, -1, 106, 122, 105.0, 13, ABalapaaaa, 0, 0, 0, 0, , 0, 0, 0, 0, 0, 
579, 0, 640, -1, -1, 85, 130, 108.5, 14, , 0, 0, 0, 0, , 0, 0, 0, 0, 0, 
580, 1, 641, 554, -1, 85, 138, 97.0, 12, ABalapaaapp, 0, 0, 0, 0, , 0, 0, 0, 0, 0, 
581, 0, 642, -1, -1, 122, 147, 106.0, 13, , 0, 0, 0, 0, , 0, 0, 0, 0, 0, 
582, 0, 643, -1, -1, 106, 146, 111.0, 15, , 0, 0, 0, 0, , 0, 0, 0, 0, 0, 
583, 1, 644, 557, -1, 94, 149, 109.0, 13, ABalapaappp, 0, 0, 0, 0, , 0, 0, 0, 0, 0, 
584, 1, 645, 558, -1, 97, 78, 98.0, 15, ABalapapapa, 0, 0, 0, 0, , 0, 0, 0, 0, 0, 
585, 1, 646, 559, -1, 86, 98, 98.0, 15, ABalapapapp, 0, 0, 0, 0, , 0, 0, 0, 0, 0, 
586, 1, 647, 560, -1, 95, 116, 114.0, 14, ABalapappaa, 0, 0, 0, 0, , 0, 0, 0, 0, 0, 
587, 1, 648, 561, -1, 64, 115, 136.0, 13, ABarpaaaaar, 0, 0, 0, 0, , 0, 0, 0, 0, 0, 
588, 0, 649, -1, -1, 84, 114, 105.5, 12, , 0, 0, 0, 0, , 0, 0, 0, 0, 0, 
589, 0, 650, -1, -1, 95, 115, 111.0, 14, , 0, 0, 0, 0, , 0, 0, 0, 0, 0, 
590, 1, 651, 564, -1, 85, 114, 106.0, 12, ABalapappap, 0, 0, 0, 0, , 0, 0, 0, 0, 0, 
591, 0, 652, -1, -1, 82, 124, 92.0, 14, , 0, 0, 0, 0, , 0, 0, 0, 0, 0, 
592, 1, 653, 566, -1, 98, 122, 91.0, 12, ABalapapppa, 0, 0, 0, 0, , 0, 0, 0, 0, 0, 
593, 0, 654, -1, -1, 84, 123, 90.0, 12, , 0, 0, 0, 0, , 0, 0, 0, 0, 0, 
594, 0, 655, -1, -1, 73, 106, 119.0, 13, , 0, 0, 0, 0, , 0, 0, 0, 0, 0, 
595, 0, 656, -1, -1, 95, 77, 149.5, 12, , 0, 0, 0, 0, , 0, 0, 0, 0, 0, 
596, 1, 657, 570, -1, 99, 68, 164.0, 12, ABalappapap, 0, 0, 0, 0, , 0, 0, 0, 0, 0, 
597, 0, 658, -1, -1, 92, 80, 154.0, 12, , 0, 0, 0, 0, , 0, 0, 0, 0, 0, 
598, 1, 659, 572, -1, 79, 99, 153.5, 12, ABalappappa, 0, 0, 0, 0, , 0, 0, 0, 0, 0, 
599, 0, 660, -1, -1, 83, 87, 167.0, 12, , 0, 0, 0, 0, , 0, 0, 0, 0, 0, 
600, 1, 661, 574, -1, 96, 95, 121.0, 14, ABalapppaaa, 0, 0, 0, 0, , 0, 0, 0, 0, 0, 
601, 1, 662, 575, -1, 84, 108, 129.5, 13, ABalapppaap, 0, 0, 0, 0, , 0, 0, 0, 0, 0, 
602, 0, 663, -1, -1, 92, 76, 111.0, 13, , 0, 0, 0, 0, , 0, 0, 0, 0, 0, 
603, 1, 664, 577, -1, 93, 78, 114.0, 13, ABalapppapa, 0, 0, 0, 0, , 0, 0, 0, 0, 0, 
604, 0, 665, -1, -1, 86, 81, 122.0, 14, , 0, 0, 0, 0, , 0, 0, 0, 0, 0, 
605, 1, 666, 579, -1, 90, 96, 138.0, 12, ABalappppaa, 0, 0, 0, 0, , 0, 0, 0, 0, 0, 
606, 0, 667, -1, -1, 78, 87, 133.0, 13, , 0, 0, 0, 0, , 0, 0, 0, 0, 0, 
607, 0, 668, -1, -1, 92, 78, 156.0, 12, , 0, 0, 0, 0, , 0, 0, 0, 0, 0, 
608, 1, 669, 582, -1, 80, 78, 154.0, 12, ABalapppppp, 0, 0, 0, 0, , 0, 0, 0, 0, 0, 
609, 1, 670, 583, -1, 135, 124, 123.0, 11, ABalpaaaaaa, 0, 0, 0, 0, , 0, 0, 0, 0, 0, 
610, 1, 671, 584, -1, 151, 132, 127.0, 12, ABalpaaaaap, 0, 0, 0, 0, , 0, 0, 0, 0, 0, 
611, 0, 672, -1, -1, 142, 125, 138.0, 13, , 0, 0, 0, 0, , 0, 0, 0, 0, 0, 
612, 1, 673, 586, -1, 131, 116, 100.0, 13, ABalpaaapaa, 0, 0, 0, 0, , 0, 0, 0, 0, 0, 
613, 1, 674, 587, -1, 164, 117, 106.5, 13, ABalpaaappp, 0, 0, 0, 0, , 0, 0, 0, 0, 0, 
614, 1, 675, 588, -1, 122, 112, 117.0, 13, ABalpaapaaa, 0, 0, 0, 0, , 0, 0, 0, 0, 0, 
615, 1, 676, 589, -1, 125, 108, 108.0, 14, ABalpaapaap, 0, 0, 0, 0, , 0, 0, 0, 0, 0, 
616, 1, 677, 590, -1, 144, 114, 92.0, 15, ABalpaapapp, 0, 0, 0, 0, , 0, 0, 0, 0, 0, 
617, 1, 678, 591, -1, 107, 129, 139.0, 12, ABalpaappaa, 0, 0, 0, 0, , 0, 0, 0, 0, 0, 
618, 1, 679, 592, -1, 116, 134, 141.0, 13, ABalpaappap, 0, 0, 0, 0, , 0, 0, 0, 0, 0, 
619, 0, 680, -1, -1, 91, 128, 139.5, 13, , 0, 0, 0, 0, , 0, 0, 0, 0, 0, 
620, 0, 681, -1, -1, 91, 145, 145.0, 12, , 0, 0, 0, 0, , 0, 0, 0, 0, 0, 
621, 0, 682, -1, -1, 92, 144, 143.0, 13, , 0, 0, 0, 0, , 0, 0, 0, 0, 0, 
622, 1, 683, 596, -1, 115, 144, 140.0, 11, ABalpapaaaa, 0, 0, 0, 0, , 0, 0, 0, 0, 0, 
623, 0, 684, -1, -1, 111, 159, 170.0, 15, , 0, 0, 0, 0, , 0, 0, 0, 0, 0, 
624, 0, 685, -1, -1, 119, 131, 161.5, 13, , 0, 0, 0, 0, , 0, 0, 0, 0, 0, 
625, 1, 686, 599, -1, 155, 158, 166.0, 13, ABalpapapaa, 0, 0, 0, 0, , 0, 0, 0, 0, 0, 
626, 1, 687, 600, -1, 168, 172, 174.0, 14, ABalpapapap, 0, 0, 0, 0, , 0, 0, 0, 0, 0, 
627, 1, 688, 601, -1, 214, 158, 160.0, 12, ABalpapappa, 0, 0, 0, 0, , 0, 0, 0, 0, 0, 
628, 0, 689, -1, -1, 208, 142, 142.0, 13, , 0, 0, 0, 0, , 0, 0, 0, 0, 0, 
629, 0, 690, -1, -1, 144, 124, 134.0, 14, , 0, 0, 0, 0, , 0, 0, 0, 0, 0, 
630, 1, 691, 604, -1, 146, 126, 150.0, 14, ABalpappapa, 0, 0, 0, 0, , 0, 0, 0, 0, 0, 
631, 0, 692, -1, -1, 191, 112, 151.0, 12, , 0, 0, 0, 0, , 0, 0, 0, 0, 0, 
632, 1, 693, 606, -1, 145, 125, 100.5, 13, ABalpapppaa, 0, 0, 0, 0, , 0, 0, 0, 0, 0, 
633, 1, 694, 607, -1, 159, 111, 123.0, 10, ABalpapppap, 0, 0, 0, 0, , 0, 0, 0, 0, 0, 
634, 1, 695, 608, -1, 163, 128, 151.0, 15, ABalpappppa, 0, 0, 0, 0, , 0, 0, 0, 0, 0, 
635, 1, 696, 609, -1, 164, 130, 126.0, 15, ABalpappppp, 0, 0, 0, 0, , 0, 0, 0, 0, 0, 
636, 0, 697, -1, -1, 97, 167, 129.0, 12, , 0, 0, 0, 0, , 0, 0, 0, 0, 0, 
637, 0, 698, -1, -1, 96, 166, 132.0, 12, , 0, 0, 0, 0, , 0, 0, 0, 0, 0, 
638, 0, 699, -1, -1, 98, 166, 124.0, 12, , 0, 0, 0, 0, , 0, 0, 0, 0, 0, 
639, 0, 700, -1, -1, 100, 153, 161.0, 11, , 0, 0, 0, 0, , 0, 0, 0, 0, 0, 
640, 0, 701, -1, -1, 119, 148, 155.0, 11, , 0, 0, 0, 0, , 0, 0, 0, 0, 0, 
641, 1, 702, 615, -1, 111, 144, 130.0, 13, ABalppapaaa, 0, 0, 0, 0, , 0, 0, 0, 0, 0, 
642, 1, 703, 616, -1, 96, 158, 147.0, 12, ABalppapaap, 0, 0, 0, 0, , 0, 0, 0, 0, 0, 
643, 0, 704, -1, -1, 111, 159, 166.0, 12, , 0, 0, 0, 0, , 0, 0, 0, 0, 0, 
644, 1, 705, 618, -1, 145, 166, 156.0, 12, ABalppapapa, 0, 0, 0, 0, , 0, 0, 0, 0, 0, 
645, 0, 706, -1, -1, 116, 171, 157.5, 13, , 0, 0, 0, 0, , 0, 0, 0, 0, 0, 
646, 0, 707, -1, -1, 121, 148, 106.0, 13, , 0, 0, 0, 0, , 0, 0, 0, 0, 0, 
647, 0, 709, -1, -1, 131, 159, 107.0, 13, , 0, 0, 0, 0, , 0, 0, 0, 0, 0, 
648, 1, 710, 622, -1, 121, 147, 106.0, 11, ABalppappaa, 0, 0, 0, 0, , 0, 0, 0, 0, 0, 
649, 1, 711, 623, -1, 117, 156, 132.0, 13, ABalppappap, 0, 0, 0, 0, , 0, 0, 0, 0, 0, 
650, 1, 712, 624, -1, 140, 157, 145.0, 17, ABalppapppa, 0, 0, 0, 0, , 0, 0, 0, 0, 0, 
651, 1, 713, 625, -1, 124, 154, 139.0, 13, ABalppapppp, 0, 0, 0, 0, , 0, 0, 0, 0, 0, 
652, 1, 714, 626, -1, 115, 168, 109.0, 13, ABalpppaaaa, 0, 0, 0, 0, , 0, 0, 0, 0, 0, 
653, 1, 715, 627, -1, 106, 166, 133.0, 13, ABalpppaaap, 0, 0, 0, 0, , 0, 0, 0, 0, 0, 
654, 1, 716, 628, -1, 81, 156, 113.5, 13, ABalpppaapd, 0, 0, 0, 0, , 0, 0, 0, 0, 0, 
655, 1, 717, 629, -1, 96, 165, 109.5, 13, ABalpppaapv, 0, 0, 0, 0, , 0, 0, 0, 0, 0, 
656, 1, 718, 630, -1, 113, 173, 122.5, 12, ABalpppapad, 0, 0, 0, 0, , 0, 0, 0, 0, 0, 
657, 1, 719, 631, -1, 145, 169, 105.0, 12, ABalpppapav, 0, 0, 0, 0, , 0, 0, 0, 0, 0, 
658, 1, 720, 632, -1, 126, 138, 73.0, 14, ABalpppappp, 0, 0, 0, 0, , 0, 0, 0, 0, 0, 
659, 1, 721, 633, -1, 135, 131, 80.0, 15, ABalppppaad, 0, 0, 0, 0, , 0, 0, 0, 0, 0, 
660, 0, 722, -1, -1, 92, 146, 93.0, 15, , 0, 0, 0, 0, , 0, 0, 0, 0, 0, 
661, 1, 723, 635, -1, 142, 152, 96.0, 13, ABalpppppaa, 0, 0, 0, 0, , 0, 0, 0, 0, 0, 
662, 0, 724, -1, -1, 142, 153, 93.0, 13, , 0, 0, 0, 0, , 0, 0, 0, 0, 0, 
663, 1, 725, 636, -1, 146, 147, 86.0, 13, ABalpppppap, 0, 0, 0, 0, , 0, 0, 0, 0, 0, 
664, 0, 726, -1, -1, 148, 146, 78.5, 15, , 0, 0, 0, 0, , 0, 0, 0, 0, 0, 
665, 1, 727, 638, -1, 153, 151, 72.0, 15, ABalppppppaa, 0, 0, 0, 0, , 0, 0, 0, 0, 0, 
666, 1, 728, -1, -1, 168, 147, 72.0, 11, ABalppppppap, 0, 0, 0, 0, , 0, 0, 0, 0, 0, 
667, 1, 729, 639, -1, 137, 166, 82.0, 13, ABalpppppppa, 0, 0, 0, 0, , 0, 0, 0, 0, 0, 
668, 1, 730, 640, -1, 146, 174, 99.0, 13, ABalpppppppp, 0, 0, 0, 0, , 0, 0, 0, 0, 0, 
669, 1, 731, 641, -1, 126, 124, 127.0, 13, ABaraaaaaaa, 0, 0, 0, 0, , 0, 0, 0, 0, 0, 
670, 0, 732, -1, -1, 135, 123, 116.0, 12, , 0, 0, 0, 0, , 0, 0, 0, 0, 0, 
671, 1, 733, 643, -1, 138, 119, 112.0, 12, ABaraaaaaap, 0, 0, 0, 0, , 0, 0, 0, 0, 0, 
672, 0, 734, -1, -1, 124, 111, 148.0, 13, , 0, 0, 0, 0, , 0, 0, 0, 0, 0, 
673, 1, 735, 645, -1, 125, 111, 146.0, 13, ABaraaaaapa, 0, 0, 0, 0, , 0, 0, 0, 0, 0, 
674, 1, 736, 646, -1, 135, 94, 151.0, 11, ABaraaaaapp, 0, 0, 0, 0, , 0, 0, 0, 0, 0, 
675, 0, 737, -1, -1, 109, 115, 139.0, 11, , 0, 0, 0, 0, , 0, 0, 0, 0, 0, 
676, 1, 738, 648, -1, 115, 102, 128.0, 12, ABaraaaapap, 0, 0, 0, 0, , 0, 0, 0, 0, 0, 
677, 1, 739, 649, -1, 116, 103, 141.0, 13, ABaraaapaaa, 0, 0, 0, 0, , 0, 0, 0, 0, 0, 
678, 1, 740, 650, -1, 121, 86, 141.0, 15, ABaraaapaap, 0, 0, 0, 0, , 0, 0, 0, 0, 0, 
679, 1, 741, 651, -1, 138, 74, 138.0, 15, ABaraaapapa, 0, 0, 0, 0, , 0, 0, 0, 0, 0, 
680, 1, 742, 652, -1, 146, 68, 152.0, 15, ABaraaapapp, 0, 0, 0, 0, , 0, 0, 0, 0, 0, 
681, 1, 743, 653, -1, 112, 116, 141.0, 13, ABaraaappaa, 0, 0, 0, 0, , 0, 0, 0, 0, 0, 
682, 1, 744, 654, -1, 120, 125, 154.0, 14, ABaraaappap, 0, 0, 0, 0, , 0, 0, 0, 0, 0, 
683, 1, 745, 655, -1, 100, 123, 150.0, 12, ABaraaapppa, 0, 0, 0, 0, , 0, 0, 0, 0, 0, 
684, 0, 746, -1, -1, 98, 151, 171.0, 12, , 0, 0, 0, 0, , 0, 0, 0, 0, 0, 
685, 0, 747, -1, -1, 98, 136, 163.0, 12, , 0, 0, 0, 0, , 0, 0, 0, 0, 0, 
686, 0, 748, -1, -1, 99, 137, 166.0, 12, , 0, 0, 0, 0, , 0, 0, 0, 0, 0, 
687, 1, 749, 659, -1, 116, 101, 121.0, 12, ABaraapaaaa, 0, 0, 0, 0, , 0, 0, 0, 0, 0, 
688, 0, 750, -1, -1, 119, 93, 106.5, 14, , 0, 0, 0, 0, , 0, 0, 0, 0, 0, 
689, 1, 751, 661, -1, 124, 96, 99.0, 12, ABaraapaapa, 0, 0, 0, 0, , 0, 0, 0, 0, 0, 
690, 1, 752, 662, -1, 161, 89, 87.0, 14, ABaraapaapp, 0, 0, 0, 0, , 0, 0, 0, 0, 0, 
691, 1, 753, 663, -1, 170, 111, 95.0, 15, ABaraapapaa, 0, 0, 0, 0, , 0, 0, 0, 0, 0, 
692, 1, 754, 664, -1, 175, 101, 82.0, 14, ABaraapapap, 0, 0, 0, 0, , 0, 0, 0, 0, 0, 
693, 1, 755, 665, -1, 179, 125, 93.0, 12, ABaraapappa, 0, 0, 0, 0, , 0, 0, 0, 0, 0, 
694, 1, 756, 666, -1, 179, 122, 115.0, 14, ABaraapappp, 0, 0, 0, 0, , 0, 0, 0, 0, 0, 
695, 1, 757, 667, -1, 114, 90, 121.0, 13, ABaraappaaa, 0, 0, 0, 0, , 0, 0, 0, 0, 0, 
696, 1, 758, 668, -1, 124, 86, 129.0, 14, ABaraappaap, 0, 0, 0, 0, , 0, 0, 0, 0, 0, 
697, 1, 759, 669, -1, 117, 76, 131.5, 15, ABaraappapa, 0, 0, 0, 0, , 0, 0, 0, 0, 0, 
698, 1, 761, 670, -1, 154, 57, 124.0, 15, MSpaapaaa, 0, 0, 0, 0, , 0, 0, 0, 0, 0, 
699, 1, 762, 671, -1, 163, 73, 158.0, 15, ABaraapppaa, 0, 0, 0, 0, , 0, 0, 0, 0, 0, 
700, 1, 763, 672, -1, 160, 56, 148.0, 14, ABaraapppap, 0, 0, 0, 0, , 0, 0, 0, 0, 0, 
701, 1, 764, 673, -1, 169, 77, 167.5, 13, ABaraappppa, 0, 0, 0, 0, , 0, 0, 0, 0, 0, 
702, 1, 765, 674, -1, 174, 94, 161.0, 12, ABaraappppp, 0, 0, 0, 0, , 0, 0, 0, 0, 0, 
703, 1, 766, 675, -1, 132, 104, 152.0, 13, ABarapaaaaa, 0, 0, 0, 0, , 0, 0, 0, 0, 0, 
704, 1, 767, 676, -1, 150, 115, 161.5, 12, ABarapaaaap, 0, 0, 0, 0, , 0, 0, 0, 0, 0, 
705, 1, 768, 677, -1, 142, 110, 157.0, 11, ABarapaaapa, 0, 0, 0, 0, , 0, 0, 0, 0, 0, 
706, 1, 769, 678, -1, 130, 82, 151.0, 13, ABarapaapaa, 0, 0, 0, 0, , 0, 0, 0, 0, 0, 
707, 1, 770, 679, -1, 134, 61, 154.0, 13, ABarapaapap, 0, 0, 0, 0, , 0, 0, 0, 0, 0, 
708, 1, 771, 680, -1, 142, 75, 161.5, 12, ABarapaappa, 0, 0, 0, 0, , 0, 0, 0, 0, 0, 
709, 1, 772, 681, -1, 158, 88, 155.0, 13, ABarapaappp, 0, 0, 0, 0, , 0, 0, 0, 0, 0, 
710, 1, 773, 682, -1, 142, 98, 168.0, 13, ABarapapaap, 0, 0, 0, 0, , 0, 0, 0, 0, 0, 
711, 1, 774, 683, -1, 134, 132, 151.0, 12, ABarapapapa, 0, 0, 0, 0, , 0, 0, 0, 0, 0, 
712, 0, 775, -1, -1, 193, 112, 149.0, 14, , 0, 0, 0, 0, , 0, 0, 0, 0, 0, 
713, 0, 776, -1, -1, 192, 113, 152.0, 14, , 0, 0, 0, 0, , 0, 0, 0, 0, 0, 
714, 1, 777, 686, -1, 195, 114, 142.5, 14, ABalpappapp, 0, 0, 0, 0, , 0, 0, 0, 0, 0, 
715, 1, 778, 687, -1, 191, 114, 154.0, 12, ABarapapapp, 0, 0, 0, 0, , 0, 0, 0, 0, 0, 
716, 1, 779, 688, -1, 138, 86, 161.0, 12, ABarapappaa, 0, 0, 0, 0, , 0, 0, 0, 0, 0, 
717, 1, 780, 689, -1, 179, 122, 142.0, 15, ABarapapppa, 0, 0, 0, 0, , 0, 0, 0, 0, 0, 
718, 1, 781, 690, -1, 159, 104, 171.0, 15, ABarapapppp, 0, 0, 0, 0, , 0, 0, 0, 0, 0, 
719, 1, 782, 691, -1, 117, 139, 148.0, 13, ABalpapaapa, 0, 0, 0, 0, , 0, 0, 0, 0, 0, 
720, 1, 783, 692, -1, 118, 133, 162.0, 13, ABarappaaaa, 0, 0, 0, 0, , 0, 0, 0, 0, 0, 
721, 1, 784, 693, -1, 150, 149, 171.5, 13, ABarappapaa, 0, 0, 0, 0, , 0, 0, 0, 0, 0, 
722, 1, 785, 694, -1, 167, 153, 190.5, 13, ABarappapap, 0, 0, 0, 0, , 0, 0, 0, 0, 0, 
723, 1, 786, 695, -1, 202, 95, 147.0, 15, MSpapappp, 0, 0, 0, 0, , 0, 0, 0, 0, 0, 
724, 0, 787, -1, -1, 212, 134, 171.0, 13, , 0, 0, 0, 0, , 0, 0, 0, 0, 0, 
725, 0, 788, -1, -1, 195, 132, 190.5, 13, , 0, 0, 0, 0, , 0, 0, 0, 0, 0, 
726, 1, 789, 698, -1, 102, 119, 169.0, 10, ABarapppaaa, 0, 0, 0, 0, , 0, 0, 0, 0, 0, 
727, 1, 790, 699, -1, 100, 136, 169.0, 13, ABarapppaap, 0, 0, 0, 0, , 0, 0, 0, 0, 0, 
728, 1, 791, 700, -1, 140, 146, 175.0, 12, ABarapppapa, 0, 0, 0, 0, , 0, 0, 0, 0, 0, 
729, 1, 792, 701, -1, 127, 152, 181.0, 14, ABarapppapp, 0, 0, 0, 0, , 0, 0, 0, 0, 0, 
730, 1, 793, 702, -1, 112, 105, 178.0, 13, ABarappppaa, 0, 0, 0, 0, , 0, 0, 0, 0, 0, 
731, 1, 794, 703, -1, 112, 122, 178.0, 13, ABarappppap, 0, 0, 0, 0, , 0, 0, 0, 0, 0, 
732, 1, 795, 704, -1, 129, 136, 174.0, 15, ABarapppppa, 0, 0, 0, 0, , 0, 0, 0, 0, 0, 
733, 1, 796, 705, -1, 116, 135, 168.0, 11, ABarapppppp, 0, 0, 0, 0, , 0, 0, 0, 0, 0, 
734, 1, 797, 706, -1, 62, 121, 129.0, 12, ABarpaaaaal, 0, 0, 0, 0, , 0, 0, 0, 0, 0, 
735, 1, 798, 707, -1, 69, 119, 120.0, 14, ABarpaaaapa, 0, 0, 0, 0, , 0, 0, 0, 0, 0, 
736, 1, 799, 708, -1, 74, 114, 96.0, 12, ABarpaaaapp, 0, 0, 0, 0, , 0, 0, 0, 0, 0, 
737, 1, 800, 709, -1, 70, 104, 135.0, 12, ABarpaaapaa, 0, 0, 0, 0, , 0, 0, 0, 0, 0, 
738, 1, 801, 710, -1, 66, 91, 148.0, 13, ABarpaaapap, 0, 0, 0, 0, , 0, 0, 0, 0, 0, 
739, 1, 802, 711, -1, 62, 86, 125.0, 15, ABarpaapaa, 0, 0, 0, 0, , 0, 0, 0, 0, 0, 
740, 1, 803, 712, -1, 95, 60, 98.5, 15, ABarpaapap, 0, 0, 0, 0, , 0, 0, 0, 0, 0, 
741, 1, 804, 713, -1, 110, 61, 85.0, 14, ABarpaappa, 0, 0, 0, 0, , 0, 0, 0, 0, 0, 
742, 1, 805, 714, -1, 135, 34, 141.0, 15, ABarpaappp, 0, 0, 0, 0, , 0, 0, 0, 0, 0, 
743, 1, 806, 715, -1, 78, 88, 131.0, 13, ABarpapaaaa, 0, 0, 0, 0, , 0, 0, 0, 0, 0, 
744, 1, 807, 716, -1, 76, 88, 136.0, 13, ABalappppap, 0, 0, 0, 0, , 0, 0, 0, 0, 0, 
745, 1, 808, 717, -1, 85, 81, 124.0, 14, ABalapppapp, 0, 0, 0, 0, , 0, 0, 0, 0, 0, 
746, 1, 809, 718, -1, 76, 75, 140.0, 12, ABarpapaaap, 0, 0, 0, 0, , 0, 0, 0, 0, 0, 
747, 1, 810, 719, -1, 91, 71, 136.0, 15, ABarpapaapp, 0, 0, 0, 0, , 0, 0, 0, 0, 0, 
748, 1, 811, 720, -1, 56, 109, 127.0, 15, ABarpapapa, 0, 0, 0, 0, , 0, 0, 0, 0, 0, 
749, 1, 812, 721, -1, 81, 69, 105.0, 15, ABarpapapp, 0, 0, 0, 0, , 0, 0, 0, 0, 0, 
750, 0, 813, -1, -1, 108, 104, 206.0, 14, , 0, 0, 0, 0, , 0, 0, 0, 0, 0, 
751, 1, 814, 724, -1, 107, 104, 206.5, 14, ABarpappap, 0, 0, 0, 0, , 0, 0, 0, 0, 0, 
752, 1, 815, 725, -1, 128, 99, 64.5, 14, ABarppaaaa, 0, 0, 0, 0, , 0, 0, 0, 0, 0, 
753, 1, 816, 726, -1, 162, 26, 127.0, 14, ABarppaapa, 0, 0, 0, 0, , 0, 0, 0, 0, 0, 
754, 1, 817, 727, -1, 197, 109, 69.0, 16, ABarppaapp, 0, 0, 0, 0, , 0, 0, 0, 0, 0, 
755, 1, 818, 728, -1, 123, 42, 149.5, 14, ABarpppaaa, 0, 0, 0, 0, , 0, 0, 0, 0, 0, 
756, 1, 819, 729, -1, 154, 83, 64.0, 15, ABarpppapa, 0, 0, 0, 0, , 0, 0, 0, 0, 0, 
757, 1, 820, 730, -1, 185, 43, 161.0, 15, ABarpppapp, 0, 0, 0, 0, , 0, 0, 0, 0, 0, 
758, 1, 821, 731, -1, 86, 101, 106.0, 15, ABplaaaaaaa, 0, 0, 0, 0, , 0, 0, 0, 0, 0, 
759, 1, 822, 732, -1, 82, 110, 86.0, 12, ABplaaaaaap, 0, 0, 0, 0, , 0, 0, 0, 0, 0, 
760, 1, 823, 733, -1, 99, 107, 86.0, 14, ABplaaaaapp, 0, 0, 0, 0, , 0, 0, 0, 0, 0, 
761, 1, 824, 734, -1, 64, 102, 102.5, 15, ABplaaaapa, 0, 0, 0, 0, , 0, 0, 0, 0, 0, 
762, 1, 825, 735, -1, 69, 84, 104.0, 16, ABplaaaapp, 0, 0, 0, 0, , 0, 0, 0, 0, 0, 
763, 1, 826, 736, -1, 74, 145, 96.0, 13, ABplaaapaa, 0, 0, 0, 0, , 0, 0, 0, 0, 0, 
764, 1, 827, 737, -1, 119, 178, 108.0, 13, ABplaaapap, 0, 0, 0, 0, , 0, 0, 0, 0, 0, 
765, 0, 828, -1, -1, 77, 122, 137.0, 13, , 0, 0, 0, 0, , 0, 0, 0, 0, 0, 
766, 1, 829, 739, -1, 69, 132, 121.0, 13, ABplaapaaap, 0, 0, 0, 0, , 0, 0, 0, 0, 0, 
767, 0, 830, -1, -1, 83, 148, 108.0, 11, , 0, 0, 0, 0, , 0, 0, 0, 0, 0, 
768, 0, 831, -1, -1, 104, 134, 100.0, 11, , 0, 0, 0, 0, , 0, 0, 0, 0, 0, 
769, 0, 832, -1, -1, 91, 146, 94.0, 12, , 0, 0, 0, 0, , 0, 0, 0, 0, 0, 
770, 0, 833, -1, -1, 106, 150, 85.0, 15, , 0, 0, 0, 0, , 0, 0, 0, 0, 0, 
771, 1, 834, 744, -1, 165, 138, 86.0, 13, ABplaapapaa, 0, 0, 0, 0, , 0, 0, 0, 0, 0, 
772, 1, 835, 745, -1, 164, 136, 73.0, 13, ABplaapapap, 0, 0, 0, 0, , 0, 0, 0, 0, 0, 
773, 1, 836, 746, -1, 171, 142, 61.0, 14, ABarppaaap, 0, 0, 0, 0, , 0, 0, 0, 0, 0, 
774, 1, 837, 747, -1, 157, 120, 68.0, 13, ABplaapappa, 0, 0, 0, 0, , 0, 0, 0, 0, 0, 
775, 1, 838, 748, -1, 146, 138, 63.0, 16, ABplaapappp, 0, 0, 0, 0, , 0, 0, 0, 0, 0, 
776, 1, 839, 749, -1, 115, 171, 162.5, 15, ABplaappaa, 0, 0, 0, 0, , 0, 0, 0, 0, 0, 
777, 1, 840, 750, -1, 121, 170, 150.5, 13, ABalppapapp, 0, 0, 0, 0, , 0, 0, 0, 0, 0, 
778, 1, 841, 751, -1, 140, 172, 168.0, 15, ABplaappap, 0, 0, 0, 0, , 0, 0, 0, 0, 0, 
779, 1, 842, 752, -1, 175, 182, 148.0, 13, ABplaapppa, 0, 0, 0, 0, , 0, 0, 0, 0, 0, 
780, 1, 843, 753, -1, 196, 164, 97.0, 17, ABplaapppp, 0, 0, 0, 0, , 0, 0, 0, 0, 0, 
781, 1, 844, 754, -1, 151, 110, 60.5, 15, ABplapaaaap, 0, 0, 0, 0, , 0, 0, 0, 0, 0, 
782, 1, 845, 755, -1, 182, 140, 73.0, 15, ABplapaaapa, 0, 0, 0, 0, , 0, 0, 0, 0, 0, 
783, 1, 846, 756, -1, 198, 133, 75.5, 15, ABplapaaapp, 0, 0, 0, 0, , 0, 0, 0, 0, 0, 
784, 1, 847, 757, -1, 199, 171, 144.0, 15, ABplapaapa, 0, 0, 0, 0, , 0, 0, 0, 0, 0, 
785, 1, 848, 758, -1, 212, 152, 103.0, 17, ABplapaapp, 0, 0, 0, 0, , 0, 0, 0, 0, 0, 
786, 1, 849, 759, -1, 277, 172, 118.0, 17, ABplapappa, 0, 0, 0, 0, , 0, 0, 0, 0, 0, 
787, 1, 850, 760, -1, 318, 156, 136.5, 14, ABplapapppp, 0, 0, 0, 0, , 0, 0, 0, 0, 0, 
788, 1, 851, 761, -1, 225, 136, 90.0, 14, ABplappaaa, 0, 0, 0, 0, , 0, 0, 0, 0, 0, 
789, 1, 852, 762, -1, 245, 137, 97.0, 15, ABplappaap, 0, 0, 0, 0, , 0, 0, 0, 0, 0, 
790, 1, 853, 763, -1, 259, 148, 100.0, 14, ABplappapp, 0, 0, 0, 0, , 0, 0, 0, 0, 0, 
791, 1, 854, 764, -1, 295, 168, 124.0, 14, ABplapppaaa, 0, 0, 0, 0, , 0, 0, 0, 0, 0, 
792, 1, 855, 765, -1, 297, 159, 146.0, 13, ABplapppapp, 0, 0, 0, 0, , 0, 0, 0, 0, 0, 
793, 1, 856, 766, -1, 265, 164, 163.0, 14, ABplappppa, 0, 0, 0, 0, , 0, 0, 0, 0, 0, 
794, 1, 857, 767, -1, 130, 151, 117.0, 13, ABplpaaaaaa, 0, 0, 0, 0, , 0, 0, 0, 0, 0, 
795, 1, 858, 768, -1, 159, 166, 102.0, 13, ABplpaaaaap, 0, 0, 0, 0, , 0, 0, 0, 0, 0, 
796, 1, 859, 769, -1, 187, 161, 167.0, 12, ABplpaaaapa, 0, 0, 0, 0, , 0, 0, 0, 0, 0, 
797, 1, 860, 770, -1, 219, 144, 148.0, 12, ABplpaaaapp, 0, 0, 0, 0, , 0, 0, 0, 0, 0, 
798, 0, 861, -1, -1, 137, 157, 134.0, 12, , 0, 0, 0, 0, , 0, 0, 0, 0, 0, 
799, 1, 862, 772, -1, 136, 157, 135.0, 12, ABplpaaapaa, 0, 0, 0, 0, , 0, 0, 0, 0, 0, 
800, 1, 863, 773, -1, 126, 176, 133.5, 12, ABplpaaapap, 0, 0, 0, 0, , 0, 0, 0, 0, 0, 
801, 1, 864, 774, -1, 132, 163, 126.0, 15, ABplpaaappa, 0, 0, 0, 0, , 0, 0, 0, 0, 0, 
802, 0, 865, -1, -1, 155, 175, 151.0, 13, , 0, 0, 0, 0, , 0, 0, 0, 0, 0, 
803, 0, 866, -1, -1, 154, 175, 144.0, 13, , 0, 0, 0, 0, , 0, 0, 0, 0, 0, 
804, 1, 867, 777, -1, 146, 166, 125.0, 13, ABplpaaappp, 0, 0, 0, 0, , 0, 0, 0, 0, 0, 
805, 0, 869, -1, -1, 156, 166, 87.0, 12, , 0, 0, 0, 0, , 0, 0, 0, 0, 0, 
806, 1, 870, 779, -1, 88, 161, 96.0, 13, ABplpaapapa, 0, 0, 0, 0, , 0, 0, 0, 0, 0, 
807, 1, 871, 780, -1, 138, 180, 142.0, 13, ABplpaapapp, 0, 0, 0, 0, , 0, 0, 0, 0, 0, 
808, 1, 872, 781, -1, 166, 154, 92.0, 13, ABplpaappaa, 0, 0, 0, 0, , 0, 0, 0, 0, 0, 
809, 0, 873, -1, -1, 169, 160, 79.0, 13, , 0, 0, 0, 0, , 0, 0, 0, 0, 0, 
810, 0, 874, -1, -1, 170, 159, 78.0, 13, , 0, 0, 0, 0, , 0, 0, 0, 0, 0, 
811, 0, 875, -1, -1, 169, 171, 141.0, 12, , 0, 0, 0, 0, , 0, 0, 0, 0, 0, 
812, 0, 876, -1, -1, 170, 172, 139.0, 12, , 0, 0, 0, 0, , 0, 0, 0, 0, 0, 
813, 1, 877, 786, -1, 167, 149, 155.0, 13, ABplpapaaaa, 0, 0, 0, 0, , 0, 0, 0, 0, 0, 
814, 0, 878, -1, -1, 164, 152, 126.0, 15, , 0, 0, 0, 0, , 0, 0, 0, 0, 0, 
815, 0, 879, -1, -1, 176, 161, 155.0, 12, , 0, 0, 0, 0, , 0, 0, 0, 0, 0, 
816, 0, 880, -1, -1, 154, 157, 157.0, 13, , 0, 0, 0, 0, , 0, 0, 0, 0, 0, 
817, 1, 881, 790, -1, 158, 164, 145.0, 11, ABplpapaapp, 0, 0, 0, 0, , 0, 0, 0, 0, 0, 
818, 0, 882, -1, -1, 182, 150, 139.0, 12, , 0, 0, 0, 0, , 0, 0, 0, 0, 0, 
819, 0, 883, -1, -1, 178, 161, 141.0, 13, , 0, 0, 0, 0, , 0, 0, 0, 0, 0, 
820, 1, 884, 793, -1, 200, 155, 150.0, 13, ABplpapappa, 0, 0, 0, 0, , 0, 0, 0, 0, 0, 
821, 0, 885, -1, -1, 234, 124, 163.0, 13, , 0, 0, 0, 0, , 0, 0, 0, 0, 0, 
822, 1, 886, 795, -1, 146, 145, 156.0, 13, ABplpappaaa, 0, 0, 0, 0, , 0, 0, 0, 0, 0, 
823, 0, 887, -1, -1, 170, 156, 177.0, 15, , 0, 0, 0, 0, , 0, 0, 0, 0, 0, 
824, 0, 888, -1, -1, 175, 135, 168.0, 15, , 0, 0, 0, 0, , 0, 0, 0, 0, 0, 
825, 1, 889, 798, -1, 265, 138, 152.0, 13, ABplpapppaa, 0, 0, 0, 0, , 0, 0, 0, 0, 0, 
826, 1, 890, 799, -1, 270, 122, 169.0, 12, ABplpapppap, 0, 0, 0, 0, , 0, 0, 0, 0, 0, 
827, 1, 891, 800, -1, 271, 126, 153.5, 13, ABplpappppa, 0, 0, 0, 0, , 0, 0, 0, 0, 0, 
828, 1, 892, 801, -1, 288, 138, 160.5, 13, ABplpappppp, 0, 0, 0, 0, , 0, 0, 0, 0, 0, 
829, 1, 893, 802, -1, 161, 179, 123.0, 13, ABplppaaaaa, 0, 0, 0, 0, , 0, 0, 0, 0, 0, 
830, 0, 894, -1, -1, 171, 172, 132.0, 12, , 0, 0, 0, 0, , 0, 0, 0, 0, 0, 
831, 0, 895, -1, -1, 180, 178, 159.0, 15, , 0, 0, 0, 0, , 0, 0, 0, 0, 0, 
832, 0, 896, -1, -1, 205, 142, 156.0, 12, , 0, 0, 0, 0, , 0, 0, 0, 0, 0, 
833, 0, 897, -1, -1, 208, 144, 140.0, 13, , 0, 0, 0, 0, , 0, 0, 0, 0, 0, 
834, 0, 898, -1, -1, 242, 133, 159.0, 13, , 0, 0, 0, 0, , 0, 0, 0, 0, 0, 
835, 1, 899, 808, -1, 209, 161, 131.0, 14, ABplppapaaa, 0, 0, 0, 0, , 0, 0, 0, 0, 0, 
836, 1, 900, 809, -1, 214, 131, 132.0, 12, ABplppapaap, 0, 0, 0, 0, , 0, 0, 0, 0, 0, 
837, 1, 901, 810, -1, 227, 125, 140.0, 13, ABplppapapa, 0, 0, 0, 0, , 0, 0, 0, 0, 0, 
838, 1, 902, 811, -1, 247, 131, 138.0, 13, ABplppapapp, 0, 0, 0, 0, , 0, 0, 0, 0, 0, 
839, 0, 903, -1, -1, 208, 143, 136.0, 12, , 0, 0, 0, 0, , 0, 0, 0, 0, 0, 
840, 1, 904, 813, -1, 234, 123, 149.0, 13, ABplppapppa, 0, 0, 0, 0, , 0, 0, 0, 0, 0, 
841, 1, 905, 814, -1, 249, 137, 147.0, 12, ABplppapppp, 0, 0, 0, 0, , 0, 0, 0, 0, 0, 
842, 1, 906, 815, -1, 254, 154, 145.0, 13, ABplpppaaaa, 0, 0, 0, 0, , 0, 0, 0, 0, 0, 
843, 1, 907, 816, -1, 258, 148, 131.0, 12, ABplpppaaap, 0, 0, 0, 0, , 0, 0, 0, 0, 0, 
844, 1, 908, 817, -1, 292, 154, 132.0, 13, ABplpppaapa, 0, 0, 0, 0, , 0, 0, 0, 0, 0, 
845, 1, 909, 818, -1, 287, 169, 141.0, 12, ABplpppaapp, 0, 0, 0, 0, , 0, 0, 0, 0, 0, 
846, 1, 910, 819, -1, 281, 167, 150.0, 13, ABplpppapaa, 0, 0, 0, 0, , 0, 0, 0, 0, 0, 
847, 1, 911, 820, -1, 276, 155, 186.0, 13, ABplpppapap, 0, 0, 0, 0, , 0, 0, 0, 0, 0, 
848, 1, 912, 821, -1, 272, 139, 139.0, 12, ABplppppaaa, 0, 0, 0, 0, , 0, 0, 0, 0, 0, 
849, 1, 913, 822, -1, 285, 141, 144.0, 13, ABplppppaap, 0, 0, 0, 0, , 0, 0, 0, 0, 0, 
850, 0, 914, -1, -1, 262, 153, 150.0, 14, , 0, 0, 0, 0, , 0, 0, 0, 0, 0, 
851, 0, 915, -1, -1, 261, 153, 151.0, 14, , 0, 0, 0, 0, , 0, 0, 0, 0, 0, 
852, 1, 916, 825, -1, 273, 148, 159.0, 13, ABplppppapp, 0, 0, 0, 0, , 0, 0, 0, 0, 0, 
853, 1, 917, 826, -1, 273, 157, 138.0, 12, Capappp, 0, 0, 0, 0, , 0, 0, 0, 0, 0, 
854, 1, 918, 827, -1, 286, 128, 128.0, 13, ABplpppppaa, 0, 0, 0, 0, , 0, 0, 0, 0, 0, 
855, 1, 919, 828, -1, 295, 139, 125.0, 13, ABplpppppap, 0, 0, 0, 0, , 0, 0, 0, 0, 0, 
856, 0, 920, -1, -1, 304, 147, 172.5, 13, , 0, 0, 0, 0, , 0, 0, 0, 0, 0, 
857, 0, 921, -1, -1, 304, 147, 179.0, 13, , 0, 0, 0, 0, , 0, 0, 0, 0, 0, 
858, 1, 922, 831, -1, 313, 148, 161.0, 14, ABplppppppp, 0, 0, 0, 0, , 0, 0, 0, 0, 0, 
859, 1, 923, 832, -1, 320, 141, 145.0, 14, Cappppd, 0, 0, 0, 0, , 0, 0, 0, 0, 0, 
860, 1, 924, 833, -1, 97, 134, 192.0, 13, ABpraaaaaap, 0, 0, 0, 0, , 0, 0, 0, 0, 0, 
861, 1, 925, 834, -1, 76, 108, 179.0, 13, ABpraaaaapd, 0, 0, 0, 0, , 0, 0, 0, 0, 0, 
862, 1, 926, 835, -1, 84, 114, 191.0, 13, ABpraaaaapv, 0, 0, 0, 0, , 0, 0, 0, 0, 0, 
863, 1, 927, 836, -1, 107, 122, 199.0, 13, ABpraaaapad, 0, 0, 0, 0, , 0, 0, 0, 0, 0, 
864, 1, 928, 837, -1, 130, 105, 202.0, 13, ABpraaaapav, 0, 0, 0, 0, , 0, 0, 0, 0, 0, 
865, 1, 929, 838, -1, 119, 65, 177.0, 12, ABpraaaappp, 0, 0, 0, 0, , 0, 0, 0, 0, 0, 
866, 1, 930, 839, -1, 126, 76, 175.5, 14, ABpraaapaad, 0, 0, 0, 0, , 0, 0, 0, 0, 0, 
867, 0, 931, -1, -1, 106, 86, 161.0, 14, , 0, 0, 0, 0, , 0, 0, 0, 0, 0, 
868, 1, 932, 841, -1, 106, 84, 162.0, 14, ABpraaapapa, 0, 0, 0, 0, , 0, 0, 0, 0, 0, 
869, 1, 933, 842, -1, 134, 92, 188.0, 13, ABpraaappaa, 0, 0, 0, 0, , 0, 0, 0, 0, 0, 
870, 1, 934, 843, -1, 138, 80, 188.0, 13, ABpraaappap, 0, 0, 0, 0, , 0, 0, 0, 0, 0, 
871, 1, 935, 844, -1, 145, 72, 194.0, 12, ABpraaapppaa, 0, 0, 0, 0, , 0, 0, 0, 0, 0, 
872, 1, 936, 845, -1, 156, 65, 197.5, 12, ABpraaapppap, 0, 0, 0, 0, , 0, 0, 0, 0, 0, 
873, 1, 937, 846, -1, 121, 85, 205.0, 15, ABpraaappppa, 0, 0, 0, 0, , 0, 0, 0, 0, 0, 
874, 1, 938, 847, -1, 140, 93, 213.0, 13, ABpraaappppp, 0, 0, 0, 0, , 0, 0, 0, 0, 0, 
875, 1, 939, 848, -1, 75, 122, 143.0, 15, ABpraapaaaa, 0, 0, 0, 0, , 0, 0, 0, 0, 0, 
876, 1, 940, 849, -1, 65, 115, 153.0, 13, ABpraapaaap, 0, 0, 0, 0, , 0, 0, 0, 0, 0, 
877, 1, 941, 850, -1, 99, 89, 177.0, 13, ABpraapaapa, 0, 0, 0, 0, , 0, 0, 0, 0, 0, 
878, 1, 942, 851, -1, 100, 86, 186.0, 14, ABpraapaapp, 0, 0, 0, 0, , 0, 0, 0, 0, 0, 
879, 1, 943, 852, -1, 158, 73, 184.0, 12, ABpraapapaa, 0, 0, 0, 0, , 0, 0, 0, 0, 0, 
880, 1, 944, 853, -1, 151, 65, 185.0, 13, ABpraapapap, 0, 0, 0, 0, , 0, 0, 0, 0, 0, 
881, 1, 945, 854, -1, 140, 60, 173.0, 12, ABpraapappa, 0, 0, 0, 0, , 0, 0, 0, 0, 0, 
882, 1, 946, 855, -1, 137, 60, 187.0, 13, ABpraapappp, 0, 0, 0, 0, , 0, 0, 0, 0, 0, 
883, 1, 947, 856, -1, 112, 158, 183.0, 14, ABpraappaa, 0, 0, 0, 0, , 0, 0, 0, 0, 0, 
884, 1, 948, 857, -1, 111, 160, 165.0, 13, ABalpapaaap, 0, 0, 0, 0, , 0, 0, 0, 0, 0, 
885, 1, 949, 858, -1, 148, 141, 209.0, 16, ABpraappap, 0, 0, 0, 0, , 0, 0, 0, 0, 0, 
886, 1, 950, 859, -1, 181, 139, 200.0, 12, ABpraapppa, 0, 0, 0, 0, , 0, 0, 0, 0, 0, 
887, 1, 951, 860, -1, 191, 91, 204.0, 13, ABpraapppp, 0, 0, 0, 0, , 0, 0, 0, 0, 0, 
888, 1, 952, 861, -1, 135, 45, 175.0, 11, ABprapaaaaa, 0, 0, 0, 0, , 0, 0, 0, 0, 0, 
889, 1, 953, 862, -1, 142, 44, 159.0, 17, ABprapaaaap, 0, 0, 0, 0, , 0, 0, 0, 0, 0, 
890, 1, 954, 863, -1, 171, 62, 187.0, 15, ABprapaaapa, 0, 0, 0, 0, , 0, 0, 0, 0, 0, 
891, 1, 955, 864, -1, 186, 57, 177.5, 13, ABprapaaapp, 0, 0, 0, 0, , 0, 0, 0, 0, 0, 
892, 1, 956, 865, -1, 193, 131, 199.0, 15, ABprapaapa, 0, 0, 0, 0, , 0, 0, 0, 0, 0, 
893, 1, 957, 866, -1, 187, 132, 188.0, 13, ABarappappp, 0, 0, 0, 0, , 0, 0, 0, 0, 0, 
894, 1, 958, 867, -1, 206, 85, 193.0, 17, ABprapaapp, 0, 0, 0, 0, , 0, 0, 0, 0, 0, 
895, 1, 959, 868, -1, 276, 85, 194.5, 13, ABprapapap, 0, 0, 0, 0, , 0, 0, 0, 0, 0, 
896, 1, 960, 869, -1, 283, 99, 202.5, 15, ABprapappa, 0, 0, 0, 0, , 0, 0, 0, 0, 0, 
897, 1, 961, -1, -1, 316, 78, 184.0, 11, ABprapapppa, 0, 0, 0, 0, , 0, 0, 0, 0, 0, 
898, 1, 962, 870, -1, 323, 108, 173.0, 15, ABprapapppp, 0, 0, 0, 0, , 0, 0, 0, 0, 0, 
899, 0, 963, -1, -1, 305, 94, 191.0, 13, , 0, 0, 0, 0, , 0, 0, 0, 0, 0, 
900, 1, 964, 872, -1, 318, 88, 183.5, 13, ABprapppaap, 0, 0, 0, 0, , 0, 0, 0, 0, 0, 
901, 1, 965, 873, -1, 276, 138, 196.0, 17, ABprappppa, 0, 0, 0, 0, , 0, 0, 0, 0, 0, 
902, 1, 966, 874, -1, 324, 123, 180.0, 15, ABprappppp, 0, 0, 0, 0, , 0, 0, 0, 0, 0, 
903, 1, 967, 875, -1, 309, 115, 178.0, 13, ABprapppapp, 0, 0, 0, 0, , 0, 0, 0, 0, 0, 
904, 1, 968, 876, -1, 146, 101, 201.5, 14, ABprpaaaaap, 0, 0, 0, 0, , 0, 0, 0, 0, 0, 
905, 1, 424, 877, -1, 190, 149, 184.0, 14, ABprpaaaapa, 0, 0, 0, 0, , 0, 0, 0, 0, 0, 
906, 1, 969, 878, -1, 222, 127, 178.0, 14, ABprpaaaapp, 0, 0, 0, 0, , 0, 0, 0, 0, 0, 
907, 0, 970, -1, -1, 110, 139, 180.0, 13, , 0, 0, 0, 0, , 0, 0, 0, 0, 0, 
908, 1, 971, 880, -1, 111, 138, 180.0, 13, ABprpaaapaa, 0, 0, 0, 0, , 0, 0, 0, 0, 0, 
909, 0, 972, -1, -1, 131, 145, 199.0, 13, , 0, 0, 0, 0, , 0, 0, 0, 0, 0, 
910, 1, 973, 882, -1, 124, 124, 182.0, 13, ABprpaaappa, 0, 0, 0, 0, , 0, 0, 0, 0, 0, 
911, 1, 974, 883, -1, 135, 126, 189.0, 13, ABprpaaappp, 0, 0, 0, 0, , 0, 0, 0, 0, 0, 
912, 1, 975, 884, -1, 115, 92, 177.5, 13, ABprpaapaaa, 0, 0, 0, 0, , 0, 0, 0, 0, 0, 
913, 1, 976, 885, -1, 154, 91, 206.0, 12, ABprpaapaap, 0, 0, 0, 0, , 0, 0, 0, 0, 0, 
914, 1, 977, 886, -1, 82, 100, 191.0, 15, ABprpaapapa, 0, 0, 0, 0, , 0, 0, 0, 0, 0, 
915, 1, 978, 888, -1, 120, 138, 197.0, 13, ABprpaaapap, 0, 0, 0, 0, , 0, 0, 0, 0, 0, 
916, 1, 979, 887, -1, 127, 136, 183.0, 11, ABalaapappp, 0, 0, 0, 0, , 0, 0, 0, 0, 0, 
917, 1, 980, 889, -1, 131, 145, 199.0, 14, ABprpaapapp, 0, 0, 0, 0, , 0, 0, 0, 0, 0, 
918, 1, 981, 890, -1, 158, 82, 197.0, 15, ABprpaappaa, 0, 0, 0, 0, , 0, 0, 0, 0, 0, 
919, 0, 982, -1, -1, 185, 72, 172.39316, 14, , 0, 0, 0, 0, , 0, 0, 0, 0, 0, 
920, 1, 983, 892, -1, 160, 79, 207.0, 12, ABprpaappap, 0, 0, 0, 0, , 0, 0, 0, 0, 0, 
921, 0, 984, -1, -1, 157, 135, 198.0, 15, , 0, 0, 0, 0, , 0, 0, 0, 0, 0, 
922, 1, 984, 894, -1, 158, 135, 197.0, 13, ABprpaapppa, 0, 0, 0, 0, , 0, 0, 0, 0, 0, 
923, 1, 985, 895, -1, 146, 142, 191.0, 15, ABprpaapppp, 0, 0, 0, 0, , 0, 0, 0, 0, 0, 
924, 0, 986, -1, -1, 155, 138, 186.5, 14, , 0, 0, 0, 0, , 0, 0, 0, 0, 0, 
925, 1, 987, 897, -1, 172, 141, 184.0, 13, ABprpapaaap, 0, 0, 0, 0, , 0, 0, 0, 0, 0, 
926, 0, 988, -1, -1, 152, 139, 179.0, 13, , 0, 0, 0, 0, , 0, 0, 0, 0, 0, 
927, 1, 989, 899, -1, 154, 139, 178.0, 15, ABprpapaapa, 0, 0, 0, 0, , 0, 0, 0, 0, 0, 
928, 0, 990, -1, -1, 156, 136, 189.0, 12, , 0, 0, 0, 0, , 0, 0, 0, 0, 0, 
929, 0, 991, -1, -1, 155, 139, 187.0, 13, , 0, 0, 0, 0, , 0, 0, 0, 0, 0, 
930, 1, 992, 902, -1, 162, 140, 175.0, 13, ABprpapaaaa, 0, 0, 0, 0, , 0, 0, 0, 0, 0, 
931, 1, 993, 903, -1, 156, 136, 188.0, 12, ABprpapaapp, 0, 0, 0, 0, , 0, 0, 0, 0, 0, 
932, 1, 994, 904, -1, 172, 122, 178.0, 13, ABprpapapaa, 0, 0, 0, 0, , 0, 0, 0, 0, 0, 
933, 1, 995, 905, -1, 172, 129, 186.0, 12, ABprpapapap, 0, 0, 0, 0, , 0, 0, 0, 0, 0, 
934, 0, 996, -1, -1, 191, 128, 179.0, 12, , 0, 0, 0, 0, , 0, 0, 0, 0, 0, 
935, 0, 997, -1, -1, 192, 128, 177.5, 12, , 0, 0, 0, 0, , 0, 0, 0, 0, 0, 
936, 0, 998, -1, -1, 192, 128, 178.0, 12, , 0, 0, 0, 0, , 0, 0, 0, 0, 0, 
937, 0, 999, -1, -1, 190, 127, 181.0, 12, , 0, 0, 0, 0, , 0, 0, 0, 0, 0, 
938, 1, 1000, 910, -1, 252, 126, 165.0, 12, ABprpapappp, 0, 0, 0, 0, , 0, 0, 0, 0, 0, 
939, 1, 1001, 911, -1, 134, 157, 165.0, 13, ABprpappaaa, 0, 0, 0, 0, , 0, 0, 0, 0, 0, 
940, 1, 1002, 912, -1, 172, 156, 172.0, 15, ABprpappaap, 0, 0, 0, 0, , 0, 0, 0, 0, 0, 
941, 0, 1003, -1, -1, 185, 141, 166.0, 15, , 0, 0, 0, 0, , 0, 0, 0, 0, 0, 
942, 1, 1004, 914, -1, 176, 136, 169.0, 13, ABprpappapa, 0, 0, 0, 0, , 0, 0, 0, 0, 0, 
943, 1, 1005, 915, -1, 222, 131, 157.5, 13, ABprpappapp, 0, 0, 0, 0, , 0, 0, 0, 0, 0, 
944, 0, 1006, -1, -1, 149, 146, 167.0, 13, , 0, 0, 0, 0, , 0, 0, 0, 0, 0, 
945, 1, 1007, 917, -1, 156, 139, 160.0, 13, ABprpapppaa, 0, 0, 0, 0, , 0, 0, 0, 0, 0, 
946, 0, 1008, -1, -1, 206, 119, 178.0, 12, , 0, 0, 0, 0, , 0, 0, 0, 0, 0, 
947, 1, 1009, 918, -1, 206, 119, 178.0, 12, ABprpapppap, 0, 0, 0, 0, , 0, 0, 0, 0, 0, 
948, 0, 1010, -1, -1, 279, 114, 171.0, 12, , 0, 0, 0, 0, , 0, 0, 0, 0, 0, 
949, 1, 1011, 920, -1, 293, 133, 150.0, 12, ABprpappppp, 0, 0, 0, 0, , 0, 0, 0, 0, 0, 
950, 1, 1012, 921, -1, 156, 124, 201.0, 12, ABprppaaaaa, 0, 0, 0, 0, , 0, 0, 0, 0, 0, 
951, 1, 1013, 922, -1, 160, 108, 206.5, 13, ABprppaaaap, 0, 0, 0, 0, , 0, 0, 0, 0, 0, 
952, 1, 1014, -1, -1, 170, 133, 206.0, 13, ABprppaapaa, 0, 0, 0, 0, , 0, 0, 0, 0, 0, 
953, 1, 1015, 923, -1, 171, 121, 198.0, 13, ABprppaapap, 0, 0, 0, 0, , 0, 0, 0, 0, 0, 
954, 0, 1016, -1, -1, 201, 131, 165.0, 13, , 0, 0, 0, 0, , 0, 0, 0, 0, 0, 
955, 1, 1017, 925, -1, 244, 125, 173.0, 12, ABprppaappp, 0, 0, 0, 0, , 0, 0, 0, 0, 0, 
956, 1, 1018, 926, -1, 204, 122, 194.0, 12, ABprppapaaa, 0, 0, 0, 0, , 0, 0, 0, 0, 0, 
957, 1, 1019, 927, -1, 218, 107, 169.0, 12, ABprppapaap, 0, 0, 0, 0, , 0, 0, 0, 0, 0, 
958, 1, 1020, 928, -1, 233, 108, 172.0, 13, ABprppapapa, 0, 0, 0, 0, , 0, 0, 0, 0, 0, 
959, 1, 1021, 929, -1, 251, 105, 171.0, 13, ABprppapapp, 0, 0, 0, 0, , 0, 0, 0, 0, 0, 
960, 1, 1022, 930, -1, 212, 117, 170.0, 13, ABprppappaa, 0, 0, 0, 0, , 0, 0, 0, 0, 0, 
961, 1, 1023, 931, -1, 222, 118, 162.0, 12, ABprppappap, 0, 0, 0, 0, , 0, 0, 0, 0, 0, 
962, 1, 1024, 932, -1, 242, 111, 170.0, 10, ABprppapppa, 0, 0, 0, 0, , 0, 0, 0, 0, 0, 
963, 1, 1025, 933, -1, 252, 113, 178.0, 12, ABprppapppp, 0, 0, 0, 0, , 0, 0, 0, 0, 0, 
964, 1, 1026, 934, -1, 257, 125, 185.0, 12, ABprpppaaaa, 0, 0, 0, 0, , 0, 0, 0, 0, 0, 
965, 1, 1027, 935, -1, 261, 103, 182.0, 12, ABprpppaaap, 0, 0, 0, 0, , 0, 0, 0, 0, 0, 
966, 0, 1028, -1, -1, 302, 101, 183.5, 13, , 0, 0, 0, 0, , 0, 0, 0, 0, 0, 
967, 1, 1029, 937, -1, 302, 101, 185.0, 14, ABprpppaapa, 0, 0, 0, 0, , 0, 0, 0, 0, 0, 
968, 1, 1030, 938, -1, 299, 110, 194.0, 12, ABprpppaapp, 0, 0, 0, 0, , 0, 0, 0, 0, 0, 
969, 1, 1031, 939, -1, 292, 121, 189.5, 12, ABprpppapaa, 0, 0, 0, 0, , 0, 0, 0, 0, 0, 
970, 0, 1032, -1, -1, 294, 158, 180.0, 12, , 0, 0, 0, 0, , 0, 0, 0, 0, 0, 
971, 1, 1033, 941, -1, 294, 158, 179.0, 12, ABprpppapap, 0, 0, 0, 0, , 0, 0, 0, 0, 0, 
972, 1, 1034, 942, -1, 290, 155, 161.0, 15, Cappppv, 0, 0, 0, 0, , 0, 0, 0, 0, 0, 
973, 1, 1035, 943, -1, 278, 115, 171.0, 13, ABprppppaaa, 0, 0, 0, 0, , 0, 0, 0, 0, 0, 
974, 1, 1036, 944, -1, 288, 119, 157.5, 12, ABprpappppa, 0, 0, 0, 0, , 0, 0, 0, 0, 0, 
975, 1, 1037, 945, -1, 287, 126, 170.0, 12, ABprppppaap, 0, 0, 0, 0, , 0, 0, 0, 0, 0, 
976, 1, 1038, 946, -1, 268, 124, 191.0, 15, ABprppppapa, 0, 0, 0, 0, , 0, 0, 0, 0, 0, 
977, 1, 1039, 947, -1, 277, 131, 180.0, 14, ABprppppapp, 0, 0, 0, 0, , 0, 0, 0, 0, 0, 
978, 1, 1040, 948, -1, 273, 101, 167.0, 13, ABprpppppaa, 0, 0, 0, 0, , 0, 0, 0, 0, 0, 
979, 1, 1041, 949, -1, 292, 102, 169.0, 15, ABprpppppap, 0, 0, 0, 0, , 0, 0, 0, 0, 0, 
980, 1, 1042, 950, -1, 306, 146, 183.0, 13, ABprppppppa, 0, 0, 0, 0, , 0, 0, 0, 0, 0, 
981, 1, 1043, 951, -1, 303, 147, 171.5, 13, ABplppppppa, 0, 0, 0, 0, , 0, 0, 0, 0, 0, 
982, 0, 1044, -1, -1, 83, 146, 133.0, 11, , 0, 0, 0, 0, , 0, 0, 0, 0, 0, 
983, 0, 1045, -1, -1, 82, 146, 134.0, 11, , 0, 0, 0, 0, , 0, 0, 0, 0, 0, 
984, 0, 1046, -1, -1, 82, 146, 133.0, 11, , 0, 0, 0, 0, , 0, 0, 0, 0, 0, 
985, 1, 1047, 955, -1, 89, 153, 136.0, 12, ABalaaaalpp, 0, 0, 0, 0, , 0, 0, 0, 0, 0, 
986, 0, 1048, -1, -1, 93, 152, 130.0, 12, , 0, 0, 0, 0, , 0, 0, 0, 0, 0, 
987, 1, 1049, 957, -1, 106, 149, 113.0, 15, ABalapaappa, 0, 0, 0, 0, , 0, 0, 0, 0, 0, 
988, 1, 1050, 958, -1, 83, 124, 90.0, 12, ABalapapppp, 0, 0, 0, 0, , 0, 0, 0, 0, 0, 
989, 0, 1051, -1, -1, 98, 76, 152.63934, 12, , 0, 0, 0, 0, , 0, 0, 0, 0, 0, 
990, 1, 1052, 960, -1, 97, 68, 167.0, 12, ABalappapaa, 0, 0, 0, 0, , 0, 0, 0, 0, 0, 
991, 0, 1053, -1, -1, 82, 86, 166.0, 12, , 0, 0, 0, 0, , 0, 0, 0, 0, 0, 
992, 1, 1054, 962, -1, 83, 90, 165.0, 12, ABalappappp, 0, 0, 0, 0, , 0, 0, 0, 0, 0, 
993, 0, 1055, -1, -1, 91, 129, 137.0, 13, , 0, 0, 0, 0, , 0, 0, 0, 0, 0, 
994, 0, 1056, -1, -1, 89, 128, 140.0, 13, , 0, 0, 0, 0, , 0, 0, 0, 0, 0, 
995, 0, 1057, -1, -1, 90, 129, 139.0, 13, , 0, 0, 0, 0, , 0, 0, 0, 0, 0, 
996, 1, 1058, 966, -1, 91, 145, 144.0, 12, ABalpaapppp, 0, 0, 0, 0, , 0, 0, 0, 0, 0, 
997, 1, 1059, 967, -1, 91, 146, 93.0, 14, ABplaapaapa, 0, 0, 0, 0, , 0, 0, 0, 0, 0, 
998, 1, 1060, 968, -1, 104, 149, 84.0, 15, ABplaapaapp, 0, 0, 0, 0, , 0, 0, 0, 0, 0, 
999, 0, 1061, -1, -1, 144, 130, 117.64706, 15, , 0, 0, 0, 0, , 0, 0, 0, 0, 0, 
1000, 0, 1062, -1, -1, 152, 132, 122.0, 15, , 0, 0, 0, 0, , 0, 0, 0, 0, 0, 
1001, 1, 1063, 971, -1, 186, 170, 143.0, 13, ABalpapappp, 0, 0, 0, 0, , 0, 0, 0, 0, 0, 
1002, 1, 1064, 972, -1, 155, 175, 149.0, 14, ABplpaapppp, 0, 0, 0, 0, , 0, 0, 0, 0, 0, 
1003, 1, 1065, 973, -1, 172, 174, 107.5, 14, ABplppaaaap, 0, 0, 0, 0, , 0, 0, 0, 0, 0, 
1004, 0, 1066, -1, -1, 96, 166, 131.0, 12, , 0, 0, 0, 0, , 0, 0, 0, 0, 0, 
1005, 0, 1067, -1, -1, 98, 165, 125.0, 12, , 0, 0, 0, 0, , 0, 0, 0, 0, 0, 
1006, 0, 1068, -1, -1, 96, 166, 131.0, 12, , 0, 0, 0, 0, , 0, 0, 0, 0, 0, 
1007, 0, 1069, -1, -1, 98, 166, 126.0, 12, , 0, 0, 0, 0, , 0, 0, 0, 0, 0, 
1008, 0, 1070, -1, -1, 97, 166, 127.0, 12, , 0, 0, 0, 0, , 0, 0, 0, 0, 0, 
1009, 0, 1071, -1, -1, 98, 166, 124.0, 12, , 0, 0, 0, 0, , 0, 0, 0, 0, 0, 
1010, 1, 1072, 980, -1, 96, 134, 161.0, 12, ABaraaapppp, 0, 0, 0, 0, , 0, 0, 0, 0, 0, 
1011, 1, 1073, 981, -1, 120, 93, 106.0, 14, ABaraapaaap, 0, 0, 0, 0, , 0, 0, 0, 0, 0, 
1012, 1, 1074, 982, -1, 124, 81, 96.0, 14, MSaaapaaa, 0, 0, 0, 0, , 0, 0, 0, 0, 0, 
1013, 1, 1075, 983, -1, 140, 168, 136.0, 13, ABalppaappp, 0, 0, 0, 0, , 0, 0, 0, 0, 0, 
1014, 1, 1076, 984, -1, 119, 148, 154.0, 13, ABarappaapa, 0, 0, 0, 0, , 0, 0, 0, 0, 0, 
1015, 1, 1077, 985, -1, 106, 133, 100.0, 15, ABalppppapa, 0, 0, 0, 0, , 0, 0, 0, 0, 0, 
1016, 1, 1078, 986, -1, 273, 129, 111.0, 16, MSappaap, 0, 0, 0, 0, , 0, 0, 0, 0, 0, 
1017, 1, 1079, 987, -1, 131, 159, 103.5, 15, ABalapaapaa, 0, 0, 0, 0, , 0, 0, 0, 0, 0, 
1018, 0, 1080, -1, -1, 163, 153, 127.0, 15, , 0, 0, 0, 0, , 0, 0, 0, 0, 0, 
1019, 0, 1081, -1, -1, 162, 159, 128.0, 15, , 0, 0, 0, 0, , 0, 0, 0, 0, 0, 
1020, 0, 1082, -1, -1, 168, 155, 128.0, 15, , 0, 0, 0, 0, , 0, 0, 0, 0, 0, 
1021, 1, 1083, 991, -1, 176, 161, 156.0, 12, ABplpapaaap, 0, 0, 0, 0, , 0, 0, 0, 0, 0, 
1022, 1, 1084, 992, -1, 155, 158, 159.0, 13, ABplpapaapa, 0, 0, 0, 0, , 0, 0, 0, 0, 0, 
1023, 1, 1085, 993, -1, 178, 160, 143.0, 13, ABplpapapap, 0, 0, 0, 0, , 0, 0, 0, 0, 0, 
1024, 1, 1086, 994, -1, 182, 149, 137.5, 14, ABplpapapaa, 0, 0, 0, 0, , 0, 0, 0, 0, 0, 
1025, 1, 580, 995, -1, 227, 126, 122.0, 13, MSaappppa, 0, 0, 0, 0, , 0, 0, 0, 0, 0, 
1026, 1, 1087, 996, -1, 219, 128, 117.0, 14, MSaapppap, 0, 0, 0, 0, , 0, 0, 0, 0, 0, 
1027, 0, 1088, -1, -1, 209, 143, 136.0, 13, , 0, 0, 0, 0, , 0, 0, 0, 0, 0, 
1028, 0, 1089, -1, -1, 205, 142, 156.0, 12, , 0, 0, 0, 0, , 0, 0, 0, 0, 0, 
1029, 1, 1090, 999, -1, 205, 142, 158.5, 11, ABplppaappa, 0, 0, 0, 0, , 0, 0, 0, 0, 0, 
1030, 1, 1091, 1000, -1, 207, 143, 140.5, 12, ABplppappaa, 0, 0, 0, 0, , 0, 0, 0, 0, 0, 
1031, 0, 1092, -1, -1, 200, 132, 167.5, 13, , 0, 0, 0, 0, , 0, 0, 0, 0, 0, 
1032, 1, 1093, 1002, -1, 242, 134, 159.0, 13, ABplppaappp, 0, 0, 0, 0, , 0, 0, 0, 0, 0, 
1033, 1, 885, 1003, -1, 232, 122, 161.5, 13, ABplpapappp, 0, 0, 0, 0, , 0, 0, 0, 0, 0, 
1034, 0, 1094, -1, -1, 238, 122, 156.0, 13, , 0, 0, 0, 0, , 0, 0, 0, 0, 0, 
1035, 0, 1095, -1, -1, 241, 129, 157.0, 13, , 0, 0, 0, 0, , 0, 0, 0, 0, 0, 
1036, 0, 1096, -1, -1, 241, 131, 156.0, 13, , 0, 0, 0, 0, , 0, 0, 0, 0, 0, 
1037, 1, 1097, 1006, -1, 215, 127, 146.0, 13, ABplppappap, 0, 0, 0, 0, , 0, 0, 0, 0, 0, 
1038, 1, 1098, 1007, -1, 261, 152, 151.0, 14, ABplppppapa, 0, 0, 0, 0, , 0, 0, 0, 0, 0, 
1039, 0, 1100, -1, -1, 102, 116, 187.0, 12, , 0, 0, 0, 0, , 0, 0, 0, 0, 0, 
1040, 1, 1099, 1009, -1, 98, 111, 195.0, 12, ABpraaaaaaa, 0, 0, 0, 0, , 0, 0, 0, 0, 0, 
1041, 1, 1101, 1010, -1, 86, 132, 189.0, 13, ABalaappapp, 0, 0, 0, 0, , 0, 0, 0, 0, 0, 
1042, 0, 1103, -1, -1, 88, 112, 185.0, 12, , 0, 0, 0, 0, , 0, 0, 0, 0, 0, 
1043, 0, 1104, -1, -1, 91, 112, 181.0, 12, , 0, 0, 0, 0, , 0, 0, 0, 0, 0, 
1044, 0, 1105, -1, -1, 86, 128, 168.0, 13, , 0, 0, 0, 0, , 0, 0, 0, 0, 0, 
1045, 1, 1106, 1014, -1, 85, 128, 172.0, 13, ABalaapaapp, 0, 0, 0, 0, , 0, 0, 0, 0, 0, 
1046, 1, 1107, 1015, -1, 101, 112, 189.0, 12, ABalaappapa, 0, 0, 0, 0, , 0, 0, 0, 0, 0, 
1047, 1, 1108, 1016, -1, 153, 86, 176.0, 14, MSppppaa, 0, 0, 0, 0, , 0, 0, 0, 0, 0, 
1048, 1, 1109, 1017, -1, 154, 115, 181.0, 15, MSpppapp, 0, 0, 0, 0, , 0, 0, 0, 0, 0, 
1049, 0, 1111, -1, -1, 185, 142, 164.0, 15, , 0, 0, 0, 0, , 0, 0, 0, 0, 0, 
1050, 0, 1112, -1, -1, 186, 137, 158.0, 15, , 0, 0, 0, 0, , 0, 0, 0, 0, 0, 
1051, 0, 1113, -1, -1, 194, 144, 168.0, 15, , 0, 0, 0, 0, , 0, 0, 0, 0, 0, 
1052, 1, 1114, 1021, -1, 188, 141, 165.0, 15, ABplpappaap, 0, 0, 0, 0, , 0, 0, 0, 0, 0, 
1053, 1, 1115, 1022, -1, 305, 94, 191.0, 14, ABprapppaaa, 0, 0, 0, 0, , 0, 0, 0, 0, 0, 
1054, 1, 1116, 1023, -1, 97, 154, 125.0, 12, ABalaaaalpa, 0, 0, 0, 0, , 0, 0, 0, 0, 0, 
1055, 0, 1117, -1, -1, 93, 128, 133.0, 14, , 0, 0, 0, 0, , 0, 0, 0, 0, 0, 
1056, 1, 1118, 1025, -1, 91, 129, 139.0, 13, ABalpaapppa, 0, 0, 0, 0, , 0, 0, 0, 0, 0, 
1057, 1, 1119, 1026, -1, 95, 123, 125.5, 14, ABalaaaarlp, 0, 0, 0, 0, , 0, 0, 0, 0, 0, 
1058, 0, 1120, -1, -1, 82, 147, 134.0, 13, , 0, 0, 0, 0, , 0, 0, 0, 0, 0, 
1059, 0, 1121, -1, -1, 81, 137, 118.0, 13, , 0, 0, 0, 0, , 0, 0, 0, 0, 0, 
1060, 0, 1122, -1, -1, 83, 146, 133.5, 13, , 0, 0, 0, 0, , 0, 0, 0, 0, 0, 
1061, 1, 1123, 1030, -1, 92, 79, 156.0, 12, ABalapppppa, 0, 0, 0, 0, , 0, 0, 0, 0, 0, 
1062, 0, 1124, -1, -1, 96, 167, 129.0, 12, , 0, 0, 0, 0, , 0, 0, 0, 0, 0, 
1063, 0, 1125, -1, -1, 108, 160, 123.5, 12, , 0, 0, 0, 0, , 0, 0, 0, 0, 0, 
1064, 1, 1126, 1032, -1, 111, 158, 124.0, 12, ABalppaaapa, 0, 0, 0, 0, , 0, 0, 0, 0, 0, 
1065, 1, 1127, 1033, -1, 96, 167, 129.0, 12, ABalppaaapp, 0, 0, 0, 0, , 0, 0, 0, 0, 0, 
1066, 1, 1128, 1034, -1, 164, 175, 146.0, 12, ABplpaapppa, 0, 0, 0, 0, , 0, 0, 0, 0, 0, 
1067, 1, 1129, 1035, -1, 207, 107, 123.0, 14, MSaapappp, 0, 0, 0, 0, , 0, 0, 0, 0, 0, 
1068, 1, 1130, 1036, -1, 204, 108, 141.0, 12, MSaappaa, 0, 0, 0, 0, , 0, 0, 0, 0, 0, 
1069, 1, 1131, 1037, -1, 150, 131, 108.5, 15, ABalpappaap, 0, 0, 0, 0, , 0, 0, 0, 0, 0, 
1070, 1, 1132, 1038, -1, 191, 127, 178.0, 12, ABprpapappa, 0, 0, 0, 0, , 0, 0, 0, 0, 0, 
1071, 1, 1133, 1039, -1, 201, 131, 166.0, 13, ABprppaappa, 0, 0, 0, 0, , 0, 0, 0, 0, 0, 
1072, 1, 1134, 1040, -1, 204, 140, 119.5, 14, MSaapppaa, 0, 0, 0, 0, , 0, 0, 0, 0, 0, 
1073, 0, 1135, -1, -1, 162, 158, 130.0, 15, , 0, 0, 0, 0, , 0, 0, 0, 0, 0, 
1074, 1, 1136, 1042, -1, 164, 156, 129.0, 15, MSappapp, 0, 0, 0, 0, , 0, 0, 0, 0, 0, 
1075, 1, 1137, 1043, -1, 157, 166, 84.0, 14, ABplpaapaap, 0, 0, 0, 0, , 0, 0, 0, 0, 0, 
1076, 1, 1138, 1044, -1, 168, 161, 76.0, 13, ABplpaappap, 0, 0, 0, 0, , 0, 0, 0, 0, 0, 
1077, 1, 828, 1045, -1, 77, 122, 135.5, 14, ABplaapaaaa, 0, 0, 0, 0, , 0, 0, 0, 0, 0, 
1078, 1, 1139, 1046, -1, 212, 134, 167.0, 13, ABarappappa, 0, 0, 0, 0, , 0, 0, 0, 0, 0, 
1079, 1, 1140, 1047, -1, 144, 125, 129.0, 13, ABalpaaaapa, 0, 0, 0, 0, , 0, 0, 0, 0, 0, 
1080, 1, 1141, 1048, -1, 172, 174, 128.5, 14, ABplppaapap, 0, 0, 0, 0, , 0, 0, 0, 0, 0, 
1081, 1, 1142, 1049, -1, 84, 131, 106.0, 14, ABalapaaapa, 0, 0, 0, 0, , 0, 0, 0, 0, 0, 
1082, 1, 1143, 1050, -1, 82, 137, 118.0, 13, ABalaaaalal, 0, 0, 0, 0, , 0, 0, 0, 0, 0, 
1083, 1, 1144, 1051, -1, 78, 92, 116.0, 13, ABalappaapa, 0, 0, 0, 0, , 0, 0, 0, 0, 0, 
