1, 0, 1, -1, -1, 113, 91, 184.0, 9, , 41, 0, 0, 0, , 0, 0, 0, 0, 0, 
2, 0, 2, -1, -1, 182, 54, 180.0, 9, , 23, 0, 0, 0, , 0, 0, 0, 0, 0, 
3, 0, 3, -1, -1, 289, 119, 190.0, 9, , 33, 0, 0, 0, , 0, 0, 0, 0, 0, 
4, 0, 4, -1, -1, 196, 127, 73.0, 7, , 15, 0, 0, 0, , 0, 0, 0, 0, 0, 
5, 0, 5, -1, -1, 162, 134, 195.0, 11, , 37, 0, 0, 0, , 0, 0, 0, 0, 0, 
6, 0, 6, -1, -1, 160, 136, 201.0, 9, , 30, 0, 0, 0, , 0, 0, 0, 0, 0, 
7, 0, 7, -1, -1, 136, 178, 134.0, 9, , 46, 0, 0, 0, , 0, 0, 0, 0, 0, 
8, 0, 8, -1, -1, 126, 163, 165.0, 9, , 26, 0, 0, 0, , 0, 0, 0, 0, 0, 
9, 0, 9, -1, -1, 222, 125, 176.0, 11, , 100, 0, 0, 0, , 0, 0, 0, 0, 0, 
10, 0, 10, -1, -1, 118, 142, 136.0, 7, , 29, 0, 0, 0, , 0, 0, 0, 0, 0, 
11, 0, 11, -1, -1, 199, 128, 168.0, 9, , 31, 0, 0, 0, , 0, 0, 0, 0, 0, 
12, 0, 12, -1, -1, 132, 83, 151.0, 9, , 30, 0, 0, 0, , 0, 0, 0, 0, 0, 
13, 0, 13, -1, -1, 131, 149, 118.0, 9, , 36, 0, 0, 0, , 0, 0, 0, 0, 0, 
14, 0, 14, -1, -1, 302, 112, 195.0, 9, , 34, 0, 0, 0, , 0, 0, 0, 0, 0, 
15, 0, 15, -1, -1, 281, 115, 169.0, 9, , 63, 0, 0, 0, , 0, 0, 0, 0, 0, 
16, 0, 16, -1, -1, 181, 120, 112.0, 11, , 47, 0, 0, 0, , 0, 0, 0, 0, 0, 
17, 0, 17, -1, -1, 294, 103, 170.0, 11, , 44, 0, 0, 0, , 0, 0, 0, 0, 0, 
18, 0, 18, -1, -1, 84, 108, 190.0, 11, , 25, 0, 0, 0, , 0, 0, 0, 0, 0, 
19, 0, 19, -1, -1, 214, 157, 153.0, 9, , 47, 0, 0, 0, , 0, 0, 0, 0, 0, 
20, 0, 20, -1, -1, 203, 83, 192.0, 9, , 30, 0, 0, 0, , 0, 0, 0, 0, 0, 
21, 0, 21, -1, -1, 185, 128, 189.0, 9, , 21, 0, 0, 0, , 0, 0, 0, 0, 0, 
22, 0, 22, -1, -1, 121, 139, 196.0, 9, , 19, 0, 0, 0, , 0, 0, 0, 0, 0, 
23, 0, 24, -1, -1, 269, 78, 185.0, 9, , 25, 0, 0, 0, , 0, 0, 0, 0, 0, 
24, 0, 26, -1, -1, 198, 170, 145.0, 11, , 78, 0, 0, 0, , 0, 0, 0, 0, 0, 
25, 0, 27, -1, -1, 318, 83, 185.0, 9, , 41, 0, 0, 0, , 0, 0, 0, 0, 0, 
26, 0, 28, -1, -1, 245, 68, 182.0, 9, , 21, 0, 0, 0, , 0, 0, 0, 0, 0, 
27, 0, 30, -1, -1, 259, 104, 181.0, 9, , 60, 0, 0, 0, , 0, 0, 0, 0, 0, 
28, 0, 31, -1, -1, 123, 89, 111.0, 9, , 24, 0, 0, 0, , 0, 0, 0, 0, 0, 
29, 0, 32, -1, -1, 194, 110, 154.0, 11, , 86, 0, 0, 0, , 0, 0, 0, 0, 0, 
30, 0, 33, -1, -1, 113, 102, 183.0, 9, , 53, 0, 0, 0, , 0, 0, 0, 0, 0, 
31, 0, 34, -1, -1, 113, 141, 176.0, 9, , 50, 0, 0, 0, , 0, 0, 0, 0, 0, 
32, 0, 35, -1, -1, 136, 178, 140.0, 11, , 46, 0, 0, 0, , 0, 0, 0, 0, 0, 
33, 0, 36, -1, -1, 220, 144, 144.0, 9, , 27, 0, 0, 0, , 0, 0, 0, 0, 0, 
34, 0, 37, -1, -1, 291, 60, 175.0, 9, , 34, 0, 0, 0, , 0, 0, 0, 0, 0, 
35, 0, 38, -1, -1, 265, 77, 187.0, 11, , 52, 0, 0, 0, , 0, 0, 0, 0, 0, 
36, 0, 39, -1, -1, 169, 124, 198.0, 9, , 23, 0, 0, 0, , 0, 0, 0, 0, 0, 
37, 0, 40, -1, -1, 179, 120, 97.0, 9, , 35, 0, 0, 0, , 0, 0, 0, 0, 0, 
38, 0, 41, -1, -1, 264, 162, 163.0, 9, , 32, 0, 0, 0, , 0, 0, 0, 0, 0, 
39, 0, 42, -1, -1, 158, 88, 152.0, 9, , 31, 0, 0, 0, , 0, 0, 0, 0, 0, 
40, 0, 43, -1, -1, 118, 93, 98.0, 13, , 334, 0, 0, 0, , 0, 0, 0, 0, 0, 
41, 0, 44, -1, -1, 113, 99, 120.0, 11, , 44, 0, 0, 0, , 0, 0, 0, 0, 0, 
42, 0, 45, -1, -1, 117, 99, 115.0, 9, , 18, 0, 0, 0, , 0, 0, 0, 0, 0, 
43, 0, 46, -1, -1, 136, 132, 150.0, 9, , 52, 0, 0, 0, , 0, 0, 0, 0, 0, 
44, 0, 47, -1, -1, 65, 116, 156.0, 9, , 22, 0, 0, 0, , 0, 0, 0, 0, 0, 
45, 0, 48, -1, -1, 155, 125, 209.0, 11, , 32, 0, 0, 0, , 0, 0, 0, 0, 0, 
46, 0, 49, -1, -1, 145, 100, 201.0, 9, , 48, 0, 0, 0, , 0, 0, 0, 0, 0, 
47, 0, 50, -1, -1, 132, 60, 158.0, 9, , 54, 0, 0, 0, , 0, 0, 0, 0, 0, 
48, 0, 52, -1, -1, 144, 87, 168.0, 9, , 13, 0, 0, 0, , 0, 0, 0, 0, 0, 
49, 0, 53, -1, -1, 260, 104, 178.0, 9, , 31, 0, 0, 0, , 0, 0, 0, 0, 0, 
50, 0, 54, -1, -1, 285, 55, 175.0, 7, , 13, 0, 0, 0, , 0, 0, 0, 0, 0, 
51, 0, 55, -1, -1, 277, 90, 198.0, 7, , 17, 0, 0, 0, , 0, 0, 0, 0, 0, 
52, 0, 56, -1, -1, 144, 114, 155.0, 9, , 29, 0, 0, 0, , 0, 0, 0, 0, 0, 
53, 0, 57, -1, -1, 152, 126, 204.0, 7, , 24, 0, 0, 0, , 0, 0, 0, 0, 0, 
54, 0, 58, -1, -1, 297, 110, 191.0, 9, , 51, 0, 0, 0, , 0, 0, 0, 0, 0, 
55, 0, 59, -1, -1, 154, 154, 167.0, 9, , 49, 0, 0, 0, , 0, 0, 0, 0, 0, 
56, 0, 60, -1, -1, 220, 144, 147.0, 9, , 27, 0, 0, 0, , 0, 0, 0, 0, 0, 
57, 0, 61, -1, -1, 252, 106, 164.0, 9, , 82, 0, 0, 0, , 0, 0, 0, 0, 0, 
58, 0, 62, -1, -1, 112, 102, 181.0, 9, , 27, 0, 0, 0, , 0, 0, 0, 0, 0, 
59, 0, 63, -1, -1, 206, 81, 194.0, 9, , 132, 0, 0, 0, , 0, 0, 0, 0, 0, 
60, 0, 64, -1, -1, 230, 41, 164.0, 9, , 26, 0, 0, 0, , 0, 0, 0, 0, 0, 
61, 0, 65, -1, -1, 127, 163, 168.0, 9, , 90, 0, 0, 0, , 0, 0, 0, 0, 0, 
62, 0, 66, -1, -1, 135, 128, 146.0, 11, , 78, 0, 0, 0, , 0, 0, 0, 0, 0, 
63, 0, 67, -1, -1, 197, 168, 143.0, 9, , 66, 0, 0, 0, , 0, 0, 0, 0, 0, 
64, 0, 68, -1, -1, 117, 89, 105.0, 11, , 23, 0, 0, 0, , 0, 0, 0, 0, 0, 
65, 0, 69, -1, -1, 155, 82, 211.0, 9, , 47, 0, 0, 0, , 0, 0, 0, 0, 0, 
66, 0, 70, -1, -1, 142, 99, 205.0, 9, , 30, 0, 0, 0, , 0, 0, 0, 0, 0, 
67, 0, 71, -1, -1, 134, 60, 155.0, 11, , 145, 0, 0, 0, , 0, 0, 0, 0, 0, 
68, 0, 72, -1, -1, 153, 151, 170.0, 9, , 56, 0, 0, 0, , 0, 0, 0, 0, 0, 
69, 0, 73, -1, -1, 130, 152, 178.0, 11, , 24, 0, 0, 0, , 0, 0, 0, 0, 0, 
70, 0, 74, -1, -1, 153, 62, 183.0, 11, , 56, 0, 0, 0, , 0, 0, 0, 0, 0, 
71, 0, 76, -1, -1, 155, 93, 209.0, 11, , 147, 0, 0, 0, , 0, 0, 0, 0, 0, 
72, 0, 77, -1, -1, 211, 135, 170.0, 9, , 29, 0, 0, 0, , 0, 0, 0, 0, 0, 
73, 0, 78, -1, -1, 133, 108, 178.0, 7, , 38, 0, 0, 0, , 0, 0, 0, 0, 0, 
74, 0, 79, -1, -1, 154, 62, 189.0, 7, , 22, 0, 0, 0, , 0, 0, 0, 0, 0, 
75, 0, 80, -1, -1, 265, 77, 189.0, 9, , 19, 0, 0, 0, , 0, 0, 0, 0, 0, 
76, 0, 81, -1, -1, 241, 59, 175.0, 9, , 43, 0, 0, 0, , 0, 0, 0, 0, 0, 
77, 0, 82, -1, -1, 172, 101, 210.0, 7, , 15, 0, 0, 0, , 0, 0, 0, 0, 0, 
78, 0, 83, -1, -1, 157, 75, 186.0, 9, , 64, 0, 0, 0, , 0, 0, 0, 0, 0, 
79, 0, 84, -1, -1, 222, 84, 187.0, 9, , 2, 0, 0, 0, , 0, 0, 0, 0, 0, 
80, 0, 85, -1, -1, 179, 120, 95.0, 9, , 52, 0, 0, 0, , 0, 0, 0, 0, 0, 
81, 0, 86, -1, -1, 220, 145, 149.0, 9, , 33, 0, 0, 0, , 0, 0, 0, 0, 0, 
82, 0, 87, -1, -1, 158, 87, 169.0, 9, , 26, 0, 0, 0, , 0, 0, 0, 0, 0, 
83, 0, 88, -1, -1, 106, 152, 169.0, 7, , 15, 0, 0, 0, , 0, 0, 0, 0, 0, 
84, 0, 89, -1, -1, 131, 149, 195.0, 7, , 22, 0, 0, 0, , 0, 0, 0, 0, 0, 
85, 0, 90, -1, -1, 116, 94, 93.0, 9, , 23, 0, 0, 0, , 0, 0, 0, 0, 0, 
86, 0, 92, -1, -1, 65, 118, 161.0, 9, , 45, 0, 0, 0, , 0, 0, 0, 0, 0, 
87, 0, 93, -1, -1, 94, 91, 182.0, 9, , 46, 0, 0, 0, , 0, 0, 0, 0, 0, 
88, 0, 94, -1, -1, 220, 74, 186.0, 9, , 66, 0, 0, 0, , 0, 0, 0, 0, 0, 
89, 0, 95, -1, -1, 95, 90, 188.0, 11, , 15, 0, 0, 0, , 0, 0, 0, 0, 0, 
90, 0, 96, -1, -1, 127, 138, 192.0, 9, , 8, 0, 0, 0, , 0, 0, 0, 0, 0, 
91, 0, 97, -1, -1, 120, 119, 65.0, 9, , 32, 0, 0, 0, , 0, 0, 0, 0, 0, 
92, 0, 98, -1, -1, 228, 42, 174.0, 9, , 47, 0, 0, 0, , 0, 0, 0, 0, 0, 
93, 0, 99, -1, -1, 233, 40, 170.0, 11, , 39, 0, 0, 0, , 0, 0, 0, 0, 0, 
94, 0, 100, -1, -1, 293, 61, 177.0, 7, , 16, 0, 0, 0, , 0, 0, 0, 0, 0, 
95, 0, 101, -1, -1, 140, 178, 137.0, 9, , 29, 0, 0, 0, , 0, 0, 0, 0, 0, 
96, 0, 102, -1, -1, 158, 88, 160.0, 9, , 80, 0, 0, 0, , 0, 0, 0, 0, 0, 
97, 0, 103, -1, -1, 316, 76, 158.0, 11, , 33, 0, 0, 0, , 0, 0, 0, 0, 0, 
98, 0, 104, -1, -1, 159, 75, 184.0, 11, , 12, 0, 0, 0, , 0, 0, 0, 0, 0, 
99, 0, 105, -1, -1, 163, 80, 208.0, 7, , 21, 0, 0, 0, , 0, 0, 0, 0, 0, 
100, 0, 106, -1, -1, 286, 62, 178.0, 9, , 22, 0, 0, 0, , 0, 0, 0, 0, 0, 
101, 0, 107, -1, -1, 113, 88, 122.0, 7, , 20, 0, 0, 0, , 0, 0, 0, 0, 0, 
102, 0, 108, -1, -1, 255, 41, 129.0, 9, , 29, 0, 0, 0, , 0, 0, 0, 0, 0, 
103, 0, 109, -1, -1, 135, 47, 165.0, 9, , 29, 0, 0, 0, , 0, 0, 0, 0, 0, 
104, 0, 111, -1, -1, 131, 150, 116.0, 11, , 74, 0, 0, 0, , 0, 0, 0, 0, 0, 
105, 0, 112, -1, -1, 138, 125, 188.0, 9, , 107, 0, 0, 0, , 0, 0, 0, 0, 0, 
106, 0, 113, -1, -1, 145, 95, 102.0, 13, , 174, 0, 0, 0, , 0, 0, 0, 0, 0, 
107, 0, 114, -1, -1, 151, 148, 165.0, 11, , 102, 0, 0, 0, , 0, 0, 0, 0, 0, 
108, 0, 115, -1, -1, 115, 90, 180.0, 9, , 53, 0, 0, 0, , 0, 0, 0, 0, 0, 
109, 0, 116, -1, -1, 180, 117, 115.0, 11, , 44, 0, 0, 0, , 0, 0, 0, 0, 0, 
110, 0, 117, -1, -1, 142, 110, 161.0, 9, , 47, 0, 0, 0, , 0, 0, 0, 0, 0, 
111, 0, 118, -1, -1, 125, 148, 152.0, 9, , 26, 0, 0, 0, , 0, 0, 0, 0, 0, 
112, 0, 119, -1, -1, 116, 102, 177.0, 9, , 29, 0, 0, 0, , 0, 0, 0, 0, 0, 
113, 0, 120, -1, -1, 121, 113, 185.0, 9, , 43, 0, 0, 0, , 0, 0, 0, 0, 0, 
114, 0, 121, -1, -1, 277, 85, 193.0, 11, , 20, 0, 0, 0, , 0, 0, 0, 0, 0, 
115, 0, 122, -1, -1, 118, 140, 192.0, 11, , 22, 0, 0, 0, , 0, 0, 0, 0, 0, 
116, 0, 123, -1, -1, 237, 66, 183.0, 9, , 33, 0, 0, 0, , 0, 0, 0, 0, 0, 
117, 0, 124, -1, -1, 271, 90, 196.0, 9, , 15, 0, 0, 0, , 0, 0, 0, 0, 0, 
118, 0, 125, -1, -1, 193, 129, 201.0, 11, , 192, 0, 0, 0, , 0, 0, 0, 0, 0, 
119, 0, 126, -1, -1, 115, 89, 117.0, 9, , 63, 0, 0, 0, , 0, 0, 0, 0, 0, 
120, 0, 127, -1, -1, 160, 73, 189.0, 11, , 39, 0, 0, 0, , 0, 0, 0, 0, 0, 
121, 0, 128, -1, -1, 117, 87, 108.0, 9, , 80, 0, 0, 0, , 0, 0, 0, 0, 0, 
122, 0, 129, -1, -1, 120, 134, 160.0, 9, , 30, 0, 0, 0, , 0, 0, 0, 0, 0, 
123, 0, 130, -1, -1, 90, 91, 192.0, 7, , 4, 0, 0, 0, , 0, 0, 0, 0, 0, 
124, 0, 131, -1, -1, 303, 161, 105.0, 9, , 31, 0, 0, 0, , 0, 0, 0, 0, 0, 
125, 0, 132, -1, -1, 70, 104, 168.0, 7, , 16, 0, 0, 0, , 0, 0, 0, 0, 0, 
126, 0, 133, -1, -1, 232, 41, 175.0, 9, , 39, 0, 0, 0, , 0, 0, 0, 0, 0, 
127, 0, 134, -1, -1, 129, 163, 171.0, 9, , 61, 0, 0, 0, , 0, 0, 0, 0, 0, 
128, 0, 135, -1, -1, 222, 75, 192.0, 9, , 63, 0, 0, 0, , 0, 0, 0, 0, 0, 
129, 0, 136, -1, -1, 206, 85, 197.0, 11, , 97, 0, 0, 0, , 0, 0, 0, 0, 0, 
130, 0, 138, -1, -1, 222, 143, 139.0, 9, , 25, 0, 0, 0, , 0, 0, 0, 0, 0, 
131, 0, 139, -1, -1, 128, 81, 159.0, 9, , 106, 0, 0, 0, , 0, 0, 0, 0, 0, 
132, 0, 140, -1, -1, 93, 93, 177.0, 9, , 58, 0, 0, 0, , 0, 0, 0, 0, 0, 
133, 0, 141, -1, -1, 206, 87, 196.0, 7, , 26, 0, 0, 0, , 0, 0, 0, 0, 0, 
134, 0, 142, -1, -1, 122, 177, 130.0, 7, , 17, 0, 0, 0, , 0, 0, 0, 0, 0, 
135, 0, 143, -1, -1, 109, 163, 152.0, 7, , 22, 0, 0, 0, , 0, 0, 0, 0, 0, 
136, 0, 144, -1, -1, 169, 77, 171.0, 9, , 33, 0, 0, 0, , 0, 0, 0, 0, 0, 
137, 0, 146, -1, -1, 102, 155, 155.0, 9, , 13, 0, 0, 0, , 0, 0, 0, 0, 0, 
138, 0, 147, -1, -1, 70, 104, 175.0, 9, , 69, 0, 0, 0, , 0, 0, 0, 0, 0, 
139, 0, 149, -1, -1, 304, 160, 102.0, 9, , 38, 0, 0, 0, , 0, 0, 0, 0, 0, 
140, 0, 150, -1, -1, 129, 82, 156.0, 9, , 137, 0, 0, 0, , 0, 0, 0, 0, 0, 
141, 0, 151, -1, -1, 159, 87, 84.0, 11, , 21, 0, 0, 0, , 0, 0, 0, 0, 0, 
142, 0, 152, -1, -1, 137, 78, 160.0, 9, , 16, 0, 0, 0, , 0, 0, 0, 0, 0, 
143, 0, 153, -1, -1, 264, 161, 158.0, 9, , 27, 0, 0, 0, , 0, 0, 0, 0, 0, 
144, 0, 154, -1, -1, 238, 63, 181.0, 9, , 84, 0, 0, 0, , 0, 0, 0, 0, 0, 
145, 0, 155, -1, -1, 120, 113, 190.0, 9, , 43, 0, 0, 0, , 0, 0, 0, 0, 0, 
146, 0, 156, -1, -1, 290, 117, 185.0, 9, , 21, 0, 0, 0, , 0, 0, 0, 0, 0, 
147, 0, 157, -1, -1, 158, 87, 166.0, 9, , 63, 0, 0, 0, , 0, 0, 0, 0, 0, 
148, 0, 158, -1, -1, 185, 59, 186.0, 9, , 45, 0, 0, 0, , 0, 0, 0, 0, 0, 
149, 0, 159, -1, -1, 158, 70, 192.0, 11, , 34, 0, 0, 0, , 0, 0, 0, 0, 0, 
150, 0, 160, -1, -1, 77, 150, 103.0, 9, , 55, 0, 0, 0, , 0, 0, 0, 0, 0, 
151, 0, 161, -1, -1, 321, 89, 180.0, 9, , 56, 0, 0, 0, , 0, 0, 0, 0, 0, 
152, 0, 162, -1, -1, 179, 121, 89.0, 9, , 80, 0, 0, 0, , 0, 0, 0, 0, 0, 
153, 0, 164, -1, -1, 158, 88, 155.0, 9, , 54, 0, 0, 0, , 0, 0, 0, 0, 0, 
154, 0, 165, -1, -1, 119, 135, 175.0, 9, , 20, 0, 0, 0, , 0, 0, 0, 0, 0, 
155, 0, 166, -1, -1, 133, 60, 161.0, 11, , 102, 0, 0, 0, , 0, 0, 0, 0, 0, 
156, 0, 167, -1, -1, 159, 81, 204.0, 11, , 37, 0, 0, 0, , 0, 0, 0, 0, 0, 
157, 0, 168, -1, -1, 152, 116, 161.0, 11, , 147, 0, 0, 0, , 0, 0, 0, 0, 0, 
158, 0, 169, -1, -1, 136, 128, 144.0, 9, , 46, 0, 0, 0, , 0, 0, 0, 0, 0, 
159, 0, 170, -1, -1, 194, 131, 195.0, 11, , 114, 0, 0, 0, , 0, 0, 0, 0, 0, 
160, 0, 171, -1, -1, 196, 137, 189.0, 9, , 39, 0, 0, 0, , 0, 0, 0, 0, 0, 
161, 0, 172, -1, -1, 142, 145, 147.0, 7, , 18, 0, 0, 0, , 0, 0, 0, 0, 0, 
162, 0, 173, -1, -1, 101, 154, 162.0, 9, , 54, 0, 0, 0, , 0, 0, 0, 0, 0, 
163, 0, 174, -1, -1, 117, 137, 171.0, 11, , 40, 0, 0, 0, , 0, 0, 0, 0, 0, 
164, 0, 175, -1, -1, 250, 106, 169.0, 9, , 39, 0, 0, 0, , 0, 0, 0, 0, 0, 
165, 0, 176, -1, -1, 133, 149, 191.0, 7, , 55, 0, 0, 0, , 0, 0, 0, 0, 0, 
166, 0, 177, -1, -1, 132, 104, 155.0, 11, , 240, 0, 0, 0, , 0, 0, 0, 0, 0, 
167, 0, 178, -1, -1, 138, 124, 183.0, 9, , 24, 0, 0, 0, , 0, 0, 0, 0, 0, 
168, 0, 179, -1, -1, 212, 135, 165.0, 11, , 185, 0, 0, 0, , 0, 0, 0, 0, 0, 
169, 0, 180, -1, -1, 80, 108, 86.0, 7, , 12, 0, 0, 0, , 0, 0, 0, 0, 0, 
170, 0, 181, -1, -1, 123, 177, 127.0, 9, , 24, 0, 0, 0, , 0, 0, 0, 0, 0, 
171, 0, 182, -1, -1, 124, 138, 132.0, 9, , 65, 0, 0, 0, , 0, 0, 0, 0, 0, 
172, 0, 183, -1, -1, 81, 121, 140.0, 9, , 15, 0, 0, 0, , 0, 0, 0, 0, 0, 
173, 0, 184, -1, -1, 144, 112, 154.0, 11, , 154, 0, 0, 0, , 0, 0, 0, 0, 0, 
174, 0, 185, -1, -1, 98, 65, 157.0, 7, , 3, 0, 0, 0, , 0, 0, 0, 0, 0, 
175, 0, 186, -1, -1, 142, 87, 162.0, 9, , 56, 0, 0, 0, , 0, 0, 0, 0, 0, 
176, 0, 187, -1, -1, 229, 39, 168.0, 13, , 226, 0, 0, 0, , 0, 0, 0, 0, 0, 
177, 0, 188, -1, -1, 76, 115, 179.0, 9, , 57, 0, 0, 0, , 0, 0, 0, 0, 0, 
178, 0, 190, -1, -1, 222, 84, 187.0, 9, , 46, 0, 0, 0, , 0, 0, 0, 0, 0, 
179, 0, 191, -1, -1, 147, 103, 204.0, 9, , 29, 0, 0, 0, , 0, 0, 0, 0, 0, 
180, 0, 192, -1, -1, 113, 89, 124.0, 9, , 21, 0, 0, 0, , 0, 0, 0, 0, 0, 
181, 0, 193, -1, -1, 143, 118, 136.0, 9, , 5, 0, 0, 0, , 0, 0, 0, 0, 0, 
182, 0, 194, -1, -1, 135, 127, 148.0, 9, , 25, 0, 0, 0, , 0, 0, 0, 0, 0, 
183, 0, 195, -1, -1, 192, 112, 151.0, 13, , 46, 0, 0, 0, , 0, 0, 0, 0, 0, 
184, 0, 196, -1, -1, 153, 114, 156.0, 9, , 110, 0, 0, 0, , 0, 0, 0, 0, 0, 
185, 0, 197, -1, -1, 98, 140, 166.0, 7, , 25, 0, 0, 0, , 0, 0, 0, 0, 0, 
186, 0, 198, -1, -1, 156, 62, 185.0, 7, , 31, 0, 0, 0, , 0, 0, 0, 0, 0, 
187, 0, 199, -1, -1, 65, 90, 126.0, 7, , 7, 0, 0, 0, , 0, 0, 0, 0, 0, 
188, 0, 200, -1, -1, 197, 171, 138.0, 9, , 54, 0, 0, 0, , 0, 0, 0, 0, 0, 
189, 0, 201, -1, -1, 214, 158, 157.0, 9, , 20, 0, 0, 0, , 0, 0, 0, 0, 0, 
190, 0, 202, -1, -1, 106, 116, 161.0, 7, , 31, 0, 0, 0, , 0, 0, 0, 0, 0, 
191, 0, 203, -1, -1, 151, 115, 165.0, 9, , 109, 0, 0, 0, , 0, 0, 0, 0, 0, 
192, 0, 204, -1, -1, 135, 47, 170.0, 9, , 65, 0, 0, 0, , 0, 0, 0, 0, 0, 
193, 0, 205, -1, -1, 279, 114, 169.0, 9, , 93, 0, 0, 0, , 0, 0, 0, 0, 0, 
194, 0, 206, -1, -1, 290, 123, 170.0, 11, , 35, 0, 0, 0, , 0, 0, 0, 0, 0, 
195, 0, 207, -1, -1, 143, 59, 176.0, 9, , 41, 0, 0, 0, , 0, 0, 0, 0, 0, 
196, 0, 208, -1, -1, 278, 167, 177.0, 7, , 15, 0, 0, 0, , 0, 0, 0, 0, 0, 
197, 0, 209, -1, -1, 158, 135, 197.0, 9, , 15, 0, 0, 0, , 0, 0, 0, 0, 0, 
198, 0, 210, -1, -1, 134, 104, 150.0, 9, , 70, 0, 0, 0, , 0, 0, 0, 0, 0, 
199, 0, 211, -1, -1, 133, 48, 173.0, 9, , 30, 0, 0, 0, , 0, 0, 0, 0, 0, 
200, 0, 212, -1, -1, 185, 59, 189.0, 9, , 23, 0, 0, 0, , 0, 0, 0, 0, 0, 
201, 0, 213, -1, -1, 134, 82, 105.0, 7, , 9, 0, 0, 0, , 0, 0, 0, 0, 0, 
202, 0, 214, -1, -1, 181, 121, 110.0, 11, , 34, 0, 0, 0, , 0, 0, 0, 0, 0, 
203, 0, 215, -1, -1, 131, 153, 112.0, 11, , 70, 0, 0, 0, , 0, 0, 0, 0, 0, 
204, 0, 216, -1, -1, 128, 177, 127.0, 9, , 48, 0, 0, 0, , 0, 0, 0, 0, 0, 
205, 0, 217, -1, -1, 307, 171, 134.0, 9, , 16, 0, 0, 0, , 0, 0, 0, 0, 0, 
206, 0, 218, -1, -1, 126, 147, 152.0, 9, , 52, 0, 0, 0, , 0, 0, 0, 0, 0, 
207, 0, 219, -1, -1, 128, 82, 153.0, 11, , 96, 0, 0, 0, , 0, 0, 0, 0, 0, 
208, 0, 220, -1, -1, 294, 104, 165.0, 11, , 37, 0, 0, 0, , 0, 0, 0, 0, 0, 
209, 0, 222, -1, -1, 155, 62, 182.0, 11, , 83, 0, 0, 0, , 0, 0, 0, 0, 0, 
210, 0, 223, -1, -1, 135, 126, 192.0, 9, , 27, 0, 0, 0, , 0, 0, 0, 0, 0, 
211, 0, 224, -1, -1, 307, 172, 132.0, 9, , 20, 0, 0, 0, , 0, 0, 0, 0, 0, 
212, 0, 225, -1, -1, 116, 152, 120.0, 7, , 12, 0, 0, 0, , 0, 0, 0, 0, 0, 
213, 0, 226, -1, -1, 103, 153, 146.0, 11, , 51, 0, 0, 0, , 0, 0, 0, 0, 0, 
214, 0, 227, -1, -1, 127, 147, 156.0, 9, , 23, 0, 0, 0, , 0, 0, 0, 0, 0, 
215, 0, 228, -1, -1, 213, 139, 162.0, 7, , 3, 0, 0, 0, , 0, 0, 0, 0, 0, 
216, 0, 229, -1, -1, 141, 85, 170.0, 9, , 25, 0, 0, 0, , 0, 0, 0, 0, 0, 
217, 0, 231, -1, -1, 122, 112, 182.0, 9, , 39, 0, 0, 0, , 0, 0, 0, 0, 0, 
218, 0, -1, -1, -1, 112, 160, 179.0, 9, , 29, 0, 0, 0, , 0, 0, 0, 0, 0, 
219, 0, -1, -1, -1, 140, 154, 131.0, 11, , 68, 0, 0, 0, , 0, 0, 0, 0, 0, 
220, 0, -1, -1, -1, 57, 111, 89.0, 7, , 13, 0, 0, 0, , 0, 0, 0, 0, 0, 
221, 0, -1, -1, -1, 231, 132, 89.0, 9, , 6, 0, 0, 0, , 0, 0, 0, 0, 0, 
222, 0, -1, -1, -1, 95, 144, 91.0, 9, , 31, 0, 0, 0, , 0, 0, 0, 0, 0, 
223, 0, -1, -1, -1, 125, 138, 91.0, 9, , 27, 0, 0, 0, , 0, 0, 0, 0, 0, 
224, 0, -1, -1, -1, 235, 119, 95.0, 7, , 7, 0, 0, 0, , 0, 0, 0, 0, 0, 
225, 0, -1, -1, -1, 204, 156, 97.0, 9, , 9, 0, 0, 0, , 0, 0, 0, 0, 0, 
226, 0, -1, -1, -1, 75, 148, 98.0, 11, , 27, 0, 0, 0, , 0, 0, 0, 0, 0, 
227, 0, -1, -1, -1, 144, 95, 105.0, 11, , 24, 0, 0, 0, , 0, 0, 0, 0, 0, 
228, 0, -1, -1, -1, 80, 133, 108.0, 9, , 14, 0, 0, 0, , 0, 0, 0, 0, 0, 
229, 0, -1, -1, -1, 178, 57, 111.0, 9, , 19, 0, 0, 0, , 0, 0, 0, 0, 0, 
230, 0, -1, -1, -1, 144, 170, 119.0, 9, , 3, 0, 0, 0, , 0, 0, 0, 0, 0, 
231, 0, -1, -1, -1, 112, 99, 122.0, 9, , 35, 0, 0, 0, , 0, 0, 0, 0, 0, 
232, 0, -1, -1, -1, 155, 135, 124.0, 7, , 6, 0, 0, 0, , 0, 0, 0, 0, 0, 
233, 0, -1, -1, -1, 126, 87, 131.0, 7, , 10, 0, 0, 0, , 0, 0, 0, 0, 0, 
234, 0, -1, -1, -1, 119, 84, 133.0, 9, , 7, 0, 0, 0, , 0, 0, 0, 0, 0, 
235, 0, -1, -1, -1, 84, 123, 134.0, 9, , 21, 0, 0, 0, , 0, 0, 0, 0, 0, 
236, 0, -1, -1, -1, 285, 167, 136.0, 9, , 21, 0, 0, 0, , 0, 0, 0, 0, 0, 
237, 0, -1, -1, -1, 144, 120, 137.0, 11, , 21, 0, 0, 0, , 0, 0, 0, 0, 0, 
238, 0, -1, -1, -1, 140, 125, 139.0, 9, , 19, 0, 0, 0, , 0, 0, 0, 0, 0, 
239, 0, -1, -1, -1, 195, 113, 145.0, 9, , 33, 0, 0, 0, , 0, 0, 0, 0, 0, 
240, 0, -1, -1, -1, 80, 126, 146.0, 9, , 21, 0, 0, 0, , 0, 0, 0, 0, 0, 
241, 0, -1, -1, -1, 147, 143, 147.0, 9, , 22, 0, 0, 0, , 0, 0, 0, 0, 0, 
242, 0, -1, -1, -1, 191, 111, 148.0, 11, , 11, 0, 0, 0, , 0, 0, 0, 0, 0, 
243, 0, -1, -1, -1, 118, 173, 155.0, 9, , 36, 0, 0, 0, , 0, 0, 0, 0, 0, 
244, 0, -1, -1, -1, 119, 43, 155.0, 9, , 12, 0, 0, 0, , 0, 0, 0, 0, 0, 
245, 0, -1, -1, -1, 157, 158, 158.0, 9, , 18, 0, 0, 0, , 0, 0, 0, 0, 0, 
246, 0, -1, -1, -1, 220, 117, 158.0, 9, , 8, 0, 0, 0, , 0, 0, 0, 0, 0, 
247, 0, -1, -1, -1, 232, 107, 164.0, 9, , 27, 0, 0, 0, , 0, 0, 0, 0, 0, 
248, 0, -1, -1, -1, 324, 96, 164.0, 9, , 10, 0, 0, 0, , 0, 0, 0, 0, 0, 
249, 0, -1, -1, -1, 105, 117, 165.0, 7, , 17, 0, 0, 0, , 0, 0, 0, 0, 0, 
250, 0, -1, -1, -1, 169, 75, 173.0, 9, , 37, 0, 0, 0, , 0, 0, 0, 0, 0, 
251, 0, -1, -1, -1, 107, 161, 175.0, 11, , 9, 0, 0, 0, , 0, 0, 0, 0, 0, 
252, 0, -1, -1, -1, 143, 95, 175.0, 9, , 18, 0, 0, 0, , 0, 0, 0, 0, 0, 
253, 0, -1, -1, -1, 146, 150, 177.0, 11, , 41, 0, 0, 0, , 0, 0, 0, 0, 0, 
254, 0, -1, -1, -1, 124, 87, 178.0, 9, , 15, 0, 0, 0, , 0, 0, 0, 0, 0, 
255, 0, -1, -1, -1, 132, 48, 179.0, 9, , 32, 0, 0, 0, , 0, 0, 0, 0, 0, 
256, 0, -1, -1, -1, 303, 150, 181.0, 9, , 20, 0, 0, 0, , 0, 0, 0, 0, 0, 
257, 0, -1, -1, -1, 167, 156, 182.0, 9, , 23, 0, 0, 0, , 0, 0, 0, 0, 0, 
258, 0, -1, -1, -1, 268, 71, 182.0, 9, , 29, 0, 0, 0, , 0, 0, 0, 0, 0, 
259, 0, -1, -1, -1, 84, 100, 186.0, 11, , 22, 0, 0, 0, , 0, 0, 0, 0, 0, 
260, 0, -1, -1, -1, 288, 155, 186.0, 9, , 7, 0, 0, 0, , 0, 0, 0, 0, 0, 
261, 0, -1, -1, -1, 183, 134, 187.0, 9, , 5, 0, 0, 0, , 0, 0, 0, 0, 0, 
262, 0, -1, -1, -1, 259, 124, 187.0, 9, , 21, 0, 0, 0, , 0, 0, 0, 0, 0, 
263, 0, -1, -1, -1, 168, 153, 192.0, 9, , 42, 0, 0, 0, , 0, 0, 0, 0, 0, 
264, 0, -1, -1, -1, 175, 70, 192.0, 9, , 22, 0, 0, 0, , 0, 0, 0, 0, 0, 
265, 0, -1, -1, -1, 281, 136, 196.0, 11, , 47, 0, 0, 0, , 0, 0, 0, 0, 0, 
266, 0, -1, -1, -1, 288, 97, 201.0, 7, , 11, 0, 0, 0, , 0, 0, 0, 0, 0, 
267, 0, -1, -1, -1, 157, 88, 157.0, 9, , 68, 0, 0, 0, , 0, 0, 0, 0, 0, 
268, 0, -1, -1, -1, 199, 130, 171.0, 11, , 41, 0, 0, 0, , 0, 0, 0, 0, 0, 
269, 1, 232, 278, -1, 303, 91, 132.0, 14, Eprpa, 0, 0, 0, 0, , 0, 0, 0, 0, 0, 
270, 1, 234, 279, -1, 241, 64, 182.0, 16, ABprappaap, 0, 0, 0, 0, , 0, 0, 0, 0, 0, 
271, 1, 235, 280, -1, 126, 136, 91.0, 15, ABplpaapaaa, 0, 0, 0, 0, , 0, 0, 0, 0, 0, 
272, 1, 236, 281, -1, 101, 141, 69.0, 15, ABplaaappa, 0, 0, 0, 0, , 0, 0, 0, 0, 0, 
273, 1, 237, 282, -1, 125, 124, 61.0, 16, ABplaaappp, 0, 0, 0, 0, , 0, 0, 0, 0, 0, 
274, 0, 238, -1, -1, 167, 133, 60.0, 14, , 0, 0, 0, 0, , 0, 0, 0, 0, 0, 
275, 1, 239, 284, -1, 88, 76, 185.0, 13, ABarpapppa, 0, 0, 0, 0, , 0, 0, 0, 0, 0, 
276, 1, 240, 285, -1, 122, 53, 178.0, 14, ABarpapppp, 0, 0, 0, 0, , 0, 0, 0, 0, 0, 
277, 1, 241, 286, -1, 153, 51, 185.0, 16, ABarpppaap, 0, 0, 0, 0, , 0, 0, 0, 0, 0, 
278, 1, 242, 287, -1, 184, 120, 56.0, 17, ABarppapaa, 0, 0, 0, 0, , 0, 0, 0, 0, 0, 
279, 1, 243, 288, -1, 211, 122, 66.0, 18, ABarppapap, 0, 0, 0, 0, , 0, 0, 0, 0, 0, 
280, 1, 244, 289, -1, 202, 46, 177.0, 15, ABarppppap, 0, 0, 0, 0, , 0, 0, 0, 0, 0, 
281, 1, 245, 290, -1, 236, 117, 65.0, 15, ABplappapa, 0, 0, 0, 0, , 0, 0, 0, 0, 0, 
282, 1, 246, 291, -1, 229, 38, 168.0, 11, ABprappapa, 0, 0, 0, 0, , 0, 0, 0, 0, 0, 
283, 1, 247, 292, -1, 261, 125, 75.0, 17, ABarppappa, 0, 0, 0, 0, , 0, 0, 0, 0, 0, 
284, 1, 248, 293, -1, 259, 51, 172.0, 14, ABarpppppa, 0, 0, 0, 0, , 0, 0, 0, 0, 0, 
285, 1, 249, 294, -1, 290, 137, 81.0, 14, ABplapapaa, 0, 0, 0, 0, , 0, 0, 0, 0, 0, 
286, 1, 250, 295, -1, 288, 59, 176.0, 13, ABprapapaa, 0, 0, 0, 0, , 0, 0, 0, 0, 0, 
287, 1, 251, 296, -1, 295, 155, 92.0, 17, ABarppappp, 0, 0, 0, 0, , 0, 0, 0, 0, 0, 
288, 1, 252, 297, -1, 305, 80, 187.0, 15, ABarpppppp, 0, 0, 0, 0, , 0, 0, 0, 0, 0, 
289, 1, 253, 298, -1, 310, 165, 147.0, 15, ABplappppp, 0, 0, 0, 0, , 0, 0, 0, 0, 0, 
290, 0, 254, -1, -1, 308, 118, 179.0, 10, , 0, 0, 0, 0, , 0, 0, 0, 0, 0, 
291, 0, 255, -1, -1, 202, 47, 180.0, 14, , 0, 0, 0, 0, , 0, 0, 0, 0, 0, 
292, 1, 256, 300, -1, 179, 46, 183.0, 14, ABarppppaa, 0, 0, 0, 0, , 0, 0, 0, 0, 0, 
293, 1, 257, 301, -1, 202, 27, 148.0, 15, Caaaaa, 0, 0, 0, 0, , 0, 0, 0, 0, 0, 
294, 1, 258, 302, -1, 218, 123, 94.0, 17, Capaaaa, 0, 0, 0, 0, , 0, 0, 0, 0, 0, 
295, 1, 259, 303, -1, 263, 125, 95.0, 15, Capaapa, 0, 0, 0, 0, , 0, 0, 0, 0, 0, 
296, 1, 260, 304, -1, 289, 138, 101.0, 15, Capaapp, 0, 0, 0, 0, , 0, 0, 0, 0, 0, 
297, 1, 261, 305, -1, 274, 156, 101.0, 16, ABplapapap, 0, 0, 0, 0, , 0, 0, 0, 0, 0, 
298, 0, 262, -1, -1, 89, 145, 131.5, 13, , 0, 0, 0, 0, , 0, 0, 0, 0, 0, 
299, 0, 263, -1, -1, 103, 132, 120.333336, 12, , 0, 0, 0, 0, , 0, 0, 0, 0, 0, 
300, 0, 264, -1, -1, 96, 151, 130.5, 12, , 0, 0, 0, 0, , 0, 0, 0, 0, 0, 
301, 0, 265, -1, -1, 90, 150, 136.0, 14, , 0, 0, 0, 0, , 0, 0, 0, 0, 0, 
302, 0, 266, -1, -1, 92, 141, 141.5, 13, , 0, 0, 0, 0, , 0, 0, 0, 0, 0, 
303, 0, 267, -1, -1, 88, 144, 130.0, 13, , 0, 0, 0, 0, , 0, 0, 0, 0, 0, 
304, 1, 268, 312, -1, 221, 67, 133.0, 15, Earpa, 0, 0, 0, 0, , 0, 0, 0, 0, 0, 
305, 1, 269, 313, -1, 203, 63, 98.0, 15, Ealaad, 0, 0, 0, 0, , 0, 0, 0, 0, 0, 
306, 1, 270, 314, -1, 215, 104, 102.5, 13, Ealaav, 0, 0, 0, 0, , 0, 0, 0, 0, 0, 
307, 1, 271, 315, -1, 237, 86, 119.0, 16, Ealap, 0, 0, 0, 0, , 0, 0, 0, 0, 0, 
308, 1, 272, 316, -1, 219, 89, 129.0, 15, Ealpa, 0, 0, 0, 0, , 0, 0, 0, 0, 0, 
309, 1, 273, 317, -1, 274, 93, 111.0, 15, Ealpp, 0, 0, 0, 0, , 0, 0, 0, 0, 0, 
310, 1, 274, 318, -1, 200, 55, 125.0, 15, Earaad, 0, 0, 0, 0, , 0, 0, 0, 0, 0, 
311, 1, 275, 319, -1, 207, 72, 153.0, 15, Earaav, 0, 0, 0, 0, , 0, 0, 0, 0, 0, 
312, 1, 276, 320, -1, 226, 71, 115.0, 15, Earap, 0, 0, 0, 0, , 0, 0, 0, 0, 0, 
313, 1, 277, 321, -1, 268, 74, 120.5, 15, Earpp, 0, 0, 0, 0, , 0, 0, 0, 0, 0, 
314, 1, 278, 322, -1, 253, 83, 112.666664, 14, Eplaa, 0, 0, 0, 0, , 0, 0, 0, 0, 0, 
315, 1, 279, 323, -1, 296, 93, 108.25, 15, Eplap, 0, 0, 0, 0, , 0, 0, 0, 0, 0, 
316, 1, 280, 324, -1, 313, 102, 124.0, 17, Eplpa, 0, 0, 0, 0, , 0, 0, 0, 0, 0, 
317, 1, 281, 325, -1, 307, 132, 154.0, 15, Eplppa, 0, 0, 0, 0, , 0, 0, 0, 0, 0, 
318, 1, 282, 326, -1, 313, 123, 118.0, 15, Eplppp, 0, 0, 0, 0, , 0, 0, 0, 0, 0, 
319, 1, 283, 327, -1, 246, 67, 117.25, 15, Epraa, 0, 0, 0, 0, , 0, 0, 0, 0, 0, 
320, 1, 284, 328, -1, 287, 81, 118.0, 16, Eprap, 0, 0, 0, 0, , 0, 0, 0, 0, 0, 
321, 1, 285, 329, -1, 304, 110, 143.0, 13, Eprpp, 0, 0, 0, 0, , 0, 0, 0, 0, 0, 
322, 1, 286, 330, -1, 106, 101, 107.0, 11, MSaaaaaal, 0, 0, 0, 0, , 0, 0, 0, 0, 0, 
323, 1, 287, 331, -1, 103, 84, 132.0, 11, MSaaaaaar, 0, 0, 0, 0, , 0, 0, 0, 0, 0, 
324, 1, 288, 332, -1, 143, 80, 88.0, 14, MSaaaaapp, 0, 0, 0, 0, , 0, 0, 0, 0, 0, 
325, 1, 289, 333, -1, 110, 77, 119.0, 13, MSaaaaapaa, 0, 0, 0, 0, , 0, 0, 0, 0, 0, 
326, 0, 290, -1, -1, 125, 74, 113.0, 13, , 0, 0, 0, 0, , 0, 0, 0, 0, 0, 
327, 1, 291, 335, -1, 153, 56, 95.0, 11, MSaaaapaa, 0, 0, 0, 0, , 0, 0, 0, 0, 0, 
328, 1, 292, 336, -1, 155, 75, 102.0, 12, MSaaaapap, 0, 0, 0, 0, , 0, 0, 0, 0, 0, 
329, 1, 293, 337, -1, 173, 59, 120.0, 11, MSaaaappa, 0, 0, 0, 0, , 0, 0, 0, 0, 0, 
330, 1, 294, 338, -1, 156, 101, 83.0, 11, MSaaapaap, 0, 0, 0, 0, , 0, 0, 0, 0, 0, 
331, 1, 295, 339, -1, 178, 83, 95.0, 9, MSaaapapa, 0, 0, 0, 0, , 0, 0, 0, 0, 0, 
332, 1, 296, 340, -1, 188, 79, 102.0, 9, MSaaapapp, 0, 0, 0, 0, , 0, 0, 0, 0, 0, 
333, 1, 297, 341, -1, 206, 93, 101.0, 11, MSaaappa, 0, 0, 0, 0, , 0, 0, 0, 0, 0, 
334, 1, 298, 342, -1, 189, 55, 106.5, 11, MSaaappp, 0, 0, 0, 0, , 0, 0, 0, 0, 0, 
335, 1, 299, 343, -1, 192, 124, 126.0, 10, MSaapaaap, 0, 0, 0, 0, , 0, 0, 0, 0, 0, 
336, 1, 300, 344, -1, 178, 126, 122.0, 11, MSaapaaaa, 0, 0, 0, 0, , 0, 0, 0, 0, 0, 
337, 1, 301, 345, -1, 202, 111, 104.666664, 11, MSaapaapp, 0, 0, 0, 0, , 0, 0, 0, 0, 0, 
338, 0, 302, -1, -1, 204, 105, 141.5, 10, , 0, 0, 0, 0, , 0, 0, 0, 0, 0, 
339, 1, 303, 347, -1, 136, 134, 114.0, 14, MSapaaaa, 0, 0, 0, 0, , 0, 0, 0, 0, 0, 
340, 1, 304, 348, -1, 122, 116, 82.0, 15, MSapaaap, 0, 0, 0, 0, , 0, 0, 0, 0, 0, 
341, 1, 305, 349, -1, 255, 109, 150.5, 15, MSapaapp, 0, 0, 0, 0, , 0, 0, 0, 0, 0, 
342, 1, 306, 350, -1, 183, 118, 74.0, 16, MSapapaa, 0, 0, 0, 0, , 0, 0, 0, 0, 0, 
343, 1, 307, 351, -1, 148, 153, 108.0, 16, MSapapap, 0, 0, 0, 0, , 0, 0, 0, 0, 0, 
344, 1, 308, 352, -1, 113, 100, 78.0, 16, MSapappa, 0, 0, 0, 0, , 0, 0, 0, 0, 0, 
345, 1, 309, 353, -1, 102, 84, 87.5, 14, MSapappp, 0, 0, 0, 0, , 0, 0, 0, 0, 0, 
346, 1, 310, 354, -1, 142, 91, 70.0, 14, MSapppap, 0, 0, 0, 0, , 0, 0, 0, 0, 0, 
347, 1, 311, 355, -1, 109, 79, 82.0, 14, MSappppa, 0, 0, 0, 0, , 0, 0, 0, 0, 0, 
348, 1, 312, 356, -1, 150, 67, 81.0, 14, MSappppp, 0, 0, 0, 0, , 0, 0, 0, 0, 0, 
349, 1, 313, 357, -1, 130, 63, 106.0, 15, MSpaaaaaa, 0, 0, 0, 0, , 0, 0, 0, 0, 0, 
350, 0, 314, -1, -1, 143, 57, 107.0, 15, , 0, 0, 0, 0, , 0, 0, 0, 0, 0, 
351, 1, 315, 359, -1, 119, 65, 128.5, 15, MSpaaaapa, 0, 0, 0, 0, , 0, 0, 0, 0, 0, 
352, 1, 316, 360, -1, 136, 56, 125.5, 15, MSpaaaapp, 0, 0, 0, 0, , 0, 0, 0, 0, 0, 
353, 1, 317, 361, -1, 166, 69, 100.0, 13, MSpaaapaa, 0, 0, 0, 0, , 0, 0, 0, 0, 0, 
354, 1, 318, 362, -1, 177, 58, 107.5, 13, MSpaaapap, 0, 0, 0, 0, , 0, 0, 0, 0, 0, 
355, 1, 319, 363, -1, 141, 53, 111.0, 15, MSpaaappa, 0, 0, 0, 0, , 0, 0, 0, 0, 0, 
356, 1, 320, 364, -1, 147, 63, 104.0, 15, MSpaaaaap, 0, 0, 0, 0, , 0, 0, 0, 0, 0, 
357, 1, 321, 365, -1, 158, 52, 110.0, 15, MSpaaappp, 0, 0, 0, 0, , 0, 0, 0, 0, 0, 
358, 1, 322, 366, -1, 149, 54, 141.0, 15, ABaraappapp, 0, 0, 0, 0, , 0, 0, 0, 0, 0, 
359, 1, 323, 367, -1, 161, 60, 117.0, 14, MSpaapaap, 0, 0, 0, 0, , 0, 0, 0, 0, 0, 
360, 1, 324, 368, -1, 171, 59, 135.0, 15, MSpaapapa, 0, 0, 0, 0, , 0, 0, 0, 0, 0, 
361, 1, 325, 369, -1, 184, 77, 171.0, 14, MSpapaapa, 0, 0, 0, 0, , 0, 0, 0, 0, 0, 
362, 1, 326, 370, -1, 246, 33, 142.5, 15, Caaaap, 0, 0, 0, 0, , 0, 0, 0, 0, 0, 
363, 1, 327, 371, -1, 277, 45, 149.0, 17, Caaapa, 0, 0, 0, 0, , 0, 0, 0, 0, 0, 
364, 1, 328, 372, -1, 307, 60, 158.0, 17, Caaapp, 0, 0, 0, 0, , 0, 0, 0, 0, 0, 
365, 1, 329, 373, -1, 280, 151, 173.0, 13, Caapaa, 0, 0, 0, 0, , 0, 0, 0, 0, 0, 
366, 1, 330, 374, -1, 289, 142, 182.5, 12, Caapap, 0, 0, 0, 0, , 0, 0, 0, 0, 0, 
367, 1, 331, 375, -1, 336, 108, 165.0, 16, Caappd, 0, 0, 0, 0, , 0, 0, 0, 0, 0, 
368, 1, 332, 376, -1, 320, 138, 164.0, 15, Caappv, 0, 0, 0, 0, , 0, 0, 0, 0, 0, 
369, 1, 333, 377, -1, 239, 120, 90.0, 13, Capaaap, 0, 0, 0, 0, , 0, 0, 0, 0, 0, 
370, 0, 334, -1, -1, 262, 106, 87.0, 15, , 0, 0, 0, 0, , 0, 0, 0, 0, 0, 
371, 1, 335, 379, -1, 263, 103, 81.5, 15, Capapaa, 0, 0, 0, 0, , 0, 0, 0, 0, 0, 
372, 1, 336, 380, -1, 297, 113, 87.0, 15, Capapap, 0, 0, 0, 0, , 0, 0, 0, 0, 0, 
373, 1, 337, 381, -1, 274, 149, 120.0, 15, Capappa, 0, 0, 0, 0, , 0, 0, 0, 0, 0, 
374, 0, 338, -1, -1, 270, 155, 141.0, 14, , 0, 0, 0, 0, , 0, 0, 0, 0, 0, 
375, 1, 339, 383, -1, 230, 89, 76.0, 17, Cappaaa, 0, 0, 0, 0, , 0, 0, 0, 0, 0, 
376, 1, 340, 384, -1, 281, 87, 82.666664, 17, Cappaap, 0, 0, 0, 0, , 0, 0, 0, 0, 0, 
377, 1, 341, 385, -1, 309, 137, 104.0, 14, Cappapa, 0, 0, 0, 0, , 0, 0, 0, 0, 0, 
378, 1, 342, 386, -1, 310, 145, 119.0, 14, Cappapp, 0, 0, 0, 0, , 0, 0, 0, 0, 0, 
379, 1, 343, 387, -1, 315, 100, 94.0, 16, Capppaa, 0, 0, 0, 0, , 0, 0, 0, 0, 0, 
380, 1, 344, 388, -1, 334, 127, 113.0, 15, Capppap, 0, 0, 0, 0, , 0, 0, 0, 0, 0, 
381, 0, 345, -1, -1, 311, 148, 157.5, 14, , 0, 0, 0, 0, , 0, 0, 0, 0, 0, 
382, 0, 346, -1, -1, 289, 155, 161.0, 15, , 0, 0, 0, 0, , 0, 0, 0, 0, 0, 
383, 1, 347, 391, -1, 182, 87, 59.0, 17, Cpaaaa, 0, 0, 0, 0, , 0, 0, 0, 0, 0, 
384, 1, 348, 392, -1, 220, 86, 65.0, 19, Cpaaap, 0, 0, 0, 0, , 0, 0, 0, 0, 0, 
385, 1, 349, 393, -1, 252, 95, 68.0, 17, Cpaapa, 0, 0, 0, 0, , 0, 0, 0, 0, 0, 
386, 0, 350, -1, -1, 297, 111, 79.0, 17, , 0, 0, 0, 0, , 0, 0, 0, 0, 0, 
387, 1, 351, 395, -1, 284, 112, 75.5, 17, Cpaapp, 0, 0, 0, 0, , 0, 0, 0, 0, 0, 
388, 1, 352, 396, -1, 322, 84, 170.0, 15, Cpapaa, 0, 0, 0, 0, , 0, 0, 0, 0, 0, 
389, 1, 353, 397, -1, 323, 126, 94.0, 15, Cpapap, 0, 0, 0, 0, , 0, 0, 0, 0, 0, 
390, 1, 354, 398, -1, 329, 150, 114.0, 15, Cpappd, 0, 0, 0, 0, , 0, 0, 0, 0, 0, 
391, 1, 355, 399, -1, 325, 155, 154.0, 15, Cpappv, 0, 0, 0, 0, , 0, 0, 0, 0, 0, 
392, 1, 356, 400, -1, 208, 80, 175.33333, 14, Cppaaaa, 0, 0, 0, 0, , 0, 0, 0, 0, 0, 
393, 1, 357, 401, -1, 233, 70, 169.5, 13, Cppaaap, 0, 0, 0, 0, , 0, 0, 0, 0, 0, 
394, 1, 358, 402, -1, 251, 68, 166.66667, 13, Cppaapa, 0, 0, 0, 0, , 0, 0, 0, 0, 0, 
395, 1, 359, 403, -1, 288, 81, 173.5, 13, Cppaapp, 0, 0, 0, 0, , 0, 0, 0, 0, 0, 
396, 1, 360, 404, -1, 251, 47, 151.0, 13, Cppapaa, 0, 0, 0, 0, , 0, 0, 0, 0, 0, 
397, 1, 361, 405, -1, 288, 60, 153.66667, 15, Cppapap, 0, 0, 0, 0, , 0, 0, 0, 0, 0, 
398, 1, 362, 406, -1, 284, 94, 180.0, 13, Cppappa, 0, 0, 0, 0, , 0, 0, 0, 0, 0, 
399, 1, 363, 407, -1, 278, 110, 185.5, 13, Cppappp, 0, 0, 0, 0, , 0, 0, 0, 0, 0, 
400, 1, 364, 408, -1, 219, 37, 146.0, 15, Cpppaaa, 0, 0, 0, 0, , 0, 0, 0, 0, 0, 
401, 1, 365, 409, -1, 256, 43, 128.0, 15, Cpppaap, 0, 0, 0, 0, , 0, 0, 0, 0, 0, 
402, 1, 366, 410, -1, 312, 76, 159.0, 14, Cpppapa, 0, 0, 0, 0, , 0, 0, 0, 0, 0, 
403, 1, 367, 411, -1, 322, 95, 165.0, 13, Cpppapp, 0, 0, 0, 0, , 0, 0, 0, 0, 0, 
404, 1, 368, 412, -1, 307, 63, 130.0, 15, Cppppaa, 0, 0, 0, 0, , 0, 0, 0, 0, 0, 
405, 1, 369, 413, -1, 331, 89, 138.0, 15, Cppppap, 0, 0, 0, 0, , 0, 0, 0, 0, 0, 
406, 1, 370, 414, -1, 329, 119, 152.5, 14, Cpppppd, 0, 0, 0, 0, , 0, 0, 0, 0, 0, 
407, 1, 371, 415, -1, 297, 131, 175.0, 14, Cpppppv, 0, 0, 0, 0, , 0, 0, 0, 0, 0, 
408, 1, 372, 416, -1, 181, 145, 99.0, 14, Daaaa, 0, 0, 0, 0, , 0, 0, 0, 0, 0, 
409, 1, 373, 417, -1, 169, 87, 70.0, 15, Daaap, 0, 0, 0, 0, , 0, 0, 0, 0, 0, 
410, 1, 374, 418, -1, 178, 153, 116.0, 14, Daapa, 0, 0, 0, 0, , 0, 0, 0, 0, 0, 
411, 1, 375, 419, -1, 191, 155, 124.0, 14, Daapp, 0, 0, 0, 0, , 0, 0, 0, 0, 0, 
412, 1, 376, 420, -1, 200, 137, 101.0, 16, Dapaa, 0, 0, 0, 0, , 0, 0, 0, 0, 0, 
413, 1, 377, 421, -1, 200, 86, 76.5, 16, Dapap, 0, 0, 0, 0, , 0, 0, 0, 0, 0, 
414, 1, 378, 422, -1, 169, 62, 84.666664, 12, Dappaa, 0, 0, 0, 0, , 0, 0, 0, 0, 0, 
415, 1, 379, 423, -1, 200, 73, 86.666664, 14, Dappap, 0, 0, 0, 0, , 0, 0, 0, 0, 0, 
416, 1, 380, 424, -1, 211, 67, 84.5, 12, Dapppa, 0, 0, 0, 0, , 0, 0, 0, 0, 0, 
417, 1, 381, 425, -1, 243, 72, 81.333336, 12, Dapppp, 0, 0, 0, 0, , 0, 0, 0, 0, 0, 
418, 1, 382, 426, -1, 171, 87, 182.0, 15, Dpaaa, 0, 0, 0, 0, , 0, 0, 0, 0, 0, 
419, 1, 383, 427, -1, 161, 40, 149.0, 14, Dpaap, 0, 0, 0, 0, , 0, 0, 0, 0, 0, 
420, 1, 384, 428, -1, 167, 109, 193.0, 12, Dpapa, 0, 0, 0, 0, , 0, 0, 0, 0, 0, 
421, 1, 385, 429, -1, 182, 110, 189.0, 12, Dpapp, 0, 0, 0, 0, , 0, 0, 0, 0, 0, 
422, 1, 386, 430, -1, 191, 80, 182.0, 14, Dppaa, 0, 0, 0, 0, , 0, 0, 0, 0, 0, 
423, 1, 387, 431, -1, 190, 40, 149.0, 16, Dppap, 0, 0, 0, 0, , 0, 0, 0, 0, 0, 
424, 1, 388, 432, -1, 160, 39, 121.0, 14, Dpppaa, 0, 0, 0, 0, , 0, 0, 0, 0, 0, 
425, 1, 389, 433, -1, 188, 36, 123.333336, 14, Dpppap, 0, 0, 0, 0, , 0, 0, 0, 0, 0, 
426, 1, 390, 434, -1, 202, 35, 121.333336, 15, Dppppa, 0, 0, 0, 0, , 0, 0, 0, 0, 0, 
427, 1, 391, 435, -1, 229, 37, 134.5, 15, Dppppp, 0, 0, 0, 0, , 0, 0, 0, 0, 0, 
428, 1, 392, 436, -1, 270, 84, 155.0, 18, Z2, 0, 0, 0, 0, , 0, 0, 0, 0, 0, 
429, 1, 393, 437, -1, 262, 122, 128.5, 16, Z3, 0, 0, 0, 0, , 0, 0, 0, 0, 0, 
430, 1, 394, 438, -1, 126, 75, 113.0, 13, MSaaaaapap, 0, 0, 0, 0, , 0, 0, 0, 0, 0, 
431, 1, 395, 439, -1, 177, 74, 114.5, 11, MSaaaappp, 0, 0, 0, 0, , 0, 0, 0, 0, 0, 
432, 0, 396, -1, -1, 119, 91, 107.0, 14, , 0, 0, 0, 0, , 0, 0, 0, 0, 0, 
433, 1, 397, 441, -1, 184, 106, 124.0, 12, MSaapapaa, 0, 0, 0, 0, , 0, 0, 0, 0, 0, 
434, 1, 398, 442, -1, 200, 118, 118.5, 10, MSaapapap, 0, 0, 0, 0, , 0, 0, 0, 0, 0, 
435, 0, 399, -1, -1, 202, 108, 144.0, 14, , 0, 0, 0, 0, , 0, 0, 0, 0, 0, 
436, 1, 400, 444, -1, 187, 90, 151.0, 10, MSpapapaa, 0, 0, 0, 0, , 0, 0, 0, 0, 0, 
437, 1, 401, 445, -1, 198, 91, 162.0, 10, MSpapapap, 0, 0, 0, 0, , 0, 0, 0, 0, 0, 
438, 1, 402, 446, -1, 143, 39, 123.0, 14, MSpppppp, 0, 0, 0, 0, , 0, 0, 0, 0, 0, 
439, 0, 403, -1, -1, 134, 47, 149.0, 12, , 0, 0, 0, 0, , 0, 0, 0, 0, 0, 
440, 0, 404, -1, -1, 155, 85, 179.0, 14, , 0, 0, 0, 0, , 0, 0, 0, 0, 0, 
441, 1, 405, 449, -1, 182, 55, 134.0, 15, MSpaapapp, 0, 0, 0, 0, , 0, 0, 0, 0, 0, 
442, 0, 406, -1, -1, 314, 137, 175.0, 13, , 0, 0, 0, 0, , 0, 0, 0, 0, 0, 
443, 1, 407, 451, -1, 268, 75, 183.0, 13, ABprappapp, 0, 0, 0, 0, , 0, 0, 0, 0, 0, 
444, 1, 408, 452, -1, 222, 79, 187.0, 13, ABprappaaa, 0, 0, 0, 0, , 0, 0, 0, 0, 0, 
445, 1, 409, 453, -1, 120, 113, 188.0, 12, ABprpaaaaaa, 0, 0, 0, 0, , 0, 0, 0, 0, 0, 
446, 0, 410, -1, -1, 325, 113, 172.5, 11, , 0, 0, 0, 0, , 0, 0, 0, 0, 0, 
447, 1, 411, 455, -1, 187, 102, 89.0, 14, MSaapappa, 0, 0, 0, 0, , 0, 0, 0, 0, 0, 
448, 1, 412, 456, -1, 190, 122, 97.0, 12, MSaapaapa, 0, 0, 0, 0, , 0, 0, 0, 0, 0, 
449, 0, 413, -1, -1, 201, 108, 144.0, 14, , 0, 0, 0, 0, , 0, 0, 0, 0, 0, 
450, 1, 414, 458, -1, 207, 97, 134.5, 15, MSaappap, 0, 0, 0, 0, , 0, 0, 0, 0, 0, 
451, 0, 415, -1, -1, 210, 144, 130.5, 14, , 0, 0, 0, 0, , 0, 0, 0, 0, 0, 
452, 0, 416, -1, -1, 212, 129, 129.0, 12, , 0, 0, 0, 0, , 0, 0, 0, 0, 0, 
453, 0, 417, -1, -1, 226, 121, 124.0, 13, , 0, 0, 0, 0, , 0, 0, 0, 0, 0, 
454, 1, 418, 462, -1, 244, 124, 116.5, 15, MSaappppp, 0, 0, 0, 0, , 0, 0, 0, 0, 0, 
455, 1, 419, 463, -1, 121, 62, 92.0, 16, MSappaaa, 0, 0, 0, 0, , 0, 0, 0, 0, 0, 
456, 0, 420, -1, -1, 275, 129, 113.0, 16, , 0, 0, 0, 0, , 0, 0, 0, 0, 0, 
457, 0, 421, -1, -1, 163, 149, 124.0, 15, , 0, 0, 0, 0, , 0, 0, 0, 0, 0, 
458, 1, 422, 466, -1, 171, 133, 102.0, 14, MSapppaa, 0, 0, 0, 0, , 0, 0, 0, 0, 0, 
459, 1, 423, 467, -1, 172, 108, 164.0, 14, MSpapaaaa, 0, 0, 0, 0, , 0, 0, 0, 0, 0, 
460, 1, 424, 468, -1, 187, 100, 167.0, 14, MSpapaaap, 0, 0, 0, 0, , 0, 0, 0, 0, 0, 
461, 1, 425, 469, -1, 189, 68, 158.0, 14, MSpapaapp, 0, 0, 0, 0, , 0, 0, 0, 0, 0, 
462, 1, 426, 470, -1, 176, 61, 154.5, 14, MSpapappa, 0, 0, 0, 0, , 0, 0, 0, 0, 0, 
463, 0, 427, -1, -1, 212, 137, 168.5, 15, , 0, 0, 0, 0, , 0, 0, 0, 0, 0, 
464, 1, 428, 472, -1, 251, 133, 124.0, 14, MSpappaa, 0, 0, 0, 0, , 0, 0, 0, 0, 0, 
465, 1, 429, 473, -1, 256, 90, 175.0, 14, MSpappap, 0, 0, 0, 0, , 0, 0, 0, 0, 0, 
466, 1, 430, 474, -1, 192, 109, 180.5, 12, MSpapppaa, 0, 0, 0, 0, , 0, 0, 0, 0, 0, 
467, 1, 431, 475, -1, 210, 96, 162.0, 14, MSpapppap, 0, 0, 0, 0, , 0, 0, 0, 0, 0, 
468, 1, 432, 476, -1, 223, 94, 166.0, 13, MSpappppa, 0, 0, 0, 0, , 0, 0, 0, 0, 0, 
469, 1, 433, 477, -1, 241, 84, 166.0, 13, MSpappppp, 0, 0, 0, 0, , 0, 0, 0, 0, 0, 
470, 1, 434, 478, -1, 109, 74, 152.0, 13, MSppaaap, 0, 0, 0, 0, , 0, 0, 0, 0, 0, 
471, 1, 435, 479, -1, 122, 97, 164.0, 12, MSppaaaad, 0, 0, 0, 0, , 0, 0, 0, 0, 0, 
472, 1, 436, 480, -1, 141, 118, 170.5, 12, MSppaaaav, 0, 0, 0, 0, , 0, 0, 0, 0, 0, 
473, 1, 437, 481, -1, 276, 112, 147.0, 14, MSppaapp, 0, 0, 0, 0, , 0, 0, 0, 0, 0, 
474, 1, 438, 482, -1, 169, 56, 172.0, 14, MSppapaa, 0, 0, 0, 0, , 0, 0, 0, 0, 0, 
475, 1, 439, 483, -1, 135, 110, 188.5, 14, MSppapap, 0, 0, 0, 0, , 0, 0, 0, 0, 0, 
476, 1, 440, 484, -1, 105, 59, 150.0, 15, MSppappa, 0, 0, 0, 0, , 0, 0, 0, 0, 0, 
477, 1, 441, 485, -1, 92, 68, 127.0, 15, MSppappp, 0, 0, 0, 0, , 0, 0, 0, 0, 0, 
478, 1, 442, 486, -1, 107, 62, 121.5, 14, MSpppaaa, 0, 0, 0, 0, , 0, 0, 0, 0, 0, 
479, 1, 443, 487, -1, 273, 71, 162.5, 14, MSpppaap, 0, 0, 0, 0, , 0, 0, 0, 0, 0, 
480, 0, 444, -1, -1, 159, 108, 181.0, 15, , 0, 0, 0, 0, , 0, 0, 0, 0, 0, 
481, 1, 445, 489, -1, 128, 47, 142.0, 12, MSppppap, 0, 0, 0, 0, , 0, 0, 0, 0, 0, 
482, 1, 446, 490, -1, 107, 49, 121.0, 14, MSpppppa, 0, 0, 0, 0, , 0, 0, 0, 0, 0, 
483, 1, 447, 491, -1, 104, 132, 119.5, 12, ABalaaaalar, 0, 0, 0, 0, , 0, 0, 0, 0, 0, 
484, 0, 448, -1, -1, 89, 144, 128.5, 13, , 0, 0, 0, 0, , 0, 0, 0, 0, 0, 
485, 0, 449, -1, -1, 89, 144, 129.0, 13, , 0, 0, 0, 0, , 0, 0, 0, 0, 0, 
486, 0, 450, -1, -1, 96, 120, 124.0, 14, , 0, 0, 0, 0, , 0, 0, 0, 0, 0, 
487, 1, 451, 495, -1, 84, 136, 163.0, 13, ABalaaaarra, 0, 0, 0, 0, , 0, 0, 0, 0, 0, 
488, 1, 452, 496, -1, 96, 113, 141.0, 12, ABalaaaarrp, 0, 0, 0, 0, , 0, 0, 0, 0, 0, 
489, 1, 453, 497, -1, 88, 157, 120.5, 12, ABalaaapall, 0, 0, 0, 0, , 0, 0, 0, 0, 0, 
490, 0, 454, -1, -1, 108, 127, 113.333336, 14, , 0, 0, 0, 0, , 0, 0, 0, 0, 0, 
491, 0, 455, -1, -1, 107, 126, 109.5, 14, , 0, 0, 0, 0, , 0, 0, 0, 0, 0, 
492, 1, 456, 500, -1, 109, 126, 109.0, 14, ABalaaapalr, 0, 0, 0, 0, , 0, 0, 0, 0, 0, 
493, 1, 457, 501, -1, 83, 135, 131.0, 13, ABalaaaparl, 0, 0, 0, 0, , 0, 0, 0, 0, 0, 
494, 1, 458, 502, -1, 82, 139, 124.5, 12, ABalaaaparr, 0, 0, 0, 0, , 0, 0, 0, 0, 0, 
495, 0, 459, -1, -1, 81, 121, 153.5, 12, , 0, 0, 0, 0, , 0, 0, 0, 0, 0, 
496, 0, 460, -1, -1, 76, 118, 159.5, 12, , 0, 0, 0, 0, , 0, 0, 0, 0, 0, 
497, 0, 461, -1, -1, 76, 118, 162.5, 12, , 0, 0, 0, 0, , 0, 0, 0, 0, 0, 
498, 1, 462, 506, -1, 84, 122, 149.0, 12, ABalaaappll, 0, 0, 0, 0, , 0, 0, 0, 0, 0, 
499, 1, 463, 507, -1, 77, 119, 157.5, 12, ABalaaapplr, 0, 0, 0, 0, , 0, 0, 0, 0, 0, 
500, 1, 464, 508, -1, 100, 89, 152.5, 13, ABalaaapprl, 0, 0, 0, 0, , 0, 0, 0, 0, 0, 
501, 0, 465, -1, -1, 81, 129, 180.0, 12, , 0, 0, 0, 0, , 0, 0, 0, 0, 0, 
502, 1, 465, 510, -1, 81, 127, 179.0, 12, ABalaaapprr, 0, 0, 0, 0, , 0, 0, 0, 0, 0, 
503, 1, 466, 511, -1, 106, 104, 153.0, 12, ABalaapaaar, 0, 0, 0, 0, , 0, 0, 0, 0, 0, 
504, 1, 467, 512, -1, 94, 118, 179.0, 11, ABalaapaapa, 0, 0, 0, 0, , 0, 0, 0, 0, 0, 
505, 0, 468, -1, -1, 89, 124, 168.0, 13, , 0, 0, 0, 0, , 0, 0, 0, 0, 0, 
506, 0, 469, -1, -1, 121, 142, 193.5, 12, , 0, 0, 0, 0, , 0, 0, 0, 0, 0, 
507, 0, 470, -1, -1, 103, 114, 193.0, 12, , 0, 0, 0, 0, , 0, 0, 0, 0, 0, 
508, 0, 471, -1, -1, 85, 136, 187.5, 14, , 0, 0, 0, 0, , 0, 0, 0, 0, 0, 
509, 1, 472, 517, -1, 121, 105, 191.5, 13, ABalaapppaa, 0, 0, 0, 0, , 0, 0, 0, 0, 0, 
510, 1, 473, 518, -1, 101, 104, 171.0, 12, ABalaappppa, 0, 0, 0, 0, , 0, 0, 0, 0, 0, 
511, 1, 474, 519, -1, 89, 106, 172.0, 13, ABalaappppp, 0, 0, 0, 0, , 0, 0, 0, 0, 0, 
512, 1, 475, 520, -1, 108, 122, 102.5, 15, ABalapaaaa, 0, 0, 0, 0, , 0, 0, 0, 0, 0, 
513, 0, 476, -1, -1, 87, 128, 106.0, 14, , 0, 0, 0, 0, , 0, 0, 0, 0, 0, 
514, 1, 477, 522, -1, 87, 138, 93.5, 13, ABalapaaapp, 0, 0, 0, 0, , 0, 0, 0, 0, 0, 
515, 0, 478, -1, -1, 129, 145, 100.5, 13, , 0, 0, 0, 0, , 0, 0, 0, 0, 0, 
516, 0, 479, -1, -1, 113, 145, 110.0, 15, , 0, 0, 0, 0, , 0, 0, 0, 0, 0, 
517, 1, 480, 525, -1, 101, 145, 108.0, 13, ABalapaappp, 0, 0, 0, 0, , 0, 0, 0, 0, 0, 
518, 1, 481, 526, -1, 96, 77, 98.5, 14, ABalapapapa, 0, 0, 0, 0, , 0, 0, 0, 0, 0, 
519, 1, 482, 527, -1, 84, 97, 100.0, 15, ABalapapapp, 0, 0, 0, 0, , 0, 0, 0, 0, 0, 
520, 1, 483, 528, -1, 95, 113, 114.5, 14, ABalapappaa, 0, 0, 0, 0, , 0, 0, 0, 0, 0, 
521, 1, 484, 529, -1, 68, 119, 137.0, 13, ABarpaaaaar, 0, 0, 0, 0, , 0, 0, 0, 0, 0, 
522, 1, 486, 530, -1, 82, 116, 106.5, 13, ABalapappap, 0, 0, 0, 0, , 0, 0, 0, 0, 0, 
523, 0, 487, -1, -1, 84, 124, 91.0, 14, , 0, 0, 0, 0, , 0, 0, 0, 0, 0, 
524, 0, 488, -1, -1, 86, 123, 88.0, 14, , 0, 0, 0, 0, , 0, 0, 0, 0, 0, 
525, 1, 489, 533, -1, 96, 124, 87.0, 13, ABalapapppa, 0, 0, 0, 0, , 0, 0, 0, 0, 0, 
526, 0, 490, -1, -1, 84, 124, 89.5, 13, , 0, 0, 0, 0, , 0, 0, 0, 0, 0, 
527, 0, 491, -1, -1, 69, 105, 119.0, 13, , 0, 0, 0, 0, , 0, 0, 0, 0, 0, 
528, 0, 492, -1, -1, 94, 78, 148.0, 12, , 0, 0, 0, 0, , 0, 0, 0, 0, 0, 
529, 1, 493, -1, -1, 96, 67, 166.0, 12, ABalappapap, 0, 0, 0, 0, , 0, 0, 0, 0, 0, 
530, 0, 494, -1, -1, 92, 79, 160.0, 12, , 0, 0, 0, 0, , 0, 0, 0, 0, 0, 
531, 1, 495, 537, -1, 81, 99, 158.0, 12, ABalappappa, 0, 0, 0, 0, , 0, 0, 0, 0, 0, 
532, 0, 496, -1, -1, 81, 86, 169.0, 12, , 0, 0, 0, 0, , 0, 0, 0, 0, 0, 
533, 1, 497, 539, -1, 95, 94, 120.0, 14, ABalapppaaa, 0, 0, 0, 0, , 0, 0, 0, 0, 0, 
534, 1, 498, 540, -1, 85, 107, 128.0, 13, ABalapppaap, 0, 0, 0, 0, , 0, 0, 0, 0, 0, 
535, 0, 499, -1, -1, 92, 74, 111.0, 13, , 0, 0, 0, 0, , 0, 0, 0, 0, 0, 
536, 1, 500, 542, -1, 91, 76, 115.0, 13, ABalapppapa, 0, 0, 0, 0, , 0, 0, 0, 0, 0, 
537, 0, 501, -1, -1, 85, 80, 124.0, 14, , 0, 0, 0, 0, , 0, 0, 0, 0, 0, 
538, 1, 502, 544, -1, 91, 96, 137.0, 12, ABalappppaa, 0, 0, 0, 0, , 0, 0, 0, 0, 0, 
539, 0, 503, -1, -1, 79, 88, 133.0, 13, , 0, 0, 0, 0, , 0, 0, 0, 0, 0, 
540, 0, 504, -1, -1, 94, 78, 160.0, 12, , 0, 0, 0, 0, , 0, 0, 0, 0, 0, 
541, 1, 505, 547, -1, 81, 78, 159.0, 12, ABalapppppp, 0, 0, 0, 0, , 0, 0, 0, 0, 0, 
542, 1, 506, 548, -1, 138, 119, 122.5, 11, ABalpaaaaaa, 0, 0, 0, 0, , 0, 0, 0, 0, 0, 
543, 1, 507, 549, -1, 154, 134, 127.0, 12, ABalpaaaaap, 0, 0, 0, 0, , 0, 0, 0, 0, 0, 
544, 0, 508, -1, -1, 142, 122, 137.5, 13, , 0, 0, 0, 0, , 0, 0, 0, 0, 0, 
545, 1, 509, 551, -1, 131, 115, 100.0, 12, ABalpaaapaa, 0, 0, 0, 0, , 0, 0, 0, 0, 0, 
546, 1, 510, 552, -1, 165, 115, 106.0, 12, ABalpaaappp, 0, 0, 0, 0, , 0, 0, 0, 0, 0, 
547, 1, 511, 553, -1, 122, 111, 116.0, 13, ABalpaapaaa, 0, 0, 0, 0, , 0, 0, 0, 0, 0, 
548, 1, 512, 554, -1, 126, 107, 107.0, 14, ABalpaapaap, 0, 0, 0, 0, , 0, 0, 0, 0, 0, 
549, 1, 233, 555, -1, 137, 96, 85.5, 14, ABalpaapapa, 0, 0, 0, 0, , 0, 0, 0, 0, 0, 
550, 1, 513, 556, -1, 142, 109, 90.0, 15, ABalpaapapp, 0, 0, 0, 0, , 0, 0, 0, 0, 0, 
551, 1, 514, 557, -1, 112, 130, 136.5, 12, ABalpaappaa, 0, 0, 0, 0, , 0, 0, 0, 0, 0, 
552, 1, 515, 558, -1, 117, 133, 142.0, 13, ABalpaappap, 0, 0, 0, 0, , 0, 0, 0, 0, 0, 
553, 0, 516, -1, -1, 96, 126, 137.0, 13, , 0, 0, 0, 0, , 0, 0, 0, 0, 0, 
554, 0, 517, -1, -1, 94, 142, 139.0, 12, , 0, 0, 0, 0, , 0, 0, 0, 0, 0, 
555, 0, 518, -1, -1, 94, 141, 138.0, 14, , 0, 0, 0, 0, , 0, 0, 0, 0, 0, 
556, 1, 519, 562, -1, 118, 143, 137.0, 14, ABalpapaaaa, 0, 0, 0, 0, , 0, 0, 0, 0, 0, 
557, 0, 520, -1, -1, 111, 162, 171.5, 15, , 0, 0, 0, 0, , 0, 0, 0, 0, 0, 
558, 0, 521, -1, -1, 120, 130, 159.5, 13, , 0, 0, 0, 0, , 0, 0, 0, 0, 0, 
559, 1, 522, 953, -1, 155, 161, 162.0, 13, ABalpapapaa, 0, 0, 0, 0, , 0, 0, 0, 0, 0, 
560, 1, 523, 566, -1, 170, 172, 173.5, 14, ABalpapapap, 0, 0, 0, 0, , 0, 0, 0, 0, 0, 
561, 1, 524, 567, -1, 214, 158, 157.5, 12, ABalpapappa, 0, 0, 0, 0, , 0, 0, 0, 0, 0, 
562, 0, 525, -1, -1, 208, 142, 141.0, 13, , 0, 0, 0, 0, , 0, 0, 0, 0, 0, 
563, 0, 526, -1, -1, 144, 122, 135.0, 13, , 0, 0, 0, 0, , 0, 0, 0, 0, 0, 
564, 0, 527, -1, -1, 146, 122, 132.0, 13, , 0, 0, 0, 0, , 0, 0, 0, 0, 0, 
565, 1, 528, 570, -1, 147, 125, 148.0, 13, ABalpappapa, 0, 0, 0, 0, , 0, 0, 0, 0, 0, 
566, 0, 529, -1, -1, 192, 112, 153.5, 13, , 0, 0, 0, 0, , 0, 0, 0, 0, 0, 
567, 1, 530, 572, -1, 147, 122, 98.0, 13, ABalpapppaa, 0, 0, 0, 0, , 0, 0, 0, 0, 0, 
568, 1, 531, 573, -1, 166, 125, 151.0, 15, ABalpappppa, 0, 0, 0, 0, , 0, 0, 0, 0, 0, 
569, 1, 532, 574, -1, 165, 129, 126.0, 15, ABalpappppp, 0, 0, 0, 0, , 0, 0, 0, 0, 0, 
570, 0, 533, -1, -1, 101, 164, 122.0, 12, , 0, 0, 0, 0, , 0, 0, 0, 0, 0, 
571, 0, 534, -1, -1, 103, 165, 122.0, 12, , 0, 0, 0, 0, , 0, 0, 0, 0, 0, 
572, 0, 535, -1, -1, 101, 165, 124.5, 13, , 0, 0, 0, 0, , 0, 0, 0, 0, 0, 
573, 0, 536, -1, -1, 102, 155, 161.0, 11, , 0, 0, 0, 0, , 0, 0, 0, 0, 0, 
574, 0, 537, -1, -1, 121, 148, 154.0, 11, , 0, 0, 0, 0, , 0, 0, 0, 0, 0, 
575, 1, 538, 580, -1, 112, 144, 127.5, 13, ABalppapaaa, 0, 0, 0, 0, , 0, 0, 0, 0, 0, 
576, 1, 539, 581, -1, 104, 154, 145.0, 12, ABalppapaap, 0, 0, 0, 0, , 0, 0, 0, 0, 0, 
577, 0, 540, -1, -1, 113, 161, 164.5, 12, , 0, 0, 0, 0, , 0, 0, 0, 0, 0, 
578, 1, 541, 583, -1, 145, 168, 154.5, 12, ABalppapapa, 0, 0, 0, 0, , 0, 0, 0, 0, 0, 
579, 0, 542, -1, -1, 116, 173, 156.0, 13, , 0, 0, 0, 0, , 0, 0, 0, 0, 0, 
580, 0, 543, -1, -1, 129, 145, 100.5, 13, , 0, 0, 0, 0, , 0, 0, 0, 0, 0, 
581, 0, 544, -1, -1, 136, 155, 105.0, 13, , 0, 0, 0, 0, , 0, 0, 0, 0, 0, 
582, 1, 545, 587, -1, 128, 146, 101.0, 13, ABalppappaa, 0, 0, 0, 0, , 0, 0, 0, 0, 0, 
583, 1, 546, 588, -1, 119, 155, 131.0, 13, ABalppappap, 0, 0, 0, 0, , 0, 0, 0, 0, 0, 
584, 1, 547, 589, -1, 141, 158, 144.0, 12, ABalppapppa, 0, 0, 0, 0, , 0, 0, 0, 0, 0, 
585, 1, 548, 590, -1, 125, 154, 142.0, 15, ABalppapppp, 0, 0, 0, 0, , 0, 0, 0, 0, 0, 
586, 1, 549, 591, -1, 127, 169, 101.5, 13, ABalpppaaaa, 0, 0, 0, 0, , 0, 0, 0, 0, 0, 
587, 1, 550, 592, -1, 106, 165, 130.0, 12, ABalpppaaap, 0, 0, 0, 0, , 0, 0, 0, 0, 0, 
588, 1, 551, 593, -1, 86, 152, 115.0, 13, ABalpppaapd, 0, 0, 0, 0, , 0, 0, 0, 0, 0, 
589, 1, 552, 594, -1, 101, 164, 108.0, 13, ABalpppaapv, 0, 0, 0, 0, , 0, 0, 0, 0, 0, 
590, 1, 553, 595, -1, 119, 172, 117.5, 12, ABalpppapad, 0, 0, 0, 0, , 0, 0, 0, 0, 0, 
591, 1, 554, 596, -1, 148, 168, 102.0, 12, ABalpppapav, 0, 0, 0, 0, , 0, 0, 0, 0, 0, 
592, 1, 555, 597, -1, 125, 137, 71.0, 14, ABalpppappp, 0, 0, 0, 0, , 0, 0, 0, 0, 0, 
593, 1, 556, 598, -1, 136, 128, 80.0, 15, ABalppppaad, 0, 0, 0, 0, , 0, 0, 0, 0, 0, 
594, 0, 557, -1, -1, 95, 145, 92.0, 13, , 0, 0, 0, 0, , 0, 0, 0, 0, 0, 
595, 1, 558, 600, -1, 146, 152, 91.0, 13, ABalpppppaa, 0, 0, 0, 0, , 0, 0, 0, 0, 0, 
596, 1, 559, 601, -1, 151, 143, 82.5, 13, ABalpppppap, 0, 0, 0, 0, , 0, 0, 0, 0, 0, 
597, 0, 560, -1, -1, 154, 142, 79.0, 15, , 0, 0, 0, 0, , 0, 0, 0, 0, 0, 
598, 1, 561, 602, -1, 159, 146, 69.0, 15, ABalppppppaa, 0, 0, 0, 0, , 0, 0, 0, 0, 0, 
599, 1, 562, 603, -1, 139, 164, 77.0, 13, ABalpppppppa, 0, 0, 0, 0, , 0, 0, 0, 0, 0, 
600, 1, 563, 604, -1, 146, 173, 88.5, 14, ABalpppppppp, 0, 0, 0, 0, , 0, 0, 0, 0, 0, 
601, 1, 564, 605, -1, 126, 122, 127.0, 13, ABaraaaaaaa, 0, 0, 0, 0, , 0, 0, 0, 0, 0, 
602, 0, 565, -1, -1, 138, 119, 118.0, 12, , 0, 0, 0, 0, , 0, 0, 0, 0, 0, 
603, 1, 566, 607, -1, 140, 118, 110.0, 12, ABaraaaaaap, 0, 0, 0, 0, , 0, 0, 0, 0, 0, 
604, 0, 567, -1, -1, 125, 109, 148.0, 13, , 0, 0, 0, 0, , 0, 0, 0, 0, 0, 
605, 1, 568, 609, -1, 126, 109, 144.5, 13, ABaraaaaapa, 0, 0, 0, 0, , 0, 0, 0, 0, 0, 
606, 1, 569, 610, -1, 135, 93, 149.5, 13, ABaraaaaapp, 0, 0, 0, 0, , 0, 0, 0, 0, 0, 
607, 0, 570, -1, -1, 114, 101, 128.0, 14, , 0, 0, 0, 0, , 0, 0, 0, 0, 0, 
608, 1, 571, 612, -1, 118, 101, 140.0, 15, ABaraaapaaa, 0, 0, 0, 0, , 0, 0, 0, 0, 0, 
609, 1, 572, 613, -1, 124, 86, 142.0, 15, ABaraaapaap, 0, 0, 0, 0, , 0, 0, 0, 0, 0, 
610, 1, 573, 614, -1, 137, 72, 141.0, 15, ABaraaapapa, 0, 0, 0, 0, , 0, 0, 0, 0, 0, 
611, 1, 574, 615, -1, 146, 67, 155.0, 13, ABaraaapapp, 0, 0, 0, 0, , 0, 0, 0, 0, 0, 
612, 1, 575, 616, -1, 115, 116, 139.0, 13, ABaraaappaa, 0, 0, 0, 0, , 0, 0, 0, 0, 0, 
613, 1, 576, 617, -1, 120, 124, 152.5, 14, ABaraaappap, 0, 0, 0, 0, , 0, 0, 0, 0, 0, 
614, 1, 577, 618, -1, 104, 121, 147.0, 12, ABaraaapppa, 0, 0, 0, 0, , 0, 0, 0, 0, 0, 
615, 0, 578, -1, -1, 99, 154, 168.0, 12, , 0, 0, 0, 0, , 0, 0, 0, 0, 0, 
616, 0, 579, -1, -1, 99, 139, 165.0, 12, , 0, 0, 0, 0, , 0, 0, 0, 0, 0, 
617, 0, 580, -1, -1, 97, 140, 167.0, 12, , 0, 0, 0, 0, , 0, 0, 0, 0, 0, 
618, 0, 581, -1, -1, 115, 100, 120.5, 12, , 0, 0, 0, 0, , 0, 0, 0, 0, 0, 
619, 1, 581, 623, -1, 116, 100, 120.0, 12, ABaraapaaaa, 0, 0, 0, 0, , 0, 0, 0, 0, 0, 
620, 1, 582, 624, -1, 113, 101, 130.0, 14, ABaraaaapap, 0, 0, 0, 0, , 0, 0, 0, 0, 0, 
621, 0, 583, -1, -1, 118, 91, 107.0, 14, , 0, 0, 0, 0, , 0, 0, 0, 0, 0, 
622, 1, 584, 626, -1, 119, 93, 99.0, 12, ABaraapaapa, 0, 0, 0, 0, , 0, 0, 0, 0, 0, 
623, 1, 585, 627, -1, 160, 88, 89.0, 14, ABaraapaapp, 0, 0, 0, 0, , 0, 0, 0, 0, 0, 
624, 1, 586, 628, -1, 171, 106, 96.0, 15, ABaraapapaa, 0, 0, 0, 0, , 0, 0, 0, 0, 0, 
625, 1, 587, 629, -1, 173, 100, 81.0, 14, ABaraapapap, 0, 0, 0, 0, , 0, 0, 0, 0, 0, 
626, 1, 588, 630, -1, 178, 121, 91.0, 12, ABaraapappa, 0, 0, 0, 0, , 0, 0, 0, 0, 0, 
627, 1, 589, 631, -1, 180, 120, 114.5, 14, ABaraapappp, 0, 0, 0, 0, , 0, 0, 0, 0, 0, 
628, 1, 590, 632, -1, 113, 89, 119.0, 14, ABaraappaaa, 0, 0, 0, 0, , 0, 0, 0, 0, 0, 
629, 1, 591, 633, -1, 122, 86, 130.0, 13, ABaraappaap, 0, 0, 0, 0, , 0, 0, 0, 0, 0, 
630, 1, 592, 634, -1, 116, 76, 133.0, 13, ABaraappapa, 0, 0, 0, 0, , 0, 0, 0, 0, 0, 
631, 1, 593, 635, -1, 152, 57, 128.0, 15, MSpaapaaa, 0, 0, 0, 0, , 0, 0, 0, 0, 0, 
632, 1, 594, 636, -1, 161, 74, 158.0, 15, ABaraapppaa, 0, 0, 0, 0, , 0, 0, 0, 0, 0, 
633, 1, 595, 637, -1, 160, 57, 150.5, 15, ABaraapppap, 0, 0, 0, 0, , 0, 0, 0, 0, 0, 
634, 1, 596, 638, -1, 169, 76, 169.0, 12, ABaraappppa, 0, 0, 0, 0, , 0, 0, 0, 0, 0, 
635, 1, 597, 639, -1, 174, 94, 162.5, 13, ABaraappppp, 0, 0, 0, 0, , 0, 0, 0, 0, 0, 
636, 1, 598, 640, -1, 133, 104, 152.5, 13, ABarapaaaaa, 0, 0, 0, 0, , 0, 0, 0, 0, 0, 
637, 1, 599, 641, -1, 152, 116, 161.0, 10, ABarapaaaap, 0, 0, 0, 0, , 0, 0, 0, 0, 0, 
638, 1, 600, 642, -1, 144, 112, 157.0, 11, ABarapaaapa, 0, 0, 0, 0, , 0, 0, 0, 0, 0, 
639, 1, 601, 643, -1, 129, 83, 153.0, 13, ABarapaapaa, 0, 0, 0, 0, , 0, 0, 0, 0, 0, 
640, 1, 602, 644, -1, 134, 61, 156.0, 13, ABarapaapap, 0, 0, 0, 0, , 0, 0, 0, 0, 0, 
641, 1, 603, 645, -1, 138, 74, 161.0, 12, ABarapaappa, 0, 0, 0, 0, , 0, 0, 0, 0, 0, 
642, 1, 604, 646, -1, 158, 89, 156.0, 12, ABarapaappp, 0, 0, 0, 0, , 0, 0, 0, 0, 0, 
643, 1, 605, 647, -1, 142, 99, 169.0, 13, ABarapapaap, 0, 0, 0, 0, , 0, 0, 0, 0, 0, 
644, 1, 606, 648, -1, 134, 131, 150.5, 12, ABarapapapa, 0, 0, 0, 0, , 0, 0, 0, 0, 0, 
645, 0, 607, -1, -1, 194, 113, 150.5, 14, , 0, 0, 0, 0, , 0, 0, 0, 0, 0, 
646, 0, 608, -1, -1, 192, 111, 152.0, 14, , 0, 0, 0, 0, , 0, 0, 0, 0, 0, 
647, 1, 609, 651, -1, 196, 115, 142.0, 14, ABalpappapp, 0, 0, 0, 0, , 0, 0, 0, 0, 0, 
648, 1, 610, 652, -1, 192, 112, 155.0, 12, ABarapapapp, 0, 0, 0, 0, , 0, 0, 0, 0, 0, 
649, 1, 611, 653, -1, 142, 87, 164.0, 12, ABarapappaa, 0, 0, 0, 0, , 0, 0, 0, 0, 0, 
650, 1, 612, 654, -1, 181, 122, 143.5, 15, ABarapapppa, 0, 0, 0, 0, , 0, 0, 0, 0, 0, 
651, 1, 613, 655, -1, 161, 105, 171.0, 15, ABarapapppp, 0, 0, 0, 0, , 0, 0, 0, 0, 0, 
652, 1, 614, 656, -1, 123, 139, 148.0, 13, ABalpapaapa, 0, 0, 0, 0, , 0, 0, 0, 0, 0, 
653, 1, 615, 657, -1, 119, 131, 159.5, 12, ABarappaaaa, 0, 0, 0, 0, , 0, 0, 0, 0, 0, 
654, 1, 616, 658, -1, 152, 152, 170.0, 13, ABarappapaa, 0, 0, 0, 0, , 0, 0, 0, 0, 0, 
655, 1, 617, 659, -1, 169, 155, 188.0, 15, ABarappapap, 0, 0, 0, 0, , 0, 0, 0, 0, 0, 
656, 1, 618, 660, -1, 200, 90, 145.0, 15, MSpapappp, 0, 0, 0, 0, , 0, 0, 0, 0, 0, 
657, 0, 619, -1, -1, 212, 136, 168.0, 13, , 0, 0, 0, 0, , 0, 0, 0, 0, 0, 
658, 0, 620, -1, -1, 195, 133, 192.0, 13, , 0, 0, 0, 0, , 0, 0, 0, 0, 0, 
659, 1, 621, 663, -1, 106, 118, 166.0, 10, ABarapppaaa, 0, 0, 0, 0, , 0, 0, 0, 0, 0, 
660, 1, 622, 664, -1, 99, 140, 166.0, 11, ABarapppaap, 0, 0, 0, 0, , 0, 0, 0, 0, 0, 
661, 1, 623, 665, -1, 143, 149, 174.0, 12, ABarapppapa, 0, 0, 0, 0, , 0, 0, 0, 0, 0, 
662, 1, 624, 666, -1, 126, 154, 179.0, 14, ABarapppapp, 0, 0, 0, 0, , 0, 0, 0, 0, 0, 
663, 1, 625, 667, -1, 116, 102, 179.0, 13, ABarappppaa, 0, 0, 0, 0, , 0, 0, 0, 0, 0, 
664, 1, 626, 668, -1, 115, 121, 174.5, 12, ABarappppap, 0, 0, 0, 0, , 0, 0, 0, 0, 0, 
665, 1, 627, 669, -1, 131, 137, 172.5, 15, ABarapppppa, 0, 0, 0, 0, , 0, 0, 0, 0, 0, 
666, 1, 628, 670, -1, 115, 139, 168.0, 15, ABarapppppp, 0, 0, 0, 0, , 0, 0, 0, 0, 0, 
667, 1, 629, 671, -1, 65, 125, 130.0, 12, ABarpaaaaal, 0, 0, 0, 0, , 0, 0, 0, 0, 0, 
668, 1, 630, 672, -1, 74, 118, 122.0, 14, ABarpaaaapa, 0, 0, 0, 0, , 0, 0, 0, 0, 0, 
669, 1, 631, 673, -1, 73, 118, 98.0, 12, ABarpaaaapp, 0, 0, 0, 0, , 0, 0, 0, 0, 0, 
670, 1, 632, 674, -1, 71, 104, 134.0, 12, ABarpaaapaa, 0, 0, 0, 0, , 0, 0, 0, 0, 0, 
671, 1, 633, 675, -1, 65, 95, 149.0, 13, ABarpaaapap, 0, 0, 0, 0, , 0, 0, 0, 0, 0, 
672, 1, 634, 676, -1, 56, 91, 129.0, 15, ABarpaapaa, 0, 0, 0, 0, , 0, 0, 0, 0, 0, 
673, 1, 635, 677, -1, 91, 63, 98.0, 15, ABarpaapap, 0, 0, 0, 0, , 0, 0, 0, 0, 0, 
674, 1, 636, 678, -1, 107, 58, 89.5, 14, ABarpaappa, 0, 0, 0, 0, , 0, 0, 0, 0, 0, 
675, 1, 637, 679, -1, 135, 35, 146.0, 13, ABarpaappp, 0, 0, 0, 0, , 0, 0, 0, 0, 0, 
676, 1, 638, 680, -1, 79, 88, 131.0, 13, ABarpapaaaa, 0, 0, 0, 0, , 0, 0, 0, 0, 0, 
677, 1, 639, 681, -1, 77, 89, 135.5, 13, ABalappppap, 0, 0, 0, 0, , 0, 0, 0, 0, 0, 
678, 1, 640, 682, -1, 85, 79, 124.0, 14, ABalapppapp, 0, 0, 0, 0, , 0, 0, 0, 0, 0, 
679, 1, 641, 683, -1, 72, 77, 143.0, 12, ABarpapaaap, 0, 0, 0, 0, , 0, 0, 0, 0, 0, 
680, 1, 642, 684, -1, 88, 76, 141.0, 15, ABarpapaapp, 0, 0, 0, 0, , 0, 0, 0, 0, 0, 
681, 1, 643, 685, -1, 56, 115, 129.5, 15, ABarpapapa, 0, 0, 0, 0, , 0, 0, 0, 0, 0, 
682, 1, 644, 686, -1, 76, 71, 106.0, 15, ABarpapapp, 0, 0, 0, 0, , 0, 0, 0, 0, 0, 
683, 1, 645, 687, -1, 70, 106, 174.0, 14, ABarpappaa, 0, 0, 0, 0, , 0, 0, 0, 0, 0, 
684, 1, 647, 688, -1, 105, 112, 205.5, 14, ABarpappap, 0, 0, 0, 0, , 0, 0, 0, 0, 0, 
685, 1, 648, 689, -1, 125, 101, 65.0, 13, ABarppaaaa, 0, 0, 0, 0, , 0, 0, 0, 0, 0, 
686, 1, 649, 690, -1, 162, 27, 134.0, 14, ABarppaapa, 0, 0, 0, 0, , 0, 0, 0, 0, 0, 
687, 1, 650, 691, -1, 195, 105, 68.5, 16, ABarppaapp, 0, 0, 0, 0, , 0, 0, 0, 0, 0, 
688, 1, 651, 692, -1, 119, 44, 154.0, 12, ABarpppaaa, 0, 0, 0, 0, , 0, 0, 0, 0, 0, 
689, 1, 652, 693, -1, 153, 83, 64.0, 15, ABarpppapa, 0, 0, 0, 0, , 0, 0, 0, 0, 0, 
690, 1, 653, 694, -1, 182, 40, 163.0, 15, ABarpppapp, 0, 0, 0, 0, , 0, 0, 0, 0, 0, 
691, 1, 654, 695, -1, 81, 105, 108.5, 14, ABplaaaaaaa, 0, 0, 0, 0, , 0, 0, 0, 0, 0, 
692, 1, 655, 696, -1, 80, 111, 86.0, 12, ABplaaaaaap, 0, 0, 0, 0, , 0, 0, 0, 0, 0, 
693, 1, 656, 697, 698, 95, 109, 87.0, 14, ABplaaaaapp, 0, 0, 0, 0, , 0, 0, 0, 0, 0, 
694, 1, 657, 699, -1, 61, 106, 104.0, 15, ABplaaaapa, 0, 0, 0, 0, , 0, 0, 0, 0, 0, 
695, 1, 658, 700, -1, 66, 85, 108.0, 14, ABplaaaapp, 0, 0, 0, 0, , 0, 0, 0, 0, 0, 
696, 1, 659, 701, -1, 76, 149, 99.0, 13, ABplaaapaa, 0, 0, 0, 0, , 0, 0, 0, 0, 0, 
697, 1, 660, 702, -1, 117, 176, 105.0, 13, ABplaaapap, 0, 0, 0, 0, , 0, 0, 0, 0, 0, 
698, 0, 661, -1, -1, 79, 125, 136.5, 14, , 0, 0, 0, 0, , 0, 0, 0, 0, 0, 
699, 1, 662, 704, -1, 69, 135, 122.0, 15, ABplaapaaap, 0, 0, 0, 0, , 0, 0, 0, 0, 0, 
700, 0, 663, -1, -1, 91, 141, 108.0, 11, , 0, 0, 0, 0, , 0, 0, 0, 0, 0, 
701, 0, 664, -1, -1, 106, 132, 96.0, 11, , 0, 0, 0, 0, , 0, 0, 0, 0, 0, 
702, 0, 665, -1, -1, 95, 144, 91.0, 12, , 0, 0, 0, 0, , 0, 0, 0, 0, 0, 
703, 0, 666, -1, -1, 106, 150, 84.5, 15, , 0, 0, 0, 0, , 0, 0, 0, 0, 0, 
704, 1, 667, 709, -1, 169, 135, 82.0, 13, ABplaapapaa, 0, 0, 0, 0, , 0, 0, 0, 0, 0, 
705, 1, 668, 710, -1, 162, 134, 71.0, 13, ABplaapapap, 0, 0, 0, 0, , 0, 0, 0, 0, 0, 
706, 1, 669, 711, -1, 166, 131, 57.0, 14, ABarppaaap, 0, 0, 0, 0, , 0, 0, 0, 0, 0, 
707, 1, 670, 712, -1, 157, 116, 69.0, 13, ABplaapappa, 0, 0, 0, 0, , 0, 0, 0, 0, 0, 
708, 1, 671, 713, -1, 147, 136, 63.0, 16, ABplaapappp, 0, 0, 0, 0, , 0, 0, 0, 0, 0, 
709, 1, 673, 714, -1, 121, 172, 145.0, 13, ABalppapapp, 0, 0, 0, 0, , 0, 0, 0, 0, 0, 
710, 1, 672, 715, -1, 116, 174, 157.0, 13, ABplaappaa, 0, 0, 0, 0, , 0, 0, 0, 0, 0, 
711, 1, 674, 716, -1, 143, 175, 163.0, 15, ABplaappap, 0, 0, 0, 0, , 0, 0, 0, 0, 0, 
712, 1, 675, 717, -1, 174, 183, 145.0, 13, ABplaapppa, 0, 0, 0, 0, , 0, 0, 0, 0, 0, 
713, 1, 676, 718, -1, 196, 161, 92.0, 17, ABplaapppp, 0, 0, 0, 0, , 0, 0, 0, 0, 0, 
714, 1, 677, 719, -1, 149, 109, 62.0, 14, ABplapaaaap, 0, 0, 0, 0, , 0, 0, 0, 0, 0, 
715, 1, 678, 720, -1, 182, 138, 72.0, 15, ABplapaaapa, 0, 0, 0, 0, , 0, 0, 0, 0, 0, 
716, 1, 679, 721, -1, 199, 129, 75.0, 15, ABplapaaapp, 0, 0, 0, 0, , 0, 0, 0, 0, 0, 
717, 1, 680, 722, -1, 197, 170, 140.0, 15, ABplapaapa, 0, 0, 0, 0, , 0, 0, 0, 0, 0, 
718, 1, 681, 723, -1, 213, 152, 100.0, 17, ABplapaapp, 0, 0, 0, 0, , 0, 0, 0, 0, 0, 
719, 1, 682, 724, -1, 278, 170, 113.0, 17, ABplapappa, 0, 0, 0, 0, , 0, 0, 0, 0, 0, 
720, 1, 683, 725, -1, 319, 156, 134.0, 14, ABplapapppp, 0, 0, 0, 0, , 0, 0, 0, 0, 0, 
721, 1, 684, 726, -1, 226, 133, 91.0, 16, ABplappaaa, 0, 0, 0, 0, , 0, 0, 0, 0, 0, 
722, 1, 685, 727, -1, 245, 135, 99.0, 15, ABplappaap, 0, 0, 0, 0, , 0, 0, 0, 0, 0, 
723, 1, 686, 728, -1, 259, 144, 99.0, 14, ABplappapp, 0, 0, 0, 0, , 0, 0, 0, 0, 0, 
724, 1, 687, 729, -1, 295, 168, 121.0, 14, ABplapppaaa, 0, 0, 0, 0, , 0, 0, 0, 0, 0, 
725, 1, 688, 730, -1, 296, 159, 144.0, 15, ABplapppapp, 0, 0, 0, 0, , 0, 0, 0, 0, 0, 
726, 1, 689, 731, -1, 263, 163, 160.0, 14, ABplappppa, 0, 0, 0, 0, , 0, 0, 0, 0, 0, 
727, 1, 690, 732, -1, 131, 152, 115.0, 13, ABplpaaaaaa, 0, 0, 0, 0, , 0, 0, 0, 0, 0, 
728, 1, 691, 733, -1, 161, 165, 99.5, 14, ABplpaaaaap, 0, 0, 0, 0, , 0, 0, 0, 0, 0, 
729, 1, 692, 734, -1, 187, 162, 165.0, 12, ABplpaaaapa, 0, 0, 0, 0, , 0, 0, 0, 0, 0, 
730, 1, 693, 735, -1, 219, 144, 146.0, 12, ABplpaaaapp, 0, 0, 0, 0, , 0, 0, 0, 0, 0, 
731, 0, 694, -1, -1, 136, 156, 132.0, 12, , 0, 0, 0, 0, , 0, 0, 0, 0, 0, 
732, 1, 695, 737, -1, 136, 156, 131.0, 12, ABplpaaapaa, 0, 0, 0, 0, , 0, 0, 0, 0, 0, 
733, 1, 696, 738, -1, 126, 178, 129.0, 12, ABplpaaapap, 0, 0, 0, 0, , 0, 0, 0, 0, 0, 
734, 1, 697, 739, -1, 132, 164, 122.0, 15, ABplpaaappa, 0, 0, 0, 0, , 0, 0, 0, 0, 0, 
735, 0, 698, -1, -1, 157, 176, 146.0, 13, , 0, 0, 0, 0, , 0, 0, 0, 0, 0, 
736, 0, 699, -1, -1, 156, 178, 142.0, 15, , 0, 0, 0, 0, , 0, 0, 0, 0, 0, 
737, 1, 700, 742, -1, 150, 166, 122.0, 14, ABplpaaappp, 0, 0, 0, 0, , 0, 0, 0, 0, 0, 
738, 0, 701, -1, -1, 157, 166, 83.0, 12, , 0, 0, 0, 0, , 0, 0, 0, 0, 0, 
739, 1, 702, 744, -1, 87, 158, 95.0, 15, ABplpaapapa, 0, 0, 0, 0, , 0, 0, 0, 0, 0, 
740, 1, 703, 745, -1, 138, 179, 139.0, 12, ABplpaapapp, 0, 0, 0, 0, , 0, 0, 0, 0, 0, 
741, 1, 704, 746, -1, 165, 152, 89.0, 13, ABplpaappaa, 0, 0, 0, 0, , 0, 0, 0, 0, 0, 
742, 0, 705, -1, -1, 168, 157, 74.5, 13, , 0, 0, 0, 0, , 0, 0, 0, 0, 0, 
743, 0, 706, -1, -1, 169, 156, 76.5, 13, , 0, 0, 0, 0, , 0, 0, 0, 0, 0, 
744, 0, 707, -1, -1, 172, 172, 136.0, 12, , 0, 0, 0, 0, , 0, 0, 0, 0, 0, 
745, 0, 708, -1, -1, 172, 171, 136.0, 12, , 0, 0, 0, 0, , 0, 0, 0, 0, 0, 
746, 1, 709, 751, -1, 167, 149, 149.5, 12, ABplpapaaaa, 0, 0, 0, 0, , 0, 0, 0, 0, 0, 
747, 0, 710, -1, -1, 166, 151, 122.0, 15, , 0, 0, 0, 0, , 0, 0, 0, 0, 0, 
748, 0, 711, -1, -1, 179, 162, 153.0, 12, , 0, 0, 0, 0, , 0, 0, 0, 0, 0, 
749, 0, 712, -1, -1, 155, 159, 157.0, 13, , 0, 0, 0, 0, , 0, 0, 0, 0, 0, 
750, 1, 713, 755, -1, 160, 164, 142.0, 13, ABplpapaapp, 0, 0, 0, 0, , 0, 0, 0, 0, 0, 
751, 0, 714, -1, -1, 181, 149, 136.0, 12, , 0, 0, 0, 0, , 0, 0, 0, 0, 0, 
752, 0, 715, -1, -1, 179, 161, 139.0, 11, , 0, 0, 0, 0, , 0, 0, 0, 0, 0, 
753, 1, 716, 758, -1, 199, 157, 148.0, 13, ABplpapappa, 0, 0, 0, 0, , 0, 0, 0, 0, 0, 
754, 0, 717, -1, -1, 232, 123, 163.0, 13, , 0, 0, 0, 0, , 0, 0, 0, 0, 0, 
755, 1, 718, 760, -1, 145, 144, 152.0, 13, ABplpappaaa, 0, 0, 0, 0, , 0, 0, 0, 0, 0, 
756, 0, 719, -1, -1, 169, 157, 178.0, 15, , 0, 0, 0, 0, , 0, 0, 0, 0, 0, 
757, 0, 720, -1, -1, 181, 139, 168.0, 15, , 0, 0, 0, 0, , 0, 0, 0, 0, 0, 
758, 1, 721, 763, -1, 270, 141, 148.0, 13, ABplpapppaa, 0, 0, 0, 0, , 0, 0, 0, 0, 0, 
759, 1, 722, 764, -1, 269, 122, 169.5, 13, ABplpapppap, 0, 0, 0, 0, , 0, 0, 0, 0, 0, 
760, 1, 723, 765, -1, 272, 127, 152.33333, 13, ABplpappppa, 0, 0, 0, 0, , 0, 0, 0, 0, 0, 
761, 1, 724, 766, -1, 288, 138, 162.0, 12, ABplpappppp, 0, 0, 0, 0, , 0, 0, 0, 0, 0, 
762, 1, 725, 767, -1, 162, 178, 114.0, 13, ABplppaaaaa, 0, 0, 0, 0, , 0, 0, 0, 0, 0, 
763, 0, 726, -1, -1, 182, 177, 154.0, 13, , 0, 0, 0, 0, , 0, 0, 0, 0, 0, 
764, 0, 727, -1, -1, 205, 142, 153.0, 10, , 0, 0, 0, 0, , 0, 0, 0, 0, 0, 
765, 0, 728, -1, -1, 209, 146, 138.0, 13, , 0, 0, 0, 0, , 0, 0, 0, 0, 0, 
766, 0, 729, -1, -1, 243, 131, 158.0, 13, , 0, 0, 0, 0, , 0, 0, 0, 0, 0, 
767, 1, 730, 772, -1, 210, 161, 130.0, 13, ABplppapaaa, 0, 0, 0, 0, , 0, 0, 0, 0, 0, 
768, 1, 731, 773, -1, 212, 129, 133.0, 12, ABplppapaap, 0, 0, 0, 0, , 0, 0, 0, 0, 0, 
769, 1, 732, 774, -1, 227, 120, 138.0, 13, ABplppapapa, 0, 0, 0, 0, , 0, 0, 0, 0, 0, 
770, 1, 733, 775, -1, 246, 127, 138.0, 13, ABplppapapp, 0, 0, 0, 0, , 0, 0, 0, 0, 0, 
771, 0, 734, -1, -1, 209, 144, 135.0, 11, , 0, 0, 0, 0, , 0, 0, 0, 0, 0, 
772, 1, 735, 777, -1, 233, 122, 148.0, 13, ABplppapppa, 0, 0, 0, 0, , 0, 0, 0, 0, 0, 
773, 1, 736, 778, -1, 250, 134, 146.0, 12, ABplppapppp, 0, 0, 0, 0, , 0, 0, 0, 0, 0, 
774, 1, 737, 779, -1, 254, 153, 142.0, 13, ABplpppaaaa, 0, 0, 0, 0, , 0, 0, 0, 0, 0, 
775, 1, 738, 780, -1, 258, 143, 131.0, 12, ABplpppaaap, 0, 0, 0, 0, , 0, 0, 0, 0, 0, 
776, 1, 739, 781, -1, 293, 155, 128.5, 13, ABplpppaapa, 0, 0, 0, 0, , 0, 0, 0, 0, 0, 
777, 1, 740, 782, -1, 286, 169, 137.0, 12, ABplpppaapp, 0, 0, 0, 0, , 0, 0, 0, 0, 0, 
778, 1, 741, 783, -1, 279, 166, 148.0, 13, ABplpppapaa, 0, 0, 0, 0, , 0, 0, 0, 0, 0, 
779, 1, 742, 784, -1, 272, 157, 184.5, 13, ABplpppapap, 0, 0, 0, 0, , 0, 0, 0, 0, 0, 
780, 1, 743, 785, -1, 270, 134, 138.0, 12, ABplppppaaa, 0, 0, 0, 0, , 0, 0, 0, 0, 0, 
781, 1, 744, 786, -1, 284, 141, 144.0, 13, ABplppppaap, 0, 0, 0, 0, , 0, 0, 0, 0, 0, 
782, 0, 745, -1, -1, 260, 154, 150.0, 14, , 0, 0, 0, 0, , 0, 0, 0, 0, 0, 
783, 0, 746, -1, -1, 261, 153, 150.0, 12, , 0, 0, 0, 0, , 0, 0, 0, 0, 0, 
784, 1, 747, 789, -1, 273, 149, 156.0, 13, ABplppppapp, 0, 0, 0, 0, , 0, 0, 0, 0, 0, 
785, 1, 748, 790, -1, 272, 156, 137.0, 12, Capappp, 0, 0, 0, 0, , 0, 0, 0, 0, 0, 
786, 1, 749, 791, -1, 285, 127, 128.0, 13, ABplpppppaa, 0, 0, 0, 0, , 0, 0, 0, 0, 0, 
787, 1, 750, 792, -1, 294, 139, 124.0, 13, ABplpppppap, 0, 0, 0, 0, , 0, 0, 0, 0, 0, 
788, 0, 751, -1, -1, 302, 151, 172.0, 13, , 0, 0, 0, 0, , 0, 0, 0, 0, 0, 
789, 0, 752, -1, -1, 301, 151, 179.0, 13, , 0, 0, 0, 0, , 0, 0, 0, 0, 0, 
790, 1, 754, 795, -1, 321, 143, 143.5, 14, Cappppd, 0, 0, 0, 0, , 0, 0, 0, 0, 0, 
791, 1, 753, 796, -1, 311, 151, 160.0, 14, ABplppppppp, 0, 0, 0, 0, , 0, 0, 0, 0, 0, 
792, 1, 755, 797, -1, 97, 134, 186.0, 13, ABpraaaaaap, 0, 0, 0, 0, , 0, 0, 0, 0, 0, 
793, 1, 756, 798, -1, 76, 116, 179.0, 13, ABpraaaaapd, 0, 0, 0, 0, , 0, 0, 0, 0, 0, 
794, 1, 757, 799, -1, 87, 121, 190.5, 13, ABpraaaaapv, 0, 0, 0, 0, , 0, 0, 0, 0, 0, 
795, 1, 758, 800, -1, 105, 128, 195.0, 13, ABpraaaapad, 0, 0, 0, 0, , 0, 0, 0, 0, 0, 
796, 1, 759, 801, -1, 129, 109, 203.0, 13, ABpraaaapav, 0, 0, 0, 0, , 0, 0, 0, 0, 0, 
797, 1, 760, 802, -1, 117, 69, 182.0, 12, ABpraaaappp, 0, 0, 0, 0, , 0, 0, 0, 0, 0, 
798, 1, 761, 803, -1, 129, 79, 178.0, 13, ABpraaapaad, 0, 0, 0, 0, , 0, 0, 0, 0, 0, 
799, 0, 762, -1, -1, 109, 85, 163.0, 14, , 0, 0, 0, 0, , 0, 0, 0, 0, 0, 
800, 1, 763, 805, -1, 108, 84, 164.0, 14, ABpraaapapa, 0, 0, 0, 0, , 0, 0, 0, 0, 0, 
801, 1, 764, 806, -1, 139, 92, 192.0, 13, ABpraaappaa, 0, 0, 0, 0, , 0, 0, 0, 0, 0, 
802, 1, 765, 807, -1, 141, 82, 191.0, 12, ABpraaappap, 0, 0, 0, 0, , 0, 0, 0, 0, 0, 
803, 1, 766, 808, -1, 146, 72, 197.0, 12, ABpraaapppaa, 0, 0, 0, 0, , 0, 0, 0, 0, 0, 
804, 1, 767, 809, -1, 158, 68, 199.0, 12, ABpraaapppap, 0, 0, 0, 0, , 0, 0, 0, 0, 0, 
805, 1, 768, 810, -1, 125, 87, 208.0, 15, ABpraaappppa, 0, 0, 0, 0, , 0, 0, 0, 0, 0, 
806, 1, 769, 811, -1, 141, 96, 215.0, 13, ABpraaappppp, 0, 0, 0, 0, , 0, 0, 0, 0, 0, 
807, 1, 770, 812, -1, 76, 125, 144.0, 14, ABpraapaaaa, 0, 0, 0, 0, , 0, 0, 0, 0, 0, 
808, 1, 771, 813, -1, 66, 118, 155.0, 13, ABpraapaaap, 0, 0, 0, 0, , 0, 0, 0, 0, 0, 
809, 1, 772, 814, -1, 94, 92, 180.0, 12, ABpraapaapa, 0, 0, 0, 0, , 0, 0, 0, 0, 0, 
810, 1, 773, 815, -1, 98, 92, 187.5, 14, ABpraapaapp, 0, 0, 0, 0, , 0, 0, 0, 0, 0, 
811, 1, 774, 816, -1, 159, 74, 187.0, 12, ABpraapapaa, 0, 0, 0, 0, , 0, 0, 0, 0, 0, 
812, 1, 775, 817, -1, 152, 63, 183.0, 13, ABpraapapap, 0, 0, 0, 0, , 0, 0, 0, 0, 0, 
813, 1, 776, 818, -1, 141, 62, 177.0, 12, ABpraapappa, 0, 0, 0, 0, , 0, 0, 0, 0, 0, 
814, 1, 777, 819, -1, 137, 61, 187.0, 14, ABpraapappp, 0, 0, 0, 0, , 0, 0, 0, 0, 0, 
815, 1, 778, 820, -1, 110, 161, 176.0, 14, ABpraappaa, 0, 0, 0, 0, , 0, 0, 0, 0, 0, 
816, 1, 779, 821, -1, 112, 161, 162.5, 14, ABalpapaaap, 0, 0, 0, 0, , 0, 0, 0, 0, 0, 
817, 1, 780, 822, -1, 147, 146, 203.33333, 18, ABpraappap, 0, 0, 0, 0, , 0, 0, 0, 0, 0, 
818, 1, 781, 823, -1, 181, 140, 199.0, 12, ABpraapppa, 0, 0, 0, 0, , 0, 0, 0, 0, 0, 
819, 1, 782, 824, -1, 188, 91, 204.0, 14, ABpraapppp, 0, 0, 0, 0, , 0, 0, 0, 0, 0, 
820, 1, 784, 825, -1, 140, 47, 163.0, 17, ABprapaaaap, 0, 0, 0, 0, , 0, 0, 0, 0, 0, 
821, 1, 785, 826, -1, 171, 66, 189.0, 13, ABprapaaapa, 0, 0, 0, 0, , 0, 0, 0, 0, 0, 
822, 1, 786, 827, -1, 185, 57, 181.0, 15, ABprapaaapp, 0, 0, 0, 0, , 0, 0, 0, 0, 0, 
823, 1, 787, 828, -1, 193, 131, 198.0, 15, ABprapaapa, 0, 0, 0, 0, , 0, 0, 0, 0, 0, 
824, 1, 788, 829, -1, 185, 134, 189.5, 13, ABarappappp, 0, 0, 0, 0, , 0, 0, 0, 0, 0, 
825, 1, 789, 830, -1, 204, 84, 194.5, 14, ABprapaapp, 0, 0, 0, 0, , 0, 0, 0, 0, 0, 
826, 1, 790, 831, -1, 275, 87, 193.5, 13, ABprapapap, 0, 0, 0, 0, , 0, 0, 0, 0, 0, 
827, 1, 791, 832, -1, 284, 100, 204.0, 17, ABprapappa, 0, 0, 0, 0, , 0, 0, 0, 0, 0, 
828, 1, 792, 833, -1, 324, 112, 171.0, 17, ABprapapppp, 0, 0, 0, 0, , 0, 0, 0, 0, 0, 
829, 0, 793, -1, -1, 304, 96, 192.0, 13, , 0, 0, 0, 0, , 0, 0, 0, 0, 0, 
830, 1, 794, 835, -1, 320, 88, 182.0, 13, ABprapppaap, 0, 0, 0, 0, , 0, 0, 0, 0, 0, 
831, 1, 795, 836, -1, 279, 137, 196.0, 17, ABprappppa, 0, 0, 0, 0, , 0, 0, 0, 0, 0, 
832, 1, 796, 837, -1, 321, 127, 181.0, 15, ABprappppp, 0, 0, 0, 0, , 0, 0, 0, 0, 0, 
833, 1, 797, 838, -1, 309, 116, 180.0, 12, ABprapppapp, 0, 0, 0, 0, , 0, 0, 0, 0, 0, 
834, 1, 798, 839, -1, 144, 103, 204.0, 15, ABprpaaaaap, 0, 0, 0, 0, , 0, 0, 0, 0, 0, 
835, 1, 799, 840, -1, 191, 151, 181.0, 14, ABprpaaaapa, 0, 0, 0, 0, , 0, 0, 0, 0, 0, 
836, 1, 800, 841, -1, 220, 127, 176.0, 14, ABprpaaaapp, 0, 0, 0, 0, , 0, 0, 0, 0, 0, 
837, 0, 801, -1, -1, 112, 138, 178.0, 13, , 0, 0, 0, 0, , 0, 0, 0, 0, 0, 
838, 1, 802, 843, -1, 112, 139, 176.5, 13, ABprpaaapaa, 0, 0, 0, 0, , 0, 0, 0, 0, 0, 
839, 0, 803, -1, -1, 129, 150, 194.0, 13, , 0, 0, 0, 0, , 0, 0, 0, 0, 0, 
840, 1, 804, 845, -1, 125, 126, 184.0, 13, ABprpaaappa, 0, 0, 0, 0, , 0, 0, 0, 0, 0, 
841, 1, 805, 846, -1, 136, 126, 188.5, 13, ABprpaaappp, 0, 0, 0, 0, , 0, 0, 0, 0, 0, 
842, 1, 806, 847, -1, 115, 91, 181.0, 13, ABprpaapaaa, 0, 0, 0, 0, , 0, 0, 0, 0, 0, 
843, 1, 807, 848, -1, 154, 92, 208.0, 13, ABprpaapaap, 0, 0, 0, 0, , 0, 0, 0, 0, 0, 
844, 1, 808, 924, -1, 82, 107, 189.0, 13, ABprpaapapa, 0, 0, 0, 0, , 0, 0, 0, 0, 0, 
845, 1, 809, 850, -1, 127, 139, 183.0, 11, ABalaapappp, 0, 0, 0, 0, , 0, 0, 0, 0, 0, 
846, 1, 810, 851, -1, 120, 142, 193.0, 13, ABprpaaapap, 0, 0, 0, 0, , 0, 0, 0, 0, 0, 
847, 1, 811, 852, -1, 129, 151, 193.5, 14, ABprpaapapp, 0, 0, 0, 0, , 0, 0, 0, 0, 0, 
848, 1, 812, 853, -1, 159, 86, 198.0, 15, ABprpaappaa, 0, 0, 0, 0, , 0, 0, 0, 0, 0, 
849, 0, 813, -1, -1, 186, 73, 172.88034, 14, , 0, 0, 0, 0, , 0, 0, 0, 0, 0, 
850, 1, 814, 855, -1, 158, 81, 209.5, 13, ABprpaappap, 0, 0, 0, 0, , 0, 0, 0, 0, 0, 
851, 0, 815, -1, -1, 160, 137, 196.0, 14, , 0, 0, 0, 0, , 0, 0, 0, 0, 0, 
852, 1, 816, 857, -1, 161, 136, 196.0, 13, ABprpaapppa, 0, 0, 0, 0, , 0, 0, 0, 0, 0, 
853, 1, 817, 858, -1, 147, 144, 190.0, 15, ABprpaapppp, 0, 0, 0, 0, , 0, 0, 0, 0, 0, 
854, 0, 818, -1, -1, 155, 139, 184.0, 13, , 0, 0, 0, 0, , 0, 0, 0, 0, 0, 
855, 1, 819, 860, -1, 174, 143, 182.0, 13, ABprpapaaap, 0, 0, 0, 0, , 0, 0, 0, 0, 0, 
856, 0, 820, -1, -1, 153, 139, 176.0, 13, , 0, 0, 0, 0, , 0, 0, 0, 0, 0, 
857, 1, 821, 862, -1, 155, 140, 177.0, 14, ABprpapaapa, 0, 0, 0, 0, , 0, 0, 0, 0, 0, 
858, 0, 823, -1, -1, 161, 135, 191.0, 12, , 0, 0, 0, 0, , 0, 0, 0, 0, 0, 
859, 1, 824, 863, -1, 165, 139, 173.0, 13, ABprpapaaaa, 0, 0, 0, 0, , 0, 0, 0, 0, 0, 
860, 1, 825, 864, -1, 155, 139, 186.0, 12, ABprpapaapp, 0, 0, 0, 0, , 0, 0, 0, 0, 0, 
861, 1, 826, 865, -1, 172, 124, 176.0, 13, ABprpapapaa, 0, 0, 0, 0, , 0, 0, 0, 0, 0, 
862, 1, 827, 866, -1, 170, 129, 184.0, 12, ABprpapapap, 0, 0, 0, 0, , 0, 0, 0, 0, 0, 
863, 0, 828, -1, -1, 189, 129, 180.0, 12, , 0, 0, 0, 0, , 0, 0, 0, 0, 0, 
864, 0, 829, -1, -1, 191, 129, 178.0, 12, , 0, 0, 0, 0, , 0, 0, 0, 0, 0, 
865, 0, 830, -1, -1, 191, 130, 178.0, 12, , 0, 0, 0, 0, , 0, 0, 0, 0, 0, 
866, 0, 831, -1, -1, 188, 129, 181.0, 12, , 0, 0, 0, 0, , 0, 0, 0, 0, 0, 
867, 1, 832, 871, -1, 253, 125, 161.5, 13, ABprpapappp, 0, 0, 0, 0, , 0, 0, 0, 0, 0, 
868, 1, 833, 872, -1, 136, 157, 161.0, 13, ABprpappaaa, 0, 0, 0, 0, , 0, 0, 0, 0, 0, 
869, 1, 834, 873, -1, 170, 156, 170.5, 15, ABprpappaap, 0, 0, 0, 0, , 0, 0, 0, 0, 0, 
870, 1, 836, 874, -1, 178, 136, 167.0, 13, ABprpappapa, 0, 0, 0, 0, , 0, 0, 0, 0, 0, 
871, 1, 837, 875, -1, 223, 133, 156.0, 13, ABprpappapp, 0, 0, 0, 0, , 0, 0, 0, 0, 0, 
872, 0, 838, -1, -1, 153, 144, 165.5, 14, , 0, 0, 0, 0, , 0, 0, 0, 0, 0, 
873, 1, 839, 877, -1, 155, 139, 157.0, 13, ABprpapppaa, 0, 0, 0, 0, , 0, 0, 0, 0, 0, 
874, 1, 840, 878, -1, 207, 120, 177.0, 12, ABprpapppap, 0, 0, 0, 0, , 0, 0, 0, 0, 0, 
875, 0, 841, -1, -1, 279, 115, 170.0, 12, , 0, 0, 0, 0, , 0, 0, 0, 0, 0, 
876, 1, 842, 880, -1, 291, 137, 149.0, 12, ABprpappppp, 0, 0, 0, 0, , 0, 0, 0, 0, 0, 
877, 1, 843, 881, -1, 153, 127, 204.0, 12, ABprppaaaaa, 0, 0, 0, 0, , 0, 0, 0, 0, 0, 
878, 1, 844, 882, -1, 160, 109, 210.0, 14, ABprppaaaap, 0, 0, 0, 0, , 0, 0, 0, 0, 0, 
879, 1, 845, 883, -1, 169, 123, 199.0, 13, ABprppaapap, 0, 0, 0, 0, , 0, 0, 0, 0, 0, 
880, 0, 846, -1, -1, 199, 130, 167.0, 13, , 0, 0, 0, 0, , 0, 0, 0, 0, 0, 
881, 1, 847, 885, -1, 246, 123, 172.0, 12, ABprppaappp, 0, 0, 0, 0, , 0, 0, 0, 0, 0, 
882, 1, 848, 886, -1, 205, 122, 192.0, 12, ABprppapaaa, 0, 0, 0, 0, , 0, 0, 0, 0, 0, 
883, 1, 849, 887, -1, 216, 108, 167.0, 12, ABprppapaap, 0, 0, 0, 0, , 0, 0, 0, 0, 0, 
884, 1, 850, 888, -1, 231, 109, 168.0, 13, ABprppapapa, 0, 0, 0, 0, , 0, 0, 0, 0, 0, 
885, 1, 851, 889, -1, 250, 107, 168.0, 13, ABprppapapp, 0, 0, 0, 0, , 0, 0, 0, 0, 0, 
886, 1, 852, 890, -1, 210, 118, 169.0, 13, ABprppappaa, 0, 0, 0, 0, , 0, 0, 0, 0, 0, 
887, 1, 853, 891, -1, 221, 115, 159.0, 12, ABprppappap, 0, 0, 0, 0, , 0, 0, 0, 0, 0, 
888, 1, 854, 892, -1, 242, 111, 165.0, 10, ABprppapppa, 0, 0, 0, 0, , 0, 0, 0, 0, 0, 
889, 1, 855, 893, -1, 255, 115, 177.0, 12, ABprppapppp, 0, 0, 0, 0, , 0, 0, 0, 0, 0, 
890, 1, 856, 894, -1, 257, 126, 184.0, 12, ABprpppaaaa, 0, 0, 0, 0, , 0, 0, 0, 0, 0, 
891, 1, 857, 895, -1, 261, 104, 180.0, 12, ABprpppaaap, 0, 0, 0, 0, , 0, 0, 0, 0, 0, 
892, 0, 858, -1, -1, 303, 103, 182.5, 13, , 0, 0, 0, 0, , 0, 0, 0, 0, 0, 
893, 1, 859, 897, -1, 303, 101, 185.0, 14, ABprpppaapa, 0, 0, 0, 0, , 0, 0, 0, 0, 0, 
894, 1, 860, 898, -1, 300, 111, 193.5, 12, ABprpppaapp, 0, 0, 0, 0, , 0, 0, 0, 0, 0, 
895, 1, 861, 899, -1, 291, 121, 189.0, 12, ABprpppapaa, 0, 0, 0, 0, , 0, 0, 0, 0, 0, 
896, 0, 862, -1, -1, 291, 158, 181.0, 12, , 0, 0, 0, 0, , 0, 0, 0, 0, 0, 
897, 1, 863, 901, -1, 291, 160, 175.0, 14, ABprpppapap, 0, 0, 0, 0, , 0, 0, 0, 0, 0, 
898, 1, 864, 902, -1, 289, 155, 158.5, 15, Cappppv, 0, 0, 0, 0, , 0, 0, 0, 0, 0, 
899, 1, 865, 903, -1, 279, 115, 169.0, 13, ABprppppaaa, 0, 0, 0, 0, , 0, 0, 0, 0, 0, 
900, 0, 866, -1, -1, 292, 119, 159.0, 12, , 0, 0, 0, 0, , 0, 0, 0, 0, 0, 
901, 1, 867, 905, -1, 288, 124, 169.0, 12, ABprppppaap, 0, 0, 0, 0, , 0, 0, 0, 0, 0, 
902, 1, 866, 906, -1, 293, 121, 158.0, 12, ABprpappppa, 0, 0, 0, 0, , 0, 0, 0, 0, 0, 
903, 1, 868, 907, -1, 267, 130, 189.0, 15, ABprppppapa, 0, 0, 0, 0, , 0, 0, 0, 0, 0, 
904, 1, 869, 908, -1, 277, 132, 180.0, 15, ABprppppapp, 0, 0, 0, 0, , 0, 0, 0, 0, 0, 
905, 1, 870, 909, -1, 273, 102, 166.0, 13, ABprpppppaa, 0, 0, 0, 0, , 0, 0, 0, 0, 0, 
906, 1, 871, 910, -1, 293, 103, 168.0, 15, ABprpppppap, 0, 0, 0, 0, , 0, 0, 0, 0, 0, 
907, 1, 873, 911, -1, 301, 150, 170.0, 13, ABplppppppa, 0, 0, 0, 0, , 0, 0, 0, 0, 0, 
908, 1, 872, 912, -1, 303, 150, 181.5, 13, ABprppppppa, 0, 0, 0, 0, , 0, 0, 0, 0, 0, 
909, 1, 874, 913, -1, 314, 138, 173.0, 13, ABprppppppp, 0, 0, 0, 0, , 0, 0, 0, 0, 0, 
910, 0, 875, -1, -1, 88, 144, 130.0, 11, , 0, 0, 0, 0, , 0, 0, 0, 0, 0, 
911, 0, 876, -1, -1, 88, 144, 129.0, 13, , 0, 0, 0, 0, , 0, 0, 0, 0, 0, 
912, 0, 877, -1, -1, 88, 144, 128.0, 11, , 0, 0, 0, 0, , 0, 0, 0, 0, 0, 
913, 1, 878, 917, -1, 92, 153, 133.0, 12, ABalaaaalpp, 0, 0, 0, 0, , 0, 0, 0, 0, 0, 
914, 1, 879, 918, -1, 109, 148, 113.5, 15, ABalapaappa, 0, 0, 0, 0, , 0, 0, 0, 0, 0, 
915, 1, 880, 919, -1, 84, 122, 87.0, 12, ABalapapppp, 0, 0, 0, 0, , 0, 0, 0, 0, 0, 
916, 0, 881, -1, -1, 99, 77, 154.7541, 12, , 0, 0, 0, 0, , 0, 0, 0, 0, 0, 
917, 1, 882, 921, -1, 99, 66, 169.5, 12, ABalappapaa, 0, 0, 0, 0, , 0, 0, 0, 0, 0, 
918, 0, 883, -1, -1, 81, 87, 169.0, 12, , 0, 0, 0, 0, , 0, 0, 0, 0, 0, 
919, 1, 884, 923, -1, 80, 88, 170.0, 12, ABalappappp, 0, 0, 0, 0, , 0, 0, 0, 0, 0, 
920, 0, 885, -1, -1, 95, 126, 137.0, 13, , 0, 0, 0, 0, , 0, 0, 0, 0, 0, 
921, 0, 886, -1, -1, 95, 125, 137.0, 13, , 0, 0, 0, 0, , 0, 0, 0, 0, 0, 
922, 0, 887, -1, -1, 95, 125, 137.0, 13, , 0, 0, 0, 0, , 0, 0, 0, 0, 0, 
923, 1, 888, 928, -1, 94, 142, 141.0, 14, ABalpaapppp, 0, 0, 0, 0, , 0, 0, 0, 0, 0, 
924, 1, 889, 929, -1, 95, 144, 90.0, 12, ABplaapaapa, 0, 0, 0, 0, , 0, 0, 0, 0, 0, 
925, 1, 890, 930, -1, 106, 149, 81.0, 15, ABplaapaapp, 0, 0, 0, 0, , 0, 0, 0, 0, 0, 
926, 0, 891, -1, -1, 146, 129, 115.088234, 15, , 0, 0, 0, 0, , 0, 0, 0, 0, 0, 
927, 0, 892, -1, -1, 155, 128, 115.0, 15, , 0, 0, 0, 0, , 0, 0, 0, 0, 0, 
928, 1, 893, 933, -1, 184, 170, 135.0, 13, ABalpapappp, 0, 0, 0, 0, , 0, 0, 0, 0, 0, 
929, 1, 894, 934, -1, 156, 176, 143.0, 14, ABplpaapppp, 0, 0, 0, 0, , 0, 0, 0, 0, 0, 
930, 1, 895, 935, -1, 175, 172, 97.0, 15, ABplppaaaap, 0, 0, 0, 0, , 0, 0, 0, 0, 0, 
931, 0, 896, -1, -1, 101, 165, 124.0, 12, , 0, 0, 0, 0, , 0, 0, 0, 0, 0, 
932, 0, 897, -1, -1, 102, 165, 123.5, 12, , 0, 0, 0, 0, , 0, 0, 0, 0, 0, 
933, 0, 898, -1, -1, 101, 165, 125.0, 12, , 0, 0, 0, 0, , 0, 0, 0, 0, 0, 
934, 0, 899, -1, -1, 101, 165, 121.0, 12, , 0, 0, 0, 0, , 0, 0, 0, 0, 0, 
935, 1, 900, 940, -1, 100, 127, 156.0, 12, ABaraaapppp, 0, 0, 0, 0, , 0, 0, 0, 0, 0, 
936, 1, 901, 941, -1, 119, 89, 108.0, 14, ABaraapaaap, 0, 0, 0, 0, , 0, 0, 0, 0, 0, 
937, 1, 902, 942, -1, 122, 78, 98.0, 14, MSaaapaaa, 0, 0, 0, 0, , 0, 0, 0, 0, 0, 
938, 1, 903, 943, -1, 142, 166, 132.0, 13, ABalppaappp, 0, 0, 0, 0, , 0, 0, 0, 0, 0, 
939, 1, 904, 944, -1, 121, 147, 156.0, 13, ABarappaapa, 0, 0, 0, 0, , 0, 0, 0, 0, 0, 
940, 1, 905, 945, -1, 109, 131, 96.0, 15, ABalppppapa, 0, 0, 0, 0, , 0, 0, 0, 0, 0, 
941, 1, 906, 946, -1, 275, 129, 114.0, 16, MSappaap, 0, 0, 0, 0, , 0, 0, 0, 0, 0, 
942, 1, 907, 947, -1, 136, 157, 101.0, 15, ABalapaapaa, 0, 0, 0, 0, , 0, 0, 0, 0, 0, 
943, 0, 908, -1, -1, 164, 151, 125.0, 15, , 0, 0, 0, 0, , 0, 0, 0, 0, 0, 
944, 0, 909, -1, -1, 164, 156, 123.0, 15, , 0, 0, 0, 0, , 0, 0, 0, 0, 0, 
945, 0, 910, -1, -1, 168, 153, 123.0, 15, , 0, 0, 0, 0, , 0, 0, 0, 0, 0, 
946, 1, 911, 951, -1, 178, 162, 153.0, 12, ABplpapaaap, 0, 0, 0, 0, , 0, 0, 0, 0, 0, 
947, 1, 912, 952, -1, 155, 158, 157.0, 13, ABplpapaapa, 0, 0, 0, 0, , 0, 0, 0, 0, 0, 
948, 1, 913, 954, -1, 178, 160, 139.0, 13, ABplpapapap, 0, 0, 0, 0, , 0, 0, 0, 0, 0, 
949, 1, 914, 955, -1, 181, 149, 135.0, 12, ABplpapapaa, 0, 0, 0, 0, , 0, 0, 0, 0, 0, 
950, 1, 915, 956, -1, 227, 121, 122.0, 13, MSaappppa, 0, 0, 0, 0, , 0, 0, 0, 0, 0, 
951, 1, 916, 957, -1, 217, 127, 117.0, 13, MSaapppap, 0, 0, 0, 0, , 0, 0, 0, 0, 0, 
952, 0, 917, -1, -1, 208, 144, 135.0, 13, , 0, 0, 0, 0, , 0, 0, 0, 0, 0, 
953, 0, 918, -1, -1, 204, 142, 155.0, 12, , 0, 0, 0, 0, , 0, 0, 0, 0, 0, 
954, 1, 919, 960, -1, 204, 143, 157.0, 12, ABplppaappa, 0, 0, 0, 0, , 0, 0, 0, 0, 0, 
955, 1, 920, 1009, -1, 208, 144, 140.0, 13, ABplppappaa, 0, 0, 0, 0, , 0, 0, 0, 0, 0, 
956, 0, 921, -1, -1, 198, 132, 171.0, 13, , 0, 0, 0, 0, , 0, 0, 0, 0, 0, 
957, 0, 922, -1, -1, 199, 131, 169.0, 13, , 0, 0, 0, 0, , 0, 0, 0, 0, 0, 
958, 1, 923, 964, -1, 243, 129, 159.0, 13, ABplppaappp, 0, 0, 0, 0, , 0, 0, 0, 0, 0, 
959, 1, 924, 965, -1, 233, 122, 160.0, 13, ABplpapappp, 0, 0, 0, 0, , 0, 0, 0, 0, 0, 
960, 0, 925, -1, -1, 244, 127, 154.0, 13, , 0, 0, 0, 0, , 0, 0, 0, 0, 0, 
961, 1, 926, 967, -1, 213, 128, 146.5, 13, ABplppappap, 0, 0, 0, 0, , 0, 0, 0, 0, 0, 
962, 1, 927, 968, -1, 259, 153, 152.0, 14, ABplppppapa, 0, 0, 0, 0, , 0, 0, 0, 0, 0, 
963, 0, 928, -1, -1, 104, 115, 186.0, 12, , 0, 0, 0, 0, , 0, 0, 0, 0, 0, 
964, 1, 929, 970, -1, 102, 113, 192.5, 12, ABpraaaaaaa, 0, 0, 0, 0, , 0, 0, 0, 0, 0, 
965, 1, 930, 971, -1, 85, 137, 187.0, 13, ABalaappapp, 0, 0, 0, 0, , 0, 0, 0, 0, 0, 
966, 0, 931, -1, -1, 95, 115, 181.0, 12, , 0, 0, 0, 0, , 0, 0, 0, 0, 0, 
967, 0, 932, -1, -1, 90, 123, 166.0, 13, , 0, 0, 0, 0, , 0, 0, 0, 0, 0, 
968, 1, 933, 975, -1, 89, 123, 166.0, 13, ABalaapaapp, 0, 0, 0, 0, , 0, 0, 0, 0, 0, 
969, 1, 934, 976, -1, 103, 114, 189.0, 12, ABalaappapa, 0, 0, 0, 0, , 0, 0, 0, 0, 0, 
970, 1, 935, 977, -1, 155, 85, 178.0, 14, MSppppaa, 0, 0, 0, 0, , 0, 0, 0, 0, 0, 
971, 1, 936, 978, -1, 152, 118, 183.0, 15, MSpppapp, 0, 0, 0, 0, , 0, 0, 0, 0, 0, 
972, 0, 937, -1, -1, 187, 140, 157.0, 17, , 0, 0, 0, 0, , 0, 0, 0, 0, 0, 
973, 0, 938, -1, -1, 194, 147, 167.5, 15, , 0, 0, 0, 0, , 0, 0, 0, 0, 0, 
974, 1, 939, 981, -1, 188, 144, 165.0, 15, ABplpappaap, 0, 0, 0, 0, , 0, 0, 0, 0, 0, 
975, 1, 940, 982, -1, 304, 97, 192.0, 15, ABprapppaaa, 0, 0, 0, 0, , 0, 0, 0, 0, 0, 
976, 0, 941, -1, -1, 97, 151, 129.0, 10, , 0, 0, 0, 0, , 0, 0, 0, 0, 0, 
977, 1, 943, 984, -1, 95, 126, 137.5, 13, ABalpaapppa, 0, 0, 0, 0, , 0, 0, 0, 0, 0, 
978, 1, 944, 985, -1, 95, 118, 124.0, 14, ABalaaaarlp, 0, 0, 0, 0, , 0, 0, 0, 0, 0, 
979, 0, 945, -1, -1, 88, 145, 131.0, 13, , 0, 0, 0, 0, , 0, 0, 0, 0, 0, 
980, 0, 946, -1, -1, 83, 135, 111.0, 13, , 0, 0, 0, 0, , 0, 0, 0, 0, 0, 
981, 0, 946, -1, -1, 81, 134, 111.0, 13, , 0, 0, 0, 0, , 0, 0, 0, 0, 0, 
982, 0, 947, -1, -1, 89, 144, 132.0, 13, , 0, 0, 0, 0, , 0, 0, 0, 0, 0, 
983, 0, 948, -1, -1, 96, 80, 161.0, 12, , 0, 0, 0, 0, , 0, 0, 0, 0, 0, 
984, 1, 949, 991, -1, 87, 75, 163.0, 12, ABalapppppa, 0, 0, 0, 0, , 0, 0, 0, 0, 0, 
985, 0, 950, -1, -1, 114, 157, 118.5, 12, , 0, 0, 0, 0, , 0, 0, 0, 0, 0, 
986, 1, 951, 993, -1, 114, 154, 124.0, 12, ABalppaaapa, 0, 0, 0, 0, , 0, 0, 0, 0, 0, 
987, 1, 952, 994, -1, 101, 165, 124.0, 12, ABalppaaapp, 0, 0, 0, 0, , 0, 0, 0, 0, 0, 
988, 0, 953, -1, -1, 171, 171, 132.0, 12, , 0, 0, 0, 0, , 0, 0, 0, 0, 0, 
989, 1, 954, 996, -1, 170, 172, 142.0, 12, ABplpaapppa, 0, 0, 0, 0, , 0, 0, 0, 0, 0, 
990, 1, 955, 997, -1, 206, 107, 122.5, 11, MSaapappp, 0, 0, 0, 0, , 0, 0, 0, 0, 0, 
991, 1, 956, 998, -1, 205, 107, 141.0, 13, MSaappaa, 0, 0, 0, 0, , 0, 0, 0, 0, 0, 
992, 1, 957, 999, -1, 154, 130, 108.0, 15, ABalpappaap, 0, 0, 0, 0, , 0, 0, 0, 0, 0, 
993, 1, 958, 1000, -1, 190, 130, 178.5, 12, ABprpapappa, 0, 0, 0, 0, , 0, 0, 0, 0, 0, 
994, 1, 959, 1001, -1, 199, 131, 168.0, 13, ABprppaappa, 0, 0, 0, 0, , 0, 0, 0, 0, 0, 
995, 1, 960, 1002, -1, 203, 143, 119.0, 14, MSaapppaa, 0, 0, 0, 0, , 0, 0, 0, 0, 0, 
996, 0, 961, -1, -1, 161, 161, 131.0, 15, , 0, 0, 0, 0, , 0, 0, 0, 0, 0, 
997, 1, 962, 1004, -1, 164, 154, 127.5, 15, MSappapp, 0, 0, 0, 0, , 0, 0, 0, 0, 0, 
998, 1, 963, 1005, -1, 160, 165, 78.0, 14, ABplpaapaap, 0, 0, 0, 0, , 0, 0, 0, 0, 0, 
999, 1, 964, 1006, -1, 167, 158, 72.0, 13, ABplpaappap, 0, 0, 0, 0, , 0, 0, 0, 0, 0, 
1000, 1, 965, 1007, -1, 79, 123, 133.0, 15, ABplaapaaaa, 0, 0, 0, 0, , 0, 0, 0, 0, 0, 
1001, 1, 966, 1008, -1, 212, 135, 164.0, 13, ABarappappa, 0, 0, 0, 0, , 0, 0, 0, 0, 0, 
1002, 1, 967, 1010, -1, 146, 123, 126.0, 13, ABalpaaaapa, 0, 0, 0, 0, , 0, 0, 0, 0, 0, 
1003, 1, 968, 1011, -1, 172, 177, 123.0, 14, ABplppaapap, 0, 0, 0, 0, , 0, 0, 0, 0, 0, 
1004, 1, 969, 1012, -1, 87, 128, 101.5, 14, ABalapaaapa, 0, 0, 0, 0, , 0, 0, 0, 0, 0, 
1005, 1, 970, 1013, -1, 83, 133, 111.0, 13, ABalaaaalal, 0, 0, 0, 0, , 0, 0, 0, 0, 0, 
1006, 1, 971, 1014, -1, 77, 92, 117.0, 13, ABalappaapa, 0, 0, 0, 0, , 0, 0, 0, 0, 0, 
