1, 0, 1, -1, -1, 115, 92, 184.0, 9, , 45, 0, 0, 0, , 0, 0, 0, 0, 0, 
2, 0, 2, -1, -1, 180, 55, 180.0, 7, , 19, 0, 0, 0, , 0, 0, 0, 0, 0, 
3, 0, 3, -1, -1, 289, 119, 189.0, 9, , 40, 0, 0, 0, , 0, 0, 0, 0, 0, 
4, 0, 4, -1, -1, 196, 127, 74.0, 9, , 22, 0, 0, 0, , 0, 0, 0, 0, 0, 
5, 0, 5, -1, -1, 163, 138, 196.0, 9, , 69, 0, 0, 0, , 0, 0, 0, 0, 0, 
6, 0, 6, -1, -1, 162, 139, 200.0, 7, , 25, 0, 0, 0, , 0, 0, 0, 0, 0, 
7, 0, 7, -1, -1, 134, 179, 134.0, 9, , 83, 0, 0, 0, , 0, 0, 0, 0, 0, 
8, 0, 8, -1, -1, 126, 164, 164.0, 7, , 34, 0, 0, 0, , 0, 0, 0, 0, 0, 
9, 0, 9, -1, -1, 222, 126, 176.0, 9, , 39, 0, 0, 0, , 0, 0, 0, 0, 0, 
10, 0, 10, -1, -1, 120, 143, 137.0, 9, , 17, 0, 0, 0, , 0, 0, 0, 0, 0, 
11, 0, 11, -1, -1, 199, 131, 168.0, 11, , 44, 0, 0, 0, , 0, 0, 0, 0, 0, 
12, 0, 12, -1, -1, 132, 83, 150.0, 9, , 55, 0, 0, 0, , 0, 0, 0, 0, 0, 
13, 0, 13, -1, -1, 120, 151, 117.0, 7, , 21, 0, 0, 0, , 0, 0, 0, 0, 0, 
14, 0, 14, -1, -1, 296, 112, 196.0, 7, , 15, 0, 0, 0, , 0, 0, 0, 0, 0, 
15, 0, 15, -1, -1, 282, 115, 169.0, 9, , 47, 0, 0, 0, , 0, 0, 0, 0, 0, 
16, 0, 16, -1, -1, 182, 122, 111.0, 9, , 61, 0, 0, 0, , 0, 0, 0, 0, 0, 
17, 0, 17, -1, -1, 291, 103, 169.0, 9, , 9, 0, 0, 0, , 0, 0, 0, 0, 0, 
18, 0, 18, -1, -1, 81, 109, 191.0, 11, , 39, 0, 0, 0, , 0, 0, 0, 0, 0, 
19, 0, 19, -1, -1, 214, 157, 152.0, 9, , 31, 0, 0, 0, , 0, 0, 0, 0, 0, 
20, 0, 20, -1, -1, 202, 83, 192.0, 9, , 30, 0, 0, 0, , 0, 0, 0, 0, 0, 
21, 0, 21, -1, -1, 184, 130, 191.0, 9, , 32, 0, 0, 0, , 0, 0, 0, 0, 0, 
22, 0, 23, -1, -1, 270, 77, 186.0, 9, , 23, 0, 0, 0, , 0, 0, 0, 0, 0, 
23, 0, 24, -1, -1, 198, 170, 144.0, 11, , 78, 0, 0, 0, , 0, 0, 0, 0, 0, 
24, 0, 25, -1, -1, 320, 92, 187.0, 9, , 29, 0, 0, 0, , 0, 0, 0, 0, 0, 
25, 0, 26, -1, -1, 244, 68, 183.0, 9, , 21, 0, 0, 0, , 0, 0, 0, 0, 0, 
26, 0, 27, -1, -1, 259, 104, 181.0, 9, , 76, 0, 0, 0, , 0, 0, 0, 0, 0, 
27, 0, 28, -1, -1, 123, 89, 112.0, 9, , 33, 0, 0, 0, , 0, 0, 0, 0, 0, 
28, 0, 29, -1, -1, 192, 111, 154.0, 13, , 107, 0, 0, 0, , 0, 0, 0, 0, 0, 
29, 0, 30, -1, -1, 112, 102, 184.0, 9, , 48, 0, 0, 0, , 0, 0, 0, 0, 0, 
30, 0, 31, -1, -1, 111, 142, 175.0, 9, , 75, 0, 0, 0, , 0, 0, 0, 0, 0, 
31, 0, 33, -1, -1, 220, 146, 144.0, 9, , 48, 0, 0, 0, , 0, 0, 0, 0, 0, 
32, 0, 34, -1, -1, 291, 62, 177.0, 9, , 45, 0, 0, 0, , 0, 0, 0, 0, 0, 
33, 0, 35, -1, -1, 266, 71, 185.0, 9, , 24, 0, 0, 0, , 0, 0, 0, 0, 0, 
34, 0, 36, -1, -1, 167, 126, 199.0, 9, , 78, 0, 0, 0, , 0, 0, 0, 0, 0, 
35, 0, 37, -1, -1, 179, 118, 96.0, 9, , 59, 0, 0, 0, , 0, 0, 0, 0, 0, 
36, 0, 38, -1, -1, 264, 163, 163.0, 7, , 26, 0, 0, 0, , 0, 0, 0, 0, 0, 
37, 0, 39, -1, -1, 156, 98, 150.0, 9, , 21, 0, 0, 0, , 0, 0, 0, 0, 0, 
38, 0, 40, -1, -1, 120, 91, 100.0, 13, , 57, 0, 0, 0, , 0, 0, 0, 0, 0, 
39, 0, 41, -1, -1, 114, 99, 119.0, 9, , 53, 0, 0, 0, , 0, 0, 0, 0, 0, 
40, 0, 42, -1, -1, 116, 98, 115.0, 9, , 59, 0, 0, 0, , 0, 0, 0, 0, 0, 
41, 0, 43, -1, -1, 122, 135, 153.0, 9, , 22, 0, 0, 0, , 0, 0, 0, 0, 0, 
42, 0, 44, -1, -1, 67, 122, 158.0, 9, , 60, 0, 0, 0, , 0, 0, 0, 0, 0, 
43, 0, 45, -1, -1, 155, 126, 209.0, 11, , 77, 0, 0, 0, , 0, 0, 0, 0, 0, 
44, 0, 46, -1, -1, 145, 103, 202.0, 9, , 75, 0, 0, 0, , 0, 0, 0, 0, 0, 
45, 0, 47, -1, -1, 131, 60, 160.0, 9, , 72, 0, 0, 0, , 0, 0, 0, 0, 0, 
46, 0, 48, -1, -1, 145, 87, 168.0, 7, , 23, 0, 0, 0, , 0, 0, 0, 0, 0, 
47, 0, 49, -1, -1, 260, 105, 178.0, 9, , 35, 0, 0, 0, , 0, 0, 0, 0, 0, 
48, 0, 50, -1, -1, 287, 56, 176.0, 7, , 18, 0, 0, 0, , 0, 0, 0, 0, 0, 
49, 0, 51, -1, -1, 273, 87, 198.0, 11, , 29, 0, 0, 0, , 0, 0, 0, 0, 0, 
50, 0, 52, -1, -1, 145, 115, 155.0, 9, , 29, 0, 0, 0, , 0, 0, 0, 0, 0, 
51, 0, 53, -1, -1, 157, 126, 205.0, 9, , 21, 0, 0, 0, , 0, 0, 0, 0, 0, 
52, 0, 54, -1, -1, 298, 111, 191.0, 9, , 38, 0, 0, 0, , 0, 0, 0, 0, 0, 
53, 0, 55, -1, -1, 153, 152, 167.0, 9, , 67, 0, 0, 0, , 0, 0, 0, 0, 0, 
54, 0, 56, -1, -1, 220, 144, 146.0, 9, , 27, 0, 0, 0, , 0, 0, 0, 0, 0, 
55, 0, 57, -1, -1, 252, 106, 163.0, 9, , 43, 0, 0, 0, , 0, 0, 0, 0, 0, 
56, 0, 58, -1, -1, 113, 102, 181.0, 9, , 26, 0, 0, 0, , 0, 0, 0, 0, 0, 
57, 0, 59, -1, -1, 204, 82, 194.0, 11, , 123, 0, 0, 0, , 0, 0, 0, 0, 0, 
58, 0, 61, -1, -1, 127, 163, 169.0, 9, , 130, 0, 0, 0, , 0, 0, 0, 0, 0, 
59, 0, 62, -1, -1, 137, 132, 146.0, 9, , 55, 0, 0, 0, , 0, 0, 0, 0, 0, 
60, 0, 63, -1, -1, 200, 171, 143.0, 11, , 69, 0, 0, 0, , 0, 0, 0, 0, 0, 
61, 0, 64, -1, -1, 117, 89, 106.0, 9, , 27, 0, 0, 0, , 0, 0, 0, 0, 0, 
62, 0, 65, -1, -1, 154, 82, 211.0, 9, , 51, 0, 0, 0, , 0, 0, 0, 0, 0, 
63, 0, 66, -1, -1, 144, 104, 206.0, 9, , 25, 0, 0, 0, , 0, 0, 0, 0, 0, 
64, 0, 67, -1, -1, 131, 60, 155.0, 9, , 17, 0, 0, 0, , 0, 0, 0, 0, 0, 
65, 0, 68, -1, -1, 144, 153, 169.0, 11, , 73, 0, 0, 0, , 0, 0, 0, 0, 0, 
66, 0, 69, -1, -1, 131, 154, 177.0, 9, , 59, 0, 0, 0, , 0, 0, 0, 0, 0, 
67, 0, 70, -1, -1, 153, 61, 183.0, 9, , 25, 0, 0, 0, , 0, 0, 0, 0, 0, 
68, 0, 71, -1, -1, 151, 93, 207.0, 9, , 54, 0, 0, 0, , 0, 0, 0, 0, 0, 
69, 0, 72, -1, -1, 211, 135, 168.0, 9, , 71, 0, 0, 0, , 0, 0, 0, 0, 0, 
70, 0, 73, -1, -1, 134, 108, 179.0, 7, , 52, 0, 0, 0, , 0, 0, 0, 0, 0, 
71, 0, 74, -1, -1, 155, 64, 189.0, 7, , 24, 0, 0, 0, , 0, 0, 0, 0, 0, 
72, 0, 75, -1, -1, 265, 77, 189.0, 9, , 53, 0, 0, 0, , 0, 0, 0, 0, 0, 
73, 0, 76, -1, -1, 239, 63, 176.0, 9, , 61, 0, 0, 0, , 0, 0, 0, 0, 0, 
74, 0, 77, -1, -1, 171, 100, 210.0, 7, , 54, 0, 0, 0, , 0, 0, 0, 0, 0, 
75, 0, 78, -1, -1, 160, 76, 187.0, 11, , 102, 0, 0, 0, , 0, 0, 0, 0, 0, 
76, 0, 79, -1, -1, 215, 75, 189.0, 9, , 17, 0, 0, 0, , 0, 0, 0, 0, 0, 
77, 0, 80, -1, -1, 178, 120, 92.0, 9, , 20, 0, 0, 0, , 0, 0, 0, 0, 0, 
78, 0, 81, -1, -1, 219, 147, 149.0, 9, , 30, 0, 0, 0, , 0, 0, 0, 0, 0, 
79, 0, 82, -1, -1, 159, 87, 170.0, 9, , 32, 0, 0, 0, , 0, 0, 0, 0, 0, 
80, 0, 83, -1, -1, 108, 153, 169.0, 7, , 15, 0, 0, 0, , 0, 0, 0, 0, 0, 
81, 0, 84, -1, -1, 132, 150, 195.0, 9, , 51, 0, 0, 0, , 0, 0, 0, 0, 0, 
82, 0, 85, -1, -1, 116, 92, 94.0, 11, , 28, 0, 0, 0, , 0, 0, 0, 0, 0, 
83, 0, 86, -1, -1, 65, 122, 161.0, 9, , 32, 0, 0, 0, , 0, 0, 0, 0, 0, 
84, 0, 87, -1, -1, 95, 91, 180.0, 11, , 156, 0, 0, 0, , 0, 0, 0, 0, 0, 
85, 0, 88, -1, -1, 219, 73, 185.0, 9, , 34, 0, 0, 0, , 0, 0, 0, 0, 0, 
86, 0, 89, -1, -1, 94, 91, 188.0, 9, , 54, 0, 0, 0, , 0, 0, 0, 0, 0, 
87, 0, 90, -1, -1, 125, 141, 189.0, 9, , 83, 0, 0, 0, , 0, 0, 0, 0, 0, 
88, 0, 91, -1, -1, 119, 120, 66.0, 9, , 30, 0, 0, 0, , 0, 0, 0, 0, 0, 
89, 0, 92, -1, -1, 226, 42, 176.0, 7, , 30, 0, 0, 0, , 0, 0, 0, 0, 0, 
90, 0, 93, -1, -1, 228, 43, 174.0, 9, , 23, 0, 0, 0, , 0, 0, 0, 0, 0, 
91, 0, 94, -1, -1, 293, 62, 177.0, 7, , 16, 0, 0, 0, , 0, 0, 0, 0, 0, 
92, 0, 95, -1, -1, 135, 179, 137.0, 9, , 115, 0, 0, 0, , 0, 0, 0, 0, 0, 
93, 0, 96, -1, -1, 157, 87, 162.0, 9, , 69, 0, 0, 0, , 0, 0, 0, 0, 0, 
94, 0, 97, -1, -1, 317, 76, 158.0, 9, , 20, 0, 0, 0, , 0, 0, 0, 0, 0, 
95, 0, 98, -1, -1, 160, 76, 184.0, 9, , 34, 0, 0, 0, , 0, 0, 0, 0, 0, 
96, 0, 99, -1, -1, 162, 82, 209.0, 9, , 54, 0, 0, 0, , 0, 0, 0, 0, 0, 
97, 0, 100, -1, -1, 287, 62, 180.0, 9, , 49, 0, 0, 0, , 0, 0, 0, 0, 0, 
98, 0, 101, -1, -1, 114, 88, 122.0, 7, , 20, 0, 0, 0, , 0, 0, 0, 0, 0, 
99, 0, 102, -1, -1, 256, 42, 128.0, 9, , 33, 0, 0, 0, , 0, 0, 0, 0, 0, 
100, 0, 103, -1, -1, 134, 48, 166.0, 9, , 29, 0, 0, 0, , 0, 0, 0, 0, 0, 
101, 0, 104, -1, -1, 134, 150, 115.0, 9, , 75, 0, 0, 0, , 0, 0, 0, 0, 0, 
102, 0, 105, -1, -1, 136, 127, 187.0, 9, , 56, 0, 0, 0, , 0, 0, 0, 0, 0, 
103, 0, 106, -1, -1, 145, 95, 102.0, 11, , 123, 0, 0, 0, , 0, 0, 0, 0, 0, 
104, 0, 107, -1, -1, 152, 150, 165.0, 13, , 113, 0, 0, 0, , 0, 0, 0, 0, 0, 
105, 0, 108, -1, -1, 115, 91, 180.0, 9, , 57, 0, 0, 0, , 0, 0, 0, 0, 0, 
106, 0, 109, -1, -1, 181, 118, 115.0, 9, , 39, 0, 0, 0, , 0, 0, 0, 0, 0, 
107, 0, 110, -1, -1, 143, 110, 161.0, 9, , 81, 0, 0, 0, , 0, 0, 0, 0, 0, 
108, 0, 111, -1, -1, 124, 148, 151.0, 9, , 77, 0, 0, 0, , 0, 0, 0, 0, 0, 
109, 0, 112, -1, -1, 116, 102, 178.0, 7, , 27, 0, 0, 0, , 0, 0, 0, 0, 0, 
110, 0, 113, -1, -1, 123, 114, 185.0, 9, , 122, 0, 0, 0, , 0, 0, 0, 0, 0, 
111, 0, 114, -1, -1, 280, 88, 192.0, 9, , 20, 0, 0, 0, , 0, 0, 0, 0, 0, 
112, 0, 115, -1, -1, 122, 141, 194.0, 7, , 27, 0, 0, 0, , 0, 0, 0, 0, 0, 
113, 0, 116, -1, -1, 236, 66, 183.0, 9, , 52, 0, 0, 0, , 0, 0, 0, 0, 0, 
114, 0, 117, -1, -1, 275, 83, 193.0, 9, , 32, 0, 0, 0, , 0, 0, 0, 0, 0, 
115, 0, 118, -1, -1, 194, 137, 199.0, 7, , 30, 0, 0, 0, , 0, 0, 0, 0, 0, 
116, 0, 119, -1, -1, 113, 88, 118.0, 11, , 44, 0, 0, 0, , 0, 0, 0, 0, 0, 
117, 0, 120, -1, -1, 160, 72, 189.0, 7, , 42, 0, 0, 0, , 0, 0, 0, 0, 0, 
118, 0, 121, -1, -1, 116, 87, 109.0, 9, , 75, 0, 0, 0, , 0, 0, 0, 0, 0, 
119, 0, 122, -1, -1, 120, 134, 158.0, 9, , 34, 0, 0, 0, , 0, 0, 0, 0, 0, 
120, 0, 123, -1, -1, 89, 94, 191.0, 9, , 28, 0, 0, 0, , 0, 0, 0, 0, 0, 
121, 0, 124, -1, -1, 304, 160, 105.0, 9, , 64, 0, 0, 0, , 0, 0, 0, 0, 0, 
122, 0, 125, -1, -1, 70, 108, 169.0, 9, , 32, 0, 0, 0, , 0, 0, 0, 0, 0, 
123, 0, 126, -1, -1, 232, 41, 175.0, 9, , 38, 0, 0, 0, , 0, 0, 0, 0, 0, 
124, 0, 128, -1, -1, 220, 77, 192.0, 11, , 64, 0, 0, 0, , 0, 0, 0, 0, 0, 
125, 0, 129, -1, -1, 202, 85, 199.0, 9, , 81, 0, 0, 0, , 0, 0, 0, 0, 0, 
126, 0, 130, -1, -1, 221, 145, 141.0, 9, , 47, 0, 0, 0, , 0, 0, 0, 0, 0, 
127, 0, 131, -1, -1, 128, 82, 160.0, 11, , 76, 0, 0, 0, , 0, 0, 0, 0, 0, 
128, 0, 132, -1, -1, 92, 94, 176.0, 9, , 65, 0, 0, 0, , 0, 0, 0, 0, 0, 
129, 0, 133, -1, -1, 207, 88, 196.0, 7, , 15, 0, 0, 0, , 0, 0, 0, 0, 0, 
130, 0, 134, -1, -1, 122, 176, 131.0, 9, , 21, 0, 0, 0, , 0, 0, 0, 0, 0, 
131, 0, 135, -1, -1, 111, 164, 150.0, 9, , 13, 0, 0, 0, , 0, 0, 0, 0, 0, 
132, 0, 136, -1, -1, 168, 76, 171.0, 9, , 33, 0, 0, 0, , 0, 0, 0, 0, 0, 
133, 0, 137, -1, -1, 102, 156, 154.0, 9, , 35, 0, 0, 0, , 0, 0, 0, 0, 0, 
134, 0, 138, -1, -1, 69, 109, 173.0, 9, , 69, 0, 0, 0, , 0, 0, 0, 0, 0, 
135, 0, 141, -1, -1, 159, 87, 85.0, 11, , 21, 0, 0, 0, , 0, 0, 0, 0, 0, 
136, 0, 142, -1, -1, 137, 75, 159.0, 9, , 50, 0, 0, 0, , 0, 0, 0, 0, 0, 
137, 0, 143, -1, -1, 263, 163, 161.0, 9, , 34, 0, 0, 0, , 0, 0, 0, 0, 0, 
138, 0, 144, -1, -1, 236, 64, 180.0, 9, , 51, 0, 0, 0, , 0, 0, 0, 0, 0, 
139, 0, 145, -1, -1, 121, 114, 192.0, 9, , 53, 0, 0, 0, , 0, 0, 0, 0, 0, 
140, 0, 146, -1, -1, 291, 117, 183.0, 9, , 24, 0, 0, 0, , 0, 0, 0, 0, 0, 
141, 0, 147, -1, -1, 158, 87, 167.0, 9, , 86, 0, 0, 0, , 0, 0, 0, 0, 0, 
142, 0, 148, -1, -1, 184, 59, 185.0, 9, , 54, 0, 0, 0, , 0, 0, 0, 0, 0, 
143, 0, 149, -1, -1, 160, 72, 192.0, 9, , 47, 0, 0, 0, , 0, 0, 0, 0, 0, 
144, 0, 150, -1, -1, 76, 149, 105.0, 11, , 91, 0, 0, 0, , 0, 0, 0, 0, 0, 
145, 0, 151, -1, -1, 321, 93, 181.0, 9, , 22, 0, 0, 0, , 0, 0, 0, 0, 0, 
146, 0, 152, -1, -1, 180, 118, 89.0, 11, , 51, 0, 0, 0, , 0, 0, 0, 0, 0, 
147, 0, 153, -1, -1, 159, 89, 154.0, 9, , 56, 0, 0, 0, , 0, 0, 0, 0, 0, 
148, 0, 154, -1, -1, 116, 137, 175.0, 9, , 56, 0, 0, 0, , 0, 0, 0, 0, 0, 
149, 0, 155, -1, -1, 134, 61, 162.0, 9, , 85, 0, 0, 0, , 0, 0, 0, 0, 0, 
150, 0, 156, -1, -1, 158, 82, 204.0, 11, , 97, 0, 0, 0, , 0, 0, 0, 0, 0, 
151, 0, 157, -1, -1, 151, 115, 163.0, 9, , 134, 0, 0, 0, , 0, 0, 0, 0, 0, 
152, 0, 158, -1, -1, 136, 127, 144.0, 9, , 107, 0, 0, 0, , 0, 0, 0, 0, 0, 
153, 0, 159, -1, -1, 194, 137, 194.0, 9, , 77, 0, 0, 0, , 0, 0, 0, 0, 0, 
154, 0, 160, -1, -1, 196, 139, 188.0, 11, , 123, 0, 0, 0, , 0, 0, 0, 0, 0, 
155, 0, 161, -1, -1, 146, 145, 148.0, 9, , 51, 0, 0, 0, , 0, 0, 0, 0, 0, 
156, 0, 162, -1, -1, 101, 155, 161.0, 9, , 50, 0, 0, 0, , 0, 0, 0, 0, 0, 
157, 0, 163, -1, -1, 118, 137, 172.0, 9, , 26, 0, 0, 0, , 0, 0, 0, 0, 0, 
158, 0, 164, -1, -1, 249, 106, 170.0, 9, , 32, 0, 0, 0, , 0, 0, 0, 0, 0, 
159, 0, 165, -1, -1, 126, 151, 192.0, 7, , 22, 0, 0, 0, , 0, 0, 0, 0, 0, 
160, 0, 166, -1, -1, 133, 105, 153.0, 11, , 88, 0, 0, 0, , 0, 0, 0, 0, 0, 
161, 0, 167, -1, -1, 138, 125, 183.0, 9, , 43, 0, 0, 0, , 0, 0, 0, 0, 0, 
162, 0, 169, -1, -1, 81, 107, 86.0, 7, , 16, 0, 0, 0, , 0, 0, 0, 0, 0, 
163, 0, 170, -1, -1, 123, 177, 128.0, 9, , 30, 0, 0, 0, , 0, 0, 0, 0, 0, 
164, 0, 171, -1, -1, 119, 142, 133.0, 9, , 50, 0, 0, 0, , 0, 0, 0, 0, 0, 
165, 0, 172, -1, -1, 81, 122, 140.0, 9, , 15, 0, 0, 0, , 0, 0, 0, 0, 0, 
166, 0, 173, -1, -1, 145, 109, 155.0, 9, , 85, 0, 0, 0, , 0, 0, 0, 0, 0, 
167, 0, 174, -1, -1, 98, 64, 157.0, 7, , 10, 0, 0, 0, , 0, 0, 0, 0, 0, 
168, 0, 175, -1, -1, 139, 86, 164.0, 9, , 39, 0, 0, 0, , 0, 0, 0, 0, 0, 
169, 0, 176, -1, -1, 227, 39, 167.0, 13, , 53, 0, 0, 0, , 0, 0, 0, 0, 0, 
170, 0, 177, -1, -1, 70, 110, 178.0, 11, , 32, 0, 0, 0, , 0, 0, 0, 0, 0, 
171, 0, 178, -1, -1, 221, 84, 187.0, 9, , 27, 0, 0, 0, , 0, 0, 0, 0, 0, 
172, 0, 179, -1, -1, 151, 93, 205.0, 7, , 22, 0, 0, 0, , 0, 0, 0, 0, 0, 
173, 0, 180, -1, -1, 114, 89, 124.0, 9, , 21, 0, 0, 0, , 0, 0, 0, 0, 0, 
174, 0, 181, -1, -1, 143, 118, 136.0, 9, , 5, 0, 0, 0, , 0, 0, 0, 0, 0, 
175, 0, 182, -1, -1, 135, 127, 148.0, 9, , 38, 0, 0, 0, , 0, 0, 0, 0, 0, 
176, 0, 183, -1, -1, 193, 111, 151.0, 13, , 46, 0, 0, 0, , 0, 0, 0, 0, 0, 
177, 0, 184, -1, -1, 153, 114, 156.0, 9, , 117, 0, 0, 0, , 0, 0, 0, 0, 0, 
178, 0, 185, -1, -1, 99, 141, 165.0, 9, , 32, 0, 0, 0, , 0, 0, 0, 0, 0, 
179, 0, 186, -1, -1, 150, 63, 185.0, 9, , 50, 0, 0, 0, , 0, 0, 0, 0, 0, 
180, 0, 187, -1, -1, 65, 90, 126.0, 9, , 7, 0, 0, 0, , 0, 0, 0, 0, 0, 
181, 0, 188, -1, -1, 199, 171, 139.0, 11, , 88, 0, 0, 0, , 0, 0, 0, 0, 0, 
182, 0, 189, -1, -1, 214, 158, 156.0, 9, , 49, 0, 0, 0, , 0, 0, 0, 0, 0, 
183, 0, 190, -1, -1, 108, 116, 163.0, 11, , 54, 0, 0, 0, , 0, 0, 0, 0, 0, 
184, 0, 191, -1, -1, 150, 115, 165.0, 7, , 34, 0, 0, 0, , 0, 0, 0, 0, 0, 
185, 0, 192, -1, -1, 133, 50, 171.0, 9, , 36, 0, 0, 0, , 0, 0, 0, 0, 0, 
186, 0, 193, -1, -1, 290, 125, 168.0, 11, , 131, 0, 0, 0, , 0, 0, 0, 0, 0, 
187, 0, 194, -1, -1, 291, 124, 171.0, 9, , 33, 0, 0, 0, , 0, 0, 0, 0, 0, 
188, 0, 195, -1, -1, 142, 63, 176.0, 11, , 71, 0, 0, 0, , 0, 0, 0, 0, 0, 
189, 0, 196, -1, -1, 279, 169, 174.0, 7, , 11, 0, 0, 0, , 0, 0, 0, 0, 0, 
190, 0, 197, -1, -1, 159, 136, 197.0, 9, , 15, 0, 0, 0, , 0, 0, 0, 0, 0, 
191, 0, 198, -1, -1, 134, 103, 147.0, 9, , 51, 0, 0, 0, , 0, 0, 0, 0, 0, 
192, 0, 199, -1, -1, 137, 49, 172.0, 13, , 56, 0, 0, 0, , 0, 0, 0, 0, 0, 
193, 0, 200, -1, -1, 184, 59, 188.0, 9, , 32, 0, 0, 0, , 0, 0, 0, 0, 0, 
194, 0, 201, -1, -1, 135, 83, 106.0, 7, , 3, 0, 0, 0, , 0, 0, 0, 0, 0, 
195, 0, 202, -1, -1, 181, 121, 108.0, 11, , 35, 0, 0, 0, , 0, 0, 0, 0, 0, 
196, 0, 203, -1, -1, 133, 154, 108.0, 11, , 101, 0, 0, 0, , 0, 0, 0, 0, 0, 
197, 0, 204, -1, -1, 125, 177, 124.0, 7, , 20, 0, 0, 0, , 0, 0, 0, 0, 0, 
198, 0, 206, -1, -1, 116, 148, 155.0, 9, , 50, 0, 0, 0, , 0, 0, 0, 0, 0, 
199, 0, 207, -1, -1, 127, 82, 154.0, 11, , 111, 0, 0, 0, , 0, 0, 0, 0, 0, 
200, 0, 208, -1, -1, 295, 102, 167.0, 11, , 103, 0, 0, 0, , 0, 0, 0, 0, 0, 
201, 0, 209, -1, -1, 146, 65, 181.0, 9, , 19, 0, 0, 0, , 0, 0, 0, 0, 0, 
202, 0, 210, -1, -1, 134, 126, 190.0, 9, , 27, 0, 0, 0, , 0, 0, 0, 0, 0, 
203, 0, 211, -1, -1, 309, 170, 132.0, 7, , 15, 0, 0, 0, , 0, 0, 0, 0, 0, 
204, 0, 213, -1, -1, 105, 152, 146.0, 9, , 23, 0, 0, 0, , 0, 0, 0, 0, 0, 
205, 0, 214, -1, -1, 122, 147, 156.0, 11, , 54, 0, 0, 0, , 0, 0, 0, 0, 0, 
206, 0, 215, -1, -1, 211, 135, 163.0, 11, , 79, 0, 0, 0, , 0, 0, 0, 0, 0, 
207, 0, 216, -1, -1, 141, 86, 170.0, 11, , 83, 0, 0, 0, , 0, 0, 0, 0, 0, 
208, 0, 217, -1, -1, 134, 109, 183.0, 7, , 13, 0, 0, 0, , 0, 0, 0, 0, 0, 
209, 0, 218, -1, -1, 110, 160, 179.0, 9, , 25, 0, 0, 0, , 0, 0, 0, 0, 0, 
210, 0, 219, -1, -1, 139, 157, 132.0, 11, , 113, 0, 0, 0, , 0, 0, 0, 0, 0, 
211, 0, 220, -1, -1, 57, 110, 89.0, 9, , 21, 0, 0, 0, , 0, 0, 0, 0, 0, 
212, 0, 221, -1, -1, 229, 127, 90.0, 9, , 21, 0, 0, 0, , 0, 0, 0, 0, 0, 
213, 0, 222, -1, -1, 96, 144, 91.0, 9, , 92, 0, 0, 0, , 0, 0, 0, 0, 0, 
214, 0, 223, -1, -1, 127, 135, 92.0, 11, , 52, 0, 0, 0, , 0, 0, 0, 0, 0, 
215, 0, 224, -1, -1, 236, 117, 97.0, 9, , 14, 0, 0, 0, , 0, 0, 0, 0, 0, 
216, 0, 225, -1, -1, 213, 153, 96.0, 9, , 7, 0, 0, 0, , 0, 0, 0, 0, 0, 
217, 0, 226, -1, -1, 76, 148, 99.0, 9, , 52, 0, 0, 0, , 0, 0, 0, 0, 0, 
218, 0, 227, -1, -1, 148, 95, 106.0, 9, , 25, 0, 0, 0, , 0, 0, 0, 0, 0, 
219, 0, 228, -1, -1, 81, 133, 107.0, 9, , 38, 0, 0, 0, , 0, 0, 0, 0, 0, 
220, 0, 229, -1, -1, 178, 57, 113.0, 9, , 59, 0, 0, 0, , 0, 0, 0, 0, 0, 
221, 0, 230, -1, -1, 148, 167, 121.0, 11, , 16, 0, 0, 0, , 0, 0, 0, 0, 0, 
222, 0, 231, -1, -1, 111, 98, 123.0, 9, , 87, 0, 0, 0, , 0, 0, 0, 0, 0, 
223, 0, 232, -1, -1, 154, 134, 126.0, 7, , 15, 0, 0, 0, , 0, 0, 0, 0, 0, 
224, 0, 233, -1, -1, 125, 87, 131.0, 9, , 36, 0, 0, 0, , 0, 0, 0, 0, 0, 
225, 0, 234, -1, -1, 122, 86, 134.0, 9, , 45, 0, 0, 0, , 0, 0, 0, 0, 0, 
226, 0, 235, -1, -1, 78, 125, 133.0, 9, , 23, 0, 0, 0, , 0, 0, 0, 0, 0, 
227, 0, 236, -1, -1, 284, 166, 134.0, 9, , 107, 0, 0, 0, , 0, 0, 0, 0, 0, 
228, 0, 237, -1, -1, 143, 119, 137.0, 9, , 28, 0, 0, 0, , 0, 0, 0, 0, 0, 
229, 0, 238, -1, -1, 140, 127, 140.0, 9, , 31, 0, 0, 0, , 0, 0, 0, 0, 0, 
230, 0, 239, -1, -1, 195, 111, 146.0, 9, , 52, 0, 0, 0, , 0, 0, 0, 0, 0, 
231, 0, 240, -1, -1, 75, 130, 146.0, 7, , 13, 0, 0, 0, , 0, 0, 0, 0, 0, 
232, 0, 241, -1, -1, 146, 144, 145.0, 9, , 37, 0, 0, 0, , 0, 0, 0, 0, 0, 
233, 0, 242, -1, -1, 192, 110, 149.0, 9, , 44, 0, 0, 0, , 0, 0, 0, 0, 0, 
234, 0, 243, -1, -1, 115, 174, 155.0, 9, , 5, 0, 0, 0, , 0, 0, 0, 0, 0, 
235, 0, 244, -1, -1, 118, 44, 156.0, 9, , 20, 0, 0, 0, , 0, 0, 0, 0, 0, 
236, 0, 245, -1, -1, 159, 160, 157.0, 11, , 83, 0, 0, 0, , 0, 0, 0, 0, 0, 
237, 0, 246, -1, -1, 220, 117, 157.0, 11, , 12, 0, 0, 0, , 0, 0, 0, 0, 0, 
238, 0, 247, -1, -1, 252, 106, 165.0, 9, , 57, 0, 0, 0, , 0, 0, 0, 0, 0, 
239, 0, 248, -1, -1, 326, 97, 163.0, 9, , 40, 0, 0, 0, , 0, 0, 0, 0, 0, 
240, 0, 249, -1, -1, 106, 117, 165.0, 9, , 40, 0, 0, 0, , 0, 0, 0, 0, 0, 
241, 0, 250, -1, -1, 168, 75, 173.0, 11, , 56, 0, 0, 0, , 0, 0, 0, 0, 0, 
242, 0, 251, -1, -1, 105, 160, 174.0, 9, , 49, 0, 0, 0, , 0, 0, 0, 0, 0, 
243, 0, 252, -1, -1, 144, 95, 173.0, 7, , 22, 0, 0, 0, , 0, 0, 0, 0, 0, 
244, 0, 253, -1, -1, 147, 152, 175.0, 9, , 36, 0, 0, 0, , 0, 0, 0, 0, 0, 
245, 0, 254, -1, -1, 125, 88, 179.0, 7, , 19, 0, 0, 0, , 0, 0, 0, 0, 0, 
246, 0, 255, -1, -1, 130, 50, 178.0, 7, , 56, 0, 0, 0, , 0, 0, 0, 0, 0, 
247, 0, 256, -1, -1, 301, 152, 180.0, 9, , 21, 0, 0, 0, , 0, 0, 0, 0, 0, 
248, 0, 257, -1, -1, 164, 157, 184.0, 11, , 104, 0, 0, 0, , 0, 0, 0, 0, 0, 
249, 0, 258, -1, -1, 268, 71, 182.0, 9, , 42, 0, 0, 0, , 0, 0, 0, 0, 0, 
250, 0, 259, -1, -1, 82, 100, 184.0, 9, , 43, 0, 0, 0, , 0, 0, 0, 0, 0, 
251, 0, 260, -1, -1, 284, 157, 186.0, 7, , 11, 0, 0, 0, , 0, 0, 0, 0, 0, 
252, 0, 261, -1, -1, 184, 137, 187.0, 9, , 51, 0, 0, 0, , 0, 0, 0, 0, 0, 
253, 0, 262, -1, -1, 257, 123, 188.0, 9, , 51, 0, 0, 0, , 0, 0, 0, 0, 0, 
254, 0, 263, -1, -1, 167, 155, 189.0, 9, , 57, 0, 0, 0, , 0, 0, 0, 0, 0, 
255, 0, 264, -1, -1, 204, 78, 197.0, 7, , 23, 0, 0, 0, , 0, 0, 0, 0, 0, 
256, 0, 265, -1, -1, 281, 137, 198.0, 9, , 105, 0, 0, 0, , 0, 0, 0, 0, 0, 
257, 0, 266, -1, -1, 289, 98, 200.0, 9, , 33, 0, 0, 0, , 0, 0, 0, 0, 0, 
258, 0, 267, -1, -1, 158, 88, 158.0, 9, , 89, 0, 0, 0, , 0, 0, 0, 0, 0, 
259, 0, 268, -1, -1, 199, 131, 170.0, 9, , 54, 0, 0, 0, , 0, 0, 0, 0, 0, 
260, 0, -1, -1, -1, 168, 124, 205.0, 9, , 45, 0, 0, 0, , 0, 0, 0, 0, 0, 
261, 0, -1, -1, -1, 146, 95, 103.0, 13, , 114, 0, 0, 0, , 0, 0, 0, 0, 0, 
262, 0, -1, -1, -1, 65, 117, 153.0, 9, , 32, 0, 0, 0, , 0, 0, 0, 0, 0, 
263, 0, -1, -1, -1, 101, 155, 157.0, 9, , 92, 0, 0, 0, , 0, 0, 0, 0, 0, 
264, 0, -1, -1, -1, 124, 126, 157.0, 7, , 23, 0, 0, 0, , 0, 0, 0, 0, 0, 
265, 0, -1, -1, -1, 174, 92, 157.0, 9, , 13, 0, 0, 0, , 0, 0, 0, 0, 0, 
266, 0, -1, -1, -1, 113, 143, 169.0, 9, , 44, 0, 0, 0, , 0, 0, 0, 0, 0, 
267, 0, -1, -1, -1, 231, 41, 170.0, 9, , 51, 0, 0, 0, , 0, 0, 0, 0, 0, 
268, 0, -1, -1, -1, 98, 78, 176.0, 9, , 4, 0, 0, 0, , 0, 0, 0, 0, 0, 
269, 0, -1, -1, -1, 278, 168, 176.0, 7, , 15, 0, 0, 0, , 0, 0, 0, 0, 0, 
270, 0, -1, -1, -1, 159, 140, 177.0, 9, , 29, 0, 0, 0, , 0, 0, 0, 0, 0, 
271, 0, -1, -1, -1, 186, 58, 183.0, 9, , 37, 0, 0, 0, , 0, 0, 0, 0, 0, 
272, 0, -1, -1, -1, 129, 152, 186.0, 7, , 32, 0, 0, 0, , 0, 0, 0, 0, 0, 
273, 0, -1, -1, -1, 147, 142, 193.0, 9, , 28, 0, 0, 0, , 0, 0, 0, 0, 0, 
274, 0, -1, -1, -1, 145, 112, 151.0, 11, , 86, 0, 0, 0, , 0, 0, 0, 0, 0, 
275, 0, -1, -1, -1, 154, 114, 153.0, 9, , 38, 0, 0, 0, , 0, 0, 0, 0, 0, 
276, 0, -1, -1, -1, 174, 93, 164.0, 9, , 34, 0, 0, 0, , 0, 0, 0, 0, 0, 
277, 0, -1, -1, -1, 198, 140, 185.0, 9, , 50, 0, 0, 0, , 0, 0, 0, 0, 0, 
278, 1, 269, 164, -1, 304, 90, 132.0, 14, Eprpa, 0, 0, 0, 0, , 0, 0, 0, 0, 0, 
279, 1, 270, 165, -1, 241, 63, 182.33333, 16, ABprappaap, 0, 0, 0, 0, , 0, 0, 0, 0, 0, 
280, 1, 271, 166, -1, 126, 136, 90.0, 15, ABplpaapaaa, 0, 0, 0, 0, , 0, 0, 0, 0, 0, 
281, 1, 272, 167, -1, 97, 141, 69.0, 15, ABplaaappa, 0, 0, 0, 0, , 0, 0, 0, 0, 0, 
282, 1, 273, 168, -1, 128, 124, 63.0, 16, ABplaaappp, 0, 0, 0, 0, , 0, 0, 0, 0, 0, 
283, 0, 274, -1, -1, 169, 131, 62.0, 14, , 0, 0, 0, 0, , 0, 0, 0, 0, 0, 
284, 1, 275, 170, -1, 87, 77, 184.0, 13, ABarpapppa, 0, 0, 0, 0, , 0, 0, 0, 0, 0, 
285, 1, 276, 171, -1, 119, 55, 179.0, 14, ABarpapppp, 0, 0, 0, 0, , 0, 0, 0, 0, 0, 
286, 1, 277, 172, -1, 154, 49, 185.0, 16, ABarpppaap, 0, 0, 0, 0, , 0, 0, 0, 0, 0, 
287, 1, 278, 173, -1, 184, 121, 56.0, 17, ABarppapaa, 0, 0, 0, 0, , 0, 0, 0, 0, 0, 
288, 1, 279, 174, -1, 212, 119, 66.0, 18, ABarppapap, 0, 0, 0, 0, , 0, 0, 0, 0, 0, 
289, 1, 280, 175, -1, 201, 46, 178.0, 15, ABarppppap, 0, 0, 0, 0, , 0, 0, 0, 0, 0, 
290, 1, 281, 176, -1, 234, 115, 64.0, 15, ABplappapa, 0, 0, 0, 0, , 0, 0, 0, 0, 0, 
291, 1, 282, 177, -1, 227, 39, 169.0, 11, ABprappapa, 0, 0, 0, 0, , 0, 0, 0, 0, 0, 
292, 1, 283, 178, -1, 259, 121, 73.0, 17, ABarppappa, 0, 0, 0, 0, , 0, 0, 0, 0, 0, 
293, 1, 284, 179, -1, 259, 50, 172.0, 14, ABarpppppa, 0, 0, 0, 0, , 0, 0, 0, 0, 0, 
294, 1, 285, 180, -1, 289, 135, 78.0, 14, ABplapapaa, 0, 0, 0, 0, , 0, 0, 0, 0, 0, 
295, 1, 286, 181, -1, 288, 60, 177.0, 13, ABprapapaa, 0, 0, 0, 0, , 0, 0, 0, 0, 0, 
296, 1, 287, 182, -1, 295, 155, 92.0, 17, ABarppappp, 0, 0, 0, 0, , 0, 0, 0, 0, 0, 
297, 1, 288, 183, -1, 305, 81, 187.0, 15, ABarpppppp, 0, 0, 0, 0, , 0, 0, 0, 0, 0, 
298, 1, 289, 184, -1, 309, 164, 145.0, 15, ABplappppp, 0, 0, 0, 0, , 0, 0, 0, 0, 0, 
299, 0, 290, -1, -1, 308, 119, 180.0, 10, , 0, 0, 0, 0, , 0, 0, 0, 0, 0, 
300, 1, 292, 188, -1, 178, 47, 183.0, 14, ABarppppaa, 0, 0, 0, 0, , 0, 0, 0, 0, 0, 
301, 1, 293, 189, -1, 200, 29, 152.0, 15, Caaaaa, 0, 0, 0, 0, , 0, 0, 0, 0, 0, 
302, 1, 294, 190, -1, 219, 124, 95.0, 17, Capaaaa, 0, 0, 0, 0, , 0, 0, 0, 0, 0, 
303, 1, 295, 191, -1, 263, 122, 94.0, 15, Capaapa, 0, 0, 0, 0, , 0, 0, 0, 0, 0, 
304, 1, 296, 192, -1, 289, 138, 100.0, 15, Capaapp, 0, 0, 0, 0, , 0, 0, 0, 0, 0, 
305, 1, 297, 193, -1, 273, 156, 101.0, 16, ABplapapap, 0, 0, 0, 0, , 0, 0, 0, 0, 0, 
306, 0, 298, -1, -1, 88, 145, 131.0, 13, , 0, 0, 0, 0, , 0, 0, 0, 0, 0, 
307, 0, 299, -1, -1, 103, 132, 119.666664, 12, , 0, 0, 0, 0, , 0, 0, 0, 0, 0, 
308, 0, 300, -1, -1, 97, 151, 129.0, 12, , 0, 0, 0, 0, , 0, 0, 0, 0, 0, 
309, 0, 301, -1, -1, 91, 151, 135.0, 14, , 0, 0, 0, 0, , 0, 0, 0, 0, 0, 
310, 0, 302, -1, -1, 91, 142, 141.0, 13, , 0, 0, 0, 0, , 0, 0, 0, 0, 0, 
311, 0, 303, -1, -1, 89, 143, 129.0, 13, , 0, 0, 0, 0, , 0, 0, 0, 0, 0, 
312, 1, 304, 200, -1, 220, 67, 133.0, 15, Earpa, 0, 0, 0, 0, , 0, 0, 0, 0, 0, 
313, 1, 305, 201, -1, 202, 61, 99.0, 15, Ealaad, 0, 0, 0, 0, , 0, 0, 0, 0, 0, 
314, 1, 306, 202, -1, 214, 104, 102.0, 13, Ealaav, 0, 0, 0, 0, , 0, 0, 0, 0, 0, 
315, 1, 307, 203, -1, 237, 86, 120.666664, 16, Ealap, 0, 0, 0, 0, , 0, 0, 0, 0, 0, 
316, 1, 308, 204, -1, 220, 89, 129.0, 15, Ealpa, 0, 0, 0, 0, , 0, 0, 0, 0, 0, 
317, 1, 309, 205, -1, 274, 92, 111.5, 15, Ealpp, 0, 0, 0, 0, , 0, 0, 0, 0, 0, 
318, 1, 310, 206, -1, 200, 54, 127.0, 15, Earaad, 0, 0, 0, 0, , 0, 0, 0, 0, 0, 
319, 1, 311, 207, -1, 206, 71, 154.0, 15, Earaav, 0, 0, 0, 0, , 0, 0, 0, 0, 0, 
320, 1, 312, 208, -1, 225, 71, 115.0, 15, Earap, 0, 0, 0, 0, , 0, 0, 0, 0, 0, 
321, 1, 313, 209, -1, 268, 74, 120.75, 15, Earpp, 0, 0, 0, 0, , 0, 0, 0, 0, 0, 
322, 1, 314, 210, -1, 252, 81, 113.0, 14, Eplaa, 0, 0, 0, 0, , 0, 0, 0, 0, 0, 
323, 1, 315, 211, -1, 296, 92, 108.5, 15, Eplap, 0, 0, 0, 0, , 0, 0, 0, 0, 0, 
324, 1, 316, 212, -1, 314, 103, 124.0, 17, Eplpa, 0, 0, 0, 0, , 0, 0, 0, 0, 0, 
325, 1, 317, 213, -1, 308, 133, 152.0, 15, Eplppa, 0, 0, 0, 0, , 0, 0, 0, 0, 0, 
326, 1, 318, 214, -1, 313, 123, 118.0, 15, Eplppp, 0, 0, 0, 0, , 0, 0, 0, 0, 0, 
327, 1, 319, 215, -1, 246, 67, 117.5, 15, Epraa, 0, 0, 0, 0, , 0, 0, 0, 0, 0, 
328, 1, 320, 216, -1, 287, 81, 118.333336, 16, Eprap, 0, 0, 0, 0, , 0, 0, 0, 0, 0, 
329, 1, 321, 217, -1, 308, 109, 145.0, 17, Eprpp, 0, 0, 0, 0, , 0, 0, 0, 0, 0, 
330, 1, 322, 218, -1, 105, 100, 107.0, 11, MSaaaaaal, 0, 0, 0, 0, , 0, 0, 0, 0, 0, 
331, 1, 323, 219, -1, 102, 84, 132.5, 11, MSaaaaaar, 0, 0, 0, 0, , 0, 0, 0, 0, 0, 
332, 1, 324, 220, -1, 139, 77, 88.0, 14, MSaaaaapp, 0, 0, 0, 0, , 0, 0, 0, 0, 0, 
333, 1, 325, 221, -1, 110, 76, 120.0, 13, MSaaaaapaa, 0, 0, 0, 0, , 0, 0, 0, 0, 0, 
334, 0, 326, -1, -1, 125, 73, 113.0, 13, , 0, 0, 0, 0, , 0, 0, 0, 0, 0, 
335, 1, 327, 223, -1, 152, 56, 96.0, 11, MSaaaapaa, 0, 0, 0, 0, , 0, 0, 0, 0, 0, 
336, 1, 328, 224, -1, 154, 73, 102.0, 12, MSaaaapap, 0, 0, 0, 0, , 0, 0, 0, 0, 0, 
337, 1, 329, 225, -1, 172, 60, 123.0, 11, MSaaaappa, 0, 0, 0, 0, , 0, 0, 0, 0, 0, 
338, 1, 330, 226, -1, 157, 99, 83.0, 11, MSaaapaap, 0, 0, 0, 0, , 0, 0, 0, 0, 0, 
339, 1, 331, 227, -1, 177, 81, 94.0, 9, MSaaapapa, 0, 0, 0, 0, , 0, 0, 0, 0, 0, 
340, 1, 332, 228, -1, 189, 78, 100.0, 9, MSaaapapp, 0, 0, 0, 0, , 0, 0, 0, 0, 0, 
341, 1, 333, 229, -1, 204, 89, 104.0, 11, MSaaappa, 0, 0, 0, 0, , 0, 0, 0, 0, 0, 
342, 1, 334, 230, -1, 188, 53, 106.0, 11, MSaaappp, 0, 0, 0, 0, , 0, 0, 0, 0, 0, 
343, 1, 335, 231, -1, 191, 123, 128.0, 10, MSaapaaap, 0, 0, 0, 0, , 0, 0, 0, 0, 0, 
344, 1, 336, 232, -1, 178, 125, 122.0, 11, MSaapaaaa, 0, 0, 0, 0, , 0, 0, 0, 0, 0, 
345, 1, 337, 233, -1, 202, 110, 104.333336, 10, MSaapaapp, 0, 0, 0, 0, , 0, 0, 0, 0, 0, 
346, 0, 338, -1, -1, 205, 105, 141.0, 10, , 0, 0, 0, 0, , 0, 0, 0, 0, 0, 
347, 1, 339, 235, -1, 135, 135, 116.0, 14, MSapaaaa, 0, 0, 0, 0, , 0, 0, 0, 0, 0, 
348, 1, 340, 236, -1, 123, 115, 82.0, 15, MSapaaap, 0, 0, 0, 0, , 0, 0, 0, 0, 0, 
349, 1, 341, 237, -1, 257, 108, 150.0, 15, MSapaapp, 0, 0, 0, 0, , 0, 0, 0, 0, 0, 
350, 1, 342, 238, -1, 183, 117, 75.0, 16, MSapapaa, 0, 0, 0, 0, , 0, 0, 0, 0, 0, 
351, 1, 343, 239, -1, 150, 151, 107.0, 16, MSapapap, 0, 0, 0, 0, , 0, 0, 0, 0, 0, 
352, 1, 344, 240, -1, 112, 98, 79.0, 16, MSapappa, 0, 0, 0, 0, , 0, 0, 0, 0, 0, 
353, 1, 345, 241, -1, 104, 82, 87.0, 14, MSapappp, 0, 0, 0, 0, , 0, 0, 0, 0, 0, 
354, 1, 346, 242, -1, 142, 89, 70.0, 14, MSapppap, 0, 0, 0, 0, , 0, 0, 0, 0, 0, 
355, 1, 347, 243, -1, 110, 77, 82.0, 14, MSappppa, 0, 0, 0, 0, , 0, 0, 0, 0, 0, 
356, 1, 348, 244, -1, 149, 67, 82.0, 14, MSappppp, 0, 0, 0, 0, , 0, 0, 0, 0, 0, 
357, 1, 349, 245, -1, 130, 60, 108.0, 15, MSpaaaaaa, 0, 0, 0, 0, , 0, 0, 0, 0, 0, 
358, 0, 350, -1, -1, 143, 54, 108.0, 15, , 0, 0, 0, 0, , 0, 0, 0, 0, 0, 
359, 1, 351, 247, -1, 118, 64, 130.0, 15, MSpaaaapa, 0, 0, 0, 0, , 0, 0, 0, 0, 0, 
360, 1, 352, 248, -1, 137, 58, 127.0, 15, MSpaaaapp, 0, 0, 0, 0, , 0, 0, 0, 0, 0, 
361, 1, 353, 249, -1, 165, 71, 102.0, 13, MSpaaapaa, 0, 0, 0, 0, , 0, 0, 0, 0, 0, 
362, 1, 354, 250, -1, 178, 57, 109.0, 13, MSpaaapap, 0, 0, 0, 0, , 0, 0, 0, 0, 0, 
363, 1, 355, 251, -1, 140, 51, 113.0, 15, MSpaaappa, 0, 0, 0, 0, , 0, 0, 0, 0, 0, 
364, 1, 356, 252, -1, 147, 63, 106.0, 15, MSpaaaaap, 0, 0, 0, 0, , 0, 0, 0, 0, 0, 
365, 1, 357, 253, -1, 157, 50, 111.0, 15, MSpaaappp, 0, 0, 0, 0, , 0, 0, 0, 0, 0, 
366, 1, 358, 254, -1, 148, 54, 142.0, 15, ABaraappapp, 0, 0, 0, 0, , 0, 0, 0, 0, 0, 
367, 1, 359, 255, -1, 160, 60, 117.0, 13, MSpaapaap, 0, 0, 0, 0, , 0, 0, 0, 0, 0, 
368, 1, 360, 256, -1, 171, 59, 135.5, 15, MSpaapapa, 0, 0, 0, 0, , 0, 0, 0, 0, 0, 
369, 1, 361, 257, -1, 183, 78, 171.5, 14, MSpapaapa, 0, 0, 0, 0, , 0, 0, 0, 0, 0, 
370, 1, 362, 258, -1, 245, 33, 144.0, 12, Caaaap, 0, 0, 0, 0, , 0, 0, 0, 0, 0, 
371, 1, 363, 259, -1, 277, 44, 151.0, 17, Caaapa, 0, 0, 0, 0, , 0, 0, 0, 0, 0, 
372, 1, 364, 260, -1, 306, 61, 158.5, 17, Caaapp, 0, 0, 0, 0, , 0, 0, 0, 0, 0, 
373, 1, 365, 261, -1, 279, 152, 172.0, 13, Caapaa, 0, 0, 0, 0, , 0, 0, 0, 0, 0, 
374, 1, 366, 262, -1, 288, 144, 183.0, 10, Caapap, 0, 0, 0, 0, , 0, 0, 0, 0, 0, 
375, 1, 367, 263, -1, 334, 108, 166.0, 16, Caappd, 0, 0, 0, 0, , 0, 0, 0, 0, 0, 
376, 1, 368, 264, -1, 320, 139, 164.0, 15, Caappv, 0, 0, 0, 0, , 0, 0, 0, 0, 0, 
377, 1, 369, 265, -1, 238, 118, 90.5, 15, Capaaap, 0, 0, 0, 0, , 0, 0, 0, 0, 0, 
378, 0, 370, -1, -1, 260, 104, 86.0, 15, , 0, 0, 0, 0, , 0, 0, 0, 0, 0, 
379, 1, 371, 267, -1, 262, 100, 81.0, 15, Capapaa, 0, 0, 0, 0, , 0, 0, 0, 0, 0, 
380, 1, 372, 268, -1, 298, 112, 86.666664, 15, Capapap, 0, 0, 0, 0, , 0, 0, 0, 0, 0, 
381, 1, 373, 269, -1, 274, 150, 120.0, 15, Capappa, 0, 0, 0, 0, , 0, 0, 0, 0, 0, 
382, 0, 374, -1, -1, 269, 155, 141.0, 14, , 0, 0, 0, 0, , 0, 0, 0, 0, 0, 
383, 1, 375, 271, -1, 229, 87, 76.0, 17, Cappaaa, 0, 0, 0, 0, , 0, 0, 0, 0, 0, 
384, 1, 376, 272, -1, 281, 87, 83.333336, 17, Cappaap, 0, 0, 0, 0, , 0, 0, 0, 0, 0, 
385, 1, 377, 273, -1, 309, 136, 104.0, 14, Cappapa, 0, 0, 0, 0, , 0, 0, 0, 0, 0, 
386, 1, 378, 274, -1, 312, 146, 118.0, 14, Cappapp, 0, 0, 0, 0, , 0, 0, 0, 0, 0, 
387, 1, 379, 275, -1, 316, 99, 94.0, 16, Capppaa, 0, 0, 0, 0, , 0, 0, 0, 0, 0, 
388, 1, 380, 276, -1, 334, 126, 112.5, 15, Capppap, 0, 0, 0, 0, , 0, 0, 0, 0, 0, 
389, 0, 381, -1, -1, 309, 150, 158.0, 14, , 0, 0, 0, 0, , 0, 0, 0, 0, 0, 
390, 0, 382, -1, -1, 288, 156, 160.5, 15, , 0, 0, 0, 0, , 0, 0, 0, 0, 0, 
391, 1, 383, 279, -1, 182, 85, 59.0, 17, Cpaaaa, 0, 0, 0, 0, , 0, 0, 0, 0, 0, 
392, 1, 384, 280, -1, 220, 85, 65.333336, 19, Cpaaap, 0, 0, 0, 0, , 0, 0, 0, 0, 0, 
393, 1, 385, 281, -1, 251, 94, 68.0, 17, Cpaapa, 0, 0, 0, 0, , 0, 0, 0, 0, 0, 
394, 0, 386, -1, -1, 297, 111, 79.0, 17, , 0, 0, 0, 0, , 0, 0, 0, 0, 0, 
395, 1, 387, 283, -1, 282, 110, 75.0, 17, Cpaapp, 0, 0, 0, 0, , 0, 0, 0, 0, 0, 
396, 1, 388, 284, -1, 322, 84, 170.5, 15, Cpapaa, 0, 0, 0, 0, , 0, 0, 0, 0, 0, 
397, 1, 389, 285, -1, 323, 125, 93.5, 15, Cpapap, 0, 0, 0, 0, , 0, 0, 0, 0, 0, 
398, 1, 390, 286, -1, 328, 151, 113.0, 15, Cpappd, 0, 0, 0, 0, , 0, 0, 0, 0, 0, 
399, 1, 391, 287, -1, 324, 156, 153.0, 15, Cpappv, 0, 0, 0, 0, , 0, 0, 0, 0, 0, 
400, 1, 392, 288, -1, 208, 82, 175.66667, 14, Cppaaaa, 0, 0, 0, 0, , 0, 0, 0, 0, 0, 
401, 1, 393, 289, -1, 234, 72, 170.0, 13, Cppaaap, 0, 0, 0, 0, , 0, 0, 0, 0, 0, 
402, 1, 394, 290, -1, 251, 69, 167.33333, 13, Cppaapa, 0, 0, 0, 0, , 0, 0, 0, 0, 0, 
403, 1, 395, 291, -1, 287, 81, 174.0, 13, Cppaapp, 0, 0, 0, 0, , 0, 0, 0, 0, 0, 
404, 1, 396, 292, -1, 252, 47, 150.66667, 13, Cppapaa, 0, 0, 0, 0, , 0, 0, 0, 0, 0, 
405, 1, 397, 293, -1, 287, 58, 154.0, 15, Cppapap, 0, 0, 0, 0, , 0, 0, 0, 0, 0, 
406, 1, 398, 294, -1, 284, 94, 180.5, 13, Cppappa, 0, 0, 0, 0, , 0, 0, 0, 0, 0, 
407, 1, 399, 295, -1, 277, 111, 186.0, 13, Cppappp, 0, 0, 0, 0, , 0, 0, 0, 0, 0, 
408, 1, 400, 296, -1, 219, 38, 146.5, 15, Cpppaaa, 0, 0, 0, 0, , 0, 0, 0, 0, 0, 
409, 1, 401, 297, -1, 257, 43, 128.66667, 15, Cpppaap, 0, 0, 0, 0, , 0, 0, 0, 0, 0, 
410, 1, 402, 298, -1, 313, 76, 159.0, 14, Cpppapa, 0, 0, 0, 0, , 0, 0, 0, 0, 0, 
411, 1, 403, 299, -1, 323, 96, 165.0, 13, Cpppapp, 0, 0, 0, 0, , 0, 0, 0, 0, 0, 
412, 1, 404, 300, -1, 308, 62, 130.0, 15, Cppppaa, 0, 0, 0, 0, , 0, 0, 0, 0, 0, 
413, 1, 405, 301, -1, 332, 89, 138.33333, 15, Cppppap, 0, 0, 0, 0, , 0, 0, 0, 0, 0, 
414, 1, 406, 302, -1, 331, 120, 152.0, 14, Cpppppd, 0, 0, 0, 0, , 0, 0, 0, 0, 0, 
415, 1, 407, 303, -1, 297, 132, 175.5, 14, Cpppppv, 0, 0, 0, 0, , 0, 0, 0, 0, 0, 
416, 1, 408, 304, -1, 182, 144, 98.5, 14, Daaaa, 0, 0, 0, 0, , 0, 0, 0, 0, 0, 
417, 1, 409, 305, -1, 169, 86, 70.5, 15, Daaap, 0, 0, 0, 0, , 0, 0, 0, 0, 0, 
418, 1, 410, 306, -1, 178, 153, 115.0, 14, Daapa, 0, 0, 0, 0, , 0, 0, 0, 0, 0, 
419, 1, 411, 307, -1, 192, 156, 122.0, 14, Daapp, 0, 0, 0, 0, , 0, 0, 0, 0, 0, 
420, 1, 412, 308, -1, 200, 137, 100.5, 16, Dapaa, 0, 0, 0, 0, , 0, 0, 0, 0, 0, 
421, 1, 413, 309, -1, 200, 83, 77.0, 16, Dapap, 0, 0, 0, 0, , 0, 0, 0, 0, 0, 
422, 1, 414, 310, -1, 168, 61, 85.333336, 12, Dappaa, 0, 0, 0, 0, , 0, 0, 0, 0, 0, 
423, 1, 415, 311, -1, 199, 71, 87.0, 14, Dappap, 0, 0, 0, 0, , 0, 0, 0, 0, 0, 
424, 1, 416, 312, -1, 210, 65, 85.0, 12, Dapppa, 0, 0, 0, 0, , 0, 0, 0, 0, 0, 
425, 1, 417, 313, -1, 243, 71, 82.666664, 12, Dapppp, 0, 0, 0, 0, , 0, 0, 0, 0, 0, 
426, 1, 418, 314, -1, 171, 89, 183.0, 15, Dpaaa, 0, 0, 0, 0, , 0, 0, 0, 0, 0, 
427, 1, 419, 315, -1, 159, 40, 149.5, 14, Dpaap, 0, 0, 0, 0, , 0, 0, 0, 0, 0, 
428, 1, 420, 316, -1, 166, 109, 192.5, 12, Dpapa, 0, 0, 0, 0, , 0, 0, 0, 0, 0, 
429, 1, 421, 317, -1, 182, 112, 189.0, 12, Dpapp, 0, 0, 0, 0, , 0, 0, 0, 0, 0, 
430, 1, 422, 318, -1, 190, 84, 183.0, 14, Dppaa, 0, 0, 0, 0, , 0, 0, 0, 0, 0, 
431, 1, 423, 319, -1, 189, 40, 148.66667, 16, Dppap, 0, 0, 0, 0, , 0, 0, 0, 0, 0, 
432, 1, 424, 320, -1, 159, 39, 121.333336, 14, Dpppaa, 0, 0, 0, 0, , 0, 0, 0, 0, 0, 
433, 1, 425, 321, -1, 187, 36, 123.666664, 14, Dpppap, 0, 0, 0, 0, , 0, 0, 0, 0, 0, 
434, 1, 426, 322, -1, 201, 35, 121.666664, 15, Dppppa, 0, 0, 0, 0, , 0, 0, 0, 0, 0, 
435, 1, 427, 323, -1, 227, 37, 135.0, 15, Dppppp, 0, 0, 0, 0, , 0, 0, 0, 0, 0, 
436, 1, 428, 324, -1, 271, 84, 155.33333, 18, Z2, 0, 0, 0, 0, , 0, 0, 0, 0, 0, 
437, 1, 429, 325, -1, 264, 121, 127.0, 16, Z3, 0, 0, 0, 0, , 0, 0, 0, 0, 0, 
438, 1, 430, 326, -1, 126, 75, 113.0, 13, MSaaaaapap, 0, 0, 0, 0, , 0, 0, 0, 0, 0, 
439, 1, 431, 327, -1, 176, 73, 115.0, 13, MSaaaappp, 0, 0, 0, 0, , 0, 0, 0, 0, 0, 
440, 0, 432, -1, -1, 119, 91, 107.5, 14, , 0, 0, 0, 0, , 0, 0, 0, 0, 0, 
441, 1, 433, 329, -1, 185, 106, 125.0, 12, MSaapapaa, 0, 0, 0, 0, , 0, 0, 0, 0, 0, 
442, 1, 434, 330, -1, 201, 119, 118.0, 10, MSaapapap, 0, 0, 0, 0, , 0, 0, 0, 0, 0, 
443, 0, 435, -1, -1, 202, 107, 144.0, 14, , 0, 0, 0, 0, , 0, 0, 0, 0, 0, 
444, 1, 436, 332, -1, 187, 91, 151.5, 10, MSpapapaa, 0, 0, 0, 0, , 0, 0, 0, 0, 0, 
445, 1, 437, 333, -1, 198, 91, 163.5, 10, MSpapapap, 0, 0, 0, 0, , 0, 0, 0, 0, 0, 
446, 1, 438, 334, -1, 138, 39, 123.0, 14, MSpppppp, 0, 0, 0, 0, , 0, 0, 0, 0, 0, 
447, 0, 439, -1, -1, 134, 47, 148.5, 12, , 0, 0, 0, 0, , 0, 0, 0, 0, 0, 
448, 0, 440, -1, -1, 155, 85, 179.5, 14, , 0, 0, 0, 0, , 0, 0, 0, 0, 0, 
449, 1, 441, 337, -1, 183, 55, 135.0, 15, MSpaapapp, 0, 0, 0, 0, , 0, 0, 0, 0, 0, 
450, 0, 442, -1, -1, 313, 139, 175.5, 13, , 0, 0, 0, 0, , 0, 0, 0, 0, 0, 
451, 1, 443, 339, -1, 268, 75, 183.5, 13, ABprappapp, 0, 0, 0, 0, , 0, 0, 0, 0, 0, 
452, 1, 444, 340, -1, 221, 79, 187.5, 13, ABprappaaa, 0, 0, 0, 0, , 0, 0, 0, 0, 0, 
453, 1, 445, 341, -1, 120, 114, 188.0, 12, ABprpaaaaaa, 0, 0, 0, 0, , 0, 0, 0, 0, 0, 
454, 0, 446, -1, -1, 324, 114, 172.0, 11, , 0, 0, 0, 0, , 0, 0, 0, 0, 0, 
455, 1, 447, 343, -1, 186, 101, 90.0, 12, MSaapappa, 0, 0, 0, 0, , 0, 0, 0, 0, 0, 
456, 1, 448, 344, -1, 190, 122, 97.0, 12, MSaapaapa, 0, 0, 0, 0, , 0, 0, 0, 0, 0, 
457, 0, 449, -1, -1, 202, 107, 144.0, 14, , 0, 0, 0, 0, , 0, 0, 0, 0, 0, 
458, 1, 450, 346, -1, 207, 96, 134.0, 15, MSaappap, 0, 0, 0, 0, , 0, 0, 0, 0, 0, 
459, 0, 451, -1, -1, 211, 144, 131.0, 14, , 0, 0, 0, 0, , 0, 0, 0, 0, 0, 
460, 0, 452, -1, -1, 212, 129, 129.5, 12, , 0, 0, 0, 0, , 0, 0, 0, 0, 0, 
461, 0, 453, -1, -1, 226, 120, 124.5, 13, , 0, 0, 0, 0, , 0, 0, 0, 0, 0, 
462, 1, 454, 350, -1, 243, 122, 116.0, 15, MSaappppp, 0, 0, 0, 0, , 0, 0, 0, 0, 0, 
463, 1, 455, 351, -1, 120, 61, 93.0, 16, MSappaaa, 0, 0, 0, 0, , 0, 0, 0, 0, 0, 
464, 0, 456, -1, -1, 275, 129, 112.5, 16, , 0, 0, 0, 0, , 0, 0, 0, 0, 0, 
465, 0, 457, -1, -1, 163, 149, 123.5, 15, , 0, 0, 0, 0, , 0, 0, 0, 0, 0, 
466, 1, 458, 354, -1, 171, 133, 100.5, 14, MSapppaa, 0, 0, 0, 0, , 0, 0, 0, 0, 0, 
467, 1, 459, 355, -1, 171, 108, 164.0, 14, MSpapaaaa, 0, 0, 0, 0, , 0, 0, 0, 0, 0, 
468, 1, 460, 356, -1, 187, 100, 167.5, 14, MSpapaaap, 0, 0, 0, 0, , 0, 0, 0, 0, 0, 
469, 1, 461, 357, -1, 188, 69, 158.0, 14, MSpapaapp, 0, 0, 0, 0, , 0, 0, 0, 0, 0, 
470, 1, 462, 358, -1, 176, 62, 154.0, 14, MSpapappa, 0, 0, 0, 0, , 0, 0, 0, 0, 0, 
471, 0, 463, -1, -1, 211, 136, 168.0, 15, , 0, 0, 0, 0, , 0, 0, 0, 0, 0, 
472, 1, 464, 360, -1, 251, 132, 124.0, 14, MSpappaa, 0, 0, 0, 0, , 0, 0, 0, 0, 0, 
473, 1, 465, 361, -1, 255, 91, 175.0, 14, MSpappap, 0, 0, 0, 0, , 0, 0, 0, 0, 0, 
474, 1, 466, 362, -1, 191, 110, 181.0, 12, MSpapppaa, 0, 0, 0, 0, , 0, 0, 0, 0, 0, 
475, 1, 467, 363, -1, 210, 96, 163.0, 14, MSpapppap, 0, 0, 0, 0, , 0, 0, 0, 0, 0, 
476, 1, 468, 364, -1, 222, 94, 166.5, 13, MSpappppa, 0, 0, 0, 0, , 0, 0, 0, 0, 0, 
477, 1, 469, 365, -1, 241, 84, 166.5, 13, MSpappppp, 0, 0, 0, 0, , 0, 0, 0, 0, 0, 
478, 1, 470, 366, -1, 109, 74, 152.5, 13, MSppaaap, 0, 0, 0, 0, , 0, 0, 0, 0, 0, 
479, 1, 471, 367, -1, 122, 97, 163.5, 12, MSppaaaad, 0, 0, 0, 0, , 0, 0, 0, 0, 0, 
480, 1, 472, 368, -1, 142, 117, 170.0, 12, MSppaaaav, 0, 0, 0, 0, , 0, 0, 0, 0, 0, 
481, 1, 473, 369, -1, 278, 113, 146.0, 15, MSppaapp, 0, 0, 0, 0, , 0, 0, 0, 0, 0, 
482, 1, 474, 370, -1, 169, 56, 172.0, 14, MSppapaa, 0, 0, 0, 0, , 0, 0, 0, 0, 0, 
483, 1, 475, 371, -1, 136, 111, 188.0, 14, MSppapap, 0, 0, 0, 0, , 0, 0, 0, 0, 0, 
484, 1, 476, 372, -1, 105, 59, 150.5, 15, MSppappa, 0, 0, 0, 0, , 0, 0, 0, 0, 0, 
485, 1, 477, 373, -1, 92, 68, 128.0, 15, MSppappp, 0, 0, 0, 0, , 0, 0, 0, 0, 0, 
486, 1, 478, 374, -1, 106, 64, 121.0, 14, MSpppaaa, 0, 0, 0, 0, , 0, 0, 0, 0, 0, 
487, 1, 479, 375, -1, 272, 70, 163.0, 15, MSpppaap, 0, 0, 0, 0, , 0, 0, 0, 0, 0, 
488, 0, 480, -1, -1, 159, 108, 181.5, 15, , 0, 0, 0, 0, , 0, 0, 0, 0, 0, 
489, 1, 481, 377, -1, 127, 47, 142.0, 12, MSppppap, 0, 0, 0, 0, , 0, 0, 0, 0, 0, 
490, 1, 482, 378, -1, 106, 49, 123.0, 15, MSpppppa, 0, 0, 0, 0, , 0, 0, 0, 0, 0, 
491, 1, 483, 379, -1, 104, 133, 119.0, 12, ABalaaaalar, 0, 0, 0, 0, , 0, 0, 0, 0, 0, 
492, 0, 484, -1, -1, 89, 144, 128.0, 13, , 0, 0, 0, 0, , 0, 0, 0, 0, 0, 
493, 0, 485, -1, -1, 90, 144, 128.0, 13, , 0, 0, 0, 0, , 0, 0, 0, 0, 0, 
494, 0, 486, -1, -1, 96, 120, 124.0, 14, , 0, 0, 0, 0, , 0, 0, 0, 0, 0, 
495, 1, 487, 383, -1, 86, 136, 163.0, 13, ABalaaaarra, 0, 0, 0, 0, , 0, 0, 0, 0, 0, 
496, 1, 488, 384, -1, 96, 113, 141.5, 12, ABalaaaarrp, 0, 0, 0, 0, , 0, 0, 0, 0, 0, 
497, 1, 489, 385, -1, 89, 156, 120.0, 12, ABalaaapall, 0, 0, 0, 0, , 0, 0, 0, 0, 0, 
498, 0, 490, -1, -1, 109, 126, 112.0, 14, , 0, 0, 0, 0, , 0, 0, 0, 0, 0, 
499, 0, 491, -1, -1, 108, 126, 109.0, 14, , 0, 0, 0, 0, , 0, 0, 0, 0, 0, 
500, 1, 492, 388, -1, 109, 125, 108.0, 14, ABalaaapalr, 0, 0, 0, 0, , 0, 0, 0, 0, 0, 
501, 1, 493, 389, -1, 84, 135, 130.0, 13, ABalaaaparl, 0, 0, 0, 0, , 0, 0, 0, 0, 0, 
502, 1, 494, 390, -1, 81, 139, 124.0, 12, ABalaaaparr, 0, 0, 0, 0, , 0, 0, 0, 0, 0, 
503, 0, 495, -1, -1, 80, 121, 154.0, 12, , 0, 0, 0, 0, , 0, 0, 0, 0, 0, 
504, 0, 496, -1, -1, 77, 117, 159.0, 12, , 0, 0, 0, 0, , 0, 0, 0, 0, 0, 
505, 0, 497, -1, -1, 76, 117, 162.0, 12, , 0, 0, 0, 0, , 0, 0, 0, 0, 0, 
506, 1, 498, 394, -1, 84, 122, 149.0, 12, ABalaaappll, 0, 0, 0, 0, , 0, 0, 0, 0, 0, 
507, 1, 499, 395, -1, 78, 118, 157.0, 12, ABalaaapplr, 0, 0, 0, 0, , 0, 0, 0, 0, 0, 
508, 1, 500, 396, -1, 101, 89, 153.0, 13, ABalaaapprl, 0, 0, 0, 0, , 0, 0, 0, 0, 0, 
509, 0, 501, -1, -1, 84, 129, 181.0, 12, , 0, 0, 0, 0, , 0, 0, 0, 0, 0, 
510, 1, 502, 397, -1, 86, 126, 177.0, 12, ABalaaapprr, 0, 0, 0, 0, , 0, 0, 0, 0, 0, 
511, 1, 503, 398, -1, 105, 104, 154.0, 12, ABalaapaaar, 0, 0, 0, 0, , 0, 0, 0, 0, 0, 
512, 1, 504, 399, -1, 95, 117, 179.0, 11, ABalaapaapa, 0, 0, 0, 0, , 0, 0, 0, 0, 0, 
513, 0, 505, -1, -1, 90, 124, 167.5, 13, , 0, 0, 0, 0, , 0, 0, 0, 0, 0, 
514, 0, 506, -1, -1, 121, 144, 193.0, 13, , 0, 0, 0, 0, , 0, 0, 0, 0, 0, 
515, 0, 507, -1, -1, 103, 115, 193.0, 12, , 0, 0, 0, 0, , 0, 0, 0, 0, 0, 
516, 0, 508, -1, -1, 86, 136, 187.0, 15, , 0, 0, 0, 0, , 0, 0, 0, 0, 0, 
517, 1, 509, 404, -1, 121, 106, 191.0, 13, ABalaapppaa, 0, 0, 0, 0, , 0, 0, 0, 0, 0, 
518, 1, 510, 405, -1, 102, 104, 171.0, 12, ABalaappppa, 0, 0, 0, 0, , 0, 0, 0, 0, 0, 
519, 1, 511, 406, -1, 89, 105, 171.0, 13, ABalaappppp, 0, 0, 0, 0, , 0, 0, 0, 0, 0, 
520, 1, 512, 408, -1, 107, 120, 101.0, 13, ABalapaaaa, 0, 0, 0, 0, , 0, 0, 0, 0, 0, 
521, 0, 513, -1, -1, 87, 128, 103.5, 14, , 0, 0, 0, 0, , 0, 0, 0, 0, 0, 
522, 1, 514, 410, -1, 86, 138, 92.0, 14, ABalapaaapp, 0, 0, 0, 0, , 0, 0, 0, 0, 0, 
523, 0, 515, -1, -1, 129, 146, 99.0, 13, , 0, 0, 0, 0, , 0, 0, 0, 0, 0, 
524, 0, 516, -1, -1, 113, 145, 110.0, 15, , 0, 0, 0, 0, , 0, 0, 0, 0, 0, 
525, 1, 517, 413, -1, 101, 146, 108.0, 13, ABalapaappp, 0, 0, 0, 0, , 0, 0, 0, 0, 0, 
526, 1, 518, 414, -1, 94, 76, 99.0, 15, ABalapapapa, 0, 0, 0, 0, , 0, 0, 0, 0, 0, 
527, 1, 519, 415, -1, 83, 96, 100.0, 15, ABalapapapp, 0, 0, 0, 0, , 0, 0, 0, 0, 0, 
528, 1, 520, 416, -1, 96, 112, 115.0, 14, ABalapappaa, 0, 0, 0, 0, , 0, 0, 0, 0, 0, 
529, 1, 521, 417, -1, 68, 119, 137.5, 13, ABarpaaaaar, 0, 0, 0, 0, , 0, 0, 0, 0, 0, 
530, 1, 522, 418, -1, 81, 116, 107.0, 12, ABalapappap, 0, 0, 0, 0, , 0, 0, 0, 0, 0, 
531, 0, 523, -1, -1, 85, 124, 90.0, 14, , 0, 0, 0, 0, , 0, 0, 0, 0, 0, 
532, 0, 524, -1, -1, 86, 121, 87.5, 14, , 0, 0, 0, 0, , 0, 0, 0, 0, 0, 
533, 1, 525, 421, -1, 98, 123, 86.0, 12, ABalapapppa, 0, 0, 0, 0, , 0, 0, 0, 0, 0, 
534, 0, 526, -1, -1, 85, 124, 89.0, 12, , 0, 0, 0, 0, , 0, 0, 0, 0, 0, 
535, 0, 527, -1, -1, 69, 106, 119.0, 13, , 0, 0, 0, 0, , 0, 0, 0, 0, 0, 
536, 0, 528, -1, -1, 95, 80, 148.0, 12, , 0, 0, 0, 0, , 0, 0, 0, 0, 0, 
537, 1, 531, 425, -1, 81, 98, 158.0, 12, ABalappappa, 0, 0, 0, 0, , 0, 0, 0, 0, 0, 
538, 0, 532, -1, -1, 79, 85, 169.0, 12, , 0, 0, 0, 0, , 0, 0, 0, 0, 0, 
539, 1, 533, 427, -1, 95, 96, 118.0, 14, ABalapppaaa, 0, 0, 0, 0, , 0, 0, 0, 0, 0, 
540, 1, 534, 428, -1, 85, 108, 127.5, 13, ABalapppaap, 0, 0, 0, 0, , 0, 0, 0, 0, 0, 
541, 0, 535, -1, -1, 92, 75, 111.0, 13, , 0, 0, 0, 0, , 0, 0, 0, 0, 0, 
542, 1, 536, 430, -1, 91, 77, 115.0, 13, ABalapppapa, 0, 0, 0, 0, , 0, 0, 0, 0, 0, 
543, 0, 537, -1, -1, 85, 81, 124.5, 14, , 0, 0, 0, 0, , 0, 0, 0, 0, 0, 
544, 1, 538, 432, -1, 91, 97, 137.0, 12, ABalappppaa, 0, 0, 0, 0, , 0, 0, 0, 0, 0, 
545, 0, 539, -1, -1, 79, 89, 133.0, 13, , 0, 0, 0, 0, , 0, 0, 0, 0, 0, 
546, 0, 540, -1, -1, 96, 76, 161.0, 12, , 0, 0, 0, 0, , 0, 0, 0, 0, 0, 
547, 1, 541, 435, -1, 81, 78, 160.0, 12, ABalapppppp, 0, 0, 0, 0, , 0, 0, 0, 0, 0, 
548, 1, 542, 436, -1, 139, 119, 122.0, 11, ABalpaaaaaa, 0, 0, 0, 0, , 0, 0, 0, 0, 0, 
549, 1, 543, 437, -1, 155, 132, 128.0, 12, ABalpaaaaap, 0, 0, 0, 0, , 0, 0, 0, 0, 0, 
550, 0, 544, -1, -1, 144, 121, 137.0, 13, , 0, 0, 0, 0, , 0, 0, 0, 0, 0, 
551, 1, 545, 439, -1, 131, 115, 100.0, 13, ABalpaaapaa, 0, 0, 0, 0, , 0, 0, 0, 0, 0, 
552, 1, 546, 440, -1, 165, 114, 105.5, 13, ABalpaaappp, 0, 0, 0, 0, , 0, 0, 0, 0, 0, 
553, 1, 547, 441, -1, 122, 112, 116.0, 13, ABalpaapaaa, 0, 0, 0, 0, , 0, 0, 0, 0, 0, 
554, 1, 548, 442, -1, 126, 109, 107.0, 14, ABalpaapaap, 0, 0, 0, 0, , 0, 0, 0, 0, 0, 
555, 1, 549, 443, -1, 136, 95, 86.0, 14, ABalpaapapa, 0, 0, 0, 0, , 0, 0, 0, 0, 0, 
556, 1, 550, 444, -1, 142, 109, 89.0, 15, ABalpaapapp, 0, 0, 0, 0, , 0, 0, 0, 0, 0, 
557, 1, 551, 445, -1, 111, 132, 136.0, 12, ABalpaappaa, 0, 0, 0, 0, , 0, 0, 0, 0, 0, 
558, 1, 552, 446, -1, 118, 134, 142.0, 13, ABalpaappap, 0, 0, 0, 0, , 0, 0, 0, 0, 0, 
559, 0, 553, -1, -1, 96, 126, 137.0, 13, , 0, 0, 0, 0, , 0, 0, 0, 0, 0, 
560, 0, 554, -1, -1, 94, 142, 138.0, 13, , 0, 0, 0, 0, , 0, 0, 0, 0, 0, 
561, 0, 555, -1, -1, 95, 141, 136.5, 14, , 0, 0, 0, 0, , 0, 0, 0, 0, 0, 
562, 1, 556, 450, -1, 119, 142, 136.0, 13, ABalpapaaaa, 0, 0, 0, 0, , 0, 0, 0, 0, 0, 
563, 0, 557, -1, -1, 110, 163, 172.0, 15, , 0, 0, 0, 0, , 0, 0, 0, 0, 0, 
564, 0, 558, -1, -1, 121, 131, 159.0, 13, , 0, 0, 0, 0, , 0, 0, 0, 0, 0, 
565, 0, 559, -1, -1, 158, 160, 159.0, 13, , 0, 0, 0, 0, , 0, 0, 0, 0, 0, 
566, 1, 560, 454, -1, 171, 172, 173.0, 14, ABalpapapap, 0, 0, 0, 0, , 0, 0, 0, 0, 0, 
567, 1, 561, 455, -1, 213, 159, 157.0, 12, ABalpapappa, 0, 0, 0, 0, , 0, 0, 0, 0, 0, 
568, 0, 562, -1, -1, 210, 145, 139.0, 13, , 0, 0, 0, 0, , 0, 0, 0, 0, 0, 
569, 0, 564, -1, -1, 147, 122, 130.0, 15, , 0, 0, 0, 0, , 0, 0, 0, 0, 0, 
570, 1, 565, 458, -1, 148, 125, 147.5, 14, ABalpappapa, 0, 0, 0, 0, , 0, 0, 0, 0, 0, 
571, 0, 566, -1, -1, 192, 111, 154.0, 12, , 0, 0, 0, 0, , 0, 0, 0, 0, 0, 
572, 1, 567, 460, -1, 146, 121, 97.0, 13, ABalpapppaa, 0, 0, 0, 0, , 0, 0, 0, 0, 0, 
573, 1, 568, 461, -1, 167, 126, 151.0, 15, ABalpappppa, 0, 0, 0, 0, , 0, 0, 0, 0, 0, 
574, 1, 569, 462, -1, 165, 129, 126.0, 13, ABalpappppp, 0, 0, 0, 0, , 0, 0, 0, 0, 0, 
575, 0, 570, -1, -1, 103, 164, 122.0, 12, , 0, 0, 0, 0, , 0, 0, 0, 0, 0, 
576, 0, 571, -1, -1, 105, 165, 121.0, 12, , 0, 0, 0, 0, , 0, 0, 0, 0, 0, 
577, 0, 572, -1, -1, 103, 165, 124.0, 12, , 0, 0, 0, 0, , 0, 0, 0, 0, 0, 
578, 0, 573, -1, -1, 102, 156, 160.5, 11, , 0, 0, 0, 0, , 0, 0, 0, 0, 0, 
579, 0, 574, -1, -1, 121, 149, 154.5, 11, , 0, 0, 0, 0, , 0, 0, 0, 0, 0, 
580, 1, 575, 468, -1, 112, 144, 126.0, 13, ABalppapaaa, 0, 0, 0, 0, , 0, 0, 0, 0, 0, 
581, 1, 576, 469, -1, 104, 154, 144.5, 12, ABalppapaap, 0, 0, 0, 0, , 0, 0, 0, 0, 0, 
582, 0, 577, -1, -1, 112, 162, 164.0, 12, , 0, 0, 0, 0, , 0, 0, 0, 0, 0, 
583, 1, 578, 471, -1, 142, 169, 154.0, 12, ABalppapapa, 0, 0, 0, 0, , 0, 0, 0, 0, 0, 
584, 0, 579, -1, -1, 114, 173, 155.0, 13, , 0, 0, 0, 0, , 0, 0, 0, 0, 0, 
585, 0, 580, -1, -1, 129, 146, 99.0, 13, , 0, 0, 0, 0, , 0, 0, 0, 0, 0, 
586, 0, 581, -1, -1, 136, 154, 105.0, 13, , 0, 0, 0, 0, , 0, 0, 0, 0, 0, 
587, 1, 582, 475, -1, 130, 146, 99.0, 12, ABalppappaa, 0, 0, 0, 0, , 0, 0, 0, 0, 0, 
588, 1, 583, 476, -1, 120, 155, 130.5, 12, ABalppappap, 0, 0, 0, 0, , 0, 0, 0, 0, 0, 
589, 1, 584, 477, -1, 140, 159, 143.0, 15, ABalppapppa, 0, 0, 0, 0, , 0, 0, 0, 0, 0, 
590, 1, 585, 478, -1, 126, 152, 141.0, 13, ABalppapppp, 0, 0, 0, 0, , 0, 0, 0, 0, 0, 
591, 1, 586, 479, -1, 129, 170, 99.0, 13, ABalpppaaaa, 0, 0, 0, 0, , 0, 0, 0, 0, 0, 
592, 1, 587, 480, -1, 105, 165, 129.0, 13, ABalpppaaap, 0, 0, 0, 0, , 0, 0, 0, 0, 0, 
593, 1, 588, 481, -1, 86, 154, 116.0, 13, ABalpppaapd, 0, 0, 0, 0, , 0, 0, 0, 0, 0, 
594, 1, 589, 482, -1, 103, 163, 106.5, 13, ABalpppaapv, 0, 0, 0, 0, , 0, 0, 0, 0, 0, 
595, 1, 590, 483, -1, 121, 171, 116.0, 12, ABalpppapad, 0, 0, 0, 0, , 0, 0, 0, 0, 0, 
596, 1, 591, 484, -1, 148, 168, 101.5, 12, ABalpppapav, 0, 0, 0, 0, , 0, 0, 0, 0, 0, 
597, 1, 592, 485, -1, 123, 138, 70.0, 14, ABalpppappp, 0, 0, 0, 0, , 0, 0, 0, 0, 0, 
598, 1, 593, 486, -1, 136, 127, 80.0, 14, ABalppppaad, 0, 0, 0, 0, , 0, 0, 0, 0, 0, 
599, 0, 594, -1, -1, 96, 144, 91.0, 13, , 0, 0, 0, 0, , 0, 0, 0, 0, 0, 
600, 1, 595, 488, -1, 147, 151, 90.5, 13, ABalpppppaa, 0, 0, 0, 0, , 0, 0, 0, 0, 0, 
601, 1, 596, 489, -1, 153, 141, 82.0, 13, ABalpppppap, 0, 0, 0, 0, , 0, 0, 0, 0, 0, 
602, 1, 598, 490, -1, 159, 146, 68.0, 15, ABalppppppaa, 0, 0, 0, 0, , 0, 0, 0, 0, 0, 
603, 1, 599, 491, -1, 141, 162, 75.0, 13, ABalpppppppa, 0, 0, 0, 0, , 0, 0, 0, 0, 0, 
604, 1, 600, 492, -1, 146, 172, 87.0, 15, ABalpppppppp, 0, 0, 0, 0, , 0, 0, 0, 0, 0, 
605, 1, 601, 493, -1, 126, 123, 127.0, 13, ABaraaaaaaa, 0, 0, 0, 0, , 0, 0, 0, 0, 0, 
606, 0, 602, -1, -1, 138, 119, 118.0, 12, , 0, 0, 0, 0, , 0, 0, 0, 0, 0, 
607, 1, 603, 495, -1, 139, 117, 109.5, 12, ABaraaaaaap, 0, 0, 0, 0, , 0, 0, 0, 0, 0, 
608, 0, 604, -1, -1, 126, 111, 147.0, 13, , 0, 0, 0, 0, , 0, 0, 0, 0, 0, 
609, 1, 605, 497, -1, 126, 110, 144.0, 13, ABaraaaaapa, 0, 0, 0, 0, , 0, 0, 0, 0, 0, 
610, 1, 606, 498, -1, 135, 94, 149.0, 11, ABaraaaaapp, 0, 0, 0, 0, , 0, 0, 0, 0, 0, 
611, 0, 607, -1, -1, 113, 100, 128.0, 14, , 0, 0, 0, 0, , 0, 0, 0, 0, 0, 
612, 1, 608, 500, -1, 118, 102, 140.0, 15, ABaraaapaaa, 0, 0, 0, 0, , 0, 0, 0, 0, 0, 
613, 1, 609, 501, -1, 122, 88, 142.0, 15, ABaraaapaap, 0, 0, 0, 0, , 0, 0, 0, 0, 0, 
614, 1, 610, 502, -1, 136, 71, 142.0, 15, ABaraaapapa, 0, 0, 0, 0, , 0, 0, 0, 0, 0, 
615, 1, 611, 503, -1, 146, 66, 156.0, 13, ABaraaapapp, 0, 0, 0, 0, , 0, 0, 0, 0, 0, 
616, 1, 612, 504, -1, 115, 117, 138.0, 13, ABaraaappaa, 0, 0, 0, 0, , 0, 0, 0, 0, 0, 
617, 1, 613, 505, -1, 119, 125, 152.0, 12, ABaraaappap, 0, 0, 0, 0, , 0, 0, 0, 0, 0, 
618, 1, 614, 506, -1, 105, 120, 146.0, 12, ABaraaapppa, 0, 0, 0, 0, , 0, 0, 0, 0, 0, 
619, 0, 615, -1, -1, 99, 153, 167.0, 12, , 0, 0, 0, 0, , 0, 0, 0, 0, 0, 
620, 0, 616, -1, -1, 98, 140, 165.0, 12, , 0, 0, 0, 0, , 0, 0, 0, 0, 0, 
621, 0, 617, -1, -1, 99, 141, 165.5, 12, , 0, 0, 0, 0, , 0, 0, 0, 0, 0, 
622, 0, 618, -1, -1, 115, 99, 120.0, 12, , 0, 0, 0, 0, , 0, 0, 0, 0, 0, 
623, 1, 619, 511, -1, 115, 99, 119.0, 12, ABaraapaaaa, 0, 0, 0, 0, , 0, 0, 0, 0, 0, 
624, 1, 620, 512, -1, 113, 101, 130.5, 14, ABaraaaapap, 0, 0, 0, 0, , 0, 0, 0, 0, 0, 
625, 0, 621, -1, -1, 118, 90, 107.5, 14, , 0, 0, 0, 0, , 0, 0, 0, 0, 0, 
626, 1, 622, 514, -1, 119, 93, 99.0, 12, ABaraapaapa, 0, 0, 0, 0, , 0, 0, 0, 0, 0, 
627, 1, 623, 515, -1, 159, 87, 89.0, 14, ABaraapaapp, 0, 0, 0, 0, , 0, 0, 0, 0, 0, 
628, 1, 624, 516, -1, 171, 106, 96.0, 14, ABaraapapaa, 0, 0, 0, 0, , 0, 0, 0, 0, 0, 
629, 1, 625, 517, -1, 173, 99, 81.0, 13, ABaraapapap, 0, 0, 0, 0, , 0, 0, 0, 0, 0, 
630, 1, 626, 518, -1, 178, 119, 91.5, 13, ABaraapappa, 0, 0, 0, 0, , 0, 0, 0, 0, 0, 
631, 1, 627, 519, -1, 181, 121, 114.0, 14, ABaraapappp, 0, 0, 0, 0, , 0, 0, 0, 0, 0, 
632, 1, 628, 520, -1, 114, 88, 119.0, 13, ABaraappaaa, 0, 0, 0, 0, , 0, 0, 0, 0, 0, 
633, 1, 629, 521, -1, 122, 87, 131.0, 13, ABaraappaap, 0, 0, 0, 0, , 0, 0, 0, 0, 0, 
634, 1, 630, 522, -1, 115, 76, 134.0, 13, ABaraappapa, 0, 0, 0, 0, , 0, 0, 0, 0, 0, 
635, 1, 631, 523, -1, 153, 57, 128.5, 15, MSpaapaaa, 0, 0, 0, 0, , 0, 0, 0, 0, 0, 
636, 1, 632, 524, -1, 161, 74, 158.5, 15, ABaraapppaa, 0, 0, 0, 0, , 0, 0, 0, 0, 0, 
637, 1, 633, 525, -1, 161, 58, 151.0, 14, ABaraapppap, 0, 0, 0, 0, , 0, 0, 0, 0, 0, 
638, 1, 634, 526, -1, 169, 76, 169.5, 13, ABaraappppa, 0, 0, 0, 0, , 0, 0, 0, 0, 0, 
639, 1, 635, 527, -1, 174, 95, 163.0, 12, ABaraappppp, 0, 0, 0, 0, , 0, 0, 0, 0, 0, 
640, 1, 636, 528, -1, 132, 105, 153.0, 13, ABarapaaaaa, 0, 0, 0, 0, , 0, 0, 0, 0, 0, 
641, 1, 637, 529, -1, 152, 117, 161.0, 12, ABarapaaaap, 0, 0, 0, 0, , 0, 0, 0, 0, 0, 
642, 1, 638, 530, -1, 144, 112, 157.0, 11, ABarapaaapa, 0, 0, 0, 0, , 0, 0, 0, 0, 0, 
643, 1, 639, 531, -1, 128, 84, 154.0, 13, ABarapaapaa, 0, 0, 0, 0, , 0, 0, 0, 0, 0, 
644, 1, 640, 532, -1, 134, 61, 157.0, 13, ABarapaapap, 0, 0, 0, 0, , 0, 0, 0, 0, 0, 
645, 1, 641, 533, -1, 138, 74, 161.5, 12, ABarapaappa, 0, 0, 0, 0, , 0, 0, 0, 0, 0, 
646, 1, 642, 534, -1, 158, 89, 156.5, 13, ABarapaappp, 0, 0, 0, 0, , 0, 0, 0, 0, 0, 
647, 1, 643, 535, -1, 141, 98, 169.0, 13, ABarapapaap, 0, 0, 0, 0, , 0, 0, 0, 0, 0, 
648, 1, 644, 536, -1, 135, 131, 150.0, 12, ABarapapapa, 0, 0, 0, 0, , 0, 0, 0, 0, 0, 
649, 0, 645, -1, -1, 195, 111, 151.0, 14, , 0, 0, 0, 0, , 0, 0, 0, 0, 0, 
650, 0, 646, -1, -1, 193, 112, 152.0, 14, , 0, 0, 0, 0, , 0, 0, 0, 0, 0, 
651, 1, 647, 539, -1, 196, 114, 142.0, 14, ABalpappapp, 0, 0, 0, 0, , 0, 0, 0, 0, 0, 
652, 1, 648, 540, -1, 193, 113, 155.0, 12, ABarapapapp, 0, 0, 0, 0, , 0, 0, 0, 0, 0, 
653, 1, 649, 541, -1, 142, 87, 164.0, 12, ABarapappaa, 0, 0, 0, 0, , 0, 0, 0, 0, 0, 
654, 1, 650, 542, -1, 182, 122, 144.0, 15, ABarapapppa, 0, 0, 0, 0, , 0, 0, 0, 0, 0, 
655, 1, 651, 543, -1, 161, 105, 171.0, 15, ABarapapppp, 0, 0, 0, 0, , 0, 0, 0, 0, 0, 
656, 1, 652, 544, -1, 124, 139, 148.0, 13, ABalpapaapa, 0, 0, 0, 0, , 0, 0, 0, 0, 0, 
657, 1, 653, 545, -1, 119, 132, 159.0, 13, ABarappaaaa, 0, 0, 0, 0, , 0, 0, 0, 0, 0, 
658, 1, 654, 546, -1, 153, 154, 168.0, 13, ABarappapaa, 0, 0, 0, 0, , 0, 0, 0, 0, 0, 
659, 1, 655, 547, -1, 168, 156, 187.0, 13, ABarappapap, 0, 0, 0, 0, , 0, 0, 0, 0, 0, 
660, 1, 656, 548, -1, 198, 88, 145.0, 15, MSpapappp, 0, 0, 0, 0, , 0, 0, 0, 0, 0, 
661, 0, 657, -1, -1, 211, 135, 168.0, 13, , 0, 0, 0, 0, , 0, 0, 0, 0, 0, 
662, 0, 658, -1, -1, 195, 139, 192.0, 13, , 0, 0, 0, 0, , 0, 0, 0, 0, 0, 
663, 1, 659, 551, -1, 106, 118, 165.0, 10, ABarapppaaa, 0, 0, 0, 0, , 0, 0, 0, 0, 0, 
664, 1, 660, 552, -1, 99, 141, 165.0, 11, ABarapppaap, 0, 0, 0, 0, , 0, 0, 0, 0, 0, 
665, 1, 661, 553, -1, 144, 153, 174.0, 12, ABarapppapa, 0, 0, 0, 0, , 0, 0, 0, 0, 0, 
666, 1, 662, 554, -1, 126, 155, 178.5, 14, ABarapppapp, 0, 0, 0, 0, , 0, 0, 0, 0, 0, 
667, 1, 663, 555, -1, 115, 102, 179.0, 13, ABarappppaa, 0, 0, 0, 0, , 0, 0, 0, 0, 0, 
668, 1, 664, 556, -1, 118, 119, 173.0, 13, ABarappppap, 0, 0, 0, 0, , 0, 0, 0, 0, 0, 
669, 1, 665, 557, -1, 132, 138, 172.0, 15, ABarapppppa, 0, 0, 0, 0, , 0, 0, 0, 0, 0, 
670, 1, 666, 558, -1, 115, 142, 168.0, 13, ABarapppppp, 0, 0, 0, 0, , 0, 0, 0, 0, 0, 
671, 1, 667, 559, -1, 65, 127, 130.0, 12, ABarpaaaaal, 0, 0, 0, 0, , 0, 0, 0, 0, 0, 
672, 1, 668, 560, -1, 74, 119, 122.5, 14, ABarpaaaapa, 0, 0, 0, 0, , 0, 0, 0, 0, 0, 
673, 1, 669, 561, -1, 73, 118, 98.5, 12, ABarpaaaapp, 0, 0, 0, 0, , 0, 0, 0, 0, 0, 
674, 1, 670, 562, -1, 72, 104, 134.0, 12, ABarpaaapaa, 0, 0, 0, 0, , 0, 0, 0, 0, 0, 
675, 1, 671, 563, -1, 65, 95, 149.0, 13, ABarpaaapap, 0, 0, 0, 0, , 0, 0, 0, 0, 0, 
676, 1, 672, 564, -1, 57, 90, 130.0, 15, ABarpaapaa, 0, 0, 0, 0, , 0, 0, 0, 0, 0, 
677, 1, 673, 565, -1, 91, 62, 100.0, 15, ABarpaapap, 0, 0, 0, 0, , 0, 0, 0, 0, 0, 
678, 1, 674, 566, -1, 106, 59, 91.0, 14, ABarpaappa, 0, 0, 0, 0, , 0, 0, 0, 0, 0, 
679, 1, 675, 567, -1, 134, 35, 147.5, 14, ABarpaappp, 0, 0, 0, 0, , 0, 0, 0, 0, 0, 
680, 1, 676, 569, -1, 80, 88, 131.0, 13, ABarpapaaaa, 0, 0, 0, 0, , 0, 0, 0, 0, 0, 
681, 1, 677, 568, -1, 78, 88, 135.0, 13, ABalappppap, 0, 0, 0, 0, , 0, 0, 0, 0, 0, 
682, 1, 678, 570, -1, 85, 80, 125.0, 14, ABalapppapp, 0, 0, 0, 0, , 0, 0, 0, 0, 0, 
683, 1, 679, 571, -1, 71, 76, 143.0, 12, ABarpapaaap, 0, 0, 0, 0, , 0, 0, 0, 0, 0, 
684, 1, 680, 572, -1, 86, 76, 141.0, 15, ABarpapaapp, 0, 0, 0, 0, , 0, 0, 0, 0, 0, 
685, 1, 681, 573, -1, 56, 117, 130.0, 15, ABarpapapa, 0, 0, 0, 0, , 0, 0, 0, 0, 0, 
686, 1, 682, 574, -1, 75, 72, 107.5, 15, ABarpapapp, 0, 0, 0, 0, , 0, 0, 0, 0, 0, 
687, 1, 683, 575, -1, 71, 109, 174.0, 14, ABarpappaa, 0, 0, 0, 0, , 0, 0, 0, 0, 0, 
688, 1, 684, 576, -1, 102, 115, 205.0, 14, ABarpappap, 0, 0, 0, 0, , 0, 0, 0, 0, 0, 
689, 1, 685, 577, -1, 125, 100, 65.0, 14, ABarppaaaa, 0, 0, 0, 0, , 0, 0, 0, 0, 0, 
690, 1, 686, 578, -1, 161, 28, 137.0, 15, ABarppaapa, 0, 0, 0, 0, , 0, 0, 0, 0, 0, 
691, 1, 687, 579, -1, 195, 104, 68.0, 16, ABarppaapp, 0, 0, 0, 0, , 0, 0, 0, 0, 0, 
692, 1, 688, 580, -1, 118, 44, 154.0, 14, ABarpppaaa, 0, 0, 0, 0, , 0, 0, 0, 0, 0, 
693, 1, 689, 581, -1, 153, 84, 64.0, 15, ABarpppapa, 0, 0, 0, 0, , 0, 0, 0, 0, 0, 
694, 1, 690, 582, -1, 182, 41, 163.0, 15, ABarpppapp, 0, 0, 0, 0, , 0, 0, 0, 0, 0, 
695, 1, 691, 583, -1, 79, 104, 109.0, 13, ABplaaaaaaa, 0, 0, 0, 0, , 0, 0, 0, 0, 0, 
696, 1, 692, 584, -1, 80, 110, 86.0, 12, ABplaaaaaap, 0, 0, 0, 0, , 0, 0, 0, 0, 0, 
697, 1, 693, 585, -1, 88, 110, 95.0, 12, ABplaaaaappa, 0, 0, 0, 0, , 0, 0, 0, 0, 0, 
698, 1, 693, 586, -1, 105, 105, 92.0, 12, ABplaaaaappp, 0, 0, 0, 0, , 0, 0, 0, 0, 0, 
699, 1, 694, 587, -1, 60, 106, 105.0, 15, ABplaaaapa, 0, 0, 0, 0, , 0, 0, 0, 0, 0, 
700, 1, 695, 588, -1, 64, 85, 109.0, 14, ABplaaaapp, 0, 0, 0, 0, , 0, 0, 0, 0, 0, 
701, 1, 696, 589, -1, 77, 149, 99.5, 15, ABplaaapaa, 0, 0, 0, 0, , 0, 0, 0, 0, 0, 
702, 1, 697, 590, -1, 117, 176, 104.5, 15, ABplaaapap, 0, 0, 0, 0, , 0, 0, 0, 0, 0, 
703, 0, 698, -1, -1, 80, 124, 136.0, 13, , 0, 0, 0, 0, , 0, 0, 0, 0, 0, 
704, 1, 699, 592, -1, 71, 135, 121.0, 13, ABplaapaaap, 0, 0, 0, 0, , 0, 0, 0, 0, 0, 
705, 0, 700, -1, -1, 88, 144, 109.0, 11, , 0, 0, 0, 0, , 0, 0, 0, 0, 0, 
706, 0, 701, -1, -1, 108, 132, 96.0, 11, , 0, 0, 0, 0, , 0, 0, 0, 0, 0, 
707, 0, 702, -1, -1, 96, 144, 90.0, 12, , 0, 0, 0, 0, , 0, 0, 0, 0, 0, 
708, 0, 703, -1, -1, 108, 148, 84.0, 15, , 0, 0, 0, 0, , 0, 0, 0, 0, 0, 
709, 1, 704, 597, -1, 169, 134, 82.0, 13, ABplaapapaa, 0, 0, 0, 0, , 0, 0, 0, 0, 0, 
710, 1, 705, 598, -1, 165, 132, 70.0, 15, ABplaapapap, 0, 0, 0, 0, , 0, 0, 0, 0, 0, 
711, 1, 706, 599, -1, 166, 129, 56.0, 14, ABarppaaap, 0, 0, 0, 0, , 0, 0, 0, 0, 0, 
712, 1, 707, 600, -1, 156, 115, 70.0, 13, ABplaapappa, 0, 0, 0, 0, , 0, 0, 0, 0, 0, 
713, 1, 708, 601, -1, 147, 136, 63.0, 16, ABplaapappp, 0, 0, 0, 0, , 0, 0, 0, 0, 0, 
714, 1, 709, 602, -1, 120, 171, 144.0, 13, ABalppapapp, 0, 0, 0, 0, , 0, 0, 0, 0, 0, 
715, 1, 710, 603, -1, 114, 174, 155.5, 15, ABplaappaa, 0, 0, 0, 0, , 0, 0, 0, 0, 0, 
716, 1, 711, 604, -1, 143, 175, 163.0, 16, ABplaappap, 0, 0, 0, 0, , 0, 0, 0, 0, 0, 
717, 1, 712, 605, -1, 174, 183, 144.0, 13, ABplaapppa, 0, 0, 0, 0, , 0, 0, 0, 0, 0, 
718, 1, 713, 606, -1, 196, 159, 90.0, 17, ABplaapppp, 0, 0, 0, 0, , 0, 0, 0, 0, 0, 
719, 1, 714, 607, -1, 149, 109, 62.5, 14, ABplapaaaap, 0, 0, 0, 0, , 0, 0, 0, 0, 0, 
720, 1, 715, 608, -1, 182, 136, 72.5, 15, ABplapaaapa, 0, 0, 0, 0, , 0, 0, 0, 0, 0, 
721, 1, 716, 609, -1, 199, 128, 75.0, 15, ABplapaaapp, 0, 0, 0, 0, , 0, 0, 0, 0, 0, 
722, 1, 717, 610, -1, 198, 172, 139.0, 13, ABplapaapa, 0, 0, 0, 0, , 0, 0, 0, 0, 0, 
723, 1, 718, 611, -1, 214, 151, 99.0, 17, ABplapaapp, 0, 0, 0, 0, , 0, 0, 0, 0, 0, 
724, 1, 719, 612, -1, 278, 170, 111.5, 17, ABplapappa, 0, 0, 0, 0, , 0, 0, 0, 0, 0, 
725, 1, 720, 613, -1, 319, 156, 133.0, 14, ABplapapppp, 0, 0, 0, 0, , 0, 0, 0, 0, 0, 
726, 1, 721, 614, -1, 227, 131, 90.0, 14, ABplappaaa, 0, 0, 0, 0, , 0, 0, 0, 0, 0, 
727, 1, 722, 615, -1, 245, 134, 99.0, 15, ABplappaap, 0, 0, 0, 0, , 0, 0, 0, 0, 0, 
728, 1, 723, 616, -1, 258, 143, 99.0, 14, ABplappapp, 0, 0, 0, 0, , 0, 0, 0, 0, 0, 
729, 1, 724, 617, -1, 295, 169, 120.0, 14, ABplapppaaa, 0, 0, 0, 0, , 0, 0, 0, 0, 0, 
730, 1, 725, 618, -1, 295, 159, 143.0, 15, ABplapppapp, 0, 0, 0, 0, , 0, 0, 0, 0, 0, 
731, 1, 726, 619, -1, 262, 161, 158.0, 14, ABplappppa, 0, 0, 0, 0, , 0, 0, 0, 0, 0, 
732, 1, 727, 620, -1, 132, 152, 113.5, 14, ABplpaaaaaa, 0, 0, 0, 0, , 0, 0, 0, 0, 0, 
733, 1, 728, 621, -1, 160, 165, 99.0, 13, ABplpaaaaap, 0, 0, 0, 0, , 0, 0, 0, 0, 0, 
734, 1, 729, 622, -1, 187, 161, 165.0, 12, ABplpaaaapa, 0, 0, 0, 0, , 0, 0, 0, 0, 0, 
735, 1, 730, 623, -1, 219, 144, 145.5, 13, ABplpaaaapp, 0, 0, 0, 0, , 0, 0, 0, 0, 0, 
736, 0, 731, -1, -1, 134, 160, 132.5, 12, , 0, 0, 0, 0, , 0, 0, 0, 0, 0, 
737, 1, 732, 625, -1, 138, 156, 131.0, 12, ABplpaaapaa, 0, 0, 0, 0, , 0, 0, 0, 0, 0, 
738, 1, 733, 626, -1, 125, 177, 127.0, 12, ABplpaaapap, 0, 0, 0, 0, , 0, 0, 0, 0, 0, 
739, 1, 734, 627, -1, 134, 163, 121.5, 15, ABplpaaappa, 0, 0, 0, 0, , 0, 0, 0, 0, 0, 
740, 0, 735, -1, -1, 157, 177, 145.0, 13, , 0, 0, 0, 0, , 0, 0, 0, 0, 0, 
741, 0, 736, -1, -1, 155, 177, 141.0, 15, , 0, 0, 0, 0, , 0, 0, 0, 0, 0, 
742, 1, 737, 630, -1, 151, 166, 121.0, 13, ABplpaaappp, 0, 0, 0, 0, , 0, 0, 0, 0, 0, 
743, 0, 738, -1, -1, 159, 166, 82.0, 13, , 0, 0, 0, 0, , 0, 0, 0, 0, 0, 
744, 1, 739, 632, -1, 89, 158, 95.5, 15, ABplpaapapa, 0, 0, 0, 0, , 0, 0, 0, 0, 0, 
745, 1, 740, 633, -1, 136, 180, 138.5, 13, ABplpaapapp, 0, 0, 0, 0, , 0, 0, 0, 0, 0, 
746, 1, 741, 634, -1, 164, 151, 88.0, 13, ABplpaappaa, 0, 0, 0, 0, , 0, 0, 0, 0, 0, 
747, 0, 742, -1, -1, 167, 156, 74.0, 13, , 0, 0, 0, 0, , 0, 0, 0, 0, 0, 
748, 0, 743, -1, -1, 168, 155, 76.0, 13, , 0, 0, 0, 0, , 0, 0, 0, 0, 0, 
749, 0, 744, -1, -1, 173, 172, 135.0, 12, , 0, 0, 0, 0, , 0, 0, 0, 0, 0, 
750, 0, 745, -1, -1, 173, 172, 134.0, 12, , 0, 0, 0, 0, , 0, 0, 0, 0, 0, 
751, 1, 746, 639, -1, 167, 149, 148.0, 13, ABplpapaaaa, 0, 0, 0, 0, , 0, 0, 0, 0, 0, 
752, 0, 747, -1, -1, 166, 151, 121.0, 15, , 0, 0, 0, 0, , 0, 0, 0, 0, 0, 
753, 0, 748, -1, -1, 181, 163, 151.0, 12, , 0, 0, 0, 0, , 0, 0, 0, 0, 0, 
754, 0, 749, -1, -1, 154, 159, 156.0, 13, , 0, 0, 0, 0, , 0, 0, 0, 0, 0, 
755, 1, 750, 643, -1, 161, 165, 141.0, 11, ABplpapaapp, 0, 0, 0, 0, , 0, 0, 0, 0, 0, 
756, 0, 751, -1, -1, 182, 149, 134.0, 12, , 0, 0, 0, 0, , 0, 0, 0, 0, 0, 
757, 0, 752, -1, -1, 179, 161, 138.5, 13, , 0, 0, 0, 0, , 0, 0, 0, 0, 0, 
758, 1, 753, 646, -1, 199, 158, 148.0, 13, ABplpapappa, 0, 0, 0, 0, , 0, 0, 0, 0, 0, 
759, 0, 754, -1, -1, 232, 123, 163.0, 13, , 0, 0, 0, 0, , 0, 0, 0, 0, 0, 
760, 1, 755, 648, -1, 143, 146, 150.0, 13, ABplpappaaa, 0, 0, 0, 0, , 0, 0, 0, 0, 0, 
761, 0, 756, -1, -1, 167, 159, 178.0, 15, , 0, 0, 0, 0, , 0, 0, 0, 0, 0, 
762, 0, 757, -1, -1, 181, 138, 168.0, 15, , 0, 0, 0, 0, , 0, 0, 0, 0, 0, 
763, 1, 758, 651, -1, 269, 141, 148.0, 13, ABplpapppaa, 0, 0, 0, 0, , 0, 0, 0, 0, 0, 
764, 1, 759, 652, -1, 270, 123, 170.0, 12, ABplpapppap, 0, 0, 0, 0, , 0, 0, 0, 0, 0, 
765, 1, 760, 653, -1, 273, 127, 152.0, 13, ABplpappppa, 0, 0, 0, 0, , 0, 0, 0, 0, 0, 
766, 1, 761, 654, -1, 287, 138, 163.0, 12, ABplpappppp, 0, 0, 0, 0, , 0, 0, 0, 0, 0, 
767, 1, 762, 655, -1, 162, 178, 109.0, 13, ABplppaaaaa, 0, 0, 0, 0, , 0, 0, 0, 0, 0, 
768, 0, 763, -1, -1, 183, 178, 153.0, 13, , 0, 0, 0, 0, , 0, 0, 0, 0, 0, 
769, 0, 764, -1, -1, 206, 143, 153.0, 10, , 0, 0, 0, 0, , 0, 0, 0, 0, 0, 
770, 0, 765, -1, -1, 208, 146, 138.0, 13, , 0, 0, 0, 0, , 0, 0, 0, 0, 0, 
771, 0, 766, -1, -1, 243, 128, 158.0, 13, , 0, 0, 0, 0, , 0, 0, 0, 0, 0, 
772, 1, 767, 661, -1, 210, 161, 129.0, 14, ABplppapaaa, 0, 0, 0, 0, , 0, 0, 0, 0, 0, 
773, 1, 768, 662, -1, 209, 131, 133.0, 12, ABplppapaap, 0, 0, 0, 0, , 0, 0, 0, 0, 0, 
774, 1, 769, 663, -1, 226, 119, 137.5, 13, ABplppapapa, 0, 0, 0, 0, , 0, 0, 0, 0, 0, 
775, 1, 770, 664, -1, 246, 126, 138.0, 13, ABplppapapp, 0, 0, 0, 0, , 0, 0, 0, 0, 0, 
776, 0, 771, -1, -1, 210, 145, 136.0, 13, , 0, 0, 0, 0, , 0, 0, 0, 0, 0, 
777, 1, 772, 666, -1, 234, 122, 147.0, 13, ABplppapppa, 0, 0, 0, 0, , 0, 0, 0, 0, 0, 
778, 1, 773, 667, -1, 250, 133, 146.0, 12, ABplppapppp, 0, 0, 0, 0, , 0, 0, 0, 0, 0, 
779, 1, 774, 668, -1, 254, 153, 141.0, 13, ABplpppaaaa, 0, 0, 0, 0, , 0, 0, 0, 0, 0, 
780, 1, 775, 669, -1, 257, 143, 131.5, 13, ABplpppaaap, 0, 0, 0, 0, , 0, 0, 0, 0, 0, 
781, 1, 776, 670, -1, 292, 156, 128.0, 13, ABplpppaapa, 0, 0, 0, 0, , 0, 0, 0, 0, 0, 
782, 1, 777, 671, -1, 285, 169, 136.0, 13, ABplpppaapp, 0, 0, 0, 0, , 0, 0, 0, 0, 0, 
783, 1, 778, 672, -1, 278, 166, 148.0, 13, ABplpppapaa, 0, 0, 0, 0, , 0, 0, 0, 0, 0, 
784, 1, 779, 673, -1, 271, 156, 184.0, 13, ABplpppapap, 0, 0, 0, 0, , 0, 0, 0, 0, 0, 
785, 1, 780, 674, -1, 270, 134, 138.0, 12, ABplppppaaa, 0, 0, 0, 0, , 0, 0, 0, 0, 0, 
786, 1, 781, 675, -1, 285, 141, 143.0, 13, ABplppppaap, 0, 0, 0, 0, , 0, 0, 0, 0, 0, 
787, 0, 782, -1, -1, 259, 155, 150.0, 14, , 0, 0, 0, 0, , 0, 0, 0, 0, 0, 
788, 0, 783, -1, -1, 259, 154, 149.0, 12, , 0, 0, 0, 0, , 0, 0, 0, 0, 0, 
789, 1, 784, 678, -1, 273, 148, 156.0, 13, ABplppppapp, 0, 0, 0, 0, , 0, 0, 0, 0, 0, 
790, 1, 785, 679, -1, 272, 156, 137.0, 12, Capappp, 0, 0, 0, 0, , 0, 0, 0, 0, 0, 
791, 1, 786, 680, -1, 286, 129, 129.0, 13, ABplpppppaa, 0, 0, 0, 0, , 0, 0, 0, 0, 0, 
792, 1, 787, 681, -1, 293, 141, 124.0, 13, ABplpppppap, 0, 0, 0, 0, , 0, 0, 0, 0, 0, 
793, 0, 788, -1, -1, 301, 153, 171.0, 13, , 0, 0, 0, 0, , 0, 0, 0, 0, 0, 
794, 0, 789, -1, -1, 299, 152, 179.0, 13, , 0, 0, 0, 0, , 0, 0, 0, 0, 0, 
795, 1, 790, 684, -1, 321, 144, 143.0, 14, Cappppd, 0, 0, 0, 0, , 0, 0, 0, 0, 0, 
796, 1, 791, 685, -1, 309, 152, 160.0, 14, ABplppppppp, 0, 0, 0, 0, , 0, 0, 0, 0, 0, 
797, 1, 792, 686, -1, 98, 134, 185.0, 13, ABpraaaaaap, 0, 0, 0, 0, , 0, 0, 0, 0, 0, 
798, 1, 793, 687, -1, 80, 118, 179.0, 13, ABpraaaaapd, 0, 0, 0, 0, , 0, 0, 0, 0, 0, 
799, 1, 794, 688, -1, 87, 121, 191.0, 13, ABpraaaaapv, 0, 0, 0, 0, , 0, 0, 0, 0, 0, 
800, 1, 795, 689, -1, 104, 129, 194.5, 13, ABpraaaapad, 0, 0, 0, 0, , 0, 0, 0, 0, 0, 
801, 1, 796, 690, -1, 129, 112, 204.0, 13, ABpraaaapav, 0, 0, 0, 0, , 0, 0, 0, 0, 0, 
802, 1, 797, 691, -1, 117, 70, 183.0, 12, ABpraaaappp, 0, 0, 0, 0, , 0, 0, 0, 0, 0, 
803, 1, 798, 692, -1, 128, 79, 179.0, 13, ABpraaapaad, 0, 0, 0, 0, , 0, 0, 0, 0, 0, 
804, 0, 799, -1, -1, 108, 84, 163.0, 14, , 0, 0, 0, 0, , 0, 0, 0, 0, 0, 
805, 1, 800, 694, -1, 108, 83, 164.0, 14, ABpraaapapa, 0, 0, 0, 0, , 0, 0, 0, 0, 0, 
806, 1, 801, 695, -1, 138, 94, 192.0, 13, ABpraaappaa, 0, 0, 0, 0, , 0, 0, 0, 0, 0, 
807, 1, 802, 696, -1, 141, 83, 193.0, 12, ABpraaappap, 0, 0, 0, 0, , 0, 0, 0, 0, 0, 
808, 1, 803, 697, -1, 146, 73, 197.0, 12, ABpraaapppaa, 0, 0, 0, 0, , 0, 0, 0, 0, 0, 
809, 1, 804, 698, -1, 158, 71, 199.0, 12, ABpraaapppap, 0, 0, 0, 0, , 0, 0, 0, 0, 0, 
810, 1, 805, 699, -1, 124, 88, 209.0, 15, ABpraaappppa, 0, 0, 0, 0, , 0, 0, 0, 0, 0, 
811, 1, 806, 700, -1, 139, 96, 215.0, 13, ABpraaappppp, 0, 0, 0, 0, , 0, 0, 0, 0, 0, 
812, 1, 807, 701, -1, 76, 126, 144.0, 15, ABpraapaaaa, 0, 0, 0, 0, , 0, 0, 0, 0, 0, 
813, 1, 808, 702, -1, 66, 119, 155.0, 13, ABpraapaaap, 0, 0, 0, 0, , 0, 0, 0, 0, 0, 
814, 1, 809, 703, -1, 92, 93, 179.0, 12, ABpraapaapa, 0, 0, 0, 0, , 0, 0, 0, 0, 0, 
815, 1, 810, 704, -1, 96, 93, 188.0, 14, ABpraapaapp, 0, 0, 0, 0, , 0, 0, 0, 0, 0, 
816, 1, 811, 705, -1, 159, 75, 187.0, 12, ABpraapapaa, 0, 0, 0, 0, , 0, 0, 0, 0, 0, 
817, 1, 812, 706, -1, 152, 64, 184.0, 13, ABpraapapap, 0, 0, 0, 0, , 0, 0, 0, 0, 0, 
818, 1, 813, 707, -1, 141, 63, 177.5, 12, ABpraapappa, 0, 0, 0, 0, , 0, 0, 0, 0, 0, 
819, 1, 814, 708, -1, 136, 62, 187.0, 15, ABpraapappp, 0, 0, 0, 0, , 0, 0, 0, 0, 0, 
820, 1, 815, 709, -1, 111, 162, 174.0, 14, ABpraappaa, 0, 0, 0, 0, , 0, 0, 0, 0, 0, 
821, 1, 816, 710, -1, 112, 161, 162.0, 13, ABalpapaaap, 0, 0, 0, 0, , 0, 0, 0, 0, 0, 
822, 1, 817, 711, -1, 146, 147, 201.66667, 16, ABpraappap, 0, 0, 0, 0, , 0, 0, 0, 0, 0, 
823, 1, 818, 712, -1, 179, 144, 198.0, 12, ABpraapppa, 0, 0, 0, 0, , 0, 0, 0, 0, 0, 
824, 1, 819, 713, -1, 187, 91, 204.5, 12, ABpraapppp, 0, 0, 0, 0, , 0, 0, 0, 0, 0, 
825, 1, 820, 714, -1, 140, 47, 164.5, 15, ABprapaaaap, 0, 0, 0, 0, , 0, 0, 0, 0, 0, 
826, 1, 821, 715, -1, 171, 67, 190.0, 12, ABprapaaapa, 0, 0, 0, 0, , 0, 0, 0, 0, 0, 
827, 1, 822, 716, -1, 185, 57, 181.0, 13, ABprapaaapp, 0, 0, 0, 0, , 0, 0, 0, 0, 0, 
828, 1, 823, 717, -1, 193, 139, 197.0, 15, ABprapaapa, 0, 0, 0, 0, , 0, 0, 0, 0, 0, 
829, 1, 824, 718, -1, 184, 134, 190.0, 13, ABarappappp, 0, 0, 0, 0, , 0, 0, 0, 0, 0, 
830, 1, 825, 719, -1, 203, 84, 195.0, 19, ABprapaapp, 0, 0, 0, 0, , 0, 0, 0, 0, 0, 
831, 1, 826, 720, -1, 276, 87, 193.0, 15, ABprapapap, 0, 0, 0, 0, , 0, 0, 0, 0, 0, 
832, 1, 827, 721, -1, 284, 102, 204.5, 15, ABprapappa, 0, 0, 0, 0, , 0, 0, 0, 0, 0, 
833, 1, 828, 722, -1, 324, 115, 171.0, 17, ABprapapppp, 0, 0, 0, 0, , 0, 0, 0, 0, 0, 
834, 0, 829, -1, -1, 305, 98, 192.0, 13, , 0, 0, 0, 0, , 0, 0, 0, 0, 0, 
835, 1, 830, 724, -1, 320, 90, 182.5, 13, ABprapppaap, 0, 0, 0, 0, , 0, 0, 0, 0, 0, 
836, 1, 831, 725, -1, 279, 138, 196.0, 16, ABprappppa, 0, 0, 0, 0, , 0, 0, 0, 0, 0, 
837, 1, 832, 726, -1, 321, 129, 180.5, 16, ABprappppp, 0, 0, 0, 0, , 0, 0, 0, 0, 0, 
838, 1, 833, 727, -1, 308, 118, 180.5, 12, ABprapppapp, 0, 0, 0, 0, , 0, 0, 0, 0, 0, 
839, 1, 834, 728, -1, 142, 105, 204.0, 14, ABprpaaaaap, 0, 0, 0, 0, , 0, 0, 0, 0, 0, 
840, 1, 835, 729, -1, 190, 152, 180.0, 14, ABprpaaaapa, 0, 0, 0, 0, , 0, 0, 0, 0, 0, 
841, 1, 836, 730, -1, 220, 128, 175.0, 14, ABprpaaaapp, 0, 0, 0, 0, , 0, 0, 0, 0, 0, 
842, 0, 837, -1, -1, 111, 140, 177.0, 13, , 0, 0, 0, 0, , 0, 0, 0, 0, 0, 
843, 1, 838, 732, -1, 112, 140, 176.0, 13, ABprpaaapaa, 0, 0, 0, 0, , 0, 0, 0, 0, 0, 
844, 0, 839, -1, -1, 131, 152, 192.0, 13, , 0, 0, 0, 0, , 0, 0, 0, 0, 0, 
845, 1, 840, 734, -1, 124, 127, 183.5, 13, ABprpaaappa, 0, 0, 0, 0, , 0, 0, 0, 0, 0, 
846, 1, 841, 735, -1, 134, 126, 188.0, 13, ABprpaaappp, 0, 0, 0, 0, , 0, 0, 0, 0, 0, 
847, 1, 842, 736, -1, 115, 91, 182.0, 13, ABprpaapaaa, 0, 0, 0, 0, , 0, 0, 0, 0, 0, 
848, 1, 843, 737, -1, 153, 93, 208.5, 12, ABprpaapaap, 0, 0, 0, 0, , 0, 0, 0, 0, 0, 
849, 0, 844, -1, -1, 82, 105, 188.0, 15, , 0, 0, 0, 0, , 0, 0, 0, 0, 0, 
850, 1, 845, 739, -1, 129, 139, 182.0, 11, ABalaapappp, 0, 0, 0, 0, , 0, 0, 0, 0, 0, 
851, 1, 846, 740, -1, 120, 143, 192.0, 13, ABprpaaapap, 0, 0, 0, 0, , 0, 0, 0, 0, 0, 
852, 1, 847, 741, -1, 130, 152, 192.0, 14, ABprpaapapp, 0, 0, 0, 0, , 0, 0, 0, 0, 0, 
853, 1, 848, 742, -1, 158, 87, 198.0, 15, ABprpaappaa, 0, 0, 0, 0, , 0, 0, 0, 0, 0, 
854, 0, 849, -1, -1, 186, 74, 173.04274, 14, , 0, 0, 0, 0, , 0, 0, 0, 0, 0, 
855, 1, 850, 744, -1, 159, 82, 210.0, 12, ABprpaappap, 0, 0, 0, 0, , 0, 0, 0, 0, 0, 
856, 0, 851, -1, -1, 160, 139, 196.0, 13, , 0, 0, 0, 0, , 0, 0, 0, 0, 0, 
857, 1, 852, 746, -1, 161, 137, 196.0, 14, ABprpaapppa, 0, 0, 0, 0, , 0, 0, 0, 0, 0, 
858, 1, 853, 747, -1, 148, 145, 190.0, 15, ABprpaapppp, 0, 0, 0, 0, , 0, 0, 0, 0, 0, 
859, 0, 854, -1, -1, 155, 141, 183.5, 14, , 0, 0, 0, 0, , 0, 0, 0, 0, 0, 
860, 1, 855, 749, -1, 174, 143, 181.0, 13, ABprpapaaap, 0, 0, 0, 0, , 0, 0, 0, 0, 0, 
861, 0, 856, -1, -1, 152, 139, 175.0, 13, , 0, 0, 0, 0, , 0, 0, 0, 0, 0, 
862, 1, 857, 751, -1, 155, 140, 176.5, 14, ABprpapaapa, 0, 0, 0, 0, , 0, 0, 0, 0, 0, 
863, 1, 859, 752, -1, 165, 140, 173.0, 13, ABprpapaaaa, 0, 0, 0, 0, , 0, 0, 0, 0, 0, 
864, 1, 860, 753, -1, 155, 141, 185.0, 12, ABprpapaapp, 0, 0, 0, 0, , 0, 0, 0, 0, 0, 
865, 1, 861, 754, -1, 172, 124, 176.0, 13, ABprpapapaa, 0, 0, 0, 0, , 0, 0, 0, 0, 0, 
866, 1, 862, 755, -1, 168, 132, 183.0, 12, ABprpapapap, 0, 0, 0, 0, , 0, 0, 0, 0, 0, 
867, 0, 863, -1, -1, 187, 132, 181.0, 12, , 0, 0, 0, 0, , 0, 0, 0, 0, 0, 
868, 0, 864, -1, -1, 188, 132, 179.0, 12, , 0, 0, 0, 0, , 0, 0, 0, 0, 0, 
869, 0, 865, -1, -1, 191, 133, 178.0, 12, , 0, 0, 0, 0, , 0, 0, 0, 0, 0, 
870, 0, 866, -1, -1, 187, 132, 182.0, 12, , 0, 0, 0, 0, , 0, 0, 0, 0, 0, 
871, 1, 867, 761, -1, 253, 126, 161.0, 14, ABprpapappp, 0, 0, 0, 0, , 0, 0, 0, 0, 0, 
872, 1, 868, 762, -1, 137, 158, 160.0, 13, ABprpappaaa, 0, 0, 0, 0, , 0, 0, 0, 0, 0, 
873, 1, 869, 763, -1, 169, 157, 170.0, 15, ABprpappaap, 0, 0, 0, 0, , 0, 0, 0, 0, 0, 
874, 1, 870, 764, -1, 178, 136, 166.0, 13, ABprpappapa, 0, 0, 0, 0, , 0, 0, 0, 0, 0, 
875, 1, 871, 765, -1, 224, 132, 155.0, 13, ABprpappapp, 0, 0, 0, 0, , 0, 0, 0, 0, 0, 
876, 0, 872, -1, -1, 152, 145, 164.0, 13, , 0, 0, 0, 0, , 0, 0, 0, 0, 0, 
877, 1, 873, 767, -1, 156, 139, 156.5, 14, ABprpapppaa, 0, 0, 0, 0, , 0, 0, 0, 0, 0, 
878, 1, 874, 768, -1, 205, 121, 177.0, 12, ABprpapppap, 0, 0, 0, 0, , 0, 0, 0, 0, 0, 
879, 0, 875, -1, -1, 281, 116, 170.0, 12, , 0, 0, 0, 0, , 0, 0, 0, 0, 0, 
880, 1, 876, 770, -1, 295, 136, 150.0, 12, ABprpappppp, 0, 0, 0, 0, , 0, 0, 0, 0, 0, 
881, 1, 877, 771, -1, 154, 127, 205.0, 12, ABprppaaaaa, 0, 0, 0, 0, , 0, 0, 0, 0, 0, 
882, 1, 878, 772, -1, 159, 109, 210.0, 13, ABprppaaaap, 0, 0, 0, 0, , 0, 0, 0, 0, 0, 
883, 1, 879, 773, -1, 168, 125, 200.0, 13, ABprppaapap, 0, 0, 0, 0, , 0, 0, 0, 0, 0, 
884, 0, 880, -1, -1, 199, 133, 169.0, 13, , 0, 0, 0, 0, , 0, 0, 0, 0, 0, 
885, 1, 881, 775, -1, 246, 122, 172.0, 12, ABprppaappp, 0, 0, 0, 0, , 0, 0, 0, 0, 0, 
886, 1, 882, 776, -1, 205, 124, 191.5, 12, ABprppapaaa, 0, 0, 0, 0, , 0, 0, 0, 0, 0, 
887, 1, 883, 777, -1, 216, 109, 165.0, 12, ABprppapaap, 0, 0, 0, 0, , 0, 0, 0, 0, 0, 
888, 1, 884, 778, -1, 231, 109, 168.0, 13, ABprppapapa, 0, 0, 0, 0, , 0, 0, 0, 0, 0, 
889, 1, 885, 779, -1, 251, 106, 167.0, 13, ABprppapapp, 0, 0, 0, 0, , 0, 0, 0, 0, 0, 
890, 1, 886, 780, -1, 209, 117, 169.0, 13, ABprppappaa, 0, 0, 0, 0, , 0, 0, 0, 0, 0, 
891, 1, 887, 781, -1, 221, 117, 158.0, 12, ABprppappap, 0, 0, 0, 0, , 0, 0, 0, 0, 0, 
892, 1, 888, 782, -1, 241, 111, 166.0, 10, ABprppapppa, 0, 0, 0, 0, , 0, 0, 0, 0, 0, 
893, 1, 889, 783, -1, 255, 114, 176.0, 12, ABprppapppp, 0, 0, 0, 0, , 0, 0, 0, 0, 0, 
894, 1, 890, 784, -1, 258, 123, 184.0, 12, ABprpppaaaa, 0, 0, 0, 0, , 0, 0, 0, 0, 0, 
895, 1, 891, 785, -1, 260, 105, 180.0, 12, ABprpppaaap, 0, 0, 0, 0, , 0, 0, 0, 0, 0, 
896, 0, 892, -1, -1, 302, 103, 183.0, 14, , 0, 0, 0, 0, , 0, 0, 0, 0, 0, 
897, 1, 893, 787, -1, 303, 103, 185.0, 13, ABprpppaapa, 0, 0, 0, 0, , 0, 0, 0, 0, 0, 
898, 1, 894, 788, -1, 299, 113, 193.0, 12, ABprpppaapp, 0, 0, 0, 0, , 0, 0, 0, 0, 0, 
899, 1, 895, 789, -1, 290, 121, 189.0, 12, ABprpppapaa, 0, 0, 0, 0, , 0, 0, 0, 0, 0, 
900, 0, 896, -1, -1, 291, 159, 181.0, 12, , 0, 0, 0, 0, , 0, 0, 0, 0, 0, 
901, 1, 897, 791, -1, 290, 161, 173.5, 13, ABprpppapap, 0, 0, 0, 0, , 0, 0, 0, 0, 0, 
902, 1, 898, 792, -1, 289, 157, 157.0, 15, Cappppv, 0, 0, 0, 0, , 0, 0, 0, 0, 0, 
903, 1, 899, 793, -1, 280, 116, 169.0, 13, ABprppppaaa, 0, 0, 0, 0, , 0, 0, 0, 0, 0, 
904, 0, 900, -1, -1, 294, 122, 158.0, 12, , 0, 0, 0, 0, , 0, 0, 0, 0, 0, 
905, 1, 901, 795, -1, 288, 124, 169.0, 12, ABprppppaap, 0, 0, 0, 0, , 0, 0, 0, 0, 0, 
906, 1, 902, 796, -1, 294, 122, 158.0, 12, ABprpappppa, 0, 0, 0, 0, , 0, 0, 0, 0, 0, 
907, 1, 903, 797, -1, 267, 130, 188.5, 14, ABprppppapa, 0, 0, 0, 0, , 0, 0, 0, 0, 0, 
908, 1, 904, 798, -1, 277, 132, 179.5, 14, ABprppppapp, 0, 0, 0, 0, , 0, 0, 0, 0, 0, 
909, 1, 905, 799, -1, 275, 103, 165.0, 13, ABprpppppaa, 0, 0, 0, 0, , 0, 0, 0, 0, 0, 
910, 1, 906, 800, -1, 294, 103, 168.0, 15, ABprpppppap, 0, 0, 0, 0, , 0, 0, 0, 0, 0, 
911, 1, 907, 801, -1, 300, 150, 169.5, 13, ABplppppppa, 0, 0, 0, 0, , 0, 0, 0, 0, 0, 
912, 1, 908, 802, -1, 302, 152, 182.0, 13, ABprppppppa, 0, 0, 0, 0, , 0, 0, 0, 0, 0, 
913, 1, 909, 803, -1, 313, 140, 173.5, 13, ABprppppppp, 0, 0, 0, 0, , 0, 0, 0, 0, 0, 
914, 0, 910, -1, -1, 88, 145, 129.0, 11, , 0, 0, 0, 0, , 0, 0, 0, 0, 0, 
915, 0, 911, -1, -1, 89, 144, 128.0, 11, , 0, 0, 0, 0, , 0, 0, 0, 0, 0, 
916, 0, 912, -1, -1, 88, 144, 128.0, 11, , 0, 0, 0, 0, , 0, 0, 0, 0, 0, 
917, 1, 913, 807, -1, 94, 153, 132.0, 12, ABalaaaalpp, 0, 0, 0, 0, , 0, 0, 0, 0, 0, 
918, 1, 914, 809, -1, 109, 150, 112.0, 15, ABalapaappa, 0, 0, 0, 0, , 0, 0, 0, 0, 0, 
919, 1, 915, 810, -1, 86, 121, 86.0, 12, ABalapapppp, 0, 0, 0, 0, , 0, 0, 0, 0, 0, 
920, 0, 916, -1, -1, 100, 77, 155.45901, 12, , 0, 0, 0, 0, , 0, 0, 0, 0, 0, 
921, 1, 917, 812, -1, 100, 66, 171.0, 12, ABalappapaa, 0, 0, 0, 0, , 0, 0, 0, 0, 0, 
922, 0, 918, -1, -1, 79, 86, 168.0, 12, , 0, 0, 0, 0, , 0, 0, 0, 0, 0, 
923, 1, 919, 814, -1, 78, 85, 169.0, 12, ABalappappp, 0, 0, 0, 0, , 0, 0, 0, 0, 0, 
924, 1, 844, 815, -1, 81, 111, 189.0, 13, ABprpaapapa, 0, 0, 0, 0, , 0, 0, 0, 0, 0, 
925, 0, 920, -1, -1, 95, 126, 136.0, 13, , 0, 0, 0, 0, , 0, 0, 0, 0, 0, 
926, 0, 921, -1, -1, 95, 125, 137.0, 13, , 0, 0, 0, 0, , 0, 0, 0, 0, 0, 
927, 0, 922, -1, -1, 95, 125, 136.0, 13, , 0, 0, 0, 0, , 0, 0, 0, 0, 0, 
928, 1, 923, 819, -1, 94, 141, 140.0, 14, ABalpaapppp, 0, 0, 0, 0, , 0, 0, 0, 0, 0, 
929, 1, 924, 820, -1, 96, 143, 89.0, 12, ABplaapaapa, 0, 0, 0, 0, , 0, 0, 0, 0, 0, 
930, 1, 925, 821, -1, 106, 148, 80.0, 15, ABplaapaapp, 0, 0, 0, 0, , 0, 0, 0, 0, 0, 
931, 0, 926, -1, -1, 146, 128, 114.23529, 15, , 0, 0, 0, 0, , 0, 0, 0, 0, 0, 
932, 0, 927, -1, -1, 155, 129, 113.5, 15, , 0, 0, 0, 0, , 0, 0, 0, 0, 0, 
933, 1, 928, 824, -1, 184, 172, 133.0, 13, ABalpapappp, 0, 0, 0, 0, , 0, 0, 0, 0, 0, 
934, 1, 929, 825, -1, 155, 177, 143.5, 14, ABplpaapppp, 0, 0, 0, 0, , 0, 0, 0, 0, 0, 
935, 1, 930, 826, -1, 176, 171, 95.0, 14, ABplppaaaap, 0, 0, 0, 0, , 0, 0, 0, 0, 0, 
936, 0, 931, -1, -1, 103, 166, 124.0, 12, , 0, 0, 0, 0, , 0, 0, 0, 0, 0, 
937, 0, 932, -1, -1, 104, 165, 122.0, 12, , 0, 0, 0, 0, , 0, 0, 0, 0, 0, 
938, 0, 933, -1, -1, 103, 166, 124.0, 12, , 0, 0, 0, 0, , 0, 0, 0, 0, 0, 
939, 0, 934, -1, -1, 103, 165, 120.5, 12, , 0, 0, 0, 0, , 0, 0, 0, 0, 0, 
940, 1, 935, 831, -1, 101, 125, 155.0, 12, ABaraaapppp, 0, 0, 0, 0, , 0, 0, 0, 0, 0, 
941, 1, 936, 832, -1, 119, 89, 109.0, 14, ABaraapaaap, 0, 0, 0, 0, , 0, 0, 0, 0, 0, 
942, 1, 937, 833, -1, 123, 78, 100.0, 14, MSaaapaaa, 0, 0, 0, 0, , 0, 0, 0, 0, 0, 
943, 1, 938, 834, -1, 143, 168, 131.0, 13, ABalppaappp, 0, 0, 0, 0, , 0, 0, 0, 0, 0, 
944, 1, 939, 835, -1, 119, 148, 156.0, 13, ABarappaapa, 0, 0, 0, 0, , 0, 0, 0, 0, 0, 
945, 1, 940, 836, -1, 109, 131, 95.5, 15, ABalppppapa, 0, 0, 0, 0, , 0, 0, 0, 0, 0, 
946, 1, 941, 837, -1, 276, 129, 112.0, 16, MSappaap, 0, 0, 0, 0, , 0, 0, 0, 0, 0, 
947, 1, 942, 838, -1, 138, 156, 100.0, 15, ABalapaapaa, 0, 0, 0, 0, , 0, 0, 0, 0, 0, 
948, 0, 943, -1, -1, 163, 151, 125.0, 15, , 0, 0, 0, 0, , 0, 0, 0, 0, 0, 
949, 0, 944, -1, -1, 164, 157, 122.0, 15, , 0, 0, 0, 0, , 0, 0, 0, 0, 0, 
950, 0, 945, -1, -1, 168, 154, 123.0, 15, , 0, 0, 0, 0, , 0, 0, 0, 0, 0, 
951, 1, 946, 843, -1, 180, 163, 151.0, 12, ABplpapaaap, 0, 0, 0, 0, , 0, 0, 0, 0, 0, 
952, 1, 947, 844, -1, 157, 159, 156.0, 13, ABplpapaapa, 0, 0, 0, 0, , 0, 0, 0, 0, 0, 
953, 1, 559, 845, -1, 157, 160, 161.0, 13, ABalpapapaa, 0, 0, 0, 0, , 0, 0, 0, 0, 0, 
954, 1, 948, 846, -1, 179, 160, 138.0, 13, ABplpapapap, 0, 0, 0, 0, , 0, 0, 0, 0, 0, 
955, 1, 949, 847, -1, 183, 149, 134.0, 12, ABplpapapaa, 0, 0, 0, 0, , 0, 0, 0, 0, 0, 
956, 1, 950, 848, -1, 227, 119, 123.0, 13, MSaappppa, 0, 0, 0, 0, , 0, 0, 0, 0, 0, 
957, 1, 951, 849, -1, 217, 126, 117.0, 14, MSaapppap, 0, 0, 0, 0, , 0, 0, 0, 0, 0, 
958, 0, 952, -1, -1, 210, 145, 136.0, 13, , 0, 0, 0, 0, , 0, 0, 0, 0, 0, 
959, 0, 953, -1, -1, 206, 143, 154.0, 12, , 0, 0, 0, 0, , 0, 0, 0, 0, 0, 
960, 1, 954, 852, -1, 204, 144, 157.0, 11, ABplppaappa, 0, 0, 0, 0, , 0, 0, 0, 0, 0, 
961, 0, 955, -1, -1, 208, 144, 140.0, 12, , 0, 0, 0, 0, , 0, 0, 0, 0, 0, 
962, 0, 956, -1, -1, 199, 133, 171.0, 13, , 0, 0, 0, 0, , 0, 0, 0, 0, 0, 
963, 0, 957, -1, -1, 199, 133, 169.0, 13, , 0, 0, 0, 0, , 0, 0, 0, 0, 0, 
964, 1, 958, 856, -1, 243, 128, 158.5, 13, ABplppaappp, 0, 0, 0, 0, , 0, 0, 0, 0, 0, 
965, 1, 959, 857, -1, 233, 122, 159.5, 13, ABplpapappp, 0, 0, 0, 0, , 0, 0, 0, 0, 0, 
966, 0, 960, -1, -1, 244, 124, 153.0, 13, , 0, 0, 0, 0, , 0, 0, 0, 0, 0, 
967, 1, 961, 859, -1, 212, 129, 147.0, 13, ABplppappap, 0, 0, 0, 0, , 0, 0, 0, 0, 0, 
968, 1, 962, 860, -1, 258, 154, 153.0, 12, ABplppppapa, 0, 0, 0, 0, , 0, 0, 0, 0, 0, 
969, 0, 963, -1, -1, 104, 116, 186.5, 12, , 0, 0, 0, 0, , 0, 0, 0, 0, 0, 
970, 1, 964, 862, -1, 103, 114, 192.0, 12, ABpraaaaaaa, 0, 0, 0, 0, , 0, 0, 0, 0, 0, 
971, 1, 965, 863, -1, 86, 136, 185.0, 13, ABalaappapp, 0, 0, 0, 0, , 0, 0, 0, 0, 0, 
972, 0, 966, -1, -1, 98, 112, 181.0, 12, , 0, 0, 0, 0, , 0, 0, 0, 0, 0, 
973, 0, 505, -1, -1, 91, 121, 166.0, 13, , 0, 0, 0, 0, , 0, 0, 0, 0, 0, 
974, 0, 967, -1, -1, 91, 123, 166.0, 13, , 0, 0, 0, 0, , 0, 0, 0, 0, 0, 
975, 1, 968, 867, -1, 89, 122, 166.0, 13, ABalaapaapp, 0, 0, 0, 0, , 0, 0, 0, 0, 0, 
976, 1, 969, 868, -1, 104, 115, 189.0, 12, ABalaappapa, 0, 0, 0, 0, , 0, 0, 0, 0, 0, 
977, 1, 970, 869, -1, 153, 85, 179.0, 14, MSppppaa, 0, 0, 0, 0, , 0, 0, 0, 0, 0, 
978, 1, 971, 870, -1, 151, 120, 184.0, 15, MSpppapp, 0, 0, 0, 0, , 0, 0, 0, 0, 0, 
979, 0, 972, -1, -1, 187, 140, 156.5, 16, , 0, 0, 0, 0, , 0, 0, 0, 0, 0, 
980, 0, 973, -1, -1, 193, 149, 167.0, 15, , 0, 0, 0, 0, , 0, 0, 0, 0, 0, 
981, 1, 974, 873, -1, 188, 144, 164.0, 15, ABplpappaap, 0, 0, 0, 0, , 0, 0, 0, 0, 0, 
982, 1, 975, 874, -1, 305, 99, 191.5, 14, ABprapppaaa, 0, 0, 0, 0, , 0, 0, 0, 0, 0, 
983, 0, 976, -1, -1, 97, 151, 129.0, 11, , 0, 0, 0, 0, , 0, 0, 0, 0, 0, 
984, 1, 977, 876, -1, 96, 126, 137.0, 13, ABalpaapppa, 0, 0, 0, 0, , 0, 0, 0, 0, 0, 
985, 1, 978, 877, -1, 95, 120, 124.0, 14, ABalaaaarlp, 0, 0, 0, 0, , 0, 0, 0, 0, 0, 
986, 0, 979, -1, -1, 88, 146, 130.0, 13, , 0, 0, 0, 0, , 0, 0, 0, 0, 0, 
987, 0, 980, -1, -1, 84, 136, 110.0, 13, , 0, 0, 0, 0, , 0, 0, 0, 0, 0, 
988, 0, 981, -1, -1, 82, 134, 109.0, 13, , 0, 0, 0, 0, , 0, 0, 0, 0, 0, 
989, 0, 982, -1, -1, 86, 146, 132.0, 11, , 0, 0, 0, 0, , 0, 0, 0, 0, 0, 
990, 0, 983, -1, -1, 95, 78, 162.0, 12, , 0, 0, 0, 0, , 0, 0, 0, 0, 0, 
991, 1, 984, 882, -1, 87, 75, 163.0, 12, ABalapppppa, 0, 0, 0, 0, , 0, 0, 0, 0, 0, 
992, 0, 985, -1, -1, 117, 157, 117.0, 12, , 0, 0, 0, 0, , 0, 0, 0, 0, 0, 
993, 1, 986, 884, -1, 118, 154, 123.5, 12, ABalppaaapa, 0, 0, 0, 0, , 0, 0, 0, 0, 0, 
994, 1, 987, 885, -1, 103, 166, 123.0, 12, ABalppaaapp, 0, 0, 0, 0, , 0, 0, 0, 0, 0, 
995, 0, 988, -1, -1, 173, 170, 130.0, 12, , 0, 0, 0, 0, , 0, 0, 0, 0, 0, 
996, 1, 989, 887, -1, 173, 171, 140.0, 12, ABplpaapppa, 0, 0, 0, 0, , 0, 0, 0, 0, 0, 
997, 1, 990, 888, -1, 206, 106, 123.0, 12, MSaapappp, 0, 0, 0, 0, , 0, 0, 0, 0, 0, 
998, 1, 991, 889, -1, 204, 106, 141.0, 12, MSaappaa, 0, 0, 0, 0, , 0, 0, 0, 0, 0, 
999, 1, 992, 890, -1, 154, 130, 107.5, 15, ABalpappaap, 0, 0, 0, 0, , 0, 0, 0, 0, 0, 
1000, 1, 993, 891, -1, 188, 132, 179.0, 12, ABprpapappa, 0, 0, 0, 0, , 0, 0, 0, 0, 0, 
1001, 1, 994, 892, -1, 199, 133, 169.0, 13, ABprppaappa, 0, 0, 0, 0, , 0, 0, 0, 0, 0, 
1002, 1, 995, 893, -1, 203, 143, 118.5, 14, MSaapppaa, 0, 0, 0, 0, , 0, 0, 0, 0, 0, 
1003, 0, 996, -1, -1, 161, 161, 130.0, 15, , 0, 0, 0, 0, , 0, 0, 0, 0, 0, 
1004, 1, 997, 895, -1, 164, 153, 127.0, 15, MSappapp, 0, 0, 0, 0, , 0, 0, 0, 0, 0, 
1005, 1, 998, 896, -1, 161, 165, 77.5, 14, ABplpaapaap, 0, 0, 0, 0, , 0, 0, 0, 0, 0, 
1006, 1, 999, 897, -1, 169, 157, 72.0, 13, ABplpaappap, 0, 0, 0, 0, , 0, 0, 0, 0, 0, 
1007, 1, 1000, 898, -1, 80, 124, 132.0, 15, ABplaapaaaa, 0, 0, 0, 0, , 0, 0, 0, 0, 0, 
1008, 1, 1001, 899, -1, 211, 134, 163.0, 13, ABarappappa, 0, 0, 0, 0, , 0, 0, 0, 0, 0, 
1009, 1, 955, 900, -1, 210, 144, 138.0, 13, ABplppappaa, 0, 0, 0, 0, , 0, 0, 0, 0, 0, 
1010, 1, 1002, 901, -1, 146, 123, 126.0, 13, ABalpaaaapa, 0, 0, 0, 0, , 0, 0, 0, 0, 0, 
1011, 1, 1003, 902, -1, 172, 177, 119.5, 14, ABplppaapap, 0, 0, 0, 0, , 0, 0, 0, 0, 0, 
1012, 1, 1004, 903, -1, 86, 128, 100.0, 14, ABalapaaapa, 0, 0, 0, 0, , 0, 0, 0, 0, 0, 
1013, 1, 1005, 904, -1, 82, 132, 108.0, 13, ABalaaaalal, 0, 0, 0, 0, , 0, 0, 0, 0, 0, 
1014, 1, 1006, 905, -1, 77, 93, 117.0, 13, ABalappaapa, 0, 0, 0, 0, , 0, 0, 0, 0, 0, 
