1, 0, 1, -1, -1, 181, 54, 181.0, 9, , 76, 0, 0, 0, , 0, 0, 0, 0, 0, 
2, 0, 2, -1, -1, 289, 122, 188.0, 9, , 40, 0, 0, 0, , 0, 0, 0, 0, 0, 
3, 0, 3, -1, -1, 166, 137, 193.0, 9, , 44, 0, 0, 0, , 0, 0, 0, 0, 0, 
4, 0, 4, -1, -1, 160, 137, 196.0, 9, , 52, 0, 0, 0, , 0, 0, 0, 0, 0, 
5, 0, 5, -1, -1, 130, 164, 131.0, 9, , 52, 0, 0, 0, , 0, 0, 0, 0, 0, 
6, 0, 7, -1, -1, 128, 139, 133.0, 7, , 35, 0, 0, 0, , 0, 0, 0, 0, 0, 
7, 0, 8, -1, -1, 130, 84, 153.0, 11, , 155, 0, 0, 0, , 0, 0, 0, 0, 0, 
8, 0, 10, -1, -1, 180, 117, 113.0, 11, , 84, 0, 0, 0, , 0, 0, 0, 0, 0, 
9, 0, 11, -1, -1, 214, 139, 150.0, 9, , 19, 0, 0, 0, , 0, 0, 0, 0, 0, 
10, 0, 12, -1, -1, 200, 83, 193.0, 9, , 30, 0, 0, 0, , 0, 0, 0, 0, 0, 
11, 0, 13, -1, -1, 180, 138, 190.0, 11, , 23, 0, 0, 0, , 0, 0, 0, 0, 0, 
12, 0, 14, -1, -1, 273, 75, 185.0, 9, , 31, 0, 0, 0, , 0, 0, 0, 0, 0, 
13, 0, 15, -1, -1, 199, 171, 142.0, 9, , 54, 0, 0, 0, , 0, 0, 0, 0, 0, 
14, 0, 16, -1, -1, 242, 66, 183.0, 9, , 24, 0, 0, 0, , 0, 0, 0, 0, 0, 
15, 0, 17, -1, -1, 260, 104, 180.0, 9, , 65, 0, 0, 0, , 0, 0, 0, 0, 0, 
16, 0, 18, -1, -1, 116, 98, 116.0, 9, , 29, 0, 0, 0, , 0, 0, 0, 0, 0, 
17, 0, 19, -1, -1, 113, 143, 175.0, 9, , 50, 0, 0, 0, , 0, 0, 0, 0, 0, 
18, 0, 20, -1, -1, 219, 144, 141.0, 9, , 50, 0, 0, 0, , 0, 0, 0, 0, 0, 
19, 0, 21, -1, -1, 291, 64, 175.0, 9, , 32, 0, 0, 0, , 0, 0, 0, 0, 0, 
20, 0, 22, -1, -1, 269, 76, 186.0, 13, , 146, 0, 0, 0, , 0, 0, 0, 0, 0, 
21, 0, 23, -1, -1, 165, 124, 202.0, 11, , 74, 0, 0, 0, , 0, 0, 0, 0, 0, 
22, 0, 24, -1, -1, 179, 116, 99.0, 9, , 43, 0, 0, 0, , 0, 0, 0, 0, 0, 
23, 0, 25, -1, -1, 117, 87, 99.0, 11, , 84, 0, 0, 0, , 0, 0, 0, 0, 0, 
24, 0, 26, -1, -1, 114, 93, 119.0, 7, , 11, 0, 0, 0, , 0, 0, 0, 0, 0, 
25, 0, 27, -1, -1, 122, 128, 154.0, 9, , 22, 0, 0, 0, , 0, 0, 0, 0, 0, 
26, 0, 28, -1, -1, 143, 106, 201.0, 11, , 134, 0, 0, 0, , 0, 0, 0, 0, 0, 
27, 0, 29, -1, -1, 135, 74, 163.0, 9, , 48, 0, 0, 0, , 0, 0, 0, 0, 0, 
28, 0, 30, -1, -1, 261, 105, 178.0, 11, , 57, 0, 0, 0, , 0, 0, 0, 0, 0, 
29, 0, 31, -1, -1, 150, 119, 155.0, 9, , 29, 0, 0, 0, , 0, 0, 0, 0, 0, 
30, 0, 32, -1, -1, 151, 128, 205.0, 9, , 77, 0, 0, 0, , 0, 0, 0, 0, 0, 
31, 0, 33, -1, -1, 289, 123, 191.0, 11, , 39, 0, 0, 0, , 0, 0, 0, 0, 0, 
32, 0, 34, -1, -1, 146, 156, 168.0, 11, , 71, 0, 0, 0, , 0, 0, 0, 0, 0, 
33, 0, 35, -1, -1, 218, 144, 143.0, 9, , 52, 0, 0, 0, , 0, 0, 0, 0, 0, 
34, 0, 36, -1, -1, 252, 106, 164.0, 9, , 43, 0, 0, 0, , 0, 0, 0, 0, 0, 
35, 0, 37, -1, -1, 198, 83, 195.0, 9, , 64, 0, 0, 0, , 0, 0, 0, 0, 0, 
36, 0, 38, -1, -1, 124, 165, 165.0, 7, , 53, 0, 0, 0, , 0, 0, 0, 0, 0, 
37, 0, 39, -1, -1, 135, 131, 145.0, 9, , 49, 0, 0, 0, , 0, 0, 0, 0, 0, 
38, 0, 40, -1, -1, 116, 85, 107.0, 9, , 27, 0, 0, 0, , 0, 0, 0, 0, 0, 
39, 0, 41, -1, -1, 160, 84, 210.0, 9, , 51, 0, 0, 0, , 0, 0, 0, 0, 0, 
40, 0, 42, -1, -1, 135, 61, 156.0, 11, , 135, 0, 0, 0, , 0, 0, 0, 0, 0, 
41, 0, 43, -1, -1, 146, 153, 169.0, 11, , 106, 0, 0, 0, , 0, 0, 0, 0, 0, 
42, 0, 44, -1, -1, 155, 65, 182.0, 11, , 152, 0, 0, 0, , 0, 0, 0, 0, 0, 
43, 0, 45, -1, -1, 151, 94, 208.0, 9, , 58, 0, 0, 0, , 0, 0, 0, 0, 0, 
44, 0, 46, -1, -1, 208, 135, 166.0, 9, , 58, 0, 0, 0, , 0, 0, 0, 0, 0, 
45, 0, 47, -1, -1, 139, 126, 185.0, 9, , 42, 0, 0, 0, , 0, 0, 0, 0, 0, 
46, 0, 48, -1, -1, 229, 73, 175.0, 9, , 17, 0, 0, 0, , 0, 0, 0, 0, 0, 
47, 0, 49, -1, -1, 170, 104, 207.0, 9, , 7, 0, 0, 0, , 0, 0, 0, 0, 0, 
48, 0, 50, -1, -1, 157, 66, 188.0, 9, , 51, 0, 0, 0, , 0, 0, 0, 0, 0, 
49, 0, 51, -1, -1, 220, 74, 190.0, 9, , 17, 0, 0, 0, , 0, 0, 0, 0, 0, 
50, 0, 52, -1, -1, 137, 86, 171.0, 9, , 42, 0, 0, 0, , 0, 0, 0, 0, 0, 
51, 0, 53, -1, -1, 116, 154, 170.0, 7, , 15, 0, 0, 0, , 0, 0, 0, 0, 0, 
52, 0, 54, -1, -1, 96, 95, 181.0, 11, , 94, 0, 0, 0, , 0, 0, 0, 0, 0, 
53, 0, 55, -1, -1, 217, 73, 186.0, 9, , 34, 0, 0, 0, , 0, 0, 0, 0, 0, 
54, 0, 56, -1, -1, 96, 93, 188.0, 9, , 54, 0, 0, 0, , 0, 0, 0, 0, 0, 
55, 0, 57, -1, -1, 116, 144, 187.0, 9, , 26, 0, 0, 0, , 0, 0, 0, 0, 0, 
56, 0, 59, -1, -1, 292, 64, 177.0, 9, , 43, 0, 0, 0, , 0, 0, 0, 0, 0, 
57, 0, 60, -1, -1, 122, 177, 129.0, 9, , 22, 0, 0, 0, , 0, 0, 0, 0, 0, 
58, 0, 61, -1, -1, 174, 94, 164.0, 9, , 42, 0, 0, 0, , 0, 0, 0, 0, 0, 
59, 0, 62, -1, -1, 159, 79, 185.0, 9, , 90, 0, 0, 0, , 0, 0, 0, 0, 0, 
60, 0, 63, -1, -1, 162, 84, 208.0, 9, , 56, 0, 0, 0, , 0, 0, 0, 0, 0, 
61, 0, 65, -1, -1, 116, 87, 121.0, 7, , 25, 0, 0, 0, , 0, 0, 0, 0, 0, 
62, 0, 67, -1, -1, 137, 128, 188.0, 9, , 62, 0, 0, 0, , 0, 0, 0, 0, 0, 
63, 0, 68, -1, -1, 116, 86, 183.0, 9, , 44, 0, 0, 0, , 0, 0, 0, 0, 0, 
64, 0, 69, -1, -1, 143, 111, 161.0, 9, , 72, 0, 0, 0, , 0, 0, 0, 0, 0, 
65, 0, 70, -1, -1, 123, 112, 186.0, 9, , 82, 0, 0, 0, , 0, 0, 0, 0, 0, 
66, 0, 71, -1, -1, 281, 91, 192.0, 9, , 20, 0, 0, 0, , 0, 0, 0, 0, 0, 
67, 0, 72, -1, -1, 238, 62, 187.0, 9, , 45, 0, 0, 0, , 0, 0, 0, 0, 0, 
68, 0, 73, -1, -1, 110, 87, 118.0, 9, , 52, 0, 0, 0, , 0, 0, 0, 0, 0, 
69, 0, 74, -1, -1, 115, 86, 109.0, 9, , 118, 0, 0, 0, , 0, 0, 0, 0, 0, 
70, 0, 75, -1, -1, 305, 159, 101.0, 9, , 51, 0, 0, 0, , 0, 0, 0, 0, 0, 
71, 0, 76, -1, -1, 226, 43, 177.0, 9, , 42, 0, 0, 0, , 0, 0, 0, 0, 0, 
72, 0, 77, -1, -1, 221, 71, 189.0, 9, , 30, 0, 0, 0, , 0, 0, 0, 0, 0, 
73, 0, 78, -1, -1, 200, 82, 201.0, 9, , 34, 0, 0, 0, , 0, 0, 0, 0, 0, 
74, 0, 79, -1, -1, 219, 139, 143.0, 9, , 14, 0, 0, 0, , 0, 0, 0, 0, 0, 
75, 0, 80, -1, -1, 133, 73, 167.0, 11, , 67, 0, 0, 0, , 0, 0, 0, 0, 0, 
76, 0, 81, -1, -1, 94, 97, 179.0, 11, , 132, 0, 0, 0, , 0, 0, 0, 0, 0, 
77, 0, 82, -1, -1, 135, 180, 131.0, 9, , 69, 0, 0, 0, , 0, 0, 0, 0, 0, 
78, 0, 83, -1, -1, 118, 169, 150.0, 9, , 10, 0, 0, 0, , 0, 0, 0, 0, 0, 
79, 0, 84, -1, -1, 169, 77, 169.0, 11, , 32, 0, 0, 0, , 0, 0, 0, 0, 0, 
80, 0, 85, -1, -1, 103, 155, 153.0, 9, , 48, 0, 0, 0, , 0, 0, 0, 0, 0, 
81, 0, 86, -1, -1, 72, 112, 174.0, 9, , 69, 0, 0, 0, , 0, 0, 0, 0, 0, 
82, 0, 87, -1, -1, 158, 84, 85.0, 11, , 52, 0, 0, 0, , 0, 0, 0, 0, 0, 
83, 0, 88, -1, -1, 237, 62, 180.0, 11, , 69, 0, 0, 0, , 0, 0, 0, 0, 0, 
84, 0, 89, -1, -1, 122, 113, 191.0, 9, , 38, 0, 0, 0, , 0, 0, 0, 0, 0, 
85, 0, 90, -1, -1, 137, 86, 166.0, 9, , 19, 0, 0, 0, , 0, 0, 0, 0, 0, 
86, 0, 91, -1, -1, 186, 60, 187.0, 9, , 41, 0, 0, 0, , 0, 0, 0, 0, 0, 
87, 0, 92, -1, -1, 163, 71, 195.0, 9, , 11, 0, 0, 0, , 0, 0, 0, 0, 0, 
88, 0, 93, -1, -1, 80, 130, 100.0, 9, , 25, 0, 0, 0, , 0, 0, 0, 0, 0, 
89, 0, 94, -1, -1, 322, 95, 182.0, 9, , 22, 0, 0, 0, , 0, 0, 0, 0, 0, 
90, 0, 95, -1, -1, 158, 89, 153.0, 11, , 93, 0, 0, 0, , 0, 0, 0, 0, 0, 
91, 0, 96, -1, -1, 115, 142, 176.0, 9, , 56, 0, 0, 0, , 0, 0, 0, 0, 0, 
92, 0, 97, -1, -1, 143, 48, 168.0, 13, , 49, 0, 0, 0, , 0, 0, 0, 0, 0, 
93, 0, 98, -1, -1, 151, 117, 161.0, 9, , 72, 0, 0, 0, , 0, 0, 0, 0, 0, 
94, 0, 99, -1, -1, 133, 125, 144.0, 7, , 35, 0, 0, 0, , 0, 0, 0, 0, 0, 
95, 0, 100, -1, -1, 191, 140, 189.0, 9, , 53, 0, 0, 0, , 0, 0, 0, 0, 0, 
96, 0, 101, -1, -1, 195, 145, 189.0, 9, , 66, 0, 0, 0, , 0, 0, 0, 0, 0, 
97, 0, 102, -1, -1, 123, 164, 163.0, 7, , 53, 0, 0, 0, , 0, 0, 0, 0, 0, 
98, 0, 103, -1, -1, 248, 122, 165.0, 7, , 20, 0, 0, 0, , 0, 0, 0, 0, 0, 
99, 0, 104, -1, -1, 150, 142, 191.0, 9, , 14, 0, 0, 0, , 0, 0, 0, 0, 0, 
100, 0, 105, -1, -1, 131, 105, 154.0, 11, , 114, 0, 0, 0, , 0, 0, 0, 0, 0, 
101, 0, 106, -1, -1, 139, 125, 181.0, 7, , 34, 0, 0, 0, , 0, 0, 0, 0, 0, 
102, 0, 107, -1, -1, 131, 178, 120.0, 9, , 10, 0, 0, 0, , 0, 0, 0, 0, 0, 
103, 0, 108, -1, -1, 119, 140, 130.0, 9, , 57, 0, 0, 0, , 0, 0, 0, 0, 0, 
104, 0, 109, -1, -1, 80, 123, 141.0, 9, , 32, 0, 0, 0, , 0, 0, 0, 0, 0, 
105, 0, 110, -1, -1, 142, 115, 156.0, 9, , 91, 0, 0, 0, , 0, 0, 0, 0, 0, 
106, 0, 111, -1, -1, 98, 63, 157.0, 7, , 14, 0, 0, 0, , 0, 0, 0, 0, 0, 
107, 0, 112, -1, -1, 226, 37, 169.0, 9, , 31, 0, 0, 0, , 0, 0, 0, 0, 0, 
108, 0, 113, -1, -1, 220, 80, 188.0, 9, , 21, 0, 0, 0, , 0, 0, 0, 0, 0, 
109, 0, 114, -1, -1, 115, 87, 123.0, 9, , 42, 0, 0, 0, , 0, 0, 0, 0, 0, 
110, 0, 115, -1, -1, 143, 117, 136.0, 9, , 70, 0, 0, 0, , 0, 0, 0, 0, 0, 
111, 0, 116, -1, -1, 194, 109, 151.0, 9, , 70, 0, 0, 0, , 0, 0, 0, 0, 0, 
112, 0, 117, -1, -1, 153, 119, 158.0, 9, , 149, 0, 0, 0, , 0, 0, 0, 0, 0, 
113, 0, 118, -1, -1, 93, 124, 164.0, 9, , 30, 0, 0, 0, , 0, 0, 0, 0, 0, 
114, 0, 119, -1, -1, 198, 171, 144.0, 9, , 71, 0, 0, 0, , 0, 0, 0, 0, 0, 
115, 0, 120, -1, -1, 205, 145, 151.0, 7, , 21, 0, 0, 0, , 0, 0, 0, 0, 0, 
116, 0, 121, -1, -1, 288, 125, 168.0, 9, , 26, 0, 0, 0, , 0, 0, 0, 0, 0, 
117, 0, 122, -1, -1, 147, 64, 177.0, 11, , 71, 0, 0, 0, , 0, 0, 0, 0, 0, 
118, 0, 123, -1, -1, 161, 137, 196.0, 9, , 98, 0, 0, 0, , 0, 0, 0, 0, 0, 
119, 0, 124, -1, -1, 135, 109, 149.0, 9, , 21, 0, 0, 0, , 0, 0, 0, 0, 0, 
120, 0, 125, -1, -1, 184, 60, 189.0, 9, , 64, 0, 0, 0, , 0, 0, 0, 0, 0, 
121, 0, 126, -1, -1, 135, 154, 106.0, 11, , 79, 0, 0, 0, , 0, 0, 0, 0, 0, 
122, 0, 127, -1, -1, 125, 178, 126.0, 9, , 49, 0, 0, 0, , 0, 0, 0, 0, 0, 
123, 0, 128, -1, -1, 131, 84, 158.0, 9, , 93, 0, 0, 0, , 0, 0, 0, 0, 0, 
124, 0, 129, -1, -1, 297, 101, 167.0, 11, , 59, 0, 0, 0, , 0, 0, 0, 0, 0, 
125, 0, 130, -1, -1, 148, 66, 181.0, 9, , 19, 0, 0, 0, , 0, 0, 0, 0, 0, 
126, 0, 131, -1, -1, 198, 134, 171.0, 9, , 36, 0, 0, 0, , 0, 0, 0, 0, 0, 
127, 0, 132, -1, -1, 102, 138, 91.0, 9, , 21, 0, 0, 0, , 0, 0, 0, 0, 0, 
128, 0, 134, -1, -1, 109, 90, 124.0, 9, , 87, 0, 0, 0, , 0, 0, 0, 0, 0, 
129, 0, 135, -1, -1, 84, 127, 133.0, 9, , 23, 0, 0, 0, , 0, 0, 0, 0, 0, 
130, 0, 136, -1, -1, 144, 118, 137.0, 9, , 28, 0, 0, 0, , 0, 0, 0, 0, 0, 
131, 0, 137, -1, -1, 146, 142, 142.0, 7, , 17, 0, 0, 0, , 0, 0, 0, 0, 0, 
132, 0, 138, -1, -1, 161, 157, 156.0, 11, , 83, 0, 0, 0, , 0, 0, 0, 0, 0, 
133, 0, 139, -1, -1, 253, 106, 164.0, 11, , 92, 0, 0, 0, , 0, 0, 0, 0, 0, 
134, 0, 140, -1, -1, 170, 76, 171.0, 11, , 56, 0, 0, 0, , 0, 0, 0, 0, 0, 
135, 0, 141, -1, -1, 105, 161, 174.0, 9, , 49, 0, 0, 0, , 0, 0, 0, 0, 0, 
136, 0, 142, -1, -1, 127, 88, 181.0, 9, , 23, 0, 0, 0, , 0, 0, 0, 0, 0, 
137, 0, 143, -1, -1, 125, 51, 176.0, 9, , 42, 0, 0, 0, , 0, 0, 0, 0, 0, 
138, 0, 144, -1, -1, 269, 74, 182.0, 9, , 52, 0, 0, 0, , 0, 0, 0, 0, 0, 
139, 0, 145, -1, -1, 82, 99, 184.0, 9, , 43, 0, 0, 0, , 0, 0, 0, 0, 0, 
140, 0, 146, -1, -1, 195, 144, 186.0, 9, , 49, 0, 0, 0, , 0, 0, 0, 0, 0, 
141, 0, 147, -1, -1, 204, 82, 195.0, 9, , 64, 0, 0, 0, , 0, 0, 0, 0, 0, 
142, 0, 148, -1, -1, 289, 101, 200.0, 9, , 33, 0, 0, 0, , 0, 0, 0, 0, 0, 
143, 0, 149, -1, -1, 163, 77, 155.0, 9, , 10, 0, 0, 0, , 0, 0, 0, 0, 0, 
144, 0, 150, -1, -1, 198, 135, 169.0, 11, , 75, 0, 0, 0, , 0, 0, 0, 0, 0, 
145, 0, 151, -1, -1, 65, 116, 154.0, 9, , 32, 0, 0, 0, , 0, 0, 0, 0, 0, 
146, 0, 152, -1, -1, 115, 172, 156.0, 9, , 12, 0, 0, 0, , 0, 0, 0, 0, 0, 
147, 0, 153, -1, -1, 167, 91, 158.0, 9, , 13, 0, 0, 0, , 0, 0, 0, 0, 0, 
148, 0, 154, -1, -1, 183, 56, 184.0, 11, , 56, 0, 0, 0, , 0, 0, 0, 0, 0, 
149, 0, 155, -1, -1, 128, 151, 193.0, 9, , 64, 0, 0, 0, , 0, 0, 0, 0, 0, 
150, 0, 156, -1, -1, 144, 113, 152.0, 9, , 100, 0, 0, 0, , 0, 0, 0, 0, 0, 
151, 0, 157, -1, -1, 152, 115, 153.0, 9, , 110, 0, 0, 0, , 0, 0, 0, 0, 0, 
152, 0, 158, -1, -1, 192, 138, 182.0, 9, , 51, 0, 0, 0, , 0, 0, 0, 0, 0, 
153, 0, 160, -1, -1, 69, 122, 151.0, 7, , 27, 0, 0, 0, , 0, 0, 0, 0, 0, 
154, 0, 161, -1, -1, 132, 60, 158.0, 7, , 45, 0, 0, 0, , 0, 0, 0, 0, 0, 
155, 0, 162, -1, -1, 130, 159, 178.0, 9, , 24, 0, 0, 0, , 0, 0, 0, 0, 0, 
156, 0, 163, -1, -1, 90, 152, 92.0, 11, , 13, 0, 0, 0, , 0, 0, 0, 0, 0, 
157, 0, 164, -1, -1, 179, 117, 92.0, 11, , 60, 0, 0, 0, , 0, 0, 0, 0, 0, 
158, 0, 165, -1, -1, 136, 152, 109.0, 11, , 28, 0, 0, 0, , 0, 0, 0, 0, 0, 
159, 0, 166, -1, -1, 179, 55, 111.0, 9, , 36, 0, 0, 0, , 0, 0, 0, 0, 0, 
160, 0, 167, -1, -1, 108, 153, 142.0, 9, , 20, 0, 0, 0, , 0, 0, 0, 0, 0, 
161, 0, 168, -1, -1, 159, 113, 140.0, 13, , 238, 0, 0, 0, , 0, 0, 0, 0, 0, 
162, 0, 169, -1, -1, 113, 127, 158.0, 9, , 52, 0, 0, 0, , 0, 0, 0, 0, 0, 
163, 0, 170, -1, -1, 123, 151, 149.0, 11, , 66, 0, 0, 0, , 0, 0, 0, 0, 0, 
164, 0, 171, -1, -1, 120, 142, 166.0, 9, , 40, 0, 0, 0, , 0, 0, 0, 0, 0, 
165, 0, 172, -1, -1, 291, 123, 172.0, 9, , 30, 0, 0, 0, , 0, 0, 0, 0, 0, 
166, 0, 173, -1, -1, 134, 73, 169.0, 9, , 48, 0, 0, 0, , 0, 0, 0, 0, 0, 
167, 0, 174, -1, -1, 96, 78, 177.0, 9, , 34, 0, 0, 0, , 0, 0, 0, 0, 0, 
168, 0, 175, -1, -1, 112, 143, 178.0, 9, , 38, 0, 0, 0, , 0, 0, 0, 0, 0, 
169, 0, 176, -1, -1, 151, 64, 185.0, 9, , 71, 0, 0, 0, , 0, 0, 0, 0, 0, 
170, 0, 177, -1, -1, 153, 140, 184.0, 9, , 8, 0, 0, 0, , 0, 0, 0, 0, 0, 
171, 0, 178, -1, -1, 92, 98, 189.0, 9, , 42, 0, 0, 0, , 0, 0, 0, 0, 0, 
172, 0, 179, -1, -1, 125, 141, 188.0, 9, , 45, 0, 0, 0, , 0, 0, 0, 0, 0, 
173, 0, 180, -1, -1, 170, 70, 196.0, 11, , 89, 0, 0, 0, , 0, 0, 0, 0, 0, 
174, 0, 181, -1, -1, 156, 88, 197.0, 9, , 56, 0, 0, 0, , 0, 0, 0, 0, 0, 
175, 0, 182, -1, -1, 286, 101, 201.0, 9, , 26, 0, 0, 0, , 0, 0, 0, 0, 0, 
176, 0, 183, -1, -1, 173, 153, 68.0, 9, , 33, 0, 0, 0, , 0, 0, 0, 0, 0, 
177, 0, 184, -1, -1, 196, 126, 71.0, 9, , 47, 0, 0, 0, , 0, 0, 0, 0, 0, 
178, 0, 185, -1, -1, 160, 164, 78.0, 9, , 44, 0, 0, 0, , 0, 0, 0, 0, 0, 
179, 0, 186, -1, -1, 173, 150, 73.0, 9, , 29, 0, 0, 0, , 0, 0, 0, 0, 0, 
180, 0, 187, -1, -1, 57, 111, 89.0, 9, , 19, 0, 0, 0, , 0, 0, 0, 0, 0, 
181, 0, 188, -1, -1, 161, 85, 92.0, 9, , 24, 0, 0, 0, , 0, 0, 0, 0, 0, 
182, 0, 189, -1, -1, 99, 138, 89.0, 11, , 83, 0, 0, 0, , 0, 0, 0, 0, 0, 
183, 0, 190, -1, -1, 81, 152, 103.0, 11, , 43, 0, 0, 0, , 0, 0, 0, 0, 0, 
184, 0, 191, -1, -1, 205, 87, 102.0, 9, , 17, 0, 0, 0, , 0, 0, 0, 0, 0, 
185, 0, 192, -1, -1, 62, 89, 109.0, 9, , 12, 0, 0, 0, , 0, 0, 0, 0, 0, 
186, 0, 193, -1, -1, 112, 99, 120.0, 9, , 39, 0, 0, 0, , 0, 0, 0, 0, 0, 
187, 0, 194, -1, -1, 124, 109, 127.0, 7, , 19, 0, 0, 0, , 0, 0, 0, 0, 0, 
188, 0, 195, -1, -1, 302, 174, 127.0, 7, , 23, 0, 0, 0, , 0, 0, 0, 0, 0, 
189, 0, 196, -1, -1, 133, 160, 128.0, 9, , 19, 0, 0, 0, , 0, 0, 0, 0, 0, 
190, 0, 197, -1, -1, 120, 138, 126.0, 9, , 44, 0, 0, 0, , 0, 0, 0, 0, 0, 
191, 0, 198, -1, -1, 156, 131, 128.0, 9, , 40, 0, 0, 0, , 0, 0, 0, 0, 0, 
192, 0, 199, -1, -1, 114, 75, 133.0, 9, , 52, 0, 0, 0, , 0, 0, 0, 0, 0, 
193, 0, 200, -1, -1, 116, 86, 130.0, 7, , 17, 0, 0, 0, , 0, 0, 0, 0, 0, 
194, 0, 201, -1, -1, 135, 129, 138.0, 9, , 49, 0, 0, 0, , 0, 0, 0, 0, 0, 
195, 0, 202, -1, -1, 220, 142, 138.0, 9, , 41, 0, 0, 0, , 0, 0, 0, 0, 0, 
196, 0, 203, -1, -1, 141, 144, 141.0, 7, , 15, 0, 0, 0, , 0, 0, 0, 0, 0, 
197, 0, 204, -1, -1, 145, 143, 144.0, 7, , 32, 0, 0, 0, , 0, 0, 0, 0, 0, 
198, 0, 205, -1, -1, 104, 58, 150.0, 9, , 18, 0, 0, 0, , 0, 0, 0, 0, 0, 
199, 0, 206, -1, -1, 103, 155, 157.0, 9, , 66, 0, 0, 0, , 0, 0, 0, 0, 0, 
200, 0, 207, -1, -1, 158, 90, 158.0, 9, , 111, 0, 0, 0, , 0, 0, 0, 0, 0, 
201, 0, 208, -1, -1, 153, 152, 160.0, 9, , 41, 0, 0, 0, , 0, 0, 0, 0, 0, 
202, 0, 209, -1, -1, 319, 78, 157.0, 9, , 18, 0, 0, 0, , 0, 0, 0, 0, 0, 
203, 0, 210, -1, -1, 123, 164, 161.0, 7, , 42, 0, 0, 0, , 0, 0, 0, 0, 0, 
204, 0, 211, -1, -1, 102, 142, 163.0, 7, , 20, 0, 0, 0, , 0, 0, 0, 0, 0, 
205, 0, 212, -1, -1, 214, 110, 165.0, 9, , 67, 0, 0, 0, , 0, 0, 0, 0, 0, 
206, 0, 213, -1, -1, 297, 102, 162.0, 9, , 33, 0, 0, 0, , 0, 0, 0, 0, 0, 
207, 0, 214, -1, -1, 158, 89, 165.0, 7, , 37, 0, 0, 0, , 0, 0, 0, 0, 0, 
208, 0, 215, -1, -1, 145, 98, 175.0, 9, , 35, 0, 0, 0, , 0, 0, 0, 0, 0, 
209, 0, 216, -1, -1, 169, 77, 173.0, 9, , 49, 0, 0, 0, , 0, 0, 0, 0, 0, 
210, 0, 217, -1, -1, 146, 63, 177.0, 7, , 30, 0, 0, 0, , 0, 0, 0, 0, 0, 
211, 0, 218, -1, -1, 115, 85, 180.0, 9, , 52, 0, 0, 0, , 0, 0, 0, 0, 0, 
212, 0, 219, -1, -1, 134, 106, 178.0, 7, , 26, 0, 0, 0, , 0, 0, 0, 0, 0, 
213, 0, 220, -1, -1, 318, 131, 179.0, 9, , 21, 0, 0, 0, , 0, 0, 0, 0, 0, 
214, 0, 221, -1, -1, 235, 62, 184.0, 9, , 70, 0, 0, 0, , 0, 0, 0, 0, 0, 
215, 0, 222, -1, -1, 124, 112, 183.0, 9, , 22, 0, 0, 0, , 0, 0, 0, 0, 0, 
216, 0, 223, -1, -1, 163, 159, 182.0, 9, , 46, 0, 0, 0, , 0, 0, 0, 0, 0, 
217, 0, 224, -1, -1, 159, 79, 187.0, 9, , 152, 0, 0, 0, , 0, 0, 0, 0, 0, 
218, 0, 225, -1, -1, 321, 92, 183.0, 9, , 56, 0, 0, 0, , 0, 0, 0, 0, 0, 
219, 0, 226, -1, -1, 319, 119, 188.0, 7, , 14, 0, 0, 0, , 0, 0, 0, 0, 0, 
220, 0, 227, -1, -1, 96, 93, 188.0, 9, , 55, 0, 0, 0, , 0, 0, 0, 0, 0, 
221, 0, 228, -1, -1, 141, 84, 193.0, 9, , 22, 0, 0, 0, , 0, 0, 0, 0, 0, 
222, 0, 229, -1, -1, 278, 138, 196.0, 9, , 69, 0, 0, 0, , 0, 0, 0, 0, 0, 
223, 0, 230, -1, -1, 175, 93, 205.0, 9, , 14, 0, 0, 0, , 0, 0, 0, 0, 0, 
224, 0, 231, -1, -1, 284, 104, 206.0, 11, , 57, 0, 0, 0, , 0, 0, 0, 0, 0, 
225, 0, 232, -1, -1, 151, 127, 211.0, 11, , 61, 0, 0, 0, , 0, 0, 0, 0, 0, 
226, 0, 233, -1, -1, 117, 96, 124.0, 7, , 25, 0, 0, 0, , 0, 0, 0, 0, 0, 
227, 0, 234, -1, -1, 298, 111, 192.0, 11, , 68, 0, 0, 0, , 0, 0, 0, 0, 0, 
228, 0, 235, -1, -1, 165, 124, 207.0, 9, , 54, 0, 0, 0, , 0, 0, 0, 0, 0, 
229, 0, 236, -1, -1, 111, 124, 62.0, 9, , 30, 0, 0, 0, , 0, 0, 0, 0, 0, 
230, 0, 237, -1, -1, 174, 97, 78.0, 9, , 27, 0, 0, 0, , 0, 0, 0, 0, 0, 
231, 0, 238, -1, -1, 173, 132, 82.0, 9, , 45, 0, 0, 0, , 0, 0, 0, 0, 0, 
232, 0, 239, -1, -1, 175, 99, 82.0, 9, , 10, 0, 0, 0, , 0, 0, 0, 0, 0, 
233, 0, 240, -1, -1, 127, 134, 84.0, 13, , 88, 0, 0, 0, , 0, 0, 0, 0, 0, 
234, 0, 241, -1, -1, 173, 136, 87.0, 9, , 46, 0, 0, 0, , 0, 0, 0, 0, 0, 
235, 0, 242, -1, -1, 157, 86, 89.0, 9, , 67, 0, 0, 0, , 0, 0, 0, 0, 0, 
236, 0, 243, -1, -1, 83, 148, 93.0, 9, , 35, 0, 0, 0, , 0, 0, 0, 0, 0, 
237, 0, 244, -1, -1, 234, 115, 97.0, 9, , 15, 0, 0, 0, , 0, 0, 0, 0, 0, 
238, 0, 245, -1, -1, 306, 154, 95.0, 9, , 31, 0, 0, 0, , 0, 0, 0, 0, 0, 
239, 0, 246, -1, -1, 171, 107, 97.0, 7, , 27, 0, 0, 0, , 0, 0, 0, 0, 0, 
240, 0, 247, -1, -1, 167, 69, 97.0, 9, , 37, 0, 0, 0, , 0, 0, 0, 0, 0, 
241, 0, 248, -1, -1, 166, 163, 98.0, 9, , 53, 0, 0, 0, , 0, 0, 0, 0, 0, 
242, 0, 249, -1, -1, 171, 100, 99.0, 11, , 33, 0, 0, 0, , 0, 0, 0, 0, 0, 
243, 0, 250, -1, -1, 120, 87, 102.0, 13, , 84, 0, 0, 0, , 0, 0, 0, 0, 0, 
244, 0, 251, -1, -1, 80, 152, 105.0, 9, , 41, 0, 0, 0, , 0, 0, 0, 0, 0, 
245, 0, 252, -1, -1, 163, 178, 104.0, 9, , 40, 0, 0, 0, , 0, 0, 0, 0, 0, 
246, 0, 253, -1, -1, 58, 115, 106.0, 11, , 6, 0, 0, 0, , 0, 0, 0, 0, 0, 
247, 0, 254, -1, -1, 54, 111, 114.0, 9, , 56, 0, 0, 0, , 0, 0, 0, 0, 0, 
248, 0, 255, -1, -1, 57, 117, 111.0, 9, , 13, 0, 0, 0, , 0, 0, 0, 0, 0, 
249, 0, 256, -1, -1, 146, 169, 116.0, 9, , 8, 0, 0, 0, , 0, 0, 0, 0, 0, 
250, 0, 257, -1, -1, 299, 167, 114.0, 9, , 16, 0, 0, 0, , 0, 0, 0, 0, 0, 
251, 0, 259, -1, -1, 123, 177, 122.0, 9, , 24, 0, 0, 0, , 0, 0, 0, 0, 0, 
252, 0, 260, -1, -1, 75, 141, 121.0, 9, , 33, 0, 0, 0, , 0, 0, 0, 0, 0, 
253, 0, 261, -1, -1, 158, 132, 124.0, 9, , 26, 0, 0, 0, , 0, 0, 0, 0, 0, 
254, 0, 262, -1, -1, 106, 161, 127.0, 9, , 11, 0, 0, 0, , 0, 0, 0, 0, 0, 
255, 0, 263, -1, -1, 113, 87, 127.0, 9, , 31, 0, 0, 0, , 0, 0, 0, 0, 0, 
256, 0, 264, -1, -1, 88, 145, 126.0, 7, , 16, 0, 0, 0, , 0, 0, 0, 0, 0, 
257, 0, 265, -1, -1, 183, 173, 125.0, 9, , 11, 0, 0, 0, , 0, 0, 0, 0, 0, 
258, 0, 266, -1, -1, 62, 94, 127.0, 9, , 11, 0, 0, 0, , 0, 0, 0, 0, 0, 
259, 0, 267, -1, -1, 147, 119, 127.0, 9, , 33, 0, 0, 0, , 0, 0, 0, 0, 0, 
260, 0, 268, -1, -1, 258, 42, 128.0, 9, , 29, 0, 0, 0, , 0, 0, 0, 0, 0, 
261, 0, 269, -1, -1, 258, 142, 129.0, 9, , 9, 0, 0, 0, , 0, 0, 0, 0, 0, 
262, 0, 270, -1, -1, 286, 170, 130.0, 9, , 17, 0, 0, 0, , 0, 0, 0, 0, 0, 
263, 0, 271, -1, -1, 89, 121, 131.0, 9, , 12, 0, 0, 0, , 0, 0, 0, 0, 0, 
264, 0, 272, -1, -1, 140, 181, 135.0, 9, , 38, 0, 0, 0, , 0, 0, 0, 0, 0, 
265, 0, 273, -1, -1, 256, 40, 131.0, 9, , 35, 0, 0, 0, , 0, 0, 0, 0, 0, 
266, 0, 274, -1, -1, 291, 124, 132.0, 11, , 9, 0, 0, 0, , 0, 0, 0, 0, 0, 
267, 0, 275, -1, -1, 121, 86, 134.0, 9, , 27, 0, 0, 0, , 0, 0, 0, 0, 0, 
268, 0, 276, -1, -1, 281, 164, 133.0, 9, , 28, 0, 0, 0, , 0, 0, 0, 0, 0, 
269, 0, 277, -1, -1, 86, 124, 134.0, 11, , 32, 0, 0, 0, , 0, 0, 0, 0, 0, 
270, 0, 278, -1, -1, 139, 59, 132.0, 9, , 26, 0, 0, 0, , 0, 0, 0, 0, 0, 
271, 0, 279, -1, -1, 114, 154, 138.0, 11, , 28, 0, 0, 0, , 0, 0, 0, 0, 0, 
272, 0, 280, -1, -1, 120, 141, 135.0, 9, , 52, 0, 0, 0, , 0, 0, 0, 0, 0, 
273, 0, 281, -1, -1, 134, 180, 136.0, 9, , 58, 0, 0, 0, , 0, 0, 0, 0, 0, 
274, 0, 282, -1, -1, 196, 110, 136.0, 11, , 13, 0, 0, 0, , 0, 0, 0, 0, 0, 
275, 0, 283, -1, -1, 114, 76, 139.0, 7, , 31, 0, 0, 0, , 0, 0, 0, 0, 0, 
276, 0, 284, -1, -1, 244, 119, 138.0, 9, , 39, 0, 0, 0, , 0, 0, 0, 0, 0, 
277, 0, 285, -1, -1, 304, 171, 140.0, 7, , 17, 0, 0, 0, , 0, 0, 0, 0, 0, 
278, 0, 286, -1, -1, 103, 85, 137.0, 9, , 6, 0, 0, 0, , 0, 0, 0, 0, 0, 
279, 0, 287, -1, -1, 136, 124, 139.0, 9, , 37, 0, 0, 0, , 0, 0, 0, 0, 0, 
280, 0, 288, -1, -1, 199, 171, 139.0, 9, , 81, 0, 0, 0, , 0, 0, 0, 0, 0, 
281, 0, 289, -1, -1, 82, 130, 143.0, 11, , 167, 0, 0, 0, , 0, 0, 0, 0, 0, 
282, 0, 290, -1, -1, 125, 173, 143.0, 9, , 14, 0, 0, 0, , 0, 0, 0, 0, 0, 
283, 0, 291, -1, -1, 304, 171, 142.0, 7, , 20, 0, 0, 0, , 0, 0, 0, 0, 0, 
284, 0, 292, -1, -1, 192, 111, 146.0, 11, , 42, 0, 0, 0, , 0, 0, 0, 0, 0, 
285, 0, 293, -1, -1, 81, 132, 147.0, 11, , 36, 0, 0, 0, , 0, 0, 0, 0, 0, 
286, 0, 294, -1, -1, 160, 110, 144.0, 9, , 25, 0, 0, 0, , 0, 0, 0, 0, 0, 
287, 0, 295, -1, -1, 215, 34, 144.0, 9, , 20, 0, 0, 0, , 0, 0, 0, 0, 0, 
288, 0, 296, -1, -1, 101, 61, 147.0, 9, , 47, 0, 0, 0, , 0, 0, 0, 0, 0, 
289, 0, 297, -1, -1, 144, 144, 147.0, 9, , 40, 0, 0, 0, , 0, 0, 0, 0, 0, 
290, 0, 298, -1, -1, 304, 166, 148.0, 9, , 19, 0, 0, 0, , 0, 0, 0, 0, 0, 
291, 0, 299, -1, -1, 193, 115, 149.0, 9, , 28, 0, 0, 0, , 0, 0, 0, 0, 0, 
292, 0, 300, -1, -1, 220, 35, 150.0, 9, , 47, 0, 0, 0, , 0, 0, 0, 0, 0, 
293, 0, 301, -1, -1, 155, 155, 152.0, 11, , 47, 0, 0, 0, , 0, 0, 0, 0, 0, 
294, 0, 302, -1, -1, 194, 112, 155.0, 11, , 72, 0, 0, 0, , 0, 0, 0, 0, 0, 
295, 0, 303, -1, -1, 121, 126, 155.0, 9, , 9, 0, 0, 0, , 0, 0, 0, 0, 0, 
296, 0, 304, -1, -1, 213, 159, 154.0, 9, , 61, 0, 0, 0, , 0, 0, 0, 0, 0, 
297, 0, 305, -1, -1, 317, 75, 154.0, 7, , 15, 0, 0, 0, , 0, 0, 0, 0, 0, 
298, 0, 306, -1, -1, 274, 148, 158.0, 9, , 17, 0, 0, 0, , 0, 0, 0, 0, 0, 
299, 0, 307, -1, -1, 68, 116, 157.0, 9, , 19, 0, 0, 0, , 0, 0, 0, 0, 0, 
300, 0, 308, -1, -1, 109, 115, 158.0, 9, , 25, 0, 0, 0, , 0, 0, 0, 0, 0, 
301, 0, 309, -1, -1, 115, 46, 156.0, 11, , 31, 0, 0, 0, , 0, 0, 0, 0, 0, 
302, 0, 310, -1, -1, 158, 157, 157.0, 11, , 47, 0, 0, 0, , 0, 0, 0, 0, 0, 
303, 0, 311, -1, -1, 174, 92, 158.0, 9, , 14, 0, 0, 0, , 0, 0, 0, 0, 0, 
304, 0, 312, -1, -1, 214, 109, 160.0, 9, , 42, 0, 0, 0, , 0, 0, 0, 0, 0, 
305, 0, 313, -1, -1, 314, 76, 160.0, 9, , 65, 0, 0, 0, , 0, 0, 0, 0, 0, 
306, 0, 314, -1, -1, 260, 162, 163.0, 9, , 30, 0, 0, 0, , 0, 0, 0, 0, 0, 
307, 0, 315, -1, -1, 273, 103, 162.0, 9, , 13, 0, 0, 0, , 0, 0, 0, 0, 0, 
308, 0, 316, -1, -1, 326, 100, 162.0, 9, , 21, 0, 0, 0, , 0, 0, 0, 0, 0, 
309, 0, 317, -1, -1, 151, 144, 163.0, 9, , 21, 0, 0, 0, , 0, 0, 0, 0, 0, 
310, 0, 318, -1, -1, 144, 87, 169.0, 9, , 15, 0, 0, 0, , 0, 0, 0, 0, 0, 
311, 0, 319, -1, -1, 258, 161, 166.0, 9, , 22, 0, 0, 0, , 0, 0, 0, 0, 0, 
312, 0, 320, -1, -1, 170, 79, 165.0, 9, , 23, 0, 0, 0, , 0, 0, 0, 0, 0, 
313, 0, 321, -1, -1, 211, 114, 170.0, 9, , 12, 0, 0, 0, , 0, 0, 0, 0, 0, 
314, 0, 322, -1, -1, 227, 40, 167.0, 11, , 90, 0, 0, 0, , 0, 0, 0, 0, 0, 
315, 0, 323, -1, -1, 283, 112, 166.0, 9, , 47, 0, 0, 0, , 0, 0, 0, 0, 0, 
316, 0, 324, -1, -1, 171, 176, 168.0, 7, , 4, 0, 0, 0, , 0, 0, 0, 0, 0, 
317, 0, 325, -1, -1, 121, 118, 170.0, 11, , 24, 0, 0, 0, , 0, 0, 0, 0, 0, 
318, 0, 326, -1, -1, 272, 123, 170.0, 9, , 26, 0, 0, 0, , 0, 0, 0, 0, 0, 
319, 0, 327, -1, -1, 104, 161, 171.0, 9, , 45, 0, 0, 0, , 0, 0, 0, 0, 0, 
320, 0, 328, -1, -1, 148, 120, 169.0, 9, , 35, 0, 0, 0, , 0, 0, 0, 0, 0, 
321, 0, 329, -1, -1, 71, 113, 171.0, 11, , 59, 0, 0, 0, , 0, 0, 0, 0, 0, 
322, 0, 330, -1, -1, 201, 142, 175.0, 9, , 5, 0, 0, 0, , 0, 0, 0, 0, 0, 
323, 0, 331, -1, -1, 256, 157, 170.0, 11, , 32, 0, 0, 0, , 0, 0, 0, 0, 0, 
324, 0, 332, -1, -1, 283, 112, 171.0, 9, , 36, 0, 0, 0, , 0, 0, 0, 0, 0, 
325, 0, 333, -1, -1, 112, 163, 174.0, 9, , 10, 0, 0, 0, , 0, 0, 0, 0, 0, 
326, 0, 335, -1, -1, 247, 118, 171.0, 9, , 35, 0, 0, 0, , 0, 0, 0, 0, 0, 
327, 0, 336, -1, -1, 72, 112, 176.0, 9, , 66, 0, 0, 0, , 0, 0, 0, 0, 0, 
328, 0, 337, -1, -1, 221, 131, 172.0, 9, , 52, 0, 0, 0, , 0, 0, 0, 0, 0, 
329, 0, 338, -1, -1, 107, 161, 177.0, 9, , 30, 0, 0, 0, , 0, 0, 0, 0, 0, 
330, 0, 339, -1, -1, 183, 157, 177.0, 9, , 6, 0, 0, 0, , 0, 0, 0, 0, 0, 
331, 0, 340, -1, -1, 305, 101, 179.0, 9, , 35, 0, 0, 0, , 0, 0, 0, 0, 0, 
332, 0, 341, -1, -1, 165, 159, 179.0, 11, , 41, 0, 0, 0, , 0, 0, 0, 0, 0, 
333, 0, 342, -1, -1, 191, 157, 177.0, 9, , 16, 0, 0, 0, , 0, 0, 0, 0, 0, 
334, 0, 343, -1, -1, 195, 139, 179.0, 11, , 42, 0, 0, 0, , 0, 0, 0, 0, 0, 
335, 0, 344, -1, -1, 72, 114, 179.0, 11, , 43, 0, 0, 0, , 0, 0, 0, 0, 0, 
336, 0, 345, -1, -1, 244, 65, 178.0, 7, , 23, 0, 0, 0, , 0, 0, 0, 0, 0, 
337, 0, 346, -1, -1, 128, 139, 182.0, 9, , 17, 0, 0, 0, , 0, 0, 0, 0, 0, 
338, 0, 347, -1, -1, 145, 68, 181.0, 11, , 134, 0, 0, 0, , 0, 0, 0, 0, 0, 
339, 0, 348, -1, -1, 216, 72, 183.0, 7, , 18, 0, 0, 0, , 0, 0, 0, 0, 0, 
340, 0, 349, -1, -1, 295, 109, 188.0, 9, , 45, 0, 0, 0, , 0, 0, 0, 0, 0, 
341, 0, 350, -1, -1, 160, 81, 189.0, 11, , 315, 0, 0, 0, , 0, 0, 0, 0, 0, 
342, 0, 351, -1, -1, 167, 138, 190.0, 7, , 28, 0, 0, 0, , 0, 0, 0, 0, 0, 
343, 0, 352, -1, -1, 90, 119, 189.0, 11, , 32, 0, 0, 0, , 0, 0, 0, 0, 0, 
344, 0, 353, -1, -1, 289, 122, 188.0, 9, , 41, 0, 0, 0, , 0, 0, 0, 0, 0, 
345, 0, 354, -1, -1, 200, 126, 191.0, 7, , 21, 0, 0, 0, , 0, 0, 0, 0, 0, 
346, 0, 355, -1, -1, 277, 84, 193.0, 9, , 28, 0, 0, 0, , 0, 0, 0, 0, 0, 
347, 0, 356, -1, -1, 275, 143, 192.0, 11, , 10, 0, 0, 0, , 0, 0, 0, 0, 0, 
348, 0, 357, -1, -1, 299, 113, 194.0, 9, , 55, 0, 0, 0, , 0, 0, 0, 0, 0, 
349, 0, 358, -1, -1, 133, 132, 196.0, 7, , 3, 0, 0, 0, , 0, 0, 0, 0, 0, 
350, 0, 359, -1, -1, 274, 90, 197.0, 11, , 79, 0, 0, 0, , 0, 0, 0, 0, 0, 
351, 0, 360, -1, -1, 276, 92, 202.0, 7, , 12, 0, 0, 0, , 0, 0, 0, 0, 0, 
352, 0, 361, -1, -1, 128, 135, 87.0, 11, , 128, 0, 0, 0, , 0, 0, 0, 0, 0, 
353, 0, 362, -1, -1, 144, 92, 107.0, 9, , 63, 0, 0, 0, , 0, 0, 0, 0, 0, 
354, 0, 363, -1, -1, 81, 153, 107.0, 9, , 37, 0, 0, 0, , 0, 0, 0, 0, 0, 
355, 0, 364, -1, -1, 123, 86, 113.0, 9, , 48, 0, 0, 0, , 0, 0, 0, 0, 0, 
356, 0, 365, -1, -1, 302, 174, 129.0, 7, , 26, 0, 0, 0, , 0, 0, 0, 0, 0, 
357, 0, 366, -1, -1, 119, 141, 133.0, 9, , 63, 0, 0, 0, , 0, 0, 0, 0, 0, 
358, 0, 367, -1, -1, 213, 159, 152.0, 9, , 58, 0, 0, 0, , 0, 0, 0, 0, 0, 
359, 0, 368, -1, -1, 103, 154, 155.0, 9, , 50, 0, 0, 0, , 0, 0, 0, 0, 0, 
360, 0, 369, -1, -1, 213, 159, 157.0, 9, , 41, 0, 0, 0, , 0, 0, 0, 0, 0, 
361, 0, 370, -1, -1, 71, 113, 169.0, 9, , 28, 0, 0, 0, , 0, 0, 0, 0, 0, 
362, 0, 371, -1, -1, 120, 155, 170.0, 9, , 20, 0, 0, 0, , 0, 0, 0, 0, 0, 
363, 0, 372, -1, -1, 243, 65, 181.0, 7, , 24, 0, 0, 0, , 0, 0, 0, 0, 0, 
364, 0, 373, -1, -1, 215, 71, 187.0, 9, , 33, 0, 0, 0, , 0, 0, 0, 0, 0, 
365, 0, 374, -1, -1, 192, 139, 191.0, 7, , 49, 0, 0, 0, , 0, 0, 0, 0, 0, 
366, 0, 375, -1, -1, 177, 116, 89.0, 9, , 25, 0, 0, 0, , 0, 0, 0, 0, 0, 
367, 0, 376, -1, -1, 60, 83, 121.0, 9, , 27, 0, 0, 0, , 0, 0, 0, 0, 0, 
368, 0, 377, -1, -1, 301, 174, 131.0, 7, , 23, 0, 0, 0, , 0, 0, 0, 0, 0, 
369, 0, 378, -1, -1, 153, 115, 148.0, 7, , 36, 0, 0, 0, , 0, 0, 0, 0, 0, 
370, 0, 379, -1, -1, 192, 138, 186.0, 9, , 48, 0, 0, 0, , 0, 0, 0, 0, 0, 
371, 0, 380, -1, -1, 192, 140, 197.0, 9, , 56, 0, 0, 0, , 0, 0, 0, 0, 0, 
372, 0, 381, -1, -1, 91, 101, 174.0, 9, , 25, 0, 0, 0, , 0, 0, 0, 0, 0, 
373, 0, -1, -1, -1, 209, 135, 162.0, 9, , 103, 0, 0, 0, , 0, 0, 0, 0, 0, 
374, 0, -1, -1, -1, 239, 60, 176.0, 9, , 56, 0, 0, 0, , 0, 0, 0, 0, 0, 
375, 0, -1, -1, -1, 123, 142, 192.0, 9, , 48, 0, 0, 0, , 0, 0, 0, 0, 0, 
376, 0, -1, -1, -1, 160, 162, 72.0, 9, , 42, 0, 0, 0, , 0, 0, 0, 0, 0, 
377, 0, -1, -1, -1, 135, 81, 98.0, 7, , 17, 0, 0, 0, , 0, 0, 0, 0, 0, 
378, 0, -1, -1, -1, 165, 177, 98.0, 7, , 12, 0, 0, 0, , 0, 0, 0, 0, 0, 
379, 0, -1, -1, -1, 145, 93, 102.0, 11, , 61, 0, 0, 0, , 0, 0, 0, 0, 0, 
380, 0, -1, -1, -1, 292, 139, 102.0, 9, , 6, 0, 0, 0, , 0, 0, 0, 0, 0, 
381, 0, -1, -1, -1, 123, 147, 113.0, 7, , 11, 0, 0, 0, , 0, 0, 0, 0, 0, 
382, 0, -1, -1, -1, 134, 150, 113.0, 7, , 28, 0, 0, 0, , 0, 0, 0, 0, 0, 
383, 0, -1, -1, -1, 180, 56, 118.0, 9, , 21, 0, 0, 0, , 0, 0, 0, 0, 0, 
384, 0, -1, -1, -1, 118, 141, 122.0, 11, , 42, 0, 0, 0, , 0, 0, 0, 0, 0, 
385, 0, -1, -1, -1, 134, 125, 142.0, 9, , 79, 0, 0, 0, , 0, 0, 0, 0, 0, 
386, 0, -1, -1, -1, 70, 122, 153.0, 7, , 21, 0, 0, 0, , 0, 0, 0, 0, 0, 
387, 0, -1, -1, -1, 205, 145, 154.0, 9, , 41, 0, 0, 0, , 0, 0, 0, 0, 0, 
388, 0, -1, -1, -1, 131, 84, 155.0, 9, , 32, 0, 0, 0, , 0, 0, 0, 0, 0, 
389, 0, -1, -1, -1, 128, 83, 161.0, 9, , 69, 0, 0, 0, , 0, 0, 0, 0, 0, 
390, 0, -1, -1, -1, 134, 61, 161.0, 9, , 54, 0, 0, 0, , 0, 0, 0, 0, 0, 
391, 0, -1, -1, -1, 317, 78, 161.0, 9, , 43, 0, 0, 0, , 0, 0, 0, 0, 0, 
392, 0, -1, -1, -1, 158, 89, 163.0, 9, , 73, 0, 0, 0, , 0, 0, 0, 0, 0, 
393, 0, -1, -1, -1, 221, 131, 166.0, 11, , 57, 0, 0, 0, , 0, 0, 0, 0, 0, 
394, 0, -1, -1, -1, 118, 141, 169.0, 11, , 84, 0, 0, 0, , 0, 0, 0, 0, 0, 
395, 0, -1, -1, -1, 230, 42, 175.0, 11, , 45, 0, 0, 0, , 0, 0, 0, 0, 0, 
396, 0, -1, -1, -1, 286, 59, 177.0, 7, , 20, 0, 0, 0, , 0, 0, 0, 0, 0, 
397, 0, -1, -1, -1, 116, 99, 183.0, 9, , 33, 0, 0, 0, , 0, 0, 0, 0, 0, 
398, 0, -1, -1, -1, 83, 95, 184.0, 11, , 54, 0, 0, 0, , 0, 0, 0, 0, 0, 
399, 0, -1, -1, -1, 113, 100, 187.0, 7, , 16, 0, 0, 0, , 0, 0, 0, 0, 0, 
400, 0, -1, -1, -1, 125, 152, 187.0, 7, , 42, 0, 0, 0, , 0, 0, 0, 0, 0, 
401, 0, -1, -1, -1, 129, 151, 189.0, 9, , 29, 0, 0, 0, , 0, 0, 0, 0, 0, 
402, 0, -1, -1, -1, 167, 61, 189.0, 7, , 21, 0, 0, 0, , 0, 0, 0, 0, 0, 
403, 0, -1, -1, -1, 268, 76, 190.0, 9, , 54, 0, 0, 0, , 0, 0, 0, 0, 0, 
404, 0, -1, -1, -1, 102, 92, 193.0, 7, , 20, 0, 0, 0, , 0, 0, 0, 0, 0, 
405, 0, -1, -1, -1, 179, 135, 197.0, 11, , 95, 0, 0, 0, , 0, 0, 0, 0, 0, 
406, 0, -1, -1, -1, 198, 76, 198.0, 7, , 24, 0, 0, 0, , 0, 0, 0, 0, 0, 
407, 0, -1, -1, -1, 177, 86, 199.0, 7, , 10, 0, 0, 0, , 0, 0, 0, 0, 0, 
408, 0, -1, -1, -1, 160, 94, 201.0, 9, , 8, 0, 0, 0, , 0, 0, 0, 0, 0, 
409, 0, -1, -1, -1, 157, 70, 202.0, 7, , 19, 0, 0, 0, , 0, 0, 0, 0, 0, 
410, 0, -1, -1, -1, 180, 119, 110.0, 11, , 44, 0, 0, 0, , 0, 0, 0, 0, 0, 
411, 0, -1, -1, -1, 162, 113, 136.0, 11, , 49, 0, 0, 0, , 0, 0, 0, 0, 0, 
412, 0, -1, -1, -1, 220, 142, 136.0, 9, , 23, 0, 0, 0, , 0, 0, 0, 0, 0, 
413, 0, -1, -1, -1, 153, 115, 150.0, 7, , 46, 0, 0, 0, , 0, 0, 0, 0, 0, 
414, 0, -1, -1, -1, 67, 116, 152.0, 11, , 41, 0, 0, 0, , 0, 0, 0, 0, 0, 
415, 0, -1, -1, -1, 126, 152, 184.0, 7, , 33, 0, 0, 0, , 0, 0, 0, 0, 0, 
416, 0, -1, -1, -1, 192, 139, 195.0, 7, , 47, 0, 0, 0, , 0, 0, 0, 0, 0, 
417, 0, -1, -1, -1, 161, 84, 210.0, 9, , 43, 0, 0, 0, , 0, 0, 0, 0, 0, 
418, 0, -1, -1, -1, 131, 85, 150.0, 9, , 48, 0, 0, 0, , 0, 0, 0, 0, 0, 
419, 0, -1, -1, -1, 124, 164, 159.0, 7, , 28, 0, 0, 0, , 0, 0, 0, 0, 0, 
420, 0, -1, -1, -1, 121, 113, 195.0, 7, , 27, 0, 0, 0, , 0, 0, 0, 0, 0, 
421, 0, -1, -1, -1, 160, 86, 203.0, 11, , 68, 0, 0, 0, , 0, 0, 0, 0, 0, 
422, 1, 382, 467, -1, 305, 91, 129.0, 14, Eprpa, 0, 0, 0, 0, , 0, 0, 0, 0, 0, 
423, 1, 383, 468, -1, 239, 64, 183.2, 15, ABprappaap, 0, 0, 0, 0, , 0, 0, 0, 0, 0, 
424, 1, 384, 469, -1, 127, 135, 87.0, 15, ABplpaapaaa, 0, 0, 0, 0, , 0, 0, 0, 0, 0, 
425, 1, 385, 470, -1, 98, 143, 68.0, 15, ABplaaappa, 0, 0, 0, 0, , 0, 0, 0, 0, 0, 
426, 1, 386, 471, -1, 125, 125, 60.0, 16, ABplaaappp, 0, 0, 0, 0, , 0, 0, 0, 0, 0, 
427, 0, 387, -1, -1, 164, 132, 69.0, 14, , 0, 0, 0, 0, , 0, 0, 0, 0, 0, 
428, 1, 388, 473, -1, 83, 83, 186.0, 13, ABarpapppa, 0, 0, 0, 0, , 0, 0, 0, 0, 0, 
429, 1, 389, 474, -1, 115, 57, 178.0, 14, ABarpapppp, 0, 0, 0, 0, , 0, 0, 0, 0, 0, 
430, 0, 390, -1, -1, 151, 52, 186.0, 16, , 0, 0, 0, 0, , 0, 0, 0, 0, 0, 
431, 1, 391, 476, -1, 184, 118, 56.0, 17, ABarppapaa, 0, 0, 0, 0, , 0, 0, 0, 0, 0, 
432, 1, 392, 477, -1, 210, 118, 68.0, 18, ABarppapap, 0, 0, 0, 0, , 0, 0, 0, 0, 0, 
433, 1, 393, 478, -1, 201, 46, 179.0, 15, ABarppppap, 0, 0, 0, 0, , 0, 0, 0, 0, 0, 
434, 1, 394, 479, -1, 234, 112, 64.0, 15, ABplappapa, 0, 0, 0, 0, , 0, 0, 0, 0, 0, 
435, 1, 395, 480, -1, 227, 40, 170.0, 11, ABprappapa, 0, 0, 0, 0, , 0, 0, 0, 0, 0, 
436, 1, 396, 481, -1, 261, 116, 73.0, 17, ABarppappa, 0, 0, 0, 0, , 0, 0, 0, 0, 0, 
437, 1, 397, 482, -1, 261, 52, 175.0, 14, ABarpppppa, 0, 0, 0, 0, , 0, 0, 0, 0, 0, 
438, 1, 398, 483, -1, 292, 134, 78.0, 14, ABplapapaa, 0, 0, 0, 0, , 0, 0, 0, 0, 0, 
439, 1, 399, 484, -1, 289, 63, 179.0, 13, ABprapapaa, 0, 0, 0, 0, , 0, 0, 0, 0, 0, 
440, 1, 400, 489, -1, 294, 153, 95.0, 17, ABarppappp, 0, 0, 0, 0, , 0, 0, 0, 0, 0, 
441, 1, 401, 485, -1, 305, 82, 192.0, 15, ABarpppppp, 0, 0, 0, 0, , 0, 0, 0, 0, 0, 
442, 1, 402, 486, -1, 304, 167, 143.0, 15, ABplappppp, 0, 0, 0, 0, , 0, 0, 0, 0, 0, 
443, 0, 403, -1, -1, 309, 118, 180.0, 10, , 0, 0, 0, 0, , 0, 0, 0, 0, 0, 
444, 0, 404, -1, -1, 167, 128, 64.0, 14, , 0, 0, 0, 0, , 0, 0, 0, 0, 0, 
445, 1, 390, 490, -1, 153, 51, 188.0, 16, ABarpppaap, 0, 0, 0, 0, , 0, 0, 0, 0, 0, 
446, 0, 405, -1, -1, 165, 129, 62.0, 14, , 0, 0, 0, 0, , 0, 0, 0, 0, 0, 
447, 1, 406, 493, -1, 176, 48, 185.0, 14, ABarppppaa, 0, 0, 0, 0, , 0, 0, 0, 0, 0, 
448, 1, 407, 494, -1, 198, 29, 151.0, 15, Caaaaa, 0, 0, 0, 0, , 0, 0, 0, 0, 0, 
449, 1, 408, 495, -1, 218, 120, 94.0, 17, Capaaaa, 0, 0, 0, 0, , 0, 0, 0, 0, 0, 
450, 1, 409, 496, -1, 263, 122, 95.0, 15, Capaapa, 0, 0, 0, 0, , 0, 0, 0, 0, 0, 
451, 1, 410, 497, -1, 287, 138, 100.0, 15, Capaapp, 0, 0, 0, 0, , 0, 0, 0, 0, 0, 
452, 1, 411, 919, -1, 272, 154, 100.0, 16, ABplapapap, 0, 0, 0, 0, , 0, 0, 0, 0, 0, 
453, 0, 412, -1, -1, 88, 146, 128.5, 13, , 0, 0, 0, 0, , 0, 0, 0, 0, 0, 
454, 0, 413, -1, -1, 103, 132, 116.0, 12, , 0, 0, 0, 0, , 0, 0, 0, 0, 0, 
455, 0, 414, -1, -1, 99, 148, 128.0, 12, , 0, 0, 0, 0, , 0, 0, 0, 0, 0, 
456, 0, 415, -1, -1, 94, 148, 132.0, 14, , 0, 0, 0, 0, , 0, 0, 0, 0, 0, 
457, 0, 416, -1, -1, 94, 141, 139.0, 13, , 0, 0, 0, 0, , 0, 0, 0, 0, 0, 
458, 0, 417, -1, -1, 88, 145, 126.0, 13, , 0, 0, 0, 0, , 0, 0, 0, 0, 0, 
459, 1, 418, 504, -1, 219, 66, 134.0, 15, Earpa, 0, 0, 0, 0, , 0, 0, 0, 0, 0, 
460, 1, 419, 505, -1, 201, 63, 100.5, 15, Ealaad, 0, 0, 0, 0, , 0, 0, 0, 0, 0, 
461, 1, 420, 506, -1, 215, 100, 101.0, 13, Ealaav, 0, 0, 0, 0, , 0, 0, 0, 0, 0, 
462, 1, 421, 507, -1, 239, 84, 124.5, 16, Ealap, 0, 0, 0, 0, , 0, 0, 0, 0, 0, 
463, 1, 422, 508, -1, 218, 87, 129.0, 15, Ealpa, 0, 0, 0, 0, , 0, 0, 0, 0, 0, 
464, 1, 423, 509, -1, 272, 90, 112.0, 15, Ealpp, 0, 0, 0, 0, , 0, 0, 0, 0, 0, 
465, 1, 424, 510, -1, 199, 56, 130.5, 15, Earaad, 0, 0, 0, 0, , 0, 0, 0, 0, 0, 
466, 1, 425, 511, -1, 210, 71, 157.0, 15, Earaav, 0, 0, 0, 0, , 0, 0, 0, 0, 0, 
467, 1, 426, 512, -1, 225, 70, 115.75, 15, Earap, 0, 0, 0, 0, , 0, 0, 0, 0, 0, 
468, 1, 427, 513, -1, 269, 71, 121.8, 15, Earpp, 0, 0, 0, 0, , 0, 0, 0, 0, 0, 
469, 1, 428, 514, -1, 251, 78, 113.0, 14, Eplaa, 0, 0, 0, 0, , 0, 0, 0, 0, 0, 
470, 1, 429, 515, -1, 295, 91, 109.25, 15, Eplap, 0, 0, 0, 0, , 0, 0, 0, 0, 0, 
471, 1, 430, 516, -1, 310, 105, 119.0, 17, Eplpa, 0, 0, 0, 0, , 0, 0, 0, 0, 0, 
472, 1, 431, 517, -1, 312, 138, 146.0, 15, Eplppa, 0, 0, 0, 0, , 0, 0, 0, 0, 0, 
473, 1, 432, 518, -1, 313, 124, 118.666664, 15, Eplppp, 0, 0, 0, 0, , 0, 0, 0, 0, 0, 
474, 1, 433, 519, -1, 247, 65, 118.666664, 15, Epraa, 0, 0, 0, 0, , 0, 0, 0, 0, 0, 
475, 1, 434, 520, -1, 287, 79, 119.333336, 16, Eprap, 0, 0, 0, 0, , 0, 0, 0, 0, 0, 
476, 1, 435, 521, -1, 302, 121, 151.0, 13, Eprppa, 0, 0, 0, 0, , 0, 0, 0, 0, 0, 
477, 1, 436, 522, -1, 317, 102, 140.33333, 13, Eprppp, 0, 0, 0, 0, , 0, 0, 0, 0, 0, 
478, 1, 437, 523, -1, 107, 100, 107.0, 11, MSaaaaaal, 0, 0, 0, 0, , 0, 0, 0, 0, 0, 
479, 1, 438, 524, -1, 101, 86, 133.0, 11, MSaaaaaar, 0, 0, 0, 0, , 0, 0, 0, 0, 0, 
480, 1, 439, 525, -1, 137, 76, 88.0, 14, MSaaaaapp, 0, 0, 0, 0, , 0, 0, 0, 0, 0, 
481, 1, 440, 526, -1, 107, 78, 117.0, 13, MSaaaaapaa, 0, 0, 0, 0, , 0, 0, 0, 0, 0, 
482, 0, 441, -1, -1, 125, 72, 117.0, 13, , 0, 0, 0, 0, , 0, 0, 0, 0, 0, 
483, 1, 442, 528, -1, 151, 55, 98.0, 11, MSaaaapaa, 0, 0, 0, 0, , 0, 0, 0, 0, 0, 
484, 1, 443, 529, -1, 155, 72, 99.0, 12, MSaaaapap, 0, 0, 0, 0, , 0, 0, 0, 0, 0, 
485, 1, 444, 530, -1, 173, 59, 124.0, 11, MSaaaappa, 0, 0, 0, 0, , 0, 0, 0, 0, 0, 
486, 1, 445, 531, -1, 156, 99, 83.0, 11, MSaaapaap, 0, 0, 0, 0, , 0, 0, 0, 0, 0, 
487, 1, 446, 532, -1, 175, 80, 99.0, 9, MSaaapapa, 0, 0, 0, 0, , 0, 0, 0, 0, 0, 
488, 1, 447, 533, -1, 189, 78, 103.0, 9, MSaaapapp, 0, 0, 0, 0, , 0, 0, 0, 0, 0, 
489, 1, 448, 534, -1, 205, 88, 101.0, 11, MSaaappa, 0, 0, 0, 0, , 0, 0, 0, 0, 0, 
490, 1, 449, 535, -1, 188, 52, 110.0, 11, MSaaappp, 0, 0, 0, 0, , 0, 0, 0, 0, 0, 
491, 1, 450, 536, -1, 192, 124, 123.0, 10, MSaapaaap, 0, 0, 0, 0, , 0, 0, 0, 0, 0, 
492, 1, 451, 537, -1, 180, 123, 121.5, 11, MSaapaaaa, 0, 0, 0, 0, , 0, 0, 0, 0, 0, 
493, 1, 452, 538, -1, 203, 107, 103.0, 12, MSaapaapp, 0, 0, 0, 0, , 0, 0, 0, 0, 0, 
494, 0, 453, -1, -1, 203, 104, 141.0, 10, , 0, 0, 0, 0, , 0, 0, 0, 0, 0, 
495, 1, 455, 540, -1, 128, 130, 107.0, 10, MSapaaaad, 0, 0, 0, 0, , 0, 0, 0, 0, 0, 
496, 1, 454, 541, -1, 145, 139, 118.0, 12, MSapaaaav, 0, 0, 0, 0, , 0, 0, 0, 0, 0, 
497, 1, 456, 542, -1, 124, 113, 81.5, 15, MSapaaap, 0, 0, 0, 0, , 0, 0, 0, 0, 0, 
498, 1, 457, 543, -1, 258, 107, 150.0, 15, MSapaapp, 0, 0, 0, 0, , 0, 0, 0, 0, 0, 
499, 1, 458, 544, -1, 188, 113, 76.0, 16, MSapapaa, 0, 0, 0, 0, , 0, 0, 0, 0, 0, 
500, 1, 459, 545, -1, 152, 148, 103.0, 16, MSapapap, 0, 0, 0, 0, , 0, 0, 0, 0, 0, 
501, 1, 460, 546, -1, 112, 97, 75.5, 16, MSapappa, 0, 0, 0, 0, , 0, 0, 0, 0, 0, 
502, 1, 461, 547, -1, 101, 85, 90.5, 14, MSapappp, 0, 0, 0, 0, , 0, 0, 0, 0, 0, 
503, 1, 462, 548, -1, 142, 87, 72.0, 14, MSapppap, 0, 0, 0, 0, , 0, 0, 0, 0, 0, 
504, 1, 463, 549, -1, 108, 76, 84.5, 14, MSappppa, 0, 0, 0, 0, , 0, 0, 0, 0, 0, 
505, 1, 464, 550, -1, 144, 62, 85.0, 14, MSappppp, 0, 0, 0, 0, , 0, 0, 0, 0, 0, 
506, 1, 465, 551, -1, 130, 59, 113.0, 15, MSpaaaaaa, 0, 0, 0, 0, , 0, 0, 0, 0, 0, 
507, 0, 466, -1, -1, 142, 51, 113.5, 15, , 0, 0, 0, 0, , 0, 0, 0, 0, 0, 
508, 1, 467, 553, -1, 118, 63, 132.5, 15, MSpaaaapa, 0, 0, 0, 0, , 0, 0, 0, 0, 0, 
509, 1, 468, 554, -1, 136, 60, 129.5, 15, MSpaaaapp, 0, 0, 0, 0, , 0, 0, 0, 0, 0, 
510, 1, 469, 555, -1, 166, 70, 101.5, 13, MSpaaapaa, 0, 0, 0, 0, , 0, 0, 0, 0, 0, 
511, 1, 470, 556, -1, 180, 55, 112.0, 13, MSpaaapap, 0, 0, 0, 0, , 0, 0, 0, 0, 0, 
512, 1, 472, 557, -1, 146, 62, 110.0, 15, MSpaaaaap, 0, 0, 0, 0, , 0, 0, 0, 0, 0, 
513, 1, 471, 558, -1, 141, 52, 117.5, 15, MSpaaappa, 0, 0, 0, 0, , 0, 0, 0, 0, 0, 
514, 1, 473, 559, -1, 160, 50, 112.0, 15, MSpaaappp, 0, 0, 0, 0, , 0, 0, 0, 0, 0, 
515, 1, 474, 560, -1, 149, 55, 142.0, 15, ABaraappapp, 0, 0, 0, 0, , 0, 0, 0, 0, 0, 
516, 1, 475, 561, -1, 161, 59, 117.0, 15, MSpaapaap, 0, 0, 0, 0, , 0, 0, 0, 0, 0, 
517, 1, 476, 562, -1, 168, 57, 136.0, 15, MSpaapapa, 0, 0, 0, 0, , 0, 0, 0, 0, 0, 
518, 1, 477, 563, -1, 183, 79, 173.0, 14, MSpapaapa, 0, 0, 0, 0, , 0, 0, 0, 0, 0, 
519, 1, 478, 564, -1, 240, 33, 150.33333, 13, Caaaap, 0, 0, 0, 0, , 0, 0, 0, 0, 0, 
520, 1, 479, 565, -1, 276, 46, 156.0, 17, Caaapa, 0, 0, 0, 0, , 0, 0, 0, 0, 0, 
521, 1, 480, 566, -1, 308, 63, 158.0, 17, Caaapp, 0, 0, 0, 0, , 0, 0, 0, 0, 0, 
522, 1, 481, 567, -1, 277, 151, 171.0, 13, Caapaa, 0, 0, 0, 0, , 0, 0, 0, 0, 0, 
523, 1, 482, 568, -1, 333, 111, 168.0, 16, Caappd, 0, 0, 0, 0, , 0, 0, 0, 0, 0, 
524, 1, 483, 569, -1, 321, 143, 165.0, 15, Caappv, 0, 0, 0, 0, , 0, 0, 0, 0, 0, 
525, 1, 484, 570, -1, 239, 115, 91.0, 17, Capaaap, 0, 0, 0, 0, , 0, 0, 0, 0, 0, 
526, 0, 485, -1, -1, 260, 98, 84.0, 15, , 0, 0, 0, 0, , 0, 0, 0, 0, 0, 
527, 1, 486, 571, -1, 263, 93, 80.0, 15, Capapaa, 0, 0, 0, 0, , 0, 0, 0, 0, 0, 
528, 1, 487, 572, -1, 301, 109, 86.0, 15, Capapap, 0, 0, 0, 0, , 0, 0, 0, 0, 0, 
529, 1, 488, 573, -1, 271, 149, 120.0, 15, Capappa, 0, 0, 0, 0, , 0, 0, 0, 0, 0, 
530, 0, 489, -1, -1, 266, 156, 140.66667, 14, , 0, 0, 0, 0, , 0, 0, 0, 0, 0, 
531, 1, 490, 575, -1, 228, 86, 77.0, 17, Cappaaa, 0, 0, 0, 0, , 0, 0, 0, 0, 0, 
532, 1, 491, 576, -1, 281, 84, 84.666664, 17, Cappaap, 0, 0, 0, 0, , 0, 0, 0, 0, 0, 
533, 1, 492, 577, -1, 311, 134, 103.666664, 14, Cappapa, 0, 0, 0, 0, , 0, 0, 0, 0, 0, 
534, 1, 493, 578, -1, 310, 145, 117.666664, 14, Cappapp, 0, 0, 0, 0, , 0, 0, 0, 0, 0, 
535, 1, 494, 579, -1, 316, 98, 96.0, 16, Capppaa, 0, 0, 0, 0, , 0, 0, 0, 0, 0, 
536, 1, 495, 580, -1, 335, 125, 112.0, 15, Capppap, 0, 0, 0, 0, , 0, 0, 0, 0, 0, 
537, 0, 496, -1, -1, 301, 152, 159.5, 14, , 0, 0, 0, 0, , 0, 0, 0, 0, 0, 
538, 0, 497, -1, -1, 285, 158, 158.0, 15, , 0, 0, 0, 0, , 0, 0, 0, 0, 0, 
539, 1, 498, 583, -1, 182, 83, 59.0, 17, Cpaaaa, 0, 0, 0, 0, , 0, 0, 0, 0, 0, 
540, 1, 499, 584, -1, 219, 82, 66.333336, 19, Cpaaap, 0, 0, 0, 0, , 0, 0, 0, 0, 0, 
541, 1, 500, 585, -1, 247, 89, 68.0, 17, Cpaapa, 0, 0, 0, 0, , 0, 0, 0, 0, 0, 
542, 0, 501, -1, -1, 300, 110, 79.0, 17, , 0, 0, 0, 0, , 0, 0, 0, 0, 0, 
543, 1, 502, 587, -1, 282, 111, 74.0, 17, Cpaapp, 0, 0, 0, 0, , 0, 0, 0, 0, 0, 
544, 1, 503, 588, -1, 321, 86, 171.66667, 15, Cpapaa, 0, 0, 0, 0, , 0, 0, 0, 0, 0, 
545, 1, 504, 589, -1, 322, 123, 90.0, 15, Cpapap, 0, 0, 0, 0, , 0, 0, 0, 0, 0, 
546, 1, 505, 590, -1, 326, 151, 112.5, 15, Cpappd, 0, 0, 0, 0, , 0, 0, 0, 0, 0, 
547, 1, 506, 591, -1, 320, 161, 151.5, 15, Cpappv, 0, 0, 0, 0, , 0, 0, 0, 0, 0, 
548, 1, 507, 592, -1, 208, 83, 178.0, 14, Cppaaaa, 0, 0, 0, 0, , 0, 0, 0, 0, 0, 
549, 1, 508, 593, -1, 230, 74, 171.66667, 13, Cppaaap, 0, 0, 0, 0, , 0, 0, 0, 0, 0, 
550, 1, 509, 594, -1, 249, 69, 171.0, 13, Cppaapa, 0, 0, 0, 0, , 0, 0, 0, 0, 0, 
551, 1, 510, 595, -1, 288, 85, 173.5, 13, Cppaapp, 0, 0, 0, 0, , 0, 0, 0, 0, 0, 
552, 1, 511, 596, -1, 256, 46, 149.5, 13, Cppapaa, 0, 0, 0, 0, , 0, 0, 0, 0, 0, 
553, 1, 512, 597, -1, 290, 58, 153.0, 15, Cppapap, 0, 0, 0, 0, , 0, 0, 0, 0, 0, 
554, 1, 513, 598, -1, 286, 95, 182.0, 13, Cppappa, 0, 0, 0, 0, , 0, 0, 0, 0, 0, 
555, 1, 514, 599, -1, 277, 114, 184.5, 13, Cppappp, 0, 0, 0, 0, , 0, 0, 0, 0, 0, 
556, 1, 515, 600, -1, 217, 36, 147.0, 15, Cpppaaa, 0, 0, 0, 0, , 0, 0, 0, 0, 0, 
557, 1, 516, 601, -1, 259, 42, 130.5, 15, Cpppaap, 0, 0, 0, 0, , 0, 0, 0, 0, 0, 
558, 1, 517, 602, -1, 316, 78, 158.66667, 14, Cpppapa, 0, 0, 0, 0, , 0, 0, 0, 0, 0, 
559, 1, 518, 603, -1, 323, 99, 164.0, 13, Cpppapp, 0, 0, 0, 0, , 0, 0, 0, 0, 0, 
560, 1, 519, 604, -1, 310, 64, 131.0, 15, Cppppaa, 0, 0, 0, 0, , 0, 0, 0, 0, 0, 
561, 1, 520, 605, -1, 333, 88, 139.5, 15, Cppppap, 0, 0, 0, 0, , 0, 0, 0, 0, 0, 
562, 1, 521, 606, -1, 333, 120, 150.0, 14, Cpppppd, 0, 0, 0, 0, , 0, 0, 0, 0, 0, 
563, 1, 522, 607, -1, 295, 135, 177.0, 14, Cpppppv, 0, 0, 0, 0, , 0, 0, 0, 0, 0, 
564, 1, 523, 608, -1, 186, 145, 98.0, 14, Daaaa, 0, 0, 0, 0, , 0, 0, 0, 0, 0, 
565, 1, 524, 609, -1, 168, 80, 72.0, 15, Daaap, 0, 0, 0, 0, , 0, 0, 0, 0, 0, 
566, 1, 525, 610, -1, 179, 152, 114.0, 14, Daapa, 0, 0, 0, 0, , 0, 0, 0, 0, 0, 
567, 1, 526, 611, -1, 194, 157, 120.0, 14, Daapp, 0, 0, 0, 0, , 0, 0, 0, 0, 0, 
568, 1, 527, 612, -1, 203, 135, 99.0, 16, Dapaa, 0, 0, 0, 0, , 0, 0, 0, 0, 0, 
569, 1, 528, 613, -1, 198, 79, 78.5, 16, Dapap, 0, 0, 0, 0, , 0, 0, 0, 0, 0, 
570, 1, 529, 614, -1, 165, 58, 86.666664, 12, Dappaa, 0, 0, 0, 0, , 0, 0, 0, 0, 0, 
571, 1, 530, 615, -1, 197, 68, 87.0, 14, Dappap, 0, 0, 0, 0, , 0, 0, 0, 0, 0, 
572, 1, 531, 616, -1, 210, 63, 86.5, 12, Dapppa, 0, 0, 0, 0, , 0, 0, 0, 0, 0, 
573, 1, 532, 617, -1, 244, 65, 87.0, 12, Dapppp, 0, 0, 0, 0, , 0, 0, 0, 0, 0, 
574, 1, 533, 618, -1, 170, 92, 186.0, 15, Dpaaa, 0, 0, 0, 0, , 0, 0, 0, 0, 0, 
575, 1, 534, 619, -1, 156, 42, 151.0, 14, Dpaap, 0, 0, 0, 0, , 0, 0, 0, 0, 0, 
576, 1, 535, 620, -1, 164, 113, 191.0, 12, Dpapa, 0, 0, 0, 0, , 0, 0, 0, 0, 0, 
577, 1, 536, 621, -1, 181, 116, 190.33333, 13, Dpapp, 0, 0, 0, 0, , 0, 0, 0, 0, 0, 
578, 1, 537, 622, -1, 189, 87, 185.0, 14, Dppaa, 0, 0, 0, 0, , 0, 0, 0, 0, 0, 
579, 1, 538, 623, -1, 185, 38, 148.0, 16, Dppap, 0, 0, 0, 0, , 0, 0, 0, 0, 0, 
580, 1, 539, 624, -1, 153, 37, 123.0, 14, Dpppaa, 0, 0, 0, 0, , 0, 0, 0, 0, 0, 
581, 1, 540, 625, -1, 182, 36, 124.0, 14, Dpppap, 0, 0, 0, 0, , 0, 0, 0, 0, 0, 
582, 1, 541, 626, -1, 198, 32, 124.0, 15, Dppppa, 0, 0, 0, 0, , 0, 0, 0, 0, 0, 
583, 1, 542, 627, -1, 227, 36, 136.0, 15, Dppppp, 0, 0, 0, 0, , 0, 0, 0, 0, 0, 
584, 1, 543, 628, -1, 274, 85, 156.33333, 18, Z2, 0, 0, 0, 0, , 0, 0, 0, 0, 0, 
585, 1, 544, 629, -1, 272, 119, 124.0, 16, Z3, 0, 0, 0, 0, , 0, 0, 0, 0, 0, 
586, 1, 545, 630, -1, 127, 75, 115.5, 13, MSaaaaapap, 0, 0, 0, 0, , 0, 0, 0, 0, 0, 
587, 1, 546, 631, -1, 176, 73, 117.0, 13, MSaaaappp, 0, 0, 0, 0, , 0, 0, 0, 0, 0, 
588, 0, 547, -1, -1, 117, 89, 108.0, 14, , 0, 0, 0, 0, , 0, 0, 0, 0, 0, 
589, 1, 548, 633, -1, 185, 103, 125.0, 12, MSaapapaa, 0, 0, 0, 0, , 0, 0, 0, 0, 0, 
590, 1, 549, 634, -1, 200, 118, 119.0, 10, MSaapapap, 0, 0, 0, 0, , 0, 0, 0, 0, 0, 
591, 0, 550, -1, -1, 203, 107, 144.0, 14, , 0, 0, 0, 0, , 0, 0, 0, 0, 0, 
592, 1, 551, 636, -1, 191, 92, 152.0, 10, MSpapapaa, 0, 0, 0, 0, , 0, 0, 0, 0, 0, 
593, 1, 552, 637, -1, 196, 92, 166.0, 10, MSpapapap, 0, 0, 0, 0, , 0, 0, 0, 0, 0, 
594, 1, 553, 638, -1, 135, 40, 123.0, 14, MSpppppp, 0, 0, 0, 0, , 0, 0, 0, 0, 0, 
595, 0, 554, -1, -1, 134, 47, 153.0, 12, , 0, 0, 0, 0, , 0, 0, 0, 0, 0, 
596, 0, 555, -1, -1, 155, 87, 181.0, 14, , 0, 0, 0, 0, , 0, 0, 0, 0, 0, 
597, 1, 556, 640, -1, 183, 55, 137.0, 15, MSpaapapp, 0, 0, 0, 0, , 0, 0, 0, 0, 0, 
598, 0, 557, -1, -1, 309, 142, 177.0, 13, , 0, 0, 0, 0, , 0, 0, 0, 0, 0, 
599, 1, 558, 642, -1, 269, 75, 184.0, 13, ABprappapp, 0, 0, 0, 0, , 0, 0, 0, 0, 0, 
600, 1, 559, 643, -1, 218, 75, 188.0, 13, ABprappaaa, 0, 0, 0, 0, , 0, 0, 0, 0, 0, 
601, 1, 560, 644, -1, 123, 113, 188.0, 12, ABprpaaaaaa, 0, 0, 0, 0, , 0, 0, 0, 0, 0, 
602, 0, 561, -1, -1, 324, 116, 172.0, 11, , 0, 0, 0, 0, , 0, 0, 0, 0, 0, 
603, 1, 562, 646, -1, 186, 99, 92.0, 12, MSaapappa, 0, 0, 0, 0, , 0, 0, 0, 0, 0, 
604, 1, 563, 647, -1, 191, 121, 98.0, 14, MSaapaapa, 0, 0, 0, 0, , 0, 0, 0, 0, 0, 
605, 0, 564, -1, -1, 203, 106, 145.0, 14, , 0, 0, 0, 0, , 0, 0, 0, 0, 0, 
606, 1, 565, 649, -1, 209, 94, 136.0, 15, MSaappap, 0, 0, 0, 0, , 0, 0, 0, 0, 0, 
607, 0, 566, -1, -1, 209, 144, 132.0, 14, , 0, 0, 0, 0, , 0, 0, 0, 0, 0, 
608, 0, 567, -1, -1, 210, 129, 131.0, 12, , 0, 0, 0, 0, , 0, 0, 0, 0, 0, 
609, 0, 568, -1, -1, 227, 117, 123.0, 13, , 0, 0, 0, 0, , 0, 0, 0, 0, 0, 
610, 1, 569, 653, -1, 246, 122, 115.0, 15, MSaappppp, 0, 0, 0, 0, , 0, 0, 0, 0, 0, 
611, 1, 570, 654, -1, 117, 60, 98.0, 16, MSappaaa, 0, 0, 0, 0, , 0, 0, 0, 0, 0, 
612, 0, 571, -1, -1, 274, 130, 111.0, 16, , 0, 0, 0, 0, , 0, 0, 0, 0, 0, 
613, 0, 572, -1, -1, 164, 149, 122.0, 15, , 0, 0, 0, 0, , 0, 0, 0, 0, 0, 
614, 1, 573, 657, -1, 171, 129, 98.0, 14, MSapppaa, 0, 0, 0, 0, , 0, 0, 0, 0, 0, 
615, 1, 574, 658, -1, 172, 108, 163.0, 14, MSpapaaaa, 0, 0, 0, 0, , 0, 0, 0, 0, 0, 
616, 1, 575, 659, -1, 186, 101, 169.0, 14, MSpapaaap, 0, 0, 0, 0, , 0, 0, 0, 0, 0, 
617, 1, 576, 660, -1, 189, 69, 159.0, 14, MSpapaapp, 0, 0, 0, 0, , 0, 0, 0, 0, 0, 
618, 1, 577, 661, -1, 176, 63, 155.5, 14, MSpapappa, 0, 0, 0, 0, , 0, 0, 0, 0, 0, 
619, 0, 578, -1, -1, 209, 137, 167.0, 15, , 0, 0, 0, 0, , 0, 0, 0, 0, 0, 
620, 1, 579, 663, -1, 252, 129, 124.0, 14, MSpappaa, 0, 0, 0, 0, , 0, 0, 0, 0, 0, 
621, 1, 580, 664, -1, 256, 93, 175.0, 14, MSpappap, 0, 0, 0, 0, , 0, 0, 0, 0, 0, 
622, 1, 581, 665, -1, 191, 113, 181.5, 12, MSpapppaa, 0, 0, 0, 0, , 0, 0, 0, 0, 0, 
623, 1, 582, 666, -1, 209, 99, 166.5, 14, MSpapppap, 0, 0, 0, 0, , 0, 0, 0, 0, 0, 
624, 1, 583, 667, -1, 221, 94, 169.0, 13, MSpappppa, 0, 0, 0, 0, , 0, 0, 0, 0, 0, 
625, 1, 584, 668, -1, 242, 84, 169.0, 13, MSpappppp, 0, 0, 0, 0, , 0, 0, 0, 0, 0, 
626, 1, 585, 669, -1, 107, 74, 154.0, 13, MSppaaap, 0, 0, 0, 0, , 0, 0, 0, 0, 0, 
627, 1, 586, 670, -1, 121, 95, 164.0, 12, MSppaaaad, 0, 0, 0, 0, , 0, 0, 0, 0, 0, 
628, 1, 587, 671, -1, 145, 119, 169.5, 12, MSppaaaav, 0, 0, 0, 0, , 0, 0, 0, 0, 0, 
629, 1, 588, 672, -1, 281, 110, 145.5, 14, MSppaapp, 0, 0, 0, 0, , 0, 0, 0, 0, 0, 
630, 1, 589, 673, -1, 169, 58, 172.0, 14, MSppapaa, 0, 0, 0, 0, , 0, 0, 0, 0, 0, 
631, 1, 590, 674, -1, 136, 111, 185.5, 14, MSppapap, 0, 0, 0, 0, , 0, 0, 0, 0, 0, 
632, 1, 591, 675, -1, 106, 61, 150.0, 15, MSppappa, 0, 0, 0, 0, , 0, 0, 0, 0, 0, 
633, 1, 592, 676, -1, 91, 70, 129.0, 15, MSppappp, 0, 0, 0, 0, , 0, 0, 0, 0, 0, 
634, 1, 593, 677, -1, 103, 65, 119.5, 14, MSpppaaa, 0, 0, 0, 0, , 0, 0, 0, 0, 0, 
635, 1, 594, 678, -1, 277, 71, 163.5, 14, MSpppaap, 0, 0, 0, 0, , 0, 0, 0, 0, 0, 
636, 0, 595, -1, -1, 159, 109, 179.0, 15, , 0, 0, 0, 0, , 0, 0, 0, 0, 0, 
637, 1, 596, 680, -1, 126, 48, 144.0, 14, MSppppap, 0, 0, 0, 0, , 0, 0, 0, 0, 0, 
638, 1, 597, 681, -1, 101, 51, 125.5, 14, MSpppppa, 0, 0, 0, 0, , 0, 0, 0, 0, 0, 
639, 1, 598, 682, -1, 102, 130, 115.0, 12, ABalaaaalar, 0, 0, 0, 0, , 0, 0, 0, 0, 0, 
640, 0, 599, -1, -1, 89, 145, 125.0, 13, , 0, 0, 0, 0, , 0, 0, 0, 0, 0, 
641, 0, 600, -1, -1, 87, 146, 126.0, 13, , 0, 0, 0, 0, , 0, 0, 0, 0, 0, 
642, 0, 601, -1, -1, 99, 121, 123.0, 14, , 0, 0, 0, 0, , 0, 0, 0, 0, 0, 
643, 1, 602, 686, -1, 92, 138, 164.0, 13, ABalaaaarra, 0, 0, 0, 0, , 0, 0, 0, 0, 0, 
644, 1, 603, 687, -1, 94, 110, 142.0, 12, ABalaaaarrp, 0, 0, 0, 0, , 0, 0, 0, 0, 0, 
645, 1, 604, 688, -1, 94, 156, 117.0, 12, ABalaaapall, 0, 0, 0, 0, , 0, 0, 0, 0, 0, 
646, 0, 605, -1, -1, 109, 121, 107.0, 14, , 0, 0, 0, 0, , 0, 0, 0, 0, 0, 
647, 0, 606, -1, -1, 107, 122, 106.5, 14, , 0, 0, 0, 0, , 0, 0, 0, 0, 0, 
648, 1, 607, 691, -1, 108, 121, 105.0, 12, ABalaaapalr, 0, 0, 0, 0, , 0, 0, 0, 0, 0, 
649, 1, 608, 692, -1, 86, 135, 131.0, 13, ABalaaaparl, 0, 0, 0, 0, , 0, 0, 0, 0, 0, 
650, 1, 609, 693, -1, 84, 136, 118.0, 12, ABalaaaparr, 0, 0, 0, 0, , 0, 0, 0, 0, 0, 
651, 0, 610, -1, -1, 81, 120, 154.0, 12, , 0, 0, 0, 0, , 0, 0, 0, 0, 0, 
652, 0, 611, -1, -1, 79, 121, 159.0, 12, , 0, 0, 0, 0, , 0, 0, 0, 0, 0, 
653, 0, 612, -1, -1, 77, 120, 161.0, 12, , 0, 0, 0, 0, , 0, 0, 0, 0, 0, 
654, 1, 613, 697, -1, 85, 121, 149.0, 12, ABalaaappll, 0, 0, 0, 0, , 0, 0, 0, 0, 0, 
655, 1, 614, 698, -1, 80, 121, 157.0, 12, ABalaaapplr, 0, 0, 0, 0, , 0, 0, 0, 0, 0, 
656, 1, 615, 699, -1, 99, 89, 154.0, 13, ABalaaapprl, 0, 0, 0, 0, , 0, 0, 0, 0, 0, 
657, 1, 616, 700, -1, 90, 122, 175.5, 12, ABalaaapprr, 0, 0, 0, 0, , 0, 0, 0, 0, 0, 
658, 1, 617, 701, -1, 103, 101, 155.0, 12, ABalaapaaar, 0, 0, 0, 0, , 0, 0, 0, 0, 0, 
659, 1, 618, 702, -1, 100, 116, 179.0, 11, ABalaapaapa, 0, 0, 0, 0, , 0, 0, 0, 0, 0, 
660, 0, 619, -1, -1, 91, 125, 167.5, 13, , 0, 0, 0, 0, , 0, 0, 0, 0, 0, 
661, 0, 620, -1, -1, 120, 144, 190.5, 12, , 0, 0, 0, 0, , 0, 0, 0, 0, 0, 
662, 0, 621, -1, -1, 107, 116, 194.0, 12, , 0, 0, 0, 0, , 0, 0, 0, 0, 0, 
663, 0, 622, -1, -1, 90, 134, 181.0, 15, , 0, 0, 0, 0, , 0, 0, 0, 0, 0, 
664, 1, 623, 707, -1, 122, 104, 192.5, 13, ABalaapppaa, 0, 0, 0, 0, , 0, 0, 0, 0, 0, 
665, 1, 624, 708, -1, 101, 104, 171.0, 12, ABalaappppa, 0, 0, 0, 0, , 0, 0, 0, 0, 0, 
666, 1, 625, 709, -1, 90, 105, 167.0, 13, ABalaappppp, 0, 0, 0, 0, , 0, 0, 0, 0, 0, 
667, 0, 626, -1, -1, 107, 120, 100.0, 15, , 0, 0, 0, 0, , 0, 0, 0, 0, 0, 
668, 1, 627, 711, -1, 105, 119, 96.0, 15, ABalapaaaa, 0, 0, 0, 0, , 0, 0, 0, 0, 0, 
669, 0, 628, -1, -1, 87, 126, 96.0, 14, , 0, 0, 0, 0, , 0, 0, 0, 0, 0, 
670, 1, 629, 713, -1, 88, 137, 90.0, 13, ABalapaaapp, 0, 0, 0, 0, , 0, 0, 0, 0, 0, 
671, 0, 630, -1, -1, 134, 145, 96.5, 13, , 0, 0, 0, 0, , 0, 0, 0, 0, 0, 
672, 1, 631, 715, -1, 102, 144, 108.0, 15, ABalapaappp, 0, 0, 0, 0, , 0, 0, 0, 0, 0, 
673, 1, 632, 716, -1, 94, 78, 100.0, 14, ABalapapapa, 0, 0, 0, 0, , 0, 0, 0, 0, 0, 
674, 1, 633, 717, -1, 80, 99, 100.5, 15, ABalapapapp, 0, 0, 0, 0, , 0, 0, 0, 0, 0, 
675, 1, 634, 718, -1, 95, 114, 113.0, 14, ABalapappaa, 0, 0, 0, 0, , 0, 0, 0, 0, 0, 
676, 1, 635, 719, -1, 68, 122, 137.33333, 13, ABarpaaaaar, 0, 0, 0, 0, , 0, 0, 0, 0, 0, 
677, 1, 636, 720, -1, 78, 120, 109.5, 13, ABalapappap, 0, 0, 0, 0, , 0, 0, 0, 0, 0, 
678, 0, 638, -1, -1, 95, 114, 84.0, 14, , 0, 0, 0, 0, , 0, 0, 0, 0, 0, 
679, 1, 639, 722, -1, 101, 122, 81.0, 12, ABalapapppa, 0, 0, 0, 0, , 0, 0, 0, 0, 0, 
680, 0, 640, -1, -1, 85, 126, 92.0, 12, , 0, 0, 0, 0, , 0, 0, 0, 0, 0, 
681, 0, 640, -1, -1, 85, 126, 90.0, 12, , 0, 0, 0, 0, , 0, 0, 0, 0, 0, 
682, 0, 641, -1, -1, 69, 109, 118.0, 13, , 0, 0, 0, 0, , 0, 0, 0, 0, 0, 
683, 0, 642, -1, -1, 94, 82, 148.0, 12, , 0, 0, 0, 0, , 0, 0, 0, 0, 0, 
684, 1, 643, 726, -1, 80, 95, 158.0, 12, ABalappappa, 0, 0, 0, 0, , 0, 0, 0, 0, 0, 
685, 0, 644, -1, -1, 81, 86, 171.0, 12, , 0, 0, 0, 0, , 0, 0, 0, 0, 0, 
686, 1, 645, 728, -1, 92, 96, 117.0, 14, ABalapppaaa, 0, 0, 0, 0, , 0, 0, 0, 0, 0, 
687, 1, 646, 729, -1, 85, 109, 128.0, 13, ABalapppaap, 0, 0, 0, 0, , 0, 0, 0, 0, 0, 
688, 0, 647, -1, -1, 89, 69, 111.0, 13, , 0, 0, 0, 0, , 0, 0, 0, 0, 0, 
689, 1, 648, 731, -1, 87, 78, 113.0, 13, ABalapppapa, 0, 0, 0, 0, , 0, 0, 0, 0, 0, 
690, 0, 649, -1, -1, 80, 85, 125.0, 14, , 0, 0, 0, 0, , 0, 0, 0, 0, 0, 
691, 1, 650, 733, -1, 89, 98, 138.0, 12, ABalappppaa, 0, 0, 0, 0, , 0, 0, 0, 0, 0, 
692, 0, 651, -1, -1, 74, 94, 133.0, 13, , 0, 0, 0, 0, , 0, 0, 0, 0, 0, 
693, 0, 652, -1, -1, 96, 75, 162.0, 12, , 0, 0, 0, 0, , 0, 0, 0, 0, 0, 
694, 1, 653, 736, -1, 81, 77, 160.0, 12, ABalapppppp, 0, 0, 0, 0, , 0, 0, 0, 0, 0, 
695, 1, 654, 737, -1, 138, 121, 121.0, 13, ABalpaaaaaa, 0, 0, 0, 0, , 0, 0, 0, 0, 0, 
696, 1, 655, 738, -1, 157, 130, 128.0, 12, ABalpaaaaap, 0, 0, 0, 0, , 0, 0, 0, 0, 0, 
697, 0, 656, -1, -1, 144, 120, 137.0, 13, , 0, 0, 0, 0, , 0, 0, 0, 0, 0, 
698, 1, 657, 740, -1, 132, 111, 99.0, 12, ABalpaaapaa, 0, 0, 0, 0, , 0, 0, 0, 0, 0, 
699, 1, 658, 741, -1, 165, 111, 105.0, 12, ABalpaaappp, 0, 0, 0, 0, , 0, 0, 0, 0, 0, 
700, 1, 659, 742, -1, 121, 111, 115.0, 13, ABalpaapaaa, 0, 0, 0, 0, , 0, 0, 0, 0, 0, 
701, 1, 660, 743, -1, 126, 104, 106.0, 14, ABalpaapaap, 0, 0, 0, 0, , 0, 0, 0, 0, 0, 
702, 1, 661, 744, -1, 136, 93, 88.0, 14, ABalpaapapa, 0, 0, 0, 0, , 0, 0, 0, 0, 0, 
703, 1, 662, 745, -1, 142, 110, 87.5, 15, ABalpaapapp, 0, 0, 0, 0, , 0, 0, 0, 0, 0, 
704, 1, 663, 746, -1, 113, 132, 135.0, 12, ABalpaappaa, 0, 0, 0, 0, , 0, 0, 0, 0, 0, 
705, 1, 664, 747, -1, 118, 135, 142.0, 13, ABalpaappap, 0, 0, 0, 0, , 0, 0, 0, 0, 0, 
706, 0, 665, -1, -1, 97, 125, 133.5, 13, , 0, 0, 0, 0, , 0, 0, 0, 0, 0, 
707, 0, 666, -1, -1, 94, 142, 136.0, 12, , 0, 0, 0, 0, , 0, 0, 0, 0, 0, 
708, 0, 667, -1, -1, 96, 142, 134.5, 14, , 0, 0, 0, 0, , 0, 0, 0, 0, 0, 
709, 1, 668, 751, -1, 121, 141, 133.0, 13, ABalpapaaaa, 0, 0, 0, 0, , 0, 0, 0, 0, 0, 
710, 0, 669, -1, -1, 109, 164, 171.0, 15, , 0, 0, 0, 0, , 0, 0, 0, 0, 0, 
711, 0, 670, -1, -1, 118, 129, 157.5, 13, , 0, 0, 0, 0, , 0, 0, 0, 0, 0, 
712, 0, 671, -1, -1, 157, 157, 156.0, 13, , 0, 0, 0, 0, , 0, 0, 0, 0, 0, 
713, 1, 672, 755, -1, 167, 174, 169.5, 14, ABalpapapap, 0, 0, 0, 0, , 0, 0, 0, 0, 0, 
714, 1, 673, 756, -1, 212, 160, 157.0, 12, ABalpapappa, 0, 0, 0, 0, , 0, 0, 0, 0, 0, 
715, 0, 674, -1, -1, 208, 144, 139.5, 13, , 0, 0, 0, 0, , 0, 0, 0, 0, 0, 
716, 0, 675, -1, -1, 147, 121, 127.0, 13, , 0, 0, 0, 0, , 0, 0, 0, 0, 0, 
717, 1, 676, 759, -1, 148, 125, 146.0, 13, ABalpappapa, 0, 0, 0, 0, , 0, 0, 0, 0, 0, 
718, 0, 677, -1, -1, 192, 113, 153.5, 13, , 0, 0, 0, 0, , 0, 0, 0, 0, 0, 
719, 1, 678, 761, -1, 147, 119, 96.0, 13, ABalpapppaa, 0, 0, 0, 0, , 0, 0, 0, 0, 0, 
720, 1, 679, 762, -1, 166, 123, 151.5, 15, ABalpappppa, 0, 0, 0, 0, , 0, 0, 0, 0, 0, 
721, 1, 680, 763, -1, 165, 127, 124.5, 14, ABalpappppp, 0, 0, 0, 0, , 0, 0, 0, 0, 0, 
722, 0, 681, -1, -1, 108, 162, 124.0, 12, , 0, 0, 0, 0, , 0, 0, 0, 0, 0, 
723, 0, 682, -1, -1, 110, 163, 118.5, 12, , 0, 0, 0, 0, , 0, 0, 0, 0, 0, 
724, 0, 683, -1, -1, 108, 162, 125.5, 13, , 0, 0, 0, 0, , 0, 0, 0, 0, 0, 
725, 0, 684, -1, -1, 102, 156, 159.0, 11, , 0, 0, 0, 0, , 0, 0, 0, 0, 0, 
726, 0, 685, -1, -1, 118, 151, 154.0, 11, , 0, 0, 0, 0, , 0, 0, 0, 0, 0, 
727, 1, 686, 769, -1, 116, 142, 124.5, 13, ABalppapaaa, 0, 0, 0, 0, , 0, 0, 0, 0, 0, 
728, 1, 687, 770, -1, 110, 155, 142.0, 12, ABalppapaap, 0, 0, 0, 0, , 0, 0, 0, 0, 0, 
729, 0, 688, -1, -1, 110, 163, 162.5, 12, , 0, 0, 0, 0, , 0, 0, 0, 0, 0, 
730, 1, 689, 772, -1, 149, 169, 152.0, 12, ABalppapapa, 0, 0, 0, 0, , 0, 0, 0, 0, 0, 
731, 0, 690, -1, -1, 111, 174, 152.0, 13, , 0, 0, 0, 0, , 0, 0, 0, 0, 0, 
732, 0, 691, -1, -1, 134, 145, 96.0, 13, , 0, 0, 0, 0, , 0, 0, 0, 0, 0, 
733, 0, 692, -1, -1, 136, 155, 103.0, 13, , 0, 0, 0, 0, , 0, 0, 0, 0, 0, 
734, 1, 693, 776, -1, 135, 146, 95.0, 13, ABalppappaa, 0, 0, 0, 0, , 0, 0, 0, 0, 0, 
735, 1, 694, 777, -1, 121, 153, 130.0, 13, ABalppappap, 0, 0, 0, 0, , 0, 0, 0, 0, 0, 
736, 1, 695, 778, -1, 139, 160, 141.0, 12, ABalppapppa, 0, 0, 0, 0, , 0, 0, 0, 0, 0, 
737, 1, 696, 779, -1, 132, 152, 139.0, 13, ABalppapppp, 0, 0, 0, 0, , 0, 0, 0, 0, 0, 
738, 1, 697, 780, -1, 129, 170, 96.0, 13, ABalpppaaaa, 0, 0, 0, 0, , 0, 0, 0, 0, 0, 
739, 1, 698, 781, -1, 108, 162, 128.0, 13, ABalpppaaap, 0, 0, 0, 0, , 0, 0, 0, 0, 0, 
740, 1, 699, 782, -1, 91, 151, 111.0, 13, ABalpppaapd, 0, 0, 0, 0, , 0, 0, 0, 0, 0, 
741, 1, 700, 783, -1, 105, 162, 104.0, 13, ABalpppaapv, 0, 0, 0, 0, , 0, 0, 0, 0, 0, 
742, 1, 701, 784, -1, 122, 170, 111.0, 12, ABalpppapad, 0, 0, 0, 0, , 0, 0, 0, 0, 0, 
743, 1, 702, 785, -1, 152, 167, 100.0, 12, ABalpppapav, 0, 0, 0, 0, , 0, 0, 0, 0, 0, 
744, 0, 703, -1, -1, 119, 147, 76.0, 12, , 0, 0, 0, 0, , 0, 0, 0, 0, 0, 
745, 1, 703, 787, -1, 119, 148, 77.0, 12, ABalpppapppa, 0, 0, 0, 0, , 0, 0, 0, 0, 0, 
746, 1, 704, 788, -1, 129, 129, 70.0, 14, ABalpppapppp, 0, 0, 0, 0, , 0, 0, 0, 0, 0, 
747, 1, 705, 789, -1, 139, 125, 80.0, 15, ABalppppaad, 0, 0, 0, 0, , 0, 0, 0, 0, 0, 
748, 0, 706, -1, -1, 99, 137, 88.0, 13, , 0, 0, 0, 0, , 0, 0, 0, 0, 0, 
749, 1, 707, 791, -1, 151, 149, 88.0, 13, ABalpppppaa, 0, 0, 0, 0, , 0, 0, 0, 0, 0, 
750, 1, 708, 792, -1, 157, 139, 81.0, 13, ABalpppppap, 0, 0, 0, 0, , 0, 0, 0, 0, 0, 
751, 1, 709, 793, -1, 163, 143, 66.5, 15, ABalppppppaa, 0, 0, 0, 0, , 0, 0, 0, 0, 0, 
752, 1, 710, 794, -1, 142, 160, 72.0, 13, ABalpppppppa, 0, 0, 0, 0, , 0, 0, 0, 0, 0, 
753, 1, 711, 795, -1, 146, 171, 83.0, 15, ABalpppppppp, 0, 0, 0, 0, , 0, 0, 0, 0, 0, 
754, 1, 712, 796, -1, 129, 122, 126.0, 13, ABaraaaaaaa, 0, 0, 0, 0, , 0, 0, 0, 0, 0, 
755, 0, 713, -1, -1, 137, 121, 119.0, 12, , 0, 0, 0, 0, , 0, 0, 0, 0, 0, 
756, 1, 714, 797, -1, 139, 116, 108.0, 12, ABaraaaaaap, 0, 0, 0, 0, , 0, 0, 0, 0, 0, 
757, 0, 715, -1, -1, 126, 111, 147.0, 13, , 0, 0, 0, 0, , 0, 0, 0, 0, 0, 
758, 1, 716, 799, -1, 126, 111, 145.0, 13, ABaraaaaapa, 0, 0, 0, 0, , 0, 0, 0, 0, 0, 
759, 1, 717, 800, -1, 134, 95, 151.5, 13, ABaraaaaapp, 0, 0, 0, 0, , 0, 0, 0, 0, 0, 
760, 0, 718, -1, -1, 112, 98, 127.0, 13, , 0, 0, 0, 0, , 0, 0, 0, 0, 0, 
761, 1, 719, 802, -1, 116, 104, 140.0, 13, ABaraaapaaa, 0, 0, 0, 0, , 0, 0, 0, 0, 0, 
762, 1, 720, 803, -1, 120, 87, 143.5, 15, ABaraaapaap, 0, 0, 0, 0, , 0, 0, 0, 0, 0, 
763, 1, 721, 804, -1, 137, 72, 144.0, 15, ABaraaapapa, 0, 0, 0, 0, , 0, 0, 0, 0, 0, 
764, 1, 722, 805, -1, 146, 69, 158.0, 13, ABaraaapapp, 0, 0, 0, 0, , 0, 0, 0, 0, 0, 
765, 1, 723, 806, -1, 114, 116, 137.0, 13, ABaraaappaa, 0, 0, 0, 0, , 0, 0, 0, 0, 0, 
766, 1, 724, 807, -1, 115, 127, 148.5, 13, ABaraaappap, 0, 0, 0, 0, , 0, 0, 0, 0, 0, 
767, 1, 725, 809, -1, 105, 119, 145.0, 12, ABaraaapppa, 0, 0, 0, 0, , 0, 0, 0, 0, 0, 
768, 0, 726, -1, -1, 99, 155, 164.0, 12, , 0, 0, 0, 0, , 0, 0, 0, 0, 0, 
769, 0, 727, -1, -1, 101, 140, 164.0, 12, , 0, 0, 0, 0, , 0, 0, 0, 0, 0, 
770, 0, 728, -1, -1, 104, 141, 162.0, 12, , 0, 0, 0, 0, , 0, 0, 0, 0, 0, 
771, 0, 729, -1, -1, 114, 99, 120.0, 12, , 0, 0, 0, 0, , 0, 0, 0, 0, 0, 
772, 1, 730, 814, -1, 114, 98, 120.5, 12, ABaraapaaaa, 0, 0, 0, 0, , 0, 0, 0, 0, 0, 
773, 1, 731, 816, -1, 112, 99, 131.0, 14, ABaraaaapap, 0, 0, 0, 0, , 0, 0, 0, 0, 0, 
774, 0, 732, -1, -1, 118, 87, 109.0, 14, , 0, 0, 0, 0, , 0, 0, 0, 0, 0, 
775, 1, 733, 818, -1, 119, 89, 99.0, 12, ABaraapaapa, 0, 0, 0, 0, , 0, 0, 0, 0, 0, 
776, 1, 734, 819, -1, 158, 85, 89.0, 14, ABaraapaapp, 0, 0, 0, 0, , 0, 0, 0, 0, 0, 
777, 1, 735, 820, -1, 171, 104, 96.0, 15, ABaraapapaa, 0, 0, 0, 0, , 0, 0, 0, 0, 0, 
778, 1, 736, 821, -1, 173, 96, 81.0, 14, ABaraapapap, 0, 0, 0, 0, , 0, 0, 0, 0, 0, 
779, 1, 737, 822, -1, 178, 116, 93.0, 12, ABaraapappa, 0, 0, 0, 0, , 0, 0, 0, 0, 0, 
780, 1, 738, 823, -1, 181, 119, 113.0, 14, ABaraapappp, 0, 0, 0, 0, , 0, 0, 0, 0, 0, 
781, 1, 739, 824, -1, 112, 87, 120.0, 13, ABaraappaaa, 0, 0, 0, 0, , 0, 0, 0, 0, 0, 
782, 1, 740, 825, -1, 120, 88, 133.0, 13, ABaraappaap, 0, 0, 0, 0, , 0, 0, 0, 0, 0, 
783, 1, 741, 826, -1, 114, 77, 136.0, 13, ABaraappapa, 0, 0, 0, 0, , 0, 0, 0, 0, 0, 
784, 1, 742, 827, -1, 155, 59, 129.0, 15, MSpaapaaa, 0, 0, 0, 0, , 0, 0, 0, 0, 0, 
785, 1, 743, 828, -1, 162, 76, 158.0, 15, ABaraapppaa, 0, 0, 0, 0, , 0, 0, 0, 0, 0, 
786, 1, 744, 829, -1, 161, 58, 152.0, 16, ABaraapppap, 0, 0, 0, 0, , 0, 0, 0, 0, 0, 
787, 1, 745, 830, -1, 169, 77, 171.0, 12, ABaraappppa, 0, 0, 0, 0, , 0, 0, 0, 0, 0, 
788, 1, 746, 831, -1, 174, 95, 163.0, 13, ABaraappppp, 0, 0, 0, 0, , 0, 0, 0, 0, 0, 
789, 1, 747, 832, -1, 132, 106, 153.0, 13, ABarapaaaaa, 0, 0, 0, 0, , 0, 0, 0, 0, 0, 
790, 1, 748, 833, -1, 152, 119, 161.0, 10, ABarapaaaap, 0, 0, 0, 0, , 0, 0, 0, 0, 0, 
791, 1, 749, 834, -1, 143, 112, 156.5, 11, ABarapaaapa, 0, 0, 0, 0, , 0, 0, 0, 0, 0, 
792, 1, 750, 835, -1, 128, 85, 156.0, 13, ABarapaapaa, 0, 0, 0, 0, , 0, 0, 0, 0, 0, 
793, 1, 751, 836, -1, 135, 61, 157.5, 13, ABarapaapap, 0, 0, 0, 0, , 0, 0, 0, 0, 0, 
794, 1, 752, 837, -1, 137, 75, 164.5, 12, ABarapaappa, 0, 0, 0, 0, , 0, 0, 0, 0, 0, 
795, 1, 753, 838, -1, 157, 90, 157.0, 12, ABarapaappp, 0, 0, 0, 0, , 0, 0, 0, 0, 0, 
796, 1, 754, 839, -1, 142, 100, 169.0, 14, ABarapapaap, 0, 0, 0, 0, , 0, 0, 0, 0, 0, 
797, 1, 755, 840, -1, 133, 131, 147.0, 12, ABarapapapa, 0, 0, 0, 0, , 0, 0, 0, 0, 0, 
798, 0, 756, -1, -1, 194, 113, 152.0, 14, , 0, 0, 0, 0, , 0, 0, 0, 0, 0, 
799, 0, 757, -1, -1, 193, 112, 151.0, 14, , 0, 0, 0, 0, , 0, 0, 0, 0, 0, 
800, 1, 758, 843, -1, 196, 111, 141.0, 14, ABalpappapp, 0, 0, 0, 0, , 0, 0, 0, 0, 0, 
801, 1, 759, 844, -1, 193, 113, 154.0, 12, ABarapapapp, 0, 0, 0, 0, , 0, 0, 0, 0, 0, 
802, 1, 760, 845, -1, 141, 87, 165.0, 12, ABarapappaa, 0, 0, 0, 0, , 0, 0, 0, 0, 0, 
803, 1, 761, 846, -1, 182, 119, 144.0, 15, ABarapapppa, 0, 0, 0, 0, , 0, 0, 0, 0, 0, 
804, 1, 762, 847, -1, 159, 105, 170.0, 15, ABarapapppp, 0, 0, 0, 0, , 0, 0, 0, 0, 0, 
805, 1, 763, 848, -1, 124, 139, 148.0, 13, ABalpapaapa, 0, 0, 0, 0, , 0, 0, 0, 0, 0, 
806, 1, 764, 849, -1, 117, 130, 157.0, 12, ABarappaaaa, 0, 0, 0, 0, , 0, 0, 0, 0, 0, 
807, 1, 765, 850, -1, 153, 151, 164.0, 13, ABarappapaa, 0, 0, 0, 0, , 0, 0, 0, 0, 0, 
808, 1, 766, 851, -1, 165, 157, 185.0, 13, ABarappapap, 0, 0, 0, 0, , 0, 0, 0, 0, 0, 
809, 1, 767, 852, -1, 201, 88, 147.0, 15, MSpapappp, 0, 0, 0, 0, , 0, 0, 0, 0, 0, 
810, 0, 768, -1, -1, 208, 138, 166.0, 13, , 0, 0, 0, 0, , 0, 0, 0, 0, 0, 
811, 0, 769, -1, -1, 193, 142, 191.0, 13, , 0, 0, 0, 0, , 0, 0, 0, 0, 0, 
812, 1, 770, 855, -1, 108, 118, 164.0, 10, ABarapppaaa, 0, 0, 0, 0, , 0, 0, 0, 0, 0, 
813, 1, 771, 856, -1, 105, 140, 162.0, 11, ABarapppaap, 0, 0, 0, 0, , 0, 0, 0, 0, 0, 
814, 0, 772, -1, -1, 121, 151, 153.0, 11, , 0, 0, 0, 0, , 0, 0, 0, 0, 0, 
815, 1, 773, 858, -1, 145, 156, 171.0, 12, ABarapppapa, 0, 0, 0, 0, , 0, 0, 0, 0, 0, 
816, 1, 774, 859, -1, 124, 156, 177.0, 14, ABarapppapp, 0, 0, 0, 0, , 0, 0, 0, 0, 0, 
817, 1, 775, 860, -1, 117, 99, 186.0, 13, ABarappppaa, 0, 0, 0, 0, , 0, 0, 0, 0, 0, 
818, 1, 776, 861, -1, 121, 120, 171.0, 13, ABarappppap, 0, 0, 0, 0, , 0, 0, 0, 0, 0, 
819, 1, 777, 862, -1, 135, 139, 170.5, 15, ABarapppppa, 0, 0, 0, 0, , 0, 0, 0, 0, 0, 
820, 1, 778, 864, -1, 118, 141, 168.0, 11, ABarapppppp, 0, 0, 0, 0, , 0, 0, 0, 0, 0, 
821, 1, 779, 865, -1, 69, 128, 131.0, 12, ABarpaaaaal, 0, 0, 0, 0, , 0, 0, 0, 0, 0, 
822, 1, 780, 866, -1, 74, 121, 123.0, 14, ABarpaaaapa, 0, 0, 0, 0, , 0, 0, 0, 0, 0, 
823, 1, 781, 867, -1, 71, 122, 100.0, 12, ABarpaaaapp, 0, 0, 0, 0, , 0, 0, 0, 0, 0, 
824, 1, 782, 868, -1, 70, 109, 134.0, 12, ABarpaaapaa, 0, 0, 0, 0, , 0, 0, 0, 0, 0, 
825, 1, 783, 869, -1, 64, 98, 151.0, 13, ABarpaaapap, 0, 0, 0, 0, , 0, 0, 0, 0, 0, 
826, 1, 784, 870, -1, 56, 95, 131.0, 15, ABarpaapaa, 0, 0, 0, 0, , 0, 0, 0, 0, 0, 
827, 1, 785, 871, -1, 85, 66, 101.0, 15, ABarpaapap, 0, 0, 0, 0, , 0, 0, 0, 0, 0, 
828, 1, 786, 872, -1, 104, 60, 90.0, 14, ABarpaappa, 0, 0, 0, 0, , 0, 0, 0, 0, 0, 
829, 1, 787, 873, -1, 132, 37, 152.0, 15, ABarpaappp, 0, 0, 0, 0, , 0, 0, 0, 0, 0, 
830, 1, 788, 874, -1, 75, 94, 135.5, 13, ABalappppap, 0, 0, 0, 0, , 0, 0, 0, 0, 0, 
831, 1, 789, 875, -1, 77, 92, 132.0, 13, ABarpapaaaa, 0, 0, 0, 0, , 0, 0, 0, 0, 0, 
832, 1, 790, 876, -1, 79, 85, 126.0, 14, ABalapppapp, 0, 0, 0, 0, , 0, 0, 0, 0, 0, 
833, 1, 791, 877, -1, 70, 81, 145.0, 14, ABarpapaaap, 0, 0, 0, 0, , 0, 0, 0, 0, 0, 
834, 1, 792, 878, -1, 84, 77, 141.0, 15, ABarpapaapp, 0, 0, 0, 0, , 0, 0, 0, 0, 0, 
835, 1, 793, 879, -1, 56, 119, 132.0, 15, ABarpapapa, 0, 0, 0, 0, , 0, 0, 0, 0, 0, 
836, 1, 794, 880, -1, 71, 74, 109.5, 15, ABarpapapp, 0, 0, 0, 0, , 0, 0, 0, 0, 0, 
837, 1, 795, 881, -1, 71, 114, 173.5, 14, ABarpappaa, 0, 0, 0, 0, , 0, 0, 0, 0, 0, 
838, 1, 796, 882, -1, 101, 119, 203.5, 14, ABarpappap, 0, 0, 0, 0, , 0, 0, 0, 0, 0, 
839, 1, 797, 883, -1, 122, 97, 65.0, 15, ABarppaaaa, 0, 0, 0, 0, , 0, 0, 0, 0, 0, 
840, 1, 798, 884, -1, 158, 28, 142.0, 16, ABarppaapa, 0, 0, 0, 0, , 0, 0, 0, 0, 0, 
841, 1, 799, 885, -1, 192, 101, 69.5, 16, ABarppaapp, 0, 0, 0, 0, , 0, 0, 0, 0, 0, 
842, 1, 800, 886, -1, 116, 46, 155.0, 12, ABarpppaaa, 0, 0, 0, 0, , 0, 0, 0, 0, 0, 
843, 1, 801, 887, -1, 154, 88, 63.0, 15, ABarpppapa, 0, 0, 0, 0, , 0, 0, 0, 0, 0, 
844, 1, 802, 888, -1, 181, 43, 165.0, 15, ABarpppapp, 0, 0, 0, 0, , 0, 0, 0, 0, 0, 
845, 1, 803, 889, -1, 80, 105, 107.5, 14, ABplaaaaaaa, 0, 0, 0, 0, , 0, 0, 0, 0, 0, 
846, 1, 804, 890, -1, 82, 107, 86.0, 13, ABplaaaaaap, 0, 0, 0, 0, , 0, 0, 0, 0, 0, 
847, 1, 805, 891, -1, 86, 110, 97.0, 12, ABplaaaaappa, 0, 0, 0, 0, , 0, 0, 0, 0, 0, 
848, 1, 806, 892, -1, 108, 102, 90.5, 12, ABplaaaaappp, 0, 0, 0, 0, , 0, 0, 0, 0, 0, 
849, 1, 807, 893, -1, 58, 113, 108.0, 15, ABplaaaapa, 0, 0, 0, 0, , 0, 0, 0, 0, 0, 
850, 1, 808, 894, -1, 62, 88, 112.0, 12, ABplaaaapp, 0, 0, 0, 0, , 0, 0, 0, 0, 0, 
851, 1, 809, 895, -1, 81, 153, 103.0, 13, ABplaaapaa, 0, 0, 0, 0, , 0, 0, 0, 0, 0, 
852, 1, 810, 896, -1, 116, 175, 102.0, 13, ABplaaapap, 0, 0, 0, 0, , 0, 0, 0, 0, 0, 
853, 0, 811, -1, -1, 83, 125, 134.5, 14, , 0, 0, 0, 0, , 0, 0, 0, 0, 0, 
854, 1, 812, 898, -1, 74, 139, 119.0, 11, ABplaapaaap, 0, 0, 0, 0, , 0, 0, 0, 0, 0, 
855, 0, 813, -1, -1, 89, 142, 108.0, 11, , 0, 0, 0, 0, , 0, 0, 0, 0, 0, 
856, 0, 814, -1, -1, 108, 130, 93.5, 11, , 0, 0, 0, 0, , 0, 0, 0, 0, 0, 
857, 0, 815, -1, -1, 99, 138, 90.0, 12, , 0, 0, 0, 0, , 0, 0, 0, 0, 0, 
858, 0, 816, -1, -1, 105, 150, 81.0, 15, , 0, 0, 0, 0, , 0, 0, 0, 0, 0, 
859, 1, 817, 903, -1, 172, 135, 84.0, 13, ABplaapapaa, 0, 0, 0, 0, , 0, 0, 0, 0, 0, 
860, 1, 818, 904, -1, 164, 131, 70.0, 13, ABplaapapap, 0, 0, 0, 0, , 0, 0, 0, 0, 0, 
861, 1, 819, 905, -1, 164, 126, 54.0, 14, ABarppaaap, 0, 0, 0, 0, , 0, 0, 0, 0, 0, 
862, 1, 820, 906, -1, 159, 115, 71.0, 13, ABplaapappa, 0, 0, 0, 0, , 0, 0, 0, 0, 0, 
863, 1, 821, 907, 908, 148, 131, 63.0, 16, ABplaapappp, 0, 0, 0, 0, , 0, 0, 0, 0, 0, 
864, 1, 822, 909, -1, 121, 173, 141.5, 13, ABalppapapp, 0, 0, 0, 0, , 0, 0, 0, 0, 0, 
865, 1, 823, 910, -1, 111, 175, 152.0, 13, ABplaappaa, 0, 0, 0, 0, , 0, 0, 0, 0, 0, 
866, 1, 824, 911, -1, 144, 175, 162.5, 16, ABplaappap, 0, 0, 0, 0, , 0, 0, 0, 0, 0, 
867, 1, 825, 912, -1, 172, 184, 143.0, 13, ABplaapppa, 0, 0, 0, 0, , 0, 0, 0, 0, 0, 
868, 1, 826, 913, -1, 198, 159, 87.5, 17, ABplaapppp, 0, 0, 0, 0, , 0, 0, 0, 0, 0, 
869, 1, 827, 914, -1, 146, 106, 63.0, 14, ABplapaaaap, 0, 0, 0, 0, , 0, 0, 0, 0, 0, 
870, 1, 828, 915, -1, 182, 131, 72.0, 15, ABplapaaapa, 0, 0, 0, 0, , 0, 0, 0, 0, 0, 
871, 1, 829, 916, -1, 199, 127, 75.0, 15, ABplapaaapp, 0, 0, 0, 0, , 0, 0, 0, 0, 0, 
872, 1, 830, 917, -1, 198, 172, 142.0, 13, ABplapaapa, 0, 0, 0, 0, , 0, 0, 0, 0, 0, 
873, 1, 831, 918, -1, 213, 147, 94.0, 17, ABplapaapp, 0, 0, 0, 0, , 0, 0, 0, 0, 0, 
874, 1, 832, 920, -1, 279, 169, 108.0, 17, ABplapappa, 0, 0, 0, 0, , 0, 0, 0, 0, 0, 
875, 1, 833, 921, -1, 315, 158, 132.0, 14, ABplapapppp, 0, 0, 0, 0, , 0, 0, 0, 0, 0, 
876, 1, 834, 922, -1, 227, 127, 87.0, 16, ABplappaaa, 0, 0, 0, 0, , 0, 0, 0, 0, 0, 
877, 1, 835, 923, -1, 246, 130, 97.0, 15, ABplappaap, 0, 0, 0, 0, , 0, 0, 0, 0, 0, 
878, 1, 836, 924, -1, 260, 141, 99.5, 14, ABplappapp, 0, 0, 0, 0, , 0, 0, 0, 0, 0, 
879, 1, 837, 925, -1, 295, 169, 117.0, 14, ABplapppaaa, 0, 0, 0, 0, , 0, 0, 0, 0, 0, 
880, 1, 838, 926, -1, 291, 159, 141.0, 15, ABplapppapp, 0, 0, 0, 0, , 0, 0, 0, 0, 0, 
881, 1, 839, 927, -1, 258, 159, 160.0, 14, ABplappppa, 0, 0, 0, 0, , 0, 0, 0, 0, 0, 
882, 1, 840, 928, -1, 135, 153, 109.5, 14, ABplpaaaaaa, 0, 0, 0, 0, , 0, 0, 0, 0, 0, 
883, 1, 841, 929, -1, 164, 164, 96.0, 13, ABplpaaaaap, 0, 0, 0, 0, , 0, 0, 0, 0, 0, 
884, 1, 842, 930, -1, 182, 161, 164.0, 12, ABplpaaaapa, 0, 0, 0, 0, , 0, 0, 0, 0, 0, 
885, 1, 843, 931, -1, 218, 143, 144.0, 12, ABplpaaaapp, 0, 0, 0, 0, , 0, 0, 0, 0, 0, 
886, 0, 844, -1, -1, 136, 161, 130.0, 12, , 0, 0, 0, 0, , 0, 0, 0, 0, 0, 
887, 1, 845, 933, -1, 138, 160, 129.0, 12, ABplpaaapaa, 0, 0, 0, 0, , 0, 0, 0, 0, 0, 
888, 1, 846, 934, -1, 123, 178, 127.0, 12, ABplpaaapap, 0, 0, 0, 0, , 0, 0, 0, 0, 0, 
889, 1, 847, 935, -1, 136, 159, 121.0, 15, ABplpaaappa, 0, 0, 0, 0, , 0, 0, 0, 0, 0, 
890, 0, 848, -1, -1, 157, 178, 142.0, 11, , 0, 0, 0, 0, , 0, 0, 0, 0, 0, 
891, 0, 849, -1, -1, 154, 178, 137.0, 15, , 0, 0, 0, 0, , 0, 0, 0, 0, 0, 
892, 1, 850, 938, -1, 149, 167, 117.5, 14, ABplpaaappp, 0, 0, 0, 0, , 0, 0, 0, 0, 0, 
893, 0, 851, -1, -1, 162, 164, 79.0, 13, , 0, 0, 0, 0, , 0, 0, 0, 0, 0, 
894, 1, 852, 940, -1, 89, 154, 94.0, 13, ABplpaapapa, 0, 0, 0, 0, , 0, 0, 0, 0, 0, 
895, 1, 853, 941, -1, 136, 181, 137.0, 12, ABplpaapapp, 0, 0, 0, 0, , 0, 0, 0, 0, 0, 
896, 1, 854, 942, -1, 167, 152, 86.0, 13, ABplpaappaa, 0, 0, 0, 0, , 0, 0, 0, 0, 0, 
897, 0, 855, -1, -1, 171, 157, 72.5, 13, , 0, 0, 0, 0, , 0, 0, 0, 0, 0, 
898, 0, 856, -1, -1, 168, 152, 78.0, 13, , 0, 0, 0, 0, , 0, 0, 0, 0, 0, 
899, 0, 857, -1, -1, 172, 172, 133.5, 12, , 0, 0, 0, 0, , 0, 0, 0, 0, 0, 
900, 0, 858, -1, -1, 173, 172, 134.0, 12, , 0, 0, 0, 0, , 0, 0, 0, 0, 0, 
901, 1, 859, 947, -1, 164, 148, 145.0, 13, ABplpapaaaa, 0, 0, 0, 0, , 0, 0, 0, 0, 0, 
902, 0, 860, -1, -1, 165, 151, 118.5, 15, , 0, 0, 0, 0, , 0, 0, 0, 0, 0, 
903, 0, 861, -1, -1, 182, 161, 150.0, 12, , 0, 0, 0, 0, , 0, 0, 0, 0, 0, 
904, 0, 862, -1, -1, 154, 156, 154.0, 13, , 0, 0, 0, 0, , 0, 0, 0, 0, 0, 
905, 1, 863, 951, -1, 159, 165, 140.0, 11, ABplpapaapp, 0, 0, 0, 0, , 0, 0, 0, 0, 0, 
906, 0, 864, -1, -1, 184, 150, 132.0, 10, , 0, 0, 0, 0, , 0, 0, 0, 0, 0, 
907, 0, 865, -1, -1, 180, 160, 136.5, 13, , 0, 0, 0, 0, , 0, 0, 0, 0, 0, 
908, 1, 866, 954, -1, 201, 160, 143.0, 13, ABplpapappa, 0, 0, 0, 0, , 0, 0, 0, 0, 0, 
909, 0, 867, -1, -1, 236, 121, 161.0, 13, , 0, 0, 0, 0, , 0, 0, 0, 0, 0, 
910, 1, 868, 956, -1, 143, 145, 147.5, 13, ABplpappaaa, 0, 0, 0, 0, , 0, 0, 0, 0, 0, 
911, 0, 869, -1, -1, 167, 159, 178.0, 15, , 0, 0, 0, 0, , 0, 0, 0, 0, 0, 
912, 0, 870, -1, -1, 179, 138, 166.5, 15, , 0, 0, 0, 0, , 0, 0, 0, 0, 0, 
913, 1, 871, 959, -1, 274, 142, 146.0, 13, ABplpapppaa, 0, 0, 0, 0, , 0, 0, 0, 0, 0, 
914, 1, 872, 960, -1, 271, 126, 170.5, 13, ABplpapppap, 0, 0, 0, 0, , 0, 0, 0, 0, 0, 
915, 1, 873, 961, -1, 273, 126, 151.0, 13, ABplpappppa, 0, 0, 0, 0, , 0, 0, 0, 0, 0, 
916, 1, 874, 962, -1, 285, 139, 163.0, 12, ABplpappppp, 0, 0, 0, 0, , 0, 0, 0, 0, 0, 
917, 1, 875, 963, -1, 163, 178, 105.0, 13, ABplppaaaaa, 0, 0, 0, 0, , 0, 0, 0, 0, 0, 
918, 0, 876, -1, -1, 173, 169, 129.0, 10, , 0, 0, 0, 0, , 0, 0, 0, 0, 0, 
919, 0, 877, -1, -1, 182, 179, 152.0, 13, , 0, 0, 0, 0, , 0, 0, 0, 0, 0, 
920, 0, 878, -1, -1, 204, 144, 153.0, 10, , 0, 0, 0, 0, , 0, 0, 0, 0, 0, 
921, 0, 879, -1, -1, 208, 145, 137.5, 13, , 0, 0, 0, 0, , 0, 0, 0, 0, 0, 
922, 0, 880, -1, -1, 243, 128, 157.0, 13, , 0, 0, 0, 0, , 0, 0, 0, 0, 0, 
923, 1, 881, 969, -1, 212, 162, 126.0, 14, ABplppapaaa, 0, 0, 0, 0, , 0, 0, 0, 0, 0, 
924, 1, 882, 970, -1, 208, 132, 133.0, 12, ABplppapaap, 0, 0, 0, 0, , 0, 0, 0, 0, 0, 
925, 1, 883, 971, -1, 225, 116, 135.5, 13, ABplppapapa, 0, 0, 0, 0, , 0, 0, 0, 0, 0, 
926, 1, 884, 972, -1, 247, 122, 140.0, 13, ABplppapapp, 0, 0, 0, 0, , 0, 0, 0, 0, 0, 
927, 0, 885, -1, -1, 209, 145, 136.0, 13, , 0, 0, 0, 0, , 0, 0, 0, 0, 0, 
928, 1, 886, 974, -1, 234, 118, 145.0, 13, ABplppapppa, 0, 0, 0, 0, , 0, 0, 0, 0, 0, 
929, 1, 887, 975, -1, 252, 128, 145.0, 12, ABplppapppp, 0, 0, 0, 0, , 0, 0, 0, 0, 0, 
930, 1, 888, 976, -1, 253, 149, 141.0, 13, ABplpppaaaa, 0, 0, 0, 0, , 0, 0, 0, 0, 0, 
931, 1, 889, 977, -1, 256, 139, 132.0, 12, ABplpppaaap, 0, 0, 0, 0, , 0, 0, 0, 0, 0, 
932, 1, 890, 978, -1, 292, 153, 126.0, 13, ABplpppaapa, 0, 0, 0, 0, , 0, 0, 0, 0, 0, 
933, 1, 891, 979, -1, 283, 169, 133.0, 13, ABplpppaapp, 0, 0, 0, 0, , 0, 0, 0, 0, 0, 
934, 1, 892, 980, -1, 276, 167, 145.0, 13, ABplpppapaa, 0, 0, 0, 0, , 0, 0, 0, 0, 0, 
935, 1, 893, 981, -1, 270, 159, 182.0, 13, ABplpppapap, 0, 0, 0, 0, , 0, 0, 0, 0, 0, 
936, 1, 894, 982, -1, 269, 131, 139.0, 12, ABplppppaaa, 0, 0, 0, 0, , 0, 0, 0, 0, 0, 
937, 1, 895, 983, -1, 286, 139, 142.0, 13, ABplppppaap, 0, 0, 0, 0, , 0, 0, 0, 0, 0, 
938, 0, 896, -1, -1, 257, 153, 151.0, 14, , 0, 0, 0, 0, , 0, 0, 0, 0, 0, 
939, 0, 897, -1, -1, 257, 153, 148.0, 12, , 0, 0, 0, 0, , 0, 0, 0, 0, 0, 
940, 0, 898, -1, -1, 256, 153, 151.0, 12, , 0, 0, 0, 0, , 0, 0, 0, 0, 0, 
941, 1, 899, 987, -1, 272, 148, 155.0, 13, ABplppppapp, 0, 0, 0, 0, , 0, 0, 0, 0, 0, 
942, 1, 900, 988, -1, 269, 156, 135.0, 12, Capappp, 0, 0, 0, 0, , 0, 0, 0, 0, 0, 
943, 1, 901, 989, -1, 289, 125, 132.0, 13, ABplpppppaa, 0, 0, 0, 0, , 0, 0, 0, 0, 0, 
944, 1, 902, 990, -1, 292, 138, 122.0, 13, ABplpppppap, 0, 0, 0, 0, , 0, 0, 0, 0, 0, 
945, 0, 903, -1, -1, 297, 152, 169.0, 13, , 0, 0, 0, 0, , 0, 0, 0, 0, 0, 
946, 0, 904, -1, -1, 297, 155, 179.5, 13, , 0, 0, 0, 0, , 0, 0, 0, 0, 0, 
947, 1, 905, 993, -1, 320, 147, 144.5, 14, Cappppd, 0, 0, 0, 0, , 0, 0, 0, 0, 0, 
948, 1, 906, 994, -1, 308, 153, 159.5, 14, ABplppppppp, 0, 0, 0, 0, , 0, 0, 0, 0, 0, 
949, 1, 907, 995, -1, 103, 132, 180.0, 13, ABpraaaaaap, 0, 0, 0, 0, , 0, 0, 0, 0, 0, 
950, 1, 908, 996, -1, 82, 120, 178.0, 13, ABpraaaaapd, 0, 0, 0, 0, , 0, 0, 0, 0, 0, 
951, 1, 909, 997, -1, 89, 119, 189.0, 13, ABpraaaaapv, 0, 0, 0, 0, , 0, 0, 0, 0, 0, 
952, 1, 910, 998, -1, 105, 130, 191.0, 13, ABpraaaapad, 0, 0, 0, 0, , 0, 0, 0, 0, 0, 
953, 1, 911, 999, -1, 133, 114, 208.0, 13, ABpraaaapav, 0, 0, 0, 0, , 0, 0, 0, 0, 0, 
954, 1, 912, 1000, -1, 117, 72, 183.0, 12, ABpraaaappp, 0, 0, 0, 0, , 0, 0, 0, 0, 0, 
955, 1, 913, 1001, -1, 129, 76, 179.0, 13, ABpraaapaad, 0, 0, 0, 0, , 0, 0, 0, 0, 0, 
956, 0, 914, -1, -1, 107, 83, 165.0, 14, , 0, 0, 0, 0, , 0, 0, 0, 0, 0, 
957, 1, 915, 1003, -1, 108, 82, 165.0, 14, ABpraaapapa, 0, 0, 0, 0, , 0, 0, 0, 0, 0, 
958, 1, 916, 1004, -1, 142, 96, 192.0, 13, ABpraaappaa, 0, 0, 0, 0, , 0, 0, 0, 0, 0, 
959, 1, 917, 1005, -1, 138, 84, 194.5, 13, ABpraaappap, 0, 0, 0, 0, , 0, 0, 0, 0, 0, 
960, 1, 918, 1006, -1, 145, 78, 199.0, 12, ABpraaapppaa, 0, 0, 0, 0, , 0, 0, 0, 0, 0, 
961, 1, 919, 1007, -1, 158, 71, 200.0, 12, ABpraaapppap, 0, 0, 0, 0, , 0, 0, 0, 0, 0, 
962, 1, 920, 1008, -1, 122, 90, 208.0, 14, ABpraaappppa, 0, 0, 0, 0, , 0, 0, 0, 0, 0, 
963, 1, 921, 1009, -1, 140, 97, 213.0, 13, ABpraaappppp, 0, 0, 0, 0, , 0, 0, 0, 0, 0, 
964, 1, 922, 1011, -1, 80, 130, 143.5, 14, ABpraapaaaa, 0, 0, 0, 0, , 0, 0, 0, 0, 0, 
965, 1, 923, 1012, -1, 68, 119, 152.5, 13, ABpraapaaap, 0, 0, 0, 0, , 0, 0, 0, 0, 0, 
966, 1, 924, 1013, -1, 95, 96, 179.0, 12, ABpraapaapa, 0, 0, 0, 0, , 0, 0, 0, 0, 0, 
967, 1, 925, 1014, -1, 98, 95, 189.0, 14, ABpraapaapp, 0, 0, 0, 0, , 0, 0, 0, 0, 0, 
968, 1, 926, 1015, -1, 160, 80, 188.0, 12, ABpraapapaa, 0, 0, 0, 0, , 0, 0, 0, 0, 0, 
969, 1, 927, 1016, -1, 154, 65, 186.0, 13, ABpraapapap, 0, 0, 0, 0, , 0, 0, 0, 0, 0, 
970, 1, 928, 1017, -1, 143, 67, 179.33333, 12, ABpraapappa, 0, 0, 0, 0, , 0, 0, 0, 0, 0, 
971, 1, 929, 1018, -1, 136, 65, 188.0, 15, ABpraapappp, 0, 0, 0, 0, , 0, 0, 0, 0, 0, 
972, 1, 930, 1019, -1, 108, 162, 174.0, 12, ABpraappaa, 0, 0, 0, 0, , 0, 0, 0, 0, 0, 
973, 1, 931, 1020, -1, 111, 163, 160.5, 14, ABalpapaaap, 0, 0, 0, 0, , 0, 0, 0, 0, 0, 
974, 1, 932, 1021, -1, 144, 148, 199.0, 16, ABpraappap, 0, 0, 0, 0, , 0, 0, 0, 0, 0, 
975, 1, 933, 1022, -1, 178, 151, 197.0, 12, ABpraapppa, 0, 0, 0, 0, , 0, 0, 0, 0, 0, 
976, 1, 934, 1023, -1, 186, 89, 206.0, 14, ABpraapppp, 0, 0, 0, 0, , 0, 0, 0, 0, 0, 
977, 1, 935, 1024, -1, 139, 50, 168.0, 15, ABprapaaaap, 0, 0, 0, 0, , 0, 0, 0, 0, 0, 
978, 1, 936, 1025, -1, 170, 67, 192.0, 15, ABprapaaapa, 0, 0, 0, 0, , 0, 0, 0, 0, 0, 
979, 1, 937, 1026, -1, 184, 58, 182.0, 15, ABprapaaapp, 0, 0, 0, 0, , 0, 0, 0, 0, 0, 
980, 1, 938, 1028, -1, 193, 142, 193.0, 15, ABprapaapa, 0, 0, 0, 0, , 0, 0, 0, 0, 0, 
981, 1, 939, 1027, -1, 181, 137, 191.0, 13, ABarappappp, 0, 0, 0, 0, , 0, 0, 0, 0, 0, 
982, 1, 940, 1029, -1, 200, 82, 196.0, 17, ABprapaapp, 0, 0, 0, 0, , 0, 0, 0, 0, 0, 
983, 1, 941, 1030, -1, 277, 90, 193.5, 14, ABprapapap, 0, 0, 0, 0, , 0, 0, 0, 0, 0, 
984, 1, 942, 1031, -1, 284, 104, 205.0, 17, ABprapappa, 0, 0, 0, 0, , 0, 0, 0, 0, 0, 
985, 1, 943, 1032, -1, 324, 117, 172.0, 15, ABprapapppp, 0, 0, 0, 0, , 0, 0, 0, 0, 0, 
986, 0, 944, -1, -1, 305, 101, 194.5, 13, , 0, 0, 0, 0, , 0, 0, 0, 0, 0, 
987, 1, 945, 1034, -1, 322, 93, 183.0, 13, ABprapppaap, 0, 0, 0, 0, , 0, 0, 0, 0, 0, 
988, 1, 946, 1035, -1, 277, 141, 195.5, 15, ABprappppa, 0, 0, 0, 0, , 0, 0, 0, 0, 0, 
989, 1, 947, 1036, -1, 320, 131, 180.0, 15, ABprappppp, 0, 0, 0, 0, , 0, 0, 0, 0, 0, 
990, 1, 948, 1037, -1, 309, 118, 180.0, 14, ABprapppapp, 0, 0, 0, 0, , 0, 0, 0, 0, 0, 
991, 1, 949, 1038, -1, 142, 106, 202.0, 15, ABprpaaaaap, 0, 0, 0, 0, , 0, 0, 0, 0, 0, 
992, 1, 950, 1039, -1, 186, 157, 178.0, 14, ABprpaaaapa, 0, 0, 0, 0, , 0, 0, 0, 0, 0, 
993, 1, 951, 1040, -1, 220, 133, 171.0, 14, ABprpaaaapp, 0, 0, 0, 0, , 0, 0, 0, 0, 0, 
994, 0, 952, -1, -1, 109, 145, 175.0, 13, , 0, 0, 0, 0, , 0, 0, 0, 0, 0, 
995, 1, 953, 1042, -1, 108, 145, 175.0, 13, ABprpaaapaa, 0, 0, 0, 0, , 0, 0, 0, 0, 0, 
996, 0, 954, -1, -1, 126, 152, 188.0, 13, , 0, 0, 0, 0, , 0, 0, 0, 0, 0, 
997, 1, 955, 1044, -1, 126, 127, 182.0, 13, ABprpaaappa, 0, 0, 0, 0, , 0, 0, 0, 0, 0, 
998, 1, 956, 1045, -1, 138, 128, 185.0, 13, ABprpaaappp, 0, 0, 0, 0, , 0, 0, 0, 0, 0, 
999, 1, 957, 1046, -1, 116, 88, 182.0, 13, ABprpaapaaa, 0, 0, 0, 0, , 0, 0, 0, 0, 0, 
1000, 1, 958, 1047, -1, 152, 94, 210.5, 12, ABprpaapaap, 0, 0, 0, 0, , 0, 0, 0, 0, 0, 
1001, 0, 959, -1, -1, 82, 99, 183.0, 15, , 0, 0, 0, 0, , 0, 0, 0, 0, 0, 
1002, 1, 960, 1049, -1, 133, 138, 179.0, 11, ABalaapappp, 0, 0, 0, 0, , 0, 0, 0, 0, 0, 
1003, 1, 961, 1050, -1, 117, 145, 189.0, 13, ABprpaaapap, 0, 0, 0, 0, , 0, 0, 0, 0, 0, 
1004, 1, 962, 1051, -1, 126, 151, 188.0, 12, ABprpaapapp, 0, 0, 0, 0, , 0, 0, 0, 0, 0, 
1005, 1, 963, 1052, -1, 158, 90, 198.0, 15, ABprpaappaa, 0, 0, 0, 0, , 0, 0, 0, 0, 0, 
1006, 0, 964, -1, -1, 187, 75, 173.5299, 14, , 0, 0, 0, 0, , 0, 0, 0, 0, 0, 
1007, 1, 965, 1054, -1, 160, 84, 208.5, 13, ABprpaappap, 0, 0, 0, 0, , 0, 0, 0, 0, 0, 
1008, 0, 966, -1, -1, 162, 138, 196.0, 13, , 0, 0, 0, 0, , 0, 0, 0, 0, 0, 
1009, 1, 967, 1056, -1, 162, 138, 195.0, 13, ABprpaapppa, 0, 0, 0, 0, , 0, 0, 0, 0, 0, 
1010, 1, 968, 1057, -1, 146, 146, 190.5, 15, ABprpaapppp, 0, 0, 0, 0, , 0, 0, 0, 0, 0, 
1011, 0, 969, -1, -1, 152, 144, 182.0, 13, , 0, 0, 0, 0, , 0, 0, 0, 0, 0, 
1012, 1, 970, 1059, -1, 176, 144, 179.0, 13, ABprpapaaap, 0, 0, 0, 0, , 0, 0, 0, 0, 0, 
1013, 0, 971, -1, -1, 153, 141, 173.0, 13, , 0, 0, 0, 0, , 0, 0, 0, 0, 0, 
1014, 1, 972, 1061, -1, 155, 142, 175.0, 15, ABprpapaapa, 0, 0, 0, 0, , 0, 0, 0, 0, 0, 
1015, 1, 973, 1062, -1, 162, 140, 171.0, 13, ABprpapaaaa, 0, 0, 0, 0, , 0, 0, 0, 0, 0, 
1016, 1, 974, 1063, -1, 153, 141, 182.5, 13, ABprpapaapp, 0, 0, 0, 0, , 0, 0, 0, 0, 0, 
1017, 1, 975, 1064, -1, 172, 123, 176.5, 13, ABprpapapaa, 0, 0, 0, 0, , 0, 0, 0, 0, 0, 
1018, 1, 976, 1065, -1, 170, 134, 183.0, 12, ABprpapapap, 0, 0, 0, 0, , 0, 0, 0, 0, 0, 
1019, 0, 977, -1, -1, 189, 133, 183.0, 12, , 0, 0, 0, 0, , 0, 0, 0, 0, 0, 
1020, 0, 978, -1, -1, 189, 136, 182.0, 12, , 0, 0, 0, 0, , 0, 0, 0, 0, 0, 
1021, 0, 979, -1, -1, 190, 136, 180.0, 12, , 0, 0, 0, 0, , 0, 0, 0, 0, 0, 
1022, 0, 980, -1, -1, 187, 134, 183.0, 12, , 0, 0, 0, 0, , 0, 0, 0, 0, 0, 
1023, 0, 981, -1, -1, 188, 132, 185.0, 12, , 0, 0, 0, 0, , 0, 0, 0, 0, 0, 
1024, 1, 982, 1071, -1, 255, 126, 158.5, 14, ABprpapappp, 0, 0, 0, 0, , 0, 0, 0, 0, 0, 
1025, 1, 983, 1072, -1, 134, 158, 159.0, 13, ABprpappaaa, 0, 0, 0, 0, , 0, 0, 0, 0, 0, 
1026, 1, 984, 1073, -1, 167, 157, 169.0, 15, ABprpappaap, 0, 0, 0, 0, , 0, 0, 0, 0, 0, 
1027, 1, 985, 1074, -1, 177, 136, 166.0, 13, ABprpappapa, 0, 0, 0, 0, , 0, 0, 0, 0, 0, 
1028, 1, 986, 1075, -1, 225, 131, 152.0, 13, ABprpappapp, 0, 0, 0, 0, , 0, 0, 0, 0, 0, 
1029, 0, 987, -1, -1, 151, 146, 161.5, 13, , 0, 0, 0, 0, , 0, 0, 0, 0, 0, 
1030, 1, 988, 1077, -1, 153, 140, 154.0, 13, ABprpapppaa, 0, 0, 0, 0, , 0, 0, 0, 0, 0, 
1031, 1, 989, 1079, -1, 204, 123, 176.0, 12, ABprpapppap, 0, 0, 0, 0, , 0, 0, 0, 0, 0, 
1032, 0, 990, -1, -1, 282, 113, 170.0, 12, , 0, 0, 0, 0, , 0, 0, 0, 0, 0, 
1033, 1, 991, 1081, -1, 292, 136, 150.0, 12, ABprpappppp, 0, 0, 0, 0, , 0, 0, 0, 0, 0, 
1034, 1, 992, 1082, -1, 151, 128, 209.0, 12, ABprppaaaaa, 0, 0, 0, 0, , 0, 0, 0, 0, 0, 
1035, 1, 993, 1083, -1, 159, 112, 210.0, 14, ABprppaaaap, 0, 0, 0, 0, , 0, 0, 0, 0, 0, 
1036, 1, 994, 1084, -1, 165, 125, 202.5, 13, ABprppaapap, 0, 0, 0, 0, , 0, 0, 0, 0, 0, 
1037, 0, 995, -1, -1, 198, 137, 172.0, 13, , 0, 0, 0, 0, , 0, 0, 0, 0, 0, 
1038, 1, 996, 1086, -1, 247, 120, 171.0, 12, ABprppaappp, 0, 0, 0, 0, , 0, 0, 0, 0, 0, 
1039, 1, 997, 1087, -1, 203, 128, 191.0, 12, ABprppapaaa, 0, 0, 0, 0, , 0, 0, 0, 0, 0, 
1040, 1, 998, 1088, -1, 214, 111, 161.0, 12, ABprppapaap, 0, 0, 0, 0, , 0, 0, 0, 0, 0, 
1041, 1, 999, 1089, -1, 231, 108, 167.0, 13, ABprppapapa, 0, 0, 0, 0, , 0, 0, 0, 0, 0, 
1042, 1, 1000, 1090, -1, 252, 106, 165.0, 13, ABprppapapp, 0, 0, 0, 0, , 0, 0, 0, 0, 0, 
1043, 1, 1001, 1091, -1, 209, 118, 169.0, 13, ABprppappaa, 0, 0, 0, 0, , 0, 0, 0, 0, 0, 
1044, 1, 1002, 1092, -1, 219, 116, 157.0, 12, ABprppappap, 0, 0, 0, 0, , 0, 0, 0, 0, 0, 
1045, 1, 1003, 1093, -1, 242, 108, 163.0, 10, ABprppapppa, 0, 0, 0, 0, , 0, 0, 0, 0, 0, 
1046, 1, 1004, 1094, -1, 257, 118, 174.0, 12, ABprppapppp, 0, 0, 0, 0, , 0, 0, 0, 0, 0, 
1047, 1, 1005, 1095, -1, 254, 126, 184.0, 12, ABprpppaaaa, 0, 0, 0, 0, , 0, 0, 0, 0, 0, 
1048, 1, 1006, 1096, -1, 262, 106, 180.0, 12, ABprpppaaap, 0, 0, 0, 0, , 0, 0, 0, 0, 0, 
1049, 0, 1007, -1, -1, 304, 103, 183.5, 13, , 0, 0, 0, 0, , 0, 0, 0, 0, 0, 
1050, 1, 1008, 1098, -1, 304, 104, 186.0, 14, ABprpppaapa, 0, 0, 0, 0, , 0, 0, 0, 0, 0, 
1051, 1, 1009, 1099, -1, 299, 113, 192.5, 12, ABprpppaapp, 0, 0, 0, 0, , 0, 0, 0, 0, 0, 
1052, 1, 1010, 1100, -1, 291, 124, 189.0, 12, ABprpppapaa, 0, 0, 0, 0, , 0, 0, 0, 0, 0, 
1053, 0, 1011, -1, -1, 286, 163, 180.0, 12, , 0, 0, 0, 0, , 0, 0, 0, 0, 0, 
1054, 1, 1012, 1102, -1, 287, 166, 171.0, 14, ABprpppapap, 0, 0, 0, 0, , 0, 0, 0, 0, 0, 
1055, 1, 1013, 1103, -1, 286, 158, 154.0, 15, Cappppv, 0, 0, 0, 0, , 0, 0, 0, 0, 0, 
1056, 1, 1014, 1104, -1, 282, 113, 168.0, 13, ABprppppaaa, 0, 0, 0, 0, , 0, 0, 0, 0, 0, 
1057, 0, 1015, -1, -1, 292, 123, 161.0, 12, , 0, 0, 0, 0, , 0, 0, 0, 0, 0, 
1058, 1, 1016, 1106, -1, 289, 124, 168.0, 12, ABprppppaap, 0, 0, 0, 0, , 0, 0, 0, 0, 0, 
1059, 1, 1017, 1107, -1, 296, 127, 158.0, 12, ABprpappppa, 0, 0, 0, 0, , 0, 0, 0, 0, 0, 
1060, 1, 1018, 1108, -1, 265, 130, 188.0, 14, ABprppppapa, 0, 0, 0, 0, , 0, 0, 0, 0, 0, 
1061, 1, 1019, 1109, -1, 278, 131, 178.0, 15, ABprppppapp, 0, 0, 0, 0, , 0, 0, 0, 0, 0, 
1062, 1, 1020, 1110, -1, 273, 102, 165.0, 13, ABprpppppaa, 0, 0, 0, 0, , 0, 0, 0, 0, 0, 
1063, 1, 1021, 1111, -1, 295, 103, 168.0, 15, ABprpppppap, 0, 0, 0, 0, , 0, 0, 0, 0, 0, 
1064, 1, 1022, 1112, -1, 296, 151, 168.0, 13, ABplppppppa, 0, 0, 0, 0, , 0, 0, 0, 0, 0, 
1065, 1, 1023, 1113, -1, 297, 155, 180.5, 13, ABprppppppa, 0, 0, 0, 0, , 0, 0, 0, 0, 0, 
1066, 1, 1024, 1114, -1, 310, 143, 175.0, 13, ABprppppppp, 0, 0, 0, 0, , 0, 0, 0, 0, 0, 
1067, 0, 1025, -1, -1, 88, 146, 126.0, 11, , 0, 0, 0, 0, , 0, 0, 0, 0, 0, 
1068, 0, 1026, -1, -1, 87, 144, 123.0, 11, , 0, 0, 0, 0, , 0, 0, 0, 0, 0, 
1069, 0, 1027, -1, -1, 88, 146, 126.5, 12, , 0, 0, 0, 0, , 0, 0, 0, 0, 0, 
1070, 1, 1028, 1118, -1, 97, 149, 131.0, 12, ABalaaaalpp, 0, 0, 0, 0, , 0, 0, 0, 0, 0, 
1071, 0, 1029, -1, -1, 110, 148, 112.5, 15, , 0, 0, 0, 0, , 0, 0, 0, 0, 0, 
1072, 1, 1030, 1120, -1, 115, 150, 107.0, 15, ABalapaappa, 0, 0, 0, 0, , 0, 0, 0, 0, 0, 
1073, 1, 1031, 1121, -1, 95, 113, 81.0, 12, ABalapapppp, 0, 0, 0, 0, , 0, 0, 0, 0, 0, 
1074, 0, 1032, -1, -1, 101, 78, 157.57378, 12, , 0, 0, 0, 0, , 0, 0, 0, 0, 0, 
1075, 1, 1033, 1123, -1, 99, 67, 172.5, 12, ABalappapaa, 0, 0, 0, 0, , 0, 0, 0, 0, 0, 
1076, 0, 1034, -1, -1, 80, 86, 170.0, 12, , 0, 0, 0, 0, , 0, 0, 0, 0, 0, 
1077, 0, 1035, -1, -1, 79, 86, 170.0, 12, , 0, 0, 0, 0, , 0, 0, 0, 0, 0, 
1078, 1, 1036, 1126, -1, 82, 102, 183.0, 13, ABprpaapapa, 0, 0, 0, 0, , 0, 0, 0, 0, 0, 
1079, 1, 1037, 1127, -1, 80, 87, 171.0, 12, ABalappappp, 0, 0, 0, 0, , 0, 0, 0, 0, 0, 
1080, 0, 1038, -1, -1, 98, 126, 134.0, 13, , 0, 0, 0, 0, , 0, 0, 0, 0, 0, 
1081, 0, 1039, -1, -1, 97, 124, 132.0, 13, , 0, 0, 0, 0, , 0, 0, 0, 0, 0, 
1082, 0, 1040, -1, -1, 97, 126, 132.0, 13, , 0, 0, 0, 0, , 0, 0, 0, 0, 0, 
1083, 1, 1041, 1131, -1, 94, 142, 137.0, 14, ABalpaapppp, 0, 0, 0, 0, , 0, 0, 0, 0, 0, 
1084, 1, 1042, 1132, -1, 99, 138, 88.0, 14, ABplaapaapa, 0, 0, 0, 0, , 0, 0, 0, 0, 0, 
1085, 1, 1043, 1133, -1, 105, 149, 81.0, 15, ABplaapaapp, 0, 0, 0, 0, , 0, 0, 0, 0, 0, 
1086, 0, 1044, -1, -1, 148, 127, 111.67647, 15, , 0, 0, 0, 0, , 0, 0, 0, 0, 0, 
1087, 0, 1045, -1, -1, 155, 127, 108.0, 15, , 0, 0, 0, 0, , 0, 0, 0, 0, 0, 
1088, 1, 1046, 1136, -1, 185, 172, 129.0, 13, ABalpapappp, 0, 0, 0, 0, , 0, 0, 0, 0, 0, 
1089, 1, 1047, 1137, -1, 155, 178, 141.0, 14, ABplpaapppp, 0, 0, 0, 0, , 0, 0, 0, 0, 0, 
1090, 1, 1048, 1138, -1, 182, 165, 90.0, 15, ABplppaaaap, 0, 0, 0, 0, , 0, 0, 0, 0, 0, 
1091, 0, 1049, -1, -1, 111, 161, 124.0, 12, , 0, 0, 0, 0, , 0, 0, 0, 0, 0, 
1092, 0, 1050, -1, -1, 109, 162, 122.0, 12, , 0, 0, 0, 0, , 0, 0, 0, 0, 0, 
1093, 0, 1051, -1, -1, 106, 161, 126.0, 12, , 0, 0, 0, 0, , 0, 0, 0, 0, 0, 
1094, 0, 1052, -1, -1, 111, 162, 118.0, 12, , 0, 0, 0, 0, , 0, 0, 0, 0, 0, 
1095, 1, 1053, 1143, -1, 99, 122, 154.0, 12, ABaraaapppp, 0, 0, 0, 0, , 0, 0, 0, 0, 0, 
1096, 1, 1054, 1144, -1, 118, 87, 110.0, 14, ABaraapaaap, 0, 0, 0, 0, , 0, 0, 0, 0, 0, 
1097, 1, 1055, 1145, -1, 125, 74, 99.0, 14, MSaaapaaa, 0, 0, 0, 0, , 0, 0, 0, 0, 0, 
1098, 1, 1056, 1146, -1, 142, 169, 126.0, 13, ABalppaappp, 0, 0, 0, 0, , 0, 0, 0, 0, 0, 
1099, 1, 1057, 1147, -1, 120, 151, 154.0, 13, ABarappaapa, 0, 0, 0, 0, , 0, 0, 0, 0, 0, 
1100, 1, 1058, 1148, -1, 113, 129, 94.0, 15, ABalppppapa, 0, 0, 0, 0, , 0, 0, 0, 0, 0, 
1101, 1, 1059, 1149, -1, 274, 130, 110.0, 16, MSappaap, 0, 0, 0, 0, , 0, 0, 0, 0, 0, 
1102, 0, 1060, -1, -1, 136, 156, 101.0, 15, , 0, 0, 0, 0, , 0, 0, 0, 0, 0, 
1103, 1, 1060, 1151, -1, 138, 155, 99.0, 15, ABalapaapaa, 0, 0, 0, 0, , 0, 0, 0, 0, 0, 
1104, 0, 1061, -1, -1, 164, 151, 123.0, 15, , 0, 0, 0, 0, , 0, 0, 0, 0, 0, 
1105, 0, 1062, -1, -1, 161, 156, 121.5, 15, , 0, 0, 0, 0, , 0, 0, 0, 0, 0, 
1106, 0, 1063, -1, -1, 161, 156, 121.0, 15, , 0, 0, 0, 0, , 0, 0, 0, 0, 0, 
1107, 0, 1064, -1, -1, 172, 155, 120.0, 15, , 0, 0, 0, 0, , 0, 0, 0, 0, 0, 
1108, 1, 1065, 1156, -1, 179, 161, 148.5, 12, ABplpapaaap, 0, 0, 0, 0, , 0, 0, 0, 0, 0, 
1109, 1, 1066, 1157, -1, 155, 156, 153.0, 13, ABplpapaapa, 0, 0, 0, 0, , 0, 0, 0, 0, 0, 
1110, 1, 1067, 1158, -1, 158, 158, 157.0, 13, ABalpapapaa, 0, 0, 0, 0, , 0, 0, 0, 0, 0, 
1111, 1, 1068, 1159, -1, 180, 159, 137.0, 13, ABplpapapap, 0, 0, 0, 0, , 0, 0, 0, 0, 0, 
1112, 1, 1069, 1160, -1, 185, 149, 132.0, 12, ABplpapapaa, 0, 0, 0, 0, , 0, 0, 0, 0, 0, 
1113, 1, 1070, 1161, -1, 226, 117, 123.0, 13, MSaappppa, 0, 0, 0, 0, , 0, 0, 0, 0, 0, 
1114, 1, 1071, 1162, -1, 217, 125, 117.0, 13, MSaapppap, 0, 0, 0, 0, , 0, 0, 0, 0, 0, 
1115, 0, 1072, -1, -1, 209, 144, 136.0, 12, , 0, 0, 0, 0, , 0, 0, 0, 0, 0, 
1116, 0, 1073, -1, -1, 205, 145, 154.0, 12, , 0, 0, 0, 0, , 0, 0, 0, 0, 0, 
1117, 1, 1074, 1165, -1, 204, 146, 157.0, 12, ABplppaappa, 0, 0, 0, 0, , 0, 0, 0, 0, 0, 
1118, 0, 1075, -1, -1, 208, 144, 140.0, 13, , 0, 0, 0, 0, , 0, 0, 0, 0, 0, 
1119, 0, 1076, -1, -1, 199, 138, 172.0, 13, , 0, 0, 0, 0, , 0, 0, 0, 0, 0, 
1120, 0, 1077, -1, -1, 199, 137, 170.0, 13, , 0, 0, 0, 0, , 0, 0, 0, 0, 0, 
1121, 1, 1078, 1169, -1, 242, 127, 156.0, 13, ABplppaappp, 0, 0, 0, 0, , 0, 0, 0, 0, 0, 
1122, 1, 1079, 1170, -1, 235, 119, 158.0, 13, ABplpapappp, 0, 0, 0, 0, , 0, 0, 0, 0, 0, 
1123, 0, 1080, -1, -1, 244, 124, 151.0, 13, , 0, 0, 0, 0, , 0, 0, 0, 0, 0, 
1124, 1, 1081, 1172, -1, 212, 128, 147.0, 13, ABplppappap, 0, 0, 0, 0, , 0, 0, 0, 0, 0, 
1125, 1, 1082, 1173, -1, 256, 152, 151.0, 12, ABplppppapa, 0, 0, 0, 0, , 0, 0, 0, 0, 0, 
1126, 0, 1083, -1, -1, 108, 115, 190.0, 12, , 0, 0, 0, 0, , 0, 0, 0, 0, 0, 
1127, 1, 1084, 1175, -1, 107, 115, 192.0, 12, ABpraaaaaaa, 0, 0, 0, 0, , 0, 0, 0, 0, 0, 
1128, 1, 1085, 1176, -1, 90, 132, 182.0, 13, ABalaappapp, 0, 0, 0, 0, , 0, 0, 0, 0, 0, 
1129, 0, 1086, -1, -1, 101, 116, 175.0, 12, , 0, 0, 0, 0, , 0, 0, 0, 0, 0, 
1130, 0, 1087, -1, -1, 96, 123, 162.0, 13, , 0, 0, 0, 0, , 0, 0, 0, 0, 0, 
1131, 0, 1088, -1, -1, 94, 123, 165.0, 13, , 0, 0, 0, 0, , 0, 0, 0, 0, 0, 
1132, 1, 1089, 1180, -1, 93, 124, 166.0, 13, ABalaapaapp, 0, 0, 0, 0, , 0, 0, 0, 0, 0, 
1133, 1, 1090, 1181, -1, 110, 115, 189.0, 12, ABalaappapa, 0, 0, 0, 0, , 0, 0, 0, 0, 0, 
1134, 1, 1091, 1182, -1, 154, 86, 180.0, 14, MSppppaa, 0, 0, 0, 0, , 0, 0, 0, 0, 0, 
1135, 1, 1092, 1183, -1, 150, 119, 185.0, 15, MSpppapp, 0, 0, 0, 0, , 0, 0, 0, 0, 0, 
1136, 0, 1093, -1, -1, 187, 138, 155.0, 19, , 0, 0, 0, 0, , 0, 0, 0, 0, 0, 
1137, 0, 1094, -1, -1, 192, 151, 166.0, 15, , 0, 0, 0, 0, , 0, 0, 0, 0, 0, 
1138, 1, 1095, 1186, -1, 184, 140, 163.0, 15, ABplpappaap, 0, 0, 0, 0, , 0, 0, 0, 0, 0, 
1139, 1, 1096, 1187, -1, 305, 100, 191.0, 15, ABprapppaaa, 0, 0, 0, 0, , 0, 0, 0, 0, 0, 
1140, 0, 1097, -1, -1, 101, 148, 125.5, 12, , 0, 0, 0, 0, , 0, 0, 0, 0, 0, 
1141, 1, 1098, 1189, -1, 98, 128, 133.0, 13, ABalpaapppa, 0, 0, 0, 0, , 0, 0, 0, 0, 0, 
1142, 1, 1099, 1190, -1, 98, 120, 122.0, 14, ABalaaaarlp, 0, 0, 0, 0, , 0, 0, 0, 0, 0, 
1143, 0, 1100, -1, -1, 88, 146, 127.0, 13, , 0, 0, 0, 0, , 0, 0, 0, 0, 0, 
1144, 0, 1101, -1, -1, 81, 131, 103.0, 13, , 0, 0, 0, 0, , 0, 0, 0, 0, 0, 
1145, 0, 1102, -1, -1, 87, 146, 127.0, 13, , 0, 0, 0, 0, , 0, 0, 0, 0, 0, 
1146, 1, 1103, 1195, -1, 89, 71, 168.0, 12, ABalapppppa, 0, 0, 0, 0, , 0, 0, 0, 0, 0, 
1147, 0, 1104, -1, -1, 110, 162, 122.5, 12, , 0, 0, 0, 0, , 0, 0, 0, 0, 0, 
1148, 0, 1105, -1, -1, 117, 153, 115.0, 12, , 0, 0, 0, 0, , 0, 0, 0, 0, 0, 
1149, 1, 1106, 1198, -1, 125, 152, 121.0, 12, ABalppaaapa, 0, 0, 0, 0, , 0, 0, 0, 0, 0, 
1150, 0, 1104, -1, -1, 110, 162, 121.0, 12, , 0, 0, 0, 0, , 0, 0, 0, 0, 0, 
1151, 1, 1107, 1201, -1, 110, 162, 122.0, 12, ABalppaaapp, 0, 0, 0, 0, , 0, 0, 0, 0, 0, 
1152, 1, 1109, 1202, -1, 171, 172, 135.5, 12, ABplpaapppa, 0, 0, 0, 0, , 0, 0, 0, 0, 0, 
1153, 0, 1108, -1, -1, 174, 170, 128.0, 12, , 0, 0, 0, 0, , 0, 0, 0, 0, 0, 
1154, 1, 1110, 1204, -1, 204, 103, 123.5, 12, MSaapappp, 0, 0, 0, 0, , 0, 0, 0, 0, 0, 
1155, 1, 1111, 1205, -1, 202, 106, 143.0, 14, MSaappaa, 0, 0, 0, 0, , 0, 0, 0, 0, 0, 
1156, 1, 1112, 1206, -1, 156, 128, 107.0, 15, ABalpappaap, 0, 0, 0, 0, , 0, 0, 0, 0, 0, 
1157, 1, 1113, 1207, -1, 191, 135, 181.0, 12, ABprpapappa, 0, 0, 0, 0, , 0, 0, 0, 0, 0, 
1158, 1, 1114, 1208, -1, 199, 136, 169.0, 13, ABprppaappa, 0, 0, 0, 0, , 0, 0, 0, 0, 0, 
1159, 1, 1115, 1209, -1, 202, 143, 118.0, 14, MSaapppaa, 0, 0, 0, 0, , 0, 0, 0, 0, 0, 
1160, 0, 1116, -1, -1, 159, 160, 129.0, 15, , 0, 0, 0, 0, , 0, 0, 0, 0, 0, 
1161, 1, 1117, 1211, -1, 162, 151, 125.0, 15, MSappapp, 0, 0, 0, 0, , 0, 0, 0, 0, 0, 
1162, 1, 1118, 1212, -1, 163, 163, 76.0, 14, ABplpaapaap, 0, 0, 0, 0, , 0, 0, 0, 0, 0, 
1163, 1, 1119, 1213, -1, 173, 154, 71.0, 13, ABplpaappap, 0, 0, 0, 0, , 0, 0, 0, 0, 0, 
1164, 1, 1120, 1214, -1, 84, 125, 131.0, 14, ABplaapaaaa, 0, 0, 0, 0, , 0, 0, 0, 0, 0, 
1165, 1, 1121, 1215, -1, 211, 137, 158.5, 13, ABarappappa, 0, 0, 0, 0, , 0, 0, 0, 0, 0, 
1166, 1, 1122, 1216, -1, 209, 145, 134.5, 12, ABplppappaa, 0, 0, 0, 0, , 0, 0, 0, 0, 0, 
1167, 1, 1123, 1217, -1, 147, 122, 127.0, 13, ABalpaaaapa, 0, 0, 0, 0, , 0, 0, 0, 0, 0, 
1168, 1, 1124, 1218, -1, 174, 176, 109.0, 14, ABplppaapap, 0, 0, 0, 0, , 0, 0, 0, 0, 0, 
1169, 1, 1125, 1219, -1, 87, 125, 93.0, 14, ABalapaaapa, 0, 0, 0, 0, , 0, 0, 0, 0, 0, 
1170, 1, 1126, 1220, -1, 81, 131, 103.0, 13, ABalaaaalal, 0, 0, 0, 0, , 0, 0, 0, 0, 0, 
1171, 1, 1127, 1221, -1, 76, 95, 117.0, 13, ABalappaapa, 0, 0, 0, 0, , 0, 0, 0, 0, 0, 
