1, 0, 1, -1, -1, 181, 55, 182.0, 9, , 76, 0, 0, 0, , 0, 0, 0, 0, 0, 
2, 0, 2, -1, -1, 289, 122, 188.0, 9, , 40, 0, 0, 0, , 0, 0, 0, 0, 0, 
3, 0, 3, -1, -1, 167, 138, 192.0, 11, , 85, 0, 0, 0, , 0, 0, 0, 0, 0, 
4, 0, 4, -1, -1, 162, 138, 194.0, 9, , 64, 0, 0, 0, , 0, 0, 0, 0, 0, 
5, 0, 5, -1, -1, 128, 166, 131.0, 9, , 67, 0, 0, 0, , 0, 0, 0, 0, 0, 
6, 0, 6, -1, -1, 128, 140, 135.0, 9, , 41, 0, 0, 0, , 0, 0, 0, 0, 0, 
7, 0, 8, -1, -1, 179, 113, 110.0, 9, , 19, 0, 0, 0, , 0, 0, 0, 0, 0, 
8, 0, 9, -1, -1, 214, 141, 151.0, 9, , 27, 0, 0, 0, , 0, 0, 0, 0, 0, 
9, 0, 10, -1, -1, 199, 83, 193.0, 9, , 52, 0, 0, 0, , 0, 0, 0, 0, 0, 
10, 0, 11, -1, -1, 182, 136, 190.0, 9, , 31, 0, 0, 0, , 0, 0, 0, 0, 0, 
11, 0, 13, -1, -1, 200, 173, 141.0, 9, , 27, 0, 0, 0, , 0, 0, 0, 0, 0, 
12, 0, 14, -1, -1, 245, 64, 183.0, 9, , 26, 0, 0, 0, , 0, 0, 0, 0, 0, 
13, 0, 15, -1, -1, 262, 106, 182.0, 11, , 83, 0, 0, 0, , 0, 0, 0, 0, 0, 
14, 0, 16, -1, -1, 116, 96, 115.0, 9, , 92, 0, 0, 0, , 0, 0, 0, 0, 0, 
15, 0, 17, -1, -1, 121, 118, 172.0, 9, , 141, 0, 0, 0, , 0, 0, 0, 0, 0, 
16, 0, 19, -1, -1, 293, 66, 176.0, 11, , 26, 0, 0, 0, , 0, 0, 0, 0, 0, 
17, 0, 20, -1, -1, 269, 77, 186.0, 13, , 146, 0, 0, 0, , 0, 0, 0, 0, 0, 
18, 0, 21, -1, -1, 165, 126, 202.0, 11, , 49, 0, 0, 0, , 0, 0, 0, 0, 0, 
19, 0, 22, -1, -1, 178, 115, 98.0, 11, , 70, 0, 0, 0, , 0, 0, 0, 0, 0, 
20, 0, 23, -1, -1, 117, 87, 98.0, 11, , 100, 0, 0, 0, , 0, 0, 0, 0, 0, 
21, 0, 24, -1, -1, 109, 87, 120.0, 9, , 37, 0, 0, 0, , 0, 0, 0, 0, 0, 
22, 0, 25, -1, -1, 122, 126, 154.0, 11, , 18, 0, 0, 0, , 0, 0, 0, 0, 0, 
23, 0, 26, -1, -1, 142, 104, 203.0, 9, , 36, 0, 0, 0, , 0, 0, 0, 0, 0, 
24, 0, 27, -1, -1, 129, 73, 165.0, 9, , 42, 0, 0, 0, , 0, 0, 0, 0, 0, 
25, 0, 28, -1, -1, 262, 105, 179.0, 9, , 86, 0, 0, 0, , 0, 0, 0, 0, 0, 
26, 0, 29, -1, -1, 152, 120, 155.0, 9, , 83, 0, 0, 0, , 0, 0, 0, 0, 0, 
27, 0, 30, -1, -1, 151, 129, 208.0, 13, , 90, 0, 0, 0, , 0, 0, 0, 0, 0, 
28, 0, 31, -1, -1, 290, 123, 193.0, 11, , 42, 0, 0, 0, , 0, 0, 0, 0, 0, 
29, 0, 32, -1, -1, 147, 153, 166.0, 9, , 61, 0, 0, 0, , 0, 0, 0, 0, 0, 
30, 0, 33, -1, -1, 216, 144, 142.0, 9, , 51, 0, 0, 0, , 0, 0, 0, 0, 0, 
31, 0, 34, -1, -1, 252, 106, 164.0, 9, , 43, 0, 0, 0, , 0, 0, 0, 0, 0, 
32, 0, 35, -1, -1, 197, 83, 197.0, 9, , 53, 0, 0, 0, , 0, 0, 0, 0, 0, 
33, 0, 36, -1, -1, 125, 166, 165.0, 9, , 93, 0, 0, 0, , 0, 0, 0, 0, 0, 
34, 0, 37, -1, -1, 136, 131, 144.0, 9, , 50, 0, 0, 0, , 0, 0, 0, 0, 0, 
35, 0, 38, -1, -1, 115, 84, 107.0, 9, , 112, 0, 0, 0, , 0, 0, 0, 0, 0, 
36, 0, 39, -1, -1, 162, 85, 209.0, 9, , 37, 0, 0, 0, , 0, 0, 0, 0, 0, 
37, 0, 40, -1, -1, 135, 60, 154.0, 9, , 66, 0, 0, 0, , 0, 0, 0, 0, 0, 
38, 0, 41, -1, -1, 150, 154, 170.0, 11, , 143, 0, 0, 0, , 0, 0, 0, 0, 0, 
39, 0, 42, -1, -1, 154, 66, 184.0, 11, , 174, 0, 0, 0, , 0, 0, 0, 0, 0, 
40, 0, 43, -1, -1, 151, 94, 208.0, 9, , 100, 0, 0, 0, , 0, 0, 0, 0, 0, 
41, 0, 44, -1, -1, 209, 138, 164.0, 11, , 106, 0, 0, 0, , 0, 0, 0, 0, 0, 
42, 0, 45, -1, -1, 137, 128, 186.0, 9, , 56, 0, 0, 0, , 0, 0, 0, 0, 0, 
43, 0, 46, -1, -1, 230, 72, 174.0, 9, , 21, 0, 0, 0, , 0, 0, 0, 0, 0, 
44, 0, 47, -1, -1, 170, 106, 207.0, 9, , 5, 0, 0, 0, , 0, 0, 0, 0, 0, 
45, 0, 48, -1, -1, 153, 64, 190.0, 11, , 38, 0, 0, 0, , 0, 0, 0, 0, 0, 
46, 0, 49, -1, -1, 222, 73, 190.0, 13, , 67, 0, 0, 0, , 0, 0, 0, 0, 0, 
47, 0, 50, -1, -1, 137, 86, 171.0, 9, , 42, 0, 0, 0, , 0, 0, 0, 0, 0, 
48, 0, 51, -1, -1, 118, 155, 170.0, 7, , 5, 0, 0, 0, , 0, 0, 0, 0, 0, 
49, 0, 52, -1, -1, 97, 96, 180.0, 11, , 85, 0, 0, 0, , 0, 0, 0, 0, 0, 
50, 0, 53, -1, -1, 216, 73, 186.0, 9, , 34, 0, 0, 0, , 0, 0, 0, 0, 0, 
51, 0, 54, -1, -1, 97, 94, 188.0, 9, , 54, 0, 0, 0, , 0, 0, 0, 0, 0, 
52, 0, 55, -1, -1, 116, 144, 187.0, 9, , 26, 0, 0, 0, , 0, 0, 0, 0, 0, 
53, 0, 56, -1, -1, 291, 66, 179.0, 9, , 40, 0, 0, 0, , 0, 0, 0, 0, 0, 
54, 0, 57, -1, -1, 122, 177, 127.0, 9, , 37, 0, 0, 0, , 0, 0, 0, 0, 0, 
55, 0, 58, -1, -1, 174, 96, 164.0, 9, , 58, 0, 0, 0, , 0, 0, 0, 0, 0, 
56, 0, 60, -1, -1, 171, 90, 209.0, 9, , 31, 0, 0, 0, , 0, 0, 0, 0, 0, 
57, 0, 61, -1, -1, 108, 87, 122.0, 7, , 30, 0, 0, 0, , 0, 0, 0, 0, 0, 
58, 0, 62, -1, -1, 136, 129, 188.0, 9, , 49, 0, 0, 0, , 0, 0, 0, 0, 0, 
59, 0, 63, -1, -1, 115, 88, 184.0, 9, , 56, 0, 0, 0, , 0, 0, 0, 0, 0, 
60, 0, 64, -1, -1, 142, 111, 161.0, 9, , 75, 0, 0, 0, , 0, 0, 0, 0, 0, 
61, 0, 65, -1, -1, 124, 113, 186.0, 9, , 120, 0, 0, 0, , 0, 0, 0, 0, 0, 
62, 0, 66, -1, -1, 281, 92, 192.0, 9, , 8, 0, 0, 0, , 0, 0, 0, 0, 0, 
63, 0, 68, -1, -1, 111, 86, 118.0, 9, , 94, 0, 0, 0, , 0, 0, 0, 0, 0, 
64, 0, 69, -1, -1, 118, 85, 110.0, 11, , 110, 0, 0, 0, , 0, 0, 0, 0, 0, 
65, 0, 70, -1, -1, 306, 159, 99.0, 11, , 38, 0, 0, 0, , 0, 0, 0, 0, 0, 
66, 0, 71, -1, -1, 228, 43, 178.0, 9, , 30, 0, 0, 0, , 0, 0, 0, 0, 0, 
67, 0, 72, -1, -1, 221, 70, 188.0, 9, , 32, 0, 0, 0, , 0, 0, 0, 0, 0, 
68, 0, 73, -1, -1, 200, 81, 201.0, 9, , 56, 0, 0, 0, , 0, 0, 0, 0, 0, 
69, 0, 74, -1, -1, 219, 139, 144.0, 9, , 22, 0, 0, 0, , 0, 0, 0, 0, 0, 
70, 0, 75, -1, -1, 134, 50, 169.0, 7, , 20, 0, 0, 0, , 0, 0, 0, 0, 0, 
71, 0, 76, -1, -1, 95, 96, 177.0, 11, , 118, 0, 0, 0, , 0, 0, 0, 0, 0, 
72, 0, 77, -1, -1, 135, 180, 131.0, 9, , 47, 0, 0, 0, , 0, 0, 0, 0, 0, 
73, 0, 78, -1, -1, 106, 175, 150.0, 9, , 12, 0, 0, 0, , 0, 0, 0, 0, 0, 
74, 0, 79, -1, -1, 170, 77, 168.0, 9, , 38, 0, 0, 0, , 0, 0, 0, 0, 0, 
75, 0, 80, -1, -1, 106, 155, 152.0, 7, , 34, 0, 0, 0, , 0, 0, 0, 0, 0, 
76, 0, 81, -1, -1, 72, 113, 174.0, 9, , 69, 0, 0, 0, , 0, 0, 0, 0, 0, 
77, 0, 82, -1, -1, 161, 81, 86.0, 11, , 120, 0, 0, 0, , 0, 0, 0, 0, 0, 
78, 0, 83, -1, -1, 238, 62, 179.0, 7, , 37, 0, 0, 0, , 0, 0, 0, 0, 0, 
79, 0, 84, -1, -1, 123, 114, 192.0, 9, , 56, 0, 0, 0, , 0, 0, 0, 0, 0, 
80, 0, 85, -1, -1, 137, 86, 166.0, 9, , 29, 0, 0, 0, , 0, 0, 0, 0, 0, 
81, 0, 86, -1, -1, 182, 57, 187.0, 7, , 37, 0, 0, 0, , 0, 0, 0, 0, 0, 
82, 0, 87, -1, -1, 167, 68, 196.0, 7, , 23, 0, 0, 0, , 0, 0, 0, 0, 0, 
83, 0, 88, -1, -1, 82, 129, 100.0, 9, , 40, 0, 0, 0, , 0, 0, 0, 0, 0, 
84, 0, 89, -1, -1, 322, 95, 182.0, 9, , 36, 0, 0, 0, , 0, 0, 0, 0, 0, 
85, 0, 90, -1, -1, 158, 90, 155.0, 11, , 94, 0, 0, 0, , 0, 0, 0, 0, 0, 
86, 0, 91, -1, -1, 114, 143, 176.0, 9, , 66, 0, 0, 0, , 0, 0, 0, 0, 0, 
87, 0, 92, -1, -1, 143, 50, 169.0, 11, , 50, 0, 0, 0, , 0, 0, 0, 0, 0, 
88, 0, 93, -1, -1, 151, 117, 161.0, 9, , 113, 0, 0, 0, , 0, 0, 0, 0, 0, 
89, 0, 95, -1, -1, 183, 143, 189.0, 7, , 26, 0, 0, 0, , 0, 0, 0, 0, 0, 
90, 0, 96, -1, -1, 193, 142, 189.0, 11, , 150, 0, 0, 0, , 0, 0, 0, 0, 0, 
91, 0, 97, -1, -1, 124, 166, 162.0, 7, , 62, 0, 0, 0, , 0, 0, 0, 0, 0, 
92, 0, 98, -1, -1, 249, 121, 166.0, 9, , 48, 0, 0, 0, , 0, 0, 0, 0, 0, 
93, 0, 99, -1, -1, 148, 144, 191.0, 9, , 45, 0, 0, 0, , 0, 0, 0, 0, 0, 
94, 0, 100, -1, -1, 131, 107, 156.0, 9, , 59, 0, 0, 0, , 0, 0, 0, 0, 0, 
95, 0, 101, -1, -1, 139, 126, 180.0, 9, , 44, 0, 0, 0, , 0, 0, 0, 0, 0, 
96, 0, 102, -1, -1, 131, 179, 122.0, 11, , 79, 0, 0, 0, , 0, 0, 0, 0, 0, 
97, 0, 103, -1, -1, 122, 140, 131.0, 11, , 35, 0, 0, 0, , 0, 0, 0, 0, 0, 
98, 0, 104, -1, -1, 85, 127, 140.0, 9, , 54, 0, 0, 0, , 0, 0, 0, 0, 0, 
99, 0, 105, -1, -1, 143, 113, 154.0, 9, , 96, 0, 0, 0, , 0, 0, 0, 0, 0, 
100, 0, 106, -1, -1, 99, 64, 157.0, 7, , 13, 0, 0, 0, , 0, 0, 0, 0, 0, 
101, 0, 107, -1, -1, 227, 37, 169.0, 9, , 49, 0, 0, 0, , 0, 0, 0, 0, 0, 
102, 0, 108, -1, -1, 221, 80, 188.0, 7, , 26, 0, 0, 0, , 0, 0, 0, 0, 0, 
103, 0, 109, -1, -1, 116, 85, 123.0, 7, , 29, 0, 0, 0, , 0, 0, 0, 0, 0, 
104, 0, 110, -1, -1, 144, 117, 135.0, 7, , 35, 0, 0, 0, , 0, 0, 0, 0, 0, 
105, 0, 111, -1, -1, 192, 116, 151.0, 9, , 27, 0, 0, 0, , 0, 0, 0, 0, 0, 
106, 0, 112, -1, -1, 152, 119, 158.0, 9, , 143, 0, 0, 0, , 0, 0, 0, 0, 0, 
107, 0, 113, -1, -1, 96, 122, 163.0, 11, , 41, 0, 0, 0, , 0, 0, 0, 0, 0, 
108, 0, 115, -1, -1, 204, 146, 151.0, 9, , 41, 0, 0, 0, , 0, 0, 0, 0, 0, 
109, 0, 116, -1, -1, 291, 124, 168.0, 9, , 33, 0, 0, 0, , 0, 0, 0, 0, 0, 
110, 0, 117, -1, -1, 148, 64, 177.0, 9, , 79, 0, 0, 0, , 0, 0, 0, 0, 0, 
111, 0, 118, -1, -1, 165, 140, 198.0, 11, , 71, 0, 0, 0, , 0, 0, 0, 0, 0, 
112, 0, 119, -1, -1, 135, 108, 148.0, 9, , 115, 0, 0, 0, , 0, 0, 0, 0, 0, 
113, 0, 120, -1, -1, 184, 62, 191.0, 9, , 49, 0, 0, 0, , 0, 0, 0, 0, 0, 
114, 0, 121, -1, -1, 136, 152, 106.0, 11, , 104, 0, 0, 0, , 0, 0, 0, 0, 0, 
115, 0, 122, -1, -1, 122, 178, 125.0, 9, , 35, 0, 0, 0, , 0, 0, 0, 0, 0, 
116, 0, 123, -1, -1, 129, 84, 159.0, 9, , 91, 0, 0, 0, , 0, 0, 0, 0, 0, 
117, 0, 124, -1, -1, 298, 103, 168.0, 11, , 30, 0, 0, 0, , 0, 0, 0, 0, 0, 
118, 0, 125, -1, -1, 149, 66, 181.0, 15, , 126, 0, 0, 0, , 0, 0, 0, 0, 0, 
119, 0, 126, -1, -1, 197, 135, 170.0, 9, , 31, 0, 0, 0, , 0, 0, 0, 0, 0, 
120, 0, 127, -1, -1, 98, 137, 90.0, 9, , 45, 0, 0, 0, , 0, 0, 0, 0, 0, 
121, 0, 128, -1, -1, 108, 87, 124.0, 7, , 43, 0, 0, 0, , 0, 0, 0, 0, 0, 
122, 0, 129, -1, -1, 86, 128, 133.0, 9, , 27, 0, 0, 0, , 0, 0, 0, 0, 0, 
123, 0, 130, -1, -1, 144, 117, 137.0, 7, , 41, 0, 0, 0, , 0, 0, 0, 0, 0, 
124, 0, 131, -1, -1, 146, 143, 142.0, 7, , 15, 0, 0, 0, , 0, 0, 0, 0, 0, 
125, 0, 132, -1, -1, 161, 156, 156.0, 11, , 56, 0, 0, 0, , 0, 0, 0, 0, 0, 
126, 0, 133, -1, -1, 254, 106, 163.0, 11, , 82, 0, 0, 0, , 0, 0, 0, 0, 0, 
127, 0, 134, -1, -1, 170, 76, 170.0, 9, , 61, 0, 0, 0, , 0, 0, 0, 0, 0, 
128, 0, 135, -1, -1, 104, 161, 174.0, 9, , 49, 0, 0, 0, , 0, 0, 0, 0, 0, 
129, 0, 136, -1, -1, 128, 89, 181.0, 9, , 22, 0, 0, 0, , 0, 0, 0, 0, 0, 
130, 0, 137, -1, -1, 137, 55, 175.0, 7, , 27, 0, 0, 0, , 0, 0, 0, 0, 0, 
131, 0, 138, -1, -1, 270, 74, 182.0, 11, , 65, 0, 0, 0, , 0, 0, 0, 0, 0, 
132, 0, 139, -1, -1, 82, 98, 184.0, 13, , 301, 0, 0, 0, , 0, 0, 0, 0, 0, 
133, 0, 140, -1, -1, 194, 143, 187.0, 11, , 105, 0, 0, 0, , 0, 0, 0, 0, 0, 
134, 0, 141, -1, -1, 206, 81, 195.0, 9, , 52, 0, 0, 0, , 0, 0, 0, 0, 0, 
135, 0, 142, -1, -1, 288, 102, 200.0, 9, , 33, 0, 0, 0, , 0, 0, 0, 0, 0, 
136, 0, 143, -1, -1, 163, 77, 157.0, 9, , 11, 0, 0, 0, , 0, 0, 0, 0, 0, 
137, 0, 144, -1, -1, 199, 135, 168.0, 9, , 48, 0, 0, 0, , 0, 0, 0, 0, 0, 
138, 0, 145, -1, -1, 64, 115, 154.0, 9, , 32, 0, 0, 0, , 0, 0, 0, 0, 0, 
139, 0, 146, -1, -1, 115, 173, 156.0, 9, , 12, 0, 0, 0, , 0, 0, 0, 0, 0, 
140, 0, 147, -1, -1, 164, 91, 158.0, 9, , 13, 0, 0, 0, , 0, 0, 0, 0, 0, 
141, 0, 148, -1, -1, 184, 57, 183.0, 11, , 47, 0, 0, 0, , 0, 0, 0, 0, 0, 
142, 0, 149, -1, -1, 129, 152, 192.0, 9, , 72, 0, 0, 0, , 0, 0, 0, 0, 0, 
143, 0, 150, -1, -1, 144, 112, 151.0, 9, , 73, 0, 0, 0, , 0, 0, 0, 0, 0, 
144, 0, 151, -1, -1, 152, 115, 152.0, 9, , 74, 0, 0, 0, , 0, 0, 0, 0, 0, 
145, 0, 152, -1, -1, 194, 139, 181.0, 9, , 70, 0, 0, 0, , 0, 0, 0, 0, 0, 
146, 0, 153, -1, -1, 70, 124, 149.0, 9, , 30, 0, 0, 0, , 0, 0, 0, 0, 0, 
147, 0, 154, -1, -1, 137, 60, 157.0, 9, , 94, 0, 0, 0, , 0, 0, 0, 0, 0, 
148, 0, 155, -1, -1, 127, 159, 177.0, 9, , 51, 0, 0, 0, , 0, 0, 0, 0, 0, 
149, 0, 156, -1, -1, 88, 148, 90.0, 9, , 33, 0, 0, 0, , 0, 0, 0, 0, 0, 
150, 0, 157, -1, -1, 178, 115, 93.0, 11, , 84, 0, 0, 0, , 0, 0, 0, 0, 0, 
151, 0, 158, -1, -1, 136, 150, 110.0, 11, , 101, 0, 0, 0, , 0, 0, 0, 0, 0, 
152, 0, 159, -1, -1, 179, 54, 113.0, 9, , 26, 0, 0, 0, , 0, 0, 0, 0, 0, 
153, 0, 160, -1, -1, 110, 152, 143.0, 9, , 35, 0, 0, 0, , 0, 0, 0, 0, 0, 
154, 0, 161, -1, -1, 159, 114, 141.0, 11, , 75, 0, 0, 0, , 0, 0, 0, 0, 0, 
155, 0, 162, -1, -1, 113, 127, 157.0, 9, , 76, 0, 0, 0, , 0, 0, 0, 0, 0, 
156, 0, 163, -1, -1, 124, 151, 150.0, 11, , 102, 0, 0, 0, , 0, 0, 0, 0, 0, 
157, 0, 164, -1, -1, 118, 142, 166.0, 9, , 74, 0, 0, 0, , 0, 0, 0, 0, 0, 
158, 0, 165, -1, -1, 290, 125, 171.0, 9, , 62, 0, 0, 0, , 0, 0, 0, 0, 0, 
159, 0, 166, -1, -1, 133, 73, 168.0, 13, , 77, 0, 0, 0, , 0, 0, 0, 0, 0, 
160, 0, 169, -1, -1, 151, 64, 186.0, 13, , 88, 0, 0, 0, , 0, 0, 0, 0, 0, 
161, 0, 170, -1, -1, 155, 143, 184.0, 11, , 13, 0, 0, 0, , 0, 0, 0, 0, 0, 
162, 0, 171, -1, -1, 91, 102, 190.0, 9, , 36, 0, 0, 0, , 0, 0, 0, 0, 0, 
163, 0, 172, -1, -1, 125, 143, 189.0, 9, , 55, 0, 0, 0, , 0, 0, 0, 0, 0, 
164, 0, 173, -1, -1, 171, 73, 197.0, 9, , 57, 0, 0, 0, , 0, 0, 0, 0, 0, 
165, 0, 174, -1, -1, 157, 87, 196.0, 9, , 46, 0, 0, 0, , 0, 0, 0, 0, 0, 
166, 0, 175, -1, -1, 287, 101, 201.0, 9, , 40, 0, 0, 0, , 0, 0, 0, 0, 0, 
167, 0, 176, -1, -1, 172, 149, 68.0, 9, , 57, 0, 0, 0, , 0, 0, 0, 0, 0, 
168, 0, 177, -1, -1, 197, 124, 71.0, 9, , 39, 0, 0, 0, , 0, 0, 0, 0, 0, 
169, 0, 178, -1, -1, 166, 162, 77.0, 7, , 24, 0, 0, 0, , 0, 0, 0, 0, 0, 
170, 0, 179, -1, -1, 173, 149, 73.0, 11, , 45, 0, 0, 0, , 0, 0, 0, 0, 0, 
171, 0, 180, -1, -1, 57, 111, 90.0, 9, , 22, 0, 0, 0, , 0, 0, 0, 0, 0, 
172, 0, 181, -1, -1, 165, 82, 94.0, 9, , 26, 0, 0, 0, , 0, 0, 0, 0, 0, 
173, 0, 182, -1, -1, 98, 140, 89.0, 9, , 71, 0, 0, 0, , 0, 0, 0, 0, 0, 
174, 0, 183, -1, -1, 80, 152, 103.0, 11, , 42, 0, 0, 0, , 0, 0, 0, 0, 0, 
175, 0, 184, -1, -1, 208, 86, 101.0, 7, , 17, 0, 0, 0, , 0, 0, 0, 0, 0, 
176, 0, 185, -1, -1, 62, 89, 111.0, 9, , 26, 0, 0, 0, , 0, 0, 0, 0, 0, 
177, 0, 186, -1, -1, 119, 95, 120.0, 7, , 17, 0, 0, 0, , 0, 0, 0, 0, 0, 
178, 0, 187, -1, -1, 123, 109, 127.0, 9, , 39, 0, 0, 0, , 0, 0, 0, 0, 0, 
179, 0, 188, -1, -1, 301, 174, 124.0, 7, , 24, 0, 0, 0, , 0, 0, 0, 0, 0, 
180, 0, 189, -1, -1, 134, 164, 129.0, 9, , 19, 0, 0, 0, , 0, 0, 0, 0, 0, 
181, 0, 190, -1, -1, 124, 137, 126.0, 9, , 25, 0, 0, 0, , 0, 0, 0, 0, 0, 
182, 0, 191, -1, -1, 156, 131, 130.0, 11, , 39, 0, 0, 0, , 0, 0, 0, 0, 0, 
183, 0, 192, -1, -1, 116, 75, 133.0, 9, , 45, 0, 0, 0, , 0, 0, 0, 0, 0, 
184, 0, 193, -1, -1, 122, 87, 129.0, 11, , 50, 0, 0, 0, , 0, 0, 0, 0, 0, 
185, 0, 194, -1, -1, 136, 129, 138.0, 9, , 98, 0, 0, 0, , 0, 0, 0, 0, 0, 
186, 0, 195, -1, -1, 219, 143, 139.0, 11, , 67, 0, 0, 0, , 0, 0, 0, 0, 0, 
187, 0, 196, -1, -1, 140, 144, 142.0, 9, , 48, 0, 0, 0, , 0, 0, 0, 0, 0, 
188, 0, 197, -1, -1, 146, 144, 144.0, 7, , 21, 0, 0, 0, , 0, 0, 0, 0, 0, 
189, 0, 198, -1, -1, 103, 60, 151.0, 9, , 31, 0, 0, 0, , 0, 0, 0, 0, 0, 
190, 0, 199, -1, -1, 105, 155, 156.0, 9, , 78, 0, 0, 0, , 0, 0, 0, 0, 0, 
191, 0, 200, -1, -1, 159, 91, 158.0, 9, , 105, 0, 0, 0, , 0, 0, 0, 0, 0, 
192, 0, 201, -1, -1, 154, 151, 161.0, 11, , 134, 0, 0, 0, , 0, 0, 0, 0, 0, 
193, 0, 202, -1, -1, 319, 80, 158.0, 9, , 29, 0, 0, 0, , 0, 0, 0, 0, 0, 
194, 0, 203, -1, -1, 123, 166, 160.0, 7, , 45, 0, 0, 0, , 0, 0, 0, 0, 0, 
195, 0, 204, -1, -1, 101, 143, 163.0, 7, , 24, 0, 0, 0, , 0, 0, 0, 0, 0, 
196, 0, 205, -1, -1, 214, 111, 164.0, 11, , 15, 0, 0, 0, , 0, 0, 0, 0, 0, 
197, 0, 206, -1, -1, 296, 102, 163.0, 11, , 22, 0, 0, 0, , 0, 0, 0, 0, 0, 
198, 0, 207, -1, -1, 158, 90, 162.0, 9, , 82, 0, 0, 0, , 0, 0, 0, 0, 0, 
199, 0, 208, -1, -1, 147, 99, 175.0, 9, , 30, 0, 0, 0, , 0, 0, 0, 0, 0, 
200, 0, 209, -1, -1, 168, 76, 174.0, 9, , 31, 0, 0, 0, , 0, 0, 0, 0, 0, 
201, 0, 210, -1, -1, 132, 51, 175.0, 7, , 21, 0, 0, 0, , 0, 0, 0, 0, 0, 
202, 0, 211, -1, -1, 114, 87, 181.0, 9, , 47, 0, 0, 0, , 0, 0, 0, 0, 0, 
203, 0, 212, -1, -1, 134, 107, 179.0, 7, , 30, 0, 0, 0, , 0, 0, 0, 0, 0, 
204, 0, 213, -1, -1, 316, 132, 178.0, 7, , 15, 0, 0, 0, , 0, 0, 0, 0, 0, 
205, 0, 214, -1, -1, 238, 61, 184.0, 9, , 78, 0, 0, 0, , 0, 0, 0, 0, 0, 
206, 0, 215, -1, -1, 124, 113, 183.0, 11, , 52, 0, 0, 0, , 0, 0, 0, 0, 0, 
207, 0, 216, -1, -1, 167, 158, 182.0, 11, , 94, 0, 0, 0, , 0, 0, 0, 0, 0, 
208, 0, 217, -1, -1, 160, 78, 186.0, 9, , 96, 0, 0, 0, , 0, 0, 0, 0, 0, 
209, 0, 218, -1, -1, 322, 93, 184.0, 11, , 57, 0, 0, 0, , 0, 0, 0, 0, 0, 
210, 0, 219, -1, -1, 317, 124, 188.0, 7, , 17, 0, 0, 0, , 0, 0, 0, 0, 0, 
211, 0, 220, -1, -1, 95, 96, 187.0, 11, , 94, 0, 0, 0, , 0, 0, 0, 0, 0, 
212, 0, 221, -1, -1, 139, 85, 193.0, 9, , 31, 0, 0, 0, , 0, 0, 0, 0, 0, 
213, 0, 222, -1, -1, 275, 142, 195.0, 11, , 63, 0, 0, 0, , 0, 0, 0, 0, 0, 
214, 0, 223, -1, -1, 176, 97, 206.0, 9, , 10, 0, 0, 0, , 0, 0, 0, 0, 0, 
215, 0, 224, -1, -1, 284, 105, 205.0, 11, , 76, 0, 0, 0, , 0, 0, 0, 0, 0, 
216, 0, 225, -1, -1, 151, 127, 210.0, 9, , 61, 0, 0, 0, , 0, 0, 0, 0, 0, 
217, 0, 226, -1, -1, 117, 96, 124.0, 7, , 17, 0, 0, 0, , 0, 0, 0, 0, 0, 
218, 0, 227, -1, -1, 301, 112, 191.0, 11, , 64, 0, 0, 0, , 0, 0, 0, 0, 0, 
219, 0, 228, -1, -1, 164, 124, 207.0, 9, , 53, 0, 0, 0, , 0, 0, 0, 0, 0, 
220, 0, 229, -1, -1, 111, 123, 63.0, 7, , 60, 0, 0, 0, , 0, 0, 0, 0, 0, 
221, 0, 230, -1, -1, 172, 95, 78.0, 9, , 42, 0, 0, 0, , 0, 0, 0, 0, 0, 
222, 0, 231, -1, -1, 174, 131, 80.0, 7, , 27, 0, 0, 0, , 0, 0, 0, 0, 0, 
223, 0, 232, -1, -1, 173, 96, 82.0, 11, , 70, 0, 0, 0, , 0, 0, 0, 0, 0, 
224, 0, 233, -1, -1, 126, 135, 84.0, 13, , 126, 0, 0, 0, , 0, 0, 0, 0, 0, 
225, 0, 234, -1, -1, 173, 134, 87.0, 9, , 35, 0, 0, 0, , 0, 0, 0, 0, 0, 
226, 0, 235, -1, -1, 158, 84, 92.0, 7, , 23, 0, 0, 0, , 0, 0, 0, 0, 0, 
227, 0, 236, -1, -1, 83, 150, 95.0, 9, , 33, 0, 0, 0, , 0, 0, 0, 0, 0, 
228, 0, 237, -1, -1, 236, 115, 95.0, 9, , 32, 0, 0, 0, , 0, 0, 0, 0, 0, 
229, 0, 238, -1, -1, 307, 151, 94.0, 7, , 19, 0, 0, 0, , 0, 0, 0, 0, 0, 
230, 0, 239, -1, -1, 171, 105, 96.0, 7, , 20, 0, 0, 0, , 0, 0, 0, 0, 0, 
231, 0, 240, -1, -1, 166, 69, 99.0, 9, , 44, 0, 0, 0, , 0, 0, 0, 0, 0, 
232, 0, 241, -1, -1, 167, 163, 98.0, 11, , 24, 0, 0, 0, , 0, 0, 0, 0, 0, 
233, 0, 242, -1, -1, 171, 98, 97.0, 9, , 12, 0, 0, 0, , 0, 0, 0, 0, 0, 
234, 0, 243, -1, -1, 123, 88, 102.0, 9, , 81, 0, 0, 0, , 0, 0, 0, 0, 0, 
235, 0, 244, -1, -1, 81, 152, 106.0, 9, , 91, 0, 0, 0, , 0, 0, 0, 0, 0, 
236, 0, 245, -1, -1, 163, 176, 104.0, 9, , 40, 0, 0, 0, , 0, 0, 0, 0, 0, 
237, 0, 246, -1, -1, 58, 116, 106.0, 9, , 15, 0, 0, 0, , 0, 0, 0, 0, 0, 
238, 0, 247, -1, -1, 54, 111, 115.0, 9, , 33, 0, 0, 0, , 0, 0, 0, 0, 0, 
239, 0, 248, -1, -1, 56, 115, 112.0, 9, , 22, 0, 0, 0, , 0, 0, 0, 0, 0, 
240, 0, 249, -1, -1, 150, 161, 116.0, 9, , 28, 0, 0, 0, , 0, 0, 0, 0, 0, 
241, 0, 250, -1, -1, 298, 166, 112.0, 9, , 9, 0, 0, 0, , 0, 0, 0, 0, 0, 
242, 0, 251, -1, -1, 123, 178, 122.0, 9, , 19, 0, 0, 0, , 0, 0, 0, 0, 0, 
243, 0, 252, -1, -1, 75, 139, 123.0, 9, , 35, 0, 0, 0, , 0, 0, 0, 0, 0, 
244, 0, 253, -1, -1, 157, 132, 125.0, 9, , 40, 0, 0, 0, , 0, 0, 0, 0, 0, 
245, 0, 254, -1, -1, 108, 161, 128.0, 11, , 44, 0, 0, 0, , 0, 0, 0, 0, 0, 
246, 0, 255, -1, -1, 111, 85, 127.0, 9, , 35, 0, 0, 0, , 0, 0, 0, 0, 0, 
247, 0, 256, -1, -1, 89, 145, 126.0, 7, , 13, 0, 0, 0, , 0, 0, 0, 0, 0, 
248, 0, 257, -1, -1, 172, 170, 125.0, 9, , 20, 0, 0, 0, , 0, 0, 0, 0, 0, 
249, 0, 258, -1, -1, 62, 97, 129.0, 7, , 4, 0, 0, 0, , 0, 0, 0, 0, 0, 
250, 0, 259, -1, -1, 147, 118, 128.0, 9, , 27, 0, 0, 0, , 0, 0, 0, 0, 0, 
251, 0, 260, -1, -1, 257, 42, 128.0, 11, , 26, 0, 0, 0, , 0, 0, 0, 0, 0, 
252, 0, 261, -1, -1, 259, 139, 128.0, 9, , 10, 0, 0, 0, , 0, 0, 0, 0, 0, 
253, 0, 262, -1, -1, 286, 171, 127.0, 9, , 33, 0, 0, 0, , 0, 0, 0, 0, 0, 
254, 0, 263, -1, -1, 89, 122, 129.0, 11, , 52, 0, 0, 0, , 0, 0, 0, 0, 0, 
255, 0, 264, -1, -1, 142, 182, 133.0, 9, , 23, 0, 0, 0, , 0, 0, 0, 0, 0, 
256, 0, 265, -1, -1, 256, 41, 131.0, 9, , 44, 0, 0, 0, , 0, 0, 0, 0, 0, 
257, 0, 266, -1, -1, 292, 122, 132.0, 9, , 5, 0, 0, 0, , 0, 0, 0, 0, 0, 
258, 0, 267, -1, -1, 120, 87, 133.0, 9, , 53, 0, 0, 0, , 0, 0, 0, 0, 0, 
259, 0, 268, -1, -1, 280, 166, 132.0, 9, , 30, 0, 0, 0, , 0, 0, 0, 0, 0, 
260, 0, 269, -1, -1, 88, 123, 133.0, 13, , 95, 0, 0, 0, , 0, 0, 0, 0, 0, 
261, 0, 270, -1, -1, 138, 60, 134.0, 11, , 16, 0, 0, 0, , 0, 0, 0, 0, 0, 
262, 0, 271, -1, -1, 115, 152, 138.0, 9, , 46, 0, 0, 0, , 0, 0, 0, 0, 0, 
263, 0, 272, -1, -1, 121, 142, 135.0, 9, , 30, 0, 0, 0, , 0, 0, 0, 0, 0, 
264, 0, 273, -1, -1, 137, 180, 137.0, 9, , 54, 0, 0, 0, , 0, 0, 0, 0, 0, 
265, 0, 274, -1, -1, 197, 111, 133.0, 11, , 48, 0, 0, 0, , 0, 0, 0, 0, 0, 
266, 0, 275, -1, -1, 114, 76, 138.0, 9, , 48, 0, 0, 0, , 0, 0, 0, 0, 0, 
267, 0, 276, -1, -1, 244, 119, 139.0, 9, , 25, 0, 0, 0, , 0, 0, 0, 0, 0, 
268, 0, 277, -1, -1, 302, 172, 141.0, 9, , 32, 0, 0, 0, , 0, 0, 0, 0, 0, 
269, 0, 278, -1, -1, 104, 84, 139.0, 9, , 13, 0, 0, 0, , 0, 0, 0, 0, 0, 
270, 0, 279, -1, -1, 134, 125, 139.0, 9, , 72, 0, 0, 0, , 0, 0, 0, 0, 0, 
271, 0, 280, -1, -1, 197, 173, 138.0, 11, , 110, 0, 0, 0, , 0, 0, 0, 0, 0, 
272, 0, 281, -1, -1, 85, 128, 142.0, 9, , 52, 0, 0, 0, , 0, 0, 0, 0, 0, 
273, 0, 282, -1, -1, 127, 174, 142.0, 7, , 15, 0, 0, 0, , 0, 0, 0, 0, 0, 
274, 0, 283, -1, -1, 302, 171, 144.0, 9, , 23, 0, 0, 0, , 0, 0, 0, 0, 0, 
275, 0, 284, -1, -1, 194, 115, 147.0, 9, , 36, 0, 0, 0, , 0, 0, 0, 0, 0, 
276, 0, 285, -1, -1, 82, 133, 145.0, 9, , 72, 0, 0, 0, , 0, 0, 0, 0, 0, 
277, 0, 286, -1, -1, 161, 109, 145.0, 9, , 25, 0, 0, 0, , 0, 0, 0, 0, 0, 
278, 0, 287, -1, -1, 212, 33, 144.0, 9, , 18, 0, 0, 0, , 0, 0, 0, 0, 0, 
279, 0, 288, -1, -1, 101, 62, 148.0, 9, , 29, 0, 0, 0, , 0, 0, 0, 0, 0, 
280, 0, 289, -1, -1, 145, 144, 149.0, 9, , 30, 0, 0, 0, , 0, 0, 0, 0, 0, 
281, 0, 290, -1, -1, 303, 168, 148.0, 9, , 36, 0, 0, 0, , 0, 0, 0, 0, 0, 
282, 0, 291, -1, -1, 192, 110, 148.0, 9, , 25, 0, 0, 0, , 0, 0, 0, 0, 0, 
283, 0, 292, -1, -1, 219, 36, 149.0, 9, , 45, 0, 0, 0, , 0, 0, 0, 0, 0, 
284, 0, 293, -1, -1, 156, 155, 151.0, 9, , 74, 0, 0, 0, , 0, 0, 0, 0, 0, 
285, 0, 294, -1, -1, 194, 112, 153.0, 9, , 47, 0, 0, 0, , 0, 0, 0, 0, 0, 
286, 0, 295, -1, -1, 112, 128, 154.0, 9, , 68, 0, 0, 0, , 0, 0, 0, 0, 0, 
287, 0, 296, -1, -1, 214, 158, 153.0, 9, , 71, 0, 0, 0, , 0, 0, 0, 0, 0, 
288, 0, 297, -1, -1, 316, 75, 156.0, 9, , 22, 0, 0, 0, , 0, 0, 0, 0, 0, 
289, 0, 298, -1, -1, 271, 150, 158.0, 9, , 16, 0, 0, 0, , 0, 0, 0, 0, 0, 
290, 0, 300, -1, -1, 112, 115, 159.0, 9, , 24, 0, 0, 0, , 0, 0, 0, 0, 0, 
291, 0, 301, -1, -1, 116, 47, 159.0, 9, , 40, 0, 0, 0, , 0, 0, 0, 0, 0, 
292, 0, 302, -1, -1, 150, 148, 157.0, 9, , 39, 0, 0, 0, , 0, 0, 0, 0, 0, 
293, 0, 303, -1, -1, 174, 95, 160.0, 9, , 47, 0, 0, 0, , 0, 0, 0, 0, 0, 
294, 0, 304, -1, -1, 213, 108, 161.0, 7, , 20, 0, 0, 0, , 0, 0, 0, 0, 0, 
295, 0, 305, -1, -1, 317, 77, 159.0, 11, , 68, 0, 0, 0, , 0, 0, 0, 0, 0, 
296, 0, 306, -1, -1, 259, 163, 163.0, 9, , 31, 0, 0, 0, , 0, 0, 0, 0, 0, 
297, 0, 307, -1, -1, 276, 101, 164.0, 9, , 20, 0, 0, 0, , 0, 0, 0, 0, 0, 
298, 0, 308, -1, -1, 320, 100, 163.0, 7, , 5, 0, 0, 0, , 0, 0, 0, 0, 0, 
299, 0, 309, -1, -1, 151, 143, 161.0, 9, , 60, 0, 0, 0, , 0, 0, 0, 0, 0, 
300, 0, 310, -1, -1, 137, 86, 169.0, 9, , 60, 0, 0, 0, , 0, 0, 0, 0, 0, 
301, 0, 311, -1, -1, 256, 159, 167.0, 11, , 115, 0, 0, 0, , 0, 0, 0, 0, 0, 
302, 0, 312, -1, -1, 170, 81, 165.0, 7, , 18, 0, 0, 0, , 0, 0, 0, 0, 0, 
303, 0, 313, -1, -1, 211, 119, 170.0, 9, , 11, 0, 0, 0, , 0, 0, 0, 0, 0, 
304, 0, 314, -1, -1, 228, 40, 168.0, 11, , 56, 0, 0, 0, , 0, 0, 0, 0, 0, 
305, 0, 315, -1, -1, 283, 113, 165.0, 9, , 48, 0, 0, 0, , 0, 0, 0, 0, 0, 
306, 0, 316, -1, -1, 170, 175, 169.0, 9, , 22, 0, 0, 0, , 0, 0, 0, 0, 0, 
307, 0, 317, -1, -1, 111, 119, 172.0, 7, , 10, 0, 0, 0, , 0, 0, 0, 0, 0, 
308, 0, 318, -1, -1, 274, 125, 168.0, 7, , 20, 0, 0, 0, , 0, 0, 0, 0, 0, 
309, 0, 319, -1, -1, 103, 162, 170.0, 7, , 21, 0, 0, 0, , 0, 0, 0, 0, 0, 
310, 0, 320, -1, -1, 148, 125, 167.0, 9, , 28, 0, 0, 0, , 0, 0, 0, 0, 0, 
311, 0, 321, -1, -1, 72, 117, 170.0, 9, , 43, 0, 0, 0, , 0, 0, 0, 0, 0, 
312, 0, 322, -1, -1, 201, 141, 174.0, 9, , 27, 0, 0, 0, , 0, 0, 0, 0, 0, 
313, 0, 323, -1, -1, 256, 157, 170.0, 9, , 34, 0, 0, 0, , 0, 0, 0, 0, 0, 
314, 0, 324, -1, -1, 283, 113, 171.0, 9, , 38, 0, 0, 0, , 0, 0, 0, 0, 0, 
315, 0, 325, -1, -1, 108, 162, 174.0, 11, , 51, 0, 0, 0, , 0, 0, 0, 0, 0, 
316, 0, 326, -1, -1, 248, 119, 170.0, 9, , 33, 0, 0, 0, , 0, 0, 0, 0, 0, 
317, 0, 327, -1, -1, 73, 116, 176.0, 9, , 40, 0, 0, 0, , 0, 0, 0, 0, 0, 
318, 0, 328, -1, -1, 221, 131, 173.0, 7, , 25, 0, 0, 0, , 0, 0, 0, 0, 0, 
319, 0, 329, -1, -1, 108, 162, 176.0, 9, , 32, 0, 0, 0, , 0, 0, 0, 0, 0, 
320, 0, 330, -1, -1, 188, 155, 175.0, 7, , 6, 0, 0, 0, , 0, 0, 0, 0, 0, 
321, 0, 331, -1, -1, 303, 103, 177.0, 9, , 30, 0, 0, 0, , 0, 0, 0, 0, 0, 
322, 0, 332, -1, -1, 162, 158, 179.0, 9, , 37, 0, 0, 0, , 0, 0, 0, 0, 0, 
323, 0, 333, -1, -1, 192, 158, 177.0, 9, , 10, 0, 0, 0, , 0, 0, 0, 0, 0, 
324, 0, 334, -1, -1, 196, 140, 178.0, 9, , 51, 0, 0, 0, , 0, 0, 0, 0, 0, 
325, 0, 335, -1, -1, 73, 117, 178.0, 9, , 47, 0, 0, 0, , 0, 0, 0, 0, 0, 
326, 0, 336, -1, -1, 245, 65, 178.0, 9, , 29, 0, 0, 0, , 0, 0, 0, 0, 0, 
327, 0, 337, -1, -1, 130, 142, 183.0, 9, , 30, 0, 0, 0, , 0, 0, 0, 0, 0, 
328, 0, 338, -1, -1, 142, 66, 180.0, 11, , 148, 0, 0, 0, , 0, 0, 0, 0, 0, 
329, 0, 339, -1, -1, 209, 83, 182.0, 9, , 17, 0, 0, 0, , 0, 0, 0, 0, 0, 
330, 0, 340, -1, -1, 297, 109, 189.0, 9, , 46, 0, 0, 0, , 0, 0, 0, 0, 0, 
331, 0, 341, -1, -1, 160, 78, 191.0, 11, , 95, 0, 0, 0, , 0, 0, 0, 0, 0, 
332, 0, 342, -1, -1, 170, 138, 189.0, 9, , 30, 0, 0, 0, , 0, 0, 0, 0, 0, 
333, 0, 343, -1, -1, 92, 119, 189.0, 11, , 65, 0, 0, 0, , 0, 0, 0, 0, 0, 
334, 0, 344, -1, -1, 290, 121, 187.0, 9, , 62, 0, 0, 0, , 0, 0, 0, 0, 0, 
335, 0, 345, -1, -1, 200, 127, 190.0, 9, , 34, 0, 0, 0, , 0, 0, 0, 0, 0, 
336, 0, 346, -1, -1, 277, 87, 193.0, 9, , 41, 0, 0, 0, , 0, 0, 0, 0, 0, 
337, 0, 347, -1, -1, 273, 144, 192.0, 9, , 54, 0, 0, 0, , 0, 0, 0, 0, 0, 
338, 0, 348, -1, -1, 302, 113, 193.0, 9, , 62, 0, 0, 0, , 0, 0, 0, 0, 0, 
339, 0, 349, -1, -1, 134, 131, 197.0, 9, , 7, 0, 0, 0, , 0, 0, 0, 0, 0, 
340, 0, 350, -1, -1, 275, 90, 199.0, 11, , 58, 0, 0, 0, , 0, 0, 0, 0, 0, 
341, 0, 351, -1, -1, 280, 90, 203.0, 9, , 27, 0, 0, 0, , 0, 0, 0, 0, 0, 
342, 0, 352, -1, -1, 128, 134, 88.0, 11, , 48, 0, 0, 0, , 0, 0, 0, 0, 0, 
343, 0, 353, -1, -1, 145, 92, 106.0, 9, , 76, 0, 0, 0, , 0, 0, 0, 0, 0, 
344, 0, 354, -1, -1, 80, 152, 109.0, 9, , 32, 0, 0, 0, , 0, 0, 0, 0, 0, 
345, 0, 355, -1, -1, 123, 85, 113.0, 9, , 28, 0, 0, 0, , 0, 0, 0, 0, 0, 
346, 0, 356, -1, -1, 301, 173, 128.0, 7, , 29, 0, 0, 0, , 0, 0, 0, 0, 0, 
347, 0, 357, -1, -1, 121, 141, 133.0, 9, , 29, 0, 0, 0, , 0, 0, 0, 0, 0, 
348, 0, 358, -1, -1, 213, 159, 151.0, 9, , 73, 0, 0, 0, , 0, 0, 0, 0, 0, 
349, 0, 359, -1, -1, 106, 155, 154.0, 9, , 48, 0, 0, 0, , 0, 0, 0, 0, 0, 
350, 0, 360, -1, -1, 214, 158, 156.0, 9, , 46, 0, 0, 0, , 0, 0, 0, 0, 0, 
351, 0, 361, -1, -1, 72, 117, 168.0, 9, , 37, 0, 0, 0, , 0, 0, 0, 0, 0, 
352, 0, 362, -1, -1, 112, 165, 170.0, 9, , 20, 0, 0, 0, , 0, 0, 0, 0, 0, 
353, 0, 363, -1, -1, 241, 64, 181.0, 15, , 59, 0, 0, 0, , 0, 0, 0, 0, 0, 
354, 0, 364, -1, -1, 215, 73, 188.0, 9, , 49, 0, 0, 0, , 0, 0, 0, 0, 0, 
355, 0, 365, -1, -1, 193, 140, 192.0, 11, , 173, 0, 0, 0, , 0, 0, 0, 0, 0, 
356, 0, 366, -1, -1, 177, 115, 90.0, 9, , 42, 0, 0, 0, , 0, 0, 0, 0, 0, 
357, 0, 367, -1, -1, 61, 86, 120.0, 11, , 58, 0, 0, 0, , 0, 0, 0, 0, 0, 
358, 0, 368, -1, -1, 301, 174, 126.0, 7, , 33, 0, 0, 0, , 0, 0, 0, 0, 0, 
359, 0, 369, -1, -1, 153, 114, 148.0, 9, , 40, 0, 0, 0, , 0, 0, 0, 0, 0, 
360, 0, 370, -1, -1, 192, 138, 186.0, 9, , 48, 0, 0, 0, , 0, 0, 0, 0, 0, 
361, 0, 371, -1, -1, 192, 139, 197.0, 9, , 98, 0, 0, 0, , 0, 0, 0, 0, 0, 
362, 0, 372, -1, -1, 95, 99, 174.0, 11, , 94, 0, 0, 0, , 0, 0, 0, 0, 0, 
363, 0, 373, -1, -1, 209, 136, 162.0, 9, , 38, 0, 0, 0, , 0, 0, 0, 0, 0, 
364, 0, 374, -1, -1, 241, 59, 175.0, 7, , 30, 0, 0, 0, , 0, 0, 0, 0, 0, 
365, 0, 375, -1, -1, 123, 144, 192.0, 9, , 27, 0, 0, 0, , 0, 0, 0, 0, 0, 
366, 0, 376, -1, -1, 160, 163, 74.0, 11, , 118, 0, 0, 0, , 0, 0, 0, 0, 0, 
367, 0, 377, -1, -1, 133, 82, 98.0, 9, , 14, 0, 0, 0, , 0, 0, 0, 0, 0, 
368, 0, 378, -1, -1, 164, 176, 96.0, 9, , 21, 0, 0, 0, , 0, 0, 0, 0, 0, 
369, 0, 379, -1, -1, 146, 92, 103.0, 9, , 45, 0, 0, 0, , 0, 0, 0, 0, 0, 
370, 0, 380, -1, -1, 293, 138, 103.0, 7, , 15, 0, 0, 0, , 0, 0, 0, 0, 0, 
371, 0, 381, -1, -1, 125, 148, 112.0, 9, , 17, 0, 0, 0, , 0, 0, 0, 0, 0, 
372, 0, 382, -1, -1, 135, 149, 114.0, 7, , 35, 0, 0, 0, , 0, 0, 0, 0, 0, 
373, 0, 383, -1, -1, 181, 57, 118.0, 11, , 62, 0, 0, 0, , 0, 0, 0, 0, 0, 
374, 0, 384, -1, -1, 119, 142, 124.0, 9, , 47, 0, 0, 0, , 0, 0, 0, 0, 0, 
375, 0, 385, -1, -1, 132, 125, 142.0, 9, , 54, 0, 0, 0, , 0, 0, 0, 0, 0, 
376, 0, 386, -1, -1, 69, 121, 154.0, 9, , 105, 0, 0, 0, , 0, 0, 0, 0, 0, 
377, 0, 388, -1, -1, 130, 85, 155.0, 11, , 132, 0, 0, 0, , 0, 0, 0, 0, 0, 
378, 0, 389, -1, -1, 140, 87, 161.0, 7, , 28, 0, 0, 0, , 0, 0, 0, 0, 0, 
379, 0, 390, -1, -1, 132, 60, 161.0, 7, , 77, 0, 0, 0, , 0, 0, 0, 0, 0, 
380, 0, 391, -1, -1, 315, 78, 162.0, 11, , 59, 0, 0, 0, , 0, 0, 0, 0, 0, 
381, 0, 392, -1, -1, 157, 89, 164.0, 9, , 71, 0, 0, 0, , 0, 0, 0, 0, 0, 
382, 0, 393, -1, -1, 222, 130, 168.0, 9, , 57, 0, 0, 0, , 0, 0, 0, 0, 0, 
383, 0, 394, -1, -1, 118, 141, 169.0, 11, , 58, 0, 0, 0, , 0, 0, 0, 0, 0, 
384, 0, 395, -1, -1, 230, 43, 175.0, 9, , 37, 0, 0, 0, , 0, 0, 0, 0, 0, 
385, 0, 396, -1, -1, 289, 60, 178.0, 9, , 30, 0, 0, 0, , 0, 0, 0, 0, 0, 
386, 0, 397, -1, -1, 117, 98, 183.0, 9, , 33, 0, 0, 0, , 0, 0, 0, 0, 0, 
387, 0, 398, -1, -1, 83, 97, 186.0, 9, , 28, 0, 0, 0, , 0, 0, 0, 0, 0, 
388, 0, 399, -1, -1, 114, 101, 187.0, 11, , 63, 0, 0, 0, , 0, 0, 0, 0, 0, 
389, 0, 400, -1, -1, 125, 153, 188.0, 7, , 36, 0, 0, 0, , 0, 0, 0, 0, 0, 
390, 0, 401, -1, -1, 130, 152, 188.0, 9, , 65, 0, 0, 0, , 0, 0, 0, 0, 0, 
391, 0, 402, -1, -1, 185, 63, 189.0, 9, , 59, 0, 0, 0, , 0, 0, 0, 0, 0, 
392, 0, 403, -1, -1, 268, 77, 189.0, 11, , 108, 0, 0, 0, , 0, 0, 0, 0, 0, 
393, 0, 404, -1, -1, 98, 95, 192.0, 7, , 34, 0, 0, 0, , 0, 0, 0, 0, 0, 
394, 0, 405, -1, -1, 179, 136, 198.0, 9, , 57, 0, 0, 0, , 0, 0, 0, 0, 0, 
395, 0, 406, -1, -1, 198, 75, 199.0, 9, , 17, 0, 0, 0, , 0, 0, 0, 0, 0, 
396, 0, 407, -1, -1, 180, 87, 198.0, 9, , 21, 0, 0, 0, , 0, 0, 0, 0, 0, 
397, 0, 408, -1, -1, 157, 93, 201.0, 9, , 55, 0, 0, 0, , 0, 0, 0, 0, 0, 
398, 0, 409, -1, -1, 157, 71, 205.0, 9, , 19, 0, 0, 0, , 0, 0, 0, 0, 0, 
399, 0, 410, -1, -1, 181, 118, 111.0, 9, , 69, 0, 0, 0, , 0, 0, 0, 0, 0, 
400, 0, 411, -1, -1, 161, 113, 137.0, 13, , 210, 0, 0, 0, , 0, 0, 0, 0, 0, 
401, 0, 412, -1, -1, 221, 142, 135.0, 9, , 47, 0, 0, 0, , 0, 0, 0, 0, 0, 
402, 0, 413, -1, -1, 152, 122, 149.0, 7, , 13, 0, 0, 0, , 0, 0, 0, 0, 0, 
403, 0, 415, -1, -1, 126, 153, 186.0, 9, , 61, 0, 0, 0, , 0, 0, 0, 0, 0, 
404, 0, 417, -1, -1, 158, 84, 211.0, 9, , 46, 0, 0, 0, , 0, 0, 0, 0, 0, 
405, 0, 418, -1, -1, 133, 86, 149.0, 9, , 67, 0, 0, 0, , 0, 0, 0, 0, 0, 
406, 0, 419, -1, -1, 124, 165, 158.0, 7, , 33, 0, 0, 0, , 0, 0, 0, 0, 0, 
407, 0, 420, -1, -1, 109, 116, 194.0, 7, , 24, 0, 0, 0, , 0, 0, 0, 0, 0, 
408, 0, 421, -1, -1, 158, 85, 204.0, 9, , 73, 0, 0, 0, , 0, 0, 0, 0, 0, 
409, 0, -1, -1, -1, 161, 81, 88.0, 13, , 224, 0, 0, 0, , 0, 0, 0, 0, 0, 
410, 0, -1, -1, -1, 196, 111, 138.0, 11, , 72, 0, 0, 0, , 0, 0, 0, 0, 0, 
411, 0, -1, -1, -1, 135, 61, 163.0, 9, , 134, 0, 0, 0, , 0, 0, 0, 0, 0, 
412, 0, -1, -1, -1, 121, 170, 144.0, 9, , 42, 0, 0, 0, , 0, 0, 0, 0, 0, 
413, 0, -1, -1, -1, 140, 136, 86.0, 7, , 10, 0, 0, 0, , 0, 0, 0, 0, 0, 
414, 0, -1, -1, -1, 174, 96, 86.0, 11, , 22, 0, 0, 0, , 0, 0, 0, 0, 0, 
415, 0, -1, -1, -1, 96, 141, 95.0, 9, , 51, 0, 0, 0, , 0, 0, 0, 0, 0, 
416, 0, -1, -1, -1, 163, 176, 101.0, 9, , 51, 0, 0, 0, , 0, 0, 0, 0, 0, 
417, 0, -1, -1, -1, 175, 173, 105.0, 9, , 32, 0, 0, 0, , 0, 0, 0, 0, 0, 
418, 0, -1, -1, -1, 180, 113, 115.0, 9, , 52, 0, 0, 0, , 0, 0, 0, 0, 0, 
419, 0, -1, -1, -1, 60, 84, 122.0, 9, , 29, 0, 0, 0, , 0, 0, 0, 0, 0, 
420, 0, -1, -1, -1, 184, 173, 123.0, 11, , 67, 0, 0, 0, , 0, 0, 0, 0, 0, 
421, 0, -1, -1, -1, 281, 168, 130.0, 11, , 76, 0, 0, 0, , 0, 0, 0, 0, 0, 
422, 0, -1, -1, -1, 195, 171, 135.0, 11, , 99, 0, 0, 0, , 0, 0, 0, 0, 0, 
423, 0, -1, -1, -1, 110, 152, 140.0, 9, , 40, 0, 0, 0, , 0, 0, 0, 0, 0, 
424, 0, -1, -1, -1, 110, 176, 146.0, 11, , 11, 0, 0, 0, , 0, 0, 0, 0, 0, 
425, 0, -1, -1, -1, 152, 100, 147.0, 9, , 36, 0, 0, 0, , 0, 0, 0, 0, 0, 
426, 0, -1, -1, -1, 216, 142, 147.0, 11, , 82, 0, 0, 0, , 0, 0, 0, 0, 0, 
427, 0, -1, -1, -1, 67, 117, 150.0, 9, , 51, 0, 0, 0, , 0, 0, 0, 0, 0, 
428, 0, -1, -1, -1, 127, 164, 151.0, 7, , 24, 0, 0, 0, , 0, 0, 0, 0, 0, 
429, 0, -1, -1, -1, 106, 71, 155.0, 7, , 13, 0, 0, 0, , 0, 0, 0, 0, 0, 
430, 0, -1, -1, -1, 209, 139, 157.0, 11, , 97, 0, 0, 0, , 0, 0, 0, 0, 0, 
431, 0, -1, -1, -1, 103, 142, 160.0, 9, , 29, 0, 0, 0, , 0, 0, 0, 0, 0, 
432, 0, -1, -1, -1, 112, 163, 160.0, 9, , 28, 0, 0, 0, , 0, 0, 0, 0, 0, 
433, 0, -1, -1, -1, 134, 74, 161.0, 9, , 37, 0, 0, 0, , 0, 0, 0, 0, 0, 
434, 0, -1, -1, -1, 89, 139, 162.0, 9, , 12, 0, 0, 0, , 0, 0, 0, 0, 0, 
435, 0, -1, -1, -1, 329, 101, 162.0, 7, , 20, 0, 0, 0, , 0, 0, 0, 0, 0, 
436, 0, -1, -1, -1, 232, 107, 165.0, 11, , 61, 0, 0, 0, , 0, 0, 0, 0, 0, 
437, 0, -1, -1, -1, 202, 141, 170.0, 9, , 34, 0, 0, 0, , 0, 0, 0, 0, 0, 
438, 0, -1, -1, -1, 232, 41, 172.0, 11, , 68, 0, 0, 0, , 0, 0, 0, 0, 0, 
439, 0, -1, -1, -1, 274, 124, 172.0, 9, , 33, 0, 0, 0, , 0, 0, 0, 0, 0, 
440, 0, -1, -1, -1, 103, 77, 175.0, 9, , 40, 0, 0, 0, , 0, 0, 0, 0, 0, 
441, 0, -1, -1, -1, 184, 159, 178.0, 9, , 60, 0, 0, 0, , 0, 0, 0, 0, 0, 
442, 0, -1, -1, -1, 186, 155, 179.0, 9, , 45, 0, 0, 0, , 0, 0, 0, 0, 0, 
443, 0, -1, -1, -1, 128, 51, 181.0, 9, , 43, 0, 0, 0, , 0, 0, 0, 0, 0, 
444, 0, -1, -1, -1, 273, 76, 183.0, 9, , 87, 0, 0, 0, , 0, 0, 0, 0, 0, 
445, 0, -1, -1, -1, 217, 72, 184.0, 9, , 58, 0, 0, 0, , 0, 0, 0, 0, 0, 
446, 0, -1, -1, -1, 274, 144, 188.0, 7, , 22, 0, 0, 0, , 0, 0, 0, 0, 0, 
447, 0, -1, -1, -1, 164, 156, 189.0, 11, , 56, 0, 0, 0, , 0, 0, 0, 0, 0, 
448, 0, -1, -1, -1, 113, 98, 191.0, 7, , 25, 0, 0, 0, , 0, 0, 0, 0, 0, 
449, 0, -1, -1, -1, 172, 73, 193.0, 9, , 37, 0, 0, 0, , 0, 0, 0, 0, 0, 
450, 0, -1, -1, -1, 192, 138, 194.0, 9, , 75, 0, 0, 0, , 0, 0, 0, 0, 0, 
451, 0, -1, -1, -1, 138, 85, 195.0, 9, , 32, 0, 0, 0, , 0, 0, 0, 0, 0, 
452, 0, -1, -1, -1, 97, 140, 93.0, 11, , 70, 0, 0, 0, , 0, 0, 0, 0, 0, 
453, 0, -1, -1, -1, 302, 172, 139.0, 9, , 20, 0, 0, 0, , 0, 0, 0, 0, 0, 
454, 0, -1, -1, -1, 137, 108, 144.0, 9, , 15, 0, 0, 0, , 0, 0, 0, 0, 0, 
455, 0, -1, -1, -1, 214, 159, 148.0, 9, , 34, 0, 0, 0, , 0, 0, 0, 0, 0, 
456, 0, -1, -1, -1, 118, 170, 151.0, 7, , 22, 0, 0, 0, , 0, 0, 0, 0, 0, 
457, 0, -1, -1, -1, 124, 152, 153.0, 11, , 57, 0, 0, 0, , 0, 0, 0, 0, 0, 
458, 0, -1, -1, -1, 256, 108, 161.0, 9, , 37, 0, 0, 0, , 0, 0, 0, 0, 0, 
459, 0, -1, -1, -1, 141, 87, 163.0, 9, , 37, 0, 0, 0, , 0, 0, 0, 0, 0, 
460, 0, -1, -1, -1, 126, 166, 167.0, 7, , 70, 0, 0, 0, , 0, 0, 0, 0, 0, 
461, 0, -1, -1, -1, 271, 76, 180.0, 11, , 47, 0, 0, 0, , 0, 0, 0, 0, 0, 
462, 0, -1, -1, -1, 81, 100, 181.0, 9, , 52, 0, 0, 0, , 0, 0, 0, 0, 0, 
463, 0, -1, -1, -1, 291, 65, 181.0, 11, , 60, 0, 0, 0, , 0, 0, 0, 0, 0, 
464, 0, -1, -1, -1, 123, 113, 189.0, 11, , 85, 0, 0, 0, , 0, 0, 0, 0, 0, 
465, 0, -1, -1, -1, 110, 116, 190.0, 7, , 17, 0, 0, 0, , 0, 0, 0, 0, 0, 
466, 0, -1, -1, -1, 158, 84, 206.0, 7, , 24, 0, 0, 0, , 0, 0, 0, 0, 0, 
467, 1, 422, 326, -1, 302, 92, 130.0, 14, Eprpa, 0, 0, 0, 0, , 0, 0, 0, 0, 0, 
468, 1, 423, 327, -1, 239, 64, 183.4, 15, ABprappaap, 0, 0, 0, 0, , 0, 0, 0, 0, 0, 
469, 1, 424, 328, -1, 127, 135, 86.25, 15, ABplpaapaaa, 0, 0, 0, 0, , 0, 0, 0, 0, 0, 
470, 1, 425, 329, -1, 97, 144, 67.0, 15, ABplaaappa, 0, 0, 0, 0, , 0, 0, 0, 0, 0, 
471, 1, 426, 330, -1, 125, 125, 59.833332, 16, ABplaaappp, 0, 0, 0, 0, , 0, 0, 0, 0, 0, 
472, 0, 427, -1, -1, 163, 131, 73.0, 14, , 0, 0, 0, 0, , 0, 0, 0, 0, 0, 
473, 1, 428, 331, -1, 83, 86, 186.0, 13, ABarpapppa, 0, 0, 0, 0, , 0, 0, 0, 0, 0, 
474, 1, 429, 332, -1, 117, 57, 183.0, 14, ABarpapppp, 0, 0, 0, 0, , 0, 0, 0, 0, 0, 
475, 0, 430, -1, -1, 151, 52, 186.0, 16, , 0, 0, 0, 0, , 0, 0, 0, 0, 0, 
476, 1, 431, 334, -1, 185, 116, 56.0, 17, ABarppapaa, 0, 0, 0, 0, , 0, 0, 0, 0, 0, 
477, 1, 432, 335, -1, 211, 118, 68.0, 18, ABarppapap, 0, 0, 0, 0, , 0, 0, 0, 0, 0, 
478, 1, 433, 336, -1, 201, 46, 179.0, 15, ABarppppap, 0, 0, 0, 0, , 0, 0, 0, 0, 0, 
479, 1, 434, 337, -1, 235, 111, 64.0, 15, ABplappapa, 0, 0, 0, 0, , 0, 0, 0, 0, 0, 
480, 1, 435, 338, -1, 229, 40, 171.0, 11, ABprappapa, 0, 0, 0, 0, , 0, 0, 0, 0, 0, 
481, 1, 436, 339, -1, 259, 117, 73.0, 17, ABarppappa, 0, 0, 0, 0, , 0, 0, 0, 0, 0, 
482, 1, 437, 340, -1, 261, 53, 176.0, 14, ABarpppppa, 0, 0, 0, 0, , 0, 0, 0, 0, 0, 
483, 1, 438, 341, -1, 291, 132, 76.0, 14, ABplapapaa, 0, 0, 0, 0, , 0, 0, 0, 0, 0, 
484, 1, 439, 342, -1, 292, 64, 179.0, 13, ABprapapaa, 0, 0, 0, 0, , 0, 0, 0, 0, 0, 
485, 1, 441, 343, -1, 307, 84, 189.0, 15, ABarpppppp, 0, 0, 0, 0, , 0, 0, 0, 0, 0, 
486, 1, 442, 344, -1, 302, 169, 143.0, 15, ABplappppp, 0, 0, 0, 0, , 0, 0, 0, 0, 0, 
487, 0, 443, -1, -1, 308, 119, 180.0, 10, , 0, 0, 0, 0, , 0, 0, 0, 0, 0, 
488, 0, 444, -1, -1, 167, 126, 63.0, 14, , 0, 0, 0, 0, , 0, 0, 0, 0, 0, 
489, 1, 440, 348, -1, 294, 153, 92.0, 17, ABarppappp, 0, 0, 0, 0, , 0, 0, 0, 0, 0, 
490, 1, 445, 349, -1, 152, 51, 189.0, 16, ABarpppaap, 0, 0, 0, 0, , 0, 0, 0, 0, 0, 
491, 0, 446, -1, -1, 167, 127, 62.0, 14, , 0, 0, 0, 0, , 0, 0, 0, 0, 0, 
492, 0, 446, -1, -1, 166, 128, 63.0, 14, , 0, 0, 0, 0, , 0, 0, 0, 0, 0, 
493, 1, 447, 352, -1, 176, 48, 185.5, 14, ABarppppaa, 0, 0, 0, 0, , 0, 0, 0, 0, 0, 
494, 1, 448, 353, -1, 199, 29, 151.0, 15, Caaaaa, 0, 0, 0, 0, , 0, 0, 0, 0, 0, 
495, 1, 449, 354, -1, 216, 120, 95.0, 17, Capaaaa, 0, 0, 0, 0, , 0, 0, 0, 0, 0, 
496, 1, 450, 355, -1, 265, 122, 95.0, 15, Capaapa, 0, 0, 0, 0, , 0, 0, 0, 0, 0, 
497, 1, 451, 356, -1, 288, 138, 100.0, 15, Capaapp, 0, 0, 0, 0, , 0, 0, 0, 0, 0, 
498, 0, 453, -1, -1, 89, 145, 127.0, 13, , 0, 0, 0, 0, , 0, 0, 0, 0, 0, 
499, 0, 454, -1, -1, 102, 129, 113.0, 12, , 0, 0, 0, 0, , 0, 0, 0, 0, 0, 
500, 0, 455, -1, -1, 100, 145, 128.0, 12, , 0, 0, 0, 0, , 0, 0, 0, 0, 0, 
501, 0, 456, -1, -1, 95, 147, 131.0, 14, , 0, 0, 0, 0, , 0, 0, 0, 0, 0, 
502, 0, 457, -1, -1, 97, 142, 138.0, 13, , 0, 0, 0, 0, , 0, 0, 0, 0, 0, 
503, 0, 458, -1, -1, 88, 144, 125.0, 13, , 0, 0, 0, 0, , 0, 0, 0, 0, 0, 
504, 1, 459, 363, -1, 219, 66, 134.5, 15, Earpa, 0, 0, 0, 0, , 0, 0, 0, 0, 0, 
505, 1, 460, 364, -1, 202, 64, 101.0, 15, Ealaad, 0, 0, 0, 0, , 0, 0, 0, 0, 0, 
506, 1, 461, 365, -1, 216, 100, 101.0, 13, Ealaav, 0, 0, 0, 0, , 0, 0, 0, 0, 0, 
507, 1, 462, 366, -1, 240, 85, 125.0, 16, Ealap, 0, 0, 0, 0, , 0, 0, 0, 0, 0, 
508, 1, 463, 367, -1, 219, 87, 129.0, 15, Ealpa, 0, 0, 0, 0, , 0, 0, 0, 0, 0, 
509, 1, 464, 368, -1, 273, 90, 112.0, 15, Ealpp, 0, 0, 0, 0, , 0, 0, 0, 0, 0, 
510, 1, 465, 369, -1, 198, 55, 131.0, 15, Earaad, 0, 0, 0, 0, , 0, 0, 0, 0, 0, 
511, 1, 466, 370, -1, 209, 70, 157.0, 15, Earaav, 0, 0, 0, 0, , 0, 0, 0, 0, 0, 
512, 1, 467, 371, -1, 226, 69, 116.0, 15, Earap, 0, 0, 0, 0, , 0, 0, 0, 0, 0, 
513, 1, 468, 372, -1, 269, 70, 122.2, 15, Earpp, 0, 0, 0, 0, , 0, 0, 0, 0, 0, 
514, 1, 469, 373, -1, 251, 78, 113.333336, 14, Eplaa, 0, 0, 0, 0, , 0, 0, 0, 0, 0, 
515, 1, 470, 374, -1, 296, 91, 109.5, 15, Eplap, 0, 0, 0, 0, , 0, 0, 0, 0, 0, 
516, 1, 471, 375, -1, 310, 105, 118.666664, 17, Eplpa, 0, 0, 0, 0, , 0, 0, 0, 0, 0, 
517, 1, 472, 376, -1, 312, 138, 145.5, 15, Eplppa, 0, 0, 0, 0, , 0, 0, 0, 0, 0, 
518, 1, 473, 377, -1, 314, 125, 119.0, 15, Eplppp, 0, 0, 0, 0, , 0, 0, 0, 0, 0, 
519, 1, 474, 378, -1, 248, 63, 119.333336, 15, Epraa, 0, 0, 0, 0, , 0, 0, 0, 0, 0, 
520, 1, 475, 379, -1, 287, 79, 119.666664, 16, Eprap, 0, 0, 0, 0, , 0, 0, 0, 0, 0, 
521, 1, 476, 380, -1, 301, 124, 152.0, 13, Eprppa, 0, 0, 0, 0, , 0, 0, 0, 0, 0, 
522, 1, 477, 381, -1, 318, 101, 140.66667, 13, Eprppp, 0, 0, 0, 0, , 0, 0, 0, 0, 0, 
523, 1, 478, 382, -1, 108, 101, 107.0, 11, MSaaaaaal, 0, 0, 0, 0, , 0, 0, 0, 0, 0, 
524, 1, 479, 383, -1, 102, 84, 133.5, 11, MSaaaaaar, 0, 0, 0, 0, , 0, 0, 0, 0, 0, 
525, 1, 480, 384, -1, 141, 77, 88.0, 14, MSaaaaapp, 0, 0, 0, 0, , 0, 0, 0, 0, 0, 
526, 1, 481, 385, -1, 108, 75, 118.0, 13, MSaaaaapaa, 0, 0, 0, 0, , 0, 0, 0, 0, 0, 
527, 0, 482, -1, -1, 127, 72, 118.0, 13, , 0, 0, 0, 0, , 0, 0, 0, 0, 0, 
528, 1, 483, 387, -1, 149, 53, 100.0, 11, MSaaaapaa, 0, 0, 0, 0, , 0, 0, 0, 0, 0, 
529, 1, 484, 388, -1, 155, 71, 100.0, 12, MSaaaapap, 0, 0, 0, 0, , 0, 0, 0, 0, 0, 
530, 1, 485, 389, -1, 173, 58, 125.0, 11, MSaaaappa, 0, 0, 0, 0, , 0, 0, 0, 0, 0, 
531, 1, 486, 390, -1, 157, 97, 82.0, 11, MSaaapaap, 0, 0, 0, 0, , 0, 0, 0, 0, 0, 
532, 1, 487, 391, -1, 178, 78, 97.0, 9, MSaaapapa, 0, 0, 0, 0, , 0, 0, 0, 0, 0, 
533, 1, 488, 392, -1, 190, 74, 103.0, 9, MSaaapapp, 0, 0, 0, 0, , 0, 0, 0, 0, 0, 
534, 1, 489, 393, -1, 208, 88, 101.0, 11, MSaaappa, 0, 0, 0, 0, , 0, 0, 0, 0, 0, 
535, 1, 490, 394, -1, 188, 51, 111.0, 11, MSaaappp, 0, 0, 0, 0, , 0, 0, 0, 0, 0, 
536, 1, 491, 395, -1, 193, 123, 123.0, 10, MSaapaaap, 0, 0, 0, 0, , 0, 0, 0, 0, 0, 
537, 1, 492, 396, -1, 181, 122, 123.0, 11, MSaapaaaa, 0, 0, 0, 0, , 0, 0, 0, 0, 0, 
538, 1, 493, 397, -1, 202, 106, 103.5, 10, MSaapaapp, 0, 0, 0, 0, , 0, 0, 0, 0, 0, 
539, 0, 494, -1, -1, 203, 106, 141.0, 10, , 0, 0, 0, 0, , 0, 0, 0, 0, 0, 
540, 1, 495, 399, -1, 128, 128, 109.0, 12, MSapaaaad, 0, 0, 0, 0, , 0, 0, 0, 0, 0, 
541, 1, 496, 400, -1, 146, 141, 119.0, 12, MSapaaaav, 0, 0, 0, 0, , 0, 0, 0, 0, 0, 
542, 1, 497, 401, -1, 124, 112, 81.0, 15, MSapaaap, 0, 0, 0, 0, , 0, 0, 0, 0, 0, 
543, 1, 498, 402, -1, 259, 107, 151.0, 15, MSapaapp, 0, 0, 0, 0, , 0, 0, 0, 0, 0, 
544, 1, 499, 403, -1, 188, 113, 76.0, 16, MSapapaa, 0, 0, 0, 0, , 0, 0, 0, 0, 0, 
545, 1, 500, 404, -1, 152, 146, 101.0, 16, MSapapap, 0, 0, 0, 0, , 0, 0, 0, 0, 0, 
546, 1, 501, 405, -1, 113, 95, 76.0, 16, MSapappa, 0, 0, 0, 0, , 0, 0, 0, 0, 0, 
547, 1, 502, 406, -1, 101, 85, 91.0, 14, MSapappp, 0, 0, 0, 0, , 0, 0, 0, 0, 0, 
548, 1, 503, 407, -1, 142, 87, 73.0, 14, MSapppap, 0, 0, 0, 0, , 0, 0, 0, 0, 0, 
549, 1, 504, 408, -1, 107, 74, 85.0, 14, MSappppa, 0, 0, 0, 0, , 0, 0, 0, 0, 0, 
550, 1, 505, 409, -1, 142, 62, 85.5, 14, MSappppp, 0, 0, 0, 0, , 0, 0, 0, 0, 0, 
551, 1, 506, 410, -1, 130, 58, 113.5, 15, MSpaaaaaa, 0, 0, 0, 0, , 0, 0, 0, 0, 0, 
552, 0, 507, -1, -1, 143, 49, 114.0, 15, , 0, 0, 0, 0, , 0, 0, 0, 0, 0, 
553, 1, 508, 412, -1, 118, 62, 133.0, 15, MSpaaaapa, 0, 0, 0, 0, , 0, 0, 0, 0, 0, 
554, 1, 509, 413, -1, 137, 59, 130.0, 15, MSpaaaapp, 0, 0, 0, 0, , 0, 0, 0, 0, 0, 
555, 1, 510, 414, -1, 166, 69, 102.0, 13, MSpaaapaa, 0, 0, 0, 0, , 0, 0, 0, 0, 0, 
556, 1, 511, 415, -1, 181, 56, 113.0, 13, MSpaaapap, 0, 0, 0, 0, , 0, 0, 0, 0, 0, 
557, 1, 512, 416, -1, 146, 61, 111.5, 15, MSpaaaaap, 0, 0, 0, 0, , 0, 0, 0, 0, 0, 
558, 1, 513, 417, -1, 143, 51, 118.0, 15, MSpaaappa, 0, 0, 0, 0, , 0, 0, 0, 0, 0, 
559, 1, 514, 418, -1, 162, 48, 113.0, 15, MSpaaappp, 0, 0, 0, 0, , 0, 0, 0, 0, 0, 
560, 1, 515, 419, -1, 149, 55, 142.0, 15, ABaraappapp, 0, 0, 0, 0, , 0, 0, 0, 0, 0, 
561, 1, 516, 420, -1, 161, 60, 119.0, 15, MSpaapaap, 0, 0, 0, 0, , 0, 0, 0, 0, 0, 
562, 1, 517, 421, -1, 168, 56, 137.0, 15, MSpaapapa, 0, 0, 0, 0, , 0, 0, 0, 0, 0, 
563, 1, 518, 422, -1, 183, 79, 173.0, 14, MSpapaapa, 0, 0, 0, 0, , 0, 0, 0, 0, 0, 
564, 1, 519, 423, -1, 241, 33, 151.66667, 14, Caaaap, 0, 0, 0, 0, , 0, 0, 0, 0, 0, 
565, 1, 520, 424, -1, 276, 47, 156.5, 17, Caaapa, 0, 0, 0, 0, , 0, 0, 0, 0, 0, 
566, 1, 521, 425, -1, 308, 63, 158.5, 17, Caaapp, 0, 0, 0, 0, , 0, 0, 0, 0, 0, 
567, 1, 522, 426, -1, 276, 152, 170.5, 13, Caapaa, 0, 0, 0, 0, , 0, 0, 0, 0, 0, 
568, 1, 523, 427, -1, 333, 111, 167.5, 16, Caappd, 0, 0, 0, 0, , 0, 0, 0, 0, 0, 
569, 1, 524, 428, -1, 319, 144, 165.0, 15, Caappv, 0, 0, 0, 0, , 0, 0, 0, 0, 0, 
570, 1, 525, 429, -1, 238, 115, 91.0, 17, Capaaap, 0, 0, 0, 0, , 0, 0, 0, 0, 0, 
571, 1, 527, 430, -1, 264, 91, 80.0, 15, Capapaa, 0, 0, 0, 0, , 0, 0, 0, 0, 0, 
572, 1, 528, 431, -1, 301, 108, 86.0, 15, Capapap, 0, 0, 0, 0, , 0, 0, 0, 0, 0, 
573, 1, 529, 432, -1, 271, 148, 120.0, 15, Capappa, 0, 0, 0, 0, , 0, 0, 0, 0, 0, 
574, 0, 530, -1, -1, 265, 156, 140.33333, 14, , 0, 0, 0, 0, , 0, 0, 0, 0, 0, 
575, 1, 531, 434, -1, 228, 84, 77.5, 17, Cappaaa, 0, 0, 0, 0, , 0, 0, 0, 0, 0, 
576, 1, 532, 435, -1, 282, 82, 85.0, 17, Cappaap, 0, 0, 0, 0, , 0, 0, 0, 0, 0, 
577, 1, 533, 436, -1, 311, 134, 103.333336, 14, Cappapa, 0, 0, 0, 0, , 0, 0, 0, 0, 0, 
578, 1, 534, 437, -1, 311, 145, 117.333336, 14, Cappapp, 0, 0, 0, 0, , 0, 0, 0, 0, 0, 
579, 1, 535, 438, -1, 316, 98, 96.333336, 16, Capppaa, 0, 0, 0, 0, , 0, 0, 0, 0, 0, 
580, 1, 536, 439, -1, 337, 125, 112.0, 15, Capppap, 0, 0, 0, 0, , 0, 0, 0, 0, 0, 
581, 0, 537, -1, -1, 300, 153, 160.0, 14, , 0, 0, 0, 0, , 0, 0, 0, 0, 0, 
582, 0, 538, -1, -1, 285, 160, 157.5, 15, , 0, 0, 0, 0, , 0, 0, 0, 0, 0, 
583, 1, 539, 442, -1, 183, 84, 59.0, 17, Cpaaaa, 0, 0, 0, 0, , 0, 0, 0, 0, 0, 
584, 1, 540, 443, -1, 218, 81, 66.666664, 19, Cpaaap, 0, 0, 0, 0, , 0, 0, 0, 0, 0, 
585, 1, 541, 444, -1, 249, 89, 68.5, 17, Cpaapa, 0, 0, 0, 0, , 0, 0, 0, 0, 0, 
586, 0, 542, -1, -1, 300, 109, 79.0, 17, , 0, 0, 0, 0, , 0, 0, 0, 0, 0, 
587, 1, 543, 446, -1, 281, 109, 74.0, 17, Cpaapp, 0, 0, 0, 0, , 0, 0, 0, 0, 0, 
588, 1, 544, 447, -1, 321, 88, 172.0, 15, Cpapaa, 0, 0, 0, 0, , 0, 0, 0, 0, 0, 
589, 1, 545, 448, -1, 323, 124, 89.0, 15, Cpapap, 0, 0, 0, 0, , 0, 0, 0, 0, 0, 
590, 1, 546, 449, -1, 325, 150, 112.0, 15, Cpappd, 0, 0, 0, 0, , 0, 0, 0, 0, 0, 
591, 1, 547, 450, -1, 319, 163, 151.0, 15, Cpappv, 0, 0, 0, 0, , 0, 0, 0, 0, 0, 
592, 1, 548, 451, -1, 209, 84, 177.5, 14, Cppaaaa, 0, 0, 0, 0, , 0, 0, 0, 0, 0, 
593, 1, 549, 452, -1, 230, 75, 172.33333, 13, Cppaaap, 0, 0, 0, 0, , 0, 0, 0, 0, 0, 
594, 1, 550, 453, -1, 249, 69, 171.0, 13, Cppaapa, 0, 0, 0, 0, , 0, 0, 0, 0, 0, 
595, 1, 551, 454, -1, 288, 86, 173.0, 13, Cppaapp, 0, 0, 0, 0, , 0, 0, 0, 0, 0, 
596, 1, 552, 455, -1, 257, 44, 149.0, 13, Cppapaa, 0, 0, 0, 0, , 0, 0, 0, 0, 0, 
597, 1, 553, 456, -1, 292, 58, 152.5, 15, Cppapap, 0, 0, 0, 0, , 0, 0, 0, 0, 0, 
598, 1, 554, 457, -1, 284, 97, 182.5, 13, Cppappa, 0, 0, 0, 0, , 0, 0, 0, 0, 0, 
599, 1, 555, 458, -1, 278, 114, 184.0, 13, Cppappp, 0, 0, 0, 0, , 0, 0, 0, 0, 0, 
600, 1, 556, 459, -1, 217, 36, 147.0, 15, Cpppaaa, 0, 0, 0, 0, , 0, 0, 0, 0, 0, 
601, 1, 557, 460, -1, 257, 42, 131.0, 15, Cpppaap, 0, 0, 0, 0, , 0, 0, 0, 0, 0, 
602, 1, 558, 461, -1, 317, 78, 158.33333, 14, Cpppapa, 0, 0, 0, 0, , 0, 0, 0, 0, 0, 
603, 1, 559, 462, -1, 324, 100, 163.33333, 13, Cpppapp, 0, 0, 0, 0, , 0, 0, 0, 0, 0, 
604, 1, 560, 463, -1, 311, 64, 131.0, 15, Cppppaa, 0, 0, 0, 0, , 0, 0, 0, 0, 0, 
605, 1, 561, 464, -1, 332, 88, 140.0, 15, Cppppap, 0, 0, 0, 0, , 0, 0, 0, 0, 0, 
606, 1, 562, 465, -1, 333, 122, 150.0, 14, Cpppppd, 0, 0, 0, 0, , 0, 0, 0, 0, 0, 
607, 1, 563, 466, -1, 295, 136, 177.0, 14, Cpppppv, 0, 0, 0, 0, , 0, 0, 0, 0, 0, 
608, 1, 564, 467, -1, 186, 143, 97.5, 14, Daaaa, 0, 0, 0, 0, , 0, 0, 0, 0, 0, 
609, 1, 565, 468, -1, 167, 78, 72.0, 15, Daaap, 0, 0, 0, 0, , 0, 0, 0, 0, 0, 
610, 1, 566, 469, -1, 179, 151, 113.5, 14, Daapa, 0, 0, 0, 0, , 0, 0, 0, 0, 0, 
611, 1, 567, 470, -1, 194, 156, 119.0, 14, Daapp, 0, 0, 0, 0, , 0, 0, 0, 0, 0, 
612, 1, 568, 471, -1, 203, 135, 99.0, 16, Dapaa, 0, 0, 0, 0, , 0, 0, 0, 0, 0, 
613, 1, 569, 472, -1, 199, 78, 79.0, 16, Dapap, 0, 0, 0, 0, , 0, 0, 0, 0, 0, 
614, 1, 570, 473, -1, 163, 57, 87.0, 12, Dappaa, 0, 0, 0, 0, , 0, 0, 0, 0, 0, 
615, 1, 571, 474, -1, 196, 66, 87.0, 14, Dappap, 0, 0, 0, 0, , 0, 0, 0, 0, 0, 
616, 1, 572, 475, -1, 211, 62, 87.0, 12, Dapppa, 0, 0, 0, 0, , 0, 0, 0, 0, 0, 
617, 1, 573, 476, -1, 243, 64, 88.5, 12, Dapppp, 0, 0, 0, 0, , 0, 0, 0, 0, 0, 
618, 1, 574, 477, -1, 171, 93, 186.66667, 15, Dpaaa, 0, 0, 0, 0, , 0, 0, 0, 0, 0, 
619, 1, 575, 478, -1, 155, 42, 151.0, 14, Dpaap, 0, 0, 0, 0, , 0, 0, 0, 0, 0, 
620, 1, 576, 479, -1, 166, 113, 191.0, 12, Dpapa, 0, 0, 0, 0, , 0, 0, 0, 0, 0, 
621, 1, 577, 480, -1, 180, 118, 191.0, 14, Dpapp, 0, 0, 0, 0, , 0, 0, 0, 0, 0, 
622, 1, 578, 481, -1, 189, 90, 186.0, 14, Dppaa, 0, 0, 0, 0, , 0, 0, 0, 0, 0, 
623, 1, 579, 482, -1, 184, 37, 148.0, 16, Dppap, 0, 0, 0, 0, , 0, 0, 0, 0, 0, 
624, 1, 580, 483, -1, 150, 37, 124.0, 14, Dpppaa, 0, 0, 0, 0, , 0, 0, 0, 0, 0, 
625, 1, 581, 484, -1, 182, 36, 124.5, 14, Dpppap, 0, 0, 0, 0, , 0, 0, 0, 0, 0, 
626, 1, 582, 485, -1, 198, 32, 126.0, 15, Dppppa, 0, 0, 0, 0, , 0, 0, 0, 0, 0, 
627, 1, 583, 486, -1, 226, 36, 136.0, 15, Dppppp, 0, 0, 0, 0, , 0, 0, 0, 0, 0, 
628, 1, 584, 487, -1, 273, 85, 156.66667, 18, Z2, 0, 0, 0, 0, , 0, 0, 0, 0, 0, 
629, 1, 585, 488, -1, 275, 120, 124.0, 18, Z3, 0, 0, 0, 0, , 0, 0, 0, 0, 0, 
630, 1, 586, 489, -1, 128, 73, 116.0, 13, MSaaaaapap, 0, 0, 0, 0, , 0, 0, 0, 0, 0, 
631, 1, 587, 490, -1, 176, 73, 117.666664, 13, MSaaaappp, 0, 0, 0, 0, , 0, 0, 0, 0, 0, 
632, 0, 588, -1, -1, 117, 87, 108.0, 14, , 0, 0, 0, 0, , 0, 0, 0, 0, 0, 
633, 1, 589, 492, -1, 186, 102, 125.0, 12, MSaapapaa, 0, 0, 0, 0, , 0, 0, 0, 0, 0, 
634, 1, 590, 493, -1, 200, 118, 119.0, 10, MSaapapap, 0, 0, 0, 0, , 0, 0, 0, 0, 0, 
635, 0, 591, -1, -1, 204, 108, 144.0, 14, , 0, 0, 0, 0, , 0, 0, 0, 0, 0, 
636, 1, 592, 495, -1, 191, 93, 153.0, 10, MSpapapaa, 0, 0, 0, 0, , 0, 0, 0, 0, 0, 
637, 1, 593, 496, -1, 197, 92, 166.5, 10, MSpapapap, 0, 0, 0, 0, , 0, 0, 0, 0, 0, 
638, 1, 594, 497, -1, 134, 39, 124.0, 14, MSpppppp, 0, 0, 0, 0, , 0, 0, 0, 0, 0, 
639, 0, 596, -1, -1, 155, 87, 180.5, 14, , 0, 0, 0, 0, , 0, 0, 0, 0, 0, 
640, 1, 597, 499, -1, 183, 55, 138.0, 15, MSpaapapp, 0, 0, 0, 0, , 0, 0, 0, 0, 0, 
641, 0, 598, -1, -1, 308, 143, 177.0, 13, , 0, 0, 0, 0, , 0, 0, 0, 0, 0, 
642, 1, 599, 501, -1, 270, 75, 183.5, 13, ABprappapp, 0, 0, 0, 0, , 0, 0, 0, 0, 0, 
643, 1, 600, 502, -1, 219, 75, 188.0, 13, ABprappaaa, 0, 0, 0, 0, , 0, 0, 0, 0, 0, 
644, 1, 601, 503, -1, 124, 113, 188.0, 12, ABprpaaaaaa, 0, 0, 0, 0, , 0, 0, 0, 0, 0, 
645, 0, 602, -1, -1, 325, 118, 173.0, 11, , 0, 0, 0, 0, , 0, 0, 0, 0, 0, 
646, 1, 603, 505, -1, 186, 98, 92.0, 11, MSaapappa, 0, 0, 0, 0, , 0, 0, 0, 0, 0, 
647, 1, 604, 506, -1, 191, 119, 98.0, 13, MSaapaapa, 0, 0, 0, 0, , 0, 0, 0, 0, 0, 
648, 0, 605, -1, -1, 203, 106, 145.0, 14, , 0, 0, 0, 0, , 0, 0, 0, 0, 0, 
649, 1, 606, 508, -1, 209, 95, 136.0, 15, MSaappap, 0, 0, 0, 0, , 0, 0, 0, 0, 0, 
650, 0, 607, -1, -1, 208, 145, 132.0, 14, , 0, 0, 0, 0, , 0, 0, 0, 0, 0, 
651, 0, 608, -1, -1, 208, 129, 131.0, 12, , 0, 0, 0, 0, , 0, 0, 0, 0, 0, 
652, 0, 609, -1, -1, 227, 117, 123.5, 13, , 0, 0, 0, 0, , 0, 0, 0, 0, 0, 
653, 1, 610, 512, -1, 244, 121, 115.0, 15, MSaappppp, 0, 0, 0, 0, , 0, 0, 0, 0, 0, 
654, 1, 611, 513, -1, 116, 60, 99.0, 16, MSappaaa, 0, 0, 0, 0, , 0, 0, 0, 0, 0, 
655, 0, 612, -1, -1, 273, 128, 110.0, 16, , 0, 0, 0, 0, , 0, 0, 0, 0, 0, 
656, 0, 613, -1, -1, 164, 148, 122.0, 15, , 0, 0, 0, 0, , 0, 0, 0, 0, 0, 
657, 1, 614, 516, -1, 172, 129, 98.0, 14, MSapppaa, 0, 0, 0, 0, , 0, 0, 0, 0, 0, 
658, 1, 615, 517, -1, 172, 109, 163.0, 14, MSpapaaaa, 0, 0, 0, 0, , 0, 0, 0, 0, 0, 
659, 1, 616, 518, -1, 186, 101, 169.0, 14, MSpapaaap, 0, 0, 0, 0, , 0, 0, 0, 0, 0, 
660, 1, 617, 519, -1, 189, 70, 159.0, 14, MSpapaapp, 0, 0, 0, 0, , 0, 0, 0, 0, 0, 
661, 1, 618, 520, -1, 176, 64, 156.0, 14, MSpapappa, 0, 0, 0, 0, , 0, 0, 0, 0, 0, 
662, 0, 619, -1, -1, 208, 139, 166.0, 15, , 0, 0, 0, 0, , 0, 0, 0, 0, 0, 
663, 1, 620, 522, -1, 253, 128, 124.0, 14, MSpappaa, 0, 0, 0, 0, , 0, 0, 0, 0, 0, 
664, 1, 621, 523, -1, 257, 92, 175.0, 14, MSpappap, 0, 0, 0, 0, , 0, 0, 0, 0, 0, 
665, 1, 622, 524, -1, 193, 114, 182.0, 12, MSpapppaa, 0, 0, 0, 0, , 0, 0, 0, 0, 0, 
666, 1, 623, 525, -1, 209, 99, 167.0, 14, MSpapppap, 0, 0, 0, 0, , 0, 0, 0, 0, 0, 
667, 1, 624, 526, -1, 221, 95, 170.0, 13, MSpappppa, 0, 0, 0, 0, , 0, 0, 0, 0, 0, 
668, 1, 625, 527, -1, 242, 85, 169.0, 13, MSpappppp, 0, 0, 0, 0, , 0, 0, 0, 0, 0, 
669, 1, 626, 528, -1, 107, 74, 154.0, 13, MSppaaap, 0, 0, 0, 0, , 0, 0, 0, 0, 0, 
670, 1, 627, 529, -1, 122, 95, 164.0, 12, MSppaaaad, 0, 0, 0, 0, , 0, 0, 0, 0, 0, 
671, 1, 628, 530, -1, 146, 120, 169.0, 12, MSppaaaav, 0, 0, 0, 0, , 0, 0, 0, 0, 0, 
672, 1, 629, 531, -1, 282, 109, 145.0, 15, MSppaapp, 0, 0, 0, 0, , 0, 0, 0, 0, 0, 
673, 1, 630, 532, -1, 171, 59, 172.5, 14, MSppapaa, 0, 0, 0, 0, , 0, 0, 0, 0, 0, 
674, 1, 631, 533, -1, 137, 111, 185.0, 14, MSppapap, 0, 0, 0, 0, , 0, 0, 0, 0, 0, 
675, 1, 632, 534, -1, 106, 61, 150.5, 15, MSppappa, 0, 0, 0, 0, , 0, 0, 0, 0, 0, 
676, 1, 633, 535, -1, 91, 69, 129.0, 17, MSppappp, 0, 0, 0, 0, , 0, 0, 0, 0, 0, 
677, 1, 634, 536, -1, 102, 66, 119.0, 14, MSpppaaa, 0, 0, 0, 0, , 0, 0, 0, 0, 0, 
678, 1, 635, 537, -1, 279, 72, 164.0, 15, MSpppaap, 0, 0, 0, 0, , 0, 0, 0, 0, 0, 
679, 0, 636, -1, -1, 160, 108, 178.0, 15, , 0, 0, 0, 0, , 0, 0, 0, 0, 0, 
680, 1, 637, 539, -1, 126, 48, 145.0, 13, MSppppap, 0, 0, 0, 0, , 0, 0, 0, 0, 0, 
681, 1, 638, 540, -1, 102, 51, 126.0, 15, MSpppppa, 0, 0, 0, 0, , 0, 0, 0, 0, 0, 
682, 1, 639, 541, -1, 103, 129, 114.0, 12, ABalaaaalar, 0, 0, 0, 0, , 0, 0, 0, 0, 0, 
683, 0, 640, -1, -1, 89, 144, 124.0, 13, , 0, 0, 0, 0, , 0, 0, 0, 0, 0, 
684, 0, 641, -1, -1, 89, 144, 124.0, 13, , 0, 0, 0, 0, , 0, 0, 0, 0, 0, 
685, 0, 642, -1, -1, 99, 120, 122.5, 14, , 0, 0, 0, 0, , 0, 0, 0, 0, 0, 
686, 1, 643, 545, -1, 92, 137, 163.5, 13, ABalaaaarra, 0, 0, 0, 0, , 0, 0, 0, 0, 0, 
687, 1, 644, 546, -1, 96, 110, 142.5, 12, ABalaaaarrp, 0, 0, 0, 0, , 0, 0, 0, 0, 0, 
688, 1, 645, 547, -1, 97, 154, 116.0, 12, ABalaaapall, 0, 0, 0, 0, , 0, 0, 0, 0, 0, 
689, 0, 646, -1, -1, 108, 120, 105.0, 14, , 0, 0, 0, 0, , 0, 0, 0, 0, 0, 
690, 0, 647, -1, -1, 107, 121, 105.0, 14, , 0, 0, 0, 0, , 0, 0, 0, 0, 0, 
691, 1, 648, 550, -1, 108, 120, 104.0, 13, ABalaaapalr, 0, 0, 0, 0, , 0, 0, 0, 0, 0, 
692, 1, 649, -1, -1, 86, 135, 129.0, 13, ABalaaaparl, 0, 0, 0, 0, , 0, 0, 0, 0, 0, 
693, 1, 650, 551, -1, 84, 134, 117.0, 12, ABalaaaparr, 0, 0, 0, 0, , 0, 0, 0, 0, 0, 
694, 0, 651, -1, -1, 81, 119, 154.0, 12, , 0, 0, 0, 0, , 0, 0, 0, 0, 0, 
695, 0, 652, -1, -1, 79, 119, 158.0, 12, , 0, 0, 0, 0, , 0, 0, 0, 0, 0, 
696, 0, 653, -1, -1, 77, 119, 161.0, 12, , 0, 0, 0, 0, , 0, 0, 0, 0, 0, 
697, 1, 654, 555, -1, 85, 121, 149.0, 12, ABalaaappll, 0, 0, 0, 0, , 0, 0, 0, 0, 0, 
698, 1, 655, 556, -1, 79, 120, 156.0, 12, ABalaaapplr, 0, 0, 0, 0, , 0, 0, 0, 0, 0, 
699, 1, 656, 557, -1, 99, 88, 154.5, 13, ABalaaapprl, 0, 0, 0, 0, , 0, 0, 0, 0, 0, 
700, 1, 657, 558, -1, 91, 123, 175.0, 12, ABalaaapprr, 0, 0, 0, 0, , 0, 0, 0, 0, 0, 
701, 1, 658, 559, -1, 103, 100, 154.5, 12, ABalaapaaar, 0, 0, 0, 0, , 0, 0, 0, 0, 0, 
702, 1, 659, 560, -1, 101, 115, 179.0, 11, ABalaapaapa, 0, 0, 0, 0, , 0, 0, 0, 0, 0, 
703, 0, 660, -1, -1, 90, 126, 168.0, 13, , 0, 0, 0, 0, , 0, 0, 0, 0, 0, 
704, 0, 661, -1, -1, 121, 145, 190.0, 13, , 0, 0, 0, 0, , 0, 0, 0, 0, 0, 
705, 0, 662, -1, -1, 110, 116, 194.5, 12, , 0, 0, 0, 0, , 0, 0, 0, 0, 0, 
706, 0, 663, -1, -1, 91, 133, 182.0, 15, , 0, 0, 0, 0, , 0, 0, 0, 0, 0, 
707, 1, 664, 565, -1, 123, 104, 193.0, 13, ABalaapppaa, 0, 0, 0, 0, , 0, 0, 0, 0, 0, 
708, 1, 665, 566, -1, 103, 106, 171.0, 12, ABalaappppa, 0, 0, 0, 0, , 0, 0, 0, 0, 0, 
709, 1, 666, 567, -1, 91, 106, 166.0, 13, ABalaappppp, 0, 0, 0, 0, , 0, 0, 0, 0, 0, 
710, 0, 667, -1, -1, 107, 121, 100.0, 13, , 0, 0, 0, 0, , 0, 0, 0, 0, 0, 
711, 1, 668, 569, -1, 106, 118, 95.0, 13, ABalapaaaa, 0, 0, 0, 0, , 0, 0, 0, 0, 0, 
712, 0, 669, -1, -1, 88, 126, 93.0, 14, , 0, 0, 0, 0, , 0, 0, 0, 0, 0, 
713, 1, 670, 571, -1, 88, 138, 89.0, 10, ABalapaaapp, 0, 0, 0, 0, , 0, 0, 0, 0, 0, 
714, 0, 671, -1, -1, 135, 145, 96.0, 13, , 0, 0, 0, 0, , 0, 0, 0, 0, 0, 
715, 1, 672, 573, -1, 104, 143, 108.0, 13, ABalapaappp, 0, 0, 0, 0, , 0, 0, 0, 0, 0, 
716, 1, 673, 574, -1, 94, 78, 101.0, 17, ABalapapapa, 0, 0, 0, 0, , 0, 0, 0, 0, 0, 
717, 1, 674, 575, -1, 79, 99, 100.0, 15, ABalapapapp, 0, 0, 0, 0, , 0, 0, 0, 0, 0, 
718, 1, 675, 576, -1, 95, 115, 111.0, 14, ABalapappaa, 0, 0, 0, 0, , 0, 0, 0, 0, 0, 
719, 1, 676, 577, -1, 69, 124, 137.0, 13, ABarpaaaaar, 0, 0, 0, 0, , 0, 0, 0, 0, 0, 
720, 1, 677, 578, -1, 77, 121, 110.0, 14, ABalapappap, 0, 0, 0, 0, , 0, 0, 0, 0, 0, 
721, 0, 678, -1, -1, 95, 113, 83.0, 12, , 0, 0, 0, 0, , 0, 0, 0, 0, 0, 
722, 1, 679, 580, -1, 102, 121, 80.5, 13, ABalapapppa, 0, 0, 0, 0, , 0, 0, 0, 0, 0, 
723, 0, 681, -1, -1, 85, 126, 89.0, 12, , 0, 0, 0, 0, , 0, 0, 0, 0, 0, 
724, 0, 682, -1, -1, 68, 109, 118.0, 13, , 0, 0, 0, 0, , 0, 0, 0, 0, 0, 
725, 0, 683, -1, -1, 95, 81, 148.0, 12, , 0, 0, 0, 0, , 0, 0, 0, 0, 0, 
726, 1, 684, 584, -1, 80, 94, 159.0, 12, ABalappappa, 0, 0, 0, 0, , 0, 0, 0, 0, 0, 
727, 0, 685, -1, -1, 81, 87, 171.0, 12, , 0, 0, 0, 0, , 0, 0, 0, 0, 0, 
728, 1, 686, 586, -1, 93, 95, 116.0, 14, ABalapppaaa, 0, 0, 0, 0, , 0, 0, 0, 0, 0, 
729, 1, 687, 587, -1, 86, 108, 127.0, 13, ABalapppaap, 0, 0, 0, 0, , 0, 0, 0, 0, 0, 
730, 0, 688, -1, -1, 89, 68, 111.0, 13, , 0, 0, 0, 0, , 0, 0, 0, 0, 0, 
731, 1, 689, 588, -1, 87, 79, 112.0, 13, ABalapppapa, 0, 0, 0, 0, , 0, 0, 0, 0, 0, 
732, 0, 690, -1, -1, 80, 88, 126.0, 14, , 0, 0, 0, 0, , 0, 0, 0, 0, 0, 
733, 1, 691, 590, -1, 87, 99, 137.0, 12, ABalappppaa, 0, 0, 0, 0, , 0, 0, 0, 0, 0, 
734, 0, 692, -1, -1, 75, 94, 133.5, 13, , 0, 0, 0, 0, , 0, 0, 0, 0, 0, 
735, 0, 693, -1, -1, 98, 75, 161.0, 12, , 0, 0, 0, 0, , 0, 0, 0, 0, 0, 
736, 1, 694, 592, -1, 83, 77, 160.0, 12, ABalapppppp, 0, 0, 0, 0, , 0, 0, 0, 0, 0, 
737, 1, 695, 593, -1, 138, 120, 120.5, 12, ABalpaaaaaa, 0, 0, 0, 0, , 0, 0, 0, 0, 0, 
738, 1, 696, 594, -1, 157, 130, 128.5, 12, ABalpaaaaap, 0, 0, 0, 0, , 0, 0, 0, 0, 0, 
739, 0, 697, -1, -1, 144, 118, 137.0, 13, , 0, 0, 0, 0, , 0, 0, 0, 0, 0, 
740, 1, 698, 596, -1, 132, 111, 99.0, 15, ABalpaaapaa, 0, 0, 0, 0, , 0, 0, 0, 0, 0, 
741, 1, 699, 597, -1, 165, 111, 104.5, 13, ABalpaaappp, 0, 0, 0, 0, , 0, 0, 0, 0, 0, 
742, 1, 700, 598, -1, 121, 110, 115.0, 13, ABalpaapaaa, 0, 0, 0, 0, , 0, 0, 0, 0, 0, 
743, 1, 701, 599, -1, 126, 105, 106.0, 14, ABalpaapaap, 0, 0, 0, 0, , 0, 0, 0, 0, 0, 
744, 1, 702, 600, -1, 136, 92, 88.5, 14, ABalpaapapa, 0, 0, 0, 0, , 0, 0, 0, 0, 0, 
745, 1, 703, 601, -1, 143, 108, 87.0, 15, ABalpaapapp, 0, 0, 0, 0, , 0, 0, 0, 0, 0, 
746, 1, 704, 602, -1, 115, 131, 135.0, 12, ABalpaappaa, 0, 0, 0, 0, , 0, 0, 0, 0, 0, 
747, 1, 705, 603, -1, 118, 135, 142.0, 13, ABalpaappap, 0, 0, 0, 0, , 0, 0, 0, 0, 0, 
748, 0, 706, -1, -1, 99, 126, 131.0, 13, , 0, 0, 0, 0, , 0, 0, 0, 0, 0, 
749, 0, 707, -1, -1, 94, 141, 135.0, 12, , 0, 0, 0, 0, , 0, 0, 0, 0, 0, 
750, 0, 708, -1, -1, 97, 142, 134.0, 12, , 0, 0, 0, 0, , 0, 0, 0, 0, 0, 
751, 1, 709, 607, -1, 122, 141, 132.5, 14, ABalpapaaaa, 0, 0, 0, 0, , 0, 0, 0, 0, 0, 
752, 0, 710, -1, -1, 108, 165, 171.0, 15, , 0, 0, 0, 0, , 0, 0, 0, 0, 0, 
753, 0, 711, -1, -1, 116, 128, 157.0, 13, , 0, 0, 0, 0, , 0, 0, 0, 0, 0, 
754, 0, 712, -1, -1, 158, 156, 155.5, 13, , 0, 0, 0, 0, , 0, 0, 0, 0, 0, 
755, 1, 713, 611, -1, 167, 175, 168.0, 14, ABalpapapap, 0, 0, 0, 0, , 0, 0, 0, 0, 0, 
756, 1, 714, 612, -1, 212, 160, 156.0, 12, ABalpapappa, 0, 0, 0, 0, , 0, 0, 0, 0, 0, 
757, 0, 715, -1, -1, 207, 145, 140.0, 13, , 0, 0, 0, 0, , 0, 0, 0, 0, 0, 
758, 0, 716, -1, -1, 147, 121, 127.0, 14, , 0, 0, 0, 0, , 0, 0, 0, 0, 0, 
759, 1, 717, 615, -1, 148, 125, 145.0, 14, ABalpappapa, 0, 0, 0, 0, , 0, 0, 0, 0, 0, 
760, 0, 718, -1, -1, 193, 114, 153.0, 12, , 0, 0, 0, 0, , 0, 0, 0, 0, 0, 
761, 1, 719, 617, -1, 148, 118, 96.0, 13, ABalpapppaa, 0, 0, 0, 0, , 0, 0, 0, 0, 0, 
762, 1, 720, 618, -1, 166, 125, 151.0, 15, ABalpappppa, 0, 0, 0, 0, , 0, 0, 0, 0, 0, 
763, 1, 721, 619, -1, 166, 126, 124.0, 13, ABalpappppp, 0, 0, 0, 0, , 0, 0, 0, 0, 0, 
764, 0, 722, -1, -1, 109, 159, 125.0, 12, , 0, 0, 0, 0, , 0, 0, 0, 0, 0, 
765, 0, 723, -1, -1, 111, 162, 118.0, 12, , 0, 0, 0, 0, , 0, 0, 0, 0, 0, 
766, 0, 724, -1, -1, 109, 160, 126.0, 12, , 0, 0, 0, 0, , 0, 0, 0, 0, 0, 
767, 0, 725, -1, -1, 103, 156, 158.0, 11, , 0, 0, 0, 0, , 0, 0, 0, 0, 0, 
768, 0, 726, -1, -1, 119, 151, 154.0, 11, , 0, 0, 0, 0, , 0, 0, 0, 0, 0, 
769, 1, 727, 625, -1, 117, 142, 124.0, 13, ABalppapaaa, 0, 0, 0, 0, , 0, 0, 0, 0, 0, 
770, 1, 728, 626, -1, 110, 155, 141.0, 12, ABalppapaap, 0, 0, 0, 0, , 0, 0, 0, 0, 0, 
771, 0, 729, -1, -1, 109, 162, 162.0, 12, , 0, 0, 0, 0, , 0, 0, 0, 0, 0, 
772, 1, 730, 628, -1, 153, 169, 151.0, 12, ABalppapapa, 0, 0, 0, 0, , 0, 0, 0, 0, 0, 
773, 0, 731, -1, -1, 111, 174, 151.0, 13, , 0, 0, 0, 0, , 0, 0, 0, 0, 0, 
774, 0, 732, -1, -1, 134, 145, 95.5, 13, , 0, 0, 0, 0, , 0, 0, 0, 0, 0, 
775, 0, 733, -1, -1, 137, 154, 103.0, 13, , 0, 0, 0, 0, , 0, 0, 0, 0, 0, 
776, 1, 734, 632, -1, 135, 145, 94.0, 12, ABalppappaa, 0, 0, 0, 0, , 0, 0, 0, 0, 0, 
777, 1, 735, 633, -1, 123, 152, 129.0, 13, ABalppappap, 0, 0, 0, 0, , 0, 0, 0, 0, 0, 
778, 1, 736, 634, -1, 140, 161, 141.0, 15, ABalppapppa, 0, 0, 0, 0, , 0, 0, 0, 0, 0, 
779, 1, 737, 635, -1, 132, 152, 138.0, 13, ABalppapppp, 0, 0, 0, 0, , 0, 0, 0, 0, 0, 
780, 1, 738, 636, -1, 129, 171, 95.0, 13, ABalpppaaaa, 0, 0, 0, 0, , 0, 0, 0, 0, 0, 
781, 1, 739, 1052, -1, 110, 160, 128.0, 13, ABalpppaaap, 0, 0, 0, 0, , 0, 0, 0, 0, 0, 
782, 1, 740, 637, -1, 93, 149, 110.0, 13, ABalpppaapd, 0, 0, 0, 0, , 0, 0, 0, 0, 0, 
783, 1, 741, 638, -1, 105, 162, 103.5, 13, ABalpppaapv, 0, 0, 0, 0, , 0, 0, 0, 0, 0, 
784, 1, 742, 639, -1, 123, 170, 109.0, 12, ABalpppapad, 0, 0, 0, 0, , 0, 0, 0, 0, 0, 
785, 1, 743, 640, -1, 152, 166, 99.5, 12, ABalpppapav, 0, 0, 0, 0, , 0, 0, 0, 0, 0, 
786, 0, 744, -1, -1, 119, 145, 76.0, 12, , 0, 0, 0, 0, , 0, 0, 0, 0, 0, 
787, 1, 745, 642, -1, 117, 147, 77.0, 12, ABalpppapppa, 0, 0, 0, 0, , 0, 0, 0, 0, 0, 
788, 1, 746, 643, -1, 129, 126, 69.0, 12, ABalpppapppp, 0, 0, 0, 0, , 0, 0, 0, 0, 0, 
789, 1, 747, 644, -1, 141, 124, 79.5, 14, ABalppppaad, 0, 0, 0, 0, , 0, 0, 0, 0, 0, 
790, 0, 748, -1, -1, 99, 137, 89.0, 14, , 0, 0, 0, 0, , 0, 0, 0, 0, 0, 
791, 1, 749, 646, -1, 151, 148, 87.5, 13, ABalpppppaa, 0, 0, 0, 0, , 0, 0, 0, 0, 0, 
792, 1, 750, 647, -1, 157, 139, 81.0, 13, ABalpppppap, 0, 0, 0, 0, , 0, 0, 0, 0, 0, 
793, 1, 751, 648, -1, 162, 142, 66.0, 15, ABalppppppaa, 0, 0, 0, 0, , 0, 0, 0, 0, 0, 
794, 1, 752, 649, -1, 142, 159, 70.0, 13, ABalpppppppa, 0, 0, 0, 0, , 0, 0, 0, 0, 0, 
795, 1, 753, 650, -1, 148, 171, 82.0, 15, ABalpppppppp, 0, 0, 0, 0, , 0, 0, 0, 0, 0, 
796, 1, 754, 651, -1, 129, 122, 125.5, 13, ABaraaaaaaa, 0, 0, 0, 0, , 0, 0, 0, 0, 0, 
797, 1, 756, 652, -1, 138, 115, 108.0, 12, ABaraaaaaap, 0, 0, 0, 0, , 0, 0, 0, 0, 0, 
798, 0, 757, -1, -1, 124, 112, 147.0, 13, , 0, 0, 0, 0, , 0, 0, 0, 0, 0, 
799, 1, 758, 654, -1, 125, 112, 145.0, 13, ABaraaaaapa, 0, 0, 0, 0, , 0, 0, 0, 0, 0, 
800, 1, 759, 655, -1, 135, 96, 152.0, 11, ABaraaaaapp, 0, 0, 0, 0, , 0, 0, 0, 0, 0, 
801, 0, 760, -1, -1, 112, 97, 126.0, 14, , 0, 0, 0, 0, , 0, 0, 0, 0, 0, 
802, 1, 761, 657, -1, 116, 103, 140.5, 14, ABaraaapaaa, 0, 0, 0, 0, , 0, 0, 0, 0, 0, 
803, 1, 762, 658, -1, 121, 86, 144.0, 15, ABaraaapaap, 0, 0, 0, 0, , 0, 0, 0, 0, 0, 
804, 1, 763, 659, -1, 136, 72, 144.0, 15, ABaraaapapa, 0, 0, 0, 0, , 0, 0, 0, 0, 0, 
805, 1, 764, 660, -1, 146, 69, 159.0, 13, ABaraaapapp, 0, 0, 0, 0, , 0, 0, 0, 0, 0, 
806, 1, 765, 661, -1, 113, 116, 137.0, 13, ABaraaappaa, 0, 0, 0, 0, , 0, 0, 0, 0, 0, 
807, 1, 766, 662, -1, 114, 128, 148.0, 12, ABaraaappap, 0, 0, 0, 0, , 0, 0, 0, 0, 0, 
808, 0, 767, -1, -1, 104, 121, 144.0, 12, , 0, 0, 0, 0, , 0, 0, 0, 0, 0, 
809, 1, 767, 664, -1, 103, 122, 145.0, 12, ABaraaapppa, 0, 0, 0, 0, , 0, 0, 0, 0, 0, 
810, 0, 768, -1, -1, 102, 156, 164.0, 12, , 0, 0, 0, 0, , 0, 0, 0, 0, 0, 
811, 0, 769, -1, -1, 102, 142, 164.0, 12, , 0, 0, 0, 0, , 0, 0, 0, 0, 0, 
812, 0, 770, -1, -1, 102, 143, 162.0, 10, , 0, 0, 0, 0, , 0, 0, 0, 0, 0, 
813, 0, 771, -1, -1, 114, 98, 120.0, 12, , 0, 0, 0, 0, , 0, 0, 0, 0, 0, 
814, 1, 772, 669, -1, 114, 97, 121.0, 12, ABaraapaaaa, 0, 0, 0, 0, , 0, 0, 0, 0, 0, 
815, 0, 773, -1, -1, 112, 101, 128.0, 14, , 0, 0, 0, 0, , 0, 0, 0, 0, 0, 
816, 1, 773, 670, -1, 111, 101, 130.0, 14, ABaraaaapap, 0, 0, 0, 0, , 0, 0, 0, 0, 0, 
817, 0, 774, -1, -1, 118, 87, 109.0, 14, , 0, 0, 0, 0, , 0, 0, 0, 0, 0, 
818, 1, 775, 672, -1, 120, 89, 99.0, 12, ABaraapaapa, 0, 0, 0, 0, , 0, 0, 0, 0, 0, 
819, 1, 776, 673, -1, 158, 83, 88.5, 14, ABaraapaapp, 0, 0, 0, 0, , 0, 0, 0, 0, 0, 
820, 1, 777, 674, -1, 170, 103, 96.0, 14, ABaraapapaa, 0, 0, 0, 0, , 0, 0, 0, 0, 0, 
821, 1, 778, 675, -1, 173, 94, 80.5, 13, ABaraapapap, 0, 0, 0, 0, , 0, 0, 0, 0, 0, 
822, 1, 779, 676, -1, 178, 116, 93.0, 13, ABaraapappa, 0, 0, 0, 0, , 0, 0, 0, 0, 0, 
823, 1, 780, 677, -1, 180, 118, 113.0, 14, ABaraapappp, 0, 0, 0, 0, , 0, 0, 0, 0, 0, 
824, 1, 781, 678, -1, 112, 86, 120.0, 14, ABaraappaaa, 0, 0, 0, 0, , 0, 0, 0, 0, 0, 
825, 1, 782, 679, -1, 120, 88, 132.5, 14, ABaraappaap, 0, 0, 0, 0, , 0, 0, 0, 0, 0, 
826, 1, 783, 680, -1, 114, 77, 136.5, 14, ABaraappapa, 0, 0, 0, 0, , 0, 0, 0, 0, 0, 
827, 1, 784, 681, -1, 154, 57, 129.0, 15, MSpaapaaa, 0, 0, 0, 0, , 0, 0, 0, 0, 0, 
828, 1, 785, 682, -1, 162, 76, 157.5, 15, ABaraapppaa, 0, 0, 0, 0, , 0, 0, 0, 0, 0, 
829, 1, 786, 683, -1, 161, 58, 152.0, 16, ABaraapppap, 0, 0, 0, 0, , 0, 0, 0, 0, 0, 
830, 1, 787, 684, -1, 169, 78, 171.0, 13, ABaraappppa, 0, 0, 0, 0, , 0, 0, 0, 0, 0, 
831, 1, 788, 685, -1, 174, 96, 163.0, 12, ABaraappppp, 0, 0, 0, 0, , 0, 0, 0, 0, 0, 
832, 1, 789, 686, -1, 132, 107, 153.0, 13, ABarapaaaaa, 0, 0, 0, 0, , 0, 0, 0, 0, 0, 
833, 1, 790, 687, -1, 152, 119, 160.5, 12, ABarapaaaap, 0, 0, 0, 0, , 0, 0, 0, 0, 0, 
834, 1, 791, 688, -1, 142, 114, 156.0, 11, ABarapaaapa, 0, 0, 0, 0, , 0, 0, 0, 0, 0, 
835, 1, 792, 689, -1, 129, 85, 155.0, 13, ABarapaapaa, 0, 0, 0, 0, , 0, 0, 0, 0, 0, 
836, 1, 793, 690, -1, 136, 61, 158.0, 13, ABarapaapap, 0, 0, 0, 0, , 0, 0, 0, 0, 0, 
837, 1, 794, 691, -1, 135, 74, 166.0, 12, ABarapaappa, 0, 0, 0, 0, , 0, 0, 0, 0, 0, 
838, 1, 795, 692, -1, 158, 90, 156.5, 13, ABarapaappp, 0, 0, 0, 0, , 0, 0, 0, 0, 0, 
839, 1, 796, 693, -1, 143, 101, 169.0, 15, ABarapapaap, 0, 0, 0, 0, , 0, 0, 0, 0, 0, 
840, 1, 797, 694, -1, 132, 129, 146.0, 12, ABarapapapa, 0, 0, 0, 0, , 0, 0, 0, 0, 0, 
841, 0, 798, -1, -1, 195, 114, 152.0, 14, , 0, 0, 0, 0, , 0, 0, 0, 0, 0, 
842, 0, 799, -1, -1, 193, 112, 150.5, 14, , 0, 0, 0, 0, , 0, 0, 0, 0, 0, 
843, 1, 800, 697, -1, 196, 111, 140.0, 14, ABalpappapp, 0, 0, 0, 0, , 0, 0, 0, 0, 0, 
844, 1, 801, 698, -1, 194, 115, 153.0, 12, ABarapapapp, 0, 0, 0, 0, , 0, 0, 0, 0, 0, 
845, 1, 802, 699, -1, 141, 87, 165.0, 12, ABarapappaa, 0, 0, 0, 0, , 0, 0, 0, 0, 0, 
846, 1, 803, 700, -1, 182, 120, 144.0, 15, ABarapapppa, 0, 0, 0, 0, , 0, 0, 0, 0, 0, 
847, 1, 804, 701, -1, 159, 108, 169.0, 15, ABarapapppp, 0, 0, 0, 0, , 0, 0, 0, 0, 0, 
848, 1, 805, 702, -1, 123, 139, 148.0, 13, ABalpapaapa, 0, 0, 0, 0, , 0, 0, 0, 0, 0, 
849, 1, 806, 703, -1, 115, 129, 156.0, 13, ABarappaaaa, 0, 0, 0, 0, , 0, 0, 0, 0, 0, 
850, 1, 807, 1011, -1, 153, 150, 162.5, 13, ABarappapaa, 0, 0, 0, 0, , 0, 0, 0, 0, 0, 
851, 1, 808, 705, -1, 164, 158, 185.0, 15, ABarappapap, 0, 0, 0, 0, , 0, 0, 0, 0, 0, 
852, 1, 809, 706, -1, 201, 88, 148.0, 15, MSpapappp, 0, 0, 0, 0, , 0, 0, 0, 0, 0, 
853, 0, 810, -1, -1, 208, 139, 165.0, 13, , 0, 0, 0, 0, , 0, 0, 0, 0, 0, 
854, 0, 811, -1, -1, 192, 140, 191.0, 13, , 0, 0, 0, 0, , 0, 0, 0, 0, 0, 
855, 1, 812, 709, -1, 111, 118, 164.0, 10, ABarapppaaa, 0, 0, 0, 0, , 0, 0, 0, 0, 0, 
856, 1, 813, 710, -1, 104, 142, 162.0, 11, ABarapppaap, 0, 0, 0, 0, , 0, 0, 0, 0, 0, 
857, 0, 814, -1, -1, 121, 151, 152.0, 11, , 0, 0, 0, 0, , 0, 0, 0, 0, 0, 
858, 1, 815, 712, -1, 147, 156, 170.0, 12, ABarapppapa, 0, 0, 0, 0, , 0, 0, 0, 0, 0, 
859, 1, 816, 713, -1, 123, 158, 177.0, 14, ABarapppapp, 0, 0, 0, 0, , 0, 0, 0, 0, 0, 
860, 1, 817, 714, -1, 115, 101, 187.0, 13, ABarappppaa, 0, 0, 0, 0, , 0, 0, 0, 0, 0, 
861, 1, 818, 715, -1, 122, 120, 171.5, 12, ABarappppap, 0, 0, 0, 0, , 0, 0, 0, 0, 0, 
862, 1, 819, 716, -1, 135, 141, 170.0, 15, ABarapppppa, 0, 0, 0, 0, , 0, 0, 0, 0, 0, 
863, 0, 820, -1, -1, 42, 181, 168.0, 15, , 0, 0, 0, 0, , 0, 0, 0, 0, 0, 
864, 1, 820, 717, -1, 118, 142, 167.0, 13, ABarapppppp, 0, 0, 0, 0, , 0, 0, 0, 0, 0, 
865, 1, 821, 718, -1, 69, 128, 130.5, 12, ABarpaaaaal, 0, 0, 0, 0, , 0, 0, 0, 0, 0, 
866, 1, 822, 719, -1, 74, 121, 122.5, 14, ABarpaaaapa, 0, 0, 0, 0, , 0, 0, 0, 0, 0, 
867, 1, 823, 720, -1, 71, 121, 99.5, 12, ABarpaaaapp, 0, 0, 0, 0, , 0, 0, 0, 0, 0, 
868, 1, 824, 721, -1, 71, 112, 134.0, 12, ABarpaaapaa, 0, 0, 0, 0, , 0, 0, 0, 0, 0, 
869, 1, 825, 722, -1, 64, 99, 151.0, 13, ABarpaaapap, 0, 0, 0, 0, , 0, 0, 0, 0, 0, 
870, 1, 826, 723, -1, 56, 96, 132.0, 15, ABarpaapaa, 0, 0, 0, 0, , 0, 0, 0, 0, 0, 
871, 1, 827, 724, -1, 84, 66, 100.0, 15, ABarpaapap, 0, 0, 0, 0, , 0, 0, 0, 0, 0, 
872, 1, 828, 725, -1, 103, 60, 90.5, 14, ABarpaappa, 0, 0, 0, 0, , 0, 0, 0, 0, 0, 
873, 1, 829, 726, -1, 131, 38, 152.0, 15, ABarpaappp, 0, 0, 0, 0, , 0, 0, 0, 0, 0, 
874, 1, 830, 727, -1, 77, 94, 135.0, 13, ABalappppap, 0, 0, 0, 0, , 0, 0, 0, 0, 0, 
875, 1, 831, 728, -1, 78, 92, 132.0, 13, ABarpapaaaa, 0, 0, 0, 0, , 0, 0, 0, 0, 0, 
876, 1, 832, 729, -1, 79, 85, 126.5, 14, ABalapppapp, 0, 0, 0, 0, , 0, 0, 0, 0, 0, 
877, 1, 833, 730, -1, 70, 80, 145.5, 14, ABarpapaaap, 0, 0, 0, 0, , 0, 0, 0, 0, 0, 
878, 1, 834, 731, 732, 86, 77, 141.0, 15, ABarpapaapp, 0, 0, 0, 0, , 0, 0, 0, 0, 0, 
879, 1, 835, 733, -1, 57, 121, 132.0, 15, ABarpapapa, 0, 0, 0, 0, , 0, 0, 0, 0, 0, 
880, 1, 836, 734, -1, 70, 75, 110.0, 15, ABarpapapp, 0, 0, 0, 0, , 0, 0, 0, 0, 0, 
881, 1, 837, 735, -1, 72, 118, 173.0, 14, ABarpappaa, 0, 0, 0, 0, , 0, 0, 0, 0, 0, 
882, 1, 838, 736, -1, 100, 121, 203.0, 14, ABarpappap, 0, 0, 0, 0, , 0, 0, 0, 0, 0, 
883, 1, 839, 737, -1, 123, 96, 64.5, 15, ABarppaaaa, 0, 0, 0, 0, , 0, 0, 0, 0, 0, 
884, 1, 840, 738, -1, 157, 29, 143.0, 14, ABarppaapa, 0, 0, 0, 0, , 0, 0, 0, 0, 0, 
885, 1, 841, 739, -1, 193, 100, 70.0, 16, ABarppaapp, 0, 0, 0, 0, , 0, 0, 0, 0, 0, 
886, 1, 842, 740, -1, 116, 47, 156.5, 14, ABarpppaaa, 0, 0, 0, 0, , 0, 0, 0, 0, 0, 
887, 1, 843, 741, -1, 156, 88, 63.0, 15, ABarpppapa, 0, 0, 0, 0, , 0, 0, 0, 0, 0, 
888, 1, 844, 742, -1, 182, 44, 166.0, 15, ABarpppapp, 0, 0, 0, 0, , 0, 0, 0, 0, 0, 
889, 1, 845, 743, -1, 81, 105, 107.0, 13, ABplaaaaaaa, 0, 0, 0, 0, , 0, 0, 0, 0, 0, 
890, 1, 846, 744, -1, 84, 106, 86.0, 14, ABplaaaaaap, 0, 0, 0, 0, , 0, 0, 0, 0, 0, 
891, 1, 847, 745, -1, 86, 112, 97.0, 12, ABplaaaaappa, 0, 0, 0, 0, , 0, 0, 0, 0, 0, 
892, 1, 848, 746, -1, 109, 101, 90.0, 12, ABplaaaaappp, 0, 0, 0, 0, , 0, 0, 0, 0, 0, 
893, 1, 849, 747, -1, 58, 113, 108.0, 15, ABplaaaapa, 0, 0, 0, 0, , 0, 0, 0, 0, 0, 
894, 1, 850, 748, -1, 62, 88, 113.5, 14, ABplaaaapp, 0, 0, 0, 0, , 0, 0, 0, 0, 0, 
895, 1, 851, 749, -1, 80, 152, 104.0, 13, ABplaaapaa, 0, 0, 0, 0, , 0, 0, 0, 0, 0, 
896, 1, 852, 750, -1, 113, 174, 101.0, 13, ABplaaapap, 0, 0, 0, 0, , 0, 0, 0, 0, 0, 
897, 0, 853, -1, -1, 85, 125, 134.0, 13, , 0, 0, 0, 0, , 0, 0, 0, 0, 0, 
898, 1, 854, 752, -1, 75, 138, 118.0, 13, ABplaapaaap, 0, 0, 0, 0, , 0, 0, 0, 0, 0, 
899, 0, 855, -1, -1, 89, 141, 107.0, 11, , 0, 0, 0, 0, , 0, 0, 0, 0, 0, 
900, 0, 856, -1, -1, 108, 129, 92.0, 11, , 0, 0, 0, 0, , 0, 0, 0, 0, 0, 
901, 0, 857, -1, -1, 97, 140, 91.0, 12, , 0, 0, 0, 0, , 0, 0, 0, 0, 0, 
902, 0, 858, -1, -1, 103, 148, 81.0, 15, , 0, 0, 0, 0, , 0, 0, 0, 0, 0, 
903, 1, 859, 757, -1, 173, 135, 84.0, 14, ABplaapapaa, 0, 0, 0, 0, , 0, 0, 0, 0, 0, 
904, 1, 860, 758, -1, 164, 131, 70.0, 13, ABplaapapap, 0, 0, 0, 0, , 0, 0, 0, 0, 0, 
905, 1, 861, 759, -1, 165, 125, 54.0, 14, ABarppaaap, 0, 0, 0, 0, , 0, 0, 0, 0, 0, 
906, 1, 862, 760, -1, 160, 115, 71.5, 14, ABplaapappa, 0, 0, 0, 0, , 0, 0, 0, 0, 0, 
907, 1, 863, 761, -1, 142, 135, 63.0, 12, ABplaapapppa, 0, 0, 0, 0, , 0, 0, 0, 0, 0, 
908, 1, 863, 762, -1, 151, 127, 62.0, 12, ABplaapapppp, 0, 0, 0, 0, , 0, 0, 0, 0, 0, 
909, 1, 864, 763, -1, 123, 173, 141.0, 13, ABalppapapp, 0, 0, 0, 0, , 0, 0, 0, 0, 0, 
910, 1, 865, 764, -1, 108, 175, 152.0, 13, ABplaappaa, 0, 0, 0, 0, , 0, 0, 0, 0, 0, 
911, 1, 866, 765, -1, 145, 175, 162.0, 15, ABplaappap, 0, 0, 0, 0, , 0, 0, 0, 0, 0, 
912, 1, 867, 766, -1, 171, 184, 141.0, 13, ABplaapppa, 0, 0, 0, 0, , 0, 0, 0, 0, 0, 
913, 1, 868, 767, -1, 197, 158, 87.0, 17, ABplaapppp, 0, 0, 0, 0, , 0, 0, 0, 0, 0, 
914, 1, 869, 768, -1, 146, 106, 63.5, 14, ABplapaaaap, 0, 0, 0, 0, , 0, 0, 0, 0, 0, 
915, 1, 870, 769, -1, 181, 129, 71.0, 15, ABplapaaapa, 0, 0, 0, 0, , 0, 0, 0, 0, 0, 
916, 1, 871, 770, -1, 199, 126, 75.0, 15, ABplapaaapp, 0, 0, 0, 0, , 0, 0, 0, 0, 0, 
917, 1, 872, 771, -1, 195, 173, 139.0, 13, ABplapaapa, 0, 0, 0, 0, , 0, 0, 0, 0, 0, 
918, 1, 873, 772, -1, 212, 147, 92.0, 17, ABplapaapp, 0, 0, 0, 0, , 0, 0, 0, 0, 0, 
919, 1, 452, 773, -1, 272, 156, 99.0, 16, ABplapapap, 0, 0, 0, 0, , 0, 0, 0, 0, 0, 
920, 1, 874, 774, -1, 279, 169, 106.5, 17, ABplapappa, 0, 0, 0, 0, , 0, 0, 0, 0, 0, 
921, 1, 875, 775, -1, 315, 157, 131.5, 14, ABplapapppp, 0, 0, 0, 0, , 0, 0, 0, 0, 0, 
922, 1, 876, 776, -1, 225, 126, 86.0, 14, ABplappaaa, 0, 0, 0, 0, , 0, 0, 0, 0, 0, 
923, 1, 877, 777, -1, 247, 129, 95.0, 15, ABplappaap, 0, 0, 0, 0, , 0, 0, 0, 0, 0, 
924, 1, 878, 778, -1, 261, 141, 100.0, 16, ABplappapp, 0, 0, 0, 0, , 0, 0, 0, 0, 0, 
925, 1, 879, 779, -1, 293, 168, 117.0, 14, ABplapppaaa, 0, 0, 0, 0, , 0, 0, 0, 0, 0, 
926, 1, 880, 780, -1, 291, 159, 141.0, 15, ABplapppapp, 0, 0, 0, 0, , 0, 0, 0, 0, 0, 
927, 1, 881, 781, -1, 257, 159, 161.5, 15, ABplappppa, 0, 0, 0, 0, , 0, 0, 0, 0, 0, 
928, 1, 882, 782, -1, 136, 152, 109.0, 13, ABplpaaaaaa, 0, 0, 0, 0, , 0, 0, 0, 0, 0, 
929, 1, 883, 783, -1, 164, 164, 95.5, 14, ABplpaaaaap, 0, 0, 0, 0, , 0, 0, 0, 0, 0, 
930, 1, 884, 784, -1, 182, 161, 164.0, 12, ABplpaaaapa, 0, 0, 0, 0, , 0, 0, 0, 0, 0, 
931, 1, 885, 785, -1, 218, 142, 144.0, 12, ABplpaaaapp, 0, 0, 0, 0, , 0, 0, 0, 0, 0, 
932, 0, 886, -1, -1, 136, 161, 130.0, 12, , 0, 0, 0, 0, , 0, 0, 0, 0, 0, 
933, 1, 887, 786, -1, 131, 165, 130.0, 12, ABplpaaapaa, 0, 0, 0, 0, , 0, 0, 0, 0, 0, 
934, 1, 888, 787, -1, 123, 178, 126.5, 12, ABplpaaapap, 0, 0, 0, 0, , 0, 0, 0, 0, 0, 
935, 1, 889, 788, -1, 135, 159, 120.0, 15, ABplpaaappa, 0, 0, 0, 0, , 0, 0, 0, 0, 0, 
936, 0, 890, -1, -1, 156, 179, 142.0, 13, , 0, 0, 0, 0, , 0, 0, 0, 0, 0, 
937, 0, 891, -1, -1, 155, 178, 136.0, 15, , 0, 0, 0, 0, , 0, 0, 0, 0, 0, 
938, 1, 892, 791, -1, 150, 166, 117.0, 13, ABplpaaappp, 0, 0, 0, 0, , 0, 0, 0, 0, 0, 
939, 0, 893, -1, -1, 163, 163, 78.0, 12, , 0, 0, 0, 0, , 0, 0, 0, 0, 0, 
940, 1, 894, 793, -1, 89, 154, 93.0, 13, ABplpaapapa, 0, 0, 0, 0, , 0, 0, 0, 0, 0, 
941, 1, 895, 794, -1, 137, 181, 135.5, 13, ABplpaapapp, 0, 0, 0, 0, , 0, 0, 0, 0, 0, 
942, 1, 896, 795, -1, 167, 152, 85.0, 13, ABplpaappaa, 0, 0, 0, 0, , 0, 0, 0, 0, 0, 
943, 0, 897, -1, -1, 171, 155, 72.0, 13, , 0, 0, 0, 0, , 0, 0, 0, 0, 0, 
944, 0, 898, -1, -1, 165, 150, 78.0, 13, , 0, 0, 0, 0, , 0, 0, 0, 0, 0, 
945, 0, 899, -1, -1, 173, 171, 133.0, 12, , 0, 0, 0, 0, , 0, 0, 0, 0, 0, 
946, 0, 900, -1, -1, 172, 170, 130.0, 12, , 0, 0, 0, 0, , 0, 0, 0, 0, 0, 
947, 1, 901, 800, -1, 164, 148, 144.0, 12, ABplpapaaaa, 0, 0, 0, 0, , 0, 0, 0, 0, 0, 
948, 0, 902, -1, -1, 165, 151, 118.0, 15, , 0, 0, 0, 0, , 0, 0, 0, 0, 0, 
949, 0, 903, -1, -1, 181, 161, 150.0, 12, , 0, 0, 0, 0, , 0, 0, 0, 0, 0, 
950, 0, 904, -1, -1, 155, 155, 152.5, 13, , 0, 0, 0, 0, , 0, 0, 0, 0, 0, 
951, 1, 905, 804, -1, 158, 166, 139.0, 11, ABplpapaapp, 0, 0, 0, 0, , 0, 0, 0, 0, 0, 
952, 0, 906, -1, -1, 183, 151, 131.0, 10, , 0, 0, 0, 0, , 0, 0, 0, 0, 0, 
953, 0, 907, -1, -1, 181, 159, 136.0, 11, , 0, 0, 0, 0, , 0, 0, 0, 0, 0, 
954, 1, 908, 807, -1, 201, 160, 143.0, 13, ABplpapappa, 0, 0, 0, 0, , 0, 0, 0, 0, 0, 
955, 0, 909, -1, -1, 236, 121, 160.0, 13, , 0, 0, 0, 0, , 0, 0, 0, 0, 0, 
956, 1, 910, 809, -1, 143, 146, 147.0, 13, ABplpappaaa, 0, 0, 0, 0, , 0, 0, 0, 0, 0, 
957, 0, 911, -1, -1, 166, 160, 178.0, 15, , 0, 0, 0, 0, , 0, 0, 0, 0, 0, 
958, 0, 912, -1, -1, 181, 136, 166.0, 15, , 0, 0, 0, 0, , 0, 0, 0, 0, 0, 
959, 1, 913, 812, -1, 275, 143, 146.0, 13, ABplpapppaa, 0, 0, 0, 0, , 0, 0, 0, 0, 0, 
960, 1, 914, 813, -1, 272, 125, 171.0, 12, ABplpapppap, 0, 0, 0, 0, , 0, 0, 0, 0, 0, 
961, 1, 915, 814, -1, 273, 125, 151.0, 13, ABplpappppa, 0, 0, 0, 0, , 0, 0, 0, 0, 0, 
962, 1, 916, 815, -1, 285, 141, 162.0, 12, ABplpappppp, 0, 0, 0, 0, , 0, 0, 0, 0, 0, 
963, 1, 917, 816, -1, 162, 178, 104.0, 13, ABplppaaaaa, 0, 0, 0, 0, , 0, 0, 0, 0, 0, 
964, 0, 918, -1, -1, 171, 170, 127.0, 10, , 0, 0, 0, 0, , 0, 0, 0, 0, 0, 
965, 0, 919, -1, -1, 182, 179, 150.5, 13, , 0, 0, 0, 0, , 0, 0, 0, 0, 0, 
966, 0, 920, -1, -1, 203, 144, 153.0, 10, , 0, 0, 0, 0, , 0, 0, 0, 0, 0, 
967, 0, 921, -1, -1, 207, 146, 137.0, 13, , 0, 0, 0, 0, , 0, 0, 0, 0, 0, 
968, 0, 922, -1, -1, 243, 128, 155.0, 13, , 0, 0, 0, 0, , 0, 0, 0, 0, 0, 
969, 1, 923, 822, -1, 211, 162, 126.0, 13, ABplppapaaa, 0, 0, 0, 0, , 0, 0, 0, 0, 0, 
970, 1, 924, 823, -1, 208, 131, 133.0, 12, ABplppapaap, 0, 0, 0, 0, , 0, 0, 0, 0, 0, 
971, 1, 925, 824, -1, 226, 117, 135.0, 13, ABplppapapa, 0, 0, 0, 0, , 0, 0, 0, 0, 0, 
972, 1, 926, 825, -1, 246, 122, 139.0, 13, ABplppapapp, 0, 0, 0, 0, , 0, 0, 0, 0, 0, 
973, 0, 927, -1, -1, 208, 146, 135.0, 13, , 0, 0, 0, 0, , 0, 0, 0, 0, 0, 
974, 1, 928, 827, -1, 234, 118, 144.5, 13, ABplppapppa, 0, 0, 0, 0, , 0, 0, 0, 0, 0, 
975, 1, 929, 828, -1, 253, 125, 146.0, 12, ABplppapppp, 0, 0, 0, 0, , 0, 0, 0, 0, 0, 
976, 1, 930, 829, -1, 253, 149, 140.0, 13, ABplpppaaaa, 0, 0, 0, 0, , 0, 0, 0, 0, 0, 
977, 1, 931, 830, -1, 258, 138, 133.0, 12, ABplpppaaap, 0, 0, 0, 0, , 0, 0, 0, 0, 0, 
978, 1, 932, 831, -1, 291, 154, 126.0, 13, ABplpppaapa, 0, 0, 0, 0, , 0, 0, 0, 0, 0, 
979, 1, 933, 832, -1, 282, 169, 132.0, 12, ABplpppaapp, 0, 0, 0, 0, , 0, 0, 0, 0, 0, 
980, 1, 934, 833, -1, 276, 167, 143.0, 13, ABplpppapaa, 0, 0, 0, 0, , 0, 0, 0, 0, 0, 
981, 1, 935, 834, -1, 269, 159, 181.5, 13, ABplpppapap, 0, 0, 0, 0, , 0, 0, 0, 0, 0, 
982, 1, 936, 835, -1, 270, 131, 140.0, 12, ABplppppaaa, 0, 0, 0, 0, , 0, 0, 0, 0, 0, 
983, 1, 937, 836, -1, 287, 138, 142.0, 13, ABplppppaap, 0, 0, 0, 0, , 0, 0, 0, 0, 0, 
984, 0, 938, -1, -1, 256, 154, 152.0, 14, , 0, 0, 0, 0, , 0, 0, 0, 0, 0, 
985, 0, 939, -1, -1, 256, 154, 150.0, 12, , 0, 0, 0, 0, , 0, 0, 0, 0, 0, 
986, 0, 940, -1, -1, 259, 155, 152.5, 13, , 0, 0, 0, 0, , 0, 0, 0, 0, 0, 
987, 1, 941, 840, -1, 272, 148, 156.0, 13, ABplppppapp, 0, 0, 0, 0, , 0, 0, 0, 0, 0, 
988, 1, 942, 841, -1, 269, 156, 134.0, 12, Capappp, 0, 0, 0, 0, , 0, 0, 0, 0, 0, 
989, 1, 943, 842, -1, 290, 126, 131.0, 13, ABplpppppaa, 0, 0, 0, 0, , 0, 0, 0, 0, 0, 
990, 1, 944, 843, -1, 290, 139, 120.0, 13, ABplpppppap, 0, 0, 0, 0, , 0, 0, 0, 0, 0, 
991, 0, 945, -1, -1, 297, 154, 168.0, 13, , 0, 0, 0, 0, , 0, 0, 0, 0, 0, 
992, 0, 946, -1, -1, 295, 157, 179.0, 13, , 0, 0, 0, 0, , 0, 0, 0, 0, 0, 
993, 1, 947, 846, -1, 319, 148, 145.0, 14, Cappppd, 0, 0, 0, 0, , 0, 0, 0, 0, 0, 
994, 1, 948, 847, -1, 307, 154, 159.0, 14, ABplppppppp, 0, 0, 0, 0, , 0, 0, 0, 0, 0, 
995, 1, 949, 848, -1, 106, 133, 178.0, 13, ABpraaaaaap, 0, 0, 0, 0, , 0, 0, 0, 0, 0, 
996, 1, 950, 849, -1, 82, 122, 178.0, 13, ABpraaaaapd, 0, 0, 0, 0, , 0, 0, 0, 0, 0, 
997, 1, 951, 850, -1, 91, 121, 189.0, 13, ABpraaaaapv, 0, 0, 0, 0, , 0, 0, 0, 0, 0, 
998, 1, 952, 851, -1, 104, 129, 190.0, 13, ABpraaaapad, 0, 0, 0, 0, , 0, 0, 0, 0, 0, 
999, 1, 953, 852, -1, 134, 115, 207.0, 13, ABpraaaapav, 0, 0, 0, 0, , 0, 0, 0, 0, 0, 
1000, 1, 954, 853, -1, 117, 73, 184.0, 12, ABpraaaappp, 0, 0, 0, 0, , 0, 0, 0, 0, 0, 
1001, 1, 955, 854, -1, 129, 78, 180.0, 13, ABpraaapaad, 0, 0, 0, 0, , 0, 0, 0, 0, 0, 
1002, 0, 956, -1, -1, 106, 84, 166.0, 14, , 0, 0, 0, 0, , 0, 0, 0, 0, 0, 
1003, 1, 957, 856, -1, 108, 82, 165.0, 14, ABpraaapapa, 0, 0, 0, 0, , 0, 0, 0, 0, 0, 
1004, 1, 958, 857, -1, 143, 97, 192.5, 13, ABpraaappaa, 0, 0, 0, 0, , 0, 0, 0, 0, 0, 
1005, 1, 959, 858, -1, 137, 85, 195.0, 12, ABpraaappap, 0, 0, 0, 0, , 0, 0, 0, 0, 0, 
1006, 1, 960, 859, -1, 146, 76, 200.0, 12, ABpraaapppaa, 0, 0, 0, 0, , 0, 0, 0, 0, 0, 
1007, 1, 961, 860, -1, 158, 70, 201.0, 12, ABpraaapppap, 0, 0, 0, 0, , 0, 0, 0, 0, 0, 
1008, 1, 962, 861, -1, 121, 92, 208.0, 13, ABpraaappppa, 0, 0, 0, 0, , 0, 0, 0, 0, 0, 
1009, 1, 963, 862, -1, 140, 97, 213.0, 13, ABpraaappppp, 0, 0, 0, 0, , 0, 0, 0, 0, 0, 
1010, 0, 964, -1, -1, 81, 130, 143.0, 15, , 0, 0, 0, 0, , 0, 0, 0, 0, 0, 
1011, 1, 964, 864, -1, 81, 131, 144.0, 13, ABpraapaaaa, 0, 0, 0, 0, , 0, 0, 0, 0, 0, 
1012, 1, 965, 865, -1, 69, 120, 152.0, 13, ABpraapaaap, 0, 0, 0, 0, , 0, 0, 0, 0, 0, 
1013, 1, 966, 866, -1, 96, 97, 178.0, 12, ABpraapaapa, 0, 0, 0, 0, , 0, 0, 0, 0, 0, 
1014, 1, 967, 867, -1, 96, 97, 189.0, 14, ABpraapaapp, 0, 0, 0, 0, , 0, 0, 0, 0, 0, 
1015, 1, 968, 868, -1, 161, 81, 188.5, 12, ABpraapapaa, 0, 0, 0, 0, , 0, 0, 0, 0, 0, 
1016, 1, 969, 869, -1, 152, 65, 186.0, 13, ABpraapapap, 0, 0, 0, 0, , 0, 0, 0, 0, 0, 
1017, 1, 970, 870, -1, 144, 68, 180.0, 12, ABpraapappa, 0, 0, 0, 0, , 0, 0, 0, 0, 0, 
1018, 1, 971, 871, -1, 134, 66, 189.0, 15, ABpraapappp, 0, 0, 0, 0, , 0, 0, 0, 0, 0, 
1019, 1, 972, 872, -1, 107, 162, 173.5, 11, ABpraappaa, 0, 0, 0, 0, , 0, 0, 0, 0, 0, 
1020, 1, 973, 873, -1, 111, 162, 160.0, 13, ABalpapaaap, 0, 0, 0, 0, , 0, 0, 0, 0, 0, 
1021, 1, 974, 874, -1, 144, 149, 198.0, 13, ABpraappap, 0, 0, 0, 0, , 0, 0, 0, 0, 0, 
1022, 1, 975, 875, -1, 178, 154, 196.0, 12, ABpraapppa, 0, 0, 0, 0, , 0, 0, 0, 0, 0, 
1023, 1, 976, 876, -1, 186, 88, 206.5, 12, ABpraapppp, 0, 0, 0, 0, , 0, 0, 0, 0, 0, 
1024, 1, 977, 877, -1, 140, 50, 169.0, 14, ABprapaaaap, 0, 0, 0, 0, , 0, 0, 0, 0, 0, 
1025, 1, 978, 878, -1, 170, 68, 192.0, 13, ABprapaaapa, 0, 0, 0, 0, , 0, 0, 0, 0, 0, 
1026, 1, 979, 879, -1, 184, 59, 182.5, 13, ABprapaaapp, 0, 0, 0, 0, , 0, 0, 0, 0, 0, 
1027, 1, 981, 880, -1, 181, 139, 191.0, 13, ABarappappp, 0, 0, 0, 0, , 0, 0, 0, 0, 0, 
1028, 1, 980, 881, -1, 193, 141, 193.0, 11, ABprapaapa, 0, 0, 0, 0, , 0, 0, 0, 0, 0, 
1029, 1, 982, 882, -1, 200, 82, 195.5, 14, ABprapaapp, 0, 0, 0, 0, , 0, 0, 0, 0, 0, 
1030, 1, 983, 883, -1, 278, 89, 194.0, 15, ABprapapap, 0, 0, 0, 0, , 0, 0, 0, 0, 0, 
1031, 1, 984, 884, -1, 284, 105, 204.5, 15, ABprapappa, 0, 0, 0, 0, , 0, 0, 0, 0, 0, 
1032, 1, 985, 885, -1, 325, 118, 171.5, 14, ABprapapppp, 0, 0, 0, 0, , 0, 0, 0, 0, 0, 
1033, 0, 986, -1, -1, 304, 101, 196.0, 13, , 0, 0, 0, 0, , 0, 0, 0, 0, 0, 
1034, 1, 987, 887, -1, 323, 94, 183.0, 13, ABprapppaap, 0, 0, 0, 0, , 0, 0, 0, 0, 0, 
1035, 1, 988, 888, -1, 276, 142, 195.0, 17, ABprappppa, 0, 0, 0, 0, , 0, 0, 0, 0, 0, 
1036, 1, 989, 889, -1, 320, 132, 179.5, 16, ABprappppp, 0, 0, 0, 0, , 0, 0, 0, 0, 0, 
1037, 1, 990, 890, -1, 309, 120, 179.0, 14, ABprapppapp, 0, 0, 0, 0, , 0, 0, 0, 0, 0, 
1038, 1, 991, 891, -1, 142, 107, 202.0, 15, ABprpaaaaap, 0, 0, 0, 0, , 0, 0, 0, 0, 0, 
1039, 1, 992, 892, -1, 187, 159, 178.0, 14, ABprpaaaapa, 0, 0, 0, 0, , 0, 0, 0, 0, 0, 
1040, 1, 993, 893, -1, 220, 132, 169.0, 14, ABprpaaaapp, 0, 0, 0, 0, , 0, 0, 0, 0, 0, 
1041, 0, 994, -1, -1, 109, 145, 173.5, 13, , 0, 0, 0, 0, , 0, 0, 0, 0, 0, 
1042, 1, 995, 895, -1, 108, 145, 174.0, 13, ABprpaaapaa, 0, 0, 0, 0, , 0, 0, 0, 0, 0, 
1043, 0, 996, -1, -1, 127, 152, 187.5, 13, , 0, 0, 0, 0, , 0, 0, 0, 0, 0, 
1044, 1, 997, 897, -1, 126, 128, 180.0, 13, ABprpaaappa, 0, 0, 0, 0, , 0, 0, 0, 0, 0, 
1045, 1, 998, 898, -1, 138, 127, 184.0, 13, ABprpaaappp, 0, 0, 0, 0, , 0, 0, 0, 0, 0, 
1046, 1, 999, 899, -1, 117, 87, 181.5, 13, ABprpaapaaa, 0, 0, 0, 0, , 0, 0, 0, 0, 0, 
1047, 1, 1000, 900, -1, 152, 95, 211.0, 13, ABprpaapaap, 0, 0, 0, 0, , 0, 0, 0, 0, 0, 
1048, 0, 1001, -1, -1, 83, 99, 183.0, 14, , 0, 0, 0, 0, , 0, 0, 0, 0, 0, 
1049, 1, 1002, 902, -1, 134, 139, 178.5, 11, ABalaapappp, 0, 0, 0, 0, , 0, 0, 0, 0, 0, 
1050, 1, 1003, 903, -1, 118, 145, 189.0, 13, ABprpaaapap, 0, 0, 0, 0, , 0, 0, 0, 0, 0, 
1051, 1, 1004, 904, -1, 128, 153, 187.0, 12, ABprpaapapp, 0, 0, 0, 0, , 0, 0, 0, 0, 0, 
1052, 1, 1005, 905, -1, 158, 91, 198.0, 15, ABprpaappaa, 0, 0, 0, 0, , 0, 0, 0, 0, 0, 
1053, 0, 1006, -1, -1, 187, 75, 173.6923, 14, , 0, 0, 0, 0, , 0, 0, 0, 0, 0, 
1054, 1, 1007, 907, -1, 161, 85, 208.0, 12, ABprpaappap, 0, 0, 0, 0, , 0, 0, 0, 0, 0, 
1055, 0, 1008, -1, -1, 164, 139, 195.0, 13, , 0, 0, 0, 0, , 0, 0, 0, 0, 0, 
1056, 1, 1009, 909, -1, 165, 138, 193.0, 13, ABprpaapppa, 0, 0, 0, 0, , 0, 0, 0, 0, 0, 
1057, 1, 1010, 910, -1, 148, 146, 190.0, 15, ABprpaapppp, 0, 0, 0, 0, , 0, 0, 0, 0, 0, 
1058, 0, 1011, -1, -1, 152, 144, 182.0, 14, , 0, 0, 0, 0, , 0, 0, 0, 0, 0, 
1059, 1, 1012, 912, -1, 176, 144, 178.0, 13, ABprpapaaap, 0, 0, 0, 0, , 0, 0, 0, 0, 0, 
1060, 0, 1013, -1, -1, 154, 142, 173.0, 13, , 0, 0, 0, 0, , 0, 0, 0, 0, 0, 
1061, 1, 1014, 1012, -1, 155, 142, 173.5, 15, ABprpapaapa, 0, 0, 0, 0, , 0, 0, 0, 0, 0, 
1062, 1, 1015, 915, -1, 162, 140, 170.0, 13, ABprpapaaaa, 0, 0, 0, 0, , 0, 0, 0, 0, 0, 
1063, 1, 1016, 916, -1, 153, 142, 182.0, 12, ABprpapaapp, 0, 0, 0, 0, , 0, 0, 0, 0, 0, 
1064, 1, 1017, 917, -1, 174, 122, 177.0, 13, ABprpapapaa, 0, 0, 0, 0, , 0, 0, 0, 0, 0, 
1065, 1, 1018, 918, -1, 171, 133, 182.0, 12, ABprpapapap, 0, 0, 0, 0, , 0, 0, 0, 0, 0, 
1066, 0, 1019, -1, -1, 191, 137, 183.0, 12, , 0, 0, 0, 0, , 0, 0, 0, 0, 0, 
1067, 0, 1020, -1, -1, 191, 136, 182.0, 12, , 0, 0, 0, 0, , 0, 0, 0, 0, 0, 
1068, 0, 1021, -1, -1, 191, 136, 181.0, 12, , 0, 0, 0, 0, , 0, 0, 0, 0, 0, 
1069, 0, 1022, -1, -1, 189, 133, 184.0, 12, , 0, 0, 0, 0, , 0, 0, 0, 0, 0, 
1070, 0, 1023, -1, -1, 190, 132, 185.0, 12, , 0, 0, 0, 0, , 0, 0, 0, 0, 0, 
1071, 1, 1024, 924, -1, 257, 124, 158.0, 14, ABprpapappp, 0, 0, 0, 0, , 0, 0, 0, 0, 0, 
1072, 1, 1025, 925, -1, 136, 158, 158.0, 13, ABprpappaaa, 0, 0, 0, 0, , 0, 0, 0, 0, 0, 
1073, 1, 1026, 926, -1, 167, 156, 170.0, 15, ABprpappaap, 0, 0, 0, 0, , 0, 0, 0, 0, 0, 
1074, 1, 1027, 927, -1, 178, 134, 166.0, 13, ABprpappapa, 0, 0, 0, 0, , 0, 0, 0, 0, 0, 
1075, 1, 1028, 928, -1, 226, 130, 152.0, 13, ABprpappapp, 0, 0, 0, 0, , 0, 0, 0, 0, 0, 
1076, 0, 1029, -1, -1, 152, 144, 161.0, 11, , 0, 0, 0, 0, , 0, 0, 0, 0, 0, 
1077, 1, 1030, 930, -1, 154, 139, 154.0, 13, ABprpapppaa, 0, 0, 0, 0, , 0, 0, 0, 0, 0, 
1078, 0, 1031, -1, -1, 206, 126, 172.0, 12, , 0, 0, 0, 0, , 0, 0, 0, 0, 0, 
1079, 1, 1031, 931, -1, 205, 127, 175.0, 12, ABprpapppap, 0, 0, 0, 0, , 0, 0, 0, 0, 0, 
1080, 0, 1032, -1, -1, 282, 114, 169.0, 12, , 0, 0, 0, 0, , 0, 0, 0, 0, 0, 
1081, 1, 1033, 933, -1, 293, 137, 151.0, 12, ABprpappppp, 0, 0, 0, 0, , 0, 0, 0, 0, 0, 
1082, 1, 1034, 934, -1, 151, 128, 208.5, 12, ABprppaaaaa, 0, 0, 0, 0, , 0, 0, 0, 0, 0, 
1083, 1, 1035, 935, -1, 159, 111, 210.5, 13, ABprppaaaap, 0, 0, 0, 0, , 0, 0, 0, 0, 0, 
1084, 1, 1036, 936, -1, 164, 126, 203.0, 13, ABprppaapap, 0, 0, 0, 0, , 0, 0, 0, 0, 0, 
1085, 0, 1037, -1, -1, 199, 138, 171.0, 13, , 0, 0, 0, 0, , 0, 0, 0, 0, 0, 
1086, 1, 1038, 938, -1, 247, 119, 171.0, 12, ABprppaappp, 0, 0, 0, 0, , 0, 0, 0, 0, 0, 
1087, 1, 1039, 939, -1, 203, 131, 190.0, 12, ABprppapaaa, 0, 0, 0, 0, , 0, 0, 0, 0, 0, 
1088, 1, 1040, 940, -1, 213, 111, 160.0, 12, ABprppapaap, 0, 0, 0, 0, , 0, 0, 0, 0, 0, 
1089, 1, 1041, 941, -1, 231, 107, 166.0, 13, ABprppapapa, 0, 0, 0, 0, , 0, 0, 0, 0, 0, 
1090, 1, 1042, 942, -1, 252, 106, 164.33333, 13, ABprppapapp, 0, 0, 0, 0, , 0, 0, 0, 0, 0, 
1091, 1, 1043, 943, -1, 209, 121, 168.0, 13, ABprppappaa, 0, 0, 0, 0, , 0, 0, 0, 0, 0, 
1092, 1, 1044, 944, -1, 219, 116, 156.0, 12, ABprppappap, 0, 0, 0, 0, , 0, 0, 0, 0, 0, 
1093, 1, 1045, 945, -1, 242, 109, 162.0, 10, ABprppapppa, 0, 0, 0, 0, , 0, 0, 0, 0, 0, 
1094, 1, 1046, 946, -1, 258, 117, 174.0, 12, ABprppapppp, 0, 0, 0, 0, , 0, 0, 0, 0, 0, 
1095, 1, 1047, 947, -1, 253, 127, 184.0, 12, ABprpppaaaa, 0, 0, 0, 0, , 0, 0, 0, 0, 0, 
1096, 1, 1048, 948, -1, 262, 108, 179.5, 12, ABprpppaaap, 0, 0, 0, 0, , 0, 0, 0, 0, 0, 
1097, 0, 1049, -1, -1, 305, 104, 183.0, 14, , 0, 0, 0, 0, , 0, 0, 0, 0, 0, 
1098, 1, 1050, 950, -1, 305, 104, 185.5, 13, ABprpppaapa, 0, 0, 0, 0, , 0, 0, 0, 0, 0, 
1099, 1, 1051, 951, -1, 300, 113, 192.0, 12, ABprpppaapp, 0, 0, 0, 0, , 0, 0, 0, 0, 0, 
1100, 1, 1052, 952, -1, 291, 125, 189.0, 12, ABprpppapaa, 0, 0, 0, 0, , 0, 0, 0, 0, 0, 
1101, 0, 1053, -1, -1, 286, 164, 179.0, 12, , 0, 0, 0, 0, , 0, 0, 0, 0, 0, 
1102, 1, 1054, 954, -1, 286, 166, 171.5, 13, ABprpppapap, 0, 0, 0, 0, , 0, 0, 0, 0, 0, 
1103, 1, 1055, 955, -1, 286, 158, 153.5, 15, Cappppv, 0, 0, 0, 0, , 0, 0, 0, 0, 0, 
1104, 1, 1056, 956, -1, 282, 113, 167.0, 13, ABprppppaaa, 0, 0, 0, 0, , 0, 0, 0, 0, 0, 
1105, 0, 1057, -1, -1, 293, 124, 162.0, 12, , 0, 0, 0, 0, , 0, 0, 0, 0, 0, 
1106, 1, 1058, 958, -1, 289, 126, 169.0, 12, ABprppppaap, 0, 0, 0, 0, , 0, 0, 0, 0, 0, 
1107, 1, 1059, 959, -1, 295, 128, 159.0, 12, ABprpappppa, 0, 0, 0, 0, , 0, 0, 0, 0, 0, 
1108, 1, 1060, 960, -1, 264, 129, 188.0, 15, ABprppppapa, 0, 0, 0, 0, , 0, 0, 0, 0, 0, 
1109, 1, 1061, 961, -1, 277, 134, 177.5, 14, ABprppppapp, 0, 0, 0, 0, , 0, 0, 0, 0, 0, 
1110, 1, 1062, 962, -1, 274, 102, 165.0, 13, ABprpppppaa, 0, 0, 0, 0, , 0, 0, 0, 0, 0, 
1111, 1, 1063, 963, -1, 297, 103, 167.0, 15, ABprpppppap, 0, 0, 0, 0, , 0, 0, 0, 0, 0, 
1112, 1, 1064, 964, -1, 296, 152, 167.5, 13, ABplppppppa, 0, 0, 0, 0, , 0, 0, 0, 0, 0, 
1113, 1, 1065, 965, -1, 296, 157, 180.0, 13, ABprppppppa, 0, 0, 0, 0, , 0, 0, 0, 0, 0, 
1114, 1, 1066, 966, -1, 309, 144, 175.0, 13, ABprppppppp, 0, 0, 0, 0, , 0, 0, 0, 0, 0, 
1115, 0, 1067, -1, -1, 89, 144, 125.0, 11, , 0, 0, 0, 0, , 0, 0, 0, 0, 0, 
1116, 0, 1068, -1, -1, 87, 143, 123.0, 12, , 0, 0, 0, 0, , 0, 0, 0, 0, 0, 
1117, 0, 1069, -1, -1, 89, 145, 126.0, 11, , 0, 0, 0, 0, , 0, 0, 0, 0, 0, 
1118, 1, 1070, 970, -1, 98, 149, 130.0, 12, ABalaaaalpp, 0, 0, 0, 0, , 0, 0, 0, 0, 0, 
1119, 0, 1071, -1, -1, 112, 148, 113.0, 15, , 0, 0, 0, 0, , 0, 0, 0, 0, 0, 
1120, 1, 1072, 972, -1, 116, 149, 106.0, 15, ABalapaappa, 0, 0, 0, 0, , 0, 0, 0, 0, 0, 
1121, 1, 1073, 973, -1, 95, 113, 82.0, 12, ABalapapppp, 0, 0, 0, 0, , 0, 0, 0, 0, 0, 
1122, 0, 1074, -1, -1, 101, 78, 158.27869, 12, , 0, 0, 0, 0, , 0, 0, 0, 0, 0, 
1123, 1, 1075, 975, -1, 98, 69, 173.0, 12, ABalappapaa, 0, 0, 0, 0, , 0, 0, 0, 0, 0, 
1124, 0, 1076, -1, -1, 78, 89, 170.0, 12, , 0, 0, 0, 0, , 0, 0, 0, 0, 0, 
1125, 0, 1077, -1, -1, 78, 89, 171.0, 12, , 0, 0, 0, 0, , 0, 0, 0, 0, 0, 
1126, 1, 1078, 978, -1, 82, 105, 181.0, 13, ABprpaapapa, 0, 0, 0, 0, , 0, 0, 0, 0, 0, 
1127, 1, 1079, 979, -1, 80, 89, 172.0, 12, ABalappappp, 0, 0, 0, 0, , 0, 0, 0, 0, 0, 
1128, 0, 1080, -1, -1, 99, 127, 132.0, 13, , 0, 0, 0, 0, , 0, 0, 0, 0, 0, 
1129, 0, 1081, -1, -1, 99, 125, 130.0, 13, , 0, 0, 0, 0, , 0, 0, 0, 0, 0, 
1130, 0, 1082, -1, -1, 99, 125, 130.0, 13, , 0, 0, 0, 0, , 0, 0, 0, 0, 0, 
1131, 1, 1083, 983, -1, 96, 142, 136.0, 12, ABalpaapppp, 0, 0, 0, 0, , 0, 0, 0, 0, 0, 
1132, 1, 1084, 984, -1, 97, 140, 90.0, 14, ABplaapaapa, 0, 0, 0, 0, , 0, 0, 0, 0, 0, 
1133, 1, 1085, 985, -1, 102, 148, 80.0, 15, ABplaapaapp, 0, 0, 0, 0, , 0, 0, 0, 0, 0, 
1134, 0, 1086, -1, -1, 148, 127, 110.82353, 15, , 0, 0, 0, 0, , 0, 0, 0, 0, 0, 
1135, 0, 1087, -1, -1, 155, 127, 107.0, 15, , 0, 0, 0, 0, , 0, 0, 0, 0, 0, 
1136, 1, 1088, 988, -1, 183, 173, 127.0, 13, ABalpapappp, 0, 0, 0, 0, , 0, 0, 0, 0, 0, 
1137, 1, 1089, 989, -1, 155, 178, 140.0, 14, ABplpaapppp, 0, 0, 0, 0, , 0, 0, 0, 0, 0, 
1138, 1, 1090, 990, -1, 182, 164, 89.0, 14, ABplppaaaap, 0, 0, 0, 0, , 0, 0, 0, 0, 0, 
1139, 0, 1091, -1, -1, 112, 159, 124.0, 12, , 0, 0, 0, 0, , 0, 0, 0, 0, 0, 
1140, 0, 1092, -1, -1, 109, 161, 122.0, 12, , 0, 0, 0, 0, , 0, 0, 0, 0, 0, 
1141, 0, 1093, -1, -1, 107, 162, 125.0, 12, , 0, 0, 0, 0, , 0, 0, 0, 0, 0, 
1142, 0, 1094, -1, -1, 112, 161, 117.0, 12, , 0, 0, 0, 0, , 0, 0, 0, 0, 0, 
1143, 1, 1095, 995, -1, 98, 122, 153.0, 12, ABaraaapppp, 0, 0, 0, 0, , 0, 0, 0, 0, 0, 
1144, 1, 1096, 996, -1, 118, 86, 110.0, 14, ABaraapaaap, 0, 0, 0, 0, , 0, 0, 0, 0, 0, 
1145, 1, 1097, 997, -1, 125, 74, 100.0, 15, MSaaapaaa, 0, 0, 0, 0, , 0, 0, 0, 0, 0, 
1146, 1, 1098, 998, -1, 142, 169, 125.0, 13, ABalppaappp, 0, 0, 0, 0, , 0, 0, 0, 0, 0, 
1147, 1, 1099, 999, -1, 120, 151, 154.0, 13, ABarappaapa, 0, 0, 0, 0, , 0, 0, 0, 0, 0, 
1148, 1, 1100, 1000, -1, 113, 128, 92.0, 15, ABalppppapa, 0, 0, 0, 0, , 0, 0, 0, 0, 0, 
1149, 1, 1101, 1001, -1, 273, 129, 109.0, 16, MSappaap, 0, 0, 0, 0, , 0, 0, 0, 0, 0, 
1150, 0, 1102, -1, -1, 136, 155, 103.0, 15, , 0, 0, 0, 0, , 0, 0, 0, 0, 0, 
1151, 1, 1103, 1003, -1, 138, 158, 98.0, 15, ABalapaapaa, 0, 0, 0, 0, , 0, 0, 0, 0, 0, 
1152, 0, 1104, -1, -1, 164, 151, 123.0, 15, , 0, 0, 0, 0, , 0, 0, 0, 0, 0, 
1153, 0, 1105, -1, -1, 160, 158, 121.0, 15, , 0, 0, 0, 0, , 0, 0, 0, 0, 0, 
1154, 0, 1106, -1, -1, 160, 157, 121.0, 15, , 0, 0, 0, 0, , 0, 0, 0, 0, 0, 
1155, 0, 1107, -1, -1, 171, 153, 119.5, 15, , 0, 0, 0, 0, , 0, 0, 0, 0, 0, 
1156, 1, 1108, 1008, -1, 178, 162, 148.0, 12, ABplpapaaap, 0, 0, 0, 0, , 0, 0, 0, 0, 0, 
1157, 1, 1109, 1009, -1, 156, 156, 152.0, 13, ABplpapaapa, 0, 0, 0, 0, , 0, 0, 0, 0, 0, 
1158, 1, 1110, 1010, -1, 159, 158, 157.0, 13, ABalpapapaa, 0, 0, 0, 0, , 0, 0, 0, 0, 0, 
1159, 1, 1111, 1013, -1, 179, 161, 136.0, 13, ABplpapapap, 0, 0, 0, 0, , 0, 0, 0, 0, 0, 
1160, 1, 1112, 1014, -1, 184, 150, 131.0, 14, ABplpapapaa, 0, 0, 0, 0, , 0, 0, 0, 0, 0, 
1161, 1, 1113, 1015, -1, 227, 117, 122.0, 13, MSaappppa, 0, 0, 0, 0, , 0, 0, 0, 0, 0, 
1162, 1, 1114, 1016, -1, 216, 125, 117.0, 14, MSaapppap, 0, 0, 0, 0, , 0, 0, 0, 0, 0, 
1163, 0, 1115, -1, -1, 208, 145, 136.0, 13, , 0, 0, 0, 0, , 0, 0, 0, 0, 0, 
1164, 0, 1116, -1, -1, 203, 145, 154.0, 12, , 0, 0, 0, 0, , 0, 0, 0, 0, 0, 
1165, 1, 1117, 1019, -1, 204, 145, 155.5, 11, ABplppaappa, 0, 0, 0, 0, , 0, 0, 0, 0, 0, 
1166, 0, 1118, -1, -1, 208, 144, 140.5, 12, , 0, 0, 0, 0, , 0, 0, 0, 0, 0, 
1167, 0, 1119, -1, -1, 199, 139, 172.0, 13, , 0, 0, 0, 0, , 0, 0, 0, 0, 0, 
1168, 0, 1120, -1, -1, 199, 137, 169.0, 13, , 0, 0, 0, 0, , 0, 0, 0, 0, 0, 
1169, 1, 1121, 1022, -1, 243, 128, 155.0, 13, ABplppaappp, 0, 0, 0, 0, , 0, 0, 0, 0, 0, 
1170, 1, 1122, 1023, -1, 236, 119, 157.5, 13, ABplpapappp, 0, 0, 0, 0, , 0, 0, 0, 0, 0, 
1171, 0, 1123, -1, -1, 245, 124, 150.0, 13, , 0, 0, 0, 0, , 0, 0, 0, 0, 0, 
1172, 1, 1124, 1025, -1, 213, 127, 144.0, 13, ABplppappap, 0, 0, 0, 0, , 0, 0, 0, 0, 0, 
1173, 1, 1125, 1026, -1, 257, 152, 150.0, 12, ABplppppapa, 0, 0, 0, 0, , 0, 0, 0, 0, 0, 
1174, 0, 1126, -1, -1, 109, 116, 191.0, 12, , 0, 0, 0, 0, , 0, 0, 0, 0, 0, 
1175, 1, 1127, 1028, -1, 111, 117, 193.0, 12, ABpraaaaaaa, 0, 0, 0, 0, , 0, 0, 0, 0, 0, 
1176, 1, 1128, 1029, -1, 92, 133, 182.0, 13, ABalaappapp, 0, 0, 0, 0, , 0, 0, 0, 0, 0, 
1177, 0, 1129, -1, -1, 102, 118, 174.0, 12, , 0, 0, 0, 0, , 0, 0, 0, 0, 0, 
1178, 0, 1130, -1, -1, 98, 122, 161.0, 13, , 0, 0, 0, 0, , 0, 0, 0, 0, 0, 
1179, 0, 1131, -1, -1, 96, 122, 163.5, 13, , 0, 0, 0, 0, , 0, 0, 0, 0, 0, 
1180, 1, 1132, 1033, -1, 97, 122, 164.0, 13, ABalaapaapp, 0, 0, 0, 0, , 0, 0, 0, 0, 0, 
1181, 1, 1133, 1034, -1, 111, 115, 189.0, 12, ABalaappapa, 0, 0, 0, 0, , 0, 0, 0, 0, 0, 
1182, 1, 1134, 1035, -1, 155, 87, 179.0, 14, MSppppaa, 0, 0, 0, 0, , 0, 0, 0, 0, 0, 
1183, 1, 1135, 1036, -1, 151, 119, 185.0, 15, MSpppapp, 0, 0, 0, 0, , 0, 0, 0, 0, 0, 
1184, 0, 1136, -1, -1, 186, 138, 154.5, 17, , 0, 0, 0, 0, , 0, 0, 0, 0, 0, 
1185, 0, 1137, -1, -1, 191, 154, 166.0, 15, , 0, 0, 0, 0, , 0, 0, 0, 0, 0, 
1186, 1, 1138, 1039, -1, 184, 140, 162.5, 15, ABplpappaap, 0, 0, 0, 0, , 0, 0, 0, 0, 0, 
1187, 1, 1139, 1040, -1, 305, 101, 191.5, 14, ABprapppaaa, 0, 0, 0, 0, , 0, 0, 0, 0, 0, 
1188, 0, 1140, -1, -1, 102, 147, 124.0, 12, , 0, 0, 0, 0, , 0, 0, 0, 0, 0, 
1189, 1, 1141, 1042, -1, 99, 127, 132.0, 13, ABalpaapppa, 0, 0, 0, 0, , 0, 0, 0, 0, 0, 
1190, 1, 1142, 1043, -1, 98, 120, 121.0, 14, ABalaaaarlp, 0, 0, 0, 0, , 0, 0, 0, 0, 0, 
1191, 0, 1143, -1, -1, 89, 145, 126.0, 13, , 0, 0, 0, 0, , 0, 0, 0, 0, 0, 
1192, 0, 1144, -1, -1, 82, 130, 101.0, 13, , 0, 0, 0, 0, , 0, 0, 0, 0, 0, 
1193, 0, 1144, -1, -1, 83, 131, 103.0, 13, , 0, 0, 0, 0, , 0, 0, 0, 0, 0, 
1194, 0, 1145, -1, -1, 89, 144, 126.0, 13, , 0, 0, 0, 0, , 0, 0, 0, 0, 0, 
1195, 1, 1146, 1048, -1, 89, 73, 171.0, 12, ABalapppppa, 0, 0, 0, 0, , 0, 0, 0, 0, 0, 
1196, 0, 1147, -1, -1, 112, 160, 122.0, 12, , 0, 0, 0, 0, , 0, 0, 0, 0, 0, 
1197, 0, 1148, -1, -1, 114, 151, 114.0, 12, , 0, 0, 0, 0, , 0, 0, 0, 0, 0, 
1198, 1, 1149, 1051, -1, 127, 150, 121.0, 12, ABalppaaapa, 0, 0, 0, 0, , 0, 0, 0, 0, 0, 
1199, 0, 1150, -1, -1, 112, 161, 120.0, 12, , 0, 0, 0, 0, , 0, 0, 0, 0, 0, 
1200, 0, 1150, -1, -1, 111, 161, 121.0, 12, , 0, 0, 0, 0, , 0, 0, 0, 0, 0, 
1201, 1, 1151, 1055, -1, 111, 161, 121.5, 12, ABalppaaapp, 0, 0, 0, 0, , 0, 0, 0, 0, 0, 
1202, 1, 1152, 1056, -1, 172, 171, 134.0, 12, ABplpaapppa, 0, 0, 0, 0, , 0, 0, 0, 0, 0, 
1203, 0, 1153, -1, -1, 173, 170, 128.5, 13, , 0, 0, 0, 0, , 0, 0, 0, 0, 0, 
1204, 1, 1154, 1058, -1, 205, 103, 123.0, 14, MSaapappp, 0, 0, 0, 0, , 0, 0, 0, 0, 0, 
1205, 1, 1155, 1059, -1, 203, 106, 143.0, 14, MSaappaa, 0, 0, 0, 0, , 0, 0, 0, 0, 0, 
1206, 1, 1156, 1060, -1, 156, 127, 106.5, 15, ABalpappaap, 0, 0, 0, 0, , 0, 0, 0, 0, 0, 
1207, 1, 1157, 1061, -1, 192, 136, 181.0, 12, ABprpapappa, 0, 0, 0, 0, , 0, 0, 0, 0, 0, 
1208, 1, 1158, 1062, -1, 199, 136, 169.0, 13, ABprppaappa, 0, 0, 0, 0, , 0, 0, 0, 0, 0, 
1209, 1, 1159, 1063, -1, 202, 143, 118.0, 14, MSaapppaa, 0, 0, 0, 0, , 0, 0, 0, 0, 0, 
1210, 0, 1160, -1, -1, 158, 160, 129.5, 15, , 0, 0, 0, 0, , 0, 0, 0, 0, 0, 
1211, 1, 1161, 1065, -1, 161, 151, 124.0, 15, MSappapp, 0, 0, 0, 0, , 0, 0, 0, 0, 0, 
1212, 1, 1162, 1066, -1, 163, 162, 75.5, 14, ABplpaapaap, 0, 0, 0, 0, , 0, 0, 0, 0, 0, 
1213, 1, 1163, 1067, -1, 173, 152, 70.5, 13, ABplpaappap, 0, 0, 0, 0, , 0, 0, 0, 0, 0, 
1214, 1, 1164, 1068, -1, 86, 125, 131.0, 15, ABplaapaaaa, 0, 0, 0, 0, , 0, 0, 0, 0, 0, 
1215, 1, 1165, 1069, -1, 211, 139, 157.0, 13, ABarappappa, 0, 0, 0, 0, , 0, 0, 0, 0, 0, 
1216, 1, 1166, 1070, -1, 209, 146, 133.0, 13, ABplppappaa, 0, 0, 0, 0, , 0, 0, 0, 0, 0, 
1217, 1, 1167, 1071, -1, 146, 123, 127.0, 13, ABalpaaaapa, 0, 0, 0, 0, , 0, 0, 0, 0, 0, 
1218, 1, 1168, 1072, -1, 175, 173, 106.0, 14, ABplppaapap, 0, 0, 0, 0, , 0, 0, 0, 0, 0, 
1219, 1, 1169, 1073, -1, 87, 126, 91.0, 14, ABalapaaapa, 0, 0, 0, 0, , 0, 0, 0, 0, 0, 
1220, 1, 1170, 1074, -1, 82, 130, 101.0, 13, ABalaaaalal, 0, 0, 0, 0, , 0, 0, 0, 0, 0, 
1221, 1, 1171, 1075, -1, 76, 95, 116.5, 13, ABalappaapa, 0, 0, 0, 0, , 0, 0, 0, 0, 0, 
