1, 0, 1, -1, -1, 182, 56, 182.0, 9, , 76, 0, 0, 0, , 0, 0, 0, 0, 0, 
2, 0, 2, -1, -1, 289, 123, 187.0, 9, , 40, 0, 0, 0, , 0, 0, 0, 0, 0, 
3, 0, 3, -1, -1, 168, 137, 192.0, 9, , 69, 0, 0, 0, , 0, 0, 0, 0, 0, 
4, 0, 4, -1, -1, 164, 138, 194.0, 9, , 49, 0, 0, 0, , 0, 0, 0, 0, 0, 
5, 0, 5, -1, -1, 121, 165, 130.0, 9, , 6, 0, 0, 0, , 0, 0, 0, 0, 0, 
6, 0, 6, -1, -1, 129, 140, 133.0, 7, , 15, 0, 0, 0, , 0, 0, 0, 0, 0, 
7, 0, 7, -1, -1, 181, 119, 109.0, 7, , 28, 0, 0, 0, , 0, 0, 0, 0, 0, 
8, 0, 9, -1, -1, 199, 83, 193.0, 9, , 30, 0, 0, 0, , 0, 0, 0, 0, 0, 
9, 0, 10, -1, -1, 184, 134, 189.0, 9, , 13, 0, 0, 0, , 0, 0, 0, 0, 0, 
10, 0, 11, -1, -1, 197, 172, 140.0, 13, , 52, 0, 0, 0, , 0, 0, 0, 0, 0, 
11, 0, 14, -1, -1, 114, 97, 117.0, 11, , 50, 0, 0, 0, , 0, 0, 0, 0, 0, 
12, 0, 15, -1, -1, 123, 119, 172.0, 11, , 25, 0, 0, 0, , 0, 0, 0, 0, 0, 
13, 0, 16, -1, -1, 296, 65, 175.0, 11, , 23, 0, 0, 0, , 0, 0, 0, 0, 0, 
14, 0, 17, -1, -1, 270, 77, 186.0, 13, , 146, 0, 0, 0, , 0, 0, 0, 0, 0, 
15, 0, 18, -1, -1, 166, 123, 203.0, 11, , 30, 0, 0, 0, , 0, 0, 0, 0, 0, 
16, 0, 19, -1, -1, 178, 114, 98.0, 9, , 45, 0, 0, 0, , 0, 0, 0, 0, 0, 
17, 0, 20, -1, -1, 116, 87, 96.0, 9, , 39, 0, 0, 0, , 0, 0, 0, 0, 0, 
18, 0, 21, -1, -1, 114, 86, 121.0, 7, , 28, 0, 0, 0, , 0, 0, 0, 0, 0, 
19, 0, 23, -1, -1, 144, 105, 203.0, 9, , 47, 0, 0, 0, , 0, 0, 0, 0, 0, 
20, 0, 24, -1, -1, 129, 73, 165.0, 9, , 6, 0, 0, 0, , 0, 0, 0, 0, 0, 
21, 0, 25, -1, -1, 261, 108, 180.0, 11, , 51, 0, 0, 0, , 0, 0, 0, 0, 0, 
22, 0, 26, -1, -1, 153, 122, 153.0, 7, , 40, 0, 0, 0, , 0, 0, 0, 0, 0, 
23, 0, 27, -1, -1, 152, 128, 207.0, 11, , 53, 0, 0, 0, , 0, 0, 0, 0, 0, 
24, 0, 29, -1, -1, 147, 153, 165.0, 11, , 52, 0, 0, 0, , 0, 0, 0, 0, 0, 
25, 0, 30, -1, -1, 218, 142, 141.0, 9, , 69, 0, 0, 0, , 0, 0, 0, 0, 0, 
26, 0, 31, -1, -1, 252, 106, 164.0, 9, , 43, 0, 0, 0, , 0, 0, 0, 0, 0, 
27, 0, 32, -1, -1, 198, 75, 197.0, 7, , 16, 0, 0, 0, , 0, 0, 0, 0, 0, 
28, 0, 33, -1, -1, 124, 166, 166.0, 7, , 45, 0, 0, 0, , 0, 0, 0, 0, 0, 
29, 0, 34, -1, -1, 131, 134, 147.0, 9, , 31, 0, 0, 0, , 0, 0, 0, 0, 0, 
30, 0, 35, -1, -1, 116, 83, 108.0, 9, , 86, 0, 0, 0, , 0, 0, 0, 0, 0, 
31, 0, 36, -1, -1, 159, 84, 208.0, 9, , 30, 0, 0, 0, , 0, 0, 0, 0, 0, 
32, 0, 37, -1, -1, 133, 59, 156.0, 9, , 32, 0, 0, 0, , 0, 0, 0, 0, 0, 
33, 0, 38, -1, -1, 150, 154, 170.0, 9, , 8, 0, 0, 0, , 0, 0, 0, 0, 0, 
34, 0, 39, -1, -1, 157, 65, 184.0, 9, , 33, 0, 0, 0, , 0, 0, 0, 0, 0, 
35, 0, 40, -1, -1, 151, 94, 209.0, 9, , 46, 0, 0, 0, , 0, 0, 0, 0, 0, 
36, 0, 41, -1, -1, 208, 137, 164.0, 11, , 40, 0, 0, 0, , 0, 0, 0, 0, 0, 
37, 0, 42, -1, -1, 140, 127, 185.0, 9, , 37, 0, 0, 0, , 0, 0, 0, 0, 0, 
38, 0, 44, -1, -1, 169, 107, 206.0, 7, , 12, 0, 0, 0, , 0, 0, 0, 0, 0, 
39, 0, 45, -1, -1, 156, 65, 189.0, 9, , 27, 0, 0, 0, , 0, 0, 0, 0, 0, 
40, 0, 46, -1, -1, 218, 72, 191.0, 13, , 108, 0, 0, 0, , 0, 0, 0, 0, 0, 
41, 0, 47, -1, -1, 142, 85, 171.0, 9, , 6, 0, 0, 0, , 0, 0, 0, 0, 0, 
42, 0, 49, -1, -1, 99, 94, 180.0, 9, , 55, 0, 0, 0, , 0, 0, 0, 0, 0, 
43, 0, 50, -1, -1, 216, 73, 187.0, 9, , 34, 0, 0, 0, , 0, 0, 0, 0, 0, 
44, 0, 51, -1, -1, 97, 94, 188.0, 9, , 54, 0, 0, 0, , 0, 0, 0, 0, 0, 
45, 0, 52, -1, -1, 117, 145, 188.0, 9, , 26, 0, 0, 0, , 0, 0, 0, 0, 0, 
46, 0, 54, -1, -1, 121, 177, 126.0, 9, , 37, 0, 0, 0, , 0, 0, 0, 0, 0, 
47, 0, 55, -1, -1, 175, 96, 162.0, 9, , 24, 0, 0, 0, , 0, 0, 0, 0, 0, 
48, 0, 56, -1, -1, 174, 99, 206.0, 9, , 14, 0, 0, 0, , 0, 0, 0, 0, 0, 
49, 0, 57, -1, -1, 108, 84, 119.0, 9, , 7, 0, 0, 0, , 0, 0, 0, 0, 0, 
50, 0, 58, -1, -1, 138, 127, 189.0, 9, , 45, 0, 0, 0, , 0, 0, 0, 0, 0, 
51, 0, 61, -1, -1, 125, 113, 186.0, 9, , 76, 0, 0, 0, , 0, 0, 0, 0, 0, 
52, 0, 63, -1, -1, 114, 86, 118.0, 9, , 23, 0, 0, 0, , 0, 0, 0, 0, 0, 
53, 0, 65, -1, -1, 306, 158, 99.0, 11, , 36, 0, 0, 0, , 0, 0, 0, 0, 0, 
54, 0, 66, -1, -1, 227, 41, 179.0, 11, , 26, 0, 0, 0, , 0, 0, 0, 0, 0, 
55, 0, 67, -1, -1, 222, 71, 189.0, 9, , 33, 0, 0, 0, , 0, 0, 0, 0, 0, 
56, 0, 68, -1, -1, 199, 81, 200.0, 9, , 34, 0, 0, 0, , 0, 0, 0, 0, 0, 
57, 0, 71, -1, -1, 99, 95, 179.0, 11, , 57, 0, 0, 0, , 0, 0, 0, 0, 0, 
58, 0, 72, -1, -1, 135, 180, 130.0, 7, , 27, 0, 0, 0, , 0, 0, 0, 0, 0, 
59, 0, 74, -1, -1, 170, 78, 168.0, 9, , 38, 0, 0, 0, , 0, 0, 0, 0, 0, 
60, 0, 75, -1, -1, 106, 155, 151.0, 7, , 24, 0, 0, 0, , 0, 0, 0, 0, 0, 
61, 0, 76, -1, -1, 73, 114, 174.0, 9, , 69, 0, 0, 0, , 0, 0, 0, 0, 0, 
62, 0, 78, -1, -1, 240, 62, 178.0, 7, , 37, 0, 0, 0, , 0, 0, 0, 0, 0, 
63, 0, 79, -1, -1, 124, 113, 192.0, 9, , 42, 0, 0, 0, , 0, 0, 0, 0, 0, 
64, 0, 80, -1, -1, 144, 86, 167.0, 9, , 34, 0, 0, 0, , 0, 0, 0, 0, 0, 
65, 0, 81, -1, -1, 184, 59, 186.0, 13, , 97, 0, 0, 0, , 0, 0, 0, 0, 0, 
66, 0, 82, -1, -1, 169, 72, 196.0, 9, , 7, 0, 0, 0, , 0, 0, 0, 0, 0, 
67, 0, 84, -1, -1, 324, 94, 182.0, 11, , 52, 0, 0, 0, , 0, 0, 0, 0, 0, 
68, 0, 85, -1, -1, 159, 89, 157.0, 9, , 84, 0, 0, 0, , 0, 0, 0, 0, 0, 
69, 0, 86, -1, -1, 116, 142, 175.0, 11, , 58, 0, 0, 0, , 0, 0, 0, 0, 0, 
70, 0, 88, -1, -1, 152, 117, 162.0, 9, , 40, 0, 0, 0, , 0, 0, 0, 0, 0, 
71, 0, 89, -1, -1, 183, 144, 189.0, 9, , 12, 0, 0, 0, , 0, 0, 0, 0, 0, 
72, 0, 90, -1, -1, 192, 140, 190.0, 9, , 51, 0, 0, 0, , 0, 0, 0, 0, 0, 
73, 0, 91, -1, -1, 123, 166, 162.0, 7, , 43, 0, 0, 0, , 0, 0, 0, 0, 0, 
74, 0, 94, -1, -1, 132, 106, 154.0, 9, , 102, 0, 0, 0, , 0, 0, 0, 0, 0, 
75, 0, 95, -1, -1, 140, 125, 182.0, 9, , 36, 0, 0, 0, , 0, 0, 0, 0, 0, 
76, 0, 96, -1, -1, 130, 177, 122.0, 9, , 26, 0, 0, 0, , 0, 0, 0, 0, 0, 
77, 0, 99, -1, -1, 143, 116, 154.0, 7, , 12, 0, 0, 0, , 0, 0, 0, 0, 0, 
78, 0, 101, -1, -1, 228, 35, 169.0, 9, , 36, 0, 0, 0, , 0, 0, 0, 0, 0, 
79, 0, 102, -1, -1, 223, 78, 186.0, 9, , 25, 0, 0, 0, , 0, 0, 0, 0, 0, 
80, 0, 104, -1, -1, 143, 116, 135.0, 7, , 26, 0, 0, 0, , 0, 0, 0, 0, 0, 
81, 0, 105, -1, -1, 194, 113, 150.0, 13, , 55, 0, 0, 0, , 0, 0, 0, 0, 0, 
82, 0, 106, -1, -1, 153, 119, 157.0, 9, , 157, 0, 0, 0, , 0, 0, 0, 0, 0, 
83, 0, 110, -1, -1, 149, 63, 179.0, 11, , 53, 0, 0, 0, , 0, 0, 0, 0, 0, 
84, 0, 111, -1, -1, 166, 140, 198.0, 9, , 40, 0, 0, 0, , 0, 0, 0, 0, 0, 
85, 0, 112, -1, -1, 134, 107, 149.0, 9, , 97, 0, 0, 0, , 0, 0, 0, 0, 0, 
86, 0, 113, -1, -1, 184, 62, 191.0, 9, , 54, 0, 0, 0, , 0, 0, 0, 0, 0, 
87, 0, 114, -1, -1, 134, 150, 106.0, 9, , 23, 0, 0, 0, , 0, 0, 0, 0, 0, 
88, 0, 115, -1, -1, 122, 177, 124.0, 7, , 17, 0, 0, 0, , 0, 0, 0, 0, 0, 
89, 0, 116, -1, -1, 132, 84, 158.0, 11, , 111, 0, 0, 0, , 0, 0, 0, 0, 0, 
90, 0, 120, -1, -1, 99, 139, 91.0, 9, , 42, 0, 0, 0, , 0, 0, 0, 0, 0, 
91, 0, 123, -1, -1, 143, 117, 137.0, 9, , 27, 0, 0, 0, , 0, 0, 0, 0, 0, 
92, 0, 126, -1, -1, 253, 105, 162.0, 9, , 31, 0, 0, 0, , 0, 0, 0, 0, 0, 
93, 0, 127, -1, -1, 170, 81, 170.0, 9, , 15, 0, 0, 0, , 0, 0, 0, 0, 0, 
94, 0, 128, -1, -1, 104, 162, 174.0, 9, , 49, 0, 0, 0, , 0, 0, 0, 0, 0, 
95, 0, 129, -1, -1, 130, 88, 181.0, 9, , 12, 0, 0, 0, , 0, 0, 0, 0, 0, 
96, 0, 130, -1, -1, 134, 50, 177.0, 7, , 15, 0, 0, 0, , 0, 0, 0, 0, 0, 
97, 0, 131, -1, -1, 272, 75, 182.0, 13, , 73, 0, 0, 0, , 0, 0, 0, 0, 0, 
98, 0, 133, -1, -1, 192, 141, 187.0, 7, , 29, 0, 0, 0, , 0, 0, 0, 0, 0, 
99, 0, 134, -1, -1, 206, 80, 195.0, 9, , 28, 0, 0, 0, , 0, 0, 0, 0, 0, 
100, 0, 135, -1, -1, 288, 103, 200.0, 9, , 33, 0, 0, 0, , 0, 0, 0, 0, 0, 
101, 0, 136, -1, -1, 161, 84, 157.0, 9, , 11, 0, 0, 0, , 0, 0, 0, 0, 0, 
102, 0, 137, -1, -1, 199, 135, 168.0, 9, , 33, 0, 0, 0, , 0, 0, 0, 0, 0, 
103, 0, 138, -1, -1, 64, 115, 154.0, 9, , 32, 0, 0, 0, , 0, 0, 0, 0, 0, 
104, 0, 140, -1, -1, 162, 90, 158.0, 9, , 13, 0, 0, 0, , 0, 0, 0, 0, 0, 
105, 0, 141, -1, -1, 184, 57, 183.0, 9, , 26, 0, 0, 0, , 0, 0, 0, 0, 0, 
106, 0, 142, -1, -1, 130, 152, 191.0, 9, , 45, 0, 0, 0, , 0, 0, 0, 0, 0, 
107, 0, 143, -1, -1, 152, 115, 151.0, 7, , 40, 0, 0, 0, , 0, 0, 0, 0, 0, 
108, 0, 144, -1, -1, 152, 115, 153.0, 9, , 47, 0, 0, 0, , 0, 0, 0, 0, 0, 
109, 0, 145, -1, -1, 193, 140, 182.0, 9, , 32, 0, 0, 0, , 0, 0, 0, 0, 0, 
110, 0, 147, -1, -1, 138, 60, 158.0, 9, , 53, 0, 0, 0, , 0, 0, 0, 0, 0, 
111, 0, 148, -1, -1, 128, 158, 175.0, 9, , 21, 0, 0, 0, , 0, 0, 0, 0, 0, 
112, 0, 149, -1, -1, 87, 147, 91.0, 9, , 33, 0, 0, 0, , 0, 0, 0, 0, 0, 
113, 0, 150, -1, -1, 179, 116, 94.0, 9, , 54, 0, 0, 0, , 0, 0, 0, 0, 0, 
114, 0, 151, -1, -1, 135, 148, 110.0, 9, , 39, 0, 0, 0, , 0, 0, 0, 0, 0, 
115, 0, 152, -1, -1, 179, 52, 113.0, 9, , 12, 0, 0, 0, , 0, 0, 0, 0, 0, 
116, 0, 154, -1, -1, 158, 112, 139.0, 9, , 51, 0, 0, 0, , 0, 0, 0, 0, 0, 
117, 0, 155, -1, -1, 113, 125, 157.0, 9, , 38, 0, 0, 0, , 0, 0, 0, 0, 0, 
118, 0, 156, -1, -1, 120, 151, 150.0, 7, , 25, 0, 0, 0, , 0, 0, 0, 0, 0, 
119, 0, 157, -1, -1, 119, 141, 165.0, 9, , 41, 0, 0, 0, , 0, 0, 0, 0, 0, 
120, 0, 158, -1, -1, 290, 125, 172.0, 9, , 8, 0, 0, 0, , 0, 0, 0, 0, 0, 
121, 0, 159, -1, -1, 134, 74, 169.0, 13, , 77, 0, 0, 0, , 0, 0, 0, 0, 0, 
122, 0, 160, -1, -1, 152, 64, 185.0, 9, , 33, 0, 0, 0, , 0, 0, 0, 0, 0, 
123, 0, 162, -1, -1, 94, 99, 191.0, 9, , 18, 0, 0, 0, , 0, 0, 0, 0, 0, 
124, 0, 163, -1, -1, 128, 142, 188.0, 9, , 17, 0, 0, 0, , 0, 0, 0, 0, 0, 
125, 0, 165, -1, -1, 158, 90, 195.0, 11, , 21, 0, 0, 0, , 0, 0, 0, 0, 0, 
126, 0, 166, -1, -1, 288, 103, 201.0, 9, , 32, 0, 0, 0, , 0, 0, 0, 0, 0, 
127, 0, 167, -1, -1, 173, 146, 70.0, 9, , 17, 0, 0, 0, , 0, 0, 0, 0, 0, 
128, 0, 168, -1, -1, 197, 124, 70.0, 9, , 32, 0, 0, 0, , 0, 0, 0, 0, 0, 
129, 0, 169, -1, -1, 160, 161, 77.0, 9, , 16, 0, 0, 0, , 0, 0, 0, 0, 0, 
130, 0, 171, -1, -1, 57, 111, 89.0, 7, , 16, 0, 0, 0, , 0, 0, 0, 0, 0, 
131, 0, 173, -1, -1, 99, 138, 88.0, 9, , 30, 0, 0, 0, , 0, 0, 0, 0, 0, 
132, 0, 174, -1, -1, 83, 151, 104.0, 11, , 42, 0, 0, 0, , 0, 0, 0, 0, 0, 
133, 0, 175, -1, -1, 208, 86, 100.0, 7, , 15, 0, 0, 0, , 0, 0, 0, 0, 0, 
134, 0, 177, -1, -1, 113, 97, 120.0, 9, , 57, 0, 0, 0, , 0, 0, 0, 0, 0, 
135, 0, 183, -1, -1, 116, 75, 134.0, 9, , 45, 0, 0, 0, , 0, 0, 0, 0, 0, 
136, 0, 184, -1, -1, 124, 86, 129.0, 9, , 18, 0, 0, 0, , 0, 0, 0, 0, 0, 
137, 0, 185, -1, -1, 135, 128, 139.0, 11, , 84, 0, 0, 0, , 0, 0, 0, 0, 0, 
138, 0, 186, -1, -1, 220, 142, 138.0, 9, , 35, 0, 0, 0, , 0, 0, 0, 0, 0, 
139, 0, 188, -1, -1, 139, 145, 144.0, 9, , 6, 0, 0, 0, , 0, 0, 0, 0, 0, 
140, 0, 189, -1, -1, 102, 61, 150.0, 9, , 5, 0, 0, 0, , 0, 0, 0, 0, 0, 
141, 0, 190, -1, -1, 105, 155, 155.0, 9, , 41, 0, 0, 0, , 0, 0, 0, 0, 0, 
142, 0, 191, -1, -1, 160, 90, 159.0, 9, , 68, 0, 0, 0, , 0, 0, 0, 0, 0, 
143, 0, 192, -1, -1, 154, 148, 161.0, 9, , 63, 0, 0, 0, , 0, 0, 0, 0, 0, 
144, 0, 194, -1, -1, 123, 165, 160.0, 7, , 37, 0, 0, 0, , 0, 0, 0, 0, 0, 
145, 0, 198, -1, -1, 159, 89, 162.0, 9, , 62, 0, 0, 0, , 0, 0, 0, 0, 0, 
146, 0, 199, -1, -1, 147, 98, 177.0, 9, , 30, 0, 0, 0, , 0, 0, 0, 0, 0, 
147, 0, 200, -1, -1, 170, 78, 175.0, 7, , 16, 0, 0, 0, , 0, 0, 0, 0, 0, 
148, 0, 201, -1, -1, 134, 50, 174.0, 7, , 15, 0, 0, 0, , 0, 0, 0, 0, 0, 
149, 0, 202, -1, -1, 119, 87, 181.0, 9, , 62, 0, 0, 0, , 0, 0, 0, 0, 0, 
150, 0, 203, -1, -1, 136, 106, 179.0, 7, , 16, 0, 0, 0, , 0, 0, 0, 0, 0, 
151, 0, 205, -1, -1, 240, 61, 184.0, 9, , 53, 0, 0, 0, , 0, 0, 0, 0, 0, 
152, 0, 206, -1, -1, 126, 113, 183.0, 9, , 44, 0, 0, 0, , 0, 0, 0, 0, 0, 
153, 0, 208, -1, -1, 161, 79, 187.0, 9, , 23, 0, 0, 0, , 0, 0, 0, 0, 0, 
154, 0, 209, -1, -1, 323, 93, 185.0, 11, , 31, 0, 0, 0, , 0, 0, 0, 0, 0, 
155, 0, 210, -1, -1, 318, 124, 188.0, 7, , 17, 0, 0, 0, , 0, 0, 0, 0, 0, 
156, 0, 211, -1, -1, 97, 95, 187.0, 11, , 52, 0, 0, 0, , 0, 0, 0, 0, 0, 
157, 0, 212, -1, -1, 141, 86, 194.0, 9, , 31, 0, 0, 0, , 0, 0, 0, 0, 0, 
158, 0, 213, -1, -1, 271, 140, 196.0, 9, , 10, 0, 0, 0, , 0, 0, 0, 0, 0, 
159, 0, 214, -1, -1, 174, 91, 206.0, 9, , 4, 0, 0, 0, , 0, 0, 0, 0, 0, 
160, 0, 216, -1, -1, 152, 127, 209.0, 9, , 42, 0, 0, 0, , 0, 0, 0, 0, 0, 
161, 0, 217, -1, -1, 112, 95, 125.0, 9, , 44, 0, 0, 0, , 0, 0, 0, 0, 0, 
162, 0, 218, -1, -1, 296, 110, 190.0, 11, , 46, 0, 0, 0, , 0, 0, 0, 0, 0, 
163, 0, 219, -1, -1, 165, 122, 207.0, 9, , 5, 0, 0, 0, , 0, 0, 0, 0, 0, 
164, 0, 220, -1, -1, 112, 120, 60.0, 7, , 11, 0, 0, 0, , 0, 0, 0, 0, 0, 
165, 0, 222, -1, -1, 177, 132, 79.0, 7, , 21, 0, 0, 0, , 0, 0, 0, 0, 0, 
166, 0, 224, -1, -1, 126, 134, 84.0, 11, , 22, 0, 0, 0, , 0, 0, 0, 0, 0, 
167, 0, 227, -1, -1, 82, 148, 96.0, 9, , 12, 0, 0, 0, , 0, 0, 0, 0, 0, 
168, 0, 229, -1, -1, 308, 151, 94.0, 7, , 12, 0, 0, 0, , 0, 0, 0, 0, 0, 
169, 0, 230, -1, -1, 172, 106, 96.0, 7, , 20, 0, 0, 0, , 0, 0, 0, 0, 0, 
170, 0, 234, -1, -1, 123, 88, 101.0, 9, , 15, 0, 0, 0, , 0, 0, 0, 0, 0, 
171, 0, 235, -1, -1, 79, 151, 105.0, 9, , 49, 0, 0, 0, , 0, 0, 0, 0, 0, 
172, 0, 239, -1, -1, 54, 111, 113.0, 9, , 45, 0, 0, 0, , 0, 0, 0, 0, 0, 
173, 0, 242, -1, -1, 124, 177, 121.0, 7, , 19, 0, 0, 0, , 0, 0, 0, 0, 0, 
174, 0, 245, -1, -1, 111, 163, 128.0, 11, , 44, 0, 0, 0, , 0, 0, 0, 0, 0, 
175, 0, 246, -1, -1, 111, 86, 127.0, 9, , 35, 0, 0, 0, , 0, 0, 0, 0, 0, 
176, 0, 251, -1, -1, 258, 41, 129.0, 9, , 20, 0, 0, 0, , 0, 0, 0, 0, 0, 
177, 0, 253, -1, -1, 286, 171, 128.0, 9, , 17, 0, 0, 0, , 0, 0, 0, 0, 0, 
178, 0, 254, -1, -1, 91, 118, 130.0, 9, , 4, 0, 0, 0, , 0, 0, 0, 0, 0, 
179, 0, 255, -1, -1, 142, 181, 131.0, 9, , 36, 0, 0, 0, , 0, 0, 0, 0, 0, 
180, 0, 256, -1, -1, 257, 40, 131.0, 9, , 28, 0, 0, 0, , 0, 0, 0, 0, 0, 
181, 0, 258, -1, -1, 122, 86, 133.0, 9, , 35, 0, 0, 0, , 0, 0, 0, 0, 0, 
182, 0, 260, -1, -1, 88, 122, 133.0, 13, , 95, 0, 0, 0, , 0, 0, 0, 0, 0, 
183, 0, 263, -1, -1, 123, 142, 134.0, 9, , 22, 0, 0, 0, , 0, 0, 0, 0, 0, 
184, 0, 264, -1, -1, 138, 180, 136.0, 9, , 28, 0, 0, 0, , 0, 0, 0, 0, 0, 
185, 0, 266, -1, -1, 113, 75, 138.0, 9, , 38, 0, 0, 0, , 0, 0, 0, 0, 0, 
186, 0, 268, -1, -1, 303, 170, 140.0, 9, , 6, 0, 0, 0, , 0, 0, 0, 0, 0, 
187, 0, 272, -1, -1, 84, 126, 142.0, 9, , 52, 0, 0, 0, , 0, 0, 0, 0, 0, 
188, 0, 275, -1, -1, 195, 115, 148.0, 9, , 37, 0, 0, 0, , 0, 0, 0, 0, 0, 
189, 0, 276, -1, -1, 83, 130, 143.0, 9, , 36, 0, 0, 0, , 0, 0, 0, 0, 0, 
190, 0, 277, -1, -1, 153, 115, 147.0, 9, , 28, 0, 0, 0, , 0, 0, 0, 0, 0, 
191, 0, 282, -1, -1, 192, 111, 148.0, 9, , 25, 0, 0, 0, , 0, 0, 0, 0, 0, 
192, 0, 283, -1, -1, 221, 34, 149.0, 9, , 26, 0, 0, 0, , 0, 0, 0, 0, 0, 
193, 0, 284, -1, -1, 159, 154, 153.0, 13, , 47, 0, 0, 0, , 0, 0, 0, 0, 0, 
194, 0, 285, -1, -1, 196, 110, 152.0, 9, , 41, 0, 0, 0, , 0, 0, 0, 0, 0, 
195, 0, 291, -1, -1, 117, 46, 160.0, 9, , 17, 0, 0, 0, , 0, 0, 0, 0, 0, 
196, 0, 292, -1, -1, 150, 143, 158.0, 9, , 35, 0, 0, 0, , 0, 0, 0, 0, 0, 
197, 0, 293, -1, -1, 174, 95, 160.0, 9, , 47, 0, 0, 0, , 0, 0, 0, 0, 0, 
198, 0, 295, -1, -1, 319, 78, 159.0, 9, , 25, 0, 0, 0, , 0, 0, 0, 0, 0, 
199, 0, 296, -1, -1, 255, 160, 163.0, 9, , 12, 0, 0, 0, , 0, 0, 0, 0, 0, 
200, 0, 299, -1, -1, 149, 142, 160.0, 7, , 29, 0, 0, 0, , 0, 0, 0, 0, 0, 
201, 0, 300, -1, -1, 138, 87, 169.0, 9, , 60, 0, 0, 0, , 0, 0, 0, 0, 0, 
202, 0, 304, -1, -1, 228, 39, 168.0, 11, , 106, 0, 0, 0, , 0, 0, 0, 0, 0, 
203, 0, 305, -1, -1, 284, 113, 164.0, 11, , 46, 0, 0, 0, , 0, 0, 0, 0, 0, 
204, 0, 311, -1, -1, 74, 117, 170.0, 11, , 66, 0, 0, 0, , 0, 0, 0, 0, 0, 
205, 0, 312, -1, -1, 196, 138, 177.0, 9, , 21, 0, 0, 0, , 0, 0, 0, 0, 0, 
206, 0, 315, -1, -1, 107, 161, 174.0, 9, , 18, 0, 0, 0, , 0, 0, 0, 0, 0, 
207, 0, 317, -1, -1, 75, 115, 175.0, 9, , 55, 0, 0, 0, , 0, 0, 0, 0, 0, 
208, 0, 322, -1, -1, 167, 161, 178.0, 9, , 20, 0, 0, 0, , 0, 0, 0, 0, 0, 
209, 0, 324, -1, -1, 193, 138, 180.0, 11, , 47, 0, 0, 0, , 0, 0, 0, 0, 0, 
210, 0, 326, -1, -1, 242, 63, 177.0, 15, , 81, 0, 0, 0, , 0, 0, 0, 0, 0, 
211, 0, 327, -1, -1, 131, 141, 183.0, 7, , 14, 0, 0, 0, , 0, 0, 0, 0, 0, 
212, 0, 330, -1, -1, 296, 110, 188.0, 9, , 21, 0, 0, 0, , 0, 0, 0, 0, 0, 
213, 0, 331, -1, -1, 161, 80, 192.0, 9, , 30, 0, 0, 0, , 0, 0, 0, 0, 0, 
214, 0, 332, -1, -1, 169, 137, 188.0, 7, , 26, 0, 0, 0, , 0, 0, 0, 0, 0, 
215, 0, 334, -1, -1, 291, 126, 188.0, 11, , 49, 0, 0, 0, , 0, 0, 0, 0, 0, 
216, 0, 336, -1, -1, 278, 88, 192.0, 9, , 40, 0, 0, 0, , 0, 0, 0, 0, 0, 
217, 0, 337, -1, -1, 273, 140, 193.0, 11, , 28, 0, 0, 0, , 0, 0, 0, 0, 0, 
218, 0, 338, -1, -1, 301, 113, 192.0, 9, , 36, 0, 0, 0, , 0, 0, 0, 0, 0, 
219, 0, 340, -1, -1, 280, 91, 200.0, 11, , 19, 0, 0, 0, , 0, 0, 0, 0, 0, 
220, 0, 342, -1, -1, 130, 130, 87.0, 9, , 27, 0, 0, 0, , 0, 0, 0, 0, 0, 
221, 0, 343, -1, -1, 145, 91, 107.0, 9, , 39, 0, 0, 0, , 0, 0, 0, 0, 0, 
222, 0, 344, -1, -1, 81, 152, 111.0, 9, , 20, 0, 0, 0, , 0, 0, 0, 0, 0, 
223, 0, 345, -1, -1, 122, 85, 112.0, 9, , 19, 0, 0, 0, , 0, 0, 0, 0, 0, 
224, 0, 346, -1, -1, 303, 173, 128.0, 7, , 21, 0, 0, 0, , 0, 0, 0, 0, 0, 
225, 0, 348, -1, -1, 213, 158, 152.0, 9, , 65, 0, 0, 0, , 0, 0, 0, 0, 0, 
226, 0, 349, -1, -1, 105, 156, 153.0, 9, , 35, 0, 0, 0, , 0, 0, 0, 0, 0, 
227, 0, 350, -1, -1, 212, 158, 155.0, 9, , 38, 0, 0, 0, , 0, 0, 0, 0, 0, 
228, 0, 353, -1, -1, 239, 61, 179.0, 9, , 43, 0, 0, 0, , 0, 0, 0, 0, 0, 
229, 0, 354, -1, -1, 218, 74, 189.0, 9, , 49, 0, 0, 0, , 0, 0, 0, 0, 0, 
230, 0, 355, -1, -1, 192, 139, 192.0, 11, , 74, 0, 0, 0, , 0, 0, 0, 0, 0, 
231, 0, 356, -1, -1, 178, 115, 91.0, 11, , 47, 0, 0, 0, , 0, 0, 0, 0, 0, 
232, 0, 358, -1, -1, 303, 174, 126.0, 7, , 16, 0, 0, 0, , 0, 0, 0, 0, 0, 
233, 0, 359, -1, -1, 153, 116, 149.0, 7, , 38, 0, 0, 0, , 0, 0, 0, 0, 0, 
234, 0, 360, -1, -1, 191, 138, 185.0, 9, , 48, 0, 0, 0, , 0, 0, 0, 0, 0, 
235, 0, 361, -1, -1, 189, 137, 197.0, 9, , 98, 0, 0, 0, , 0, 0, 0, 0, 0, 
236, 0, 362, -1, -1, 97, 98, 177.0, 9, , 56, 0, 0, 0, , 0, 0, 0, 0, 0, 
237, 0, 363, -1, -1, 209, 137, 161.0, 9, , 61, 0, 0, 0, , 0, 0, 0, 0, 0, 
238, 0, 364, -1, -1, 242, 59, 174.0, 9, , 33, 0, 0, 0, , 0, 0, 0, 0, 0, 
239, 0, 365, -1, -1, 125, 143, 191.0, 9, , 37, 0, 0, 0, , 0, 0, 0, 0, 0, 
240, 0, 366, -1, -1, 161, 161, 73.0, 9, , 32, 0, 0, 0, , 0, 0, 0, 0, 0, 
241, 0, 367, -1, -1, 135, 82, 99.0, 7, , 3, 0, 0, 0, , 0, 0, 0, 0, 0, 
242, 0, 369, -1, -1, 141, 94, 102.0, 7, , 16, 0, 0, 0, , 0, 0, 0, 0, 0, 
243, 0, 371, -1, -1, 124, 147, 111.0, 9, , 7, 0, 0, 0, , 0, 0, 0, 0, 0, 
244, 0, 372, -1, -1, 134, 147, 112.0, 9, , 29, 0, 0, 0, , 0, 0, 0, 0, 0, 
245, 0, 373, -1, -1, 179, 54, 118.0, 9, , 16, 0, 0, 0, , 0, 0, 0, 0, 0, 
246, 0, 375, -1, -1, 134, 128, 142.0, 13, , 88, 0, 0, 0, , 0, 0, 0, 0, 0, 
247, 0, 376, -1, -1, 67, 115, 153.0, 9, , 36, 0, 0, 0, , 0, 0, 0, 0, 0, 
248, 0, 377, -1, -1, 132, 83, 154.0, 9, , 51, 0, 0, 0, , 0, 0, 0, 0, 0, 
249, 0, 378, -1, -1, 142, 89, 161.0, 7, , 28, 0, 0, 0, , 0, 0, 0, 0, 0, 
250, 0, 379, -1, -1, 133, 59, 160.0, 7, , 63, 0, 0, 0, , 0, 0, 0, 0, 0, 
251, 0, 381, -1, -1, 159, 89, 164.0, 7, , 37, 0, 0, 0, , 0, 0, 0, 0, 0, 
252, 0, 382, -1, -1, 221, 132, 167.0, 9, , 39, 0, 0, 0, , 0, 0, 0, 0, 0, 
253, 0, 383, -1, -1, 119, 142, 168.0, 9, , 37, 0, 0, 0, , 0, 0, 0, 0, 0, 
254, 0, 384, -1, -1, 231, 42, 177.0, 11, , 31, 0, 0, 0, , 0, 0, 0, 0, 0, 
255, 0, 385, -1, -1, 296, 63, 178.0, 9, , 43, 0, 0, 0, , 0, 0, 0, 0, 0, 
256, 0, 386, -1, -1, 118, 96, 182.0, 9, , 33, 0, 0, 0, , 0, 0, 0, 0, 0, 
257, 0, 387, -1, -1, 84, 96, 186.0, 9, , 12, 0, 0, 0, , 0, 0, 0, 0, 0, 
258, 0, 389, -1, -1, 125, 150, 188.0, 7, , 36, 0, 0, 0, , 0, 0, 0, 0, 0, 
259, 0, 390, -1, -1, 132, 152, 186.0, 7, , 31, 0, 0, 0, , 0, 0, 0, 0, 0, 
260, 0, 391, -1, -1, 185, 61, 188.0, 11, , 54, 0, 0, 0, , 0, 0, 0, 0, 0, 
261, 0, 392, -1, -1, 271, 75, 190.0, 9, , 13, 0, 0, 0, , 0, 0, 0, 0, 0, 
262, 0, 393, -1, -1, 102, 94, 191.0, 7, , 23, 0, 0, 0, , 0, 0, 0, 0, 0, 
263, 0, 394, -1, -1, 179, 137, 198.0, 9, , 57, 0, 0, 0, , 0, 0, 0, 0, 0, 
264, 0, 395, -1, -1, 199, 76, 199.0, 9, , 17, 0, 0, 0, , 0, 0, 0, 0, 0, 
265, 0, 396, -1, -1, 178, 91, 199.0, 9, , 53, 0, 0, 0, , 0, 0, 0, 0, 0, 
266, 0, 397, -1, -1, 157, 92, 200.0, 11, , 16, 0, 0, 0, , 0, 0, 0, 0, 0, 
267, 0, 398, -1, -1, 158, 68, 206.0, 9, , 19, 0, 0, 0, , 0, 0, 0, 0, 0, 
268, 0, 400, -1, -1, 160, 111, 136.0, 11, , 24, 0, 0, 0, , 0, 0, 0, 0, 0, 
269, 0, 401, -1, -1, 220, 140, 135.0, 11, , 27, 0, 0, 0, , 0, 0, 0, 0, 0, 
270, 0, 402, -1, -1, 153, 121, 149.0, 9, , 18, 0, 0, 0, , 0, 0, 0, 0, 0, 
271, 0, 403, -1, -1, 126, 152, 187.0, 7, , 34, 0, 0, 0, , 0, 0, 0, 0, 0, 
272, 0, 404, -1, -1, 159, 84, 211.0, 9, , 46, 0, 0, 0, , 0, 0, 0, 0, 0, 
273, 0, 405, -1, -1, 136, 86, 149.0, 9, , 41, 0, 0, 0, , 0, 0, 0, 0, 0, 
274, 0, 406, -1, -1, 123, 165, 158.0, 7, , 29, 0, 0, 0, , 0, 0, 0, 0, 0, 
275, 0, 408, -1, -1, 160, 85, 205.0, 9, , 71, 0, 0, 0, , 0, 0, 0, 0, 0, 
276, 0, 411, -1, -1, 136, 60, 162.0, 9, , 47, 0, 0, 0, , 0, 0, 0, 0, 0, 
277, 0, 412, -1, -1, 116, 171, 145.0, 7, , 26, 0, 0, 0, , 0, 0, 0, 0, 0, 
278, 0, 413, -1, -1, 139, 134, 84.0, 9, , 7, 0, 0, 0, , 0, 0, 0, 0, 0, 
279, 0, 414, -1, -1, 174, 95, 85.0, 9, , 16, 0, 0, 0, , 0, 0, 0, 0, 0, 
280, 0, 415, -1, -1, 97, 140, 95.0, 9, , 22, 0, 0, 0, , 0, 0, 0, 0, 0, 
281, 0, 418, -1, -1, 179, 113, 114.0, 11, , 63, 0, 0, 0, , 0, 0, 0, 0, 0, 
282, 0, 419, -1, -1, 59, 87, 121.0, 11, , 23, 0, 0, 0, , 0, 0, 0, 0, 0, 
283, 0, 422, -1, -1, 196, 171, 135.0, 11, , 77, 0, 0, 0, , 0, 0, 0, 0, 0, 
284, 0, 424, -1, -1, 116, 171, 147.0, 9, , 27, 0, 0, 0, , 0, 0, 0, 0, 0, 
285, 0, 427, -1, -1, 66, 115, 151.0, 11, , 35, 0, 0, 0, , 0, 0, 0, 0, 0, 
286, 0, 428, -1, -1, 126, 165, 152.0, 7, , 11, 0, 0, 0, , 0, 0, 0, 0, 0, 
287, 0, 430, -1, -1, 211, 139, 156.0, 9, , 51, 0, 0, 0, , 0, 0, 0, 0, 0, 
288, 0, 435, -1, -1, 330, 100, 162.0, 7, , 5, 0, 0, 0, , 0, 0, 0, 0, 0, 
289, 0, 436, -1, -1, 232, 107, 164.0, 9, , 28, 0, 0, 0, , 0, 0, 0, 0, 0, 
290, 0, 437, -1, -1, 200, 139, 170.0, 9, , 35, 0, 0, 0, , 0, 0, 0, 0, 0, 
291, 0, 438, -1, -1, 232, 41, 173.0, 9, , 52, 0, 0, 0, , 0, 0, 0, 0, 0, 
292, 0, 440, -1, -1, 101, 77, 174.0, 11, , 25, 0, 0, 0, , 0, 0, 0, 0, 0, 
293, 0, 442, -1, -1, 186, 155, 179.0, 9, , 12, 0, 0, 0, , 0, 0, 0, 0, 0, 
294, 0, 443, -1, -1, 131, 49, 184.0, 9, , 29, 0, 0, 0, , 0, 0, 0, 0, 0, 
295, 0, 444, -1, -1, 274, 77, 183.0, 9, , 87, 0, 0, 0, , 0, 0, 0, 0, 0, 
296, 0, 445, -1, -1, 218, 72, 184.0, 9, , 41, 0, 0, 0, , 0, 0, 0, 0, 0, 
297, 0, 446, -1, -1, 273, 142, 189.0, 9, , 14, 0, 0, 0, , 0, 0, 0, 0, 0, 
298, 0, 447, -1, -1, 164, 157, 188.0, 9, , 34, 0, 0, 0, , 0, 0, 0, 0, 0, 
299, 0, 448, -1, -1, 115, 96, 190.0, 9, , 7, 0, 0, 0, , 0, 0, 0, 0, 0, 
300, 0, 450, -1, -1, 188, 135, 194.0, 9, , 61, 0, 0, 0, , 0, 0, 0, 0, 0, 
301, 0, 451, -1, -1, 142, 85, 194.0, 9, , 27, 0, 0, 0, , 0, 0, 0, 0, 0, 
302, 0, 454, -1, -1, 136, 108, 146.0, 9, , 59, 0, 0, 0, , 0, 0, 0, 0, 0, 
303, 0, 455, -1, -1, 213, 158, 149.0, 9, , 49, 0, 0, 0, , 0, 0, 0, 0, 0, 
304, 0, 456, -1, -1, 115, 173, 152.0, 7, , 6, 0, 0, 0, , 0, 0, 0, 0, 0, 
305, 0, 457, -1, -1, 124, 151, 154.0, 9, , 49, 0, 0, 0, , 0, 0, 0, 0, 0, 
306, 0, 459, -1, -1, 141, 87, 162.0, 9, , 25, 0, 0, 0, , 0, 0, 0, 0, 0, 
307, 0, 460, -1, -1, 124, 165, 168.0, 7, , 36, 0, 0, 0, , 0, 0, 0, 0, 0, 
308, 0, 461, -1, -1, 272, 75, 180.0, 11, , 64, 0, 0, 0, , 0, 0, 0, 0, 0, 
309, 0, 462, -1, -1, 84, 99, 182.0, 11, , 39, 0, 0, 0, , 0, 0, 0, 0, 0, 
310, 0, 463, -1, -1, 296, 65, 182.0, 9, , 30, 0, 0, 0, , 0, 0, 0, 0, 0, 
311, 0, 464, -1, -1, 125, 114, 190.0, 9, , 58, 0, 0, 0, , 0, 0, 0, 0, 0, 
312, 0, 465, -1, -1, 113, 115, 189.0, 9, , 10, 0, 0, 0, , 0, 0, 0, 0, 0, 
313, 0, -1, -1, -1, 144, 112, 159.0, 9, , 128, 0, 0, 0, , 0, 0, 0, 0, 0, 
314, 0, -1, -1, -1, 179, 113, 108.0, 9, , 28, 0, 0, 0, , 0, 0, 0, 0, 0, 
315, 0, -1, -1, -1, 132, 177, 118.0, 9, , 15, 0, 0, 0, , 0, 0, 0, 0, 0, 
316, 0, -1, -1, -1, 196, 172, 132.0, 11, , 77, 0, 0, 0, , 0, 0, 0, 0, 0, 
317, 0, -1, -1, -1, 145, 110, 150.0, 9, , 33, 0, 0, 0, , 0, 0, 0, 0, 0, 
318, 0, -1, -1, -1, 105, 58, 167.0, 9, , 10, 0, 0, 0, , 0, 0, 0, 0, 0, 
319, 0, -1, -1, -1, 262, 112, 177.0, 7, , 6, 0, 0, 0, , 0, 0, 0, 0, 0, 
320, 0, -1, -1, -1, 127, 130, 81.0, 11, , 65, 0, 0, 0, , 0, 0, 0, 0, 0, 
321, 0, -1, -1, -1, 136, 180, 128.0, 9, , 21, 0, 0, 0, , 0, 0, 0, 0, 0, 
322, 0, -1, -1, -1, 158, 89, 153.0, 9, , 57, 0, 0, 0, , 0, 0, 0, 0, 0, 
323, 0, -1, -1, -1, 104, 156, 157.0, 9, , 36, 0, 0, 0, , 0, 0, 0, 0, 0, 
324, 0, -1, -1, -1, 283, 113, 161.0, 11, , 42, 0, 0, 0, , 0, 0, 0, 0, 0, 
325, 0, -1, -1, -1, 121, 141, 163.0, 7, , 23, 0, 0, 0, , 0, 0, 0, 0, 0, 
326, 1, 467, 333, -1, 305, 93, 130.0, 14, Eprpa, 0, 0, 0, 0, , 0, 0, 0, 0, 0, 
327, 1, 468, 334, -1, 240, 65, 183.6, 15, ABprappaap, 0, 0, 0, 0, , 0, 0, 0, 0, 0, 
328, 1, 469, 335, -1, 127, 131, 85.5, 15, ABplpaapaaa, 0, 0, 0, 0, , 0, 0, 0, 0, 0, 
329, 1, 470, 336, -1, 98, 141, 67.0, 15, ABplaaappa, 0, 0, 0, 0, , 0, 0, 0, 0, 0, 
330, 1, 471, 337, -1, 124, 124, 59.666668, 16, ABplaaappp, 0, 0, 0, 0, , 0, 0, 0, 0, 0, 
331, 1, 473, 338, -1, 85, 85, 186.0, 13, ABarpapppa, 0, 0, 0, 0, , 0, 0, 0, 0, 0, 
332, 1, 474, 339, -1, 117, 58, 185.0, 14, ABarpapppp, 0, 0, 0, 0, , 0, 0, 0, 0, 0, 
333, 0, 475, -1, -1, 150, 54, 188.0, 16, , 0, 0, 0, 0, , 0, 0, 0, 0, 0, 
334, 1, 476, 341, -1, 183, 111, 55.0, 17, ABarppapaa, 0, 0, 0, 0, , 0, 0, 0, 0, 0, 
335, 1, 477, 342, -1, 210, 115, 66.0, 18, ABarppapap, 0, 0, 0, 0, , 0, 0, 0, 0, 0, 
336, 1, 478, 343, -1, 201, 47, 180.0, 15, ABarppppap, 0, 0, 0, 0, , 0, 0, 0, 0, 0, 
337, 1, 479, 344, -1, 234, 109, 64.0, 15, ABplappapa, 0, 0, 0, 0, , 0, 0, 0, 0, 0, 
338, 1, 480, 345, -1, 228, 39, 170.0, 11, ABprappapa, 0, 0, 0, 0, , 0, 0, 0, 0, 0, 
339, 1, 481, 346, -1, 262, 113, 71.0, 17, ABarppappa, 0, 0, 0, 0, , 0, 0, 0, 0, 0, 
340, 1, 482, 347, -1, 264, 51, 174.0, 14, ABarpppppa, 0, 0, 0, 0, , 0, 0, 0, 0, 0, 
341, 1, 483, 348, -1, 292, 130, 75.0, 14, ABplapapaa, 0, 0, 0, 0, , 0, 0, 0, 0, 0, 
342, 1, 484, 349, -1, 295, 65, 180.0, 13, ABprapapaa, 0, 0, 0, 0, , 0, 0, 0, 0, 0, 
343, 1, 485, 350, -1, 307, 86, 192.0, 15, ABarpppppp, 0, 0, 0, 0, , 0, 0, 0, 0, 0, 
344, 1, 486, 351, -1, 301, 166, 143.0, 15, ABplappppp, 0, 0, 0, 0, , 0, 0, 0, 0, 0, 
345, 0, 487, -1, -1, 308, 119, 181.0, 10, , 0, 0, 0, 0, , 0, 0, 0, 0, 0, 
346, 0, 472, -1, -1, 168, 131, 73.0, 14, , 0, 0, 0, 0, , 0, 0, 0, 0, 0, 
347, 0, 488, -1, -1, 167, 130, 70.0, 14, , 0, 0, 0, 0, , 0, 0, 0, 0, 0, 
348, 1, 489, 354, -1, 295, 152, 93.0, 17, ABarppappp, 0, 0, 0, 0, , 0, 0, 0, 0, 0, 
349, 1, 490, 355, -1, 151, 52, 190.0, 16, ABarpppaap, 0, 0, 0, 0, , 0, 0, 0, 0, 0, 
350, 0, 491, -1, -1, 167, 129, 66.0, 14, , 0, 0, 0, 0, , 0, 0, 0, 0, 0, 
351, 0, 492, -1, -1, 167, 129, 66.0, 14, , 0, 0, 0, 0, , 0, 0, 0, 0, 0, 
352, 1, 493, 358, -1, 177, 48, 186.0, 14, ABarppppaa, 0, 0, 0, 0, , 0, 0, 0, 0, 0, 
353, 1, 494, 359, -1, 199, 29, 153.0, 15, Caaaaa, 0, 0, 0, 0, , 0, 0, 0, 0, 0, 
354, 1, 495, 360, -1, 215, 119, 96.0, 17, Capaaaa, 0, 0, 0, 0, , 0, 0, 0, 0, 0, 
355, 1, 496, 361, -1, 262, 120, 94.0, 15, Capaapa, 0, 0, 0, 0, , 0, 0, 0, 0, 0, 
356, 1, 497, 362, -1, 288, 135, 99.0, 15, Capaapp, 0, 0, 0, 0, , 0, 0, 0, 0, 0, 
357, 0, 498, -1, -1, 89, 144, 126.0, 13, , 0, 0, 0, 0, , 0, 0, 0, 0, 0, 
358, 0, 499, -1, -1, 101, 126, 110.0, 12, , 0, 0, 0, 0, , 0, 0, 0, 0, 0, 
359, 0, 500, -1, -1, 100, 145, 128.0, 12, , 0, 0, 0, 0, , 0, 0, 0, 0, 0, 
360, 0, 501, -1, -1, 96, 147, 131.0, 14, , 0, 0, 0, 0, , 0, 0, 0, 0, 0, 
361, 0, 502, -1, -1, 97, 142, 136.0, 13, , 0, 0, 0, 0, , 0, 0, 0, 0, 0, 
362, 0, 503, -1, -1, 88, 143, 124.0, 13, , 0, 0, 0, 0, , 0, 0, 0, 0, 0, 
363, 1, 504, 369, -1, 218, 66, 135.0, 15, Earpa, 0, 0, 0, 0, , 0, 0, 0, 0, 0, 
364, 1, 505, 370, -1, 202, 64, 102.0, 15, Ealaad, 0, 0, 0, 0, , 0, 0, 0, 0, 0, 
365, 1, 506, 371, -1, 215, 100, 101.5, 13, Ealaav, 0, 0, 0, 0, , 0, 0, 0, 0, 0, 
366, 1, 507, 372, -1, 240, 84, 125.5, 16, Ealap, 0, 0, 0, 0, , 0, 0, 0, 0, 0, 
367, 1, 508, 373, -1, 219, 87, 129.0, 15, Ealpa, 0, 0, 0, 0, , 0, 0, 0, 0, 0, 
368, 1, 509, 374, -1, 275, 91, 112.0, 15, Ealpp, 0, 0, 0, 0, , 0, 0, 0, 0, 0, 
369, 1, 510, 375, -1, 201, 55, 132.0, 15, Earaad, 0, 0, 0, 0, , 0, 0, 0, 0, 0, 
370, 1, 511, 376, -1, 207, 68, 157.0, 15, Earaav, 0, 0, 0, 0, , 0, 0, 0, 0, 0, 
371, 1, 512, 377, -1, 226, 69, 116.25, 15, Earap, 0, 0, 0, 0, , 0, 0, 0, 0, 0, 
372, 1, 513, 378, -1, 269, 69, 122.6, 15, Earpp, 0, 0, 0, 0, , 0, 0, 0, 0, 0, 
373, 1, 514, 379, -1, 252, 78, 113.666664, 14, Eplaa, 0, 0, 0, 0, , 0, 0, 0, 0, 0, 
374, 1, 515, 380, -1, 297, 91, 109.75, 15, Eplap, 0, 0, 0, 0, , 0, 0, 0, 0, 0, 
375, 1, 516, 381, -1, 310, 105, 118.333336, 17, Eplpa, 0, 0, 0, 0, , 0, 0, 0, 0, 0, 
376, 1, 517, 382, -1, 312, 137, 145.0, 15, Eplppa, 0, 0, 0, 0, , 0, 0, 0, 0, 0, 
377, 1, 518, 383, -1, 314, 125, 119.666664, 15, Eplppp, 0, 0, 0, 0, , 0, 0, 0, 0, 0, 
378, 1, 519, 384, -1, 249, 61, 120.0, 15, Epraa, 0, 0, 0, 0, , 0, 0, 0, 0, 0, 
379, 1, 520, 385, -1, 288, 80, 120.0, 16, Eprap, 0, 0, 0, 0, , 0, 0, 0, 0, 0, 
380, 1, 521, 386, -1, 301, 125, 152.5, 13, Eprppa, 0, 0, 0, 0, , 0, 0, 0, 0, 0, 
381, 1, 522, 387, -1, 319, 100, 141.0, 13, Eprppp, 0, 0, 0, 0, , 0, 0, 0, 0, 0, 
382, 1, 523, 388, -1, 108, 101, 107.333336, 11, MSaaaaaal, 0, 0, 0, 0, , 0, 0, 0, 0, 0, 
383, 1, 524, 389, -1, 103, 82, 134.0, 11, MSaaaaaar, 0, 0, 0, 0, , 0, 0, 0, 0, 0, 
384, 1, 525, 390, -1, 140, 76, 88.0, 14, MSaaaaapp, 0, 0, 0, 0, , 0, 0, 0, 0, 0, 
385, 1, 526, 391, -1, 108, 73, 120.0, 13, MSaaaaapaa, 0, 0, 0, 0, , 0, 0, 0, 0, 0, 
386, 0, 527, -1, -1, 127, 71, 120.0, 13, , 0, 0, 0, 0, , 0, 0, 0, 0, 0, 
387, 1, 528, 393, -1, 152, 53, 99.0, 11, MSaaaapaa, 0, 0, 0, 0, , 0, 0, 0, 0, 0, 
388, 1, 529, 394, -1, 155, 69, 101.0, 12, MSaaaapap, 0, 0, 0, 0, , 0, 0, 0, 0, 0, 
389, 1, 530, 395, -1, 174, 57, 126.0, 11, MSaaaappa, 0, 0, 0, 0, , 0, 0, 0, 0, 0, 
390, 1, 531, 396, -1, 156, 97, 84.0, 11, MSaaapaap, 0, 0, 0, 0, , 0, 0, 0, 0, 0, 
391, 1, 532, 397, -1, 176, 78, 97.0, 9, MSaaapapa, 0, 0, 0, 0, , 0, 0, 0, 0, 0, 
392, 1, 533, 398, -1, 187, 73, 102.0, 9, MSaaapapp, 0, 0, 0, 0, , 0, 0, 0, 0, 0, 
393, 1, 534, 399, -1, 207, 87, 101.0, 11, MSaaappa, 0, 0, 0, 0, , 0, 0, 0, 0, 0, 
394, 1, 535, 400, -1, 189, 51, 113.0, 11, MSaaappp, 0, 0, 0, 0, , 0, 0, 0, 0, 0, 
395, 1, 536, 401, -1, 190, 122, 123.0, 10, MSaapaaap, 0, 0, 0, 0, , 0, 0, 0, 0, 0, 
396, 1, 537, 402, -1, 180, 122, 123.0, 11, MSaapaaaa, 0, 0, 0, 0, , 0, 0, 0, 0, 0, 
397, 1, 538, 403, -1, 201, 105, 104.0, 12, MSaapaapp, 0, 0, 0, 0, , 0, 0, 0, 0, 0, 
398, 0, 539, -1, -1, 203, 105, 141.0, 10, , 0, 0, 0, 0, , 0, 0, 0, 0, 0, 
399, 1, 540, 405, -1, 127, 125, 108.0, 14, MSapaaaad, 0, 0, 0, 0, , 0, 0, 0, 0, 0, 
400, 1, 541, 406, -1, 146, 141, 119.0, 12, MSapaaaav, 0, 0, 0, 0, , 0, 0, 0, 0, 0, 
401, 1, 542, 407, -1, 124, 111, 80.5, 15, MSapaaap, 0, 0, 0, 0, , 0, 0, 0, 0, 0, 
402, 1, 543, 408, -1, 258, 105, 150.5, 15, MSapaapp, 0, 0, 0, 0, , 0, 0, 0, 0, 0, 
403, 1, 544, 409, -1, 188, 112, 76.0, 16, MSapapaa, 0, 0, 0, 0, , 0, 0, 0, 0, 0, 
404, 1, 545, 410, -1, 150, 145, 100.0, 16, MSapapap, 0, 0, 0, 0, , 0, 0, 0, 0, 0, 
405, 1, 546, 411, -1, 113, 95, 76.5, 16, MSapappa, 0, 0, 0, 0, , 0, 0, 0, 0, 0, 
406, 1, 547, 412, -1, 101, 85, 91.0, 14, MSapappp, 0, 0, 0, 0, , 0, 0, 0, 0, 0, 
407, 1, 548, 413, -1, 142, 85, 73.5, 14, MSapppap, 0, 0, 0, 0, , 0, 0, 0, 0, 0, 
408, 1, 549, 414, -1, 107, 74, 86.0, 14, MSappppa, 0, 0, 0, 0, , 0, 0, 0, 0, 0, 
409, 1, 550, 415, -1, 140, 62, 86.0, 14, MSappppp, 0, 0, 0, 0, , 0, 0, 0, 0, 0, 
410, 1, 551, 416, -1, 131, 57, 114.0, 15, MSpaaaaaa, 0, 0, 0, 0, , 0, 0, 0, 0, 0, 
411, 0, 552, -1, -1, 144, 50, 116.0, 15, , 0, 0, 0, 0, , 0, 0, 0, 0, 0, 
412, 1, 553, 418, -1, 118, 62, 134.0, 15, MSpaaaapa, 0, 0, 0, 0, , 0, 0, 0, 0, 0, 
413, 1, 554, 419, -1, 136, 59, 130.0, 15, MSpaaaapp, 0, 0, 0, 0, , 0, 0, 0, 0, 0, 
414, 1, 555, 420, -1, 166, 69, 102.0, 13, MSpaaapaa, 0, 0, 0, 0, , 0, 0, 0, 0, 0, 
415, 1, 556, 421, -1, 181, 56, 113.5, 13, MSpaaapap, 0, 0, 0, 0, , 0, 0, 0, 0, 0, 
416, 1, 557, 422, -1, 146, 60, 113.0, 15, MSpaaaaap, 0, 0, 0, 0, , 0, 0, 0, 0, 0, 
417, 1, 558, 423, -1, 143, 50, 117.5, 15, MSpaaappa, 0, 0, 0, 0, , 0, 0, 0, 0, 0, 
418, 1, 559, 424, -1, 161, 49, 113.5, 15, MSpaaappp, 0, 0, 0, 0, , 0, 0, 0, 0, 0, 
419, 1, 560, 425, -1, 148, 55, 142.0, 15, ABaraappapp, 0, 0, 0, 0, , 0, 0, 0, 0, 0, 
420, 1, 561, 426, -1, 162, 60, 117.5, 15, MSpaapaap, 0, 0, 0, 0, , 0, 0, 0, 0, 0, 
421, 1, 562, 427, -1, 169, 55, 138.0, 15, MSpaapapa, 0, 0, 0, 0, , 0, 0, 0, 0, 0, 
422, 1, 563, 428, -1, 182, 79, 173.0, 14, MSpapaapa, 0, 0, 0, 0, , 0, 0, 0, 0, 0, 
423, 1, 564, 429, -1, 242, 33, 153.0, 12, Caaaap, 0, 0, 0, 0, , 0, 0, 0, 0, 0, 
424, 1, 565, 430, -1, 277, 48, 157.0, 17, Caaapa, 0, 0, 0, 0, , 0, 0, 0, 0, 0, 
425, 1, 566, 431, -1, 307, 63, 159.0, 17, Caaapp, 0, 0, 0, 0, , 0, 0, 0, 0, 0, 
426, 1, 567, 432, -1, 275, 154, 170.0, 13, Caapaa, 0, 0, 0, 0, , 0, 0, 0, 0, 0, 
427, 1, 568, 433, -1, 334, 112, 167.0, 16, Caappd, 0, 0, 0, 0, , 0, 0, 0, 0, 0, 
428, 1, 569, 434, -1, 318, 144, 165.0, 15, Caappv, 0, 0, 0, 0, , 0, 0, 0, 0, 0, 
429, 1, 570, 435, -1, 237, 115, 91.0, 15, Capaaap, 0, 0, 0, 0, , 0, 0, 0, 0, 0, 
430, 1, 571, 436, -1, 265, 90, 80.5, 15, Capapaa, 0, 0, 0, 0, , 0, 0, 0, 0, 0, 
431, 1, 572, 437, -1, 302, 107, 86.0, 15, Capapap, 0, 0, 0, 0, , 0, 0, 0, 0, 0, 
432, 1, 573, 438, -1, 271, 147, 120.0, 15, Capappa, 0, 0, 0, 0, , 0, 0, 0, 0, 0, 
433, 0, 574, -1, -1, 264, 156, 140.0, 14, , 0, 0, 0, 0, , 0, 0, 0, 0, 0, 
434, 1, 575, 440, -1, 227, 81, 78.0, 17, Cappaaa, 0, 0, 0, 0, , 0, 0, 0, 0, 0, 
435, 1, 576, 441, -1, 282, 81, 86.0, 17, Cappaap, 0, 0, 0, 0, , 0, 0, 0, 0, 0, 
436, 1, 577, 442, -1, 312, 133, 103.0, 14, Cappapa, 0, 0, 0, 0, , 0, 0, 0, 0, 0, 
437, 1, 578, 443, -1, 312, 145, 117.0, 14, Cappapp, 0, 0, 0, 0, , 0, 0, 0, 0, 0, 
438, 1, 579, 444, -1, 317, 97, 96.666664, 16, Capppaa, 0, 0, 0, 0, , 0, 0, 0, 0, 0, 
439, 1, 580, 445, -1, 337, 125, 112.0, 15, Capppap, 0, 0, 0, 0, , 0, 0, 0, 0, 0, 
440, 0, 581, -1, -1, 299, 153, 160.0, 14, , 0, 0, 0, 0, , 0, 0, 0, 0, 0, 
441, 0, 582, -1, -1, 284, 162, 157.0, 15, , 0, 0, 0, 0, , 0, 0, 0, 0, 0, 
442, 1, 583, 448, -1, 183, 84, 59.666668, 17, Cpaaaa, 0, 0, 0, 0, , 0, 0, 0, 0, 0, 
443, 1, 584, 449, -1, 217, 79, 67.0, 19, Cpaaap, 0, 0, 0, 0, , 0, 0, 0, 0, 0, 
444, 1, 585, 450, -1, 251, 88, 69.0, 17, Cpaapa, 0, 0, 0, 0, , 0, 0, 0, 0, 0, 
445, 0, 586, -1, -1, 300, 107, 79.0, 17, , 0, 0, 0, 0, , 0, 0, 0, 0, 0, 
446, 1, 587, 452, -1, 281, 108, 74.0, 17, Cpaapp, 0, 0, 0, 0, , 0, 0, 0, 0, 0, 
447, 1, 588, 453, -1, 320, 88, 172.5, 15, Cpapaa, 0, 0, 0, 0, , 0, 0, 0, 0, 0, 
448, 1, 589, 454, -1, 323, 124, 88.5, 15, Cpapap, 0, 0, 0, 0, , 0, 0, 0, 0, 0, 
449, 1, 590, 455, -1, 325, 150, 111.666664, 15, Cpappd, 0, 0, 0, 0, , 0, 0, 0, 0, 0, 
450, 1, 591, 456, -1, 317, 163, 151.0, 15, Cpappv, 0, 0, 0, 0, , 0, 0, 0, 0, 0, 
451, 1, 592, 457, -1, 210, 85, 177.0, 14, Cppaaaa, 0, 0, 0, 0, , 0, 0, 0, 0, 0, 
452, 1, 593, 458, -1, 231, 76, 173.0, 13, Cppaaap, 0, 0, 0, 0, , 0, 0, 0, 0, 0, 
453, 1, 594, 459, -1, 249, 70, 171.0, 13, Cppaapa, 0, 0, 0, 0, , 0, 0, 0, 0, 0, 
454, 1, 595, 460, -1, 288, 86, 173.0, 13, Cppaapp, 0, 0, 0, 0, , 0, 0, 0, 0, 0, 
455, 1, 596, 461, -1, 257, 44, 148.5, 13, Cppapaa, 0, 0, 0, 0, , 0, 0, 0, 0, 0, 
456, 1, 597, 462, -1, 294, 58, 152.0, 15, Cppapap, 0, 0, 0, 0, , 0, 0, 0, 0, 0, 
457, 1, 598, 463, -1, 282, 99, 183.0, 13, Cppappa, 0, 0, 0, 0, , 0, 0, 0, 0, 0, 
458, 1, 599, 464, -1, 278, 114, 184.0, 13, Cppappp, 0, 0, 0, 0, , 0, 0, 0, 0, 0, 
459, 1, 600, 465, -1, 217, 36, 147.0, 15, Cpppaaa, 0, 0, 0, 0, , 0, 0, 0, 0, 0, 
460, 1, 601, 466, -1, 257, 42, 131.66667, 15, Cpppaap, 0, 0, 0, 0, , 0, 0, 0, 0, 0, 
461, 1, 602, 467, -1, 318, 77, 158.0, 14, Cpppapa, 0, 0, 0, 0, , 0, 0, 0, 0, 0, 
462, 1, 603, 468, -1, 325, 101, 162.66667, 13, Cpppapp, 0, 0, 0, 0, , 0, 0, 0, 0, 0, 
463, 1, 604, 469, -1, 313, 65, 131.0, 15, Cppppaa, 0, 0, 0, 0, , 0, 0, 0, 0, 0, 
464, 1, 605, 470, -1, 333, 88, 140.0, 15, Cppppap, 0, 0, 0, 0, , 0, 0, 0, 0, 0, 
465, 1, 606, 471, -1, 333, 122, 150.0, 14, Cpppppd, 0, 0, 0, 0, , 0, 0, 0, 0, 0, 
466, 1, 607, 472, -1, 294, 138, 177.0, 14, Cpppppv, 0, 0, 0, 0, , 0, 0, 0, 0, 0, 
467, 1, 608, 473, -1, 186, 140, 97.0, 14, Daaaa, 0, 0, 0, 0, , 0, 0, 0, 0, 0, 
468, 1, 609, 474, -1, 165, 76, 72.0, 15, Daaap, 0, 0, 0, 0, , 0, 0, 0, 0, 0, 
469, 1, 610, 475, -1, 178, 150, 113.0, 14, Daapa, 0, 0, 0, 0, , 0, 0, 0, 0, 0, 
470, 1, 611, 476, -1, 194, 155, 118.0, 14, Daapp, 0, 0, 0, 0, , 0, 0, 0, 0, 0, 
471, 1, 612, 477, -1, 202, 134, 99.0, 16, Dapaa, 0, 0, 0, 0, , 0, 0, 0, 0, 0, 
472, 1, 613, 478, -1, 198, 76, 79.5, 16, Dapap, 0, 0, 0, 0, , 0, 0, 0, 0, 0, 
473, 1, 614, 479, -1, 163, 56, 87.0, 12, Dappaa, 0, 0, 0, 0, , 0, 0, 0, 0, 0, 
474, 1, 615, 480, -1, 195, 64, 87.0, 14, Dappap, 0, 0, 0, 0, , 0, 0, 0, 0, 0, 
475, 1, 616, 481, -1, 211, 61, 87.5, 12, Dapppa, 0, 0, 0, 0, , 0, 0, 0, 0, 0, 
476, 1, 617, 482, -1, 242, 63, 90.0, 14, Dapppp, 0, 0, 0, 0, , 0, 0, 0, 0, 0, 
477, 1, 618, 1047, -1, 172, 94, 187.33333, 15, Dpaaa, 0, 0, 0, 0, , 0, 0, 0, 0, 0, 
478, 1, 619, 484, -1, 153, 42, 151.0, 14, Dpaap, 0, 0, 0, 0, , 0, 0, 0, 0, 0, 
479, 1, 620, 485, -1, 168, 114, 191.0, 12, Dpapa, 0, 0, 0, 0, , 0, 0, 0, 0, 0, 
480, 1, 621, 486, -1, 181, 119, 191.33333, 14, Dpapp, 0, 0, 0, 0, , 0, 0, 0, 0, 0, 
481, 1, 622, 487, -1, 189, 91, 186.5, 14, Dppaa, 0, 0, 0, 0, , 0, 0, 0, 0, 0, 
482, 1, 623, 488, -1, 182, 36, 148.0, 16, Dppap, 0, 0, 0, 0, , 0, 0, 0, 0, 0, 
483, 1, 624, 489, -1, 150, 37, 124.0, 14, Dpppaa, 0, 0, 0, 0, , 0, 0, 0, 0, 0, 
484, 1, 625, 490, -1, 181, 36, 125.0, 14, Dpppap, 0, 0, 0, 0, , 0, 0, 0, 0, 0, 
485, 1, 626, 491, -1, 198, 32, 128.0, 15, Dppppa, 0, 0, 0, 0, , 0, 0, 0, 0, 0, 
486, 1, 627, 492, -1, 225, 36, 136.0, 15, Dppppp, 0, 0, 0, 0, , 0, 0, 0, 0, 0, 
487, 1, 628, 493, -1, 272, 84, 157.0, 18, Z2, 0, 0, 0, 0, , 0, 0, 0, 0, 0, 
488, 1, 629, 494, -1, 274, 120, 124.0, 18, Z3, 0, 0, 0, 0, , 0, 0, 0, 0, 0, 
489, 1, 630, 495, -1, 128, 73, 115.5, 13, MSaaaaapap, 0, 0, 0, 0, , 0, 0, 0, 0, 0, 
490, 1, 631, 496, -1, 176, 73, 118.333336, 12, MSaaaappp, 0, 0, 0, 0, , 0, 0, 0, 0, 0, 
491, 0, 632, -1, -1, 117, 85, 108.0, 14, , 0, 0, 0, 0, , 0, 0, 0, 0, 0, 
492, 1, 633, 498, -1, 186, 102, 125.0, 12, MSaapapaa, 0, 0, 0, 0, , 0, 0, 0, 0, 0, 
493, 1, 634, 499, -1, 200, 118, 119.0, 10, MSaapapap, 0, 0, 0, 0, , 0, 0, 0, 0, 0, 
494, 0, 635, -1, -1, 204, 106, 144.0, 14, , 0, 0, 0, 0, , 0, 0, 0, 0, 0, 
495, 1, 636, 501, -1, 192, 92, 153.0, 10, MSpapapaa, 0, 0, 0, 0, , 0, 0, 0, 0, 0, 
496, 1, 637, 502, -1, 199, 91, 167.0, 10, MSpapapap, 0, 0, 0, 0, , 0, 0, 0, 0, 0, 
497, 1, 638, 503, -1, 133, 38, 124.0, 14, MSpppppp, 0, 0, 0, 0, , 0, 0, 0, 0, 0, 
498, 0, 639, -1, -1, 155, 86, 180.0, 14, , 0, 0, 0, 0, , 0, 0, 0, 0, 0, 
499, 1, 640, 505, -1, 183, 54, 139.0, 15, MSpaapapp, 0, 0, 0, 0, , 0, 0, 0, 0, 0, 
500, 0, 641, -1, -1, 307, 145, 177.0, 13, , 0, 0, 0, 0, , 0, 0, 0, 0, 0, 
501, 1, 642, 507, -1, 271, 76, 183.0, 13, ABprappapp, 0, 0, 0, 0, , 0, 0, 0, 0, 0, 
502, 1, 643, 508, -1, 220, 75, 188.0, 13, ABprappaaa, 0, 0, 0, 0, , 0, 0, 0, 0, 0, 
503, 1, 644, 509, -1, 125, 114, 188.0, 12, ABprpaaaaaa, 0, 0, 0, 0, , 0, 0, 0, 0, 0, 
504, 0, 645, -1, -1, 324, 118, 173.5, 11, , 0, 0, 0, 0, , 0, 0, 0, 0, 0, 
505, 1, 646, 511, -1, 186, 96, 92.0, 12, MSaapappa, 0, 0, 0, 0, , 0, 0, 0, 0, 0, 
506, 1, 647, 512, -1, 191, 117, 98.0, 14, MSaapaapa, 0, 0, 0, 0, , 0, 0, 0, 0, 0, 
507, 0, 648, -1, -1, 203, 105, 144.5, 14, , 0, 0, 0, 0, , 0, 0, 0, 0, 0, 
508, 1, 649, 514, -1, 209, 96, 136.0, 15, MSaappap, 0, 0, 0, 0, , 0, 0, 0, 0, 0, 
509, 0, 650, -1, -1, 208, 145, 132.0, 14, , 0, 0, 0, 0, , 0, 0, 0, 0, 0, 
510, 0, 651, -1, -1, 208, 128, 131.0, 12, , 0, 0, 0, 0, , 0, 0, 0, 0, 0, 
511, 0, 652, -1, -1, 227, 116, 124.0, 13, , 0, 0, 0, 0, , 0, 0, 0, 0, 0, 
512, 1, 653, 518, -1, 242, 119, 115.0, 15, MSaappppp, 0, 0, 0, 0, , 0, 0, 0, 0, 0, 
513, 1, 654, 519, -1, 115, 59, 101.0, 16, MSappaaa, 0, 0, 0, 0, , 0, 0, 0, 0, 0, 
514, 0, 655, -1, -1, 272, 126, 109.0, 16, , 0, 0, 0, 0, , 0, 0, 0, 0, 0, 
515, 0, 656, -1, -1, 164, 147, 122.0, 15, , 0, 0, 0, 0, , 0, 0, 0, 0, 0, 
516, 1, 657, 522, -1, 173, 129, 98.0, 14, MSapppaa, 0, 0, 0, 0, , 0, 0, 0, 0, 0, 
517, 1, 658, 523, -1, 172, 110, 163.0, 14, MSpapaaaa, 0, 0, 0, 0, , 0, 0, 0, 0, 0, 
518, 1, 659, 524, -1, 185, 101, 169.0, 14, MSpapaaap, 0, 0, 0, 0, , 0, 0, 0, 0, 0, 
519, 1, 660, 525, -1, 189, 70, 159.5, 14, MSpapaapp, 0, 0, 0, 0, , 0, 0, 0, 0, 0, 
520, 1, 661, 526, -1, 176, 64, 155.5, 14, MSpapappa, 0, 0, 0, 0, , 0, 0, 0, 0, 0, 
521, 0, 662, -1, -1, 208, 139, 165.0, 15, , 0, 0, 0, 0, , 0, 0, 0, 0, 0, 
522, 1, 663, 528, -1, 253, 127, 123.0, 14, MSpappaa, 0, 0, 0, 0, , 0, 0, 0, 0, 0, 
523, 1, 664, 529, -1, 257, 92, 175.0, 14, MSpappap, 0, 0, 0, 0, , 0, 0, 0, 0, 0, 
524, 1, 665, 530, -1, 194, 115, 182.0, 12, MSpapppaa, 0, 0, 0, 0, , 0, 0, 0, 0, 0, 
525, 1, 666, 532, -1, 209, 100, 167.5, 14, MSpapppap, 0, 0, 0, 0, , 0, 0, 0, 0, 0, 
526, 1, 667, 533, -1, 221, 96, 170.5, 13, MSpappppa, 0, 0, 0, 0, , 0, 0, 0, 0, 0, 
527, 1, 668, 534, -1, 243, 86, 169.0, 13, MSpappppp, 0, 0, 0, 0, , 0, 0, 0, 0, 0, 
528, 1, 669, 535, -1, 108, 75, 154.0, 13, MSppaaap, 0, 0, 0, 0, , 0, 0, 0, 0, 0, 
529, 1, 670, 536, -1, 123, 94, 164.0, 12, MSppaaaad, 0, 0, 0, 0, , 0, 0, 0, 0, 0, 
530, 1, 671, 537, -1, 146, 120, 169.0, 12, MSppaaaav, 0, 0, 0, 0, , 0, 0, 0, 0, 0, 
531, 1, 672, 538, -1, 282, 109, 145.5, 14, MSppaapp, 0, 0, 0, 0, , 0, 0, 0, 0, 0, 
532, 1, 673, 539, -1, 173, 60, 173.0, 14, MSppapaa, 0, 0, 0, 0, , 0, 0, 0, 0, 0, 
533, 1, 674, 540, -1, 138, 111, 185.0, 14, MSppapap, 0, 0, 0, 0, , 0, 0, 0, 0, 0, 
534, 1, 675, 541, -1, 106, 61, 151.0, 15, MSppappa, 0, 0, 0, 0, , 0, 0, 0, 0, 0, 
535, 1, 676, 542, -1, 91, 70, 129.5, 15, MSppappp, 0, 0, 0, 0, , 0, 0, 0, 0, 0, 
536, 1, 677, 543, -1, 102, 66, 119.0, 14, MSpppaaa, 0, 0, 0, 0, , 0, 0, 0, 0, 0, 
537, 1, 678, 544, -1, 281, 73, 164.5, 14, MSpppaap, 0, 0, 0, 0, , 0, 0, 0, 0, 0, 
538, 0, 679, -1, -1, 161, 106, 177.0, 15, , 0, 0, 0, 0, , 0, 0, 0, 0, 0, 
539, 1, 680, 546, -1, 126, 48, 146.0, 14, MSppppap, 0, 0, 0, 0, , 0, 0, 0, 0, 0, 
540, 1, 681, 547, -1, 100, 51, 126.0, 14, MSpppppa, 0, 0, 0, 0, , 0, 0, 0, 0, 0, 
541, 1, 682, 548, -1, 101, 124, 111.0, 12, ABalaaaalar, 0, 0, 0, 0, , 0, 0, 0, 0, 0, 
542, 0, 683, -1, -1, 89, 143, 123.0, 13, , 0, 0, 0, 0, , 0, 0, 0, 0, 0, 
543, 0, 684, -1, -1, 88, 144, 124.0, 13, , 0, 0, 0, 0, , 0, 0, 0, 0, 0, 
544, 0, 685, -1, -1, 99, 118, 122.0, 14, , 0, 0, 0, 0, , 0, 0, 0, 0, 0, 
545, 1, 686, 552, -1, 92, 136, 163.0, 13, ABalaaaarra, 0, 0, 0, 0, , 0, 0, 0, 0, 0, 
546, 1, 687, 553, -1, 99, 109, 143.0, 12, ABalaaaarrp, 0, 0, 0, 0, , 0, 0, 0, 0, 0, 
547, 1, 688, 554, -1, 99, 154, 115.0, 12, ABalaaapall, 0, 0, 0, 0, , 0, 0, 0, 0, 0, 
548, 0, 689, -1, -1, 107, 118, 103.0, 14, , 0, 0, 0, 0, , 0, 0, 0, 0, 0, 
549, 0, 690, -1, -1, 108, 118, 103.0, 14, , 0, 0, 0, 0, , 0, 0, 0, 0, 0, 
550, 1, 691, 557, -1, 107, 118, 103.0, 14, ABalaaapalr, 0, 0, 0, 0, , 0, 0, 0, 0, 0, 
551, 1, 693, 558, -1, 82, 134, 116.0, 12, ABalaaaparr, 0, 0, 0, 0, , 0, 0, 0, 0, 0, 
552, 0, 694, -1, -1, 80, 118, 154.5, 12, , 0, 0, 0, 0, , 0, 0, 0, 0, 0, 
553, 0, 695, -1, -1, 79, 119, 157.0, 12, , 0, 0, 0, 0, , 0, 0, 0, 0, 0, 
554, 0, 696, -1, -1, 77, 119, 161.0, 12, , 0, 0, 0, 0, , 0, 0, 0, 0, 0, 
555, 1, 697, 562, -1, 85, 120, 149.0, 12, ABalaaappll, 0, 0, 0, 0, , 0, 0, 0, 0, 0, 
556, 1, 698, 563, -1, 79, 119, 156.0, 12, ABalaaapplr, 0, 0, 0, 0, , 0, 0, 0, 0, 0, 
557, 1, 699, 564, -1, 99, 86, 155.0, 13, ABalaaapprl, 0, 0, 0, 0, , 0, 0, 0, 0, 0, 
558, 1, 700, 565, -1, 93, 122, 174.0, 12, ABalaaapprr, 0, 0, 0, 0, , 0, 0, 0, 0, 0, 
559, 1, 701, 566, -1, 104, 99, 154.0, 12, ABalaapaaar, 0, 0, 0, 0, , 0, 0, 0, 0, 0, 
560, 1, 702, 567, -1, 102, 114, 179.0, 11, ABalaapaapa, 0, 0, 0, 0, , 0, 0, 0, 0, 0, 
561, 0, 703, -1, -1, 90, 124, 168.0, 13, , 0, 0, 0, 0, , 0, 0, 0, 0, 0, 
562, 0, 704, -1, -1, 121, 145, 189.5, 12, , 0, 0, 0, 0, , 0, 0, 0, 0, 0, 
563, 0, 705, -1, -1, 113, 117, 195.0, 12, , 0, 0, 0, 0, , 0, 0, 0, 0, 0, 
564, 0, 706, -1, -1, 92, 132, 181.0, 14, , 0, 0, 0, 0, , 0, 0, 0, 0, 0, 
565, 1, 707, 572, -1, 126, 105, 193.0, 13, ABalaapppaa, 0, 0, 0, 0, , 0, 0, 0, 0, 0, 
566, 1, 708, 573, -1, 104, 106, 172.0, 12, ABalaappppa, 0, 0, 0, 0, , 0, 0, 0, 0, 0, 
567, 1, 709, 574, -1, 93, 105, 165.0, 13, ABalaappppp, 0, 0, 0, 0, , 0, 0, 0, 0, 0, 
568, 0, 710, -1, -1, 107, 121, 99.0, 15, , 0, 0, 0, 0, , 0, 0, 0, 0, 0, 
569, 1, 711, 576, -1, 105, 118, 93.0, 15, ABalapaaaa, 0, 0, 0, 0, , 0, 0, 0, 0, 0, 
570, 0, 712, -1, -1, 87, 126, 91.5, 14, , 0, 0, 0, 0, , 0, 0, 0, 0, 0, 
571, 1, 713, 578, -1, 88, 138, 89.0, 12, ABalapaaapp, 0, 0, 0, 0, , 0, 0, 0, 0, 0, 
572, 0, 714, -1, -1, 135, 145, 95.0, 13, , 0, 0, 0, 0, , 0, 0, 0, 0, 0, 
573, 1, 715, 580, -1, 105, 142, 107.5, 15, ABalapaappp, 0, 0, 0, 0, , 0, 0, 0, 0, 0, 
574, 1, 716, 581, -1, 94, 77, 101.0, 15, ABalapapapa, 0, 0, 0, 0, , 0, 0, 0, 0, 0, 
575, 1, 717, 582, -1, 79, 99, 100.0, 15, ABalapapapp, 0, 0, 0, 0, , 0, 0, 0, 0, 0, 
576, 1, 718, 583, -1, 95, 114, 109.5, 14, ABalapappaa, 0, 0, 0, 0, , 0, 0, 0, 0, 0, 
577, 1, 719, 584, -1, 70, 123, 136.5, 13, ABarpaaaaar, 0, 0, 0, 0, , 0, 0, 0, 0, 0, 
578, 1, 720, 585, -1, 77, 120, 109.5, 14, ABalapappap, 0, 0, 0, 0, , 0, 0, 0, 0, 0, 
579, 0, 721, -1, -1, 96, 112, 82.5, 13, , 0, 0, 0, 0, , 0, 0, 0, 0, 0, 
580, 1, 722, 587, -1, 104, 119, 80.0, 12, ABalapapppa, 0, 0, 0, 0, , 0, 0, 0, 0, 0, 
581, 0, 723, -1, -1, 85, 126, 88.0, 13, , 0, 0, 0, 0, , 0, 0, 0, 0, 0, 
582, 0, 724, -1, -1, 67, 108, 118.0, 13, , 0, 0, 0, 0, , 0, 0, 0, 0, 0, 
583, 0, 725, -1, -1, 96, 81, 145.0, 12, , 0, 0, 0, 0, , 0, 0, 0, 0, 0, 
584, 1, 726, 591, -1, 81, 92, 160.0, 12, ABalappappa, 0, 0, 0, 0, , 0, 0, 0, 0, 0, 
585, 0, 727, -1, -1, 81, 88, 171.0, 12, , 0, 0, 0, 0, , 0, 0, 0, 0, 0, 
586, 1, 728, 593, -1, 95, 94, 117.0, 14, ABalapppaaa, 0, 0, 0, 0, , 0, 0, 0, 0, 0, 
587, 1, 729, 594, -1, 87, 106, 126.0, 13, ABalapppaap, 0, 0, 0, 0, , 0, 0, 0, 0, 0, 
588, 1, 731, 597, -1, 85, 81, 114.0, 13, ABalapppapa, 0, 0, 0, 0, , 0, 0, 0, 0, 0, 
589, 0, 732, -1, -1, 80, 89, 126.0, 14, , 0, 0, 0, 0, , 0, 0, 0, 0, 0, 
590, 1, 733, 599, -1, 87, 99, 137.0, 12, ABalappppaa, 0, 0, 0, 0, , 0, 0, 0, 0, 0, 
591, 0, 734, -1, -1, 77, 94, 134.0, 13, , 0, 0, 0, 0, , 0, 0, 0, 0, 0, 
592, 1, 736, 601, -1, 85, 76, 160.0, 12, ABalapppppp, 0, 0, 0, 0, , 0, 0, 0, 0, 0, 
593, 1, 737, 602, -1, 138, 119, 120.0, 13, ABalpaaaaaa, 0, 0, 0, 0, , 0, 0, 0, 0, 0, 
594, 1, 738, 603, -1, 156, 129, 129.0, 12, ABalpaaaaap, 0, 0, 0, 0, , 0, 0, 0, 0, 0, 
595, 0, 739, -1, -1, 144, 116, 136.0, 13, , 0, 0, 0, 0, , 0, 0, 0, 0, 0, 
596, 1, 740, 605, -1, 132, 111, 99.0, 13, ABalpaaapaa, 0, 0, 0, 0, , 0, 0, 0, 0, 0, 
597, 1, 741, 606, -1, 165, 111, 104.0, 12, ABalpaaappp, 0, 0, 0, 0, , 0, 0, 0, 0, 0, 
598, 1, 742, 607, -1, 122, 110, 115.0, 13, ABalpaapaaa, 0, 0, 0, 0, , 0, 0, 0, 0, 0, 
599, 1, 743, 608, -1, 126, 105, 106.0, 14, ABalpaapaap, 0, 0, 0, 0, , 0, 0, 0, 0, 0, 
600, 1, 744, 609, -1, 136, 91, 89.0, 14, ABalpaapapa, 0, 0, 0, 0, , 0, 0, 0, 0, 0, 
601, 1, 745, 610, -1, 143, 108, 86.5, 15, ABalpaapapp, 0, 0, 0, 0, , 0, 0, 0, 0, 0, 
602, 1, 746, 611, -1, 113, 131, 134.5, 12, ABalpaappaa, 0, 0, 0, 0, , 0, 0, 0, 0, 0, 
603, 1, 747, 612, -1, 118, 135, 142.0, 13, ABalpaappap, 0, 0, 0, 0, , 0, 0, 0, 0, 0, 
604, 0, 748, -1, -1, 99, 125, 130.5, 13, , 0, 0, 0, 0, , 0, 0, 0, 0, 0, 
605, 0, 749, -1, -1, 95, 140, 134.0, 13, , 0, 0, 0, 0, , 0, 0, 0, 0, 0, 
606, 0, 750, -1, -1, 97, 141, 132.5, 13, , 0, 0, 0, 0, , 0, 0, 0, 0, 0, 
607, 1, 751, 616, -1, 124, 141, 132.0, 13, ABalpapaaaa, 0, 0, 0, 0, , 0, 0, 0, 0, 0, 
608, 0, 752, -1, -1, 107, 165, 170.5, 15, , 0, 0, 0, 0, , 0, 0, 0, 0, 0, 
609, 0, 753, -1, -1, 116, 128, 156.5, 13, , 0, 0, 0, 0, , 0, 0, 0, 0, 0, 
610, 0, 754, -1, -1, 159, 155, 155.0, 13, , 0, 0, 0, 0, , 0, 0, 0, 0, 0, 
611, 1, 755, 620, -1, 168, 175, 166.0, 14, ABalpapapap, 0, 0, 0, 0, , 0, 0, 0, 0, 0, 
612, 1, 756, 621, -1, 212, 159, 155.0, 12, ABalpapappa, 0, 0, 0, 0, , 0, 0, 0, 0, 0, 
613, 0, 757, -1, -1, 206, 142, 141.0, 13, , 0, 0, 0, 0, , 0, 0, 0, 0, 0, 
614, 0, 758, -1, -1, 146, 121, 127.0, 13, , 0, 0, 0, 0, , 0, 0, 0, 0, 0, 
615, 1, 759, 624, -1, 147, 125, 144.0, 13, ABalpappapa, 0, 0, 0, 0, , 0, 0, 0, 0, 0, 
616, 0, 760, -1, -1, 193, 113, 152.5, 13, , 0, 0, 0, 0, , 0, 0, 0, 0, 0, 
617, 1, 761, 626, -1, 148, 118, 96.0, 13, ABalpapppaa, 0, 0, 0, 0, , 0, 0, 0, 0, 0, 
618, 1, 762, 627, -1, 166, 125, 151.0, 15, ABalpappppa, 0, 0, 0, 0, , 0, 0, 0, 0, 0, 
619, 1, 763, 628, -1, 165, 126, 123.5, 14, ABalpappppp, 0, 0, 0, 0, , 0, 0, 0, 0, 0, 
620, 0, 764, -1, -1, 109, 159, 125.0, 12, , 0, 0, 0, 0, , 0, 0, 0, 0, 0, 
621, 0, 765, -1, -1, 113, 161, 117.5, 12, , 0, 0, 0, 0, , 0, 0, 0, 0, 0, 
622, 0, 766, -1, -1, 108, 160, 126.0, 13, , 0, 0, 0, 0, , 0, 0, 0, 0, 0, 
623, 0, 767, -1, -1, 105, 157, 157.0, 11, , 0, 0, 0, 0, , 0, 0, 0, 0, 0, 
624, 0, 768, -1, -1, 120, 152, 154.0, 11, , 0, 0, 0, 0, , 0, 0, 0, 0, 0, 
625, 1, 769, 1079, -1, 116, 142, 122.5, 13, ABalppapaaa, 0, 0, 0, 0, , 0, 0, 0, 0, 0, 
626, 1, 770, 635, -1, 111, 154, 140.0, 12, ABalppapaap, 0, 0, 0, 0, , 0, 0, 0, 0, 0, 
627, 0, 771, -1, -1, 109, 162, 161.0, 12, , 0, 0, 0, 0, , 0, 0, 0, 0, 0, 
628, 1, 772, 637, -1, 152, 168, 151.0, 12, ABalppapapa, 0, 0, 0, 0, , 0, 0, 0, 0, 0, 
629, 0, 773, -1, -1, 110, 174, 150.0, 13, , 0, 0, 0, 0, , 0, 0, 0, 0, 0, 
630, 0, 774, -1, -1, 134, 144, 95.0, 13, , 0, 0, 0, 0, , 0, 0, 0, 0, 0, 
631, 0, 775, -1, -1, 137, 154, 103.5, 13, , 0, 0, 0, 0, , 0, 0, 0, 0, 0, 
632, 1, 776, 641, -1, 134, 143, 93.0, 13, ABalppappaa, 0, 0, 0, 0, , 0, 0, 0, 0, 0, 
633, 1, 777, 642, -1, 124, 150, 125.0, 13, ABalppappap, 0, 0, 0, 0, , 0, 0, 0, 0, 0, 
634, 1, 778, 643, -1, 140, 161, 140.0, 12, ABalppapppa, 0, 0, 0, 0, , 0, 0, 0, 0, 0, 
635, 1, 779, 644, -1, 132, 152, 136.5, 11, ABalppapppp, 0, 0, 0, 0, , 0, 0, 0, 0, 0, 
636, 1, 780, 645, -1, 129, 169, 93.0, 13, ABalpppaaaa, 0, 0, 0, 0, , 0, 0, 0, 0, 0, 
637, 1, 782, 646, -1, 92, 150, 109.0, 13, ABalpppaapd, 0, 0, 0, 0, , 0, 0, 0, 0, 0, 
638, 1, 783, 647, -1, 104, 162, 103.0, 13, ABalpppaapv, 0, 0, 0, 0, , 0, 0, 0, 0, 0, 
639, 1, 784, 648, -1, 122, 168, 108.0, 12, ABalpppapad, 0, 0, 0, 0, , 0, 0, 0, 0, 0, 
640, 1, 785, 649, -1, 151, 164, 99.0, 12, ABalpppapav, 0, 0, 0, 0, , 0, 0, 0, 0, 0, 
641, 0, 786, -1, -1, 118, 142, 76.0, 12, , 0, 0, 0, 0, , 0, 0, 0, 0, 0, 
642, 1, 787, 651, -1, 118, 142, 76.0, 12, ABalpppapppa, 0, 0, 0, 0, , 0, 0, 0, 0, 0, 
643, 1, 788, 652, -1, 132, 124, 68.0, 12, ABalpppapppp, 0, 0, 0, 0, , 0, 0, 0, 0, 0, 
644, 1, 789, 653, -1, 143, 123, 79.0, 15, ABalppppaad, 0, 0, 0, 0, , 0, 0, 0, 0, 0, 
645, 0, 790, -1, -1, 98, 138, 90.0, 13, , 0, 0, 0, 0, , 0, 0, 0, 0, 0, 
646, 1, 791, 655, -1, 151, 147, 87.0, 13, ABalpppppaa, 0, 0, 0, 0, , 0, 0, 0, 0, 0, 
647, 1, 792, 656, -1, 157, 138, 81.0, 13, ABalpppppap, 0, 0, 0, 0, , 0, 0, 0, 0, 0, 
648, 1, 793, 657, -1, 162, 141, 66.0, 15, ABalppppppaa, 0, 0, 0, 0, , 0, 0, 0, 0, 0, 
649, 1, 794, 658, -1, 142, 158, 68.0, 13, ABalpppppppa, 0, 0, 0, 0, , 0, 0, 0, 0, 0, 
650, 1, 795, 659, -1, 147, 170, 81.0, 15, ABalpppppppp, 0, 0, 0, 0, , 0, 0, 0, 0, 0, 
651, 1, 796, 660, -1, 128, 122, 125.0, 13, ABaraaaaaaa, 0, 0, 0, 0, , 0, 0, 0, 0, 0, 
652, 1, 797, 661, -1, 139, 116, 108.0, 12, ABaraaaaaap, 0, 0, 0, 0, , 0, 0, 0, 0, 0, 
653, 0, 798, -1, -1, 125, 112, 147.0, 13, , 0, 0, 0, 0, , 0, 0, 0, 0, 0, 
654, 1, 799, 663, -1, 125, 112, 146.0, 13, ABaraaaaapa, 0, 0, 0, 0, , 0, 0, 0, 0, 0, 
655, 1, 800, 664, -1, 134, 95, 154.0, 11, ABaraaaaapp, 0, 0, 0, 0, , 0, 0, 0, 0, 0, 
656, 0, 801, -1, -1, 113, 96, 125.0, 14, , 0, 0, 0, 0, , 0, 0, 0, 0, 0, 
657, 1, 802, 666, -1, 117, 102, 141.0, 13, ABaraaapaaa, 0, 0, 0, 0, , 0, 0, 0, 0, 0, 
658, 1, 803, 667, -1, 121, 87, 144.0, 15, ABaraaapaap, 0, 0, 0, 0, , 0, 0, 0, 0, 0, 
659, 1, 804, 668, -1, 136, 72, 144.5, 15, ABaraaapapa, 0, 0, 0, 0, , 0, 0, 0, 0, 0, 
660, 1, 805, 669, -1, 148, 66, 160.0, 13, ABaraaapapp, 0, 0, 0, 0, , 0, 0, 0, 0, 0, 
661, 1, 806, 670, -1, 112, 115, 136.0, 13, ABaraaappaa, 0, 0, 0, 0, , 0, 0, 0, 0, 0, 
662, 1, 807, 671, -1, 116, 126, 148.0, 12, ABaraaappap, 0, 0, 0, 0, , 0, 0, 0, 0, 0, 
663, 0, 808, -1, -1, 105, 119, 142.0, 10, , 0, 0, 0, 0, , 0, 0, 0, 0, 0, 
664, 1, 809, 673, -1, 102, 121, 144.0, 12, ABaraaapppa, 0, 0, 0, 0, , 0, 0, 0, 0, 0, 
665, 0, 810, -1, -1, 101, 156, 163.5, 12, , 0, 0, 0, 0, , 0, 0, 0, 0, 0, 
666, 0, 811, -1, -1, 102, 142, 163.5, 12, , 0, 0, 0, 0, , 0, 0, 0, 0, 0, 
667, 0, 812, -1, -1, 102, 143, 162.0, 11, , 0, 0, 0, 0, , 0, 0, 0, 0, 0, 
668, 0, 813, -1, -1, 114, 97, 121.0, 12, , 0, 0, 0, 0, , 0, 0, 0, 0, 0, 
669, 1, 814, 678, -1, 114, 97, 121.5, 12, ABaraapaaaa, 0, 0, 0, 0, , 0, 0, 0, 0, 0, 
670, 1, 816, 679, -1, 113, 98, 130.0, 14, ABaraaaapap, 0, 0, 0, 0, , 0, 0, 0, 0, 0, 
671, 0, 817, -1, -1, 118, 86, 109.0, 14, , 0, 0, 0, 0, , 0, 0, 0, 0, 0, 
672, 1, 818, 681, -1, 120, 89, 99.0, 12, ABaraapaapa, 0, 0, 0, 0, , 0, 0, 0, 0, 0, 
673, 1, 819, 682, -1, 159, 81, 88.0, 14, ABaraapaapp, 0, 0, 0, 0, , 0, 0, 0, 0, 0, 
674, 1, 820, 683, -1, 169, 102, 96.0, 15, ABaraapapaa, 0, 0, 0, 0, , 0, 0, 0, 0, 0, 
675, 1, 821, 684, -1, 172, 92, 80.0, 14, ABaraapapap, 0, 0, 0, 0, , 0, 0, 0, 0, 0, 
676, 1, 822, 685, -1, 178, 115, 93.0, 12, ABaraapappa, 0, 0, 0, 0, , 0, 0, 0, 0, 0, 
677, 1, 823, 686, -1, 179, 116, 113.0, 14, ABaraapappp, 0, 0, 0, 0, , 0, 0, 0, 0, 0, 
678, 1, 824, 687, -1, 112, 85, 120.0, 13, ABaraappaaa, 0, 0, 0, 0, , 0, 0, 0, 0, 0, 
679, 1, 825, 688, -1, 121, 87, 132.0, 13, ABaraappaap, 0, 0, 0, 0, , 0, 0, 0, 0, 0, 
680, 1, 826, 689, -1, 115, 76, 137.0, 13, ABaraappapa, 0, 0, 0, 0, , 0, 0, 0, 0, 0, 
681, 1, 827, 690, -1, 153, 55, 129.0, 15, MSpaapaaa, 0, 0, 0, 0, , 0, 0, 0, 0, 0, 
682, 1, 828, 691, -1, 162, 76, 157.0, 15, ABaraapppaa, 0, 0, 0, 0, , 0, 0, 0, 0, 0, 
683, 1, 829, 692, -1, 161, 58, 152.5, 16, ABaraapppap, 0, 0, 0, 0, , 0, 0, 0, 0, 0, 
684, 1, 830, 693, -1, 169, 80, 171.0, 12, ABaraappppa, 0, 0, 0, 0, , 0, 0, 0, 0, 0, 
685, 1, 831, 694, -1, 174, 96, 162.5, 13, ABaraappppp, 0, 0, 0, 0, , 0, 0, 0, 0, 0, 
686, 1, 832, 695, -1, 133, 108, 153.0, 13, ABarapaaaaa, 0, 0, 0, 0, , 0, 0, 0, 0, 0, 
687, 1, 833, 696, -1, 152, 119, 160.0, 10, ABarapaaaap, 0, 0, 0, 0, , 0, 0, 0, 0, 0, 
688, 1, 834, 697, -1, 143, 115, 155.5, 11, ABarapaaapa, 0, 0, 0, 0, , 0, 0, 0, 0, 0, 
689, 1, 835, 698, -1, 133, 85, 154.0, 13, ABarapaapaa, 0, 0, 0, 0, , 0, 0, 0, 0, 0, 
690, 1, 836, 699, -1, 136, 61, 158.0, 13, ABarapaapap, 0, 0, 0, 0, , 0, 0, 0, 0, 0, 
691, 1, 837, 700, -1, 136, 72, 167.0, 12, ABarapaappa, 0, 0, 0, 0, , 0, 0, 0, 0, 0, 
692, 1, 838, 701, -1, 159, 91, 156.0, 12, ABarapaappp, 0, 0, 0, 0, , 0, 0, 0, 0, 0, 
693, 1, 839, 702, -1, 143, 101, 169.5, 14, ABarapapaap, 0, 0, 0, 0, , 0, 0, 0, 0, 0, 
694, 1, 840, 703, -1, 134, 129, 144.0, 12, ABarapapapa, 0, 0, 0, 0, , 0, 0, 0, 0, 0, 
695, 0, 841, -1, -1, 195, 114, 151.5, 14, , 0, 0, 0, 0, , 0, 0, 0, 0, 0, 
696, 0, 842, -1, -1, 194, 112, 150.0, 14, , 0, 0, 0, 0, , 0, 0, 0, 0, 0, 
697, 1, 843, 706, -1, 197, 111, 139.0, 14, ABalpappapp, 0, 0, 0, 0, , 0, 0, 0, 0, 0, 
698, 1, 844, 707, -1, 194, 114, 153.0, 12, ABarapapapp, 0, 0, 0, 0, , 0, 0, 0, 0, 0, 
699, 1, 845, 708, -1, 141, 86, 165.0, 12, ABarapappaa, 0, 0, 0, 0, , 0, 0, 0, 0, 0, 
700, 1, 846, 709, -1, 182, 120, 144.0, 15, ABarapapppa, 0, 0, 0, 0, , 0, 0, 0, 0, 0, 
701, 1, 847, 710, -1, 159, 105, 167.0, 15, ABarapapppp, 0, 0, 0, 0, , 0, 0, 0, 0, 0, 
702, 1, 848, 711, -1, 121, 139, 148.0, 13, ABalpapaapa, 0, 0, 0, 0, , 0, 0, 0, 0, 0, 
703, 1, 849, 712, -1, 115, 129, 155.5, 12, ABarappaaaa, 0, 0, 0, 0, , 0, 0, 0, 0, 0, 
704, 0, 850, -1, -1, 154, 149, 161.0, 13, , 0, 0, 0, 0, , 0, 0, 0, 0, 0, 
705, 1, 851, 714, -1, 164, 159, 185.0, 15, ABarappapap, 0, 0, 0, 0, , 0, 0, 0, 0, 0, 
706, 1, 852, 715, -1, 201, 86, 147.0, 15, MSpapappp, 0, 0, 0, 0, , 0, 0, 0, 0, 0, 
707, 0, 853, -1, -1, 208, 138, 164.0, 13, , 0, 0, 0, 0, , 0, 0, 0, 0, 0, 
708, 0, 854, -1, -1, 191, 138, 191.0, 13, , 0, 0, 0, 0, , 0, 0, 0, 0, 0, 
709, 1, 855, 718, -1, 114, 117, 164.0, 10, ABarapppaaa, 0, 0, 0, 0, , 0, 0, 0, 0, 0, 
710, 1, 856, 719, -1, 105, 142, 161.0, 11, ABarapppaap, 0, 0, 0, 0, , 0, 0, 0, 0, 0, 
711, 0, 857, -1, -1, 122, 151, 151.0, 11, , 0, 0, 0, 0, , 0, 0, 0, 0, 0, 
712, 1, 858, 721, -1, 147, 156, 170.0, 12, ABarapppapa, 0, 0, 0, 0, , 0, 0, 0, 0, 0, 
713, 1, 859, 722, -1, 122, 157, 176.0, 14, ABarapppapp, 0, 0, 0, 0, , 0, 0, 0, 0, 0, 
714, 1, 860, 723, -1, 117, 98, 188.0, 13, ABarappppaa, 0, 0, 0, 0, , 0, 0, 0, 0, 0, 
715, 1, 861, 724, -1, 123, 121, 172.0, 13, ABarappppap, 0, 0, 0, 0, , 0, 0, 0, 0, 0, 
716, 1, 862, 725, -1, 135, 141, 169.5, 15, ABarapppppa, 0, 0, 0, 0, , 0, 0, 0, 0, 0, 
717, 1, 864, 726, -1, 118, 141, 167.0, 11, ABarapppppp, 0, 0, 0, 0, , 0, 0, 0, 0, 0, 
718, 1, 865, 727, -1, 69, 128, 130.0, 12, ABarpaaaaal, 0, 0, 0, 0, , 0, 0, 0, 0, 0, 
719, 1, 866, 728, -1, 74, 120, 122.0, 14, ABarpaaaapa, 0, 0, 0, 0, , 0, 0, 0, 0, 0, 
720, 1, 867, 729, -1, 71, 120, 99.0, 12, ABarpaaaapp, 0, 0, 0, 0, , 0, 0, 0, 0, 0, 
721, 1, 868, 730, -1, 71, 109, 134.0, 12, ABarpaaapaa, 0, 0, 0, 0, , 0, 0, 0, 0, 0, 
722, 1, 869, 731, -1, 65, 99, 152.0, 13, ABarpaaapap, 0, 0, 0, 0, , 0, 0, 0, 0, 0, 
723, 1, 870, 732, -1, 56, 96, 133.0, 15, ABarpaapaa, 0, 0, 0, 0, , 0, 0, 0, 0, 0, 
724, 1, 871, 733, -1, 84, 68, 99.0, 15, ABarpaapap, 0, 0, 0, 0, , 0, 0, 0, 0, 0, 
725, 1, 872, 734, -1, 102, 59, 91.0, 14, ABarpaappa, 0, 0, 0, 0, , 0, 0, 0, 0, 0, 
726, 1, 873, 735, -1, 131, 38, 153.0, 15, ABarpaappp, 0, 0, 0, 0, , 0, 0, 0, 0, 0, 
727, 1, 874, 736, -1, 79, 93, 134.5, 13, ABalappppap, 0, 0, 0, 0, , 0, 0, 0, 0, 0, 
728, 1, 875, 737, -1, 81, 92, 131.5, 13, ABarpapaaaa, 0, 0, 0, 0, , 0, 0, 0, 0, 0, 
729, 1, 876, 738, -1, 79, 84, 127.0, 14, ABalapppapp, 0, 0, 0, 0, , 0, 0, 0, 0, 0, 
730, 1, 877, 739, -1, 71, 80, 146.0, 12, ABarpapaaap, 0, 0, 0, 0, , 0, 0, 0, 0, 0, 
731, 1, 878, 740, -1, 81, 83, 141.0, 13, ABarpapaappa, 0, 0, 0, 0, , 0, 0, 0, 0, 0, 
732, 1, 878, 741, -1, 92, 75, 144.0, 13, ABarpapaappp, 0, 0, 0, 0, , 0, 0, 0, 0, 0, 
733, 1, 879, 742, -1, 57, 121, 133.0, 15, ABarpapapa, 0, 0, 0, 0, , 0, 0, 0, 0, 0, 
734, 1, 880, 743, -1, 69, 75, 111.5, 15, ABarpapapp, 0, 0, 0, 0, , 0, 0, 0, 0, 0, 
735, 1, 881, 744, -1, 73, 118, 173.0, 14, ABarpappaa, 0, 0, 0, 0, , 0, 0, 0, 0, 0, 
736, 1, 882, 745, -1, 99, 121, 202.5, 14, ABarpappap, 0, 0, 0, 0, , 0, 0, 0, 0, 0, 
737, 1, 883, 746, -1, 124, 94, 64.0, 15, ABarppaaaa, 0, 0, 0, 0, , 0, 0, 0, 0, 0, 
738, 1, 884, 747, -1, 159, 29, 147.0, 16, ABarppaapa, 0, 0, 0, 0, , 0, 0, 0, 0, 0, 
739, 1, 885, 748, -1, 193, 99, 69.5, 16, ABarppaapp, 0, 0, 0, 0, , 0, 0, 0, 0, 0, 
740, 1, 886, 749, -1, 117, 48, 158.0, 12, ABarpppaaa, 0, 0, 0, 0, , 0, 0, 0, 0, 0, 
741, 1, 887, 750, -1, 158, 88, 63.0, 15, ABarpppapa, 0, 0, 0, 0, , 0, 0, 0, 0, 0, 
742, 1, 888, 751, -1, 184, 44, 167.0, 15, ABarpppapp, 0, 0, 0, 0, , 0, 0, 0, 0, 0, 
743, 1, 889, 752, -1, 82, 105, 106.0, 13, ABplaaaaaaa, 0, 0, 0, 0, , 0, 0, 0, 0, 0, 
744, 1, 890, 753, -1, 84, 106, 85.5, 14, ABplaaaaaap, 0, 0, 0, 0, , 0, 0, 0, 0, 0, 
745, 1, 891, 754, -1, 86, 110, 97.0, 12, ABplaaaaappa, 0, 0, 0, 0, , 0, 0, 0, 0, 0, 
746, 1, 892, 755, -1, 109, 99, 90.0, 12, ABplaaaaappp, 0, 0, 0, 0, , 0, 0, 0, 0, 0, 
747, 1, 893, 756, -1, 58, 114, 108.0, 15, ABplaaaapa, 0, 0, 0, 0, , 0, 0, 0, 0, 0, 
748, 1, 894, 757, -1, 61, 89, 115.0, 12, ABplaaaapp, 0, 0, 0, 0, , 0, 0, 0, 0, 0, 
749, 1, 895, 758, -1, 80, 151, 105.0, 13, ABplaaapaa, 0, 0, 0, 0, , 0, 0, 0, 0, 0, 
750, 1, 896, 759, -1, 112, 174, 101.5, 15, ABplaaapap, 0, 0, 0, 0, , 0, 0, 0, 0, 0, 
751, 0, 897, -1, -1, 85, 124, 134.5, 14, , 0, 0, 0, 0, , 0, 0, 0, 0, 0, 
752, 1, 898, 761, -1, 74, 138, 117.0, 13, ABplaapaaap, 0, 0, 0, 0, , 0, 0, 0, 0, 0, 
753, 0, 899, -1, -1, 90, 141, 107.0, 11, , 0, 0, 0, 0, , 0, 0, 0, 0, 0, 
754, 0, 900, -1, -1, 110, 128, 91.0, 11, , 0, 0, 0, 0, , 0, 0, 0, 0, 0, 
755, 0, 901, -1, -1, 98, 138, 92.0, 12, , 0, 0, 0, 0, , 0, 0, 0, 0, 0, 
756, 0, 902, -1, -1, 103, 145, 81.0, 15, , 0, 0, 0, 0, , 0, 0, 0, 0, 0, 
757, 1, 903, 767, -1, 174, 135, 84.0, 13, ABplaapapaa, 0, 0, 0, 0, , 0, 0, 0, 0, 0, 
758, 1, 904, 769, -1, 168, 131, 70.0, 13, ABplaapapap, 0, 0, 0, 0, , 0, 0, 0, 0, 0, 
759, 1, 905, 768, -1, 163, 121, 53.0, 14, ABarppaaap, 0, 0, 0, 0, , 0, 0, 0, 0, 0, 
760, 1, 906, 770, -1, 161, 114, 72.0, 13, ABplaapappa, 0, 0, 0, 0, , 0, 0, 0, 0, 0, 
761, 1, 907, 771, -1, 138, 136, 64.0, 12, ABplaapapppa, 0, 0, 0, 0, , 0, 0, 0, 0, 0, 
762, 1, 908, 772, -1, 155, 122, 62.0, 12, ABplaapapppp, 0, 0, 0, 0, , 0, 0, 0, 0, 0, 
763, 1, 909, 773, -1, 123, 173, 140.5, 13, ABalppapapp, 0, 0, 0, 0, , 0, 0, 0, 0, 0, 
764, 1, 910, 774, -1, 109, 174, 151.0, 13, ABplaappaa, 0, 0, 0, 0, , 0, 0, 0, 0, 0, 
765, 1, 911, 775, -1, 146, 176, 160.0, 15, ABplaappap, 0, 0, 0, 0, , 0, 0, 0, 0, 0, 
766, 1, 912, 776, -1, 171, 183, 138.0, 13, ABplaapppa, 0, 0, 0, 0, , 0, 0, 0, 0, 0, 
767, 1, 913, 777, -1, 197, 158, 86.5, 17, ABplaapppp, 0, 0, 0, 0, , 0, 0, 0, 0, 0, 
768, 1, 914, 778, -1, 146, 106, 64.0, 14, ABplapaaaap, 0, 0, 0, 0, , 0, 0, 0, 0, 0, 
769, 1, 915, 779, -1, 181, 129, 70.5, 15, ABplapaaapa, 0, 0, 0, 0, , 0, 0, 0, 0, 0, 
770, 1, 916, 780, -1, 198, 125, 74.5, 15, ABplapaaapp, 0, 0, 0, 0, , 0, 0, 0, 0, 0, 
771, 1, 917, 781, -1, 196, 172, 138.0, 13, ABplapaapa, 0, 0, 0, 0, , 0, 0, 0, 0, 0, 
772, 1, 918, 782, -1, 212, 146, 90.0, 17, ABplapaapp, 0, 0, 0, 0, , 0, 0, 0, 0, 0, 
773, 1, 919, 783, -1, 272, 154, 98.0, 16, ABplapapap, 0, 0, 0, 0, , 0, 0, 0, 0, 0, 
774, 1, 920, 784, -1, 278, 168, 105.0, 17, ABplapappa, 0, 0, 0, 0, , 0, 0, 0, 0, 0, 
775, 1, 921, 785, -1, 314, 156, 131.0, 14, ABplapapppp, 0, 0, 0, 0, , 0, 0, 0, 0, 0, 
776, 1, 922, 786, -1, 225, 126, 85.5, 16, ABplappaaa, 0, 0, 0, 0, , 0, 0, 0, 0, 0, 
777, 1, 923, 787, -1, 246, 126, 92.0, 15, ABplappaap, 0, 0, 0, 0, , 0, 0, 0, 0, 0, 
778, 1, 924, 788, -1, 264, 138, 97.0, 16, ABplappapp, 0, 0, 0, 0, , 0, 0, 0, 0, 0, 
779, 1, 925, 789, -1, 293, 168, 115.5, 14, ABplapppaaa, 0, 0, 0, 0, , 0, 0, 0, 0, 0, 
780, 1, 926, 790, -1, 291, 159, 141.0, 15, ABplapppapp, 0, 0, 0, 0, , 0, 0, 0, 0, 0, 
781, 1, 927, 791, -1, 255, 158, 163.0, 14, ABplappppa, 0, 0, 0, 0, , 0, 0, 0, 0, 0, 
782, 1, 928, 792, -1, 136, 152, 109.0, 14, ABplpaaaaaa, 0, 0, 0, 0, , 0, 0, 0, 0, 0, 
783, 1, 929, 793, -1, 163, 163, 95.0, 13, ABplpaaaaap, 0, 0, 0, 0, , 0, 0, 0, 0, 0, 
784, 1, 930, 794, -1, 182, 162, 164.0, 12, ABplpaaaapa, 0, 0, 0, 0, , 0, 0, 0, 0, 0, 
785, 1, 931, 795, -1, 218, 142, 144.0, 13, ABplpaaaapp, 0, 0, 0, 0, , 0, 0, 0, 0, 0, 
786, 1, 933, 796, -1, 124, 166, 130.0, 12, ABplpaaapaa, 0, 0, 0, 0, , 0, 0, 0, 0, 0, 
787, 1, 934, 797, -1, 123, 178, 126.0, 12, ABplpaaapap, 0, 0, 0, 0, , 0, 0, 0, 0, 0, 
788, 1, 935, 798, -1, 134, 160, 119.0, 15, ABplpaaappa, 0, 0, 0, 0, , 0, 0, 0, 0, 0, 
789, 0, 936, -1, -1, 156, 178, 141.0, 13, , 0, 0, 0, 0, , 0, 0, 0, 0, 0, 
790, 0, 937, -1, -1, 154, 178, 135.5, 15, , 0, 0, 0, 0, , 0, 0, 0, 0, 0, 
791, 1, 938, 801, -1, 150, 166, 116.0, 14, ABplpaaappp, 0, 0, 0, 0, , 0, 0, 0, 0, 0, 
792, 0, 939, -1, -1, 162, 162, 77.0, 13, , 0, 0, 0, 0, , 0, 0, 0, 0, 0, 
793, 1, 940, 803, -1, 89, 152, 94.0, 13, ABplpaapapa, 0, 0, 0, 0, , 0, 0, 0, 0, 0, 
794, 1, 941, 804, -1, 139, 181, 134.0, 12, ABplpaapapp, 0, 0, 0, 0, , 0, 0, 0, 0, 0, 
795, 1, 942, 805, -1, 166, 151, 84.0, 13, ABplpaappaa, 0, 0, 0, 0, , 0, 0, 0, 0, 0, 
796, 0, 943, -1, -1, 170, 154, 70.0, 13, , 0, 0, 0, 0, , 0, 0, 0, 0, 0, 
797, 0, 944, -1, -1, 165, 149, 79.0, 13, , 0, 0, 0, 0, , 0, 0, 0, 0, 0, 
798, 0, 945, -1, -1, 172, 171, 132.5, 12, , 0, 0, 0, 0, , 0, 0, 0, 0, 0, 
799, 0, 946, -1, -1, 172, 169, 128.0, 12, , 0, 0, 0, 0, , 0, 0, 0, 0, 0, 
800, 1, 947, 810, -1, 165, 148, 143.0, 13, ABplpapaaaa, 0, 0, 0, 0, , 0, 0, 0, 0, 0, 
801, 0, 948, -1, -1, 165, 151, 117.5, 15, , 0, 0, 0, 0, , 0, 0, 0, 0, 0, 
802, 0, 949, -1, -1, 180, 162, 150.0, 12, , 0, 0, 0, 0, , 0, 0, 0, 0, 0, 
803, 0, 950, -1, -1, 157, 154, 151.0, 13, , 0, 0, 0, 0, , 0, 0, 0, 0, 0, 
804, 1, 951, 814, -1, 157, 165, 139.0, 11, ABplpapaapp, 0, 0, 0, 0, , 0, 0, 0, 0, 0, 
805, 0, 952, -1, -1, 182, 151, 129.5, 12, , 0, 0, 0, 0, , 0, 0, 0, 0, 0, 
806, 0, 953, -1, -1, 180, 159, 135.5, 13, , 0, 0, 0, 0, , 0, 0, 0, 0, 0, 
807, 1, 954, 817, -1, 200, 158, 144.0, 13, ABplpapappa, 0, 0, 0, 0, , 0, 0, 0, 0, 0, 
808, 0, 955, -1, -1, 237, 118, 159.0, 13, , 0, 0, 0, 0, , 0, 0, 0, 0, 0, 
809, 1, 956, 819, -1, 142, 146, 146.5, 13, ABplpappaaa, 0, 0, 0, 0, , 0, 0, 0, 0, 0, 
810, 0, 957, -1, -1, 164, 161, 178.0, 15, , 0, 0, 0, 0, , 0, 0, 0, 0, 0, 
811, 0, 958, -1, -1, 179, 136, 166.0, 15, , 0, 0, 0, 0, , 0, 0, 0, 0, 0, 
812, 1, 959, 822, -1, 274, 143, 145.5, 13, ABplpapppaa, 0, 0, 0, 0, , 0, 0, 0, 0, 0, 
813, 1, 960, 823, -1, 272, 125, 171.0, 13, ABplpapppap, 0, 0, 0, 0, , 0, 0, 0, 0, 0, 
814, 1, 961, 824, -1, 274, 125, 150.0, 13, ABplpappppa, 0, 0, 0, 0, , 0, 0, 0, 0, 0, 
815, 1, 962, 825, -1, 284, 141, 162.0, 12, ABplpappppp, 0, 0, 0, 0, , 0, 0, 0, 0, 0, 
816, 1, 963, 826, -1, 161, 177, 103.0, 13, ABplppaaaaa, 0, 0, 0, 0, , 0, 0, 0, 0, 0, 
817, 0, 964, -1, -1, 171, 169, 126.0, 10, , 0, 0, 0, 0, , 0, 0, 0, 0, 0, 
818, 0, 965, -1, -1, 181, 179, 149.0, 13, , 0, 0, 0, 0, , 0, 0, 0, 0, 0, 
819, 0, 966, -1, -1, 203, 142, 152.0, 10, , 0, 0, 0, 0, , 0, 0, 0, 0, 0, 
820, 0, 967, -1, -1, 207, 144, 136.0, 13, , 0, 0, 0, 0, , 0, 0, 0, 0, 0, 
821, 0, 968, -1, -1, 244, 126, 153.0, 13, , 0, 0, 0, 0, , 0, 0, 0, 0, 0, 
822, 1, 969, 832, -1, 209, 161, 126.0, 14, ABplppapaaa, 0, 0, 0, 0, , 0, 0, 0, 0, 0, 
823, 1, 970, 833, -1, 206, 128, 133.0, 12, ABplppapaap, 0, 0, 0, 0, , 0, 0, 0, 0, 0, 
824, 1, 971, 834, -1, 225, 118, 134.5, 13, ABplppapapa, 0, 0, 0, 0, , 0, 0, 0, 0, 0, 
825, 1, 972, 835, -1, 246, 118, 138.0, 13, ABplppapapp, 0, 0, 0, 0, , 0, 0, 0, 0, 0, 
826, 0, 973, -1, -1, 208, 144, 135.0, 13, , 0, 0, 0, 0, , 0, 0, 0, 0, 0, 
827, 1, 974, 837, -1, 235, 117, 144.0, 13, ABplppapppa, 0, 0, 0, 0, , 0, 0, 0, 0, 0, 
828, 1, 975, 838, -1, 254, 126, 145.0, 12, ABplppapppp, 0, 0, 0, 0, , 0, 0, 0, 0, 0, 
829, 1, 976, 839, -1, 253, 149, 139.0, 13, ABplpppaaaa, 0, 0, 0, 0, , 0, 0, 0, 0, 0, 
830, 1, 977, 840, -1, 257, 137, 132.0, 12, ABplpppaaap, 0, 0, 0, 0, , 0, 0, 0, 0, 0, 
831, 1, 978, 841, -1, 290, 154, 125.5, 13, ABplpppaapa, 0, 0, 0, 0, , 0, 0, 0, 0, 0, 
832, 1, 979, 842, -1, 282, 170, 131.0, 12, ABplpppaapp, 0, 0, 0, 0, , 0, 0, 0, 0, 0, 
833, 1, 980, 843, -1, 275, 167, 141.0, 13, ABplpppapaa, 0, 0, 0, 0, , 0, 0, 0, 0, 0, 
834, 1, 981, 844, -1, 268, 160, 181.0, 13, ABplpppapap, 0, 0, 0, 0, , 0, 0, 0, 0, 0, 
835, 1, 982, 845, -1, 269, 131, 139.0, 12, ABplppppaaa, 0, 0, 0, 0, , 0, 0, 0, 0, 0, 
836, 1, 983, 846, -1, 286, 138, 141.0, 13, ABplppppaap, 0, 0, 0, 0, , 0, 0, 0, 0, 0, 
837, 0, 984, -1, -1, 256, 153, 151.0, 14, , 0, 0, 0, 0, , 0, 0, 0, 0, 0, 
838, 0, 985, -1, -1, 257, 153, 150.0, 12, , 0, 0, 0, 0, , 0, 0, 0, 0, 0, 
839, 0, 986, -1, -1, 257, 155, 154.0, 12, , 0, 0, 0, 0, , 0, 0, 0, 0, 0, 
840, 1, 987, 849, -1, 272, 150, 156.0, 13, ABplppppapp, 0, 0, 0, 0, , 0, 0, 0, 0, 0, 
841, 1, 988, 850, -1, 268, 156, 133.5, 13, Capappp, 0, 0, 0, 0, , 0, 0, 0, 0, 0, 
842, 1, 989, 852, -1, 289, 123, 131.0, 13, ABplpppppaa, 0, 0, 0, 0, , 0, 0, 0, 0, 0, 
843, 1, 990, 853, -1, 292, 138, 119.0, 13, ABplpppppap, 0, 0, 0, 0, , 0, 0, 0, 0, 0, 
844, 0, 991, -1, -1, 296, 154, 167.5, 13, , 0, 0, 0, 0, , 0, 0, 0, 0, 0, 
845, 0, 992, -1, -1, 294, 157, 179.0, 13, , 0, 0, 0, 0, , 0, 0, 0, 0, 0, 
846, 1, 993, 856, -1, 319, 148, 145.0, 14, Cappppd, 0, 0, 0, 0, , 0, 0, 0, 0, 0, 
847, 1, 994, 857, -1, 306, 155, 159.0, 14, ABplppppppp, 0, 0, 0, 0, , 0, 0, 0, 0, 0, 
848, 1, 995, 858, -1, 108, 128, 177.0, 13, ABpraaaaaap, 0, 0, 0, 0, , 0, 0, 0, 0, 0, 
849, 1, 996, 859, -1, 82, 122, 177.0, 13, ABpraaaaapd, 0, 0, 0, 0, , 0, 0, 0, 0, 0, 
850, 1, 997, 860, -1, 92, 121, 188.0, 13, ABpraaaaapv, 0, 0, 0, 0, , 0, 0, 0, 0, 0, 
851, 1, 998, 861, -1, 106, 129, 190.0, 13, ABpraaaapad, 0, 0, 0, 0, , 0, 0, 0, 0, 0, 
852, 1, 999, 862, -1, 135, 115, 207.0, 13, ABpraaaapav, 0, 0, 0, 0, , 0, 0, 0, 0, 0, 
853, 1, 1000, 863, -1, 117, 75, 185.0, 12, ABpraaaappp, 0, 0, 0, 0, , 0, 0, 0, 0, 0, 
854, 1, 1001, 864, -1, 131, 76, 180.0, 13, ABpraaapaad, 0, 0, 0, 0, , 0, 0, 0, 0, 0, 
855, 0, 1002, -1, -1, 107, 84, 165.0, 14, , 0, 0, 0, 0, , 0, 0, 0, 0, 0, 
856, 1, 1003, 866, -1, 107, 82, 165.0, 14, ABpraaapapa, 0, 0, 0, 0, , 0, 0, 0, 0, 0, 
857, 1, 1004, 867, -1, 144, 98, 193.0, 13, ABpraaappaa, 0, 0, 0, 0, , 0, 0, 0, 0, 0, 
858, 1, 1005, 868, -1, 140, 85, 195.0, 12, ABpraaappap, 0, 0, 0, 0, , 0, 0, 0, 0, 0, 
859, 1, 1006, 869, -1, 149, 78, 200.0, 12, ABpraaapppaa, 0, 0, 0, 0, , 0, 0, 0, 0, 0, 
860, 1, 1007, 870, -1, 158, 69, 202.0, 12, ABpraaapppap, 0, 0, 0, 0, , 0, 0, 0, 0, 0, 
861, 1, 1008, 871, -1, 125, 90, 207.0, 15, ABpraaappppa, 0, 0, 0, 0, , 0, 0, 0, 0, 0, 
862, 1, 1009, 872, -1, 141, 98, 211.0, 13, ABpraaappppp, 0, 0, 0, 0, , 0, 0, 0, 0, 0, 
863, 0, 1010, -1, -1, 82, 127, 142.0, 15, , 0, 0, 0, 0, , 0, 0, 0, 0, 0, 
864, 1, 1011, 874, -1, 83, 127, 143.0, 13, ABpraapaaaa, 0, 0, 0, 0, , 0, 0, 0, 0, 0, 
865, 1, 1012, 875, -1, 68, 116, 151.0, 13, ABpraapaaap, 0, 0, 0, 0, , 0, 0, 0, 0, 0, 
866, 1, 1013, 876, -1, 97, 97, 177.5, 13, ABpraapaapa, 0, 0, 0, 0, , 0, 0, 0, 0, 0, 
867, 1, 1014, 877, -1, 97, 97, 188.5, 14, ABpraapaapp, 0, 0, 0, 0, , 0, 0, 0, 0, 0, 
868, 1, 1015, 878, -1, 162, 82, 189.0, 12, ABpraapapaa, 0, 0, 0, 0, , 0, 0, 0, 0, 0, 
869, 1, 1016, 879, -1, 155, 66, 186.0, 13, ABpraapapap, 0, 0, 0, 0, , 0, 0, 0, 0, 0, 
870, 1, 1017, 880, -1, 145, 68, 180.5, 12, ABpraapappa, 0, 0, 0, 0, , 0, 0, 0, 0, 0, 
871, 1, 1018, 881, -1, 134, 68, 189.0, 14, ABpraapappp, 0, 0, 0, 0, , 0, 0, 0, 0, 0, 
872, 1, 1019, 882, -1, 106, 161, 173.0, 12, ABpraappaa, 0, 0, 0, 0, , 0, 0, 0, 0, 0, 
873, 1, 1020, 884, -1, 110, 163, 159.5, 14, ABalpapaaap, 0, 0, 0, 0, , 0, 0, 0, 0, 0, 
874, 1, 1021, 885, -1, 145, 151, 197.0, 16, ABpraappap, 0, 0, 0, 0, , 0, 0, 0, 0, 0, 
875, 1, 1022, 886, -1, 179, 155, 195.0, 12, ABpraapppa, 0, 0, 0, 0, , 0, 0, 0, 0, 0, 
876, 1, 1023, 887, -1, 185, 87, 207.0, 16, ABpraapppp, 0, 0, 0, 0, , 0, 0, 0, 0, 0, 
877, 1, 1024, 888, -1, 141, 51, 170.0, 17, ABprapaaaap, 0, 0, 0, 0, , 0, 0, 0, 0, 0, 
878, 1, 1025, 889, -1, 171, 70, 192.0, 15, ABprapaaapa, 0, 0, 0, 0, , 0, 0, 0, 0, 0, 
879, 1, 1026, 890, -1, 185, 60, 183.0, 13, ABprapaaapp, 0, 0, 0, 0, , 0, 0, 0, 0, 0, 
880, 1, 1027, 891, -1, 181, 140, 191.0, 13, ABarappappp, 0, 0, 0, 0, , 0, 0, 0, 0, 0, 
881, 1, 1028, 892, -1, 192, 141, 193.5, 11, ABprapaapa, 0, 0, 0, 0, , 0, 0, 0, 0, 0, 
882, 1, 1029, 893, -1, 201, 81, 195.0, 17, ABprapaapp, 0, 0, 0, 0, , 0, 0, 0, 0, 0, 
883, 1, 1030, 894, -1, 277, 91, 194.0, 13, ABprapapap, 0, 0, 0, 0, , 0, 0, 0, 0, 0, 
884, 1, 1031, 895, -1, 284, 106, 204.0, 17, ABprapappa, 0, 0, 0, 0, , 0, 0, 0, 0, 0, 
885, 1, 1032, 896, -1, 326, 119, 171.0, 15, ABprapapppp, 0, 0, 0, 0, , 0, 0, 0, 0, 0, 
886, 0, 1033, -1, -1, 305, 103, 197.0, 13, , 0, 0, 0, 0, , 0, 0, 0, 0, 0, 
887, 1, 1034, 898, -1, 324, 95, 183.0, 13, ABprapppaap, 0, 0, 0, 0, , 0, 0, 0, 0, 0, 
888, 1, 1035, 899, -1, 273, 141, 194.0, 17, ABprappppa, 0, 0, 0, 0, , 0, 0, 0, 0, 0, 
889, 1, 1036, 900, -1, 319, 134, 179.0, 15, ABprappppp, 0, 0, 0, 0, , 0, 0, 0, 0, 0, 
890, 1, 1037, 901, -1, 308, 120, 180.0, 14, ABprapppapp, 0, 0, 0, 0, , 0, 0, 0, 0, 0, 
891, 1, 1038, 902, -1, 142, 107, 203.0, 15, ABprpaaaaap, 0, 0, 0, 0, , 0, 0, 0, 0, 0, 
892, 1, 1039, 903, -1, 187, 159, 177.5, 14, ABprpaaaapa, 0, 0, 0, 0, , 0, 0, 0, 0, 0, 
893, 1, 1040, 904, -1, 220, 133, 166.5, 14, ABprpaaaapp, 0, 0, 0, 0, , 0, 0, 0, 0, 0, 
894, 0, 1041, -1, -1, 108, 145, 172.0, 13, , 0, 0, 0, 0, , 0, 0, 0, 0, 0, 
895, 1, 1042, 906, -1, 108, 144, 173.0, 13, ABprpaaapaa, 0, 0, 0, 0, , 0, 0, 0, 0, 0, 
896, 0, 1043, -1, -1, 128, 152, 187.0, 13, , 0, 0, 0, 0, , 0, 0, 0, 0, 0, 
897, 1, 1044, 908, -1, 128, 128, 180.0, 13, ABprpaaappa, 0, 0, 0, 0, , 0, 0, 0, 0, 0, 
898, 1, 1045, 909, -1, 139, 128, 184.0, 13, ABprpaaappp, 0, 0, 0, 0, , 0, 0, 0, 0, 0, 
899, 1, 1046, 910, -1, 118, 86, 181.0, 13, ABprpaapaaa, 0, 0, 0, 0, , 0, 0, 0, 0, 0, 
900, 1, 1047, 911, -1, 152, 95, 212.0, 12, ABprpaapaap, 0, 0, 0, 0, , 0, 0, 0, 0, 0, 
901, 0, 1048, -1, -1, 84, 99, 183.0, 15, , 0, 0, 0, 0, , 0, 0, 0, 0, 0, 
902, 1, 1049, 913, -1, 135, 140, 178.0, 11, ABalaapappp, 0, 0, 0, 0, , 0, 0, 0, 0, 0, 
903, 1, 1050, 914, -1, 119, 145, 189.0, 13, ABprpaaapap, 0, 0, 0, 0, , 0, 0, 0, 0, 0, 
904, 1, 1051, 915, -1, 128, 152, 187.0, 12, ABprpaapapp, 0, 0, 0, 0, , 0, 0, 0, 0, 0, 
905, 1, 1052, 916, -1, 158, 93, 198.5, 15, ABprpaappaa, 0, 0, 0, 0, , 0, 0, 0, 0, 0, 
906, 0, 1053, -1, -1, 187, 76, 173.8547, 14, , 0, 0, 0, 0, , 0, 0, 0, 0, 0, 
907, 1, 1054, 918, -1, 161, 85, 208.0, 13, ABprpaappap, 0, 0, 0, 0, , 0, 0, 0, 0, 0, 
908, 0, 1055, -1, -1, 166, 139, 194.0, 13, , 0, 0, 0, 0, , 0, 0, 0, 0, 0, 
909, 1, 1056, 920, -1, 166, 139, 193.0, 14, ABprpaapppa, 0, 0, 0, 0, , 0, 0, 0, 0, 0, 
910, 1, 1057, 921, -1, 150, 145, 189.0, 15, ABprpaapppp, 0, 0, 0, 0, , 0, 0, 0, 0, 0, 
911, 0, 1058, -1, -1, 153, 143, 182.0, 13, , 0, 0, 0, 0, , 0, 0, 0, 0, 0, 
912, 1, 1059, 923, -1, 176, 144, 178.0, 13, ABprpapaaap, 0, 0, 0, 0, , 0, 0, 0, 0, 0, 
913, 0, 1060, -1, -1, 154, 142, 173.5, 14, , 0, 0, 0, 0, , 0, 0, 0, 0, 0, 
914, 0, 1061, -1, -1, 156, 142, 172.0, 15, , 0, 0, 0, 0, , 0, 0, 0, 0, 0, 
915, 1, 1062, 926, -1, 162, 140, 169.0, 13, ABprpapaaaa, 0, 0, 0, 0, , 0, 0, 0, 0, 0, 
916, 1, 1063, 927, -1, 153, 142, 182.0, 13, ABprpapaapp, 0, 0, 0, 0, , 0, 0, 0, 0, 0, 
917, 1, 1064, 928, -1, 175, 122, 175.0, 13, ABprpapapaa, 0, 0, 0, 0, , 0, 0, 0, 0, 0, 
918, 1, 1065, 929, -1, 174, 134, 182.0, 12, ABprpapapap, 0, 0, 0, 0, , 0, 0, 0, 0, 0, 
919, 0, 1066, -1, -1, 190, 136, 183.0, 12, , 0, 0, 0, 0, , 0, 0, 0, 0, 0, 
920, 0, 1067, -1, -1, 191, 136, 182.0, 12, , 0, 0, 0, 0, , 0, 0, 0, 0, 0, 
921, 0, 1068, -1, -1, 191, 133, 181.0, 12, , 0, 0, 0, 0, , 0, 0, 0, 0, 0, 
922, 0, 1069, -1, -1, 190, 134, 184.0, 12, , 0, 0, 0, 0, , 0, 0, 0, 0, 0, 
923, 0, 1070, -1, -1, 191, 133, 184.0, 12, , 0, 0, 0, 0, , 0, 0, 0, 0, 0, 
924, 1, 1071, 935, -1, 257, 126, 157.0, 14, ABprpapappp, 0, 0, 0, 0, , 0, 0, 0, 0, 0, 
925, 1, 1072, 936, -1, 136, 159, 157.0, 13, ABprpappaaa, 0, 0, 0, 0, , 0, 0, 0, 0, 0, 
926, 1, 1073, 937, -1, 169, 156, 168.0, 15, ABprpappaap, 0, 0, 0, 0, , 0, 0, 0, 0, 0, 
927, 1, 1074, 938, -1, 177, 134, 166.0, 13, ABprpappapa, 0, 0, 0, 0, , 0, 0, 0, 0, 0, 
928, 1, 1075, 939, -1, 227, 129, 152.0, 13, ABprpappapp, 0, 0, 0, 0, , 0, 0, 0, 0, 0, 
929, 0, 1076, -1, -1, 152, 145, 160.0, 13, , 0, 0, 0, 0, , 0, 0, 0, 0, 0, 
930, 1, 1077, 941, -1, 153, 139, 153.0, 13, ABprpapppaa, 0, 0, 0, 0, , 0, 0, 0, 0, 0, 
931, 1, 1079, 942, -1, 204, 126, 174.5, 14, ABprpapppap, 0, 0, 0, 0, , 0, 0, 0, 0, 0, 
932, 0, 1080, -1, -1, 282, 114, 167.0, 12, , 0, 0, 0, 0, , 0, 0, 0, 0, 0, 
933, 1, 1081, 944, -1, 293, 138, 151.0, 12, ABprpappppp, 0, 0, 0, 0, , 0, 0, 0, 0, 0, 
934, 1, 1082, 945, -1, 152, 129, 208.0, 12, ABprppaaaaa, 0, 0, 0, 0, , 0, 0, 0, 0, 0, 
935, 1, 1083, 946, -1, 159, 109, 211.0, 14, ABprppaaaap, 0, 0, 0, 0, , 0, 0, 0, 0, 0, 
936, 1, 1084, 947, -1, 166, 125, 204.0, 13, ABprppaapap, 0, 0, 0, 0, , 0, 0, 0, 0, 0, 
937, 0, 1085, -1, -1, 197, 137, 171.0, 13, , 0, 0, 0, 0, , 0, 0, 0, 0, 0, 
938, 1, 1086, 949, -1, 248, 119, 170.0, 12, ABprppaappp, 0, 0, 0, 0, , 0, 0, 0, 0, 0, 
939, 1, 1087, 950, -1, 203, 131, 189.0, 12, ABprppapaaa, 0, 0, 0, 0, , 0, 0, 0, 0, 0, 
940, 1, 1088, 951, -1, 213, 110, 159.0, 12, ABprppapaap, 0, 0, 0, 0, , 0, 0, 0, 0, 0, 
941, 1, 1089, 952, -1, 231, 107, 165.0, 13, ABprppapapa, 0, 0, 0, 0, , 0, 0, 0, 0, 0, 
942, 1, 1090, 953, -1, 253, 106, 163.66667, 13, ABprppapapp, 0, 0, 0, 0, , 0, 0, 0, 0, 0, 
943, 1, 1091, 954, -1, 209, 121, 167.0, 13, ABprppappaa, 0, 0, 0, 0, , 0, 0, 0, 0, 0, 
944, 1, 1092, 955, -1, 220, 116, 155.0, 12, ABprppappap, 0, 0, 0, 0, , 0, 0, 0, 0, 0, 
945, 1, 1093, 956, -1, 242, 108, 162.0, 10, ABprppapppa, 0, 0, 0, 0, , 0, 0, 0, 0, 0, 
946, 1, 1094, 957, -1, 259, 118, 170.0, 10, ABprppapppp, 0, 0, 0, 0, , 0, 0, 0, 0, 0, 
947, 1, 1095, 958, -1, 253, 127, 183.5, 12, ABprpppaaaa, 0, 0, 0, 0, , 0, 0, 0, 0, 0, 
948, 1, 1096, 959, -1, 262, 110, 179.0, 12, ABprpppaaap, 0, 0, 0, 0, , 0, 0, 0, 0, 0, 
949, 0, 1097, -1, -1, 305, 105, 183.5, 13, , 0, 0, 0, 0, , 0, 0, 0, 0, 0, 
950, 1, 1098, 961, -1, 306, 105, 185.0, 14, ABprpppaapa, 0, 0, 0, 0, , 0, 0, 0, 0, 0, 
951, 1, 1099, 962, -1, 299, 113, 191.0, 12, ABprpppaapp, 0, 0, 0, 0, , 0, 0, 0, 0, 0, 
952, 1, 1100, 963, -1, 291, 126, 189.0, 12, ABprpppapaa, 0, 0, 0, 0, , 0, 0, 0, 0, 0, 
953, 0, 1101, -1, -1, 284, 164, 178.0, 12, , 0, 0, 0, 0, , 0, 0, 0, 0, 0, 
954, 1, 1102, 965, -1, 285, 167, 172.0, 14, ABprpppapap, 0, 0, 0, 0, , 0, 0, 0, 0, 0, 
955, 1, 1103, 966, -1, 286, 159, 153.0, 15, Cappppv, 0, 0, 0, 0, , 0, 0, 0, 0, 0, 
956, 1, 1104, 967, -1, 283, 114, 166.0, 13, ABprppppaaa, 0, 0, 0, 0, , 0, 0, 0, 0, 0, 
957, 0, 1105, -1, -1, 292, 125, 163.0, 12, , 0, 0, 0, 0, , 0, 0, 0, 0, 0, 
958, 1, 1106, 969, -1, 289, 126, 168.5, 12, ABprppppaap, 0, 0, 0, 0, , 0, 0, 0, 0, 0, 
959, 1, 1107, 970, -1, 296, 129, 159.0, 12, ABprpappppa, 0, 0, 0, 0, , 0, 0, 0, 0, 0, 
960, 1, 1108, 971, -1, 264, 130, 187.5, 14, ABprppppapa, 0, 0, 0, 0, , 0, 0, 0, 0, 0, 
961, 1, 1109, 972, -1, 276, 137, 177.0, 15, ABprppppapp, 0, 0, 0, 0, , 0, 0, 0, 0, 0, 
962, 1, 1110, 973, -1, 275, 101, 165.0, 13, ABprpppppaa, 0, 0, 0, 0, , 0, 0, 0, 0, 0, 
963, 1, 1111, 974, -1, 298, 104, 167.0, 15, ABprpppppap, 0, 0, 0, 0, , 0, 0, 0, 0, 0, 
964, 1, 1112, 977, -1, 295, 153, 167.0, 13, ABplppppppa, 0, 0, 0, 0, , 0, 0, 0, 0, 0, 
965, 1, 1113, 976, -1, 294, 157, 180.0, 13, ABprppppppa, 0, 0, 0, 0, , 0, 0, 0, 0, 0, 
966, 1, 1114, 978, -1, 308, 145, 175.0, 13, ABprppppppp, 0, 0, 0, 0, , 0, 0, 0, 0, 0, 
967, 0, 1115, -1, -1, 88, 143, 124.0, 11, , 0, 0, 0, 0, , 0, 0, 0, 0, 0, 
968, 0, 1116, -1, -1, 88, 142, 123.0, 11, , 0, 0, 0, 0, , 0, 0, 0, 0, 0, 
969, 0, 1117, -1, -1, 88, 144, 125.0, 12, , 0, 0, 0, 0, , 0, 0, 0, 0, 0, 
970, 1, 1118, 981, -1, 98, 148, 130.0, 12, ABalaaaalpp, 0, 0, 0, 0, , 0, 0, 0, 0, 0, 
971, 0, 1119, -1, -1, 112, 148, 113.0, 15, , 0, 0, 0, 0, , 0, 0, 0, 0, 0, 
972, 1, 1120, 983, -1, 115, 149, 104.0, 15, ABalapaappa, 0, 0, 0, 0, , 0, 0, 0, 0, 0, 
973, 1, 1121, 984, -1, 96, 110, 81.0, 12, ABalapapppp, 0, 0, 0, 0, , 0, 0, 0, 0, 0, 
974, 0, 1122, -1, -1, 102, 78, 158.98361, 12, , 0, 0, 0, 0, , 0, 0, 0, 0, 0, 
975, 1, 1123, 986, -1, 99, 69, 174.0, 12, ABalappapaa, 0, 0, 0, 0, , 0, 0, 0, 0, 0, 
976, 0, 1124, -1, -1, 77, 89, 167.0, 12, , 0, 0, 0, 0, , 0, 0, 0, 0, 0, 
977, 0, 1125, -1, -1, 82, 89, 172.0, 12, , 0, 0, 0, 0, , 0, 0, 0, 0, 0, 
978, 1, 1126, 989, -1, 82, 105, 180.5, 13, ABprpaapapa, 0, 0, 0, 0, , 0, 0, 0, 0, 0, 
979, 1, 1127, 990, -1, 82, 89, 173.0, 12, ABalappappp, 0, 0, 0, 0, , 0, 0, 0, 0, 0, 
980, 0, 1128, -1, -1, 99, 126, 131.0, 13, , 0, 0, 0, 0, , 0, 0, 0, 0, 0, 
981, 0, 1129, -1, -1, 99, 125, 131.0, 13, , 0, 0, 0, 0, , 0, 0, 0, 0, 0, 
982, 0, 1130, -1, -1, 99, 125, 131.0, 13, , 0, 0, 0, 0, , 0, 0, 0, 0, 0, 
983, 1, 1131, 994, -1, 97, 140, 134.0, 12, ABalpaapppp, 0, 0, 0, 0, , 0, 0, 0, 0, 0, 
984, 1, 1132, 995, -1, 98, 138, 91.0, 14, ABplaapaapa, 0, 0, 0, 0, , 0, 0, 0, 0, 0, 
985, 1, 1133, 996, -1, 103, 146, 80.0, 15, ABplaapaapp, 0, 0, 0, 0, , 0, 0, 0, 0, 0, 
986, 0, 1134, -1, -1, 149, 127, 109.97059, 15, , 0, 0, 0, 0, , 0, 0, 0, 0, 0, 
987, 0, 1135, -1, -1, 156, 127, 106.0, 15, , 0, 0, 0, 0, , 0, 0, 0, 0, 0, 
988, 1, 1136, 999, -1, 183, 172, 126.0, 13, ABalpapappp, 0, 0, 0, 0, , 0, 0, 0, 0, 0, 
989, 1, 1137, 1000, -1, 156, 177, 139.0, 14, ABplpaapppp, 0, 0, 0, 0, , 0, 0, 0, 0, 0, 
990, 1, 1138, 1001, -1, 182, 163, 88.0, 15, ABplppaaaap, 0, 0, 0, 0, , 0, 0, 0, 0, 0, 
991, 0, 1139, -1, -1, 112, 160, 122.0, 12, , 0, 0, 0, 0, , 0, 0, 0, 0, 0, 
992, 0, 1140, -1, -1, 109, 159, 122.0, 12, , 0, 0, 0, 0, , 0, 0, 0, 0, 0, 
993, 0, 1141, -1, -1, 108, 161, 127.0, 11, , 0, 0, 0, 0, , 0, 0, 0, 0, 0, 
994, 0, 1142, -1, -1, 113, 159, 116.0, 12, , 0, 0, 0, 0, , 0, 0, 0, 0, 0, 
995, 1, 1143, 1006, -1, 99, 121, 152.0, 12, ABaraaapppp, 0, 0, 0, 0, , 0, 0, 0, 0, 0, 
996, 1, 1144, 1007, -1, 118, 85, 110.0, 14, ABaraapaaap, 0, 0, 0, 0, , 0, 0, 0, 0, 0, 
997, 1, 1145, 1008, -1, 126, 74, 101.0, 14, MSaaapaaa, 0, 0, 0, 0, , 0, 0, 0, 0, 0, 
998, 1, 1146, 1009, -1, 139, 168, 124.0, 13, ABalppaappp, 0, 0, 0, 0, , 0, 0, 0, 0, 0, 
999, 1, 1147, 1010, -1, 121, 152, 154.0, 13, ABarappaapa, 0, 0, 0, 0, , 0, 0, 0, 0, 0, 
1000, 1, 1148, 1011, -1, 114, 127, 90.5, 15, ABalppppapa, 0, 0, 0, 0, , 0, 0, 0, 0, 0, 
1001, 1, 1149, 1012, -1, 272, 128, 108.0, 16, MSappaap, 0, 0, 0, 0, , 0, 0, 0, 0, 0, 
1002, 0, 1150, -1, -1, 136, 154, 103.0, 15, , 0, 0, 0, 0, , 0, 0, 0, 0, 0, 
1003, 1, 1151, 1013, -1, 138, 156, 95.0, 15, ABalapaapaa, 0, 0, 0, 0, , 0, 0, 0, 0, 0, 
1004, 0, 1152, -1, -1, 164, 149, 123.0, 15, , 0, 0, 0, 0, , 0, 0, 0, 0, 0, 
1005, 0, 1153, -1, -1, 160, 158, 120.0, 15, , 0, 0, 0, 0, , 0, 0, 0, 0, 0, 
1006, 0, 1154, -1, -1, 161, 156, 120.0, 15, , 0, 0, 0, 0, , 0, 0, 0, 0, 0, 
1007, 0, 1155, -1, -1, 169, 150, 119.0, 15, , 0, 0, 0, 0, , 0, 0, 0, 0, 0, 
1008, 1, 1156, 1018, -1, 178, 161, 148.0, 12, ABplpapaaap, 0, 0, 0, 0, , 0, 0, 0, 0, 0, 
1009, 1, 1157, 1019, -1, 156, 156, 152.0, 13, ABplpapaapa, 0, 0, 0, 0, , 0, 0, 0, 0, 0, 
1010, 1, 1158, 1020, -1, 159, 157, 157.0, 13, ABalpapapaa, 0, 0, 0, 0, , 0, 0, 0, 0, 0, 
1011, 1, 850, 1021, -1, 154, 151, 163.0, 13, ABarappapaa, 0, 0, 0, 0, , 0, 0, 0, 0, 0, 
1012, 1, 1061, 1022, -1, 156, 142, 175.0, 15, ABprpapaapa, 0, 0, 0, 0, , 0, 0, 0, 0, 0, 
1013, 1, 1159, 1023, -1, 179, 159, 135.0, 13, ABplpapapap, 0, 0, 0, 0, , 0, 0, 0, 0, 0, 
1014, 1, 1160, 1024, -1, 182, 149, 130.0, 14, ABplpapapaa, 0, 0, 0, 0, , 0, 0, 0, 0, 0, 
1015, 1, 1161, 1025, -1, 226, 115, 120.0, 13, MSaappppa, 0, 0, 0, 0, , 0, 0, 0, 0, 0, 
1016, 1, 1162, 1026, -1, 216, 125, 116.0, 13, MSaapppap, 0, 0, 0, 0, , 0, 0, 0, 0, 0, 
1017, 0, 1163, -1, -1, 208, 142, 136.0, 13, , 0, 0, 0, 0, , 0, 0, 0, 0, 0, 
1018, 0, 1164, -1, -1, 203, 143, 154.0, 12, , 0, 0, 0, 0, , 0, 0, 0, 0, 0, 
1019, 1, 1165, 1029, -1, 203, 144, 154.0, 12, ABplppaappa, 0, 0, 0, 0, , 0, 0, 0, 0, 0, 
1020, 0, 1166, -1, -1, 207, 143, 141.0, 13, , 0, 0, 0, 0, , 0, 0, 0, 0, 0, 
1021, 0, 1168, -1, -1, 199, 137, 169.0, 13, , 0, 0, 0, 0, , 0, 0, 0, 0, 0, 
1022, 1, 1169, 1032, -1, 245, 127, 153.0, 13, ABplppaappp, 0, 0, 0, 0, , 0, 0, 0, 0, 0, 
1023, 1, 1170, 1033, -1, 237, 119, 157.0, 13, ABplpapappp, 0, 0, 0, 0, , 0, 0, 0, 0, 0, 
1024, 0, 1171, -1, -1, 247, 123, 149.0, 13, , 0, 0, 0, 0, , 0, 0, 0, 0, 0, 
1025, 1, 1172, 1035, -1, 213, 126, 143.0, 13, ABplppappap, 0, 0, 0, 0, , 0, 0, 0, 0, 0, 
1026, 1, 1173, 1036, -1, 256, 151, 151.0, 12, ABplppppapa, 0, 0, 0, 0, , 0, 0, 0, 0, 0, 
1027, 0, 1174, -1, -1, 112, 116, 192.0, 12, , 0, 0, 0, 0, , 0, 0, 0, 0, 0, 
1028, 1, 1175, 1038, -1, 114, 117, 195.0, 12, ABpraaaaaaa, 0, 0, 0, 0, , 0, 0, 0, 0, 0, 
1029, 1, 1176, 1039, -1, 94, 131, 181.0, 13, ABalaappapp, 0, 0, 0, 0, , 0, 0, 0, 0, 0, 
1030, 0, 1177, -1, -1, 103, 114, 176.0, 12, , 0, 0, 0, 0, , 0, 0, 0, 0, 0, 
1031, 0, 1178, -1, -1, 98, 122, 160.5, 13, , 0, 0, 0, 0, , 0, 0, 0, 0, 0, 
1032, 0, 1179, -1, -1, 98, 121, 162.0, 13, , 0, 0, 0, 0, , 0, 0, 0, 0, 0, 
1033, 1, 1180, 1043, -1, 98, 121, 163.0, 13, ABalaapaapp, 0, 0, 0, 0, , 0, 0, 0, 0, 0, 
1034, 1, 1181, 1044, -1, 112, 114, 189.0, 12, ABalaappapa, 0, 0, 0, 0, , 0, 0, 0, 0, 0, 
1035, 1, 1182, 1045, -1, 156, 87, 178.0, 14, MSppppaa, 0, 0, 0, 0, , 0, 0, 0, 0, 0, 
1036, 1, 1183, 1046, -1, 153, 120, 185.0, 15, MSpppapp, 0, 0, 0, 0, , 0, 0, 0, 0, 0, 
1037, 0, 1184, -1, -1, 185, 138, 154.0, 17, , 0, 0, 0, 0, , 0, 0, 0, 0, 0, 
1038, 0, 1185, -1, -1, 191, 155, 166.0, 15, , 0, 0, 0, 0, , 0, 0, 0, 0, 0, 
1039, 1, 1186, 1050, -1, 184, 140, 162.0, 15, ABplpappaap, 0, 0, 0, 0, , 0, 0, 0, 0, 0, 
1040, 1, 1187, 1051, -1, 306, 102, 192.0, 13, ABprapppaaa, 0, 0, 0, 0, , 0, 0, 0, 0, 0, 
1041, 0, 1188, -1, -1, 102, 145, 122.5, 12, , 0, 0, 0, 0, , 0, 0, 0, 0, 0, 
1042, 1, 1189, 1053, -1, 101, 126, 131.0, 13, ABalpaapppa, 0, 0, 0, 0, , 0, 0, 0, 0, 0, 
1043, 1, 1190, 1054, -1, 98, 119, 120.0, 14, ABalaaaarlp, 0, 0, 0, 0, , 0, 0, 0, 0, 0, 
1044, 0, 1191, -1, -1, 88, 144, 125.5, 13, , 0, 0, 0, 0, , 0, 0, 0, 0, 0, 
1045, 0, 1192, -1, -1, 83, 128, 99.0, 13, , 0, 0, 0, 0, , 0, 0, 0, 0, 0, 
1046, 0, 1193, -1, -1, 83, 129, 102.0, 13, , 0, 0, 0, 0, , 0, 0, 0, 0, 0, 
1047, 0, 1194, -1, -1, 89, 143, 125.0, 13, , 0, 0, 0, 0, , 0, 0, 0, 0, 0, 
1048, 1, 1195, 1059, -1, 89, 71, 173.0, 12, ABalapppppa, 0, 0, 0, 0, , 0, 0, 0, 0, 0, 
1049, 0, 1196, -1, -1, 113, 160, 121.5, 12, , 0, 0, 0, 0, , 0, 0, 0, 0, 0, 
1050, 0, 1197, -1, -1, 114, 150, 114.0, 12, , 0, 0, 0, 0, , 0, 0, 0, 0, 0, 
1051, 1, 1198, 1062, -1, 127, 150, 120.5, 12, ABalppaaapa, 0, 0, 0, 0, , 0, 0, 0, 0, 0, 
1052, 1, 781, 1063, -1, 109, 160, 126.0, 11, ABalpppaaap, 0, 0, 0, 0, , 0, 0, 0, 0, 0, 
1053, 0, 1199, -1, -1, 114, 159, 119.0, 12, , 0, 0, 0, 0, , 0, 0, 0, 0, 0, 
1054, 0, 1200, -1, -1, 112, 160, 121.0, 12, , 0, 0, 0, 0, , 0, 0, 0, 0, 0, 
1055, 1, 1201, 1066, -1, 112, 160, 121.0, 12, ABalppaaapp, 0, 0, 0, 0, , 0, 0, 0, 0, 0, 
1056, 1, 1202, 1067, -1, 172, 170, 132.0, 12, ABplpaapppa, 0, 0, 0, 0, , 0, 0, 0, 0, 0, 
1057, 0, 1203, -1, -1, 172, 169, 129.0, 14, , 0, 0, 0, 0, , 0, 0, 0, 0, 0, 
1058, 1, 1204, 1069, -1, 205, 103, 122.5, 12, MSaapappp, 0, 0, 0, 0, , 0, 0, 0, 0, 0, 
1059, 1, 1205, 1070, -1, 202, 104, 143.0, 14, MSaappaa, 0, 0, 0, 0, , 0, 0, 0, 0, 0, 
1060, 1, 1206, 1071, -1, 155, 126, 106.0, 15, ABalpappaap, 0, 0, 0, 0, , 0, 0, 0, 0, 0, 
1061, 1, 1207, 1072, -1, 190, 136, 181.5, 12, ABprpapappa, 0, 0, 0, 0, , 0, 0, 0, 0, 0, 
1062, 1, 1208, 1073, -1, 199, 136, 169.0, 13, ABprppaappa, 0, 0, 0, 0, , 0, 0, 0, 0, 0, 
1063, 1, 1209, 1074, -1, 203, 143, 118.0, 14, MSaapppaa, 0, 0, 0, 0, , 0, 0, 0, 0, 0, 
1064, 0, 1210, -1, -1, 156, 161, 130.0, 15, , 0, 0, 0, 0, , 0, 0, 0, 0, 0, 
1065, 1, 1211, 1076, -1, 161, 151, 123.0, 15, MSappapp, 0, 0, 0, 0, , 0, 0, 0, 0, 0, 
1066, 1, 1212, 1077, -1, 162, 161, 75.0, 14, ABplpaapaap, 0, 0, 0, 0, , 0, 0, 0, 0, 0, 
1067, 1, 1213, 1078, -1, 172, 150, 70.0, 13, ABplpaappap, 0, 0, 0, 0, , 0, 0, 0, 0, 0, 
1068, 1, 1214, 1080, -1, 86, 124, 130.5, 15, ABplaapaaaa, 0, 0, 0, 0, , 0, 0, 0, 0, 0, 
1069, 1, 1215, 1081, -1, 211, 140, 156.0, 13, ABarappappa, 0, 0, 0, 0, , 0, 0, 0, 0, 0, 
1070, 1, 1216, 1082, -1, 209, 146, 132.5, 12, ABplppappaa, 0, 0, 0, 0, , 0, 0, 0, 0, 0, 
1071, 1, 1217, 1083, -1, 146, 123, 127.5, 13, ABalpaaaapa, 0, 0, 0, 0, , 0, 0, 0, 0, 0, 
1072, 1, 1218, 1084, -1, 174, 172, 102.0, 14, ABplppaapap, 0, 0, 0, 0, , 0, 0, 0, 0, 0, 
1073, 1, 1219, 1085, -1, 87, 125, 89.0, 14, ABalapaaapa, 0, 0, 0, 0, , 0, 0, 0, 0, 0, 
1074, 1, 1220, 1086, -1, 84, 129, 99.0, 13, ABalaaaalal, 0, 0, 0, 0, , 0, 0, 0, 0, 0, 
1075, 1, 1221, 1087, -1, 76, 96, 116.0, 13, ABalappaapa, 0, 0, 0, 0, , 0, 0, 0, 0, 0, 
