1, 0, 1, -1, -1, 182, 56, 183.0, 9, , 76, 0, 0, 0, , 0, 0, 0, 0, 0, 
2, 0, 2, -1, -1, 289, 124, 187.0, 9, , 17, 0, 0, 0, , 0, 0, 0, 0, 0, 
3, 0, 3, -1, -1, 166, 140, 192.0, 11, , 41, 0, 0, 0, , 0, 0, 0, 0, 0, 
4, 0, 4, -1, -1, 166, 139, 194.0, 9, , 57, 0, 0, 0, , 0, 0, 0, 0, 0, 
5, 0, 5, -1, -1, 122, 167, 129.0, 9, , 5, 0, 0, 0, , 0, 0, 0, 0, 0, 
6, 0, 6, -1, -1, 129, 140, 133.0, 7, , 9, 0, 0, 0, , 0, 0, 0, 0, 0, 
7, 0, 7, -1, -1, 179, 114, 110.0, 9, , 38, 0, 0, 0, , 0, 0, 0, 0, 0, 
8, 0, 8, -1, -1, 202, 84, 192.0, 13, , 120, 0, 0, 0, , 0, 0, 0, 0, 0, 
9, 0, 9, -1, -1, 189, 137, 189.0, 7, , 13, 0, 0, 0, , 0, 0, 0, 0, 0, 
10, 0, 10, -1, -1, 198, 172, 140.0, 11, , 59, 0, 0, 0, , 0, 0, 0, 0, 0, 
11, 0, 11, -1, -1, 115, 95, 115.0, 11, , 43, 0, 0, 0, , 0, 0, 0, 0, 0, 
12, 0, 12, -1, -1, 122, 120, 171.0, 11, , 22, 0, 0, 0, , 0, 0, 0, 0, 0, 
13, 0, 13, -1, -1, 295, 66, 176.0, 11, , 20, 0, 0, 0, , 0, 0, 0, 0, 0, 
14, 0, 14, -1, -1, 270, 78, 186.0, 13, , 146, 0, 0, 0, , 0, 0, 0, 0, 0, 
15, 0, 15, -1, -1, 164, 124, 204.0, 9, , 48, 0, 0, 0, , 0, 0, 0, 0, 0, 
16, 0, 16, -1, -1, 178, 113, 99.0, 9, , 58, 0, 0, 0, , 0, 0, 0, 0, 0, 
17, 0, 17, -1, -1, 116, 89, 97.0, 9, , 50, 0, 0, 0, , 0, 0, 0, 0, 0, 
18, 0, 18, -1, -1, 114, 85, 120.0, 11, , 87, 0, 0, 0, , 0, 0, 0, 0, 0, 
19, 0, 19, -1, -1, 147, 107, 203.0, 9, , 19, 0, 0, 0, , 0, 0, 0, 0, 0, 
20, 0, 21, -1, -1, 260, 107, 179.0, 9, , 35, 0, 0, 0, , 0, 0, 0, 0, 0, 
21, 0, 22, -1, -1, 154, 121, 154.0, 7, , 43, 0, 0, 0, , 0, 0, 0, 0, 0, 
22, 0, 23, -1, -1, 152, 131, 204.0, 11, , 34, 0, 0, 0, , 0, 0, 0, 0, 0, 
23, 0, 24, -1, -1, 147, 154, 167.0, 11, , 118, 0, 0, 0, , 0, 0, 0, 0, 0, 
24, 0, 25, -1, -1, 217, 142, 144.0, 11, , 59, 0, 0, 0, , 0, 0, 0, 0, 0, 
25, 0, 26, -1, -1, 252, 106, 164.0, 9, , 27, 0, 0, 0, , 0, 0, 0, 0, 0, 
26, 0, 27, -1, -1, 198, 84, 198.0, 11, , 54, 0, 0, 0, , 0, 0, 0, 0, 0, 
27, 0, 28, -1, -1, 122, 166, 166.0, 7, , 42, 0, 0, 0, , 0, 0, 0, 0, 0, 
28, 0, 29, -1, -1, 134, 131, 146.0, 9, , 54, 0, 0, 0, , 0, 0, 0, 0, 0, 
29, 0, 30, -1, -1, 116, 84, 109.0, 9, , 48, 0, 0, 0, , 0, 0, 0, 0, 0, 
30, 0, 31, -1, -1, 161, 85, 208.0, 11, , 48, 0, 0, 0, , 0, 0, 0, 0, 0, 
31, 0, 32, -1, -1, 134, 60, 156.0, 13, , 80, 0, 0, 0, , 0, 0, 0, 0, 0, 
32, 0, 33, -1, -1, 151, 154, 172.0, 9, , 25, 0, 0, 0, , 0, 0, 0, 0, 0, 
33, 0, 34, -1, -1, 155, 68, 185.0, 9, , 44, 0, 0, 0, , 0, 0, 0, 0, 0, 
34, 0, 35, -1, -1, 153, 97, 210.0, 9, , 99, 0, 0, 0, , 0, 0, 0, 0, 0, 
35, 0, 36, -1, -1, 207, 139, 164.0, 11, , 55, 0, 0, 0, , 0, 0, 0, 0, 0, 
36, 0, 37, -1, -1, 137, 128, 186.0, 9, , 54, 0, 0, 0, , 0, 0, 0, 0, 0, 
37, 0, 38, -1, -1, 173, 108, 207.0, 9, , 11, 0, 0, 0, , 0, 0, 0, 0, 0, 
38, 0, 39, -1, -1, 154, 67, 188.0, 9, , 41, 0, 0, 0, , 0, 0, 0, 0, 0, 
39, 0, 40, -1, -1, 220, 74, 192.0, 11, , 46, 0, 0, 0, , 0, 0, 0, 0, 0, 
40, 0, 41, -1, -1, 144, 88, 170.0, 9, , 4, 0, 0, 0, , 0, 0, 0, 0, 0, 
41, 0, 42, -1, -1, 100, 94, 180.0, 9, , 58, 0, 0, 0, , 0, 0, 0, 0, 0, 
42, 0, 43, -1, -1, 215, 73, 187.0, 9, , 16, 0, 0, 0, , 0, 0, 0, 0, 0, 
43, 0, 44, -1, -1, 98, 95, 188.0, 11, , 58, 0, 0, 0, , 0, 0, 0, 0, 0, 
44, 0, 45, -1, -1, 117, 145, 188.0, 9, , 34, 0, 0, 0, , 0, 0, 0, 0, 0, 
45, 0, 46, -1, -1, 120, 177, 125.0, 9, , 24, 0, 0, 0, , 0, 0, 0, 0, 0, 
46, 0, 47, -1, -1, 176, 97, 160.0, 9, , 22, 0, 0, 0, , 0, 0, 0, 0, 0, 
47, 0, 48, -1, -1, 173, 100, 204.0, 9, , 16, 0, 0, 0, , 0, 0, 0, 0, 0, 
48, 0, 49, -1, -1, 110, 84, 119.0, 9, , 7, 0, 0, 0, , 0, 0, 0, 0, 0, 
49, 0, 50, -1, -1, 135, 129, 190.0, 9, , 41, 0, 0, 0, , 0, 0, 0, 0, 0, 
50, 0, 51, -1, -1, 123, 114, 185.0, 11, , 70, 0, 0, 0, , 0, 0, 0, 0, 0, 
51, 0, 52, -1, -1, 112, 85, 117.0, 11, , 97, 0, 0, 0, , 0, 0, 0, 0, 0, 
52, 0, 53, -1, -1, 304, 158, 100.0, 9, , 19, 0, 0, 0, , 0, 0, 0, 0, 0, 
53, 0, 54, -1, -1, 226, 43, 178.0, 9, , 26, 0, 0, 0, , 0, 0, 0, 0, 0, 
54, 0, 55, -1, -1, 222, 70, 187.0, 9, , 10, 0, 0, 0, , 0, 0, 0, 0, 0, 
55, 0, 56, -1, -1, 201, 81, 201.0, 9, , 42, 0, 0, 0, , 0, 0, 0, 0, 0, 
56, 0, 57, -1, -1, 99, 95, 178.0, 11, , 92, 0, 0, 0, , 0, 0, 0, 0, 0, 
57, 0, 58, -1, -1, 133, 181, 130.0, 9, , 28, 0, 0, 0, , 0, 0, 0, 0, 0, 
58, 0, 59, -1, -1, 170, 80, 168.0, 9, , 38, 0, 0, 0, , 0, 0, 0, 0, 0, 
59, 0, 60, -1, -1, 104, 157, 151.0, 7, , 32, 0, 0, 0, , 0, 0, 0, 0, 0, 
60, 0, 61, -1, -1, 74, 115, 174.0, 9, , 36, 0, 0, 0, , 0, 0, 0, 0, 0, 
61, 0, 62, -1, -1, 242, 62, 177.0, 13, , 93, 0, 0, 0, , 0, 0, 0, 0, 0, 
62, 0, 63, -1, -1, 121, 114, 192.0, 9, , 54, 0, 0, 0, , 0, 0, 0, 0, 0, 
63, 0, 64, -1, -1, 145, 89, 167.0, 9, , 29, 0, 0, 0, , 0, 0, 0, 0, 0, 
64, 0, 65, -1, -1, 184, 60, 186.0, 9, , 42, 0, 0, 0, , 0, 0, 0, 0, 0, 
65, 0, 66, -1, -1, 169, 73, 197.0, 9, , 15, 0, 0, 0, , 0, 0, 0, 0, 0, 
66, 0, 67, -1, -1, 322, 94, 183.0, 9, , 49, 0, 0, 0, , 0, 0, 0, 0, 0, 
67, 0, 68, -1, -1, 159, 90, 154.0, 11, , 64, 0, 0, 0, , 0, 0, 0, 0, 0, 
68, 0, 69, -1, -1, 117, 143, 175.0, 9, , 38, 0, 0, 0, , 0, 0, 0, 0, 0, 
69, 0, 70, -1, -1, 151, 118, 161.0, 9, , 42, 0, 0, 0, , 0, 0, 0, 0, 0, 
70, 0, 71, -1, -1, 182, 145, 189.0, 9, , 29, 0, 0, 0, , 0, 0, 0, 0, 0, 
71, 0, 72, -1, -1, 192, 144, 189.0, 9, , 80, 0, 0, 0, , 0, 0, 0, 0, 0, 
72, 0, 73, -1, -1, 122, 166, 162.0, 7, , 52, 0, 0, 0, , 0, 0, 0, 0, 0, 
73, 0, 74, -1, -1, 132, 107, 154.0, 13, , 113, 0, 0, 0, , 0, 0, 0, 0, 0, 
74, 0, 75, -1, -1, 139, 126, 182.0, 9, , 43, 0, 0, 0, , 0, 0, 0, 0, 0, 
75, 0, 77, -1, -1, 143, 116, 155.0, 11, , 179, 0, 0, 0, , 0, 0, 0, 0, 0, 
76, 0, 78, -1, -1, 227, 38, 170.0, 11, , 74, 0, 0, 0, , 0, 0, 0, 0, 0, 
77, 0, 79, -1, -1, 221, 79, 187.0, 9, , 29, 0, 0, 0, , 0, 0, 0, 0, 0, 
78, 0, 80, -1, -1, 143, 117, 136.0, 9, , 42, 0, 0, 0, , 0, 0, 0, 0, 0, 
79, 0, 81, -1, -1, 193, 113, 150.0, 11, , 102, 0, 0, 0, , 0, 0, 0, 0, 0, 
80, 0, 82, -1, -1, 153, 119, 159.0, 9, , 77, 0, 0, 0, , 0, 0, 0, 0, 0, 
81, 0, 83, -1, -1, 149, 64, 181.0, 9, , 47, 0, 0, 0, , 0, 0, 0, 0, 0, 
82, 0, 84, -1, -1, 167, 144, 197.0, 9, , 34, 0, 0, 0, , 0, 0, 0, 0, 0, 
83, 0, 85, -1, -1, 135, 106, 148.0, 9, , 82, 0, 0, 0, , 0, 0, 0, 0, 0, 
84, 0, 86, -1, -1, 183, 61, 190.0, 9, , 55, 0, 0, 0, , 0, 0, 0, 0, 0, 
85, 0, 87, -1, -1, 135, 152, 106.0, 9, , 50, 0, 0, 0, , 0, 0, 0, 0, 0, 
86, 0, 88, -1, -1, 120, 177, 123.0, 9, , 27, 0, 0, 0, , 0, 0, 0, 0, 0, 
87, 0, 89, -1, -1, 134, 87, 159.0, 11, , 49, 0, 0, 0, , 0, 0, 0, 0, 0, 
88, 0, 91, -1, -1, 142, 117, 138.0, 9, , 28, 0, 0, 0, , 0, 0, 0, 0, 0, 
89, 0, 92, -1, -1, 252, 105, 162.0, 9, , 19, 0, 0, 0, , 0, 0, 0, 0, 0, 
90, 0, 93, -1, -1, 171, 82, 169.0, 9, , 43, 0, 0, 0, , 0, 0, 0, 0, 0, 
91, 0, 94, -1, -1, 104, 162, 174.0, 9, , 12, 0, 0, 0, , 0, 0, 0, 0, 0, 
92, 0, 95, -1, -1, 130, 89, 181.0, 7, , 21, 0, 0, 0, , 0, 0, 0, 0, 0, 
93, 0, 96, -1, -1, 132, 53, 177.0, 7, , 14, 0, 0, 0, , 0, 0, 0, 0, 0, 
94, 0, 97, -1, -1, 274, 78, 183.0, 9, , 55, 0, 0, 0, , 0, 0, 0, 0, 0, 
95, 0, 98, -1, -1, 192, 144, 186.0, 9, , 35, 0, 0, 0, , 0, 0, 0, 0, 0, 
96, 0, 99, -1, -1, 206, 81, 197.0, 7, , 23, 0, 0, 0, , 0, 0, 0, 0, 0, 
97, 0, 100, -1, -1, 288, 104, 200.0, 9, , 20, 0, 0, 0, , 0, 0, 0, 0, 0, 
98, 0, 101, -1, -1, 159, 90, 156.0, 9, , 62, 0, 0, 0, , 0, 0, 0, 0, 0, 
99, 0, 102, -1, -1, 197, 134, 168.0, 9, , 39, 0, 0, 0, , 0, 0, 0, 0, 0, 
100, 0, 103, -1, -1, 64, 114, 154.0, 9, , 18, 0, 0, 0, , 0, 0, 0, 0, 0, 
101, 0, 104, -1, -1, 159, 90, 158.0, 9, , 78, 0, 0, 0, , 0, 0, 0, 0, 0, 
102, 0, 105, -1, -1, 183, 58, 183.0, 11, , 50, 0, 0, 0, , 0, 0, 0, 0, 0, 
103, 0, 106, -1, -1, 128, 152, 192.0, 9, , 30, 0, 0, 0, , 0, 0, 0, 0, 0, 
104, 0, 107, -1, -1, 154, 115, 150.0, 7, , 20, 0, 0, 0, , 0, 0, 0, 0, 0, 
105, 0, 108, -1, -1, 153, 116, 153.0, 9, , 62, 0, 0, 0, , 0, 0, 0, 0, 0, 
106, 0, 109, -1, -1, 191, 137, 183.0, 9, , 18, 0, 0, 0, , 0, 0, 0, 0, 0, 
107, 0, 110, -1, -1, 137, 61, 157.0, 9, , 45, 0, 0, 0, , 0, 0, 0, 0, 0, 
108, 0, 111, -1, -1, 127, 160, 176.0, 9, , 13, 0, 0, 0, , 0, 0, 0, 0, 0, 
109, 0, 112, -1, -1, 88, 146, 89.0, 9, , 39, 0, 0, 0, , 0, 0, 0, 0, 0, 
110, 0, 113, -1, -1, 179, 115, 95.0, 9, , 49, 0, 0, 0, , 0, 0, 0, 0, 0, 
111, 0, 114, -1, -1, 135, 148, 111.0, 9, , 37, 0, 0, 0, , 0, 0, 0, 0, 0, 
112, 0, 115, -1, -1, 179, 55, 112.0, 9, , 32, 0, 0, 0, , 0, 0, 0, 0, 0, 
113, 0, 116, -1, -1, 159, 113, 140.0, 11, , 104, 0, 0, 0, , 0, 0, 0, 0, 0, 
114, 0, 117, -1, -1, 115, 130, 155.0, 9, , 31, 0, 0, 0, , 0, 0, 0, 0, 0, 
115, 0, 118, -1, -1, 121, 153, 151.0, 11, , 69, 0, 0, 0, , 0, 0, 0, 0, 0, 
116, 0, 119, -1, -1, 124, 135, 165.0, 7, , 7, 0, 0, 0, , 0, 0, 0, 0, 0, 
117, 0, 121, -1, -1, 136, 76, 170.0, 13, , 77, 0, 0, 0, , 0, 0, 0, 0, 0, 
118, 0, 122, -1, -1, 148, 65, 183.0, 9, , 33, 0, 0, 0, , 0, 0, 0, 0, 0, 
119, 0, 124, -1, -1, 126, 143, 188.0, 9, , 38, 0, 0, 0, , 0, 0, 0, 0, 0, 
120, 0, 125, -1, -1, 158, 91, 196.0, 9, , 24, 0, 0, 0, , 0, 0, 0, 0, 0, 
121, 0, 126, -1, -1, 287, 105, 202.0, 9, , 24, 0, 0, 0, , 0, 0, 0, 0, 0, 
122, 0, 127, -1, -1, 174, 145, 68.0, 11, , 71, 0, 0, 0, , 0, 0, 0, 0, 0, 
123, 0, 128, -1, -1, 194, 121, 69.0, 9, , 30, 0, 0, 0, , 0, 0, 0, 0, 0, 
124, 0, 129, -1, -1, 159, 161, 76.0, 9, , 29, 0, 0, 0, , 0, 0, 0, 0, 0, 
125, 0, 130, -1, -1, 57, 111, 89.0, 9, , 22, 0, 0, 0, , 0, 0, 0, 0, 0, 
126, 0, 132, -1, -1, 86, 150, 105.0, 11, , 42, 0, 0, 0, , 0, 0, 0, 0, 0, 
127, 0, 133, -1, -1, 205, 85, 100.0, 7, , 15, 0, 0, 0, , 0, 0, 0, 0, 0, 
128, 0, 134, -1, -1, 113, 96, 119.0, 9, , 42, 0, 0, 0, , 0, 0, 0, 0, 0, 
129, 0, 135, -1, -1, 115, 74, 135.0, 11, , 51, 0, 0, 0, , 0, 0, 0, 0, 0, 
130, 0, 136, -1, -1, 123, 88, 131.0, 9, , 34, 0, 0, 0, , 0, 0, 0, 0, 0, 
131, 0, 137, -1, -1, 134, 128, 139.0, 11, , 84, 0, 0, 0, , 0, 0, 0, 0, 0, 
132, 0, 138, -1, -1, 218, 138, 141.0, 11, , 99, 0, 0, 0, , 0, 0, 0, 0, 0, 
133, 0, 139, -1, -1, 145, 144, 143.0, 9, , 8, 0, 0, 0, , 0, 0, 0, 0, 0, 
134, 0, 141, -1, -1, 103, 157, 154.0, 9, , 60, 0, 0, 0, , 0, 0, 0, 0, 0, 
135, 0, 142, -1, -1, 160, 90, 161.0, 9, , 70, 0, 0, 0, , 0, 0, 0, 0, 0, 
136, 0, 143, -1, -1, 153, 148, 162.0, 11, , 116, 0, 0, 0, , 0, 0, 0, 0, 0, 
137, 0, 144, -1, -1, 122, 166, 158.0, 7, , 41, 0, 0, 0, , 0, 0, 0, 0, 0, 
138, 0, 145, -1, -1, 160, 89, 163.0, 9, , 45, 0, 0, 0, , 0, 0, 0, 0, 0, 
139, 0, 146, -1, -1, 146, 97, 178.0, 9, , 18, 0, 0, 0, , 0, 0, 0, 0, 0, 
140, 0, 147, -1, -1, 170, 80, 172.0, 11, , 40, 0, 0, 0, , 0, 0, 0, 0, 0, 
141, 0, 148, -1, -1, 133, 52, 174.0, 7, , 14, 0, 0, 0, , 0, 0, 0, 0, 0, 
142, 0, 149, -1, -1, 118, 87, 181.0, 11, , 84, 0, 0, 0, , 0, 0, 0, 0, 0, 
143, 0, 150, -1, -1, 131, 103, 180.0, 7, , 15, 0, 0, 0, , 0, 0, 0, 0, 0, 
144, 0, 151, -1, -1, 239, 60, 186.0, 9, , 32, 0, 0, 0, , 0, 0, 0, 0, 0, 
145, 0, 152, -1, -1, 123, 114, 182.0, 9, , 33, 0, 0, 0, , 0, 0, 0, 0, 0, 
146, 0, 153, -1, -1, 159, 72, 188.0, 7, , 18, 0, 0, 0, , 0, 0, 0, 0, 0, 
147, 0, 153, -1, -1, 162, 81, 187.0, 9, , 33, 0, 0, 0, , 0, 0, 0, 0, 0, 
148, 0, 154, -1, -1, 321, 95, 186.0, 11, , 34, 0, 0, 0, , 0, 0, 0, 0, 0, 
149, 0, 155, -1, -1, 315, 124, 191.0, 7, , 15, 0, 0, 0, , 0, 0, 0, 0, 0, 
150, 0, 156, -1, -1, 98, 96, 184.0, 13, , 90, 0, 0, 0, , 0, 0, 0, 0, 0, 
151, 0, 157, -1, -1, 142, 86, 195.0, 9, , 31, 0, 0, 0, , 0, 0, 0, 0, 0, 
152, 0, 158, -1, -1, 271, 142, 196.0, 9, , 42, 0, 0, 0, , 0, 0, 0, 0, 0, 
153, 0, 159, -1, -1, 174, 93, 206.0, 9, , 20, 0, 0, 0, , 0, 0, 0, 0, 0, 
154, 0, 160, -1, -1, 152, 128, 211.0, 9, , 52, 0, 0, 0, , 0, 0, 0, 0, 0, 
155, 0, 161, -1, -1, 111, 95, 124.0, 9, , 36, 0, 0, 0, , 0, 0, 0, 0, 0, 
156, 0, 162, -1, -1, 296, 113, 191.0, 9, , 17, 0, 0, 0, , 0, 0, 0, 0, 0, 
157, 0, 163, -1, -1, 165, 125, 207.0, 9, , 43, 0, 0, 0, , 0, 0, 0, 0, 0, 
158, 0, 164, -1, -1, 109, 121, 60.0, 7, , 58, 0, 0, 0, , 0, 0, 0, 0, 0, 
159, 0, 165, -1, -1, 175, 132, 80.0, 9, , 34, 0, 0, 0, , 0, 0, 0, 0, 0, 
160, 0, 166, -1, -1, 127, 129, 83.0, 9, , 28, 0, 0, 0, , 0, 0, 0, 0, 0, 
161, 0, 167, -1, -1, 84, 148, 97.0, 9, , 27, 0, 0, 0, , 0, 0, 0, 0, 0, 
162, 0, 168, -1, -1, 307, 151, 95.0, 9, , 12, 0, 0, 0, , 0, 0, 0, 0, 0, 
163, 0, 169, -1, -1, 173, 107, 95.0, 7, , 20, 0, 0, 0, , 0, 0, 0, 0, 0, 
164, 0, 170, -1, -1, 119, 87, 102.0, 11, , 94, 0, 0, 0, , 0, 0, 0, 0, 0, 
165, 0, 171, -1, -1, 79, 150, 105.0, 9, , 44, 0, 0, 0, , 0, 0, 0, 0, 0, 
166, 0, 173, -1, -1, 128, 177, 121.0, 9, , 36, 0, 0, 0, , 0, 0, 0, 0, 0, 
167, 0, 174, -1, -1, 115, 164, 129.0, 11, , 44, 0, 0, 0, , 0, 0, 0, 0, 0, 
168, 0, 175, -1, -1, 111, 86, 126.0, 9, , 26, 0, 0, 0, , 0, 0, 0, 0, 0, 
169, 0, 176, -1, -1, 258, 40, 130.0, 9, , 20, 0, 0, 0, , 0, 0, 0, 0, 0, 
170, 0, 177, -1, -1, 285, 172, 126.0, 9, , 13, 0, 0, 0, , 0, 0, 0, 0, 0, 
171, 0, 178, -1, -1, 89, 118, 127.0, 9, , 18, 0, 0, 0, , 0, 0, 0, 0, 0, 
172, 0, 179, -1, -1, 139, 181, 131.0, 9, , 28, 0, 0, 0, , 0, 0, 0, 0, 0, 
173, 0, 180, -1, -1, 256, 40, 133.0, 9, , 20, 0, 0, 0, , 0, 0, 0, 0, 0, 
174, 0, 181, -1, -1, 120, 87, 134.0, 9, , 27, 0, 0, 0, , 0, 0, 0, 0, 0, 
175, 0, 182, -1, -1, 87, 121, 132.0, 11, , 12, 0, 0, 0, , 0, 0, 0, 0, 0, 
176, 0, 183, -1, -1, 123, 143, 135.0, 9, , 35, 0, 0, 0, , 0, 0, 0, 0, 0, 
177, 0, 184, -1, -1, 137, 180, 135.0, 9, , 37, 0, 0, 0, , 0, 0, 0, 0, 0, 
178, 0, 185, -1, -1, 115, 74, 139.0, 9, , 52, 0, 0, 0, , 0, 0, 0, 0, 0, 
179, 0, 186, -1, -1, 298, 173, 139.0, 9, , 7, 0, 0, 0, , 0, 0, 0, 0, 0, 
180, 0, 187, -1, -1, 84, 125, 142.0, 9, , 52, 0, 0, 0, , 0, 0, 0, 0, 0, 
181, 0, 188, -1, -1, 193, 113, 146.0, 13, , 136, 0, 0, 0, , 0, 0, 0, 0, 0, 
182, 0, 189, -1, -1, 83, 129, 144.0, 9, , 31, 0, 0, 0, , 0, 0, 0, 0, 0, 
183, 0, 191, -1, -1, 192, 111, 148.0, 9, , 25, 0, 0, 0, , 0, 0, 0, 0, 0, 
184, 0, 192, -1, -1, 219, 36, 148.0, 9, , 20, 0, 0, 0, , 0, 0, 0, 0, 0, 
185, 0, 193, -1, -1, 156, 155, 151.0, 9, , 30, 0, 0, 0, , 0, 0, 0, 0, 0, 
186, 0, 194, -1, -1, 193, 110, 152.0, 11, , 63, 0, 0, 0, , 0, 0, 0, 0, 0, 
187, 0, 195, -1, -1, 115, 47, 158.0, 9, , 11, 0, 0, 0, , 0, 0, 0, 0, 0, 
188, 0, 196, -1, -1, 150, 148, 158.0, 9, , 86, 0, 0, 0, , 0, 0, 0, 0, 0, 
189, 0, 197, -1, -1, 174, 95, 160.0, 9, , 47, 0, 0, 0, , 0, 0, 0, 0, 0, 
190, 0, 198, -1, -1, 322, 80, 158.0, 9, , 32, 0, 0, 0, , 0, 0, 0, 0, 0, 
191, 0, 200, -1, -1, 149, 143, 161.0, 9, , 17, 0, 0, 0, , 0, 0, 0, 0, 0, 
192, 0, 201, -1, -1, 138, 88, 168.0, 9, , 29, 0, 0, 0, , 0, 0, 0, 0, 0, 
193, 0, 202, -1, -1, 228, 38, 170.0, 11, , 106, 0, 0, 0, , 0, 0, 0, 0, 0, 
194, 0, 203, -1, -1, 282, 115, 165.0, 9, , 47, 0, 0, 0, , 0, 0, 0, 0, 0, 
195, 0, 204, -1, -1, 74, 117, 169.0, 11, , 18, 0, 0, 0, , 0, 0, 0, 0, 0, 
196, 0, 205, -1, -1, 195, 139, 177.0, 9, , 21, 0, 0, 0, , 0, 0, 0, 0, 0, 
197, 0, 206, -1, -1, 117, 158, 175.0, 9, , 3, 0, 0, 0, , 0, 0, 0, 0, 0, 
198, 0, 207, -1, -1, 73, 117, 172.0, 9, , 41, 0, 0, 0, , 0, 0, 0, 0, 0, 
199, 0, 208, -1, -1, 168, 162, 176.0, 9, , 14, 0, 0, 0, , 0, 0, 0, 0, 0, 
200, 0, 209, -1, -1, 193, 138, 179.0, 9, , 52, 0, 0, 0, , 0, 0, 0, 0, 0, 
201, 0, 210, -1, -1, 245, 63, 178.0, 9, , 11, 0, 0, 0, , 0, 0, 0, 0, 0, 
202, 0, 212, -1, -1, 298, 114, 188.0, 9, , 43, 0, 0, 0, , 0, 0, 0, 0, 0, 
203, 0, 213, -1, -1, 161, 82, 193.0, 7, , 27, 0, 0, 0, , 0, 0, 0, 0, 0, 
204, 0, 214, -1, -1, 170, 139, 188.0, 7, , 26, 0, 0, 0, , 0, 0, 0, 0, 0, 
205, 0, 215, -1, -1, 290, 129, 190.0, 11, , 60, 0, 0, 0, , 0, 0, 0, 0, 0, 
206, 0, 216, -1, -1, 278, 90, 191.0, 9, , 36, 0, 0, 0, , 0, 0, 0, 0, 0, 
207, 0, 217, -1, -1, 271, 142, 194.0, 9, , 35, 0, 0, 0, , 0, 0, 0, 0, 0, 
208, 0, 218, -1, -1, 300, 116, 193.0, 9, , 58, 0, 0, 0, , 0, 0, 0, 0, 0, 
209, 0, 219, -1, -1, 280, 93, 200.0, 11, , 19, 0, 0, 0, , 0, 0, 0, 0, 0, 
210, 0, 220, -1, -1, 130, 131, 87.0, 9, , 39, 0, 0, 0, , 0, 0, 0, 0, 0, 
211, 0, 221, -1, -1, 143, 94, 108.0, 9, , 29, 0, 0, 0, , 0, 0, 0, 0, 0, 
212, 0, 222, -1, -1, 80, 151, 109.0, 11, , 44, 0, 0, 0, , 0, 0, 0, 0, 0, 
213, 0, 223, -1, -1, 123, 85, 113.0, 9, , 23, 0, 0, 0, , 0, 0, 0, 0, 0, 
214, 0, 224, -1, -1, 300, 176, 126.0, 9, , 22, 0, 0, 0, , 0, 0, 0, 0, 0, 
215, 0, 225, -1, -1, 212, 159, 151.0, 9, , 73, 0, 0, 0, , 0, 0, 0, 0, 0, 
216, 0, 226, -1, -1, 107, 158, 153.0, 9, , 35, 0, 0, 0, , 0, 0, 0, 0, 0, 
217, 0, 227, -1, -1, 212, 159, 154.0, 9, , 44, 0, 0, 0, , 0, 0, 0, 0, 0, 
218, 0, 228, -1, -1, 237, 62, 180.0, 9, , 50, 0, 0, 0, , 0, 0, 0, 0, 0, 
219, 0, 229, -1, -1, 221, 74, 190.0, 11, , 76, 0, 0, 0, , 0, 0, 0, 0, 0, 
220, 0, 230, -1, -1, 189, 137, 191.0, 9, , 39, 0, 0, 0, , 0, 0, 0, 0, 0, 
221, 0, 231, -1, -1, 178, 114, 90.0, 11, , 47, 0, 0, 0, , 0, 0, 0, 0, 0, 
222, 0, 232, -1, -1, 299, 176, 124.0, 7, , 8, 0, 0, 0, , 0, 0, 0, 0, 0, 
223, 0, 233, -1, -1, 145, 114, 149.0, 9, , 43, 0, 0, 0, , 0, 0, 0, 0, 0, 
224, 0, 234, -1, -1, 191, 138, 185.0, 9, , 48, 0, 0, 0, , 0, 0, 0, 0, 0, 
225, 0, 235, -1, -1, 189, 140, 197.0, 11, , 109, 0, 0, 0, , 0, 0, 0, 0, 0, 
226, 0, 236, -1, -1, 97, 99, 175.0, 9, , 51, 0, 0, 0, , 0, 0, 0, 0, 0, 
227, 0, 237, -1, -1, 220, 132, 162.0, 9, , 26, 0, 0, 0, , 0, 0, 0, 0, 0, 
228, 0, 238, -1, -1, 240, 60, 175.0, 9, , 22, 0, 0, 0, , 0, 0, 0, 0, 0, 
229, 0, 239, -1, -1, 123, 144, 191.0, 9, , 22, 0, 0, 0, , 0, 0, 0, 0, 0, 
230, 0, 240, -1, -1, 158, 161, 73.0, 9, , 12, 0, 0, 0, , 0, 0, 0, 0, 0, 
231, 0, 242, -1, -1, 142, 93, 103.0, 7, , 16, 0, 0, 0, , 0, 0, 0, 0, 0, 
232, 0, 243, -1, -1, 123, 145, 107.0, 9, , 9, 0, 0, 0, , 0, 0, 0, 0, 0, 
233, 0, 244, -1, -1, 134, 148, 113.0, 9, , 29, 0, 0, 0, , 0, 0, 0, 0, 0, 
234, 0, 245, -1, -1, 180, 57, 119.0, 9, , 25, 0, 0, 0, , 0, 0, 0, 0, 0, 
235, 0, 246, -1, -1, 135, 130, 142.0, 11, , 159, 0, 0, 0, , 0, 0, 0, 0, 0, 
236, 0, 247, -1, -1, 69, 119, 153.0, 7, , 15, 0, 0, 0, , 0, 0, 0, 0, 0, 
237, 0, 248, -1, -1, 137, 87, 155.0, 9, , 67, 0, 0, 0, , 0, 0, 0, 0, 0, 
238, 0, 249, -1, -1, 144, 91, 160.0, 7, , 8, 0, 0, 0, , 0, 0, 0, 0, 0, 
239, 0, 250, -1, -1, 134, 61, 160.0, 11, , 133, 0, 0, 0, , 0, 0, 0, 0, 0, 
240, 0, 251, -1, -1, 159, 89, 165.0, 9, , 49, 0, 0, 0, , 0, 0, 0, 0, 0, 
241, 0, 252, -1, -1, 221, 132, 165.0, 9, , 47, 0, 0, 0, , 0, 0, 0, 0, 0, 
242, 0, 253, -1, -1, 120, 142, 167.0, 11, , 33, 0, 0, 0, , 0, 0, 0, 0, 0, 
243, 0, 254, -1, -1, 231, 42, 177.0, 11, , 58, 0, 0, 0, , 0, 0, 0, 0, 0, 
244, 0, 255, -1, -1, 296, 63, 177.0, 9, , 31, 0, 0, 0, , 0, 0, 0, 0, 0, 
245, 0, 256, -1, -1, 119, 95, 182.0, 9, , 33, 0, 0, 0, , 0, 0, 0, 0, 0, 
246, 0, 257, -1, -1, 95, 99, 186.0, 9, , 24, 0, 0, 0, , 0, 0, 0, 0, 0, 
247, 0, 258, -1, -1, 125, 147, 189.0, 7, , 36, 0, 0, 0, , 0, 0, 0, 0, 0, 
248, 0, 259, -1, -1, 130, 153, 186.0, 11, , 61, 0, 0, 0, , 0, 0, 0, 0, 0, 
249, 0, 260, -1, -1, 184, 60, 188.0, 7, , 37, 0, 0, 0, , 0, 0, 0, 0, 0, 
250, 0, 261, -1, -1, 268, 79, 190.0, 9, , 32, 0, 0, 0, , 0, 0, 0, 0, 0, 
251, 0, 262, -1, -1, 101, 94, 191.0, 9, , 8, 0, 0, 0, , 0, 0, 0, 0, 0, 
252, 0, 263, -1, -1, 179, 138, 197.0, 9, , 57, 0, 0, 0, , 0, 0, 0, 0, 0, 
253, 0, 264, -1, -1, 199, 76, 198.0, 7, , 5, 0, 0, 0, , 0, 0, 0, 0, 0, 
254, 0, 266, -1, -1, 156, 91, 200.0, 9, , 34, 0, 0, 0, , 0, 0, 0, 0, 0, 
255, 0, 267, -1, -1, 158, 67, 209.0, 9, , 19, 0, 0, 0, , 0, 0, 0, 0, 0, 
256, 0, 268, -1, -1, 161, 112, 135.0, 11, , 74, 0, 0, 0, , 0, 0, 0, 0, 0, 
257, 0, 269, -1, -1, 219, 142, 134.0, 9, , 27, 0, 0, 0, , 0, 0, 0, 0, 0, 
258, 0, 270, -1, -1, 153, 122, 150.0, 9, , 15, 0, 0, 0, , 0, 0, 0, 0, 0, 
259, 0, 271, -1, -1, 129, 153, 189.0, 9, , 59, 0, 0, 0, , 0, 0, 0, 0, 0, 
260, 0, 272, -1, -1, 160, 84, 210.0, 9, , 51, 0, 0, 0, , 0, 0, 0, 0, 0, 
261, 0, 273, -1, -1, 137, 88, 146.0, 9, , 14, 0, 0, 0, , 0, 0, 0, 0, 0, 
262, 0, 274, -1, -1, 123, 166, 156.0, 7, , 16, 0, 0, 0, , 0, 0, 0, 0, 0, 
263, 0, 275, -1, -1, 162, 85, 206.0, 11, , 66, 0, 0, 0, , 0, 0, 0, 0, 0, 
264, 0, 276, -1, -1, 134, 61, 163.0, 9, , 68, 0, 0, 0, , 0, 0, 0, 0, 0, 
265, 0, 277, -1, -1, 105, 175, 149.0, 9, , 4, 0, 0, 0, , 0, 0, 0, 0, 0, 
266, 0, 278, -1, -1, 139, 135, 83.0, 9, , 6, 0, 0, 0, , 0, 0, 0, 0, 0, 
267, 0, 279, -1, -1, 170, 88, 83.0, 9, , 6, 0, 0, 0, , 0, 0, 0, 0, 0, 
268, 0, 280, -1, -1, 101, 140, 94.0, 9, , 43, 0, 0, 0, , 0, 0, 0, 0, 0, 
269, 0, 281, -1, -1, 179, 113, 115.0, 11, , 130, 0, 0, 0, , 0, 0, 0, 0, 0, 
270, 0, 282, -1, -1, 59, 87, 123.0, 9, , 26, 0, 0, 0, , 0, 0, 0, 0, 0, 
271, 0, 283, -1, -1, 196, 172, 134.0, 9, , 61, 0, 0, 0, , 0, 0, 0, 0, 0, 
272, 0, 284, -1, -1, 123, 173, 146.0, 7, , 10, 0, 0, 0, , 0, 0, 0, 0, 0, 
273, 0, 285, -1, -1, 65, 114, 150.0, 11, , 70, 0, 0, 0, , 0, 0, 0, 0, 0, 
274, 0, 286, -1, -1, 126, 164, 151.0, 7, , 5, 0, 0, 0, , 0, 0, 0, 0, 0, 
275, 0, 287, -1, -1, 210, 139, 155.0, 11, , 91, 0, 0, 0, , 0, 0, 0, 0, 0, 
276, 0, 288, -1, -1, 331, 103, 160.0, 9, , 12, 0, 0, 0, , 0, 0, 0, 0, 0, 
277, 0, 289, -1, -1, 230, 107, 162.0, 9, , 14, 0, 0, 0, , 0, 0, 0, 0, 0, 
278, 0, 290, -1, -1, 196, 134, 170.0, 9, , 42, 0, 0, 0, , 0, 0, 0, 0, 0, 
279, 0, 291, -1, -1, 232, 41, 174.0, 11, , 59, 0, 0, 0, , 0, 0, 0, 0, 0, 
280, 0, 292, -1, -1, 99, 79, 174.0, 9, , 27, 0, 0, 0, , 0, 0, 0, 0, 0, 
281, 0, 294, -1, -1, 129, 53, 185.0, 9, , 43, 0, 0, 0, , 0, 0, 0, 0, 0, 
282, 0, 295, -1, -1, 275, 77, 183.0, 9, , 87, 0, 0, 0, , 0, 0, 0, 0, 0, 
283, 0, 296, -1, -1, 217, 72, 184.0, 7, , 19, 0, 0, 0, , 0, 0, 0, 0, 0, 
284, 0, 297, -1, -1, 268, 146, 189.0, 9, , 23, 0, 0, 0, , 0, 0, 0, 0, 0, 
285, 0, 298, -1, -1, 166, 158, 185.0, 9, , 40, 0, 0, 0, , 0, 0, 0, 0, 0, 
286, 0, 299, -1, -1, 116, 97, 192.0, 9, , 11, 0, 0, 0, , 0, 0, 0, 0, 0, 
287, 0, 300, -1, -1, 189, 138, 194.0, 11, , 152, 0, 0, 0, , 0, 0, 0, 0, 0, 
288, 0, 301, -1, -1, 141, 86, 193.0, 9, , 18, 0, 0, 0, , 0, 0, 0, 0, 0, 
289, 0, 302, -1, -1, 136, 107, 146.0, 11, , 71, 0, 0, 0, , 0, 0, 0, 0, 0, 
290, 0, 303, -1, -1, 212, 159, 148.0, 9, , 47, 0, 0, 0, , 0, 0, 0, 0, 0, 
291, 0, 304, -1, -1, 120, 173, 150.0, 7, , 13, 0, 0, 0, , 0, 0, 0, 0, 0, 
292, 0, 305, -1, -1, 121, 153, 153.0, 11, , 66, 0, 0, 0, , 0, 0, 0, 0, 0, 
293, 0, 306, -1, -1, 141, 89, 163.0, 11, , 16, 0, 0, 0, , 0, 0, 0, 0, 0, 
294, 0, 307, -1, -1, 122, 166, 168.0, 7, , 22, 0, 0, 0, , 0, 0, 0, 0, 0, 
295, 0, 308, -1, -1, 271, 74, 181.0, 9, , 17, 0, 0, 0, , 0, 0, 0, 0, 0, 
296, 0, 309, -1, -1, 82, 98, 180.0, 11, , 37, 0, 0, 0, , 0, 0, 0, 0, 0, 
297, 0, 310, -1, -1, 294, 66, 182.0, 9, , 44, 0, 0, 0, , 0, 0, 0, 0, 0, 
298, 0, 311, -1, -1, 122, 115, 189.0, 9, , 77, 0, 0, 0, , 0, 0, 0, 0, 0, 
299, 0, 312, -1, -1, 106, 111, 190.0, 9, , 10, 0, 0, 0, , 0, 0, 0, 0, 0, 
300, 0, 313, -1, -1, 141, 113, 161.0, 9, , 39, 0, 0, 0, , 0, 0, 0, 0, 0, 
301, 0, 314, -1, -1, 180, 116, 108.0, 11, , 35, 0, 0, 0, , 0, 0, 0, 0, 0, 
302, 0, 315, -1, -1, 130, 177, 118.0, 9, , 14, 0, 0, 0, , 0, 0, 0, 0, 0, 
303, 0, 316, -1, -1, 196, 172, 132.0, 11, , 58, 0, 0, 0, , 0, 0, 0, 0, 0, 
304, 0, 317, -1, -1, 144, 113, 151.0, 9, , 33, 0, 0, 0, , 0, 0, 0, 0, 0, 
305, 0, 318, -1, -1, 103, 59, 167.0, 7, , 13, 0, 0, 0, , 0, 0, 0, 0, 0, 
306, 0, 319, -1, -1, 261, 109, 177.0, 11, , 64, 0, 0, 0, , 0, 0, 0, 0, 0, 
307, 0, 320, -1, -1, 127, 131, 81.0, 11, , 37, 0, 0, 0, , 0, 0, 0, 0, 0, 
308, 0, 321, -1, -1, 134, 180, 128.0, 9, , 36, 0, 0, 0, , 0, 0, 0, 0, 0, 
309, 0, 322, -1, -1, 159, 90, 152.0, 9, , 62, 0, 0, 0, , 0, 0, 0, 0, 0, 
310, 0, 323, -1, -1, 105, 143, 158.0, 7, , 23, 0, 0, 0, , 0, 0, 0, 0, 0, 
311, 0, 324, -1, -1, 282, 115, 162.0, 9, , 64, 0, 0, 0, , 0, 0, 0, 0, 0, 
312, 0, -1, -1, -1, 302, 160, 96.0, 9, , 36, 0, 0, 0, , 0, 0, 0, 0, 0, 
313, 0, -1, -1, -1, 98, 142, 98.0, 7, , 17, 0, 0, 0, , 0, 0, 0, 0, 0, 
314, 0, -1, -1, -1, 141, 96, 104.0, 7, , 18, 0, 0, 0, , 0, 0, 0, 0, 0, 
315, 0, -1, -1, -1, 257, 40, 135.0, 9, , 23, 0, 0, 0, , 0, 0, 0, 0, 0, 
316, 0, -1, -1, -1, 176, 104, 138.0, 9, , 27, 0, 0, 0, , 0, 0, 0, 0, 0, 
317, 0, -1, -1, -1, 176, 105, 141.0, 9, , 39, 0, 0, 0, , 0, 0, 0, 0, 0, 
318, 0, -1, -1, -1, 177, 106, 145.0, 11, , 49, 0, 0, 0, , 0, 0, 0, 0, 0, 
319, 0, -1, -1, -1, 138, 88, 150.0, 9, , 75, 0, 0, 0, , 0, 0, 0, 0, 0, 
320, 0, -1, -1, -1, 221, 131, 155.0, 11, , 20, 0, 0, 0, , 0, 0, 0, 0, 0, 
321, 0, -1, -1, -1, 131, 75, 168.0, 9, , 33, 0, 0, 0, , 0, 0, 0, 0, 0, 
322, 0, -1, -1, -1, 291, 155, 175.0, 9, , 25, 0, 0, 0, , 0, 0, 0, 0, 0, 
323, 0, -1, -1, -1, 270, 78, 187.0, 11, , 56, 0, 0, 0, , 0, 0, 0, 0, 0, 
324, 0, -1, -1, -1, 273, 142, 190.0, 9, , 34, 0, 0, 0, , 0, 0, 0, 0, 0, 
325, 0, -1, -1, -1, 162, 82, 191.0, 9, , 38, 0, 0, 0, , 0, 0, 0, 0, 0, 
326, 0, -1, -1, -1, 134, 70, 195.0, 11, , 10, 0, 0, 0, , 0, 0, 0, 0, 0, 
327, 0, -1, -1, -1, 128, 73, 200.0, 9, , 13, 0, 0, 0, , 0, 0, 0, 0, 0, 
328, 0, -1, -1, -1, 178, 96, 202.0, 7, , 16, 0, 0, 0, , 0, 0, 0, 0, 0, 
329, 0, -1, -1, -1, 283, 106, 206.0, 9, , 28, 0, 0, 0, , 0, 0, 0, 0, 0, 
330, 0, -1, -1, -1, 143, 105, 207.0, 9, , 3, 0, 0, 0, , 0, 0, 0, 0, 0, 
331, 0, -1, -1, -1, 281, 116, 159.0, 9, , 28, 0, 0, 0, , 0, 0, 0, 0, 0, 
332, 0, -1, -1, -1, 262, 107, 175.0, 9, , 48, 0, 0, 0, , 0, 0, 0, 0, 0, 
333, 1, 326, 302, -1, 302, 93, 132.0, 14, Eprpa, 0, 0, 0, 0, , 0, 0, 0, 0, 0, 
334, 1, 327, 303, -1, 240, 65, 183.8, 15, ABprappaap, 0, 0, 0, 0, , 0, 0, 0, 0, 0, 
335, 1, 328, 304, -1, 127, 133, 84.75, 15, ABplpaapaaa, 0, 0, 0, 0, , 0, 0, 0, 0, 0, 
336, 1, 329, 305, -1, 93, 144, 71.0, 15, ABplaaappa, 0, 0, 0, 0, , 0, 0, 0, 0, 0, 
337, 1, 330, 306, -1, 124, 124, 59.5, 16, ABplaaappp, 0, 0, 0, 0, , 0, 0, 0, 0, 0, 
338, 1, 331, 307, -1, 84, 86, 186.0, 13, ABarpapppa, 0, 0, 0, 0, , 0, 0, 0, 0, 0, 
339, 1, 332, 308, -1, 117, 59, 187.0, 14, ABarpapppp, 0, 0, 0, 0, , 0, 0, 0, 0, 0, 
340, 0, 333, -1, -1, 151, 54, 190.0, 16, , 0, 0, 0, 0, , 0, 0, 0, 0, 0, 
341, 1, 334, 310, -1, 182, 114, 56.0, 17, ABarppapaa, 0, 0, 0, 0, , 0, 0, 0, 0, 0, 
342, 1, 335, 311, -1, 209, 115, 66.0, 18, ABarppapap, 0, 0, 0, 0, , 0, 0, 0, 0, 0, 
343, 1, 336, 312, -1, 201, 47, 182.0, 15, ABarppppap, 0, 0, 0, 0, , 0, 0, 0, 0, 0, 
344, 1, 337, 313, -1, 233, 108, 65.0, 15, ABplappapa, 0, 0, 0, 0, , 0, 0, 0, 0, 0, 
345, 1, 338, 314, -1, 228, 40, 171.0, 11, ABprappapa, 0, 0, 0, 0, , 0, 0, 0, 0, 0, 
346, 1, 339, 315, -1, 261, 113, 74.0, 17, ABarppappa, 0, 0, 0, 0, , 0, 0, 0, 0, 0, 
347, 1, 340, 316, -1, 263, 55, 175.0, 14, ABarpppppa, 0, 0, 0, 0, , 0, 0, 0, 0, 0, 
348, 1, 341, 317, -1, 293, 132, 76.0, 14, ABplapapaa, 0, 0, 0, 0, , 0, 0, 0, 0, 0, 
349, 1, 342, 318, -1, 295, 66, 180.0, 13, ABprapapaa, 0, 0, 0, 0, , 0, 0, 0, 0, 0, 
350, 1, 343, 319, -1, 308, 90, 192.0, 15, ABarpppppp, 0, 0, 0, 0, , 0, 0, 0, 0, 0, 
351, 1, 344, 320, -1, 300, 170, 141.0, 15, ABplappppp, 0, 0, 0, 0, , 0, 0, 0, 0, 0, 
352, 0, 345, -1, -1, 307, 121, 181.0, 10, , 0, 0, 0, 0, , 0, 0, 0, 0, 0, 
353, 0, 346, -1, -1, 165, 131, 72.0, 14, , 0, 0, 0, 0, , 0, 0, 0, 0, 0, 
354, 1, 348, 323, -1, 295, 151, 93.0, 17, ABarppappp, 0, 0, 0, 0, , 0, 0, 0, 0, 0, 
355, 1, 349, 324, -1, 151, 54, 191.0, 16, ABarpppaap, 0, 0, 0, 0, , 0, 0, 0, 0, 0, 
356, 0, 350, -1, -1, 164, 129, 68.0, 14, , 0, 0, 0, 0, , 0, 0, 0, 0, 0, 
357, 0, 351, -1, -1, 167, 128, 69.0, 14, , 0, 0, 0, 0, , 0, 0, 0, 0, 0, 
358, 1, 352, 326, -1, 176, 49, 186.5, 14, ABarppppaa, 0, 0, 0, 0, , 0, 0, 0, 0, 0, 
359, 1, 353, 327, -1, 197, 28, 153.0, 15, Caaaaa, 0, 0, 0, 0, , 0, 0, 0, 0, 0, 
360, 1, 354, 328, -1, 216, 120, 97.0, 17, Capaaaa, 0, 0, 0, 0, , 0, 0, 0, 0, 0, 
361, 1, 355, 329, -1, 262, 120, 95.0, 15, Capaapa, 0, 0, 0, 0, , 0, 0, 0, 0, 0, 
362, 1, 356, 330, -1, 289, 135, 100.0, 15, Capaapp, 0, 0, 0, 0, , 0, 0, 0, 0, 0, 
363, 0, 357, -1, -1, 89, 143, 125.0, 13, , 0, 0, 0, 0, , 0, 0, 0, 0, 0, 
364, 0, 358, -1, -1, 101, 126, 109.0, 12, , 0, 0, 0, 0, , 0, 0, 0, 0, 0, 
365, 0, 359, -1, -1, 99, 145, 128.0, 12, , 0, 0, 0, 0, , 0, 0, 0, 0, 0, 
366, 0, 360, -1, -1, 97, 146, 131.0, 14, , 0, 0, 0, 0, , 0, 0, 0, 0, 0, 
367, 0, 361, -1, -1, 97, 141, 134.0, 13, , 0, 0, 0, 0, , 0, 0, 0, 0, 0, 
368, 0, 362, -1, -1, 88, 141, 123.0, 13, , 0, 0, 0, 0, , 0, 0, 0, 0, 0, 
369, 1, 363, 337, -1, 218, 66, 135.0, 15, Earpa, 0, 0, 0, 0, , 0, 0, 0, 0, 0, 
370, 1, 364, 338, -1, 201, 63, 103.0, 15, Ealaad, 0, 0, 0, 0, , 0, 0, 0, 0, 0, 
371, 1, 365, 339, -1, 213, 99, 102.0, 13, Ealaav, 0, 0, 0, 0, , 0, 0, 0, 0, 0, 
372, 1, 366, 340, -1, 239, 82, 126.0, 16, Ealap, 0, 0, 0, 0, , 0, 0, 0, 0, 0, 
373, 1, 367, 341, -1, 220, 87, 129.0, 15, Ealpa, 0, 0, 0, 0, , 0, 0, 0, 0, 0, 
374, 1, 368, 342, -1, 275, 91, 112.0, 15, Ealpp, 0, 0, 0, 0, , 0, 0, 0, 0, 0, 
375, 1, 369, 343, -1, 200, 55, 133.0, 15, Earaad, 0, 0, 0, 0, , 0, 0, 0, 0, 0, 
376, 1, 370, 344, -1, 208, 69, 157.5, 15, Earaav, 0, 0, 0, 0, , 0, 0, 0, 0, 0, 
377, 1, 371, 345, -1, 227, 68, 116.5, 15, Earap, 0, 0, 0, 0, , 0, 0, 0, 0, 0, 
378, 1, 372, 346, -1, 270, 68, 123.0, 15, Earpp, 0, 0, 0, 0, , 0, 0, 0, 0, 0, 
379, 1, 373, 347, -1, 253, 77, 114.0, 14, Eplaa, 0, 0, 0, 0, , 0, 0, 0, 0, 0, 
380, 1, 374, 348, -1, 298, 91, 110.0, 15, Eplap, 0, 0, 0, 0, , 0, 0, 0, 0, 0, 
381, 1, 375, 349, -1, 309, 106, 118.0, 17, Eplpa, 0, 0, 0, 0, , 0, 0, 0, 0, 0, 
382, 1, 376, 350, -1, 312, 137, 144.5, 15, Eplppa, 0, 0, 0, 0, , 0, 0, 0, 0, 0, 
383, 1, 377, 351, -1, 314, 125, 120.333336, 15, Eplppp, 0, 0, 0, 0, , 0, 0, 0, 0, 0, 
384, 1, 378, 352, -1, 249, 61, 120.666664, 15, Epraa, 0, 0, 0, 0, , 0, 0, 0, 0, 0, 
385, 1, 379, 353, -1, 288, 80, 120.666664, 16, Eprap, 0, 0, 0, 0, , 0, 0, 0, 0, 0, 
386, 1, 380, 354, -1, 302, 127, 153.0, 13, Eprppa, 0, 0, 0, 0, , 0, 0, 0, 0, 0, 
387, 1, 381, 355, -1, 319, 100, 141.33333, 13, Eprppp, 0, 0, 0, 0, , 0, 0, 0, 0, 0, 
388, 1, 382, 356, -1, 107, 101, 107.666664, 11, MSaaaaaal, 0, 0, 0, 0, , 0, 0, 0, 0, 0, 
389, 1, 383, 357, -1, 103, 83, 134.5, 11, MSaaaaaar, 0, 0, 0, 0, , 0, 0, 0, 0, 0, 
390, 1, 384, 358, -1, 136, 77, 88.0, 14, MSaaaaapp, 0, 0, 0, 0, , 0, 0, 0, 0, 0, 
391, 1, 385, 359, -1, 109, 73, 118.0, 13, MSaaaaapaa, 0, 0, 0, 0, , 0, 0, 0, 0, 0, 
392, 0, 386, -1, -1, 126, 70, 116.0, 13, , 0, 0, 0, 0, , 0, 0, 0, 0, 0, 
393, 1, 387, 361, -1, 151, 54, 101.0, 11, MSaaaapaa, 0, 0, 0, 0, , 0, 0, 0, 0, 0, 
394, 1, 388, 362, -1, 152, 67, 101.0, 12, MSaaaapap, 0, 0, 0, 0, , 0, 0, 0, 0, 0, 
395, 1, 389, 363, -1, 173, 60, 128.0, 11, MSaaaappa, 0, 0, 0, 0, , 0, 0, 0, 0, 0, 
396, 1, 390, 364, -1, 158, 95, 85.0, 11, MSaaapaap, 0, 0, 0, 0, , 0, 0, 0, 0, 0, 
397, 1, 391, 365, -1, 177, 76, 96.0, 9, MSaaapapa, 0, 0, 0, 0, , 0, 0, 0, 0, 0, 
398, 1, 392, 366, -1, 190, 73, 103.0, 9, MSaaapapp, 0, 0, 0, 0, , 0, 0, 0, 0, 0, 
399, 1, 393, 367, -1, 205, 86, 101.0, 11, MSaaappa, 0, 0, 0, 0, , 0, 0, 0, 0, 0, 
400, 1, 394, 368, -1, 190, 52, 115.0, 11, MSaaappp, 0, 0, 0, 0, , 0, 0, 0, 0, 0, 
401, 1, 395, 369, -1, 194, 124, 121.0, 10, MSaapaaap, 0, 0, 0, 0, , 0, 0, 0, 0, 0, 
402, 1, 396, 370, -1, 178, 123, 123.0, 11, MSaapaaaa, 0, 0, 0, 0, , 0, 0, 0, 0, 0, 
403, 1, 397, 371, -1, 200, 105, 103.5, 10, MSaapaapp, 0, 0, 0, 0, , 0, 0, 0, 0, 0, 
404, 0, 398, -1, -1, 204, 104, 141.0, 10, , 0, 0, 0, 0, , 0, 0, 0, 0, 0, 
405, 1, 399, 373, -1, 126, 121, 105.0, 14, MSapaaaad, 0, 0, 0, 0, , 0, 0, 0, 0, 0, 
406, 1, 400, 374, -1, 147, 142, 119.0, 12, MSapaaaav, 0, 0, 0, 0, , 0, 0, 0, 0, 0, 
407, 1, 401, 375, -1, 125, 109, 80.0, 15, MSapaaap, 0, 0, 0, 0, , 0, 0, 0, 0, 0, 
408, 1, 402, 376, -1, 257, 104, 150.0, 15, MSapaapp, 0, 0, 0, 0, , 0, 0, 0, 0, 0, 
409, 1, 403, 377, -1, 188, 111, 76.5, 16, MSapapaa, 0, 0, 0, 0, , 0, 0, 0, 0, 0, 
410, 1, 404, 378, -1, 148, 144, 99.0, 16, MSapapap, 0, 0, 0, 0, , 0, 0, 0, 0, 0, 
411, 1, 405, 379, -1, 112, 94, 77.0, 16, MSapappa, 0, 0, 0, 0, , 0, 0, 0, 0, 0, 
412, 1, 406, 380, -1, 100, 86, 91.0, 14, MSapappp, 0, 0, 0, 0, , 0, 0, 0, 0, 0, 
413, 1, 407, 381, -1, 143, 82, 74.0, 14, MSapppap, 0, 0, 0, 0, , 0, 0, 0, 0, 0, 
414, 1, 408, 382, -1, 107, 73, 87.0, 14, MSappppa, 0, 0, 0, 0, , 0, 0, 0, 0, 0, 
415, 1, 409, 383, -1, 138, 60, 86.5, 14, MSappppp, 0, 0, 0, 0, , 0, 0, 0, 0, 0, 
416, 1, 410, 384, -1, 131, 56, 117.5, 15, MSpaaaaaa, 0, 0, 0, 0, , 0, 0, 0, 0, 0, 
417, 0, 411, -1, -1, 143, 50, 116.5, 15, , 0, 0, 0, 0, , 0, 0, 0, 0, 0, 
418, 1, 412, 386, -1, 117, 63, 135.0, 15, MSpaaaapa, 0, 0, 0, 0, , 0, 0, 0, 0, 0, 
419, 1, 413, 387, -1, 135, 58, 130.0, 15, MSpaaaapp, 0, 0, 0, 0, , 0, 0, 0, 0, 0, 
420, 1, 414, 388, -1, 165, 68, 102.0, 13, MSpaaapaa, 0, 0, 0, 0, , 0, 0, 0, 0, 0, 
421, 1, 415, 389, -1, 180, 56, 114.0, 13, MSpaaapap, 0, 0, 0, 0, , 0, 0, 0, 0, 0, 
422, 1, 416, 390, -1, 146, 60, 114.5, 15, MSpaaaaap, 0, 0, 0, 0, , 0, 0, 0, 0, 0, 
423, 1, 417, 391, -1, 143, 49, 117.0, 15, MSpaaappa, 0, 0, 0, 0, , 0, 0, 0, 0, 0, 
424, 1, 418, 392, -1, 160, 50, 114.0, 15, MSpaaappp, 0, 0, 0, 0, , 0, 0, 0, 0, 0, 
425, 1, 419, 393, -1, 148, 55, 142.5, 15, ABaraappapp, 0, 0, 0, 0, , 0, 0, 0, 0, 0, 
426, 1, 420, 394, -1, 163, 60, 116.0, 15, MSpaapaap, 0, 0, 0, 0, , 0, 0, 0, 0, 0, 
427, 1, 421, 395, -1, 171, 55, 138.5, 15, MSpaapapa, 0, 0, 0, 0, , 0, 0, 0, 0, 0, 
428, 1, 422, 396, -1, 182, 80, 173.0, 14, MSpapaapa, 0, 0, 0, 0, , 0, 0, 0, 0, 0, 
429, 1, 423, 397, -1, 242, 33, 154.0, 14, Caaaap, 0, 0, 0, 0, , 0, 0, 0, 0, 0, 
430, 1, 424, 398, -1, 277, 48, 158.0, 17, Caaapa, 0, 0, 0, 0, , 0, 0, 0, 0, 0, 
431, 1, 425, 399, -1, 308, 64, 159.5, 17, Caaapp, 0, 0, 0, 0, , 0, 0, 0, 0, 0, 
432, 1, 426, 400, -1, 274, 154, 170.5, 13, Caapaa, 0, 0, 0, 0, , 0, 0, 0, 0, 0, 
433, 1, 427, 401, -1, 334, 114, 167.5, 16, Caappd, 0, 0, 0, 0, , 0, 0, 0, 0, 0, 
434, 1, 428, 402, -1, 317, 145, 165.0, 15, Caappv, 0, 0, 0, 0, , 0, 0, 0, 0, 0, 
435, 1, 429, 403, -1, 236, 115, 91.5, 16, Capaaap, 0, 0, 0, 0, , 0, 0, 0, 0, 0, 
436, 1, 430, 404, -1, 267, 88, 81.0, 15, Capapaa, 0, 0, 0, 0, , 0, 0, 0, 0, 0, 
437, 1, 431, 405, -1, 303, 105, 86.0, 15, Capapap, 0, 0, 0, 0, , 0, 0, 0, 0, 0, 
438, 1, 432, 406, -1, 272, 147, 119.666664, 15, Capappa, 0, 0, 0, 0, , 0, 0, 0, 0, 0, 
439, 0, 433, -1, -1, 263, 156, 139.66667, 14, , 0, 0, 0, 0, , 0, 0, 0, 0, 0, 
440, 1, 434, 408, -1, 228, 80, 78.5, 17, Cappaaa, 0, 0, 0, 0, , 0, 0, 0, 0, 0, 
441, 1, 435, 409, -1, 282, 80, 87.0, 17, Cappaap, 0, 0, 0, 0, , 0, 0, 0, 0, 0, 
442, 1, 436, 410, -1, 313, 133, 103.0, 14, Cappapa, 0, 0, 0, 0, , 0, 0, 0, 0, 0, 
443, 1, 437, 411, -1, 310, 147, 116.0, 14, Cappapp, 0, 0, 0, 0, , 0, 0, 0, 0, 0, 
444, 1, 438, 412, -1, 318, 96, 97.0, 16, Capppaa, 0, 0, 0, 0, , 0, 0, 0, 0, 0, 
445, 1, 439, 413, -1, 337, 125, 112.0, 15, Capppap, 0, 0, 0, 0, , 0, 0, 0, 0, 0, 
446, 0, 440, -1, -1, 297, 154, 160.0, 14, , 0, 0, 0, 0, , 0, 0, 0, 0, 0, 
447, 0, 441, -1, -1, 284, 162, 156.0, 15, , 0, 0, 0, 0, , 0, 0, 0, 0, 0, 
448, 1, 442, 416, -1, 183, 84, 60.333332, 17, Cpaaaa, 0, 0, 0, 0, , 0, 0, 0, 0, 0, 
449, 1, 443, 417, -1, 216, 79, 68.0, 19, Cpaaap, 0, 0, 0, 0, , 0, 0, 0, 0, 0, 
450, 1, 444, 418, -1, 251, 88, 69.333336, 17, Cpaapa, 0, 0, 0, 0, , 0, 0, 0, 0, 0, 
451, 0, 445, -1, -1, 300, 105, 79.0, 17, , 0, 0, 0, 0, , 0, 0, 0, 0, 0, 
452, 1, 446, 420, -1, 281, 107, 74.0, 17, Cpaapp, 0, 0, 0, 0, , 0, 0, 0, 0, 0, 
453, 1, 447, 421, -1, 319, 88, 173.0, 15, Cpapaa, 0, 0, 0, 0, , 0, 0, 0, 0, 0, 
454, 1, 448, 422, -1, 322, 124, 88.0, 15, Cpapap, 0, 0, 0, 0, , 0, 0, 0, 0, 0, 
455, 1, 449, 423, -1, 326, 151, 111.333336, 15, Cpappd, 0, 0, 0, 0, , 0, 0, 0, 0, 0, 
456, 1, 450, 424, -1, 315, 163, 151.0, 15, Cpappv, 0, 0, 0, 0, , 0, 0, 0, 0, 0, 
457, 1, 451, 425, -1, 209, 86, 177.0, 14, Cppaaaa, 0, 0, 0, 0, , 0, 0, 0, 0, 0, 
458, 1, 452, 426, -1, 231, 77, 173.0, 13, Cppaaap, 0, 0, 0, 0, , 0, 0, 0, 0, 0, 
459, 1, 453, 427, -1, 250, 71, 171.0, 13, Cppaapa, 0, 0, 0, 0, , 0, 0, 0, 0, 0, 
460, 1, 454, 428, -1, 289, 87, 173.0, 13, Cppaapp, 0, 0, 0, 0, , 0, 0, 0, 0, 0, 
461, 1, 455, 429, -1, 258, 43, 148.0, 13, Cppapaa, 0, 0, 0, 0, , 0, 0, 0, 0, 0, 
462, 1, 456, 430, -1, 294, 57, 151.0, 15, Cppapap, 0, 0, 0, 0, , 0, 0, 0, 0, 0, 
463, 1, 457, 431, -1, 283, 99, 183.0, 13, Cppappa, 0, 0, 0, 0, , 0, 0, 0, 0, 0, 
464, 1, 458, 432, -1, 279, 114, 184.0, 13, Cppappp, 0, 0, 0, 0, , 0, 0, 0, 0, 0, 
465, 1, 459, 433, -1, 216, 35, 147.0, 15, Cpppaaa, 0, 0, 0, 0, , 0, 0, 0, 0, 0, 
466, 1, 460, 434, -1, 258, 42, 132.33333, 15, Cpppaap, 0, 0, 0, 0, , 0, 0, 0, 0, 0, 
467, 1, 461, 435, -1, 318, 79, 158.5, 14, Cpppapa, 0, 0, 0, 0, , 0, 0, 0, 0, 0, 
468, 1, 462, 436, -1, 326, 103, 162.0, 13, Cpppapp, 0, 0, 0, 0, , 0, 0, 0, 0, 0, 
469, 1, 463, 437, -1, 313, 65, 132.0, 15, Cppppaa, 0, 0, 0, 0, , 0, 0, 0, 0, 0, 
470, 1, 464, 438, -1, 334, 89, 140.0, 15, Cppppap, 0, 0, 0, 0, , 0, 0, 0, 0, 0, 
471, 1, 465, 439, -1, 332, 122, 150.0, 14, Cpppppd, 0, 0, 0, 0, , 0, 0, 0, 0, 0, 
472, 1, 466, 440, -1, 293, 138, 177.5, 14, Cpppppv, 0, 0, 0, 0, , 0, 0, 0, 0, 0, 
473, 1, 467, 441, -1, 184, 142, 96.5, 14, Daaaa, 0, 0, 0, 0, , 0, 0, 0, 0, 0, 
474, 1, 468, 442, -1, 165, 76, 72.5, 15, Daaap, 0, 0, 0, 0, , 0, 0, 0, 0, 0, 
475, 1, 469, 443, -1, 178, 150, 112.333336, 14, Daapa, 0, 0, 0, 0, , 0, 0, 0, 0, 0, 
476, 1, 470, 444, -1, 193, 155, 117.0, 14, Daapp, 0, 0, 0, 0, , 0, 0, 0, 0, 0, 
477, 1, 471, 445, -1, 202, 134, 99.0, 16, Dapaa, 0, 0, 0, 0, , 0, 0, 0, 0, 0, 
478, 1, 472, 446, -1, 197, 74, 80.0, 16, Dapap, 0, 0, 0, 0, , 0, 0, 0, 0, 0, 
479, 1, 473, 447, -1, 163, 55, 87.0, 12, Dappaa, 0, 0, 0, 0, , 0, 0, 0, 0, 0, 
480, 1, 474, 448, -1, 193, 63, 87.5, 14, Dappap, 0, 0, 0, 0, , 0, 0, 0, 0, 0, 
481, 1, 475, 449, -1, 210, 59, 88.0, 12, Dapppa, 0, 0, 0, 0, , 0, 0, 0, 0, 0, 
482, 1, 476, 450, -1, 242, 63, 91.0, 13, Dapppp, 0, 0, 0, 0, , 0, 0, 0, 0, 0, 
483, 0, 477, -1, -1, 173, 96, 188.0, 15, , 0, 0, 0, 0, , 0, 0, 0, 0, 0, 
484, 1, 478, 452, -1, 152, 41, 151.0, 14, Dpaap, 0, 0, 0, 0, , 0, 0, 0, 0, 0, 
485, 1, 479, 453, -1, 168, 117, 191.5, 12, Dpapa, 0, 0, 0, 0, , 0, 0, 0, 0, 0, 
486, 1, 480, 454, -1, 182, 120, 191.66667, 13, Dpapp, 0, 0, 0, 0, , 0, 0, 0, 0, 0, 
487, 1, 481, 455, -1, 190, 93, 187.0, 14, Dppaa, 0, 0, 0, 0, , 0, 0, 0, 0, 0, 
488, 1, 482, 456, -1, 181, 36, 148.33333, 16, Dppap, 0, 0, 0, 0, , 0, 0, 0, 0, 0, 
489, 1, 483, 457, -1, 150, 36, 124.0, 14, Dpppaa, 0, 0, 0, 0, , 0, 0, 0, 0, 0, 
490, 1, 484, 458, -1, 180, 36, 126.0, 14, Dpppap, 0, 0, 0, 0, , 0, 0, 0, 0, 0, 
491, 1, 485, 459, -1, 195, 32, 128.5, 15, Dppppa, 0, 0, 0, 0, , 0, 0, 0, 0, 0, 
492, 1, 486, 460, -1, 224, 35, 136.0, 15, Dppppp, 0, 0, 0, 0, , 0, 0, 0, 0, 0, 
493, 1, 487, 461, -1, 272, 84, 157.33333, 18, Z2, 0, 0, 0, 0, , 0, 0, 0, 0, 0, 
494, 1, 488, 462, -1, 273, 119, 124.0, 17, Z3, 0, 0, 0, 0, , 0, 0, 0, 0, 0, 
495, 1, 489, 463, -1, 129, 73, 115.0, 13, MSaaaaapap, 0, 0, 0, 0, , 0, 0, 0, 0, 0, 
496, 1, 490, 464, -1, 176, 72, 119.0, 13, MSaaaappp, 0, 0, 0, 0, , 0, 0, 0, 0, 0, 
497, 0, 491, -1, -1, 118, 85, 108.5, 14, , 0, 0, 0, 0, , 0, 0, 0, 0, 0, 
498, 1, 492, 466, -1, 186, 101, 125.0, 12, MSaapapaa, 0, 0, 0, 0, , 0, 0, 0, 0, 0, 
499, 1, 493, 467, -1, 201, 118, 119.0, 10, MSaapapap, 0, 0, 0, 0, , 0, 0, 0, 0, 0, 
500, 0, 494, -1, -1, 203, 104, 144.0, 14, , 0, 0, 0, 0, , 0, 0, 0, 0, 0, 
501, 1, 495, 469, -1, 192, 92, 153.0, 10, MSpapapaa, 0, 0, 0, 0, , 0, 0, 0, 0, 0, 
502, 1, 496, 470, -1, 198, 92, 167.0, 10, MSpapapap, 0, 0, 0, 0, , 0, 0, 0, 0, 0, 
503, 1, 497, 471, -1, 132, 37, 124.0, 14, MSpppppp, 0, 0, 0, 0, , 0, 0, 0, 0, 0, 
504, 0, 498, -1, -1, 155, 86, 180.0, 14, , 0, 0, 0, 0, , 0, 0, 0, 0, 0, 
505, 1, 499, 473, -1, 184, 54, 139.5, 15, MSpaapapp, 0, 0, 0, 0, , 0, 0, 0, 0, 0, 
506, 0, 500, -1, -1, 306, 145, 177.5, 13, , 0, 0, 0, 0, , 0, 0, 0, 0, 0, 
507, 1, 501, 475, -1, 272, 76, 182.5, 13, ABprappapp, 0, 0, 0, 0, , 0, 0, 0, 0, 0, 
508, 1, 502, 476, -1, 220, 75, 188.0, 13, ABprappaaa, 0, 0, 0, 0, , 0, 0, 0, 0, 0, 
509, 1, 503, 477, -1, 124, 114, 188.5, 12, ABprpaaaaaa, 0, 0, 0, 0, , 0, 0, 0, 0, 0, 
510, 0, 504, -1, -1, 323, 118, 174.0, 11, , 0, 0, 0, 0, , 0, 0, 0, 0, 0, 
511, 1, 505, 479, -1, 186, 95, 92.5, 11, MSaapappa, 0, 0, 0, 0, , 0, 0, 0, 0, 0, 
512, 1, 506, 480, -1, 191, 117, 97.5, 13, MSaapaapa, 0, 0, 0, 0, , 0, 0, 0, 0, 0, 
513, 0, 507, -1, -1, 203, 104, 144.0, 14, , 0, 0, 0, 0, , 0, 0, 0, 0, 0, 
514, 1, 508, 482, -1, 209, 97, 136.0, 15, MSaappap, 0, 0, 0, 0, , 0, 0, 0, 0, 0, 
515, 0, 509, -1, -1, 208, 144, 132.0, 14, , 0, 0, 0, 0, , 0, 0, 0, 0, 0, 
516, 0, 510, -1, -1, 207, 127, 131.0, 12, , 0, 0, 0, 0, , 0, 0, 0, 0, 0, 
517, 0, 511, -1, -1, 227, 116, 124.0, 13, , 0, 0, 0, 0, , 0, 0, 0, 0, 0, 
518, 1, 512, 486, -1, 241, 119, 115.5, 15, MSaappppp, 0, 0, 0, 0, , 0, 0, 0, 0, 0, 
519, 1, 513, 487, -1, 114, 58, 103.0, 16, MSappaaa, 0, 0, 0, 0, , 0, 0, 0, 0, 0, 
520, 0, 514, -1, -1, 272, 124, 107.0, 16, , 0, 0, 0, 0, , 0, 0, 0, 0, 0, 
521, 0, 515, -1, -1, 164, 149, 122.0, 15, , 0, 0, 0, 0, , 0, 0, 0, 0, 0, 
522, 1, 516, 490, -1, 172, 128, 98.0, 14, MSapppaa, 0, 0, 0, 0, , 0, 0, 0, 0, 0, 
523, 1, 517, 491, -1, 172, 111, 163.0, 14, MSpapaaaa, 0, 0, 0, 0, , 0, 0, 0, 0, 0, 
524, 1, 518, 492, -1, 185, 101, 168.5, 14, MSpapaaap, 0, 0, 0, 0, , 0, 0, 0, 0, 0, 
525, 1, 519, 493, -1, 189, 69, 160.0, 14, MSpapaapp, 0, 0, 0, 0, , 0, 0, 0, 0, 0, 
526, 1, 520, 494, -1, 175, 64, 155.0, 14, MSpapappa, 0, 0, 0, 0, , 0, 0, 0, 0, 0, 
527, 0, 521, -1, -1, 207, 139, 164.0, 15, , 0, 0, 0, 0, , 0, 0, 0, 0, 0, 
528, 1, 522, 496, -1, 252, 126, 122.0, 14, MSpappaa, 0, 0, 0, 0, , 0, 0, 0, 0, 0, 
529, 1, 523, 497, -1, 257, 93, 175.0, 14, MSpappap, 0, 0, 0, 0, , 0, 0, 0, 0, 0, 
530, 1, 524, 498, -1, 195, 116, 182.0, 12, MSpapppaa, 0, 0, 0, 0, , 0, 0, 0, 0, 0, 
531, 0, 525, -1, -1, 209, 101, 166.0, 14, , 0, 0, 0, 0, , 0, 0, 0, 0, 0, 
532, 1, 525, 500, -1, 209, 102, 167.75, 14, MSpapppap, 0, 0, 0, 0, , 0, 0, 0, 0, 0, 
533, 1, 526, 501, -1, 222, 98, 171.0, 13, MSpappppa, 0, 0, 0, 0, , 0, 0, 0, 0, 0, 
534, 1, 527, 502, -1, 241, 86, 169.5, 13, MSpappppp, 0, 0, 0, 0, , 0, 0, 0, 0, 0, 
535, 1, 528, 503, -1, 108, 75, 154.0, 13, MSppaaap, 0, 0, 0, 0, , 0, 0, 0, 0, 0, 
536, 1, 529, 504, -1, 123, 95, 163.5, 12, MSppaaaad, 0, 0, 0, 0, , 0, 0, 0, 0, 0, 
537, 1, 530, 505, -1, 146, 121, 169.0, 12, MSppaaaav, 0, 0, 0, 0, , 0, 0, 0, 0, 0, 
538, 1, 531, 506, -1, 281, 109, 146.0, 15, MSppaapp, 0, 0, 0, 0, , 0, 0, 0, 0, 0, 
539, 1, 532, 507, -1, 173, 61, 174.5, 14, MSppapaa, 0, 0, 0, 0, , 0, 0, 0, 0, 0, 
540, 1, 533, 508, -1, 139, 110, 185.0, 14, MSppapap, 0, 0, 0, 0, , 0, 0, 0, 0, 0, 
541, 1, 534, 509, -1, 107, 61, 151.5, 15, MSppappa, 0, 0, 0, 0, , 0, 0, 0, 0, 0, 
542, 1, 535, 510, -1, 90, 71, 130.0, 17, MSppappp, 0, 0, 0, 0, , 0, 0, 0, 0, 0, 
543, 1, 536, 511, -1, 101, 66, 119.0, 14, MSpppaaa, 0, 0, 0, 0, , 0, 0, 0, 0, 0, 
544, 1, 537, 512, -1, 284, 75, 165.0, 15, MSpppaap, 0, 0, 0, 0, , 0, 0, 0, 0, 0, 
545, 0, 538, -1, -1, 161, 107, 176.5, 15, , 0, 0, 0, 0, , 0, 0, 0, 0, 0, 
546, 1, 539, 514, -1, 126, 47, 147.5, 13, MSppppap, 0, 0, 0, 0, , 0, 0, 0, 0, 0, 
547, 1, 540, 515, -1, 98, 52, 126.0, 15, MSpppppa, 0, 0, 0, 0, , 0, 0, 0, 0, 0, 
548, 1, 541, 516, -1, 101, 124, 110.5, 12, ABalaaaalar, 0, 0, 0, 0, , 0, 0, 0, 0, 0, 
549, 0, 542, -1, -1, 89, 142, 122.0, 13, , 0, 0, 0, 0, , 0, 0, 0, 0, 0, 
550, 0, 543, -1, -1, 88, 143, 123.0, 13, , 0, 0, 0, 0, , 0, 0, 0, 0, 0, 
551, 0, 544, -1, -1, 99, 118, 121.5, 14, , 0, 0, 0, 0, , 0, 0, 0, 0, 0, 
552, 1, 545, 520, -1, 92, 136, 162.5, 13, ABalaaaarra, 0, 0, 0, 0, , 0, 0, 0, 0, 0, 
553, 1, 546, 521, -1, 99, 109, 143.0, 12, ABalaaaarrp, 0, 0, 0, 0, , 0, 0, 0, 0, 0, 
554, 1, 547, 522, -1, 99, 154, 116.0, 12, ABalaaapall, 0, 0, 0, 0, , 0, 0, 0, 0, 0, 
555, 0, 548, -1, -1, 107, 118, 101.5, 14, , 0, 0, 0, 0, , 0, 0, 0, 0, 0, 
556, 0, 549, -1, -1, 108, 119, 101.0, 14, , 0, 0, 0, 0, , 0, 0, 0, 0, 0, 
557, 1, 550, 525, -1, 107, 118, 101.5, 14, ABalaaapalr, 0, 0, 0, 0, , 0, 0, 0, 0, 0, 
558, 1, 551, 526, -1, 81, 132, 114.0, 12, ABalaaaparr, 0, 0, 0, 0, , 0, 0, 0, 0, 0, 
559, 0, 552, -1, -1, 79, 117, 155.0, 12, , 0, 0, 0, 0, , 0, 0, 0, 0, 0, 
560, 0, 553, -1, -1, 79, 119, 158.0, 12, , 0, 0, 0, 0, , 0, 0, 0, 0, 0, 
561, 0, 554, -1, -1, 78, 119, 161.0, 12, , 0, 0, 0, 0, , 0, 0, 0, 0, 0, 
562, 1, 555, 530, -1, 85, 119, 149.0, 12, ABalaaappll, 0, 0, 0, 0, , 0, 0, 0, 0, 0, 
563, 1, 556, 531, -1, 78, 117, 156.0, 12, ABalaaapplr, 0, 0, 0, 0, , 0, 0, 0, 0, 0, 
564, 1, 557, 532, -1, 97, 85, 157.0, 13, ABalaaapprl, 0, 0, 0, 0, , 0, 0, 0, 0, 0, 
565, 1, 558, 533, -1, 92, 124, 173.0, 12, ABalaaapprr, 0, 0, 0, 0, , 0, 0, 0, 0, 0, 
566, 1, 559, 534, -1, 104, 98, 154.0, 12, ABalaapaaar, 0, 0, 0, 0, , 0, 0, 0, 0, 0, 
567, 1, 560, 535, -1, 102, 114, 179.0, 11, ABalaapaapa, 0, 0, 0, 0, , 0, 0, 0, 0, 0, 
568, 0, 561, -1, -1, 90, 124, 168.5, 13, , 0, 0, 0, 0, , 0, 0, 0, 0, 0, 
569, 0, 562, -1, -1, 121, 146, 189.0, 13, , 0, 0, 0, 0, , 0, 0, 0, 0, 0, 
570, 0, 563, -1, -1, 116, 117, 197.0, 12, , 0, 0, 0, 0, , 0, 0, 0, 0, 0, 
571, 0, 564, -1, -1, 93, 131, 180.0, 15, , 0, 0, 0, 0, , 0, 0, 0, 0, 0, 
572, 1, 565, 540, -1, 126, 105, 193.0, 13, ABalaapppaa, 0, 0, 0, 0, , 0, 0, 0, 0, 0, 
573, 1, 566, 541, -1, 105, 106, 171.5, 12, ABalaappppa, 0, 0, 0, 0, , 0, 0, 0, 0, 0, 
574, 1, 567, 542, -1, 92, 105, 165.0, 13, ABalaappppp, 0, 0, 0, 0, , 0, 0, 0, 0, 0, 
575, 0, 568, -1, -1, 107, 121, 98.0, 13, , 0, 0, 0, 0, , 0, 0, 0, 0, 0, 
576, 1, 569, 543, -1, 104, 119, 91.0, 13, ABalapaaaa, 0, 0, 0, 0, , 0, 0, 0, 0, 0, 
577, 0, 570, -1, -1, 86, 126, 90.0, 14, , 0, 0, 0, 0, , 0, 0, 0, 0, 0, 
578, 1, 571, 545, -1, 89, 138, 89.0, 10, ABalapaaapp, 0, 0, 0, 0, , 0, 0, 0, 0, 0, 
579, 0, 572, -1, -1, 135, 145, 94.0, 13, , 0, 0, 0, 0, , 0, 0, 0, 0, 0, 
580, 1, 573, 547, -1, 106, 140, 107.0, 13, ABalapaappp, 0, 0, 0, 0, , 0, 0, 0, 0, 0, 
581, 1, 574, 548, -1, 95, 76, 101.0, 15, ABalapapapa, 0, 0, 0, 0, , 0, 0, 0, 0, 0, 
582, 1, 575, 549, -1, 78, 98, 100.0, 15, ABalapapapp, 0, 0, 0, 0, , 0, 0, 0, 0, 0, 
583, 1, 576, 550, -1, 96, 112, 108.0, 14, ABalapappaa, 0, 0, 0, 0, , 0, 0, 0, 0, 0, 
584, 1, 577, 551, -1, 71, 122, 136.0, 13, ABarpaaaaar, 0, 0, 0, 0, , 0, 0, 0, 0, 0, 
585, 1, 578, 552, -1, 75, 119, 109.0, 12, ABalapappap, 0, 0, 0, 0, , 0, 0, 0, 0, 0, 
586, 0, 579, -1, -1, 98, 111, 82.0, 12, , 0, 0, 0, 0, , 0, 0, 0, 0, 0, 
587, 1, 580, 554, -1, 104, 119, 79.5, 13, ABalapapppa, 0, 0, 0, 0, , 0, 0, 0, 0, 0, 
588, 0, 581, -1, -1, 86, 125, 87.0, 12, , 0, 0, 0, 0, , 0, 0, 0, 0, 0, 
589, 0, 582, -1, -1, 67, 107, 118.0, 13, , 0, 0, 0, 0, , 0, 0, 0, 0, 0, 
590, 0, 583, -1, -1, 95, 85, 146.0, 12, , 0, 0, 0, 0, , 0, 0, 0, 0, 0, 
591, 1, 584, 557, -1, 81, 94, 160.5, 12, ABalappappa, 0, 0, 0, 0, , 0, 0, 0, 0, 0, 
592, 0, 585, -1, -1, 78, 89, 169.0, 12, , 0, 0, 0, 0, , 0, 0, 0, 0, 0, 
593, 1, 586, 559, -1, 95, 94, 116.5, 14, ABalapppaaa, 0, 0, 0, 0, , 0, 0, 0, 0, 0, 
594, 1, 587, 560, -1, 87, 107, 126.5, 13, ABalapppaap, 0, 0, 0, 0, , 0, 0, 0, 0, 0, 
595, 0, 588, -1, -1, 81, 79, 114.0, 11, , 0, 0, 0, 0, , 0, 0, 0, 0, 0, 
596, 0, 588, -1, -1, 89, 84, 115.0, 11, , 0, 0, 0, 0, , 0, 0, 0, 0, 0, 
597, 1, 588, 563, -1, 85, 81, 115.0, 15, ABalapppapa, 0, 0, 0, 0, , 0, 0, 0, 0, 0, 
598, 0, 589, -1, -1, 84, 92, 127.0, 14, , 0, 0, 0, 0, , 0, 0, 0, 0, 0, 
599, 1, 590, 565, -1, 88, 99, 137.0, 12, ABalappppaa, 0, 0, 0, 0, , 0, 0, 0, 0, 0, 
600, 0, 591, -1, -1, 83, 92, 133.0, 13, , 0, 0, 0, 0, , 0, 0, 0, 0, 0, 
601, 1, 592, 567, -1, 85, 75, 159.0, 12, ABalapppppp, 0, 0, 0, 0, , 0, 0, 0, 0, 0, 
602, 1, 593, 568, -1, 138, 119, 120.0, 12, ABalpaaaaaa, 0, 0, 0, 0, , 0, 0, 0, 0, 0, 
603, 1, 594, 569, -1, 155, 130, 129.0, 12, ABalpaaaaap, 0, 0, 0, 0, , 0, 0, 0, 0, 0, 
604, 0, 595, -1, -1, 144, 116, 137.0, 13, , 0, 0, 0, 0, , 0, 0, 0, 0, 0, 
605, 1, 596, 571, -1, 131, 111, 99.0, 15, ABalpaaapaa, 0, 0, 0, 0, , 0, 0, 0, 0, 0, 
606, 1, 597, 572, -1, 164, 111, 104.5, 13, ABalpaaappp, 0, 0, 0, 0, , 0, 0, 0, 0, 0, 
607, 1, 598, 573, -1, 123, 110, 115.0, 15, ABalpaapaaa, 0, 0, 0, 0, , 0, 0, 0, 0, 0, 
608, 1, 599, 574, -1, 126, 105, 106.0, 14, ABalpaapaap, 0, 0, 0, 0, , 0, 0, 0, 0, 0, 
609, 1, 600, 575, -1, 136, 91, 89.5, 14, ABalpaapapa, 0, 0, 0, 0, , 0, 0, 0, 0, 0, 
610, 1, 601, 576, -1, 143, 107, 86.0, 15, ABalpaapapp, 0, 0, 0, 0, , 0, 0, 0, 0, 0, 
611, 1, 602, 577, -1, 111, 131, 134.0, 12, ABalpaappaa, 0, 0, 0, 0, , 0, 0, 0, 0, 0, 
612, 1, 603, 578, -1, 118, 135, 142.0, 13, ABalpaappap, 0, 0, 0, 0, , 0, 0, 0, 0, 0, 
613, 0, 604, -1, -1, 99, 124, 130.0, 13, , 0, 0, 0, 0, , 0, 0, 0, 0, 0, 
614, 0, 605, -1, -1, 96, 139, 133.0, 10, , 0, 0, 0, 0, , 0, 0, 0, 0, 0, 
615, 0, 606, -1, -1, 96, 139, 131.0, 12, , 0, 0, 0, 0, , 0, 0, 0, 0, 0, 
616, 1, 607, 601, -1, 123, 141, 132.5, 14, ABalpapaaaa, 0, 0, 0, 0, , 0, 0, 0, 0, 0, 
617, 0, 608, -1, -1, 105, 165, 170.0, 15, , 0, 0, 0, 0, , 0, 0, 0, 0, 0, 
618, 0, 609, -1, -1, 116, 129, 156.0, 13, , 0, 0, 0, 0, , 0, 0, 0, 0, 0, 
619, 0, 610, -1, -1, 158, 157, 154.5, 13, , 0, 0, 0, 0, , 0, 0, 0, 0, 0, 
620, 1, 611, 586, -1, 167, 176, 164.0, 14, ABalpapapap, 0, 0, 0, 0, , 0, 0, 0, 0, 0, 
621, 1, 612, 587, -1, 212, 159, 154.0, 12, ABalpapappa, 0, 0, 0, 0, , 0, 0, 0, 0, 0, 
622, 0, 613, -1, -1, 206, 142, 143.0, 13, , 0, 0, 0, 0, , 0, 0, 0, 0, 0, 
623, 0, 614, -1, -1, 146, 122, 127.5, 14, , 0, 0, 0, 0, , 0, 0, 0, 0, 0, 
624, 1, 615, 590, -1, 147, 125, 143.5, 14, ABalpappapa, 0, 0, 0, 0, , 0, 0, 0, 0, 0, 
625, 0, 616, -1, -1, 193, 113, 152.0, 12, , 0, 0, 0, 0, , 0, 0, 0, 0, 0, 
626, 1, 617, 592, -1, 149, 119, 96.0, 13, ABalpapppaa, 0, 0, 0, 0, , 0, 0, 0, 0, 0, 
627, 1, 618, 593, -1, 166, 124, 151.0, 15, ABalpappppa, 0, 0, 0, 0, , 0, 0, 0, 0, 0, 
628, 1, 619, 594, -1, 164, 127, 123.0, 13, ABalpappppp, 0, 0, 0, 0, , 0, 0, 0, 0, 0, 
629, 0, 620, -1, -1, 108, 160, 125.0, 12, , 0, 0, 0, 0, , 0, 0, 0, 0, 0, 
630, 0, 621, -1, -1, 115, 159, 117.0, 12, , 0, 0, 0, 0, , 0, 0, 0, 0, 0, 
631, 0, 622, -1, -1, 106, 159, 126.0, 14, , 0, 0, 0, 0, , 0, 0, 0, 0, 0, 
632, 0, 623, -1, -1, 103, 158, 156.5, 11, , 0, 0, 0, 0, , 0, 0, 0, 0, 0, 
633, 0, 624, -1, -1, 120, 153, 154.0, 11, , 0, 0, 0, 0, , 0, 0, 0, 0, 0, 
634, 0, 625, -1, -1, 115, 142, 123.0, 13, , 0, 0, 0, 0, , 0, 0, 0, 0, 0, 
635, 1, 626, 602, -1, 111, 154, 140.0, 12, ABalppapaap, 0, 0, 0, 0, , 0, 0, 0, 0, 0, 
636, 0, 627, -1, -1, 108, 163, 160.5, 12, , 0, 0, 0, 0, , 0, 0, 0, 0, 0, 
637, 1, 628, 604, -1, 150, 167, 151.0, 12, ABalppapapa, 0, 0, 0, 0, , 0, 0, 0, 0, 0, 
638, 0, 629, -1, -1, 106, 175, 149.0, 13, , 0, 0, 0, 0, , 0, 0, 0, 0, 0, 
639, 0, 630, -1, -1, 133, 144, 94.5, 13, , 0, 0, 0, 0, , 0, 0, 0, 0, 0, 
640, 0, 631, -1, -1, 136, 154, 104.0, 13, , 0, 0, 0, 0, , 0, 0, 0, 0, 0, 
641, 1, 632, 608, -1, 133, 143, 93.0, 12, ABalppappaa, 0, 0, 0, 0, , 0, 0, 0, 0, 0, 
642, 1, 633, 609, -1, 128, 149, 123.0, 13, ABalppappap, 0, 0, 0, 0, , 0, 0, 0, 0, 0, 
643, 1, 634, 610, -1, 139, 162, 139.0, 13, ABalppapppa, 0, 0, 0, 0, , 0, 0, 0, 0, 0, 
644, 1, 635, 611, -1, 132, 151, 135.0, 13, ABalppapppp, 0, 0, 0, 0, , 0, 0, 0, 0, 0, 
645, 1, 636, 612, -1, 125, 168, 92.0, 13, ABalpppaaaa, 0, 0, 0, 0, , 0, 0, 0, 0, 0, 
646, 1, 637, 613, -1, 92, 147, 108.5, 13, ABalpppaapd, 0, 0, 0, 0, , 0, 0, 0, 0, 0, 
647, 1, 638, 614, -1, 103, 162, 103.5, 13, ABalpppaapv, 0, 0, 0, 0, , 0, 0, 0, 0, 0, 
648, 1, 639, 615, -1, 122, 169, 107.5, 12, ABalpppapad, 0, 0, 0, 0, , 0, 0, 0, 0, 0, 
649, 1, 640, 616, -1, 150, 164, 97.5, 12, ABalpppapav, 0, 0, 0, 0, , 0, 0, 0, 0, 0, 
650, 0, 641, -1, -1, 116, 143, 77.0, 12, , 0, 0, 0, 0, , 0, 0, 0, 0, 0, 
651, 1, 642, 618, -1, 116, 145, 77.0, 12, ABalpppapppa, 0, 0, 0, 0, , 0, 0, 0, 0, 0, 
652, 1, 643, 619, -1, 132, 122, 67.0, 12, ABalpppapppp, 0, 0, 0, 0, , 0, 0, 0, 0, 0, 
653, 1, 644, 620, -1, 142, 123, 78.0, 15, ABalppppaad, 0, 0, 0, 0, , 0, 0, 0, 0, 0, 
654, 0, 645, -1, -1, 100, 139, 91.0, 13, , 0, 0, 0, 0, , 0, 0, 0, 0, 0, 
655, 1, 646, 622, -1, 151, 147, 87.0, 13, ABalpppppaa, 0, 0, 0, 0, , 0, 0, 0, 0, 0, 
656, 1, 647, 623, -1, 158, 138, 80.5, 13, ABalpppppap, 0, 0, 0, 0, , 0, 0, 0, 0, 0, 
657, 1, 648, 624, -1, 162, 139, 66.0, 15, ABalppppppaa, 0, 0, 0, 0, , 0, 0, 0, 0, 0, 
658, 1, 649, 625, -1, 142, 157, 68.0, 13, ABalpppppppa, 0, 0, 0, 0, , 0, 0, 0, 0, 0, 
659, 1, 650, 626, -1, 146, 168, 80.0, 13, ABalpppppppp, 0, 0, 0, 0, , 0, 0, 0, 0, 0, 
660, 1, 651, 627, -1, 128, 124, 125.0, 13, ABaraaaaaaa, 0, 0, 0, 0, , 0, 0, 0, 0, 0, 
661, 1, 652, 628, -1, 139, 116, 107.5, 12, ABaraaaaaap, 0, 0, 0, 0, , 0, 0, 0, 0, 0, 
662, 0, 653, -1, -1, 125, 112, 147.5, 13, , 0, 0, 0, 0, , 0, 0, 0, 0, 0, 
663, 1, 654, 630, -1, 126, 115, 147.0, 13, ABaraaaaapa, 0, 0, 0, 0, , 0, 0, 0, 0, 0, 
664, 1, 655, 631, -1, 134, 95, 154.0, 13, ABaraaaaapp, 0, 0, 0, 0, , 0, 0, 0, 0, 0, 
665, 0, 656, -1, -1, 113, 96, 124.0, 14, , 0, 0, 0, 0, , 0, 0, 0, 0, 0, 
666, 1, 657, 633, -1, 118, 104, 140.0, 13, ABaraaapaaa, 0, 0, 0, 0, , 0, 0, 0, 0, 0, 
667, 1, 658, 634, -1, 121, 88, 144.0, 15, ABaraaapaap, 0, 0, 0, 0, , 0, 0, 0, 0, 0, 
668, 1, 659, 635, -1, 137, 71, 145.0, 15, ABaraaapapa, 0, 0, 0, 0, , 0, 0, 0, 0, 0, 
669, 1, 660, 636, -1, 148, 68, 161.0, 13, ABaraaapapp, 0, 0, 0, 0, , 0, 0, 0, 0, 0, 
670, 1, 661, 637, -1, 114, 116, 136.0, 13, ABaraaappaa, 0, 0, 0, 0, , 0, 0, 0, 0, 0, 
671, 1, 662, 638, -1, 116, 127, 147.0, 12, ABaraaappap, 0, 0, 0, 0, , 0, 0, 0, 0, 0, 
672, 0, 663, -1, -1, 104, 119, 142.5, 12, , 0, 0, 0, 0, , 0, 0, 0, 0, 0, 
673, 1, 664, 640, -1, 101, 122, 145.0, 12, ABaraaapppa, 0, 0, 0, 0, , 0, 0, 0, 0, 0, 
674, 0, 665, -1, -1, 99, 156, 163.0, 12, , 0, 0, 0, 0, , 0, 0, 0, 0, 0, 
675, 0, 666, -1, -1, 103, 142, 163.0, 12, , 0, 0, 0, 0, , 0, 0, 0, 0, 0, 
676, 0, 667, -1, -1, 103, 144, 162.0, 10, , 0, 0, 0, 0, , 0, 0, 0, 0, 0, 
677, 0, 668, -1, -1, 113, 97, 121.0, 12, , 0, 0, 0, 0, , 0, 0, 0, 0, 0, 
678, 1, 669, 645, -1, 113, 97, 122.0, 12, ABaraapaaaa, 0, 0, 0, 0, , 0, 0, 0, 0, 0, 
679, 1, 670, 646, -1, 112, 98, 129.5, 14, ABaraaaapap, 0, 0, 0, 0, , 0, 0, 0, 0, 0, 
680, 0, 671, -1, -1, 119, 87, 109.5, 14, , 0, 0, 0, 0, , 0, 0, 0, 0, 0, 
681, 1, 672, 648, -1, 119, 89, 99.0, 12, ABaraapaapa, 0, 0, 0, 0, , 0, 0, 0, 0, 0, 
682, 1, 673, 649, -1, 158, 81, 87.0, 14, ABaraapaapp, 0, 0, 0, 0, , 0, 0, 0, 0, 0, 
683, 1, 674, 650, -1, 169, 102, 96.5, 14, ABaraapapaa, 0, 0, 0, 0, , 0, 0, 0, 0, 0, 
684, 1, 675, 651, -1, 171, 93, 80.0, 13, ABaraapapap, 0, 0, 0, 0, , 0, 0, 0, 0, 0, 
685, 1, 676, 652, -1, 177, 115, 93.5, 13, ABaraapappa, 0, 0, 0, 0, , 0, 0, 0, 0, 0, 
686, 1, 677, 653, -1, 178, 116, 113.0, 14, ABaraapappp, 0, 0, 0, 0, , 0, 0, 0, 0, 0, 
687, 1, 678, 654, -1, 112, 85, 120.5, 14, ABaraappaaa, 0, 0, 0, 0, , 0, 0, 0, 0, 0, 
688, 1, 679, 655, -1, 121, 87, 131.0, 13, ABaraappaap, 0, 0, 0, 0, , 0, 0, 0, 0, 0, 
689, 1, 680, 656, -1, 115, 76, 137.0, 14, ABaraappapa, 0, 0, 0, 0, , 0, 0, 0, 0, 0, 
690, 1, 681, 657, -1, 154, 55, 130.0, 15, MSpaapaaa, 0, 0, 0, 0, , 0, 0, 0, 0, 0, 
691, 1, 682, 658, -1, 162, 75, 157.5, 15, ABaraapppaa, 0, 0, 0, 0, , 0, 0, 0, 0, 0, 
692, 1, 683, 659, -1, 161, 57, 153.0, 14, ABaraapppap, 0, 0, 0, 0, , 0, 0, 0, 0, 0, 
693, 1, 684, 660, -1, 169, 80, 171.0, 13, ABaraappppa, 0, 0, 0, 0, , 0, 0, 0, 0, 0, 
694, 1, 685, 661, -1, 175, 96, 162.0, 12, ABaraappppp, 0, 0, 0, 0, , 0, 0, 0, 0, 0, 
695, 1, 686, 662, -1, 133, 108, 153.0, 13, ABarapaaaaa, 0, 0, 0, 0, , 0, 0, 0, 0, 0, 
696, 1, 687, 663, -1, 152, 119, 159.5, 12, ABarapaaaap, 0, 0, 0, 0, , 0, 0, 0, 0, 0, 
697, 1, 688, 664, -1, 144, 117, 155.0, 11, ABarapaaapa, 0, 0, 0, 0, , 0, 0, 0, 0, 0, 
698, 1, 689, 665, -1, 134, 87, 153.0, 11, ABarapaapaa, 0, 0, 0, 0, , 0, 0, 0, 0, 0, 
699, 1, 690, 666, -1, 135, 62, 158.0, 13, ABarapaapap, 0, 0, 0, 0, , 0, 0, 0, 0, 0, 
700, 1, 691, 667, -1, 136, 73, 167.0, 12, ABarapaappa, 0, 0, 0, 0, , 0, 0, 0, 0, 0, 
701, 1, 692, 668, -1, 159, 91, 156.0, 13, ABarapaappp, 0, 0, 0, 0, , 0, 0, 0, 0, 0, 
702, 1, 693, 669, -1, 143, 102, 170.0, 15, ABarapapaap, 0, 0, 0, 0, , 0, 0, 0, 0, 0, 
703, 1, 694, 670, -1, 133, 130, 143.5, 12, ABarapapapa, 0, 0, 0, 0, , 0, 0, 0, 0, 0, 
704, 0, 695, -1, -1, 194, 113, 151.0, 14, , 0, 0, 0, 0, , 0, 0, 0, 0, 0, 
705, 0, 696, -1, -1, 194, 112, 149.5, 14, , 0, 0, 0, 0, , 0, 0, 0, 0, 0, 
706, 1, 697, 673, -1, 196, 111, 138.0, 14, ABalpappapp, 0, 0, 0, 0, , 0, 0, 0, 0, 0, 
707, 1, 698, 674, -1, 194, 114, 152.5, 12, ABarapapapp, 0, 0, 0, 0, , 0, 0, 0, 0, 0, 
708, 1, 699, 675, -1, 142, 87, 165.0, 12, ABarapappaa, 0, 0, 0, 0, , 0, 0, 0, 0, 0, 
709, 1, 700, 676, -1, 182, 121, 144.0, 15, ABarapapppa, 0, 0, 0, 0, , 0, 0, 0, 0, 0, 
710, 1, 701, 677, -1, 159, 107, 167.0, 15, ABarapapppp, 0, 0, 0, 0, , 0, 0, 0, 0, 0, 
711, 1, 702, 678, -1, 120, 140, 148.0, 13, ABalpapaapa, 0, 0, 0, 0, , 0, 0, 0, 0, 0, 
712, 1, 703, 679, -1, 115, 129, 155.0, 13, ABarappaaaa, 0, 0, 0, 0, , 0, 0, 0, 0, 0, 
713, 0, 704, -1, -1, 154, 149, 161.0, 13, , 0, 0, 0, 0, , 0, 0, 0, 0, 0, 
714, 1, 705, 681, -1, 165, 160, 184.5, 13, ABarappapap, 0, 0, 0, 0, , 0, 0, 0, 0, 0, 
715, 1, 706, 682, -1, 201, 85, 147.0, 15, MSpapappp, 0, 0, 0, 0, , 0, 0, 0, 0, 0, 
716, 0, 707, -1, -1, 206, 139, 163.0, 13, , 0, 0, 0, 0, , 0, 0, 0, 0, 0, 
717, 0, 708, -1, -1, 191, 142, 192.0, 13, , 0, 0, 0, 0, , 0, 0, 0, 0, 0, 
718, 1, 709, 685, -1, 113, 118, 164.0, 10, ABarapppaaa, 0, 0, 0, 0, , 0, 0, 0, 0, 0, 
719, 1, 710, 686, -1, 107, 144, 160.0, 11, ABarapppaap, 0, 0, 0, 0, , 0, 0, 0, 0, 0, 
720, 0, 711, -1, -1, 121, 153, 150.0, 11, , 0, 0, 0, 0, , 0, 0, 0, 0, 0, 
721, 1, 712, 688, -1, 147, 156, 170.0, 12, ABarapppapa, 0, 0, 0, 0, , 0, 0, 0, 0, 0, 
722, 1, 713, 689, -1, 120, 158, 176.0, 14, ABarapppapp, 0, 0, 0, 0, , 0, 0, 0, 0, 0, 
723, 1, 714, 690, -1, 118, 99, 188.0, 13, ABarappppaa, 0, 0, 0, 0, , 0, 0, 0, 0, 0, 
724, 1, 715, 691, -1, 123, 121, 172.0, 12, ABarappppap, 0, 0, 0, 0, , 0, 0, 0, 0, 0, 
725, 1, 716, 692, -1, 135, 141, 169.0, 15, ABarapppppa, 0, 0, 0, 0, , 0, 0, 0, 0, 0, 
726, 1, 717, 693, -1, 120, 142, 167.0, 11, ABarapppppp, 0, 0, 0, 0, , 0, 0, 0, 0, 0, 
727, 1, 718, 694, -1, 71, 127, 131.0, 12, ABarpaaaaal, 0, 0, 0, 0, , 0, 0, 0, 0, 0, 
728, 1, 719, 695, -1, 74, 118, 122.0, 14, ABarpaaaapa, 0, 0, 0, 0, , 0, 0, 0, 0, 0, 
729, 1, 720, 696, -1, 70, 121, 99.0, 12, ABarpaaaapp, 0, 0, 0, 0, , 0, 0, 0, 0, 0, 
730, 1, 721, 697, -1, 71, 109, 135.0, 12, ABarpaaapaa, 0, 0, 0, 0, , 0, 0, 0, 0, 0, 
731, 1, 722, 698, -1, 65, 99, 152.0, 13, ABarpaaapap, 0, 0, 0, 0, , 0, 0, 0, 0, 0, 
732, 1, 723, 699, -1, 55, 97, 134.0, 15, ABarpaapaa, 0, 0, 0, 0, , 0, 0, 0, 0, 0, 
733, 1, 724, 700, -1, 84, 66, 103.0, 15, ABarpaapap, 0, 0, 0, 0, , 0, 0, 0, 0, 0, 
734, 1, 725, 701, -1, 103, 60, 91.0, 14, ABarpaappa, 0, 0, 0, 0, , 0, 0, 0, 0, 0, 
735, 1, 726, 702, -1, 130, 38, 154.0, 13, ABarpaappp, 0, 0, 0, 0, , 0, 0, 0, 0, 0, 
736, 1, 727, 703, -1, 82, 92, 134.0, 13, ABalappppap, 0, 0, 0, 0, , 0, 0, 0, 0, 0, 
737, 1, 728, 704, -1, 84, 92, 131.0, 13, ABarpapaaaa, 0, 0, 0, 0, , 0, 0, 0, 0, 0, 
738, 1, 729, 705, -1, 76, 85, 128.0, 14, ABalapppapp, 0, 0, 0, 0, , 0, 0, 0, 0, 0, 
739, 1, 730, 706, -1, 68, 80, 147.0, 12, ABarpapaaap, 0, 0, 0, 0, , 0, 0, 0, 0, 0, 
740, 1, 731, 707, -1, 78, 86, 141.0, 13, ABarpapaappa, 0, 0, 0, 0, , 0, 0, 0, 0, 0, 
741, 1, 732, 708, -1, 96, 74, 146.0, 13, ABarpapaappp, 0, 0, 0, 0, , 0, 0, 0, 0, 0, 
742, 1, 733, 709, -1, 58, 121, 134.0, 15, ABarpapapa, 0, 0, 0, 0, , 0, 0, 0, 0, 0, 
743, 1, 734, 710, -1, 68, 76, 113.0, 15, ABarpapapp, 0, 0, 0, 0, , 0, 0, 0, 0, 0, 
744, 1, 735, 711, -1, 74, 118, 173.0, 14, ABarpappaa, 0, 0, 0, 0, , 0, 0, 0, 0, 0, 
745, 1, 736, 712, -1, 97, 122, 202.0, 14, ABarpappap, 0, 0, 0, 0, , 0, 0, 0, 0, 0, 
746, 1, 737, 713, -1, 124, 94, 64.5, 15, ABarppaaaa, 0, 0, 0, 0, , 0, 0, 0, 0, 0, 
747, 1, 738, 714, -1, 157, 30, 149.0, 14, ABarppaapa, 0, 0, 0, 0, , 0, 0, 0, 0, 0, 
748, 1, 739, 715, -1, 192, 97, 69.0, 16, ABarppaapp, 0, 0, 0, 0, , 0, 0, 0, 0, 0, 
749, 1, 740, 716, -1, 116, 48, 158.0, 12, ABarpppaaa, 0, 0, 0, 0, , 0, 0, 0, 0, 0, 
750, 1, 741, 717, -1, 156, 88, 63.0, 15, ABarpppapa, 0, 0, 0, 0, , 0, 0, 0, 0, 0, 
751, 1, 742, 718, -1, 184, 45, 167.5, 15, ABarpppapp, 0, 0, 0, 0, , 0, 0, 0, 0, 0, 
752, 1, 743, 719, -1, 83, 105, 106.5, 14, ABplaaaaaaa, 0, 0, 0, 0, , 0, 0, 0, 0, 0, 
753, 1, 744, 720, -1, 85, 106, 85.0, 14, ABplaaaaaap, 0, 0, 0, 0, , 0, 0, 0, 0, 0, 
754, 1, 745, 721, -1, 82, 111, 96.0, 12, ABplaaaaappa, 0, 0, 0, 0, , 0, 0, 0, 0, 0, 
755, 1, 746, 722, -1, 108, 100, 90.0, 12, ABplaaaaappp, 0, 0, 0, 0, , 0, 0, 0, 0, 0, 
756, 1, 747, 723, -1, 57, 115, 109.0, 15, ABplaaaapa, 0, 0, 0, 0, , 0, 0, 0, 0, 0, 
757, 1, 748, 724, -1, 60, 92, 116.0, 12, ABplaaaapp, 0, 0, 0, 0, , 0, 0, 0, 0, 0, 
758, 1, 749, 725, -1, 79, 151, 106.0, 13, ABplaaapaa, 0, 0, 0, 0, , 0, 0, 0, 0, 0, 
759, 1, 750, 726, -1, 111, 174, 102.0, 13, ABplaaapap, 0, 0, 0, 0, , 0, 0, 0, 0, 0, 
760, 0, 751, -1, -1, 85, 122, 135.0, 13, , 0, 0, 0, 0, , 0, 0, 0, 0, 0, 
761, 1, 752, 728, -1, 72, 136, 117.0, 13, ABplaapaaap, 0, 0, 0, 0, , 0, 0, 0, 0, 0, 
762, 0, 753, -1, -1, 90, 139, 106.5, 11, , 0, 0, 0, 0, , 0, 0, 0, 0, 0, 
763, 0, 754, -1, -1, 110, 128, 91.0, 11, , 0, 0, 0, 0, , 0, 0, 0, 0, 0, 
764, 0, 755, -1, -1, 99, 140, 92.0, 12, , 0, 0, 0, 0, , 0, 0, 0, 0, 0, 
765, 0, 756, -1, -1, 103, 145, 81.0, 15, , 0, 0, 0, 0, , 0, 0, 0, 0, 0, 
766, 0, 757, -1, -1, 150, 166, 84.0, 13, , 0, 0, 0, 0, , 0, 0, 0, 0, 0, 
767, 1, 757, 733, -1, 174, 135, 84.0, 15, ABplaapapaa, 0, 0, 0, 0, , 0, 0, 0, 0, 0, 
768, 1, 759, 734, -1, 164, 123, 53.0, 14, ABarppaaap, 0, 0, 0, 0, , 0, 0, 0, 0, 0, 
769, 1, 758, 735, -1, 167, 130, 69.5, 13, ABplaapapap, 0, 0, 0, 0, , 0, 0, 0, 0, 0, 
770, 1, 760, 736, -1, 162, 114, 74.0, 13, ABplaapappa, 0, 0, 0, 0, , 0, 0, 0, 0, 0, 
771, 1, 761, 737, -1, 136, 139, 65.0, 12, ABplaapapppa, 0, 0, 0, 0, , 0, 0, 0, 0, 0, 
772, 1, 762, 738, -1, 155, 122, 63.0, 12, ABplaapapppp, 0, 0, 0, 0, , 0, 0, 0, 0, 0, 
773, 1, 763, 739, -1, 124, 174, 140.0, 13, ABalppapapp, 0, 0, 0, 0, , 0, 0, 0, 0, 0, 
774, 1, 764, 740, -1, 107, 175, 149.0, 13, ABplaappaa, 0, 0, 0, 0, , 0, 0, 0, 0, 0, 
775, 1, 765, 741, -1, 142, 176, 159.0, 15, ABplaappap, 0, 0, 0, 0, , 0, 0, 0, 0, 0, 
776, 1, 766, 742, -1, 172, 184, 136.0, 13, ABplaapppa, 0, 0, 0, 0, , 0, 0, 0, 0, 0, 
777, 1, 767, 743, -1, 196, 158, 86.0, 17, ABplaapppp, 0, 0, 0, 0, , 0, 0, 0, 0, 0, 
778, 1, 768, 744, -1, 145, 105, 64.5, 14, ABplapaaaap, 0, 0, 0, 0, , 0, 0, 0, 0, 0, 
779, 1, 769, 745, -1, 182, 130, 70.0, 15, ABplapaaapa, 0, 0, 0, 0, , 0, 0, 0, 0, 0, 
780, 1, 770, 746, -1, 196, 124, 74.0, 15, ABplapaaapp, 0, 0, 0, 0, , 0, 0, 0, 0, 0, 
781, 1, 771, 747, -1, 196, 173, 137.0, 13, ABplapaapa, 0, 0, 0, 0, , 0, 0, 0, 0, 0, 
782, 1, 772, 748, -1, 210, 145, 88.0, 17, ABplapaapp, 0, 0, 0, 0, , 0, 0, 0, 0, 0, 
783, 1, 773, 749, -1, 273, 154, 98.0, 16, ABplapapap, 0, 0, 0, 0, , 0, 0, 0, 0, 0, 
784, 1, 774, 750, -1, 278, 168, 104.5, 17, ABplapappa, 0, 0, 0, 0, , 0, 0, 0, 0, 0, 
785, 1, 775, 751, -1, 314, 157, 131.0, 14, ABplapapppp, 0, 0, 0, 0, , 0, 0, 0, 0, 0, 
786, 1, 776, 752, -1, 225, 126, 85.0, 14, ABplappaaa, 0, 0, 0, 0, , 0, 0, 0, 0, 0, 
787, 1, 777, 753, -1, 246, 126, 90.0, 15, ABplappaap, 0, 0, 0, 0, , 0, 0, 0, 0, 0, 
788, 1, 778, 754, -1, 264, 136, 95.0, 16, ABplappapp, 0, 0, 0, 0, , 0, 0, 0, 0, 0, 
789, 1, 779, 755, -1, 292, 169, 114.0, 14, ABplapppaaa, 0, 0, 0, 0, , 0, 0, 0, 0, 0, 
790, 1, 780, 756, -1, 290, 160, 141.0, 15, ABplapppapp, 0, 0, 0, 0, , 0, 0, 0, 0, 0, 
791, 1, 781, 757, -1, 255, 160, 163.0, 15, ABplappppa, 0, 0, 0, 0, , 0, 0, 0, 0, 0, 
792, 1, 782, 758, -1, 135, 151, 109.0, 13, ABplpaaaaaa, 0, 0, 0, 0, , 0, 0, 0, 0, 0, 
793, 1, 783, 759, -1, 163, 164, 94.0, 14, ABplpaaaaap, 0, 0, 0, 0, , 0, 0, 0, 0, 0, 
794, 1, 784, 760, -1, 182, 162, 162.0, 12, ABplpaaaapa, 0, 0, 0, 0, , 0, 0, 0, 0, 0, 
795, 1, 785, 761, -1, 218, 141, 144.0, 12, ABplpaaaapp, 0, 0, 0, 0, , 0, 0, 0, 0, 0, 
796, 1, 786, 762, -1, 124, 166, 130.0, 12, ABplpaaapaa, 0, 0, 0, 0, , 0, 0, 0, 0, 0, 
797, 1, 787, 763, -1, 122, 178, 124.0, 12, ABplpaaapap, 0, 0, 0, 0, , 0, 0, 0, 0, 0, 
798, 1, 788, 764, -1, 134, 161, 118.0, 15, ABplpaaappa, 0, 0, 0, 0, , 0, 0, 0, 0, 0, 
799, 0, 789, -1, -1, 159, 179, 139.0, 13, , 0, 0, 0, 0, , 0, 0, 0, 0, 0, 
800, 0, 790, -1, -1, 153, 178, 135.0, 15, , 0, 0, 0, 0, , 0, 0, 0, 0, 0, 
801, 1, 791, 767, -1, 149, 165, 115.0, 13, ABplpaaappp, 0, 0, 0, 0, , 0, 0, 0, 0, 0, 
802, 0, 792, -1, -1, 161, 160, 76.0, 12, , 0, 0, 0, 0, , 0, 0, 0, 0, 0, 
803, 1, 793, 769, -1, 88, 152, 94.0, 13, ABplpaapapa, 0, 0, 0, 0, , 0, 0, 0, 0, 0, 
804, 1, 794, 770, -1, 138, 181, 133.0, 13, ABplpaapapp, 0, 0, 0, 0, , 0, 0, 0, 0, 0, 
805, 1, 795, 771, -1, 166, 150, 83.0, 13, ABplpaappaa, 0, 0, 0, 0, , 0, 0, 0, 0, 0, 
806, 0, 796, -1, -1, 171, 152, 69.0, 13, , 0, 0, 0, 0, , 0, 0, 0, 0, 0, 
807, 0, 797, -1, -1, 164, 149, 79.0, 13, , 0, 0, 0, 0, , 0, 0, 0, 0, 0, 
808, 0, 798, -1, -1, 171, 171, 132.0, 12, , 0, 0, 0, 0, , 0, 0, 0, 0, 0, 
809, 0, 799, -1, -1, 170, 171, 128.0, 12, , 0, 0, 0, 0, , 0, 0, 0, 0, 0, 
810, 1, 800, 776, -1, 165, 148, 141.5, 12, ABplpapaaaa, 0, 0, 0, 0, , 0, 0, 0, 0, 0, 
811, 0, 801, -1, -1, 164, 151, 117.0, 15, , 0, 0, 0, 0, , 0, 0, 0, 0, 0, 
812, 0, 802, -1, -1, 178, 164, 149.0, 12, , 0, 0, 0, 0, , 0, 0, 0, 0, 0, 
813, 0, 803, -1, -1, 157, 155, 150.5, 13, , 0, 0, 0, 0, , 0, 0, 0, 0, 0, 
814, 1, 804, 780, -1, 156, 166, 140.0, 11, ABplpapaapp, 0, 0, 0, 0, , 0, 0, 0, 0, 0, 
815, 0, 805, -1, -1, 180, 150, 128.0, 12, , 0, 0, 0, 0, , 0, 0, 0, 0, 0, 
816, 0, 806, -1, -1, 179, 159, 135.0, 11, , 0, 0, 0, 0, , 0, 0, 0, 0, 0, 
817, 1, 807, 783, -1, 198, 158, 144.0, 13, ABplpapappa, 0, 0, 0, 0, , 0, 0, 0, 0, 0, 
818, 0, 808, -1, -1, 237, 119, 159.0, 13, , 0, 0, 0, 0, , 0, 0, 0, 0, 0, 
819, 1, 809, 785, -1, 141, 146, 146.0, 13, ABplpappaaa, 0, 0, 0, 0, , 0, 0, 0, 0, 0, 
820, 0, 810, -1, -1, 165, 161, 178.5, 15, , 0, 0, 0, 0, , 0, 0, 0, 0, 0, 
821, 0, 811, -1, -1, 177, 136, 165.5, 15, , 0, 0, 0, 0, , 0, 0, 0, 0, 0, 
822, 1, 812, 788, -1, 273, 144, 145.0, 13, ABplpapppaa, 0, 0, 0, 0, , 0, 0, 0, 0, 0, 
823, 1, 813, 789, -1, 273, 126, 171.0, 12, ABplpapppap, 0, 0, 0, 0, , 0, 0, 0, 0, 0, 
824, 1, 814, 790, -1, 276, 126, 149.0, 13, ABplpappppa, 0, 0, 0, 0, , 0, 0, 0, 0, 0, 
825, 1, 815, 791, -1, 283, 142, 161.0, 12, ABplpappppp, 0, 0, 0, 0, , 0, 0, 0, 0, 0, 
826, 1, 816, 792, -1, 159, 178, 101.0, 13, ABplppaaaaa, 0, 0, 0, 0, , 0, 0, 0, 0, 0, 
827, 0, 817, -1, -1, 169, 170, 125.0, 10, , 0, 0, 0, 0, , 0, 0, 0, 0, 0, 
828, 0, 818, -1, -1, 180, 180, 148.5, 13, , 0, 0, 0, 0, , 0, 0, 0, 0, 0, 
829, 0, 819, -1, -1, 203, 144, 151.0, 10, , 0, 0, 0, 0, , 0, 0, 0, 0, 0, 
830, 0, 820, -1, -1, 207, 146, 135.0, 13, , 0, 0, 0, 0, , 0, 0, 0, 0, 0, 
831, 0, 821, -1, -1, 243, 126, 152.0, 13, , 0, 0, 0, 0, , 0, 0, 0, 0, 0, 
832, 1, 822, 799, -1, 209, 161, 126.0, 13, ABplppapaaa, 0, 0, 0, 0, , 0, 0, 0, 0, 0, 
833, 1, 823, 800, -1, 205, 128, 133.0, 12, ABplppapaap, 0, 0, 0, 0, , 0, 0, 0, 0, 0, 
834, 1, 824, 801, -1, 224, 119, 134.0, 13, ABplppapapa, 0, 0, 0, 0, , 0, 0, 0, 0, 0, 
835, 1, 825, 802, -1, 246, 117, 137.0, 13, ABplppapapp, 0, 0, 0, 0, , 0, 0, 0, 0, 0, 
836, 0, 826, -1, -1, 208, 144, 135.0, 13, , 0, 0, 0, 0, , 0, 0, 0, 0, 0, 
837, 1, 827, 804, -1, 233, 117, 144.0, 13, ABplppapppa, 0, 0, 0, 0, , 0, 0, 0, 0, 0, 
838, 1, 828, 805, -1, 254, 126, 145.0, 12, ABplppapppp, 0, 0, 0, 0, , 0, 0, 0, 0, 0, 
839, 1, 829, 806, -1, 253, 149, 139.0, 13, ABplpppaaaa, 0, 0, 0, 0, , 0, 0, 0, 0, 0, 
840, 1, 830, 807, -1, 258, 138, 131.0, 12, ABplpppaaap, 0, 0, 0, 0, , 0, 0, 0, 0, 0, 
841, 1, 831, 808, -1, 288, 154, 125.0, 13, ABplpppaapa, 0, 0, 0, 0, , 0, 0, 0, 0, 0, 
842, 1, 832, 809, -1, 281, 170, 130.5, 13, ABplpppaapp, 0, 0, 0, 0, , 0, 0, 0, 0, 0, 
843, 1, 833, 810, -1, 275, 168, 140.5, 13, ABplpppapaa, 0, 0, 0, 0, , 0, 0, 0, 0, 0, 
844, 1, 834, 811, -1, 267, 161, 180.0, 13, ABplpppapap, 0, 0, 0, 0, , 0, 0, 0, 0, 0, 
845, 1, 835, 812, -1, 270, 133, 137.0, 12, ABplppppaaa, 0, 0, 0, 0, , 0, 0, 0, 0, 0, 
846, 1, 836, 813, -1, 285, 138, 140.0, 13, ABplppppaap, 0, 0, 0, 0, , 0, 0, 0, 0, 0, 
847, 0, 837, -1, -1, 256, 154, 151.0, 14, , 0, 0, 0, 0, , 0, 0, 0, 0, 0, 
848, 0, 838, -1, -1, 256, 154, 150.0, 12, , 0, 0, 0, 0, , 0, 0, 0, 0, 0, 
849, 1, 840, 816, -1, 271, 151, 156.0, 13, ABplppppapp, 0, 0, 0, 0, , 0, 0, 0, 0, 0, 
850, 1, 841, 817, -1, 267, 157, 133.0, 12, Capappp, 0, 0, 0, 0, , 0, 0, 0, 0, 0, 
851, 0, 839, -1, -1, 256, 156, 153.0, 14, , 0, 0, 0, 0, , 0, 0, 0, 0, 0, 
852, 1, 842, 819, -1, 289, 124, 130.0, 13, ABplpppppaa, 0, 0, 0, 0, , 0, 0, 0, 0, 0, 
853, 1, 843, 820, -1, 293, 138, 118.0, 13, ABplpppppap, 0, 0, 0, 0, , 0, 0, 0, 0, 0, 
854, 0, 844, -1, -1, 295, 154, 167.0, 13, , 0, 0, 0, 0, , 0, 0, 0, 0, 0, 
855, 0, 845, -1, -1, 292, 157, 179.0, 13, , 0, 0, 0, 0, , 0, 0, 0, 0, 0, 
856, 1, 846, 823, -1, 318, 149, 145.0, 14, Cappppd, 0, 0, 0, 0, , 0, 0, 0, 0, 0, 
857, 1, 847, 824, -1, 305, 156, 159.0, 14, ABplppppppp, 0, 0, 0, 0, , 0, 0, 0, 0, 0, 
858, 1, 848, 825, -1, 106, 132, 177.0, 13, ABpraaaaaap, 0, 0, 0, 0, , 0, 0, 0, 0, 0, 
859, 1, 849, 826, -1, 83, 123, 177.0, 13, ABpraaaaapd, 0, 0, 0, 0, , 0, 0, 0, 0, 0, 
860, 1, 850, 827, -1, 92, 122, 188.0, 13, ABpraaaaapv, 0, 0, 0, 0, , 0, 0, 0, 0, 0, 
861, 1, 851, 828, -1, 107, 129, 190.0, 13, ABpraaaapad, 0, 0, 0, 0, , 0, 0, 0, 0, 0, 
862, 1, 852, 829, -1, 137, 116, 207.0, 13, ABpraaaapav, 0, 0, 0, 0, , 0, 0, 0, 0, 0, 
863, 1, 853, 830, -1, 118, 73, 186.0, 12, ABpraaaappp, 0, 0, 0, 0, , 0, 0, 0, 0, 0, 
864, 1, 854, 831, -1, 131, 78, 179.0, 13, ABpraaapaad, 0, 0, 0, 0, , 0, 0, 0, 0, 0, 
865, 0, 855, -1, -1, 108, 84, 164.0, 14, , 0, 0, 0, 0, , 0, 0, 0, 0, 0, 
866, 1, 856, 833, -1, 108, 80, 165.5, 14, ABpraaapapa, 0, 0, 0, 0, , 0, 0, 0, 0, 0, 
867, 1, 857, 834, -1, 144, 98, 193.0, 13, ABpraaappaa, 0, 0, 0, 0, , 0, 0, 0, 0, 0, 
868, 1, 858, 835, -1, 140, 87, 196.0, 12, ABpraaappap, 0, 0, 0, 0, , 0, 0, 0, 0, 0, 
869, 1, 859, 836, -1, 151, 76, 200.0, 12, ABpraaapppaa, 0, 0, 0, 0, , 0, 0, 0, 0, 0, 
870, 1, 860, 837, -1, 158, 69, 204.0, 10, ABpraaapppap, 0, 0, 0, 0, , 0, 0, 0, 0, 0, 
871, 1, 861, 838, -1, 124, 91, 207.0, 15, ABpraaappppa, 0, 0, 0, 0, , 0, 0, 0, 0, 0, 
872, 1, 862, 839, -1, 140, 99, 211.0, 13, ABpraaappppp, 0, 0, 0, 0, , 0, 0, 0, 0, 0, 
873, 0, 863, -1, -1, 83, 125, 141.0, 15, , 0, 0, 0, 0, , 0, 0, 0, 0, 0, 
874, 1, 864, 841, -1, 83, 127, 143.0, 13, ABpraapaaaa, 0, 0, 0, 0, , 0, 0, 0, 0, 0, 
875, 1, 865, 842, -1, 67, 116, 151.5, 13, ABpraapaaap, 0, 0, 0, 0, , 0, 0, 0, 0, 0, 
876, 1, 866, 843, -1, 99, 96, 177.0, 12, ABpraapaapa, 0, 0, 0, 0, , 0, 0, 0, 0, 0, 
877, 1, 867, 844, -1, 98, 97, 188.0, 14, ABpraapaapp, 0, 0, 0, 0, , 0, 0, 0, 0, 0, 
878, 1, 868, 845, -1, 163, 85, 190.0, 12, ABpraapapaa, 0, 0, 0, 0, , 0, 0, 0, 0, 0, 
879, 1, 869, 846, -1, 155, 68, 186.5, 13, ABpraapapap, 0, 0, 0, 0, , 0, 0, 0, 0, 0, 
880, 1, 870, 847, -1, 146, 68, 181.0, 12, ABpraapappa, 0, 0, 0, 0, , 0, 0, 0, 0, 0, 
881, 1, 871, 848, -1, 134, 71, 189.0, 15, ABpraapappp, 0, 0, 0, 0, , 0, 0, 0, 0, 0, 
882, 1, 872, 849, -1, 105, 161, 173.0, 11, ABpraappaa, 0, 0, 0, 0, , 0, 0, 0, 0, 0, 
883, 0, 873, -1, -1, 109, 164, 159.0, 13, , 0, 0, 0, 0, , 0, 0, 0, 0, 0, 
884, 1, 873, 851, -1, 108, 164, 159.0, 15, ABalpapaaap, 0, 0, 0, 0, , 0, 0, 0, 0, 0, 
885, 1, 874, 852, -1, 145, 152, 197.0, 16, ABpraappap, 0, 0, 0, 0, , 0, 0, 0, 0, 0, 
886, 1, 875, 853, -1, 179, 158, 194.0, 12, ABpraapppa, 0, 0, 0, 0, , 0, 0, 0, 0, 0, 
887, 1, 876, 854, -1, 185, 88, 206.5, 13, ABpraapppp, 0, 0, 0, 0, , 0, 0, 0, 0, 0, 
888, 1, 877, 855, -1, 140, 53, 172.0, 15, ABprapaaaap, 0, 0, 0, 0, , 0, 0, 0, 0, 0, 
889, 1, 878, 856, -1, 172, 72, 192.5, 13, ABprapaaapa, 0, 0, 0, 0, , 0, 0, 0, 0, 0, 
890, 1, 879, 857, -1, 185, 60, 183.5, 12, ABprapaaapp, 0, 0, 0, 0, , 0, 0, 0, 0, 0, 
891, 1, 880, 858, -1, 181, 142, 191.5, 13, ABarappappp, 0, 0, 0, 0, , 0, 0, 0, 0, 0, 
892, 1, 881, 859, -1, 190, 141, 194.0, 13, ABprapaapa, 0, 0, 0, 0, , 0, 0, 0, 0, 0, 
893, 1, 882, 860, -1, 201, 82, 196.0, 19, ABprapaapp, 0, 0, 0, 0, , 0, 0, 0, 0, 0, 
894, 1, 883, 861, -1, 277, 92, 194.0, 17, ABprapapap, 0, 0, 0, 0, , 0, 0, 0, 0, 0, 
895, 1, 884, 862, -1, 285, 107, 204.0, 15, ABprapappa, 0, 0, 0, 0, , 0, 0, 0, 0, 0, 
896, 1, 885, 863, -1, 324, 121, 170.0, 15, ABprapapppp, 0, 0, 0, 0, , 0, 0, 0, 0, 0, 
897, 0, 886, -1, -1, 306, 104, 197.0, 13, , 0, 0, 0, 0, , 0, 0, 0, 0, 0, 
898, 1, 887, 865, -1, 323, 95, 183.5, 13, ABprapppaap, 0, 0, 0, 0, , 0, 0, 0, 0, 0, 
899, 1, 888, 866, -1, 270, 144, 193.0, 17, ABprappppa, 0, 0, 0, 0, , 0, 0, 0, 0, 0, 
900, 1, 889, 867, -1, 319, 135, 178.0, 15, ABprappppp, 0, 0, 0, 0, , 0, 0, 0, 0, 0, 
901, 1, 890, 868, -1, 307, 122, 179.0, 14, ABprapppapp, 0, 0, 0, 0, , 0, 0, 0, 0, 0, 
902, 1, 891, 869, -1, 144, 109, 203.5, 14, ABprpaaaaap, 0, 0, 0, 0, , 0, 0, 0, 0, 0, 
903, 1, 892, 870, -1, 188, 159, 177.0, 14, ABprpaaaapa, 0, 0, 0, 0, , 0, 0, 0, 0, 0, 
904, 1, 893, 871, -1, 219, 134, 164.0, 14, ABprpaaaapp, 0, 0, 0, 0, , 0, 0, 0, 0, 0, 
905, 0, 894, -1, -1, 109, 145, 173.0, 13, , 0, 0, 0, 0, , 0, 0, 0, 0, 0, 
906, 1, 895, 873, -1, 108, 145, 173.0, 13, ABprpaaapaa, 0, 0, 0, 0, , 0, 0, 0, 0, 0, 
907, 0, 896, -1, -1, 129, 153, 186.5, 13, , 0, 0, 0, 0, , 0, 0, 0, 0, 0, 
908, 1, 897, 875, -1, 127, 128, 180.5, 13, ABprpaaappa, 0, 0, 0, 0, , 0, 0, 0, 0, 0, 
909, 1, 898, 876, -1, 138, 128, 184.0, 13, ABprpaaappp, 0, 0, 0, 0, , 0, 0, 0, 0, 0, 
910, 1, 899, 877, -1, 118, 87, 180.0, 13, ABprpaapaaa, 0, 0, 0, 0, , 0, 0, 0, 0, 0, 
911, 1, 900, 878, -1, 153, 96, 213.0, 13, ABprpaapaap, 0, 0, 0, 0, , 0, 0, 0, 0, 0, 
912, 0, 901, -1, -1, 83, 99, 183.0, 14, , 0, 0, 0, 0, , 0, 0, 0, 0, 0, 
913, 1, 902, 880, -1, 135, 140, 178.0, 11, ABalaapappp, 0, 0, 0, 0, , 0, 0, 0, 0, 0, 
914, 1, 903, 881, -1, 117, 145, 188.0, 13, ABprpaaapap, 0, 0, 0, 0, , 0, 0, 0, 0, 0, 
915, 1, 904, 882, -1, 128, 153, 186.5, 13, ABprpaapapp, 0, 0, 0, 0, , 0, 0, 0, 0, 0, 
916, 1, 905, 883, -1, 159, 95, 199.0, 15, ABprpaappaa, 0, 0, 0, 0, , 0, 0, 0, 0, 0, 
917, 0, 906, -1, -1, 187, 76, 174.01709, 14, , 0, 0, 0, 0, , 0, 0, 0, 0, 0, 
918, 1, 907, 885, -1, 161, 85, 208.0, 12, ABprpaappap, 0, 0, 0, 0, , 0, 0, 0, 0, 0, 
919, 0, 908, -1, -1, 166, 141, 194.0, 13, , 0, 0, 0, 0, , 0, 0, 0, 0, 0, 
920, 1, 909, 887, -1, 167, 141, 193.0, 13, ABprpaapppa, 0, 0, 0, 0, , 0, 0, 0, 0, 0, 
921, 1, 910, 888, -1, 151, 146, 189.0, 15, ABprpaapppp, 0, 0, 0, 0, , 0, 0, 0, 0, 0, 
922, 0, 911, -1, -1, 154, 143, 181.0, 13, , 0, 0, 0, 0, , 0, 0, 0, 0, 0, 
923, 1, 912, 890, -1, 176, 145, 178.0, 13, ABprpapaaap, 0, 0, 0, 0, , 0, 0, 0, 0, 0, 
924, 0, 913, -1, -1, 154, 142, 174.0, 13, , 0, 0, 0, 0, , 0, 0, 0, 0, 0, 
925, 0, 914, -1, -1, 157, 143, 172.0, 15, , 0, 0, 0, 0, , 0, 0, 0, 0, 0, 
926, 1, 915, 893, -1, 161, 140, 168.0, 13, ABprpapaaaa, 0, 0, 0, 0, , 0, 0, 0, 0, 0, 
927, 1, 916, 894, -1, 152, 142, 182.0, 12, ABprpapaapp, 0, 0, 0, 0, , 0, 0, 0, 0, 0, 
928, 1, 917, 895, -1, 172, 124, 175.0, 13, ABprpapapaa, 0, 0, 0, 0, , 0, 0, 0, 0, 0, 
929, 1, 918, 896, -1, 171, 135, 182.0, 12, ABprpapapap, 0, 0, 0, 0, , 0, 0, 0, 0, 0, 
930, 0, 919, -1, -1, 189, 136, 182.0, 12, , 0, 0, 0, 0, , 0, 0, 0, 0, 0, 
931, 0, 920, -1, -1, 190, 136, 181.5, 12, , 0, 0, 0, 0, , 0, 0, 0, 0, 0, 
932, 0, 921, -1, -1, 189, 134, 180.0, 12, , 0, 0, 0, 0, , 0, 0, 0, 0, 0, 
933, 0, 922, -1, -1, 189, 134, 183.0, 12, , 0, 0, 0, 0, , 0, 0, 0, 0, 0, 
934, 0, 923, -1, -1, 188, 133, 184.0, 12, , 0, 0, 0, 0, , 0, 0, 0, 0, 0, 
935, 1, 924, 902, -1, 256, 128, 156.0, 14, ABprpapappp, 0, 0, 0, 0, , 0, 0, 0, 0, 0, 
936, 1, 925, 903, -1, 136, 159, 156.0, 13, ABprpappaaa, 0, 0, 0, 0, , 0, 0, 0, 0, 0, 
937, 1, 926, 904, -1, 168, 157, 166.0, 15, ABprpappaap, 0, 0, 0, 0, , 0, 0, 0, 0, 0, 
938, 1, 927, 905, -1, 175, 133, 166.0, 13, ABprpappapa, 0, 0, 0, 0, , 0, 0, 0, 0, 0, 
939, 1, 928, 906, -1, 227, 130, 151.5, 13, ABprpappapp, 0, 0, 0, 0, , 0, 0, 0, 0, 0, 
940, 0, 929, -1, -1, 151, 147, 159.0, 11, , 0, 0, 0, 0, , 0, 0, 0, 0, 0, 
941, 1, 930, 908, -1, 153, 139, 152.0, 14, ABprpapppaa, 0, 0, 0, 0, , 0, 0, 0, 0, 0, 
942, 1, 931, 909, -1, 203, 124, 174.0, 12, ABprpapppap, 0, 0, 0, 0, , 0, 0, 0, 0, 0, 
943, 0, 932, -1, -1, 281, 115, 166.0, 12, , 0, 0, 0, 0, , 0, 0, 0, 0, 0, 
944, 1, 933, 911, -1, 293, 139, 150.0, 13, ABprpappppp, 0, 0, 0, 0, , 0, 0, 0, 0, 0, 
945, 1, 934, 912, -1, 152, 131, 208.0, 12, ABprppaaaaa, 0, 0, 0, 0, , 0, 0, 0, 0, 0, 
946, 1, 935, 913, -1, 162, 109, 210.5, 13, ABprppaaaap, 0, 0, 0, 0, , 0, 0, 0, 0, 0, 
947, 1, 936, 914, -1, 163, 126, 205.0, 13, ABprppaapap, 0, 0, 0, 0, , 0, 0, 0, 0, 0, 
948, 0, 937, -1, -1, 194, 136, 172.0, 13, , 0, 0, 0, 0, , 0, 0, 0, 0, 0, 
949, 1, 938, 916, -1, 247, 120, 169.0, 12, ABprppaappp, 0, 0, 0, 0, , 0, 0, 0, 0, 0, 
950, 1, 939, 917, -1, 202, 133, 188.0, 12, ABprppapaaa, 0, 0, 0, 0, , 0, 0, 0, 0, 0, 
951, 1, 940, 918, -1, 212, 109, 158.0, 12, ABprppapaap, 0, 0, 0, 0, , 0, 0, 0, 0, 0, 
952, 1, 941, 919, -1, 232, 107, 164.0, 13, ABprppapapa, 0, 0, 0, 0, , 0, 0, 0, 0, 0, 
953, 1, 942, 920, -1, 254, 107, 163.0, 13, ABprppapapp, 0, 0, 0, 0, , 0, 0, 0, 0, 0, 
954, 1, 943, 921, -1, 209, 122, 166.5, 13, ABprppappaa, 0, 0, 0, 0, , 0, 0, 0, 0, 0, 
955, 1, 944, 922, -1, 220, 117, 155.0, 12, ABprppappap, 0, 0, 0, 0, , 0, 0, 0, 0, 0, 
956, 1, 945, 923, -1, 241, 108, 162.0, 10, ABprppapppa, 0, 0, 0, 0, , 0, 0, 0, 0, 0, 
957, 1, 946, 924, -1, 259, 119, 169.0, 12, ABprppapppp, 0, 0, 0, 0, , 0, 0, 0, 0, 0, 
958, 1, 947, 925, -1, 252, 126, 183.0, 12, ABprpppaaaa, 0, 0, 0, 0, , 0, 0, 0, 0, 0, 
959, 1, 948, 926, -1, 262, 110, 178.0, 12, ABprpppaaap, 0, 0, 0, 0, , 0, 0, 0, 0, 0, 
960, 0, 949, -1, -1, 304, 107, 184.0, 14, , 0, 0, 0, 0, , 0, 0, 0, 0, 0, 
961, 1, 950, 928, -1, 305, 106, 184.5, 13, ABprpppaapa, 0, 0, 0, 0, , 0, 0, 0, 0, 0, 
962, 1, 951, 929, -1, 299, 114, 191.5, 12, ABprpppaapp, 0, 0, 0, 0, , 0, 0, 0, 0, 0, 
963, 1, 952, 930, -1, 290, 126, 189.0, 12, ABprpppapaa, 0, 0, 0, 0, , 0, 0, 0, 0, 0, 
964, 0, 953, -1, -1, 283, 167, 177.0, 12, , 0, 0, 0, 0, , 0, 0, 0, 0, 0, 
965, 1, 954, 932, -1, 284, 168, 171.0, 13, ABprpppapap, 0, 0, 0, 0, , 0, 0, 0, 0, 0, 
966, 1, 955, 933, -1, 285, 160, 152.5, 15, Cappppv, 0, 0, 0, 0, , 0, 0, 0, 0, 0, 
967, 1, 956, 934, -1, 282, 115, 165.5, 13, ABprppppaaa, 0, 0, 0, 0, , 0, 0, 0, 0, 0, 
968, 0, 957, -1, -1, 291, 126, 164.0, 12, , 0, 0, 0, 0, , 0, 0, 0, 0, 0, 
969, 1, 958, 936, -1, 288, 127, 168.0, 12, ABprppppaap, 0, 0, 0, 0, , 0, 0, 0, 0, 0, 
970, 1, 959, 937, -1, 297, 131, 160.0, 12, ABprpappppa, 0, 0, 0, 0, , 0, 0, 0, 0, 0, 
971, 1, 960, 938, -1, 263, 131, 187.0, 15, ABprppppapa, 0, 0, 0, 0, , 0, 0, 0, 0, 0, 
972, 1, 961, 939, -1, 275, 138, 177.0, 14, ABprppppapp, 0, 0, 0, 0, , 0, 0, 0, 0, 0, 
973, 1, 962, 940, -1, 275, 103, 165.0, 13, ABprpppppaa, 0, 0, 0, 0, , 0, 0, 0, 0, 0, 
974, 1, 963, 941, -1, 297, 106, 166.0, 15, ABprpppppap, 0, 0, 0, 0, , 0, 0, 0, 0, 0, 
975, 0, 964, -1, -1, 294, 154, 166.5, 13, , 0, 0, 0, 0, , 0, 0, 0, 0, 0, 
976, 1, 965, 943, -1, 292, 157, 180.0, 13, ABprppppppa, 0, 0, 0, 0, , 0, 0, 0, 0, 0, 
977, 1, 964, 944, -1, 293, 153, 165.0, 13, ABplppppppa, 0, 0, 0, 0, , 0, 0, 0, 0, 0, 
978, 1, 966, 945, -1, 306, 147, 175.0, 13, ABprppppppp, 0, 0, 0, 0, , 0, 0, 0, 0, 0, 
979, 0, 967, -1, -1, 88, 142, 123.0, 11, , 0, 0, 0, 0, , 0, 0, 0, 0, 0, 
980, 0, 969, -1, -1, 87, 142, 124.0, 11, , 0, 0, 0, 0, , 0, 0, 0, 0, 0, 
981, 1, 970, 948, -1, 98, 148, 128.0, 12, ABalaaaalpp, 0, 0, 0, 0, , 0, 0, 0, 0, 0, 
982, 0, 971, -1, -1, 112, 147, 113.0, 15, , 0, 0, 0, 0, , 0, 0, 0, 0, 0, 
983, 1, 972, 950, -1, 114, 148, 102.0, 15, ABalapaappa, 0, 0, 0, 0, , 0, 0, 0, 0, 0, 
984, 1, 973, 951, -1, 97, 111, 82.0, 12, ABalapapppp, 0, 0, 0, 0, , 0, 0, 0, 0, 0, 
985, 0, 974, -1, -1, 102, 79, 159.68852, 12, , 0, 0, 0, 0, , 0, 0, 0, 0, 0, 
986, 1, 975, 953, -1, 101, 68, 175.0, 12, ABalappapaa, 0, 0, 0, 0, , 0, 0, 0, 0, 0, 
987, 0, 976, -1, -1, 77, 89, 166.5, 12, , 0, 0, 0, 0, , 0, 0, 0, 0, 0, 
988, 0, 977, -1, -1, 81, 90, 171.0, 12, , 0, 0, 0, 0, , 0, 0, 0, 0, 0, 
989, 1, 978, 956, -1, 83, 104, 180.0, 13, ABprpaapapa, 0, 0, 0, 0, , 0, 0, 0, 0, 0, 
990, 1, 979, 957, -1, 79, 90, 172.0, 12, ABalappappp, 0, 0, 0, 0, , 0, 0, 0, 0, 0, 
991, 0, 980, -1, -1, 99, 125, 132.0, 13, , 0, 0, 0, 0, , 0, 0, 0, 0, 0, 
992, 0, 981, -1, -1, 99, 126, 132.0, 13, , 0, 0, 0, 0, , 0, 0, 0, 0, 0, 
993, 0, 982, -1, -1, 99, 125, 132.0, 13, , 0, 0, 0, 0, , 0, 0, 0, 0, 0, 
994, 1, 983, 961, -1, 96, 139, 133.0, 12, ABalpaapppp, 0, 0, 0, 0, , 0, 0, 0, 0, 0, 
995, 1, 984, 962, -1, 99, 140, 91.0, 14, ABplaapaapa, 0, 0, 0, 0, , 0, 0, 0, 0, 0, 
996, 1, 985, 963, -1, 104, 145, 79.0, 15, ABplaapaapp, 0, 0, 0, 0, , 0, 0, 0, 0, 0, 
997, 0, 986, -1, -1, 149, 126, 109.117645, 15, , 0, 0, 0, 0, , 0, 0, 0, 0, 0, 
998, 0, 987, -1, -1, 156, 127, 105.5, 15, , 0, 0, 0, 0, , 0, 0, 0, 0, 0, 
999, 1, 988, 966, -1, 183, 172, 126.0, 13, ABalpapappp, 0, 0, 0, 0, , 0, 0, 0, 0, 0, 
1000, 1, 989, 967, -1, 156, 178, 138.0, 14, ABplpaapppp, 0, 0, 0, 0, , 0, 0, 0, 0, 0, 
1001, 1, 990, 968, -1, 182, 162, 86.5, 14, ABplppaaaap, 0, 0, 0, 0, , 0, 0, 0, 0, 0, 
1002, 0, 991, -1, -1, 112, 159, 122.0, 12, , 0, 0, 0, 0, , 0, 0, 0, 0, 0, 
1003, 0, 992, -1, -1, 111, 159, 122.0, 12, , 0, 0, 0, 0, , 0, 0, 0, 0, 0, 
1004, 0, 993, -1, -1, 104, 159, 127.0, 12, , 0, 0, 0, 0, , 0, 0, 0, 0, 0, 
1005, 0, 994, -1, -1, 115, 159, 116.0, 12, , 0, 0, 0, 0, , 0, 0, 0, 0, 0, 
1006, 1, 995, 973, -1, 98, 122, 152.0, 12, ABaraaapppp, 0, 0, 0, 0, , 0, 0, 0, 0, 0, 
1007, 1, 996, 974, -1, 119, 85, 110.0, 14, ABaraapaaap, 0, 0, 0, 0, , 0, 0, 0, 0, 0, 
1008, 1, 997, 975, -1, 125, 74, 100.0, 14, MSaaapaaa, 0, 0, 0, 0, , 0, 0, 0, 0, 0, 
1009, 1, 998, 976, -1, 138, 168, 123.0, 13, ABalppaappp, 0, 0, 0, 0, , 0, 0, 0, 0, 0, 
1010, 1, 999, 977, -1, 121, 152, 154.0, 13, ABarappaapa, 0, 0, 0, 0, , 0, 0, 0, 0, 0, 
1011, 1, 1000, 978, -1, 115, 126, 89.0, 15, ABalppppapa, 0, 0, 0, 0, , 0, 0, 0, 0, 0, 
1012, 1, 1001, 980, -1, 271, 127, 107.0, 16, MSappaap, 0, 0, 0, 0, , 0, 0, 0, 0, 0, 
1013, 1, 1003, 981, -1, 136, 159, 92.0, 15, ABalapaapaa, 0, 0, 0, 0, , 0, 0, 0, 0, 0, 
1014, 0, 1004, -1, -1, 164, 149, 122.0, 15, , 0, 0, 0, 0, , 0, 0, 0, 0, 0, 
1015, 0, 1005, -1, -1, 161, 158, 119.0, 15, , 0, 0, 0, 0, , 0, 0, 0, 0, 0, 
1016, 0, 1006, -1, -1, 161, 156, 120.0, 15, , 0, 0, 0, 0, , 0, 0, 0, 0, 0, 
1017, 0, 1007, -1, -1, 167, 152, 120.0, 15, , 0, 0, 0, 0, , 0, 0, 0, 0, 0, 
1018, 1, 1008, 986, -1, 178, 163, 147.0, 12, ABplpapaaap, 0, 0, 0, 0, , 0, 0, 0, 0, 0, 
1019, 1, 1009, 987, -1, 157, 157, 152.0, 13, ABplpapaapa, 0, 0, 0, 0, , 0, 0, 0, 0, 0, 
1020, 1, 1010, 988, -1, 158, 158, 157.0, 13, ABalpapapaa, 0, 0, 0, 0, , 0, 0, 0, 0, 0, 
1021, 1, 1011, 989, -1, 153, 151, 163.0, 13, ABarappapaa, 0, 0, 0, 0, , 0, 0, 0, 0, 0, 
1022, 1, 1012, 990, -1, 156, 143, 175.5, 15, ABprpapaapa, 0, 0, 0, 0, , 0, 0, 0, 0, 0, 
1023, 1, 1013, 991, -1, 178, 158, 134.0, 13, ABplpapapap, 0, 0, 0, 0, , 0, 0, 0, 0, 0, 
1024, 1, 1014, 992, -1, 181, 150, 129.0, 12, ABplpapapaa, 0, 0, 0, 0, , 0, 0, 0, 0, 0, 
1025, 1, 1015, 993, -1, 226, 118, 120.0, 13, MSaappppa, 0, 0, 0, 0, , 0, 0, 0, 0, 0, 
1026, 1, 1016, 994, -1, 215, 125, 115.0, 14, MSaapppap, 0, 0, 0, 0, , 0, 0, 0, 0, 0, 
1027, 0, 1017, -1, -1, 208, 143, 136.0, 12, , 0, 0, 0, 0, , 0, 0, 0, 0, 0, 
1028, 0, 1018, -1, -1, 202, 144, 153.0, 12, , 0, 0, 0, 0, , 0, 0, 0, 0, 0, 
1029, 1, 1019, 997, -1, 203, 146, 153.5, 11, ABplppaappa, 0, 0, 0, 0, , 0, 0, 0, 0, 0, 
1030, 0, 1020, -1, -1, 206, 143, 141.5, 12, , 0, 0, 0, 0, , 0, 0, 0, 0, 0, 
1031, 0, 1021, -1, -1, 197, 135, 169.0, 13, , 0, 0, 0, 0, , 0, 0, 0, 0, 0, 
1032, 1, 1022, 1000, -1, 243, 126, 152.0, 13, ABplppaappp, 0, 0, 0, 0, , 0, 0, 0, 0, 0, 
1033, 1, 1023, 1001, -1, 237, 119, 156.5, 13, ABplpapappp, 0, 0, 0, 0, , 0, 0, 0, 0, 0, 
1034, 0, 1024, -1, -1, 245, 122, 148.0, 13, , 0, 0, 0, 0, , 0, 0, 0, 0, 0, 
1035, 1, 1025, 1003, -1, 211, 126, 143.0, 13, ABplppappap, 0, 0, 0, 0, , 0, 0, 0, 0, 0, 
1036, 1, 1026, 1005, -1, 256, 153, 150.0, 12, ABplppppapa, 0, 0, 0, 0, , 0, 0, 0, 0, 0, 
1037, 0, 1027, -1, -1, 108, 113, 191.0, 12, , 0, 0, 0, 0, , 0, 0, 0, 0, 0, 
1038, 1, 1028, 1007, -1, 116, 116, 195.0, 12, ABpraaaaaaa, 0, 0, 0, 0, , 0, 0, 0, 0, 0, 
1039, 1, 1029, 1008, -1, 93, 133, 181.0, 13, ABalaappapp, 0, 0, 0, 0, , 0, 0, 0, 0, 0, 
1040, 0, 1030, -1, -1, 104, 114, 175.0, 12, , 0, 0, 0, 0, , 0, 0, 0, 0, 0, 
1041, 0, 1031, -1, -1, 98, 121, 160.0, 13, , 0, 0, 0, 0, , 0, 0, 0, 0, 0, 
1042, 0, 1032, -1, -1, 98, 120, 161.0, 13, , 0, 0, 0, 0, , 0, 0, 0, 0, 0, 
1043, 1, 1033, 1012, -1, 98, 121, 161.0, 13, ABalaapaapp, 0, 0, 0, 0, , 0, 0, 0, 0, 0, 
1044, 1, 1034, 1013, -1, 110, 114, 189.0, 12, ABalaappapa, 0, 0, 0, 0, , 0, 0, 0, 0, 0, 
1045, 1, 1035, 1014, -1, 156, 87, 178.0, 14, MSppppaa, 0, 0, 0, 0, , 0, 0, 0, 0, 0, 
1046, 1, 1036, 1015, -1, 153, 122, 185.0, 15, MSpppapp, 0, 0, 0, 0, , 0, 0, 0, 0, 0, 
1047, 1, 477, 1016, -1, 172, 96, 186.66666, 15, Dpaaa, 0, 0, 0, 0, , 0, 0, 0, 0, 0, 
1048, 0, 1037, -1, -1, 182, 137, 154.5, 16, , 0, 0, 0, 0, , 0, 0, 0, 0, 0, 
1049, 0, 1038, -1, -1, 191, 156, 166.0, 15, , 0, 0, 0, 0, , 0, 0, 0, 0, 0, 
1050, 1, 1039, 1019, -1, 183, 143, 162.0, 15, ABplpappaap, 0, 0, 0, 0, , 0, 0, 0, 0, 0, 
1051, 1, 1040, 1020, -1, 308, 104, 192.5, 13, ABprapppaaa, 0, 0, 0, 0, , 0, 0, 0, 0, 0, 
1052, 0, 1041, -1, -1, 102, 143, 121.0, 12, , 0, 0, 0, 0, , 0, 0, 0, 0, 0, 
1053, 1, 1042, 1022, -1, 101, 124, 130.0, 13, ABalpaapppa, 0, 0, 0, 0, , 0, 0, 0, 0, 0, 
1054, 1, 1043, 1023, -1, 100, 119, 119.0, 14, ABalaaaarlp, 0, 0, 0, 0, , 0, 0, 0, 0, 0, 
1055, 0, 1044, -1, -1, 87, 143, 125.0, 13, , 0, 0, 0, 0, , 0, 0, 0, 0, 0, 
1056, 0, 1045, -1, -1, 83, 128, 97.0, 13, , 0, 0, 0, 0, , 0, 0, 0, 0, 0, 
1057, 0, 1046, -1, -1, 84, 128, 101.0, 13, , 0, 0, 0, 0, , 0, 0, 0, 0, 0, 
1058, 0, 1047, -1, -1, 88, 142, 124.0, 13, , 0, 0, 0, 0, , 0, 0, 0, 0, 0, 
1059, 1, 1048, 1028, -1, 90, 74, 175.0, 12, ABalapppppa, 0, 0, 0, 0, , 0, 0, 0, 0, 0, 
1060, 0, 1049, -1, -1, 114, 159, 121.0, 12, , 0, 0, 0, 0, , 0, 0, 0, 0, 0, 
1061, 0, 1050, -1, -1, 114, 148, 114.0, 12, , 0, 0, 0, 0, , 0, 0, 0, 0, 0, 
1062, 1, 1051, 1031, -1, 128, 149, 120.0, 12, ABalppaaapa, 0, 0, 0, 0, , 0, 0, 0, 0, 0, 
1063, 1, 1052, 1032, -1, 107, 159, 126.0, 11, ABalpppaaap, 0, 0, 0, 0, , 0, 0, 0, 0, 0, 
1064, 0, 1053, -1, -1, 116, 159, 117.5, 12, , 0, 0, 0, 0, , 0, 0, 0, 0, 0, 
1065, 0, 1054, -1, -1, 112, 159, 121.0, 12, , 0, 0, 0, 0, , 0, 0, 0, 0, 0, 
1066, 1, 1055, 1035, -1, 116, 159, 120.0, 12, ABalppaaapp, 0, 0, 0, 0, , 0, 0, 0, 0, 0, 
1067, 1, 1056, 1036, -1, 173, 170, 132.0, 12, ABplpaapppa, 0, 0, 0, 0, , 0, 0, 0, 0, 0, 
1068, 0, 1057, -1, -1, 170, 169, 130.0, 12, , 0, 0, 0, 0, , 0, 0, 0, 0, 0, 
1069, 1, 1058, 1038, -1, 204, 102, 122.0, 14, MSaapappp, 0, 0, 0, 0, , 0, 0, 0, 0, 0, 
1070, 1, 1059, 1039, -1, 202, 104, 142.0, 14, MSaappaa, 0, 0, 0, 0, , 0, 0, 0, 0, 0, 
1071, 1, 1060, 1040, -1, 154, 127, 105.5, 15, ABalpappaap, 0, 0, 0, 0, , 0, 0, 0, 0, 0, 
1072, 1, 1061, 1041, -1, 188, 135, 182.0, 12, ABprpapappa, 0, 0, 0, 0, , 0, 0, 0, 0, 0, 
1073, 1, 1062, 1042, -1, 199, 137, 168.5, 13, ABprppaappa, 0, 0, 0, 0, , 0, 0, 0, 0, 0, 
1074, 1, 1063, 1044, -1, 202, 143, 117.5, 14, MSaapppaa, 0, 0, 0, 0, , 0, 0, 0, 0, 0, 
1075, 0, 1064, -1, -1, 155, 161, 130.5, 15, , 0, 0, 0, 0, , 0, 0, 0, 0, 0, 
1076, 1, 1065, 1046, -1, 161, 152, 122.0, 15, MSappapp, 0, 0, 0, 0, , 0, 0, 0, 0, 0, 
1077, 1, 1066, 1047, -1, 162, 161, 74.5, 14, ABplpaapaap, 0, 0, 0, 0, , 0, 0, 0, 0, 0, 
1078, 1, 1067, 1048, -1, 173, 148, 69.0, 13, ABplpaappap, 0, 0, 0, 0, , 0, 0, 0, 0, 0, 
1079, 1, 625, 1049, -1, 116, 142, 122.0, 13, ABalppapaaa, 0, 0, 0, 0, , 0, 0, 0, 0, 0, 
1080, 1, 1068, 1050, -1, 87, 122, 130.0, 15, ABplaapaaaa, 0, 0, 0, 0, , 0, 0, 0, 0, 0, 
1081, 1, 1069, 1051, -1, 210, 141, 155.0, 13, ABarappappa, 0, 0, 0, 0, , 0, 0, 0, 0, 0, 
1082, 1, 1070, 1052, -1, 208, 145, 132.0, 15, ABplppappaa, 0, 0, 0, 0, , 0, 0, 0, 0, 0, 
1083, 1, 1071, 1053, -1, 146, 123, 128.0, 13, ABalpaaaapa, 0, 0, 0, 0, , 0, 0, 0, 0, 0, 
1084, 1, 1072, 1054, -1, 174, 172, 99.5, 14, ABplppaapap, 0, 0, 0, 0, , 0, 0, 0, 0, 0, 
1085, 1, 1073, 1055, -1, 87, 124, 87.0, 14, ABalapaaapa, 0, 0, 0, 0, , 0, 0, 0, 0, 0, 
1086, 1, 1074, 1056, -1, 84, 128, 96.0, 13, ABalaaaalal, 0, 0, 0, 0, , 0, 0, 0, 0, 0, 
1087, 1, 1075, 1057, -1, 76, 95, 116.5, 13, ABalappaapa, 0, 0, 0, 0, , 0, 0, 0, 0, 0, 
