1, 0, 1, -1, -1, 182, 57, 183.0, 9, , 36, 0, 0, 0, , 0, 0, 0, 0, 0, 
2, 0, 2, -1, -1, 289, 126, 188.0, 11, , 44, 0, 0, 0, , 0, 0, 0, 0, 0, 
3, 0, 3, -1, -1, 169, 142, 191.0, 11, , 89, 0, 0, 0, , 0, 0, 0, 0, 0, 
4, 0, 5, -1, -1, 121, 166, 128.0, 9, , 14, 0, 0, 0, , 0, 0, 0, 0, 0, 
5, 0, 6, -1, -1, 124, 141, 132.0, 11, , 93, 0, 0, 0, , 0, 0, 0, 0, 0, 
6, 0, 7, -1, -1, 178, 117, 111.0, 9, , 14, 0, 0, 0, , 0, 0, 0, 0, 0, 
7, 0, 8, -1, -1, 199, 84, 192.0, 11, , 47, 0, 0, 0, , 0, 0, 0, 0, 0, 
8, 0, 9, -1, -1, 189, 139, 188.0, 9, , 17, 0, 0, 0, , 0, 0, 0, 0, 0, 
9, 0, 11, -1, -1, 114, 94, 115.0, 11, , 32, 0, 0, 0, , 0, 0, 0, 0, 0, 
10, 0, 12, -1, -1, 123, 122, 171.0, 9, , 26, 0, 0, 0, , 0, 0, 0, 0, 0, 
11, 0, 14, -1, -1, 270, 78, 186.0, 13, , 146, 0, 0, 0, , 0, 0, 0, 0, 0, 
12, 0, 15, -1, -1, 165, 122, 204.0, 9, , 21, 0, 0, 0, , 0, 0, 0, 0, 0, 
13, 0, 16, -1, -1, 176, 113, 98.0, 9, , 46, 0, 0, 0, , 0, 0, 0, 0, 0, 
14, 0, 17, -1, -1, 116, 88, 98.0, 9, , 65, 0, 0, 0, , 0, 0, 0, 0, 0, 
15, 0, 18, -1, -1, 109, 84, 121.0, 9, , 37, 0, 0, 0, , 0, 0, 0, 0, 0, 
16, 0, 19, -1, -1, 150, 108, 202.0, 9, , 56, 0, 0, 0, , 0, 0, 0, 0, 0, 
17, 0, 20, -1, -1, 259, 107, 179.0, 9, , 62, 0, 0, 0, , 0, 0, 0, 0, 0, 
18, 0, 21, -1, -1, 153, 120, 155.0, 13, , 171, 0, 0, 0, , 0, 0, 0, 0, 0, 
19, 0, 22, -1, -1, 153, 132, 205.0, 9, , 43, 0, 0, 0, , 0, 0, 0, 0, 0, 
20, 0, 23, -1, -1, 146, 155, 168.0, 11, , 63, 0, 0, 0, , 0, 0, 0, 0, 0, 
21, 0, 24, -1, -1, 216, 144, 144.0, 11, , 50, 0, 0, 0, , 0, 0, 0, 0, 0, 
22, 0, 25, -1, -1, 252, 109, 164.0, 9, , 27, 0, 0, 0, , 0, 0, 0, 0, 0, 
23, 0, 26, -1, -1, 198, 84, 198.0, 11, , 54, 0, 0, 0, , 0, 0, 0, 0, 0, 
24, 0, 27, -1, -1, 120, 166, 167.0, 9, , 38, 0, 0, 0, , 0, 0, 0, 0, 0, 
25, 0, 29, -1, -1, 118, 84, 110.0, 9, , 64, 0, 0, 0, , 0, 0, 0, 0, 0, 
26, 0, 30, -1, -1, 163, 86, 209.0, 9, , 52, 0, 0, 0, , 0, 0, 0, 0, 0, 
27, 0, 31, -1, -1, 140, 64, 156.0, 9, , 36, 0, 0, 0, , 0, 0, 0, 0, 0, 
28, 0, 32, -1, -1, 148, 156, 172.0, 9, , 26, 0, 0, 0, , 0, 0, 0, 0, 0, 
29, 0, 33, -1, -1, 157, 71, 185.0, 11, , 66, 0, 0, 0, , 0, 0, 0, 0, 0, 
30, 0, 34, -1, -1, 154, 98, 207.0, 7, , 27, 0, 0, 0, , 0, 0, 0, 0, 0, 
31, 0, 35, -1, -1, 207, 142, 164.0, 11, , 45, 0, 0, 0, , 0, 0, 0, 0, 0, 
32, 0, 36, -1, -1, 139, 127, 186.0, 9, , 47, 0, 0, 0, , 0, 0, 0, 0, 0, 
33, 0, 37, -1, -1, 175, 108, 206.0, 9, , 29, 0, 0, 0, , 0, 0, 0, 0, 0, 
34, 0, 38, -1, -1, 154, 69, 189.0, 9, , 26, 0, 0, 0, , 0, 0, 0, 0, 0, 
35, 0, 39, -1, -1, 220, 74, 192.0, 11, , 62, 0, 0, 0, , 0, 0, 0, 0, 0, 
36, 0, 40, -1, -1, 142, 88, 170.0, 9, , 11, 0, 0, 0, , 0, 0, 0, 0, 0, 
37, 0, 41, -1, -1, 99, 95, 180.0, 11, , 92, 0, 0, 0, , 0, 0, 0, 0, 0, 
38, 0, 42, -1, -1, 215, 74, 187.0, 9, , 16, 0, 0, 0, , 0, 0, 0, 0, 0, 
39, 0, 43, -1, -1, 97, 95, 189.0, 11, , 66, 0, 0, 0, , 0, 0, 0, 0, 0, 
40, 0, 44, -1, -1, 118, 145, 188.0, 9, , 26, 0, 0, 0, , 0, 0, 0, 0, 0, 
41, 0, 45, -1, -1, 124, 177, 127.0, 9, , 17, 0, 0, 0, , 0, 0, 0, 0, 0, 
42, 0, 46, -1, -1, 175, 97, 162.0, 9, , 23, 0, 0, 0, , 0, 0, 0, 0, 0, 
43, 0, 47, -1, -1, 172, 102, 203.0, 9, , 23, 0, 0, 0, , 0, 0, 0, 0, 0, 
44, 0, 48, -1, -1, 113, 85, 120.0, 9, , 7, 0, 0, 0, , 0, 0, 0, 0, 0, 
45, 0, 49, -1, -1, 138, 128, 189.0, 9, , 32, 0, 0, 0, , 0, 0, 0, 0, 0, 
46, 0, 50, -1, -1, 123, 115, 184.0, 9, , 36, 0, 0, 0, , 0, 0, 0, 0, 0, 
47, 0, 51, -1, -1, 113, 85, 117.0, 9, , 53, 0, 0, 0, , 0, 0, 0, 0, 0, 
48, 0, 52, -1, -1, 304, 160, 102.0, 9, , 30, 0, 0, 0, , 0, 0, 0, 0, 0, 
49, 0, 53, -1, -1, 227, 45, 177.0, 9, , 13, 0, 0, 0, , 0, 0, 0, 0, 0, 
50, 0, 54, -1, -1, 222, 72, 187.0, 9, , 10, 0, 0, 0, , 0, 0, 0, 0, 0, 
51, 0, 55, -1, -1, 200, 81, 201.0, 9, , 42, 0, 0, 0, , 0, 0, 0, 0, 0, 
52, 0, 56, -1, -1, 98, 96, 177.0, 11, , 145, 0, 0, 0, , 0, 0, 0, 0, 0, 
53, 0, 57, -1, -1, 134, 181, 130.0, 9, , 28, 0, 0, 0, , 0, 0, 0, 0, 0, 
54, 0, 58, -1, -1, 170, 81, 168.0, 9, , 38, 0, 0, 0, , 0, 0, 0, 0, 0, 
55, 0, 59, -1, -1, 103, 157, 151.0, 9, , 29, 0, 0, 0, , 0, 0, 0, 0, 0, 
56, 0, 60, -1, -1, 73, 122, 173.0, 7, , 23, 0, 0, 0, , 0, 0, 0, 0, 0, 
57, 0, 61, -1, -1, 241, 63, 176.0, 9, , 60, 0, 0, 0, , 0, 0, 0, 0, 0, 
58, 0, 62, -1, -1, 122, 115, 192.0, 9, , 53, 0, 0, 0, , 0, 0, 0, 0, 0, 
59, 0, 63, -1, -1, 139, 88, 165.0, 9, , 6, 0, 0, 0, , 0, 0, 0, 0, 0, 
60, 0, 64, -1, -1, 185, 62, 185.0, 9, , 39, 0, 0, 0, , 0, 0, 0, 0, 0, 
61, 0, 65, -1, -1, 171, 75, 196.0, 9, , 7, 0, 0, 0, , 0, 0, 0, 0, 0, 
62, 0, 66, -1, -1, 323, 95, 183.0, 11, , 50, 0, 0, 0, , 0, 0, 0, 0, 0, 
63, 0, 67, -1, -1, 158, 90, 154.0, 9, , 54, 0, 0, 0, , 0, 0, 0, 0, 0, 
64, 0, 68, -1, -1, 119, 143, 176.0, 11, , 73, 0, 0, 0, , 0, 0, 0, 0, 0, 
65, 0, 69, -1, -1, 151, 118, 162.0, 9, , 39, 0, 0, 0, , 0, 0, 0, 0, 0, 
66, 0, 70, -1, -1, 184, 147, 186.0, 7, , 21, 0, 0, 0, , 0, 0, 0, 0, 0, 
67, 0, 71, -1, -1, 194, 144, 190.0, 9, , 74, 0, 0, 0, , 0, 0, 0, 0, 0, 
68, 0, 72, -1, -1, 119, 166, 163.0, 7, , 46, 0, 0, 0, , 0, 0, 0, 0, 0, 
69, 0, 73, -1, -1, 133, 107, 155.0, 9, , 48, 0, 0, 0, , 0, 0, 0, 0, 0, 
70, 0, 74, -1, -1, 140, 125, 181.0, 9, , 32, 0, 0, 0, , 0, 0, 0, 0, 0, 
71, 0, 75, -1, -1, 149, 118, 156.0, 11, , 179, 0, 0, 0, , 0, 0, 0, 0, 0, 
72, 0, 76, -1, -1, 229, 44, 173.0, 9, , 25, 0, 0, 0, , 0, 0, 0, 0, 0, 
73, 0, 77, -1, -1, 221, 79, 187.0, 11, , 39, 0, 0, 0, , 0, 0, 0, 0, 0, 
74, 0, 78, -1, -1, 141, 120, 135.0, 7, , 20, 0, 0, 0, , 0, 0, 0, 0, 0, 
75, 0, 79, -1, -1, 194, 114, 150.0, 11, , 102, 0, 0, 0, , 0, 0, 0, 0, 0, 
76, 0, 80, -1, -1, 153, 118, 159.0, 9, , 108, 0, 0, 0, , 0, 0, 0, 0, 0, 
77, 0, 81, -1, -1, 149, 67, 180.0, 13, , 151, 0, 0, 0, , 0, 0, 0, 0, 0, 
78, 0, 83, -1, -1, 134, 107, 150.0, 11, , 84, 0, 0, 0, , 0, 0, 0, 0, 0, 
79, 0, 84, -1, -1, 184, 62, 190.0, 9, , 31, 0, 0, 0, , 0, 0, 0, 0, 0, 
80, 0, 85, -1, -1, 134, 150, 108.0, 9, , 35, 0, 0, 0, , 0, 0, 0, 0, 0, 
81, 0, 86, -1, -1, 122, 178, 123.0, 9, , 33, 0, 0, 0, , 0, 0, 0, 0, 0, 
82, 0, 87, -1, -1, 133, 86, 158.0, 9, , 54, 0, 0, 0, , 0, 0, 0, 0, 0, 
83, 0, 88, -1, -1, 141, 120, 137.0, 7, , 24, 0, 0, 0, , 0, 0, 0, 0, 0, 
84, 0, 89, -1, -1, 252, 106, 161.0, 9, , 13, 0, 0, 0, , 0, 0, 0, 0, 0, 
85, 0, 90, -1, -1, 170, 82, 170.0, 11, , 29, 0, 0, 0, , 0, 0, 0, 0, 0, 
86, 0, 91, -1, -1, 104, 162, 174.0, 9, , 16, 0, 0, 0, , 0, 0, 0, 0, 0, 
87, 0, 92, -1, -1, 130, 89, 183.0, 9, , 20, 0, 0, 0, , 0, 0, 0, 0, 0, 
88, 0, 93, -1, -1, 133, 55, 177.0, 7, , 14, 0, 0, 0, , 0, 0, 0, 0, 0, 
89, 0, 94, -1, -1, 275, 77, 183.0, 9, , 62, 0, 0, 0, , 0, 0, 0, 0, 0, 
90, 0, 95, -1, -1, 194, 145, 187.0, 9, , 50, 0, 0, 0, , 0, 0, 0, 0, 0, 
91, 0, 96, -1, -1, 200, 79, 196.0, 9, , 39, 0, 0, 0, , 0, 0, 0, 0, 0, 
92, 0, 97, -1, -1, 288, 105, 200.0, 9, , 29, 0, 0, 0, , 0, 0, 0, 0, 0, 
93, 0, 98, -1, -1, 158, 90, 157.0, 11, , 109, 0, 0, 0, , 0, 0, 0, 0, 0, 
94, 0, 99, -1, -1, 196, 136, 166.0, 9, , 26, 0, 0, 0, , 0, 0, 0, 0, 0, 
95, 0, 100, -1, -1, 63, 114, 154.0, 9, , 30, 0, 0, 0, , 0, 0, 0, 0, 0, 
96, 0, 101, -1, -1, 159, 90, 160.0, 9, , 55, 0, 0, 0, , 0, 0, 0, 0, 0, 
97, 0, 102, -1, -1, 181, 58, 188.0, 7, , 31, 0, 0, 0, , 0, 0, 0, 0, 0, 
98, 0, 103, -1, -1, 131, 152, 191.0, 9, , 32, 0, 0, 0, , 0, 0, 0, 0, 0, 
99, 0, 104, -1, -1, 154, 117, 150.0, 11, , 53, 0, 0, 0, , 0, 0, 0, 0, 0, 
100, 0, 105, -1, -1, 153, 115, 153.0, 9, , 48, 0, 0, 0, , 0, 0, 0, 0, 0, 
101, 0, 106, -1, -1, 194, 145, 184.0, 9, , 29, 0, 0, 0, , 0, 0, 0, 0, 0, 
102, 0, 107, -1, -1, 133, 61, 158.0, 7, , 46, 0, 0, 0, , 0, 0, 0, 0, 0, 
103, 0, 108, -1, -1, 128, 162, 177.0, 9, , 24, 0, 0, 0, , 0, 0, 0, 0, 0, 
104, 0, 109, -1, -1, 88, 148, 90.0, 9, , 24, 0, 0, 0, , 0, 0, 0, 0, 0, 
105, 0, 110, -1, -1, 176, 114, 93.0, 11, , 44, 0, 0, 0, , 0, 0, 0, 0, 0, 
106, 0, 113, -1, -1, 158, 112, 139.0, 11, , 121, 0, 0, 0, , 0, 0, 0, 0, 0, 
107, 0, 115, -1, -1, 123, 152, 150.0, 9, , 40, 0, 0, 0, , 0, 0, 0, 0, 0, 
108, 0, 116, -1, -1, 124, 133, 165.0, 7, , 7, 0, 0, 0, , 0, 0, 0, 0, 0, 
109, 0, 117, -1, -1, 137, 77, 171.0, 9, , 19, 0, 0, 0, , 0, 0, 0, 0, 0, 
110, 0, 118, -1, -1, 153, 69, 182.0, 9, , 30, 0, 0, 0, , 0, 0, 0, 0, 0, 
111, 0, 119, -1, -1, 116, 146, 186.0, 9, , 35, 0, 0, 0, , 0, 0, 0, 0, 0, 
112, 0, 120, -1, -1, 159, 92, 197.0, 9, , 34, 0, 0, 0, , 0, 0, 0, 0, 0, 
113, 0, 123, -1, -1, 192, 120, 68.0, 9, , 25, 0, 0, 0, , 0, 0, 0, 0, 0, 
114, 0, 125, -1, -1, 57, 112, 90.0, 9, , 12, 0, 0, 0, , 0, 0, 0, 0, 0, 
115, 0, 126, -1, -1, 90, 149, 105.0, 11, , 42, 0, 0, 0, , 0, 0, 0, 0, 0, 
116, 0, 128, -1, -1, 113, 96, 117.0, 11, , 45, 0, 0, 0, , 0, 0, 0, 0, 0, 
117, 0, 129, -1, -1, 115, 75, 133.0, 9, , 39, 0, 0, 0, , 0, 0, 0, 0, 0, 
118, 0, 131, -1, -1, 133, 128, 139.0, 11, , 84, 0, 0, 0, , 0, 0, 0, 0, 0, 
119, 0, 132, -1, -1, 218, 139, 140.0, 9, , 14, 0, 0, 0, , 0, 0, 0, 0, 0, 
120, 0, 134, -1, -1, 102, 158, 153.0, 7, , 35, 0, 0, 0, , 0, 0, 0, 0, 0, 
121, 0, 135, -1, -1, 160, 90, 162.0, 9, , 53, 0, 0, 0, , 0, 0, 0, 0, 0, 
122, 0, 136, -1, -1, 152, 151, 163.0, 9, , 55, 0, 0, 0, , 0, 0, 0, 0, 0, 
123, 0, 137, -1, -1, 119, 165, 159.0, 9, , 33, 0, 0, 0, , 0, 0, 0, 0, 0, 
124, 0, 138, -1, -1, 159, 90, 164.0, 9, , 50, 0, 0, 0, , 0, 0, 0, 0, 0, 
125, 0, 140, -1, -1, 170, 81, 173.0, 11, , 46, 0, 0, 0, , 0, 0, 0, 0, 0, 
126, 0, 142, -1, -1, 117, 88, 181.0, 9, , 55, 0, 0, 0, , 0, 0, 0, 0, 0, 
127, 0, 143, -1, -1, 133, 102, 181.0, 7, , 16, 0, 0, 0, , 0, 0, 0, 0, 0, 
128, 0, 144, -1, -1, 241, 63, 186.0, 9, , 36, 0, 0, 0, , 0, 0, 0, 0, 0, 
129, 0, 146, -1, -1, 159, 72, 189.0, 9, , 15, 0, 0, 0, , 0, 0, 0, 0, 0, 
130, 0, 147, -1, -1, 164, 82, 187.0, 7, , 29, 0, 0, 0, , 0, 0, 0, 0, 0, 
131, 0, 148, -1, -1, 321, 94, 186.0, 11, , 71, 0, 0, 0, , 0, 0, 0, 0, 0, 
132, 0, 149, -1, -1, 315, 125, 191.0, 7, , 16, 0, 0, 0, , 0, 0, 0, 0, 0, 
133, 0, 150, -1, -1, 99, 94, 183.0, 9, , 38, 0, 0, 0, , 0, 0, 0, 0, 0, 
134, 0, 151, -1, -1, 144, 87, 196.0, 9, , 25, 0, 0, 0, , 0, 0, 0, 0, 0, 
135, 0, 153, -1, -1, 173, 95, 207.0, 9, , 20, 0, 0, 0, , 0, 0, 0, 0, 0, 
136, 0, 154, -1, -1, 154, 128, 210.0, 9, , 40, 0, 0, 0, , 0, 0, 0, 0, 0, 
137, 0, 155, -1, -1, 110, 94, 124.0, 9, , 71, 0, 0, 0, , 0, 0, 0, 0, 0, 
138, 0, 156, -1, -1, 294, 114, 192.0, 11, , 51, 0, 0, 0, , 0, 0, 0, 0, 0, 
139, 0, 157, -1, -1, 165, 126, 209.0, 9, , 22, 0, 0, 0, , 0, 0, 0, 0, 0, 
140, 0, 158, -1, -1, 106, 124, 57.0, 7, , 13, 0, 0, 0, , 0, 0, 0, 0, 0, 
141, 0, 159, -1, -1, 174, 131, 79.0, 9, , 38, 0, 0, 0, , 0, 0, 0, 0, 0, 
142, 0, 160, -1, -1, 127, 130, 83.0, 11, , 84, 0, 0, 0, , 0, 0, 0, 0, 0, 
143, 0, 161, -1, -1, 81, 147, 98.0, 9, , 15, 0, 0, 0, , 0, 0, 0, 0, 0, 
144, 0, 162, -1, -1, 308, 151, 95.0, 9, , 10, 0, 0, 0, , 0, 0, 0, 0, 0, 
145, 0, 163, -1, -1, 174, 108, 95.0, 7, , 20, 0, 0, 0, , 0, 0, 0, 0, 0, 
146, 0, 164, -1, -1, 119, 86, 102.0, 9, , 25, 0, 0, 0, , 0, 0, 0, 0, 0, 
147, 0, 165, -1, -1, 79, 150, 107.0, 9, , 43, 0, 0, 0, , 0, 0, 0, 0, 0, 
148, 0, 166, -1, -1, 124, 178, 118.0, 9, , 3, 0, 0, 0, , 0, 0, 0, 0, 0, 
149, 0, 167, -1, -1, 118, 166, 129.0, 11, , 41, 0, 0, 0, , 0, 0, 0, 0, 0, 
150, 0, 168, -1, -1, 111, 85, 125.0, 9, , 71, 0, 0, 0, , 0, 0, 0, 0, 0, 
151, 0, 169, -1, -1, 258, 41, 130.0, 7, , 19, 0, 0, 0, , 0, 0, 0, 0, 0, 
152, 0, 170, -1, -1, 284, 170, 125.0, 11, , 17, 0, 0, 0, , 0, 0, 0, 0, 0, 
153, 0, 171, -1, -1, 89, 119, 127.0, 9, , 18, 0, 0, 0, , 0, 0, 0, 0, 0, 
154, 0, 172, -1, -1, 139, 181, 132.0, 9, , 38, 0, 0, 0, , 0, 0, 0, 0, 0, 
155, 0, 174, -1, -1, 120, 89, 134.0, 11, , 11, 0, 0, 0, , 0, 0, 0, 0, 0, 
156, 0, 175, -1, -1, 88, 120, 130.0, 11, , 11, 0, 0, 0, , 0, 0, 0, 0, 0, 
157, 0, 178, -1, -1, 116, 76, 139.0, 9, , 52, 0, 0, 0, , 0, 0, 0, 0, 0, 
158, 0, 180, -1, -1, 83, 123, 142.0, 11, , 77, 0, 0, 0, , 0, 0, 0, 0, 0, 
159, 0, 181, -1, -1, 194, 116, 148.0, 9, , 30, 0, 0, 0, , 0, 0, 0, 0, 0, 
160, 0, 182, -1, -1, 83, 129, 143.0, 9, , 28, 0, 0, 0, , 0, 0, 0, 0, 0, 
161, 0, 183, -1, -1, 193, 112, 149.0, 9, , 25, 0, 0, 0, , 0, 0, 0, 0, 0, 
162, 0, 185, -1, -1, 159, 159, 152.0, 11, , 45, 0, 0, 0, , 0, 0, 0, 0, 0, 
163, 0, 186, -1, -1, 195, 109, 152.0, 9, , 58, 0, 0, 0, , 0, 0, 0, 0, 0, 
164, 0, 188, -1, -1, 149, 149, 156.0, 9, , 58, 0, 0, 0, , 0, 0, 0, 0, 0, 
165, 0, 189, -1, -1, 175, 96, 160.0, 9, , 47, 0, 0, 0, , 0, 0, 0, 0, 0, 
166, 0, 190, -1, -1, 321, 80, 157.0, 9, , 20, 0, 0, 0, , 0, 0, 0, 0, 0, 
167, 0, 191, -1, -1, 150, 145, 162.0, 7, , 26, 0, 0, 0, , 0, 0, 0, 0, 0, 
168, 0, 193, -1, -1, 227, 37, 171.0, 9, , 42, 0, 0, 0, , 0, 0, 0, 0, 0, 
169, 0, 194, -1, -1, 281, 115, 163.0, 9, , 39, 0, 0, 0, , 0, 0, 0, 0, 0, 
170, 0, 195, -1, -1, 74, 116, 170.0, 9, , 17, 0, 0, 0, , 0, 0, 0, 0, 0, 
171, 0, 196, -1, -1, 194, 140, 177.0, 9, , 27, 0, 0, 0, , 0, 0, 0, 0, 0, 
172, 0, 198, -1, -1, 74, 116, 172.0, 7, , 26, 0, 0, 0, , 0, 0, 0, 0, 0, 
173, 0, 200, -1, -1, 193, 139, 179.0, 9, , 45, 0, 0, 0, , 0, 0, 0, 0, 0, 
174, 0, 201, -1, -1, 239, 67, 180.0, 9, , 22, 0, 0, 0, , 0, 0, 0, 0, 0, 
175, 0, 202, -1, -1, 294, 113, 188.0, 9, , 28, 0, 0, 0, , 0, 0, 0, 0, 0, 
176, 0, 203, -1, -1, 163, 83, 193.0, 7, , 20, 0, 0, 0, , 0, 0, 0, 0, 0, 
177, 0, 204, -1, -1, 171, 141, 188.0, 11, , 32, 0, 0, 0, , 0, 0, 0, 0, 0, 
178, 0, 205, -1, -1, 290, 129, 189.0, 9, , 52, 0, 0, 0, , 0, 0, 0, 0, 0, 
179, 0, 206, -1, -1, 279, 89, 192.0, 9, , 30, 0, 0, 0, , 0, 0, 0, 0, 0, 
180, 0, 207, -1, -1, 271, 142, 193.0, 9, , 19, 0, 0, 0, , 0, 0, 0, 0, 0, 
181, 0, 208, -1, -1, 300, 116, 192.0, 9, , 31, 0, 0, 0, , 0, 0, 0, 0, 0, 
182, 0, 209, -1, -1, 280, 94, 199.0, 11, , 19, 0, 0, 0, , 0, 0, 0, 0, 0, 
183, 0, 210, -1, -1, 127, 130, 86.0, 11, , 63, 0, 0, 0, , 0, 0, 0, 0, 0, 
184, 0, 211, -1, -1, 141, 93, 109.0, 9, , 39, 0, 0, 0, , 0, 0, 0, 0, 0, 
185, 0, 212, -1, -1, 81, 153, 110.0, 9, , 13, 0, 0, 0, , 0, 0, 0, 0, 0, 
186, 0, 213, -1, -1, 126, 87, 116.0, 9, , 22, 0, 0, 0, , 0, 0, 0, 0, 0, 
187, 0, 214, -1, -1, 306, 173, 127.0, 7, , 23, 0, 0, 0, , 0, 0, 0, 0, 0, 
188, 0, 215, -1, -1, 213, 159, 150.0, 9, , 74, 0, 0, 0, , 0, 0, 0, 0, 0, 
189, 0, 216, -1, -1, 108, 160, 152.0, 9, , 35, 0, 0, 0, , 0, 0, 0, 0, 0, 
190, 0, 217, -1, -1, 213, 160, 154.0, 9, , 39, 0, 0, 0, , 0, 0, 0, 0, 0, 
191, 0, 218, -1, -1, 239, 63, 179.0, 9, , 32, 0, 0, 0, , 0, 0, 0, 0, 0, 
192, 0, 219, -1, -1, 221, 75, 190.0, 11, , 76, 0, 0, 0, , 0, 0, 0, 0, 0, 
193, 0, 220, -1, -1, 189, 139, 190.0, 9, , 37, 0, 0, 0, , 0, 0, 0, 0, 0, 
194, 0, 221, -1, -1, 176, 113, 89.0, 11, , 58, 0, 0, 0, , 0, 0, 0, 0, 0, 
195, 0, 222, -1, -1, 306, 173, 125.0, 7, , 9, 0, 0, 0, , 0, 0, 0, 0, 0, 
196, 0, 223, -1, -1, 145, 113, 148.0, 9, , 67, 0, 0, 0, , 0, 0, 0, 0, 0, 
197, 0, 224, -1, -1, 190, 138, 184.0, 7, , 20, 0, 0, 0, , 0, 0, 0, 0, 0, 
198, 0, 225, -1, -1, 191, 141, 197.0, 9, , 60, 0, 0, 0, , 0, 0, 0, 0, 0, 
199, 0, 226, -1, -1, 96, 99, 176.0, 7, , 27, 0, 0, 0, , 0, 0, 0, 0, 0, 
200, 0, 227, -1, -1, 221, 134, 163.0, 9, , 45, 0, 0, 0, , 0, 0, 0, 0, 0, 
201, 0, 228, -1, -1, 241, 63, 174.0, 7, , 19, 0, 0, 0, , 0, 0, 0, 0, 0, 
202, 0, 231, -1, -1, 143, 93, 103.0, 7, , 16, 0, 0, 0, , 0, 0, 0, 0, 0, 
203, 0, 232, -1, -1, 135, 153, 103.0, 11, , 64, 0, 0, 0, , 0, 0, 0, 0, 0, 
204, 0, 235, -1, -1, 131, 130, 140.0, 13, , 257, 0, 0, 0, , 0, 0, 0, 0, 0, 
205, 0, 236, -1, -1, 67, 117, 154.0, 9, , 25, 0, 0, 0, , 0, 0, 0, 0, 0, 
206, 0, 237, -1, -1, 133, 86, 155.0, 11, , 93, 0, 0, 0, , 0, 0, 0, 0, 0, 
207, 0, 238, -1, -1, 144, 91, 161.0, 7, , 21, 0, 0, 0, , 0, 0, 0, 0, 0, 
208, 0, 239, -1, -1, 139, 62, 159.0, 9, , 55, 0, 0, 0, , 0, 0, 0, 0, 0, 
209, 0, 240, -1, -1, 159, 90, 166.0, 9, , 56, 0, 0, 0, , 0, 0, 0, 0, 0, 
210, 0, 242, -1, -1, 122, 141, 166.0, 9, , 67, 0, 0, 0, , 0, 0, 0, 0, 0, 
211, 0, 243, -1, -1, 233, 42, 177.0, 11, , 24, 0, 0, 0, , 0, 0, 0, 0, 0, 
212, 0, 244, -1, -1, 295, 63, 179.0, 11, , 16, 0, 0, 0, , 0, 0, 0, 0, 0, 
213, 0, 245, -1, -1, 120, 94, 182.0, 9, , 33, 0, 0, 0, , 0, 0, 0, 0, 0, 
214, 0, 246, -1, -1, 95, 98, 187.0, 9, , 31, 0, 0, 0, , 0, 0, 0, 0, 0, 
215, 0, 247, -1, -1, 126, 144, 189.0, 9, , 34, 0, 0, 0, , 0, 0, 0, 0, 0, 
216, 0, 248, -1, -1, 132, 153, 186.0, 9, , 69, 0, 0, 0, , 0, 0, 0, 0, 0, 
217, 0, 249, -1, -1, 185, 62, 188.0, 9, , 44, 0, 0, 0, , 0, 0, 0, 0, 0, 
218, 0, 250, -1, -1, 270, 78, 190.0, 9, , 31, 0, 0, 0, , 0, 0, 0, 0, 0, 
219, 0, 252, -1, -1, 178, 140, 197.0, 9, , 57, 0, 0, 0, , 0, 0, 0, 0, 0, 
220, 0, 253, -1, -1, 199, 77, 199.0, 7, , 5, 0, 0, 0, , 0, 0, 0, 0, 0, 
221, 0, 254, -1, -1, 158, 93, 199.0, 9, , 28, 0, 0, 0, , 0, 0, 0, 0, 0, 
222, 0, 255, -1, -1, 159, 68, 209.0, 9, , 22, 0, 0, 0, , 0, 0, 0, 0, 0, 
223, 0, 256, -1, -1, 157, 110, 135.0, 9, , 80, 0, 0, 0, , 0, 0, 0, 0, 0, 
224, 0, 257, -1, -1, 218, 143, 135.0, 7, , 24, 0, 0, 0, , 0, 0, 0, 0, 0, 
225, 0, 259, -1, -1, 132, 152, 189.0, 9, , 30, 0, 0, 0, , 0, 0, 0, 0, 0, 
226, 0, 260, -1, -1, 163, 86, 209.0, 9, , 51, 0, 0, 0, , 0, 0, 0, 0, 0, 
227, 0, 261, -1, -1, 136, 87, 147.0, 9, , 23, 0, 0, 0, , 0, 0, 0, 0, 0, 
228, 0, 263, -1, -1, 162, 86, 204.0, 11, , 38, 0, 0, 0, , 0, 0, 0, 0, 0, 
229, 0, 264, -1, -1, 136, 62, 163.0, 11, , 72, 0, 0, 0, , 0, 0, 0, 0, 0, 
230, 0, 266, -1, -1, 139, 137, 85.0, 7, , 7, 0, 0, 0, , 0, 0, 0, 0, 0, 
231, 0, 268, -1, -1, 99, 139, 93.0, 9, , 32, 0, 0, 0, , 0, 0, 0, 0, 0, 
232, 0, 269, -1, -1, 177, 111, 115.0, 9, , 40, 0, 0, 0, , 0, 0, 0, 0, 0, 
233, 0, 270, -1, -1, 58, 90, 121.0, 9, , 8, 0, 0, 0, , 0, 0, 0, 0, 0, 
234, 0, 271, -1, -1, 196, 173, 134.0, 9, , 50, 0, 0, 0, , 0, 0, 0, 0, 0, 
235, 0, 273, -1, -1, 63, 111, 147.0, 7, , 15, 0, 0, 0, , 0, 0, 0, 0, 0, 
236, 0, 275, -1, -1, 210, 142, 154.0, 9, , 53, 0, 0, 0, , 0, 0, 0, 0, 0, 
237, 0, 277, -1, -1, 234, 108, 160.0, 9, , 17, 0, 0, 0, , 0, 0, 0, 0, 0, 
238, 0, 278, -1, -1, 198, 140, 170.0, 9, , 10, 0, 0, 0, , 0, 0, 0, 0, 0, 
239, 0, 279, -1, -1, 233, 40, 175.0, 9, , 32, 0, 0, 0, , 0, 0, 0, 0, 0, 
240, 0, 280, -1, -1, 99, 80, 177.0, 9, , 28, 0, 0, 0, , 0, 0, 0, 0, 0, 
241, 0, 281, -1, -1, 127, 51, 185.0, 9, , 30, 0, 0, 0, , 0, 0, 0, 0, 0, 
242, 0, 282, -1, -1, 275, 78, 182.0, 9, , 87, 0, 0, 0, , 0, 0, 0, 0, 0, 
243, 0, 283, -1, -1, 217, 73, 182.0, 9, , 19, 0, 0, 0, , 0, 0, 0, 0, 0, 
244, 0, 285, -1, -1, 166, 160, 186.0, 9, , 30, 0, 0, 0, , 0, 0, 0, 0, 0, 
245, 0, 287, -1, -1, 189, 139, 193.0, 9, , 70, 0, 0, 0, , 0, 0, 0, 0, 0, 
246, 0, 288, -1, -1, 140, 84, 194.0, 9, , 18, 0, 0, 0, , 0, 0, 0, 0, 0, 
247, 0, 289, -1, -1, 136, 109, 144.0, 9, , 55, 0, 0, 0, , 0, 0, 0, 0, 0, 
248, 0, 290, -1, -1, 213, 160, 147.0, 9, , 38, 0, 0, 0, , 0, 0, 0, 0, 0, 
249, 0, 291, -1, -1, 124, 175, 150.0, 9, , 14, 0, 0, 0, , 0, 0, 0, 0, 0, 
250, 0, 292, -1, -1, 124, 153, 152.0, 9, , 41, 0, 0, 0, , 0, 0, 0, 0, 0, 
251, 0, 293, -1, -1, 130, 85, 161.0, 7, , 14, 0, 0, 0, , 0, 0, 0, 0, 0, 
252, 0, 294, -1, -1, 120, 165, 169.0, 7, , 19, 0, 0, 0, , 0, 0, 0, 0, 0, 
253, 0, 295, -1, -1, 272, 76, 182.0, 11, , 78, 0, 0, 0, , 0, 0, 0, 0, 0, 
254, 0, 296, -1, -1, 81, 98, 181.0, 9, , 27, 0, 0, 0, , 0, 0, 0, 0, 0, 
255, 0, 297, -1, -1, 295, 69, 183.0, 13, , 21, 0, 0, 0, , 0, 0, 0, 0, 0, 
256, 0, 298, -1, -1, 122, 115, 189.0, 11, , 86, 0, 0, 0, , 0, 0, 0, 0, 0, 
257, 0, 299, -1, -1, 107, 113, 189.0, 9, , 19, 0, 0, 0, , 0, 0, 0, 0, 0, 
258, 0, 300, -1, -1, 142, 115, 160.0, 9, , 53, 0, 0, 0, , 0, 0, 0, 0, 0, 
259, 0, 301, -1, -1, 178, 115, 108.0, 9, , 33, 0, 0, 0, , 0, 0, 0, 0, 0, 
260, 0, 302, -1, -1, 131, 177, 118.0, 7, , 17, 0, 0, 0, , 0, 0, 0, 0, 0, 
261, 0, 303, -1, -1, 195, 172, 131.0, 9, , 48, 0, 0, 0, , 0, 0, 0, 0, 0, 
262, 0, 304, -1, -1, 142, 117, 153.0, 11, , 181, 0, 0, 0, , 0, 0, 0, 0, 0, 
263, 0, 305, -1, -1, 102, 60, 168.0, 7, , 13, 0, 0, 0, , 0, 0, 0, 0, 0, 
264, 0, 306, -1, -1, 261, 107, 176.0, 9, , 51, 0, 0, 0, , 0, 0, 0, 0, 0, 
265, 0, 307, -1, -1, 130, 132, 81.0, 11, , 37, 0, 0, 0, , 0, 0, 0, 0, 0, 
266, 0, 308, -1, -1, 135, 180, 128.0, 9, , 36, 0, 0, 0, , 0, 0, 0, 0, 0, 
267, 0, 309, -1, -1, 159, 91, 151.0, 7, , 22, 0, 0, 0, , 0, 0, 0, 0, 0, 
268, 0, 310, -1, -1, 106, 144, 158.0, 9, , 26, 0, 0, 0, , 0, 0, 0, 0, 0, 
269, 0, 311, -1, -1, 281, 115, 161.0, 9, , 35, 0, 0, 0, , 0, 0, 0, 0, 0, 
270, 0, 312, -1, -1, 305, 158, 98.0, 9, , 43, 0, 0, 0, , 0, 0, 0, 0, 0, 
271, 0, 314, -1, -1, 142, 94, 104.0, 7, , 21, 0, 0, 0, , 0, 0, 0, 0, 0, 
272, 0, 315, -1, -1, 255, 40, 135.0, 9, , 39, 0, 0, 0, , 0, 0, 0, 0, 0, 
273, 0, 316, -1, -1, 175, 106, 139.0, 9, , 8, 0, 0, 0, , 0, 0, 0, 0, 0, 
274, 0, 317, -1, -1, 176, 106, 143.0, 9, , 39, 0, 0, 0, , 0, 0, 0, 0, 0, 
275, 0, 318, -1, -1, 178, 108, 146.0, 9, , 29, 0, 0, 0, , 0, 0, 0, 0, 0, 
276, 0, 319, -1, -1, 135, 87, 149.0, 9, , 48, 0, 0, 0, , 0, 0, 0, 0, 0, 
277, 0, 320, -1, -1, 220, 133, 159.0, 9, , 20, 0, 0, 0, , 0, 0, 0, 0, 0, 
278, 0, 321, -1, -1, 130, 75, 166.0, 7, , 12, 0, 0, 0, , 0, 0, 0, 0, 0, 
279, 0, 322, -1, -1, 290, 156, 175.0, 9, , 35, 0, 0, 0, , 0, 0, 0, 0, 0, 
280, 0, 323, -1, -1, 270, 79, 188.0, 11, , 50, 0, 0, 0, , 0, 0, 0, 0, 0, 
281, 0, 325, -1, -1, 163, 82, 191.0, 9, , 29, 0, 0, 0, , 0, 0, 0, 0, 0, 
282, 0, 326, -1, -1, 133, 71, 194.0, 7, , 4, 0, 0, 0, , 0, 0, 0, 0, 0, 
283, 0, 327, -1, -1, 133, 73, 198.0, 9, , 13, 0, 0, 0, , 0, 0, 0, 0, 0, 
284, 0, 328, -1, -1, 177, 95, 203.0, 9, , 23, 0, 0, 0, , 0, 0, 0, 0, 0, 
285, 0, 329, -1, -1, 286, 106, 206.0, 9, , 30, 0, 0, 0, , 0, 0, 0, 0, 0, 
286, 0, 330, -1, -1, 150, 110, 206.0, 9, , 27, 0, 0, 0, , 0, 0, 0, 0, 0, 
287, 0, 331, -1, -1, 280, 116, 159.0, 9, , 28, 0, 0, 0, , 0, 0, 0, 0, 0, 
288, 0, 332, -1, -1, 261, 110, 175.0, 13, , 41, 0, 0, 0, , 0, 0, 0, 0, 0, 
289, 0, -1, -1, -1, 127, 129, 78.0, 9, , 36, 0, 0, 0, , 0, 0, 0, 0, 0, 
290, 0, -1, -1, -1, 101, 161, 107.0, 9, , 14, 0, 0, 0, , 0, 0, 0, 0, 0, 
291, 0, -1, -1, -1, 119, 137, 125.0, 9, , 19, 0, 0, 0, , 0, 0, 0, 0, 0, 
292, 0, -1, -1, -1, 155, 134, 125.0, 9, , 15, 0, 0, 0, , 0, 0, 0, 0, 0, 
293, 0, -1, -1, -1, 62, 92, 135.0, 7, , 10, 0, 0, 0, , 0, 0, 0, 0, 0, 
294, 0, -1, -1, -1, 219, 138, 136.0, 9, , 10, 0, 0, 0, , 0, 0, 0, 0, 0, 
295, 0, -1, -1, -1, 101, 158, 156.0, 9, , 64, 0, 0, 0, , 0, 0, 0, 0, 0, 
296, 0, -1, -1, -1, 114, 130, 158.0, 9, , 49, 0, 0, 0, , 0, 0, 0, 0, 0, 
297, 0, -1, -1, -1, 138, 76, 202.0, 9, , 11, 0, 0, 0, , 0, 0, 0, 0, 0, 
298, 0, -1, -1, -1, 306, 172, 129.0, 9, , 22, 0, 0, 0, , 0, 0, 0, 0, 0, 
299, 0, -1, -1, -1, 135, 112, 151.0, 7, , 20, 0, 0, 0, , 0, 0, 0, 0, 0, 
300, 0, -1, -1, -1, 195, 140, 175.0, 11, , 34, 0, 0, 0, , 0, 0, 0, 0, 0, 
301, 0, -1, -1, -1, 131, 154, 182.0, 9, , 18, 0, 0, 0, , 0, 0, 0, 0, 0, 
302, 1, 333, 277, -1, 303, 95, 132.0, 14, Eprpa, 0, 0, 0, 0, , 0, 0, 0, 0, 0, 
303, 1, 334, 278, -1, 242, 65, 184.0, 15, ABprappaap, 0, 0, 0, 0, , 0, 0, 0, 0, 0, 
304, 1, 335, 279, -1, 126, 131, 84.0, 15, ABplpaapaaa, 0, 0, 0, 0, , 0, 0, 0, 0, 0, 
305, 1, 336, 280, -1, 95, 145, 71.0, 15, ABplaaappa, 0, 0, 0, 0, , 0, 0, 0, 0, 0, 
306, 1, 337, 281, -1, 120, 125, 59.333332, 16, ABplaaappp, 0, 0, 0, 0, , 0, 0, 0, 0, 0, 
307, 1, 338, 282, -1, 86, 87, 188.0, 13, ABarpapppa, 0, 0, 0, 0, , 0, 0, 0, 0, 0, 
308, 1, 339, 283, -1, 117, 60, 187.0, 14, ABarpapppp, 0, 0, 0, 0, , 0, 0, 0, 0, 0, 
309, 0, 340, -1, -1, 149, 57, 189.0, 16, , 0, 0, 0, 0, , 0, 0, 0, 0, 0, 
310, 1, 341, 285, -1, 183, 112, 55.0, 17, ABarppapaa, 0, 0, 0, 0, , 0, 0, 0, 0, 0, 
311, 1, 342, 286, -1, 211, 115, 66.0, 18, ABarppapap, 0, 0, 0, 0, , 0, 0, 0, 0, 0, 
312, 1, 343, 287, -1, 202, 51, 184.0, 15, ABarppppap, 0, 0, 0, 0, , 0, 0, 0, 0, 0, 
313, 1, 344, 288, -1, 232, 109, 65.0, 15, ABplappapa, 0, 0, 0, 0, , 0, 0, 0, 0, 0, 
314, 1, 345, 289, -1, 227, 40, 173.0, 11, ABprappapa, 0, 0, 0, 0, , 0, 0, 0, 0, 0, 
315, 1, 346, 290, -1, 263, 114, 75.0, 17, ABarppappa, 0, 0, 0, 0, , 0, 0, 0, 0, 0, 
316, 1, 347, 291, -1, 263, 55, 177.0, 14, ABarpppppa, 0, 0, 0, 0, , 0, 0, 0, 0, 0, 
317, 1, 348, 292, -1, 293, 130, 76.0, 14, ABplapapaa, 0, 0, 0, 0, , 0, 0, 0, 0, 0, 
318, 1, 349, 293, -1, 293, 68, 181.0, 13, ABprapapaa, 0, 0, 0, 0, , 0, 0, 0, 0, 0, 
319, 1, 350, 294, -1, 306, 89, 192.0, 15, ABarpppppp, 0, 0, 0, 0, , 0, 0, 0, 0, 0, 
320, 1, 351, 295, -1, 301, 169, 140.0, 15, ABplappppp, 0, 0, 0, 0, , 0, 0, 0, 0, 0, 
321, 0, 352, -1, -1, 307, 123, 181.0, 10, , 0, 0, 0, 0, , 0, 0, 0, 0, 0, 
322, 0, 353, -1, -1, 165, 129, 70.0, 14, , 0, 0, 0, 0, , 0, 0, 0, 0, 0, 
323, 1, 354, 298, -1, 295, 151, 92.0, 17, ABarppappp, 0, 0, 0, 0, , 0, 0, 0, 0, 0, 
324, 1, 355, 299, -1, 152, 57, 192.0, 16, ABarpppaap, 0, 0, 0, 0, , 0, 0, 0, 0, 0, 
325, 0, 357, -1, -1, 165, 129, 68.0, 14, , 0, 0, 0, 0, , 0, 0, 0, 0, 0, 
326, 1, 358, 301, -1, 175, 50, 187.0, 14, ABarppppaa, 0, 0, 0, 0, , 0, 0, 0, 0, 0, 
327, 1, 359, 302, -1, 198, 28, 157.0, 15, Caaaaa, 0, 0, 0, 0, , 0, 0, 0, 0, 0, 
328, 1, 360, 303, -1, 215, 120, 97.0, 17, Capaaaa, 0, 0, 0, 0, , 0, 0, 0, 0, 0, 
329, 1, 361, 304, -1, 260, 118, 96.0, 15, Capaapa, 0, 0, 0, 0, , 0, 0, 0, 0, 0, 
330, 1, 362, 305, -1, 290, 135, 98.0, 15, Capaapp, 0, 0, 0, 0, , 0, 0, 0, 0, 0, 
331, 0, 363, -1, -1, 88, 143, 122.0, 13, , 0, 0, 0, 0, , 0, 0, 0, 0, 0, 
332, 0, 364, -1, -1, 102, 125, 108.0, 12, , 0, 0, 0, 0, , 0, 0, 0, 0, 0, 
333, 0, 365, -1, -1, 99, 145, 127.0, 12, , 0, 0, 0, 0, , 0, 0, 0, 0, 0, 
334, 0, 366, -1, -1, 98, 145, 129.5, 14, , 0, 0, 0, 0, , 0, 0, 0, 0, 0, 
335, 0, 367, -1, -1, 96, 140, 132.0, 13, , 0, 0, 0, 0, , 0, 0, 0, 0, 0, 
336, 0, 368, -1, -1, 88, 141, 121.5, 13, , 0, 0, 0, 0, , 0, 0, 0, 0, 0, 
337, 1, 369, 312, -1, 217, 66, 135.0, 15, Earpa, 0, 0, 0, 0, , 0, 0, 0, 0, 0, 
338, 1, 370, 313, -1, 201, 63, 104.0, 15, Ealaad, 0, 0, 0, 0, , 0, 0, 0, 0, 0, 
339, 1, 371, 314, -1, 214, 99, 101.5, 13, Ealaav, 0, 0, 0, 0, , 0, 0, 0, 0, 0, 
340, 1, 372, 315, -1, 239, 81, 126.5, 16, Ealap, 0, 0, 0, 0, , 0, 0, 0, 0, 0, 
341, 1, 373, 316, -1, 220, 87, 129.25, 15, Ealpa, 0, 0, 0, 0, , 0, 0, 0, 0, 0, 
342, 1, 374, 317, -1, 276, 90, 112.0, 15, Ealpp, 0, 0, 0, 0, , 0, 0, 0, 0, 0, 
343, 1, 375, 318, -1, 198, 54, 134.0, 15, Earaad, 0, 0, 0, 0, , 0, 0, 0, 0, 0, 
344, 1, 376, 319, -1, 209, 71, 158.0, 15, Earaav, 0, 0, 0, 0, , 0, 0, 0, 0, 0, 
345, 1, 377, 320, -1, 227, 67, 116.75, 15, Earap, 0, 0, 0, 0, , 0, 0, 0, 0, 0, 
346, 1, 378, 321, -1, 270, 68, 123.333336, 15, Earpp, 0, 0, 0, 0, , 0, 0, 0, 0, 0, 
347, 1, 379, 322, -1, 253, 77, 114.25, 14, Eplaa, 0, 0, 0, 0, , 0, 0, 0, 0, 0, 
348, 1, 380, 323, -1, 298, 91, 110.5, 15, Eplap, 0, 0, 0, 0, , 0, 0, 0, 0, 0, 
349, 1, 381, 324, -1, 310, 106, 118.0, 17, Eplpa, 0, 0, 0, 0, , 0, 0, 0, 0, 0, 
350, 1, 382, 325, -1, 313, 137, 144.0, 15, Eplppa, 0, 0, 0, 0, , 0, 0, 0, 0, 0, 
351, 1, 383, 326, -1, 315, 124, 121.0, 15, Eplppp, 0, 0, 0, 0, , 0, 0, 0, 0, 0, 
352, 1, 384, 327, -1, 249, 61, 121.333336, 15, Epraa, 0, 0, 0, 0, , 0, 0, 0, 0, 0, 
353, 1, 385, 328, -1, 289, 80, 121.333336, 16, Eprap, 0, 0, 0, 0, , 0, 0, 0, 0, 0, 
354, 1, 386, 329, -1, 301, 126, 153.0, 13, Eprppa, 0, 0, 0, 0, , 0, 0, 0, 0, 0, 
355, 1, 387, 330, -1, 320, 101, 141.66667, 13, Eprppp, 0, 0, 0, 0, , 0, 0, 0, 0, 0, 
356, 1, 388, 331, -1, 106, 101, 108.0, 11, MSaaaaaal, 0, 0, 0, 0, , 0, 0, 0, 0, 0, 
357, 1, 389, 332, -1, 104, 84, 135.0, 11, MSaaaaaar, 0, 0, 0, 0, , 0, 0, 0, 0, 0, 
358, 1, 390, 333, -1, 138, 74, 90.0, 14, MSaaaaapp, 0, 0, 0, 0, , 0, 0, 0, 0, 0, 
359, 1, 391, 334, -1, 111, 72, 119.0, 13, MSaaaaapaa, 0, 0, 0, 0, , 0, 0, 0, 0, 0, 
360, 0, 392, -1, -1, 129, 70, 116.0, 13, , 0, 0, 0, 0, , 0, 0, 0, 0, 0, 
361, 1, 393, 336, -1, 151, 53, 100.0, 11, MSaaaapaa, 0, 0, 0, 0, , 0, 0, 0, 0, 0, 
362, 1, 394, 337, -1, 151, 68, 102.0, 12, MSaaaapap, 0, 0, 0, 0, , 0, 0, 0, 0, 0, 
363, 1, 395, 338, -1, 173, 59, 127.0, 11, MSaaaappa, 0, 0, 0, 0, , 0, 0, 0, 0, 0, 
364, 1, 396, 339, -1, 156, 95, 86.0, 11, MSaaapaap, 0, 0, 0, 0, , 0, 0, 0, 0, 0, 
365, 1, 397, 340, -1, 175, 75, 96.0, 9, MSaaapapa, 0, 0, 0, 0, , 0, 0, 0, 0, 0, 
366, 1, 398, 341, -1, 190, 76, 104.0, 9, MSaaapapp, 0, 0, 0, 0, , 0, 0, 0, 0, 0, 
367, 1, 399, 342, -1, 204, 87, 103.0, 11, MSaaappa, 0, 0, 0, 0, , 0, 0, 0, 0, 0, 
368, 1, 400, 343, -1, 190, 52, 117.0, 11, MSaaappp, 0, 0, 0, 0, , 0, 0, 0, 0, 0, 
369, 1, 401, 344, -1, 192, 125, 121.0, 10, MSaapaaap, 0, 0, 0, 0, , 0, 0, 0, 0, 0, 
370, 1, 402, 345, -1, 178, 123, 122.0, 11, MSaapaaaa, 0, 0, 0, 0, , 0, 0, 0, 0, 0, 
371, 1, 403, 346, -1, 199, 103, 103.0, 12, MSaapaapp, 0, 0, 0, 0, , 0, 0, 0, 0, 0, 
372, 0, 404, -1, -1, 203, 104, 140.0, 10, , 0, 0, 0, 0, , 0, 0, 0, 0, 0, 
373, 1, 405, 348, -1, 127, 123, 104.0, 14, MSapaaaad, 0, 0, 0, 0, , 0, 0, 0, 0, 0, 
374, 1, 406, 349, -1, 147, 142, 118.0, 12, MSapaaaav, 0, 0, 0, 0, , 0, 0, 0, 0, 0, 
375, 1, 407, 350, -1, 125, 108, 79.0, 15, MSapaaap, 0, 0, 0, 0, , 0, 0, 0, 0, 0, 
376, 1, 408, 351, -1, 258, 106, 149.0, 15, MSapaapp, 0, 0, 0, 0, , 0, 0, 0, 0, 0, 
377, 1, 409, 352, -1, 188, 110, 77.0, 16, MSapapaa, 0, 0, 0, 0, , 0, 0, 0, 0, 0, 
378, 1, 410, 353, -1, 149, 143, 98.0, 16, MSapapap, 0, 0, 0, 0, , 0, 0, 0, 0, 0, 
379, 1, 411, 354, -1, 111, 91, 77.5, 16, MSapappa, 0, 0, 0, 0, , 0, 0, 0, 0, 0, 
380, 1, 412, 355, -1, 100, 85, 91.5, 14, MSapappp, 0, 0, 0, 0, , 0, 0, 0, 0, 0, 
381, 1, 413, 356, -1, 141, 81, 74.5, 14, MSapppap, 0, 0, 0, 0, , 0, 0, 0, 0, 0, 
382, 1, 414, 357, -1, 107, 72, 88.0, 14, MSappppa, 0, 0, 0, 0, , 0, 0, 0, 0, 0, 
383, 1, 415, 358, -1, 136, 58, 87.0, 14, MSappppp, 0, 0, 0, 0, , 0, 0, 0, 0, 0, 
384, 1, 416, 359, -1, 132, 54, 121.0, 15, MSpaaaaaa, 0, 0, 0, 0, , 0, 0, 0, 0, 0, 
385, 0, 417, -1, -1, 142, 49, 117.0, 15, , 0, 0, 0, 0, , 0, 0, 0, 0, 0, 
386, 1, 418, 361, -1, 117, 63, 135.5, 15, MSpaaaapa, 0, 0, 0, 0, , 0, 0, 0, 0, 0, 
387, 1, 419, 362, -1, 134, 58, 131.5, 15, MSpaaaapp, 0, 0, 0, 0, , 0, 0, 0, 0, 0, 
388, 1, 420, 363, -1, 164, 66, 102.0, 13, MSpaaapaa, 0, 0, 0, 0, , 0, 0, 0, 0, 0, 
389, 1, 421, 364, -1, 180, 57, 116.5, 13, MSpaaapap, 0, 0, 0, 0, , 0, 0, 0, 0, 0, 
390, 1, 422, 365, -1, 146, 61, 116.0, 15, MSpaaaaap, 0, 0, 0, 0, , 0, 0, 0, 0, 0, 
391, 1, 423, 366, -1, 143, 49, 117.5, 15, MSpaaappa, 0, 0, 0, 0, , 0, 0, 0, 0, 0, 
392, 1, 424, 367, -1, 160, 49, 115.0, 15, MSpaaappp, 0, 0, 0, 0, , 0, 0, 0, 0, 0, 
393, 1, 425, 368, -1, 149, 55, 143.0, 15, ABaraappapp, 0, 0, 0, 0, , 0, 0, 0, 0, 0, 
394, 1, 426, 369, -1, 162, 60, 116.5, 15, MSpaapaap, 0, 0, 0, 0, , 0, 0, 0, 0, 0, 
395, 1, 427, 370, -1, 173, 56, 139.0, 15, MSpaapapa, 0, 0, 0, 0, , 0, 0, 0, 0, 0, 
396, 1, 428, 371, -1, 183, 81, 173.0, 14, MSpapaapa, 0, 0, 0, 0, , 0, 0, 0, 0, 0, 
397, 1, 429, 372, -1, 241, 35, 155.0, 12, Caaaap, 0, 0, 0, 0, , 0, 0, 0, 0, 0, 
398, 1, 430, 373, -1, 277, 48, 159.0, 17, Caaapa, 0, 0, 0, 0, , 0, 0, 0, 0, 0, 
399, 1, 431, 374, -1, 309, 66, 160.0, 17, Caaapp, 0, 0, 0, 0, , 0, 0, 0, 0, 0, 
400, 1, 432, 375, -1, 272, 155, 171.0, 13, Caapaa, 0, 0, 0, 0, , 0, 0, 0, 0, 0, 
401, 1, 433, 376, -1, 335, 116, 168.0, 16, Caappd, 0, 0, 0, 0, , 0, 0, 0, 0, 0, 
402, 1, 434, 377, -1, 317, 147, 166.0, 15, Caappv, 0, 0, 0, 0, , 0, 0, 0, 0, 0, 
403, 1, 435, 378, -1, 235, 114, 92.0, 13, Capaaap, 0, 0, 0, 0, , 0, 0, 0, 0, 0, 
404, 1, 436, 379, -1, 267, 86, 81.0, 15, Capapaa, 0, 0, 0, 0, , 0, 0, 0, 0, 0, 
405, 1, 437, 380, -1, 304, 103, 86.0, 15, Capapap, 0, 0, 0, 0, , 0, 0, 0, 0, 0, 
406, 1, 438, 381, -1, 273, 147, 119.333336, 15, Capappa, 0, 0, 0, 0, , 0, 0, 0, 0, 0, 
407, 0, 439, -1, -1, 262, 156, 139.33333, 14, , 0, 0, 0, 0, , 0, 0, 0, 0, 0, 
408, 1, 440, 383, -1, 229, 79, 79.0, 17, Cappaaa, 0, 0, 0, 0, , 0, 0, 0, 0, 0, 
409, 1, 441, 384, -1, 281, 78, 88.0, 17, Cappaap, 0, 0, 0, 0, , 0, 0, 0, 0, 0, 
410, 1, 442, 385, -1, 314, 133, 103.0, 14, Cappapa, 0, 0, 0, 0, , 0, 0, 0, 0, 0, 
411, 1, 443, 386, -1, 311, 147, 115.5, 14, Cappapp, 0, 0, 0, 0, , 0, 0, 0, 0, 0, 
412, 1, 444, 387, -1, 318, 96, 97.333336, 16, Capppaa, 0, 0, 0, 0, , 0, 0, 0, 0, 0, 
413, 1, 445, 388, -1, 336, 125, 112.0, 15, Capppap, 0, 0, 0, 0, , 0, 0, 0, 0, 0, 
414, 0, 446, -1, -1, 297, 154, 160.0, 14, , 0, 0, 0, 0, , 0, 0, 0, 0, 0, 
415, 0, 447, -1, -1, 284, 163, 155.0, 15, , 0, 0, 0, 0, , 0, 0, 0, 0, 0, 
416, 1, 448, 391, -1, 184, 83, 61.0, 17, Cpaaaa, 0, 0, 0, 0, , 0, 0, 0, 0, 0, 
417, 1, 449, 392, -1, 215, 78, 69.0, 19, Cpaaap, 0, 0, 0, 0, , 0, 0, 0, 0, 0, 
418, 1, 450, 393, -1, 251, 87, 69.666664, 17, Cpaapa, 0, 0, 0, 0, , 0, 0, 0, 0, 0, 
419, 0, 451, -1, -1, 301, 103, 79.0, 17, , 0, 0, 0, 0, , 0, 0, 0, 0, 0, 
420, 1, 452, 395, -1, 281, 106, 73.5, 17, Cpaapp, 0, 0, 0, 0, , 0, 0, 0, 0, 0, 
421, 1, 453, 396, -1, 319, 88, 173.33333, 15, Cpapaa, 0, 0, 0, 0, , 0, 0, 0, 0, 0, 
422, 1, 454, 397, -1, 321, 125, 87.5, 15, Cpapap, 0, 0, 0, 0, , 0, 0, 0, 0, 0, 
423, 1, 455, 398, -1, 327, 152, 111.0, 15, Cpappd, 0, 0, 0, 0, , 0, 0, 0, 0, 0, 
424, 1, 456, 399, -1, 315, 163, 150.5, 15, Cpappv, 0, 0, 0, 0, , 0, 0, 0, 0, 0, 
425, 1, 457, 400, -1, 208, 87, 177.0, 14, Cppaaaa, 0, 0, 0, 0, , 0, 0, 0, 0, 0, 
426, 1, 458, 401, -1, 230, 78, 173.0, 13, Cppaaap, 0, 0, 0, 0, , 0, 0, 0, 0, 0, 
427, 1, 459, 402, -1, 250, 71, 171.0, 13, Cppaapa, 0, 0, 0, 0, , 0, 0, 0, 0, 0, 
428, 1, 460, 403, -1, 289, 87, 173.0, 13, Cppaapp, 0, 0, 0, 0, , 0, 0, 0, 0, 0, 
429, 1, 461, 404, -1, 260, 42, 146.0, 13, Cppapaa, 0, 0, 0, 0, , 0, 0, 0, 0, 0, 
430, 1, 462, 405, -1, 294, 56, 150.0, 15, Cppapap, 0, 0, 0, 0, , 0, 0, 0, 0, 0, 
431, 1, 463, 406, -1, 285, 99, 183.0, 13, Cppappa, 0, 0, 0, 0, , 0, 0, 0, 0, 0, 
432, 1, 464, 407, -1, 278, 115, 184.0, 13, Cppappp, 0, 0, 0, 0, , 0, 0, 0, 0, 0, 
433, 1, 465, 408, -1, 216, 35, 147.33333, 15, Cpppaaa, 0, 0, 0, 0, , 0, 0, 0, 0, 0, 
434, 1, 466, 409, -1, 259, 42, 133.0, 15, Cpppaap, 0, 0, 0, 0, , 0, 0, 0, 0, 0, 
435, 1, 467, 410, -1, 318, 81, 159.0, 14, Cpppapa, 0, 0, 0, 0, , 0, 0, 0, 0, 0, 
436, 1, 468, 411, -1, 327, 104, 162.33333, 13, Cpppapp, 0, 0, 0, 0, , 0, 0, 0, 0, 0, 
437, 1, 469, 412, -1, 312, 64, 133.0, 15, Cppppaa, 0, 0, 0, 0, , 0, 0, 0, 0, 0, 
438, 1, 470, 413, -1, 334, 89, 140.5, 15, Cppppap, 0, 0, 0, 0, , 0, 0, 0, 0, 0, 
439, 1, 471, 414, -1, 332, 123, 150.0, 14, Cpppppd, 0, 0, 0, 0, , 0, 0, 0, 0, 0, 
440, 1, 472, 415, -1, 292, 139, 178.0, 14, Cpppppv, 0, 0, 0, 0, , 0, 0, 0, 0, 0, 
441, 1, 473, 416, -1, 182, 145, 96.0, 14, Daaaa, 0, 0, 0, 0, , 0, 0, 0, 0, 0, 
442, 1, 474, 417, -1, 166, 76, 73.0, 15, Daaap, 0, 0, 0, 0, , 0, 0, 0, 0, 0, 
443, 1, 475, 418, -1, 177, 150, 111.666664, 14, Daapa, 0, 0, 0, 0, , 0, 0, 0, 0, 0, 
444, 1, 476, 419, -1, 191, 156, 116.0, 14, Daapp, 0, 0, 0, 0, , 0, 0, 0, 0, 0, 
445, 1, 477, 420, -1, 201, 135, 99.0, 16, Dapaa, 0, 0, 0, 0, , 0, 0, 0, 0, 0, 
446, 1, 478, 421, -1, 197, 73, 80.5, 16, Dapap, 0, 0, 0, 0, , 0, 0, 0, 0, 0, 
447, 1, 479, 422, -1, 162, 54, 87.5, 12, Dappaa, 0, 0, 0, 0, , 0, 0, 0, 0, 0, 
448, 1, 480, 423, -1, 191, 61, 88.0, 14, Dappap, 0, 0, 0, 0, , 0, 0, 0, 0, 0, 
449, 1, 481, 424, -1, 210, 59, 88.5, 12, Dapppa, 0, 0, 0, 0, , 0, 0, 0, 0, 0, 
450, 1, 482, 425, -1, 243, 63, 92.0, 12, Dapppp, 0, 0, 0, 0, , 0, 0, 0, 0, 0, 
451, 0, 483, -1, -1, 173, 96, 188.0, 15, , 0, 0, 0, 0, , 0, 0, 0, 0, 0, 
452, 1, 484, 427, -1, 151, 40, 151.0, 14, Dpaap, 0, 0, 0, 0, , 0, 0, 0, 0, 0, 
453, 1, 485, 428, -1, 167, 120, 192.0, 12, Dpapa, 0, 0, 0, 0, , 0, 0, 0, 0, 0, 
454, 1, 486, 429, -1, 183, 121, 192.0, 14, Dpapp, 0, 0, 0, 0, , 0, 0, 0, 0, 0, 
455, 1, 487, 430, -1, 190, 93, 187.0, 14, Dppaa, 0, 0, 0, 0, , 0, 0, 0, 0, 0, 
456, 1, 488, 431, -1, 180, 36, 148.66667, 16, Dppap, 0, 0, 0, 0, , 0, 0, 0, 0, 0, 
457, 1, 489, 432, -1, 149, 37, 125.5, 14, Dpppaa, 0, 0, 0, 0, , 0, 0, 0, 0, 0, 
458, 1, 490, 433, -1, 178, 36, 127.0, 14, Dpppap, 0, 0, 0, 0, , 0, 0, 0, 0, 0, 
459, 1, 491, 434, -1, 192, 32, 129.0, 15, Dppppa, 0, 0, 0, 0, , 0, 0, 0, 0, 0, 
460, 1, 492, 435, -1, 223, 35, 136.0, 15, Dppppp, 0, 0, 0, 0, , 0, 0, 0, 0, 0, 
461, 1, 493, 436, -1, 272, 85, 157.66667, 18, Z2, 0, 0, 0, 0, , 0, 0, 0, 0, 0, 
462, 1, 494, 437, -1, 272, 118, 124.0, 16, Z3, 0, 0, 0, 0, , 0, 0, 0, 0, 0, 
463, 1, 495, 438, -1, 129, 72, 115.0, 13, MSaaaaapap, 0, 0, 0, 0, , 0, 0, 0, 0, 0, 
464, 1, 496, 439, -1, 176, 72, 118.666664, 13, MSaaaappp, 0, 0, 0, 0, , 0, 0, 0, 0, 0, 
465, 0, 497, -1, -1, 120, 86, 109.0, 14, , 0, 0, 0, 0, , 0, 0, 0, 0, 0, 
466, 1, 498, 441, -1, 187, 101, 124.5, 12, MSaapapaa, 0, 0, 0, 0, , 0, 0, 0, 0, 0, 
467, 1, 499, 442, -1, 201, 117, 119.0, 10, MSaapapap, 0, 0, 0, 0, , 0, 0, 0, 0, 0, 
468, 0, 500, -1, -1, 203, 105, 144.0, 14, , 0, 0, 0, 0, , 0, 0, 0, 0, 0, 
469, 1, 501, 444, -1, 192, 93, 153.0, 10, MSpapapaa, 0, 0, 0, 0, , 0, 0, 0, 0, 0, 
470, 1, 502, 445, -1, 197, 93, 167.0, 10, MSpapapap, 0, 0, 0, 0, , 0, 0, 0, 0, 0, 
471, 1, 503, 446, -1, 131, 38, 126.5, 14, MSpppppp, 0, 0, 0, 0, , 0, 0, 0, 0, 0, 
472, 0, 504, -1, -1, 155, 87, 180.0, 14, , 0, 0, 0, 0, , 0, 0, 0, 0, 0, 
473, 1, 505, 448, -1, 185, 53, 140.0, 15, MSpaapapp, 0, 0, 0, 0, , 0, 0, 0, 0, 0, 
474, 0, 506, -1, -1, 305, 146, 178.0, 13, , 0, 0, 0, 0, , 0, 0, 0, 0, 0, 
475, 1, 507, 450, -1, 273, 76, 182.0, 13, ABprappapp, 0, 0, 0, 0, , 0, 0, 0, 0, 0, 
476, 1, 508, 451, -1, 219, 75, 188.0, 13, ABprappaaa, 0, 0, 0, 0, , 0, 0, 0, 0, 0, 
477, 1, 509, 452, -1, 122, 115, 189.0, 12, ABprpaaaaaa, 0, 0, 0, 0, , 0, 0, 0, 0, 0, 
478, 0, 510, -1, -1, 323, 120, 173.5, 11, , 0, 0, 0, 0, , 0, 0, 0, 0, 0, 
479, 1, 511, 454, -1, 185, 94, 93.0, 14, MSaapappa, 0, 0, 0, 0, , 0, 0, 0, 0, 0, 
480, 1, 512, 455, -1, 191, 116, 97.0, 14, MSaapaapa, 0, 0, 0, 0, , 0, 0, 0, 0, 0, 
481, 0, 513, -1, -1, 203, 105, 143.5, 14, , 0, 0, 0, 0, , 0, 0, 0, 0, 0, 
482, 1, 514, 457, -1, 210, 99, 136.0, 15, MSaappap, 0, 0, 0, 0, , 0, 0, 0, 0, 0, 
483, 0, 515, -1, -1, 208, 145, 132.0, 14, , 0, 0, 0, 0, , 0, 0, 0, 0, 0, 
484, 0, 516, -1, -1, 207, 128, 131.5, 12, , 0, 0, 0, 0, , 0, 0, 0, 0, 0, 
485, 0, 517, -1, -1, 226, 117, 124.0, 13, , 0, 0, 0, 0, , 0, 0, 0, 0, 0, 
486, 1, 518, 461, -1, 240, 118, 116.0, 15, MSaappppp, 0, 0, 0, 0, , 0, 0, 0, 0, 0, 
487, 1, 519, 462, -1, 114, 58, 104.0, 16, MSappaaa, 0, 0, 0, 0, , 0, 0, 0, 0, 0, 
488, 0, 520, -1, -1, 272, 126, 105.0, 16, , 0, 0, 0, 0, , 0, 0, 0, 0, 0, 
489, 0, 521, -1, -1, 162, 149, 120.0, 15, , 0, 0, 0, 0, , 0, 0, 0, 0, 0, 
490, 1, 522, 465, -1, 171, 127, 98.0, 14, MSapppaa, 0, 0, 0, 0, , 0, 0, 0, 0, 0, 
491, 1, 523, 466, -1, 172, 111, 162.5, 14, MSpapaaaa, 0, 0, 0, 0, , 0, 0, 0, 0, 0, 
492, 1, 524, 467, -1, 186, 102, 168.0, 14, MSpapaaap, 0, 0, 0, 0, , 0, 0, 0, 0, 0, 
493, 1, 525, 468, -1, 189, 69, 160.0, 14, MSpapaapp, 0, 0, 0, 0, , 0, 0, 0, 0, 0, 
494, 1, 526, 469, -1, 175, 64, 155.0, 14, MSpapappa, 0, 0, 0, 0, , 0, 0, 0, 0, 0, 
495, 0, 527, -1, -1, 206, 141, 164.0, 15, , 0, 0, 0, 0, , 0, 0, 0, 0, 0, 
496, 1, 528, 471, -1, 252, 126, 121.5, 14, MSpappaa, 0, 0, 0, 0, , 0, 0, 0, 0, 0, 
497, 1, 529, 472, -1, 256, 94, 175.0, 14, MSpappap, 0, 0, 0, 0, , 0, 0, 0, 0, 0, 
498, 1, 530, 473, -1, 195, 116, 182.0, 12, MSpapppaa, 0, 0, 0, 0, , 0, 0, 0, 0, 0, 
499, 0, 531, -1, -1, 209, 101, 166.0, 14, , 0, 0, 0, 0, , 0, 0, 0, 0, 0, 
500, 1, 532, 475, -1, 208, 104, 168.0, 14, MSpapppap, 0, 0, 0, 0, , 0, 0, 0, 0, 0, 
501, 1, 533, 476, -1, 221, 97, 170.5, 13, MSpappppa, 0, 0, 0, 0, , 0, 0, 0, 0, 0, 
502, 1, 534, 477, -1, 239, 87, 170.0, 13, MSpappppp, 0, 0, 0, 0, , 0, 0, 0, 0, 0, 
503, 1, 535, 478, -1, 109, 76, 154.0, 13, MSppaaap, 0, 0, 0, 0, , 0, 0, 0, 0, 0, 
504, 1, 536, 479, -1, 122, 96, 163.0, 12, MSppaaaad, 0, 0, 0, 0, , 0, 0, 0, 0, 0, 
505, 1, 537, 480, -1, 146, 121, 168.5, 12, MSppaaaav, 0, 0, 0, 0, , 0, 0, 0, 0, 0, 
506, 1, 538, 481, -1, 282, 109, 146.0, 15, MSppaapp, 0, 0, 0, 0, , 0, 0, 0, 0, 0, 
507, 1, 539, 482, -1, 174, 62, 176.0, 14, MSppapaa, 0, 0, 0, 0, , 0, 0, 0, 0, 0, 
508, 1, 540, 483, -1, 139, 110, 184.0, 14, MSppapap, 0, 0, 0, 0, , 0, 0, 0, 0, 0, 
509, 1, 541, 484, -1, 109, 60, 152.0, 15, MSppappa, 0, 0, 0, 0, , 0, 0, 0, 0, 0, 
510, 1, 542, 485, -1, 90, 72, 130.5, 15, MSppappp, 0, 0, 0, 0, , 0, 0, 0, 0, 0, 
511, 1, 543, 486, -1, 101, 67, 119.5, 14, MSpppaaa, 0, 0, 0, 0, , 0, 0, 0, 0, 0, 
512, 1, 544, 487, -1, 284, 75, 165.0, 14, MSpppaap, 0, 0, 0, 0, , 0, 0, 0, 0, 0, 
513, 0, 545, -1, -1, 161, 108, 176.0, 15, , 0, 0, 0, 0, , 0, 0, 0, 0, 0, 
514, 1, 546, 489, -1, 127, 46, 149.0, 14, MSppppap, 0, 0, 0, 0, , 0, 0, 0, 0, 0, 
515, 1, 547, 490, -1, 97, 53, 127.0, 14, MSpppppa, 0, 0, 0, 0, , 0, 0, 0, 0, 0, 
516, 1, 548, 491, -1, 101, 123, 110.0, 12, ABalaaaalar, 0, 0, 0, 0, , 0, 0, 0, 0, 0, 
517, 0, 549, -1, -1, 88, 142, 120.5, 13, , 0, 0, 0, 0, , 0, 0, 0, 0, 0, 
518, 0, 550, -1, -1, 88, 142, 122.0, 13, , 0, 0, 0, 0, , 0, 0, 0, 0, 0, 
519, 0, 551, -1, -1, 100, 119, 121.0, 14, , 0, 0, 0, 0, , 0, 0, 0, 0, 0, 
520, 1, 552, 495, -1, 93, 136, 162.0, 13, ABalaaaarra, 0, 0, 0, 0, , 0, 0, 0, 0, 0, 
521, 1, 553, 496, -1, 98, 108, 143.0, 12, ABalaaaarrp, 0, 0, 0, 0, , 0, 0, 0, 0, 0, 
522, 1, 554, 497, -1, 97, 153, 114.5, 12, ABalaaapall, 0, 0, 0, 0, , 0, 0, 0, 0, 0, 
523, 0, 555, -1, -1, 106, 119, 100.0, 14, , 0, 0, 0, 0, , 0, 0, 0, 0, 0, 
524, 0, 556, -1, -1, 106, 120, 100.0, 14, , 0, 0, 0, 0, , 0, 0, 0, 0, 0, 
525, 1, 557, 500, -1, 106, 118, 100.0, 12, ABalaaapalr, 0, 0, 0, 0, , 0, 0, 0, 0, 0, 
526, 1, 558, 501, -1, 81, 131, 111.0, 12, ABalaaaparr, 0, 0, 0, 0, , 0, 0, 0, 0, 0, 
527, 0, 559, -1, -1, 79, 118, 155.0, 12, , 0, 0, 0, 0, , 0, 0, 0, 0, 0, 
528, 0, 560, -1, -1, 79, 119, 159.0, 12, , 0, 0, 0, 0, , 0, 0, 0, 0, 0, 
529, 0, 561, -1, -1, 78, 119, 161.5, 12, , 0, 0, 0, 0, , 0, 0, 0, 0, 0, 
530, 1, 562, 505, -1, 84, 117, 149.0, 12, ABalaaappll, 0, 0, 0, 0, , 0, 0, 0, 0, 0, 
531, 1, 563, 506, -1, 78, 118, 156.0, 12, ABalaaapplr, 0, 0, 0, 0, , 0, 0, 0, 0, 0, 
532, 1, 564, 507, -1, 94, 84, 160.0, 13, ABalaaapprl, 0, 0, 0, 0, , 0, 0, 0, 0, 0, 
533, 1, 565, 508, -1, 93, 123, 173.0, 12, ABalaaapprr, 0, 0, 0, 0, , 0, 0, 0, 0, 0, 
534, 1, 566, 509, -1, 103, 96, 154.0, 12, ABalaapaaar, 0, 0, 0, 0, , 0, 0, 0, 0, 0, 
535, 1, 567, 510, -1, 103, 114, 179.0, 11, ABalaapaapa, 0, 0, 0, 0, , 0, 0, 0, 0, 0, 
536, 0, 568, -1, -1, 89, 124, 169.0, 13, , 0, 0, 0, 0, , 0, 0, 0, 0, 0, 
537, 0, 569, -1, -1, 121, 147, 188.0, 12, , 0, 0, 0, 0, , 0, 0, 0, 0, 0, 
538, 0, 570, -1, -1, 118, 118, 197.5, 12, , 0, 0, 0, 0, , 0, 0, 0, 0, 0, 
539, 0, 571, -1, -1, 94, 133, 180.0, 13, , 0, 0, 0, 0, , 0, 0, 0, 0, 0, 
540, 1, 572, 515, -1, 126, 106, 193.0, 13, ABalaapppaa, 0, 0, 0, 0, , 0, 0, 0, 0, 0, 
541, 1, 573, 516, -1, 106, 106, 171.0, 12, ABalaappppa, 0, 0, 0, 0, , 0, 0, 0, 0, 0, 
542, 1, 574, 517, -1, 91, 106, 165.0, 13, ABalaappppp, 0, 0, 0, 0, , 0, 0, 0, 0, 0, 
543, 1, 576, 518, -1, 104, 119, 90.5, 15, ABalapaaaa, 0, 0, 0, 0, , 0, 0, 0, 0, 0, 
544, 0, 577, -1, -1, 87, 124, 87.5, 16, , 0, 0, 0, 0, , 0, 0, 0, 0, 0, 
545, 1, 578, 520, -1, 88, 138, 89.5, 12, ABalapaaapp, 0, 0, 0, 0, , 0, 0, 0, 0, 0, 
546, 0, 579, -1, -1, 134, 145, 93.5, 13, , 0, 0, 0, 0, , 0, 0, 0, 0, 0, 
547, 1, 580, 522, -1, 106, 140, 106.5, 15, ABalapaappp, 0, 0, 0, 0, , 0, 0, 0, 0, 0, 
548, 1, 581, 523, -1, 95, 76, 101.5, 14, ABalapapapa, 0, 0, 0, 0, , 0, 0, 0, 0, 0, 
549, 1, 582, 524, -1, 78, 99, 101.0, 15, ABalapapapp, 0, 0, 0, 0, , 0, 0, 0, 0, 0, 
550, 1, 583, 525, -1, 96, 112, 106.0, 14, ABalapappaa, 0, 0, 0, 0, , 0, 0, 0, 0, 0, 
551, 1, 584, 526, -1, 71, 122, 136.0, 13, ABarpaaaaar, 0, 0, 0, 0, , 0, 0, 0, 0, 0, 
552, 1, 585, 527, -1, 75, 118, 108.5, 13, ABalapappap, 0, 0, 0, 0, , 0, 0, 0, 0, 0, 
553, 0, 586, -1, -1, 97, 110, 81.0, 13, , 0, 0, 0, 0, , 0, 0, 0, 0, 0, 
554, 1, 587, 529, -1, 105, 119, 79.0, 12, ABalapapppa, 0, 0, 0, 0, , 0, 0, 0, 0, 0, 
555, 0, 589, -1, -1, 66, 105, 118.0, 13, , 0, 0, 0, 0, , 0, 0, 0, 0, 0, 
556, 0, 590, -1, -1, 95, 85, 145.5, 12, , 0, 0, 0, 0, , 0, 0, 0, 0, 0, 
557, 1, 591, 532, -1, 81, 96, 161.0, 12, ABalappappa, 0, 0, 0, 0, , 0, 0, 0, 0, 0, 
558, 0, 592, -1, -1, 76, 89, 168.0, 12, , 0, 0, 0, 0, , 0, 0, 0, 0, 0, 
559, 1, 593, 534, -1, 95, 95, 116.0, 14, ABalapppaaa, 0, 0, 0, 0, , 0, 0, 0, 0, 0, 
560, 1, 594, 535, -1, 88, 108, 127.0, 13, ABalapppaap, 0, 0, 0, 0, , 0, 0, 0, 0, 0, 
561, 0, 595, -1, -1, 83, 79, 115.0, 11, , 0, 0, 0, 0, , 0, 0, 0, 0, 0, 
562, 0, 596, -1, -1, 89, 81, 117.0, 11, , 0, 0, 0, 0, , 0, 0, 0, 0, 0, 
563, 1, 597, 536, 537, 85, 79, 116.0, 13, ABalapppapa, 0, 0, 0, 0, , 0, 0, 0, 0, 0, 
564, 0, 598, -1, -1, 85, 91, 129.0, 14, , 0, 0, 0, 0, , 0, 0, 0, 0, 0, 
565, 1, 599, 539, -1, 88, 100, 138.0, 12, ABalappppaa, 0, 0, 0, 0, , 0, 0, 0, 0, 0, 
566, 0, 600, -1, -1, 85, 92, 133.0, 13, , 0, 0, 0, 0, , 0, 0, 0, 0, 0, 
567, 1, 601, 541, -1, 86, 76, 159.0, 12, ABalapppppp, 0, 0, 0, 0, , 0, 0, 0, 0, 0, 
568, 1, 602, 542, -1, 138, 119, 120.0, 13, ABalpaaaaaa, 0, 0, 0, 0, , 0, 0, 0, 0, 0, 
569, 1, 603, 543, -1, 154, 132, 129.0, 12, ABalpaaaaap, 0, 0, 0, 0, , 0, 0, 0, 0, 0, 
570, 0, 604, -1, -1, 142, 120, 135.0, 13, , 0, 0, 0, 0, , 0, 0, 0, 0, 0, 
571, 1, 605, 545, -1, 130, 110, 99.0, 13, ABalpaaapaa, 0, 0, 0, 0, , 0, 0, 0, 0, 0, 
572, 1, 606, 546, -1, 163, 112, 105.0, 12, ABalpaaappp, 0, 0, 0, 0, , 0, 0, 0, 0, 0, 
573, 1, 607, 547, -1, 123, 110, 115.5, 14, ABalpaapaaa, 0, 0, 0, 0, , 0, 0, 0, 0, 0, 
574, 1, 608, 548, -1, 126, 104, 105.5, 14, ABalpaapaap, 0, 0, 0, 0, , 0, 0, 0, 0, 0, 
575, 1, 609, 549, -1, 137, 92, 90.0, 14, ABalpaapapa, 0, 0, 0, 0, , 0, 0, 0, 0, 0, 
576, 1, 610, 550, -1, 143, 107, 86.0, 15, ABalpaapapp, 0, 0, 0, 0, , 0, 0, 0, 0, 0, 
577, 1, 611, 551, -1, 111, 131, 133.5, 12, ABalpaappaa, 0, 0, 0, 0, , 0, 0, 0, 0, 0, 
578, 1, 612, 552, -1, 117, 138, 139.0, 13, ABalpaappap, 0, 0, 0, 0, , 0, 0, 0, 0, 0, 
579, 0, 613, -1, -1, 99, 123, 130.5, 13, , 0, 0, 0, 0, , 0, 0, 0, 0, 0, 
580, 0, 614, -1, -1, 96, 136, 131.0, 10, , 0, 0, 0, 0, , 0, 0, 0, 0, 0, 
581, 0, 615, -1, -1, 95, 138, 129.5, 13, , 0, 0, 0, 0, , 0, 0, 0, 0, 0, 
582, 0, 616, -1, -1, 121, 142, 133.0, 13, , 0, 0, 0, 0, , 0, 0, 0, 0, 0, 
583, 0, 617, -1, -1, 104, 164, 169.0, 15, , 0, 0, 0, 0, , 0, 0, 0, 0, 0, 
584, 0, 618, -1, -1, 116, 130, 156.0, 13, , 0, 0, 0, 0, , 0, 0, 0, 0, 0, 
585, 0, 619, -1, -1, 156, 159, 154.0, 13, , 0, 0, 0, 0, , 0, 0, 0, 0, 0, 
586, 1, 620, 560, -1, 169, 178, 163.0, 14, ABalpapapap, 0, 0, 0, 0, , 0, 0, 0, 0, 0, 
587, 1, 621, 561, -1, 213, 160, 153.0, 12, ABalpapappa, 0, 0, 0, 0, , 0, 0, 0, 0, 0, 
588, 0, 622, -1, -1, 204, 144, 144.0, 13, , 0, 0, 0, 0, , 0, 0, 0, 0, 0, 
589, 0, 623, -1, -1, 145, 123, 128.0, 15, , 0, 0, 0, 0, , 0, 0, 0, 0, 0, 
590, 1, 624, 564, -1, 146, 126, 143.0, 13, ABalpappapa, 0, 0, 0, 0, , 0, 0, 0, 0, 0, 
591, 0, 625, -1, -1, 193, 113, 152.0, 13, , 0, 0, 0, 0, , 0, 0, 0, 0, 0, 
592, 1, 626, 566, -1, 149, 119, 95.5, 13, ABalpapppaa, 0, 0, 0, 0, , 0, 0, 0, 0, 0, 
593, 1, 627, 567, -1, 166, 123, 151.0, 15, ABalpappppa, 0, 0, 0, 0, , 0, 0, 0, 0, 0, 
594, 1, 628, 568, -1, 163, 127, 123.0, 14, ABalpappppp, 0, 0, 0, 0, , 0, 0, 0, 0, 0, 
595, 0, 629, -1, -1, 107, 160, 124.5, 12, , 0, 0, 0, 0, , 0, 0, 0, 0, 0, 
596, 0, 630, -1, -1, 116, 159, 115.0, 12, , 0, 0, 0, 0, , 0, 0, 0, 0, 0, 
597, 0, 631, -1, -1, 106, 159, 125.5, 14, , 0, 0, 0, 0, , 0, 0, 0, 0, 0, 
598, 0, 632, -1, -1, 101, 159, 156.0, 11, , 0, 0, 0, 0, , 0, 0, 0, 0, 0, 
599, 0, 633, -1, -1, 121, 154, 154.0, 11, , 0, 0, 0, 0, , 0, 0, 0, 0, 0, 
600, 0, 634, -1, -1, 115, 141, 122.5, 13, , 0, 0, 0, 0, , 0, 0, 0, 0, 0, 
601, 1, 616, 575, -1, 123, 141, 132.0, 15, ABalpapaaaa, 0, 0, 0, 0, , 0, 0, 0, 0, 0, 
602, 1, 635, 576, -1, 111, 155, 140.0, 12, ABalppapaap, 0, 0, 0, 0, , 0, 0, 0, 0, 0, 
603, 0, 636, -1, -1, 106, 164, 160.0, 12, , 0, 0, 0, 0, , 0, 0, 0, 0, 0, 
604, 1, 637, 578, -1, 149, 167, 150.5, 12, ABalppapapa, 0, 0, 0, 0, , 0, 0, 0, 0, 0, 
605, 0, 638, -1, -1, 106, 175, 148.0, 13, , 0, 0, 0, 0, , 0, 0, 0, 0, 0, 
606, 0, 639, -1, -1, 131, 144, 94.0, 13, , 0, 0, 0, 0, , 0, 0, 0, 0, 0, 
607, 0, 640, -1, -1, 136, 154, 104.0, 13, , 0, 0, 0, 0, , 0, 0, 0, 0, 0, 
608, 1, 641, 582, -1, 131, 144, 93.0, 13, ABalppappaa, 0, 0, 0, 0, , 0, 0, 0, 0, 0, 
609, 1, 642, 583, -1, 126, 149, 122.0, 13, ABalppappap, 0, 0, 0, 0, , 0, 0, 0, 0, 0, 
610, 1, 643, 584, -1, 139, 161, 138.0, 11, ABalppapppa, 0, 0, 0, 0, , 0, 0, 0, 0, 0, 
611, 1, 644, 585, -1, 126, 155, 134.0, 15, ABalppapppp, 0, 0, 0, 0, , 0, 0, 0, 0, 0, 
612, 1, 645, 586, -1, 125, 171, 92.0, 13, ABalpppaaaa, 0, 0, 0, 0, , 0, 0, 0, 0, 0, 
613, 1, 646, 587, -1, 93, 144, 108.0, 13, ABalpppaapd, 0, 0, 0, 0, , 0, 0, 0, 0, 0, 
614, 1, 647, 588, -1, 101, 161, 104.0, 13, ABalpppaapv, 0, 0, 0, 0, , 0, 0, 0, 0, 0, 
615, 1, 648, 589, -1, 122, 170, 107.0, 12, ABalpppapad, 0, 0, 0, 0, , 0, 0, 0, 0, 0, 
616, 1, 649, 590, -1, 149, 165, 96.0, 12, ABalpppapav, 0, 0, 0, 0, , 0, 0, 0, 0, 0, 
617, 0, 650, -1, -1, 116, 144, 78.0, 12, , 0, 0, 0, 0, , 0, 0, 0, 0, 0, 
618, 1, 651, 592, -1, 117, 145, 78.0, 12, ABalpppapppa, 0, 0, 0, 0, , 0, 0, 0, 0, 0, 
619, 1, 652, 593, -1, 131, 122, 67.0, 12, ABalpppapppp, 0, 0, 0, 0, , 0, 0, 0, 0, 0, 
620, 1, 653, 594, -1, 142, 126, 77.0, 15, ABalppppaad, 0, 0, 0, 0, , 0, 0, 0, 0, 0, 
621, 0, 654, -1, -1, 98, 139, 91.0, 15, , 0, 0, 0, 0, , 0, 0, 0, 0, 0, 
622, 1, 655, 596, -1, 150, 148, 87.0, 13, ABalpppppaa, 0, 0, 0, 0, , 0, 0, 0, 0, 0, 
623, 1, 656, 597, -1, 159, 138, 80.0, 13, ABalpppppap, 0, 0, 0, 0, , 0, 0, 0, 0, 0, 
624, 1, 657, 598, -1, 161, 138, 65.5, 15, ABalppppppaa, 0, 0, 0, 0, , 0, 0, 0, 0, 0, 
625, 1, 658, 599, -1, 141, 155, 68.0, 13, ABalpppppppa, 0, 0, 0, 0, , 0, 0, 0, 0, 0, 
626, 1, 659, 600, -1, 146, 167, 79.5, 14, ABalpppppppp, 0, 0, 0, 0, , 0, 0, 0, 0, 0, 
627, 1, 660, 601, -1, 128, 124, 123.5, 13, ABaraaaaaaa, 0, 0, 0, 0, , 0, 0, 0, 0, 0, 
628, 1, 661, 602, -1, 138, 116, 107.0, 12, ABaraaaaaap, 0, 0, 0, 0, , 0, 0, 0, 0, 0, 
629, 0, 662, -1, -1, 124, 112, 148.0, 13, , 0, 0, 0, 0, , 0, 0, 0, 0, 0, 
630, 1, 663, 604, -1, 126, 114, 147.5, 13, ABaraaaaapa, 0, 0, 0, 0, , 0, 0, 0, 0, 0, 
631, 1, 664, 605, -1, 135, 96, 154.0, 11, ABaraaaaapp, 0, 0, 0, 0, , 0, 0, 0, 0, 0, 
632, 0, 665, -1, -1, 114, 96, 124.0, 14, , 0, 0, 0, 0, , 0, 0, 0, 0, 0, 
633, 1, 666, 607, -1, 118, 104, 140.0, 13, ABaraaapaaa, 0, 0, 0, 0, , 0, 0, 0, 0, 0, 
634, 1, 667, 608, -1, 121, 88, 143.5, 15, ABaraaapaap, 0, 0, 0, 0, , 0, 0, 0, 0, 0, 
635, 1, 668, 609, -1, 137, 72, 145.0, 15, ABaraaapapa, 0, 0, 0, 0, , 0, 0, 0, 0, 0, 
636, 1, 669, 610, -1, 148, 69, 162.0, 14, ABaraaapapp, 0, 0, 0, 0, , 0, 0, 0, 0, 0, 
637, 1, 670, 611, -1, 114, 117, 136.0, 13, ABaraaappaa, 0, 0, 0, 0, , 0, 0, 0, 0, 0, 
638, 1, 671, 612, -1, 116, 128, 147.5, 13, ABaraaappap, 0, 0, 0, 0, , 0, 0, 0, 0, 0, 
639, 0, 672, -1, -1, 102, 119, 143.0, 12, , 0, 0, 0, 0, , 0, 0, 0, 0, 0, 
640, 1, 673, 614, -1, 101, 121, 146.0, 12, ABaraaapppa, 0, 0, 0, 0, , 0, 0, 0, 0, 0, 
641, 0, 674, -1, -1, 98, 156, 162.0, 12, , 0, 0, 0, 0, , 0, 0, 0, 0, 0, 
642, 0, 675, -1, -1, 104, 144, 162.0, 12, , 0, 0, 0, 0, , 0, 0, 0, 0, 0, 
643, 0, 676, -1, -1, 104, 144, 161.5, 11, , 0, 0, 0, 0, , 0, 0, 0, 0, 0, 
644, 0, 677, -1, -1, 112, 96, 121.0, 12, , 0, 0, 0, 0, , 0, 0, 0, 0, 0, 
645, 1, 678, 619, -1, 114, 96, 120.0, 12, ABaraapaaaa, 0, 0, 0, 0, , 0, 0, 0, 0, 0, 
646, 1, 679, 620, -1, 110, 99, 129.0, 14, ABaraaaapap, 0, 0, 0, 0, , 0, 0, 0, 0, 0, 
647, 0, 680, -1, -1, 121, 88, 110.0, 14, , 0, 0, 0, 0, , 0, 0, 0, 0, 0, 
648, 1, 681, 622, -1, 119, 89, 99.0, 12, ABaraapaapa, 0, 0, 0, 0, , 0, 0, 0, 0, 0, 
649, 1, 682, 623, -1, 158, 80, 87.0, 14, ABaraapaapp, 0, 0, 0, 0, , 0, 0, 0, 0, 0, 
650, 1, 683, 624, -1, 168, 101, 97.0, 15, ABaraapapaa, 0, 0, 0, 0, , 0, 0, 0, 0, 0, 
651, 1, 684, 625, -1, 170, 94, 80.0, 14, ABaraapapap, 0, 0, 0, 0, , 0, 0, 0, 0, 0, 
652, 1, 685, 626, -1, 176, 114, 94.0, 12, ABaraapappa, 0, 0, 0, 0, , 0, 0, 0, 0, 0, 
653, 1, 686, 627, -1, 177, 115, 113.0, 14, ABaraapappp, 0, 0, 0, 0, , 0, 0, 0, 0, 0, 
654, 1, 687, 628, -1, 113, 84, 121.0, 13, ABaraappaaa, 0, 0, 0, 0, , 0, 0, 0, 0, 0, 
655, 1, 688, 629, -1, 121, 87, 131.5, 14, ABaraappaap, 0, 0, 0, 0, , 0, 0, 0, 0, 0, 
656, 1, 689, 630, -1, 115, 77, 137.0, 15, ABaraappapa, 0, 0, 0, 0, , 0, 0, 0, 0, 0, 
657, 1, 690, 631, -1, 156, 56, 131.0, 15, MSpaapaaa, 0, 0, 0, 0, , 0, 0, 0, 0, 0, 
658, 1, 691, 632, -1, 162, 74, 158.0, 15, ABaraapppaa, 0, 0, 0, 0, , 0, 0, 0, 0, 0, 
659, 1, 692, 633, -1, 161, 57, 154.5, 15, ABaraapppap, 0, 0, 0, 0, , 0, 0, 0, 0, 0, 
660, 1, 693, 634, -1, 169, 81, 171.0, 12, ABaraappppa, 0, 0, 0, 0, , 0, 0, 0, 0, 0, 
661, 1, 694, 635, -1, 175, 96, 161.5, 13, ABaraappppp, 0, 0, 0, 0, , 0, 0, 0, 0, 0, 
662, 1, 695, 636, -1, 134, 109, 153.0, 13, ABarapaaaaa, 0, 0, 0, 0, , 0, 0, 0, 0, 0, 
663, 1, 696, 637, -1, 152, 119, 159.0, 10, ABarapaaaap, 0, 0, 0, 0, , 0, 0, 0, 0, 0, 
664, 1, 697, 638, -1, 144, 118, 154.0, 11, ABarapaaapa, 0, 0, 0, 0, , 0, 0, 0, 0, 0, 
665, 1, 698, 639, -1, 133, 86, 154.0, 11, ABarapaapaa, 0, 0, 0, 0, , 0, 0, 0, 0, 0, 
666, 1, 699, 640, -1, 136, 62, 158.0, 13, ABarapaapap, 0, 0, 0, 0, , 0, 0, 0, 0, 0, 
667, 1, 700, 641, -1, 136, 75, 167.0, 12, ABarapaappa, 0, 0, 0, 0, , 0, 0, 0, 0, 0, 
668, 1, 701, 642, -1, 158, 91, 156.0, 12, ABarapaappp, 0, 0, 0, 0, , 0, 0, 0, 0, 0, 
669, 1, 702, 643, -1, 143, 102, 170.0, 14, ABarapapaap, 0, 0, 0, 0, , 0, 0, 0, 0, 0, 
670, 1, 703, 644, -1, 132, 131, 143.0, 12, ABarapapapa, 0, 0, 0, 0, , 0, 0, 0, 0, 0, 
671, 0, 704, -1, -1, 194, 113, 151.0, 14, , 0, 0, 0, 0, , 0, 0, 0, 0, 0, 
672, 0, 705, -1, -1, 195, 112, 149.0, 14, , 0, 0, 0, 0, , 0, 0, 0, 0, 0, 
673, 1, 706, 647, -1, 195, 110, 138.0, 14, ABalpappapp, 0, 0, 0, 0, , 0, 0, 0, 0, 0, 
674, 1, 707, 648, -1, 194, 113, 152.0, 12, ABarapapapp, 0, 0, 0, 0, , 0, 0, 0, 0, 0, 
675, 1, 708, 649, -1, 143, 89, 165.0, 12, ABarapappaa, 0, 0, 0, 0, , 0, 0, 0, 0, 0, 
676, 1, 709, 650, -1, 183, 121, 143.5, 15, ABarapapppa, 0, 0, 0, 0, , 0, 0, 0, 0, 0, 
677, 1, 710, 651, -1, 159, 107, 167.0, 15, ABarapapppp, 0, 0, 0, 0, , 0, 0, 0, 0, 0, 
678, 1, 711, 652, -1, 119, 142, 148.0, 13, ABalpapaapa, 0, 0, 0, 0, , 0, 0, 0, 0, 0, 
679, 1, 712, 653, -1, 115, 130, 155.0, 12, ABarappaaaa, 0, 0, 0, 0, , 0, 0, 0, 0, 0, 
680, 0, 713, -1, -1, 154, 149, 161.0, 13, , 0, 0, 0, 0, , 0, 0, 0, 0, 0, 
681, 1, 714, 655, -1, 166, 161, 184.0, 15, ABarappapap, 0, 0, 0, 0, , 0, 0, 0, 0, 0, 
682, 1, 715, 656, -1, 199, 89, 146.0, 15, MSpapappp, 0, 0, 0, 0, , 0, 0, 0, 0, 0, 
683, 0, 716, -1, -1, 207, 141, 162.0, 13, , 0, 0, 0, 0, , 0, 0, 0, 0, 0, 
684, 0, 717, -1, -1, 191, 143, 192.0, 13, , 0, 0, 0, 0, , 0, 0, 0, 0, 0, 
685, 1, 718, 659, -1, 114, 117, 164.0, 10, ABarapppaaa, 0, 0, 0, 0, , 0, 0, 0, 0, 0, 
686, 1, 719, 660, -1, 107, 144, 160.0, 11, ABarapppaap, 0, 0, 0, 0, , 0, 0, 0, 0, 0, 
687, 0, 720, -1, -1, 122, 153, 149.0, 11, , 0, 0, 0, 0, , 0, 0, 0, 0, 0, 
688, 1, 721, 662, -1, 146, 156, 170.0, 12, ABarapppapa, 0, 0, 0, 0, , 0, 0, 0, 0, 0, 
689, 1, 722, 663, -1, 121, 161, 177.0, 14, ABarapppapp, 0, 0, 0, 0, , 0, 0, 0, 0, 0, 
690, 1, 723, 664, -1, 119, 99, 187.0, 13, ABarappppaa, 0, 0, 0, 0, , 0, 0, 0, 0, 0, 
691, 1, 724, 665, -1, 123, 122, 172.0, 13, ABarappppap, 0, 0, 0, 0, , 0, 0, 0, 0, 0, 
692, 1, 725, 666, -1, 136, 141, 170.0, 15, ABarapppppa, 0, 0, 0, 0, , 0, 0, 0, 0, 0, 
693, 1, 726, 667, -1, 122, 141, 166.0, 11, ABarapppppp, 0, 0, 0, 0, , 0, 0, 0, 0, 0, 
694, 1, 727, 668, -1, 71, 127, 132.0, 12, ABarpaaaaal, 0, 0, 0, 0, , 0, 0, 0, 0, 0, 
695, 1, 728, 669, -1, 74, 116, 122.0, 14, ABarpaaaapa, 0, 0, 0, 0, , 0, 0, 0, 0, 0, 
696, 1, 729, 670, -1, 69, 122, 99.0, 12, ABarpaaaapp, 0, 0, 0, 0, , 0, 0, 0, 0, 0, 
697, 1, 730, 671, -1, 73, 106, 135.0, 12, ABarpaaapaa, 0, 0, 0, 0, , 0, 0, 0, 0, 0, 
698, 1, 731, 672, -1, 65, 99, 153.0, 13, ABarpaaapap, 0, 0, 0, 0, , 0, 0, 0, 0, 0, 
699, 1, 732, 673, -1, 55, 100, 135.0, 15, ABarpaapaa, 0, 0, 0, 0, , 0, 0, 0, 0, 0, 
700, 1, 733, 674, -1, 83, 65, 106.0, 15, ABarpaapap, 0, 0, 0, 0, , 0, 0, 0, 0, 0, 
701, 1, 734, 675, -1, 101, 59, 92.0, 14, ABarpaappa, 0, 0, 0, 0, , 0, 0, 0, 0, 0, 
702, 1, 735, 676, -1, 130, 39, 156.5, 14, ABarpaappp, 0, 0, 0, 0, , 0, 0, 0, 0, 0, 
703, 1, 736, 677, -1, 83, 92, 134.5, 13, ABalappppap, 0, 0, 0, 0, , 0, 0, 0, 0, 0, 
704, 1, 737, 679, -1, 85, 92, 132.0, 13, ABarpapaaaa, 0, 0, 0, 0, , 0, 0, 0, 0, 0, 
705, 1, 738, 678, -1, 74, 87, 129.0, 14, ABalapppapp, 0, 0, 0, 0, , 0, 0, 0, 0, 0, 
706, 1, 739, 680, -1, 68, 81, 147.0, 12, ABarpapaaap, 0, 0, 0, 0, , 0, 0, 0, 0, 0, 
707, 1, 740, 681, -1, 77, 87, 144.0, 13, ABarpapaappa, 0, 0, 0, 0, , 0, 0, 0, 0, 0, 
708, 1, 741, 682, -1, 96, 72, 146.0, 13, ABarpapaappp, 0, 0, 0, 0, , 0, 0, 0, 0, 0, 
709, 1, 742, 683, -1, 58, 123, 133.5, 15, ABarpapapa, 0, 0, 0, 0, , 0, 0, 0, 0, 0, 
710, 1, 743, 684, -1, 68, 76, 115.0, 15, ABarpapapp, 0, 0, 0, 0, , 0, 0, 0, 0, 0, 
711, 1, 744, 685, -1, 74, 121, 173.0, 14, ABarpappaa, 0, 0, 0, 0, , 0, 0, 0, 0, 0, 
712, 1, 745, 686, -1, 97, 123, 201.5, 14, ABarpappap, 0, 0, 0, 0, , 0, 0, 0, 0, 0, 
713, 1, 746, 687, -1, 124, 95, 65.0, 15, ABarppaaaa, 0, 0, 0, 0, , 0, 0, 0, 0, 0, 
714, 1, 747, 688, -1, 156, 30, 151.0, 10, ABarppaapa, 0, 0, 0, 0, , 0, 0, 0, 0, 0, 
715, 1, 748, 689, -1, 194, 98, 70.0, 16, ABarppaapp, 0, 0, 0, 0, , 0, 0, 0, 0, 0, 
716, 1, 749, 690, -1, 116, 49, 160.0, 12, ABarpppaaa, 0, 0, 0, 0, , 0, 0, 0, 0, 0, 
717, 1, 750, 691, -1, 154, 88, 63.0, 15, ABarpppapa, 0, 0, 0, 0, , 0, 0, 0, 0, 0, 
718, 1, 751, 692, -1, 184, 46, 168.0, 15, ABarpppapp, 0, 0, 0, 0, , 0, 0, 0, 0, 0, 
719, 1, 752, 693, -1, 84, 104, 107.0, 13, ABplaaaaaaa, 0, 0, 0, 0, , 0, 0, 0, 0, 0, 
720, 1, 753, 694, -1, 83, 105, 84.0, 12, ABplaaaaaap, 0, 0, 0, 0, , 0, 0, 0, 0, 0, 
721, 1, 754, 695, -1, 82, 111, 96.0, 12, ABplaaaaappa, 0, 0, 0, 0, , 0, 0, 0, 0, 0, 
722, 1, 755, 696, -1, 106, 99, 90.0, 12, ABplaaaaappp, 0, 0, 0, 0, , 0, 0, 0, 0, 0, 
723, 1, 756, 697, -1, 56, 116, 110.0, 15, ABplaaaapa, 0, 0, 0, 0, , 0, 0, 0, 0, 0, 
724, 1, 757, 698, -1, 58, 92, 117.0, 14, ABplaaaapp, 0, 0, 0, 0, , 0, 0, 0, 0, 0, 
725, 1, 758, 699, -1, 79, 151, 107.0, 13, ABplaaapaa, 0, 0, 0, 0, , 0, 0, 0, 0, 0, 
726, 1, 759, 700, -1, 110, 174, 102.5, 15, ABplaaapap, 0, 0, 0, 0, , 0, 0, 0, 0, 0, 
727, 0, 760, -1, -1, 85, 123, 135.5, 14, , 0, 0, 0, 0, , 0, 0, 0, 0, 0, 
728, 1, 761, 702, -1, 71, 135, 116.5, 14, ABplaapaaap, 0, 0, 0, 0, , 0, 0, 0, 0, 0, 
729, 0, 762, -1, -1, 91, 137, 106.0, 11, , 0, 0, 0, 0, , 0, 0, 0, 0, 0, 
730, 0, 763, -1, -1, 110, 129, 91.0, 11, , 0, 0, 0, 0, , 0, 0, 0, 0, 0, 
731, 0, 764, -1, -1, 98, 139, 91.0, 12, , 0, 0, 0, 0, , 0, 0, 0, 0, 0, 
732, 0, 765, -1, -1, 102, 146, 81.0, 15, , 0, 0, 0, 0, , 0, 0, 0, 0, 0, 
733, 1, 767, 707, -1, 175, 134, 83.0, 15, ABplaapapaa, 0, 0, 0, 0, , 0, 0, 0, 0, 0, 
734, 1, 768, 708, -1, 164, 122, 53.0, 14, ABarppaaap, 0, 0, 0, 0, , 0, 0, 0, 0, 0, 
735, 1, 769, 709, -1, 166, 129, 69.0, 13, ABplaapapap, 0, 0, 0, 0, , 0, 0, 0, 0, 0, 
736, 1, 770, 710, -1, 161, 116, 74.0, 13, ABplaapappa, 0, 0, 0, 0, , 0, 0, 0, 0, 0, 
737, 1, 771, 711, -1, 135, 137, 66.0, 12, ABplaapapppa, 0, 0, 0, 0, , 0, 0, 0, 0, 0, 
738, 1, 772, 712, -1, 154, 121, 62.0, 12, ABplaapapppp, 0, 0, 0, 0, , 0, 0, 0, 0, 0, 
739, 1, 773, 713, -1, 125, 174, 139.0, 13, ABalppapapp, 0, 0, 0, 0, , 0, 0, 0, 0, 0, 
740, 1, 774, 714, -1, 106, 176, 148.0, 13, ABplaappaa, 0, 0, 0, 0, , 0, 0, 0, 0, 0, 
741, 1, 775, 715, -1, 142, 176, 158.0, 15, ABplaappap, 0, 0, 0, 0, , 0, 0, 0, 0, 0, 
742, 1, 776, 716, -1, 171, 184, 135.0, 13, ABplaapppa, 0, 0, 0, 0, , 0, 0, 0, 0, 0, 
743, 1, 777, 717, -1, 196, 158, 85.0, 17, ABplaapppp, 0, 0, 0, 0, , 0, 0, 0, 0, 0, 
744, 1, 778, 718, -1, 143, 104, 65.0, 14, ABplapaaaap, 0, 0, 0, 0, , 0, 0, 0, 0, 0, 
745, 1, 779, 719, -1, 182, 130, 70.0, 15, ABplapaaapa, 0, 0, 0, 0, , 0, 0, 0, 0, 0, 
746, 1, 780, 720, -1, 195, 123, 73.0, 15, ABplapaaapp, 0, 0, 0, 0, , 0, 0, 0, 0, 0, 
747, 1, 781, 721, -1, 196, 173, 136.5, 15, ABplapaapa, 0, 0, 0, 0, , 0, 0, 0, 0, 0, 
748, 1, 782, 722, -1, 210, 145, 86.0, 17, ABplapaapp, 0, 0, 0, 0, , 0, 0, 0, 0, 0, 
749, 1, 783, 723, -1, 273, 155, 97.0, 16, ABplapapap, 0, 0, 0, 0, , 0, 0, 0, 0, 0, 
750, 1, 784, 724, -1, 279, 168, 104.0, 17, ABplapappa, 0, 0, 0, 0, , 0, 0, 0, 0, 0, 
751, 1, 785, 725, -1, 314, 158, 131.0, 14, ABplapapppp, 0, 0, 0, 0, , 0, 0, 0, 0, 0, 
752, 1, 786, 726, -1, 224, 125, 85.0, 16, ABplappaaa, 0, 0, 0, 0, , 0, 0, 0, 0, 0, 
753, 1, 787, 727, -1, 246, 124, 88.0, 15, ABplappaap, 0, 0, 0, 0, , 0, 0, 0, 0, 0, 
754, 1, 788, 728, -1, 264, 137, 96.0, 14, ABplappapp, 0, 0, 0, 0, , 0, 0, 0, 0, 0, 
755, 1, 789, 729, -1, 292, 168, 114.0, 14, ABplapppaaa, 0, 0, 0, 0, , 0, 0, 0, 0, 0, 
756, 1, 790, 730, -1, 289, 161, 141.0, 15, ABplapppapp, 0, 0, 0, 0, , 0, 0, 0, 0, 0, 
757, 1, 791, 731, -1, 254, 162, 163.0, 14, ABplappppa, 0, 0, 0, 0, , 0, 0, 0, 0, 0, 
758, 1, 792, 732, -1, 134, 153, 107.0, 13, ABplpaaaaaa, 0, 0, 0, 0, , 0, 0, 0, 0, 0, 
759, 1, 793, 733, -1, 163, 165, 93.0, 13, ABplpaaaaap, 0, 0, 0, 0, , 0, 0, 0, 0, 0, 
760, 1, 794, 734, -1, 182, 164, 161.0, 12, ABplpaaaapa, 0, 0, 0, 0, , 0, 0, 0, 0, 0, 
761, 1, 795, 735, -1, 218, 142, 143.5, 13, ABplpaaaapp, 0, 0, 0, 0, , 0, 0, 0, 0, 0, 
762, 1, 796, 736, -1, 118, 166, 129.0, 12, ABplpaaapaa, 0, 0, 0, 0, , 0, 0, 0, 0, 0, 
763, 1, 797, 737, -1, 125, 178, 123.0, 12, ABplpaaapap, 0, 0, 0, 0, , 0, 0, 0, 0, 0, 
764, 1, 798, 738, -1, 134, 161, 117.0, 15, ABplpaaappa, 0, 0, 0, 0, , 0, 0, 0, 0, 0, 
765, 0, 799, -1, -1, 156, 178, 139.0, 11, , 0, 0, 0, 0, , 0, 0, 0, 0, 0, 
766, 0, 800, -1, -1, 153, 177, 135.0, 15, , 0, 0, 0, 0, , 0, 0, 0, 0, 0, 
767, 1, 801, 741, -1, 148, 166, 114.5, 14, ABplpaaappp, 0, 0, 0, 0, , 0, 0, 0, 0, 0, 
768, 0, 802, -1, -1, 161, 160, 74.5, 13, , 0, 0, 0, 0, , 0, 0, 0, 0, 0, 
769, 1, 803, 743, -1, 88, 152, 93.5, 14, ABplpaapapa, 0, 0, 0, 0, , 0, 0, 0, 0, 0, 
770, 1, 804, 744, -1, 136, 181, 132.0, 12, ABplpaapapp, 0, 0, 0, 0, , 0, 0, 0, 0, 0, 
771, 1, 805, 745, -1, 166, 150, 82.5, 13, ABplpaappaa, 0, 0, 0, 0, , 0, 0, 0, 0, 0, 
772, 0, 806, -1, -1, 171, 151, 69.0, 13, , 0, 0, 0, 0, , 0, 0, 0, 0, 0, 
773, 0, 807, -1, -1, 163, 149, 79.0, 13, , 0, 0, 0, 0, , 0, 0, 0, 0, 0, 
774, 0, 808, -1, -1, 173, 169, 131.0, 12, , 0, 0, 0, 0, , 0, 0, 0, 0, 0, 
775, 0, 809, -1, -1, 169, 169, 128.0, 12, , 0, 0, 0, 0, , 0, 0, 0, 0, 0, 
776, 1, 810, 750, -1, 164, 148, 140.0, 13, ABplpapaaaa, 0, 0, 0, 0, , 0, 0, 0, 0, 0, 
777, 0, 811, -1, -1, 163, 153, 118.0, 15, , 0, 0, 0, 0, , 0, 0, 0, 0, 0, 
778, 0, 812, -1, -1, 177, 164, 148.0, 12, , 0, 0, 0, 0, , 0, 0, 0, 0, 0, 
779, 0, 813, -1, -1, 157, 157, 150.0, 13, , 0, 0, 0, 0, , 0, 0, 0, 0, 0, 
780, 1, 814, 754, -1, 154, 165, 140.0, 11, ABplpapaapp, 0, 0, 0, 0, , 0, 0, 0, 0, 0, 
781, 0, 815, -1, -1, 181, 150, 128.0, 13, , 0, 0, 0, 0, , 0, 0, 0, 0, 0, 
782, 0, 816, -1, -1, 179, 157, 135.0, 11, , 0, 0, 0, 0, , 0, 0, 0, 0, 0, 
783, 1, 817, 757, -1, 199, 160, 144.0, 13, ABplpapappa, 0, 0, 0, 0, , 0, 0, 0, 0, 0, 
784, 0, 818, -1, -1, 237, 119, 158.5, 13, , 0, 0, 0, 0, , 0, 0, 0, 0, 0, 
785, 1, 819, 759, -1, 140, 145, 146.0, 13, ABplpappaaa, 0, 0, 0, 0, , 0, 0, 0, 0, 0, 
786, 0, 820, -1, -1, 166, 161, 179.0, 15, , 0, 0, 0, 0, , 0, 0, 0, 0, 0, 
787, 0, 821, -1, -1, 174, 135, 165.0, 15, , 0, 0, 0, 0, , 0, 0, 0, 0, 0, 
788, 1, 822, 762, -1, 273, 145, 145.0, 13, ABplpapppaa, 0, 0, 0, 0, , 0, 0, 0, 0, 0, 
789, 1, 823, 763, -1, 272, 127, 172.0, 12, ABplpapppap, 0, 0, 0, 0, , 0, 0, 0, 0, 0, 
790, 1, 824, 764, -1, 274, 127, 148.0, 13, ABplpappppa, 0, 0, 0, 0, , 0, 0, 0, 0, 0, 
791, 1, 825, 765, -1, 284, 143, 161.0, 12, ABplpappppp, 0, 0, 0, 0, , 0, 0, 0, 0, 0, 
792, 1, 826, 766, -1, 159, 177, 100.0, 13, ABplppaaaaa, 0, 0, 0, 0, , 0, 0, 0, 0, 0, 
793, 0, 827, -1, -1, 169, 169, 125.0, 10, , 0, 0, 0, 0, , 0, 0, 0, 0, 0, 
794, 0, 828, -1, -1, 179, 182, 148.0, 13, , 0, 0, 0, 0, , 0, 0, 0, 0, 0, 
795, 0, 829, -1, -1, 202, 146, 150.0, 10, , 0, 0, 0, 0, , 0, 0, 0, 0, 0, 
796, 0, 830, -1, -1, 207, 146, 134.5, 13, , 0, 0, 0, 0, , 0, 0, 0, 0, 0, 
797, 0, 830, -1, -1, 207, 145, 136.0, 13, , 0, 0, 0, 0, , 0, 0, 0, 0, 0, 
798, 0, 831, -1, -1, 244, 125, 151.0, 13, , 0, 0, 0, 0, , 0, 0, 0, 0, 0, 
799, 1, 832, 773, -1, 208, 162, 126.0, 14, ABplppapaaa, 0, 0, 0, 0, , 0, 0, 0, 0, 0, 
800, 1, 833, 774, -1, 204, 129, 132.0, 12, ABplppapaap, 0, 0, 0, 0, , 0, 0, 0, 0, 0, 
801, 1, 834, 775, -1, 223, 120, 134.0, 13, ABplppapapa, 0, 0, 0, 0, , 0, 0, 0, 0, 0, 
802, 1, 835, 776, -1, 246, 119, 136.0, 13, ABplppapapp, 0, 0, 0, 0, , 0, 0, 0, 0, 0, 
803, 0, 836, -1, -1, 207, 144, 136.0, 13, , 0, 0, 0, 0, , 0, 0, 0, 0, 0, 
804, 1, 837, 778, -1, 233, 118, 144.0, 13, ABplppapppa, 0, 0, 0, 0, , 0, 0, 0, 0, 0, 
805, 1, 838, 779, -1, 255, 127, 144.0, 12, ABplppapppp, 0, 0, 0, 0, , 0, 0, 0, 0, 0, 
806, 1, 839, 780, -1, 253, 150, 138.0, 13, ABplpppaaaa, 0, 0, 0, 0, , 0, 0, 0, 0, 0, 
807, 1, 840, 781, -1, 257, 139, 130.0, 12, ABplpppaaap, 0, 0, 0, 0, , 0, 0, 0, 0, 0, 
808, 1, 841, 782, -1, 289, 154, 124.0, 13, ABplpppaapa, 0, 0, 0, 0, , 0, 0, 0, 0, 0, 
809, 1, 842, 783, -1, 280, 169, 130.0, 12, ABplpppaapp, 0, 0, 0, 0, , 0, 0, 0, 0, 0, 
810, 1, 843, 784, -1, 274, 169, 140.0, 13, ABplpppapaa, 0, 0, 0, 0, , 0, 0, 0, 0, 0, 
811, 1, 844, 785, -1, 266, 162, 179.5, 13, ABplpppapap, 0, 0, 0, 0, , 0, 0, 0, 0, 0, 
812, 1, 845, 786, -1, 269, 136, 136.0, 12, ABplppppaaa, 0, 0, 0, 0, , 0, 0, 0, 0, 0, 
813, 1, 846, 787, -1, 287, 140, 140.0, 13, ABplppppaap, 0, 0, 0, 0, , 0, 0, 0, 0, 0, 
814, 0, 847, -1, -1, 256, 156, 151.0, 14, , 0, 0, 0, 0, , 0, 0, 0, 0, 0, 
815, 0, 848, -1, -1, 257, 154, 151.0, 12, , 0, 0, 0, 0, , 0, 0, 0, 0, 0, 
816, 1, 849, 790, -1, 269, 152, 156.0, 13, ABplppppapp, 0, 0, 0, 0, , 0, 0, 0, 0, 0, 
817, 1, 850, 791, -1, 267, 157, 132.5, 13, Capappp, 0, 0, 0, 0, , 0, 0, 0, 0, 0, 
818, 0, 851, -1, -1, 256, 156, 151.0, 14, , 0, 0, 0, 0, , 0, 0, 0, 0, 0, 
819, 1, 852, 794, -1, 289, 125, 129.5, 13, ABplpppppaa, 0, 0, 0, 0, , 0, 0, 0, 0, 0, 
820, 1, 853, 795, -1, 294, 138, 118.0, 13, ABplpppppap, 0, 0, 0, 0, , 0, 0, 0, 0, 0, 
821, 0, 854, -1, -1, 294, 154, 167.0, 13, , 0, 0, 0, 0, , 0, 0, 0, 0, 0, 
822, 0, 855, -1, -1, 291, 157, 179.0, 13, , 0, 0, 0, 0, , 0, 0, 0, 0, 0, 
823, 1, 856, 798, -1, 318, 149, 145.0, 14, Cappppd, 0, 0, 0, 0, , 0, 0, 0, 0, 0, 
824, 1, 857, 799, -1, 304, 156, 159.0, 14, ABplppppppp, 0, 0, 0, 0, , 0, 0, 0, 0, 0, 
825, 1, 858, 800, -1, 108, 132, 175.0, 13, ABpraaaaaap, 0, 0, 0, 0, , 0, 0, 0, 0, 0, 
826, 1, 859, 801, -1, 83, 123, 177.0, 13, ABpraaaaapd, 0, 0, 0, 0, , 0, 0, 0, 0, 0, 
827, 1, 860, 802, -1, 93, 123, 187.0, 13, ABpraaaaapv, 0, 0, 0, 0, , 0, 0, 0, 0, 0, 
828, 1, 861, 803, -1, 109, 128, 190.0, 13, ABpraaaapad, 0, 0, 0, 0, , 0, 0, 0, 0, 0, 
829, 1, 862, 804, -1, 137, 117, 207.0, 13, ABpraaaapav, 0, 0, 0, 0, , 0, 0, 0, 0, 0, 
830, 1, 863, 805, -1, 118, 75, 186.5, 12, ABpraaaappp, 0, 0, 0, 0, , 0, 0, 0, 0, 0, 
831, 1, 864, 806, -1, 131, 77, 179.0, 13, ABpraaapaad, 0, 0, 0, 0, , 0, 0, 0, 0, 0, 
832, 0, 865, -1, -1, 108, 83, 165.0, 14, , 0, 0, 0, 0, , 0, 0, 0, 0, 0, 
833, 1, 866, 808, -1, 109, 78, 166.0, 14, ABpraaapapa, 0, 0, 0, 0, , 0, 0, 0, 0, 0, 
834, 1, 867, 809, -1, 144, 99, 193.0, 13, ABpraaappaa, 0, 0, 0, 0, , 0, 0, 0, 0, 0, 
835, 1, 868, 810, -1, 141, 88, 195.5, 13, ABpraaappap, 0, 0, 0, 0, , 0, 0, 0, 0, 0, 
836, 1, 869, 811, -1, 151, 76, 200.0, 12, ABpraaapppaa, 0, 0, 0, 0, , 0, 0, 0, 0, 0, 
837, 1, 870, 812, -1, 159, 68, 205.0, 10, ABpraaapppap, 0, 0, 0, 0, , 0, 0, 0, 0, 0, 
838, 1, 871, 813, -1, 126, 94, 208.0, 13, ABpraaappppa, 0, 0, 0, 0, , 0, 0, 0, 0, 0, 
839, 1, 872, 814, -1, 141, 101, 210.0, 13, ABpraaappppp, 0, 0, 0, 0, , 0, 0, 0, 0, 0, 
840, 0, 873, -1, -1, 84, 125, 140.0, 15, , 0, 0, 0, 0, , 0, 0, 0, 0, 0, 
841, 1, 874, 816, -1, 83, 126, 143.0, 13, ABpraapaaaa, 0, 0, 0, 0, , 0, 0, 0, 0, 0, 
842, 1, 875, 817, -1, 65, 115, 152.0, 13, ABpraapaaap, 0, 0, 0, 0, , 0, 0, 0, 0, 0, 
843, 1, 876, 818, -1, 98, 98, 177.5, 13, ABpraapaapa, 0, 0, 0, 0, , 0, 0, 0, 0, 0, 
844, 1, 877, 819, -1, 98, 99, 187.5, 14, ABpraapaapp, 0, 0, 0, 0, , 0, 0, 0, 0, 0, 
845, 1, 878, 820, -1, 164, 86, 190.0, 12, ABpraapapaa, 0, 0, 0, 0, , 0, 0, 0, 0, 0, 
846, 1, 879, 821, -1, 156, 71, 187.0, 13, ABpraapapap, 0, 0, 0, 0, , 0, 0, 0, 0, 0, 
847, 1, 880, 822, -1, 148, 69, 181.0, 12, ABpraapappa, 0, 0, 0, 0, , 0, 0, 0, 0, 0, 
848, 1, 881, 823, -1, 134, 72, 191.0, 14, ABpraapappp, 0, 0, 0, 0, , 0, 0, 0, 0, 0, 
849, 1, 882, 824, -1, 104, 162, 173.0, 12, ABpraappaa, 0, 0, 0, 0, , 0, 0, 0, 0, 0, 
850, 0, 883, -1, -1, 107, 164, 158.5, 14, , 0, 0, 0, 0, , 0, 0, 0, 0, 0, 
851, 1, 884, 826, -1, 108, 164, 158.0, 15, ABalpapaaap, 0, 0, 0, 0, , 0, 0, 0, 0, 0, 
852, 1, 885, 827, -1, 142, 155, 197.0, 14, ABpraappap, 0, 0, 0, 0, , 0, 0, 0, 0, 0, 
853, 1, 886, 828, -1, 181, 157, 194.0, 12, ABpraapppa, 0, 0, 0, 0, , 0, 0, 0, 0, 0, 
854, 1, 887, 829, -1, 185, 89, 206.0, 14, ABpraapppp, 0, 0, 0, 0, , 0, 0, 0, 0, 0, 
855, 1, 888, 830, -1, 139, 55, 174.0, 17, ABprapaaaap, 0, 0, 0, 0, , 0, 0, 0, 0, 0, 
856, 1, 889, 831, -1, 173, 74, 193.0, 15, ABprapaaapa, 0, 0, 0, 0, , 0, 0, 0, 0, 0, 
857, 1, 890, 832, -1, 184, 60, 184.0, 13, ABprapaaapp, 0, 0, 0, 0, , 0, 0, 0, 0, 0, 
858, 1, 891, 833, -1, 181, 145, 192.0, 13, ABarappappp, 0, 0, 0, 0, , 0, 0, 0, 0, 0, 
859, 1, 892, 834, -1, 191, 143, 193.0, 13, ABprapaapa, 0, 0, 0, 0, , 0, 0, 0, 0, 0, 
860, 1, 893, 835, -1, 200, 82, 196.0, 15, ABprapaapp, 0, 0, 0, 0, , 0, 0, 0, 0, 0, 
861, 1, 894, 836, -1, 277, 93, 193.5, 14, ABprapapap, 0, 0, 0, 0, , 0, 0, 0, 0, 0, 
862, 1, 895, 837, -1, 286, 108, 204.0, 17, ABprapappa, 0, 0, 0, 0, , 0, 0, 0, 0, 0, 
863, 1, 896, 838, -1, 324, 123, 170.0, 15, ABprapapppp, 0, 0, 0, 0, , 0, 0, 0, 0, 0, 
864, 0, 897, -1, -1, 308, 105, 197.0, 13, , 0, 0, 0, 0, , 0, 0, 0, 0, 0, 
865, 1, 898, 840, -1, 322, 95, 184.0, 13, ABprapppaap, 0, 0, 0, 0, , 0, 0, 0, 0, 0, 
866, 1, 899, 841, -1, 270, 144, 192.5, 16, ABprappppa, 0, 0, 0, 0, , 0, 0, 0, 0, 0, 
867, 1, 900, 842, -1, 319, 135, 178.0, 16, ABprappppp, 0, 0, 0, 0, , 0, 0, 0, 0, 0, 
868, 1, 901, 843, -1, 306, 122, 178.0, 14, ABprapppapp, 0, 0, 0, 0, , 0, 0, 0, 0, 0, 
869, 1, 902, 844, -1, 146, 111, 204.0, 15, ABprpaaaaap, 0, 0, 0, 0, , 0, 0, 0, 0, 0, 
870, 1, 903, 845, -1, 187, 160, 176.5, 14, ABprpaaaapa, 0, 0, 0, 0, , 0, 0, 0, 0, 0, 
871, 1, 904, 846, -1, 219, 136, 163.0, 14, ABprpaaaapp, 0, 0, 0, 0, , 0, 0, 0, 0, 0, 
872, 0, 905, -1, -1, 114, 145, 173.0, 13, , 0, 0, 0, 0, , 0, 0, 0, 0, 0, 
873, 1, 906, 848, -1, 112, 145, 172.0, 13, ABprpaaapaa, 0, 0, 0, 0, , 0, 0, 0, 0, 0, 
874, 0, 907, -1, -1, 130, 154, 186.0, 13, , 0, 0, 0, 0, , 0, 0, 0, 0, 0, 
875, 1, 908, 850, -1, 126, 129, 181.0, 13, ABprpaaappa, 0, 0, 0, 0, , 0, 0, 0, 0, 0, 
876, 1, 909, 851, -1, 138, 128, 184.5, 13, ABprpaaappp, 0, 0, 0, 0, , 0, 0, 0, 0, 0, 
877, 1, 910, 852, -1, 119, 88, 180.0, 13, ABprpaapaaa, 0, 0, 0, 0, , 0, 0, 0, 0, 0, 
878, 1, 911, 853, -1, 154, 98, 213.0, 11, ABprpaapaap, 0, 0, 0, 0, , 0, 0, 0, 0, 0, 
879, 0, 912, -1, -1, 82, 98, 183.0, 15, , 0, 0, 0, 0, , 0, 0, 0, 0, 0, 
880, 1, 913, 855, -1, 136, 139, 178.0, 11, ABalaapappp, 0, 0, 0, 0, , 0, 0, 0, 0, 0, 
881, 1, 914, 856, -1, 117, 146, 187.0, 13, ABprpaaapap, 0, 0, 0, 0, , 0, 0, 0, 0, 0, 
882, 1, 915, 857, -1, 129, 154, 186.0, 12, ABprpaapapp, 0, 0, 0, 0, , 0, 0, 0, 0, 0, 
883, 1, 916, 858, -1, 159, 95, 199.0, 15, ABprpaappaa, 0, 0, 0, 0, , 0, 0, 0, 0, 0, 
884, 0, 917, -1, -1, 188, 77, 174.17949, 14, , 0, 0, 0, 0, , 0, 0, 0, 0, 0, 
885, 1, 918, 860, -1, 161, 85, 208.0, 13, ABprpaappap, 0, 0, 0, 0, , 0, 0, 0, 0, 0, 
886, 0, 919, -1, -1, 169, 142, 193.0, 13, , 0, 0, 0, 0, , 0, 0, 0, 0, 0, 
887, 1, 920, 862, -1, 169, 143, 192.0, 13, ABprpaapppa, 0, 0, 0, 0, , 0, 0, 0, 0, 0, 
888, 1, 921, 863, -1, 152, 148, 189.0, 15, ABprpaapppp, 0, 0, 0, 0, , 0, 0, 0, 0, 0, 
889, 0, 922, -1, -1, 154, 144, 181.0, 14, , 0, 0, 0, 0, , 0, 0, 0, 0, 0, 
890, 1, 923, 865, -1, 176, 146, 177.5, 13, ABprpapaaap, 0, 0, 0, 0, , 0, 0, 0, 0, 0, 
891, 0, 924, -1, -1, 154, 143, 174.5, 14, , 0, 0, 0, 0, , 0, 0, 0, 0, 0, 
892, 0, 925, -1, -1, 159, 145, 172.0, 15, , 0, 0, 0, 0, , 0, 0, 0, 0, 0, 
893, 1, 926, 868, -1, 162, 141, 167.5, 13, ABprpapaaaa, 0, 0, 0, 0, , 0, 0, 0, 0, 0, 
894, 1, 927, 869, -1, 153, 143, 182.0, 13, ABprpapaapp, 0, 0, 0, 0, , 0, 0, 0, 0, 0, 
895, 1, 928, 870, -1, 175, 124, 174.0, 13, ABprpapapaa, 0, 0, 0, 0, , 0, 0, 0, 0, 0, 
896, 1, 929, 871, -1, 173, 137, 180.0, 12, ABprpapapap, 0, 0, 0, 0, , 0, 0, 0, 0, 0, 
897, 0, 930, -1, -1, 189, 137, 181.0, 12, , 0, 0, 0, 0, , 0, 0, 0, 0, 0, 
898, 0, 931, -1, -1, 188, 136, 181.0, 12, , 0, 0, 0, 0, , 0, 0, 0, 0, 0, 
899, 0, 932, -1, -1, 189, 137, 180.0, 12, , 0, 0, 0, 0, , 0, 0, 0, 0, 0, 
900, 0, 933, -1, -1, 188, 135, 182.0, 12, , 0, 0, 0, 0, , 0, 0, 0, 0, 0, 
901, 0, 934, -1, -1, 188, 134, 182.0, 12, , 0, 0, 0, 0, , 0, 0, 0, 0, 0, 
902, 1, 935, 877, -1, 257, 128, 154.0, 14, ABprpapappp, 0, 0, 0, 0, , 0, 0, 0, 0, 0, 
903, 1, 936, 878, -1, 136, 158, 157.0, 13, ABprpappaaa, 0, 0, 0, 0, , 0, 0, 0, 0, 0, 
904, 1, 937, 879, -1, 168, 157, 164.0, 15, ABprpappaap, 0, 0, 0, 0, , 0, 0, 0, 0, 0, 
905, 1, 938, 880, -1, 174, 134, 165.0, 13, ABprpappapa, 0, 0, 0, 0, , 0, 0, 0, 0, 0, 
906, 1, 939, 881, -1, 226, 131, 151.0, 13, ABprpappapp, 0, 0, 0, 0, , 0, 0, 0, 0, 0, 
907, 0, 940, -1, -1, 151, 147, 158.5, 13, , 0, 0, 0, 0, , 0, 0, 0, 0, 0, 
908, 1, 941, 883, -1, 152, 139, 151.0, 13, ABprpapppaa, 0, 0, 0, 0, , 0, 0, 0, 0, 0, 
909, 1, 942, 884, -1, 203, 126, 173.0, 12, ABprpapppap, 0, 0, 0, 0, , 0, 0, 0, 0, 0, 
910, 0, 943, -1, -1, 279, 116, 165.0, 12, , 0, 0, 0, 0, , 0, 0, 0, 0, 0, 
911, 1, 944, 887, -1, 293, 141, 149.0, 12, ABprpappppp, 0, 0, 0, 0, , 0, 0, 0, 0, 0, 
912, 1, 945, 888, -1, 153, 131, 209.0, 12, ABprppaaaaa, 0, 0, 0, 0, , 0, 0, 0, 0, 0, 
913, 1, 946, 889, -1, 165, 110, 210.0, 16, ABprppaaaap, 0, 0, 0, 0, , 0, 0, 0, 0, 0, 
914, 1, 947, 890, -1, 164, 126, 205.5, 13, ABprppaapap, 0, 0, 0, 0, , 0, 0, 0, 0, 0, 
915, 0, 948, -1, -1, 197, 138, 170.0, 13, , 0, 0, 0, 0, , 0, 0, 0, 0, 0, 
916, 1, 949, 892, -1, 248, 119, 168.0, 12, ABprppaappp, 0, 0, 0, 0, , 0, 0, 0, 0, 0, 
917, 1, 950, 893, -1, 203, 134, 187.0, 12, ABprppapaaa, 0, 0, 0, 0, , 0, 0, 0, 0, 0, 
918, 1, 951, 894, -1, 212, 110, 157.5, 12, ABprppapaap, 0, 0, 0, 0, , 0, 0, 0, 0, 0, 
919, 1, 952, 895, -1, 231, 108, 162.0, 13, ABprppapapa, 0, 0, 0, 0, , 0, 0, 0, 0, 0, 
920, 1, 953, 896, -1, 254, 108, 162.0, 13, ABprppapapp, 0, 0, 0, 0, , 0, 0, 0, 0, 0, 
921, 1, 954, 897, -1, 208, 123, 166.0, 13, ABprppappaa, 0, 0, 0, 0, , 0, 0, 0, 0, 0, 
922, 1, 955, 898, -1, 219, 118, 155.0, 12, ABprppappap, 0, 0, 0, 0, , 0, 0, 0, 0, 0, 
923, 1, 956, 899, -1, 242, 109, 162.0, 10, ABprppapppa, 0, 0, 0, 0, , 0, 0, 0, 0, 0, 
924, 1, 957, 900, -1, 259, 118, 168.0, 12, ABprppapppp, 0, 0, 0, 0, , 0, 0, 0, 0, 0, 
925, 1, 958, 901, -1, 253, 129, 181.0, 12, ABprpppaaaa, 0, 0, 0, 0, , 0, 0, 0, 0, 0, 
926, 1, 959, 902, -1, 261, 109, 177.0, 12, ABprpppaaap, 0, 0, 0, 0, , 0, 0, 0, 0, 0, 
927, 0, 960, -1, -1, 304, 107, 183.5, 13, , 0, 0, 0, 0, , 0, 0, 0, 0, 0, 
928, 1, 961, 904, -1, 303, 108, 184.0, 14, ABprpppaapa, 0, 0, 0, 0, , 0, 0, 0, 0, 0, 
929, 1, 962, 905, -1, 298, 116, 192.0, 12, ABprpppaapp, 0, 0, 0, 0, , 0, 0, 0, 0, 0, 
930, 1, 963, 906, -1, 289, 127, 189.0, 12, ABprpppapaa, 0, 0, 0, 0, , 0, 0, 0, 0, 0, 
931, 0, 964, -1, -1, 283, 167, 177.0, 12, , 0, 0, 0, 0, , 0, 0, 0, 0, 0, 
932, 1, 965, 908, -1, 282, 170, 170.0, 14, ABprpppapap, 0, 0, 0, 0, , 0, 0, 0, 0, 0, 
933, 1, 966, 909, -1, 284, 161, 152.0, 15, Cappppv, 0, 0, 0, 0, , 0, 0, 0, 0, 0, 
934, 1, 967, 910, -1, 281, 116, 165.0, 13, ABprppppaaa, 0, 0, 0, 0, , 0, 0, 0, 0, 0, 
935, 0, 968, -1, -1, 289, 127, 165.0, 12, , 0, 0, 0, 0, , 0, 0, 0, 0, 0, 
936, 1, 969, 913, -1, 288, 127, 169.0, 12, ABprppppaap, 0, 0, 0, 0, , 0, 0, 0, 0, 0, 
937, 1, 970, 912, -1, 296, 131, 161.0, 12, ABprpappppa, 0, 0, 0, 0, , 0, 0, 0, 0, 0, 
938, 1, 971, 914, -1, 263, 131, 186.0, 14, ABprppppapa, 0, 0, 0, 0, , 0, 0, 0, 0, 0, 
939, 1, 972, 915, -1, 274, 139, 177.0, 15, ABprppppapp, 0, 0, 0, 0, , 0, 0, 0, 0, 0, 
940, 1, 973, 916, -1, 275, 103, 164.0, 13, ABprpppppaa, 0, 0, 0, 0, , 0, 0, 0, 0, 0, 
941, 1, 974, 917, -1, 297, 106, 166.5, 15, ABprpppppap, 0, 0, 0, 0, , 0, 0, 0, 0, 0, 
942, 0, 975, -1, -1, 293, 155, 166.0, 13, , 0, 0, 0, 0, , 0, 0, 0, 0, 0, 
943, 1, 976, 919, -1, 291, 157, 180.0, 13, ABprppppppa, 0, 0, 0, 0, , 0, 0, 0, 0, 0, 
944, 1, 977, 920, -1, 294, 154, 164.0, 13, ABplppppppa, 0, 0, 0, 0, , 0, 0, 0, 0, 0, 
945, 1, 978, 921, -1, 305, 148, 175.0, 13, ABprppppppp, 0, 0, 0, 0, , 0, 0, 0, 0, 0, 
946, 0, 979, -1, -1, 87, 143, 123.0, 11, , 0, 0, 0, 0, , 0, 0, 0, 0, 0, 
947, 0, 980, -1, -1, 87, 143, 122.0, 11, , 0, 0, 0, 0, , 0, 0, 0, 0, 0, 
948, 1, 981, 924, -1, 101, 146, 126.0, 12, ABalaaaalpp, 0, 0, 0, 0, , 0, 0, 0, 0, 0, 
949, 0, 982, -1, -1, 111, 148, 112.0, 13, , 0, 0, 0, 0, , 0, 0, 0, 0, 0, 
950, 1, 983, 927, -1, 112, 147, 100.0, 15, ABalapaappa, 0, 0, 0, 0, , 0, 0, 0, 0, 0, 
951, 1, 984, 928, -1, 98, 110, 81.0, 12, ABalapapppp, 0, 0, 0, 0, , 0, 0, 0, 0, 0, 
952, 0, 985, -1, -1, 102, 79, 160.39345, 12, , 0, 0, 0, 0, , 0, 0, 0, 0, 0, 
953, 1, 986, 930, -1, 103, 68, 175.0, 12, ABalappapaa, 0, 0, 0, 0, , 0, 0, 0, 0, 0, 
954, 0, 987, -1, -1, 76, 90, 166.0, 12, , 0, 0, 0, 0, , 0, 0, 0, 0, 0, 
955, 0, 988, -1, -1, 79, 94, 170.0, 12, , 0, 0, 0, 0, , 0, 0, 0, 0, 0, 
956, 1, 989, 933, -1, 82, 104, 180.0, 13, ABprpaapapa, 0, 0, 0, 0, , 0, 0, 0, 0, 0, 
957, 1, 990, 934, -1, 77, 92, 171.0, 12, ABalappappp, 0, 0, 0, 0, , 0, 0, 0, 0, 0, 
958, 0, 991, -1, -1, 100, 122, 131.0, 13, , 0, 0, 0, 0, , 0, 0, 0, 0, 0, 
959, 0, 992, -1, -1, 100, 121, 132.0, 13, , 0, 0, 0, 0, , 0, 0, 0, 0, 0, 
960, 0, 993, -1, -1, 98, 122, 132.0, 13, , 0, 0, 0, 0, , 0, 0, 0, 0, 0, 
961, 1, 994, 938, -1, 96, 138, 131.0, 12, ABalpaapppp, 0, 0, 0, 0, , 0, 0, 0, 0, 0, 
962, 1, 995, 939, -1, 99, 139, 91.0, 14, ABplaapaapa, 0, 0, 0, 0, , 0, 0, 0, 0, 0, 
963, 1, 996, 940, -1, 103, 145, 79.0, 15, ABplaapaapp, 0, 0, 0, 0, , 0, 0, 0, 0, 0, 
964, 0, 997, -1, -1, 150, 126, 108.26471, 15, , 0, 0, 0, 0, , 0, 0, 0, 0, 0, 
965, 0, 998, -1, -1, 155, 128, 105.0, 15, , 0, 0, 0, 0, , 0, 0, 0, 0, 0, 
966, 1, 999, 943, -1, 181, 174, 125.0, 13, ABalpapappp, 0, 0, 0, 0, , 0, 0, 0, 0, 0, 
967, 1, 1000, 944, -1, 155, 177, 137.5, 14, ABplpaapppp, 0, 0, 0, 0, , 0, 0, 0, 0, 0, 
968, 1, 1001, 945, -1, 181, 161, 85.0, 15, ABplppaaaap, 0, 0, 0, 0, , 0, 0, 0, 0, 0, 
969, 0, 1002, -1, -1, 108, 158, 123.0, 12, , 0, 0, 0, 0, , 0, 0, 0, 0, 0, 
970, 0, 1003, -1, -1, 109, 158, 122.0, 12, , 0, 0, 0, 0, , 0, 0, 0, 0, 0, 
971, 0, 1004, -1, -1, 104, 158, 126.0, 12, , 0, 0, 0, 0, , 0, 0, 0, 0, 0, 
972, 0, 1005, -1, -1, 118, 159, 116.0, 12, , 0, 0, 0, 0, , 0, 0, 0, 0, 0, 
973, 1, 1006, 950, -1, 97, 121, 152.0, 12, ABaraaapppp, 0, 0, 0, 0, , 0, 0, 0, 0, 0, 
974, 1, 1007, 951, -1, 119, 85, 110.0, 14, ABaraapaaap, 0, 0, 0, 0, , 0, 0, 0, 0, 0, 
975, 1, 1008, 952, -1, 124, 74, 101.0, 14, MSaaapaaa, 0, 0, 0, 0, , 0, 0, 0, 0, 0, 
976, 1, 1009, 953, -1, 137, 167, 122.0, 13, ABalppaappp, 0, 0, 0, 0, , 0, 0, 0, 0, 0, 
977, 1, 1010, 954, -1, 121, 153, 154.0, 13, ABarappaapa, 0, 0, 0, 0, , 0, 0, 0, 0, 0, 
978, 1, 1011, 955, -1, 115, 126, 88.5, 15, ABalppppapa, 0, 0, 0, 0, , 0, 0, 0, 0, 0, 
979, 0, 1012, -1, -1, 271, 132, 107.0, 16, , 0, 0, 0, 0, , 0, 0, 0, 0, 0, 
980, 1, 1012, 957, -1, 276, 129, 108.0, 16, MSappaap, 0, 0, 0, 0, , 0, 0, 0, 0, 0, 
981, 1, 1013, 958, -1, 135, 159, 91.0, 15, ABalapaapaa, 0, 0, 0, 0, , 0, 0, 0, 0, 0, 
982, 0, 1014, -1, -1, 163, 154, 120.0, 15, , 0, 0, 0, 0, , 0, 0, 0, 0, 0, 
983, 0, 1015, -1, -1, 161, 156, 118.0, 15, , 0, 0, 0, 0, , 0, 0, 0, 0, 0, 
984, 0, 1016, -1, -1, 161, 156, 118.0, 15, , 0, 0, 0, 0, , 0, 0, 0, 0, 0, 
985, 0, 1017, -1, -1, 167, 152, 119.5, 15, , 0, 0, 0, 0, , 0, 0, 0, 0, 0, 
986, 1, 1018, 963, -1, 178, 164, 147.0, 12, ABplpapaaap, 0, 0, 0, 0, , 0, 0, 0, 0, 0, 
987, 1, 1019, 964, -1, 156, 156, 151.5, 13, ABplpapaapa, 0, 0, 0, 0, , 0, 0, 0, 0, 0, 
988, 1, 1020, 965, -1, 156, 161, 155.0, 13, ABalpapapaa, 0, 0, 0, 0, , 0, 0, 0, 0, 0, 
989, 1, 1021, 966, -1, 152, 151, 162.0, 11, ABarappapaa, 0, 0, 0, 0, , 0, 0, 0, 0, 0, 
990, 1, 1022, 967, -1, 157, 145, 176.0, 15, ABprpapaapa, 0, 0, 0, 0, , 0, 0, 0, 0, 0, 
991, 1, 1023, 968, -1, 179, 157, 135.0, 13, ABplpapapap, 0, 0, 0, 0, , 0, 0, 0, 0, 0, 
992, 1, 1024, 969, -1, 181, 149, 128.0, 14, ABplpapapaa, 0, 0, 0, 0, , 0, 0, 0, 0, 0, 
993, 1, 1025, 970, -1, 224, 118, 120.0, 13, MSaappppa, 0, 0, 0, 0, , 0, 0, 0, 0, 0, 
994, 1, 1026, 971, -1, 214, 126, 114.5, 13, MSaapppap, 0, 0, 0, 0, , 0, 0, 0, 0, 0, 
995, 0, 1027, -1, -1, 207, 145, 136.0, 13, , 0, 0, 0, 0, , 0, 0, 0, 0, 0, 
996, 0, 1028, -1, -1, 202, 146, 152.0, 12, , 0, 0, 0, 0, , 0, 0, 0, 0, 0, 
997, 1, 1029, 974, -1, 202, 148, 153.0, 12, ABplppaappa, 0, 0, 0, 0, , 0, 0, 0, 0, 0, 
998, 0, 1030, -1, -1, 205, 144, 142.0, 15, , 0, 0, 0, 0, , 0, 0, 0, 0, 0, 
999, 0, 1031, -1, -1, 196, 139, 170.0, 13, , 0, 0, 0, 0, , 0, 0, 0, 0, 0, 
1000, 1, 1032, 977, -1, 243, 126, 151.0, 13, ABplppaappp, 0, 0, 0, 0, , 0, 0, 0, 0, 0, 
1001, 1, 1033, 978, -1, 236, 119, 156.0, 13, ABplpapappp, 0, 0, 0, 0, , 0, 0, 0, 0, 0, 
1002, 0, 1034, -1, -1, 246, 122, 147.5, 13, , 0, 0, 0, 0, , 0, 0, 0, 0, 0, 
1003, 1, 1035, 980, -1, 209, 127, 143.0, 13, ABplppappap, 0, 0, 0, 0, , 0, 0, 0, 0, 0, 
1004, 0, 1036, -1, -1, 257, 154, 149.0, 14, , 0, 0, 0, 0, , 0, 0, 0, 0, 0, 
1005, 1, 1036, 982, -1, 257, 155, 148.0, 14, ABplppppapa, 0, 0, 0, 0, , 0, 0, 0, 0, 0, 
1006, 0, 1037, -1, -1, 108, 114, 191.0, 12, , 0, 0, 0, 0, , 0, 0, 0, 0, 0, 
1007, 1, 1038, 984, -1, 118, 117, 196.0, 12, ABpraaaaaaa, 0, 0, 0, 0, , 0, 0, 0, 0, 0, 
1008, 1, 1039, 985, -1, 95, 134, 181.0, 13, ABalaappapp, 0, 0, 0, 0, , 0, 0, 0, 0, 0, 
1009, 0, 1040, -1, -1, 104, 113, 176.0, 12, , 0, 0, 0, 0, , 0, 0, 0, 0, 0, 
1010, 0, 1041, -1, -1, 99, 120, 160.5, 13, , 0, 0, 0, 0, , 0, 0, 0, 0, 0, 
1011, 0, 1042, -1, -1, 99, 119, 160.0, 13, , 0, 0, 0, 0, , 0, 0, 0, 0, 0, 
1012, 1, 1043, 989, -1, 99, 120, 161.0, 13, ABalaapaapp, 0, 0, 0, 0, , 0, 0, 0, 0, 0, 
1013, 1, 1044, 990, -1, 108, 114, 189.0, 12, ABalaappapa, 0, 0, 0, 0, , 0, 0, 0, 0, 0, 
1014, 1, 1045, 991, -1, 155, 88, 178.0, 14, MSppppaa, 0, 0, 0, 0, , 0, 0, 0, 0, 0, 
1015, 1, 1046, 992, -1, 152, 124, 185.0, 15, MSpppapp, 0, 0, 0, 0, , 0, 0, 0, 0, 0, 
1016, 1, 1047, 993, -1, 173, 98, 186.0, 15, Dpaaa, 0, 0, 0, 0, , 0, 0, 0, 0, 0, 
1017, 0, 1048, -1, -1, 178, 135, 155.0, 17, , 0, 0, 0, 0, , 0, 0, 0, 0, 0, 
1018, 0, 1049, -1, -1, 190, 158, 166.5, 15, , 0, 0, 0, 0, , 0, 0, 0, 0, 0, 
1019, 1, 1050, 996, -1, 182, 147, 162.0, 15, ABplpappaap, 0, 0, 0, 0, , 0, 0, 0, 0, 0, 
1020, 1, 1051, 997, -1, 310, 106, 193.0, 15, ABprapppaaa, 0, 0, 0, 0, , 0, 0, 0, 0, 0, 
1021, 0, 1052, -1, -1, 102, 143, 120.0, 12, , 0, 0, 0, 0, , 0, 0, 0, 0, 0, 
1022, 1, 1053, 999, -1, 101, 121, 129.0, 13, ABalpaapppa, 0, 0, 0, 0, , 0, 0, 0, 0, 0, 
1023, 1, 1054, 1000, -1, 101, 119, 118.5, 14, ABalaaaarlp, 0, 0, 0, 0, , 0, 0, 0, 0, 0, 
1024, 0, 1055, -1, -1, 87, 143, 123.0, 13, , 0, 0, 0, 0, , 0, 0, 0, 0, 0, 
1025, 0, 1056, -1, -1, 84, 127, 94.5, 13, , 0, 0, 0, 0, , 0, 0, 0, 0, 0, 
1026, 0, 1057, -1, -1, 85, 127, 99.0, 13, , 0, 0, 0, 0, , 0, 0, 0, 0, 0, 
1027, 0, 1058, -1, -1, 88, 142, 122.0, 13, , 0, 0, 0, 0, , 0, 0, 0, 0, 0, 
1028, 1, 1059, 1005, -1, 92, 72, 177.0, 12, ABalapppppa, 0, 0, 0, 0, , 0, 0, 0, 0, 0, 
1029, 0, 1060, -1, -1, 112, 159, 120.5, 12, , 0, 0, 0, 0, , 0, 0, 0, 0, 0, 
1030, 0, 1061, -1, -1, 113, 148, 112.5, 12, , 0, 0, 0, 0, , 0, 0, 0, 0, 0, 
1031, 1, 1062, 1008, -1, 129, 149, 118.0, 12, ABalppaaapa, 0, 0, 0, 0, , 0, 0, 0, 0, 0, 
1032, 1, 1063, 1009, -1, 104, 158, 126.0, 11, ABalpppaaap, 0, 0, 0, 0, , 0, 0, 0, 0, 0, 
1033, 0, 1064, -1, -1, 118, 158, 116.0, 12, , 0, 0, 0, 0, , 0, 0, 0, 0, 0, 
1034, 0, 1065, -1, -1, 112, 158, 121.0, 12, , 0, 0, 0, 0, , 0, 0, 0, 0, 0, 
1035, 1, 1066, 1012, -1, 117, 159, 117.0, 12, ABalppaaapp, 0, 0, 0, 0, , 0, 0, 0, 0, 0, 
1036, 1, 1067, 1013, -1, 174, 169, 132.0, 12, ABplpaapppa, 0, 0, 0, 0, , 0, 0, 0, 0, 0, 
1037, 0, 1068, -1, -1, 171, 169, 128.0, 12, , 0, 0, 0, 0, , 0, 0, 0, 0, 0, 
1038, 1, 1069, 1015, -1, 204, 102, 121.5, 12, MSaapappp, 0, 0, 0, 0, , 0, 0, 0, 0, 0, 
1039, 1, 1070, 1016, -1, 202, 102, 141.0, 14, MSaappaa, 0, 0, 0, 0, , 0, 0, 0, 0, 0, 
1040, 1, 1071, 1017, -1, 153, 128, 105.0, 15, ABalpappaap, 0, 0, 0, 0, , 0, 0, 0, 0, 0, 
1041, 1, 1072, 1018, -1, 189, 136, 181.0, 12, ABprpapappa, 0, 0, 0, 0, , 0, 0, 0, 0, 0, 
1042, 1, 1073, 1019, -1, 198, 139, 168.0, 13, ABprppaappa, 0, 0, 0, 0, , 0, 0, 0, 0, 0, 
1043, 0, 634, -1, -1, 116, 141, 123.0, 13, , 0, 0, 0, 0, , 0, 0, 0, 0, 0, 
1044, 1, 1074, 1021, -1, 201, 144, 117.0, 14, MSaapppaa, 0, 0, 0, 0, , 0, 0, 0, 0, 0, 
1045, 0, 1075, -1, -1, 154, 161, 131.0, 15, , 0, 0, 0, 0, , 0, 0, 0, 0, 0, 
1046, 1, 1076, 1023, -1, 161, 153, 121.5, 15, MSappapp, 0, 0, 0, 0, , 0, 0, 0, 0, 0, 
1047, 1, 1077, 1024, -1, 162, 160, 74.0, 14, ABplpaapaap, 0, 0, 0, 0, , 0, 0, 0, 0, 0, 
1048, 1, 1078, 1025, -1, 173, 147, 68.0, 13, ABplpaappap, 0, 0, 0, 0, , 0, 0, 0, 0, 0, 
1049, 1, 1079, 1026, -1, 116, 141, 120.0, 13, ABalppapaaa, 0, 0, 0, 0, , 0, 0, 0, 0, 0, 
1050, 1, 1080, 1027, -1, 86, 123, 130.0, 15, ABplaapaaaa, 0, 0, 0, 0, , 0, 0, 0, 0, 0, 
1051, 1, 1081, 1028, -1, 209, 141, 155.0, 13, ABarappappa, 0, 0, 0, 0, , 0, 0, 0, 0, 0, 
1052, 1, 1082, 1029, -1, 208, 145, 131.0, 13, ABplppappaa, 0, 0, 0, 0, , 0, 0, 0, 0, 0, 
1053, 1, 1083, 1030, -1, 146, 123, 128.0, 13, ABalpaaaapa, 0, 0, 0, 0, , 0, 0, 0, 0, 0, 
1054, 1, 1084, 1031, -1, 174, 172, 97.0, 14, ABplppaapap, 0, 0, 0, 0, , 0, 0, 0, 0, 0, 
1055, 1, 1085, 1032, -1, 88, 124, 85.0, 14, ABalapaaapa, 0, 0, 0, 0, , 0, 0, 0, 0, 0, 
1056, 1, 1086, 1033, -1, 86, 126, 94.0, 13, ABalaaaalal, 0, 0, 0, 0, , 0, 0, 0, 0, 0, 
1057, 1, 1087, 1034, -1, 76, 93, 117.0, 13, ABalappaapa, 0, 0, 0, 0, , 0, 0, 0, 0, 0, 
