1, 0, 1, -1, -1, 181, 60, 185.0, 9, , 8, 0, 0, 0, , 0, 0, 0, 0, 0, 
2, 0, 2, -1, -1, 294, 117, 188.0, 9, , 17, 0, 0, 0, , 0, 0, 0, 0, 0, 
3, 0, 3, -1, -1, 168, 141, 189.0, 11, , 46, 0, 0, 0, , 0, 0, 0, 0, 0, 
4, 0, 4, -1, -1, 125, 167, 126.0, 9, , 5, 0, 0, 0, , 0, 0, 0, 0, 0, 
5, 0, 5, -1, -1, 118, 139, 129.0, 7, , 6, 0, 0, 0, , 0, 0, 0, 0, 0, 
6, 0, 6, -1, -1, 179, 118, 108.0, 9, , 25, 0, 0, 0, , 0, 0, 0, 0, 0, 
7, 0, 7, -1, -1, 201, 80, 194.0, 7, , 24, 0, 0, 0, , 0, 0, 0, 0, 0, 
8, 0, 7, -1, -1, 196, 80, 193.0, 9, , 77, 0, 0, 0, , 0, 0, 0, 0, 0, 
9, 0, 8, -1, -1, 117, 89, 114.0, 11, , 32, 0, 0, 0, , 0, 0, 0, 0, 0, 
10, 0, 9, -1, -1, 124, 123, 171.0, 9, , 26, 0, 0, 0, , 0, 0, 0, 0, 0, 
11, 0, 10, -1, -1, 271, 79, 186.0, 11, , 46, 0, 0, 0, , 0, 0, 0, 0, 0, 
12, 0, 11, -1, -1, 167, 124, 206.0, 9, , 65, 0, 0, 0, , 0, 0, 0, 0, 0, 
13, 0, 12, -1, -1, 176, 111, 96.0, 9, , 36, 0, 0, 0, , 0, 0, 0, 0, 0, 
14, 0, 13, -1, -1, 117, 87, 101.0, 11, , 38, 0, 0, 0, , 0, 0, 0, 0, 0, 
15, 0, 14, -1, -1, 113, 86, 123.0, 11, , 68, 0, 0, 0, , 0, 0, 0, 0, 0, 
16, 0, 15, -1, -1, 154, 114, 202.0, 9, , 29, 0, 0, 0, , 0, 0, 0, 0, 0, 
17, 0, 16, -1, -1, 155, 122, 156.0, 9, , 68, 0, 0, 0, , 0, 0, 0, 0, 0, 
18, 0, 17, -1, -1, 154, 136, 205.0, 9, , 30, 0, 0, 0, , 0, 0, 0, 0, 0, 
19, 0, 18, -1, -1, 148, 158, 165.0, 11, , 45, 0, 0, 0, , 0, 0, 0, 0, 0, 
20, 0, 19, -1, -1, 251, 114, 163.0, 9, , 27, 0, 0, 0, , 0, 0, 0, 0, 0, 
21, 0, 20, -1, -1, 198, 84, 198.0, 9, , 87, 0, 0, 0, , 0, 0, 0, 0, 0, 
22, 0, 21, -1, -1, 115, 167, 167.0, 9, , 70, 0, 0, 0, , 0, 0, 0, 0, 0, 
23, 0, 22, -1, -1, 116, 85, 110.0, 9, , 73, 0, 0, 0, , 0, 0, 0, 0, 0, 
24, 0, 23, -1, -1, 160, 86, 210.0, 11, , 49, 0, 0, 0, , 0, 0, 0, 0, 0, 
25, 0, 25, -1, -1, 154, 74, 186.0, 11, , 88, 0, 0, 0, , 0, 0, 0, 0, 0, 
26, 0, 26, -1, -1, 154, 101, 207.0, 11, , 51, 0, 0, 0, , 0, 0, 0, 0, 0, 
27, 0, 27, -1, -1, 209, 141, 161.0, 9, , 94, 0, 0, 0, , 0, 0, 0, 0, 0, 
28, 0, 28, -1, -1, 139, 130, 185.0, 9, , 45, 0, 0, 0, , 0, 0, 0, 0, 0, 
29, 0, 29, -1, -1, 181, 108, 205.0, 9, , 13, 0, 0, 0, , 0, 0, 0, 0, 0, 
30, 0, 30, -1, -1, 151, 72, 189.0, 9, , 40, 0, 0, 0, , 0, 0, 0, 0, 0, 
31, 0, 31, -1, -1, 221, 74, 191.0, 9, , 37, 0, 0, 0, , 0, 0, 0, 0, 0, 
32, 0, 32, -1, -1, 139, 89, 168.0, 9, , 44, 0, 0, 0, , 0, 0, 0, 0, 0, 
33, 0, 33, -1, -1, 100, 82, 181.0, 7, , 10, 0, 0, 0, , 0, 0, 0, 0, 0, 
34, 0, 34, -1, -1, 213, 75, 187.0, 9, , 20, 0, 0, 0, , 0, 0, 0, 0, 0, 
35, 0, 35, -1, -1, 117, 147, 187.0, 9, , 26, 0, 0, 0, , 0, 0, 0, 0, 0, 
36, 0, 36, -1, -1, 130, 177, 125.0, 9, , 35, 0, 0, 0, , 0, 0, 0, 0, 0, 
37, 0, 37, -1, -1, 174, 96, 162.0, 9, , 24, 0, 0, 0, , 0, 0, 0, 0, 0, 
38, 0, 38, -1, -1, 175, 99, 200.0, 7, , 14, 0, 0, 0, , 0, 0, 0, 0, 0, 
39, 0, 39, -1, -1, 114, 86, 121.0, 11, , 81, 0, 0, 0, , 0, 0, 0, 0, 0, 
40, 0, 40, -1, -1, 111, 86, 118.0, 9, , 73, 0, 0, 0, , 0, 0, 0, 0, 0, 
41, 0, 41, -1, -1, 305, 158, 99.0, 11, , 52, 0, 0, 0, , 0, 0, 0, 0, 0, 
42, 0, 42, -1, -1, 229, 46, 178.0, 9, , 13, 0, 0, 0, , 0, 0, 0, 0, 0, 
43, 0, 43, -1, -1, 221, 75, 188.0, 9, , 29, 0, 0, 0, , 0, 0, 0, 0, 0, 
44, 0, 44, -1, -1, 198, 80, 201.0, 11, , 39, 0, 0, 0, , 0, 0, 0, 0, 0, 
45, 0, 45, -1, -1, 92, 107, 178.0, 11, , 93, 0, 0, 0, , 0, 0, 0, 0, 0, 
46, 0, 46, -1, -1, 137, 181, 130.0, 9, , 22, 0, 0, 0, , 0, 0, 0, 0, 0, 
47, 0, 47, -1, -1, 170, 79, 167.0, 11, , 29, 0, 0, 0, , 0, 0, 0, 0, 0, 
48, 0, 48, -1, -1, 103, 159, 151.0, 9, , 45, 0, 0, 0, , 0, 0, 0, 0, 0, 
49, 0, 49, -1, -1, 77, 123, 174.0, 9, , 22, 0, 0, 0, , 0, 0, 0, 0, 0, 
50, 0, 50, -1, -1, 243, 62, 176.0, 11, , 61, 0, 0, 0, , 0, 0, 0, 0, 0, 
51, 0, 51, -1, -1, 124, 118, 194.0, 9, , 51, 0, 0, 0, , 0, 0, 0, 0, 0, 
52, 0, 52, -1, -1, 139, 89, 166.0, 9, , 25, 0, 0, 0, , 0, 0, 0, 0, 0, 
53, 0, 53, -1, -1, 183, 64, 186.0, 9, , 21, 0, 0, 0, , 0, 0, 0, 0, 0, 
54, 0, 54, -1, -1, 167, 75, 196.0, 9, , 25, 0, 0, 0, , 0, 0, 0, 0, 0, 
55, 0, 55, -1, -1, 325, 98, 183.0, 11, , 50, 0, 0, 0, , 0, 0, 0, 0, 0, 
56, 0, 56, -1, -1, 157, 89, 151.0, 9, , 56, 0, 0, 0, , 0, 0, 0, 0, 0, 
57, 0, 57, -1, -1, 117, 146, 173.0, 11, , 45, 0, 0, 0, , 0, 0, 0, 0, 0, 
58, 0, 58, -1, -1, 192, 147, 190.0, 9, , 52, 0, 0, 0, , 0, 0, 0, 0, 0, 
59, 0, 59, -1, -1, 114, 166, 161.0, 9, , 88, 0, 0, 0, , 0, 0, 0, 0, 0, 
60, 0, 60, -1, -1, 133, 107, 155.0, 9, , 38, 0, 0, 0, , 0, 0, 0, 0, 0, 
61, 0, 61, -1, -1, 139, 130, 182.0, 9, , 65, 0, 0, 0, , 0, 0, 0, 0, 0, 
62, 0, 62, -1, -1, 153, 117, 156.0, 9, , 77, 0, 0, 0, , 0, 0, 0, 0, 0, 
63, 0, 63, -1, -1, 226, 39, 173.0, 9, , 37, 0, 0, 0, , 0, 0, 0, 0, 0, 
64, 0, 64, -1, -1, 222, 80, 187.0, 9, , 18, 0, 0, 0, , 0, 0, 0, 0, 0, 
65, 0, 65, -1, -1, 141, 119, 134.0, 9, , 26, 0, 0, 0, , 0, 0, 0, 0, 0, 
66, 0, 66, -1, -1, 193, 112, 151.0, 13, , 34, 0, 0, 0, , 0, 0, 0, 0, 0, 
67, 0, 67, -1, -1, 154, 119, 161.0, 9, , 160, 0, 0, 0, , 0, 0, 0, 0, 0, 
68, 0, 68, -1, -1, 150, 66, 183.0, 7, , 11, 0, 0, 0, , 0, 0, 0, 0, 0, 
69, 0, 69, -1, -1, 181, 64, 192.0, 9, , 58, 0, 0, 0, , 0, 0, 0, 0, 0, 
70, 0, 70, -1, -1, 138, 151, 106.0, 9, , 22, 0, 0, 0, , 0, 0, 0, 0, 0, 
71, 0, 71, -1, -1, 124, 178, 122.0, 7, , 16, 0, 0, 0, , 0, 0, 0, 0, 0, 
72, 0, 72, -1, -1, 130, 86, 155.0, 11, , 120, 0, 0, 0, , 0, 0, 0, 0, 0, 
73, 0, 73, -1, -1, 252, 110, 162.0, 9, , 13, 0, 0, 0, , 0, 0, 0, 0, 0, 
74, 0, 74, -1, -1, 169, 80, 170.0, 9, , 39, 0, 0, 0, , 0, 0, 0, 0, 0, 
75, 0, 75, -1, -1, 131, 93, 182.0, 9, , 13, 0, 0, 0, , 0, 0, 0, 0, 0, 
76, 0, 76, -1, -1, 134, 58, 177.0, 7, , 14, 0, 0, 0, , 0, 0, 0, 0, 0, 
77, 0, 77, -1, -1, 273, 78, 182.0, 9, , 62, 0, 0, 0, , 0, 0, 0, 0, 0, 
78, 0, 78, -1, -1, 192, 146, 185.0, 9, , 14, 0, 0, 0, , 0, 0, 0, 0, 0, 
79, 0, 79, -1, -1, 200, 79, 196.0, 11, , 98, 0, 0, 0, , 0, 0, 0, 0, 0, 
80, 0, 80, -1, -1, 290, 108, 201.0, 9, , 25, 0, 0, 0, , 0, 0, 0, 0, 0, 
81, 0, 81, -1, -1, 157, 90, 157.0, 11, , 58, 0, 0, 0, , 0, 0, 0, 0, 0, 
82, 0, 82, -1, -1, 66, 120, 153.0, 9, , 21, 0, 0, 0, , 0, 0, 0, 0, 0, 
83, 0, 83, -1, -1, 155, 87, 160.0, 9, , 50, 0, 0, 0, , 0, 0, 0, 0, 0, 
84, 0, 85, -1, -1, 155, 119, 153.0, 11, , 56, 0, 0, 0, , 0, 0, 0, 0, 0, 
85, 0, 86, -1, -1, 190, 139, 184.0, 9, , 22, 0, 0, 0, , 0, 0, 0, 0, 0, 
86, 0, 87, -1, -1, 176, 113, 92.0, 9, , 38, 0, 0, 0, , 0, 0, 0, 0, 0, 
87, 0, 88, -1, -1, 157, 111, 140.0, 9, , 52, 0, 0, 0, , 0, 0, 0, 0, 0, 
88, 0, 89, -1, -1, 123, 155, 150.0, 9, , 40, 0, 0, 0, , 0, 0, 0, 0, 0, 
89, 0, 90, -1, -1, 125, 130, 166.0, 7, , 7, 0, 0, 0, , 0, 0, 0, 0, 0, 
90, 0, 91, -1, -1, 138, 81, 171.0, 9, , 19, 0, 0, 0, , 0, 0, 0, 0, 0, 
91, 0, 92, -1, -1, 148, 68, 181.0, 15, , 153, 0, 0, 0, , 0, 0, 0, 0, 0, 
92, 0, 93, -1, -1, 119, 148, 183.0, 9, , 43, 0, 0, 0, , 0, 0, 0, 0, 0, 
93, 0, 94, -1, -1, 162, 88, 197.0, 9, , 34, 0, 0, 0, , 0, 0, 0, 0, 0, 
94, 0, 95, -1, -1, 192, 116, 69.0, 9, , 18, 0, 0, 0, , 0, 0, 0, 0, 0, 
95, 0, 96, -1, -1, 96, 147, 107.0, 9, , 20, 0, 0, 0, , 0, 0, 0, 0, 0, 
96, 0, 97, -1, -1, 118, 98, 119.0, 9, , 66, 0, 0, 0, , 0, 0, 0, 0, 0, 
97, 0, 98, -1, -1, 114, 75, 134.0, 9, , 21, 0, 0, 0, , 0, 0, 0, 0, 0, 
98, 0, 99, -1, -1, 131, 129, 139.0, 11, , 84, 0, 0, 0, , 0, 0, 0, 0, 0, 
99, 0, 100, -1, -1, 217, 143, 142.0, 11, , 24, 0, 0, 0, , 0, 0, 0, 0, 0, 
100, 0, 101, -1, -1, 102, 159, 153.0, 9, , 46, 0, 0, 0, , 0, 0, 0, 0, 0, 
101, 0, 102, -1, -1, 157, 88, 164.0, 9, , 24, 0, 0, 0, , 0, 0, 0, 0, 0, 
102, 0, 103, -1, -1, 153, 151, 163.0, 11, , 51, 0, 0, 0, , 0, 0, 0, 0, 0, 
103, 0, 104, -1, -1, 170, 77, 174.0, 9, , 26, 0, 0, 0, , 0, 0, 0, 0, 0, 
104, 0, 105, -1, -1, 117, 88, 180.0, 9, , 32, 0, 0, 0, , 0, 0, 0, 0, 0, 
105, 0, 106, -1, -1, 135, 104, 183.0, 7, , 18, 0, 0, 0, , 0, 0, 0, 0, 0, 
106, 0, 107, -1, -1, 242, 64, 185.0, 9, , 63, 0, 0, 0, , 0, 0, 0, 0, 0, 
107, 0, 108, -1, -1, 155, 77, 190.0, 9, , 17, 0, 0, 0, , 0, 0, 0, 0, 0, 
108, 0, 109, -1, -1, 164, 84, 187.0, 7, , 11, 0, 0, 0, , 0, 0, 0, 0, 0, 
109, 0, 110, -1, -1, 324, 98, 186.0, 9, , 28, 0, 0, 0, , 0, 0, 0, 0, 0, 
110, 0, 111, -1, -1, 316, 128, 190.0, 7, , 13, 0, 0, 0, , 0, 0, 0, 0, 0, 
111, 0, 112, -1, -1, 92, 105, 181.0, 9, , 51, 0, 0, 0, , 0, 0, 0, 0, 0, 
112, 0, 113, -1, -1, 144, 91, 195.0, 9, , 21, 0, 0, 0, , 0, 0, 0, 0, 0, 
113, 0, 114, -1, -1, 172, 100, 208.0, 7, , 27, 0, 0, 0, , 0, 0, 0, 0, 0, 
114, 0, 115, -1, -1, 156, 130, 210.0, 7, , 25, 0, 0, 0, , 0, 0, 0, 0, 0, 
115, 0, 116, -1, -1, 116, 97, 124.0, 9, , 71, 0, 0, 0, , 0, 0, 0, 0, 0, 
116, 0, 117, -1, -1, 296, 119, 191.0, 9, , 55, 0, 0, 0, , 0, 0, 0, 0, 0, 
117, 0, 118, -1, -1, 166, 125, 208.0, 9, , 22, 0, 0, 0, , 0, 0, 0, 0, 0, 
118, 0, 119, -1, -1, 106, 119, 55.0, 9, , 15, 0, 0, 0, , 0, 0, 0, 0, 0, 
119, 0, 120, -1, -1, 176, 126, 80.0, 9, , 26, 0, 0, 0, , 0, 0, 0, 0, 0, 
120, 0, 121, -1, -1, 129, 128, 85.0, 9, , 62, 0, 0, 0, , 0, 0, 0, 0, 0, 
121, 0, 122, -1, -1, 176, 110, 94.0, 7, , 20, 0, 0, 0, , 0, 0, 0, 0, 0, 
122, 0, 123, -1, -1, 82, 151, 106.0, 9, , 14, 0, 0, 0, , 0, 0, 0, 0, 0, 
123, 0, 124, -1, -1, 126, 178, 118.0, 7, , 13, 0, 0, 0, , 0, 0, 0, 0, 0, 
124, 0, 125, -1, -1, 115, 166, 128.0, 11, , 24, 0, 0, 0, , 0, 0, 0, 0, 0, 
125, 0, 126, -1, -1, 112, 85, 126.0, 9, , 35, 0, 0, 0, , 0, 0, 0, 0, 0, 
126, 0, 127, -1, -1, 257, 39, 132.0, 7, , 19, 0, 0, 0, , 0, 0, 0, 0, 0, 
127, 0, 128, -1, -1, 89, 120, 126.0, 9, , 18, 0, 0, 0, , 0, 0, 0, 0, 0, 
128, 0, 129, -1, -1, 145, 182, 129.0, 9, , 51, 0, 0, 0, , 0, 0, 0, 0, 0, 
129, 0, 130, -1, -1, 116, 89, 135.0, 9, , 23, 0, 0, 0, , 0, 0, 0, 0, 0, 
130, 0, 131, -1, -1, 116, 76, 139.0, 7, , 25, 0, 0, 0, , 0, 0, 0, 0, 0, 
131, 0, 133, -1, -1, 81, 127, 143.0, 9, , 48, 0, 0, 0, , 0, 0, 0, 0, 0, 
132, 0, 134, -1, -1, 193, 113, 149.0, 13, , 31, 0, 0, 0, , 0, 0, 0, 0, 0, 
133, 0, 135, -1, -1, 151, 152, 153.0, 9, , 26, 0, 0, 0, , 0, 0, 0, 0, 0, 
134, 0, 135, -1, -1, 159, 156, 152.0, 9, , 66, 0, 0, 0, , 0, 0, 0, 0, 0, 
135, 0, 136, -1, -1, 193, 111, 155.0, 11, , 33, 0, 0, 0, , 0, 0, 0, 0, 0, 
136, 0, 137, -1, -1, 150, 151, 156.0, 9, , 49, 0, 0, 0, , 0, 0, 0, 0, 0, 
137, 0, 138, -1, -1, 175, 96, 160.0, 9, , 28, 0, 0, 0, , 0, 0, 0, 0, 0, 
138, 0, 139, -1, -1, 322, 79, 159.0, 9, , 19, 0, 0, 0, , 0, 0, 0, 0, 0, 
139, 0, 140, -1, -1, 150, 145, 160.0, 9, , 27, 0, 0, 0, , 0, 0, 0, 0, 0, 
140, 0, 141, -1, -1, 227, 42, 172.0, 13, , 59, 0, 0, 0, , 0, 0, 0, 0, 0, 
141, 0, 142, -1, -1, 281, 117, 164.0, 9, , 31, 0, 0, 0, , 0, 0, 0, 0, 0, 
142, 0, 143, -1, -1, 74, 124, 171.0, 9, , 43, 0, 0, 0, , 0, 0, 0, 0, 0, 
143, 0, 144, -1, -1, 194, 142, 177.0, 11, , 62, 0, 0, 0, , 0, 0, 0, 0, 0, 
144, 0, 145, -1, -1, 240, 66, 180.0, 11, , 62, 0, 0, 0, , 0, 0, 0, 0, 0, 
145, 0, 146, -1, -1, 294, 114, 190.0, 9, , 14, 0, 0, 0, , 0, 0, 0, 0, 0, 
146, 0, 147, -1, -1, 162, 84, 193.0, 7, , 20, 0, 0, 0, , 0, 0, 0, 0, 0, 
147, 0, 148, -1, -1, 290, 131, 190.0, 9, , 35, 0, 0, 0, , 0, 0, 0, 0, 0, 
148, 0, 149, -1, -1, 281, 91, 193.0, 9, , 30, 0, 0, 0, , 0, 0, 0, 0, 0, 
149, 0, 150, -1, -1, 270, 145, 191.0, 9, , 58, 0, 0, 0, , 0, 0, 0, 0, 0, 
150, 0, 151, -1, -1, 300, 120, 194.0, 9, , 45, 0, 0, 0, , 0, 0, 0, 0, 0, 
151, 0, 152, -1, -1, 280, 96, 199.0, 7, , 3, 0, 0, 0, , 0, 0, 0, 0, 0, 
152, 0, 153, -1, -1, 144, 91, 105.0, 9, , 64, 0, 0, 0, , 0, 0, 0, 0, 0, 
153, 0, 154, -1, -1, 83, 152, 108.0, 9, , 19, 0, 0, 0, , 0, 0, 0, 0, 0, 
154, 0, 155, -1, -1, 122, 86, 114.0, 9, , 44, 0, 0, 0, , 0, 0, 0, 0, 0, 
155, 0, 156, -1, -1, 301, 176, 127.0, 7, , 21, 0, 0, 0, , 0, 0, 0, 0, 0, 
156, 0, 157, -1, -1, 215, 160, 151.0, 9, , 57, 0, 0, 0, , 0, 0, 0, 0, 0, 
157, 0, 158, -1, -1, 111, 164, 152.0, 9, , 35, 0, 0, 0, , 0, 0, 0, 0, 0, 
158, 0, 159, -1, -1, 214, 160, 154.0, 9, , 26, 0, 0, 0, , 0, 0, 0, 0, 0, 
159, 0, 160, -1, -1, 241, 67, 177.0, 9, , 17, 0, 0, 0, , 0, 0, 0, 0, 0, 
160, 0, 161, -1, -1, 221, 77, 191.0, 11, , 76, 0, 0, 0, , 0, 0, 0, 0, 0, 
161, 0, 162, -1, -1, 183, 146, 189.0, 9, , 25, 0, 0, 0, , 0, 0, 0, 0, 0, 
162, 0, 163, -1, -1, 176, 112, 88.0, 9, , 33, 0, 0, 0, , 0, 0, 0, 0, 0, 
163, 0, 164, -1, -1, 301, 176, 125.0, 7, , 6, 0, 0, 0, , 0, 0, 0, 0, 0, 
164, 0, 165, -1, -1, 146, 117, 148.0, 11, , 121, 0, 0, 0, , 0, 0, 0, 0, 0, 
165, 0, 166, -1, -1, 192, 140, 181.0, 9, , 47, 0, 0, 0, , 0, 0, 0, 0, 0, 
166, 0, 167, -1, -1, 189, 141, 197.0, 11, , 58, 0, 0, 0, , 0, 0, 0, 0, 0, 
167, 0, 168, -1, -1, 92, 107, 175.0, 11, , 91, 0, 0, 0, , 0, 0, 0, 0, 0, 
168, 0, 169, -1, -1, 216, 139, 161.0, 9, , 50, 0, 0, 0, , 0, 0, 0, 0, 0, 
169, 0, 170, -1, -1, 242, 62, 175.0, 11, , 65, 0, 0, 0, , 0, 0, 0, 0, 0, 
170, 0, 171, -1, -1, 145, 91, 102.0, 7, , 17, 0, 0, 0, , 0, 0, 0, 0, 0, 
171, 0, 172, -1, -1, 138, 155, 101.0, 11, , 83, 0, 0, 0, , 0, 0, 0, 0, 0, 
172, 0, 173, -1, -1, 130, 130, 143.0, 11, , 73, 0, 0, 0, , 0, 0, 0, 0, 0, 
173, 0, 174, -1, -1, 66, 120, 155.0, 9, , 24, 0, 0, 0, , 0, 0, 0, 0, 0, 
174, 0, 175, -1, -1, 142, 90, 161.0, 9, , 47, 0, 0, 0, , 0, 0, 0, 0, 0, 
175, 0, 176, -1, -1, 136, 61, 158.0, 11, , 155, 0, 0, 0, , 0, 0, 0, 0, 0, 
176, 0, 177, -1, -1, 158, 91, 167.0, 9, , 56, 0, 0, 0, , 0, 0, 0, 0, 0, 
177, 0, 178, -1, -1, 125, 139, 166.0, 9, , 67, 0, 0, 0, , 0, 0, 0, 0, 0, 
178, 0, 179, -1, -1, 231, 44, 176.0, 11, , 33, 0, 0, 0, , 0, 0, 0, 0, 0, 
179, 0, 180, -1, -1, 295, 63, 179.0, 9, , 18, 0, 0, 0, , 0, 0, 0, 0, 0, 
180, 0, 181, -1, -1, 122, 91, 181.0, 9, , 25, 0, 0, 0, , 0, 0, 0, 0, 0, 
181, 0, 182, -1, -1, 95, 100, 186.0, 11, , 61, 0, 0, 0, , 0, 0, 0, 0, 0, 
182, 0, 183, -1, -1, 132, 153, 189.0, 9, , 40, 0, 0, 0, , 0, 0, 0, 0, 0, 
183, 0, 184, -1, -1, 183, 64, 189.0, 9, , 38, 0, 0, 0, , 0, 0, 0, 0, 0, 
184, 0, 185, -1, -1, 178, 142, 196.0, 9, , 28, 0, 0, 0, , 0, 0, 0, 0, 0, 
185, 0, 186, -1, -1, 194, 79, 199.0, 9, , 22, 0, 0, 0, , 0, 0, 0, 0, 0, 
186, 0, 187, -1, -1, 156, 67, 209.0, 9, , 15, 0, 0, 0, , 0, 0, 0, 0, 0, 
187, 0, 188, -1, -1, 159, 113, 135.0, 9, , 72, 0, 0, 0, , 0, 0, 0, 0, 0, 
188, 0, 189, -1, -1, 218, 142, 134.0, 11, , 32, 0, 0, 0, , 0, 0, 0, 0, 0, 
189, 0, 190, -1, -1, 162, 87, 209.0, 11, , 209, 0, 0, 0, , 0, 0, 0, 0, 0, 
190, 0, 191, -1, -1, 160, 91, 204.0, 9, , 35, 0, 0, 0, , 0, 0, 0, 0, 0, 
191, 0, 192, -1, -1, 128, 74, 164.0, 9, , 6, 0, 0, 0, , 0, 0, 0, 0, 0, 
192, 0, 193, -1, -1, 140, 136, 84.0, 9, , 15, 0, 0, 0, , 0, 0, 0, 0, 0, 
193, 0, 194, -1, -1, 102, 139, 91.0, 9, , 19, 0, 0, 0, , 0, 0, 0, 0, 0, 
194, 0, 195, -1, -1, 178, 112, 114.0, 11, , 42, 0, 0, 0, , 0, 0, 0, 0, 0, 
195, 0, 196, -1, -1, 202, 171, 138.0, 9, , 19, 0, 0, 0, , 0, 0, 0, 0, 0, 
196, 0, 197, -1, -1, 61, 115, 146.0, 7, , 15, 0, 0, 0, , 0, 0, 0, 0, 0, 
197, 0, 198, -1, -1, 210, 143, 156.0, 11, , 95, 0, 0, 0, , 0, 0, 0, 0, 0, 
198, 0, 199, -1, -1, 231, 107, 157.0, 7, , 22, 0, 0, 0, , 0, 0, 0, 0, 0, 
199, 0, 200, -1, -1, 198, 141, 170.0, 9, , 10, 0, 0, 0, , 0, 0, 0, 0, 0, 
200, 0, 201, -1, -1, 99, 84, 178.0, 9, , 32, 0, 0, 0, , 0, 0, 0, 0, 0, 
201, 0, 202, -1, -1, 123, 54, 185.0, 9, , 28, 0, 0, 0, , 0, 0, 0, 0, 0, 
202, 0, 203, -1, -1, 276, 79, 184.0, 9, , 37, 0, 0, 0, , 0, 0, 0, 0, 0, 
203, 0, 204, -1, -1, 216, 75, 183.0, 9, , 30, 0, 0, 0, , 0, 0, 0, 0, 0, 
204, 0, 206, -1, -1, 181, 147, 193.0, 9, , 14, 0, 0, 0, , 0, 0, 0, 0, 0, 
205, 0, 207, -1, -1, 138, 79, 195.0, 9, , 18, 0, 0, 0, , 0, 0, 0, 0, 0, 
206, 0, 208, -1, -1, 137, 108, 145.0, 11, , 54, 0, 0, 0, , 0, 0, 0, 0, 0, 
207, 0, 209, -1, -1, 215, 160, 147.0, 9, , 48, 0, 0, 0, , 0, 0, 0, 0, 0, 
208, 0, 210, -1, -1, 131, 175, 150.0, 7, , 19, 0, 0, 0, , 0, 0, 0, 0, 0, 
209, 0, 211, -1, -1, 121, 155, 153.0, 9, , 51, 0, 0, 0, , 0, 0, 0, 0, 0, 
210, 0, 212, -1, -1, 129, 86, 160.0, 9, , 62, 0, 0, 0, , 0, 0, 0, 0, 0, 
211, 0, 213, -1, -1, 273, 75, 180.0, 13, , 105, 0, 0, 0, , 0, 0, 0, 0, 0, 
212, 0, 214, -1, -1, 80, 96, 180.0, 9, , 20, 0, 0, 0, , 0, 0, 0, 0, 0, 
213, 0, 215, -1, -1, 295, 69, 181.0, 11, , 59, 0, 0, 0, , 0, 0, 0, 0, 0, 
214, 0, 216, -1, -1, 124, 118, 191.0, 9, , 67, 0, 0, 0, , 0, 0, 0, 0, 0, 
215, 0, 218, -1, -1, 143, 115, 160.0, 7, , 26, 0, 0, 0, , 0, 0, 0, 0, 0, 
216, 0, 219, -1, -1, 177, 114, 107.0, 9, , 33, 0, 0, 0, , 0, 0, 0, 0, 0, 
217, 0, 220, -1, -1, 132, 177, 119.0, 9, , 25, 0, 0, 0, , 0, 0, 0, 0, 0, 
218, 0, 221, -1, -1, 143, 119, 151.0, 9, , 42, 0, 0, 0, , 0, 0, 0, 0, 0, 
219, 0, 222, -1, -1, 96, 61, 167.0, 9, , 15, 0, 0, 0, , 0, 0, 0, 0, 0, 
220, 0, 223, -1, -1, 260, 110, 175.0, 9, , 60, 0, 0, 0, , 0, 0, 0, 0, 0, 
221, 0, 224, -1, -1, 135, 133, 82.0, 11, , 37, 0, 0, 0, , 0, 0, 0, 0, 0, 
222, 0, 225, -1, -1, 138, 181, 128.0, 7, , 16, 0, 0, 0, , 0, 0, 0, 0, 0, 
223, 0, 226, -1, -1, 154, 100, 152.0, 9, , 21, 0, 0, 0, , 0, 0, 0, 0, 0, 
224, 0, 227, -1, -1, 109, 144, 156.0, 9, , 10, 0, 0, 0, , 0, 0, 0, 0, 0, 
225, 0, 228, -1, -1, 277, 116, 162.0, 11, , 63, 0, 0, 0, , 0, 0, 0, 0, 0, 
226, 0, 229, -1, -1, 307, 157, 95.0, 9, , 23, 0, 0, 0, , 0, 0, 0, 0, 0, 
227, 0, 231, -1, -1, 254, 38, 138.0, 9, , 29, 0, 0, 0, , 0, 0, 0, 0, 0, 
228, 0, 232, -1, -1, 176, 103, 138.0, 9, , 29, 0, 0, 0, , 0, 0, 0, 0, 0, 
229, 0, 233, -1, -1, 176, 104, 143.0, 11, , 64, 0, 0, 0, , 0, 0, 0, 0, 0, 
230, 0, 235, -1, -1, 132, 87, 151.0, 9, , 62, 0, 0, 0, , 0, 0, 0, 0, 0, 
231, 0, 236, -1, -1, 222, 134, 158.0, 9, , 31, 0, 0, 0, , 0, 0, 0, 0, 0, 
232, 0, 237, -1, -1, 133, 60, 167.0, 9, , 21, 0, 0, 0, , 0, 0, 0, 0, 0, 
233, 0, 238, -1, -1, 287, 157, 175.0, 9, , 45, 0, 0, 0, , 0, 0, 0, 0, 0, 
234, 0, 239, -1, -1, 272, 78, 190.0, 11, , 34, 0, 0, 0, , 0, 0, 0, 0, 0, 
235, 0, 240, -1, -1, 164, 85, 191.0, 9, , 49, 0, 0, 0, , 0, 0, 0, 0, 0, 
236, 0, 241, -1, -1, 140, 80, 195.0, 9, , 3, 0, 0, 0, , 0, 0, 0, 0, 0, 
237, 0, 242, -1, -1, 135, 70, 201.0, 11, , 23, 0, 0, 0, , 0, 0, 0, 0, 0, 
238, 0, 243, -1, -1, 175, 98, 202.0, 7, , 29, 0, 0, 0, , 0, 0, 0, 0, 0, 
239, 0, 244, -1, -1, 287, 108, 205.0, 9, , 31, 0, 0, 0, , 0, 0, 0, 0, 0, 
240, 0, 245, -1, -1, 149, 113, 208.0, 9, , 14, 0, 0, 0, , 0, 0, 0, 0, 0, 
241, 0, 246, -1, -1, 281, 117, 160.0, 11, , 67, 0, 0, 0, , 0, 0, 0, 0, 0, 
242, 0, 247, -1, -1, 262, 114, 175.0, 13, , 41, 0, 0, 0, , 0, 0, 0, 0, 0, 
243, 0, 248, -1, -1, 128, 128, 79.0, 9, , 48, 0, 0, 0, , 0, 0, 0, 0, 0, 
244, 0, 249, -1, -1, 103, 165, 106.0, 9, , 30, 0, 0, 0, , 0, 0, 0, 0, 0, 
245, 0, 250, -1, -1, 120, 138, 125.0, 9, , 27, 0, 0, 0, , 0, 0, 0, 0, 0, 
246, 0, 251, -1, -1, 155, 135, 126.0, 9, , 42, 0, 0, 0, , 0, 0, 0, 0, 0, 
247, 0, 252, -1, -1, 59, 97, 135.0, 7, , 9, 0, 0, 0, , 0, 0, 0, 0, 0, 
248, 0, 253, -1, -1, 216, 144, 138.0, 9, , 41, 0, 0, 0, , 0, 0, 0, 0, 0, 
249, 0, 254, -1, -1, 101, 160, 157.0, 9, , 64, 0, 0, 0, , 0, 0, 0, 0, 0, 
250, 0, 255, -1, -1, 112, 132, 156.0, 11, , 35, 0, 0, 0, , 0, 0, 0, 0, 0, 
251, 0, 256, -1, -1, 140, 77, 203.0, 11, , 17, 0, 0, 0, , 0, 0, 0, 0, 0, 
252, 0, 257, -1, -1, 303, 173, 129.0, 9, , 22, 0, 0, 0, , 0, 0, 0, 0, 0, 
253, 0, 258, -1, -1, 136, 109, 152.0, 11, , 229, 0, 0, 0, , 0, 0, 0, 0, 0, 
254, 0, 259, -1, -1, 197, 140, 171.0, 9, , 19, 0, 0, 0, , 0, 0, 0, 0, 0, 
255, 0, 260, -1, -1, 133, 153, 185.0, 9, , 66, 0, 0, 0, , 0, 0, 0, 0, 0, 
256, 0, 261, -1, -1, 308, 156, 92.0, 9, , 28, 0, 0, 0, , 0, 0, 0, 0, 0, 
257, 0, 262, -1, -1, 218, 142, 132.0, 9, , 35, 0, 0, 0, , 0, 0, 0, 0, 0, 
258, 0, 263, -1, -1, 196, 170, 137.0, 9, , 38, 0, 0, 0, , 0, 0, 0, 0, 0, 
259, 0, 264, -1, -1, 62, 116, 149.0, 9, , 41, 0, 0, 0, , 0, 0, 0, 0, 0, 
260, 0, 265, -1, -1, 147, 159, 167.0, 9, , 49, 0, 0, 0, , 0, 0, 0, 0, 0, 
261, 0, 266, -1, -1, 100, 163, 163.0, 9, , 25, 0, 0, 0, , 0, 0, 0, 0, 0, 
262, 0, 267, -1, -1, 251, 115, 168.0, 11, , 41, 0, 0, 0, , 0, 0, 0, 0, 0, 
263, 0, 268, -1, -1, 286, 160, 171.0, 7, , 31, 0, 0, 0, , 0, 0, 0, 0, 0, 
264, 0, 269, -1, -1, 262, 111, 172.0, 11, , 42, 0, 0, 0, , 0, 0, 0, 0, 0, 
265, 0, 270, -1, -1, 78, 101, 177.0, 9, , 17, 0, 0, 0, , 0, 0, 0, 0, 0, 
266, 0, 271, -1, -1, 291, 153, 183.0, 7, , 16, 0, 0, 0, , 0, 0, 0, 0, 0, 
267, 0, 272, -1, -1, 290, 153, 185.0, 7, , 15, 0, 0, 0, , 0, 0, 0, 0, 0, 
268, 0, 273, -1, -1, 155, 135, 203.0, 9, , 53, 0, 0, 0, , 0, 0, 0, 0, 0, 
269, 0, 274, -1, -1, 132, 129, 139.0, 13, , 91, 0, 0, 0, , 0, 0, 0, 0, 0, 
270, 0, 275, -1, -1, 144, 117, 155.0, 11, , 158, 0, 0, 0, , 0, 0, 0, 0, 0, 
271, 0, 276, -1, -1, 134, 60, 164.0, 9, , 63, 0, 0, 0, , 0, 0, 0, 0, 0, 
272, 0, -1, -1, -1, 158, 111, 134.0, 11, , 117, 0, 0, 0, , 0, 0, 0, 0, 0, 
273, 0, -1, -1, -1, 160, 109, 126.0, 9, , 54, 0, 0, 0, , 0, 0, 0, 0, 0, 
274, 0, -1, -1, -1, 121, 154, 148.0, 11, , 86, 0, 0, 0, , 0, 0, 0, 0, 0, 
275, 0, -1, -1, -1, 195, 118, 72.0, 11, , 43, 0, 0, 0, , 0, 0, 0, 0, 0, 
276, 0, -1, -1, -1, 55, 92, 118.0, 9, , 18, 0, 0, 0, , 0, 0, 0, 0, 0, 
277, 0, -1, -1, -1, 124, 100, 123.0, 9, , 42, 0, 0, 0, , 0, 0, 0, 0, 0, 
278, 0, -1, -1, -1, 57, 90, 124.0, 9, , 23, 0, 0, 0, , 0, 0, 0, 0, 0, 
279, 0, -1, -1, -1, 127, 140, 132.0, 9, , 11, 0, 0, 0, , 0, 0, 0, 0, 0, 
280, 0, -1, -1, -1, 143, 180, 134.0, 9, , 36, 0, 0, 0, , 0, 0, 0, 0, 0, 
281, 0, -1, -1, -1, 158, 111, 137.0, 11, , 90, 0, 0, 0, , 0, 0, 0, 0, 0, 
282, 0, -1, -1, -1, 321, 76, 153.0, 11, , 6, 0, 0, 0, , 0, 0, 0, 0, 0, 
283, 0, -1, -1, -1, 291, 154, 166.0, 7, , 18, 0, 0, 0, , 0, 0, 0, 0, 0, 
284, 0, -1, -1, -1, 125, 120, 171.0, 9, , 6, 0, 0, 0, , 0, 0, 0, 0, 0, 
285, 0, -1, -1, -1, 85, 126, 175.0, 9, , 19, 0, 0, 0, , 0, 0, 0, 0, 0, 
286, 0, -1, -1, -1, 232, 45, 179.0, 9, , 37, 0, 0, 0, , 0, 0, 0, 0, 0, 
287, 0, -1, -1, -1, 227, 46, 181.0, 9, , 19, 0, 0, 0, , 0, 0, 0, 0, 0, 
288, 0, -1, -1, -1, 263, 146, 185.0, 9, , 11, 0, 0, 0, , 0, 0, 0, 0, 0, 
289, 0, -1, -1, -1, 125, 118, 188.0, 9, , 60, 0, 0, 0, , 0, 0, 0, 0, 0, 
290, 0, -1, -1, -1, 191, 141, 193.0, 9, , 70, 0, 0, 0, , 0, 0, 0, 0, 0, 
291, 0, -1, -1, -1, 281, 91, 194.0, 11, , 8, 0, 0, 0, , 0, 0, 0, 0, 0, 
292, 0, -1, -1, -1, 154, 115, 206.0, 9, , 24, 0, 0, 0, , 0, 0, 0, 0, 0, 
293, 0, -1, -1, -1, 157, 67, 207.0, 9, , 17, 0, 0, 0, , 0, 0, 0, 0, 0, 
294, 0, -1, -1, -1, 83, 154, 113.0, 9, , 23, 0, 0, 0, , 0, 0, 0, 0, 0, 
295, 0, -1, -1, -1, 196, 170, 134.0, 9, , 33, 0, 0, 0, , 0, 0, 0, 0, 0, 
296, 0, -1, -1, -1, 137, 107, 142.0, 9, , 38, 0, 0, 0, , 0, 0, 0, 0, 0, 
297, 0, -1, -1, -1, 158, 90, 155.0, 9, , 41, 0, 0, 0, , 0, 0, 0, 0, 0, 
298, 0, -1, -1, -1, 104, 159, 148.0, 7, , 23, 0, 0, 0, , 0, 0, 0, 0, 0, 
299, 1, 277, 293, -1, 304, 95, 133.0, 14, Eprpa, 0, 0, 0, 0, , 0, 0, 0, 0, 0, 
300, 1, 278, 294, -1, 242, 65, 182.5, 15, ABprappaap, 0, 0, 0, 0, , 0, 0, 0, 0, 0, 
301, 1, 279, 295, -1, 128, 131, 81.0, 15, ABplpaapaaa, 0, 0, 0, 0, , 0, 0, 0, 0, 0, 
302, 1, 280, 296, -1, 96, 144, 72.0, 15, ABplaaappa, 0, 0, 0, 0, , 0, 0, 0, 0, 0, 
303, 1, 281, 297, -1, 123, 123, 59.0, 16, ABplaaappp, 0, 0, 0, 0, , 0, 0, 0, 0, 0, 
304, 1, 282, 298, -1, 86, 94, 192.0, 13, ABarpapppa, 0, 0, 0, 0, , 0, 0, 0, 0, 0, 
305, 1, 283, 299, -1, 117, 61, 188.0, 14, ABarpapppp, 0, 0, 0, 0, , 0, 0, 0, 0, 0, 
306, 1, 285, 300, -1, 182, 109, 55.0, 17, ABarppapaa, 0, 0, 0, 0, , 0, 0, 0, 0, 0, 
307, 1, 286, 301, -1, 210, 110, 69.0, 18, ABarppapap, 0, 0, 0, 0, , 0, 0, 0, 0, 0, 
308, 1, 287, 302, -1, 199, 50, 184.0, 15, ABarppppap, 0, 0, 0, 0, , 0, 0, 0, 0, 0, 
309, 1, 288, 303, -1, 230, 105, 64.0, 15, ABplappapa, 0, 0, 0, 0, , 0, 0, 0, 0, 0, 
310, 1, 289, 304, -1, 229, 43, 174.0, 11, ABprappapa, 0, 0, 0, 0, , 0, 0, 0, 0, 0, 
311, 1, 290, 305, -1, 262, 109, 74.0, 17, ABarppappa, 0, 0, 0, 0, , 0, 0, 0, 0, 0, 
312, 1, 291, 306, -1, 264, 55, 176.0, 14, ABarpppppa, 0, 0, 0, 0, , 0, 0, 0, 0, 0, 
313, 1, 292, 307, -1, 293, 128, 78.0, 14, ABplapapaa, 0, 0, 0, 0, , 0, 0, 0, 0, 0, 
314, 1, 293, 308, -1, 296, 68, 182.0, 13, ABprapapaa, 0, 0, 0, 0, , 0, 0, 0, 0, 0, 
315, 1, 294, 309, -1, 308, 90, 194.0, 15, ABarpppppp, 0, 0, 0, 0, , 0, 0, 0, 0, 0, 
316, 1, 295, 310, -1, 298, 169, 140.0, 15, ABplappppp, 0, 0, 0, 0, , 0, 0, 0, 0, 0, 
317, 0, 296, -1, -1, 306, 125, 181.0, 10, , 0, 0, 0, 0, , 0, 0, 0, 0, 0, 
318, 0, 297, -1, -1, 165, 123, 69.0, 14, , 0, 0, 0, 0, , 0, 0, 0, 0, 0, 
319, 1, 298, 313, -1, 297, 151, 93.0, 17, ABarppappp, 0, 0, 0, 0, , 0, 0, 0, 0, 0, 
320, 1, 299, 314, -1, 149, 59, 193.0, 16, ABarpppaap, 0, 0, 0, 0, , 0, 0, 0, 0, 0, 
321, 0, 300, -1, -1, 164, 122, 67.0, 14, , 0, 0, 0, 0, , 0, 0, 0, 0, 0, 
322, 1, 301, 316, -1, 174, 52, 189.0, 14, ABarppppaa, 0, 0, 0, 0, , 0, 0, 0, 0, 0, 
323, 0, 296, -1, -1, 305, 125, 179.0, 10, , 0, 0, 0, 0, , 0, 0, 0, 0, 0, 
324, 1, 302, 318, -1, 200, 31, 159.0, 15, Caaaaa, 0, 0, 0, 0, , 0, 0, 0, 0, 0, 
325, 1, 303, 319, -1, 214, 118, 98.0, 17, Capaaaa, 0, 0, 0, 0, , 0, 0, 0, 0, 0, 
326, 1, 304, 320, -1, 261, 118, 95.0, 15, Capaapa, 0, 0, 0, 0, , 0, 0, 0, 0, 0, 
327, 1, 305, 321, -1, 291, 135, 99.0, 15, Capaapp, 0, 0, 0, 0, , 0, 0, 0, 0, 0, 
328, 0, 306, -1, -1, 86, 143, 116.666664, 13, , 0, 0, 0, 0, , 0, 0, 0, 0, 0, 
329, 0, 307, -1, -1, 102, 124, 106.0, 12, , 0, 0, 0, 0, , 0, 0, 0, 0, 0, 
330, 0, 308, -1, -1, 102, 145, 124.0, 12, , 0, 0, 0, 0, , 0, 0, 0, 0, 0, 
331, 0, 309, -1, -1, 99, 144, 127.5, 14, , 0, 0, 0, 0, , 0, 0, 0, 0, 0, 
332, 0, 310, -1, -1, 94, 138, 129.5, 13, , 0, 0, 0, 0, , 0, 0, 0, 0, 0, 
333, 0, 311, -1, -1, 87, 142, 118.5, 13, , 0, 0, 0, 0, , 0, 0, 0, 0, 0, 
334, 1, 312, 328, -1, 218, 63, 135.0, 15, Earpa, 0, 0, 0, 0, , 0, 0, 0, 0, 0, 
335, 1, 313, 329, -1, 200, 61, 105.5, 15, Ealaad, 0, 0, 0, 0, , 0, 0, 0, 0, 0, 
336, 1, 314, 330, -1, 214, 98, 101.0, 13, Ealaav, 0, 0, 0, 0, , 0, 0, 0, 0, 0, 
337, 1, 315, 331, -1, 239, 80, 127.5, 16, Ealap, 0, 0, 0, 0, , 0, 0, 0, 0, 0, 
338, 1, 316, 332, -1, 220, 87, 129.75, 15, Ealpa, 0, 0, 0, 0, , 0, 0, 0, 0, 0, 
339, 1, 317, 333, -1, 275, 88, 112.0, 15, Ealpp, 0, 0, 0, 0, , 0, 0, 0, 0, 0, 
340, 1, 318, 334, -1, 197, 52, 135.0, 15, Earaad, 0, 0, 0, 0, , 0, 0, 0, 0, 0, 
341, 1, 319, 335, -1, 208, 73, 159.0, 15, Earaav, 0, 0, 0, 0, , 0, 0, 0, 0, 0, 
342, 1, 320, 336, -1, 228, 66, 117.0, 15, Earap, 0, 0, 0, 0, , 0, 0, 0, 0, 0, 
343, 1, 321, 337, -1, 270, 68, 124.0, 15, Earpp, 0, 0, 0, 0, , 0, 0, 0, 0, 0, 
344, 1, 322, 338, -1, 253, 77, 114.75, 14, Eplaa, 0, 0, 0, 0, , 0, 0, 0, 0, 0, 
345, 1, 323, 339, -1, 298, 92, 111.5, 15, Eplap, 0, 0, 0, 0, , 0, 0, 0, 0, 0, 
346, 1, 324, 340, -1, 314, 105, 119.0, 17, Eplpa, 0, 0, 0, 0, , 0, 0, 0, 0, 0, 
347, 1, 325, 341, -1, 316, 138, 144.0, 15, Eplppa, 0, 0, 0, 0, , 0, 0, 0, 0, 0, 
348, 1, 326, 342, -1, 315, 124, 123.0, 15, Eplppp, 0, 0, 0, 0, , 0, 0, 0, 0, 0, 
349, 1, 327, 343, -1, 249, 61, 123.0, 15, Epraa, 0, 0, 0, 0, , 0, 0, 0, 0, 0, 
350, 1, 328, 344, -1, 291, 79, 122.333336, 16, Eprap, 0, 0, 0, 0, , 0, 0, 0, 0, 0, 
351, 1, 329, 345, -1, 300, 125, 153.0, 13, Eprppa, 0, 0, 0, 0, , 0, 0, 0, 0, 0, 
352, 1, 330, 346, -1, 321, 103, 142.33333, 13, Eprppp, 0, 0, 0, 0, , 0, 0, 0, 0, 0, 
353, 1, 331, 347, -1, 106, 101, 109.333336, 11, MSaaaaaal, 0, 0, 0, 0, , 0, 0, 0, 0, 0, 
354, 1, 332, 348, -1, 103, 87, 135.0, 11, MSaaaaaar, 0, 0, 0, 0, , 0, 0, 0, 0, 0, 
355, 1, 333, 349, -1, 135, 73, 91.0, 14, MSaaaaapp, 0, 0, 0, 0, , 0, 0, 0, 0, 0, 
356, 1, 334, 350, -1, 112, 72, 117.0, 13, MSaaaaapaa, 0, 0, 0, 0, , 0, 0, 0, 0, 0, 
357, 0, 335, -1, -1, 127, 69, 117.0, 13, , 0, 0, 0, 0, , 0, 0, 0, 0, 0, 
358, 1, 336, 352, -1, 150, 53, 102.0, 11, MSaaaapaa, 0, 0, 0, 0, , 0, 0, 0, 0, 0, 
359, 1, 337, 353, -1, 150, 67, 102.0, 12, MSaaaapap, 0, 0, 0, 0, , 0, 0, 0, 0, 0, 
360, 1, 338, 354, -1, 172, 58, 127.0, 11, MSaaaappa, 0, 0, 0, 0, , 0, 0, 0, 0, 0, 
361, 1, 339, 355, -1, 157, 95, 88.0, 11, MSaaapaap, 0, 0, 0, 0, , 0, 0, 0, 0, 0, 
362, 1, 340, 356, -1, 175, 74, 92.0, 9, MSaaapapa, 0, 0, 0, 0, , 0, 0, 0, 0, 0, 
363, 1, 341, 357, -1, 189, 74, 106.0, 9, MSaaapapp, 0, 0, 0, 0, , 0, 0, 0, 0, 0, 
364, 1, 342, 358, -1, 207, 86, 104.0, 11, MSaaappa, 0, 0, 0, 0, , 0, 0, 0, 0, 0, 
365, 1, 343, 359, -1, 189, 52, 120.5, 11, MSaaappp, 0, 0, 0, 0, , 0, 0, 0, 0, 0, 
366, 1, 344, 360, -1, 189, 125, 120.0, 10, MSaapaaap, 0, 0, 0, 0, , 0, 0, 0, 0, 0, 
367, 1, 345, 361, -1, 176, 122, 122.0, 11, MSaapaaaa, 0, 0, 0, 0, , 0, 0, 0, 0, 0, 
368, 1, 346, 362, -1, 196, 101, 104.0, 12, MSaapaapp, 0, 0, 0, 0, , 0, 0, 0, 0, 0, 
369, 0, 347, -1, -1, 200, 101, 138.5, 10, , 0, 0, 0, 0, , 0, 0, 0, 0, 0, 
370, 1, 348, 364, -1, 125, 123, 104.0, 14, MSapaaaad, 0, 0, 0, 0, , 0, 0, 0, 0, 0, 
371, 1, 349, 365, -1, 148, 141, 116.0, 12, MSapaaaav, 0, 0, 0, 0, , 0, 0, 0, 0, 0, 
372, 1, 350, 366, -1, 124, 106, 79.0, 15, MSapaaap, 0, 0, 0, 0, , 0, 0, 0, 0, 0, 
373, 1, 351, 367, -1, 263, 108, 147.0, 15, MSapaapp, 0, 0, 0, 0, , 0, 0, 0, 0, 0, 
374, 1, 352, 368, -1, 192, 109, 77.0, 16, MSapapaa, 0, 0, 0, 0, , 0, 0, 0, 0, 0, 
375, 1, 353, 369, -1, 150, 141, 96.0, 16, MSapapap, 0, 0, 0, 0, , 0, 0, 0, 0, 0, 
376, 1, 354, 370, -1, 110, 89, 79.0, 16, MSapappa, 0, 0, 0, 0, , 0, 0, 0, 0, 0, 
377, 1, 355, 371, -1, 101, 85, 92.5, 14, MSapappp, 0, 0, 0, 0, , 0, 0, 0, 0, 0, 
378, 1, 356, 372, -1, 139, 80, 75.5, 14, MSapppap, 0, 0, 0, 0, , 0, 0, 0, 0, 0, 
379, 1, 357, 373, -1, 104, 71, 91.0, 14, MSappppa, 0, 0, 0, 0, , 0, 0, 0, 0, 0, 
380, 1, 358, 374, -1, 133, 57, 91.0, 14, MSappppp, 0, 0, 0, 0, , 0, 0, 0, 0, 0, 
381, 1, 359, 375, -1, 128, 55, 117.0, 15, MSpaaaaaa, 0, 0, 0, 0, , 0, 0, 0, 0, 0, 
382, 0, 360, -1, -1, 141, 50, 118.0, 15, , 0, 0, 0, 0, , 0, 0, 0, 0, 0, 
383, 1, 361, 377, -1, 114, 64, 137.0, 15, MSpaaaapa, 0, 0, 0, 0, , 0, 0, 0, 0, 0, 
384, 1, 362, 378, -1, 131, 59, 134.0, 15, MSpaaaapp, 0, 0, 0, 0, , 0, 0, 0, 0, 0, 
385, 1, 363, 379, -1, 163, 65, 103.0, 13, MSpaaapaa, 0, 0, 0, 0, , 0, 0, 0, 0, 0, 
386, 1, 364, 380, -1, 180, 58, 119.5, 13, MSpaaapap, 0, 0, 0, 0, , 0, 0, 0, 0, 0, 
387, 1, 365, 381, -1, 147, 63, 116.0, 15, MSpaaaaap, 0, 0, 0, 0, , 0, 0, 0, 0, 0, 
388, 1, 366, 382, -1, 142, 49, 118.0, 15, MSpaaappa, 0, 0, 0, 0, , 0, 0, 0, 0, 0, 
389, 1, 367, 383, -1, 160, 47, 117.0, 15, MSpaaappp, 0, 0, 0, 0, , 0, 0, 0, 0, 0, 
390, 1, 368, 384, -1, 148, 56, 146.0, 15, ABaraappapp, 0, 0, 0, 0, , 0, 0, 0, 0, 0, 
391, 1, 369, 385, -1, 160, 59, 117.5, 15, MSpaapaap, 0, 0, 0, 0, , 0, 0, 0, 0, 0, 
392, 1, 370, 386, -1, 170, 56, 140.0, 15, MSpaapapa, 0, 0, 0, 0, , 0, 0, 0, 0, 0, 
393, 1, 371, 387, -1, 183, 80, 173.0, 14, MSpapaapa, 0, 0, 0, 0, , 0, 0, 0, 0, 0, 
394, 1, 372, 388, -1, 241, 35, 157.0, 14, Caaaap, 0, 0, 0, 0, , 0, 0, 0, 0, 0, 
395, 1, 373, 389, -1, 278, 48, 159.0, 17, Caaapa, 0, 0, 0, 0, , 0, 0, 0, 0, 0, 
396, 1, 374, 390, -1, 307, 64, 162.0, 17, Caaapp, 0, 0, 0, 0, , 0, 0, 0, 0, 0, 
397, 1, 375, 391, -1, 274, 152, 171.0, 13, Caapaa, 0, 0, 0, 0, , 0, 0, 0, 0, 0, 
398, 1, 376, 392, -1, 335, 117, 169.0, 16, Caappd, 0, 0, 0, 0, , 0, 0, 0, 0, 0, 
399, 1, 377, 393, -1, 316, 148, 167.0, 15, Caappv, 0, 0, 0, 0, , 0, 0, 0, 0, 0, 
400, 1, 378, 394, -1, 235, 113, 92.666664, 15, Capaaap, 0, 0, 0, 0, , 0, 0, 0, 0, 0, 
401, 1, 379, 395, -1, 266, 82, 81.333336, 15, Capapaa, 0, 0, 0, 0, , 0, 0, 0, 0, 0, 
402, 1, 380, 396, -1, 304, 101, 86.0, 15, Capapap, 0, 0, 0, 0, , 0, 0, 0, 0, 0, 
403, 1, 381, 397, -1, 273, 146, 118.5, 15, Capappa, 0, 0, 0, 0, , 0, 0, 0, 0, 0, 
404, 0, 382, -1, -1, 260, 155, 139.0, 14, , 0, 0, 0, 0, , 0, 0, 0, 0, 0, 
405, 1, 383, 399, -1, 226, 76, 80.0, 17, Cappaaa, 0, 0, 0, 0, , 0, 0, 0, 0, 0, 
406, 1, 384, 400, -1, 280, 75, 89.333336, 17, Cappaap, 0, 0, 0, 0, , 0, 0, 0, 0, 0, 
407, 1, 385, 401, -1, 316, 132, 103.0, 14, Cappapa, 0, 0, 0, 0, , 0, 0, 0, 0, 0, 
408, 1, 386, 402, -1, 312, 146, 114.666664, 14, Cappapp, 0, 0, 0, 0, , 0, 0, 0, 0, 0, 
409, 1, 387, 403, -1, 317, 95, 98.0, 16, Capppaa, 0, 0, 0, 0, , 0, 0, 0, 0, 0, 
410, 1, 388, 404, -1, 336, 123, 113.333336, 15, Capppap, 0, 0, 0, 0, , 0, 0, 0, 0, 0, 
411, 0, 389, -1, -1, 294, 156, 160.0, 14, , 0, 0, 0, 0, , 0, 0, 0, 0, 0, 
412, 0, 390, -1, -1, 281, 164, 154.0, 15, , 0, 0, 0, 0, , 0, 0, 0, 0, 0, 
413, 1, 391, 407, -1, 182, 80, 62.333332, 17, Cpaaaa, 0, 0, 0, 0, , 0, 0, 0, 0, 0, 
414, 1, 392, 408, -1, 213, 75, 70.5, 19, Cpaaap, 0, 0, 0, 0, , 0, 0, 0, 0, 0, 
415, 1, 393, 409, -1, 251, 85, 70.5, 17, Cpaapa, 0, 0, 0, 0, , 0, 0, 0, 0, 0, 
416, 0, 394, -1, -1, 301, 101, 79.5, 17, , 0, 0, 0, 0, , 0, 0, 0, 0, 0, 
417, 1, 395, 411, -1, 281, 103, 73.333336, 17, Cpaapp, 0, 0, 0, 0, , 0, 0, 0, 0, 0, 
418, 1, 396, 412, -1, 320, 89, 174.0, 15, Cpapaa, 0, 0, 0, 0, , 0, 0, 0, 0, 0, 
419, 1, 397, 413, -1, 320, 125, 87.0, 15, Cpapap, 0, 0, 0, 0, , 0, 0, 0, 0, 0, 
420, 1, 398, 414, -1, 326, 153, 110.0, 15, Cpappd, 0, 0, 0, 0, , 0, 0, 0, 0, 0, 
421, 1, 399, 415, -1, 312, 165, 149.5, 15, Cpappv, 0, 0, 0, 0, , 0, 0, 0, 0, 0, 
422, 1, 400, 416, -1, 208, 89, 176.0, 14, Cppaaaa, 0, 0, 0, 0, , 0, 0, 0, 0, 0, 
423, 1, 401, 417, -1, 230, 76, 174.0, 13, Cppaaap, 0, 0, 0, 0, , 0, 0, 0, 0, 0, 
424, 1, 402, 418, -1, 249, 73, 171.0, 13, Cppaapa, 0, 0, 0, 0, , 0, 0, 0, 0, 0, 
425, 1, 403, 419, -1, 289, 88, 173.0, 13, Cppaapp, 0, 0, 0, 0, , 0, 0, 0, 0, 0, 
426, 1, 404, 420, -1, 260, 42, 146.0, 13, Cppapaa, 0, 0, 0, 0, , 0, 0, 0, 0, 0, 
427, 1, 405, 421, -1, 296, 56, 149.0, 15, Cppapap, 0, 0, 0, 0, , 0, 0, 0, 0, 0, 
428, 1, 406, 422, -1, 285, 101, 183.0, 13, Cppappa, 0, 0, 0, 0, , 0, 0, 0, 0, 0, 
429, 1, 407, 423, -1, 278, 117, 184.0, 13, Cppappp, 0, 0, 0, 0, , 0, 0, 0, 0, 0, 
430, 1, 408, 424, -1, 215, 33, 148.0, 15, Cpppaaa, 0, 0, 0, 0, , 0, 0, 0, 0, 0, 
431, 1, 409, 425, -1, 258, 41, 134.0, 15, Cpppaap, 0, 0, 0, 0, , 0, 0, 0, 0, 0, 
432, 1, 410, 426, -1, 321, 81, 159.66667, 14, Cpppapa, 0, 0, 0, 0, , 0, 0, 0, 0, 0, 
433, 1, 411, 427, -1, 329, 106, 163.0, 13, Cpppapp, 0, 0, 0, 0, , 0, 0, 0, 0, 0, 
434, 1, 412, 428, -1, 314, 64, 134.0, 15, Cppppaa, 0, 0, 0, 0, , 0, 0, 0, 0, 0, 
435, 1, 413, 429, -1, 335, 91, 141.5, 15, Cppppap, 0, 0, 0, 0, , 0, 0, 0, 0, 0, 
436, 1, 414, 430, -1, 332, 125, 150.0, 14, Cpppppd, 0, 0, 0, 0, , 0, 0, 0, 0, 0, 
437, 1, 415, 431, -1, 291, 141, 178.66667, 14, Cpppppv, 0, 0, 0, 0, , 0, 0, 0, 0, 0, 
438, 1, 416, 432, -1, 185, 143, 97.0, 14, Daaaa, 0, 0, 0, 0, , 0, 0, 0, 0, 0, 
439, 1, 417, 433, -1, 164, 74, 75.0, 15, Daaap, 0, 0, 0, 0, , 0, 0, 0, 0, 0, 
440, 1, 418, 434, -1, 176, 151, 110.5, 14, Daapa, 0, 0, 0, 0, , 0, 0, 0, 0, 0, 
441, 1, 419, 435, -1, 192, 158, 116.0, 14, Daapp, 0, 0, 0, 0, , 0, 0, 0, 0, 0, 
442, 1, 420, 436, -1, 201, 136, 99.0, 16, Dapaa, 0, 0, 0, 0, , 0, 0, 0, 0, 0, 
443, 1, 421, 437, -1, 195, 69, 82.0, 16, Dapap, 0, 0, 0, 0, , 0, 0, 0, 0, 0, 
444, 1, 422, 438, -1, 159, 53, 88.0, 12, Dappaa, 0, 0, 0, 0, , 0, 0, 0, 0, 0, 
445, 1, 423, 439, -1, 188, 56, 89.0, 14, Dappap, 0, 0, 0, 0, , 0, 0, 0, 0, 0, 
446, 1, 424, 440, -1, 208, 56, 90.0, 12, Dapppa, 0, 0, 0, 0, , 0, 0, 0, 0, 0, 
447, 1, 425, 441, -1, 241, 60, 92.0, 14, Dapppp, 0, 0, 0, 0, , 0, 0, 0, 0, 0, 
448, 0, 426, -1, -1, 172, 97, 188.0, 15, , 0, 0, 0, 0, , 0, 0, 0, 0, 0, 
449, 1, 427, 443, -1, 149, 41, 151.33333, 14, Dpaap, 0, 0, 0, 0, , 0, 0, 0, 0, 0, 
450, 1, 428, 444, -1, 166, 121, 192.0, 12, Dpapa, 0, 0, 0, 0, , 0, 0, 0, 0, 0, 
451, 1, 429, 445, -1, 185, 120, 193.0, 14, Dpapp, 0, 0, 0, 0, , 0, 0, 0, 0, 0, 
452, 1, 430, 446, -1, 189, 94, 187.0, 14, Dppaa, 0, 0, 0, 0, , 0, 0, 0, 0, 0, 
453, 1, 431, 447, -1, 179, 37, 150.0, 16, Dppap, 0, 0, 0, 0, , 0, 0, 0, 0, 0, 
454, 1, 432, 448, -1, 146, 38, 127.5, 14, Dpppaa, 0, 0, 0, 0, , 0, 0, 0, 0, 0, 
455, 1, 433, 449, -1, 175, 38, 130.0, 14, Dpppap, 0, 0, 0, 0, , 0, 0, 0, 0, 0, 
456, 1, 434, 450, -1, 188, 31, 129.0, 15, Dppppa, 0, 0, 0, 0, , 0, 0, 0, 0, 0, 
457, 1, 435, 451, -1, 220, 35, 136.0, 15, Dppppp, 0, 0, 0, 0, , 0, 0, 0, 0, 0, 
458, 1, 436, 452, -1, 273, 86, 158.5, 18, Z2, 0, 0, 0, 0, , 0, 0, 0, 0, 0, 
459, 1, 437, 453, -1, 273, 118, 123.0, 16, Z3, 0, 0, 0, 0, , 0, 0, 0, 0, 0, 
460, 1, 438, 454, -1, 129, 71, 115.5, 13, MSaaaaapap, 0, 0, 0, 0, , 0, 0, 0, 0, 0, 
461, 1, 439, 455, -1, 177, 73, 118.0, 13, MSaaaappp, 0, 0, 0, 0, , 0, 0, 0, 0, 0, 
462, 0, 440, -1, -1, 119, 87, 110.0, 14, , 0, 0, 0, 0, , 0, 0, 0, 0, 0, 
463, 1, 441, 457, -1, 188, 103, 123.0, 12, MSaapapaa, 0, 0, 0, 0, , 0, 0, 0, 0, 0, 
464, 1, 442, 458, -1, 200, 116, 118.5, 10, MSaapapap, 0, 0, 0, 0, , 0, 0, 0, 0, 0, 
465, 1, 444, 459, -1, 194, 92, 153.0, 10, MSpapapaa, 0, 0, 0, 0, , 0, 0, 0, 0, 0, 
466, 1, 445, 460, -1, 197, 92, 167.0, 10, MSpapapap, 0, 0, 0, 0, , 0, 0, 0, 0, 0, 
467, 1, 446, 461, -1, 126, 41, 128.5, 14, MSpppppp, 0, 0, 0, 0, , 0, 0, 0, 0, 0, 
468, 0, 447, -1, -1, 155, 88, 177.0, 14, , 0, 0, 0, 0, , 0, 0, 0, 0, 0, 
469, 1, 448, 463, -1, 182, 55, 140.0, 15, MSpaapapp, 0, 0, 0, 0, , 0, 0, 0, 0, 0, 
470, 0, 449, -1, -1, 304, 149, 176.0, 13, , 0, 0, 0, 0, , 0, 0, 0, 0, 0, 
471, 1, 450, 465, -1, 274, 77, 181.0, 13, ABprappapp, 0, 0, 0, 0, , 0, 0, 0, 0, 0, 
472, 1, 451, 466, -1, 217, 75, 188.0, 13, ABprappaaa, 0, 0, 0, 0, , 0, 0, 0, 0, 0, 
473, 1, 452, 467, -1, 125, 117, 190.0, 12, ABprpaaaaaa, 0, 0, 0, 0, , 0, 0, 0, 0, 0, 
474, 0, 453, -1, -1, 323, 124, 171.5, 11, , 0, 0, 0, 0, , 0, 0, 0, 0, 0, 
475, 1, 454, 469, -1, 185, 94, 93.0, 14, MSaapappa, 0, 0, 0, 0, , 0, 0, 0, 0, 0, 
476, 1, 455, 470, -1, 189, 115, 98.0, 14, MSaapaapa, 0, 0, 0, 0, , 0, 0, 0, 0, 0, 
477, 0, 456, -1, -1, 200, 102, 141.0, 14, , 0, 0, 0, 0, , 0, 0, 0, 0, 0, 
478, 1, 457, 471, -1, 209, 97, 135.0, 15, MSaappap, 0, 0, 0, 0, , 0, 0, 0, 0, 0, 
479, 0, 458, -1, -1, 207, 146, 132.5, 14, , 0, 0, 0, 0, , 0, 0, 0, 0, 0, 
480, 0, 459, -1, -1, 204, 130, 132.0, 12, , 0, 0, 0, 0, , 0, 0, 0, 0, 0, 
481, 0, 460, -1, -1, 225, 115, 126.0, 13, , 0, 0, 0, 0, , 0, 0, 0, 0, 0, 
482, 1, 461, 475, -1, 239, 116, 116.0, 15, MSaappppp, 0, 0, 0, 0, , 0, 0, 0, 0, 0, 
483, 1, 462, 476, -1, 112, 59, 105.5, 16, MSappaaa, 0, 0, 0, 0, , 0, 0, 0, 0, 0, 
484, 0, 463, -1, -1, 272, 127, 104.5, 16, , 0, 0, 0, 0, , 0, 0, 0, 0, 0, 
485, 0, 464, -1, -1, 164, 149, 120.0, 15, , 0, 0, 0, 0, , 0, 0, 0, 0, 0, 
486, 1, 465, 479, -1, 172, 129, 97.0, 14, MSapppaa, 0, 0, 0, 0, , 0, 0, 0, 0, 0, 
487, 1, 466, 480, -1, 171, 108, 161.0, 14, MSpapaaaa, 0, 0, 0, 0, , 0, 0, 0, 0, 0, 
488, 1, 467, 481, -1, 186, 104, 167.0, 14, MSpapaaap, 0, 0, 0, 0, , 0, 0, 0, 0, 0, 
489, 1, 468, 482, -1, 189, 70, 160.0, 14, MSpapaapp, 0, 0, 0, 0, , 0, 0, 0, 0, 0, 
490, 1, 469, 483, -1, 174, 64, 155.5, 14, MSpapappa, 0, 0, 0, 0, , 0, 0, 0, 0, 0, 
491, 0, 470, -1, -1, 207, 142, 163.0, 15, , 0, 0, 0, 0, , 0, 0, 0, 0, 0, 
492, 1, 471, 485, -1, 252, 123, 120.0, 14, MSpappaa, 0, 0, 0, 0, , 0, 0, 0, 0, 0, 
493, 1, 472, 486, -1, 256, 95, 174.0, 14, MSpappap, 0, 0, 0, 0, , 0, 0, 0, 0, 0, 
494, 1, 473, 487, -1, 194, 117, 182.0, 12, MSpapppaa, 0, 0, 0, 0, , 0, 0, 0, 0, 0, 
495, 0, 474, -1, -1, 209, 102, 165.5, 14, , 0, 0, 0, 0, , 0, 0, 0, 0, 0, 
496, 1, 475, 489, -1, 208, 106, 170.0, 14, MSpapppap, 0, 0, 0, 0, , 0, 0, 0, 0, 0, 
497, 1, 476, 490, -1, 220, 96, 170.0, 13, MSpappppa, 0, 0, 0, 0, , 0, 0, 0, 0, 0, 
498, 1, 477, 491, -1, 239, 88, 170.0, 13, MSpappppp, 0, 0, 0, 0, , 0, 0, 0, 0, 0, 
499, 1, 478, 492, -1, 109, 77, 154.5, 13, MSppaaap, 0, 0, 0, 0, , 0, 0, 0, 0, 0, 
500, 1, 479, 493, -1, 124, 97, 163.0, 12, MSppaaaad, 0, 0, 0, 0, , 0, 0, 0, 0, 0, 
501, 1, 480, 494, -1, 146, 121, 167.5, 12, MSppaaaav, 0, 0, 0, 0, , 0, 0, 0, 0, 0, 
502, 1, 481, 495, -1, 284, 110, 146.0, 15, MSppaapp, 0, 0, 0, 0, , 0, 0, 0, 0, 0, 
503, 1, 482, 496, -1, 175, 64, 178.0, 14, MSppapaa, 0, 0, 0, 0, , 0, 0, 0, 0, 0, 
504, 1, 483, 497, -1, 140, 112, 183.0, 14, MSppapap, 0, 0, 0, 0, , 0, 0, 0, 0, 0, 
505, 1, 484, 498, -1, 105, 61, 153.0, 15, MSppappa, 0, 0, 0, 0, , 0, 0, 0, 0, 0, 
506, 1, 485, 499, -1, 88, 74, 131.5, 15, MSppappp, 0, 0, 0, 0, , 0, 0, 0, 0, 0, 
507, 1, 486, 500, -1, 101, 68, 120.5, 14, MSpppaaa, 0, 0, 0, 0, , 0, 0, 0, 0, 0, 
508, 1, 487, 501, -1, 284, 76, 165.0, 14, MSpppaap, 0, 0, 0, 0, , 0, 0, 0, 0, 0, 
509, 0, 488, -1, -1, 161, 108, 176.0, 15, , 0, 0, 0, 0, , 0, 0, 0, 0, 0, 
510, 1, 489, 503, -1, 124, 48, 149.0, 14, MSppppap, 0, 0, 0, 0, , 0, 0, 0, 0, 0, 
511, 1, 490, 504, -1, 95, 56, 128.0, 14, MSpppppa, 0, 0, 0, 0, , 0, 0, 0, 0, 0, 
512, 1, 491, 505, -1, 105, 121, 106.0, 12, ABalaaaalar, 0, 0, 0, 0, , 0, 0, 0, 0, 0, 
513, 0, 492, -1, -1, 87, 143, 118.0, 13, , 0, 0, 0, 0, , 0, 0, 0, 0, 0, 
514, 0, 493, -1, -1, 87, 143, 117.0, 13, , 0, 0, 0, 0, , 0, 0, 0, 0, 0, 
515, 0, 494, -1, -1, 100, 122, 120.0, 14, , 0, 0, 0, 0, , 0, 0, 0, 0, 0, 
516, 1, 495, -1, -1, 96, 136, 162.0, 13, ABalaaaarra, 0, 0, 0, 0, , 0, 0, 0, 0, 0, 
517, 1, 496, 509, -1, 96, 109, 143.0, 12, ABalaaaarrp, 0, 0, 0, 0, , 0, 0, 0, 0, 0, 
518, 1, 497, 510, -1, 100, 153, 113.0, 12, ABalaaapall, 0, 0, 0, 0, , 0, 0, 0, 0, 0, 
519, 0, 498, -1, -1, 104, 120, 97.0, 13, , 0, 0, 0, 0, , 0, 0, 0, 0, 0, 
520, 0, 499, -1, -1, 103, 121, 99.0, 14, , 0, 0, 0, 0, , 0, 0, 0, 0, 0, 
521, 1, 500, 513, -1, 104, 119, 97.0, 12, ABalaaapalr, 0, 0, 0, 0, , 0, 0, 0, 0, 0, 
522, 1, 501, 514, -1, 80, 131, 109.5, 12, ABalaaaparr, 0, 0, 0, 0, , 0, 0, 0, 0, 0, 
523, 0, 502, -1, -1, 79, 119, 155.5, 12, , 0, 0, 0, 0, , 0, 0, 0, 0, 0, 
524, 0, 503, -1, -1, 78, 119, 160.0, 12, , 0, 0, 0, 0, , 0, 0, 0, 0, 0, 
525, 0, 504, -1, -1, 79, 121, 163.0, 12, , 0, 0, 0, 0, , 0, 0, 0, 0, 0, 
526, 1, 505, 517, -1, 84, 119, 149.0, 12, ABalaaappll, 0, 0, 0, 0, , 0, 0, 0, 0, 0, 
527, 1, 506, 518, -1, 78, 118, 156.5, 12, ABalaaapplr, 0, 0, 0, 0, , 0, 0, 0, 0, 0, 
528, 1, 507, 1016, -1, 91, 82, 167.0, 13, ABalaaapprl, 0, 0, 0, 0, , 0, 0, 0, 0, 0, 
529, 1, 508, 520, -1, 98, 124, 172.0, 12, ABalaaapprr, 0, 0, 0, 0, , 0, 0, 0, 0, 0, 
530, 1, 509, 521, -1, 101, 96, 155.0, 12, ABalaapaaar, 0, 0, 0, 0, , 0, 0, 0, 0, 0, 
531, 1, 510, 522, -1, 106, 113, 179.0, 11, ABalaapaapa, 0, 0, 0, 0, , 0, 0, 0, 0, 0, 
532, 0, 511, -1, -1, 90, 124, 170.0, 13, , 0, 0, 0, 0, , 0, 0, 0, 0, 0, 
533, 0, 512, -1, -1, 120, 148, 186.0, 12, , 0, 0, 0, 0, , 0, 0, 0, 0, 0, 
534, 0, 513, -1, -1, 122, 120, 198.5, 12, , 0, 0, 0, 0, , 0, 0, 0, 0, 0, 
535, 0, 514, -1, -1, 104, 128, 181.0, 13, , 0, 0, 0, 0, , 0, 0, 0, 0, 0, 
536, 1, 515, 527, -1, 129, 108, 193.0, 13, ABalaapppaa, 0, 0, 0, 0, , 0, 0, 0, 0, 0, 
537, 1, 516, 528, -1, 106, 106, 170.0, 12, ABalaappppa, 0, 0, 0, 0, , 0, 0, 0, 0, 0, 
538, 1, 517, 529, -1, 93, 107, 165.0, 13, ABalaappppp, 0, 0, 0, 0, , 0, 0, 0, 0, 0, 
539, 1, 518, 530, -1, 105, 119, 89.0, 15, ABalapaaaa, 0, 0, 0, 0, , 0, 0, 0, 0, 0, 
540, 0, 519, -1, -1, 88, 121, 83.0, 14, , 0, 0, 0, 0, , 0, 0, 0, 0, 0, 
541, 1, 520, 532, -1, 88, 136, 92.0, 12, ABalapaaapp, 0, 0, 0, 0, , 0, 0, 0, 0, 0, 
542, 0, 521, -1, -1, 133, 144, 92.5, 13, , 0, 0, 0, 0, , 0, 0, 0, 0, 0, 
543, 1, 522, 534, -1, 106, 139, 105.0, 15, ABalapaappp, 0, 0, 0, 0, , 0, 0, 0, 0, 0, 
544, 1, 523, 535, -1, 93, 76, 102.5, 14, ABalapapapa, 0, 0, 0, 0, , 0, 0, 0, 0, 0, 
545, 1, 524, 536, -1, 77, 100, 102.5, 15, ABalapapapp, 0, 0, 0, 0, , 0, 0, 0, 0, 0, 
546, 1, 525, 537, -1, 96, 113, 105.0, 14, ABalapappaa, 0, 0, 0, 0, , 0, 0, 0, 0, 0, 
547, 1, 526, 538, -1, 71, 123, 136.0, 13, ABarpaaaaar, 0, 0, 0, 0, , 0, 0, 0, 0, 0, 
548, 1, 527, 539, -1, 76, 117, 107.5, 14, ABalapappap, 0, 0, 0, 0, , 0, 0, 0, 0, 0, 
549, 0, 528, -1, -1, 96, 109, 80.0, 13, , 0, 0, 0, 0, , 0, 0, 0, 0, 0, 
550, 1, 529, 541, -1, 109, 119, 79.0, 12, ABalapapppa, 0, 0, 0, 0, , 0, 0, 0, 0, 0, 
551, 0, 530, -1, -1, 60, 105, 119.0, 13, , 0, 0, 0, 0, , 0, 0, 0, 0, 0, 
552, 0, 531, -1, -1, 96, 86, 145.0, 12, , 0, 0, 0, 0, , 0, 0, 0, 0, 0, 
553, 1, 532, 544, -1, 83, 94, 162.0, 12, ABalappappa, 0, 0, 0, 0, , 0, 0, 0, 0, 0, 
554, 0, 533, -1, -1, 76, 90, 168.0, 12, , 0, 0, 0, 0, , 0, 0, 0, 0, 0, 
555, 1, 534, 546, -1, 95, 95, 117.5, 14, ABalapppaaa, 0, 0, 0, 0, , 0, 0, 0, 0, 0, 
556, 1, 535, 547, -1, 89, 107, 127.0, 13, ABalapppaap, 0, 0, 0, 0, , 0, 0, 0, 0, 0, 
557, 1, 537, 548, -1, 76, 88, 122.0, 13, ABalapppapaa, 0, 0, 0, 0, , 0, 0, 0, 0, 0, 
558, 1, 536, 549, -1, 89, 74, 117.5, 13, ABalapppapap, 0, 0, 0, 0, , 0, 0, 0, 0, 0, 
559, 0, 538, -1, -1, 86, 93, 131.0, 14, , 0, 0, 0, 0, , 0, 0, 0, 0, 0, 
560, 1, 539, 551, -1, 87, 102, 139.5, 12, ABalappppaa, 0, 0, 0, 0, , 0, 0, 0, 0, 0, 
561, 0, 540, -1, -1, 85, 94, 134.0, 13, , 0, 0, 0, 0, , 0, 0, 0, 0, 0, 
562, 1, 541, 553, -1, 87, 79, 159.0, 12, ABalapppppp, 0, 0, 0, 0, , 0, 0, 0, 0, 0, 
563, 1, 542, 554, -1, 136, 121, 119.0, 13, ABalpaaaaaa, 0, 0, 0, 0, , 0, 0, 0, 0, 0, 
564, 1, 543, 555, -1, 155, 132, 127.5, 12, ABalpaaaaap, 0, 0, 0, 0, , 0, 0, 0, 0, 0, 
565, 0, 544, -1, -1, 142, 121, 134.0, 13, , 0, 0, 0, 0, , 0, 0, 0, 0, 0, 
566, 1, 545, 557, -1, 131, 110, 96.0, 13, ABalpaaapaa, 0, 0, 0, 0, , 0, 0, 0, 0, 0, 
567, 1, 546, 558, -1, 163, 111, 106.0, 12, ABalpaaappp, 0, 0, 0, 0, , 0, 0, 0, 0, 0, 
568, 1, 547, 559, -1, 122, 111, 116.0, 13, ABalpaapaaa, 0, 0, 0, 0, , 0, 0, 0, 0, 0, 
569, 1, 548, 560, -1, 126, 104, 105.5, 14, ABalpaapaap, 0, 0, 0, 0, , 0, 0, 0, 0, 0, 
570, 1, 549, 561, -1, 135, 92, 90.0, 14, ABalpaapapa, 0, 0, 0, 0, , 0, 0, 0, 0, 0, 
571, 1, 550, 562, -1, 141, 106, 86.5, 15, ABalpaapapp, 0, 0, 0, 0, , 0, 0, 0, 0, 0, 
572, 1, 551, 563, -1, 108, 131, 133.0, 12, ABalpaappaa, 0, 0, 0, 0, , 0, 0, 0, 0, 0, 
573, 1, 552, 564, -1, 114, 138, 138.0, 13, ABalpaappap, 0, 0, 0, 0, , 0, 0, 0, 0, 0, 
574, 0, 553, -1, -1, 99, 122, 131.0, 13, , 0, 0, 0, 0, , 0, 0, 0, 0, 0, 
575, 0, 554, -1, -1, 94, 138, 129.0, 12, , 0, 0, 0, 0, , 0, 0, 0, 0, 0, 
576, 0, 555, -1, -1, 95, 137, 126.5, 13, , 0, 0, 0, 0, , 0, 0, 0, 0, 0, 
577, 0, 556, -1, -1, 123, 142, 132.0, 13, , 0, 0, 0, 0, , 0, 0, 0, 0, 0, 
578, 0, 557, -1, -1, 103, 164, 165.0, 15, , 0, 0, 0, 0, , 0, 0, 0, 0, 0, 
579, 0, 558, -1, -1, 116, 132, 156.5, 13, , 0, 0, 0, 0, , 0, 0, 0, 0, 0, 
580, 0, 559, -1, -1, 155, 156, 153.0, 13, , 0, 0, 0, 0, , 0, 0, 0, 0, 0, 
581, 1, 560, 572, -1, 169, 179, 158.0, 14, ABalpapapap, 0, 0, 0, 0, , 0, 0, 0, 0, 0, 
582, 1, 561, 573, -1, 214, 161, 152.0, 12, ABalpapappa, 0, 0, 0, 0, , 0, 0, 0, 0, 0, 
583, 0, 562, -1, -1, 204, 145, 146.0, 13, , 0, 0, 0, 0, , 0, 0, 0, 0, 0, 
584, 0, 563, -1, -1, 145, 123, 127.0, 15, , 0, 0, 0, 0, , 0, 0, 0, 0, 0, 
585, 1, 564, 576, -1, 148, 125, 140.0, 13, ABalpappapa, 0, 0, 0, 0, , 0, 0, 0, 0, 0, 
586, 0, 565, -1, -1, 193, 114, 152.5, 14, , 0, 0, 0, 0, , 0, 0, 0, 0, 0, 
587, 1, 566, 578, -1, 149, 118, 94.0, 13, ABalpapppaa, 0, 0, 0, 0, , 0, 0, 0, 0, 0, 
588, 1, 567, 579, -1, 165, 123, 150.0, 15, ABalpappppa, 0, 0, 0, 0, , 0, 0, 0, 0, 0, 
589, 1, 568, 580, -1, 162, 126, 122.5, 14, ABalpappppp, 0, 0, 0, 0, , 0, 0, 0, 0, 0, 
590, 0, 569, -1, -1, 109, 159, 123.0, 12, , 0, 0, 0, 0, , 0, 0, 0, 0, 0, 
591, 0, 570, -1, -1, 118, 160, 112.5, 12, , 0, 0, 0, 0, , 0, 0, 0, 0, 0, 
592, 0, 571, -1, -1, 106, 159, 125.0, 13, , 0, 0, 0, 0, , 0, 0, 0, 0, 0, 
593, 0, 572, -1, -1, 102, 160, 154.0, 11, , 0, 0, 0, 0, , 0, 0, 0, 0, 0, 
594, 0, 573, -1, -1, 121, 155, 153.0, 11, , 0, 0, 0, 0, , 0, 0, 0, 0, 0, 
595, 0, 574, -1, -1, 117, 141, 120.5, 13, , 0, 0, 0, 0, , 0, 0, 0, 0, 0, 
596, 1, 575, 587, -1, 123, 140, 128.5, 15, ABalpapaaaa, 0, 0, 0, 0, , 0, 0, 0, 0, 0, 
597, 1, 576, 588, -1, 116, 153, 137.0, 12, ABalppapaap, 0, 0, 0, 0, , 0, 0, 0, 0, 0, 
598, 1, 578, 589, -1, 148, 168, 149.5, 12, ABalppapapa, 0, 0, 0, 0, , 0, 0, 0, 0, 0, 
599, 0, 579, -1, -1, 107, 176, 146.5, 13, , 0, 0, 0, 0, , 0, 0, 0, 0, 0, 
600, 0, 580, -1, -1, 131, 144, 93.0, 13, , 0, 0, 0, 0, , 0, 0, 0, 0, 0, 
601, 0, 581, -1, -1, 137, 153, 104.0, 13, , 0, 0, 0, 0, , 0, 0, 0, 0, 0, 
602, 1, 582, 593, -1, 131, 144, 92.0, 13, ABalppappaa, 0, 0, 0, 0, , 0, 0, 0, 0, 0, 
603, 1, 583, 594, -1, 129, 149, 119.0, 13, ABalppappap, 0, 0, 0, 0, , 0, 0, 0, 0, 0, 
604, 1, 584, 595, -1, 138, 160, 138.0, 12, ABalppapppa, 0, 0, 0, 0, , 0, 0, 0, 0, 0, 
605, 1, 585, 596, -1, 130, 154, 131.0, 13, ABalppapppp, 0, 0, 0, 0, , 0, 0, 0, 0, 0, 
606, 1, 586, 597, -1, 128, 169, 90.0, 13, ABalpppaaaa, 0, 0, 0, 0, , 0, 0, 0, 0, 0, 
607, 1, 587, 598, -1, 96, 146, 105.0, 13, ABalpppaapd, 0, 0, 0, 0, , 0, 0, 0, 0, 0, 
608, 1, 588, 599, -1, 102, 165, 107.0, 13, ABalpppaapv, 0, 0, 0, 0, , 0, 0, 0, 0, 0, 
609, 1, 589, 601, -1, 124, 171, 104.5, 12, ABalpppapad, 0, 0, 0, 0, , 0, 0, 0, 0, 0, 
610, 1, 590, 602, -1, 152, 166, 94.0, 12, ABalpppapav, 0, 0, 0, 0, , 0, 0, 0, 0, 0, 
611, 0, 591, -1, -1, 119, 144, 79.0, 12, , 0, 0, 0, 0, , 0, 0, 0, 0, 0, 
612, 1, 592, 604, -1, 118, 144, 80.0, 12, ABalpppapppa, 0, 0, 0, 0, , 0, 0, 0, 0, 0, 
613, 1, 593, 605, -1, 131, 122, 67.0, 12, ABalpppapppp, 0, 0, 0, 0, , 0, 0, 0, 0, 0, 
614, 1, 594, 606, -1, 145, 124, 76.0, 15, ABalppppaad, 0, 0, 0, 0, , 0, 0, 0, 0, 0, 
615, 0, 595, -1, -1, 99, 139, 89.0, 13, , 0, 0, 0, 0, , 0, 0, 0, 0, 0, 
616, 1, 596, 608, -1, 153, 147, 86.0, 13, ABalpppppaa, 0, 0, 0, 0, , 0, 0, 0, 0, 0, 
617, 1, 597, 609, -1, 161, 135, 78.5, 13, ABalpppppap, 0, 0, 0, 0, , 0, 0, 0, 0, 0, 
618, 1, 598, 610, -1, 161, 136, 64.0, 15, ABalppppppaa, 0, 0, 0, 0, , 0, 0, 0, 0, 0, 
619, 1, 599, 611, -1, 145, 152, 66.0, 13, ABalpppppppa, 0, 0, 0, 0, , 0, 0, 0, 0, 0, 
620, 1, 600, 612, -1, 147, 166, 78.0, 15, ABalpppppppp, 0, 0, 0, 0, , 0, 0, 0, 0, 0, 
621, 1, 601, 613, -1, 128, 124, 122.0, 13, ABaraaaaaaa, 0, 0, 0, 0, , 0, 0, 0, 0, 0, 
622, 1, 602, 614, -1, 138, 117, 106.0, 12, ABaraaaaaap, 0, 0, 0, 0, , 0, 0, 0, 0, 0, 
623, 0, 603, -1, -1, 126, 113, 149.0, 13, , 0, 0, 0, 0, , 0, 0, 0, 0, 0, 
624, 1, 604, 616, -1, 125, 113, 148.5, 13, ABaraaaaapa, 0, 0, 0, 0, , 0, 0, 0, 0, 0, 
625, 1, 605, 617, -1, 135, 97, 153.0, 13, ABaraaaaapp, 0, 0, 0, 0, , 0, 0, 0, 0, 0, 
626, 0, 606, -1, -1, 118, 98, 124.0, 14, , 0, 0, 0, 0, , 0, 0, 0, 0, 0, 
627, 1, 607, 619, -1, 116, 105, 141.0, 13, ABaraaapaaa, 0, 0, 0, 0, , 0, 0, 0, 0, 0, 
628, 1, 608, 620, -1, 120, 89, 144.0, 15, ABaraaapaap, 0, 0, 0, 0, , 0, 0, 0, 0, 0, 
629, 1, 609, 621, -1, 135, 72, 146.0, 15, ABaraaapapa, 0, 0, 0, 0, , 0, 0, 0, 0, 0, 
630, 1, 610, 622, -1, 146, 71, 163.0, 13, ABaraaapapp, 0, 0, 0, 0, , 0, 0, 0, 0, 0, 
631, 1, 611, 623, -1, 112, 122, 135.0, 13, ABaraaappaa, 0, 0, 0, 0, , 0, 0, 0, 0, 0, 
632, 1, 612, 624, -1, 116, 130, 148.0, 12, ABaraaappap, 0, 0, 0, 0, , 0, 0, 0, 0, 0, 
633, 0, 613, -1, -1, 106, 121, 143.0, 12, , 0, 0, 0, 0, , 0, 0, 0, 0, 0, 
634, 1, 614, 626, -1, 103, 124, 147.0, 12, ABaraaapppa, 0, 0, 0, 0, , 0, 0, 0, 0, 0, 
635, 0, 615, -1, -1, 97, 158, 159.0, 12, , 0, 0, 0, 0, , 0, 0, 0, 0, 0, 
636, 0, 616, -1, -1, 106, 148, 159.0, 12, , 0, 0, 0, 0, , 0, 0, 0, 0, 0, 
637, 0, 617, -1, -1, 106, 146, 160.5, 11, , 0, 0, 0, 0, , 0, 0, 0, 0, 0, 
638, 0, 618, -1, -1, 120, 99, 121.0, 12, , 0, 0, 0, 0, , 0, 0, 0, 0, 0, 
639, 1, 619, 630, -1, 121, 99, 119.0, 12, ABaraapaaaa, 0, 0, 0, 0, , 0, 0, 0, 0, 0, 
640, 1, 620, 631, -1, 114, 101, 129.0, 14, ABaraaaapap, 0, 0, 0, 0, , 0, 0, 0, 0, 0, 
641, 0, 621, -1, -1, 120, 86, 111.0, 14, , 0, 0, 0, 0, , 0, 0, 0, 0, 0, 
642, 1, 622, 633, -1, 120, 88, 100.0, 12, ABaraapaapa, 0, 0, 0, 0, , 0, 0, 0, 0, 0, 
643, 1, 623, 634, -1, 156, 79, 87.0, 14, ABaraapaapp, 0, 0, 0, 0, , 0, 0, 0, 0, 0, 
644, 1, 624, 635, -1, 168, 98, 99.0, 15, ABaraapapaa, 0, 0, 0, 0, , 0, 0, 0, 0, 0, 
645, 1, 625, 636, -1, 170, 92, 81.0, 14, ABaraapapap, 0, 0, 0, 0, , 0, 0, 0, 0, 0, 
646, 1, 626, 637, -1, 176, 112, 94.0, 12, ABaraapappa, 0, 0, 0, 0, , 0, 0, 0, 0, 0, 
647, 1, 627, 638, -1, 178, 114, 114.0, 14, ABaraapappp, 0, 0, 0, 0, , 0, 0, 0, 0, 0, 
648, 1, 628, 639, -1, 114, 86, 122.0, 15, ABaraappaaa, 0, 0, 0, 0, , 0, 0, 0, 0, 0, 
649, 1, 629, 640, -1, 121, 90, 133.0, 13, ABaraappaap, 0, 0, 0, 0, , 0, 0, 0, 0, 0, 
650, 1, 630, 641, -1, 115, 77, 138.0, 13, ABaraappapa, 0, 0, 0, 0, , 0, 0, 0, 0, 0, 
651, 1, 631, 642, -1, 151, 53, 134.0, 15, MSpaapaaa, 0, 0, 0, 0, , 0, 0, 0, 0, 0, 
652, 1, 632, 643, -1, 161, 75, 158.0, 15, ABaraapppaa, 0, 0, 0, 0, , 0, 0, 0, 0, 0, 
653, 1, 633, 644, -1, 160, 57, 157.0, 14, ABaraapppap, 0, 0, 0, 0, , 0, 0, 0, 0, 0, 
654, 1, 634, 645, -1, 168, 78, 172.0, 12, ABaraappppa, 0, 0, 0, 0, , 0, 0, 0, 0, 0, 
655, 1, 635, 646, -1, 174, 97, 161.0, 12, ABaraappppp, 0, 0, 0, 0, , 0, 0, 0, 0, 0, 
656, 1, 636, 647, -1, 135, 108, 152.0, 13, ABarapaaaaa, 0, 0, 0, 0, , 0, 0, 0, 0, 0, 
657, 1, 637, 648, -1, 155, 121, 158.0, 10, ABarapaaaap, 0, 0, 0, 0, , 0, 0, 0, 0, 0, 
658, 1, 638, 649, -1, 145, 118, 153.0, 11, ABarapaaapa, 0, 0, 0, 0, , 0, 0, 0, 0, 0, 
659, 1, 639, 650, -1, 129, 86, 156.0, 11, ABarapaapaa, 0, 0, 0, 0, , 0, 0, 0, 0, 0, 
660, 1, 640, 651, -1, 137, 62, 158.0, 13, ABarapaapap, 0, 0, 0, 0, , 0, 0, 0, 0, 0, 
661, 1, 641, 652, -1, 135, 76, 167.0, 12, ABarapaappa, 0, 0, 0, 0, , 0, 0, 0, 0, 0, 
662, 1, 642, 653, -1, 156, 90, 156.0, 12, ABarapaappp, 0, 0, 0, 0, , 0, 0, 0, 0, 0, 
663, 1, 643, 654, -1, 143, 103, 170.0, 14, ABarapapaap, 0, 0, 0, 0, , 0, 0, 0, 0, 0, 
664, 1, 644, 655, -1, 131, 131, 141.5, 12, ABarapapapa, 0, 0, 0, 0, , 0, 0, 0, 0, 0, 
665, 0, 645, -1, -1, 195, 114, 151.5, 14, , 0, 0, 0, 0, , 0, 0, 0, 0, 0, 
666, 0, 646, -1, -1, 194, 112, 149.0, 14, , 0, 0, 0, 0, , 0, 0, 0, 0, 0, 
667, 1, 647, 658, -1, 195, 110, 137.0, 14, ABalpappapp, 0, 0, 0, 0, , 0, 0, 0, 0, 0, 
668, 1, 648, 659, -1, 194, 112, 152.0, 12, ABarapapapp, 0, 0, 0, 0, , 0, 0, 0, 0, 0, 
669, 1, 649, 660, -1, 142, 91, 165.0, 12, ABarapappaa, 0, 0, 0, 0, , 0, 0, 0, 0, 0, 
670, 1, 650, 661, -1, 181, 119, 143.0, 15, ABarapapppa, 0, 0, 0, 0, , 0, 0, 0, 0, 0, 
671, 1, 651, 662, -1, 160, 108, 167.0, 15, ABarapapppp, 0, 0, 0, 0, , 0, 0, 0, 0, 0, 
672, 1, 652, 663, -1, 116, 143, 146.0, 13, ABalpapaapa, 0, 0, 0, 0, , 0, 0, 0, 0, 0, 
673, 1, 653, 664, -1, 115, 131, 155.5, 12, ABarappaaaa, 0, 0, 0, 0, , 0, 0, 0, 0, 0, 
674, 0, 654, -1, -1, 153, 150, 161.0, 13, , 0, 0, 0, 0, , 0, 0, 0, 0, 0, 
675, 1, 655, 666, -1, 166, 163, 181.0, 15, ABarappapap, 0, 0, 0, 0, , 0, 0, 0, 0, 0, 
676, 1, 656, 667, -1, 201, 85, 146.0, 15, MSpapappp, 0, 0, 0, 0, , 0, 0, 0, 0, 0, 
677, 0, 657, -1, -1, 208, 142, 161.0, 13, , 0, 0, 0, 0, , 0, 0, 0, 0, 0, 
678, 0, 658, -1, -1, 191, 144, 192.0, 13, , 0, 0, 0, 0, , 0, 0, 0, 0, 0, 
679, 1, 659, 670, -1, 115, 118, 164.0, 10, ABarapppaaa, 0, 0, 0, 0, , 0, 0, 0, 0, 0, 
680, 1, 660, 671, -1, 108, 148, 159.0, 11, ABarapppaap, 0, 0, 0, 0, , 0, 0, 0, 0, 0, 
681, 0, 661, -1, -1, 121, 155, 147.0, 11, , 0, 0, 0, 0, , 0, 0, 0, 0, 0, 
682, 1, 662, 673, -1, 148, 158, 169.0, 12, ABarapppapa, 0, 0, 0, 0, , 0, 0, 0, 0, 0, 
683, 1, 663, 674, -1, 121, 161, 176.0, 14, ABarapppapp, 0, 0, 0, 0, , 0, 0, 0, 0, 0, 
684, 1, 664, 675, -1, 118, 101, 189.0, 13, ABarappppaa, 0, 0, 0, 0, , 0, 0, 0, 0, 0, 
685, 1, 665, 676, -1, 125, 122, 171.0, 13, ABarappppap, 0, 0, 0, 0, , 0, 0, 0, 0, 0, 
686, 1, 666, 677, -1, 137, 142, 167.0, 15, ABarapppppa, 0, 0, 0, 0, , 0, 0, 0, 0, 0, 
687, 1, 667, 678, -1, 124, 140, 163.0, 11, ABarapppppp, 0, 0, 0, 0, , 0, 0, 0, 0, 0, 
688, 1, 668, 679, -1, 70, 129, 130.0, 12, ABarpaaaaal, 0, 0, 0, 0, , 0, 0, 0, 0, 0, 
689, 1, 669, 680, -1, 75, 116, 121.0, 14, ABarpaaaapa, 0, 0, 0, 0, , 0, 0, 0, 0, 0, 
690, 1, 670, 681, -1, 72, 120, 99.0, 12, ABarpaaaapp, 0, 0, 0, 0, , 0, 0, 0, 0, 0, 
691, 1, 671, 682, -1, 72, 108, 134.0, 12, ABarpaaapaa, 0, 0, 0, 0, , 0, 0, 0, 0, 0, 
692, 1, 672, 683, -1, 64, 102, 154.0, 13, ABarpaaapap, 0, 0, 0, 0, , 0, 0, 0, 0, 0, 
693, 1, 673, 684, -1, 54, 106, 136.0, 15, ABarpaapaa, 0, 0, 0, 0, , 0, 0, 0, 0, 0, 
694, 1, 674, 685, -1, 81, 66, 110.0, 15, ABarpaapap, 0, 0, 0, 0, , 0, 0, 0, 0, 0, 
695, 1, 675, 686, -1, 99, 58, 93.5, 14, ABarpaappa, 0, 0, 0, 0, , 0, 0, 0, 0, 0, 
696, 1, 676, 687, -1, 127, 42, 161.0, 13, ABarpaappp, 0, 0, 0, 0, , 0, 0, 0, 0, 0, 
697, 1, 677, 688, -1, 83, 93, 135.5, 13, ABalappppap, 0, 0, 0, 0, , 0, 0, 0, 0, 0, 
698, 1, 678, 689, -1, 70, 91, 131.0, 12, ABalapppapp, 0, 0, 0, 0, , 0, 0, 0, 0, 0, 
699, 1, 679, 690, -1, 85, 93, 133.0, 13, ABarpapaaaa, 0, 0, 0, 0, , 0, 0, 0, 0, 0, 
700, 1, 680, 691, -1, 69, 81, 148.0, 12, ABarpapaaap, 0, 0, 0, 0, , 0, 0, 0, 0, 0, 
701, 1, 681, 692, -1, 76, 94, 147.0, 13, ABarpapaappa, 0, 0, 0, 0, , 0, 0, 0, 0, 0, 
702, 1, 682, 693, -1, 94, 75, 147.0, 13, ABarpapaappp, 0, 0, 0, 0, , 0, 0, 0, 0, 0, 
703, 1, 683, 694, -1, 58, 124, 133.0, 15, ABarpapapa, 0, 0, 0, 0, , 0, 0, 0, 0, 0, 
704, 1, 684, 695, -1, 65, 79, 116.0, 15, ABarpapapp, 0, 0, 0, 0, , 0, 0, 0, 0, 0, 
705, 1, 685, 696, -1, 76, 125, 172.5, 14, ABarpappaa, 0, 0, 0, 0, , 0, 0, 0, 0, 0, 
706, 1, 686, 697, -1, 96, 127, 200.0, 14, ABarpappap, 0, 0, 0, 0, , 0, 0, 0, 0, 0, 
707, 1, 687, 698, -1, 121, 96, 66.0, 15, ABarppaaaa, 0, 0, 0, 0, , 0, 0, 0, 0, 0, 
708, 1, 688, 699, -1, 156, 34, 158.0, 12, ABarppaapa, 0, 0, 0, 0, , 0, 0, 0, 0, 0, 
709, 1, 689, 700, -1, 192, 93, 72.0, 16, ABarppaapp, 0, 0, 0, 0, , 0, 0, 0, 0, 0, 
710, 1, 690, 701, -1, 114, 51, 162.5, 14, ABarpppaaa, 0, 0, 0, 0, , 0, 0, 0, 0, 0, 
711, 1, 691, 702, -1, 157, 89, 63.0, 15, ABarpppapa, 0, 0, 0, 0, , 0, 0, 0, 0, 0, 
712, 1, 692, 703, -1, 181, 48, 169.0, 15, ABarpppapp, 0, 0, 0, 0, , 0, 0, 0, 0, 0, 
713, 1, 693, 704, -1, 87, 105, 108.0, 13, ABplaaaaaaa, 0, 0, 0, 0, , 0, 0, 0, 0, 0, 
714, 1, 694, 705, -1, 84, 104, 86.0, 12, ABplaaaaaap, 0, 0, 0, 0, , 0, 0, 0, 0, 0, 
715, 1, 695, 706, -1, 84, 111, 97.0, 12, ABplaaaaappa, 0, 0, 0, 0, , 0, 0, 0, 0, 0, 
716, 1, 696, 707, -1, 105, 99, 92.0, 12, ABplaaaaappp, 0, 0, 0, 0, , 0, 0, 0, 0, 0, 
717, 1, 697, 708, -1, 56, 119, 113.0, 15, ABplaaaapa, 0, 0, 0, 0, , 0, 0, 0, 0, 0, 
718, 1, 698, 709, -1, 56, 93, 118.5, 14, ABplaaaapp, 0, 0, 0, 0, , 0, 0, 0, 0, 0, 
719, 1, 699, 710, -1, 83, 154, 110.0, 13, ABplaaapaa, 0, 0, 0, 0, , 0, 0, 0, 0, 0, 
720, 1, 700, 711, -1, 110, 174, 102.5, 15, ABplaaapap, 0, 0, 0, 0, , 0, 0, 0, 0, 0, 
721, 0, 701, -1, -1, 84, 124, 136.5, 14, , 0, 0, 0, 0, , 0, 0, 0, 0, 0, 
722, 1, 702, 713, -1, 71, 136, 115.0, 13, ABplaapaaap, 0, 0, 0, 0, , 0, 0, 0, 0, 0, 
723, 0, 703, -1, -1, 88, 140, 109.0, 11, , 0, 0, 0, 0, , 0, 0, 0, 0, 0, 
724, 0, 704, -1, -1, 112, 129, 91.0, 11, , 0, 0, 0, 0, , 0, 0, 0, 0, 0, 
725, 0, 705, -1, -1, 99, 139, 89.0, 12, , 0, 0, 0, 0, , 0, 0, 0, 0, 0, 
726, 0, 706, -1, -1, 105, 145, 82.0, 15, , 0, 0, 0, 0, , 0, 0, 0, 0, 0, 
727, 1, 707, 718, -1, 176, 129, 82.0, 15, ABplaapapaa, 0, 0, 0, 0, , 0, 0, 0, 0, 0, 
728, 1, 708, 719, -1, 164, 121, 53.0, 14, ABarppaaap, 0, 0, 0, 0, , 0, 0, 0, 0, 0, 
729, 1, 709, 720, -1, 166, 124, 69.0, 13, ABplaapapap, 0, 0, 0, 0, , 0, 0, 0, 0, 0, 
730, 1, 710, 721, -1, 161, 118, 75.0, 13, ABplaapappa, 0, 0, 0, 0, , 0, 0, 0, 0, 0, 
731, 1, 711, 722, -1, 139, 137, 66.0, 12, ABplaapapppa, 0, 0, 0, 0, , 0, 0, 0, 0, 0, 
732, 1, 712, 723, -1, 154, 116, 63.0, 12, ABplaapapppp, 0, 0, 0, 0, , 0, 0, 0, 0, 0, 
733, 1, 713, 724, -1, 126, 175, 137.0, 13, ABalppapapp, 0, 0, 0, 0, , 0, 0, 0, 0, 0, 
734, 1, 714, 725, -1, 107, 176, 147.0, 13, ABplaappaa, 0, 0, 0, 0, , 0, 0, 0, 0, 0, 
735, 1, 715, 726, -1, 141, 177, 156.0, 15, ABplaappap, 0, 0, 0, 0, , 0, 0, 0, 0, 0, 
736, 1, 716, 727, -1, 169, 183, 134.0, 13, ABplaapppa, 0, 0, 0, 0, , 0, 0, 0, 0, 0, 
737, 1, 717, 728, -1, 198, 158, 85.0, 17, ABplaapppp, 0, 0, 0, 0, , 0, 0, 0, 0, 0, 
738, 1, 718, 729, -1, 140, 102, 64.0, 14, ABplapaaaap, 0, 0, 0, 0, , 0, 0, 0, 0, 0, 
739, 1, 719, 730, -1, 183, 130, 70.5, 15, ABplapaaapa, 0, 0, 0, 0, , 0, 0, 0, 0, 0, 
740, 1, 720, 731, -1, 194, 120, 72.0, 15, ABplapaaapp, 0, 0, 0, 0, , 0, 0, 0, 0, 0, 
741, 1, 721, 732, -1, 198, 173, 136.0, 13, ABplapaapa, 0, 0, 0, 0, , 0, 0, 0, 0, 0, 
742, 1, 722, 733, -1, 211, 142, 85.0, 17, ABplapaapp, 0, 0, 0, 0, , 0, 0, 0, 0, 0, 
743, 1, 723, 734, -1, 275, 152, 95.0, 16, ABplapapap, 0, 0, 0, 0, , 0, 0, 0, 0, 0, 
744, 1, 724, 735, -1, 277, 168, 104.0, 17, ABplapappa, 0, 0, 0, 0, , 0, 0, 0, 0, 0, 
745, 1, 725, 736, 737, 314, 159, 131.0, 14, ABplapapppp, 0, 0, 0, 0, , 0, 0, 0, 0, 0, 
746, 1, 726, 738, -1, 222, 123, 85.5, 16, ABplappaaa, 0, 0, 0, 0, , 0, 0, 0, 0, 0, 
747, 1, 727, 739, -1, 246, 120, 87.5, 15, ABplappaap, 0, 0, 0, 0, , 0, 0, 0, 0, 0, 
748, 1, 728, 740, -1, 265, 133, 95.0, 16, ABplappapp, 0, 0, 0, 0, , 0, 0, 0, 0, 0, 
749, 1, 729, 741, -1, 289, 168, 112.0, 14, ABplapppaaa, 0, 0, 0, 0, , 0, 0, 0, 0, 0, 
750, 1, 730, 742, -1, 288, 161, 141.0, 15, ABplapppapp, 0, 0, 0, 0, , 0, 0, 0, 0, 0, 
751, 1, 731, 743, -1, 251, 160, 162.0, 14, ABplappppa, 0, 0, 0, 0, , 0, 0, 0, 0, 0, 
752, 1, 732, 744, -1, 137, 152, 105.5, 14, ABplpaaaaaa, 0, 0, 0, 0, , 0, 0, 0, 0, 0, 
753, 1, 733, 745, -1, 165, 165, 93.0, 11, ABplpaaaaap, 0, 0, 0, 0, , 0, 0, 0, 0, 0, 
754, 1, 734, 746, -1, 180, 163, 159.5, 12, ABplpaaaapa, 0, 0, 0, 0, , 0, 0, 0, 0, 0, 
755, 1, 735, 747, -1, 217, 144, 142.5, 13, ABplpaaaapp, 0, 0, 0, 0, , 0, 0, 0, 0, 0, 
756, 1, 736, 748, -1, 121, 167, 128.0, 12, ABplpaaapaa, 0, 0, 0, 0, , 0, 0, 0, 0, 0, 
757, 1, 737, 749, -1, 128, 178, 122.0, 12, ABplpaaapap, 0, 0, 0, 0, , 0, 0, 0, 0, 0, 
758, 1, 738, 750, -1, 137, 162, 116.0, 15, ABplpaaappa, 0, 0, 0, 0, , 0, 0, 0, 0, 0, 
759, 0, 739, -1, -1, 154, 179, 137.0, 11, , 0, 0, 0, 0, , 0, 0, 0, 0, 0, 
760, 1, 741, 752, -1, 146, 168, 113.5, 14, ABplpaaappp, 0, 0, 0, 0, , 0, 0, 0, 0, 0, 
761, 0, 742, -1, -1, 164, 156, 71.0, 12, , 0, 0, 0, 0, , 0, 0, 0, 0, 0, 
762, 1, 743, 754, -1, 89, 150, 91.0, 13, ABplpaapapa, 0, 0, 0, 0, , 0, 0, 0, 0, 0, 
763, 1, 744, 755, -1, 141, 182, 131.0, 12, ABplpaapapp, 0, 0, 0, 0, , 0, 0, 0, 0, 0, 
764, 1, 745, 756, -1, 166, 151, 81.0, 13, ABplpaappaa, 0, 0, 0, 0, , 0, 0, 0, 0, 0, 
765, 0, 746, -1, -1, 172, 148, 69.0, 13, , 0, 0, 0, 0, , 0, 0, 0, 0, 0, 
766, 0, 747, -1, -1, 168, 150, 76.0, 13, , 0, 0, 0, 0, , 0, 0, 0, 0, 0, 
767, 0, 748, -1, -1, 173, 167, 129.0, 12, , 0, 0, 0, 0, , 0, 0, 0, 0, 0, 
768, 0, 749, -1, -1, 172, 166, 127.0, 12, , 0, 0, 0, 0, , 0, 0, 0, 0, 0, 
769, 1, 750, 761, -1, 165, 149, 137.0, 13, ABplpapaaaa, 0, 0, 0, 0, , 0, 0, 0, 0, 0, 
770, 0, 751, -1, -1, 163, 153, 119.0, 15, , 0, 0, 0, 0, , 0, 0, 0, 0, 0, 
771, 0, 752, -1, -1, 178, 163, 146.0, 12, , 0, 0, 0, 0, , 0, 0, 0, 0, 0, 
772, 0, 753, -1, -1, 152, 154, 150.0, 13, , 0, 0, 0, 0, , 0, 0, 0, 0, 0, 
773, 1, 754, 765, -1, 155, 162, 140.0, 11, ABplpapaapp, 0, 0, 0, 0, , 0, 0, 0, 0, 0, 
774, 0, 755, -1, -1, 184, 149, 126.5, 12, , 0, 0, 0, 0, , 0, 0, 0, 0, 0, 
775, 0, 756, -1, -1, 181, 156, 135.0, 11, , 0, 0, 0, 0, , 0, 0, 0, 0, 0, 
776, 1, 757, 768, -1, 200, 160, 143.0, 13, ABplpapappa, 0, 0, 0, 0, , 0, 0, 0, 0, 0, 
777, 0, 758, -1, -1, 235, 118, 157.0, 13, , 0, 0, 0, 0, , 0, 0, 0, 0, 0, 
778, 1, 759, 770, -1, 139, 143, 146.0, 13, ABplpappaaa, 0, 0, 0, 0, , 0, 0, 0, 0, 0, 
779, 0, 760, -1, -1, 167, 164, 178.0, 15, , 0, 0, 0, 0, , 0, 0, 0, 0, 0, 
780, 0, 761, -1, -1, 178, 133, 164.0, 15, , 0, 0, 0, 0, , 0, 0, 0, 0, 0, 
781, 1, 762, 772, -1, 274, 145, 143.0, 13, ABplpapppaa, 0, 0, 0, 0, , 0, 0, 0, 0, 0, 
782, 1, 763, 773, -1, 274, 126, 171.5, 13, ABplpapppap, 0, 0, 0, 0, , 0, 0, 0, 0, 0, 
783, 1, 764, 774, -1, 278, 129, 146.0, 13, ABplpappppa, 0, 0, 0, 0, , 0, 0, 0, 0, 0, 
784, 1, 765, 775, -1, 283, 144, 160.5, 13, ABplpappppp, 0, 0, 0, 0, , 0, 0, 0, 0, 0, 
785, 1, 766, 776, -1, 161, 178, 95.0, 13, ABplppaaaaa, 0, 0, 0, 0, , 0, 0, 0, 0, 0, 
786, 0, 767, -1, -1, 169, 167, 125.5, 11, , 0, 0, 0, 0, , 0, 0, 0, 0, 0, 
787, 0, 768, -1, -1, 179, 182, 145.0, 13, , 0, 0, 0, 0, , 0, 0, 0, 0, 0, 
788, 0, 769, -1, -1, 204, 149, 149.0, 10, , 0, 0, 0, 0, , 0, 0, 0, 0, 0, 
789, 0, 771, -1, -1, 207, 146, 137.0, 13, , 0, 0, 0, 0, , 0, 0, 0, 0, 0, 
790, 0, 772, -1, -1, 246, 120, 150.0, 13, , 0, 0, 0, 0, , 0, 0, 0, 0, 0, 
791, 1, 773, 782, -1, 208, 162, 125.0, 13, ABplppapaaa, 0, 0, 0, 0, , 0, 0, 0, 0, 0, 
792, 1, 774, 783, -1, 201, 131, 131.0, 12, ABplppapaap, 0, 0, 0, 0, , 0, 0, 0, 0, 0, 
793, 1, 775, 784, -1, 223, 116, 134.0, 13, ABplppapapa, 0, 0, 0, 0, , 0, 0, 0, 0, 0, 
794, 1, 776, 785, -1, 246, 116, 136.0, 13, ABplppapapp, 0, 0, 0, 0, , 0, 0, 0, 0, 0, 
795, 0, 777, -1, -1, 207, 145, 138.0, 11, , 0, 0, 0, 0, , 0, 0, 0, 0, 0, 
796, 1, 778, 787, -1, 232, 118, 144.0, 13, ABplppapppa, 0, 0, 0, 0, , 0, 0, 0, 0, 0, 
797, 1, 779, 788, -1, 255, 124, 144.0, 12, ABplppapppp, 0, 0, 0, 0, , 0, 0, 0, 0, 0, 
798, 1, 780, 789, -1, 251, 147, 138.0, 13, ABplpppaaaa, 0, 0, 0, 0, , 0, 0, 0, 0, 0, 
799, 1, 781, 790, -1, 258, 135, 130.0, 13, ABplpppaaap, 0, 0, 0, 0, , 0, 0, 0, 0, 0, 
800, 1, 782, 791, -1, 290, 154, 122.0, 13, ABplpppaapa, 0, 0, 0, 0, , 0, 0, 0, 0, 0, 
801, 1, 783, 792, -1, 278, 169, 128.0, 12, ABplpppaapp, 0, 0, 0, 0, , 0, 0, 0, 0, 0, 
802, 1, 784, 793, -1, 272, 166, 139.0, 13, ABplpppapaa, 0, 0, 0, 0, , 0, 0, 0, 0, 0, 
803, 1, 785, 794, -1, 263, 163, 178.0, 13, ABplpppapap, 0, 0, 0, 0, , 0, 0, 0, 0, 0, 
804, 1, 786, 795, -1, 271, 137, 135.5, 12, ABplppppaaa, 0, 0, 0, 0, , 0, 0, 0, 0, 0, 
805, 1, 787, 796, -1, 287, 141, 140.0, 13, ABplppppaap, 0, 0, 0, 0, , 0, 0, 0, 0, 0, 
806, 0, 788, -1, -1, 254, 157, 149.0, 14, , 0, 0, 0, 0, , 0, 0, 0, 0, 0, 
807, 0, 789, -1, -1, 254, 156, 149.0, 12, , 0, 0, 0, 0, , 0, 0, 0, 0, 0, 
808, 1, 790, 799, -1, 268, 152, 155.0, 13, ABplppppapp, 0, 0, 0, 0, , 0, 0, 0, 0, 0, 
809, 1, 791, 800, -1, 265, 156, 132.0, 13, Capappp, 0, 0, 0, 0, , 0, 0, 0, 0, 0, 
810, 0, 792, -1, -1, 254, 157, 150.0, 14, , 0, 0, 0, 0, , 0, 0, 0, 0, 0, 
811, 0, 793, -1, -1, 255, 154, 147.0, 14, , 0, 0, 0, 0, , 0, 0, 0, 0, 0, 
812, 1, 794, 803, -1, 288, 128, 129.0, 13, ABplpppppaa, 0, 0, 0, 0, , 0, 0, 0, 0, 0, 
813, 1, 795, 804, -1, 294, 139, 116.0, 13, ABplpppppap, 0, 0, 0, 0, , 0, 0, 0, 0, 0, 
814, 0, 796, -1, -1, 292, 156, 166.5, 13, , 0, 0, 0, 0, , 0, 0, 0, 0, 0, 
815, 0, 797, -1, -1, 288, 157, 179.0, 13, , 0, 0, 0, 0, , 0, 0, 0, 0, 0, 
816, 1, 798, 807, -1, 317, 151, 145.0, 14, Cappppd, 0, 0, 0, 0, , 0, 0, 0, 0, 0, 
817, 1, 799, 808, -1, 303, 157, 159.0, 14, ABplppppppp, 0, 0, 0, 0, , 0, 0, 0, 0, 0, 
818, 1, 800, 809, -1, 106, 135, 172.0, 13, ABpraaaaaap, 0, 0, 0, 0, , 0, 0, 0, 0, 0, 
819, 1, 801, 810, -1, 87, 126, 174.0, 11, ABpraaaaapd, 0, 0, 0, 0, , 0, 0, 0, 0, 0, 
820, 1, 802, 811, -1, 95, 127, 186.5, 13, ABpraaaaapv, 0, 0, 0, 0, , 0, 0, 0, 0, 0, 
821, 1, 803, 812, -1, 110, 130, 189.0, 13, ABpraaaapad, 0, 0, 0, 0, , 0, 0, 0, 0, 0, 
822, 1, 804, 813, -1, 139, 119, 207.0, 13, ABpraaaapav, 0, 0, 0, 0, , 0, 0, 0, 0, 0, 
823, 1, 805, 814, -1, 115, 79, 188.5, 12, ABpraaaappp, 0, 0, 0, 0, , 0, 0, 0, 0, 0, 
824, 1, 806, 815, -1, 131, 78, 179.0, 13, ABpraaapaad, 0, 0, 0, 0, , 0, 0, 0, 0, 0, 
825, 0, 807, -1, -1, 108, 82, 166.0, 14, , 0, 0, 0, 0, , 0, 0, 0, 0, 0, 
826, 1, 808, 817, -1, 109, 82, 167.5, 14, ABpraaapapa, 0, 0, 0, 0, , 0, 0, 0, 0, 0, 
827, 1, 809, 818, -1, 145, 103, 192.0, 13, ABpraaappaa, 0, 0, 0, 0, , 0, 0, 0, 0, 0, 
828, 1, 810, 819, -1, 144, 92, 194.0, 12, ABpraaappap, 0, 0, 0, 0, , 0, 0, 0, 0, 0, 
829, 1, 811, 820, -1, 152, 81, 200.0, 12, ABpraaapppaa, 0, 0, 0, 0, , 0, 0, 0, 0, 0, 
830, 1, 812, 821, -1, 156, 68, 206.0, 10, ABpraaapppap, 0, 0, 0, 0, , 0, 0, 0, 0, 0, 
831, 1, 813, 822, -1, 129, 94, 209.5, 14, ABpraaappppa, 0, 0, 0, 0, , 0, 0, 0, 0, 0, 
832, 1, 814, 823, -1, 140, 104, 212.0, 13, ABpraaappppp, 0, 0, 0, 0, , 0, 0, 0, 0, 0, 
833, 0, 815, -1, -1, 82, 124, 140.0, 15, , 0, 0, 0, 0, , 0, 0, 0, 0, 0, 
834, 1, 816, 825, -1, 81, 125, 143.0, 13, ABpraapaaaa, 0, 0, 0, 0, , 0, 0, 0, 0, 0, 
835, 1, 817, 826, -1, 65, 118, 152.5, 13, ABpraapaaap, 0, 0, 0, 0, , 0, 0, 0, 0, 0, 
836, 1, 818, 827, -1, 91, 106, 177.0, 14, ABpraapaapa, 0, 0, 0, 0, , 0, 0, 0, 0, 0, 
837, 1, 819, 828, -1, 98, 102, 187.5, 14, ABpraapaapp, 0, 0, 0, 0, , 0, 0, 0, 0, 0, 
838, 1, 820, 829, -1, 164, 87, 190.0, 12, ABpraapapaa, 0, 0, 0, 0, , 0, 0, 0, 0, 0, 
839, 1, 821, 830, -1, 154, 75, 187.0, 13, ABpraapapap, 0, 0, 0, 0, , 0, 0, 0, 0, 0, 
840, 1, 822, 831, -1, 146, 69, 182.0, 12, ABpraapappa, 0, 0, 0, 0, , 0, 0, 0, 0, 0, 
841, 1, 823, 832, -1, 136, 75, 195.0, 17, ABpraapappp, 0, 0, 0, 0, , 0, 0, 0, 0, 0, 
842, 1, 824, 833, -1, 105, 164, 172.0, 12, ABpraappaa, 0, 0, 0, 0, , 0, 0, 0, 0, 0, 
843, 0, 825, -1, -1, 104, 164, 158.0, 14, , 0, 0, 0, 0, , 0, 0, 0, 0, 0, 
844, 1, 826, 835, -1, 109, 165, 156.0, 13, ABalpapaaap, 0, 0, 0, 0, , 0, 0, 0, 0, 0, 
845, 1, 827, 836, -1, 142, 154, 196.0, 13, ABpraappap, 0, 0, 0, 0, , 0, 0, 0, 0, 0, 
846, 1, 828, 837, -1, 180, 161, 192.0, 14, ABpraapppa, 0, 0, 0, 0, , 0, 0, 0, 0, 0, 
847, 1, 829, 838, -1, 184, 86, 205.0, 18, ABpraapppp, 0, 0, 0, 0, , 0, 0, 0, 0, 0, 
848, 1, 830, 839, -1, 135, 58, 176.0, 17, ABprapaaaap, 0, 0, 0, 0, , 0, 0, 0, 0, 0, 
849, 1, 831, 840, -1, 169, 74, 193.0, 15, ABprapaaapa, 0, 0, 0, 0, , 0, 0, 0, 0, 0, 
850, 1, 832, 841, -1, 181, 62, 186.0, 13, ABprapaaapp, 0, 0, 0, 0, , 0, 0, 0, 0, 0, 
851, 1, 833, 842, -1, 178, 144, 193.0, 13, ABarappappp, 0, 0, 0, 0, , 0, 0, 0, 0, 0, 
852, 1, 834, 843, -1, 191, 144, 192.0, 13, ABprapaapa, 0, 0, 0, 0, , 0, 0, 0, 0, 0, 
853, 1, 835, 844, -1, 199, 82, 196.0, 15, ABprapaapp, 0, 0, 0, 0, , 0, 0, 0, 0, 0, 
854, 1, 836, 845, -1, 278, 94, 193.0, 17, ABprapapap, 0, 0, 0, 0, , 0, 0, 0, 0, 0, 
855, 1, 837, 846, -1, 286, 111, 204.0, 17, ABprapappa, 0, 0, 0, 0, , 0, 0, 0, 0, 0, 
856, 1, 838, 847, -1, 324, 126, 171.0, 15, ABprapapppp, 0, 0, 0, 0, , 0, 0, 0, 0, 0, 
857, 0, 839, -1, -1, 309, 107, 196.0, 13, , 0, 0, 0, 0, , 0, 0, 0, 0, 0, 
858, 1, 840, 849, -1, 325, 98, 184.0, 13, ABprapppaap, 0, 0, 0, 0, , 0, 0, 0, 0, 0, 
859, 1, 841, 850, -1, 268, 146, 191.5, 16, ABprappppa, 0, 0, 0, 0, , 0, 0, 0, 0, 0, 
860, 1, 842, 851, -1, 317, 136, 177.5, 16, ABprappppp, 0, 0, 0, 0, , 0, 0, 0, 0, 0, 
861, 1, 843, 852, -1, 305, 124, 177.0, 14, ABprapppapp, 0, 0, 0, 0, , 0, 0, 0, 0, 0, 
862, 1, 844, 853, -1, 149, 115, 203.0, 15, ABprpaaaaap, 0, 0, 0, 0, , 0, 0, 0, 0, 0, 
863, 1, 845, 854, -1, 188, 162, 175.0, 14, ABprpaaaapa, 0, 0, 0, 0, , 0, 0, 0, 0, 0, 
864, 1, 846, 855, -1, 222, 135, 158.0, 14, ABprpaaaapp, 0, 0, 0, 0, , 0, 0, 0, 0, 0, 
865, 0, 847, -1, -1, 112, 146, 172.5, 13, , 0, 0, 0, 0, , 0, 0, 0, 0, 0, 
866, 1, 848, 857, -1, 110, 146, 171.0, 13, ABprpaaapaa, 0, 0, 0, 0, , 0, 0, 0, 0, 0, 
867, 0, 849, -1, -1, 131, 154, 184.0, 13, , 0, 0, 0, 0, , 0, 0, 0, 0, 0, 
868, 1, 850, 859, -1, 125, 132, 180.0, 13, ABprpaaappa, 0, 0, 0, 0, , 0, 0, 0, 0, 0, 
869, 1, 851, 860, -1, 139, 132, 184.0, 13, ABprpaaappp, 0, 0, 0, 0, , 0, 0, 0, 0, 0, 
870, 1, 852, 861, -1, 119, 91, 181.0, 13, ABprpaapaaa, 0, 0, 0, 0, , 0, 0, 0, 0, 0, 
871, 1, 853, 862, -1, 154, 101, 213.0, 13, ABprpaapaap, 0, 0, 0, 0, , 0, 0, 0, 0, 0, 
872, 0, 854, -1, -1, 79, 101, 182.0, 15, , 0, 0, 0, 0, , 0, 0, 0, 0, 0, 
873, 1, 855, 864, -1, 138, 140, 177.0, 11, ABalaapappp, 0, 0, 0, 0, , 0, 0, 0, 0, 0, 
874, 1, 856, 865, -1, 117, 148, 186.0, 13, ABprpaaapap, 0, 0, 0, 0, , 0, 0, 0, 0, 0, 
875, 1, 857, 866, -1, 130, 154, 184.5, 13, ABprpaapapp, 0, 0, 0, 0, , 0, 0, 0, 0, 0, 
876, 1, 858, 867, -1, 159, 96, 199.5, 15, ABprpaappaa, 0, 0, 0, 0, , 0, 0, 0, 0, 0, 
877, 0, 859, -1, -1, 188, 77, 174.50427, 14, , 0, 0, 0, 0, , 0, 0, 0, 0, 0, 
878, 1, 860, 869, -1, 162, 87, 208.5, 13, ABprpaappap, 0, 0, 0, 0, , 0, 0, 0, 0, 0, 
879, 0, 861, -1, -1, 168, 142, 190.0, 13, , 0, 0, 0, 0, , 0, 0, 0, 0, 0, 
880, 1, 862, 871, -1, 168, 142, 189.0, 13, ABprpaapppa, 0, 0, 0, 0, , 0, 0, 0, 0, 0, 
881, 1, 863, 872, -1, 152, 150, 189.0, 15, ABprpaapppp, 0, 0, 0, 0, , 0, 0, 0, 0, 0, 
882, 0, 864, -1, -1, 155, 145, 180.0, 14, , 0, 0, 0, 0, , 0, 0, 0, 0, 0, 
883, 1, 865, 874, -1, 177, 148, 176.0, 13, ABprpapaaap, 0, 0, 0, 0, , 0, 0, 0, 0, 0, 
884, 0, 866, -1, -1, 154, 144, 173.5, 14, , 0, 0, 0, 0, , 0, 0, 0, 0, 0, 
885, 0, 867, -1, -1, 159, 144, 171.0, 15, , 0, 0, 0, 0, , 0, 0, 0, 0, 0, 
886, 1, 868, 877, -1, 162, 141, 167.0, 13, ABprpapaaaa, 0, 0, 0, 0, , 0, 0, 0, 0, 0, 
887, 1, 869, 878, -1, 153, 144, 181.0, 13, ABprpapaapp, 0, 0, 0, 0, , 0, 0, 0, 0, 0, 
888, 1, 870, 879, -1, 175, 124, 176.0, 13, ABprpapapaa, 0, 0, 0, 0, , 0, 0, 0, 0, 0, 
889, 1, 871, 880, -1, 174, 136, 179.0, 12, ABprpapapap, 0, 0, 0, 0, , 0, 0, 0, 0, 0, 
890, 0, 872, -1, -1, 189, 139, 181.0, 12, , 0, 0, 0, 0, , 0, 0, 0, 0, 0, 
891, 0, 873, -1, -1, 191, 139, 180.0, 12, , 0, 0, 0, 0, , 0, 0, 0, 0, 0, 
892, 0, 874, -1, -1, 189, 138, 180.0, 12, , 0, 0, 0, 0, , 0, 0, 0, 0, 0, 
893, 0, 875, -1, -1, 189, 137, 182.0, 12, , 0, 0, 0, 0, , 0, 0, 0, 0, 0, 
894, 0, 876, -1, -1, 190, 137, 180.0, 12, , 0, 0, 0, 0, , 0, 0, 0, 0, 0, 
895, 1, 877, 885, -1, 257, 129, 154.0, 14, ABprpapappp, 0, 0, 0, 0, , 0, 0, 0, 0, 0, 
896, 1, 878, 886, -1, 136, 157, 155.0, 13, ABprpappaaa, 0, 0, 0, 0, , 0, 0, 0, 0, 0, 
897, 1, 879, 887, -1, 168, 155, 161.0, 15, ABprpappaap, 0, 0, 0, 0, , 0, 0, 0, 0, 0, 
898, 1, 880, 888, -1, 177, 133, 165.0, 13, ABprpappapa, 0, 0, 0, 0, , 0, 0, 0, 0, 0, 
899, 1, 881, 889, -1, 227, 129, 149.0, 13, ABprpappapp, 0, 0, 0, 0, , 0, 0, 0, 0, 0, 
900, 0, 882, -1, -1, 152, 147, 158.0, 13, , 0, 0, 0, 0, , 0, 0, 0, 0, 0, 
901, 1, 883, 891, -1, 152, 141, 149.0, 13, ABprpapppaa, 0, 0, 0, 0, , 0, 0, 0, 0, 0, 
902, 1, 884, 892, -1, 206, 127, 173.0, 12, ABprpapppap, 0, 0, 0, 0, , 0, 0, 0, 0, 0, 
903, 0, 885, -1, -1, 279, 118, 163.5, 12, , 0, 0, 0, 0, , 0, 0, 0, 0, 0, 
904, 0, 886, -1, -1, 294, 140, 148.0, 14, , 0, 0, 0, 0, , 0, 0, 0, 0, 0, 
905, 1, 887, 895, -1, 296, 141, 147.0, 14, ABprpappppp, 0, 0, 0, 0, , 0, 0, 0, 0, 0, 
906, 1, 888, 896, -1, 156, 133, 208.0, 12, ABprppaaaaa, 0, 0, 0, 0, , 0, 0, 0, 0, 0, 
907, 1, 889, 897, -1, 167, 108, 210.0, 14, ABprppaaaap, 0, 0, 0, 0, , 0, 0, 0, 0, 0, 
908, 1, 890, 898, -1, 166, 125, 206.5, 13, ABprppaapap, 0, 0, 0, 0, , 0, 0, 0, 0, 0, 
909, 0, 891, -1, -1, 199, 141, 169.0, 13, , 0, 0, 0, 0, , 0, 0, 0, 0, 0, 
910, 1, 892, 900, -1, 249, 117, 167.0, 12, ABprppaappp, 0, 0, 0, 0, , 0, 0, 0, 0, 0, 
911, 1, 893, 901, -1, 203, 136, 186.0, 12, ABprppapaaa, 0, 0, 0, 0, , 0, 0, 0, 0, 0, 
912, 1, 894, 902, -1, 211, 112, 156.0, 12, ABprppapaap, 0, 0, 0, 0, , 0, 0, 0, 0, 0, 
913, 1, 895, 903, -1, 230, 108, 159.0, 13, ABprppapapa, 0, 0, 0, 0, , 0, 0, 0, 0, 0, 
914, 1, 896, 904, -1, 254, 106, 158.0, 13, ABprppapapp, 0, 0, 0, 0, , 0, 0, 0, 0, 0, 
915, 1, 897, 905, -1, 208, 126, 164.0, 13, ABprppappaa, 0, 0, 0, 0, , 0, 0, 0, 0, 0, 
916, 1, 898, 906, -1, 219, 117, 154.0, 12, ABprppappap, 0, 0, 0, 0, , 0, 0, 0, 0, 0, 
917, 1, 899, 907, -1, 242, 107, 161.5, 10, ABprppapppa, 0, 0, 0, 0, , 0, 0, 0, 0, 0, 
918, 1, 900, 908, -1, 262, 119, 166.0, 12, ABprppapppp, 0, 0, 0, 0, , 0, 0, 0, 0, 0, 
919, 1, 901, 909, -1, 254, 129, 177.0, 12, ABprpppaaaa, 0, 0, 0, 0, , 0, 0, 0, 0, 0, 
920, 1, 902, 910, -1, 262, 112, 176.0, 12, ABprpppaaap, 0, 0, 0, 0, , 0, 0, 0, 0, 0, 
921, 0, 903, -1, -1, 304, 109, 182.5, 13, , 0, 0, 0, 0, , 0, 0, 0, 0, 0, 
922, 1, 904, 912, -1, 305, 111, 185.0, 14, ABprpppaapa, 0, 0, 0, 0, , 0, 0, 0, 0, 0, 
923, 1, 905, 914, -1, 297, 118, 193.0, 12, ABprpppaapp, 0, 0, 0, 0, , 0, 0, 0, 0, 0, 
924, 1, 906, 915, -1, 291, 129, 188.0, 12, ABprpppapaa, 0, 0, 0, 0, , 0, 0, 0, 0, 0, 
925, 0, 907, -1, -1, 281, 167, 175.5, 12, , 0, 0, 0, 0, , 0, 0, 0, 0, 0, 
926, 1, 908, 917, -1, 279, 169, 170.0, 14, ABprpppapap, 0, 0, 0, 0, , 0, 0, 0, 0, 0, 
927, 1, 909, 918, -1, 281, 162, 152.0, 15, Cappppv, 0, 0, 0, 0, , 0, 0, 0, 0, 0, 
928, 1, 910, 919, -1, 280, 119, 164.0, 13, ABprppppaaa, 0, 0, 0, 0, , 0, 0, 0, 0, 0, 
929, 0, 911, -1, -1, 289, 128, 167.0, 12, , 0, 0, 0, 0, , 0, 0, 0, 0, 0, 
930, 1, 912, 921, -1, 298, 133, 161.0, 12, ABprpappppa, 0, 0, 0, 0, , 0, 0, 0, 0, 0, 
931, 1, 913, 922, -1, 289, 127, 168.0, 12, ABprppppaap, 0, 0, 0, 0, , 0, 0, 0, 0, 0, 
932, 1, 914, 923, -1, 264, 131, 185.5, 14, ABprppppapa, 0, 0, 0, 0, , 0, 0, 0, 0, 0, 
933, 1, 915, 924, -1, 274, 139, 178.0, 13, ABprppppapp, 0, 0, 0, 0, , 0, 0, 0, 0, 0, 
934, 1, 916, 925, -1, 278, 103, 164.5, 13, ABprpppppaa, 0, 0, 0, 0, , 0, 0, 0, 0, 0, 
935, 1, 917, 926, -1, 297, 108, 166.0, 15, ABprpppppap, 0, 0, 0, 0, , 0, 0, 0, 0, 0, 
936, 0, 918, -1, -1, 290, 157, 165.0, 13, , 0, 0, 0, 0, , 0, 0, 0, 0, 0, 
937, 1, 919, 928, -1, 288, 159, 178.0, 13, ABprppppppa, 0, 0, 0, 0, , 0, 0, 0, 0, 0, 
938, 1, 920, 929, -1, 292, 156, 163.0, 13, ABplppppppa, 0, 0, 0, 0, , 0, 0, 0, 0, 0, 
939, 1, 921, 930, -1, 304, 151, 176.0, 15, ABprppppppp, 0, 0, 0, 0, , 0, 0, 0, 0, 0, 
940, 0, 922, -1, -1, 87, 143, 117.0, 11, , 0, 0, 0, 0, , 0, 0, 0, 0, 0, 
941, 0, 923, -1, -1, 87, 142, 117.5, 12, , 0, 0, 0, 0, , 0, 0, 0, 0, 0, 
942, 1, 924, 950, -1, 104, 143, 122.0, 12, ABalaaaalpp, 0, 0, 0, 0, , 0, 0, 0, 0, 0, 
943, 0, 925, -1, -1, 110, 149, 110.0, 15, , 0, 0, 0, 0, , 0, 0, 0, 0, 0, 
944, 0, 926, -1, -1, 114, 149, 110.0, 15, , 0, 0, 0, 0, , 0, 0, 0, 0, 0, 
945, 1, 927, 936, -1, 114, 147, 99.5, 15, ABalapaappa, 0, 0, 0, 0, , 0, 0, 0, 0, 0, 
946, 1, 928, 937, -1, 97, 109, 80.0, 12, ABalapapppp, 0, 0, 0, 0, , 0, 0, 0, 0, 0, 
947, 0, 929, -1, -1, 103, 79, 161.80328, 12, , 0, 0, 0, 0, , 0, 0, 0, 0, 0, 
948, 1, 930, 939, -1, 108, 69, 175.5, 12, ABalappapaa, 0, 0, 0, 0, , 0, 0, 0, 0, 0, 
949, 0, 931, -1, -1, 75, 90, 166.0, 12, , 0, 0, 0, 0, , 0, 0, 0, 0, 0, 
950, 0, 932, -1, -1, 78, 100, 172.0, 12, , 0, 0, 0, 0, , 0, 0, 0, 0, 0, 
951, 1, 933, 942, -1, 80, 103, 179.0, 13, ABprpaapapa, 0, 0, 0, 0, , 0, 0, 0, 0, 0, 
952, 1, 934, 943, -1, 77, 97, 174.0, 12, ABalappappp, 0, 0, 0, 0, , 0, 0, 0, 0, 0, 
953, 0, 935, -1, -1, 100, 122, 130.5, 13, , 0, 0, 0, 0, , 0, 0, 0, 0, 0, 
954, 0, 936, -1, -1, 98, 122, 131.0, 13, , 0, 0, 0, 0, , 0, 0, 0, 0, 0, 
955, 0, 937, -1, -1, 97, 124, 131.0, 13, , 0, 0, 0, 0, , 0, 0, 0, 0, 0, 
956, 1, 938, 947, -1, 94, 139, 128.0, 12, ABalpaapppp, 0, 0, 0, 0, , 0, 0, 0, 0, 0, 
957, 1, 939, 948, -1, 100, 139, 89.0, 14, ABplaapaapa, 0, 0, 0, 0, , 0, 0, 0, 0, 0, 
958, 1, 940, 949, -1, 105, 144, 79.0, 15, ABplaapaapp, 0, 0, 0, 0, , 0, 0, 0, 0, 0, 
959, 0, 941, -1, -1, 151, 125, 106.55882, 15, , 0, 0, 0, 0, , 0, 0, 0, 0, 0, 
960, 0, 942, -1, -1, 155, 128, 104.0, 15, , 0, 0, 0, 0, , 0, 0, 0, 0, 0, 
961, 1, 943, 953, -1, 181, 172, 124.0, 13, ABalpapappp, 0, 0, 0, 0, , 0, 0, 0, 0, 0, 
962, 1, 944, 954, -1, 154, 175, 137.0, 14, ABplpaapppp, 0, 0, 0, 0, , 0, 0, 0, 0, 0, 
963, 1, 945, 955, -1, 184, 161, 82.0, 15, ABplppaaaap, 0, 0, 0, 0, , 0, 0, 0, 0, 0, 
964, 0, 946, -1, -1, 110, 158, 121.0, 12, , 0, 0, 0, 0, , 0, 0, 0, 0, 0, 
965, 0, 947, -1, -1, 109, 158, 122.0, 12, , 0, 0, 0, 0, , 0, 0, 0, 0, 0, 
966, 0, 948, -1, -1, 106, 159, 125.0, 12, , 0, 0, 0, 0, , 0, 0, 0, 0, 0, 
967, 0, 949, -1, -1, 119, 161, 112.0, 12, , 0, 0, 0, 0, , 0, 0, 0, 0, 0, 
968, 1, 950, 959, -1, 93, 119, 152.0, 12, ABaraaapppp, 0, 0, 0, 0, , 0, 0, 0, 0, 0, 
969, 1, 951, 960, -1, 118, 87, 110.5, 14, ABaraapaaap, 0, 0, 0, 0, , 0, 0, 0, 0, 0, 
970, 1, 952, 961, -1, 121, 73, 102.0, 14, MSaaapaaa, 0, 0, 0, 0, , 0, 0, 0, 0, 0, 
971, 1, 953, 962, -1, 142, 168, 122.0, 13, ABalppaappp, 0, 0, 0, 0, , 0, 0, 0, 0, 0, 
972, 1, 954, 963, -1, 121, 155, 153.0, 13, ABarappaapa, 0, 0, 0, 0, , 0, 0, 0, 0, 0, 
973, 1, 955, 964, -1, 115, 127, 88.5, 15, ABalppppapa, 0, 0, 0, 0, , 0, 0, 0, 0, 0, 
974, 0, 956, -1, -1, 269, 131, 105.0, 16, , 0, 0, 0, 0, , 0, 0, 0, 0, 0, 
975, 1, 957, 966, -1, 274, 124, 110.0, 16, MSappaap, 0, 0, 0, 0, , 0, 0, 0, 0, 0, 
976, 1, 958, 967, -1, 139, 156, 90.0, 15, ABalapaapaa, 0, 0, 0, 0, , 0, 0, 0, 0, 0, 
977, 0, 959, -1, -1, 163, 152, 120.0, 15, , 0, 0, 0, 0, , 0, 0, 0, 0, 0, 
978, 0, 960, -1, -1, 162, 156, 116.0, 15, , 0, 0, 0, 0, , 0, 0, 0, 0, 0, 
979, 0, 961, -1, -1, 162, 158, 117.0, 15, , 0, 0, 0, 0, , 0, 0, 0, 0, 0, 
980, 0, 962, -1, -1, 167, 153, 118.5, 15, , 0, 0, 0, 0, , 0, 0, 0, 0, 0, 
981, 1, 963, 972, -1, 178, 162, 146.5, 12, ABplpapaaap, 0, 0, 0, 0, , 0, 0, 0, 0, 0, 
982, 1, 964, 973, -1, 154, 154, 151.0, 13, ABplpapaapa, 0, 0, 0, 0, , 0, 0, 0, 0, 0, 
983, 1, 965, 974, -1, 157, 158, 154.0, 13, ABalpapapaa, 0, 0, 0, 0, , 0, 0, 0, 0, 0, 
984, 1, 966, 975, -1, 153, 152, 162.0, 13, ABarappapaa, 0, 0, 0, 0, , 0, 0, 0, 0, 0, 
985, 1, 967, 976, -1, 158, 146, 176.0, 15, ABprpapaapa, 0, 0, 0, 0, , 0, 0, 0, 0, 0, 
986, 1, 968, 977, -1, 181, 156, 135.0, 13, ABplpapapap, 0, 0, 0, 0, , 0, 0, 0, 0, 0, 
987, 1, 969, 978, -1, 185, 148, 127.0, 14, ABplpapapaa, 0, 0, 0, 0, , 0, 0, 0, 0, 0, 
988, 1, 970, 979, -1, 224, 117, 121.0, 15, MSaappppa, 0, 0, 0, 0, , 0, 0, 0, 0, 0, 
989, 1, 971, 980, -1, 213, 127, 113.5, 13, MSaapppap, 0, 0, 0, 0, , 0, 0, 0, 0, 0, 
990, 0, 972, -1, -1, 208, 145, 136.0, 13, , 0, 0, 0, 0, , 0, 0, 0, 0, 0, 
991, 0, 973, -1, -1, 204, 149, 152.0, 12, , 0, 0, 0, 0, , 0, 0, 0, 0, 0, 
992, 1, 974, 983, -1, 202, 149, 153.0, 12, ABplppaappa, 0, 0, 0, 0, , 0, 0, 0, 0, 0, 
993, 0, 975, -1, -1, 204, 148, 145.0, 13, , 0, 0, 0, 0, , 0, 0, 0, 0, 0, 
994, 0, 976, -1, -1, 198, 141, 170.0, 13, , 0, 0, 0, 0, , 0, 0, 0, 0, 0, 
995, 1, 977, 986, -1, 245, 121, 151.0, 13, ABplppaappp, 0, 0, 0, 0, , 0, 0, 0, 0, 0, 
996, 1, 978, 987, -1, 235, 118, 155.0, 13, ABplpapappp, 0, 0, 0, 0, , 0, 0, 0, 0, 0, 
997, 0, 979, -1, -1, 251, 120, 148.0, 13, , 0, 0, 0, 0, , 0, 0, 0, 0, 0, 
998, 1, 980, 989, -1, 208, 127, 142.0, 13, ABplppappap, 0, 0, 0, 0, , 0, 0, 0, 0, 0, 
999, 0, 981, -1, -1, 255, 154, 147.0, 14, , 0, 0, 0, 0, , 0, 0, 0, 0, 0, 
1000, 1, 982, 992, -1, 256, 154, 146.5, 14, ABplppppapa, 0, 0, 0, 0, , 0, 0, 0, 0, 0, 
1001, 0, 983, -1, -1, 111, 115, 191.5, 12, , 0, 0, 0, 0, , 0, 0, 0, 0, 0, 
1002, 1, 984, 994, -1, 121, 120, 197.5, 12, ABpraaaaaaa, 0, 0, 0, 0, , 0, 0, 0, 0, 0, 
1003, 1, 985, 995, -1, 104, 128, 179.0, 13, ABalaappapp, 0, 0, 0, 0, , 0, 0, 0, 0, 0, 
1004, 0, 986, -1, -1, 108, 112, 176.0, 12, , 0, 0, 0, 0, , 0, 0, 0, 0, 0, 
1005, 0, 987, -1, -1, 101, 119, 161.5, 13, , 0, 0, 0, 0, , 0, 0, 0, 0, 0, 
1006, 0, 988, -1, -1, 101, 121, 161.0, 13, , 0, 0, 0, 0, , 0, 0, 0, 0, 0, 
1007, 1, 989, 999, -1, 101, 121, 161.0, 13, ABalaapaapp, 0, 0, 0, 0, , 0, 0, 0, 0, 0, 
1008, 1, 990, 1000, -1, 113, 113, 188.0, 12, ABalaappapa, 0, 0, 0, 0, , 0, 0, 0, 0, 0, 
1009, 0, 991, -1, -1, 154, 88, 179.0, 14, , 0, 0, 0, 0, , 0, 0, 0, 0, 0, 
1010, 1, 991, 1002, -1, 155, 91, 180.0, 14, MSppppaa, 0, 0, 0, 0, , 0, 0, 0, 0, 0, 
1011, 1, 992, 1003, -1, 151, 124, 185.0, 15, MSpppapp, 0, 0, 0, 0, , 0, 0, 0, 0, 0, 
1012, 1, 993, 1004, -1, 172, 98, 187.0, 15, Dpaaa, 0, 0, 0, 0, , 0, 0, 0, 0, 0, 
1013, 0, 994, -1, -1, 179, 134, 157.0, 17, , 0, 0, 0, 0, , 0, 0, 0, 0, 0, 
1014, 0, 995, -1, -1, 188, 161, 165.0, 15, , 0, 0, 0, 0, , 0, 0, 0, 0, 0, 
1015, 1, 996, 1007, -1, 184, 146, 161.0, 15, ABplpappaap, 0, 0, 0, 0, , 0, 0, 0, 0, 0, 
1016, 1, 997, 1008, -1, 309, 108, 193.0, 13, ABprapppaaa, 0, 0, 0, 0, , 0, 0, 0, 0, 0, 
1017, 0, 998, -1, -1, 104, 142, 117.0, 12, , 0, 0, 0, 0, , 0, 0, 0, 0, 0, 
1018, 1, 999, 1010, -1, 100, 122, 129.0, 13, ABalpaapppa, 0, 0, 0, 0, , 0, 0, 0, 0, 0, 
1019, 1, 1000, 1011, -1, 102, 122, 117.0, 14, ABalaaaarlp, 0, 0, 0, 0, , 0, 0, 0, 0, 0, 
1020, 0, 1001, -1, -1, 87, 143, 117.0, 13, , 0, 0, 0, 0, , 0, 0, 0, 0, 0, 
1021, 0, 1002, -1, -1, 86, 124, 88.5, 13, , 0, 0, 0, 0, , 0, 0, 0, 0, 0, 
1022, 0, 1003, -1, -1, 79, 130, 101.0, 13, , 0, 0, 0, 0, , 0, 0, 0, 0, 0, 
1023, 0, 1004, -1, -1, 87, 143, 119.0, 13, , 0, 0, 0, 0, , 0, 0, 0, 0, 0, 
1024, 0, 1005, -1, -1, 96, 71, 180.0, 12, , 0, 0, 0, 0, , 0, 0, 0, 0, 0, 
1025, 1, 1005, 1018, -1, 98, 72, 180.0, 12, ABalapppppa, 0, 0, 0, 0, , 0, 0, 0, 0, 0, 
1026, 0, 1006, -1, -1, 111, 159, 119.5, 12, , 0, 0, 0, 0, , 0, 0, 0, 0, 0, 
1027, 0, 1007, -1, -1, 113, 149, 110.5, 12, , 0, 0, 0, 0, , 0, 0, 0, 0, 0, 
1028, 1, 1008, 1021, -1, 132, 149, 115.0, 12, ABalppaaapa, 0, 0, 0, 0, , 0, 0, 0, 0, 0, 
1029, 1, 1009, 1022, -1, 108, 158, 125.0, 11, ABalpppaaap, 0, 0, 0, 0, , 0, 0, 0, 0, 0, 
1030, 0, 1010, -1, -1, 118, 160, 111.5, 12, , 0, 0, 0, 0, , 0, 0, 0, 0, 0, 
1031, 0, 1011, -1, -1, 110, 158, 121.0, 12, , 0, 0, 0, 0, , 0, 0, 0, 0, 0, 
1032, 1, 1012, 1025, -1, 116, 160, 114.0, 12, ABalppaaapp, 0, 0, 0, 0, , 0, 0, 0, 0, 0, 
1033, 1, 1013, 1026, -1, 175, 168, 133.0, 12, ABplpaapppa, 0, 0, 0, 0, , 0, 0, 0, 0, 0, 
1034, 0, 1014, -1, -1, 174, 166, 126.0, 12, , 0, 0, 0, 0, , 0, 0, 0, 0, 0, 
1035, 1, 1015, 1029, -1, 204, 100, 120.5, 12, MSaapappp, 0, 0, 0, 0, , 0, 0, 0, 0, 0, 
1036, 1, 1016, 1030, -1, 202, 101, 139.0, 14, MSaappaa, 0, 0, 0, 0, , 0, 0, 0, 0, 0, 
1037, 1, 1017, 1031, -1, 156, 126, 104.0, 15, ABalpappaap, 0, 0, 0, 0, , 0, 0, 0, 0, 0, 
1038, 1, 1018, 1032, -1, 191, 139, 180.0, 12, ABprpapappa, 0, 0, 0, 0, , 0, 0, 0, 0, 0, 
1039, 1, 1019, 1033, -1, 200, 141, 168.0, 13, ABprppaappa, 0, 0, 0, 0, , 0, 0, 0, 0, 0, 
1040, 0, 1020, -1, -1, 118, 141, 120.0, 13, , 0, 0, 0, 0, , 0, 0, 0, 0, 0, 
1041, 1, 1021, 1036, -1, 199, 142, 116.0, 14, MSaapppaa, 0, 0, 0, 0, , 0, 0, 0, 0, 0, 
1042, 0, 1022, -1, -1, 155, 159, 132.0, 15, , 0, 0, 0, 0, , 0, 0, 0, 0, 0, 
1043, 1, 1023, 1038, -1, 160, 155, 121.0, 15, MSappapp, 0, 0, 0, 0, , 0, 0, 0, 0, 0, 
1044, 1, 1024, 1039, -1, 165, 156, 72.0, 14, ABplpaapaap, 0, 0, 0, 0, , 0, 0, 0, 0, 0, 
1045, 1, 1025, 1040, -1, 173, 145, 66.5, 13, ABplpaappap, 0, 0, 0, 0, , 0, 0, 0, 0, 0, 
1046, 1, 1026, 1041, -1, 119, 141, 118.0, 13, ABalppapaaa, 0, 0, 0, 0, , 0, 0, 0, 0, 0, 
1047, 1, 1027, 1042, -1, 85, 124, 130.0, 15, ABplaapaaaa, 0, 0, 0, 0, , 0, 0, 0, 0, 0, 
1048, 1, 1028, 1043, -1, 210, 143, 156.0, 13, ABarappappa, 0, 0, 0, 0, , 0, 0, 0, 0, 0, 
1049, 1, 1029, 1044, -1, 208, 146, 130.5, 13, ABplppappaa, 0, 0, 0, 0, , 0, 0, 0, 0, 0, 
1050, 1, 1030, 1045, -1, 143, 124, 126.0, 13, ABalpaaaapa, 0, 0, 0, 0, , 0, 0, 0, 0, 0, 
1051, 1, 1031, 1046, -1, 176, 171, 94.5, 14, ABplppaapap, 0, 0, 0, 0, , 0, 0, 0, 0, 0, 
1052, 1, 1032, 1047, -1, 89, 121, 82.0, 14, ABalapaaapa, 0, 0, 0, 0, , 0, 0, 0, 0, 0, 
1053, 1, 1033, 1048, -1, 87, 123, 88.5, 13, ABalaaaalal, 0, 0, 0, 0, , 0, 0, 0, 0, 0, 
1054, 1, 1034, 1049, -1, 76, 95, 116.5, 13, ABalappaapa, 0, 0, 0, 0, , 0, 0, 0, 0, 0, 
