1, 0, 1, -1, -1, 184, 65, 184.0, 9, , 8, 0, 0, 0, , 0, 0, 0, 0, 0, 
2, 0, 2, -1, -1, 293, 117, 185.0, 7, , 20, 0, 0, 0, , 0, 0, 0, 0, 0, 
3, 0, 3, -1, -1, 169, 144, 186.0, 11, , 60, 0, 0, 0, , 0, 0, 0, 0, 0, 
4, 0, 4, -1, -1, 126, 167, 125.0, 9, , 28, 0, 0, 0, , 0, 0, 0, 0, 0, 
5, 0, 5, -1, -1, 119, 142, 128.0, 9, , 44, 0, 0, 0, , 0, 0, 0, 0, 0, 
6, 0, 6, -1, -1, 177, 112, 110.0, 11, , 129, 0, 0, 0, , 0, 0, 0, 0, 0, 
7, 0, 7, -1, -1, 201, 80, 195.0, 9, , 33, 0, 0, 0, , 0, 0, 0, 0, 0, 
8, 0, 8, -1, -1, 195, 80, 194.0, 9, , 36, 0, 0, 0, , 0, 0, 0, 0, 0, 
9, 0, 9, -1, -1, 117, 87, 112.0, 9, , 87, 0, 0, 0, , 0, 0, 0, 0, 0, 
10, 0, 10, -1, -1, 124, 124, 171.0, 11, , 25, 0, 0, 0, , 0, 0, 0, 0, 0, 
11, 0, 11, -1, -1, 274, 80, 185.0, 11, , 46, 0, 0, 0, , 0, 0, 0, 0, 0, 
12, 0, 12, -1, -1, 167, 124, 207.0, 13, , 132, 0, 0, 0, , 0, 0, 0, 0, 0, 
13, 0, 14, -1, -1, 116, 86, 101.0, 9, , 73, 0, 0, 0, , 0, 0, 0, 0, 0, 
14, 0, 15, -1, -1, 152, 116, 199.0, 9, , 32, 0, 0, 0, , 0, 0, 0, 0, 0, 
15, 0, 16, -1, -1, 153, 122, 158.0, 9, , 70, 0, 0, 0, , 0, 0, 0, 0, 0, 
16, 0, 17, -1, -1, 156, 135, 207.0, 11, , 93, 0, 0, 0, , 0, 0, 0, 0, 0, 
17, 0, 18, -1, -1, 150, 160, 163.0, 9, , 27, 0, 0, 0, , 0, 0, 0, 0, 0, 
18, 0, 19, -1, -1, 251, 119, 163.0, 11, , 16, 0, 0, 0, , 0, 0, 0, 0, 0, 
19, 0, 20, -1, -1, 197, 84, 198.0, 9, , 87, 0, 0, 0, , 0, 0, 0, 0, 0, 
20, 0, 21, -1, -1, 114, 169, 167.0, 7, , 30, 0, 0, 0, , 0, 0, 0, 0, 0, 
21, 0, 22, -1, -1, 141, 91, 111.0, 9, , 22, 0, 0, 0, , 0, 0, 0, 0, 0, 
22, 0, 23, -1, -1, 159, 87, 209.0, 11, , 49, 0, 0, 0, , 0, 0, 0, 0, 0, 
23, 0, 24, -1, -1, 150, 71, 187.0, 11, , 104, 0, 0, 0, , 0, 0, 0, 0, 0, 
24, 0, 26, -1, -1, 208, 140, 164.0, 9, , 42, 0, 0, 0, , 0, 0, 0, 0, 0, 
25, 0, 27, -1, -1, 139, 133, 186.0, 9, , 45, 0, 0, 0, , 0, 0, 0, 0, 0, 
26, 0, 28, -1, -1, 180, 109, 206.0, 9, , 8, 0, 0, 0, , 0, 0, 0, 0, 0, 
27, 0, 29, -1, -1, 151, 73, 192.0, 9, , 38, 0, 0, 0, , 0, 0, 0, 0, 0, 
28, 0, 30, -1, -1, 219, 75, 193.0, 9, , 53, 0, 0, 0, , 0, 0, 0, 0, 0, 
29, 0, 31, -1, -1, 142, 90, 171.0, 9, , 13, 0, 0, 0, , 0, 0, 0, 0, 0, 
30, 0, 33, -1, -1, 128, 177, 126.0, 9, , 19, 0, 0, 0, , 0, 0, 0, 0, 0, 
31, 0, 34, -1, -1, 173, 96, 161.0, 9, , 28, 0, 0, 0, , 0, 0, 0, 0, 0, 
32, 0, 35, -1, -1, 198, 82, 201.0, 11, , 47, 0, 0, 0, , 0, 0, 0, 0, 0, 
33, 0, 36, -1, -1, 110, 88, 124.0, 11, , 90, 0, 0, 0, , 0, 0, 0, 0, 0, 
34, 0, 37, -1, -1, 110, 87, 118.0, 9, , 36, 0, 0, 0, , 0, 0, 0, 0, 0, 
35, 0, 38, -1, -1, 303, 158, 102.0, 9, , 29, 0, 0, 0, , 0, 0, 0, 0, 0, 
36, 0, 39, -1, -1, 230, 46, 178.0, 11, , 61, 0, 0, 0, , 0, 0, 0, 0, 0, 
37, 0, 40, -1, -1, 212, 76, 190.0, 9, , 40, 0, 0, 0, , 0, 0, 0, 0, 0, 
38, 0, 41, -1, -1, 93, 107, 183.0, 13, , 91, 0, 0, 0, , 0, 0, 0, 0, 0, 
39, 0, 43, -1, -1, 102, 160, 151.0, 7, , 36, 0, 0, 0, , 0, 0, 0, 0, 0, 
40, 0, 44, -1, -1, 79, 128, 174.0, 9, , 22, 0, 0, 0, , 0, 0, 0, 0, 0, 
41, 0, 45, -1, -1, 123, 120, 194.0, 9, , 66, 0, 0, 0, , 0, 0, 0, 0, 0, 
42, 0, 46, -1, -1, 139, 102, 166.0, 7, , 10, 0, 0, 0, , 0, 0, 0, 0, 0, 
43, 0, 47, -1, -1, 184, 67, 187.0, 7, , 24, 0, 0, 0, , 0, 0, 0, 0, 0, 
44, 0, 48, -1, -1, 163, 71, 199.0, 7, , 11, 0, 0, 0, , 0, 0, 0, 0, 0, 
45, 0, 49, -1, -1, 324, 102, 183.0, 9, , 38, 0, 0, 0, , 0, 0, 0, 0, 0, 
46, 0, 50, -1, -1, 118, 147, 173.0, 9, , 62, 0, 0, 0, , 0, 0, 0, 0, 0, 
47, 0, 51, -1, -1, 190, 143, 191.0, 13, , 74, 0, 0, 0, , 0, 0, 0, 0, 0, 
48, 0, 52, -1, -1, 114, 169, 164.0, 9, , 88, 0, 0, 0, , 0, 0, 0, 0, 0, 
49, 0, 53, -1, -1, 132, 110, 155.0, 11, , 112, 0, 0, 0, , 0, 0, 0, 0, 0, 
50, 0, 54, -1, -1, 139, 133, 184.0, 9, , 41, 0, 0, 0, , 0, 0, 0, 0, 0, 
51, 0, 55, -1, -1, 142, 118, 157.0, 11, , 104, 0, 0, 0, , 0, 0, 0, 0, 0, 
52, 0, 56, -1, -1, 226, 39, 175.0, 9, , 22, 0, 0, 0, , 0, 0, 0, 0, 0, 
53, 0, 57, -1, -1, 221, 81, 189.0, 9, , 18, 0, 0, 0, , 0, 0, 0, 0, 0, 
54, 0, 58, -1, -1, 140, 119, 134.0, 7, , 38, 0, 0, 0, , 0, 0, 0, 0, 0, 
55, 0, 59, -1, -1, 193, 112, 153.0, 11, , 59, 0, 0, 0, , 0, 0, 0, 0, 0, 
56, 0, 60, -1, -1, 151, 121, 161.0, 9, , 79, 0, 0, 0, , 0, 0, 0, 0, 0, 
57, 0, 61, -1, -1, 181, 67, 193.0, 9, , 53, 0, 0, 0, , 0, 0, 0, 0, 0, 
58, 0, 63, -1, -1, 123, 176, 122.0, 9, , 23, 0, 0, 0, , 0, 0, 0, 0, 0, 
59, 0, 64, -1, -1, 129, 88, 159.0, 11, , 127, 0, 0, 0, , 0, 0, 0, 0, 0, 
60, 0, 65, -1, -1, 251, 113, 163.0, 9, , 13, 0, 0, 0, , 0, 0, 0, 0, 0, 
61, 0, 66, -1, -1, 168, 79, 170.0, 11, , 92, 0, 0, 0, , 0, 0, 0, 0, 0, 
62, 0, 68, -1, -1, 135, 62, 177.0, 11, , 56, 0, 0, 0, , 0, 0, 0, 0, 0, 
63, 0, 69, -1, -1, 274, 79, 182.0, 13, , 243, 0, 0, 0, , 0, 0, 0, 0, 0, 
64, 0, 70, -1, -1, 192, 146, 183.0, 9, , 42, 0, 0, 0, , 0, 0, 0, 0, 0, 
65, 0, 71, -1, -1, 198, 80, 198.0, 11, , 93, 0, 0, 0, , 0, 0, 0, 0, 0, 
66, 0, 72, -1, -1, 289, 111, 202.0, 9, , 25, 0, 0, 0, , 0, 0, 0, 0, 0, 
67, 0, 74, -1, -1, 62, 120, 150.0, 9, , 46, 0, 0, 0, , 0, 0, 0, 0, 0, 
68, 0, 75, -1, -1, 172, 97, 163.0, 7, , 17, 0, 0, 0, , 0, 0, 0, 0, 0, 
69, 0, 76, -1, -1, 152, 118, 149.0, 9, , 44, 0, 0, 0, , 0, 0, 0, 0, 0, 
70, 0, 77, -1, -1, 190, 141, 185.0, 9, , 41, 0, 0, 0, , 0, 0, 0, 0, 0, 
71, 0, 78, -1, -1, 176, 109, 89.0, 9, , 55, 0, 0, 0, , 0, 0, 0, 0, 0, 
72, 0, 79, -1, -1, 122, 158, 149.0, 9, , 54, 0, 0, 0, , 0, 0, 0, 0, 0, 
73, 0, 80, -1, -1, 126, 126, 166.0, 7, , 7, 0, 0, 0, , 0, 0, 0, 0, 0, 
74, 0, 81, -1, -1, 139, 86, 172.0, 9, , 19, 0, 0, 0, , 0, 0, 0, 0, 0, 
75, 0, 82, -1, -1, 138, 58, 179.0, 9, , 7, 0, 0, 0, , 0, 0, 0, 0, 0, 
76, 0, 83, -1, -1, 118, 150, 182.0, 9, , 50, 0, 0, 0, , 0, 0, 0, 0, 0, 
77, 0, 84, -1, -1, 164, 83, 197.0, 9, , 34, 0, 0, 0, , 0, 0, 0, 0, 0, 
78, 0, 85, -1, -1, 121, 101, 119.0, 9, , 29, 0, 0, 0, , 0, 0, 0, 0, 0, 
79, 0, 86, -1, -1, 129, 130, 139.0, 9, , 52, 0, 0, 0, , 0, 0, 0, 0, 0, 
80, 0, 87, -1, -1, 216, 142, 143.0, 11, , 24, 0, 0, 0, , 0, 0, 0, 0, 0, 
81, 0, 88, -1, -1, 102, 160, 153.0, 9, , 18, 0, 0, 0, , 0, 0, 0, 0, 0, 
82, 0, 89, -1, -1, 148, 101, 167.0, 9, , 30, 0, 0, 0, , 0, 0, 0, 0, 0, 
83, 0, 90, -1, -1, 154, 148, 163.0, 9, , 38, 0, 0, 0, , 0, 0, 0, 0, 0, 
84, 0, 91, -1, -1, 169, 80, 174.0, 9, , 47, 0, 0, 0, , 0, 0, 0, 0, 0, 
85, 0, 92, -1, -1, 115, 92, 178.0, 9, , 48, 0, 0, 0, , 0, 0, 0, 0, 0, 
86, 0, 93, -1, -1, 137, 109, 182.0, 9, , 25, 0, 0, 0, , 0, 0, 0, 0, 0, 
87, 0, 94, -1, -1, 241, 64, 186.0, 11, , 47, 0, 0, 0, , 0, 0, 0, 0, 0, 
88, 0, 95, -1, -1, 155, 74, 190.0, 9, , 28, 0, 0, 0, , 0, 0, 0, 0, 0, 
89, 0, 97, -1, -1, 323, 102, 188.0, 9, , 28, 0, 0, 0, , 0, 0, 0, 0, 0, 
90, 0, 98, -1, -1, 316, 131, 187.0, 7, , 12, 0, 0, 0, , 0, 0, 0, 0, 0, 
91, 0, 99, -1, -1, 93, 106, 181.0, 11, , 36, 0, 0, 0, , 0, 0, 0, 0, 0, 
92, 0, 100, -1, -1, 142, 94, 195.0, 9, , 45, 0, 0, 0, , 0, 0, 0, 0, 0, 
93, 0, 101, -1, -1, 171, 94, 210.0, 9, , 12, 0, 0, 0, , 0, 0, 0, 0, 0, 
94, 0, 102, -1, -1, 156, 134, 210.0, 9, , 33, 0, 0, 0, , 0, 0, 0, 0, 0, 
95, 0, 103, -1, -1, 121, 99, 124.0, 11, , 89, 0, 0, 0, , 0, 0, 0, 0, 0, 
96, 0, 104, -1, -1, 294, 120, 190.0, 9, , 55, 0, 0, 0, , 0, 0, 0, 0, 0, 
97, 0, 105, -1, -1, 166, 124, 207.0, 9, , 22, 0, 0, 0, , 0, 0, 0, 0, 0, 
98, 0, 106, -1, -1, 109, 123, 54.0, 9, , 15, 0, 0, 0, , 0, 0, 0, 0, 0, 
99, 0, 107, -1, -1, 176, 107, 94.0, 11, , 116, 0, 0, 0, , 0, 0, 0, 0, 0, 
100, 0, 108, -1, -1, 124, 177, 119.0, 9, , 30, 0, 0, 0, , 0, 0, 0, 0, 0, 
101, 0, 109, -1, -1, 116, 167, 129.0, 9, , 22, 0, 0, 0, , 0, 0, 0, 0, 0, 
102, 0, 110, -1, -1, 261, 41, 136.0, 9, , 12, 0, 0, 0, , 0, 0, 0, 0, 0, 
103, 0, 111, -1, -1, 89, 122, 126.0, 9, , 32, 0, 0, 0, , 0, 0, 0, 0, 0, 
104, 0, 112, -1, -1, 140, 180, 125.0, 9, , 39, 0, 0, 0, , 0, 0, 0, 0, 0, 
105, 0, 113, -1, -1, 111, 77, 140.0, 9, , 35, 0, 0, 0, , 0, 0, 0, 0, 0, 
106, 0, 114, -1, -1, 192, 113, 149.0, 13, , 31, 0, 0, 0, , 0, 0, 0, 0, 0, 
107, 0, 115, -1, -1, 161, 156, 151.0, 9, , 43, 0, 0, 0, , 0, 0, 0, 0, 0, 
108, 0, 116, -1, -1, 192, 111, 155.0, 11, , 33, 0, 0, 0, , 0, 0, 0, 0, 0, 
109, 0, 117, -1, -1, 151, 143, 158.0, 9, , 40, 0, 0, 0, , 0, 0, 0, 0, 0, 
110, 0, 118, -1, -1, 174, 96, 160.0, 9, , 28, 0, 0, 0, , 0, 0, 0, 0, 0, 
111, 0, 119, -1, -1, 325, 83, 159.0, 11, , 49, 0, 0, 0, , 0, 0, 0, 0, 0, 
112, 0, 120, -1, -1, 150, 143, 160.0, 7, , 15, 0, 0, 0, , 0, 0, 0, 0, 0, 
113, 0, 121, -1, -1, 282, 112, 164.0, 9, , 31, 0, 0, 0, , 0, 0, 0, 0, 0, 
114, 0, 122, -1, -1, 81, 122, 171.0, 9, , 43, 0, 0, 0, , 0, 0, 0, 0, 0, 
115, 0, 123, -1, -1, 194, 145, 179.0, 11, , 68, 0, 0, 0, , 0, 0, 0, 0, 0, 
116, 0, 124, -1, -1, 245, 65, 180.0, 9, , 20, 0, 0, 0, , 0, 0, 0, 0, 0, 
117, 0, 125, -1, -1, 238, 65, 180.0, 9, , 40, 0, 0, 0, , 0, 0, 0, 0, 0, 
118, 0, 126, -1, -1, 292, 116, 190.0, 9, , 38, 0, 0, 0, , 0, 0, 0, 0, 0, 
119, 0, 127, -1, -1, 161, 86, 194.0, 7, , 20, 0, 0, 0, , 0, 0, 0, 0, 0, 
120, 0, 128, -1, -1, 291, 129, 190.0, 9, , 35, 0, 0, 0, , 0, 0, 0, 0, 0, 
121, 0, 129, -1, -1, 282, 92, 193.0, 9, , 14, 0, 0, 0, , 0, 0, 0, 0, 0, 
122, 0, 130, -1, -1, 264, 149, 190.0, 7, , 25, 0, 0, 0, , 0, 0, 0, 0, 0, 
123, 0, 131, -1, -1, 296, 121, 192.0, 9, , 51, 0, 0, 0, , 0, 0, 0, 0, 0, 
124, 0, 132, -1, -1, 281, 97, 199.0, 7, , 3, 0, 0, 0, , 0, 0, 0, 0, 0, 
125, 0, 133, -1, -1, 143, 91, 107.0, 9, , 31, 0, 0, 0, , 0, 0, 0, 0, 0, 
126, 0, 134, -1, -1, 86, 154, 109.0, 9, , 86, 0, 0, 0, , 0, 0, 0, 0, 0, 
127, 0, 135, -1, -1, 123, 88, 118.0, 9, , 55, 0, 0, 0, , 0, 0, 0, 0, 0, 
128, 0, 136, -1, -1, 296, 178, 129.0, 7, , 17, 0, 0, 0, , 0, 0, 0, 0, 0, 
129, 0, 137, -1, -1, 216, 159, 150.0, 9, , 37, 0, 0, 0, , 0, 0, 0, 0, 0, 
130, 0, 138, -1, -1, 114, 168, 151.0, 13, , 53, 0, 0, 0, , 0, 0, 0, 0, 0, 
131, 0, 139, -1, -1, 215, 159, 152.0, 7, , 29, 0, 0, 0, , 0, 0, 0, 0, 0, 
132, 0, 140, -1, -1, 240, 64, 178.0, 13, , 240, 0, 0, 0, , 0, 0, 0, 0, 0, 
133, 0, 141, -1, -1, 221, 75, 190.0, 7, , 25, 0, 0, 0, , 0, 0, 0, 0, 0, 
134, 0, 142, -1, -1, 181, 149, 189.0, 7, , 27, 0, 0, 0, , 0, 0, 0, 0, 0, 
135, 0, 143, -1, -1, 176, 108, 86.0, 9, , 42, 0, 0, 0, , 0, 0, 0, 0, 0, 
136, 0, 144, -1, -1, 295, 179, 124.0, 9, , 16, 0, 0, 0, , 0, 0, 0, 0, 0, 
137, 0, 145, -1, -1, 143, 119, 148.0, 9, , 55, 0, 0, 0, , 0, 0, 0, 0, 0, 
138, 0, 146, -1, -1, 192, 143, 181.0, 9, , 47, 0, 0, 0, , 0, 0, 0, 0, 0, 
139, 0, 147, -1, -1, 187, 140, 199.0, 9, , 34, 0, 0, 0, , 0, 0, 0, 0, 0, 
140, 0, 148, -1, -1, 92, 107, 174.0, 11, , 77, 0, 0, 0, , 0, 0, 0, 0, 0, 
141, 0, 149, -1, -1, 211, 140, 159.0, 11, , 145, 0, 0, 0, , 0, 0, 0, 0, 0, 
142, 0, 150, -1, -1, 242, 63, 175.0, 11, , 52, 0, 0, 0, , 0, 0, 0, 0, 0, 
143, 0, 151, -1, -1, 145, 91, 103.0, 7, , 17, 0, 0, 0, , 0, 0, 0, 0, 0, 
144, 0, 152, -1, -1, 140, 156, 98.0, 11, , 103, 0, 0, 0, , 0, 0, 0, 0, 0, 
145, 0, 153, -1, -1, 131, 135, 142.0, 11, , 41, 0, 0, 0, , 0, 0, 0, 0, 0, 
146, 0, 154, -1, -1, 65, 124, 153.0, 9, , 35, 0, 0, 0, , 0, 0, 0, 0, 0, 
147, 0, 155, -1, -1, 142, 92, 158.0, 7, , 24, 0, 0, 0, , 0, 0, 0, 0, 0, 
148, 0, 156, -1, -1, 137, 64, 158.0, 9, , 122, 0, 0, 0, , 0, 0, 0, 0, 0, 
149, 0, 157, -1, -1, 157, 91, 168.0, 9, , 38, 0, 0, 0, , 0, 0, 0, 0, 0, 
150, 0, 158, -1, -1, 128, 138, 165.0, 9, , 67, 0, 0, 0, , 0, 0, 0, 0, 0, 
151, 0, 159, -1, -1, 228, 46, 175.0, 9, , 9, 0, 0, 0, , 0, 0, 0, 0, 0, 
152, 0, 160, -1, -1, 300, 67, 180.0, 9, , 32, 0, 0, 0, , 0, 0, 0, 0, 0, 
153, 0, 161, -1, -1, 120, 93, 181.0, 9, , 47, 0, 0, 0, , 0, 0, 0, 0, 0, 
154, 0, 162, -1, -1, 94, 103, 185.0, 11, , 61, 0, 0, 0, , 0, 0, 0, 0, 0, 
155, 0, 163, -1, -1, 183, 67, 190.0, 9, , 60, 0, 0, 0, , 0, 0, 0, 0, 0, 
156, 0, 164, -1, -1, 178, 148, 196.0, 9, , 17, 0, 0, 0, , 0, 0, 0, 0, 0, 
157, 0, 165, -1, -1, 156, 69, 208.0, 9, , 38, 0, 0, 0, , 0, 0, 0, 0, 0, 
158, 0, 166, -1, -1, 158, 112, 135.0, 9, , 54, 0, 0, 0, , 0, 0, 0, 0, 0, 
159, 0, 167, -1, -1, 217, 141, 137.0, 11, , 57, 0, 0, 0, , 0, 0, 0, 0, 0, 
160, 0, 168, -1, -1, 160, 88, 209.0, 11, , 26, 0, 0, 0, , 0, 0, 0, 0, 0, 
161, 0, 169, -1, -1, 158, 95, 203.0, 9, , 35, 0, 0, 0, , 0, 0, 0, 0, 0, 
162, 0, 170, -1, -1, 126, 75, 165.0, 9, , 6, 0, 0, 0, , 0, 0, 0, 0, 0, 
163, 0, 171, -1, -1, 131, 127, 76.0, 9, , 75, 0, 0, 0, , 0, 0, 0, 0, 0, 
164, 0, 172, -1, -1, 89, 148, 91.0, 9, , 3, 0, 0, 0, , 0, 0, 0, 0, 0, 
165, 0, 173, -1, -1, 178, 111, 114.0, 9, , 51, 0, 0, 0, , 0, 0, 0, 0, 0, 
166, 0, 174, -1, -1, 61, 119, 145.0, 7, , 14, 0, 0, 0, , 0, 0, 0, 0, 0, 
167, 0, 175, -1, -1, 213, 144, 154.0, 9, , 42, 0, 0, 0, , 0, 0, 0, 0, 0, 
168, 0, 176, -1, -1, 229, 104, 158.0, 7, , 18, 0, 0, 0, , 0, 0, 0, 0, 0, 
169, 0, 177, -1, -1, 198, 141, 170.0, 9, , 10, 0, 0, 0, , 0, 0, 0, 0, 0, 
170, 0, 178, -1, -1, 96, 87, 178.0, 9, , 47, 0, 0, 0, , 0, 0, 0, 0, 0, 
171, 0, 179, -1, -1, 124, 59, 186.0, 9, , 28, 0, 0, 0, , 0, 0, 0, 0, 0, 
172, 0, 180, -1, -1, 276, 81, 183.0, 9, , 24, 0, 0, 0, , 0, 0, 0, 0, 0, 
173, 0, 181, -1, -1, 215, 75, 186.0, 9, , 42, 0, 0, 0, , 0, 0, 0, 0, 0, 
174, 0, 182, -1, -1, 180, 148, 191.0, 7, , 28, 0, 0, 0, , 0, 0, 0, 0, 0, 
175, 0, 183, -1, -1, 139, 73, 194.0, 9, , 22, 0, 0, 0, , 0, 0, 0, 0, 0, 
176, 0, 184, -1, -1, 153, 101, 147.0, 7, , 28, 0, 0, 0, , 0, 0, 0, 0, 0, 
177, 0, 185, -1, -1, 216, 160, 145.0, 9, , 48, 0, 0, 0, , 0, 0, 0, 0, 0, 
178, 0, 186, -1, -1, 129, 172, 149.0, 7, , 12, 0, 0, 0, , 0, 0, 0, 0, 0, 
179, 0, 187, -1, -1, 121, 157, 153.0, 9, , 24, 0, 0, 0, , 0, 0, 0, 0, 0, 
180, 0, 188, -1, -1, 128, 88, 162.0, 9, , 37, 0, 0, 0, , 0, 0, 0, 0, 0, 
181, 0, 189, -1, -1, 272, 77, 179.0, 9, , 57, 0, 0, 0, , 0, 0, 0, 0, 0, 
182, 0, 190, -1, -1, 78, 103, 181.0, 11, , 56, 0, 0, 0, , 0, 0, 0, 0, 0, 
183, 0, 191, -1, -1, 295, 72, 181.0, 9, , 5, 0, 0, 0, , 0, 0, 0, 0, 0, 
184, 0, 192, -1, -1, 112, 116, 195.0, 7, , 14, 0, 0, 0, , 0, 0, 0, 0, 0, 
185, 0, 193, -1, -1, 143, 117, 159.0, 9, , 63, 0, 0, 0, , 0, 0, 0, 0, 0, 
186, 0, 195, -1, -1, 132, 176, 117.0, 9, , 16, 0, 0, 0, , 0, 0, 0, 0, 0, 
187, 0, 197, -1, -1, 92, 63, 166.0, 9, , 24, 0, 0, 0, , 0, 0, 0, 0, 0, 
188, 0, 198, -1, -1, 260, 118, 176.0, 9, , 33, 0, 0, 0, , 0, 0, 0, 0, 0, 
189, 0, 199, -1, -1, 141, 135, 82.0, 9, , 17, 0, 0, 0, , 0, 0, 0, 0, 0, 
190, 0, 200, -1, -1, 145, 182, 126.0, 9, , 70, 0, 0, 0, , 0, 0, 0, 0, 0, 
191, 0, 201, -1, -1, 153, 102, 149.0, 9, , 42, 0, 0, 0, , 0, 0, 0, 0, 0, 
192, 0, 202, -1, -1, 110, 141, 155.0, 9, , 10, 0, 0, 0, , 0, 0, 0, 0, 0, 
193, 0, 203, -1, -1, 272, 115, 163.0, 11, , 63, 0, 0, 0, , 0, 0, 0, 0, 0, 
194, 0, 204, -1, -1, 305, 158, 97.0, 9, , 49, 0, 0, 0, , 0, 0, 0, 0, 0, 
195, 0, 205, -1, -1, 253, 37, 140.0, 11, , 22, 0, 0, 0, , 0, 0, 0, 0, 0, 
196, 0, 206, -1, -1, 179, 104, 142.0, 9, , 35, 0, 0, 0, , 0, 0, 0, 0, 0, 
197, 0, 207, -1, -1, 132, 88, 150.0, 9, , 70, 0, 0, 0, , 0, 0, 0, 0, 0, 
198, 0, 208, -1, -1, 221, 132, 156.0, 9, , 60, 0, 0, 0, , 0, 0, 0, 0, 0, 
199, 0, 209, -1, -1, 135, 62, 165.0, 9, , 105, 0, 0, 0, , 0, 0, 0, 0, 0, 
200, 0, 210, -1, -1, 283, 158, 176.0, 9, , 33, 0, 0, 0, , 0, 0, 0, 0, 0, 
201, 0, 211, -1, -1, 275, 80, 187.0, 11, , 106, 0, 0, 0, , 0, 0, 0, 0, 0, 
202, 0, 212, -1, -1, 161, 85, 190.0, 9, , 45, 0, 0, 0, , 0, 0, 0, 0, 0, 
203, 0, 213, -1, -1, 128, 83, 198.0, 9, , 25, 0, 0, 0, , 0, 0, 0, 0, 0, 
204, 0, 214, -1, -1, 174, 97, 203.0, 9, , 40, 0, 0, 0, , 0, 0, 0, 0, 0, 
205, 0, 215, -1, -1, 287, 111, 206.0, 11, , 44, 0, 0, 0, , 0, 0, 0, 0, 0, 
206, 0, 216, -1, -1, 150, 114, 204.0, 7, , 24, 0, 0, 0, , 0, 0, 0, 0, 0, 
207, 0, 217, -1, -1, 281, 119, 163.0, 9, , 52, 0, 0, 0, , 0, 0, 0, 0, 0, 
208, 0, 218, -1, -1, 262, 117, 174.0, 7, , 21, 0, 0, 0, , 0, 0, 0, 0, 0, 
209, 0, 219, -1, -1, 131, 128, 81.0, 11, , 44, 0, 0, 0, , 0, 0, 0, 0, 0, 
210, 0, 220, -1, -1, 101, 170, 103.0, 9, , 52, 0, 0, 0, , 0, 0, 0, 0, 0, 
211, 0, 221, -1, -1, 120, 140, 125.0, 11, , 36, 0, 0, 0, , 0, 0, 0, 0, 0, 
212, 0, 222, -1, -1, 154, 134, 126.0, 9, , 42, 0, 0, 0, , 0, 0, 0, 0, 0, 
213, 0, 223, -1, -1, 216, 142, 142.0, 11, , 92, 0, 0, 0, , 0, 0, 0, 0, 0, 
214, 0, 224, -1, -1, 100, 162, 158.0, 9, , 64, 0, 0, 0, , 0, 0, 0, 0, 0, 
215, 0, 225, -1, -1, 111, 132, 158.0, 9, , 43, 0, 0, 0, , 0, 0, 0, 0, 0, 
216, 0, 226, -1, -1, 138, 70, 202.0, 9, , 18, 0, 0, 0, , 0, 0, 0, 0, 0, 
217, 0, 227, -1, -1, 300, 173, 130.0, 9, , 22, 0, 0, 0, , 0, 0, 0, 0, 0, 
218, 0, 228, -1, -1, 134, 109, 150.0, 13, , 164, 0, 0, 0, , 0, 0, 0, 0, 0, 
219, 0, 229, -1, -1, 199, 143, 171.0, 9, , 19, 0, 0, 0, , 0, 0, 0, 0, 0, 
220, 0, 230, -1, -1, 133, 155, 187.0, 9, , 55, 0, 0, 0, , 0, 0, 0, 0, 0, 
221, 0, 231, -1, -1, 308, 155, 92.0, 7, , 34, 0, 0, 0, , 0, 0, 0, 0, 0, 
222, 0, 232, -1, -1, 218, 141, 132.0, 9, , 33, 0, 0, 0, , 0, 0, 0, 0, 0, 
223, 0, 233, -1, -1, 197, 173, 138.0, 9, , 62, 0, 0, 0, , 0, 0, 0, 0, 0, 
224, 0, 234, -1, -1, 62, 120, 148.0, 9, , 34, 0, 0, 0, , 0, 0, 0, 0, 0, 
225, 0, 235, -1, -1, 149, 160, 166.0, 9, , 51, 0, 0, 0, , 0, 0, 0, 0, 0, 
226, 0, 236, -1, -1, 102, 163, 164.0, 7, , 17, 0, 0, 0, , 0, 0, 0, 0, 0, 
227, 0, 237, -1, -1, 100, 163, 160.0, 9, , 35, 0, 0, 0, , 0, 0, 0, 0, 0, 
228, 0, 238, -1, -1, 252, 116, 168.0, 9, , 39, 0, 0, 0, , 0, 0, 0, 0, 0, 
229, 0, 239, -1, -1, 283, 160, 171.0, 9, , 30, 0, 0, 0, , 0, 0, 0, 0, 0, 
230, 0, 240, -1, -1, 263, 111, 170.0, 9, , 28, 0, 0, 0, , 0, 0, 0, 0, 0, 
231, 0, 241, -1, -1, 75, 104, 175.0, 9, , 51, 0, 0, 0, , 0, 0, 0, 0, 0, 
232, 0, 242, -1, -1, 288, 158, 184.0, 7, , 27, 0, 0, 0, , 0, 0, 0, 0, 0, 
233, 0, 243, -1, -1, 273, 157, 185.0, 9, , 31, 0, 0, 0, , 0, 0, 0, 0, 0, 
234, 0, 244, -1, -1, 156, 138, 201.0, 7, , 18, 0, 0, 0, , 0, 0, 0, 0, 0, 
235, 0, 245, -1, -1, 131, 131, 136.0, 11, , 126, 0, 0, 0, , 0, 0, 0, 0, 0, 
236, 0, 246, -1, -1, 153, 123, 156.0, 9, , 77, 0, 0, 0, , 0, 0, 0, 0, 0, 
237, 0, 248, -1, -1, 160, 111, 132.0, 9, , 23, 0, 0, 0, , 0, 0, 0, 0, 0, 
238, 0, 249, -1, -1, 160, 109, 127.0, 9, , 39, 0, 0, 0, , 0, 0, 0, 0, 0, 
239, 0, 250, -1, -1, 136, 180, 148.0, 7, , 29, 0, 0, 0, , 0, 0, 0, 0, 0, 
240, 0, 251, -1, -1, 191, 115, 73.0, 9, , 25, 0, 0, 0, , 0, 0, 0, 0, 0, 
241, 0, 252, -1, -1, 57, 95, 115.0, 9, , 18, 0, 0, 0, , 0, 0, 0, 0, 0, 
242, 0, 253, -1, -1, 128, 104, 127.0, 9, , 24, 0, 0, 0, , 0, 0, 0, 0, 0, 
243, 0, 254, -1, -1, 56, 93, 124.0, 9, , 52, 0, 0, 0, , 0, 0, 0, 0, 0, 
244, 0, 255, -1, -1, 125, 143, 130.0, 9, , 26, 0, 0, 0, , 0, 0, 0, 0, 0, 
245, 0, 256, -1, -1, 142, 180, 132.0, 9, , 65, 0, 0, 0, , 0, 0, 0, 0, 0, 
246, 0, 257, -1, -1, 157, 111, 141.0, 11, , 114, 0, 0, 0, , 0, 0, 0, 0, 0, 
247, 0, 258, -1, -1, 324, 80, 155.0, 9, , 12, 0, 0, 0, , 0, 0, 0, 0, 0, 
248, 0, 259, -1, -1, 289, 156, 166.0, 9, , 19, 0, 0, 0, , 0, 0, 0, 0, 0, 
249, 0, 260, -1, -1, 117, 119, 167.0, 9, , 24, 0, 0, 0, , 0, 0, 0, 0, 0, 
250, 0, 261, -1, -1, 84, 129, 174.0, 9, , 19, 0, 0, 0, , 0, 0, 0, 0, 0, 
251, 0, 262, -1, -1, 224, 47, 181.0, 7, , 13, 0, 0, 0, , 0, 0, 0, 0, 0, 
252, 0, 263, -1, -1, 232, 45, 181.0, 9, , 33, 0, 0, 0, , 0, 0, 0, 0, 0, 
253, 0, 264, -1, -1, 264, 150, 183.0, 9, , 20, 0, 0, 0, , 0, 0, 0, 0, 0, 
254, 0, 265, -1, -1, 126, 120, 188.0, 9, , 44, 0, 0, 0, , 0, 0, 0, 0, 0, 
255, 0, 266, -1, -1, 188, 140, 195.0, 9, , 125, 0, 0, 0, , 0, 0, 0, 0, 0, 
256, 0, 267, -1, -1, 279, 95, 191.0, 13, , 101, 0, 0, 0, , 0, 0, 0, 0, 0, 
257, 0, 268, -1, -1, 154, 117, 208.0, 9, , 41, 0, 0, 0, , 0, 0, 0, 0, 0, 
258, 0, 270, -1, -1, 86, 156, 114.0, 9, , 47, 0, 0, 0, , 0, 0, 0, 0, 0, 
259, 0, 271, -1, -1, 197, 171, 131.0, 11, , 46, 0, 0, 0, , 0, 0, 0, 0, 0, 
260, 0, 272, -1, -1, 136, 112, 143.0, 9, , 53, 0, 0, 0, , 0, 0, 0, 0, 0, 
261, 0, 273, -1, -1, 156, 92, 155.0, 9, , 97, 0, 0, 0, , 0, 0, 0, 0, 0, 
262, 0, 274, -1, -1, 104, 160, 148.0, 7, , 23, 0, 0, 0, , 0, 0, 0, 0, 0, 
263, 0, 275, -1, -1, 182, 61, 187.0, 9, , 32, 0, 0, 0, , 0, 0, 0, 0, 0, 
264, 0, 276, -1, -1, 124, 102, 122.0, 9, , 41, 0, 0, 0, , 0, 0, 0, 0, 0, 
265, 0, 277, -1, -1, 85, 128, 129.0, 9, , 21, 0, 0, 0, , 0, 0, 0, 0, 0, 
266, 0, 278, -1, -1, 130, 133, 140.0, 13, , 101, 0, 0, 0, , 0, 0, 0, 0, 0, 
267, 0, 279, -1, -1, 153, 101, 145.0, 7, , 14, 0, 0, 0, , 0, 0, 0, 0, 0, 
268, 0, 280, -1, -1, 206, 151, 148.0, 7, , 6, 0, 0, 0, , 0, 0, 0, 0, 0, 
269, 0, 281, -1, -1, 117, 151, 158.0, 7, , 25, 0, 0, 0, , 0, 0, 0, 0, 0, 
270, 0, 282, -1, -1, 154, 148, 160.0, 9, , 89, 0, 0, 0, , 0, 0, 0, 0, 0, 
271, 0, 283, -1, -1, 112, 149, 168.0, 11, , 32, 0, 0, 0, , 0, 0, 0, 0, 0, 
272, 0, 284, -1, -1, 146, 72, 177.0, 11, , 42, 0, 0, 0, , 0, 0, 0, 0, 0, 
273, 0, 285, -1, -1, 133, 156, 182.0, 9, , 45, 0, 0, 0, , 0, 0, 0, 0, 0, 
274, 0, 286, -1, -1, 121, 58, 188.0, 9, , 20, 0, 0, 0, , 0, 0, 0, 0, 0, 
275, 0, 287, -1, -1, 89, 106, 186.0, 9, , 21, 0, 0, 0, , 0, 0, 0, 0, 0, 
276, 0, 288, -1, -1, 138, 135, 187.0, 11, , 77, 0, 0, 0, , 0, 0, 0, 0, 0, 
277, 0, 289, -1, -1, 191, 146, 189.0, 9, , 41, 0, 0, 0, , 0, 0, 0, 0, 0, 
278, 0, 290, -1, -1, 122, 100, 194.0, 7, , 17, 0, 0, 0, , 0, 0, 0, 0, 0, 
279, 0, 291, -1, -1, 113, 168, 160.0, 9, , 36, 0, 0, 0, , 0, 0, 0, 0, 0, 
280, 0, -1, -1, -1, 167, 163, 92.0, 11, , 57, 0, 0, 0, , 0, 0, 0, 0, 0, 
281, 0, -1, -1, -1, 86, 148, 94.0, 11, , 15, 0, 0, 0, , 0, 0, 0, 0, 0, 
282, 0, -1, -1, -1, 126, 175, 135.0, 11, , 31, 0, 0, 0, , 0, 0, 0, 0, 0, 
283, 0, -1, -1, -1, 214, 34, 153.0, 13, , 67, 0, 0, 0, , 0, 0, 0, 0, 0, 
284, 0, -1, -1, -1, 138, 104, 169.0, 7, , 20, 0, 0, 0, , 0, 0, 0, 0, 0, 
285, 0, -1, -1, -1, 186, 162, 171.0, 11, , 83, 0, 0, 0, , 0, 0, 0, 0, 0, 
286, 0, -1, -1, -1, 165, 166, 173.0, 9, , 43, 0, 0, 0, , 0, 0, 0, 0, 0, 
287, 0, -1, -1, -1, 168, 78, 198.0, 11, , 66, 0, 0, 0, , 0, 0, 0, 0, 0, 
288, 0, -1, -1, -1, 168, 150, 200.0, 9, , 78, 0, 0, 0, , 0, 0, 0, 0, 0, 
289, 0, -1, -1, -1, 179, 57, 124.0, 9, , 47, 0, 0, 0, , 0, 0, 0, 0, 0, 
290, 0, -1, -1, -1, 86, 121, 135.0, 11, , 86, 0, 0, 0, , 0, 0, 0, 0, 0, 
291, 0, -1, -1, -1, 124, 121, 176.0, 9, , 47, 0, 0, 0, , 0, 0, 0, 0, 0, 
292, 0, -1, -1, -1, 316, 131, 190.0, 7, , 25, 0, 0, 0, , 0, 0, 0, 0, 0, 
293, 0, -1, -1, -1, 124, 100, 191.0, 9, , 47, 0, 0, 0, , 0, 0, 0, 0, 0, 
294, 0, -1, -1, -1, 168, 153, 64.0, 11, , 30, 0, 0, 0, , 0, 0, 0, 0, 0, 
295, 0, -1, -1, -1, 165, 154, 69.0, 11, , 24, 0, 0, 0, , 0, 0, 0, 0, 0, 
296, 0, -1, -1, -1, 168, 117, 72.0, 9, , 8, 0, 0, 0, , 0, 0, 0, 0, 0, 
297, 0, -1, -1, -1, 170, 91, 82.0, 7, , 11, 0, 0, 0, , 0, 0, 0, 0, 0, 
298, 0, -1, -1, -1, 165, 163, 83.0, 9, , 28, 0, 0, 0, , 0, 0, 0, 0, 0, 
299, 0, -1, -1, -1, 208, 135, 84.0, 7, , 13, 0, 0, 0, , 0, 0, 0, 0, 0, 
300, 0, -1, -1, -1, 86, 100, 85.0, 9, , 11, 0, 0, 0, , 0, 0, 0, 0, 0, 
301, 0, -1, -1, -1, 209, 141, 87.0, 9, , 32, 0, 0, 0, , 0, 0, 0, 0, 0, 
302, 0, -1, -1, -1, 57, 111, 89.0, 9, , 15, 0, 0, 0, , 0, 0, 0, 0, 0, 
303, 0, -1, -1, -1, 167, 163, 95.0, 7, , 22, 0, 0, 0, , 0, 0, 0, 0, 0, 
304, 0, -1, -1, -1, 304, 158, 100.0, 9, , 33, 0, 0, 0, , 0, 0, 0, 0, 0, 
305, 0, -1, -1, -1, 163, 65, 102.0, 9, , 18, 0, 0, 0, , 0, 0, 0, 0, 0, 
306, 0, -1, -1, -1, 164, 66, 105.0, 9, , 15, 0, 0, 0, , 0, 0, 0, 0, 0, 
307, 0, -1, -1, -1, 98, 143, 106.0, 9, , 24, 0, 0, 0, , 0, 0, 0, 0, 0, 
308, 0, -1, -1, -1, 123, 87, 106.0, 9, , 35, 0, 0, 0, , 0, 0, 0, 0, 0, 
309, 0, -1, -1, -1, 89, 102, 108.0, 9, , 16, 0, 0, 0, , 0, 0, 0, 0, 0, 
310, 0, -1, -1, -1, 59, 124, 110.0, 9, , 5, 0, 0, 0, , 0, 0, 0, 0, 0, 
311, 0, -1, -1, -1, 148, 168, 110.0, 7, , 14, 0, 0, 0, , 0, 0, 0, 0, 0, 
312, 0, -1, -1, -1, 167, 94, 110.0, 11, , 9, 0, 0, 0, , 0, 0, 0, 0, 0, 
313, 0, -1, -1, -1, 151, 163, 111.0, 9, , 4, 0, 0, 0, , 0, 0, 0, 0, 0, 
314, 0, -1, -1, -1, 122, 142, 113.0, 11, , 13, 0, 0, 0, , 0, 0, 0, 0, 0, 
315, 0, -1, -1, -1, 72, 138, 114.0, 9, , 25, 0, 0, 0, , 0, 0, 0, 0, 0, 
316, 0, -1, -1, -1, 126, 53, 114.0, 11, , 7, 0, 0, 0, , 0, 0, 0, 0, 0, 
317, 0, -1, -1, -1, 57, 123, 115.0, 9, , 26, 0, 0, 0, , 0, 0, 0, 0, 0, 
318, 0, -1, -1, -1, 120, 138, 121.0, 9, , 48, 0, 0, 0, , 0, 0, 0, 0, 0, 
319, 0, -1, -1, -1, 131, 176, 121.0, 7, , 23, 0, 0, 0, , 0, 0, 0, 0, 0, 
320, 0, -1, -1, -1, 125, 52, 122.0, 9, , 13, 0, 0, 0, , 0, 0, 0, 0, 0, 
321, 0, -1, -1, -1, 275, 169, 124.0, 9, , 5, 0, 0, 0, , 0, 0, 0, 0, 0, 
322, 0, -1, -1, -1, 165, 146, 127.0, 7, , 8, 0, 0, 0, , 0, 0, 0, 0, 0, 
323, 0, -1, -1, -1, 295, 179, 127.0, 7, , 32, 0, 0, 0, , 0, 0, 0, 0, 0, 
324, 0, -1, -1, -1, 259, 133, 129.0, 9, , 16, 0, 0, 0, , 0, 0, 0, 0, 0, 
325, 0, -1, -1, -1, 288, 129, 130.0, 9, , 11, 0, 0, 0, , 0, 0, 0, 0, 0, 
326, 0, -1, -1, -1, 156, 132, 132.0, 9, , 17, 0, 0, 0, , 0, 0, 0, 0, 0, 
327, 0, -1, -1, -1, 119, 89, 133.0, 9, , 37, 0, 0, 0, , 0, 0, 0, 0, 0, 
328, 0, -1, -1, -1, 196, 171, 133.0, 9, , 36, 0, 0, 0, , 0, 0, 0, 0, 0, 
329, 0, -1, -1, -1, 111, 154, 134.0, 9, , 20, 0, 0, 0, , 0, 0, 0, 0, 0, 
330, 0, -1, -1, -1, 254, 38, 134.0, 7, , 18, 0, 0, 0, , 0, 0, 0, 0, 0, 
331, 0, -1, -1, -1, 297, 175, 136.0, 9, , 49, 0, 0, 0, , 0, 0, 0, 0, 0, 
332, 0, -1, -1, -1, 156, 111, 138.0, 9, , 82, 0, 0, 0, , 0, 0, 0, 0, 0, 
333, 0, -1, -1, -1, 253, 37, 138.0, 9, , 35, 0, 0, 0, , 0, 0, 0, 0, 0, 
334, 0, -1, -1, -1, 85, 121, 139.0, 9, , 61, 0, 0, 0, , 0, 0, 0, 0, 0, 
335, 0, -1, -1, -1, 175, 104, 139.0, 9, , 13, 0, 0, 0, , 0, 0, 0, 0, 0, 
336, 0, -1, -1, -1, 218, 30, 140.0, 7, , 12, 0, 0, 0, , 0, 0, 0, 0, 0, 
337, 0, -1, -1, -1, 84, 126, 143.0, 11, , 50, 0, 0, 0, , 0, 0, 0, 0, 0, 
338, 0, -1, -1, -1, 114, 144, 143.0, 9, , 11, 0, 0, 0, , 0, 0, 0, 0, 0, 
339, 0, -1, -1, -1, 107, 145, 144.0, 9, , 10, 0, 0, 0, , 0, 0, 0, 0, 0, 
340, 0, -1, -1, -1, 193, 115, 145.0, 9, , 7, 0, 0, 0, , 0, 0, 0, 0, 0, 
341, 0, -1, -1, -1, 177, 105, 146.0, 9, , 48, 0, 0, 0, , 0, 0, 0, 0, 0, 
342, 0, -1, -1, -1, 214, 140, 146.0, 9, , 31, 0, 0, 0, , 0, 0, 0, 0, 0, 
343, 0, -1, -1, -1, 143, 58, 147.0, 13, , 32, 0, 0, 0, , 0, 0, 0, 0, 0, 
344, 0, -1, -1, -1, 161, 154, 148.0, 9, , 52, 0, 0, 0, , 0, 0, 0, 0, 0, 
345, 0, -1, -1, -1, 217, 159, 148.0, 9, , 53, 0, 0, 0, , 0, 0, 0, 0, 0, 
346, 0, -1, -1, -1, 193, 115, 149.0, 9, , 22, 0, 0, 0, , 0, 0, 0, 0, 0, 
347, 0, -1, -1, -1, 223, 132, 151.0, 9, , 22, 0, 0, 0, , 0, 0, 0, 0, 0, 
348, 0, -1, -1, -1, 205, 148, 153.0, 11, , 47, 0, 0, 0, , 0, 0, 0, 0, 0, 
349, 0, -1, -1, -1, 229, 104, 155.0, 9, , 33, 0, 0, 0, , 0, 0, 0, 0, 0, 
350, 0, -1, -1, -1, 256, 105, 155.0, 9, , 4, 0, 0, 0, , 0, 0, 0, 0, 0, 
351, 0, -1, -1, -1, 249, 162, 158.0, 11, , 27, 0, 0, 0, , 0, 0, 0, 0, 0, 
352, 0, -1, -1, -1, 264, 123, 158.0, 9, , 17, 0, 0, 0, , 0, 0, 0, 0, 0, 
353, 0, -1, -1, -1, 128, 143, 159.0, 9, , 6, 0, 0, 0, , 0, 0, 0, 0, 0, 
354, 0, -1, -1, -1, 247, 106, 159.0, 9, , 19, 0, 0, 0, , 0, 0, 0, 0, 0, 
355, 0, -1, -1, -1, 141, 92, 160.0, 9, , 21, 0, 0, 0, , 0, 0, 0, 0, 0, 
356, 0, -1, -1, -1, 129, 136, 162.0, 9, , 8, 0, 0, 0, , 0, 0, 0, 0, 0, 
357, 0, -1, -1, -1, 286, 158, 162.0, 9, , 29, 0, 0, 0, , 0, 0, 0, 0, 0, 
358, 0, -1, -1, -1, 124, 158, 163.0, 7, , 19, 0, 0, 0, , 0, 0, 0, 0, 0, 
359, 0, -1, -1, -1, 283, 105, 164.0, 7, , 13, 0, 0, 0, , 0, 0, 0, 0, 0, 
360, 0, -1, -1, -1, 295, 109, 165.0, 9, , 17, 0, 0, 0, , 0, 0, 0, 0, 0, 
361, 0, -1, -1, -1, 127, 123, 166.0, 9, , 5, 0, 0, 0, , 0, 0, 0, 0, 0, 
362, 0, -1, -1, -1, 131, 157, 167.0, 7, , 31, 0, 0, 0, , 0, 0, 0, 0, 0, 
363, 0, -1, -1, -1, 280, 119, 167.0, 9, , 25, 0, 0, 0, , 0, 0, 0, 0, 0, 
364, 0, -1, -1, -1, 283, 105, 167.0, 9, , 27, 0, 0, 0, , 0, 0, 0, 0, 0, 
365, 0, -1, -1, -1, 111, 53, 168.0, 11, , 15, 0, 0, 0, , 0, 0, 0, 0, 0, 
366, 0, -1, -1, -1, 134, 79, 168.0, 9, , 11, 0, 0, 0, , 0, 0, 0, 0, 0, 
367, 0, -1, -1, -1, 76, 126, 169.0, 7, , 13, 0, 0, 0, , 0, 0, 0, 0, 0, 
368, 0, -1, -1, -1, 203, 142, 169.0, 9, , 52, 0, 0, 0, , 0, 0, 0, 0, 0, 
369, 0, -1, -1, -1, 116, 159, 170.0, 7, , 20, 0, 0, 0, , 0, 0, 0, 0, 0, 
370, 0, -1, -1, -1, 134, 78, 171.0, 9, , 8, 0, 0, 0, , 0, 0, 0, 0, 0, 
371, 0, -1, -1, -1, 152, 161, 171.0, 9, , 6, 0, 0, 0, , 0, 0, 0, 0, 0, 
372, 0, -1, -1, -1, 87, 128, 173.0, 9, , 18, 0, 0, 0, , 0, 0, 0, 0, 0, 
373, 0, -1, -1, -1, 202, 145, 173.0, 9, , 44, 0, 0, 0, , 0, 0, 0, 0, 0, 
374, 0, -1, -1, -1, 120, 163, 174.0, 9, , 9, 0, 0, 0, , 0, 0, 0, 0, 0, 
375, 0, -1, -1, -1, 284, 158, 174.0, 9, , 40, 0, 0, 0, , 0, 0, 0, 0, 0, 
376, 0, -1, -1, -1, 314, 141, 174.0, 11, , 23, 0, 0, 0, , 0, 0, 0, 0, 0, 
377, 0, -1, -1, -1, 91, 107, 177.0, 11, , 125, 0, 0, 0, , 0, 0, 0, 0, 0, 
378, 0, -1, -1, -1, 315, 141, 178.0, 11, , 63, 0, 0, 0, , 0, 0, 0, 0, 0, 
379, 0, -1, -1, -1, 143, 74, 180.0, 9, , 40, 0, 0, 0, , 0, 0, 0, 0, 0, 
380, 0, -1, -1, -1, 257, 149, 180.0, 9, , 15, 0, 0, 0, , 0, 0, 0, 0, 0, 
381, 0, -1, -1, -1, 227, 76, 181.0, 9, , 9, 0, 0, 0, , 0, 0, 0, 0, 0, 
382, 0, -1, -1, -1, 96, 129, 183.0, 11, , 12, 0, 0, 0, , 0, 0, 0, 0, 0, 
383, 0, -1, -1, -1, 142, 73, 183.0, 9, , 46, 0, 0, 0, , 0, 0, 0, 0, 0, 
384, 0, -1, -1, -1, 284, 93, 183.0, 9, , 21, 0, 0, 0, , 0, 0, 0, 0, 0, 
385, 0, -1, -1, -1, 288, 130, 183.0, 9, , 21, 0, 0, 0, , 0, 0, 0, 0, 0, 
386, 0, -1, -1, -1, 257, 150, 184.0, 9, , 35, 0, 0, 0, , 0, 0, 0, 0, 0, 
387, 0, -1, -1, -1, 112, 135, 185.0, 7, , 13, 0, 0, 0, , 0, 0, 0, 0, 0, 
388, 0, -1, -1, -1, 132, 64, 185.0, 7, , 12, 0, 0, 0, , 0, 0, 0, 0, 0, 
389, 0, -1, -1, -1, 287, 132, 188.0, 11, , 56, 0, 0, 0, , 0, 0, 0, 0, 0, 
390, 0, -1, -1, -1, 118, 102, 189.0, 9, , 38, 0, 0, 0, , 0, 0, 0, 0, 0, 
391, 0, -1, -1, -1, 176, 141, 195.0, 7, , 16, 0, 0, 0, , 0, 0, 0, 0, 0, 
392, 0, -1, -1, -1, 91, 105, 198.0, 11, , 27, 0, 0, 0, , 0, 0, 0, 0, 0, 
393, 0, -1, -1, -1, 139, 73, 198.0, 9, , 46, 0, 0, 0, , 0, 0, 0, 0, 0, 
394, 0, -1, -1, -1, 159, 96, 200.0, 11, , 56, 0, 0, 0, , 0, 0, 0, 0, 0, 
395, 0, -1, -1, -1, 282, 98, 200.0, 11, , 15, 0, 0, 0, , 0, 0, 0, 0, 0, 
396, 0, -1, -1, -1, 153, 97, 202.0, 9, , 26, 0, 0, 0, , 0, 0, 0, 0, 0, 
397, 0, -1, -1, -1, 289, 111, 202.0, 11, , 55, 0, 0, 0, , 0, 0, 0, 0, 0, 
398, 0, -1, -1, -1, 155, 138, 203.0, 9, , 43, 0, 0, 0, , 0, 0, 0, 0, 0, 
399, 0, -1, -1, -1, 125, 123, 206.0, 11, , 9, 0, 0, 0, , 0, 0, 0, 0, 0, 
400, 0, -1, -1, -1, 157, 91, 206.0, 9, , 26, 0, 0, 0, , 0, 0, 0, 0, 0, 
401, 0, -1, -1, -1, 100, 141, 89.0, 9, , 27, 0, 0, 0, , 0, 0, 0, 0, 0, 
402, 0, -1, -1, -1, 144, 91, 105.0, 7, , 24, 0, 0, 0, , 0, 0, 0, 0, 0, 
403, 0, -1, -1, -1, 222, 131, 143.0, 9, , 20, 0, 0, 0, , 0, 0, 0, 0, 0, 
404, 0, -1, -1, -1, 160, 152, 145.0, 9, , 39, 0, 0, 0, , 0, 0, 0, 0, 0, 
405, 0, -1, -1, -1, 122, 157, 146.0, 7, , 19, 0, 0, 0, , 0, 0, 0, 0, 0, 
406, 0, -1, -1, -1, 107, 151, 158.0, 9, , 14, 0, 0, 0, , 0, 0, 0, 0, 0, 
407, 0, -1, -1, -1, 279, 119, 158.0, 9, , 33, 0, 0, 0, , 0, 0, 0, 0, 0, 
408, 0, -1, -1, -1, 118, 147, 170.0, 9, , 31, 0, 0, 0, , 0, 0, 0, 0, 0, 
409, 0, -1, -1, -1, 324, 102, 185.0, 9, , 44, 0, 0, 0, , 0, 0, 0, 0, 0, 
410, 0, -1, -1, -1, 180, 63, 190.0, 11, , 15, 0, 0, 0, , 0, 0, 0, 0, 0, 
411, 0, -1, -1, -1, 288, 112, 199.0, 9, , 33, 0, 0, 0, , 0, 0, 0, 0, 0, 
412, 0, -1, -1, -1, 132, 127, 72.0, 7, , 19, 0, 0, 0, , 0, 0, 0, 0, 0, 
413, 0, -1, -1, -1, 194, 78, 200.0, 9, , 12, 0, 0, 0, , 0, 0, 0, 0, 0, 
414, 1, 293, 610, -1, 305, 97, 133.0, 14, Eprpa, 0, 0, 0, 0, , 0, 0, 0, 0, 0, 
415, 1, 294, 611, -1, 242, 65, 181.0, 15, ABprappaap, 0, 0, 0, 0, , 0, 0, 0, 0, 0, 
416, 1, 295, 612, -1, 130, 130, 78.0, 15, ABplpaapaaa, 0, 0, 0, 0, , 0, 0, 0, 0, 0, 
417, 1, 296, 613, -1, 96, 145, 71.2, 15, ABplaaappa, 0, 0, 0, 0, , 0, 0, 0, 0, 0, 
418, 1, 297, 614, -1, 121, 124, 59.0, 16, ABplaaappp, 0, 0, 0, 0, , 0, 0, 0, 0, 0, 
419, 1, 298, 615, -1, 83, 102, 194.0, 13, ABarpapppa, 0, 0, 0, 0, , 0, 0, 0, 0, 0, 
420, 1, 299, 616, -1, 113, 67, 190.0, 14, ABarpapppp, 0, 0, 0, 0, , 0, 0, 0, 0, 0, 
421, 1, 300, 617, -1, 182, 107, 58.0, 17, ABarppapaa, 0, 0, 0, 0, , 0, 0, 0, 0, 0, 
422, 1, 301, 618, -1, 208, 106, 69.0, 18, ABarppapap, 0, 0, 0, 0, , 0, 0, 0, 0, 0, 
423, 1, 302, 619, -1, 201, 53, 184.0, 15, ABarppppap, 0, 0, 0, 0, , 0, 0, 0, 0, 0, 
424, 1, 303, 620, -1, 229, 102, 66.0, 15, ABplappapa, 0, 0, 0, 0, , 0, 0, 0, 0, 0, 
425, 1, 304, 621, -1, 227, 44, 177.0, 11, ABprappapa, 0, 0, 0, 0, , 0, 0, 0, 0, 0, 
426, 1, 305, 622, -1, 261, 107, 74.0, 17, ABarppappa, 0, 0, 0, 0, , 0, 0, 0, 0, 0, 
427, 1, 306, 623, -1, 264, 57, 176.0, 14, ABarpppppa, 0, 0, 0, 0, , 0, 0, 0, 0, 0, 
428, 1, 307, 624, -1, 293, 126, 78.0, 14, ABplapapaa, 0, 0, 0, 0, , 0, 0, 0, 0, 0, 
429, 1, 308, 625, -1, 296, 70, 183.0, 13, ABprapapaa, 0, 0, 0, 0, , 0, 0, 0, 0, 0, 
430, 1, 309, 626, -1, 306, 97, 193.0, 15, ABarpppppp, 0, 0, 0, 0, , 0, 0, 0, 0, 0, 
431, 1, 310, 627, -1, 296, 171, 139.0, 15, ABplappppp, 0, 0, 0, 0, , 0, 0, 0, 0, 0, 
432, 0, 311, -1, -1, 305, 128, 181.0, 10, , 0, 0, 0, 0, , 0, 0, 0, 0, 0, 
433, 0, 312, -1, -1, 168, 121, 70.0, 14, , 0, 0, 0, 0, , 0, 0, 0, 0, 0, 
434, 1, 313, 630, -1, 297, 152, 94.0, 17, ABarppappp, 0, 0, 0, 0, , 0, 0, 0, 0, 0, 
435, 1, 314, 631, -1, 145, 59, 193.66667, 16, ABarpppaap, 0, 0, 0, 0, , 0, 0, 0, 0, 0, 
436, 0, 315, -1, -1, 166, 119, 71.0, 14, , 0, 0, 0, 0, , 0, 0, 0, 0, 0, 
437, 1, 316, 633, -1, 173, 54, 190.33333, 14, ABarppppaa, 0, 0, 0, 0, , 0, 0, 0, 0, 0, 
438, 0, 317, -1, -1, 303, 128, 181.0, 10, , 0, 0, 0, 0, , 0, 0, 0, 0, 0, 
439, 1, 318, 635, -1, 194, 32, 164.0, 15, Caaaaa, 0, 0, 0, 0, , 0, 0, 0, 0, 0, 
440, 1, 319, 636, -1, 214, 117, 101.0, 17, Capaaaa, 0, 0, 0, 0, , 0, 0, 0, 0, 0, 
441, 1, 320, 637, -1, 259, 112, 98.0, 15, Capaapa, 0, 0, 0, 0, , 0, 0, 0, 0, 0, 
442, 1, 321, 638, -1, 289, 135, 99.0, 15, Capaapp, 0, 0, 0, 0, , 0, 0, 0, 0, 0, 
443, 0, 322, -1, -1, 86, 144, 112.0, 13, , 0, 0, 0, 0, , 0, 0, 0, 0, 0, 
444, 0, 323, -1, -1, 103, 123, 103.0, 12, , 0, 0, 0, 0, , 0, 0, 0, 0, 0, 
445, 0, 324, -1, -1, 106, 146, 121.0, 12, , 0, 0, 0, 0, , 0, 0, 0, 0, 0, 
446, 0, 325, -1, -1, 100, 143, 126.0, 14, , 0, 0, 0, 0, , 0, 0, 0, 0, 0, 
447, 0, 326, -1, -1, 94, 138, 128.5, 13, , 0, 0, 0, 0, , 0, 0, 0, 0, 0, 
448, 0, 327, -1, -1, 87, 143, 113.5, 13, , 0, 0, 0, 0, , 0, 0, 0, 0, 0, 
449, 1, 328, 645, -1, 215, 62, 134.0, 15, Earpa, 0, 0, 0, 0, , 0, 0, 0, 0, 0, 
450, 1, 329, 646, -1, 199, 59, 106.5, 15, Ealaad, 0, 0, 0, 0, , 0, 0, 0, 0, 0, 
451, 1, 330, 647, -1, 213, 95, 101.5, 13, Ealaav, 0, 0, 0, 0, , 0, 0, 0, 0, 0, 
452, 1, 331, 648, -1, 238, 80, 128.5, 16, Ealap, 0, 0, 0, 0, , 0, 0, 0, 0, 0, 
453, 1, 332, 649, -1, 221, 86, 131.0, 15, Ealpa, 0, 0, 0, 0, , 0, 0, 0, 0, 0, 
454, 1, 333, 650, -1, 277, 83, 111.0, 15, Ealpp, 0, 0, 0, 0, , 0, 0, 0, 0, 0, 
455, 1, 334, 651, -1, 198, 53, 137.0, 15, Earaad, 0, 0, 0, 0, , 0, 0, 0, 0, 0, 
456, 1, 335, 652, -1, 208, 74, 159.5, 15, Earaav, 0, 0, 0, 0, , 0, 0, 0, 0, 0, 
457, 1, 336, 653, -1, 228, 66, 117.0, 15, Earap, 0, 0, 0, 0, , 0, 0, 0, 0, 0, 
458, 1, 337, 654, -1, 271, 66, 124.5, 15, Earpp, 0, 0, 0, 0, , 0, 0, 0, 0, 0, 
459, 1, 338, 655, -1, 254, 76, 115.5, 14, Eplaa, 0, 0, 0, 0, , 0, 0, 0, 0, 0, 
460, 1, 339, 656, -1, 299, 93, 113.0, 15, Eplap, 0, 0, 0, 0, , 0, 0, 0, 0, 0, 
461, 1, 340, 657, -1, 314, 107, 121.0, 17, Eplpa, 0, 0, 0, 0, , 0, 0, 0, 0, 0, 
462, 1, 341, 658, -1, 315, 140, 143.0, 15, Eplppa, 0, 0, 0, 0, , 0, 0, 0, 0, 0, 
463, 1, 342, 659, -1, 315, 125, 125.5, 15, Eplppp, 0, 0, 0, 0, , 0, 0, 0, 0, 0, 
464, 1, 343, 660, -1, 251, 59, 125.0, 15, Epraa, 0, 0, 0, 0, , 0, 0, 0, 0, 0, 
465, 1, 344, 661, -1, 294, 79, 123.0, 16, Eprap, 0, 0, 0, 0, , 0, 0, 0, 0, 0, 
466, 1, 345, 662, -1, 302, 125, 153.0, 13, Eprppa, 0, 0, 0, 0, , 0, 0, 0, 0, 0, 
467, 1, 346, 663, -1, 320, 107, 143.0, 15, Eprppp, 0, 0, 0, 0, , 0, 0, 0, 0, 0, 
468, 1, 347, 664, -1, 106, 100, 108.5, 11, MSaaaaaal, 0, 0, 0, 0, , 0, 0, 0, 0, 0, 
469, 1, 348, 665, -1, 102, 87, 135.5, 11, MSaaaaaar, 0, 0, 0, 0, , 0, 0, 0, 0, 0, 
470, 1, 349, 666, -1, 135, 72, 91.0, 14, MSaaaaapp, 0, 0, 0, 0, , 0, 0, 0, 0, 0, 
471, 1, 350, 667, -1, 110, 73, 119.0, 13, MSaaaaapaa, 0, 0, 0, 0, , 0, 0, 0, 0, 0, 
472, 0, 351, -1, -1, 125, 70, 119.0, 13, , 0, 0, 0, 0, , 0, 0, 0, 0, 0, 
473, 1, 352, 669, -1, 147, 51, 106.0, 11, MSaaaapaa, 0, 0, 0, 0, , 0, 0, 0, 0, 0, 
474, 1, 353, 670, -1, 149, 66, 105.0, 12, MSaaaapap, 0, 0, 0, 0, , 0, 0, 0, 0, 0, 
475, 1, 354, 671, -1, 170, 61, 127.0, 11, MSaaaappa, 0, 0, 0, 0, , 0, 0, 0, 0, 0, 
476, 1, 355, 672, -1, 153, 94, 89.0, 11, MSaaapaap, 0, 0, 0, 0, , 0, 0, 0, 0, 0, 
477, 1, 356, 673, -1, 174, 70, 95.0, 9, MSaaapapa, 0, 0, 0, 0, , 0, 0, 0, 0, 0, 
478, 1, 357, 674, -1, 189, 73, 107.0, 9, MSaaapapp, 0, 0, 0, 0, , 0, 0, 0, 0, 0, 
479, 1, 358, 675, -1, 207, 82, 107.0, 11, MSaaappa, 0, 0, 0, 0, , 0, 0, 0, 0, 0, 
480, 1, 359, 676, -1, 187, 49, 122.5, 11, MSaaappp, 0, 0, 0, 0, , 0, 0, 0, 0, 0, 
481, 1, 360, 677, -1, 190, 123, 122.0, 10, MSaapaaap, 0, 0, 0, 0, , 0, 0, 0, 0, 0, 
482, 1, 361, 678, -1, 175, 121, 123.5, 11, MSaapaaaa, 0, 0, 0, 0, , 0, 0, 0, 0, 0, 
483, 1, 362, 679, -1, 198, 98, 104.0, 12, MSaapaapp, 0, 0, 0, 0, , 0, 0, 0, 0, 0, 
484, 0, 363, -1, -1, 200, 98, 138.0, 10, , 0, 0, 0, 0, , 0, 0, 0, 0, 0, 
485, 1, 364, 681, -1, 124, 121, 102.5, 14, MSapaaaad, 0, 0, 0, 0, , 0, 0, 0, 0, 0, 
486, 1, 365, 682, -1, 149, 141, 114.5, 12, MSapaaaav, 0, 0, 0, 0, , 0, 0, 0, 0, 0, 
487, 1, 366, 683, -1, 123, 105, 79.0, 15, MSapaaap, 0, 0, 0, 0, , 0, 0, 0, 0, 0, 
488, 1, 367, 684, -1, 269, 109, 146.0, 15, MSapaapp, 0, 0, 0, 0, , 0, 0, 0, 0, 0, 
489, 1, 369, 685, -1, 148, 138, 95.0, 16, MSapapap, 0, 0, 0, 0, , 0, 0, 0, 0, 0, 
490, 1, 370, 686, -1, 109, 90, 79.5, 16, MSapappa, 0, 0, 0, 0, , 0, 0, 0, 0, 0, 
491, 1, 371, 687, -1, 99, 87, 92.5, 14, MSapappp, 0, 0, 0, 0, , 0, 0, 0, 0, 0, 
492, 1, 372, 688, -1, 138, 80, 77.0, 14, MSapppap, 0, 0, 0, 0, , 0, 0, 0, 0, 0, 
493, 1, 373, 689, -1, 103, 71, 92.0, 14, MSappppa, 0, 0, 0, 0, , 0, 0, 0, 0, 0, 
494, 1, 374, 690, -1, 128, 58, 92.0, 14, MSappppp, 0, 0, 0, 0, , 0, 0, 0, 0, 0, 
495, 1, 375, 691, -1, 127, 53, 117.0, 15, MSpaaaaaa, 0, 0, 0, 0, , 0, 0, 0, 0, 0, 
496, 0, 376, -1, -1, 138, 49, 118.0, 15, , 0, 0, 0, 0, , 0, 0, 0, 0, 0, 
497, 1, 377, 693, -1, 112, 65, 138.5, 15, MSpaaaapa, 0, 0, 0, 0, , 0, 0, 0, 0, 0, 
498, 1, 378, 694, -1, 128, 59, 136.0, 15, MSpaaaapp, 0, 0, 0, 0, , 0, 0, 0, 0, 0, 
499, 1, 379, 695, -1, 162, 65, 104.5, 13, MSpaaapaa, 0, 0, 0, 0, , 0, 0, 0, 0, 0, 
500, 1, 380, 696, -1, 178, 56, 121.0, 13, MSpaaapap, 0, 0, 0, 0, , 0, 0, 0, 0, 0, 
501, 1, 381, 697, -1, 144, 64, 120.0, 15, MSpaaaaap, 0, 0, 0, 0, , 0, 0, 0, 0, 0, 
502, 1, 382, 698, -1, 139, 50, 118.0, 15, MSpaaappa, 0, 0, 0, 0, , 0, 0, 0, 0, 0, 
503, 1, 383, 699, -1, 159, 48, 117.5, 15, MSpaaappp, 0, 0, 0, 0, , 0, 0, 0, 0, 0, 
504, 1, 384, 700, -1, 147, 56, 146.0, 15, ABaraappapp, 0, 0, 0, 0, , 0, 0, 0, 0, 0, 
505, 1, 386, 701, -1, 170, 55, 141.0, 15, MSpaapapa, 0, 0, 0, 0, , 0, 0, 0, 0, 0, 
506, 1, 387, 702, -1, 181, 83, 175.0, 14, MSpapaapa, 0, 0, 0, 0, , 0, 0, 0, 0, 0, 
507, 1, 388, 703, -1, 240, 36, 159.33333, 14, Caaaap, 0, 0, 0, 0, , 0, 0, 0, 0, 0, 
508, 1, 389, 704, -1, 280, 51, 160.0, 17, Caaapa, 0, 0, 0, 0, , 0, 0, 0, 0, 0, 
509, 1, 390, 705, -1, 310, 66, 164.0, 17, Caaapp, 0, 0, 0, 0, , 0, 0, 0, 0, 0, 
510, 1, 391, 706, -1, 273, 155, 171.0, 13, Caapaa, 0, 0, 0, 0, , 0, 0, 0, 0, 0, 
511, 1, 392, 707, -1, 336, 118, 168.0, 16, Caappd, 0, 0, 0, 0, , 0, 0, 0, 0, 0, 
512, 1, 393, 708, -1, 314, 152, 166.5, 15, Caappv, 0, 0, 0, 0, , 0, 0, 0, 0, 0, 
513, 1, 394, 709, -1, 234, 111, 93.0, 15, Capaaap, 0, 0, 0, 0, , 0, 0, 0, 0, 0, 
514, 1, 395, 710, -1, 264, 76, 82.0, 15, Capapaa, 0, 0, 0, 0, , 0, 0, 0, 0, 0, 
515, 1, 396, 711, -1, 305, 99, 86.333336, 15, Capapap, 0, 0, 0, 0, , 0, 0, 0, 0, 0, 
516, 1, 397, 712, -1, 271, 143, 117.5, 15, Capappa, 0, 0, 0, 0, , 0, 0, 0, 0, 0, 
517, 0, 398, -1, -1, 256, 152, 139.0, 14, , 0, 0, 0, 0, , 0, 0, 0, 0, 0, 
518, 1, 399, 714, -1, 226, 71, 82.0, 17, Cappaaa, 0, 0, 0, 0, , 0, 0, 0, 0, 0, 
519, 1, 400, 715, -1, 279, 72, 90.666664, 17, Cappaap, 0, 0, 0, 0, , 0, 0, 0, 0, 0, 
520, 1, 401, 716, -1, 316, 130, 103.0, 14, Cappapa, 0, 0, 0, 0, , 0, 0, 0, 0, 0, 
521, 1, 402, 717, -1, 312, 147, 114.0, 14, Cappapp, 0, 0, 0, 0, , 0, 0, 0, 0, 0, 
522, 1, 403, 718, -1, 319, 95, 98.666664, 16, Capppaa, 0, 0, 0, 0, , 0, 0, 0, 0, 0, 
523, 1, 404, 719, -1, 337, 122, 114.333336, 15, Capppap, 0, 0, 0, 0, , 0, 0, 0, 0, 0, 
524, 0, 405, -1, -1, 290, 158, 159.5, 14, , 0, 0, 0, 0, , 0, 0, 0, 0, 0, 
525, 0, 406, -1, -1, 277, 165, 152.0, 15, , 0, 0, 0, 0, , 0, 0, 0, 0, 0, 
526, 1, 407, 722, -1, 180, 77, 63.666668, 17, Cpaaaa, 0, 0, 0, 0, , 0, 0, 0, 0, 0, 
527, 1, 408, 723, -1, 213, 71, 72.333336, 19, Cpaaap, 0, 0, 0, 0, , 0, 0, 0, 0, 0, 
528, 1, 409, 724, -1, 251, 82, 71.5, 17, Cpaapa, 0, 0, 0, 0, , 0, 0, 0, 0, 0, 
529, 0, 410, -1, -1, 302, 98, 80.0, 17, , 0, 0, 0, 0, , 0, 0, 0, 0, 0, 
530, 1, 411, 726, -1, 279, 101, 74.0, 17, Cpaapp, 0, 0, 0, 0, , 0, 0, 0, 0, 0, 
531, 1, 412, 727, -1, 321, 93, 175.0, 15, Cpapaa, 0, 0, 0, 0, , 0, 0, 0, 0, 0, 
532, 1, 413, 728, -1, 319, 123, 87.0, 15, Cpapap, 0, 0, 0, 0, , 0, 0, 0, 0, 0, 
533, 1, 414, 729, -1, 324, 153, 109.5, 15, Cpappd, 0, 0, 0, 0, , 0, 0, 0, 0, 0, 
534, 1, 415, 730, -1, 308, 168, 148.66667, 15, Cpappv, 0, 0, 0, 0, , 0, 0, 0, 0, 0, 
535, 1, 416, 731, -1, 208, 90, 176.0, 14, Cppaaaa, 0, 0, 0, 0, , 0, 0, 0, 0, 0, 
536, 1, 417, 732, -1, 229, 78, 175.0, 13, Cppaaap, 0, 0, 0, 0, , 0, 0, 0, 0, 0, 
537, 1, 418, 733, -1, 250, 75, 170.33333, 13, Cppaapa, 0, 0, 0, 0, , 0, 0, 0, 0, 0, 
538, 1, 419, 734, -1, 287, 90, 174.0, 13, Cppaapp, 0, 0, 0, 0, , 0, 0, 0, 0, 0, 
539, 1, 420, 735, -1, 259, 41, 147.5, 13, Cppapaa, 0, 0, 0, 0, , 0, 0, 0, 0, 0, 
540, 1, 421, 736, -1, 298, 56, 149.0, 15, Cppapap, 0, 0, 0, 0, , 0, 0, 0, 0, 0, 
541, 1, 422, 737, -1, 284, 103, 183.33333, 13, Cppappa, 0, 0, 0, 0, , 0, 0, 0, 0, 0, 
542, 1, 423, 738, -1, 278, 120, 184.0, 13, Cppappp, 0, 0, 0, 0, , 0, 0, 0, 0, 0, 
543, 1, 424, 739, -1, 213, 33, 149.33333, 15, Cpppaaa, 0, 0, 0, 0, , 0, 0, 0, 0, 0, 
544, 1, 425, 740, -1, 256, 40, 136.0, 15, Cpppaap, 0, 0, 0, 0, , 0, 0, 0, 0, 0, 
545, 1, 426, 741, -1, 324, 82, 159.66667, 14, Cpppapa, 0, 0, 0, 0, , 0, 0, 0, 0, 0, 
546, 1, 427, 742, -1, 329, 108, 163.0, 13, Cpppapp, 0, 0, 0, 0, , 0, 0, 0, 0, 0, 
547, 1, 428, 743, -1, 318, 67, 136.0, 15, Cppppaa, 0, 0, 0, 0, , 0, 0, 0, 0, 0, 
548, 1, 429, 744, -1, 337, 94, 141.0, 15, Cppppap, 0, 0, 0, 0, , 0, 0, 0, 0, 0, 
549, 1, 430, 745, -1, 335, 129, 149.0, 14, Cpppppd, 0, 0, 0, 0, , 0, 0, 0, 0, 0, 
550, 1, 431, 746, -1, 288, 143, 179.33333, 14, Cpppppv, 0, 0, 0, 0, , 0, 0, 0, 0, 0, 
551, 1, 432, 747, -1, 185, 142, 97.0, 14, Daaaa, 0, 0, 0, 0, , 0, 0, 0, 0, 0, 
552, 1, 433, 748, -1, 160, 70, 77.0, 15, Daaap, 0, 0, 0, 0, , 0, 0, 0, 0, 0, 
553, 1, 434, 749, -1, 176, 152, 110.0, 14, Daapa, 0, 0, 0, 0, , 0, 0, 0, 0, 0, 
554, 0, 435, -1, -1, 191, 158, 116.0, 14, , 0, 0, 0, 0, , 0, 0, 0, 0, 0, 
555, 1, 435, 751, -1, 192, 158, 114.666664, 14, Daapp, 0, 0, 0, 0, , 0, 0, 0, 0, 0, 
556, 1, 436, 752, -1, 201, 132, 99.0, 16, Dapaa, 0, 0, 0, 0, , 0, 0, 0, 0, 0, 
557, 1, 437, 753, -1, 192, 65, 84.0, 16, Dapap, 0, 0, 0, 0, , 0, 0, 0, 0, 0, 
558, 1, 438, 754, -1, 156, 52, 88.666664, 12, Dappaa, 0, 0, 0, 0, , 0, 0, 0, 0, 0, 
559, 1, 439, 755, -1, 185, 54, 90.0, 14, Dappap, 0, 0, 0, 0, , 0, 0, 0, 0, 0, 
560, 1, 440, 756, -1, 206, 52, 92.5, 12, Dapppa, 0, 0, 0, 0, , 0, 0, 0, 0, 0, 
561, 1, 441, 757, -1, 240, 56, 93.333336, 13, Dapppp, 0, 0, 0, 0, , 0, 0, 0, 0, 0, 
562, 0, 442, -1, -1, 172, 97, 188.0, 15, , 0, 0, 0, 0, , 0, 0, 0, 0, 0, 
563, 1, 443, 759, -1, 145, 40, 152.0, 14, Dpaap, 0, 0, 0, 0, , 0, 0, 0, 0, 0, 
564, 1, 444, 760, -1, 164, 122, 192.0, 12, Dpapa, 0, 0, 0, 0, , 0, 0, 0, 0, 0, 
565, 1, 445, 761, -1, 183, 122, 194.33333, 13, Dpapp, 0, 0, 0, 0, , 0, 0, 0, 0, 0, 
566, 1, 446, 762, -1, 189, 95, 187.0, 14, Dppaa, 0, 0, 0, 0, , 0, 0, 0, 0, 0, 
567, 1, 447, 763, -1, 178, 37, 152.0, 16, Dppap, 0, 0, 0, 0, , 0, 0, 0, 0, 0, 
568, 1, 448, 764, -1, 143, 37, 129.66667, 14, Dpppaa, 0, 0, 0, 0, , 0, 0, 0, 0, 0, 
569, 1, 449, 765, -1, 172, 39, 131.0, 14, Dpppap, 0, 0, 0, 0, , 0, 0, 0, 0, 0, 
570, 1, 450, 766, -1, 188, 30, 131.5, 15, Dppppa, 0, 0, 0, 0, , 0, 0, 0, 0, 0, 
571, 1, 451, 767, -1, 218, 34, 136.66667, 15, Dppppp, 0, 0, 0, 0, , 0, 0, 0, 0, 0, 
572, 1, 452, 768, -1, 274, 87, 159.5, 18, Z2, 0, 0, 0, 0, , 0, 0, 0, 0, 0, 
573, 1, 453, 769, -1, 275, 118, 122.0, 18, Z3, 0, 0, 0, 0, , 0, 0, 0, 0, 0, 
574, 1, 454, 770, -1, 128, 70, 116.0, 13, MSaaaaapap, 0, 0, 0, 0, , 0, 0, 0, 0, 0, 
575, 1, 455, 771, -1, 173, 71, 118.0, 12, MSaaaappp, 0, 0, 0, 0, , 0, 0, 0, 0, 0, 
576, 0, 456, -1, -1, 119, 89, 110.0, 14, , 0, 0, 0, 0, , 0, 0, 0, 0, 0, 
577, 1, 457, 773, -1, 188, 102, 123.0, 12, MSaapapaa, 0, 0, 0, 0, , 0, 0, 0, 0, 0, 
578, 1, 458, 774, -1, 199, 115, 118.0, 10, MSaapapap, 0, 0, 0, 0, , 0, 0, 0, 0, 0, 
579, 1, 459, 775, -1, 195, 96, 153.0, 10, MSpapapaa, 0, 0, 0, 0, , 0, 0, 0, 0, 0, 
580, 1, 460, 776, -1, 196, 93, 167.66667, 10, MSpapapap, 0, 0, 0, 0, , 0, 0, 0, 0, 0, 
581, 1, 461, 777, -1, 123, 43, 130.5, 14, MSpppppp, 0, 0, 0, 0, , 0, 0, 0, 0, 0, 
582, 0, 462, -1, -1, 154, 89, 178.0, 14, , 0, 0, 0, 0, , 0, 0, 0, 0, 0, 
583, 1, 463, 779, -1, 181, 55, 142.0, 15, MSpaapapp, 0, 0, 0, 0, , 0, 0, 0, 0, 0, 
584, 0, 464, -1, -1, 300, 155, 175.0, 13, , 0, 0, 0, 0, , 0, 0, 0, 0, 0, 
585, 1, 465, 781, -1, 274, 76, 182.0, 13, ABprappapp, 0, 0, 0, 0, , 0, 0, 0, 0, 0, 
586, 1, 466, 782, -1, 216, 76, 188.0, 13, ABprappaaa, 0, 0, 0, 0, , 0, 0, 0, 0, 0, 
587, 1, 467, 783, -1, 124, 120, 192.0, 12, ABprpaaaaaa, 0, 0, 0, 0, , 0, 0, 0, 0, 0, 
588, 1, 469, 784, -1, 183, 93, 93.0, 14, MSaapappa, 0, 0, 0, 0, , 0, 0, 0, 0, 0, 
589, 1, 470, 785, -1, 188, 112, 99.0, 16, MSaapaapa, 0, 0, 0, 0, , 0, 0, 0, 0, 0, 
590, 1, 471, 786, -1, 209, 95, 135.0, 15, MSaappap, 0, 0, 0, 0, , 0, 0, 0, 0, 0, 
591, 0, 472, -1, -1, 208, 145, 133.0, 14, , 0, 0, 0, 0, , 0, 0, 0, 0, 0, 
592, 0, 473, -1, -1, 202, 130, 132.0, 12, , 0, 0, 0, 0, , 0, 0, 0, 0, 0, 
593, 0, 474, -1, -1, 225, 112, 126.0, 13, , 0, 0, 0, 0, , 0, 0, 0, 0, 0, 
594, 1, 475, 790, -1, 238, 114, 116.0, 15, MSaappppp, 0, 0, 0, 0, , 0, 0, 0, 0, 0, 
595, 1, 368, 791, -1, 190, 106, 77.5, 16, MSapapaa, 0, 0, 0, 0, , 0, 0, 0, 0, 0, 
596, 1, 476, 792, -1, 110, 60, 106.5, 16, MSappaaa, 0, 0, 0, 0, , 0, 0, 0, 0, 0, 
597, 0, 477, -1, -1, 273, 125, 103.5, 16, , 0, 0, 0, 0, , 0, 0, 0, 0, 0, 
598, 0, 478, -1, -1, 166, 147, 120.0, 15, , 0, 0, 0, 0, , 0, 0, 0, 0, 0, 
599, 1, 479, 795, -1, 173, 127, 97.0, 14, MSapppaa, 0, 0, 0, 0, , 0, 0, 0, 0, 0, 
600, 1, 480, 796, -1, 171, 111, 160.0, 14, MSpapaaaa, 0, 0, 0, 0, , 0, 0, 0, 0, 0, 
601, 1, 481, 797, -1, 184, 106, 167.0, 14, MSpapaaap, 0, 0, 0, 0, , 0, 0, 0, 0, 0, 
602, 1, 482, 798, -1, 188, 73, 160.0, 14, MSpapaapp, 0, 0, 0, 0, , 0, 0, 0, 0, 0, 
603, 1, 483, 799, -1, 173, 63, 157.0, 14, MSpapappa, 0, 0, 0, 0, , 0, 0, 0, 0, 0, 
604, 0, 484, -1, -1, 209, 141, 162.0, 15, , 0, 0, 0, 0, , 0, 0, 0, 0, 0, 
605, 1, 485, 801, -1, 252, 117, 120.0, 14, MSpappaa, 0, 0, 0, 0, , 0, 0, 0, 0, 0, 
606, 1, 486, 802, -1, 257, 96, 173.0, 14, MSpappap, 0, 0, 0, 0, , 0, 0, 0, 0, 0, 
607, 1, 487, 803, -1, 195, 118, 182.0, 12, MSpapppaa, 0, 0, 0, 0, , 0, 0, 0, 0, 0, 
608, 0, 488, -1, -1, 210, 105, 165.5, 14, , 0, 0, 0, 0, , 0, 0, 0, 0, 0, 
609, 1, 489, 805, -1, 207, 108, 171.0, 14, MSpapppap, 0, 0, 0, 0, , 0, 0, 0, 0, 0, 
610, 1, 490, 806, -1, 221, 98, 170.0, 13, MSpappppa, 0, 0, 0, 0, , 0, 0, 0, 0, 0, 
611, 1, 491, 807, -1, 238, 89, 170.0, 13, MSpappppp, 0, 0, 0, 0, , 0, 0, 0, 0, 0, 
612, 1, 492, 808, -1, 106, 77, 155.5, 13, MSppaaap, 0, 0, 0, 0, , 0, 0, 0, 0, 0, 
613, 1, 493, 809, -1, 121, 97, 163.0, 12, MSppaaaad, 0, 0, 0, 0, , 0, 0, 0, 0, 0, 
614, 1, 494, 810, -1, 147, 122, 167.0, 12, MSppaaaav, 0, 0, 0, 0, , 0, 0, 0, 0, 0, 
615, 1, 495, 811, -1, 287, 112, 146.0, 15, MSppaapp, 0, 0, 0, 0, , 0, 0, 0, 0, 0, 
616, 1, 496, 812, -1, 179, 65, 178.0, 14, MSppapaa, 0, 0, 0, 0, , 0, 0, 0, 0, 0, 
617, 1, 497, 813, -1, 141, 115, 182.5, 14, MSppapap, 0, 0, 0, 0, , 0, 0, 0, 0, 0, 
618, 1, 498, 814, -1, 104, 62, 153.0, 15, MSppappa, 0, 0, 0, 0, , 0, 0, 0, 0, 0, 
619, 1, 499, 815, -1, 86, 76, 132.5, 15, MSppappp, 0, 0, 0, 0, , 0, 0, 0, 0, 0, 
620, 1, 500, 816, -1, 98, 68, 123.0, 14, MSpppaaa, 0, 0, 0, 0, , 0, 0, 0, 0, 0, 
621, 1, 501, 817, -1, 285, 75, 165.5, 14, MSpppaap, 0, 0, 0, 0, , 0, 0, 0, 0, 0, 
622, 0, 502, -1, -1, 160, 110, 176.0, 15, , 0, 0, 0, 0, , 0, 0, 0, 0, 0, 
623, 1, 503, 819, -1, 124, 50, 151.0, 14, MSppppap, 0, 0, 0, 0, , 0, 0, 0, 0, 0, 
624, 1, 504, 820, -1, 92, 58, 128.0, 14, MSpppppa, 0, 0, 0, 0, , 0, 0, 0, 0, 0, 
625, 1, 505, 821, -1, 104, 122, 103.0, 12, ABalaaaalar, 0, 0, 0, 0, , 0, 0, 0, 0, 0, 
626, 0, 506, -1, -1, 86, 143, 112.5, 13, , 0, 0, 0, 0, , 0, 0, 0, 0, 0, 
627, 0, 507, -1, -1, 86, 143, 113.0, 13, , 0, 0, 0, 0, , 0, 0, 0, 0, 0, 
628, 0, 508, -1, -1, 102, 126, 118.0, 14, , 0, 0, 0, 0, , 0, 0, 0, 0, 0, 
629, 1, 509, 825, -1, 99, 110, 143.0, 12, ABalaaaarrp, 0, 0, 0, 0, , 0, 0, 0, 0, 0, 
630, 1, 510, 826, -1, 102, 152, 108.0, 12, ABalaaapall, 0, 0, 0, 0, , 0, 0, 0, 0, 0, 
631, 0, 511, -1, -1, 102, 121, 97.0, 14, , 0, 0, 0, 0, , 0, 0, 0, 0, 0, 
632, 0, 512, -1, -1, 101, 121, 99.0, 14, , 0, 0, 0, 0, , 0, 0, 0, 0, 0, 
633, 1, 513, 829, -1, 102, 121, 95.0, 12, ABalaaapalr, 0, 0, 0, 0, , 0, 0, 0, 0, 0, 
634, 1, 514, 830, -1, 80, 132, 108.0, 12, ABalaaaparr, 0, 0, 0, 0, , 0, 0, 0, 0, 0, 
635, 0, 515, -1, -1, 78, 119, 156.0, 12, , 0, 0, 0, 0, , 0, 0, 0, 0, 0, 
636, 0, 516, -1, -1, 78, 119, 160.0, 12, , 0, 0, 0, 0, , 0, 0, 0, 0, 0, 
637, 1, 517, 833, -1, 85, 120, 149.0, 12, ABalaaappll, 0, 0, 0, 0, , 0, 0, 0, 0, 0, 
638, 1, 518, 834, -1, 76, 119, 158.0, 12, ABalaaapplr, 0, 0, 0, 0, , 0, 0, 0, 0, 0, 
639, 1, 520, 835, -1, 98, 127, 174.0, 12, ABalaaapprr, 0, 0, 0, 0, , 0, 0, 0, 0, 0, 
640, 1, 521, 836, -1, 100, 94, 157.0, 12, ABalaapaaar, 0, 0, 0, 0, , 0, 0, 0, 0, 0, 
641, 1, 522, 837, -1, 106, 115, 179.0, 11, ABalaapaapa, 0, 0, 0, 0, , 0, 0, 0, 0, 0, 
642, 0, 523, -1, -1, 90, 125, 170.0, 13, , 0, 0, 0, 0, , 0, 0, 0, 0, 0, 
643, 0, 524, -1, -1, 118, 150, 184.0, 12, , 0, 0, 0, 0, , 0, 0, 0, 0, 0, 
644, 0, 525, -1, -1, 124, 123, 199.5, 12, , 0, 0, 0, 0, , 0, 0, 0, 0, 0, 
645, 0, 526, -1, -1, 111, 126, 181.0, 13, , 0, 0, 0, 0, , 0, 0, 0, 0, 0, 
646, 1, 527, 842, -1, 129, 111, 192.0, 13, ABalaapppaa, 0, 0, 0, 0, , 0, 0, 0, 0, 0, 
647, 1, 528, 843, -1, 105, 107, 169.5, 12, ABalaappppa, 0, 0, 0, 0, , 0, 0, 0, 0, 0, 
648, 1, 529, 844, -1, 88, 106, 164.0, 13, ABalaappppp, 0, 0, 0, 0, , 0, 0, 0, 0, 0, 
649, 1, 530, 845, -1, 105, 120, 85.0, 13, ABalapaaaa, 0, 0, 0, 0, , 0, 0, 0, 0, 0, 
650, 0, 531, -1, -1, 88, 121, 79.0, 14, , 0, 0, 0, 0, , 0, 0, 0, 0, 0, 
651, 1, 532, 847, -1, 88, 134, 92.0, 12, ABalapaaapp, 0, 0, 0, 0, , 0, 0, 0, 0, 0, 
652, 0, 533, -1, -1, 134, 144, 90.0, 13, , 0, 0, 0, 0, , 0, 0, 0, 0, 0, 
653, 1, 534, 849, -1, 106, 137, 104.0, 15, ABalapaappp, 0, 0, 0, 0, , 0, 0, 0, 0, 0, 
654, 1, 535, 850, -1, 94, 78, 103.5, 14, ABalapapapa, 0, 0, 0, 0, , 0, 0, 0, 0, 0, 
655, 1, 536, 851, -1, 76, 101, 103.0, 15, ABalapapapp, 0, 0, 0, 0, , 0, 0, 0, 0, 0, 
656, 1, 537, 852, -1, 97, 113, 103.0, 12, ABalapappaa, 0, 0, 0, 0, , 0, 0, 0, 0, 0, 
657, 1, 538, 853, -1, 71, 124, 136.0, 13, ABarpaaaaar, 0, 0, 0, 0, , 0, 0, 0, 0, 0, 
658, 1, 539, 854, -1, 77, 118, 106.5, 14, ABalapappap, 0, 0, 0, 0, , 0, 0, 0, 0, 0, 
659, 0, 540, -1, -1, 96, 110, 80.0, 13, , 0, 0, 0, 0, , 0, 0, 0, 0, 0, 
660, 1, 541, 856, -1, 111, 118, 80.0, 14, ABalapapppa, 0, 0, 0, 0, , 0, 0, 0, 0, 0, 
661, 0, 542, -1, -1, 62, 107, 119.0, 13, , 0, 0, 0, 0, , 0, 0, 0, 0, 0, 
662, 0, 543, -1, -1, 97, 86, 145.0, 12, , 0, 0, 0, 0, , 0, 0, 0, 0, 0, 
663, 1, 544, 859, -1, 84, 91, 164.0, 12, ABalappappa, 0, 0, 0, 0, , 0, 0, 0, 0, 0, 
664, 0, 545, -1, -1, 77, 86, 167.0, 12, , 0, 0, 0, 0, , 0, 0, 0, 0, 0, 
665, 1, 546, 861, -1, 94, 94, 118.5, 14, ABalapppaaa, 0, 0, 0, 0, , 0, 0, 0, 0, 0, 
666, 1, 547, 862, -1, 89, 108, 126.0, 13, ABalapppaap, 0, 0, 0, 0, , 0, 0, 0, 0, 0, 
667, 1, 548, 863, -1, 75, 89, 124.0, 13, ABalapppapaa, 0, 0, 0, 0, , 0, 0, 0, 0, 0, 
668, 1, 549, 864, -1, 88, 74, 119.0, 13, ABalapppapap, 0, 0, 0, 0, , 0, 0, 0, 0, 0, 
669, 0, 550, -1, -1, 84, 94, 132.0, 14, , 0, 0, 0, 0, , 0, 0, 0, 0, 0, 
670, 1, 551, 866, -1, 86, 102, 141.0, 12, ABalappppaa, 0, 0, 0, 0, , 0, 0, 0, 0, 0, 
671, 0, 552, -1, -1, 83, 95, 135.0, 13, , 0, 0, 0, 0, , 0, 0, 0, 0, 0, 
672, 1, 553, 868, -1, 86, 81, 157.0, 12, ABalapppppp, 0, 0, 0, 0, , 0, 0, 0, 0, 0, 
673, 1, 554, 869, -1, 136, 120, 119.0, 13, ABalpaaaaaa, 0, 0, 0, 0, , 0, 0, 0, 0, 0, 
674, 1, 555, 870, -1, 156, 132, 127.0, 12, ABalpaaaaap, 0, 0, 0, 0, , 0, 0, 0, 0, 0, 
675, 0, 556, -1, -1, 142, 119, 135.0, 13, , 0, 0, 0, 0, , 0, 0, 0, 0, 0, 
676, 1, 557, 872, -1, 130, 112, 95.0, 15, ABalpaaapaa, 0, 0, 0, 0, , 0, 0, 0, 0, 0, 
677, 1, 558, 873, -1, 162, 107, 106.0, 12, ABalpaaappp, 0, 0, 0, 0, , 0, 0, 0, 0, 0, 
678, 1, 559, 874, -1, 121, 111, 115.5, 14, ABalpaapaaa, 0, 0, 0, 0, , 0, 0, 0, 0, 0, 
679, 1, 560, 875, -1, 125, 104, 106.0, 14, ABalpaapaap, 0, 0, 0, 0, , 0, 0, 0, 0, 0, 
680, 1, 561, 876, -1, 133, 90, 91.5, 14, ABalpaapapa, 0, 0, 0, 0, , 0, 0, 0, 0, 0, 
681, 1, 562, 877, -1, 140, 104, 87.0, 15, ABalpaapapp, 0, 0, 0, 0, , 0, 0, 0, 0, 0, 
682, 1, 563, 878, -1, 109, 131, 132.0, 12, ABalpaappaa, 0, 0, 0, 0, , 0, 0, 0, 0, 0, 
683, 1, 564, 879, -1, 114, 138, 137.0, 13, ABalpaappap, 0, 0, 0, 0, , 0, 0, 0, 0, 0, 
684, 0, 565, -1, -1, 98, 123, 128.0, 13, , 0, 0, 0, 0, , 0, 0, 0, 0, 0, 
685, 0, 566, -1, -1, 94, 139, 127.0, 10, , 0, 0, 0, 0, , 0, 0, 0, 0, 0, 
686, 0, 567, -1, -1, 95, 138, 124.0, 13, , 0, 0, 0, 0, , 0, 0, 0, 0, 0, 
687, 0, 568, -1, -1, 121, 144, 131.0, 13, , 0, 0, 0, 0, , 0, 0, 0, 0, 0, 
688, 0, 569, -1, -1, 101, 164, 162.5, 15, , 0, 0, 0, 0, , 0, 0, 0, 0, 0, 
689, 0, 570, -1, -1, 115, 133, 156.5, 13, , 0, 0, 0, 0, , 0, 0, 0, 0, 0, 
690, 0, 571, -1, -1, 158, 155, 153.0, 13, , 0, 0, 0, 0, , 0, 0, 0, 0, 0, 
691, 1, 572, 887, -1, 168, 179, 155.0, 14, ABalpapapap, 0, 0, 0, 0, , 0, 0, 0, 0, 0, 
692, 1, 573, 888, -1, 216, 161, 150.0, 12, ABalpapappa, 0, 0, 0, 0, , 0, 0, 0, 0, 0, 
693, 0, 574, -1, -1, 205, 147, 147.5, 13, , 0, 0, 0, 0, , 0, 0, 0, 0, 0, 
694, 0, 575, -1, -1, 144, 125, 127.0, 15, , 0, 0, 0, 0, , 0, 0, 0, 0, 0, 
695, 1, 576, 891, -1, 146, 125, 138.0, 13, ABalpappapa, 0, 0, 0, 0, , 0, 0, 0, 0, 0, 
696, 0, 577, -1, -1, 192, 113, 153.0, 14, , 0, 0, 0, 0, , 0, 0, 0, 0, 0, 
697, 1, 578, 893, -1, 147, 116, 93.0, 13, ABalpapppaa, 0, 0, 0, 0, , 0, 0, 0, 0, 0, 
698, 1, 579, 894, -1, 165, 123, 149.0, 14, ABalpappppa, 0, 0, 0, 0, , 0, 0, 0, 0, 0, 
699, 1, 580, 895, -1, 163, 126, 122.0, 14, ABalpappppp, 0, 0, 0, 0, , 0, 0, 0, 0, 0, 
700, 0, 581, -1, -1, 109, 161, 123.0, 12, , 0, 0, 0, 0, , 0, 0, 0, 0, 0, 
701, 0, 582, -1, -1, 116, 160, 111.5, 12, , 0, 0, 0, 0, , 0, 0, 0, 0, 0, 
702, 0, 583, -1, -1, 108, 161, 124.0, 13, , 0, 0, 0, 0, , 0, 0, 0, 0, 0, 
703, 0, 584, -1, -1, 102, 161, 152.0, 11, , 0, 0, 0, 0, , 0, 0, 0, 0, 0, 
704, 0, 585, -1, -1, 123, 159, 153.0, 11, , 0, 0, 0, 0, , 0, 0, 0, 0, 0, 
705, 0, 586, -1, -1, 122, 141, 117.0, 13, , 0, 0, 0, 0, , 0, 0, 0, 0, 0, 
706, 1, 587, 902, -1, 122, 139, 126.0, 15, ABalpapaaaa, 0, 0, 0, 0, , 0, 0, 0, 0, 0, 
707, 1, 588, 903, -1, 113, 155, 136.0, 12, ABalppapaap, 0, 0, 0, 0, , 0, 0, 0, 0, 0, 
708, 1, 589, 904, -1, 151, 167, 148.0, 12, ABalppapapa, 0, 0, 0, 0, , 0, 0, 0, 0, 0, 
709, 0, 590, -1, -1, 107, 176, 145.5, 13, , 0, 0, 0, 0, , 0, 0, 0, 0, 0, 
710, 0, 591, -1, -1, 133, 144, 91.0, 13, , 0, 0, 0, 0, , 0, 0, 0, 0, 0, 
711, 0, 592, -1, -1, 138, 154, 102.5, 13, , 0, 0, 0, 0, , 0, 0, 0, 0, 0, 
712, 1, 593, 908, -1, 134, 144, 89.0, 13, ABalppappaa, 0, 0, 0, 0, , 0, 0, 0, 0, 0, 
713, 1, 594, 909, -1, 133, 148, 116.0, 13, ABalppappap, 0, 0, 0, 0, , 0, 0, 0, 0, 0, 
714, 1, 595, 910, -1, 137, 161, 138.0, 12, ABalppapppa, 0, 0, 0, 0, , 0, 0, 0, 0, 0, 
715, 1, 596, 911, -1, 130, 155, 129.0, 13, ABalppapppp, 0, 0, 0, 0, , 0, 0, 0, 0, 0, 
716, 1, 597, 912, -1, 134, 169, 88.0, 13, ABalpppaaaa, 0, 0, 0, 0, , 0, 0, 0, 0, 0, 
717, 1, 598, 913, -1, 97, 143, 104.5, 13, ABalpppaapd, 0, 0, 0, 0, , 0, 0, 0, 0, 0, 
718, 1, 599, 914, -1, 101, 169, 107.0, 13, ABalpppaapv, 0, 0, 0, 0, , 0, 0, 0, 0, 0, 
719, 0, 600, -1, -1, 126, 170, 103.0, 12, , 0, 0, 0, 0, , 0, 0, 0, 0, 0, 
720, 1, 601, 916, -1, 126, 169, 103.0, 12, ABalpppapad, 0, 0, 0, 0, , 0, 0, 0, 0, 0, 
721, 1, 602, 917, -1, 154, 164, 93.0, 12, ABalpppapav, 0, 0, 0, 0, , 0, 0, 0, 0, 0, 
722, 0, 603, -1, -1, 119, 145, 78.0, 12, , 0, 0, 0, 0, , 0, 0, 0, 0, 0, 
723, 1, 604, 919, -1, 118, 146, 77.0, 12, ABalpppapppa, 0, 0, 0, 0, , 0, 0, 0, 0, 0, 
724, 1, 605, 920, -1, 137, 120, 65.0, 12, ABalpppapppp, 0, 0, 0, 0, , 0, 0, 0, 0, 0, 
725, 1, 606, 921, -1, 146, 123, 75.0, 15, ABalppppaad, 0, 0, 0, 0, , 0, 0, 0, 0, 0, 
726, 0, 607, -1, -1, 99, 141, 89.0, 13, , 0, 0, 0, 0, , 0, 0, 0, 0, 0, 
727, 1, 608, 923, -1, 155, 146, 86.0, 13, ABalpppppaa, 0, 0, 0, 0, , 0, 0, 0, 0, 0, 
728, 1, 609, 924, -1, 162, 136, 78.0, 13, ABalpppppap, 0, 0, 0, 0, , 0, 0, 0, 0, 0, 
729, 1, 610, 925, -1, 162, 135, 62.0, 15, ABalppppppaa, 0, 0, 0, 0, , 0, 0, 0, 0, 0, 
730, 1, 611, 926, -1, 146, 150, 63.0, 13, ABalpppppppa, 0, 0, 0, 0, , 0, 0, 0, 0, 0, 
731, 1, 612, 927, -1, 149, 166, 76.5, 15, ABalpppppppp, 0, 0, 0, 0, , 0, 0, 0, 0, 0, 
732, 1, 613, 928, -1, 126, 126, 122.0, 13, ABaraaaaaaa, 0, 0, 0, 0, , 0, 0, 0, 0, 0, 
733, 1, 614, 929, -1, 138, 118, 106.0, 12, ABaraaaaaap, 0, 0, 0, 0, , 0, 0, 0, 0, 0, 
734, 0, 615, -1, -1, 125, 113, 148.5, 13, , 0, 0, 0, 0, , 0, 0, 0, 0, 0, 
735, 1, 616, 931, -1, 124, 114, 149.0, 11, ABaraaaaapa, 0, 0, 0, 0, , 0, 0, 0, 0, 0, 
736, 1, 617, 932, -1, 134, 98, 153.0, 11, ABaraaaaapp, 0, 0, 0, 0, , 0, 0, 0, 0, 0, 
737, 0, 618, -1, -1, 121, 101, 124.0, 14, , 0, 0, 0, 0, , 0, 0, 0, 0, 0, 
738, 1, 619, 934, -1, 116, 105, 140.0, 13, ABaraaapaaa, 0, 0, 0, 0, , 0, 0, 0, 0, 0, 
739, 1, 620, 935, -1, 120, 89, 145.0, 15, ABaraaapaap, 0, 0, 0, 0, , 0, 0, 0, 0, 0, 
740, 1, 621, 936, -1, 133, 72, 147.0, 15, ABaraaapapa, 0, 0, 0, 0, , 0, 0, 0, 0, 0, 
741, 1, 622, 937, -1, 145, 72, 165.0, 13, ABaraaapapp, 0, 0, 0, 0, , 0, 0, 0, 0, 0, 
742, 1, 623, 938, -1, 109, 119, 136.0, 13, ABaraaappaa, 0, 0, 0, 0, , 0, 0, 0, 0, 0, 
743, 1, 624, 939, -1, 116, 131, 149.0, 12, ABaraaappap, 0, 0, 0, 0, , 0, 0, 0, 0, 0, 
744, 0, 625, -1, -1, 109, 120, 140.0, 12, , 0, 0, 0, 0, , 0, 0, 0, 0, 0, 
745, 1, 626, 941, -1, 101, 127, 148.0, 12, ABaraaapppa, 0, 0, 0, 0, , 0, 0, 0, 0, 0, 
746, 0, 627, -1, -1, 98, 161, 158.0, 12, , 0, 0, 0, 0, , 0, 0, 0, 0, 0, 
747, 0, 628, -1, -1, 109, 151, 158.0, 12, , 0, 0, 0, 0, , 0, 0, 0, 0, 0, 
748, 0, 629, -1, -1, 109, 151, 159.0, 12, , 0, 0, 0, 0, , 0, 0, 0, 0, 0, 
749, 1, 631, 945, -1, 115, 104, 129.0, 13, ABaraaaapap, 0, 0, 0, 0, , 0, 0, 0, 0, 0, 
750, 1, 630, 946, -1, 123, 101, 121.0, 12, ABaraapaaaa, 0, 0, 0, 0, , 0, 0, 0, 0, 0, 
751, 0, 632, -1, -1, 119, 89, 112.0, 14, , 0, 0, 0, 0, , 0, 0, 0, 0, 0, 
752, 1, 633, 948, -1, 119, 87, 101.5, 12, ABaraapaapa, 0, 0, 0, 0, , 0, 0, 0, 0, 0, 
753, 1, 634, 949, -1, 154, 77, 88.0, 14, ABaraapaapp, 0, 0, 0, 0, , 0, 0, 0, 0, 0, 
754, 1, 635, 950, -1, 166, 96, 101.0, 15, ABaraapapaa, 0, 0, 0, 0, , 0, 0, 0, 0, 0, 
755, 1, 636, 951, -1, 168, 88, 82.0, 14, ABaraapapap, 0, 0, 0, 0, , 0, 0, 0, 0, 0, 
756, 1, 637, 952, -1, 175, 108, 93.0, 12, ABaraapappa, 0, 0, 0, 0, , 0, 0, 0, 0, 0, 
757, 1, 638, 953, -1, 177, 114, 112.0, 14, ABaraapappp, 0, 0, 0, 0, , 0, 0, 0, 0, 0, 
758, 1, 639, 954, -1, 109, 88, 123.0, 15, ABaraappaaa, 0, 0, 0, 0, , 0, 0, 0, 0, 0, 
759, 1, 640, 955, -1, 118, 91, 133.0, 13, ABaraappaap, 0, 0, 0, 0, , 0, 0, 0, 0, 0, 
760, 1, 641, 956, -1, 113, 78, 139.0, 13, ABaraappapa, 0, 0, 0, 0, , 0, 0, 0, 0, 0, 
761, 1, 642, 957, -1, 150, 56, 135.0, 15, MSpaapaaa, 0, 0, 0, 0, , 0, 0, 0, 0, 0, 
762, 1, 643, 958, -1, 161, 78, 157.0, 15, ABaraapppaa, 0, 0, 0, 0, , 0, 0, 0, 0, 0, 
763, 1, 644, 959, -1, 156, 58, 158.0, 14, ABaraapppap, 0, 0, 0, 0, , 0, 0, 0, 0, 0, 
764, 1, 645, 960, -1, 168, 81, 173.0, 12, ABaraappppa, 0, 0, 0, 0, , 0, 0, 0, 0, 0, 
765, 1, 646, 961, -1, 172, 96, 161.0, 12, ABaraappppp, 0, 0, 0, 0, , 0, 0, 0, 0, 0, 
766, 1, 647, 962, -1, 134, 112, 151.0, 13, ABarapaaaaa, 0, 0, 0, 0, , 0, 0, 0, 0, 0, 
767, 1, 648, 963, -1, 152, 123, 156.0, 10, ABarapaaaap, 0, 0, 0, 0, , 0, 0, 0, 0, 0, 
768, 1, 649, 964, -1, 143, 119, 153.0, 11, ABarapaaapa, 0, 0, 0, 0, , 0, 0, 0, 0, 0, 
769, 1, 650, 965, -1, 128, 88, 156.0, 11, ABarapaapaa, 0, 0, 0, 0, , 0, 0, 0, 0, 0, 
770, 1, 651, 966, -1, 136, 62, 158.5, 13, ABarapaapap, 0, 0, 0, 0, , 0, 0, 0, 0, 0, 
771, 1, 652, 967, -1, 132, 78, 169.0, 12, ABarapaappa, 0, 0, 0, 0, , 0, 0, 0, 0, 0, 
772, 1, 653, 968, -1, 156, 92, 158.0, 12, ABarapaappp, 0, 0, 0, 0, , 0, 0, 0, 0, 0, 
773, 1, 654, 969, -1, 143, 104, 169.0, 14, ABarapapaap, 0, 0, 0, 0, , 0, 0, 0, 0, 0, 
774, 1, 655, 970, -1, 131, 132, 140.0, 12, ABarapapapa, 0, 0, 0, 0, , 0, 0, 0, 0, 0, 
775, 0, 656, -1, -1, 194, 113, 152.0, 14, , 0, 0, 0, 0, , 0, 0, 0, 0, 0, 
776, 0, 657, -1, -1, 193, 112, 149.0, 14, , 0, 0, 0, 0, , 0, 0, 0, 0, 0, 
777, 1, 658, 973, -1, 195, 109, 137.0, 14, ABalpappapp, 0, 0, 0, 0, , 0, 0, 0, 0, 0, 
778, 1, 659, 974, -1, 193, 113, 152.0, 12, ABarapapapp, 0, 0, 0, 0, , 0, 0, 0, 0, 0, 
779, 1, 660, 975, -1, 141, 91, 166.0, 12, ABarapappaa, 0, 0, 0, 0, , 0, 0, 0, 0, 0, 
780, 1, 661, 976, -1, 181, 119, 142.0, 15, ABarapapppa, 0, 0, 0, 0, , 0, 0, 0, 0, 0, 
781, 1, 662, 977, -1, 161, 108, 166.5, 15, ABarapapppp, 0, 0, 0, 0, , 0, 0, 0, 0, 0, 
782, 1, 663, 978, -1, 113, 146, 145.5, 13, ABalpapaapa, 0, 0, 0, 0, , 0, 0, 0, 0, 0, 
783, 1, 664, 979, -1, 114, 133, 155.5, 12, ABarappaaaa, 0, 0, 0, 0, , 0, 0, 0, 0, 0, 
784, 0, 665, -1, -1, 153, 149, 160.5, 13, , 0, 0, 0, 0, , 0, 0, 0, 0, 0, 
785, 1, 666, 981, -1, 166, 164, 179.0, 15, ABarappapap, 0, 0, 0, 0, , 0, 0, 0, 0, 0, 
786, 1, 667, 982, -1, 201, 83, 146.5, 15, MSpapappp, 0, 0, 0, 0, , 0, 0, 0, 0, 0, 
787, 0, 668, -1, -1, 211, 141, 161.0, 13, , 0, 0, 0, 0, , 0, 0, 0, 0, 0, 
788, 0, 669, -1, -1, 189, 144, 193.0, 13, , 0, 0, 0, 0, , 0, 0, 0, 0, 0, 
789, 1, 670, 985, -1, 117, 119, 163.0, 10, ABarapppaaa, 0, 0, 0, 0, , 0, 0, 0, 0, 0, 
790, 1, 671, 986, -1, 109, 151, 157.0, 13, ABarapppaap, 0, 0, 0, 0, , 0, 0, 0, 0, 0, 
791, 0, 672, -1, -1, 123, 158, 147.0, 11, , 0, 0, 0, 0, , 0, 0, 0, 0, 0, 
792, 1, 673, 988, -1, 150, 161, 167.0, 12, ABarapppapa, 0, 0, 0, 0, , 0, 0, 0, 0, 0, 
793, 1, 674, 989, -1, 118, 162, 174.0, 14, ABarapppapp, 0, 0, 0, 0, , 0, 0, 0, 0, 0, 
794, 1, 675, 990, -1, 120, 102, 189.0, 13, ABarappppaa, 0, 0, 0, 0, , 0, 0, 0, 0, 0, 
795, 1, 676, 991, -1, 124, 126, 171.0, 13, ABarappppap, 0, 0, 0, 0, , 0, 0, 0, 0, 0, 
796, 1, 677, 992, -1, 139, 145, 166.0, 15, ABarapppppa, 0, 0, 0, 0, , 0, 0, 0, 0, 0, 
797, 1, 678, 993, -1, 126, 142, 162.0, 11, ABarapppppp, 0, 0, 0, 0, , 0, 0, 0, 0, 0, 
798, 1, 679, 994, -1, 71, 130, 130.0, 12, ABarpaaaaal, 0, 0, 0, 0, , 0, 0, 0, 0, 0, 
799, 1, 680, 995, -1, 75, 116, 121.0, 14, ABarpaaaapa, 0, 0, 0, 0, , 0, 0, 0, 0, 0, 
800, 1, 681, 996, -1, 71, 123, 98.0, 12, ABarpaaaapp, 0, 0, 0, 0, , 0, 0, 0, 0, 0, 
801, 1, 682, 997, -1, 73, 110, 133.0, 12, ABarpaaapaa, 0, 0, 0, 0, , 0, 0, 0, 0, 0, 
802, 1, 683, 998, -1, 63, 106, 156.0, 13, ABarpaaapap, 0, 0, 0, 0, , 0, 0, 0, 0, 0, 
803, 1, 684, 999, -1, 53, 110, 136.5, 15, ABarpaapaa, 0, 0, 0, 0, , 0, 0, 0, 0, 0, 
804, 1, 685, 1000, -1, 79, 67, 109.5, 15, ABarpaapap, 0, 0, 0, 0, , 0, 0, 0, 0, 0, 
805, 1, 686, 1001, -1, 97, 59, 95.0, 14, ABarpaappa, 0, 0, 0, 0, , 0, 0, 0, 0, 0, 
806, 1, 687, 1002, -1, 127, 44, 164.5, 14, ABarpaappp, 0, 0, 0, 0, , 0, 0, 0, 0, 0, 
807, 1, 688, 1003, -1, 82, 95, 136.0, 13, ABalappppap, 0, 0, 0, 0, , 0, 0, 0, 0, 0, 
808, 1, 689, 1004, -1, 68, 89, 134.0, 13, ABalapppapp, 0, 0, 0, 0, , 0, 0, 0, 0, 0, 
809, 1, 690, 1005, -1, 84, 95, 133.0, 13, ABarpapaaaa, 0, 0, 0, 0, , 0, 0, 0, 0, 0, 
810, 1, 691, 1006, -1, 70, 84, 148.0, 14, ABarpapaaap, 0, 0, 0, 0, , 0, 0, 0, 0, 0, 
811, 1, 692, 1007, -1, 74, 97, 147.0, 13, ABarpapaappa, 0, 0, 0, 0, , 0, 0, 0, 0, 0, 
812, 1, 693, 1008, -1, 91, 75, 146.0, 13, ABarpapaappp, 0, 0, 0, 0, , 0, 0, 0, 0, 0, 
813, 1, 694, 1009, -1, 60, 128, 133.0, 15, ABarpapapa, 0, 0, 0, 0, , 0, 0, 0, 0, 0, 
814, 1, 695, 1010, -1, 64, 81, 117.0, 15, ABarpapapp, 0, 0, 0, 0, , 0, 0, 0, 0, 0, 
815, 1, 696, 1011, -1, 79, 129, 171.5, 13, ABarpappaa, 0, 0, 0, 0, , 0, 0, 0, 0, 0, 
816, 1, 697, 1012, -1, 95, 131, 198.0, 14, ABarpappap, 0, 0, 0, 0, , 0, 0, 0, 0, 0, 
817, 1, 698, 1013, -1, 121, 95, 66.0, 15, ABarppaaaa, 0, 0, 0, 0, , 0, 0, 0, 0, 0, 
818, 1, 699, 1014, -1, 153, 37, 164.0, 12, ABarppaapa, 0, 0, 0, 0, , 0, 0, 0, 0, 0, 
819, 1, 700, 1015, -1, 189, 88, 73.0, 16, ABarppaapp, 0, 0, 0, 0, , 0, 0, 0, 0, 0, 
820, 1, 701, 1016, -1, 112, 55, 166.0, 12, ABarpppaaa, 0, 0, 0, 0, , 0, 0, 0, 0, 0, 
821, 1, 702, 1017, -1, 157, 87, 62.0, 15, ABarpppapa, 0, 0, 0, 0, , 0, 0, 0, 0, 0, 
822, 1, 703, 1018, -1, 178, 47, 169.0, 15, ABarpppapp, 0, 0, 0, 0, , 0, 0, 0, 0, 0, 
823, 1, 704, 1019, -1, 87, 104, 108.5, 15, ABplaaaaaaa, 0, 0, 0, 0, , 0, 0, 0, 0, 0, 
824, 1, 705, 1020, -1, 84, 104, 87.0, 12, ABplaaaaaap, 0, 0, 0, 0, , 0, 0, 0, 0, 0, 
825, 1, 706, 1021, -1, 85, 112, 98.0, 12, ABplaaaaappa, 0, 0, 0, 0, , 0, 0, 0, 0, 0, 
826, 1, 707, 1022, -1, 105, 99, 91.0, 12, ABplaaaaappp, 0, 0, 0, 0, , 0, 0, 0, 0, 0, 
827, 1, 708, 1023, -1, 56, 122, 116.0, 15, ABplaaaapa, 0, 0, 0, 0, , 0, 0, 0, 0, 0, 
828, 1, 709, 1024, -1, 55, 94, 120.5, 14, ABplaaaapp, 0, 0, 0, 0, , 0, 0, 0, 0, 0, 
829, 1, 710, 1025, -1, 84, 154, 108.5, 15, ABplaaapaa, 0, 0, 0, 0, , 0, 0, 0, 0, 0, 
830, 1, 711, 1026, -1, 112, 174, 102.5, 15, ABplaaapap, 0, 0, 0, 0, , 0, 0, 0, 0, 0, 
831, 0, 712, -1, -1, 84, 124, 137.0, 14, , 0, 0, 0, 0, , 0, 0, 0, 0, 0, 
832, 1, 713, 1028, -1, 69, 136, 115.0, 13, ABplaapaaap, 0, 0, 0, 0, , 0, 0, 0, 0, 0, 
833, 0, 714, -1, -1, 85, 141, 109.0, 11, , 0, 0, 0, 0, , 0, 0, 0, 0, 0, 
834, 0, 715, -1, -1, 112, 131, 91.0, 11, , 0, 0, 0, 0, , 0, 0, 0, 0, 0, 
835, 0, 716, -1, -1, 99, 142, 90.0, 12, , 0, 0, 0, 0, , 0, 0, 0, 0, 0, 
836, 0, 717, -1, -1, 105, 146, 82.0, 15, , 0, 0, 0, 0, , 0, 0, 0, 0, 0, 
837, 1, 718, 1032, -1, 176, 129, 82.0, 15, ABplaapapaa, 0, 0, 0, 0, , 0, 0, 0, 0, 0, 
838, 1, 719, 1033, -1, 163, 118, 53.0, 14, ABarppaaap, 0, 0, 0, 0, , 0, 0, 0, 0, 0, 
839, 1, 720, 1034, -1, 167, 119, 69.0, 13, ABplaapapap, 0, 0, 0, 0, , 0, 0, 0, 0, 0, 
840, 1, 721, 1035, -1, 164, 119, 77.0, 15, ABplaapappa, 0, 0, 0, 0, , 0, 0, 0, 0, 0, 
841, 1, 722, 1036, -1, 144, 134, 64.0, 12, ABplaapapppa, 0, 0, 0, 0, , 0, 0, 0, 0, 0, 
842, 1, 723, 1037, -1, 156, 112, 63.0, 12, ABplaapapppp, 0, 0, 0, 0, , 0, 0, 0, 0, 0, 
843, 1, 724, 1038, -1, 127, 174, 135.0, 13, ABalppapapp, 0, 0, 0, 0, , 0, 0, 0, 0, 0, 
844, 1, 725, 1039, -1, 107, 177, 145.0, 15, ABplaappaa, 0, 0, 0, 0, , 0, 0, 0, 0, 0, 
845, 1, 726, 1040, -1, 142, 179, 156.0, 15, ABplaappap, 0, 0, 0, 0, , 0, 0, 0, 0, 0, 
846, 1, 727, 1041, -1, 170, 184, 131.0, 13, ABplaapppa, 0, 0, 0, 0, , 0, 0, 0, 0, 0, 
847, 1, 728, 1042, -1, 200, 154, 84.0, 17, ABplaapppp, 0, 0, 0, 0, , 0, 0, 0, 0, 0, 
848, 1, 729, 1043, -1, 140, 100, 64.5, 14, ABplapaaaap, 0, 0, 0, 0, , 0, 0, 0, 0, 0, 
849, 1, 730, 1044, -1, 183, 127, 71.0, 15, ABplapaaapa, 0, 0, 0, 0, , 0, 0, 0, 0, 0, 
850, 1, 731, 1045, -1, 194, 114, 72.0, 15, ABplapaaapp, 0, 0, 0, 0, , 0, 0, 0, 0, 0, 
851, 1, 732, 1046, -1, 196, 173, 134.0, 13, ABplapaapa, 0, 0, 0, 0, , 0, 0, 0, 0, 0, 
852, 1, 733, 1047, -1, 209, 139, 83.5, 17, ABplapaapp, 0, 0, 0, 0, , 0, 0, 0, 0, 0, 
853, 1, 734, 1048, -1, 274, 149, 94.0, 16, ABplapapap, 0, 0, 0, 0, , 0, 0, 0, 0, 0, 
854, 1, 735, 1049, -1, 275, 166, 103.5, 17, ABplapappa, 0, 0, 0, 0, , 0, 0, 0, 0, 0, 
855, 0, 736, -1, -1, 304, 155, 123.0, 12, , 0, 0, 0, 0, , 0, 0, 0, 0, 0, 
856, 1, 736, 1051, -1, 304, 156, 122.0, 12, ABplapappppa, 0, 0, 0, 0, , 0, 0, 0, 0, 0, 
857, 1, 737, 1052, -1, 323, 162, 132.0, 14, ABplapappppp, 0, 0, 0, 0, , 0, 0, 0, 0, 0, 
858, 1, 738, 1053, -1, 220, 119, 85.5, 16, ABplappaaa, 0, 0, 0, 0, , 0, 0, 0, 0, 0, 
859, 1, 739, 1054, -1, 246, 116, 87.0, 15, ABplappaap, 0, 0, 0, 0, , 0, 0, 0, 0, 0, 
860, 1, 740, 1055, -1, 265, 128, 94.0, 14, ABplappapp, 0, 0, 0, 0, , 0, 0, 0, 0, 0, 
861, 1, 741, 1056, -1, 289, 168, 109.0, 14, ABplapppaaa, 0, 0, 0, 0, , 0, 0, 0, 0, 0, 
862, 1, 742, 1057, -1, 286, 163, 139.0, 15, ABplapppapp, 0, 0, 0, 0, , 0, 0, 0, 0, 0, 
863, 1, 743, 1058, -1, 248, 161, 159.5, 15, ABplappppa, 0, 0, 0, 0, , 0, 0, 0, 0, 0, 
864, 1, 744, 1059, -1, 139, 153, 103.5, 14, ABplpaaaaaa, 0, 0, 0, 0, , 0, 0, 0, 0, 0, 
865, 1, 745, 1060, -1, 166, 164, 92.0, 13, ABplpaaaaap, 0, 0, 0, 0, , 0, 0, 0, 0, 0, 
866, 1, 746, 1061, -1, 178, 164, 157.0, 12, ABplpaaaapa, 0, 0, 0, 0, , 0, 0, 0, 0, 0, 
867, 1, 747, 1062, -1, 217, 142, 141.0, 12, ABplpaaaapp, 0, 0, 0, 0, , 0, 0, 0, 0, 0, 
868, 1, 748, 1063, -1, 124, 168, 127.0, 12, ABplpaaapaa, 0, 0, 0, 0, , 0, 0, 0, 0, 0, 
869, 1, 749, 1064, -1, 126, 176, 121.0, 12, ABplpaaapap, 0, 0, 0, 0, , 0, 0, 0, 0, 0, 
870, 1, 750, 1065, -1, 134, 163, 113.5, 15, ABplpaaappa, 0, 0, 0, 0, , 0, 0, 0, 0, 0, 
871, 1, 752, 1066, -1, 149, 165, 112.5, 14, ABplpaaappp, 0, 0, 0, 0, , 0, 0, 0, 0, 0, 
872, 0, 753, -1, -1, 165, 156, 69.5, 13, , 0, 0, 0, 0, , 0, 0, 0, 0, 0, 
873, 1, 754, 1068, -1, 87, 148, 91.0, 13, ABplpaapapa, 0, 0, 0, 0, , 0, 0, 0, 0, 0, 
874, 1, 755, 1069, -1, 141, 181, 130.0, 12, ABplpaapapp, 0, 0, 0, 0, , 0, 0, 0, 0, 0, 
875, 1, 756, 1070, -1, 168, 149, 80.0, 13, ABplpaappaa, 0, 0, 0, 0, , 0, 0, 0, 0, 0, 
876, 0, 757, -1, -1, 172, 146, 68.0, 13, , 0, 0, 0, 0, , 0, 0, 0, 0, 0, 
877, 0, 758, -1, -1, 171, 146, 72.0, 13, , 0, 0, 0, 0, , 0, 0, 0, 0, 0, 
878, 0, 759, -1, -1, 176, 166, 128.0, 12, , 0, 0, 0, 0, , 0, 0, 0, 0, 0, 
879, 0, 760, -1, -1, 176, 166, 128.0, 12, , 0, 0, 0, 0, , 0, 0, 0, 0, 0, 
880, 1, 761, 1075, -1, 164, 147, 135.0, 13, ABplpapaaaa, 0, 0, 0, 0, , 0, 0, 0, 0, 0, 
881, 0, 762, -1, -1, 165, 152, 118.5, 15, , 0, 0, 0, 0, , 0, 0, 0, 0, 0, 
882, 0, 763, -1, -1, 178, 163, 145.0, 12, , 0, 0, 0, 0, , 0, 0, 0, 0, 0, 
883, 0, 764, -1, -1, 155, 154, 150.0, 11, , 0, 0, 0, 0, , 0, 0, 0, 0, 0, 
884, 1, 765, 1079, -1, 154, 158, 139.0, 11, ABplpapaapp, 0, 0, 0, 0, , 0, 0, 0, 0, 0, 
885, 0, 766, -1, -1, 186, 148, 124.0, 12, , 0, 0, 0, 0, , 0, 0, 0, 0, 0, 
886, 0, 767, -1, -1, 184, 155, 135.0, 11, , 0, 0, 0, 0, , 0, 0, 0, 0, 0, 
887, 1, 768, 1082, -1, 200, 161, 142.5, 13, ABplpapappa, 0, 0, 0, 0, , 0, 0, 0, 0, 0, 
888, 0, 769, -1, -1, 236, 116, 156.0, 13, , 0, 0, 0, 0, , 0, 0, 0, 0, 0, 
889, 1, 770, 1084, -1, 140, 144, 146.0, 13, ABplpappaaa, 0, 0, 0, 0, , 0, 0, 0, 0, 0, 
890, 0, 771, -1, -1, 178, 133, 164.0, 15, , 0, 0, 0, 0, , 0, 0, 0, 0, 0, 
891, 1, 772, 1086, -1, 274, 147, 142.0, 13, ABplpapppaa, 0, 0, 0, 0, , 0, 0, 0, 0, 0, 
892, 1, 773, 1087, -1, 275, 128, 170.5, 13, ABplpapppap, 0, 0, 0, 0, , 0, 0, 0, 0, 0, 
893, 1, 774, 1088, -1, 278, 130, 148.0, 13, ABplpappppa, 0, 0, 0, 0, , 0, 0, 0, 0, 0, 
894, 1, 775, 1089, -1, 283, 146, 160.0, 12, ABplpappppp, 0, 0, 0, 0, , 0, 0, 0, 0, 0, 
895, 1, 776, 1090, -1, 163, 178, 92.0, 13, ABplppaaaaa, 0, 0, 0, 0, , 0, 0, 0, 0, 0, 
896, 0, 777, -1, -1, 175, 165, 125.0, 10, , 0, 0, 0, 0, , 0, 0, 0, 0, 0, 
897, 0, 778, -1, -1, 180, 182, 144.0, 13, , 0, 0, 0, 0, , 0, 0, 0, 0, 0, 
898, 0, 779, -1, -1, 207, 151, 151.0, 10, , 0, 0, 0, 0, , 0, 0, 0, 0, 0, 
899, 0, 780, -1, -1, 208, 146, 138.5, 13, , 0, 0, 0, 0, , 0, 0, 0, 0, 0, 
900, 0, 781, -1, -1, 246, 118, 149.0, 13, , 0, 0, 0, 0, , 0, 0, 0, 0, 0, 
901, 1, 782, 1096, -1, 209, 161, 124.5, 13, ABplppapaaa, 0, 0, 0, 0, , 0, 0, 0, 0, 0, 
902, 1, 783, 1097, -1, 202, 131, 131.5, 12, ABplppapaap, 0, 0, 0, 0, , 0, 0, 0, 0, 0, 
903, 1, 784, 1098, -1, 219, 114, 135.0, 13, ABplppapapa, 0, 0, 0, 0, , 0, 0, 0, 0, 0, 
904, 1, 785, 1099, -1, 247, 114, 135.0, 13, ABplppapapp, 0, 0, 0, 0, , 0, 0, 0, 0, 0, 
905, 0, 786, -1, -1, 207, 147, 139.5, 11, , 0, 0, 0, 0, , 0, 0, 0, 0, 0, 
906, 1, 787, 1101, -1, 232, 115, 144.0, 13, ABplppapppa, 0, 0, 0, 0, , 0, 0, 0, 0, 0, 
907, 1, 788, 1102, -1, 254, 121, 143.0, 12, ABplppapppp, 0, 0, 0, 0, , 0, 0, 0, 0, 0, 
908, 1, 789, 1103, -1, 249, 144, 137.0, 13, ABplpppaaaa, 0, 0, 0, 0, , 0, 0, 0, 0, 0, 
909, 1, 790, 1104, -1, 258, 130, 130.5, 13, ABplpppaaap, 0, 0, 0, 0, , 0, 0, 0, 0, 0, 
910, 1, 791, 1105, -1, 286, 156, 120.0, 13, ABplpppaapa, 0, 0, 0, 0, , 0, 0, 0, 0, 0, 
911, 1, 792, 1106, -1, 274, 168, 127.0, 12, ABplpppaapp, 0, 0, 0, 0, , 0, 0, 0, 0, 0, 
912, 1, 793, 1107, -1, 268, 166, 137.0, 13, ABplpppapaa, 0, 0, 0, 0, , 0, 0, 0, 0, 0, 
913, 1, 794, 1108, -1, 259, 164, 176.0, 13, ABplpppapap, 0, 0, 0, 0, , 0, 0, 0, 0, 0, 
914, 1, 795, 1109, -1, 271, 137, 135.0, 12, ABplppppaaa, 0, 0, 0, 0, , 0, 0, 0, 0, 0, 
915, 1, 796, 1110, -1, 287, 140, 139.0, 13, ABplppppaap, 0, 0, 0, 0, , 0, 0, 0, 0, 0, 
916, 0, 797, -1, -1, 252, 156, 149.0, 14, , 0, 0, 0, 0, , 0, 0, 0, 0, 0, 
917, 0, 798, -1, -1, 253, 153, 146.0, 12, , 0, 0, 0, 0, , 0, 0, 0, 0, 0, 
918, 1, 799, 1113, -1, 266, 152, 154.5, 13, ABplppppapp, 0, 0, 0, 0, , 0, 0, 0, 0, 0, 
919, 1, 800, 1114, -1, 263, 154, 131.0, 13, Capappp, 0, 0, 0, 0, , 0, 0, 0, 0, 0, 
920, 0, 801, -1, -1, 252, 157, 149.0, 14, , 0, 0, 0, 0, , 0, 0, 0, 0, 0, 
921, 0, 802, -1, -1, 254, 153, 144.0, 12, , 0, 0, 0, 0, , 0, 0, 0, 0, 0, 
922, 1, 803, 1117, -1, 287, 128, 130.0, 13, ABplpppppaa, 0, 0, 0, 0, , 0, 0, 0, 0, 0, 
923, 1, 804, 1118, -1, 294, 139, 115.0, 13, ABplpppppap, 0, 0, 0, 0, , 0, 0, 0, 0, 0, 
924, 0, 805, -1, -1, 289, 158, 165.5, 13, , 0, 0, 0, 0, , 0, 0, 0, 0, 0, 
925, 0, 806, -1, -1, 285, 159, 178.5, 12, , 0, 0, 0, 0, , 0, 0, 0, 0, 0, 
926, 1, 807, 1121, -1, 314, 153, 145.5, 14, Cappppd, 0, 0, 0, 0, , 0, 0, 0, 0, 0, 
927, 1, 808, 1122, -1, 302, 161, 158.5, 14, ABplppppppp, 0, 0, 0, 0, , 0, 0, 0, 0, 0, 
928, 1, 809, 1123, -1, 107, 136, 169.0, 13, ABpraaaaaap, 0, 0, 0, 0, , 0, 0, 0, 0, 0, 
929, 1, 810, 1124, -1, 88, 128, 173.0, 11, ABpraaaaapd, 0, 0, 0, 0, , 0, 0, 0, 0, 0, 
930, 1, 811, 1125, -1, 97, 129, 184.0, 13, ABpraaaaapv, 0, 0, 0, 0, , 0, 0, 0, 0, 0, 
931, 1, 812, 1126, -1, 114, 134, 189.0, 13, ABpraaaapad, 0, 0, 0, 0, , 0, 0, 0, 0, 0, 
932, 1, 813, 1127, -1, 142, 122, 208.0, 13, ABpraaaapav, 0, 0, 0, 0, , 0, 0, 0, 0, 0, 
933, 1, 814, 1128, -1, 112, 84, 191.0, 12, ABpraaaappp, 0, 0, 0, 0, , 0, 0, 0, 0, 0, 
934, 1, 815, 1129, -1, 130, 79, 179.0, 13, ABpraaapaad, 0, 0, 0, 0, , 0, 0, 0, 0, 0, 
935, 0, 816, -1, -1, 105, 85, 167.0, 14, , 0, 0, 0, 0, , 0, 0, 0, 0, 0, 
936, 1, 817, 1131, -1, 107, 83, 168.0, 14, ABpraaapapa, 0, 0, 0, 0, , 0, 0, 0, 0, 0, 
937, 1, 818, 1132, -1, 145, 106, 192.0, 13, ABpraaappaa, 0, 0, 0, 0, , 0, 0, 0, 0, 0, 
938, 1, 819, 1133, -1, 139, 95, 195.0, 12, ABpraaappap, 0, 0, 0, 0, , 0, 0, 0, 0, 0, 
939, 1, 820, 1134, -1, 150, 81, 201.0, 12, ABpraaapppaa, 0, 0, 0, 0, , 0, 0, 0, 0, 0, 
940, 1, 821, 1135, -1, 156, 70, 207.0, 10, ABpraaapppap, 0, 0, 0, 0, , 0, 0, 0, 0, 0, 
941, 1, 822, 1136, -1, 128, 95, 209.5, 14, ABpraaappppa, 0, 0, 0, 0, , 0, 0, 0, 0, 0, 
942, 1, 823, 1137, -1, 137, 107, 212.5, 13, ABpraaappppp, 0, 0, 0, 0, , 0, 0, 0, 0, 0, 
943, 0, 824, -1, -1, 84, 124, 140.0, 15, , 0, 0, 0, 0, , 0, 0, 0, 0, 0, 
944, 1, 825, 1139, -1, 84, 125, 142.0, 13, ABpraapaaaa, 0, 0, 0, 0, , 0, 0, 0, 0, 0, 
945, 1, 826, 1140, -1, 64, 122, 153.0, 13, ABpraapaaap, 0, 0, 0, 0, , 0, 0, 0, 0, 0, 
946, 1, 827, 1141, -1, 91, 106, 176.0, 14, ABpraapaapa, 0, 0, 0, 0, , 0, 0, 0, 0, 0, 
947, 1, 828, 1142, -1, 94, 105, 187.0, 14, ABpraapaapp, 0, 0, 0, 0, , 0, 0, 0, 0, 0, 
948, 1, 829, 1143, -1, 161, 88, 190.0, 12, ABpraapapaa, 0, 0, 0, 0, , 0, 0, 0, 0, 0, 
949, 1, 830, 1144, -1, 150, 72, 188.0, 13, ABpraapapap, 0, 0, 0, 0, , 0, 0, 0, 0, 0, 
950, 1, 831, 1145, -1, 145, 71, 182.0, 12, ABpraapappa, 0, 0, 0, 0, , 0, 0, 0, 0, 0, 
951, 1, 832, 1146, -1, 129, 85, 197.0, 13, ABpraapapppa, 0, 0, 0, 0, , 0, 0, 0, 0, 0, 
952, 1, 832, 1147, -1, 139, 72, 198.0, 13, ABpraapapppp, 0, 0, 0, 0, , 0, 0, 0, 0, 0, 
953, 1, 833, 1148, -1, 103, 164, 169.0, 12, ABpraappaa, 0, 0, 0, 0, , 0, 0, 0, 0, 0, 
954, 0, 834, -1, -1, 104, 165, 157.5, 14, , 0, 0, 0, 0, , 0, 0, 0, 0, 0, 
955, 1, 835, 1150, -1, 112, 167, 153.5, 14, ABalpapaaap, 0, 0, 0, 0, , 0, 0, 0, 0, 0, 
956, 1, 836, 1151, -1, 143, 160, 192.0, 14, ABpraappap, 0, 0, 0, 0, , 0, 0, 0, 0, 0, 
957, 1, 837, 1152, -1, 179, 161, 191.0, 12, ABpraapppa, 0, 0, 0, 0, , 0, 0, 0, 0, 0, 
958, 1, 838, 1153, -1, 182, 87, 207.0, 16, ABpraapppp, 0, 0, 0, 0, , 0, 0, 0, 0, 0, 
959, 1, 839, 1154, -1, 133, 61, 179.0, 17, ABprapaaaap, 0, 0, 0, 0, , 0, 0, 0, 0, 0, 
960, 1, 840, 1155, -1, 168, 74, 193.0, 15, ABprapaaapa, 0, 0, 0, 0, , 0, 0, 0, 0, 0, 
961, 1, 841, 1156, -1, 182, 65, 187.0, 13, ABprapaaapp, 0, 0, 0, 0, , 0, 0, 0, 0, 0, 
962, 1, 842, 1157, -1, 178, 146, 194.0, 13, ABarappappp, 0, 0, 0, 0, , 0, 0, 0, 0, 0, 
963, 1, 843, 1158, -1, 190, 144, 192.0, 15, ABprapaapa, 0, 0, 0, 0, , 0, 0, 0, 0, 0, 
964, 1, 844, 1159, -1, 197, 82, 196.5, 14, ABprapaapp, 0, 0, 0, 0, , 0, 0, 0, 0, 0, 
965, 1, 845, 1160, -1, 280, 96, 193.0, 15, ABprapapap, 0, 0, 0, 0, , 0, 0, 0, 0, 0, 
966, 1, 846, 1161, -1, 285, 112, 203.0, 17, ABprapappa, 0, 0, 0, 0, , 0, 0, 0, 0, 0, 
967, 1, 847, 1162, -1, 321, 127, 172.5, 14, ABprapapppp, 0, 0, 0, 0, , 0, 0, 0, 0, 0, 
968, 0, 848, -1, -1, 308, 112, 195.0, 13, , 0, 0, 0, 0, , 0, 0, 0, 0, 0, 
969, 1, 849, 1164, -1, 323, 102, 184.66667, 13, ABprapppaap, 0, 0, 0, 0, , 0, 0, 0, 0, 0, 
970, 1, 850, 1165, -1, 261, 150, 189.0, 15, ABprappppa, 0, 0, 0, 0, , 0, 0, 0, 0, 0, 
971, 1, 851, 1166, -1, 314, 141, 177.0, 15, ABprappppp, 0, 0, 0, 0, , 0, 0, 0, 0, 0, 
972, 1, 852, 1168, -1, 304, 128, 178.0, 14, ABprapppapp, 0, 0, 0, 0, , 0, 0, 0, 0, 0, 
973, 1, 853, 1169, -1, 151, 118, 203.0, 14, ABprpaaaaap, 0, 0, 0, 0, , 0, 0, 0, 0, 0, 
974, 1, 854, 1170, -1, 186, 162, 173.0, 14, ABprpaaaapa, 0, 0, 0, 0, , 0, 0, 0, 0, 0, 
975, 1, 855, 1171, -1, 222, 131, 153.0, 14, ABprpaaaapp, 0, 0, 0, 0, , 0, 0, 0, 0, 0, 
976, 0, 856, -1, -1, 112, 148, 170.0, 13, , 0, 0, 0, 0, , 0, 0, 0, 0, 0, 
977, 1, 857, 1173, -1, 111, 148, 169.0, 13, ABprpaaapaa, 0, 0, 0, 0, , 0, 0, 0, 0, 0, 
978, 0, 858, -1, -1, 131, 156, 182.0, 13, , 0, 0, 0, 0, , 0, 0, 0, 0, 0, 
979, 1, 859, 1175, -1, 126, 133, 179.0, 13, ABprpaaappa, 0, 0, 0, 0, , 0, 0, 0, 0, 0, 
980, 1, 860, 1176, -1, 138, 135, 186.0, 13, ABprpaaappp, 0, 0, 0, 0, , 0, 0, 0, 0, 0, 
981, 1, 861, 1177, -1, 118, 94, 180.0, 13, ABprpaapaaa, 0, 0, 0, 0, , 0, 0, 0, 0, 0, 
982, 1, 862, 1178, -1, 151, 105, 214.0, 13, ABprpaapaap, 0, 0, 0, 0, , 0, 0, 0, 0, 0, 
983, 0, 863, -1, -1, 76, 105, 180.0, 15, , 0, 0, 0, 0, , 0, 0, 0, 0, 0, 
984, 1, 864, 1180, -1, 139, 142, 177.0, 11, ABalaapappp, 0, 0, 0, 0, , 0, 0, 0, 0, 0, 
985, 1, 865, 1181, -1, 117, 150, 183.5, 13, ABprpaaapap, 0, 0, 0, 0, , 0, 0, 0, 0, 0, 
986, 1, 866, 1182, -1, 131, 155, 183.5, 13, ABprpaapapp, 0, 0, 0, 0, , 0, 0, 0, 0, 0, 
987, 1, 867, 1183, -1, 156, 98, 200.0, 15, ABprpaappaa, 0, 0, 0, 0, , 0, 0, 0, 0, 0, 
988, 0, 868, -1, -1, 189, 78, 174.82906, 14, , 0, 0, 0, 0, , 0, 0, 0, 0, 0, 
989, 1, 869, 1185, -1, 160, 89, 209.5, 14, ABprpaappap, 0, 0, 0, 0, , 0, 0, 0, 0, 0, 
990, 0, 870, -1, -1, 171, 145, 187.0, 13, , 0, 0, 0, 0, , 0, 0, 0, 0, 0, 
991, 1, 871, 1187, -1, 170, 143, 187.5, 14, ABprpaapppa, 0, 0, 0, 0, , 0, 0, 0, 0, 0, 
992, 1, 872, 1188, -1, 152, 151, 188.0, 15, ABprpaapppp, 0, 0, 0, 0, , 0, 0, 0, 0, 0, 
993, 0, 873, -1, -1, 154, 147, 178.0, 14, , 0, 0, 0, 0, , 0, 0, 0, 0, 0, 
994, 1, 874, 1190, -1, 178, 148, 174.0, 13, ABprpapaaap, 0, 0, 0, 0, , 0, 0, 0, 0, 0, 
995, 0, 875, -1, -1, 154, 145, 171.0, 13, , 0, 0, 0, 0, , 0, 0, 0, 0, 0, 
996, 0, 876, -1, -1, 161, 145, 169.5, 15, , 0, 0, 0, 0, , 0, 0, 0, 0, 0, 
997, 1, 877, 1193, -1, 164, 141, 166.0, 13, ABprpapaaaa, 0, 0, 0, 0, , 0, 0, 0, 0, 0, 
998, 1, 878, 1194, -1, 152, 146, 179.0, 13, ABprpapaapp, 0, 0, 0, 0, , 0, 0, 0, 0, 0, 
999, 1, 879, 1195, -1, 175, 126, 176.0, 13, ABprpapapaa, 0, 0, 0, 0, , 0, 0, 0, 0, 0, 
1000, 1, 880, 1196, -1, 174, 138, 178.0, 12, ABprpapapap, 0, 0, 0, 0, , 0, 0, 0, 0, 0, 
1001, 0, 881, -1, -1, 191, 141, 180.0, 12, , 0, 0, 0, 0, , 0, 0, 0, 0, 0, 
1002, 0, 882, -1, -1, 191, 139, 180.0, 12, , 0, 0, 0, 0, , 0, 0, 0, 0, 0, 
1003, 0, 883, -1, -1, 191, 137, 181.0, 12, , 0, 0, 0, 0, , 0, 0, 0, 0, 0, 
1004, 0, 884, -1, -1, 190, 139, 181.0, 12, , 0, 0, 0, 0, , 0, 0, 0, 0, 0, 
1005, 1, 885, 1202, -1, 256, 130, 151.0, 12, ABprpapappp, 0, 0, 0, 0, , 0, 0, 0, 0, 0, 
1006, 1, 886, 1203, -1, 136, 159, 153.5, 14, ABprpappaaa, 0, 0, 0, 0, , 0, 0, 0, 0, 0, 
1007, 1, 887, 1204, -1, 168, 153, 160.0, 15, ABprpappaap, 0, 0, 0, 0, , 0, 0, 0, 0, 0, 
1008, 1, 888, 1205, -1, 179, 133, 165.0, 13, ABprpappapa, 0, 0, 0, 0, , 0, 0, 0, 0, 0, 
1009, 1, 889, 1206, -1, 227, 127, 148.0, 13, ABprpappapp, 0, 0, 0, 0, , 0, 0, 0, 0, 0, 
1010, 0, 890, -1, -1, 151, 148, 157.5, 14, , 0, 0, 0, 0, , 0, 0, 0, 0, 0, 
1011, 1, 891, 1208, -1, 153, 142, 148.0, 13, ABprpapppaa, 0, 0, 0, 0, , 0, 0, 0, 0, 0, 
1012, 1, 892, 1209, -1, 206, 129, 174.0, 12, ABprpapppap, 0, 0, 0, 0, , 0, 0, 0, 0, 0, 
1013, 0, 893, -1, -1, 280, 119, 162.5, 12, , 0, 0, 0, 0, , 0, 0, 0, 0, 0, 
1014, 0, 894, -1, -1, 295, 144, 148.0, 12, , 0, 0, 0, 0, , 0, 0, 0, 0, 0, 
1015, 1, 895, 1212, -1, 296, 141, 145.0, 13, ABprpappppp, 0, 0, 0, 0, , 0, 0, 0, 0, 0, 
1016, 1, 896, 1213, -1, 154, 136, 207.0, 12, ABprppaaaaa, 0, 0, 0, 0, , 0, 0, 0, 0, 0, 
1017, 1, 897, 1214, -1, 167, 107, 211.0, 14, ABprppaaaap, 0, 0, 0, 0, , 0, 0, 0, 0, 0, 
1018, 1, 898, 1215, -1, 166, 124, 208.0, 13, ABprppaapap, 0, 0, 0, 0, , 0, 0, 0, 0, 0, 
1019, 0, 899, -1, -1, 202, 143, 170.0, 13, , 0, 0, 0, 0, , 0, 0, 0, 0, 0, 
1020, 1, 900, 1217, -1, 251, 118, 167.0, 12, ABprppaappp, 0, 0, 0, 0, , 0, 0, 0, 0, 0, 
1021, 1, 901, 1218, -1, 203, 137, 186.0, 12, ABprppapaaa, 0, 0, 0, 0, , 0, 0, 0, 0, 0, 
1022, 1, 902, 1219, -1, 210, 112, 155.0, 12, ABprppapaap, 0, 0, 0, 0, , 0, 0, 0, 0, 0, 
1023, 1, 903, 1220, -1, 228, 104, 158.0, 13, ABprppapapa, 0, 0, 0, 0, , 0, 0, 0, 0, 0, 
1024, 1, 904, 1221, -1, 254, 106, 156.0, 13, ABprppapapp, 0, 0, 0, 0, , 0, 0, 0, 0, 0, 
1025, 1, 905, 1222, -1, 209, 124, 164.0, 13, ABprppappaa, 0, 0, 0, 0, , 0, 0, 0, 0, 0, 
1026, 1, 906, 1223, -1, 217, 117, 153.0, 12, ABprppappap, 0, 0, 0, 0, , 0, 0, 0, 0, 0, 
1027, 1, 907, 1224, -1, 242, 104, 161.0, 10, ABprppapppa, 0, 0, 0, 0, , 0, 0, 0, 0, 0, 
1028, 1, 908, 1225, -1, 262, 122, 164.0, 12, ABprppapppp, 0, 0, 0, 0, , 0, 0, 0, 0, 0, 
1029, 1, 909, 1226, -1, 252, 131, 176.0, 12, ABprpppaaaa, 0, 0, 0, 0, , 0, 0, 0, 0, 0, 
1030, 1, 910, 1227, -1, 263, 114, 175.0, 12, ABprpppaaap, 0, 0, 0, 0, , 0, 0, 0, 0, 0, 
1031, 0, 911, -1, -1, 305, 111, 181.5, 13, , 0, 0, 0, 0, , 0, 0, 0, 0, 0, 
1032, 1, 912, 1229, -1, 305, 113, 184.0, 14, ABprpppaapa, 0, 0, 0, 0, , 0, 0, 0, 0, 0, 
1033, 0, 913, -1, -1, 308, 112, 194.0, 13, , 0, 0, 0, 0, , 0, 0, 0, 0, 0, 
1034, 1, 914, 1231, -1, 294, 120, 192.0, 12, ABprpppaapp, 0, 0, 0, 0, , 0, 0, 0, 0, 0, 
1035, 1, 915, 1232, -1, 288, 133, 189.0, 12, ABprpppapaa, 0, 0, 0, 0, , 0, 0, 0, 0, 0, 
1036, 0, 916, -1, -1, 278, 170, 173.5, 12, , 0, 0, 0, 0, , 0, 0, 0, 0, 0, 
1037, 1, 917, 1234, -1, 277, 172, 169.0, 14, ABprpppapap, 0, 0, 0, 0, , 0, 0, 0, 0, 0, 
1038, 1, 918, 1235, -1, 278, 166, 151.0, 15, Cappppv, 0, 0, 0, 0, , 0, 0, 0, 0, 0, 
1039, 1, 919, 1236, -1, 280, 119, 164.0, 13, ABprppppaaa, 0, 0, 0, 0, , 0, 0, 0, 0, 0, 
1040, 0, 920, -1, -1, 289, 129, 166.0, 12, , 0, 0, 0, 0, , 0, 0, 0, 0, 0, 
1041, 1, 921, 1238, -1, 298, 139, 161.0, 12, ABprpappppa, 0, 0, 0, 0, , 0, 0, 0, 0, 0, 
1042, 1, 922, 1239, -1, 289, 130, 168.0, 12, ABprppppaap, 0, 0, 0, 0, , 0, 0, 0, 0, 0, 
1043, 1, 923, 1240, -1, 263, 134, 185.0, 14, ABprppppapa, 0, 0, 0, 0, , 0, 0, 0, 0, 0, 
1044, 1, 924, 1241, -1, 274, 142, 176.0, 15, ABprppppapp, 0, 0, 0, 0, , 0, 0, 0, 0, 0, 
1045, 1, 925, 1242, -1, 281, 104, 166.0, 13, ABprpppppaa, 0, 0, 0, 0, , 0, 0, 0, 0, 0, 
1046, 1, 926, 1243, -1, 296, 111, 165.0, 15, ABprpppppap, 0, 0, 0, 0, , 0, 0, 0, 0, 0, 
1047, 0, 927, -1, -1, 287, 159, 165.0, 13, , 0, 0, 0, 0, , 0, 0, 0, 0, 0, 
1048, 1, 928, 1245, -1, 284, 161, 177.0, 13, ABprppppppa, 0, 0, 0, 0, , 0, 0, 0, 0, 0, 
1049, 1, 929, 1246, -1, 287, 157, 162.0, 13, ABplppppppa, 0, 0, 0, 0, , 0, 0, 0, 0, 0, 
1050, 1, 930, 1247, -1, 300, 154, 176.0, 15, ABprppppppp, 0, 0, 0, 0, , 0, 0, 0, 0, 0, 
1051, 0, 931, -1, -1, 85, 143, 115.0, 11, , 0, 0, 0, 0, , 0, 0, 0, 0, 0, 
1052, 0, 932, -1, -1, 85, 143, 113.5, 12, , 0, 0, 0, 0, , 0, 0, 0, 0, 0, 
1053, 0, 933, -1, -1, 104, 143, 121.0, 13, , 0, 0, 0, 0, , 0, 0, 0, 0, 0, 
1054, 0, 934, -1, -1, 117, 150, 106.0, 13, , 0, 0, 0, 0, , 0, 0, 0, 0, 0, 
1055, 0, 935, -1, -1, 117, 150, 108.0, 11, , 0, 0, 0, 0, , 0, 0, 0, 0, 0, 
1056, 1, 936, 1252, -1, 116, 146, 98.0, 15, ABalapaappa, 0, 0, 0, 0, , 0, 0, 0, 0, 0, 
1057, 1, 937, 1253, -1, 97, 110, 80.0, 13, ABalapapppp, 0, 0, 0, 0, , 0, 0, 0, 0, 0, 
1058, 0, 938, -1, -1, 104, 80, 163.21312, 12, , 0, 0, 0, 0, , 0, 0, 0, 0, 0, 
1059, 1, 939, 1255, -1, 111, 69, 176.0, 12, ABalappapaa, 0, 0, 0, 0, , 0, 0, 0, 0, 0, 
1060, 0, 940, -1, -1, 76, 86, 165.5, 12, , 0, 0, 0, 0, , 0, 0, 0, 0, 0, 
1061, 0, 941, -1, -1, 75, 103, 172.0, 12, , 0, 0, 0, 0, , 0, 0, 0, 0, 0, 
1062, 1, 942, 1259, -1, 77, 106, 177.0, 13, ABprpaapapa, 0, 0, 0, 0, , 0, 0, 0, 0, 0, 
1063, 1, 943, 1260, -1, 73, 104, 174.0, 12, ABalappappp, 0, 0, 0, 0, , 0, 0, 0, 0, 0, 
1064, 0, 944, -1, -1, 99, 124, 128.0, 13, , 0, 0, 0, 0, , 0, 0, 0, 0, 0, 
1065, 0, 945, -1, -1, 99, 124, 127.0, 13, , 0, 0, 0, 0, , 0, 0, 0, 0, 0, 
1066, 0, 946, -1, -1, 98, 123, 129.0, 13, , 0, 0, 0, 0, , 0, 0, 0, 0, 0, 
1067, 1, 947, 1264, -1, 95, 140, 127.0, 12, ABalpaapppp, 0, 0, 0, 0, , 0, 0, 0, 0, 0, 
1068, 1, 948, 1265, -1, 98, 141, 91.0, 12, ABplaapaapa, 0, 0, 0, 0, , 0, 0, 0, 0, 0, 
1069, 1, 949, 1266, -1, 105, 145, 80.0, 15, ABplaapaapp, 0, 0, 0, 0, , 0, 0, 0, 0, 0, 
1070, 1, 950, 1267, -1, 107, 144, 118.0, 12, ABalaaaalpp, 0, 0, 0, 0, , 0, 0, 0, 0, 0, 
1071, 0, 951, -1, -1, 152, 125, 104.85294, 15, , 0, 0, 0, 0, , 0, 0, 0, 0, 0, 
1072, 0, 952, -1, -1, 154, 125, 104.0, 15, , 0, 0, 0, 0, , 0, 0, 0, 0, 0, 
1073, 1, 953, 1269, -1, 181, 171, 123.0, 13, ABalpapappp, 0, 0, 0, 0, , 0, 0, 0, 0, 0, 
1074, 1, 954, 1270, -1, 150, 174, 133.0, 12, ABplpaappppa, 0, 0, 0, 0, , 0, 0, 0, 0, 0, 
1075, 1, 954, 1271, -1, 163, 176, 133.0, 12, ABplpaappppp, 0, 0, 0, 0, , 0, 0, 0, 0, 0, 
1076, 1, 955, 1272, -1, 185, 158, 79.0, 17, ABplppaaaap, 0, 0, 0, 0, , 0, 0, 0, 0, 0, 
1077, 0, 956, -1, -1, 111, 160, 122.0, 12, , 0, 0, 0, 0, , 0, 0, 0, 0, 0, 
1078, 0, 957, -1, -1, 108, 159, 125.0, 12, , 0, 0, 0, 0, , 0, 0, 0, 0, 0, 
1079, 0, 958, -1, -1, 116, 160, 111.0, 12, , 0, 0, 0, 0, , 0, 0, 0, 0, 0, 
1080, 1, 959, 1276, -1, 95, 118, 153.0, 12, ABaraaapppp, 0, 0, 0, 0, , 0, 0, 0, 0, 0, 
1081, 1, 960, 1277, -1, 118, 88, 111.0, 14, ABaraapaaap, 0, 0, 0, 0, , 0, 0, 0, 0, 0, 
1082, 1, 961, 1278, -1, 124, 75, 101.0, 14, MSaaapaaa, 0, 0, 0, 0, , 0, 0, 0, 0, 0, 
1083, 1, 962, 1279, -1, 143, 166, 121.0, 13, ABalppaappp, 0, 0, 0, 0, , 0, 0, 0, 0, 0, 
1084, 1, 963, 1280, -1, 122, 158, 151.5, 13, ABarappaapa, 0, 0, 0, 0, , 0, 0, 0, 0, 0, 
1085, 1, 964, 1281, -1, 115, 127, 88.5, 15, ABalppppapa, 0, 0, 0, 0, , 0, 0, 0, 0, 0, 
1086, 0, 965, -1, -1, 269, 129, 103.0, 16, , 0, 0, 0, 0, , 0, 0, 0, 0, 0, 
1087, 1, 966, 1283, -1, 276, 121, 112.0, 16, MSappaap, 0, 0, 0, 0, , 0, 0, 0, 0, 0, 
1088, 1, 967, 1284, -1, 142, 157, 89.0, 15, ABalapaapaa, 0, 0, 0, 0, , 0, 0, 0, 0, 0, 
1089, 0, 968, -1, -1, 165, 149, 120.0, 15, , 0, 0, 0, 0, , 0, 0, 0, 0, 0, 
1090, 0, 969, -1, -1, 165, 156, 112.0, 15, , 0, 0, 0, 0, , 0, 0, 0, 0, 0, 
1091, 0, 970, -1, -1, 162, 158, 119.0, 15, , 0, 0, 0, 0, , 0, 0, 0, 0, 0, 
1092, 0, 971, -1, -1, 166, 151, 116.0, 15, , 0, 0, 0, 0, , 0, 0, 0, 0, 0, 
1093, 1, 972, 1289, -1, 178, 163, 146.0, 12, ABplpapaaap, 0, 0, 0, 0, , 0, 0, 0, 0, 0, 
1094, 1, 973, 1290, -1, 153, 152, 150.5, 13, ABplpapaapa, 0, 0, 0, 0, , 0, 0, 0, 0, 0, 
1095, 1, 974, 1291, -1, 159, 157, 153.0, 13, ABalpapapaa, 0, 0, 0, 0, , 0, 0, 0, 0, 0, 
1096, 1, 975, 1292, -1, 154, 149, 161.0, 13, ABarappapaa, 0, 0, 0, 0, , 0, 0, 0, 0, 0, 
1097, 1, 976, 1293, -1, 161, 146, 176.0, 15, ABprpapaapa, 0, 0, 0, 0, , 0, 0, 0, 0, 0, 
1098, 1, 977, 1294, -1, 184, 154, 134.0, 13, ABplpapapap, 0, 0, 0, 0, , 0, 0, 0, 0, 0, 
1099, 1, 978, 1295, -1, 185, 149, 126.0, 12, ABplpapapaa, 0, 0, 0, 0, , 0, 0, 0, 0, 0, 
1100, 1, 979, 1296, -1, 222, 116, 119.0, 15, MSaappppa, 0, 0, 0, 0, , 0, 0, 0, 0, 0, 
1101, 1, 980, 1297, -1, 212, 127, 113.0, 14, MSaapppap, 0, 0, 0, 0, , 0, 0, 0, 0, 0, 
1102, 0, 981, -1, -1, 208, 146, 136.0, 13, , 0, 0, 0, 0, , 0, 0, 0, 0, 0, 
1103, 0, 982, -1, -1, 205, 149, 151.0, 12, , 0, 0, 0, 0, , 0, 0, 0, 0, 0, 
1104, 1, 983, 1300, -1, 204, 149, 153.0, 12, ABplppaappa, 0, 0, 0, 0, , 0, 0, 0, 0, 0, 
1105, 0, 984, -1, -1, 207, 149, 145.0, 11, , 0, 0, 0, 0, , 0, 0, 0, 0, 0, 
1106, 0, 985, -1, -1, 199, 142, 169.0, 13, , 0, 0, 0, 0, , 0, 0, 0, 0, 0, 
1107, 1, 986, 1303, -1, 246, 118, 151.0, 13, ABplppaappp, 0, 0, 0, 0, , 0, 0, 0, 0, 0, 
1108, 1, 987, 1304, -1, 235, 114, 155.0, 13, ABplpapappp, 0, 0, 0, 0, , 0, 0, 0, 0, 0, 
1109, 0, 988, -1, -1, 252, 118, 148.0, 13, , 0, 0, 0, 0, , 0, 0, 0, 0, 0, 
1110, 1, 989, 1306, -1, 209, 125, 142.0, 13, ABplppappap, 0, 0, 0, 0, , 0, 0, 0, 0, 0, 
1111, 0, 990, -1, -1, 255, 153, 145.0, 14, , 0, 0, 0, 0, , 0, 0, 0, 0, 0, 
1112, 0, 991, -1, -1, 251, 156, 148.0, 14, , 0, 0, 0, 0, , 0, 0, 0, 0, 0, 
1113, 1, 992, 1309, -1, 254, 152, 145.5, 14, ABplppppapa, 0, 0, 0, 0, , 0, 0, 0, 0, 0, 
1114, 0, 993, -1, -1, 112, 116, 193.0, 12, , 0, 0, 0, 0, , 0, 0, 0, 0, 0, 
1115, 1, 994, 1311, -1, 124, 123, 198.5, 12, ABpraaaaaaa, 0, 0, 0, 0, , 0, 0, 0, 0, 0, 
1116, 1, 995, 1312, -1, 112, 126, 180.0, 13, ABalaappapp, 0, 0, 0, 0, , 0, 0, 0, 0, 0, 
1117, 0, 996, -1, -1, 108, 114, 175.5, 12, , 0, 0, 0, 0, , 0, 0, 0, 0, 0, 
1118, 0, 997, -1, -1, 103, 119, 162.5, 13, , 0, 0, 0, 0, , 0, 0, 0, 0, 0, 
1119, 0, 998, -1, -1, 104, 119, 163.0, 13, , 0, 0, 0, 0, , 0, 0, 0, 0, 0, 
1120, 1, 999, 1316, -1, 104, 119, 163.0, 13, ABalaapaapp, 0, 0, 0, 0, , 0, 0, 0, 0, 0, 
1121, 1, 1000, 1317, -1, 117, 114, 187.0, 12, ABalaappapa, 0, 0, 0, 0, , 0, 0, 0, 0, 0, 
1122, 0, 1001, -1, -1, 155, 89, 179.5, 14, , 0, 0, 0, 0, , 0, 0, 0, 0, 0, 
1123, 1, 1002, 1319, -1, 155, 91, 182.0, 14, MSppppaa, 0, 0, 0, 0, , 0, 0, 0, 0, 0, 
1124, 1, 1003, 1320, -1, 152, 129, 184.0, 15, MSpppapp, 0, 0, 0, 0, , 0, 0, 0, 0, 0, 
1125, 1, 1004, 1321, -1, 172, 98, 188.0, 15, Dpaaa, 0, 0, 0, 0, , 0, 0, 0, 0, 0, 
1126, 0, 1005, -1, -1, 178, 133, 156.0, 17, , 0, 0, 0, 0, , 0, 0, 0, 0, 0, 
1127, 0, 1006, -1, -1, 188, 163, 163.0, 15, , 0, 0, 0, 0, , 0, 0, 0, 0, 0, 
1128, 1, 1007, 1324, -1, 183, 146, 161.0, 15, ABplpappaap, 0, 0, 0, 0, , 0, 0, 0, 0, 0, 
1129, 1, 1008, 1325, -1, 307, 112, 194.0, 15, ABprapppaaa, 0, 0, 0, 0, , 0, 0, 0, 0, 0, 
1130, 1, 1010, 1326, -1, 99, 123, 128.0, 13, ABalpaapppa, 0, 0, 0, 0, , 0, 0, 0, 0, 0, 
1131, 1, 1011, 1327, -1, 102, 124, 115.5, 14, ABalaaaarlp, 0, 0, 0, 0, , 0, 0, 0, 0, 0, 
1132, 0, 1012, -1, -1, 84, 144, 115.0, 11, , 0, 0, 0, 0, , 0, 0, 0, 0, 0, 
1133, 0, 1013, -1, -1, 88, 120, 82.0, 13, , 0, 0, 0, 0, , 0, 0, 0, 0, 0, 
1134, 0, 1014, -1, -1, 79, 129, 101.0, 13, , 0, 0, 0, 0, , 0, 0, 0, 0, 0, 
1135, 0, 1015, -1, -1, 85, 143, 114.0, 13, , 0, 0, 0, 0, , 0, 0, 0, 0, 0, 
1136, 1, 1016, 1332, -1, 89, 81, 177.0, 13, ABalaaapprl, 0, 0, 0, 0, , 0, 0, 0, 0, 0, 
1137, 0, 1017, -1, -1, 99, 72, 180.0, 12, , 0, 0, 0, 0, , 0, 0, 0, 0, 0, 
1138, 1, 1018, 1334, -1, 100, 72, 181.0, 12, ABalapppppa, 0, 0, 0, 0, , 0, 0, 0, 0, 0, 
1139, 0, 1019, -1, -1, 112, 160, 118.5, 12, , 0, 0, 0, 0, , 0, 0, 0, 0, 0, 
1140, 0, 1020, -1, -1, 118, 152, 109.0, 12, , 0, 0, 0, 0, , 0, 0, 0, 0, 0, 
1141, 1, 1021, 1337, -1, 135, 148, 113.0, 12, ABalppaaapa, 0, 0, 0, 0, , 0, 0, 0, 0, 0, 
1142, 1, 1022, 1338, -1, 109, 159, 125.0, 11, ABalpppaaap, 0, 0, 0, 0, , 0, 0, 0, 0, 0, 
1143, 0, 1023, -1, -1, 118, 159, 109.0, 12, , 0, 0, 0, 0, , 0, 0, 0, 0, 0, 
1144, 0, 1024, -1, -1, 112, 160, 121.0, 12, , 0, 0, 0, 0, , 0, 0, 0, 0, 0, 
1145, 1, 1025, 1342, -1, 117, 160, 111.0, 12, ABalppaaapp, 0, 0, 0, 0, , 0, 0, 0, 0, 0, 
1146, 1, 1026, 1343, -1, 178, 166, 133.0, 12, ABplpaapppa, 0, 0, 0, 0, , 0, 0, 0, 0, 0, 
1147, 0, 1027, -1, -1, 179, 165, 125.0, 12, , 0, 0, 0, 0, , 0, 0, 0, 0, 0, 
1148, 0, 1028, -1, -1, 201, 98, 142.0, 14, , 0, 0, 0, 0, , 0, 0, 0, 0, 0, 
1149, 1, 1029, 1346, -1, 202, 97, 119.5, 12, MSaapappp, 0, 0, 0, 0, , 0, 0, 0, 0, 0, 
1150, 1, 1030, 1347, -1, 201, 98, 140.0, 14, MSaappaa, 0, 0, 0, 0, , 0, 0, 0, 0, 0, 
1151, 1, 1031, 1348, -1, 155, 124, 104.0, 15, ABalpappaap, 0, 0, 0, 0, , 0, 0, 0, 0, 0, 
1152, 1, 1032, 1349, -1, 191, 139, 180.0, 12, ABprpapappa, 0, 0, 0, 0, , 0, 0, 0, 0, 0, 
1153, 1, 1033, 1350, -1, 202, 143, 167.0, 13, ABprppaappa, 0, 0, 0, 0, , 0, 0, 0, 0, 0, 
1154, 0, 1034, -1, -1, 119, 140, 119.0, 13, , 0, 0, 0, 0, , 0, 0, 0, 0, 0, 
1155, 0, 1035, -1, -1, 199, 144, 116.0, 14, , 0, 0, 0, 0, , 0, 0, 0, 0, 0, 
1156, 1, 1036, 1353, -1, 202, 144, 113.0, 14, MSaapppaa, 0, 0, 0, 0, , 0, 0, 0, 0, 0, 
1157, 0, 1037, -1, -1, 154, 158, 133.0, 15, , 0, 0, 0, 0, , 0, 0, 0, 0, 0, 
1158, 1, 1038, 1355, -1, 160, 156, 121.0, 15, MSappapp, 0, 0, 0, 0, , 0, 0, 0, 0, 0, 
1159, 1, 1039, 1356, -1, 165, 154, 68.0, 14, ABplpaapaap, 0, 0, 0, 0, , 0, 0, 0, 0, 0, 
1160, 1, 1040, 1357, -1, 174, 142, 66.0, 13, ABplpaappap, 0, 0, 0, 0, , 0, 0, 0, 0, 0, 
1161, 1, 1041, 1358, -1, 122, 141, 115.0, 13, ABalppapaaa, 0, 0, 0, 0, , 0, 0, 0, 0, 0, 
1162, 1, 1042, 1359, -1, 85, 125, 129.0, 15, ABplaapaaaa, 0, 0, 0, 0, , 0, 0, 0, 0, 0, 
1163, 1, 1043, 1360, -1, 214, 142, 157.0, 13, ABarappappa, 0, 0, 0, 0, , 0, 0, 0, 0, 0, 
1164, 1, 1044, 1361, -1, 208, 147, 133.0, 15, ABplppappaa, 0, 0, 0, 0, , 0, 0, 0, 0, 0, 
1165, 1, 1045, 1362, -1, 143, 125, 124.0, 13, ABalpaaaapa, 0, 0, 0, 0, , 0, 0, 0, 0, 0, 
1166, 1, 1046, 1363, -1, 178, 169, 92.5, 14, ABplppaapap, 0, 0, 0, 0, , 0, 0, 0, 0, 0, 
1167, 1, 1047, 1364, -1, 91, 121, 76.0, 14, ABalapaaapa, 0, 0, 0, 0, , 0, 0, 0, 0, 0, 
1168, 1, 1048, 1365, -1, 88, 118, 81.0, 13, ABalaaaalal, 0, 0, 0, 0, , 0, 0, 0, 0, 0, 
1169, 1, 1049, 1366, -1, 77, 93, 114.0, 13, ABalappaapa, 0, 0, 0, 0, , 0, 0, 0, 0, 0, 
