1, 0, 2, -1, -1, 160, 90, 111.0, 9, , 4, 0, 0, 0, , 0, 0, 0, 0, 0, 
2, 0, 3, -1, -1, 218, 78, 196.0, 11, , 28, 0, 0, 0, , 0, 0, 0, 0, 0, 
3, 0, 4, -1, -1, 198, 90, 197.0, 9, , 45, 0, 0, 0, , 0, 0, 0, 0, 0, 
4, 0, 6, -1, -1, 266, 121, 157.0, 9, , 37, 0, 0, 0, , 0, 0, 0, 0, 0, 
5, 0, 7, -1, -1, 195, 93, 193.0, 9, , 56, 0, 0, 0, , 0, 0, 0, 0, 0, 
6, 0, 11, -1, -1, 113, 97, 134.0, 7, , 19, 0, 0, 0, , 0, 0, 0, 0, 0, 
7, 0, 12, -1, -1, 109, 91, 121.0, 11, , 62, 0, 0, 0, , 0, 0, 0, 0, 0, 
8, 0, 13, -1, -1, 232, 50, 185.0, 9, , 30, 0, 0, 0, , 0, 0, 0, 0, 0, 
9, 0, 14, -1, -1, 78, 110, 179.0, 9, , 39, 0, 0, 0, , 0, 0, 0, 0, 0, 
10, 0, 15, -1, -1, 132, 134, 189.0, 9, , 77, 0, 0, 0, , 0, 0, 0, 0, 0, 
11, 0, 16, -1, -1, 133, 117, 157.0, 9, , 34, 0, 0, 0, , 0, 0, 0, 0, 0, 
12, 0, 18, -1, -1, 194, 153, 184.0, 7, , 29, 0, 0, 0, , 0, 0, 0, 0, 0, 
13, 0, 19, -1, -1, 151, 102, 165.0, 9, , 85, 0, 0, 0, , 0, 0, 0, 0, 0, 
14, 0, 20, -1, -1, 154, 123, 153.0, 9, , 77, 0, 0, 0, , 0, 0, 0, 0, 0, 
15, 0, 21, -1, -1, 171, 164, 184.0, 7, , 28, 0, 0, 0, , 0, 0, 0, 0, 0, 
16, 0, 22, -1, -1, 173, 95, 93.0, 11, , 39, 0, 0, 0, , 0, 0, 0, 0, 0, 
17, 0, 24, -1, -1, 116, 106, 123.0, 9, , 56, 0, 0, 0, , 0, 0, 0, 0, 0, 
18, 0, 25, -1, -1, 213, 141, 144.0, 9, , 23, 0, 0, 0, , 0, 0, 0, 0, 0, 
19, 0, 27, -1, -1, 164, 84, 178.0, 7, , 23, 0, 0, 0, , 0, 0, 0, 0, 0, 
20, 0, 28, -1, -1, 121, 101, 184.0, 9, , 12, 0, 0, 0, , 0, 0, 0, 0, 0, 
21, 0, 29, -1, -1, 249, 72, 190.0, 11, , 70, 0, 0, 0, , 0, 0, 0, 0, 0, 
22, 0, 30, -1, -1, 152, 91, 192.0, 11, , 93, 0, 0, 0, , 0, 0, 0, 0, 0, 
23, 0, 31, -1, -1, 94, 118, 177.0, 9, , 30, 0, 0, 0, , 0, 0, 0, 0, 0, 
24, 0, 32, -1, -1, 112, 114, 132.0, 11, , 70, 0, 0, 0, , 0, 0, 0, 0, 0, 
25, 0, 33, -1, -1, 107, 109, 54.0, 9, , 1, 0, 0, 0, , 0, 0, 0, 0, 0, 
26, 0, 34, -1, -1, 138, 179, 114.0, 9, , 43, 0, 0, 0, , 0, 0, 0, 0, 0, 
27, 0, 36, -1, -1, 81, 119, 136.0, 11, , 127, 0, 0, 0, , 0, 0, 0, 0, 0, 
28, 0, 37, -1, -1, 190, 109, 154.0, 9, , 66, 0, 0, 0, , 0, 0, 0, 0, 0, 
29, 0, 40, -1, -1, 195, 155, 174.0, 9, , 112, 0, 0, 0, , 0, 0, 0, 0, 0, 
30, 0, 43, -1, -1, 276, 126, 189.0, 9, , 53, 0, 0, 0, , 0, 0, 0, 0, 0, 
31, 0, 44, -1, -1, 281, 111, 196.0, 7, , 25, 0, 0, 0, , 0, 0, 0, 0, 0, 
32, 0, 45, -1, -1, 131, 89, 109.0, 9, , 26, 0, 0, 0, , 0, 0, 0, 0, 0, 
33, 0, 46, -1, -1, 89, 151, 103.0, 9, , 40, 0, 0, 0, , 0, 0, 0, 0, 0, 
34, 0, 47, -1, -1, 114, 91, 116.0, 9, , 49, 0, 0, 0, , 0, 0, 0, 0, 0, 
35, 0, 49, -1, -1, 134, 117, 156.0, 9, , 36, 0, 0, 0, , 0, 0, 0, 0, 0, 
36, 0, 50, -1, -1, 194, 154, 181.0, 9, , 51, 0, 0, 0, , 0, 0, 0, 0, 0, 
37, 0, 51, -1, -1, 208, 145, 155.0, 11, , 15, 0, 0, 0, , 0, 0, 0, 0, 0, 
38, 0, 53, -1, -1, 142, 144, 83.0, 9, , 35, 0, 0, 0, , 0, 0, 0, 0, 0, 
39, 0, 54, -1, -1, 66, 130, 151.0, 9, , 30, 0, 0, 0, , 0, 0, 0, 0, 0, 
40, 0, 55, -1, -1, 152, 103, 162.0, 9, , 170, 0, 0, 0, , 0, 0, 0, 0, 0, 
41, 0, 56, -1, -1, 140, 74, 160.0, 7, , 33, 0, 0, 0, , 0, 0, 0, 0, 0, 
42, 0, 57, -1, -1, 151, 101, 170.0, 9, , 45, 0, 0, 0, , 0, 0, 0, 0, 0, 
43, 0, 58, -1, -1, 94, 118, 184.0, 9, , 38, 0, 0, 0, , 0, 0, 0, 0, 0, 
44, 0, 59, -1, -1, 164, 154, 193.0, 9, , 25, 0, 0, 0, , 0, 0, 0, 0, 0, 
45, 0, 64, -1, -1, 212, 79, 188.0, 9, , 33, 0, 0, 0, , 0, 0, 0, 0, 0, 
46, 0, 65, -1, -1, 169, 164, 190.0, 9, , 20, 0, 0, 0, , 0, 0, 0, 0, 0, 
47, 0, 70, -1, -1, 114, 142, 153.0, 9, , 45, 0, 0, 0, , 0, 0, 0, 0, 0, 
48, 0, 71, -1, -1, 264, 120, 161.0, 11, , 67, 0, 0, 0, , 0, 0, 0, 0, 0, 
49, 0, 72, -1, -1, 190, 109, 151.0, 11, , 67, 0, 0, 0, , 0, 0, 0, 0, 0, 
50, 0, 73, -1, -1, 284, 164, 185.0, 7, , 24, 0, 0, 0, , 0, 0, 0, 0, 0, 
51, 0, 76, -1, -1, 221, 132, 140.0, 9, , 44, 0, 0, 0, , 0, 0, 0, 0, 0, 
52, 0, 77, -1, -1, 217, 136, 129.0, 9, , 36, 0, 0, 0, , 0, 0, 0, 0, 0, 
53, 0, 78, -1, -1, 65, 128, 144.0, 9, , 26, 0, 0, 0, , 0, 0, 0, 0, 0, 
54, 0, 80, -1, -1, 80, 115, 178.0, 9, , 26, 0, 0, 0, , 0, 0, 0, 0, 0, 
55, 0, 82, -1, -1, 148, 126, 158.0, 11, , 88, 0, 0, 0, , 0, 0, 0, 0, 0, 
56, 0, 83, -1, -1, 53, 104, 127.0, 11, , 32, 0, 0, 0, , 0, 0, 0, 0, 0, 
57, 0, 84, -1, -1, 126, 165, 137.0, 9, , 35, 0, 0, 0, , 0, 0, 0, 0, 0, 
58, 0, 85, -1, -1, 234, 57, 183.0, 9, , 50, 0, 0, 0, , 0, 0, 0, 0, 0, 
59, 0, 87, -1, -1, 281, 111, 194.0, 9, , 22, 0, 0, 0, , 0, 0, 0, 0, 0, 
60, 0, 88, -1, -1, 96, 155, 107.0, 9, , 12, 0, 0, 0, , 0, 0, 0, 0, 0, 
61, 0, 89, -1, -1, 123, 123, 142.0, 11, , 85, 0, 0, 0, , 0, 0, 0, 0, 0, 
62, 0, 90, -1, -1, 122, 171, 153.0, 9, , 66, 0, 0, 0, , 0, 0, 0, 0, 0, 
63, 0, 91, -1, -1, 117, 165, 164.0, 9, , 26, 0, 0, 0, , 0, 0, 0, 0, 0, 
64, 0, 92, -1, -1, 158, 93, 181.0, 9, , 35, 0, 0, 0, , 0, 0, 0, 0, 0, 
65, 0, 93, -1, -1, 97, 100, 185.0, 7, , 21, 0, 0, 0, , 0, 0, 0, 0, 0, 
66, 0, 95, -1, -1, 130, 110, 189.0, 9, , 34, 0, 0, 0, , 0, 0, 0, 0, 0, 
67, 0, 96, -1, -1, 126, 117, 190.0, 9, , 20, 0, 0, 0, , 0, 0, 0, 0, 0, 
68, 0, 101, -1, -1, 155, 60, 113.0, 11, , 58, 0, 0, 0, , 0, 0, 0, 0, 0, 
69, 0, 102, -1, -1, 62, 128, 110.0, 9, , 22, 0, 0, 0, , 0, 0, 0, 0, 0, 
70, 0, 104, -1, -1, 50, 128, 119.0, 9, , 27, 0, 0, 0, , 0, 0, 0, 0, 0, 
71, 0, 105, -1, -1, 126, 54, 122.0, 9, , 13, 0, 0, 0, , 0, 0, 0, 0, 0, 
72, 0, 106, -1, -1, 111, 95, 137.0, 11, , 48, 0, 0, 0, , 0, 0, 0, 0, 0, 
73, 0, 107, -1, -1, 92, 126, 141.0, 7, , 15, 0, 0, 0, , 0, 0, 0, 0, 0, 
74, 0, 108, -1, -1, 190, 110, 148.0, 11, , 55, 0, 0, 0, , 0, 0, 0, 0, 0, 
75, 0, 109, -1, -1, 218, 132, 150.0, 9, , 29, 0, 0, 0, , 0, 0, 0, 0, 0, 
76, 0, 112, -1, -1, 260, 96, 152.0, 9, , 31, 0, 0, 0, , 0, 0, 0, 0, 0, 
77, 0, 113, -1, -1, 110, 158, 156.0, 9, , 19, 0, 0, 0, , 0, 0, 0, 0, 0, 
78, 0, 115, -1, -1, 131, 170, 159.0, 9, , 40, 0, 0, 0, , 0, 0, 0, 0, 0, 
79, 0, 117, -1, -1, 86, 146, 158.0, 7, , 15, 0, 0, 0, , 0, 0, 0, 0, 0, 
80, 0, 118, -1, -1, 130, 91, 172.0, 11, , 116, 0, 0, 0, , 0, 0, 0, 0, 0, 
81, 0, 120, -1, -1, 196, 155, 171.0, 9, , 53, 0, 0, 0, , 0, 0, 0, 0, 0, 
82, 0, 121, -1, -1, 280, 169, 174.0, 11, , 9, 0, 0, 0, , 0, 0, 0, 0, 0, 
83, 0, 122, -1, -1, 158, 99, 181.0, 9, , 50, 0, 0, 0, , 0, 0, 0, 0, 0, 
84, 0, 123, -1, -1, 288, 109, 180.0, 13, , 109, 0, 0, 0, , 0, 0, 0, 0, 0, 
85, 0, 124, -1, -1, 104, 152, 184.0, 7, , 34, 0, 0, 0, , 0, 0, 0, 0, 0, 
86, 0, 125, -1, -1, 139, 74, 185.0, 9, , 40, 0, 0, 0, , 0, 0, 0, 0, 0, 
87, 0, 127, -1, -1, 179, 118, 195.0, 9, , 8, 0, 0, 0, , 0, 0, 0, 0, 0, 
88, 0, 128, -1, -1, 163, 152, 198.0, 9, , 53, 0, 0, 0, , 0, 0, 0, 0, 0, 
89, 0, 129, -1, -1, 162, 114, 207.0, 9, , 57, 0, 0, 0, , 0, 0, 0, 0, 0, 
90, 0, 133, -1, -1, 312, 137, 181.0, 7, , 19, 0, 0, 0, , 0, 0, 0, 0, 0, 
91, 0, 134, -1, -1, 169, 77, 195.0, 9, , 23, 0, 0, 0, , 0, 0, 0, 0, 0, 
92, 0, 138, -1, -1, 118, 148, 115.0, 7, , 26, 0, 0, 0, , 0, 0, 0, 0, 0, 
93, 0, 141, -1, -1, 192, 93, 81.0, 9, , 14, 0, 0, 0, , 0, 0, 0, 0, 0, 
94, 0, 142, -1, -1, 155, 68, 101.0, 9, , 20, 0, 0, 0, , 0, 0, 0, 0, 0, 
95, 0, 143, -1, -1, 148, 67, 101.0, 9, , 65, 0, 0, 0, , 0, 0, 0, 0, 0, 
96, 0, 146, -1, -1, 56, 104, 120.0, 9, , 21, 0, 0, 0, , 0, 0, 0, 0, 0, 
97, 0, 150, -1, -1, 124, 55, 125.0, 9, , 15, 0, 0, 0, , 0, 0, 0, 0, 0, 
98, 0, 153, -1, -1, 110, 84, 145.0, 9, , 48, 0, 0, 0, , 0, 0, 0, 0, 0, 
99, 0, 154, -1, -1, 178, 155, 142.0, 9, , 16, 0, 0, 0, , 0, 0, 0, 0, 0, 
100, 0, 155, -1, -1, 128, 170, 143.0, 11, , 49, 0, 0, 0, , 0, 0, 0, 0, 0, 
101, 0, 157, -1, -1, 157, 150, 145.0, 11, , 143, 0, 0, 0, , 0, 0, 0, 0, 0, 
102, 0, 159, -1, -1, 130, 102, 150.0, 9, , 41, 0, 0, 0, , 0, 0, 0, 0, 0, 
103, 0, 161, -1, -1, 150, 161, 148.0, 9, , 28, 0, 0, 0, , 0, 0, 0, 0, 0, 
104, 0, 165, -1, -1, 130, 167, 162.0, 9, , 46, 0, 0, 0, , 0, 0, 0, 0, 0, 
105, 0, 166, -1, -1, 137, 77, 164.0, 9, , 40, 0, 0, 0, , 0, 0, 0, 0, 0, 
106, 0, 167, -1, -1, 130, 89, 169.0, 9, , 84, 0, 0, 0, , 0, 0, 0, 0, 0, 
107, 0, 168, -1, -1, 180, 162, 166.0, 9, , 7, 0, 0, 0, , 0, 0, 0, 0, 0, 
108, 0, 169, -1, -1, 135, 102, 173.0, 9, , 28, 0, 0, 0, , 0, 0, 0, 0, 0, 
109, 0, 170, -1, -1, 283, 129, 167.0, 9, , 62, 0, 0, 0, , 0, 0, 0, 0, 0, 
110, 0, 171, -1, -1, 183, 158, 170.0, 9, , 39, 0, 0, 0, , 0, 0, 0, 0, 0, 
111, 0, 173, -1, -1, 253, 71, 182.0, 9, , 87, 0, 0, 0, , 0, 0, 0, 0, 0, 
112, 0, 174, -1, -1, 80, 113, 173.0, 9, , 36, 0, 0, 0, , 0, 0, 0, 0, 0, 
113, 0, 175, -1, -1, 246, 71, 184.0, 9, , 34, 0, 0, 0, , 0, 0, 0, 0, 0, 
114, 0, 176, -1, -1, 126, 113, 183.0, 9, , 40, 0, 0, 0, , 0, 0, 0, 0, 0, 
115, 0, 177, -1, -1, 152, 90, 187.0, 11, , 121, 0, 0, 0, , 0, 0, 0, 0, 0, 
116, 0, 180, -1, -1, 161, 119, 210.0, 9, , 13, 0, 0, 0, , 0, 0, 0, 0, 0, 
117, 0, 181, -1, -1, 161, 113, 211.0, 11, , 99, 0, 0, 0, , 0, 0, 0, 0, 0, 
118, 0, 184, -1, -1, 173, 94, 95.0, 11, , 44, 0, 0, 0, , 0, 0, 0, 0, 0, 
119, 0, 185, -1, -1, 66, 141, 114.0, 9, , 22, 0, 0, 0, , 0, 0, 0, 0, 0, 
120, 0, 187, -1, -1, 219, 132, 147.0, 9, , 50, 0, 0, 0, , 0, 0, 0, 0, 0, 
121, 0, 188, -1, -1, 78, 131, 153.0, 7, , 21, 0, 0, 0, , 0, 0, 0, 0, 0, 
122, 0, 191, -1, -1, 148, 160, 166.0, 9, , 38, 0, 0, 0, , 0, 0, 0, 0, 0, 
123, 0, 192, -1, -1, 137, 75, 170.0, 9, , 161, 0, 0, 0, , 0, 0, 0, 0, 0, 
124, 0, 194, -1, -1, 312, 136, 187.0, 7, , 32, 0, 0, 0, , 0, 0, 0, 0, 0, 
125, 0, 195, -1, -1, 195, 93, 191.0, 9, , 49, 0, 0, 0, , 0, 0, 0, 0, 0, 
126, 0, 197, -1, -1, 135, 105, 168.0, 9, , 64, 0, 0, 0, , 0, 0, 0, 0, 0, 
127, 0, 199, -1, -1, 182, 160, 127.0, 13, , 69, 0, 0, 0, , 0, 0, 0, 0, 0, 
128, 0, 202, -1, -1, 130, 127, 129.0, 9, , 24, 0, 0, 0, , 0, 0, 0, 0, 0, 
129, 0, 204, -1, -1, 111, 97, 137.0, 7, , 36, 0, 0, 0, , 0, 0, 0, 0, 0, 
130, 0, 206, -1, -1, 148, 128, 154.0, 9, , 96, 0, 0, 0, , 0, 0, 0, 0, 0, 
131, 0, 208, -1, -1, 262, 97, 146.0, 9, , 44, 0, 0, 0, , 0, 0, 0, 0, 0, 
132, 0, 209, -1, -1, 170, 98, 158.0, 9, , 42, 0, 0, 0, , 0, 0, 0, 0, 0, 
133, 0, 210, -1, -1, 126, 99, 157.0, 9, , 97, 0, 0, 0, , 0, 0, 0, 0, 0, 
134, 0, 212, -1, -1, 132, 137, 190.0, 9, , 30, 0, 0, 0, , 0, 0, 0, 0, 0, 
135, 0, 213, -1, -1, 282, 111, 192.0, 9, , 49, 0, 0, 0, , 0, 0, 0, 0, 0, 
136, 0, 214, -1, -1, 127, 139, 204.0, 9, , 17, 0, 0, 0, , 0, 0, 0, 0, 0, 
137, 0, 216, -1, -1, 299, 152, 83.0, 9, , 4, 0, 0, 0, , 0, 0, 0, 0, 0, 
138, 0, 218, -1, -1, 80, 131, 151.0, 7, , 18, 0, 0, 0, , 0, 0, 0, 0, 0, 
139, 0, 219, -1, -1, 238, 58, 189.0, 9, , 41, 0, 0, 0, , 0, 0, 0, 0, 0, 
140, 0, 220, -1, -1, 112, 177, 151.0, 9, , 74, 0, 0, 0, , 0, 0, 0, 0, 0, 
141, 0, 222, -1, -1, 229, 51, 187.0, 7, , 10, 0, 0, 0, , 0, 0, 0, 0, 0, 
142, 0, 223, -1, -1, 211, 35, 167.0, 9, , 17, 0, 0, 0, , 0, 0, 0, 0, 0, 
143, 0, 224, -1, -1, 76, 118, 176.0, 11, , 84, 0, 0, 0, , 0, 0, 0, 0, 0, 
144, 0, 225, -1, -1, 81, 119, 141.0, 9, , 9, 0, 0, 0, , 0, 0, 0, 0, 0, 
145, 0, 226, -1, -1, 141, 130, 137.0, 9, , 37, 0, 0, 0, , 0, 0, 0, 0, 0, 
146, 0, 231, -1, -1, 169, 105, 116.0, 9, , 33, 0, 0, 0, , 0, 0, 0, 0, 0, 
147, 0, 233, -1, -1, 170, 107, 113.0, 9, , 91, 0, 0, 0, , 0, 0, 0, 0, 0, 
148, 0, 234, -1, -1, 149, 175, 115.0, 9, , 17, 0, 0, 0, , 0, 0, 0, 0, 0, 
149, 0, 235, -1, -1, 105, 88, 128.0, 11, , 50, 0, 0, 0, , 0, 0, 0, 0, 0, 
150, 0, 236, -1, -1, 184, 158, 124.0, 11, , 17, 0, 0, 0, , 0, 0, 0, 0, 0, 
151, 0, 237, -1, -1, 112, 111, 125.0, 9, , 28, 0, 0, 0, , 0, 0, 0, 0, 0, 
152, 0, 238, -1, -1, 221, 131, 138.0, 9, , 33, 0, 0, 0, , 0, 0, 0, 0, 0, 
153, 0, 244, -1, -1, 115, 143, 151.0, 11, , 50, 0, 0, 0, , 0, 0, 0, 0, 0, 
154, 0, 245, -1, -1, 190, 165, 155.0, 11, , 100, 0, 0, 0, , 0, 0, 0, 0, 0, 
155, 0, 246, -1, -1, 285, 131, 161.0, 9, , 11, 0, 0, 0, , 0, 0, 0, 0, 0, 
156, 0, 248, -1, -1, 329, 127, 166.0, 7, , 16, 0, 0, 0, , 0, 0, 0, 0, 0, 
157, 0, 249, -1, -1, 144, 114, 174.0, 7, , 18, 0, 0, 0, , 0, 0, 0, 0, 0, 
158, 0, 253, -1, -1, 109, 67, 182.0, 9, , 6, 0, 0, 0, , 0, 0, 0, 0, 0, 
159, 0, 256, -1, -1, 101, 116, 193.0, 11, , 95, 0, 0, 0, , 0, 0, 0, 0, 0, 
160, 0, 257, -1, -1, 287, 159, 91.0, 9, , 30, 0, 0, 0, , 0, 0, 0, 0, 0, 
161, 0, 261, -1, -1, 268, 41, 153.0, 11, , 24, 0, 0, 0, , 0, 0, 0, 0, 0, 
162, 0, 262, -1, -1, 134, 75, 174.0, 9, , 58, 0, 0, 0, , 0, 0, 0, 0, 0, 
163, 0, 263, -1, -1, 150, 104, 174.0, 9, , 50, 0, 0, 0, , 0, 0, 0, 0, 0, 
164, 0, 265, -1, -1, 178, 158, 179.0, 9, , 30, 0, 0, 0, , 0, 0, 0, 0, 0, 
165, 0, 266, -1, -1, 284, 164, 187.0, 7, , 17, 0, 0, 0, , 0, 0, 0, 0, 0, 
166, 0, 267, -1, -1, 101, 114, 188.0, 9, , 82, 0, 0, 0, , 0, 0, 0, 0, 0, 
167, 0, 268, -1, -1, 196, 92, 195.0, 13, , 118, 0, 0, 0, , 0, 0, 0, 0, 0, 
168, 0, 269, -1, -1, 123, 172, 152.0, 9, , 6, 0, 0, 0, , 0, 0, 0, 0, 0, 
169, 0, 270, -1, -1, 101, 141, 103.0, 7, , 14, 0, 0, 0, , 0, 0, 0, 0, 0, 
170, 0, 273, -1, -1, 110, 151, 135.0, 9, , 24, 0, 0, 0, , 0, 0, 0, 0, 0, 
171, 0, 274, -1, -1, 250, 100, 148.0, 7, , 12, 0, 0, 0, , 0, 0, 0, 0, 0, 
172, 0, 275, -1, -1, 109, 159, 153.0, 9, , 48, 0, 0, 0, , 0, 0, 0, 0, 0, 
173, 0, 276, -1, -1, 122, 158, 151.0, 7, , 23, 0, 0, 0, , 0, 0, 0, 0, 0, 
174, 0, 279, -1, -1, 130, 88, 165.0, 9, , 19, 0, 0, 0, , 0, 0, 0, 0, 0, 
175, 0, 280, -1, -1, 93, 149, 161.0, 9, , 15, 0, 0, 0, , 0, 0, 0, 0, 0, 
176, 0, 281, -1, -1, 126, 100, 165.0, 7, , 17, 0, 0, 0, , 0, 0, 0, 0, 0, 
177, 0, 282, -1, -1, 142, 119, 177.0, 7, , 39, 0, 0, 0, , 0, 0, 0, 0, 0, 
178, 0, 283, -1, -1, 176, 161, 172.0, 9, , 45, 0, 0, 0, , 0, 0, 0, 0, 0, 
179, 0, 284, -1, -1, 175, 162, 174.0, 9, , 33, 0, 0, 0, , 0, 0, 0, 0, 0, 
180, 0, 285, -1, -1, 96, 115, 192.0, 7, , 6, 0, 0, 0, , 0, 0, 0, 0, 0, 
181, 0, 286, -1, -1, 175, 81, 198.0, 11, , 69, 0, 0, 0, , 0, 0, 0, 0, 0, 
182, 0, 290, -1, -1, 123, 147, 183.0, 9, , 22, 0, 0, 0, , 0, 0, 0, 0, 0, 
183, 0, 293, -1, -1, 196, 155, 168.0, 9, , 37, 0, 0, 0, , 0, 0, 0, 0, 0, 
184, 0, 294, -1, -1, 93, 126, 123.0, 11, , 77, 0, 0, 0, , 0, 0, 0, 0, 0, 
185, 0, 296, -1, -1, 144, 158, 67.0, 7, , 7, 0, 0, 0, , 0, 0, 0, 0, 0, 
186, 0, 297, -1, -1, 149, 153, 91.0, 11, , 57, 0, 0, 0, , 0, 0, 0, 0, 0, 
187, 0, 298, -1, -1, 82, 102, 111.0, 9, , 44, 0, 0, 0, , 0, 0, 0, 0, 0, 
188, 0, 299, -1, -1, 177, 53, 131.0, 9, , 32, 0, 0, 0, , 0, 0, 0, 0, 0, 
189, 0, 300, -1, -1, 121, 139, 132.0, 9, , 35, 0, 0, 0, , 0, 0, 0, 0, 0, 
190, 0, 302, -1, -1, 109, 159, 151.0, 9, , 35, 0, 0, 0, , 0, 0, 0, 0, 0, 
191, 0, 303, -1, -1, 130, 101, 152.0, 11, , 74, 0, 0, 0, , 0, 0, 0, 0, 0, 
192, 0, 304, -1, -1, 218, 39, 169.0, 9, , 18, 0, 0, 0, , 0, 0, 0, 0, 0, 
193, 0, 306, -1, -1, 120, 97, 188.0, 9, , 37, 0, 0, 0, , 0, 0, 0, 0, 0, 
194, 0, 309, -1, -1, 162, 100, 208.0, 9, , 39, 0, 0, 0, , 0, 0, 0, 0, 0, 
195, 0, 311, -1, -1, 152, 116, 132.0, 9, , 26, 0, 0, 0, , 0, 0, 0, 0, 0, 
196, 0, 312, -1, -1, 163, 151, 133.0, 15, , 85, 0, 0, 0, , 0, 0, 0, 0, 0, 
197, 0, 313, -1, -1, 122, 139, 130.0, 11, , 54, 0, 0, 0, , 0, 0, 0, 0, 0, 
198, 0, 314, -1, -1, 151, 127, 148.0, 7, , 44, 0, 0, 0, , 0, 0, 0, 0, 0, 
199, 0, 315, -1, -1, 144, 113, 176.0, 7, , 16, 0, 0, 0, , 0, 0, 0, 0, 0, 
200, 0, 317, -1, -1, 169, 136, 200.0, 7, , 54, 0, 0, 0, , 0, 0, 0, 0, 0, 
201, 0, 318, -1, -1, 109, 94, 140.0, 9, , 28, 0, 0, 0, , 0, 0, 0, 0, 0, 
202, 0, 319, -1, -1, 139, 74, 189.0, 9, , 38, 0, 0, 0, , 0, 0, 0, 0, 0, 
203, 0, 323, -1, -1, 185, 90, 83.0, 9, , 39, 0, 0, 0, , 0, 0, 0, 0, 0, 
204, 0, 324, -1, -1, 287, 158, 88.0, 9, , 27, 0, 0, 0, , 0, 0, 0, 0, 0, 
205, 0, 325, -1, -1, 84, 90, 93.0, 9, , 24, 0, 0, 0, , 0, 0, 0, 0, 0, 
206, 0, 328, -1, -1, 105, 88, 131.0, 11, , 141, 0, 0, 0, , 0, 0, 0, 0, 0, 
207, 0, 330, -1, -1, 151, 111, 127.0, 7, , 18, 0, 0, 0, , 0, 0, 0, 0, 0, 
208, 0, 331, -1, -1, 111, 150, 131.0, 9, , 36, 0, 0, 0, , 0, 0, 0, 0, 0, 
209, 0, 332, -1, -1, 176, 51, 133.0, 11, , 39, 0, 0, 0, , 0, 0, 0, 0, 0, 
210, 0, 333, -1, -1, 122, 125, 138.0, 9, , 47, 0, 0, 0, , 0, 0, 0, 0, 0, 
211, 0, 334, -1, -1, 98, 169, 145.0, 9, , 31, 0, 0, 0, , 0, 0, 0, 0, 0, 
212, 0, 335, -1, -1, 168, 100, 138.0, 9, , 58, 0, 0, 0, , 0, 0, 0, 0, 0, 
213, 0, 336, -1, -1, 171, 179, 130.0, 11, , 16, 0, 0, 0, , 0, 0, 0, 0, 0, 
214, 0, 337, -1, -1, 224, 120, 142.0, 9, , 30, 0, 0, 0, , 0, 0, 0, 0, 0, 
215, 0, 340, -1, -1, 144, 152, 166.0, 9, , 34, 0, 0, 0, , 0, 0, 0, 0, 0, 
216, 0, 342, -1, -1, 180, 158, 175.0, 9, , 32, 0, 0, 0, , 0, 0, 0, 0, 0, 
217, 0, 344, -1, -1, 285, 164, 182.0, 7, , 19, 0, 0, 0, , 0, 0, 0, 0, 0, 
218, 0, 345, -1, -1, 270, 142, 184.0, 9, , 17, 0, 0, 0, , 0, 0, 0, 0, 0, 
219, 0, 348, -1, -1, 171, 108, 107.0, 9, , 15, 0, 0, 0, , 0, 0, 0, 0, 0, 
220, 0, 349, -1, -1, 55, 128, 112.0, 9, , 5, 0, 0, 0, , 0, 0, 0, 0, 0, 
221, 0, 352, -1, -1, 159, 153, 139.0, 7, , 55, 0, 0, 0, , 0, 0, 0, 0, 0, 
222, 0, 354, -1, -1, 121, 129, 178.0, 7, , 24, 0, 0, 0, , 0, 0, 0, 0, 0, 
223, 0, 357, -1, -1, 156, 152, 140.0, 9, , 49, 0, 0, 0, , 0, 0, 0, 0, 0, 
224, 0, 360, -1, -1, 112, 176, 148.0, 7, , 28, 0, 0, 0, , 0, 0, 0, 0, 0, 
225, 0, 363, -1, -1, 75, 133, 108.0, 9, , 17, 0, 0, 0, , 0, 0, 0, 0, 0, 
226, 0, 364, -1, -1, 57, 127, 106.0, 9, , 6, 0, 0, 0, , 0, 0, 0, 0, 0, 
227, 0, 365, -1, -1, 70, 121, 120.0, 9, , 23, 0, 0, 0, , 0, 0, 0, 0, 0, 
228, 0, 367, -1, -1, 223, 148, 127.0, 9, , 40, 0, 0, 0, , 0, 0, 0, 0, 0, 
229, 0, 368, -1, -1, 273, 149, 129.0, 11, , 12, 0, 0, 0, , 0, 0, 0, 0, 0, 
230, 0, 369, -1, -1, 124, 164, 127.0, 9, , 47, 0, 0, 0, , 0, 0, 0, 0, 0, 
231, 0, 370, -1, -1, 146, 64, 135.0, 9, , 25, 0, 0, 0, , 0, 0, 0, 0, 0, 
232, 0, 371, -1, -1, 107, 116, 144.0, 9, , 46, 0, 0, 0, , 0, 0, 0, 0, 0, 
233, 0, 372, -1, -1, 109, 92, 143.0, 9, , 37, 0, 0, 0, , 0, 0, 0, 0, 0, 
234, 0, 375, -1, -1, 126, 145, 175.0, 9, , 40, 0, 0, 0, , 0, 0, 0, 0, 0, 
235, 0, 376, -1, -1, 109, 67, 184.0, 9, , 11, 0, 0, 0, , 0, 0, 0, 0, 0, 
236, 0, 377, -1, -1, 284, 84, 185.0, 9, , 50, 0, 0, 0, , 0, 0, 0, 0, 0, 
237, 0, 378, -1, -1, 165, 101, 188.0, 9, , 20, 0, 0, 0, , 0, 0, 0, 0, 0, 
238, 0, 381, -1, -1, 173, 94, 99.0, 9, , 46, 0, 0, 0, , 0, 0, 0, 0, 0, 
239, 0, 382, -1, -1, 140, 172, 105.0, 9, , 15, 0, 0, 0, , 0, 0, 0, 0, 0, 
240, 0, 384, -1, -1, 143, 150, 133.0, 9, , 40, 0, 0, 0, , 0, 0, 0, 0, 0, 
241, 0, 387, -1, -1, 168, 100, 165.0, 9, , 35, 0, 0, 0, , 0, 0, 0, 0, 0, 
242, 0, 388, -1, -1, 121, 127, 171.0, 9, , 32, 0, 0, 0, , 0, 0, 0, 0, 0, 
243, 0, 390, -1, -1, 93, 125, 176.0, 9, , 38, 0, 0, 0, , 0, 0, 0, 0, 0, 
244, 0, 391, -1, -1, 312, 137, 183.0, 7, , 29, 0, 0, 0, , 0, 0, 0, 0, 0, 
245, 0, 392, -1, -1, 106, 138, 193.0, 9, , 25, 0, 0, 0, , 0, 0, 0, 0, 0, 
246, 0, 395, -1, -1, 170, 104, 135.0, 7, , 26, 0, 0, 0, , 0, 0, 0, 0, 0, 
247, 0, 396, -1, -1, 139, 147, 177.0, 9, , 74, 0, 0, 0, , 0, 0, 0, 0, 0, 
248, 0, 398, -1, -1, 194, 154, 178.0, 9, , 80, 0, 0, 0, , 0, 0, 0, 0, 0, 
249, 0, 399, -1, -1, 212, 109, 144.0, 9, , 6, 0, 0, 0, , 0, 0, 0, 0, 0, 
250, 0, 400, -1, -1, 150, 126, 151.0, 9, , 55, 0, 0, 0, , 0, 0, 0, 0, 0, 
251, 0, 406, -1, -1, 222, 119, 132.0, 7, , 18, 0, 0, 0, , 0, 0, 0, 0, 0, 
252, 0, 407, -1, -1, 152, 114, 134.0, 9, , 37, 0, 0, 0, , 0, 0, 0, 0, 0, 
253, 0, 408, -1, -1, 168, 50, 139.0, 7, , 18, 0, 0, 0, , 0, 0, 0, 0, 0, 
254, 0, 410, -1, -1, 108, 90, 153.0, 7, , 9, 0, 0, 0, , 0, 0, 0, 0, 0, 
255, 0, 411, -1, -1, 132, 169, 153.0, 9, , 3, 0, 0, 0, , 0, 0, 0, 0, 0, 
256, 0, 414, -1, -1, 163, 85, 175.0, 11, , 40, 0, 0, 0, , 0, 0, 0, 0, 0, 
257, 0, 415, -1, -1, 93, 124, 178.0, 9, , 63, 0, 0, 0, , 0, 0, 0, 0, 0, 
258, 0, 416, -1, -1, 133, 133, 187.0, 9, , 34, 0, 0, 0, , 0, 0, 0, 0, 0, 
259, 0, 418, -1, -1, 220, 79, 192.0, 11, , 64, 0, 0, 0, , 0, 0, 0, 0, 0, 
260, 0, 419, -1, -1, 158, 132, 198.0, 7, , 12, 0, 0, 0, , 0, 0, 0, 0, 0, 
261, 0, 420, -1, -1, 161, 135, 203.0, 9, , 12, 0, 0, 0, , 0, 0, 0, 0, 0, 
262, 0, 423, -1, -1, 145, 142, 86.0, 7, , 24, 0, 0, 0, , 0, 0, 0, 0, 0, 
263, 0, 425, -1, -1, 147, 177, 108.0, 9, , 19, 0, 0, 0, , 0, 0, 0, 0, 0, 
264, 0, 426, -1, -1, 149, 175, 113.0, 7, , 26, 0, 0, 0, , 0, 0, 0, 0, 0, 
265, 0, 430, -1, -1, 145, 64, 137.0, 7, , 24, 0, 0, 0, , 0, 0, 0, 0, 0, 
266, 0, 431, -1, -1, 115, 175, 145.0, 7, , 43, 0, 0, 0, , 0, 0, 0, 0, 0, 
267, 0, 434, -1, -1, 166, 170, 155.0, 9, , 3, 0, 0, 0, , 0, 0, 0, 0, 0, 
268, 0, 436, -1, -1, 255, 70, 187.0, 7, , 15, 0, 0, 0, , 0, 0, 0, 0, 0, 
269, 0, 438, -1, -1, 153, 179, 109.0, 9, , 40, 0, 0, 0, , 0, 0, 0, 0, 0, 
270, 0, 439, -1, -1, 144, 112, 146.0, 7, , 27, 0, 0, 0, , 0, 0, 0, 0, 0, 
271, 0, 440, -1, -1, 222, 149, 124.0, 9, , 68, 0, 0, 0, , 0, 0, 0, 0, 0, 
272, 0, 441, -1, -1, 138, 126, 141.0, 13, , 93, 0, 0, 0, , 0, 0, 0, 0, 0, 
273, 0, 443, -1, -1, 142, 76, 77.0, 9, , 14, 0, 0, 0, , 0, 0, 0, 0, 0, 
274, 0, 444, -1, -1, 119, 87, 99.0, 7, , 17, 0, 0, 0, , 0, 0, 0, 0, 0, 
275, 0, 445, -1, -1, 144, 67, 108.0, 9, , 6, 0, 0, 0, , 0, 0, 0, 0, 0, 
276, 0, 446, -1, -1, 153, 180, 112.0, 9, , 28, 0, 0, 0, , 0, 0, 0, 0, 0, 
277, 0, 448, -1, -1, 115, 88, 123.0, 11, , 109, 0, 0, 0, , 0, 0, 0, 0, 0, 
278, 0, 453, -1, -1, 128, 165, 135.0, 9, , 34, 0, 0, 0, , 0, 0, 0, 0, 0, 
279, 0, 458, -1, -1, 179, 158, 177.0, 7, , 30, 0, 0, 0, , 0, 0, 0, 0, 0, 
280, 0, 461, -1, -1, 124, 80, 199.0, 9, , 24, 0, 0, 0, , 0, 0, 0, 0, 0, 
281, 0, 463, -1, -1, 163, 99, 203.0, 9, , 18, 0, 0, 0, , 0, 0, 0, 0, 0, 
282, 0, 464, -1, -1, 174, 125, 206.0, 7, , 23, 0, 0, 0, , 0, 0, 0, 0, 0, 
283, 0, 465, -1, -1, 149, 67, 107.0, 15, , 87, 0, 0, 0, , 0, 0, 0, 0, 0, 
284, 0, 466, -1, -1, 119, 85, 119.0, 9, , 42, 0, 0, 0, , 0, 0, 0, 0, 0, 
285, 0, 467, -1, -1, 138, 179, 118.0, 9, , 20, 0, 0, 0, , 0, 0, 0, 0, 0, 
286, 0, 468, -1, -1, 124, 126, 131.0, 7, , 29, 0, 0, 0, , 0, 0, 0, 0, 0, 
287, 0, 471, -1, -1, 114, 95, 123.0, 11, , 140, 0, 0, 0, , 0, 0, 0, 0, 0, 
288, 0, 472, -1, -1, 136, 171, 168.0, 11, , 48, 0, 0, 0, , 0, 0, 0, 0, 0, 
289, 0, 476, -1, -1, 168, 107, 86.0, 9, , 73, 0, 0, 0, , 0, 0, 0, 0, 0, 
290, 0, 477, -1, -1, 126, 161, 101.0, 9, , 35, 0, 0, 0, , 0, 0, 0, 0, 0, 
291, 0, 479, -1, -1, 151, 129, 114.0, 11, , 21, 0, 0, 0, , 0, 0, 0, 0, 0, 
292, 0, 483, -1, -1, 169, 101, 141.0, 9, , 64, 0, 0, 0, , 0, 0, 0, 0, 0, 
293, 0, 484, -1, -1, 224, 99, 144.0, 9, , 9, 0, 0, 0, , 0, 0, 0, 0, 0, 
294, 0, 485, -1, -1, 128, 170, 145.0, 11, , 41, 0, 0, 0, , 0, 0, 0, 0, 0, 
295, 0, 486, -1, -1, 220, 132, 144.0, 9, , 31, 0, 0, 0, , 0, 0, 0, 0, 0, 
296, 0, 488, -1, -1, 168, 108, 150.0, 7, , 30, 0, 0, 0, , 0, 0, 0, 0, 0, 
297, 0, 489, -1, -1, 154, 161, 152.0, 9, , 26, 0, 0, 0, , 0, 0, 0, 0, 0, 
298, 0, 490, -1, -1, 125, 137, 161.0, 11, , 61, 0, 0, 0, , 0, 0, 0, 0, 0, 
299, 0, 492, -1, -1, 130, 91, 176.0, 9, , 12, 0, 0, 0, , 0, 0, 0, 0, 0, 
300, 0, 493, -1, -1, 271, 136, 188.0, 9, , 24, 0, 0, 0, , 0, 0, 0, 0, 0, 
301, 0, 494, -1, -1, 270, 135, 191.0, 9, , 50, 0, 0, 0, , 0, 0, 0, 0, 0, 
302, 0, 496, -1, -1, 285, 139, 194.0, 9, , 8, 0, 0, 0, , 0, 0, 0, 0, 0, 
303, 0, 497, -1, -1, 285, 89, 189.0, 11, , 62, 0, 0, 0, , 0, 0, 0, 0, 0, 
304, 0, 499, -1, -1, 177, 83, 200.0, 9, , 104, 0, 0, 0, , 0, 0, 0, 0, 0, 
305, 0, 500, -1, -1, 104, 118, 204.0, 9, , 16, 0, 0, 0, , 0, 0, 0, 0, 0, 
306, 0, 501, -1, -1, 163, 152, 201.0, 9, , 42, 0, 0, 0, , 0, 0, 0, 0, 0, 
307, 0, 502, -1, -1, 139, 128, 148.0, 11, , 128, 0, 0, 0, , 0, 0, 0, 0, 0, 
308, 0, 504, -1, -1, 138, 74, 193.0, 9, , 20, 0, 0, 0, , 0, 0, 0, 0, 0, 
309, 0, 507, -1, -1, 132, 170, 162.0, 9, , 43, 0, 0, 0, , 0, 0, 0, 0, 0, 
310, 0, 508, -1, -1, 113, 162, 125.0, 9, , 5, 0, 0, 0, , 0, 0, 0, 0, 0, 
311, 0, 509, -1, -1, 257, 167, 142.0, 9, , 6, 0, 0, 0, , 0, 0, 0, 0, 0, 
312, 0, 510, -1, -1, 129, 152, 160.0, 7, , 56, 0, 0, 0, , 0, 0, 0, 0, 0, 
313, 0, 511, -1, -1, 198, 153, 163.0, 9, , 26, 0, 0, 0, , 0, 0, 0, 0, 0, 
314, 0, 514, -1, -1, 113, 79, 70.0, 9, , 26, 0, 0, 0, , 0, 0, 0, 0, 0, 
315, 0, 516, -1, -1, 186, 146, 75.0, 7, , 12, 0, 0, 0, , 0, 0, 0, 0, 0, 
316, 0, 517, -1, -1, 185, 90, 81.0, 9, , 44, 0, 0, 0, , 0, 0, 0, 0, 0, 
317, 0, 518, -1, -1, 126, 113, 82.0, 9, , 49, 0, 0, 0, , 0, 0, 0, 0, 0, 
318, 0, 519, -1, -1, 99, 134, 85.0, 11, , 108, 0, 0, 0, , 0, 0, 0, 0, 0, 
319, 0, 522, -1, -1, 196, 103, 110.0, 7, , 5, 0, 0, 0, , 0, 0, 0, 0, 0, 
320, 0, 523, -1, -1, 114, 82, 115.0, 7, , 35, 0, 0, 0, , 0, 0, 0, 0, 0, 
321, 0, 524, -1, -1, 205, 164, 118.0, 9, , 41, 0, 0, 0, , 0, 0, 0, 0, 0, 
322, 0, 525, -1, -1, 171, 106, 120.0, 9, , 47, 0, 0, 0, , 0, 0, 0, 0, 0, 
323, 0, 526, -1, -1, 225, 150, 121.0, 9, , 19, 0, 0, 0, , 0, 0, 0, 0, 0, 
324, 0, 527, -1, -1, 137, 178, 121.0, 7, , 19, 0, 0, 0, , 0, 0, 0, 0, 0, 
325, 0, 528, -1, -1, 105, 176, 128.0, 11, , 23, 0, 0, 0, , 0, 0, 0, 0, 0, 
326, 0, 529, -1, -1, 162, 150, 128.0, 9, , 21, 0, 0, 0, , 0, 0, 0, 0, 0, 
327, 0, 530, -1, -1, 175, 48, 127.0, 9, , 6, 0, 0, 0, , 0, 0, 0, 0, 0, 
328, 0, 531, -1, -1, 182, 159, 129.0, 9, , 6, 0, 0, 0, , 0, 0, 0, 0, 0, 
329, 0, 534, -1, -1, 161, 151, 131.0, 9, , 17, 0, 0, 0, , 0, 0, 0, 0, 0, 
330, 0, 535, -1, -1, 52, 103, 131.0, 9, , 26, 0, 0, 0, , 0, 0, 0, 0, 0, 
331, 0, 537, -1, -1, 129, 141, 131.0, 9, , 45, 0, 0, 0, , 0, 0, 0, 0, 0, 
332, 0, 539, -1, -1, 272, 152, 132.0, 11, , 103, 0, 0, 0, , 0, 0, 0, 0, 0, 
333, 0, 540, -1, -1, 120, 164, 131.0, 9, , 36, 0, 0, 0, , 0, 0, 0, 0, 0, 
334, 0, 541, -1, -1, 215, 140, 135.0, 9, , 40, 0, 0, 0, , 0, 0, 0, 0, 0, 
335, 0, 542, -1, -1, 118, 163, 137.0, 9, , 20, 0, 0, 0, , 0, 0, 0, 0, 0, 
336, 0, 543, -1, -1, 123, 123, 140.0, 11, , 144, 0, 0, 0, , 0, 0, 0, 0, 0, 
337, 0, 544, -1, -1, 214, 140, 140.0, 7, , 26, 0, 0, 0, , 0, 0, 0, 0, 0, 
338, 0, 545, -1, -1, 122, 123, 144.0, 11, , 127, 0, 0, 0, , 0, 0, 0, 0, 0, 
339, 0, 546, -1, -1, 136, 175, 146.0, 9, , 41, 0, 0, 0, , 0, 0, 0, 0, 0, 
340, 0, 547, -1, -1, 249, 100, 146.0, 7, , 31, 0, 0, 0, , 0, 0, 0, 0, 0, 
341, 0, 548, -1, -1, 111, 84, 147.0, 9, , 37, 0, 0, 0, , 0, 0, 0, 0, 0, 
342, 0, 549, -1, -1, 123, 123, 148.0, 9, , 84, 0, 0, 0, , 0, 0, 0, 0, 0, 
343, 0, 550, -1, -1, 66, 131, 148.0, 11, , 76, 0, 0, 0, , 0, 0, 0, 0, 0, 
344, 0, 551, -1, -1, 134, 177, 148.0, 9, , 46, 0, 0, 0, , 0, 0, 0, 0, 0, 
345, 0, 552, -1, -1, 139, 129, 151.0, 9, , 43, 0, 0, 0, , 0, 0, 0, 0, 0, 
346, 0, 553, -1, -1, 261, 96, 149.0, 9, , 18, 0, 0, 0, , 0, 0, 0, 0, 0, 
347, 0, 554, -1, -1, 108, 159, 148.0, 7, , 17, 0, 0, 0, , 0, 0, 0, 0, 0, 
348, 0, 555, -1, -1, 255, 167, 150.0, 11, , 19, 0, 0, 0, , 0, 0, 0, 0, 0, 
349, 0, 556, -1, -1, 261, 38, 152.0, 9, , 22, 0, 0, 0, , 0, 0, 0, 0, 0, 
350, 0, 559, -1, -1, 104, 88, 152.0, 9, , 4, 0, 0, 0, , 0, 0, 0, 0, 0, 
351, 0, 560, -1, -1, 117, 142, 153.0, 9, , 69, 0, 0, 0, , 0, 0, 0, 0, 0, 
352, 0, 561, -1, -1, 138, 128, 153.0, 7, , 34, 0, 0, 0, , 0, 0, 0, 0, 0, 
353, 0, 562, -1, -1, 255, 167, 152.0, 9, , 28, 0, 0, 0, , 0, 0, 0, 0, 0, 
354, 0, 563, -1, -1, 258, 36, 156.0, 9, , 41, 0, 0, 0, , 0, 0, 0, 0, 0, 
355, 0, 565, -1, -1, 266, 120, 158.0, 11, , 38, 0, 0, 0, , 0, 0, 0, 0, 0, 
356, 0, 566, -1, -1, 127, 100, 159.0, 11, , 237, 0, 0, 0, , 0, 0, 0, 0, 0, 
357, 0, 567, -1, -1, 127, 100, 162.0, 9, , 88, 0, 0, 0, , 0, 0, 0, 0, 0, 
358, 0, 569, -1, -1, 136, 106, 165.0, 9, , 46, 0, 0, 0, , 0, 0, 0, 0, 0, 
359, 0, 572, -1, -1, 212, 37, 169.0, 9, , 41, 0, 0, 0, , 0, 0, 0, 0, 0, 
360, 0, 573, -1, -1, 142, 127, 172.0, 9, , 18, 0, 0, 0, , 0, 0, 0, 0, 0, 
361, 0, 575, -1, -1, 137, 75, 170.0, 11, , 170, 0, 0, 0, , 0, 0, 0, 0, 0, 
362, 0, 576, -1, -1, 141, 126, 173.0, 7, , 47, 0, 0, 0, , 0, 0, 0, 0, 0, 
363, 0, 577, -1, -1, 94, 122, 181.0, 11, , 145, 0, 0, 0, , 0, 0, 0, 0, 0, 
364, 0, 578, -1, -1, 283, 85, 183.0, 13, , 42, 0, 0, 0, , 0, 0, 0, 0, 0, 
365, 0, 579, -1, -1, 120, 95, 185.0, 9, , 49, 0, 0, 0, , 0, 0, 0, 0, 0, 
366, 0, 580, -1, -1, 133, 132, 185.0, 9, , 55, 0, 0, 0, , 0, 0, 0, 0, 0, 
367, 0, 582, -1, -1, 299, 93, 191.0, 9, , 61, 0, 0, 0, , 0, 0, 0, 0, 0, 
368, 0, 583, -1, -1, 284, 89, 191.0, 11, , 52, 0, 0, 0, , 0, 0, 0, 0, 0, 
369, 0, 584, -1, -1, 201, 90, 194.0, 9, , 18, 0, 0, 0, , 0, 0, 0, 0, 0, 
370, 0, 587, -1, -1, 175, 78, 196.0, 9, , 62, 0, 0, 0, , 0, 0, 0, 0, 0, 
371, 0, 588, -1, -1, 177, 116, 199.0, 7, , 17, 0, 0, 0, , 0, 0, 0, 0, 0, 
372, 0, 590, -1, -1, 174, 125, 203.0, 7, , 11, 0, 0, 0, , 0, 0, 0, 0, 0, 
373, 0, 591, -1, -1, 146, 122, 78.0, 7, , 19, 0, 0, 0, , 0, 0, 0, 0, 0, 
374, 0, 592, -1, -1, 127, 114, 80.0, 9, , 32, 0, 0, 0, , 0, 0, 0, 0, 0, 
375, 0, 594, -1, -1, 139, 172, 101.0, 9, , 33, 0, 0, 0, , 0, 0, 0, 0, 0, 
376, 0, 598, -1, -1, 171, 110, 111.0, 9, , 32, 0, 0, 0, , 0, 0, 0, 0, 0, 
377, 0, 599, -1, -1, 131, 91, 113.0, 9, , 14, 0, 0, 0, , 0, 0, 0, 0, 0, 
378, 0, 600, -1, -1, 147, 175, 120.0, 7, , 35, 0, 0, 0, , 0, 0, 0, 0, 0, 
379, 0, 601, -1, -1, 206, 163, 120.0, 9, , 26, 0, 0, 0, , 0, 0, 0, 0, 0, 
380, 0, 603, -1, -1, 128, 165, 131.0, 9, , 44, 0, 0, 0, , 0, 0, 0, 0, 0, 
381, 0, 604, -1, -1, 104, 87, 132.0, 9, , 42, 0, 0, 0, , 0, 0, 0, 0, 0, 
382, 0, 605, -1, -1, 220, 130, 135.0, 7, , 19, 0, 0, 0, , 0, 0, 0, 0, 0, 
383, 0, 606, -1, -1, 152, 117, 138.0, 11, , 35, 0, 0, 0, , 0, 0, 0, 0, 0, 
384, 0, 607, -1, -1, 215, 140, 138.0, 9, , 41, 0, 0, 0, , 0, 0, 0, 0, 0, 
385, 0, 608, -1, -1, 222, 120, 137.0, 9, , 29, 0, 0, 0, , 0, 0, 0, 0, 0, 
386, 0, 609, -1, -1, 144, 112, 144.0, 7, , 38, 0, 0, 0, , 0, 0, 0, 0, 0, 
387, 0, 610, -1, -1, 137, 176, 142.0, 7, , 20, 0, 0, 0, , 0, 0, 0, 0, 0, 
388, 0, 612, -1, -1, 138, 128, 145.0, 11, , 119, 0, 0, 0, , 0, 0, 0, 0, 0, 
389, 0, 613, -1, -1, 170, 174, 150.0, 9, , 15, 0, 0, 0, , 0, 0, 0, 0, 0, 
390, 0, 614, -1, -1, 185, 83, 150.0, 9, , 18, 0, 0, 0, , 0, 0, 0, 0, 0, 
391, 0, 616, -1, -1, 78, 131, 155.0, 9, , 24, 0, 0, 0, , 0, 0, 0, 0, 0, 
392, 0, 617, -1, -1, 118, 160, 156.0, 9, , 7, 0, 0, 0, , 0, 0, 0, 0, 0, 
393, 0, 619, -1, -1, 150, 102, 158.0, 9, , 36, 0, 0, 0, , 0, 0, 0, 0, 0, 
394, 0, 621, -1, -1, 108, 144, 166.0, 11, , 73, 0, 0, 0, , 0, 0, 0, 0, 0, 
395, 0, 622, -1, -1, 137, 76, 167.0, 11, , 101, 0, 0, 0, , 0, 0, 0, 0, 0, 
396, 0, 623, -1, -1, 152, 102, 167.0, 9, , 111, 0, 0, 0, , 0, 0, 0, 0, 0, 
397, 0, 624, -1, -1, 149, 83, 172.0, 9, , 8, 0, 0, 0, , 0, 0, 0, 0, 0, 
398, 0, 625, -1, -1, 141, 146, 174.0, 9, , 33, 0, 0, 0, , 0, 0, 0, 0, 0, 
399, 0, 626, -1, -1, 123, 128, 180.0, 9, , 13, 0, 0, 0, , 0, 0, 0, 0, 0, 
400, 0, 627, -1, -1, 105, 152, 180.0, 9, , 94, 0, 0, 0, , 0, 0, 0, 0, 0, 
401, 0, 628, -1, -1, 156, 98, 185.0, 7, , 45, 0, 0, 0, , 0, 0, 0, 0, 0, 
402, 0, 630, -1, -1, 141, 67, 189.0, 9, , 34, 0, 0, 0, , 0, 0, 0, 0, 0, 
403, 0, 631, -1, -1, 235, 58, 192.0, 11, , 36, 0, 0, 0, , 0, 0, 0, 0, 0, 
404, 0, 632, -1, -1, 162, 154, 196.0, 9, , 44, 0, 0, 0, , 0, 0, 0, 0, 0, 
405, 0, 633, -1, -1, 151, 91, 194.0, 9, , 64, 0, 0, 0, , 0, 0, 0, 0, 0, 
406, 0, 634, -1, -1, 140, 73, 195.0, 9, , 35, 0, 0, 0, , 0, 0, 0, 0, 0, 
407, 0, 635, -1, -1, 163, 135, 198.0, 9, , 32, 0, 0, 0, , 0, 0, 0, 0, 0, 
408, 0, 636, -1, -1, 172, 164, 182.0, 7, , 28, 0, 0, 0, , 0, 0, 0, 0, 0, 
409, 0, 637, -1, -1, 153, 180, 107.0, 9, , 31, 0, 0, 0, , 0, 0, 0, 0, 0, 
410, 0, -1, -1, -1, 145, 145, 79.0, 9, , 22, 0, 0, 0, , 0, 0, 0, 0, 0, 
411, 0, -1, -1, -1, 142, 82, 80.0, 9, , 36, 0, 0, 0, , 0, 0, 0, 0, 0, 
412, 0, -1, -1, -1, 153, 147, 136.0, 7, , 10, 0, 0, 0, , 0, 0, 0, 0, 0, 
413, 0, -1, -1, -1, 98, 168, 140.0, 9, , 5, 0, 0, 0, , 0, 0, 0, 0, 0, 
414, 0, -1, -1, -1, 121, 120, 141.0, 9, , 63, 0, 0, 0, , 0, 0, 0, 0, 0, 
415, 0, -1, -1, -1, 240, 130, 165.0, 9, , 15, 0, 0, 0, , 0, 0, 0, 0, 0, 
416, 0, -1, -1, -1, 102, 107, 181.0, 7, , 10, 0, 0, 0, , 0, 0, 0, 0, 0, 
417, 0, -1, -1, -1, 89, 151, 106.0, 9, , 16, 0, 0, 0, , 0, 0, 0, 0, 0, 
418, 0, -1, -1, -1, 170, 165, 186.0, 7, , 28, 0, 0, 0, , 0, 0, 0, 0, 0, 
419, 0, -1, -1, -1, 245, 72, 186.0, 9, , 35, 0, 0, 0, , 0, 0, 0, 0, 0, 
420, 1, 638, 636, -1, 311, 105, 150.0, 14, Eprpa, 0, 0, 0, 0, , 0, 0, 0, 0, 0, 
421, 1, 639, 588, -1, 251, 73, 182.8, 15, ABprappaap, 0, 0, 0, 0, , 0, 0, 0, 0, 0, 
422, 1, 640, 589, -1, 126, 113, 81.0, 15, ABplpaapaaa, 0, 0, 0, 0, , 0, 0, 0, 0, 0, 
423, 1, 641, 590, -1, 100, 142, 68.0, 15, ABplaaappa, 0, 0, 0, 0, , 0, 0, 0, 0, 0, 
424, 1, 642, 591, -1, 121, 105, 59.75, 16, ABplaaappp, 0, 0, 0, 0, , 0, 0, 0, 0, 0, 
425, 1, 643, 592, -1, 111, 86, 203.0, 14, ABarpapppp, 0, 0, 0, 0, , 0, 0, 0, 0, 0, 
426, 1, 644, 593, -1, 180, 85, 68.0, 17, ABarppapaa, 0, 0, 0, 0, , 0, 0, 0, 0, 0, 
427, 1, 645, 594, -1, 201, 76, 80.0, 18, ABarppapap, 0, 0, 0, 0, , 0, 0, 0, 0, 0, 
428, 1, 646, 595, -1, 203, 59, 193.0, 15, ABarppppap, 0, 0, 0, 0, , 0, 0, 0, 0, 0, 
429, 1, 647, 596, -1, 233, 71, 82.0, 15, ABplappapa, 0, 0, 0, 0, , 0, 0, 0, 0, 0, 
430, 1, 648, 597, -1, 235, 55, 188.0, 11, ABprappapa, 0, 0, 0, 0, , 0, 0, 0, 0, 0, 
431, 1, 649, 598, -1, 279, 83, 89.0, 17, ABarppappa, 0, 0, 0, 0, , 0, 0, 0, 0, 0, 
432, 1, 650, 599, -1, 272, 63, 183.0, 14, ABarpppppa, 0, 0, 0, 0, , 0, 0, 0, 0, 0, 
433, 1, 651, 600, -1, 302, 121, 87.0, 14, ABplapapaa, 0, 0, 0, 0, , 0, 0, 0, 0, 0, 
434, 1, 652, 601, -1, 305, 98, 188.0, 13, ABprapapaa, 0, 0, 0, 0, , 0, 0, 0, 0, 0, 
435, 1, 653, 602, -1, 298, 129, 193.0, 15, ABarpppppp, 0, 0, 0, 0, , 0, 0, 0, 0, 0, 
436, 1, 654, 603, -1, 282, 175, 120.0, 15, ABplappppp, 0, 0, 0, 0, , 0, 0, 0, 0, 0, 
437, 0, 655, -1, -1, 280, 154, 182.0, 10, , 0, 0, 0, 0, , 0, 0, 0, 0, 0, 
438, 1, 656, 605, -1, 90, 129, 190.0, 13, ABarpapppa, 0, 0, 0, 0, , 0, 0, 0, 0, 0, 
439, 1, 657, 606, -1, 291, 145, 86.0, 15, ABarppappp, 0, 0, 0, 0, , 0, 0, 0, 0, 0, 
440, 1, 658, 607, -1, 141, 77, 206.0, 16, ABarpppaap, 0, 0, 0, 0, , 0, 0, 0, 0, 0, 
441, 0, 659, -1, -1, 158, 95, 81.0, 14, , 0, 0, 0, 0, , 0, 0, 0, 0, 0, 
442, 0, 660, -1, -1, 170, 69, 198.66667, 14, , 0, 0, 0, 0, , 0, 0, 0, 0, 0, 
443, 0, 661, -1, -1, 278, 154, 179.0, 10, , 0, 0, 0, 0, , 0, 0, 0, 0, 0, 
444, 0, 662, -1, -1, 279, 154, 185.0, 10, , 0, 0, 0, 0, , 0, 0, 0, 0, 0, 
445, 0, 663, -1, -1, 279, 152, 179.0, 10, , 0, 0, 0, 0, , 0, 0, 0, 0, 0, 
446, 0, 664, -1, -1, 278, 155, 181.0, 10, , 0, 0, 0, 0, , 0, 0, 0, 0, 0, 
447, 0, 665, -1, -1, 78, 137, 94.0, 13, , 0, 0, 0, 0, , 0, 0, 0, 0, 0, 
448, 0, 666, -1, -1, 97, 107, 85.0, 12, , 0, 0, 0, 0, , 0, 0, 0, 0, 0, 
449, 0, 667, -1, -1, 115, 144, 107.5, 12, , 0, 0, 0, 0, , 0, 0, 0, 0, 0, 
450, 0, 668, -1, -1, 91, 131, 100.5, 14, , 0, 0, 0, 0, , 0, 0, 0, 0, 0, 
451, 0, 669, -1, -1, 77, 135, 96.5, 13, , 0, 0, 0, 0, , 0, 0, 0, 0, 0, 
452, 1, 670, 619, -1, 216, 56, 137.0, 15, Earpa, 0, 0, 0, 0, , 0, 0, 0, 0, 0, 
453, 1, 671, 620, -1, 198, 49, 117.0, 15, Ealaad, 0, 0, 0, 0, , 0, 0, 0, 0, 0, 
454, 1, 672, 621, -1, 214, 81, 111.0, 17, Ealaav, 0, 0, 0, 0, , 0, 0, 0, 0, 0, 
455, 1, 673, 622, -1, 242, 75, 138.5, 16, Ealap, 0, 0, 0, 0, , 0, 0, 0, 0, 0, 
456, 1, 674, 623, -1, 219, 78, 137.0, 15, Ealpa, 0, 0, 0, 0, , 0, 0, 0, 0, 0, 
457, 1, 675, 624, -1, 294, 79, 115.0, 15, Ealpp, 0, 0, 0, 0, , 0, 0, 0, 0, 0, 
458, 1, 676, 625, -1, 198, 46, 152.0, 15, Earaad, 0, 0, 0, 0, , 0, 0, 0, 0, 0, 
459, 1, 677, 626, -1, 204, 79, 161.0, 15, Earaav, 0, 0, 0, 0, , 0, 0, 0, 0, 0, 
460, 1, 678, 627, -1, 234, 56, 128.0, 15, Earap, 0, 0, 0, 0, , 0, 0, 0, 0, 0, 
461, 1, 679, 628, -1, 281, 64, 134.0, 15, Earpp, 0, 0, 0, 0, , 0, 0, 0, 0, 0, 
462, 1, 680, 629, -1, 263, 71, 126.333336, 14, Eplaa, 0, 0, 0, 0, , 0, 0, 0, 0, 0, 
463, 1, 681, 630, -1, 310, 96, 123.0, 15, Eplap, 0, 0, 0, 0, , 0, 0, 0, 0, 0, 
464, 1, 682, 631, -1, 316, 118, 132.0, 17, Eplpa, 0, 0, 0, 0, , 0, 0, 0, 0, 0, 
465, 1, 683, 632, -1, 300, 157, 138.0, 15, Eplppa, 0, 0, 0, 0, , 0, 0, 0, 0, 0, 
466, 1, 684, 633, -1, 308, 139, 130.0, 15, Eplppp, 0, 0, 0, 0, , 0, 0, 0, 0, 0, 
467, 1, 685, 634, -1, 255, 59, 135.0, 15, Epraa, 0, 0, 0, 0, , 0, 0, 0, 0, 0, 
468, 1, 686, 635, -1, 303, 80, 138.5, 16, Eprap, 0, 0, 0, 0, , 0, 0, 0, 0, 0, 
469, 1, 687, 637, -1, 294, 144, 155.0, 13, Eprppa, 0, 0, 0, 0, , 0, 0, 0, 0, 0, 
470, 1, 688, 638, -1, 311, 128, 153.0, 15, Eprppp, 0, 0, 0, 0, , 0, 0, 0, 0, 0, 
471, 1, 689, 639, -1, 105, 96, 107.0, 11, MSaaaaaal, 0, 0, 0, 0, , 0, 0, 0, 0, 0, 
472, 1, 690, 640, -1, 102, 91, 149.0, 11, MSaaaaaar, 0, 0, 0, 0, , 0, 0, 0, 0, 0, 
473, 1, 691, 641, -1, 128, 61, 106.0, 14, MSaaaaapp, 0, 0, 0, 0, , 0, 0, 0, 0, 0, 
474, 1, 692, 642, -1, 109, 75, 133.0, 13, MSaaaaapaa, 0, 0, 0, 0, , 0, 0, 0, 0, 0, 
475, 0, 693, -1, -1, 126, 68, 127.0, 13, , 0, 0, 0, 0, , 0, 0, 0, 0, 0, 
476, 1, 694, 644, -1, 143, 45, 125.0, 11, MSaaaapaa, 0, 0, 0, 0, , 0, 0, 0, 0, 0, 
477, 1, 695, 645, -1, 142, 55, 117.0, 12, MSaaaapap, 0, 0, 0, 0, , 0, 0, 0, 0, 0, 
478, 1, 696, 646, -1, 167, 50, 139.0, 11, MSaaaappa, 0, 0, 0, 0, , 0, 0, 0, 0, 0, 
479, 1, 697, 647, -1, 146, 81, 100.0, 11, MSaaapaap, 0, 0, 0, 0, , 0, 0, 0, 0, 0, 
480, 1, 698, 648, -1, 169, 59, 107.0, 9, MSaaapapa, 0, 0, 0, 0, , 0, 0, 0, 0, 0, 
481, 1, 699, 649, -1, 183, 68, 124.0, 9, MSaaapapp, 0, 0, 0, 0, , 0, 0, 0, 0, 0, 
482, 1, 700, 650, -1, 207, 66, 116.0, 11, MSaaappa, 0, 0, 0, 0, , 0, 0, 0, 0, 0, 
483, 1, 701, 651, -1, 185, 46, 136.5, 11, MSaaappp, 0, 0, 0, 0, , 0, 0, 0, 0, 0, 
484, 1, 702, 652, -1, 185, 116, 116.5, 10, MSaapaaap, 0, 0, 0, 0, , 0, 0, 0, 0, 0, 
485, 1, 703, 653, -1, 168, 115, 127.0, 11, MSaapaaaa, 0, 0, 0, 0, , 0, 0, 0, 0, 0, 
486, 1, 704, 654, -1, 193, 88, 105.0, 12, MSaapaapp, 0, 0, 0, 0, , 0, 0, 0, 0, 0, 
487, 0, 705, -1, -1, 193, 90, 135.0, 10, , 0, 0, 0, 0, , 0, 0, 0, 0, 0, 
488, 1, 706, 656, -1, 122, 114, 94.5, 14, MSapaaaad, 0, 0, 0, 0, , 0, 0, 0, 0, 0, 
489, 1, 707, 657, -1, 152, 138, 103.5, 12, MSapaaaav, 0, 0, 0, 0, , 0, 0, 0, 0, 0, 
490, 0, 708, -1, -1, 113, 93, 83.0, 15, , 0, 0, 0, 0, , 0, 0, 0, 0, 0, 
491, 1, 709, 659, -1, 285, 113, 148.5, 15, MSapaapp, 0, 0, 0, 0, , 0, 0, 0, 0, 0, 
492, 1, 710, 660, -1, 145, 126, 91.0, 16, MSapapap, 0, 0, 0, 0, , 0, 0, 0, 0, 0, 
493, 1, 711, 661, -1, 108, 76, 91.0, 16, MSapappa, 0, 0, 0, 0, , 0, 0, 0, 0, 0, 
494, 1, 712, 662, -1, 92, 80, 103.0, 14, MSapappp, 0, 0, 0, 0, , 0, 0, 0, 0, 0, 
495, 1, 713, 663, -1, 132, 62, 92.0, 14, MSapppap, 0, 0, 0, 0, , 0, 0, 0, 0, 0, 
496, 1, 714, 664, -1, 98, 66, 101.0, 14, MSappppa, 0, 0, 0, 0, , 0, 0, 0, 0, 0, 
497, 1, 715, 665, -1, 117, 50, 103.0, 14, MSappppp, 0, 0, 0, 0, , 0, 0, 0, 0, 0, 
498, 1, 716, 666, -1, 126, 53, 125.0, 15, MSpaaaaaa, 0, 0, 0, 0, , 0, 0, 0, 0, 0, 
499, 0, 717, -1, -1, 136, 52, 140.0, 15, , 0, 0, 0, 0, , 0, 0, 0, 0, 0, 
500, 1, 718, 668, -1, 111, 71, 150.0, 15, MSpaaaapa, 0, 0, 0, 0, , 0, 0, 0, 0, 0, 
501, 1, 719, 669, -1, 120, 61, 144.0, 15, MSpaaaapp, 0, 0, 0, 0, , 0, 0, 0, 0, 0, 
502, 1, 720, 670, -1, 158, 54, 117.0, 13, MSpaaapaa, 0, 0, 0, 0, , 0, 0, 0, 0, 0, 
503, 1, 721, 671, -1, 176, 51, 131.0, 13, MSpaaapap, 0, 0, 0, 0, , 0, 0, 0, 0, 0, 
504, 1, 722, 672, -1, 146, 64, 136.0, 13, MSpaaaaap, 0, 0, 0, 0, , 0, 0, 0, 0, 0, 
505, 1, 723, 673, -1, 134, 50, 140.5, 15, MSpaaappa, 0, 0, 0, 0, , 0, 0, 0, 0, 0, 
506, 1, 724, 674, -1, 152, 46, 134.5, 15, MSpaaappp, 0, 0, 0, 0, , 0, 0, 0, 0, 0, 
507, 1, 725, 675, -1, 139, 61, 157.0, 15, ABaraappapp, 0, 0, 0, 0, , 0, 0, 0, 0, 0, 
508, 1, 726, 676, -1, 162, 55, 155.5, 15, MSpaapapa, 0, 0, 0, 0, , 0, 0, 0, 0, 0, 
509, 1, 727, 677, 779, 178, 90, 172.0, 14, MSpapaapa, 0, 0, 0, 0, , 0, 0, 0, 0, 0, 
510, 1, 728, 678, -1, 200, 43, 178.0, 15, Caaaaa, 0, 0, 0, 0, , 0, 0, 0, 0, 0, 
511, 1, 729, 679, -1, 252, 45, 175.0, 16, Caaaap, 0, 0, 0, 0, , 0, 0, 0, 0, 0, 
512, 1, 730, 680, -1, 290, 59, 172.0, 17, Caaapa, 0, 0, 0, 0, , 0, 0, 0, 0, 0, 
513, 1, 731, 681, -1, 324, 91, 172.0, 17, Caaapp, 0, 0, 0, 0, , 0, 0, 0, 0, 0, 
514, 1, 732, 682, -1, 233, 171, 173.0, 13, Caapaa, 0, 0, 0, 0, , 0, 0, 0, 0, 0, 
515, 1, 733, 683, -1, 313, 149, 171.5, 16, Caappd, 0, 0, 0, 0, , 0, 0, 0, 0, 0, 
516, 1, 734, 684, -1, 282, 173, 165.0, 15, Caappv, 0, 0, 0, 0, , 0, 0, 0, 0, 0, 
517, 1, 735, 685, -1, 212, 105, 102.0, 17, Capaaaa, 0, 0, 0, 0, , 0, 0, 0, 0, 0, 
518, 1, 736, 686, -1, 237, 89, 95.0, 17, Capaaap, 0, 0, 0, 0, , 0, 0, 0, 0, 0, 
519, 1, 737, 687, -1, 261, 94, 101.0, 15, Capaapa, 0, 0, 0, 0, , 0, 0, 0, 0, 0, 
520, 1, 738, 688, -1, 296, 134, 103.0, 15, Capaapp, 0, 0, 0, 0, , 0, 0, 0, 0, 0, 
521, 1, 739, 689, -1, 274, 61, 100.0, 15, Capapaa, 0, 0, 0, 0, , 0, 0, 0, 0, 0, 
522, 1, 740, 690, -1, 318, 90, 102.5, 15, Capapap, 0, 0, 0, 0, , 0, 0, 0, 0, 0, 
523, 1, 741, 691, -1, 267, 135, 112.5, 15, Capappa, 0, 0, 0, 0, , 0, 0, 0, 0, 0, 
524, 0, 742, -1, -1, 241, 154, 139.0, 14, , 0, 0, 0, 0, , 0, 0, 0, 0, 0, 
525, 1, 743, 693, -1, 233, 52, 100.5, 17, Cappaaa, 0, 0, 0, 0, , 0, 0, 0, 0, 0, 
526, 1, 744, 694, -1, 286, 60, 110.0, 17, Cappaap, 0, 0, 0, 0, , 0, 0, 0, 0, 0, 
527, 1, 745, 695, -1, 324, 134, 106.0, 14, Cappapa, 0, 0, 0, 0, , 0, 0, 0, 0, 0, 
528, 1, 746, 696, -1, 306, 160, 118.0, 14, Cappapp, 0, 0, 0, 0, , 0, 0, 0, 0, 0, 
529, 1, 747, 697, -1, 333, 107, 114.0, 16, Capppaa, 0, 0, 0, 0, , 0, 0, 0, 0, 0, 
530, 1, 748, 698, -1, 336, 141, 118.0, 15, Capppap, 0, 0, 0, 0, , 0, 0, 0, 0, 0, 
531, 0, 749, -1, -1, 256, 170, 155.5, 14, , 0, 0, 0, 0, , 0, 0, 0, 0, 0, 
532, 0, 750, -1, -1, 236, 177, 149.0, 15, , 0, 0, 0, 0, , 0, 0, 0, 0, 0, 
533, 1, 751, 701, -1, 179, 58, 78.666664, 17, Cpaaaa, 0, 0, 0, 0, , 0, 0, 0, 0, 0, 
534, 1, 752, 702, -1, 217, 50, 88.0, 19, Cpaaap, 0, 0, 0, 0, , 0, 0, 0, 0, 0, 
535, 1, 753, 703, -1, 263, 67, 89.5, 17, Cpaapa, 0, 0, 0, 0, , 0, 0, 0, 0, 0, 
536, 0, 754, -1, -1, 315, 89, 97.0, 17, , 0, 0, 0, 0, , 0, 0, 0, 0, 0, 
537, 1, 755, 705, -1, 299, 92, 85.0, 17, Cpaapp, 0, 0, 0, 0, , 0, 0, 0, 0, 0, 
538, 1, 756, 706, -1, 316, 124, 180.0, 15, Cpapaa, 0, 0, 0, 0, , 0, 0, 0, 0, 0, 
539, 1, 757, 707, -1, 317, 129, 91.5, 15, Cpapap, 0, 0, 0, 0, , 0, 0, 0, 0, 0, 
540, 1, 758, 708, -1, 305, 161, 103.0, 15, Cpappd, 0, 0, 0, 0, , 0, 0, 0, 0, 0, 
541, 1, 759, 709, -1, 270, 178, 137.0, 15, Cpappv, 0, 0, 0, 0, , 0, 0, 0, 0, 0, 
542, 1, 760, 710, -1, 204, 96, 179.0, 14, Cppaaaa, 0, 0, 0, 0, , 0, 0, 0, 0, 0, 
543, 1, 761, 711, -1, 228, 83, 178.5, 13, Cppaaap, 0, 0, 0, 0, , 0, 0, 0, 0, 0, 
544, 1, 762, 712, -1, 256, 79, 173.33333, 13, Cppaapa, 0, 0, 0, 0, , 0, 0, 0, 0, 0, 
545, 1, 763, 713, -1, 287, 108, 179.0, 13, Cppaapp, 0, 0, 0, 0, , 0, 0, 0, 0, 0, 
546, 1, 764, 714, -1, 269, 44, 163.0, 13, Cppapaa, 0, 0, 0, 0, , 0, 0, 0, 0, 0, 
547, 1, 765, 715, -1, 311, 67, 164.0, 15, Cppapap, 0, 0, 0, 0, , 0, 0, 0, 0, 0, 
548, 1, 766, 716, -1, 273, 122, 183.0, 13, Cppappa, 0, 0, 0, 0, , 0, 0, 0, 0, 0, 
549, 1, 767, 717, -1, 260, 131, 180.33333, 13, Cppappp, 0, 0, 0, 0, , 0, 0, 0, 0, 0, 
550, 1, 768, 718, -1, 214, 37, 165.66667, 15, Cpppaaa, 0, 0, 0, 0, , 0, 0, 0, 0, 0, 
551, 1, 769, 719, -1, 265, 41, 152.0, 15, Cpppaap, 0, 0, 0, 0, , 0, 0, 0, 0, 0, 
552, 1, 770, 720, -1, 332, 110, 163.0, 14, Cpppapa, 0, 0, 0, 0, , 0, 0, 0, 0, 0, 
553, 1, 771, 721, -1, 326, 140, 163.0, 13, Cpppapp, 0, 0, 0, 0, , 0, 0, 0, 0, 0, 
554, 1, 772, 722, -1, 332, 85, 151.0, 15, Cppppaa, 0, 0, 0, 0, , 0, 0, 0, 0, 0, 
555, 1, 773, 723, -1, 340, 122, 147.5, 15, Cppppap, 0, 0, 0, 0, , 0, 0, 0, 0, 0, 
556, 1, 774, 724, -1, 317, 157, 150.0, 14, Cpppppd, 0, 0, 0, 0, , 0, 0, 0, 0, 0, 
557, 1, 775, 725, -1, 252, 164, 174.0, 14, Cpppppv, 0, 0, 0, 0, , 0, 0, 0, 0, 0, 
558, 1, 776, 726, -1, 188, 128, 92.0, 14, Daaaa, 0, 0, 0, 0, , 0, 0, 0, 0, 0, 
559, 1, 777, 727, -1, 154, 54, 93.5, 15, Daaap, 0, 0, 0, 0, , 0, 0, 0, 0, 0, 
560, 1, 778, 728, -1, 178, 150, 103.5, 14, Daapa, 0, 0, 0, 0, , 0, 0, 0, 0, 0, 
561, 0, 779, -1, -1, 193, 151, 110.0, 14, , 0, 0, 0, 0, , 0, 0, 0, 0, 0, 
562, 1, 780, 730, -1, 193, 152, 104.333336, 14, Daapp, 0, 0, 0, 0, , 0, 0, 0, 0, 0, 
563, 1, 781, 731, -1, 199, 115, 96.0, 16, Dapaa, 0, 0, 0, 0, , 0, 0, 0, 0, 0, 
564, 1, 782, 732, -1, 188, 44, 99.5, 16, Dapap, 0, 0, 0, 0, , 0, 0, 0, 0, 0, 
565, 1, 783, 733, -1, 146, 43, 105.666664, 12, Dappaa, 0, 0, 0, 0, , 0, 0, 0, 0, 0, 
566, 1, 784, 734, -1, 177, 39, 109.0, 14, Dappap, 0, 0, 0, 0, , 0, 0, 0, 0, 0, 
567, 1, 785, 735, -1, 206, 37, 111.0, 12, Dapppa, 0, 0, 0, 0, , 0, 0, 0, 0, 0, 
568, 1, 786, 736, -1, 240, 41, 115.0, 16, Dapppp, 0, 0, 0, 0, , 0, 0, 0, 0, 0, 
569, 0, 787, -1, -1, 176, 119, 188.0, 15, , 0, 0, 0, 0, , 0, 0, 0, 0, 0, 
570, 0, 788, -1, -1, 180, 119, 180.0, 15, , 0, 0, 0, 0, , 0, 0, 0, 0, 0, 
571, 1, 789, 739, -1, 142, 49, 168.0, 14, Dpaap, 0, 0, 0, 0, , 0, 0, 0, 0, 0, 
572, 1, 790, 740, -1, 164, 134, 187.0, 12, Dpapa, 0, 0, 0, 0, , 0, 0, 0, 0, 0, 
573, 0, 791, -1, -1, 188, 137, 189.0, 14, , 0, 0, 0, 0, , 0, 0, 0, 0, 0, 
574, 1, 792, 742, -1, 188, 139, 187.0, 12, Dpapp, 0, 0, 0, 0, , 0, 0, 0, 0, 0, 
575, 1, 793, 743, -1, 188, 107, 186.0, 14, Dppaa, 0, 0, 0, 0, , 0, 0, 0, 0, 0, 
576, 1, 794, 744, -1, 175, 41, 170.0, 16, Dppap, 0, 0, 0, 0, , 0, 0, 0, 0, 0, 
577, 1, 795, 745, -1, 135, 42, 150.0, 14, Dpppaa, 0, 0, 0, 0, , 0, 0, 0, 0, 0, 
578, 1, 796, 746, -1, 161, 40, 152.0, 14, Dpppap, 0, 0, 0, 0, , 0, 0, 0, 0, 0, 
579, 1, 797, 747, -1, 186, 29, 154.0, 15, Dppppa, 0, 0, 0, 0, , 0, 0, 0, 0, 0, 
580, 1, 798, 748, -1, 217, 32, 152.33333, 15, Dppppp, 0, 0, 0, 0, , 0, 0, 0, 0, 0, 
581, 1, 799, 749, -1, 284, 99, 164.5, 18, Z2, 0, 0, 0, 0, , 0, 0, 0, 0, 0, 
582, 1, 800, 750, -1, 276, 116, 119.0, 20, Z3, 0, 0, 0, 0, , 0, 0, 0, 0, 0, 
583, 1, 801, 751, -1, 125, 67, 120.5, 13, MSaaaaapap, 0, 0, 0, 0, , 0, 0, 0, 0, 0, 
584, 1, 802, 752, -1, 169, 63, 129.0, 13, MSaaaappp, 0, 0, 0, 0, , 0, 0, 0, 0, 0, 
585, 0, 803, -1, -1, 115, 85, 113.0, 14, , 0, 0, 0, 0, , 0, 0, 0, 0, 0, 
586, 1, 804, 754, -1, 189, 102, 127.0, 12, MSaapapaa, 0, 0, 0, 0, , 0, 0, 0, 0, 0, 
587, 1, 805, 755, -1, 196, 104, 113.0, 10, MSaapapap, 0, 0, 0, 0, , 0, 0, 0, 0, 0, 
588, 1, 806, 756, -1, 192, 95, 154.0, 10, MSpapapaa, 0, 0, 0, 0, , 0, 0, 0, 0, 0, 
589, 1, 807, 757, -1, 114, 50, 145.33333, 14, MSpppppp, 0, 0, 0, 0, , 0, 0, 0, 0, 0, 
590, 1, 808, 758, -1, 175, 53, 151.0, 15, MSpaapapp, 0, 0, 0, 0, , 0, 0, 0, 0, 0, 
591, 0, 809, -1, -1, 262, 175, 161.0, 13, , 0, 0, 0, 0, , 0, 0, 0, 0, 0, 
592, 0, 810, -1, -1, 255, 166, 150.0, 14, , 0, 0, 0, 0, , 0, 0, 0, 0, 0, 
593, 1, 811, 761, -1, 284, 87, 185.0, 13, ABprappapp, 0, 0, 0, 0, , 0, 0, 0, 0, 0, 
594, 1, 812, 762, -1, 216, 80, 190.0, 13, ABprappaaa, 0, 0, 0, 0, , 0, 0, 0, 0, 0, 
595, 1, 813, 763, -1, 134, 132, 191.0, 12, ABprpaaaaaa, 0, 0, 0, 0, , 0, 0, 0, 0, 0, 
596, 1, 814, 764, -1, 176, 80, 99.0, 14, MSaapappa, 0, 0, 0, 0, , 0, 0, 0, 0, 0, 
597, 1, 815, 765, -1, 179, 103, 109.0, 12, MSaapaapaa, 0, 0, 0, 0, , 0, 0, 0, 0, 0, 
598, 1, 816, 766, -1, 190, 98, 95.0, 12, MSaapaapap, 0, 0, 0, 0, , 0, 0, 0, 0, 0, 
599, 1, 817, 767, -1, 204, 89, 132.0, 15, MSaappap, 0, 0, 0, 0, , 0, 0, 0, 0, 0, 
600, 0, 818, -1, -1, 214, 137, 125.0, 14, , 0, 0, 0, 0, , 0, 0, 0, 0, 0, 
601, 0, 819, -1, -1, 203, 123, 134.5, 12, , 0, 0, 0, 0, , 0, 0, 0, 0, 0, 
602, 0, 820, -1, -1, 218, 104, 129.0, 13, , 0, 0, 0, 0, , 0, 0, 0, 0, 0, 
603, 1, 821, 771, -1, 235, 97, 112.5, 15, MSaappppp, 0, 0, 0, 0, , 0, 0, 0, 0, 0, 
604, 0, 822, -1, -1, 183, 91, 85.0, 10, , 0, 0, 0, 0, , 0, 0, 0, 0, 0, 
605, 1, 823, 772, -1, 196, 84, 89.0, 16, MSapapaa, 0, 0, 0, 0, , 0, 0, 0, 0, 0, 
606, 1, 824, 773, -1, 107, 59, 121.5, 16, MSappaaa, 0, 0, 0, 0, , 0, 0, 0, 0, 0, 
607, 0, 825, -1, -1, 279, 109, 98.5, 16, , 0, 0, 0, 0, , 0, 0, 0, 0, 0, 
608, 0, 826, -1, -1, 165, 144, 112.0, 15, , 0, 0, 0, 0, , 0, 0, 0, 0, 0, 
609, 1, 827, 776, -1, 175, 123, 99.5, 14, MSapppaa, 0, 0, 0, 0, , 0, 0, 0, 0, 0, 
610, 1, 828, 777, -1, 169, 114, 156.0, 14, MSpapaaaa, 0, 0, 0, 0, , 0, 0, 0, 0, 0, 
611, 1, 829, 778, -1, 182, 111, 166.0, 14, MSpapaaap, 0, 0, 0, 0, , 0, 0, 0, 0, 0, 
612, 1, 830, 780, -1, 179, 71, 163.0, 14, MSpapaapp, 0, 0, 0, 0, , 0, 0, 0, 0, 0, 
613, 1, 831, 781, -1, 163, 69, 168.0, 14, MSpapappa, 0, 0, 0, 0, , 0, 0, 0, 0, 0, 
614, 0, 832, -1, -1, 208, 146, 155.0, 15, , 0, 0, 0, 0, , 0, 0, 0, 0, 0, 
615, 1, 833, 783, -1, 257, 101, 120.0, 14, MSpappaa, 0, 0, 0, 0, , 0, 0, 0, 0, 0, 
616, 1, 834, 784, -1, 260, 95, 170.0, 14, MSpappap, 0, 0, 0, 0, , 0, 0, 0, 0, 0, 
617, 1, 835, 785, -1, 199, 129, 180.5, 12, MSpapppaa, 0, 0, 0, 0, , 0, 0, 0, 0, 0, 
618, 1, 836, 786, -1, 201, 111, 170.0, 14, MSpapppap, 0, 0, 0, 0, , 0, 0, 0, 0, 0, 
619, 1, 837, 787, -1, 214, 100, 173.0, 13, MSpappppa, 0, 0, 0, 0, , 0, 0, 0, 0, 0, 
620, 1, 838, 788, -1, 239, 89, 173.0, 13, MSpappppp, 0, 0, 0, 0, , 0, 0, 0, 0, 0, 
621, 1, 839, 789, -1, 106, 88, 164.0, 13, MSppaaap, 0, 0, 0, 0, , 0, 0, 0, 0, 0, 
622, 1, 840, 790, -1, 119, 106, 166.5, 12, MSppaaaad, 0, 0, 0, 0, , 0, 0, 0, 0, 0, 
623, 1, 841, 791, -1, 146, 129, 166.0, 12, MSppaaaav, 0, 0, 0, 0, , 0, 0, 0, 0, 0, 
624, 1, 842, 792, -1, 286, 127, 149.0, 15, MSppaapp, 0, 0, 0, 0, , 0, 0, 0, 0, 0, 
625, 1, 843, 793, -1, 187, 75, 182.0, 14, MSppapaa, 0, 0, 0, 0, , 0, 0, 0, 0, 0, 
626, 0, 844, -1, -1, 145, 130, 179.5, 14, , 0, 0, 0, 0, , 0, 0, 0, 0, 0, 
627, 1, 845, 795, -1, 148, 132, 171.5, 14, MSppapap, 0, 0, 0, 0, , 0, 0, 0, 0, 0, 
628, 1, 846, 796, -1, 105, 69, 164.0, 15, MSppappa, 0, 0, 0, 0, , 0, 0, 0, 0, 0, 
629, 1, 847, 797, -1, 81, 79, 143.0, 17, MSppappp, 0, 0, 0, 0, , 0, 0, 0, 0, 0, 
630, 1, 848, 798, -1, 96, 71, 134.0, 14, MSpppaaa, 0, 0, 0, 0, , 0, 0, 0, 0, 0, 
631, 1, 849, 799, -1, 296, 88, 171.5, 14, MSpppaap, 0, 0, 0, 0, , 0, 0, 0, 0, 0, 
632, 0, 850, -1, -1, 161, 118, 172.0, 15, , 0, 0, 0, 0, , 0, 0, 0, 0, 0, 
633, 0, 851, -1, -1, 151, 104, 175.0, 14, , 0, 0, 0, 0, , 0, 0, 0, 0, 0, 
634, 1, 852, 802, -1, 121, 59, 169.0, 16, MSppppap, 0, 0, 0, 0, , 0, 0, 0, 0, 0, 
635, 1, 853, 803, -1, 84, 64, 140.0, 13, MSpppppa, 0, 0, 0, 0, , 0, 0, 0, 0, 0, 
636, 0, 854, -1, -1, 78, 138, 96.0, 13, , 0, 0, 0, 0, , 0, 0, 0, 0, 0, 
637, 0, 855, -1, -1, 76, 138, 97.0, 13, , 0, 0, 0, 0, , 0, 0, 0, 0, 0, 
638, 0, 856, -1, -1, 97, 138, 119.0, 14, , 0, 0, 0, 0, , 0, 0, 0, 0, 0, 
639, 1, 857, 807, -1, 89, 111, 156.0, 12, ABalaaaarrp, 0, 0, 0, 0, , 0, 0, 0, 0, 0, 
640, 1, 858, 808, -1, 108, 152, 95.0, 12, ABalaaapall, 0, 0, 0, 0, , 0, 0, 0, 0, 0, 
641, 1, 859, 809, -1, 97, 106, 85.5, 13, ABalaaapalr, 0, 0, 0, 0, , 0, 0, 0, 0, 0, 
642, 1, 860, 810, -1, 75, 133, 106.0, 12, ABalaaaparr, 0, 0, 0, 0, , 0, 0, 0, 0, 0, 
643, 0, 861, -1, -1, 78, 131, 154.0, 12, , 0, 0, 0, 0, , 0, 0, 0, 0, 0, 
644, 1, 862, 812, -1, 86, 124, 150.0, 12, ABalaaappll, 0, 0, 0, 0, , 0, 0, 0, 0, 0, 
645, 1, 863, 813, -1, 79, 132, 154.0, 12, ABalaaapplr, 0, 0, 0, 0, , 0, 0, 0, 0, 0, 
646, 1, 864, 814, -1, 100, 139, 168.0, 12, ABalaaapprr, 0, 0, 0, 0, , 0, 0, 0, 0, 0, 
647, 1, 865, 815, -1, 96, 103, 166.0, 12, ABalaapaaar, 0, 0, 0, 0, , 0, 0, 0, 0, 0, 
648, 0, 867, -1, -1, 90, 128, 167.5, 13, , 0, 0, 0, 0, , 0, 0, 0, 0, 0, 
649, 0, 868, -1, -1, 117, 165, 167.5, 12, , 0, 0, 0, 0, , 0, 0, 0, 0, 0, 
650, 0, 869, -1, -1, 137, 145, 202.5, 12, , 0, 0, 0, 0, , 0, 0, 0, 0, 0, 
651, 0, 870, -1, -1, 117, 140, 188.0, 13, , 0, 0, 0, 0, , 0, 0, 0, 0, 0, 
652, 1, 871, 820, -1, 135, 124, 195.0, 13, ABalaapppaa, 0, 0, 0, 0, , 0, 0, 0, 0, 0, 
653, 1, 872, 821, -1, 105, 124, 172.0, 10, ABalaappppaa, 0, 0, 0, 0, , 0, 0, 0, 0, 0, 
654, 1, 873, 822, -1, 120, 114, 176.0, 12, ABalaappppap, 0, 0, 0, 0, , 0, 0, 0, 0, 0, 
655, 0, 874, -1, -1, 91, 111, 158.0, 13, , 0, 0, 0, 0, , 0, 0, 0, 0, 0, 
656, 1, 875, 824, -1, 107, 115, 75.0, 13, ABalapaaaa, 0, 0, 0, 0, , 0, 0, 0, 0, 0, 
657, 0, 876, -1, -1, 107, 88, 77.0, 14, , 0, 0, 0, 0, , 0, 0, 0, 0, 0, 
658, 0, 877, -1, -1, 107, 89, 77.0, 14, , 0, 0, 0, 0, , 0, 0, 0, 0, 0, 
659, 1, 878, 826, -1, 115, 91, 88.0, 15, MSapaaap, 0, 0, 0, 0, , 0, 0, 0, 0, 0, 
660, 0, 879, -1, -1, 87, 118, 82.0, 14, , 0, 0, 0, 0, , 0, 0, 0, 0, 0, 
661, 1, 880, 829, -1, 86, 116, 79.0, 14, ABalapaaapp, 0, 0, 0, 0, , 0, 0, 0, 0, 0, 
662, 0, 881, -1, -1, 133, 128, 80.0, 13, , 0, 0, 0, 0, , 0, 0, 0, 0, 0, 
663, 1, 882, 831, -1, 107, 135, 93.5, 15, ABalapaappp, 0, 0, 0, 0, , 0, 0, 0, 0, 0, 
664, 1, 883, 1362, -1, 78, 85, 113.0, 13, ABalapapapaa, 0, 0, 0, 0, , 0, 0, 0, 0, 0, 
665, 1, 884, 833, -1, 94, 66, 116.0, 13, ABalapapapap, 0, 0, 0, 0, , 0, 0, 0, 0, 0, 
666, 1, 885, 834, -1, 69, 99, 112.5, 15, ABalapapapp, 0, 0, 0, 0, , 0, 0, 0, 0, 0, 
667, 1, 886, 835, -1, 88, 117, 107.0, 12, ABalapappaaa, 0, 0, 0, 0, , 0, 0, 0, 0, 0, 
668, 1, 887, 836, -1, 71, 112, 131.0, 13, ABarpaaaaar, 0, 0, 0, 0, , 0, 0, 0, 0, 0, 
669, 1, 888, 837, -1, 96, 101, 99.0, 12, ABalapappaap, 0, 0, 0, 0, , 0, 0, 0, 0, 0, 
670, 1, 889, 838, -1, 72, 116, 107.0, 14, ABalapappap, 0, 0, 0, 0, , 0, 0, 0, 0, 0, 
671, 0, 890, -1, -1, 89, 101, 82.0, 14, , 0, 0, 0, 0, , 0, 0, 0, 0, 0, 
672, 1, 891, 840, -1, 117, 107, 80.0, 12, ABalapapppa, 0, 0, 0, 0, , 0, 0, 0, 0, 0, 
673, 0, 892, -1, -1, 54, 118, 119.0, 13, , 0, 0, 0, 0, , 0, 0, 0, 0, 0, 
674, 0, 893, -1, -1, 89, 91, 174.0, 12, , 0, 0, 0, 0, , 0, 0, 0, 0, 0, 
675, 1, 894, 843, -1, 90, 91, 175.5, 12, ABalappappa, 0, 0, 0, 0, , 0, 0, 0, 0, 0, 
676, 0, 895, -1, -1, 91, 81, 177.0, 12, , 0, 0, 0, 0, , 0, 0, 0, 0, 0, 
677, 1, 896, 845, -1, 90, 91, 125.0, 14, ABalapppaaa, 0, 0, 0, 0, , 0, 0, 0, 0, 0, 
678, 1, 897, 846, -1, 86, 104, 135.0, 13, ABalapppaap, 0, 0, 0, 0, , 0, 0, 0, 0, 0, 
679, 0, 898, -1, -1, 74, 88, 124.5, 13, , 0, 0, 0, 0, , 0, 0, 0, 0, 0, 
680, 1, 899, 848, -1, 72, 91, 131.0, 13, ABalapppapaa, 0, 0, 0, 0, , 0, 0, 0, 0, 0, 
681, 1, 900, 850, -1, 86, 72, 126.0, 13, ABalapppapap, 0, 0, 0, 0, , 0, 0, 0, 0, 0, 
682, 0, 901, -1, -1, 79, 99, 142.0, 12, , 0, 0, 0, 0, , 0, 0, 0, 0, 0, 
683, 0, 902, -1, -1, 76, 112, 146.0, 10, , 0, 0, 0, 0, , 0, 0, 0, 0, 0, 
684, 0, 903, -1, -1, 77, 98, 146.0, 13, , 0, 0, 0, 0, , 0, 0, 0, 0, 0, 
685, 1, 904, 855, -1, 78, 98, 167.0, 12, ABalapppppp, 0, 0, 0, 0, , 0, 0, 0, 0, 0, 
686, 1, 905, 856, -1, 126, 126, 120.5, 11, ABalpaaaaaa, 0, 0, 0, 0, , 0, 0, 0, 0, 0, 
687, 1, 906, 857, -1, 148, 128, 121.0, 12, ABalpaaaaap, 0, 0, 0, 0, , 0, 0, 0, 0, 0, 
688, 0, 907, -1, -1, 125, 125, 134.5, 13, , 0, 0, 0, 0, , 0, 0, 0, 0, 0, 
689, 1, 908, 859, -1, 128, 107, 100.5, 12, ABalpaaapaa, 0, 0, 0, 0, , 0, 0, 0, 0, 0, 
690, 1, 909, 860, -1, 155, 104, 106.0, 12, ABalpaaappp, 0, 0, 0, 0, , 0, 0, 0, 0, 0, 
691, 1, 910, 861, -1, 109, 121, 119.0, 13, ABalpaapaaa, 0, 0, 0, 0, , 0, 0, 0, 0, 0, 
692, 1, 911, 862, -1, 118, 107, 113.0, 14, ABalpaapaap, 0, 0, 0, 0, , 0, 0, 0, 0, 0, 
693, 1, 912, 863, -1, 128, 79, 97.0, 14, ABalpaapapa, 0, 0, 0, 0, , 0, 0, 0, 0, 0, 
694, 1, 913, 864, -1, 135, 96, 94.0, 15, ABalpaapapp, 0, 0, 0, 0, , 0, 0, 0, 0, 0, 
695, 0, 914, -1, -1, 96, 135, 124.0, 12, , 0, 0, 0, 0, , 0, 0, 0, 0, 0, 
696, 1, 915, 866, -1, 97, 138, 122.0, 12, ABalpaappaa, 0, 0, 0, 0, , 0, 0, 0, 0, 0, 
697, 1, 916, 867, -1, 111, 139, 122.5, 13, ABalpaappap, 0, 0, 0, 0, , 0, 0, 0, 0, 0, 
698, 0, 917, -1, -1, 98, 126, 111.0, 13, , 0, 0, 0, 0, , 0, 0, 0, 0, 0, 
699, 0, 918, -1, -1, 96, 129, 105.5, 14, , 0, 0, 0, 0, , 0, 0, 0, 0, 0, 
700, 0, 919, -1, -1, 117, 148, 116.0, 11, , 0, 0, 0, 0, , 0, 0, 0, 0, 0, 
701, 0, 920, -1, -1, 99, 169, 147.0, 15, , 0, 0, 0, 0, , 0, 0, 0, 0, 0, 
702, 0, 921, -1, -1, 115, 141, 153.5, 13, , 0, 0, 0, 0, , 0, 0, 0, 0, 0, 
703, 0, 922, -1, -1, 164, 151, 134.0, 13, , 0, 0, 0, 0, , 0, 0, 0, 0, 0, 
704, 1, 923, 874, -1, 169, 178, 137.0, 12, ABalpapapapa, 0, 0, 0, 0, , 0, 0, 0, 0, 0, 
705, 1, 924, 875, -1, 187, 173, 137.0, 12, ABalpapapapp, 0, 0, 0, 0, , 0, 0, 0, 0, 0, 
706, 0, 925, -1, -1, 210, 149, 138.0, 13, , 0, 0, 0, 0, , 0, 0, 0, 0, 0, 
707, 0, 926, -1, -1, 138, 127, 123.0, 13, , 0, 0, 0, 0, , 0, 0, 0, 0, 0, 
708, 0, 927, -1, -1, 139, 129, 137.0, 15, , 0, 0, 0, 0, , 0, 0, 0, 0, 0, 
709, 0, 928, -1, -1, 189, 110, 149.5, 14, , 0, 0, 0, 0, , 0, 0, 0, 0, 0, 
710, 1, 929, 880, -1, 145, 112, 95.5, 13, ABalpapppaa, 0, 0, 0, 0, , 0, 0, 0, 0, 0, 
711, 1, 930, 881, -1, 161, 124, 143.5, 15, ABalpappppa, 0, 0, 0, 0, , 0, 0, 0, 0, 0, 
712, 1, 931, 882, -1, 159, 123, 117.5, 14, ABalpappppp, 0, 0, 0, 0, , 0, 0, 0, 0, 0, 
713, 0, 932, -1, -1, 115, 159, 109.0, 12, , 0, 0, 0, 0, , 0, 0, 0, 0, 0, 
714, 0, 933, -1, -1, 116, 160, 110.5, 12, , 0, 0, 0, 0, , 0, 0, 0, 0, 0, 
715, 0, 934, -1, -1, 126, 171, 152.0, 11, , 0, 0, 0, 0, , 0, 0, 0, 0, 0, 
716, 0, 935, -1, -1, 115, 145, 113.0, 13, , 0, 0, 0, 0, , 0, 0, 0, 0, 0, 
717, 0, 936, -1, -1, 116, 142, 109.0, 13, , 0, 0, 0, 0, , 0, 0, 0, 0, 0, 
718, 1, 937, 888, -1, 118, 148, 115.0, 13, ABalpapaaaa, 0, 0, 0, 0, , 0, 0, 0, 0, 0, 
719, 1, 938, 889, -1, 116, 162, 125.0, 12, ABalppapaap, 0, 0, 0, 0, , 0, 0, 0, 0, 0, 
720, 1, 939, 890, -1, 158, 167, 133.0, 12, ABalppapapa, 0, 0, 0, 0, , 0, 0, 0, 0, 0, 
721, 0, 940, -1, -1, 105, 176, 129.5, 13, , 0, 0, 0, 0, , 0, 0, 0, 0, 0, 
722, 0, 941, -1, -1, 132, 131, 79.0, 13, , 0, 0, 0, 0, , 0, 0, 0, 0, 0, 
723, 0, 942, -1, -1, 146, 143, 84.0, 13, , 0, 0, 0, 0, , 0, 0, 0, 0, 0, 
724, 1, 943, 894, -1, 134, 128, 77.0, 13, ABalppappaa, 0, 0, 0, 0, , 0, 0, 0, 0, 0, 
725, 0, 944, -1, -1, 137, 145, 97.0, 13, , 0, 0, 0, 0, , 0, 0, 0, 0, 0, 
726, 1, 945, 896, -1, 136, 161, 123.0, 13, ABalppapppaa, 0, 0, 0, 0, , 0, 0, 0, 0, 0, 
727, 0, 946, -1, -1, 148, 162, 126.0, 13, , 0, 0, 0, 0, , 0, 0, 0, 0, 0, 
728, 1, 947, 898, -1, 133, 152, 111.0, 13, ABalppapppp, 0, 0, 0, 0, , 0, 0, 0, 0, 0, 
729, 0, 948, -1, -1, 142, 163, 76.0, 13, , 0, 0, 0, 0, , 0, 0, 0, 0, 0, 
730, 0, 949, -1, -1, 100, 138, 91.0, 13, , 0, 0, 0, 0, , 0, 0, 0, 0, 0, 
731, 0, 950, -1, -1, 102, 165, 95.0, 13, , 0, 0, 0, 0, , 0, 0, 0, 0, 0, 
732, 1, 951, 903, -1, 141, 161, 78.0, 12, ABalpppapad, 0, 0, 0, 0, , 0, 0, 0, 0, 0, 
733, 1, 952, 902, -1, 156, 157, 70.0, 13, ABalpppaaaa, 0, 0, 0, 0, , 0, 0, 0, 0, 0, 
734, 1, 953, 904, -1, 162, 148, 85.0, 12, ABalpppapav, 0, 0, 0, 0, , 0, 0, 0, 0, 0, 
735, 0, 954, -1, -1, 114, 133, 73.5, 12, , 0, 0, 0, 0, , 0, 0, 0, 0, 0, 
736, 1, 955, 906, -1, 112, 133, 73.5, 12, ABalpppapppa, 0, 0, 0, 0, , 0, 0, 0, 0, 0, 
737, 1, 956, 907, -1, 132, 99, 68.0, 12, ABalpppapppp, 0, 0, 0, 0, , 0, 0, 0, 0, 0, 
738, 1, 957, 908, -1, 142, 107, 78.5, 14, ABalppppaad, 0, 0, 0, 0, , 0, 0, 0, 0, 0, 
739, 0, 958, -1, -1, 101, 133, 83.0, 15, , 0, 0, 0, 0, , 0, 0, 0, 0, 0, 
740, 1, 959, 910, -1, 158, 132, 83.0, 13, ABalpppppaa, 0, 0, 0, 0, , 0, 0, 0, 0, 0, 
741, 1, 960, 911, -1, 161, 117, 75.0, 13, ABalpppppap, 0, 0, 0, 0, , 0, 0, 0, 0, 0, 
742, 1, 961, 912, -1, 164, 110, 63.5, 15, ABalppppppaa, 0, 0, 0, 0, , 0, 0, 0, 0, 0, 
743, 1, 962, 913, -1, 156, 127, 57.5, 13, ABalpppppppa, 0, 0, 0, 0, , 0, 0, 0, 0, 0, 
744, 1, 963, 914, -1, 157, 145, 61.0, 15, ABalpppppppp, 0, 0, 0, 0, , 0, 0, 0, 0, 0, 
745, 1, 964, 915, -1, 117, 130, 122.0, 13, ABaraaaaaaa, 0, 0, 0, 0, , 0, 0, 0, 0, 0, 
746, 1, 965, 916, -1, 128, 115, 109.0, 12, ABaraaaaaap, 0, 0, 0, 0, , 0, 0, 0, 0, 0, 
747, 0, 966, -1, -1, 114, 130, 146.0, 13, , 0, 0, 0, 0, , 0, 0, 0, 0, 0, 
748, 1, 967, 918, -1, 114, 127, 148.0, 11, ABaraaaaapa, 0, 0, 0, 0, , 0, 0, 0, 0, 0, 
749, 1, 968, 919, -1, 125, 111, 151.0, 13, ABaraaaaapp, 0, 0, 0, 0, , 0, 0, 0, 0, 0, 
750, 0, 969, -1, -1, 112, 115, 129.5, 14, , 0, 0, 0, 0, , 0, 0, 0, 0, 0, 
751, 1, 970, 921, -1, 106, 117, 142.0, 15, ABaraaapaaa, 0, 0, 0, 0, , 0, 0, 0, 0, 0, 
752, 1, 971, 922, -1, 114, 99, 150.0, 15, ABaraaapaap, 0, 0, 0, 0, , 0, 0, 0, 0, 0, 
753, 1, 972, 923, -1, 125, 81, 158.0, 15, ABaraaapapa, 0, 0, 0, 0, , 0, 0, 0, 0, 0, 
754, 1, 973, 924, -1, 143, 91, 171.0, 13, ABaraaapapp, 0, 0, 0, 0, , 0, 0, 0, 0, 0, 
755, 1, 974, 925, -1, 92, 124, 132.0, 13, ABaraaappaa, 0, 0, 0, 0, , 0, 0, 0, 0, 0, 
756, 1, 975, 926, -1, 114, 142, 143.0, 12, ABaraaappap, 0, 0, 0, 0, , 0, 0, 0, 0, 0, 
757, 1, 976, 927, -1, 96, 129, 143.0, 12, ABaraaapppa, 0, 0, 0, 0, , 0, 0, 0, 0, 0, 
758, 1, 977, 928, -1, 104, 113, 135.5, 13, ABaraaaapap, 0, 0, 0, 0, , 0, 0, 0, 0, 0, 
759, 1, 978, 929, -1, 113, 115, 129.5, 12, ABaraapaaaa, 0, 0, 0, 0, , 0, 0, 0, 0, 0, 
760, 0, 979, -1, -1, 114, 94, 119.0, 14, , 0, 0, 0, 0, , 0, 0, 0, 0, 0, 
761, 1, 980, 931, -1, 115, 85, 114.0, 12, ABaraapaapa, 0, 0, 0, 0, , 0, 0, 0, 0, 0, 
762, 1, 981, 932, -1, 144, 64, 103.0, 14, ABaraapaapp, 0, 0, 0, 0, , 0, 0, 0, 0, 0, 
763, 1, 982, 933, 934, 158, 92, 109.0, 15, ABaraapapaa, 0, 0, 0, 0, , 0, 0, 0, 0, 0, 
764, 1, 983, 935, -1, 161, 74, 94.0, 14, ABaraapapap, 0, 0, 0, 0, , 0, 0, 0, 0, 0, 
765, 1, 984, 936, -1, 173, 96, 95.0, 14, ABaraapappa, 0, 0, 0, 0, , 0, 0, 0, 0, 0, 
766, 1, 985, 937, -1, 171, 107, 114.0, 14, ABaraapappp, 0, 0, 0, 0, , 0, 0, 0, 0, 0, 
767, 1, 986, 938, -1, 106, 88, 127.0, 15, ABaraappaaa, 0, 0, 0, 0, , 0, 0, 0, 0, 0, 
768, 1, 987, 939, -1, 112, 96, 137.0, 13, ABaraappaap, 0, 0, 0, 0, , 0, 0, 0, 0, 0, 
769, 1, 988, 940, -1, 112, 86, 144.0, 13, ABaraappapa, 0, 0, 0, 0, , 0, 0, 0, 0, 0, 
770, 1, 989, 941, -1, 149, 63, 149.0, 15, MSpaapaaa, 0, 0, 0, 0, , 0, 0, 0, 0, 0, 
771, 1, 990, 942, -1, 152, 82, 169.0, 15, ABaraapppaad, 0, 0, 0, 0, , 0, 0, 0, 0, 0, 
772, 1, 991, 943, -1, 158, 94, 155.0, 13, ABaraapppaav, 0, 0, 0, 0, , 0, 0, 0, 0, 0, 
773, 1, 992, 944, -1, 149, 66, 168.0, 14, ABaraapppap, 0, 0, 0, 0, , 0, 0, 0, 0, 0, 
774, 1, 993, 945, -1, 163, 86, 175.0, 12, ABaraappppa, 0, 0, 0, 0, , 0, 0, 0, 0, 0, 
775, 1, 994, 946, -1, 170, 100, 160.0, 12, ABaraappppp, 0, 0, 0, 0, , 0, 0, 0, 0, 0, 
776, 1, 995, 947, -1, 122, 124, 146.0, 11, ABarapaaaaa, 0, 0, 0, 0, , 0, 0, 0, 0, 0, 
777, 1, 996, 948, -1, 150, 125, 154.5, 12, ABarapaaaap, 0, 0, 0, 0, , 0, 0, 0, 0, 0, 
778, 1, 997, 949, -1, 139, 130, 151.0, 11, ABarapaaapa, 0, 0, 0, 0, , 0, 0, 0, 0, 0, 
779, 1, 998, 950, -1, 138, 129, 135.0, 15, ABalpappapa, 0, 0, 0, 0, , 0, 0, 0, 0, 0, 
780, 1, 999, 951, -1, 127, 100, 159.0, 12, ABarapaapaa, 0, 0, 0, 0, , 0, 0, 0, 0, 0, 
781, 1, 1000, 952, -1, 137, 75, 167.0, 13, ABarapaapap, 0, 0, 0, 0, , 0, 0, 0, 0, 0, 
782, 1, 1001, 953, -1, 128, 90, 169.0, 12, ABarapaappa, 0, 0, 0, 0, , 0, 0, 0, 0, 0, 
783, 1, 1002, 954, -1, 152, 103, 163.0, 12, ABarapaappp, 0, 0, 0, 0, , 0, 0, 0, 0, 0, 
784, 1, 1003, 955, -1, 134, 118, 156.0, 13, ABarapapaapa, 0, 0, 0, 0, , 0, 0, 0, 0, 0, 
785, 1, 1004, 956, -1, 146, 114, 174.0, 13, ABarapapaapp, 0, 0, 0, 0, , 0, 0, 0, 0, 0, 
786, 1, 1005, 957, -1, 125, 141, 133.0, 12, ABarapapapa, 0, 0, 0, 0, , 0, 0, 0, 0, 0, 
787, 0, 1006, -1, -1, 191, 110, 149.0, 14, , 0, 0, 0, 0, , 0, 0, 0, 0, 0, 
788, 0, 1007, -1, -1, 191, 109, 150.0, 14, , 0, 0, 0, 0, , 0, 0, 0, 0, 0, 
789, 1, 1008, 960, -1, 194, 102, 137.0, 14, ABalpappapp, 0, 0, 0, 0, , 0, 0, 0, 0, 0, 
790, 1, 1009, 961, -1, 192, 110, 149.0, 12, ABarapapapp, 0, 0, 0, 0, , 0, 0, 0, 0, 0, 
791, 1, 1010, 962, -1, 136, 104, 169.0, 12, ABarapappaa, 0, 0, 0, 0, , 0, 0, 0, 0, 0, 
792, 1, 1011, 963, -1, 178, 115, 140.0, 15, ABarapapppa, 0, 0, 0, 0, , 0, 0, 0, 0, 0, 
793, 1, 1012, 964, -1, 156, 116, 159.0, 15, ABarapapppp, 0, 0, 0, 0, , 0, 0, 0, 0, 0, 
794, 1, 1013, 965, -1, 111, 150, 135.0, 13, ABalpapaapa, 0, 0, 0, 0, , 0, 0, 0, 0, 0, 
795, 1, 1014, 966, -1, 115, 142, 153.5, 12, ABarappaaaa, 0, 0, 0, 0, , 0, 0, 0, 0, 0, 
796, 0, 1015, -1, -1, 155, 151, 148.0, 13, , 0, 0, 0, 0, , 0, 0, 0, 0, 0, 
797, 1, 1016, 968, -1, 168, 173, 154.0, 13, ABarappapap, 0, 0, 0, 0, , 0, 0, 0, 0, 0, 
798, 1, 1017, 969, -1, 193, 68, 166.0, 15, MSpapappp, 0, 0, 0, 0, , 0, 0, 0, 0, 0, 
799, 0, 1018, -1, -1, 213, 143, 144.0, 13, , 0, 0, 0, 0, , 0, 0, 0, 0, 0, 
800, 0, 1019, -1, -1, 208, 146, 156.0, 13, , 0, 0, 0, 0, , 0, 0, 0, 0, 0, 
801, 0, 1020, -1, -1, 195, 156, 181.0, 13, , 0, 0, 0, 0, , 0, 0, 0, 0, 0, 
802, 1, 1021, 973, -1, 120, 128, 170.0, 10, ABarapppaaa, 0, 0, 0, 0, , 0, 0, 0, 0, 0, 
803, 0, 1022, -1, -1, 126, 172, 156.0, 11, , 0, 0, 0, 0, , 0, 0, 0, 0, 0, 
804, 0, 1023, -1, -1, 121, 165, 138.0, 11, , 0, 0, 0, 0, , 0, 0, 0, 0, 0, 
805, 1, 1024, 976, -1, 126, 171, 144.0, 13, ABarapppaap, 0, 0, 0, 0, , 0, 0, 0, 0, 0, 
806, 1, 1025, 977, -1, 151, 162, 150.0, 12, ABarapppapa, 0, 0, 0, 0, , 0, 0, 0, 0, 0, 
807, 1, 1026, 978, -1, 126, 172, 155.0, 12, ABarapppapp, 0, 0, 0, 0, , 0, 0, 0, 0, 0, 
808, 1, 1027, 979, -1, 129, 113, 187.0, 13, ABarappppaa, 0, 0, 0, 0, , 0, 0, 0, 0, 0, 
809, 1, 1028, 980, -1, 125, 136, 166.0, 11, ABarappppap, 0, 0, 0, 0, , 0, 0, 0, 0, 0, 
810, 1, 1029, 981, -1, 135, 154, 147.0, 15, ABarapppppa, 0, 0, 0, 0, , 0, 0, 0, 0, 0, 
811, 0, 1030, -1, -1, 121, 157, 152.0, 11, , 0, 0, 0, 0, , 0, 0, 0, 0, 0, 
812, 1, 1031, 983, -1, 69, 118, 122.0, 12, ABarpaaaaal, 0, 0, 0, 0, , 0, 0, 0, 0, 0, 
813, 1, 1032, 984, -1, 78, 108, 120.0, 12, ABarpaaaapa, 0, 0, 0, 0, , 0, 0, 0, 0, 0, 
814, 1, 1033, 985, -1, 71, 110, 95.0, 12, ABarpaaaapp, 0, 0, 0, 0, , 0, 0, 0, 0, 0, 
815, 0, 1034, -1, -1, 75, 108, 138.0, 12, , 0, 0, 0, 0, , 0, 0, 0, 0, 0, 
816, 1, 1035, 987, -1, 65, 109, 163.0, 13, ABarpaaapap, 0, 0, 0, 0, , 0, 0, 0, 0, 0, 
817, 1, 1036, 988, -1, 54, 123, 144.0, 15, ABarpaapaa, 0, 0, 0, 0, , 0, 0, 0, 0, 0, 
818, 1, 1037, 989, -1, 72, 70, 123.5, 15, ABarpaapap, 0, 0, 0, 0, , 0, 0, 0, 0, 0, 
819, 1, 1038, 990, -1, 92, 54, 116.0, 14, ABarpaappa, 0, 0, 0, 0, , 0, 0, 0, 0, 0, 
820, 1, 1039, 991, -1, 119, 56, 183.0, 13, ABarpaappp, 0, 0, 0, 0, , 0, 0, 0, 0, 0, 
821, 0, 1040, -1, -1, 77, 99, 145.0, 13, , 0, 0, 0, 0, , 0, 0, 0, 0, 0, 
822, 1, 1041, 993, -1, 66, 94, 140.0, 12, ABalapppapp, 0, 0, 0, 0, , 0, 0, 0, 0, 0, 
823, 1, 1042, 994, -1, 78, 99, 143.0, 13, ABarpapaaaa, 0, 0, 0, 0, , 0, 0, 0, 0, 0, 
824, 1, 1043, 995, -1, 76, 99, 147.0, 13, ABalappppap, 0, 0, 0, 0, , 0, 0, 0, 0, 0, 
825, 1, 1044, 996, -1, 76, 83, 155.5, 13, ABarpapaaap, 0, 0, 0, 0, , 0, 0, 0, 0, 0, 
826, 1, 1045, 997, -1, 72, 99, 154.5, 13, ABarpapaappa, 0, 0, 0, 0, , 0, 0, 0, 0, 0, 
827, 1, 1046, 998, -1, 92, 80, 153.0, 13, ABarpapaappp, 0, 0, 0, 0, , 0, 0, 0, 0, 0, 
828, 1, 1047, 999, -1, 63, 138, 131.5, 15, ABarpapapa, 0, 0, 0, 0, , 0, 0, 0, 0, 0, 
829, 1, 1048, 1000, -1, 60, 90, 126.0, 15, ABarpapapp, 0, 0, 0, 0, , 0, 0, 0, 0, 0, 
830, 1, 1049, 1001, -1, 88, 149, 162.0, 13, ABarpappaa, 0, 0, 0, 0, , 0, 0, 0, 0, 0, 
831, 1, 1050, 1002, -1, 92, 148, 184.0, 14, ABarpappap, 0, 0, 0, 0, , 0, 0, 0, 0, 0, 
832, 1, 1051, 1003, -1, 124, 79, 75.0, 15, ABarppaaaa, 0, 0, 0, 0, , 0, 0, 0, 0, 0, 
833, 1, 1052, 1004, -1, 149, 50, 184.0, 13, ABarppaapa, 0, 0, 0, 0, , 0, 0, 0, 0, 0, 
834, 1, 1053, 1005, -1, 184, 69, 92.0, 16, ABarppaapp, 0, 0, 0, 0, , 0, 0, 0, 0, 0, 
835, 1, 1054, 1006, -1, 110, 68, 182.0, 12, ABarpppaaa, 0, 0, 0, 0, , 0, 0, 0, 0, 0, 
836, 1, 1055, 1007, -1, 158, 68, 72.0, 15, ABarpppapa, 0, 0, 0, 0, , 0, 0, 0, 0, 0, 
837, 1, 1056, 1008, -1, 172, 58, 181.0, 15, ABarpppapp, 0, 0, 0, 0, , 0, 0, 0, 0, 0, 
838, 1, 1057, 1009, -1, 172, 70, 200.0, 14, ABarppppaa, 0, 0, 0, 0, , 0, 0, 0, 0, 0, 
839, 1, 1058, 1010, -1, 82, 101, 111.0, 13, ABplaaaaaaa, 0, 0, 0, 0, , 0, 0, 0, 0, 0, 
840, 1, 1059, 1011, -1, 80, 91, 90.0, 12, ABplaaaaaap, 0, 0, 0, 0, , 0, 0, 0, 0, 0, 
841, 1, 1060, 1012, -1, 82, 102, 99.0, 12, ABplaaaaappa, 0, 0, 0, 0, , 0, 0, 0, 0, 0, 
842, 1, 1061, 1013, -1, 100, 86, 98.0, 12, ABplaaaaappp, 0, 0, 0, 0, , 0, 0, 0, 0, 0, 
843, 1, 1062, 1014, -1, 55, 129, 114.0, 15, ABplaaaapa, 0, 0, 0, 0, , 0, 0, 0, 0, 0, 
844, 1, 1063, 1015, -1, 54, 105, 124.0, 12, ABplaaaapp, 0, 0, 0, 0, , 0, 0, 0, 0, 0, 
845, 1, 1064, 1016, -1, 89, 152, 104.0, 13, ABplaaapaa, 0, 0, 0, 0, , 0, 0, 0, 0, 0, 
846, 1, 1065, 1017, -1, 111, 167, 88.0, 15, ABplaaapap, 0, 0, 0, 0, , 0, 0, 0, 0, 0, 
847, 0, 1066, -1, -1, 79, 122, 140.5, 14, , 0, 0, 0, 0, , 0, 0, 0, 0, 0, 
848, 1, 1067, 1019, -1, 67, 139, 118.0, 14, ABplaapaaap, 0, 0, 0, 0, , 0, 0, 0, 0, 0, 
849, 0, 1068, -1, -1, 101, 133, 84.0, 12, , 0, 0, 0, 0, , 0, 0, 0, 0, 0, 
850, 0, 1069, -1, -1, 102, 134, 80.0, 15, , 0, 0, 0, 0, , 0, 0, 0, 0, 0, 
851, 1, 1070, 1260, -1, 101, 136, 90.0, 11, ABalpppaapd, 0, 0, 0, 0, , 0, 0, 0, 0, 0, 
852, 1, 1071, 1023, -1, 169, 105, 86.0, 15, ABplaapapaa, 0, 0, 0, 0, , 0, 0, 0, 0, 0, 
853, 1, 1072, 1024, -1, 161, 93, 59.0, 14, ABarppaaap, 0, 0, 0, 0, , 0, 0, 0, 0, 0, 
854, 1, 1073, 1025, -1, 159, 94, 82.0, 13, ABplaapapap, 0, 0, 0, 0, , 0, 0, 0, 0, 0, 
855, 1, 1074, 1026, -1, 159, 115, 88.0, 13, ABplaapappa, 0, 0, 0, 0, , 0, 0, 0, 0, 0, 
856, 1, 1075, 1027, -1, 145, 113, 59.0, 12, ABplaapapppa, 0, 0, 0, 0, , 0, 0, 0, 0, 0, 
857, 1, 1076, 1028, -1, 150, 98, 68.0, 12, ABplaapapppp, 0, 0, 0, 0, , 0, 0, 0, 0, 0, 
858, 1, 1077, 1029, -1, 125, 172, 119.0, 13, ABalppapapp, 0, 0, 0, 0, , 0, 0, 0, 0, 0, 
859, 1, 1078, 1030, -1, 105, 176, 129.0, 13, ABplaappaa, 0, 0, 0, 0, , 0, 0, 0, 0, 0, 
860, 1, 1079, 1031, -1, 150, 182, 136.0, 15, ABplaappap, 0, 0, 0, 0, , 0, 0, 0, 0, 0, 
861, 1, 1080, 1032, -1, 173, 180, 112.0, 13, ABplaapppa, 0, 0, 0, 0, , 0, 0, 0, 0, 0, 
862, 1, 1082, 1033, -1, 195, 122, 70.0, 17, ABplaapppp, 0, 0, 0, 0, , 0, 0, 0, 0, 0, 
863, 1, 1083, 1034, -1, 142, 81, 74.0, 14, ABplapaaaap, 0, 0, 0, 0, , 0, 0, 0, 0, 0, 
864, 1, 1084, 1035, -1, 177, 101, 75.0, 15, ABplapaaapa, 0, 0, 0, 0, , 0, 0, 0, 0, 0, 
865, 1, 1085, 1036, -1, 187, 92, 79.5, 15, ABplapaaapp, 0, 0, 0, 0, , 0, 0, 0, 0, 0, 
866, 1, 1086, 1037, -1, 206, 166, 117.0, 13, ABplapaapa, 0, 0, 0, 0, , 0, 0, 0, 0, 0, 
867, 1, 1087, 1038, -1, 207, 110, 82.0, 17, ABplapaapp, 0, 0, 0, 0, , 0, 0, 0, 0, 0, 
868, 1, 1088, 1039, -1, 277, 133, 90.0, 16, ABplapapap, 0, 0, 0, 0, , 0, 0, 0, 0, 0, 
869, 1, 1089, 1040, -1, 261, 149, 95.0, 17, ABplapappa, 0, 0, 0, 0, , 0, 0, 0, 0, 0, 
870, 0, 1090, -1, -1, 288, 166, 112.0, 12, , 0, 0, 0, 0, , 0, 0, 0, 0, 0, 
871, 1, 1091, 1042, -1, 287, 166, 112.0, 14, ABplapappppa, 0, 0, 0, 0, , 0, 0, 0, 0, 0, 
872, 1, 1092, 1043, -1, 294, 174, 127.0, 14, ABplapappppp, 0, 0, 0, 0, , 0, 0, 0, 0, 0, 
873, 1, 1093, 1044, -1, 221, 93, 87.5, 16, ABplappaaa, 0, 0, 0, 0, , 0, 0, 0, 0, 0, 
874, 1, 1094, 1045, -1, 254, 91, 86.0, 15, ABplappaap, 0, 0, 0, 0, , 0, 0, 0, 0, 0, 
875, 1, 1095, 1046, -1, 279, 108, 93.0, 14, ABplappapp, 0, 0, 0, 0, , 0, 0, 0, 0, 0, 
876, 1, 1096, 1047, -1, 268, 158, 97.0, 14, ABplapppaaa, 0, 0, 0, 0, , 0, 0, 0, 0, 0, 
877, 1, 1097, 1048, -1, 262, 171, 123.0, 15, ABplapppapp, 0, 0, 0, 0, , 0, 0, 0, 0, 0, 
878, 1, 1098, 1049, -1, 227, 158, 140.0, 12, ABplappppa, 0, 0, 0, 0, , 0, 0, 0, 0, 0, 
879, 1, 1099, 1050, -1, 146, 144, 84.0, 13, ABplpaaaaaa, 0, 0, 0, 0, , 0, 0, 0, 0, 0, 
880, 1, 1100, 1051, -1, 173, 148, 79.0, 13, ABplpaaaaap, 0, 0, 0, 0, , 0, 0, 0, 0, 0, 
881, 1, 1101, 1052, -1, 176, 159, 142.0, 12, ABplpaaaapa, 0, 0, 0, 0, , 0, 0, 0, 0, 0, 
882, 1, 1102, 1053, -1, 220, 131, 138.0, 12, ABplpaaaapp, 0, 0, 0, 0, , 0, 0, 0, 0, 0, 
883, 1, 1103, 1054, -1, 131, 168, 110.0, 12, ABplpaaapaa, 0, 0, 0, 0, , 0, 0, 0, 0, 0, 
884, 1, 1104, 1055, -1, 136, 173, 106.0, 12, ABplpaaapap, 0, 0, 0, 0, , 0, 0, 0, 0, 0, 
885, 1, 1105, 1056, -1, 129, 159, 96.0, 15, ABplpaaappaa, 0, 0, 0, 0, , 0, 0, 0, 0, 0, 
886, 1, 1106, 1057, -1, 150, 155, 91.0, 13, ABplpaaappap, 0, 0, 0, 0, , 0, 0, 0, 0, 0, 
887, 1, 1107, 1058, -1, 153, 159, 99.0, 14, ABplpaaappp, 0, 0, 0, 0, , 0, 0, 0, 0, 0, 
888, 0, 1108, -1, -1, 173, 130, 61.0, 12, , 0, 0, 0, 0, , 0, 0, 0, 0, 0, 
889, 1, 1109, 1060, -1, 87, 136, 81.0, 14, ABplpaapapa, 0, 0, 0, 0, , 0, 0, 0, 0, 0, 
890, 1, 1110, 1061, -1, 149, 180, 113.5, 13, ABplpaapapp, 0, 0, 0, 0, , 0, 0, 0, 0, 0, 
891, 1, 1111, 1065, -1, 170, 131, 74.5, 13, ABplpaappaa, 0, 0, 0, 0, , 0, 0, 0, 0, 0, 
892, 0, 1112, -1, -1, 175, 118, 67.5, 13, , 0, 0, 0, 0, , 0, 0, 0, 0, 0, 
893, 0, 1113, -1, -1, 167, 129, 70.0, 13, , 0, 0, 0, 0, , 0, 0, 0, 0, 0, 
894, 0, 1114, -1, -1, 179, 163, 128.0, 12, , 0, 0, 0, 0, , 0, 0, 0, 0, 0, 
895, 0, 1115, -1, -1, 180, 161, 129.0, 12, , 0, 0, 0, 0, , 0, 0, 0, 0, 0, 
896, 1, 1116, 1068, -1, 171, 144, 122.0, 13, ABplpapaaaa, 0, 0, 0, 0, , 0, 0, 0, 0, 0, 
897, 1, 1117, 1069, -1, 162, 164, 119.0, 11, ABplpapaapp, 0, 0, 0, 0, , 0, 0, 0, 0, 0, 
898, 0, 1118, -1, -1, 188, 146, 124.0, 12, , 0, 0, 0, 0, , 0, 0, 0, 0, 0, 
899, 1, 1119, 1071, -1, 198, 157, 126.0, 13, ABplpapappa, 0, 0, 0, 0, , 0, 0, 0, 0, 0, 
900, 0, 1120, -1, -1, 240, 99, 154.0, 13, , 0, 0, 0, 0, , 0, 0, 0, 0, 0, 
901, 1, 1121, 1073, -1, 141, 149, 136.0, 13, ABplpappaaa, 0, 0, 0, 0, , 0, 0, 0, 0, 0, 
902, 0, 1122, -1, -1, 176, 133, 162.0, 15, , 0, 0, 0, 0, , 0, 0, 0, 0, 0, 
903, 1, 1123, 1076, -1, 256, 152, 138.0, 13, ABplpapppaa, 0, 0, 0, 0, , 0, 0, 0, 0, 0, 
904, 1, 1124, 1077, -1, 257, 145, 162.0, 12, ABplpapppap, 0, 0, 0, 0, , 0, 0, 0, 0, 0, 
905, 1, 1125, 1078, -1, 267, 139, 144.0, 13, ABplpappppa, 0, 0, 0, 0, , 0, 0, 0, 0, 0, 
906, 1, 1126, 1079, -1, 263, 158, 149.0, 12, ABplpappppp, 0, 0, 0, 0, , 0, 0, 0, 0, 0, 
907, 1, 1127, 1080, -1, 172, 161, 70.0, 13, ABplppaaaaa, 0, 0, 0, 0, , 0, 0, 0, 0, 0, 
908, 0, 1128, -1, -1, 179, 159, 114.0, 10, , 0, 0, 0, 0, , 0, 0, 0, 0, 0, 
909, 0, 1129, -1, -1, 188, 177, 120.0, 13, , 0, 0, 0, 0, , 0, 0, 0, 0, 0, 
910, 0, 1130, -1, -1, 210, 149, 140.0, 11, , 0, 0, 0, 0, , 0, 0, 0, 0, 0, 
911, 0, 1131, -1, -1, 210, 151, 134.0, 12, , 0, 0, 0, 0, , 0, 0, 0, 0, 0, 
912, 0, 1132, -1, -1, 211, 149, 138.0, 10, , 0, 0, 0, 0, , 0, 0, 0, 0, 0, 
913, 0, 1133, -1, -1, 257, 108, 146.0, 11, , 0, 0, 0, 0, , 0, 0, 0, 0, 0, 
914, 1, 1134, 1086, -1, 215, 148, 116.0, 12, ABplppapaaa, 0, 0, 0, 0, , 0, 0, 0, 0, 0, 
915, 1, 1135, 1087, -1, 203, 123, 133.0, 12, ABplppapaap, 0, 0, 0, 0, , 0, 0, 0, 0, 0, 
916, 1, 1136, 1088, -1, 216, 103, 132.0, 13, ABplppapapa, 0, 0, 0, 0, , 0, 0, 0, 0, 0, 
917, 1, 1137, 1089, -1, 246, 98, 133.0, 13, ABplppapapp, 0, 0, 0, 0, , 0, 0, 0, 0, 0, 
918, 1, 1138, 1090, -1, 233, 103, 137.0, 13, ABplppapppa, 0, 0, 0, 0, , 0, 0, 0, 0, 0, 
919, 1, 1139, 1091, -1, 266, 117, 146.0, 12, ABplppapppp, 0, 0, 0, 0, , 0, 0, 0, 0, 0, 
920, 0, 1140, -1, -1, 244, 132, 136.0, 11, , 0, 0, 0, 0, , 0, 0, 0, 0, 0, 
921, 1, 1141, 1093, -1, 261, 123, 128.0, 12, ABplpppaaap, 0, 0, 0, 0, , 0, 0, 0, 0, 0, 
922, 1, 1142, 1094, -1, 270, 153, 113.5, 13, ABplpppaapa, 0, 0, 0, 0, , 0, 0, 0, 0, 0, 
923, 1, 1143, 1095, -1, 254, 162, 108.0, 12, ABplpppaapp, 0, 0, 0, 0, , 0, 0, 0, 0, 0, 
924, 1, 1144, 1096, -1, 248, 164, 120.0, 13, ABplpppapaa, 0, 0, 0, 0, , 0, 0, 0, 0, 0, 
925, 0, 1145, -1, -1, 224, 172, 165.0, 13, , 0, 0, 0, 0, , 0, 0, 0, 0, 0, 
926, 1, 1146, 1098, -1, 226, 172, 160.0, 13, ABplpppapap, 0, 0, 0, 0, , 0, 0, 0, 0, 0, 
927, 1, 1147, 1099, -1, 262, 141, 129.0, 12, ABplppppaaa, 0, 0, 0, 0, , 0, 0, 0, 0, 0, 
928, 1, 1148, 1100, -1, 272, 150, 130.0, 13, ABplppppaap, 0, 0, 0, 0, , 0, 0, 0, 0, 0, 
929, 0, 1149, -1, -1, 242, 157, 145.0, 13, , 0, 0, 0, 0, , 0, 0, 0, 0, 0, 
930, 1, 1150, 1102, -1, 242, 156, 148.0, 13, ABplppppapp, 0, 0, 0, 0, , 0, 0, 0, 0, 0, 
931, 1, 1151, 1103, -1, 250, 145, 117.5, 13, Capappp, 0, 0, 0, 0, , 0, 0, 0, 0, 0, 
932, 0, 1152, -1, -1, 241, 154, 138.0, 12, , 0, 0, 0, 0, , 0, 0, 0, 0, 0, 
933, 1, 1153, 1105, -1, 281, 136, 128.0, 13, ABplpppppaa, 0, 0, 0, 0, , 0, 0, 0, 0, 0, 
934, 1, 1154, 1106, -1, 289, 147, 111.0, 13, ABplpppppap, 0, 0, 0, 0, , 0, 0, 0, 0, 0, 
935, 0, 1155, -1, -1, 254, 169, 157.0, 11, , 0, 0, 0, 0, , 0, 0, 0, 0, 0, 
936, 1, 1156, 1108, -1, 286, 171, 143.0, 14, Cappppd, 0, 0, 0, 0, , 0, 0, 0, 0, 0, 
937, 0, 1157, -1, -1, 265, 177, 154.5, 14, , 0, 0, 0, 0, , 0, 0, 0, 0, 0, 
938, 1, 1158, 1110, -1, 109, 147, 165.5, 13, ABpraaaaaap, 0, 0, 0, 0, , 0, 0, 0, 0, 0, 
939, 1, 1159, 1111, -1, 104, 152, 182.5, 13, ABpraaaaapv, 0, 0, 0, 0, , 0, 0, 0, 0, 0, 
940, 1, 1160, 1112, -1, 124, 146, 186.0, 13, ABpraaaapad, 0, 0, 0, 0, , 0, 0, 0, 0, 0, 
941, 1, 1161, 1113, -1, 148, 138, 204.5, 13, ABpraaaapav, 0, 0, 0, 0, , 0, 0, 0, 0, 0, 
942, 1, 1162, 1114, -1, 117, 108, 195.5, 12, ABpraaaapppa, 0, 0, 0, 0, , 0, 0, 0, 0, 0, 
943, 1, 1164, 1115, -1, 131, 89, 187.0, 13, ABpraaapaad, 0, 0, 0, 0, , 0, 0, 0, 0, 0, 
944, 1, 1166, 1116, -1, 104, 98, 175.5, 14, ABpraaapapa, 0, 0, 0, 0, , 0, 0, 0, 0, 0, 
945, 1, 1167, 1117, -1, 152, 123, 193.0, 13, ABpraaappaa, 0, 0, 0, 0, , 0, 0, 0, 0, 0, 
946, 1, 1168, 1118, -1, 144, 112, 199.0, 12, ABpraaappap, 0, 0, 0, 0, , 0, 0, 0, 0, 0, 
947, 1, 1169, 1119, -1, 150, 96, 201.0, 12, ABpraaapppaa, 0, 0, 0, 0, , 0, 0, 0, 0, 0, 
948, 1, 1170, 1120, -1, 138, 114, 212.0, 15, ABpraaappppa, 0, 0, 0, 0, , 0, 0, 0, 0, 0, 
949, 1, 1171, 1121, -1, 148, 124, 213.0, 13, ABpraaappppp, 0, 0, 0, 0, , 0, 0, 0, 0, 0, 
950, 0, 1172, -1, -1, 79, 118, 134.0, 15, , 0, 0, 0, 0, , 0, 0, 0, 0, 0, 
951, 1, 1173, 1123, -1, 78, 121, 138.5, 13, ABpraapaaaa, 0, 0, 0, 0, , 0, 0, 0, 0, 0, 
952, 1, 1174, 1124, -1, 66, 131, 148.0, 13, ABpraapaaap, 0, 0, 0, 0, , 0, 0, 0, 0, 0, 
953, 1, 1175, 1125, -1, 92, 124, 177.5, 14, ABpraapaapa, 0, 0, 0, 0, , 0, 0, 0, 0, 0, 
954, 1, 1176, 1126, -1, 101, 117, 189.0, 14, ABpraapaapp, 0, 0, 0, 0, , 0, 0, 0, 0, 0, 
955, 1, 1177, 1127, -1, 165, 103, 188.0, 12, ABpraapapaa, 0, 0, 0, 0, , 0, 0, 0, 0, 0, 
956, 1, 1178, 1128, -1, 151, 91, 189.0, 13, ABpraapapap, 0, 0, 0, 0, , 0, 0, 0, 0, 0, 
957, 0, 1179, -1, -1, 155, 94, 182.0, 12, , 0, 0, 0, 0, , 0, 0, 0, 0, 0, 
958, 0, 1180, -1, -1, 152, 92, 187.0, 12, , 0, 0, 0, 0, , 0, 0, 0, 0, 0, 
959, 1, 1181, 1130, -1, 155, 93, 181.0, 12, ABpraapappa, 0, 0, 0, 0, , 0, 0, 0, 0, 0, 
960, 1, 1182, 1131, -1, 131, 99, 203.0, 13, ABpraapapppa, 0, 0, 0, 0, , 0, 0, 0, 0, 0, 
961, 1, 1183, 1132, -1, 143, 85, 200.0, 13, ABpraapapppp, 0, 0, 0, 0, , 0, 0, 0, 0, 0, 
962, 0, 1184, -1, -1, 101, 171, 147.0, 14, , 0, 0, 0, 0, , 0, 0, 0, 0, 0, 
963, 1, 1185, 1134, -1, 123, 180, 136.0, 15, ABalpapaaap, 0, 0, 0, 0, , 0, 0, 0, 0, 0, 
964, 1, 1186, 1135, -1, 100, 170, 148.0, 14, ABpraappaa, 0, 0, 0, 0, , 0, 0, 0, 0, 0, 
965, 1, 1187, 1136, -1, 145, 176, 166.5, 12, ABpraappap, 0, 0, 0, 0, , 0, 0, 0, 0, 0, 
966, 1, 1188, 1137, -1, 177, 168, 180.0, 12, ABpraapppa, 0, 0, 0, 0, , 0, 0, 0, 0, 0, 
967, 1, 1189, 1138, -1, 186, 101, 207.0, 14, ABpraapppp, 0, 0, 0, 0, , 0, 0, 0, 0, 0, 
968, 1, 1190, 1139, -1, 139, 71, 190.0, 15, ABprapaaaap, 0, 0, 0, 0, , 0, 0, 0, 0, 0, 
969, 1, 1191, 1140, -1, 172, 95, 196.0, 15, ABprapaaapa, 0, 0, 0, 0, , 0, 0, 0, 0, 0, 
970, 1, 1192, 1141, -1, 174, 79, 196.0, 15, ABprapaaapp, 0, 0, 0, 0, , 0, 0, 0, 0, 0, 
971, 1, 1193, 1142, -1, 178, 160, 175.0, 13, ABarappappp, 0, 0, 0, 0, , 0, 0, 0, 0, 0, 
972, 1, 1194, 1143, -1, 194, 156, 182.0, 13, ABprapaapa, 0, 0, 0, 0, , 0, 0, 0, 0, 0, 
973, 1, 1195, 1144, -1, 195, 92, 196.5, 14, ABprapaapp, 0, 0, 0, 0, , 0, 0, 0, 0, 0, 
974, 1, 1196, 1145, -1, 280, 114, 194.5, 14, ABprapapap, 0, 0, 0, 0, , 0, 0, 0, 0, 0, 
975, 1, 1197, 1146, -1, 273, 133, 198.5, 15, ABprapappa, 0, 0, 0, 0, , 0, 0, 0, 0, 0, 
976, 1, 1198, 1147, -1, 295, 156, 168.0, 15, ABprapapppp, 0, 0, 0, 0, , 0, 0, 0, 0, 0, 
977, 0, 1199, -1, -1, 286, 141, 192.0, 13, , 0, 0, 0, 0, , 0, 0, 0, 0, 0, 
978, 1, 1200, 1149, -1, 310, 137, 184.5, 13, ABprapppaap, 0, 0, 0, 0, , 0, 0, 0, 0, 0, 
979, 1, 1201, 1150, -1, 226, 151, 168.0, 15, ABprappppa, 0, 0, 0, 0, , 0, 0, 0, 0, 0, 
980, 1, 1202, 1151, -1, 277, 168, 174.0, 15, ABprappppp, 0, 0, 0, 0, , 0, 0, 0, 0, 0, 
981, 1, 1203, 1152, -1, 279, 154, 182.0, 12, ABprapppapp, 0, 0, 0, 0, , 0, 0, 0, 0, 0, 
982, 1, 1204, 1153, -1, 160, 135, 201.0, 15, ABprpaaaaap, 0, 0, 0, 0, , 0, 0, 0, 0, 0, 
983, 1, 1205, 1154, -1, 189, 165, 154.0, 14, ABprpaaaapa, 0, 0, 0, 0, , 0, 0, 0, 0, 0, 
984, 1, 1206, 1155, -1, 224, 121, 141.0, 14, ABprpaaaapp, 0, 0, 0, 0, , 0, 0, 0, 0, 0, 
985, 0, 1207, -1, -1, 112, 160, 156.0, 13, , 0, 0, 0, 0, , 0, 0, 0, 0, 0, 
986, 1, 1208, 1157, -1, 111, 160, 158.0, 13, ABprpaaapaa, 0, 0, 0, 0, , 0, 0, 0, 0, 0, 
987, 1, 1209, 1158, -1, 124, 156, 150.0, 15, ABarapppppp, 0, 0, 0, 0, , 0, 0, 0, 0, 0, 
988, 0, 1210, -1, -1, 134, 170, 167.0, 13, , 0, 0, 0, 0, , 0, 0, 0, 0, 0, 
989, 1, 1211, 1160, -1, 126, 145, 173.0, 13, ABprpaaappa, 0, 0, 0, 0, , 0, 0, 0, 0, 0, 
990, 1, 1212, 1161, -1, 137, 149, 178.0, 13, ABprpaaappp, 0, 0, 0, 0, , 0, 0, 0, 0, 0, 
991, 1, 1213, 1162, -1, 121, 98, 186.0, 13, ABprpaapaaa, 0, 0, 0, 0, , 0, 0, 0, 0, 0, 
992, 1, 1214, 1163, -1, 160, 112, 213.0, 13, ABprpaapaap, 0, 0, 0, 0, , 0, 0, 0, 0, 0, 
993, 0, 1215, -1, -1, 78, 115, 177.0, 15, , 0, 0, 0, 0, , 0, 0, 0, 0, 0, 
994, 0, 1216, -1, -1, 141, 149, 172.0, 11, , 0, 0, 0, 0, , 0, 0, 0, 0, 0, 
995, 1, 1217, 1166, -1, 139, 151, 168.5, 12, ABalaapappp, 0, 0, 0, 0, , 0, 0, 0, 0, 0, 
996, 1, 1218, 1167, -1, 116, 165, 166.0, 13, ABprpaaapap, 0, 0, 0, 0, , 0, 0, 0, 0, 0, 
997, 1, 1219, 1168, -1, 134, 170, 167.0, 12, ABprpaapapp, 0, 0, 0, 0, , 0, 0, 0, 0, 0, 
998, 1, 1220, 1169, -1, 163, 116, 199.0, 15, ABprpaappaa, 0, 0, 0, 0, , 0, 0, 0, 0, 0, 
999, 0, 1221, -1, -1, 192, 83, 176.77777, 14, , 0, 0, 0, 0, , 0, 0, 0, 0, 0, 
1000, 1, 1222, 1171, -1, 165, 101, 206.0, 12, ABprpaappap, 0, 0, 0, 0, , 0, 0, 0, 0, 0, 
1001, 0, 1223, -1, -1, 182, 160, 170.0, 13, , 0, 0, 0, 0, , 0, 0, 0, 0, 0, 
1002, 1, 1224, 1173, -1, 179, 156, 165.0, 11, ABprpaapppa, 0, 0, 0, 0, , 0, 0, 0, 0, 0, 
1003, 1, 1225, 1174, -1, 148, 161, 167.0, 13, ABprpaappppa, 0, 0, 0, 0, , 0, 0, 0, 0, 0, 
1004, 1, 1226, 1175, -1, 164, 165, 172.0, 13, ABprpaappppp, 0, 0, 0, 0, , 0, 0, 0, 0, 0, 
1005, 0, 1227, -1, -1, 152, 156, 160.0, 13, , 0, 0, 0, 0, , 0, 0, 0, 0, 0, 
1006, 1, 1228, 1177, -1, 178, 154, 158.0, 13, ABprpapaaap, 0, 0, 0, 0, , 0, 0, 0, 0, 0, 
1007, 0, 1229, -1, -1, 162, 149, 159.5, 13, , 0, 0, 0, 0, , 0, 0, 0, 0, 0, 
1008, 1, 1230, 1179, -1, 163, 141, 156.0, 13, ABprpapaaaa, 0, 0, 0, 0, , 0, 0, 0, 0, 0, 
1009, 1, 1231, 1180, -1, 151, 155, 160.0, 10, ABprpapaapp, 0, 0, 0, 0, , 0, 0, 0, 0, 0, 
1010, 1, 1232, 1181, -1, 187, 135, 170.0, 13, ABprpapapaa, 0, 0, 0, 0, , 0, 0, 0, 0, 0, 
1011, 1, 1233, 1182, -1, 178, 145, 166.0, 12, ABprpapapap, 0, 0, 0, 0, , 0, 0, 0, 0, 0, 
1012, 0, 1234, -1, -1, 194, 156, 178.0, 12, , 0, 0, 0, 0, , 0, 0, 0, 0, 0, 
1013, 0, 1235, -1, -1, 195, 156, 177.0, 12, , 0, 0, 0, 0, , 0, 0, 0, 0, 0, 
1014, 0, 1236, -1, -1, 196, 151, 166.0, 12, , 0, 0, 0, 0, , 0, 0, 0, 0, 0, 
1015, 0, 1237, -1, -1, 246, 131, 139.0, 14, , 0, 0, 0, 0, , 0, 0, 0, 0, 0, 
1016, 1, 1238, 1186, -1, 245, 130, 142.0, 12, ABprpapappp, 0, 0, 0, 0, , 0, 0, 0, 0, 0, 
1017, 1, 1239, 1187, -1, 241, 132, 131.0, 13, ABplpppaaaa, 0, 0, 0, 0, , 0, 0, 0, 0, 0, 
1018, 1, 1240, 1190, -1, 141, 163, 137.0, 13, ABprpappaaa, 0, 0, 0, 0, , 0, 0, 0, 0, 0, 
1019, 1, 946, 1191, -1, 150, 161, 125.0, 13, ABalppapppap, 0, 0, 0, 0, , 0, 0, 0, 0, 0, 
1020, 1, 1241, 1192, -1, 167, 144, 142.0, 14, ABprpappaap, 0, 0, 0, 0, , 0, 0, 0, 0, 0, 
1021, 1, 1242, 1193, -1, 177, 134, 161.0, 13, ABprpappapa, 0, 0, 0, 0, , 0, 0, 0, 0, 0, 
1022, 1, 1243, 1194, -1, 228, 112, 140.0, 13, ABprpappapp, 0, 0, 0, 0, , 0, 0, 0, 0, 0, 
1023, 1, 1244, 1195, -1, 152, 147, 136.0, 13, ABprpapppaa, 0, 0, 0, 0, , 0, 0, 0, 0, 0, 
1024, 1, 1245, 1196, -1, 214, 133, 167.5, 14, ABprpapppap, 0, 0, 0, 0, , 0, 0, 0, 0, 0, 
1025, 0, 1246, -1, -1, 269, 137, 160.0, 12, , 0, 0, 0, 0, , 0, 0, 0, 0, 0, 
1026, 0, 1247, -1, -1, 284, 157, 140.0, 14, , 0, 0, 0, 0, , 0, 0, 0, 0, 0, 
1027, 0, 1248, -1, -1, 281, 157, 138.0, 14, , 0, 0, 0, 0, , 0, 0, 0, 0, 0, 
1028, 1, 1249, 1200, -1, 282, 157, 138.0, 14, ABprpappppp, 0, 0, 0, 0, , 0, 0, 0, 0, 0, 
1029, 1, 1250, 1201, -1, 162, 153, 201.0, 12, ABprppaaaaa, 0, 0, 0, 0, , 0, 0, 0, 0, 0, 
1030, 1, 1251, 1202, -1, 168, 124, 210.0, 12, ABprppaaaapa, 0, 0, 0, 0, , 0, 0, 0, 0, 0, 
1031, 1, 1252, 1203, -1, 184, 116, 198.0, 12, ABprppaaaapp, 0, 0, 0, 0, , 0, 0, 0, 0, 0, 
1032, 1, 1253, 1204, -1, 175, 135, 202.0, 13, ABprppaapap, 0, 0, 0, 0, , 0, 0, 0, 0, 0, 
1033, 0, 1254, -1, -1, 200, 152, 161.0, 13, , 0, 0, 0, 0, , 0, 0, 0, 0, 0, 
1034, 1, 1255, 1207, -1, 254, 118, 153.0, 12, ABprppaappp, 0, 0, 0, 0, , 0, 0, 0, 0, 0, 
1035, 1, 1256, 1208, -1, 206, 146, 176.0, 12, ABprppapaaa, 0, 0, 0, 0, , 0, 0, 0, 0, 0, 
1036, 1, 1257, 1209, -1, 206, 107, 149.0, 12, ABprppapaap, 0, 0, 0, 0, , 0, 0, 0, 0, 0, 
1037, 1, 1258, 1210, -1, 224, 101, 150.0, 13, ABprppapapa, 0, 0, 0, 0, , 0, 0, 0, 0, 0, 
1038, 1, 1259, 1211, -1, 261, 98, 149.0, 13, ABprppapapp, 0, 0, 0, 0, , 0, 0, 0, 0, 0, 
1039, 1, 1260, 1212, -1, 211, 119, 162.0, 13, ABprppappaa, 0, 0, 0, 0, , 0, 0, 0, 0, 0, 
1040, 1, 1261, 1213, -1, 219, 107, 148.0, 12, ABprppappap, 0, 0, 0, 0, , 0, 0, 0, 0, 0, 
1041, 1, 1262, 1214, -1, 249, 99, 150.0, 10, ABprppapppa, 0, 0, 0, 0, , 0, 0, 0, 0, 0, 
1042, 1, 1263, 1215, -1, 256, 128, 154.0, 10, ABprppapppp, 0, 0, 0, 0, , 0, 0, 0, 0, 0, 
1043, 1, 1264, 1216, -1, 239, 129, 166.0, 12, ABprpppaaaa, 0, 0, 0, 0, , 0, 0, 0, 0, 0, 
1044, 1, 1265, 1217, -1, 264, 121, 163.0, 12, ABprpppaaap, 0, 0, 0, 0, , 0, 0, 0, 0, 0, 
1045, 0, 1266, -1, -1, 290, 140, 181.0, 13, , 0, 0, 0, 0, , 0, 0, 0, 0, 0, 
1046, 0, 1267, -1, -1, 288, 141, 186.0, 14, , 0, 0, 0, 0, , 0, 0, 0, 0, 0, 
1047, 0, 1268, -1, -1, 287, 140, 189.5, 13, , 0, 0, 0, 0, , 0, 0, 0, 0, 0, 
1048, 1, 1269, 1221, -1, 291, 139, 181.0, 12, ABprpppaapa, 0, 0, 0, 0, , 0, 0, 0, 0, 0, 
1049, 0, 1270, -1, -1, 271, 140, 186.0, 12, , 0, 0, 0, 0, , 0, 0, 0, 0, 0, 
1050, 1, 1271, 1223, -1, 270, 141, 184.0, 12, ABprpppaapp, 0, 0, 0, 0, , 0, 0, 0, 0, 0, 
1051, 1, 1272, 1224, -1, 262, 151, 180.0, 12, ABprpppapaa, 0, 0, 0, 0, , 0, 0, 0, 0, 0, 
1052, 0, 1273, -1, -1, 239, 178, 162.0, 12, , 0, 0, 0, 0, , 0, 0, 0, 0, 0, 
1053, 1, 1274, 1226, -1, 238, 178, 157.0, 14, ABprpppapap, 0, 0, 0, 0, , 0, 0, 0, 0, 0, 
1054, 1, 1275, 1227, -1, 248, 170, 129.0, 15, Cappppv, 0, 0, 0, 0, , 0, 0, 0, 0, 0, 
1055, 1, 1276, 1228, -1, 269, 137, 160.0, 13, ABprppppaaa, 0, 0, 0, 0, , 0, 0, 0, 0, 0, 
1056, 0, 1277, -1, -1, 276, 148, 156.0, 12, , 0, 0, 0, 0, , 0, 0, 0, 0, 0, 
1057, 1, 1278, 1230, -1, 281, 160, 154.0, 12, ABprpappppa, 0, 0, 0, 0, , 0, 0, 0, 0, 0, 
1058, 1, 1279, 1231, -1, 276, 148, 158.0, 12, ABprppppaap, 0, 0, 0, 0, , 0, 0, 0, 0, 0, 
1059, 1, 1280, 1232, -1, 243, 145, 173.0, 15, ABprppppapa, 0, 0, 0, 0, , 0, 0, 0, 0, 0, 
1060, 1, 1281, 1233, -1, 249, 158, 163.5, 14, ABprppppapp, 0, 0, 0, 0, , 0, 0, 0, 0, 0, 
1061, 1, 1282, 1234, -1, 279, 119, 170.0, 13, ABprpppppaa, 0, 0, 0, 0, , 0, 0, 0, 0, 0, 
1062, 1, 1283, 1235, -1, 284, 134, 164.5, 15, ABprpppppap, 0, 0, 0, 0, , 0, 0, 0, 0, 0, 
1063, 0, 1284, -1, -1, 254, 169, 156.5, 13, , 0, 0, 0, 0, , 0, 0, 0, 0, 0, 
1064, 1, 1285, 1237, -1, 254, 168, 151.0, 13, ABplppppppa, 0, 0, 0, 0, , 0, 0, 0, 0, 0, 
1065, 1, 1286, 1238, -1, 254, 170, 158.0, 13, ABprppppppa, 0, 0, 0, 0, , 0, 0, 0, 0, 0, 
1066, 0, 1287, -1, -1, 259, 177, 165.0, 14, , 0, 0, 0, 0, , 0, 0, 0, 0, 0, 
1067, 1, 1288, 1240, -1, 261, 177, 166.0, 13, ABprppppppp, 0, 0, 0, 0, , 0, 0, 0, 0, 0, 
1068, 1, 1289, 1241, -1, 269, 176, 148.0, 16, ABplppppppp, 0, 0, 0, 0, , 0, 0, 0, 0, 0, 
1069, 0, 1290, -1, -1, 77, 137, 95.0, 13, , 0, 0, 0, 0, , 0, 0, 0, 0, 0, 
1070, 0, 1291, -1, -1, 77, 137, 96.0, 13, , 0, 0, 0, 0, , 0, 0, 0, 0, 0, 
1071, 1, 1292, 1244, -1, 116, 142, 92.0, 13, ABalapaappaa, 0, 0, 0, 0, , 0, 0, 0, 0, 0, 
1072, 1, 1292, 1245, -1, 123, 134, 85.0, 13, ABalapaappap, 0, 0, 0, 0, , 0, 0, 0, 0, 0, 
1073, 1, 1293, 1246, -1, 89, 102, 83.0, 12, ABalapapppp, 0, 0, 0, 0, , 0, 0, 0, 0, 0, 
1074, 0, 1294, -1, -1, 108, 83, 171.67213, 12, , 0, 0, 0, 0, , 0, 0, 0, 0, 0, 
1075, 1, 1295, 1248, -1, 118, 84, 184.0, 12, ABalappapaa, 0, 0, 0, 0, , 0, 0, 0, 0, 0, 
1076, 0, 1297, -1, -1, 91, 80, 176.0, 10, , 0, 0, 0, 0, , 0, 0, 0, 0, 0, 
1077, 0, 1299, -1, -1, 76, 115, 181.0, 13, , 0, 0, 0, 0, , 0, 0, 0, 0, 0, 
1078, 0, 1298, -1, -1, 79, 113, 174.0, 12, , 0, 0, 0, 0, , 0, 0, 0, 0, 0, 
1079, 1, 1300, 1252, -1, 75, 112, 179.5, 12, ABalappappp, 0, 0, 0, 0, , 0, 0, 0, 0, 0, 
1080, 1, 1301, 1253, -1, 79, 117, 175.0, 13, ABprpaapapa, 0, 0, 0, 0, , 0, 0, 0, 0, 0, 
1081, 1, 1302, 1254, -1, 93, 97, 160.0, 12, ABalappppaap, 0, 0, 0, 0, , 0, 0, 0, 0, 0, 
1082, 0, 1303, -1, -1, 96, 128, 109.0, 13, , 0, 0, 0, 0, , 0, 0, 0, 0, 0, 
1083, 0, 1304, -1, -1, 96, 127, 109.0, 13, , 0, 0, 0, 0, , 0, 0, 0, 0, 0, 
1084, 1, 1305, 1257, -1, 87, 131, 100.5, 14, ABalpaapppp, 0, 0, 0, 0, , 0, 0, 0, 0, 0, 
1085, 1, 1307, 1258, -1, 102, 134, 78.0, 15, ABplaapaapp, 0, 0, 0, 0, , 0, 0, 0, 0, 0, 
1086, 1, 1306, 1259, -1, 100, 134, 86.0, 14, ABplaapaapa, 0, 0, 0, 0, , 0, 0, 0, 0, 0, 
1087, 1, 1308, 1261, -1, 118, 149, 100.0, 12, ABalaaaalpp, 0, 0, 0, 0, , 0, 0, 0, 0, 0, 
1088, 1, 1309, 1262, -1, 141, 122, 108.0, 15, ABalpappaapa, 0, 0, 0, 0, , 0, 0, 0, 0, 0, 
1089, 1, 1310, 1263, -1, 161, 118, 100.0, 13, ABalpappaapp, 0, 0, 0, 0, , 0, 0, 0, 0, 0, 
1090, 1, 1311, 1264, -1, 187, 166, 114.0, 13, ABalpapappp, 0, 0, 0, 0, , 0, 0, 0, 0, 0, 
1091, 1, 1312, 1265, -1, 159, 172, 111.0, 12, ABplpaappppa, 0, 0, 0, 0, , 0, 0, 0, 0, 0, 
1092, 1, 1313, 1266, -1, 173, 174, 122.0, 12, ABplpaappppp, 0, 0, 0, 0, , 0, 0, 0, 0, 0, 
1093, 1, 1314, 1267, -1, 185, 141, 65.0, 13, ABplppaaaapa, 0, 0, 0, 0, , 0, 0, 0, 0, 0, 
1094, 1, 1315, 1268, -1, 192, 123, 79.0, 13, ABplppaaaapp, 0, 0, 0, 0, , 0, 0, 0, 0, 0, 
1095, 0, 1316, -1, -1, 116, 159, 110.0, 12, , 0, 0, 0, 0, , 0, 0, 0, 0, 0, 
1096, 0, 1317, -1, -1, 123, 158, 84.0, 12, , 0, 0, 0, 0, , 0, 0, 0, 0, 0, 
1097, 1, 1318, 1271, -1, 95, 117, 152.0, 12, ABaraaapppp, 0, 0, 0, 0, , 0, 0, 0, 0, 0, 
1098, 1, 1319, 1272, -1, 113, 94, 120.0, 14, ABaraapaaap, 0, 0, 0, 0, , 0, 0, 0, 0, 0, 
1099, 1, 1320, 1273, -1, 117, 73, 108.0, 14, MSaaapaaa, 0, 0, 0, 0, , 0, 0, 0, 0, 0, 
1100, 1, 1321, 1274, -1, 146, 159, 108.0, 13, ABalppaappp, 0, 0, 0, 0, , 0, 0, 0, 0, 0, 
1101, 1, 1322, 1275, -1, 121, 165, 137.0, 13, ABarappaapa, 0, 0, 0, 0, , 0, 0, 0, 0, 0, 
1102, 1, 1323, 1276, -1, 107, 116, 87.0, 15, ABalppppapa, 0, 0, 0, 0, , 0, 0, 0, 0, 0, 
1103, 1, 1324, 1277, -1, 291, 130, 109.0, 16, MSappaap, 0, 0, 0, 0, , 0, 0, 0, 0, 0, 
1104, 1, 1326, 1278, -1, 145, 140, 75.0, 15, ABalapaapaa, 0, 0, 0, 0, , 0, 0, 0, 0, 0, 
1105, 0, 1327, -1, -1, 168, 144, 113.0, 15, , 0, 0, 0, 0, , 0, 0, 0, 0, 0, 
1106, 0, 1328, -1, -1, 166, 145, 111.0, 15, , 0, 0, 0, 0, , 0, 0, 0, 0, 0, 
1107, 0, 1329, -1, -1, 162, 162, 114.0, 15, , 0, 0, 0, 0, , 0, 0, 0, 0, 0, 
1108, 0, 1331, -1, -1, 167, 144, 112.0, 15, , 0, 0, 0, 0, , 0, 0, 0, 0, 0, 
1109, 0, 1332, -1, -1, 163, 143, 108.0, 15, , 0, 0, 0, 0, , 0, 0, 0, 0, 0, 
1110, 1, 1333, 1284, -1, 180, 159, 132.0, 12, ABplpapaaap, 0, 0, 0, 0, , 0, 0, 0, 0, 0, 
1111, 1, 1334, 1285, -1, 161, 153, 142.0, 13, ABalpapapaa, 0, 0, 0, 0, , 0, 0, 0, 0, 0, 
1112, 1, 1335, 1287, -1, 161, 151, 132.0, 13, ABplpapaapa, 0, 0, 0, 0, , 0, 0, 0, 0, 0, 
1113, 1, 1336, 1288, -1, 156, 152, 150.0, 13, ABarappapaa, 0, 0, 0, 0, , 0, 0, 0, 0, 0, 
1114, 1, 1337, 1289, -1, 161, 152, 163.0, 13, ABprpapaapa, 0, 0, 0, 0, , 0, 0, 0, 0, 0, 
1115, 1, 1338, 1290, -1, 191, 136, 112.0, 14, ABplpapapaa, 0, 0, 0, 0, , 0, 0, 0, 0, 0, 
1116, 1, 1339, 1291, -1, 189, 144, 124.0, 15, ABplpapapap, 0, 0, 0, 0, , 0, 0, 0, 0, 0, 
1117, 1, 1340, 1292, -1, 215, 109, 114.0, 13, MSaappppa, 0, 0, 0, 0, , 0, 0, 0, 0, 0, 
1118, 1, 1341, 1293, -1, 206, 121, 115.0, 12, MSaapppap, 0, 0, 0, 0, , 0, 0, 0, 0, 0, 
1119, 0, 1342, -1, -1, 211, 149, 138.0, 10, , 0, 0, 0, 0, , 0, 0, 0, 0, 0, 
1120, 0, 1343, -1, -1, 211, 149, 134.0, 11, , 0, 0, 0, 0, , 0, 0, 0, 0, 0, 
1121, 0, 1344, -1, -1, 208, 145, 156.5, 13, , 0, 0, 0, 0, , 0, 0, 0, 0, 0, 
1122, 0, 1345, -1, -1, 211, 149, 140.0, 13, , 0, 0, 0, 0, , 0, 0, 0, 0, 0, 
1123, 1, 1346, 1298, -1, 206, 150, 152.0, 10, ABplppaappa, 0, 0, 0, 0, , 0, 0, 0, 0, 0, 
1124, 0, 1347, -1, -1, 196, 156, 171.0, 12, , 0, 0, 0, 0, , 0, 0, 0, 0, 0, 
1125, 0, 1348, -1, -1, 198, 152, 164.0, 13, , 0, 0, 0, 0, , 0, 0, 0, 0, 0, 
1126, 1, 1349, 1301, -1, 257, 109, 146.0, 13, ABplppaappp, 0, 0, 0, 0, , 0, 0, 0, 0, 0, 
1127, 1, 1350, 1302, -1, 240, 99, 155.0, 13, ABplpapappp, 0, 0, 0, 0, , 0, 0, 0, 0, 0, 
1128, 1, 1352, 1303, -1, 206, 119, 142.0, 13, ABplppappap, 0, 0, 0, 0, , 0, 0, 0, 0, 0, 
1129, 0, 1353, -1, -1, 242, 153, 139.0, 14, , 0, 0, 0, 0, , 0, 0, 0, 0, 0, 
1130, 0, 1354, -1, -1, 238, 151, 134.0, 12, , 0, 0, 0, 0, , 0, 0, 0, 0, 0, 
1131, 1, 1355, 1306, -1, 238, 150, 134.0, 12, ABplppppapa, 0, 0, 0, 0, , 0, 0, 0, 0, 0, 
1132, 1, 1356, 1307, -1, 138, 145, 204.0, 12, ABpraaaaaaa, 0, 0, 0, 0, , 0, 0, 0, 0, 0, 
1133, 1, 1357, 1308, -1, 115, 139, 187.0, 13, ABalaappapp, 0, 0, 0, 0, , 0, 0, 0, 0, 0, 
1134, 0, 1358, -1, -1, 108, 134, 180.0, 12, , 0, 0, 0, 0, , 0, 0, 0, 0, 0, 
1135, 0, 1359, -1, -1, 109, 135, 178.0, 13, , 0, 0, 0, 0, , 0, 0, 0, 0, 0, 
1136, 0, 1360, -1, -1, 111, 134, 177.0, 13, , 0, 0, 0, 0, , 0, 0, 0, 0, 0, 
1137, 1, 1361, 1310, -1, 91, 128, 168.0, 13, ABpraaaaapd, 0, 0, 0, 0, , 0, 0, 0, 0, 0, 
1138, 1, 1362, 1311, -1, 111, 134, 176.0, 13, ABalaapaapp, 0, 0, 0, 0, , 0, 0, 0, 0, 0, 
1139, 1, 1363, 1312, -1, 121, 127, 189.0, 12, ABalaappapa, 0, 0, 0, 0, , 0, 0, 0, 0, 0, 
1140, 0, 1364, -1, -1, 158, 117, 182.0, 14, , 0, 0, 0, 0, , 0, 0, 0, 0, 0, 
1141, 0, 1365, -1, -1, 157, 118, 183.0, 14, , 0, 0, 0, 0, , 0, 0, 0, 0, 0, 
1142, 1, 1366, 1315, -1, 158, 117, 181.0, 14, MSppppaa, 0, 0, 0, 0, , 0, 0, 0, 0, 0, 
1143, 1, 1367, 1316, -1, 151, 153, 182.0, 15, MSpppapp, 0, 0, 0, 0, , 0, 0, 0, 0, 0, 
1144, 1, 1368, 1317, -1, 176, 117, 187.0, 15, Dpaaa, 0, 0, 0, 0, , 0, 0, 0, 0, 0, 
1145, 0, 1369, -1, -1, 178, 134, 157.0, 17, , 0, 0, 0, 0, , 0, 0, 0, 0, 0, 
1146, 1, 1370, 1318, -1, 190, 148, 149.0, 15, ABplpappaap, 0, 0, 0, 0, , 0, 0, 0, 0, 0, 
1147, 1, 1371, 1319, -1, 286, 141, 193.0, 15, ABprapppaaa, 0, 0, 0, 0, , 0, 0, 0, 0, 0, 
1148, 1, 1372, 1320, -1, 96, 128, 109.0, 13, ABalpaapppa, 0, 0, 0, 0, , 0, 0, 0, 0, 0, 
1149, 1, 1373, 1321, -1, 103, 123, 105.0, 14, ABalaaaarlp, 0, 0, 0, 0, , 0, 0, 0, 0, 0, 
1150, 0, 1374, -1, -1, 77, 138, 96.0, 13, , 0, 0, 0, 0, , 0, 0, 0, 0, 0, 
1151, 0, 1375, -1, -1, 77, 137, 97.0, 13, , 0, 0, 0, 0, , 0, 0, 0, 0, 0, 
1152, 1, 1376, 1324, -1, 97, 89, 190.0, 13, ABalaaapprl, 0, 0, 0, 0, , 0, 0, 0, 0, 0, 
1153, 0, 1377, -1, -1, 110, 85, 188.0, 12, , 0, 0, 0, 0, , 0, 0, 0, 0, 0, 
1154, 0, 1378, -1, -1, 109, 75, 193.0, 12, , 0, 0, 0, 0, , 0, 0, 0, 0, 0, 
1155, 1, 1380, 1327, -1, 109, 89, 186.0, 12, ABalapppppa, 0, 0, 0, 0, , 0, 0, 0, 0, 0, 
1156, 0, 1381, -1, -1, 117, 159, 109.0, 12, , 0, 0, 0, 0, , 0, 0, 0, 0, 0, 
1157, 1, 1383, 1329, -1, 135, 144, 101.0, 11, ABalppappap, 0, 0, 0, 0, , 0, 0, 0, 0, 0, 
1158, 1, 1382, 1330, -1, 137, 147, 97.0, 12, ABalppaaapa, 0, 0, 0, 0, , 0, 0, 0, 0, 0, 
1159, 0, 1384, -1, -1, 128, 158, 90.0, 12, , 0, 0, 0, 0, , 0, 0, 0, 0, 0, 
1160, 0, 1385, -1, -1, 129, 158, 87.0, 12, , 0, 0, 0, 0, , 0, 0, 0, 0, 0, 
1161, 0, 1386, -1, -1, 117, 159, 110.0, 12, , 0, 0, 0, 0, , 0, 0, 0, 0, 0, 
1162, 0, 1387, -1, -1, 116, 160, 109.5, 12, , 0, 0, 0, 0, , 0, 0, 0, 0, 0, 
1163, 1, 1388, 1337, -1, 118, 158, 106.0, 12, ABalppaaapp, 0, 0, 0, 0, , 0, 0, 0, 0, 0, 
1164, 1, 1389, 1336, -1, 116, 160, 110.0, 11, ABalpppaaap, 0, 0, 0, 0, , 0, 0, 0, 0, 0, 
1165, 1, 1390, 1338, -1, 179, 162, 127.0, 12, ABplpaapppa, 0, 0, 0, 0, , 0, 0, 0, 0, 0, 
1166, 0, 1391, -1, -1, 182, 159, 124.0, 12, , 0, 0, 0, 0, , 0, 0, 0, 0, 0, 
1167, 1, 1392, 1340, -1, 194, 76, 117.5, 12, MSaapappp, 0, 0, 0, 0, , 0, 0, 0, 0, 0, 
1168, 1, 1393, 1341, -1, 194, 91, 135.0, 14, MSaappaa, 0, 0, 0, 0, , 0, 0, 0, 0, 0, 
1169, 0, 1394, -1, -1, 79, 115, 163.0, 10, , 0, 0, 0, 0, , 0, 0, 0, 0, 0, 
1170, 1, 1395, 1343, -1, 76, 115, 153.0, 10, ABalappppaaa, 0, 0, 0, 0, , 0, 0, 0, 0, 0, 
1171, 1, 1396, 1344, -1, 74, 109, 138.0, 12, ABarpaaapaa, 0, 0, 0, 0, , 0, 0, 0, 0, 0, 
1172, 1, 1397, 1345, -1, 194, 155, 178.0, 12, ABprpapappa, 0, 0, 0, 0, , 0, 0, 0, 0, 0, 
1173, 1, 1398, 1346, -1, 196, 153, 166.0, 13, ABprppaappa, 0, 0, 0, 0, , 0, 0, 0, 0, 0, 
1174, 1, 874, 1347, -1, 92, 114, 160.0, 13, ABalaappppp, 0, 0, 0, 0, , 0, 0, 0, 0, 0, 
1175, 0, 1399, -1, -1, 115, 141, 109.0, 13, , 0, 0, 0, 0, , 0, 0, 0, 0, 0, 
1176, 1, 1400, 1349, -1, 206, 136, 108.0, 14, MSaapppaa, 0, 0, 0, 0, , 0, 0, 0, 0, 0, 
1177, 1, 1401, 1350, -1, 167, 145, 112.0, 15, MSappapp, 0, 0, 0, 0, , 0, 0, 0, 0, 0, 
1178, 1, 1402, 1351, -1, 174, 128, 60.0, 14, ABplpaapaap, 0, 0, 0, 0, , 0, 0, 0, 0, 0, 
1179, 1, 1403, 1352, -1, 177, 116, 67.0, 13, ABplpaappap, 0, 0, 0, 0, , 0, 0, 0, 0, 0, 
1180, 1, 1404, 1353, -1, 132, 144, 84.0, 13, ABalppapaaa, 0, 0, 0, 0, , 0, 0, 0, 0, 0, 
1181, 1, 1405, 1354, -1, 78, 129, 127.0, 15, ABplaapaaaa, 0, 0, 0, 0, , 0, 0, 0, 0, 0, 
1182, 1, 1406, 1355, -1, 215, 142, 142.0, 13, ABarappappa, 0, 0, 0, 0, , 0, 0, 0, 0, 0, 
1183, 1, 1407, 1356, -1, 212, 135, 124.0, 15, ABplppappaa, 0, 0, 0, 0, , 0, 0, 0, 0, 0, 
1184, 1, 1408, 1357, -1, 137, 128, 122.0, 13, ABalpaaaapa, 0, 0, 0, 0, , 0, 0, 0, 0, 0, 
1185, 1, 1409, 1358, -1, 185, 147, 77.5, 14, ABplppaapap, 0, 0, 0, 0, , 0, 0, 0, 0, 0, 
1186, 1, 1410, 1359, -1, 109, 89, 78.0, 14, ABalapaaapa, 0, 0, 0, 0, , 0, 0, 0, 0, 0, 
1187, 1, 1411, 1360, -1, 104, 94, 76.0, 13, ABalaaaalal, 0, 0, 0, 0, , 0, 0, 0, 0, 0, 
1188, 1, 1412, 1361, -1, 73, 83, 119.0, 13, ABalappaapa, 0, 0, 0, 0, , 0, 0, 0, 0, 0, 
