1, 0, 1, -1, -1, 241, 84, 197.0, 15, , 77, 0, 0, 0, , 0, 0, 0, 0, 0, 
2, 0, 2, -1, -1, 260, 128, 155.0, 9, , 58, 0, 0, 0, , 0, 0, 0, 0, 0, 
3, 0, 3, -1, -1, 207, 86, 192.0, 7, , 32, 0, 0, 0, , 0, 0, 0, 0, 0, 
4, 0, 4, -1, -1, 104, 97, 124.0, 9, , 77, 0, 0, 0, , 0, 0, 0, 0, 0, 
5, 0, 5, -1, -1, 77, 116, 186.0, 9, , 42, 0, 0, 0, , 0, 0, 0, 0, 0, 
6, 0, 6, -1, -1, 155, 107, 162.0, 11, , 124, 0, 0, 0, , 0, 0, 0, 0, 0, 
7, 0, 7, -1, -1, 277, 86, 189.0, 15, , 128, 0, 0, 0, , 0, 0, 0, 0, 0, 
8, 0, 8, -1, -1, 76, 117, 180.0, 13, , 80, 0, 0, 0, , 0, 0, 0, 0, 0, 
9, 0, 9, -1, -1, 97, 120, 130.0, 9, , 64, 0, 0, 0, , 0, 0, 0, 0, 0, 
10, 0, 10, -1, -1, 135, 127, 83.0, 9, , 26, 0, 0, 0, , 0, 0, 0, 0, 0, 
11, 0, 11, -1, -1, 62, 122, 146.0, 9, , 43, 0, 0, 0, , 0, 0, 0, 0, 0, 
12, 0, 12, -1, -1, 155, 106, 164.0, 9, , 81, 0, 0, 0, , 0, 0, 0, 0, 0, 
13, 0, 13, -1, -1, 156, 111, 170.0, 9, , 30, 0, 0, 0, , 0, 0, 0, 0, 0, 
14, 0, 14, -1, -1, 155, 147, 194.0, 9, , 68, 0, 0, 0, , 0, 0, 0, 0, 0, 
15, 0, 15, -1, -1, 241, 80, 190.0, 9, , 10, 0, 0, 0, , 0, 0, 0, 0, 0, 
16, 0, 16, -1, -1, 100, 137, 157.0, 9, , 56, 0, 0, 0, , 0, 0, 0, 0, 0, 
17, 0, 17, -1, -1, 216, 120, 127.0, 9, , 8, 0, 0, 0, , 0, 0, 0, 0, 0, 
18, 0, 18, -1, -1, 105, 102, 146.0, 9, , 34, 0, 0, 0, , 0, 0, 0, 0, 0, 
19, 0, 19, -1, -1, 118, 119, 187.0, 7, , 5, 0, 0, 0, , 0, 0, 0, 0, 0, 
20, 0, 21, -1, -1, 168, 107, 179.0, 11, , 108, 0, 0, 0, , 0, 0, 0, 0, 0, 
21, 0, 22, -1, -1, 142, 75, 187.0, 9, , 36, 0, 0, 0, , 0, 0, 0, 0, 0, 
22, 0, 23, -1, -1, 182, 80, 192.0, 9, , 63, 0, 0, 0, , 0, 0, 0, 0, 0, 
23, 0, 25, -1, -1, 104, 104, 143.0, 11, , 64, 0, 0, 0, , 0, 0, 0, 0, 0, 
24, 0, 26, -1, -1, 281, 86, 181.0, 9, , 28, 0, 0, 0, , 0, 0, 0, 0, 0, 
25, 0, 27, -1, -1, 119, 119, 181.0, 9, , 30, 0, 0, 0, , 0, 0, 0, 0, 0, 
26, 0, 28, -1, -1, 163, 104, 207.0, 11, , 50, 0, 0, 0, , 0, 0, 0, 0, 0, 
27, 0, 29, -1, -1, 141, 79, 172.0, 11, , 297, 0, 0, 0, , 0, 0, 0, 0, 0, 
28, 0, 30, -1, -1, 209, 92, 188.0, 9, , 64, 0, 0, 0, , 0, 0, 0, 0, 0, 
29, 0, 31, -1, -1, 107, 130, 135.0, 9, , 38, 0, 0, 0, , 0, 0, 0, 0, 0, 
30, 0, 32, -1, -1, 283, 100, 145.0, 9, , 28, 0, 0, 0, , 0, 0, 0, 0, 0, 
31, 0, 33, -1, -1, 126, 109, 158.0, 11, , 82, 0, 0, 0, , 0, 0, 0, 0, 0, 
32, 0, 34, -1, -1, 66, 131, 147.0, 7, , 21, 0, 0, 0, , 0, 0, 0, 0, 0, 
33, 0, 35, -1, -1, 263, 67, 190.0, 11, , 41, 0, 0, 0, , 0, 0, 0, 0, 0, 
34, 0, 36, -1, -1, 125, 132, 142.0, 9, , 60, 0, 0, 0, , 0, 0, 0, 0, 0, 
35, 0, 37, -1, -1, 170, 90, 116.0, 11, , 65, 0, 0, 0, , 0, 0, 0, 0, 0, 
36, 0, 38, -1, -1, 169, 91, 112.0, 9, , 59, 0, 0, 0, , 0, 0, 0, 0, 0, 
37, 0, 39, -1, -1, 114, 88, 130.0, 11, , 70, 0, 0, 0, , 0, 0, 0, 0, 0, 
38, 0, 41, -1, -1, 154, 110, 173.0, 9, , 70, 0, 0, 0, , 0, 0, 0, 0, 0, 
39, 0, 42, -1, -1, 162, 163, 176.0, 9, , 31, 0, 0, 0, , 0, 0, 0, 0, 0, 
40, 0, 43, -1, -1, 122, 164, 153.0, 9, , 43, 0, 0, 0, , 0, 0, 0, 0, 0, 
41, 0, 44, -1, -1, 186, 87, 189.0, 7, , 28, 0, 0, 0, , 0, 0, 0, 0, 0, 
42, 0, 46, -1, -1, 108, 162, 152.0, 9, , 32, 0, 0, 0, , 0, 0, 0, 0, 0, 
43, 0, 47, -1, -1, 125, 110, 147.0, 7, , 15, 0, 0, 0, , 0, 0, 0, 0, 0, 
44, 0, 48, -1, -1, 139, 124, 143.0, 7, , 20, 0, 0, 0, , 0, 0, 0, 0, 0, 
45, 0, 49, -1, -1, 144, 119, 170.0, 9, , 20, 0, 0, 0, , 0, 0, 0, 0, 0, 
46, 0, 50, -1, -1, 174, 130, 193.0, 9, , 41, 0, 0, 0, , 0, 0, 0, 0, 0, 
47, 0, 51, -1, -1, 106, 100, 139.0, 9, , 5, 0, 0, 0, , 0, 0, 0, 0, 0, 
48, 0, 52, -1, -1, 112, 130, 143.0, 11, , 59, 0, 0, 0, , 0, 0, 0, 0, 0, 
49, 0, 53, -1, -1, 117, 163, 125.0, 9, , 78, 0, 0, 0, , 0, 0, 0, 0, 0, 
50, 0, 54, -1, -1, 104, 102, 144.0, 9, , 57, 0, 0, 0, , 0, 0, 0, 0, 0, 
51, 0, 55, -1, -1, 304, 112, 184.0, 11, , 35, 0, 0, 0, , 0, 0, 0, 0, 0, 
52, 0, 56, -1, -1, 169, 77, 106.0, 9, , 78, 0, 0, 0, , 0, 0, 0, 0, 0, 
53, 0, 57, -1, -1, 146, 156, 130.0, 11, , 58, 0, 0, 0, , 0, 0, 0, 0, 0, 
54, 0, 58, -1, -1, 141, 125, 149.0, 11, , 175, 0, 0, 0, , 0, 0, 0, 0, 0, 
55, 0, 59, -1, -1, 168, 85, 178.0, 9, , 55, 0, 0, 0, , 0, 0, 0, 0, 0, 
56, 0, 60, -1, -1, 128, 134, 187.0, 7, , 35, 0, 0, 0, , 0, 0, 0, 0, 0, 
57, 0, 61, -1, -1, 281, 89, 187.0, 9, , 25, 0, 0, 0, , 0, 0, 0, 0, 0, 
58, 0, 62, -1, -1, 124, 127, 139.0, 7, , 38, 0, 0, 0, , 0, 0, 0, 0, 0, 
59, 0, 63, -1, -1, 113, 85, 125.0, 9, , 66, 0, 0, 0, , 0, 0, 0, 0, 0, 
60, 0, 64, -1, -1, 105, 98, 128.0, 9, , 94, 0, 0, 0, , 0, 0, 0, 0, 0, 
61, 0, 65, -1, -1, 109, 130, 137.0, 13, , 54, 0, 0, 0, , 0, 0, 0, 0, 0, 
62, 0, 67, -1, -1, 95, 156, 129.0, 11, , 61, 0, 0, 0, , 0, 0, 0, 0, 0, 
63, 0, 68, -1, -1, 184, 148, 159.0, 11, , 170, 0, 0, 0, , 0, 0, 0, 0, 0, 
64, 0, 69, -1, -1, 215, 125, 114.0, 7, , 21, 0, 0, 0, , 0, 0, 0, 0, 0, 
65, 0, 70, -1, -1, 167, 141, 130.0, 9, , 5, 0, 0, 0, , 0, 0, 0, 0, 0, 
66, 0, 72, -1, -1, 113, 130, 146.0, 9, , 109, 0, 0, 0, , 0, 0, 0, 0, 0, 
67, 0, 73, -1, -1, 105, 91, 159.0, 9, , 57, 0, 0, 0, , 0, 0, 0, 0, 0, 
68, 0, 75, -1, -1, 101, 135, 153.0, 9, , 73, 0, 0, 0, , 0, 0, 0, 0, 0, 
69, 0, 76, -1, -1, 300, 56, 169.0, 9, , 5, 0, 0, 0, , 0, 0, 0, 0, 0, 
70, 0, 77, -1, -1, 134, 98, 161.0, 13, , 20, 0, 0, 0, , 0, 0, 0, 0, 0, 
71, 0, 78, -1, -1, 141, 111, 161.0, 9, , 44, 0, 0, 0, , 0, 0, 0, 0, 0, 
72, 0, 79, -1, -1, 120, 96, 180.0, 9, , 64, 0, 0, 0, , 0, 0, 0, 0, 0, 
73, 0, 80, -1, -1, 128, 134, 182.0, 9, , 71, 0, 0, 0, , 0, 0, 0, 0, 0, 
74, 0, 81, -1, -1, 108, 85, 136.0, 11, , 80, 0, 0, 0, , 0, 0, 0, 0, 0, 
75, 0, 83, -1, -1, 141, 171, 136.0, 7, , 12, 0, 0, 0, , 0, 0, 0, 0, 0, 
76, 0, 84, -1, -1, 126, 130, 144.0, 11, , 87, 0, 0, 0, , 0, 0, 0, 0, 0, 
77, 0, 85, -1, -1, 155, 106, 154.0, 9, , 41, 0, 0, 0, , 0, 0, 0, 0, 0, 
78, 0, 86, -1, -1, 113, 131, 189.0, 9, , 34, 0, 0, 0, , 0, 0, 0, 0, 0, 
79, 0, 87, -1, -1, 160, 93, 187.0, 9, , 36, 0, 0, 0, , 0, 0, 0, 0, 0, 
80, 0, 88, -1, -1, 268, 66, 196.0, 9, , 12, 0, 0, 0, , 0, 0, 0, 0, 0, 
81, 0, 89, -1, -1, 163, 164, 172.0, 7, , 8, 0, 0, 0, , 0, 0, 0, 0, 0, 
82, 0, 90, -1, -1, 87, 149, 102.0, 9, , 19, 0, 0, 0, , 0, 0, 0, 0, 0, 
83, 0, 91, -1, -1, 153, 149, 189.0, 7, , 21, 0, 0, 0, , 0, 0, 0, 0, 0, 
84, 0, 92, -1, -1, 162, 106, 204.0, 11, , 75, 0, 0, 0, , 0, 0, 0, 0, 0, 
85, 0, 93, -1, -1, 172, 92, 72.0, 9, , 35, 0, 0, 0, , 0, 0, 0, 0, 0, 
86, 0, 94, -1, -1, 174, 97, 96.0, 9, , 34, 0, 0, 0, , 0, 0, 0, 0, 0, 
87, 0, 95, -1, -1, 91, 72, 102.0, 9, , 32, 0, 0, 0, , 0, 0, 0, 0, 0, 
88, 0, 96, -1, -1, 130, 172, 98.0, 7, , 32, 0, 0, 0, , 0, 0, 0, 0, 0, 
89, 0, 97, -1, -1, 89, 150, 95.0, 11, , 45, 0, 0, 0, , 0, 0, 0, 0, 0, 
90, 0, 98, -1, -1, 176, 152, 106.0, 9, , 37, 0, 0, 0, , 0, 0, 0, 0, 0, 
91, 0, 99, -1, -1, 190, 143, 109.0, 11, , 84, 0, 0, 0, , 0, 0, 0, 0, 0, 
92, 0, 100, -1, -1, 90, 150, 98.0, 9, , 14, 0, 0, 0, , 0, 0, 0, 0, 0, 
93, 0, 101, -1, -1, 86, 150, 98.0, 9, , 49, 0, 0, 0, , 0, 0, 0, 0, 0, 
94, 0, 102, -1, -1, 174, 164, 109.0, 7, , 24, 0, 0, 0, , 0, 0, 0, 0, 0, 
95, 0, 103, -1, -1, 173, 44, 133.0, 9, , 38, 0, 0, 0, , 0, 0, 0, 0, 0, 
96, 0, 104, -1, -1, 121, 162, 121.0, 9, , 57, 0, 0, 0, , 0, 0, 0, 0, 0, 
97, 0, 106, -1, -1, 118, 162, 133.0, 11, , 102, 0, 0, 0, , 0, 0, 0, 0, 0, 
98, 0, 107, -1, -1, 124, 128, 141.0, 9, , 85, 0, 0, 0, , 0, 0, 0, 0, 0, 
99, 0, 108, -1, -1, 259, 128, 153.0, 11, , 69, 0, 0, 0, , 0, 0, 0, 0, 0, 
100, 0, 110, -1, -1, 305, 59, 164.0, 9, , 30, 0, 0, 0, , 0, 0, 0, 0, 0, 
101, 0, 111, -1, -1, 294, 53, 170.0, 9, , 38, 0, 0, 0, , 0, 0, 0, 0, 0, 
102, 0, 112, -1, -1, 141, 80, 177.0, 9, , 72, 0, 0, 0, , 0, 0, 0, 0, 0, 
103, 0, 113, -1, -1, 247, 47, 183.0, 9, , 10, 0, 0, 0, , 0, 0, 0, 0, 0, 
104, 0, 114, -1, -1, 240, 42, 181.0, 9, , 35, 0, 0, 0, , 0, 0, 0, 0, 0, 
105, 0, 115, -1, -1, 275, 85, 186.0, 7, , 28, 0, 0, 0, , 0, 0, 0, 0, 0, 
106, 0, 116, -1, -1, 298, 116, 188.0, 13, , 43, 0, 0, 0, , 0, 0, 0, 0, 0, 
107, 0, 117, -1, -1, 119, 113, 185.0, 9, , 40, 0, 0, 0, , 0, 0, 0, 0, 0, 
108, 0, 118, -1, -1, 118, 113, 188.0, 9, , 18, 0, 0, 0, , 0, 0, 0, 0, 0, 
109, 0, 119, -1, -1, 273, 83, 186.0, 9, , 53, 0, 0, 0, , 0, 0, 0, 0, 0, 
110, 0, 120, -1, -1, 147, 88, 195.0, 11, , 24, 0, 0, 0, , 0, 0, 0, 0, 0, 
111, 0, 121, -1, -1, 92, 152, 124.0, 7, , 24, 0, 0, 0, , 0, 0, 0, 0, 0, 
112, 0, 123, -1, -1, 284, 102, 140.0, 9, , 30, 0, 0, 0, , 0, 0, 0, 0, 0, 
113, 0, 124, -1, -1, 112, 132, 185.0, 9, , 30, 0, 0, 0, , 0, 0, 0, 0, 0, 
114, 0, 125, -1, -1, 240, 87, 193.0, 9, , 8, 0, 0, 0, , 0, 0, 0, 0, 0, 
115, 0, 126, -1, -1, 238, 82, 195.0, 11, , 51, 0, 0, 0, , 0, 0, 0, 0, 0, 
116, 0, 127, -1, -1, 180, 103, 198.0, 7, , 11, 0, 0, 0, , 0, 0, 0, 0, 0, 
117, 0, 130, -1, -1, 136, 150, 95.0, 9, , 27, 0, 0, 0, , 0, 0, 0, 0, 0, 
118, 0, 131, -1, -1, 137, 150, 93.0, 9, , 13, 0, 0, 0, , 0, 0, 0, 0, 0, 
119, 0, 133, -1, -1, 190, 144, 101.0, 9, , 51, 0, 0, 0, , 0, 0, 0, 0, 0, 
120, 0, 134, -1, -1, 194, 141, 109.0, 7, , 31, 0, 0, 0, , 0, 0, 0, 0, 0, 
121, 0, 135, -1, -1, 170, 136, 105.0, 7, , 7, 0, 0, 0, , 0, 0, 0, 0, 0, 
122, 0, 136, -1, -1, 139, 122, 114.0, 9, , 48, 0, 0, 0, , 0, 0, 0, 0, 0, 
123, 0, 137, -1, -1, 99, 169, 117.0, 9, , 17, 0, 0, 0, , 0, 0, 0, 0, 0, 
124, 0, 138, -1, -1, 139, 121, 118.0, 9, , 25, 0, 0, 0, , 0, 0, 0, 0, 0, 
125, 0, 139, -1, -1, 125, 125, 120.0, 9, , 32, 0, 0, 0, , 0, 0, 0, 0, 0, 
126, 0, 140, -1, -1, 209, 121, 115.0, 9, , 74, 0, 0, 0, , 0, 0, 0, 0, 0, 
127, 0, 141, -1, -1, 98, 114, 130.0, 9, , 75, 0, 0, 0, , 0, 0, 0, 0, 0, 
128, 0, 142, -1, -1, 127, 173, 135.0, 9, , 12, 0, 0, 0, , 0, 0, 0, 0, 0, 
129, 0, 143, -1, -1, 145, 117, 127.0, 7, , 16, 0, 0, 0, , 0, 0, 0, 0, 0, 
130, 0, 144, -1, -1, 193, 45, 138.0, 11, , 71, 0, 0, 0, , 0, 0, 0, 0, 0, 
131, 0, 145, -1, -1, 68, 122, 132.0, 9, , 14, 0, 0, 0, , 0, 0, 0, 0, 0, 
132, 0, 146, -1, -1, 271, 118, 139.0, 11, , 43, 0, 0, 0, , 0, 0, 0, 0, 0, 
133, 0, 147, -1, -1, 142, 125, 151.0, 9, , 131, 0, 0, 0, , 0, 0, 0, 0, 0, 
134, 0, 148, -1, -1, 191, 96, 143.0, 7, , 21, 0, 0, 0, , 0, 0, 0, 0, 0, 
135, 0, 150, -1, -1, 111, 91, 152.0, 9, , 42, 0, 0, 0, , 0, 0, 0, 0, 0, 
136, 0, 151, -1, -1, 174, 154, 153.0, 9, , 54, 0, 0, 0, , 0, 0, 0, 0, 0, 
137, 0, 152, -1, -1, 168, 145, 151.0, 9, , 85, 0, 0, 0, , 0, 0, 0, 0, 0, 
138, 0, 154, -1, -1, 125, 109, 154.0, 11, , 86, 0, 0, 0, , 0, 0, 0, 0, 0, 
139, 0, 155, -1, -1, 295, 53, 168.0, 9, , 36, 0, 0, 0, , 0, 0, 0, 0, 0, 
140, 0, 156, -1, -1, 87, 129, 156.0, 9, , 20, 0, 0, 0, , 0, 0, 0, 0, 0, 
141, 0, 157, -1, -1, 242, 147, 175.0, 9, , 35, 0, 0, 0, , 0, 0, 0, 0, 0, 
142, 0, 158, -1, -1, 138, 110, 169.0, 7, , 21, 0, 0, 0, , 0, 0, 0, 0, 0, 
143, 0, 159, -1, -1, 299, 119, 185.0, 7, , 36, 0, 0, 0, , 0, 0, 0, 0, 0, 
144, 0, 160, -1, -1, 119, 96, 183.0, 11, , 100, 0, 0, 0, , 0, 0, 0, 0, 0, 
145, 0, 161, -1, -1, 303, 113, 189.0, 9, , 34, 0, 0, 0, , 0, 0, 0, 0, 0, 
146, 0, 162, -1, -1, 211, 92, 193.0, 11, , 61, 0, 0, 0, , 0, 0, 0, 0, 0, 
147, 0, 163, -1, -1, 183, 102, 195.0, 7, , 17, 0, 0, 0, , 0, 0, 0, 0, 0, 
148, 0, 164, -1, -1, 179, 78, 192.0, 7, , 11, 0, 0, 0, , 0, 0, 0, 0, 0, 
149, 0, 165, -1, -1, 169, 85, 191.0, 9, , 154, 0, 0, 0, , 0, 0, 0, 0, 0, 
150, 0, 166, -1, -1, 164, 108, 201.0, 11, , 97, 0, 0, 0, , 0, 0, 0, 0, 0, 
151, 0, 167, -1, -1, 166, 93, 206.0, 9, , 11, 0, 0, 0, , 0, 0, 0, 0, 0, 
152, 0, 168, -1, -1, 171, 93, 76.0, 11, , 40, 0, 0, 0, , 0, 0, 0, 0, 0, 
153, 0, 169, -1, -1, 192, 72, 96.0, 9, , 15, 0, 0, 0, , 0, 0, 0, 0, 0, 
154, 0, 170, -1, -1, 105, 175, 115.0, 9, , 21, 0, 0, 0, , 0, 0, 0, 0, 0, 
155, 0, 171, -1, -1, 142, 118, 130.0, 7, , 23, 0, 0, 0, , 0, 0, 0, 0, 0, 
156, 0, 172, -1, -1, 173, 44, 136.0, 13, , 126, 0, 0, 0, , 0, 0, 0, 0, 0, 
157, 0, 173, -1, -1, 221, 106, 131.0, 9, , 53, 0, 0, 0, , 0, 0, 0, 0, 0, 
158, 0, 174, -1, -1, 116, 159, 127.0, 11, , 117, 0, 0, 0, , 0, 0, 0, 0, 0, 
159, 0, 175, -1, -1, 215, 121, 132.0, 9, , 14, 0, 0, 0, , 0, 0, 0, 0, 0, 
160, 0, 176, -1, -1, 150, 142, 137.0, 11, , 127, 0, 0, 0, , 0, 0, 0, 0, 0, 
161, 0, 177, -1, -1, 142, 121, 167.0, 11, , 75, 0, 0, 0, , 0, 0, 0, 0, 0, 
162, 0, 178, -1, -1, 169, 86, 174.0, 9, , 29, 0, 0, 0, , 0, 0, 0, 0, 0, 
163, 0, 179, -1, -1, 165, 73, 192.0, 7, , 10, 0, 0, 0, , 0, 0, 0, 0, 0, 
164, 0, 180, -1, -1, 158, 135, 192.0, 9, , 35, 0, 0, 0, , 0, 0, 0, 0, 0, 
165, 0, 181, -1, -1, 245, 86, 199.0, 9, , 42, 0, 0, 0, , 0, 0, 0, 0, 0, 
166, 0, 182, -1, -1, 165, 109, 195.0, 9, , 79, 0, 0, 0, , 0, 0, 0, 0, 0, 
167, 0, 183, -1, -1, 152, 138, 120.0, 9, , 14, 0, 0, 0, , 0, 0, 0, 0, 0, 
168, 0, 184, -1, -1, 61, 92, 141.0, 9, , 18, 0, 0, 0, , 0, 0, 0, 0, 0, 
169, 0, 185, -1, -1, 183, 149, 167.0, 9, , 30, 0, 0, 0, , 0, 0, 0, 0, 0, 
170, 0, 186, -1, -1, 127, 155, 170.0, 9, , 47, 0, 0, 0, , 0, 0, 0, 0, 0, 
171, 0, 187, -1, -1, 153, 149, 189.0, 9, , 31, 0, 0, 0, , 0, 0, 0, 0, 0, 
172, 0, 188, -1, -1, 59, 126, 140.0, 11, , 31, 0, 0, 0, , 0, 0, 0, 0, 0, 
173, 0, 189, -1, -1, 61, 128, 110.0, 11, , 50, 0, 0, 0, , 0, 0, 0, 0, 0, 
174, 0, 190, -1, -1, 196, 134, 129.0, 9, , 26, 0, 0, 0, , 0, 0, 0, 0, 0, 
175, 0, 191, -1, -1, 190, 93, 134.0, 9, , 35, 0, 0, 0, , 0, 0, 0, 0, 0, 
176, 0, 192, -1, -1, 173, 151, 150.0, 9, , 48, 0, 0, 0, , 0, 0, 0, 0, 0, 
177, 0, 193, -1, -1, 209, 88, 201.0, 9, , 56, 0, 0, 0, , 0, 0, 0, 0, 0, 
178, 0, 194, -1, -1, 186, 86, 193.0, 9, , 45, 0, 0, 0, , 0, 0, 0, 0, 0, 
179, 0, 195, -1, -1, 115, 157, 92.0, 9, , 33, 0, 0, 0, , 0, 0, 0, 0, 0, 
180, 0, 196, -1, -1, 58, 91, 135.0, 9, , 38, 0, 0, 0, , 0, 0, 0, 0, 0, 
181, 0, 197, -1, -1, 190, 43, 147.0, 9, , 30, 0, 0, 0, , 0, 0, 0, 0, 0, 
182, 0, 198, -1, -1, 192, 96, 141.0, 9, , 49, 0, 0, 0, , 0, 0, 0, 0, 0, 
183, 0, 199, -1, -1, 185, 48, 159.0, 7, , 12, 0, 0, 0, , 0, 0, 0, 0, 0, 
184, 0, 200, -1, -1, 260, 129, 150.0, 11, , 79, 0, 0, 0, , 0, 0, 0, 0, 0, 
185, 0, 201, -1, -1, 185, 148, 156.0, 11, , 113, 0, 0, 0, , 0, 0, 0, 0, 0, 
186, 0, 203, -1, -1, 132, 99, 168.0, 9, , 15, 0, 0, 0, , 0, 0, 0, 0, 0, 
187, 0, 204, -1, -1, 212, 92, 191.0, 9, , 31, 0, 0, 0, , 0, 0, 0, 0, 0, 
188, 0, 205, -1, -1, 282, 88, 189.0, 9, , 37, 0, 0, 0, , 0, 0, 0, 0, 0, 
189, 0, 206, -1, -1, 170, 91, 109.0, 7, , 21, 0, 0, 0, , 0, 0, 0, 0, 0, 
190, 0, 207, -1, -1, 153, 59, 158.0, 7, , 18, 0, 0, 0, , 0, 0, 0, 0, 0, 
191, 0, 208, -1, -1, 195, 162, 158.0, 9, , 35, 0, 0, 0, , 0, 0, 0, 0, 0, 
192, 0, 209, -1, -1, 114, 158, 96.0, 9, , 46, 0, 0, 0, , 0, 0, 0, 0, 0, 
193, 0, 210, -1, -1, 180, 112, 193.0, 9, , 43, 0, 0, 0, , 0, 0, 0, 0, 0, 
194, 0, 211, -1, -1, 97, 111, 82.0, 15, , 50, 0, 0, 0, , 0, 0, 0, 0, 0, 
195, 0, 212, -1, -1, 123, 155, 77.0, 9, , 37, 0, 0, 0, , 0, 0, 0, 0, 0, 
196, 0, 213, -1, -1, 132, 171, 95.0, 7, , 48, 0, 0, 0, , 0, 0, 0, 0, 0, 
197, 0, 214, -1, -1, 174, 164, 107.0, 9, , 30, 0, 0, 0, , 0, 0, 0, 0, 0, 
198, 0, 215, -1, -1, 103, 144, 121.0, 9, , 50, 0, 0, 0, , 0, 0, 0, 0, 0, 
199, 0, 216, -1, -1, 170, 89, 119.0, 9, , 47, 0, 0, 0, , 0, 0, 0, 0, 0, 
200, 0, 217, -1, -1, 151, 138, 120.0, 11, , 51, 0, 0, 0, , 0, 0, 0, 0, 0, 
201, 0, 218, -1, -1, 97, 117, 132.0, 9, , 52, 0, 0, 0, , 0, 0, 0, 0, 0, 
202, 0, 219, -1, -1, 93, 174, 132.0, 9, , 24, 0, 0, 0, , 0, 0, 0, 0, 0, 
203, 0, 220, -1, -1, 98, 115, 136.0, 9, , 68, 0, 0, 0, , 0, 0, 0, 0, 0, 
204, 0, 221, -1, -1, 209, 144, 152.0, 9, , 51, 0, 0, 0, , 0, 0, 0, 0, 0, 
205, 0, 222, -1, -1, 142, 123, 164.0, 7, , 35, 0, 0, 0, , 0, 0, 0, 0, 0, 
206, 0, 223, -1, -1, 241, 146, 178.0, 9, , 40, 0, 0, 0, , 0, 0, 0, 0, 0, 
207, 0, 224, -1, -1, 168, 107, 181.0, 11, , 87, 0, 0, 0, , 0, 0, 0, 0, 0, 
208, 0, 225, -1, -1, 158, 135, 194.0, 7, , 14, 0, 0, 0, , 0, 0, 0, 0, 0, 
209, 0, 226, -1, -1, 107, 133, 103.0, 11, , 73, 0, 0, 0, , 0, 0, 0, 0, 0, 
210, 0, 227, -1, -1, 143, 155, 134.0, 11, , 43, 0, 0, 0, , 0, 0, 0, 0, 0, 
211, 0, 228, -1, -1, 112, 129, 149.0, 9, , 41, 0, 0, 0, , 0, 0, 0, 0, 0, 
212, 0, 229, -1, -1, 125, 110, 161.0, 11, , 69, 0, 0, 0, , 0, 0, 0, 0, 0, 
213, 0, 230, -1, -1, 78, 120, 179.0, 9, , 73, 0, 0, 0, , 0, 0, 0, 0, 0, 
214, 0, 231, -1, -1, 176, 124, 193.0, 7, , 12, 0, 0, 0, , 0, 0, 0, 0, 0, 
215, 0, 232, -1, -1, 141, 166, 94.0, 9, , 33, 0, 0, 0, , 0, 0, 0, 0, 0, 
216, 0, 233, -1, -1, 130, 126, 80.0, 7, , 27, 0, 0, 0, , 0, 0, 0, 0, 0, 
217, 0, 234, -1, -1, 56, 109, 89.0, 9, , 12, 0, 0, 0, , 0, 0, 0, 0, 0, 
218, 0, 235, -1, -1, 104, 127, 104.0, 7, , 27, 0, 0, 0, , 0, 0, 0, 0, 0, 
219, 0, 236, -1, -1, 105, 134, 103.0, 11, , 103, 0, 0, 0, , 0, 0, 0, 0, 0, 
220, 0, 237, -1, -1, 111, 91, 146.0, 11, , 78, 0, 0, 0, , 0, 0, 0, 0, 0, 
221, 0, 238, -1, -1, 145, 120, 169.0, 11, , 90, 0, 0, 0, , 0, 0, 0, 0, 0, 
222, 0, 239, -1, -1, 152, 111, 178.0, 9, , 45, 0, 0, 0, , 0, 0, 0, 0, 0, 
223, 0, 240, -1, -1, 167, 109, 188.0, 9, , 62, 0, 0, 0, , 0, 0, 0, 0, 0, 
224, 0, 241, -1, -1, 298, 115, 190.0, 9, , 31, 0, 0, 0, , 0, 0, 0, 0, 0, 
225, 0, 242, -1, -1, 175, 124, 196.0, 9, , 24, 0, 0, 0, , 0, 0, 0, 0, 0, 
226, 0, 243, -1, -1, 167, 114, 203.0, 9, , 45, 0, 0, 0, , 0, 0, 0, 0, 0, 
227, 0, 244, -1, -1, 115, 164, 127.0, 9, , 14, 0, 0, 0, , 0, 0, 0, 0, 0, 
228, 0, 247, -1, -1, 155, 96, 182.0, 7, , 38, 0, 0, 0, , 0, 0, 0, 0, 0, 
229, 0, 248, -1, -1, 148, 137, 115.0, 9, , 33, 0, 0, 0, , 0, 0, 0, 0, 0, 
230, 0, 249, -1, -1, 118, 157, 122.0, 9, , 55, 0, 0, 0, , 0, 0, 0, 0, 0, 
231, 0, 250, -1, -1, 98, 117, 134.0, 13, , 125, 0, 0, 0, , 0, 0, 0, 0, 0, 
232, 0, 251, -1, -1, 141, 154, 136.0, 9, , 43, 0, 0, 0, , 0, 0, 0, 0, 0, 
233, 0, 252, -1, -1, 125, 110, 149.0, 9, , 43, 0, 0, 0, , 0, 0, 0, 0, 0, 
234, 0, 253, -1, -1, 118, 118, 184.0, 7, , 13, 0, 0, 0, , 0, 0, 0, 0, 0, 
235, 0, 254, -1, -1, 184, 101, 192.0, 9, , 41, 0, 0, 0, , 0, 0, 0, 0, 0, 
236, 0, 255, -1, -1, 166, 91, 138.0, 7, , 33, 0, 0, 0, , 0, 0, 0, 0, 0, 
237, 0, 256, -1, -1, 135, 115, 138.0, 9, , 22, 0, 0, 0, , 0, 0, 0, 0, 0, 
238, 0, 257, -1, -1, 123, 85, 90.0, 11, , 60, 0, 0, 0, , 0, 0, 0, 0, 0, 
239, 0, 258, -1, -1, 154, 164, 125.0, 9, , 39, 0, 0, 0, , 0, 0, 0, 0, 0, 
240, 0, 259, -1, -1, 163, 143, 125.0, 9, , 58, 0, 0, 0, , 0, 0, 0, 0, 0, 
241, 0, 260, -1, -1, 153, 164, 128.0, 9, , 57, 0, 0, 0, , 0, 0, 0, 0, 0, 
242, 0, 261, -1, -1, 151, 144, 128.0, 7, , 46, 0, 0, 0, , 0, 0, 0, 0, 0, 
243, 0, 262, -1, -1, 190, 67, 99.0, 9, , 56, 0, 0, 0, , 0, 0, 0, 0, 0, 
244, 0, 264, -1, -1, 111, 91, 150.0, 11, , 78, 0, 0, 0, , 0, 0, 0, 0, 0, 
245, 0, 265, -1, -1, 175, 152, 143.0, 7, , 20, 0, 0, 0, , 0, 0, 0, 0, 0, 
246, 0, 266, -1, -1, 140, 126, 146.0, 11, , 252, 0, 0, 0, , 0, 0, 0, 0, 0, 
247, 0, 267, -1, -1, 210, 142, 148.0, 9, , 28, 0, 0, 0, , 0, 0, 0, 0, 0, 
248, 0, 268, -1, -1, 87, 132, 164.0, 9, , 71, 0, 0, 0, , 0, 0, 0, 0, 0, 
249, 0, 269, -1, -1, 88, 130, 167.0, 11, , 61, 0, 0, 0, , 0, 0, 0, 0, 0, 
250, 0, 270, -1, -1, 109, 144, 122.0, 9, , 39, 0, 0, 0, , 0, 0, 0, 0, 0, 
251, 0, 271, -1, -1, 113, 90, 128.0, 9, , 28, 0, 0, 0, , 0, 0, 0, 0, 0, 
252, 0, 272, -1, -1, 125, 127, 137.0, 7, , 33, 0, 0, 0, , 0, 0, 0, 0, 0, 
253, 0, 273, -1, -1, 84, 152, 152.0, 9, , 32, 0, 0, 0, , 0, 0, 0, 0, 0, 
254, 0, 274, -1, -1, 179, 113, 77.0, 9, , 34, 0, 0, 0, , 0, 0, 0, 0, 0, 
255, 0, 275, -1, -1, 108, 157, 94.0, 9, , 10, 0, 0, 0, , 0, 0, 0, 0, 0, 
256, 0, 276, -1, -1, 264, 60, 105.0, 9, , 21, 0, 0, 0, , 0, 0, 0, 0, 0, 
257, 0, 277, -1, -1, 49, 112, 126.0, 9, , 32, 0, 0, 0, , 0, 0, 0, 0, 0, 
258, 0, 278, -1, -1, 150, 141, 134.0, 11, , 75, 0, 0, 0, , 0, 0, 0, 0, 0, 
259, 0, 279, -1, -1, 91, 146, 144.0, 9, , 42, 0, 0, 0, , 0, 0, 0, 0, 0, 
260, 0, 280, -1, -1, 146, 161, 139.0, 9, , 20, 0, 0, 0, , 0, 0, 0, 0, 0, 
261, 0, 282, -1, -1, 168, 108, 183.0, 11, , 51, 0, 0, 0, , 0, 0, 0, 0, 0, 
262, 0, 284, -1, -1, 104, 174, 119.0, 9, , 49, 0, 0, 0, , 0, 0, 0, 0, 0, 
263, 0, 285, -1, -1, 86, 165, 127.0, 9, , 54, 0, 0, 0, , 0, 0, 0, 0, 0, 
264, 0, 286, -1, -1, 191, 43, 144.0, 9, , 95, 0, 0, 0, , 0, 0, 0, 0, 0, 
265, 0, 287, -1, -1, 184, 149, 163.0, 11, , 77, 0, 0, 0, , 0, 0, 0, 0, 0, 
266, 0, 288, -1, -1, 138, 110, 167.0, 9, , 32, 0, 0, 0, , 0, 0, 0, 0, 0, 
267, 0, 289, -1, -1, 127, 154, 168.0, 13, , 50, 0, 0, 0, , 0, 0, 0, 0, 0, 
268, 0, 290, -1, -1, 238, 147, 178.0, 11, , 51, 0, 0, 0, , 0, 0, 0, 0, 0, 
269, 0, 291, -1, -1, 262, 165, 178.0, 7, , 23, 0, 0, 0, , 0, 0, 0, 0, 0, 
270, 0, 292, -1, -1, 112, 78, 185.0, 7, , 14, 0, 0, 0, , 0, 0, 0, 0, 0, 
271, 0, 294, -1, -1, 172, 154, 132.0, 11, , 24, 0, 0, 0, , 0, 0, 0, 0, 0, 
272, 0, 295, -1, -1, 108, 83, 140.0, 9, , 47, 0, 0, 0, , 0, 0, 0, 0, 0, 
273, 0, 296, -1, -1, 129, 127, 143.0, 7, , 34, 0, 0, 0, , 0, 0, 0, 0, 0, 
274, 0, 297, -1, -1, 97, 161, 145.0, 9, , 16, 0, 0, 0, , 0, 0, 0, 0, 0, 
275, 0, 298, -1, -1, 155, 106, 157.0, 9, , 132, 0, 0, 0, , 0, 0, 0, 0, 0, 
276, 0, 299, -1, -1, 86, 131, 160.0, 9, , 66, 0, 0, 0, , 0, 0, 0, 0, 0, 
277, 0, 300, -1, -1, 167, 85, 185.0, 7, , 21, 0, 0, 0, , 0, 0, 0, 0, 0, 
278, 0, 301, -1, -1, 129, 139, 199.0, 7, , 10, 0, 0, 0, , 0, 0, 0, 0, 0, 
279, 0, 302, -1, -1, 172, 126, 197.0, 9, , 28, 0, 0, 0, , 0, 0, 0, 0, 0, 
280, 0, 303, -1, -1, 169, 89, 121.0, 9, , 55, 0, 0, 0, , 0, 0, 0, 0, 0, 
281, 0, 304, -1, -1, 150, 141, 139.0, 11, , 118, 0, 0, 0, , 0, 0, 0, 0, 0, 
282, 0, 305, -1, -1, 142, 81, 164.0, 7, , 21, 0, 0, 0, , 0, 0, 0, 0, 0, 
283, 0, 306, -1, -1, 165, 90, 189.0, 9, , 24, 0, 0, 0, , 0, 0, 0, 0, 0, 
284, 0, 307, -1, -1, 185, 85, 196.0, 7, , 20, 0, 0, 0, , 0, 0, 0, 0, 0, 
285, 0, 308, -1, -1, 141, 129, 59.0, 9, , 24, 0, 0, 0, , 0, 0, 0, 0, 0, 
286, 0, 309, -1, -1, 123, 90, 85.0, 9, , 49, 0, 0, 0, , 0, 0, 0, 0, 0, 
287, 0, 310, -1, -1, 130, 172, 100.0, 7, , 28, 0, 0, 0, , 0, 0, 0, 0, 0, 
288, 0, 311, -1, -1, 125, 145, 119.0, 9, , 7, 0, 0, 0, , 0, 0, 0, 0, 0, 
289, 0, 312, -1, -1, 315, 63, 130.0, 9, , 24, 0, 0, 0, , 0, 0, 0, 0, 0, 
290, 0, 314, -1, -1, 207, 88, 199.0, 11, , 88, 0, 0, 0, , 0, 0, 0, 0, 0, 
291, 0, 315, -1, -1, 130, 173, 129.0, 7, , 57, 0, 0, 0, , 0, 0, 0, 0, 0, 
292, 0, 316, -1, -1, 107, 85, 134.0, 11, , 79, 0, 0, 0, , 0, 0, 0, 0, 0, 
293, 0, 318, -1, -1, 169, 76, 110.0, 9, , 56, 0, 0, 0, , 0, 0, 0, 0, 0, 
294, 0, 319, -1, -1, 116, 166, 144.0, 9, , 30, 0, 0, 0, , 0, 0, 0, 0, 0, 
295, 0, 320, -1, -1, 167, 91, 135.0, 7, , 86, 0, 0, 0, , 0, 0, 0, 0, 0, 
296, 0, 321, -1, -1, 214, 168, 131.0, 9, , 10, 0, 0, 0, , 0, 0, 0, 0, 0, 
297, 0, 322, -1, -1, 189, 94, 137.0, 9, , 30, 0, 0, 0, , 0, 0, 0, 0, 0, 
298, 0, 323, -1, -1, 193, 134, 141.0, 11, , 32, 0, 0, 0, , 0, 0, 0, 0, 0, 
299, 0, 324, -1, -1, 248, 96, 146.0, 9, , 40, 0, 0, 0, , 0, 0, 0, 0, 0, 
300, 0, 325, -1, -1, 142, 124, 154.0, 9, , 70, 0, 0, 0, , 0, 0, 0, 0, 0, 
301, 0, 326, -1, -1, 297, 53, 164.0, 9, , 34, 0, 0, 0, , 0, 0, 0, 0, 0, 
302, 0, 327, -1, -1, 277, 176, 158.0, 9, , 9, 0, 0, 0, , 0, 0, 0, 0, 0, 
303, 0, 328, -1, -1, 210, 71, 92.0, 11, , 35, 0, 0, 0, , 0, 0, 0, 0, 0, 
304, 0, 329, -1, -1, 83, 153, 150.0, 11, , 63, 0, 0, 0, , 0, 0, 0, 0, 0, 
305, 0, 330, -1, -1, 103, 138, 127.0, 7, , 14, 0, 0, 0, , 0, 0, 0, 0, 0, 
306, 0, 331, -1, -1, 149, 143, 131.0, 9, , 69, 0, 0, 0, , 0, 0, 0, 0, 0, 
307, 0, 333, -1, -1, 169, 97, 161.0, 9, , 35, 0, 0, 0, , 0, 0, 0, 0, 0, 
308, 0, 334, -1, -1, 91, 107, 177.0, 7, , 24, 0, 0, 0, , 0, 0, 0, 0, 0, 
309, 0, 335, -1, -1, 162, 78, 192.0, 7, , 24, 0, 0, 0, , 0, 0, 0, 0, 0, 
310, 0, 336, -1, -1, 121, 155, 75.0, 11, , 33, 0, 0, 0, , 0, 0, 0, 0, 0, 
311, 0, 337, -1, -1, 127, 125, 84.0, 9, , 24, 0, 0, 0, , 0, 0, 0, 0, 0, 
312, 0, 338, -1, -1, 113, 86, 123.0, 9, , 36, 0, 0, 0, , 0, 0, 0, 0, 0, 
313, 0, 339, -1, -1, 128, 135, 180.0, 9, , 51, 0, 0, 0, , 0, 0, 0, 0, 0, 
314, 0, 340, -1, -1, 208, 86, 195.0, 11, , 137, 0, 0, 0, , 0, 0, 0, 0, 0, 
315, 0, 342, -1, -1, 205, 169, 100.0, 7, , 20, 0, 0, 0, , 0, 0, 0, 0, 0, 
316, 0, 346, -1, -1, 254, 40, 125.0, 7, , 24, 0, 0, 0, , 0, 0, 0, 0, 0, 
317, 0, 347, -1, -1, 125, 173, 143.0, 9, , 58, 0, 0, 0, , 0, 0, 0, 0, 0, 
318, 0, 348, -1, -1, 142, 124, 156.0, 9, , 44, 0, 0, 0, , 0, 0, 0, 0, 0, 
319, 0, 349, -1, -1, 281, 174, 163.0, 9, , 25, 0, 0, 0, , 0, 0, 0, 0, 0, 
320, 0, 350, -1, -1, 264, 163, 170.0, 7, , 10, 0, 0, 0, , 0, 0, 0, 0, 0, 
321, 0, 351, -1, -1, 156, 117, 179.0, 9, , 25, 0, 0, 0, , 0, 0, 0, 0, 0, 
322, 0, 352, -1, -1, 112, 78, 183.0, 7, , 11, 0, 0, 0, , 0, 0, 0, 0, 0, 
323, 0, 353, -1, -1, 209, 120, 112.0, 9, , 37, 0, 0, 0, , 0, 0, 0, 0, 0, 
324, 0, 355, -1, -1, 175, 102, 130.0, 7, , 10, 0, 0, 0, , 0, 0, 0, 0, 0, 
325, 0, 356, -1, -1, 171, 155, 157.0, 9, , 44, 0, 0, 0, , 0, 0, 0, 0, 0, 
326, 0, 357, -1, -1, 157, 96, 179.0, 9, , 49, 0, 0, 0, , 0, 0, 0, 0, 0, 
327, 0, 358, -1, -1, 130, 172, 125.0, 7, , 22, 0, 0, 0, , 0, 0, 0, 0, 0, 
328, 0, 359, -1, -1, 184, 101, 188.0, 9, , 37, 0, 0, 0, , 0, 0, 0, 0, 0, 
329, 0, 360, -1, -1, 155, 72, 85.0, 9, , 30, 0, 0, 0, , 0, 0, 0, 0, 0, 
330, 0, 361, -1, -1, 135, 99, 87.0, 7, , 13, 0, 0, 0, , 0, 0, 0, 0, 0, 
331, 0, 362, -1, -1, 150, 50, 118.0, 11, , 22, 0, 0, 0, , 0, 0, 0, 0, 0, 
332, 0, 363, -1, -1, 109, 144, 119.0, 9, , 42, 0, 0, 0, , 0, 0, 0, 0, 0, 
333, 0, 364, -1, -1, 116, 159, 130.0, 9, , 76, 0, 0, 0, , 0, 0, 0, 0, 0, 
334, 0, 365, -1, -1, 144, 76, 134.0, 7, , 17, 0, 0, 0, , 0, 0, 0, 0, 0, 
335, 0, 366, -1, -1, 194, 136, 135.0, 7, , 19, 0, 0, 0, , 0, 0, 0, 0, 0, 
336, 0, 367, -1, -1, 126, 133, 139.0, 9, , 57, 0, 0, 0, , 0, 0, 0, 0, 0, 
337, 0, 368, -1, -1, 81, 153, 146.0, 9, , 32, 0, 0, 0, , 0, 0, 0, 0, 0, 
338, 0, 369, -1, -1, 60, 124, 149.0, 9, , 32, 0, 0, 0, , 0, 0, 0, 0, 0, 
339, 0, 370, -1, -1, 238, 122, 151.0, 11, , 32, 0, 0, 0, , 0, 0, 0, 0, 0, 
340, 0, 371, -1, -1, 263, 165, 180.0, 7, , 21, 0, 0, 0, , 0, 0, 0, 0, 0, 
341, 0, 372, -1, -1, 242, 47, 185.0, 13, , 96, 0, 0, 0, , 0, 0, 0, 0, 0, 
342, 0, 373, -1, -1, 131, 134, 201.0, 7, , 8, 0, 0, 0, , 0, 0, 0, 0, 0, 
343, 0, 374, -1, -1, 283, 175, 161.0, 9, , 19, 0, 0, 0, , 0, 0, 0, 0, 0, 
344, 0, 375, -1, -1, 156, 149, 187.0, 9, , 82, 0, 0, 0, , 0, 0, 0, 0, 0, 
345, 0, 376, -1, -1, 164, 122, 188.0, 7, , 20, 0, 0, 0, , 0, 0, 0, 0, 0, 
346, 0, 377, -1, -1, 130, 127, 77.0, 9, , 33, 0, 0, 0, , 0, 0, 0, 0, 0, 
347, 0, 378, -1, -1, 109, 129, 101.0, 9, , 18, 0, 0, 0, , 0, 0, 0, 0, 0, 
348, 0, 379, -1, -1, 118, 87, 109.0, 9, , 25, 0, 0, 0, , 0, 0, 0, 0, 0, 
349, 0, 380, -1, -1, 157, 111, 127.0, 7, , 21, 0, 0, 0, , 0, 0, 0, 0, 0, 
350, 0, 381, -1, -1, 254, 39, 128.0, 9, , 24, 0, 0, 0, , 0, 0, 0, 0, 0, 
351, 0, 382, -1, -1, 222, 106, 134.0, 9, , 64, 0, 0, 0, , 0, 0, 0, 0, 0, 
352, 0, 383, -1, -1, 94, 174, 137.0, 11, , 26, 0, 0, 0, , 0, 0, 0, 0, 0, 
353, 0, 384, -1, -1, 65, 114, 136.0, 9, , 40, 0, 0, 0, , 0, 0, 0, 0, 0, 
354, 0, 385, -1, -1, 175, 153, 147.0, 11, , 69, 0, 0, 0, , 0, 0, 0, 0, 0, 
355, 0, 386, -1, -1, 279, 89, 193.0, 11, , 43, 0, 0, 0, , 0, 0, 0, 0, 0, 
356, 0, 387, -1, -1, 118, 87, 107.0, 7, , 23, 0, 0, 0, , 0, 0, 0, 0, 0, 
357, 0, 388, -1, -1, 118, 87, 111.0, 7, , 23, 0, 0, 0, , 0, 0, 0, 0, 0, 
358, 0, 389, -1, -1, 141, 81, 167.0, 7, , 64, 0, 0, 0, , 0, 0, 0, 0, 0, 
359, 0, 390, -1, -1, 185, 85, 195.0, 9, , 61, 0, 0, 0, , 0, 0, 0, 0, 0, 
360, 0, 391, -1, -1, 169, 126, 202.0, 7, , 8, 0, 0, 0, , 0, 0, 0, 0, 0, 
361, 0, -1, -1, -1, 126, 172, 147.0, 11, , 127, 0, 0, 0, , 0, 0, 0, 0, 0, 
362, 0, -1, -1, -1, 209, 143, 156.0, 11, , 65, 0, 0, 0, , 0, 0, 0, 0, 0, 
363, 0, -1, -1, -1, 170, 90, 68.0, 9, , 29, 0, 0, 0, , 0, 0, 0, 0, 0, 
364, 0, -1, -1, -1, 173, 151, 100.0, 9, , 34, 0, 0, 0, , 0, 0, 0, 0, 0, 
365, 0, -1, -1, -1, 189, 144, 106.0, 11, , 108, 0, 0, 0, , 0, 0, 0, 0, 0, 
366, 0, -1, -1, -1, 170, 135, 107.0, 7, , 21, 0, 0, 0, , 0, 0, 0, 0, 0, 
367, 0, -1, -1, -1, 122, 175, 117.0, 9, , 19, 0, 0, 0, , 0, 0, 0, 0, 0, 
368, 0, -1, -1, -1, 96, 156, 122.0, 9, , 45, 0, 0, 0, , 0, 0, 0, 0, 0, 
369, 0, -1, -1, -1, 124, 145, 124.0, 9, , 16, 0, 0, 0, , 0, 0, 0, 0, 0, 
370, 0, -1, -1, -1, 94, 158, 127.0, 9, , 18, 0, 0, 0, , 0, 0, 0, 0, 0, 
371, 0, -1, -1, -1, 89, 60, 132.0, 7, , 12, 0, 0, 0, , 0, 0, 0, 0, 0, 
372, 0, -1, -1, -1, 193, 135, 138.0, 9, , 54, 0, 0, 0, , 0, 0, 0, 0, 0, 
373, 0, -1, -1, -1, 106, 170, 140.0, 9, , 21, 0, 0, 0, , 0, 0, 0, 0, 0, 
374, 0, -1, -1, -1, 59, 125, 142.0, 9, , 41, 0, 0, 0, , 0, 0, 0, 0, 0, 
375, 0, -1, -1, -1, 240, 149, 153.0, 9, , 39, 0, 0, 0, , 0, 0, 0, 0, 0, 
376, 0, -1, -1, -1, 103, 135, 161.0, 9, , 54, 0, 0, 0, , 0, 0, 0, 0, 0, 
377, 0, -1, -1, -1, 122, 146, 170.0, 9, , 15, 0, 0, 0, , 0, 0, 0, 0, 0, 
378, 0, -1, -1, -1, 142, 80, 172.0, 9, , 125, 0, 0, 0, , 0, 0, 0, 0, 0, 
379, 0, -1, -1, -1, 264, 164, 172.0, 7, , 14, 0, 0, 0, , 0, 0, 0, 0, 0, 
380, 0, -1, -1, -1, 291, 58, 178.0, 9, , 14, 0, 0, 0, , 0, 0, 0, 0, 0, 
381, 0, -1, -1, -1, 275, 128, 183.0, 11, , 23, 0, 0, 0, , 0, 0, 0, 0, 0, 
382, 0, -1, -1, -1, 143, 112, 189.0, 9, , 22, 0, 0, 0, , 0, 0, 0, 0, 0, 
383, 0, -1, -1, -1, 149, 87, 190.0, 7, , 10, 0, 0, 0, , 0, 0, 0, 0, 0, 
384, 0, -1, -1, -1, 167, 109, 190.0, 11, , 77, 0, 0, 0, , 0, 0, 0, 0, 0, 
385, 0, -1, -1, -1, 266, 73, 194.0, 7, , 27, 0, 0, 0, , 0, 0, 0, 0, 0, 
386, 0, -1, -1, -1, 246, 87, 195.0, 9, , 47, 0, 0, 0, , 0, 0, 0, 0, 0, 
387, 0, -1, -1, -1, 136, 127, 81.0, 9, , 24, 0, 0, 0, , 0, 0, 0, 0, 0, 
388, 0, -1, -1, -1, 97, 113, 82.0, 9, , 22, 0, 0, 0, , 0, 0, 0, 0, 0, 
389, 0, -1, -1, -1, 170, 76, 112.0, 9, , 43, 0, 0, 0, , 0, 0, 0, 0, 0, 
390, 0, -1, -1, -1, 157, 91, 183.0, 9, , 24, 0, 0, 0, , 0, 0, 0, 0, 0, 
391, 0, -1, -1, -1, 76, 122, 183.0, 9, , 27, 0, 0, 0, , 0, 0, 0, 0, 0, 
392, 1, 392, 370, -1, 276, 87, 189.0, 15, ABprappaap, 0, 0, 0, 0, , 0, 0, 0, 0, 0, 
393, 1, 393, 371, -1, 97, 125, 63.4, 15, ABplaaappa, 0, 0, 0, 0, , 0, 0, 0, 0, 0, 
394, 1, 394, 372, -1, 115, 89, 65.0, 16, ABplaaappp, 0, 0, 0, 0, , 0, 0, 0, 0, 0, 
395, 1, 395, 373, -1, 190, 60, 88.0, 17, ABarppapaa, 0, 0, 0, 0, , 0, 0, 0, 0, 0, 
396, 1, 396, 374, -1, 220, 52, 99.0, 18, ABarppapap, 0, 0, 0, 0, , 0, 0, 0, 0, 0, 
397, 1, 397, 375, -1, 229, 67, 198.0, 15, ABarppppap, 0, 0, 0, 0, , 0, 0, 0, 0, 0, 
398, 1, 398, 376, -1, 265, 62, 105.0, 15, ABplappapa, 0, 0, 0, 0, , 0, 0, 0, 0, 0, 
399, 1, 399, 377, -1, 264, 68, 196.0, 13, ABprappapa, 0, 0, 0, 0, , 0, 0, 0, 0, 0, 
400, 1, 400, 378, -1, 314, 92, 98.0, 17, ABarppappa, 0, 0, 0, 0, , 0, 0, 0, 0, 0, 
401, 1, 401, 379, -1, 300, 84, 190.0, 14, ABarpppppa, 0, 0, 0, 0, , 0, 0, 0, 0, 0, 
402, 1, 402, 380, -1, 300, 135, 85.0, 14, ABplapapaa, 0, 0, 0, 0, , 0, 0, 0, 0, 0, 
403, 1, 403, 381, -1, 303, 138, 185.0, 13, ABprapapaa, 0, 0, 0, 0, , 0, 0, 0, 0, 0, 
404, 1, 404, 382, -1, 265, 151, 183.0, 15, ABarpppppp, 0, 0, 0, 0, , 0, 0, 0, 0, 0, 
405, 1, 405, 383, -1, 227, 175, 115.0, 15, ABplappppp, 0, 0, 0, 0, , 0, 0, 0, 0, 0, 
406, 0, 406, -1, -1, 227, 168, 172.0, 10, , 0, 0, 0, 0, , 0, 0, 0, 0, 0, 
407, 0, 407, -1, -1, 228, 168, 175.0, 10, , 0, 0, 0, 0, , 0, 0, 0, 0, 0, 
408, 1, 408, 387, -1, 90, 134, 190.0, 13, ABarpapppa, 0, 0, 0, 0, , 0, 0, 0, 0, 0, 
409, 1, 409, 388, -1, 110, 97, 201.0, 14, ABarpapppp, 0, 0, 0, 0, , 0, 0, 0, 0, 0, 
410, 1, 410, 389, -1, 265, 143, 82.0, 17, ABarppappp, 0, 0, 0, 0, , 0, 0, 0, 0, 0, 
411, 1, 411, 390, -1, 147, 85, 206.0, 16, ABarpppaap, 0, 0, 0, 0, , 0, 0, 0, 0, 0, 
412, 0, 412, -1, -1, 163, 82, 94.0, 14, , 0, 0, 0, 0, , 0, 0, 0, 0, 0, 
413, 0, 413, -1, -1, 189, 78, 201.0, 14, , 0, 0, 0, 0, , 0, 0, 0, 0, 0, 
414, 0, 414, -1, -1, 226, 166, 173.0, 10, , 0, 0, 0, 0, , 0, 0, 0, 0, 0, 
415, 0, 415, -1, -1, 227, 168, 173.0, 10, , 0, 0, 0, 0, , 0, 0, 0, 0, 0, 
416, 0, 416, -1, -1, 227, 164, 178.0, 10, , 0, 0, 0, 0, , 0, 0, 0, 0, 0, 
417, 0, 417, -1, -1, 71, 136, 88.0, 13, , 0, 0, 0, 0, , 0, 0, 0, 0, 0, 
418, 0, 418, -1, -1, 106, 77, 83.0, 12, , 0, 0, 0, 0, , 0, 0, 0, 0, 0, 
419, 0, 419, -1, -1, 105, 132, 105.0, 12, , 0, 0, 0, 0, , 0, 0, 0, 0, 0, 
420, 0, 420, -1, -1, 79, 117, 102.333336, 14, , 0, 0, 0, 0, , 0, 0, 0, 0, 0, 
421, 0, 421, -1, -1, 71, 135, 88.0, 13, , 0, 0, 0, 0, , 0, 0, 0, 0, 0, 
422, 1, 422, 401, -1, 242, 52, 154.0, 15, Earpa, 0, 0, 0, 0, , 0, 0, 0, 0, 0, 
423, 1, 423, 402, -1, 221, 43, 133.0, 15, Ealaad, 0, 0, 0, 0, , 0, 0, 0, 0, 0, 
424, 1, 424, 403, -1, 230, 69, 120.0, 17, Ealaav, 0, 0, 0, 0, , 0, 0, 0, 0, 0, 
425, 1, 425, 404, -1, 262, 77, 151.5, 16, Ealap, 0, 0, 0, 0, , 0, 0, 0, 0, 0, 
426, 1, 426, 405, -1, 238, 74, 146.0, 15, Ealpa, 0, 0, 0, 0, , 0, 0, 0, 0, 0, 
427, 1, 427, 406, -1, 320, 96, 128.0, 15, Ealpp, 0, 0, 0, 0, , 0, 0, 0, 0, 0, 
428, 1, 428, 407, -1, 224, 49, 170.33333, 15, Earaad, 0, 0, 0, 0, , 0, 0, 0, 0, 0, 
429, 1, 429, 408, -1, 218, 78, 160.5, 15, Earaav, 0, 0, 0, 0, , 0, 0, 0, 0, 0, 
430, 1, 430, 409, -1, 258, 56, 143.0, 15, Earap, 0, 0, 0, 0, , 0, 0, 0, 0, 0, 
431, 1, 431, 410, -1, 314, 79, 148.0, 15, Earpp, 0, 0, 0, 0, , 0, 0, 0, 0, 0, 
432, 1, 432, 411, -1, 291, 80, 133.5, 14, Eplaa, 0, 0, 0, 0, , 0, 0, 0, 0, 0, 
433, 1, 433, 412, -1, 320, 125, 131.66667, 15, Eplap, 0, 0, 0, 0, , 0, 0, 0, 0, 0, 
434, 1, 434, 413, -1, 302, 148, 127.0, 17, Eplpa, 0, 0, 0, 0, , 0, 0, 0, 0, 0, 
435, 1, 435, 414, -1, 262, 165, 122.0, 15, Eplppa, 0, 0, 0, 0, , 0, 0, 0, 0, 0, 
436, 1, 436, 415, -1, 277, 153, 124.5, 15, Eplppp, 0, 0, 0, 0, , 0, 0, 0, 0, 0, 
437, 1, 437, 416, -1, 288, 66, 150.0, 15, Epraa, 0, 0, 0, 0, , 0, 0, 0, 0, 0, 
438, 1, 438, 417, -1, 321, 111, 146.0, 16, Eprap, 0, 0, 0, 0, , 0, 0, 0, 0, 0, 
439, 1, 439, 418, -1, 305, 136, 146.66667, 14, Eprpa, 0, 0, 0, 0, , 0, 0, 0, 0, 0, 
440, 1, 440, 419, -1, 264, 157, 144.0, 13, Eprppa, 0, 0, 0, 0, , 0, 0, 0, 0, 0, 
441, 1, 441, 420, -1, 286, 152, 142.0, 17, Eprppp, 0, 0, 0, 0, , 0, 0, 0, 0, 0, 
442, 1, 442, 421, -1, 105, 88, 112.0, 11, MSaaaaaal, 0, 0, 0, 0, , 0, 0, 0, 0, 0, 
443, 1, 443, 422, -1, 104, 93, 157.0, 11, MSaaaaaar, 0, 0, 0, 0, , 0, 0, 0, 0, 0, 
444, 0, 444, -1, -1, 133, 62, 125.0, 14, , 0, 0, 0, 0, , 0, 0, 0, 0, 0, 
445, 1, 445, 424, -1, 121, 66, 143.0, 13, MSaaaaapaa, 0, 0, 0, 0, , 0, 0, 0, 0, 0, 
446, 1, 446, 425, -1, 159, 42, 144.0, 11, MSaaaapaa, 0, 0, 0, 0, , 0, 0, 0, 0, 0, 
447, 1, 447, 426, -1, 153, 48, 133.0, 12, MSaaaapap, 0, 0, 0, 0, , 0, 0, 0, 0, 0, 
448, 0, 449, -1, -1, 144, 72, 110.0, 11, , 0, 0, 0, 0, , 0, 0, 0, 0, 0, 
449, 1, 450, 428, -1, 182, 45, 124.0, 9, MSaaapapa, 0, 0, 0, 0, , 0, 0, 0, 0, 0, 
450, 1, 451, 429, -1, 199, 72, 137.0, 11, MSaaapapp, 0, 0, 0, 0, , 0, 0, 0, 0, 0, 
451, 0, 452, -1, -1, 225, 58, 130.0, 11, , 0, 0, 0, 0, , 0, 0, 0, 0, 0, 
452, 1, 453, 431, -1, 209, 42, 152.5, 11, MSaaappp, 0, 0, 0, 0, , 0, 0, 0, 0, 0, 
453, 1, 454, 432, -1, 182, 98, 117.5, 10, MSaapaaap, 0, 0, 0, 0, , 0, 0, 0, 0, 0, 
454, 1, 455, 433, -1, 161, 96, 127.0, 11, MSaapaaaa, 0, 0, 0, 0, , 0, 0, 0, 0, 0, 
455, 1, 456, 434, -1, 192, 73, 113.0, 10, MSaapaapp, 0, 0, 0, 0, , 0, 0, 0, 0, 0, 
456, 0, 457, -1, -1, 214, 73, 132.0, 10, , 0, 0, 0, 0, , 0, 0, 0, 0, 0, 
457, 1, 458, 436, -1, 116, 96, 96.5, 14, MSapaaaad, 0, 0, 0, 0, , 0, 0, 0, 0, 0, 
458, 1, 459, 437, -1, 141, 127, 100.0, 12, MSapaaaav, 0, 0, 0, 0, , 0, 0, 0, 0, 0, 
459, 1, 461, 438, -1, 283, 133, 153.5, 15, MSapaapp, 0, 0, 0, 0, , 0, 0, 0, 0, 0, 
460, 1, 462, 439, -1, 136, 107, 89.0, 16, MSapapap, 0, 0, 0, 0, , 0, 0, 0, 0, 0, 
461, 1, 463, 440, -1, 112, 62, 103.0, 16, MSapappa, 0, 0, 0, 0, , 0, 0, 0, 0, 0, 
462, 0, 464, -1, -1, 84, 74, 110.0, 14, , 0, 0, 0, 0, , 0, 0, 0, 0, 0, 
463, 0, 465, -1, -1, 138, 52, 104.0, 14, , 0, 0, 0, 0, , 0, 0, 0, 0, 0, 
464, 1, 466, 443, -1, 102, 56, 116.666664, 14, MSappppa, 0, 0, 0, 0, , 0, 0, 0, 0, 0, 
465, 1, 467, 444, -1, 124, 44, 127.0, 14, MSappppp, 0, 0, 0, 0, , 0, 0, 0, 0, 0, 
466, 1, 468, 445, -1, 137, 54, 138.0, 15, MSpaaaaaa, 0, 0, 0, 0, , 0, 0, 0, 0, 0, 
467, 0, 469, -1, -1, 145, 50, 154.0, 15, , 0, 0, 0, 0, , 0, 0, 0, 0, 0, 
468, 1, 470, 447, -1, 116, 77, 157.5, 15, MSpaaaapa, 0, 0, 0, 0, , 0, 0, 0, 0, 0, 
469, 1, 471, 448, -1, 129, 65, 156.5, 15, MSpaaaapp, 0, 0, 0, 0, , 0, 0, 0, 0, 0, 
470, 1, 472, 449, -1, 170, 44, 134.0, 13, MSpaaapaa, 0, 0, 0, 0, , 0, 0, 0, 0, 0, 
471, 1, 473, 450, -1, 191, 45, 142.0, 13, MSpaaapap, 0, 0, 0, 0, , 0, 0, 0, 0, 0, 
472, 0, 474, -1, -1, 152, 61, 157.0, 13, , 0, 0, 0, 0, , 0, 0, 0, 0, 0, 
473, 1, 475, 452, -1, 142, 51, 153.5, 15, MSpaaappa, 0, 0, 0, 0, , 0, 0, 0, 0, 0, 
474, 1, 476, 453, -1, 167, 40, 152.0, 15, MSpaaappp, 0, 0, 0, 0, , 0, 0, 0, 0, 0, 
475, 1, 477, 454, -1, 152, 63, 167.0, 15, ABaraappapp, 0, 0, 0, 0, , 0, 0, 0, 0, 0, 
476, 1, 478, 455, -1, 178, 55, 167.5, 15, MSpaapapa, 0, 0, 0, 0, , 0, 0, 0, 0, 0, 
477, 1, 479, 456, -1, 221, 52, 191.0, 15, Caaaaa, 0, 0, 0, 0, , 0, 0, 0, 0, 0, 
478, 1, 480, 457, -1, 280, 62, 186.0, 16, Caaaap, 0, 0, 0, 0, , 0, 0, 0, 0, 0, 
479, 1, 481, 458, -1, 321, 92, 178.5, 17, Caaapa, 0, 0, 0, 0, , 0, 0, 0, 0, 0, 
480, 1, 482, 459, -1, 321, 138, 173.0, 17, Caaapp, 0, 0, 0, 0, , 0, 0, 0, 0, 0, 
481, 1, 483, 460, -1, 189, 168, 171.0, 13, Caapaa, 0, 0, 0, 0, , 0, 0, 0, 0, 0, 
482, 1, 484, 461, -1, 251, 173, 169.5, 16, Caappd, 0, 0, 0, 0, , 0, 0, 0, 0, 0, 
483, 1, 485, 462, -1, 212, 182, 153.66667, 15, Caappv, 0, 0, 0, 0, , 0, 0, 0, 0, 0, 
484, 1, 486, 463, -1, 219, 88, 103.0, 16, Capaaaa, 0, 0, 0, 0, , 0, 0, 0, 0, 0, 
485, 1, 487, 464, -1, 254, 82, 104.0, 17, Capaaap, 0, 0, 0, 0, , 0, 0, 0, 0, 0, 
486, 1, 488, 465, -1, 283, 91, 106.333336, 15, Capaapa, 0, 0, 0, 0, , 0, 0, 0, 0, 0, 
487, 1, 489, 466, -1, 275, 145, 103.0, 15, Capaapp, 0, 0, 0, 0, , 0, 0, 0, 0, 0, 
488, 1, 490, 467, -1, 303, 64, 117.0, 15, Capapaa, 0, 0, 0, 0, , 0, 0, 0, 0, 0, 
489, 1, 491, 468, -1, 336, 118, 111.0, 15, Capapap, 0, 0, 0, 0, , 0, 0, 0, 0, 0, 
490, 1, 492, 469, -1, 258, 131, 104.0, 15, Capappa, 0, 0, 0, 0, , 0, 0, 0, 0, 0, 
491, 0, 493, -1, -1, 217, 150, 133.5, 14, , 0, 0, 0, 0, , 0, 0, 0, 0, 0, 
492, 1, 494, 471, -1, 263, 43, 121.0, 17, Cappaaa, 0, 0, 0, 0, , 0, 0, 0, 0, 0, 
493, 1, 495, 472, -1, 319, 70, 126.0, 17, Cappaap, 0, 0, 0, 0, , 0, 0, 0, 0, 0, 
494, 1, 496, 473, -1, 302, 162, 106.0, 14, Cappapa, 0, 0, 0, 0, , 0, 0, 0, 0, 0, 
495, 1, 497, 474, -1, 258, 172, 109.5, 14, Cappapp, 0, 0, 0, 0, , 0, 0, 0, 0, 0, 
496, 1, 498, 475, -1, 331, 148, 116.0, 16, Capppaa, 0, 0, 0, 0, , 0, 0, 0, 0, 0, 
497, 1, 499, 476, -1, 297, 171, 120.333336, 15, Capppap, 0, 0, 0, 0, , 0, 0, 0, 0, 0, 
498, 0, 500, -1, -1, 202, 172, 151.0, 14, , 0, 0, 0, 0, , 0, 0, 0, 0, 0, 
499, 0, 501, -1, -1, 189, 168, 147.0, 15, , 0, 0, 0, 0, , 0, 0, 0, 0, 0, 
500, 1, 502, 479, -1, 197, 41, 99.0, 17, Cpaaaa, 0, 0, 0, 0, , 0, 0, 0, 0, 0, 
501, 1, 503, 480, -1, 248, 44, 110.0, 19, Cpaaap, 0, 0, 0, 0, , 0, 0, 0, 0, 0, 
502, 1, 504, 481, -1, 297, 70, 103.5, 17, Cpaapa, 0, 0, 0, 0, , 0, 0, 0, 0, 0, 
503, 1, 505, 482, -1, 324, 111, 100.0, 17, Cpaapp, 0, 0, 0, 0, , 0, 0, 0, 0, 0, 
504, 1, 506, 483, -1, 280, 161, 176.5, 15, Cpapaa, 0, 0, 0, 0, , 0, 0, 0, 0, 0, 
505, 1, 507, 484, -1, 303, 150, 92.5, 15, Cpapap, 0, 0, 0, 0, , 0, 0, 0, 0, 0, 
506, 1, 508, 485, -1, 257, 174, 100.0, 15, Cpappd, 0, 0, 0, 0, , 0, 0, 0, 0, 0, 
507, 1, 509, 486, -1, 198, 179, 124.0, 15, Cpappv, 0, 0, 0, 0, , 0, 0, 0, 0, 0, 
508, 1, 510, 487, -1, 216, 99, 179.0, 14, Cppaaaa, 0, 0, 0, 0, , 0, 0, 0, 0, 0, 
509, 1, 511, 488, -1, 246, 93, 182.5, 13, Cppaaap, 0, 0, 0, 0, , 0, 0, 0, 0, 0, 
510, 1, 512, 489, -1, 279, 94, 176.0, 13, Cppaapa, 0, 0, 0, 0, , 0, 0, 0, 0, 0, 
511, 1, 513, 490, -1, 290, 129, 177.5, 13, Cppaapp, 0, 0, 0, 0, , 0, 0, 0, 0, 0, 
512, 1, 514, 491, -1, 295, 60, 176.0, 13, Cppapaa, 0, 0, 0, 0, , 0, 0, 0, 0, 0, 
513, 1, 515, 492, -1, 335, 101, 166.0, 15, Cppapap, 0, 0, 0, 0, , 0, 0, 0, 0, 0, 
514, 1, 516, 493, -1, 258, 133, 177.0, 13, Cppappa, 0, 0, 0, 0, , 0, 0, 0, 0, 0, 
515, 1, 517, 494, -1, 242, 132, 171.0, 13, Cppappp, 0, 0, 0, 0, , 0, 0, 0, 0, 0, 
516, 1, 518, 495, -1, 241, 45, 182.0, 15, Cpppaaa, 0, 0, 0, 0, , 0, 0, 0, 0, 0, 
517, 1, 519, 496, -1, 299, 55, 166.0, 15, Cpppaap, 0, 0, 0, 0, , 0, 0, 0, 0, 0, 
518, 1, 520, 497, -1, 317, 154, 162.66667, 14, Cpppapa, 0, 0, 0, 0, , 0, 0, 0, 0, 0, 
519, 1, 521, 498, -1, 279, 173, 165.33333, 14, Cpppapp, 0, 0, 0, 0, , 0, 0, 0, 0, 0, 
520, 1, 522, 499, -1, 337, 136, 150.0, 15, Cppppaa, 0, 0, 0, 0, , 0, 0, 0, 0, 0, 
521, 1, 523, 500, -1, 311, 165, 145.5, 15, Cppppap, 0, 0, 0, 0, , 0, 0, 0, 0, 0, 
522, 1, 524, 501, -1, 258, 178, 146.0, 14, Cpppppd, 0, 0, 0, 0, , 0, 0, 0, 0, 0, 
523, 1, 525, 502, -1, 203, 163, 167.0, 14, Cpppppv, 0, 0, 0, 0, , 0, 0, 0, 0, 0, 
524, 1, 526, 503, -1, 184, 113, 88.5, 14, Daaaa, 0, 0, 0, 0, , 0, 0, 0, 0, 0, 
525, 1, 527, 504, -1, 166, 39, 115.0, 15, Daaap, 0, 0, 0, 0, , 0, 0, 0, 0, 0, 
526, 1, 528, 505, -1, 159, 138, 90.5, 14, Daapa, 0, 0, 0, 0, , 0, 0, 0, 0, 0, 
527, 1, 529, 506, -1, 176, 134, 92.0, 14, Daapp, 0, 0, 0, 0, , 0, 0, 0, 0, 0, 
528, 1, 530, 507, -1, 201, 99, 100.0, 16, Dapaa, 0, 0, 0, 0, , 0, 0, 0, 0, 0, 
529, 1, 531, 508, -1, 206, 35, 119.0, 16, Dapap, 0, 0, 0, 0, , 0, 0, 0, 0, 0, 
530, 1, 532, 509, -1, 150, 35, 128.0, 12, Dappaa, 0, 0, 0, 0, , 0, 0, 0, 0, 0, 
531, 1, 533, 510, -1, 191, 32, 131.0, 14, Dappap, 0, 0, 0, 0, , 0, 0, 0, 0, 0, 
532, 1, 534, 511, -1, 230, 35, 133.0, 12, Dapppa, 0, 0, 0, 0, , 0, 0, 0, 0, 0, 
533, 1, 535, 512, -1, 263, 39, 138.0, 14, Dapppp, 0, 0, 0, 0, , 0, 0, 0, 0, 0, 
534, 0, 536, -1, -1, 180, 120, 175.5, 15, , 0, 0, 0, 0, , 0, 0, 0, 0, 0, 
535, 1, 537, 514, -1, 156, 52, 181.66667, 14, Dpaap, 0, 0, 0, 0, , 0, 0, 0, 0, 0, 
536, 1, 538, 515, -1, 157, 136, 186.5, 12, Dpapa, 0, 0, 0, 0, , 0, 0, 0, 0, 0, 
537, 1, 539, 516, -1, 173, 141, 173.0, 12, Dpapp, 0, 0, 0, 0, , 0, 0, 0, 0, 0, 
538, 1, 540, 517, -1, 193, 103, 181.0, 14, Dppaa, 0, 0, 0, 0, , 0, 0, 0, 0, 0, 
539, 1, 541, 518, -1, 194, 46, 181.5, 16, Dppap, 0, 0, 0, 0, , 0, 0, 0, 0, 0, 
540, 1, 542, 519, -1, 138, 45, 169.0, 14, Dpppaa, 0, 0, 0, 0, , 0, 0, 0, 0, 0, 
541, 1, 543, 520, -1, 179, 40, 168.0, 14, Dpppap, 0, 0, 0, 0, , 0, 0, 0, 0, 0, 
542, 1, 544, 521, -1, 210, 34, 169.0, 15, Dppppa, 0, 0, 0, 0, , 0, 0, 0, 0, 0, 
543, 1, 545, 522, -1, 244, 40, 170.5, 15, Dppppp, 0, 0, 0, 0, , 0, 0, 0, 0, 0, 
544, 1, 546, 523, -1, 294, 115, 168.66667, 18, Z2, 0, 0, 0, 0, , 0, 0, 0, 0, 0, 
545, 1, 547, 524, -1, 290, 123, 117.0, 20, Z3, 0, 0, 0, 0, , 0, 0, 0, 0, 0, 
546, 1, 548, 525, -1, 130, 61, 122.0, 14, MSaaaaapp, 0, 0, 0, 0, , 0, 0, 0, 0, 0, 
547, 1, 549, 526, -1, 129, 62, 127.333336, 13, MSaaaaapap, 0, 0, 0, 0, , 0, 0, 0, 0, 0, 
548, 1, 550, 527, -1, 180, 53, 145.5, 11, MSaaaappp, 0, 0, 0, 0, , 0, 0, 0, 0, 0, 
549, 0, 551, -1, -1, 114, 87, 124.0, 14, , 0, 0, 0, 0, , 0, 0, 0, 0, 0, 
550, 1, 552, 529, -1, 142, 75, 106.0, 11, MSaaapaap, 0, 0, 0, 0, , 0, 0, 0, 0, 0, 
551, 1, 553, 530, -1, 199, 87, 120.0, 12, MSaapapaa, 0, 0, 0, 0, , 0, 0, 0, 0, 0, 
552, 1, 554, 531, -1, 200, 90, 157.0, 10, MSpapapaa, 0, 0, 0, 0, , 0, 0, 0, 0, 0, 
553, 1, 555, 532, -1, 115, 51, 157.0, 14, MSpppppp, 0, 0, 0, 0, , 0, 0, 0, 0, 0, 
554, 0, 556, -1, -1, 215, 169, 133.0, 14, , 0, 0, 0, 0, , 0, 0, 0, 0, 0, 
555, 1, 557, 534, -1, 300, 115, 189.0, 13, ABprappapp, 0, 0, 0, 0, , 0, 0, 0, 0, 0, 
556, 1, 558, 535, -1, 241, 85, 195.0, 13, ABprappaaa, 0, 0, 0, 0, , 0, 0, 0, 0, 0, 
557, 1, 559, 536, -1, 129, 136, 182.0, 12, ABprpaaaaaa, 0, 0, 0, 0, , 0, 0, 0, 0, 0, 
558, 1, 560, 537, -1, 175, 64, 109.5, 11, MSaapappa, 0, 0, 0, 0, , 0, 0, 0, 0, 0, 
559, 1, 561, 538, -1, 183, 85, 106.0, 12, MSaapaapaa, 0, 0, 0, 0, , 0, 0, 0, 0, 0, 
560, 1, 562, 539, -1, 192, 76, 104.0, 12, MSaapaapap, 0, 0, 0, 0, , 0, 0, 0, 0, 0, 
561, 1, 563, 540, -1, 218, 71, 127.0, 13, MSaappap, 0, 0, 0, 0, , 0, 0, 0, 0, 0, 
562, 0, 564, -1, -1, 211, 76, 138.0, 10, , 0, 0, 0, 0, , 0, 0, 0, 0, 0, 
563, 0, 565, -1, -1, 202, 111, 121.0, 14, , 0, 0, 0, 0, , 0, 0, 0, 0, 0, 
564, 0, 566, -1, -1, 196, 112, 143.0, 12, , 0, 0, 0, 0, , 0, 0, 0, 0, 0, 
565, 0, 567, -1, -1, 226, 94, 128.0, 13, , 0, 0, 0, 0, , 0, 0, 0, 0, 0, 
566, 1, 568, 545, -1, 251, 89, 117.0, 15, MSaappppp, 0, 0, 0, 0, , 0, 0, 0, 0, 0, 
567, 1, 569, 546, -1, 205, 71, 105.0, 12, MSapapaaa, 0, 0, 0, 0, , 0, 0, 0, 0, 0, 
568, 1, 570, 547, -1, 227, 72, 104.0, 12, MSapapaap, 0, 0, 0, 0, , 0, 0, 0, 0, 0, 
569, 1, 571, 548, -1, 120, 51, 137.0, 16, MSappaaa, 0, 0, 0, 0, , 0, 0, 0, 0, 0, 
570, 0, 572, -1, -1, 297, 111, 96.0, 16, , 0, 0, 0, 0, , 0, 0, 0, 0, 0, 
571, 0, 573, -1, -1, 154, 131, 107.0, 15, , 0, 0, 0, 0, , 0, 0, 0, 0, 0, 
572, 1, 574, 551, -1, 168, 121, 94.0, 14, MSapppaa, 0, 0, 0, 0, , 0, 0, 0, 0, 0, 
573, 1, 575, 552, -1, 165, 106, 147.0, 14, MSpapaaaa, 0, 0, 0, 0, , 0, 0, 0, 0, 0, 
574, 1, 576, 553, -1, 183, 102, 158.0, 14, MSpapaaap, 0, 0, 0, 0, , 0, 0, 0, 0, 0, 
575, 1, 577, 554, -1, 183, 93, 164.0, 12, MSpapaapaa, 0, 0, 0, 0, , 0, 0, 0, 0, 0, 
576, 1, 578, 555, -1, 195, 87, 173.0, 14, MSpapaapap, 0, 0, 0, 0, , 0, 0, 0, 0, 0, 
577, 1, 579, 556, -1, 191, 74, 168.0, 14, MSpapaapp, 0, 0, 0, 0, , 0, 0, 0, 0, 0, 
578, 1, 580, 557, -1, 172, 73, 175.0, 14, MSpapappa, 0, 0, 0, 0, , 0, 0, 0, 0, 0, 
579, 0, 581, -1, -1, 194, 134, 142.0, 15, , 0, 0, 0, 0, , 0, 0, 0, 0, 0, 
580, 1, 582, 559, -1, 277, 98, 122.0, 14, MSpappaa, 0, 0, 0, 0, , 0, 0, 0, 0, 0, 
581, 1, 583, 560, -1, 279, 98, 162.0, 14, MSpappap, 0, 0, 0, 0, , 0, 0, 0, 0, 0, 
582, 1, 584, 561, -1, 194, 128, 174.5, 12, MSpapppaa, 0, 0, 0, 0, , 0, 0, 0, 0, 0, 
583, 1, 585, 562, -1, 200, 105, 162.0, 14, MSpapppap, 0, 0, 0, 0, , 0, 0, 0, 0, 0, 
584, 1, 586, 563, -1, 222, 99, 168.0, 13, MSpappppa, 0, 0, 0, 0, , 0, 0, 0, 0, 0, 
585, 1, 587, 564, -1, 256, 94, 175.0, 13, MSpappppp, 0, 0, 0, 0, , 0, 0, 0, 0, 0, 
586, 1, 588, 565, -1, 104, 89, 171.0, 13, MSppaaap, 0, 0, 0, 0, , 0, 0, 0, 0, 0, 
587, 1, 589, 566, -1, 118, 109, 169.0, 12, MSppaaaad, 0, 0, 0, 0, , 0, 0, 0, 0, 0, 
588, 1, 590, 567, -1, 140, 138, 159.0, 12, MSppaaaav, 0, 0, 0, 0, , 0, 0, 0, 0, 0, 
589, 1, 591, 568, -1, 268, 140, 142.5, 14, MSppaapp, 0, 0, 0, 0, , 0, 0, 0, 0, 0, 
590, 1, 592, 569, -1, 192, 78, 183.5, 14, MSppapaaa, 0, 0, 0, 0, , 0, 0, 0, 0, 0, 
591, 1, 593, 570, -1, 216, 85, 182.0, 12, MSppapaap, 0, 0, 0, 0, , 0, 0, 0, 0, 0, 
592, 0, 594, -1, -1, 132, 136, 175.5, 14, , 0, 0, 0, 0, , 0, 0, 0, 0, 0, 
593, 1, 595, 572, -1, 138, 144, 171.5, 14, MSppapap, 0, 0, 0, 0, , 0, 0, 0, 0, 0, 
594, 1, 596, 573, -1, 117, 74, 175.0, 15, MSppappa, 0, 0, 0, 0, , 0, 0, 0, 0, 0, 
595, 1, 597, 574, -1, 77, 81, 156.5, 15, MSppappp, 0, 0, 0, 0, , 0, 0, 0, 0, 0, 
596, 1, 598, 575, -1, 105, 64, 147.5, 14, MSpppaaa, 0, 0, 0, 0, , 0, 0, 0, 0, 0, 
597, 1, 599, 576, -1, 310, 113, 173.5, 14, MSpppaap, 0, 0, 0, 0, , 0, 0, 0, 0, 0, 
598, 0, 600, -1, -1, 151, 133, 172.0, 15, , 0, 0, 0, 0, , 0, 0, 0, 0, 0, 
599, 0, 601, -1, -1, 154, 113, 176.0, 14, , 0, 0, 0, 0, , 0, 0, 0, 0, 0, 
600, 1, 602, 579, -1, 128, 58, 177.0, 13, MSppppap, 0, 0, 0, 0, , 0, 0, 0, 0, 0, 
601, 1, 603, 580, -1, 94, 63, 156.5, 14, MSpppppa, 0, 0, 0, 0, , 0, 0, 0, 0, 0, 
602, 0, 604, -1, -1, 71, 134, 88.0, 13, , 0, 0, 0, 0, , 0, 0, 0, 0, 0, 
603, 0, 605, -1, -1, 71, 136, 89.0, 13, , 0, 0, 0, 0, , 0, 0, 0, 0, 0, 
604, 0, 606, -1, -1, 83, 134, 112.0, 14, , 0, 0, 0, 0, , 0, 0, 0, 0, 0, 
605, 1, 607, 584, -1, 86, 114, 154.0, 12, ABalaaaarrp, 0, 0, 0, 0, , 0, 0, 0, 0, 0, 
606, 1, 608, 585, -1, 98, 139, 85.0, 12, ABalaaapall, 0, 0, 0, 0, , 0, 0, 0, 0, 0, 
607, 1, 609, 586, -1, 102, 78, 82.0, 14, ABalaaapalr, 0, 0, 0, 0, , 0, 0, 0, 0, 0, 
608, 1, 610, 587, -1, 54, 114, 115.0, 12, ABalaaaparr, 0, 0, 0, 0, , 0, 0, 0, 0, 0, 
609, 0, 611, -1, -1, 67, 131, 147.0, 12, , 0, 0, 0, 0, , 0, 0, 0, 0, 0, 
610, 1, 612, 589, -1, 69, 120, 157.0, 12, ABalaaappll, 0, 0, 0, 0, , 0, 0, 0, 0, 0, 
611, 0, 613, -1, -1, 67, 131, 147.0, 12, , 0, 0, 0, 0, , 0, 0, 0, 0, 0, 
612, 1, 614, 590, -1, 96, 144, 164.0, 12, ABalaaapprr, 0, 0, 0, 0, , 0, 0, 0, 0, 0, 
613, 0, 615, -1, -1, 93, 97, 180.0, 12, , 0, 0, 0, 0, , 0, 0, 0, 0, 0, 
614, 0, 616, -1, -1, 88, 131, 164.0, 13, , 0, 0, 0, 0, , 0, 0, 0, 0, 0, 
615, 0, 617, -1, -1, 124, 164, 153.5, 12, , 0, 0, 0, 0, , 0, 0, 0, 0, 0, 
616, 0, 618, -1, -1, 140, 148, 190.0, 12, , 0, 0, 0, 0, , 0, 0, 0, 0, 0, 
617, 0, 619, -1, -1, 107, 153, 178.0, 13, , 0, 0, 0, 0, , 0, 0, 0, 0, 0, 
618, 1, 620, 596, -1, 130, 127, 189.0, 13, ABalaapppaa, 0, 0, 0, 0, , 0, 0, 0, 0, 0, 
619, 1, 621, 597, -1, 104, 136, 162.0, 10, ABalaappppaa, 0, 0, 0, 0, , 0, 0, 0, 0, 0, 
620, 1, 622, 598, -1, 107, 121, 180.0, 12, ABalaappppap, 0, 0, 0, 0, , 0, 0, 0, 0, 0, 
621, 0, 623, -1, -1, 90, 115, 158.5, 13, , 0, 0, 0, 0, , 0, 0, 0, 0, 0, 
622, 1, 624, 600, -1, 105, 106, 73.0, 11, ABalapaaaaa, 0, 0, 0, 0, , 0, 0, 0, 0, 0, 
623, 1, 625, 601, -1, 109, 85, 80.0, 11, ABalapaaaap, 0, 0, 0, 0, , 0, 0, 0, 0, 0, 
624, 1, 626, 602, -1, 105, 76, 96.0, 11, MSapaaap, 0, 0, 0, 0, , 0, 0, 0, 0, 0, 
625, 0, 627, -1, -1, 125, 58, 95.0, 14, , 0, 0, 0, 0, , 0, 0, 0, 0, 0, 
626, 1, 628, 604, -1, 93, 94, 79.0, 14, ABalapaaapp, 0, 0, 0, 0, , 0, 0, 0, 0, 0, 
627, 0, 629, -1, -1, 123, 111, 79.0, 13, , 0, 0, 0, 0, , 0, 0, 0, 0, 0, 
628, 1, 630, 606, -1, 104, 113, 91.0, 13, ABalapaappp, 0, 0, 0, 0, , 0, 0, 0, 0, 0, 
629, 0, 631, -1, -1, 84, 74, 123.0, 13, , 0, 0, 0, 0, , 0, 0, 0, 0, 0, 
630, 1, 632, 608, -1, 102, 61, 127.0, 13, ABalapapapap, 0, 0, 0, 0, , 0, 0, 0, 0, 0, 
631, 1, 633, 609, -1, 79, 85, 120.0, 15, ABalapapapp, 0, 0, 0, 0, , 0, 0, 0, 0, 0, 
632, 1, 634, 610, -1, 85, 104, 106.0, 12, ABalapappaaa, 0, 0, 0, 0, , 0, 0, 0, 0, 0, 
633, 1, 635, 611, -1, 72, 100, 134.0, 13, ABarpaaaaar, 0, 0, 0, 0, , 0, 0, 0, 0, 0, 
634, 1, 636, 612, -1, 99, 88, 96.0, 12, ABalapappaap, 0, 0, 0, 0, , 0, 0, 0, 0, 0, 
635, 1, 637, 613, -1, 67, 102, 110.0, 14, ABalapappap, 0, 0, 0, 0, , 0, 0, 0, 0, 0, 
636, 0, 638, -1, -1, 86, 90, 88.5, 14, , 0, 0, 0, 0, , 0, 0, 0, 0, 0, 
637, 1, 639, 615, -1, 124, 73, 88.0, 14, ABalapapppa, 0, 0, 0, 0, , 0, 0, 0, 0, 0, 
638, 0, 640, -1, -1, 53, 101, 127.0, 13, , 0, 0, 0, 0, , 0, 0, 0, 0, 0, 
639, 0, 641, -1, -1, 113, 76, 184.0, 12, , 0, 0, 0, 0, , 0, 0, 0, 0, 0, 
640, 1, 642, 618, -1, 115, 76, 181.0, 12, ABalappappa, 0, 0, 0, 0, , 0, 0, 0, 0, 0, 
641, 1, 643, 619, -1, 133, 52, 110.5, 14, MSapppap, 0, 0, 0, 0, , 0, 0, 0, 0, 0, 
642, 0, 644, -1, -1, 113, 64, 183.0, 12, , 0, 0, 0, 0, , 0, 0, 0, 0, 0, 
643, 1, 645, 621, -1, 92, 86, 131.0, 14, ABalapppaaa, 0, 0, 0, 0, , 0, 0, 0, 0, 0, 
644, 1, 646, 622, -1, 85, 105, 137.0, 13, ABalapppaap, 0, 0, 0, 0, , 0, 0, 0, 0, 0, 
645, 1, 647, 623, -1, 78, 75, 135.0, 13, ABalapppapaa, 0, 0, 0, 0, , 0, 0, 0, 0, 0, 
646, 1, 648, 624, -1, 97, 61, 138.0, 13, ABalapppapap, 0, 0, 0, 0, , 0, 0, 0, 0, 0, 
647, 0, 649, -1, -1, 79, 95, 149.0, 10, , 0, 0, 0, 0, , 0, 0, 0, 0, 0, 
648, 0, 650, -1, -1, 77, 112, 143.0, 10, , 0, 0, 0, 0, , 0, 0, 0, 0, 0, 
649, 0, 651, -1, -1, 80, 94, 144.5, 13, , 0, 0, 0, 0, , 0, 0, 0, 0, 0, 
650, 0, 652, -1, -1, 80, 94, 151.0, 13, , 0, 0, 0, 0, , 0, 0, 0, 0, 0, 
651, 1, 653, 629, -1, 74, 104, 177.0, 12, ABalapppppp, 0, 0, 0, 0, , 0, 0, 0, 0, 0, 
652, 1, 654, 630, -1, 109, 127, 122.0, 12, ABalpaaaaaa, 0, 0, 0, 0, , 0, 0, 0, 0, 0, 
653, 1, 655, 631, -1, 138, 120, 117.5, 12, ABalpaaaaap, 0, 0, 0, 0, , 0, 0, 0, 0, 0, 
654, 0, 656, -1, -1, 111, 130, 140.0, 13, , 0, 0, 0, 0, , 0, 0, 0, 0, 0, 
655, 1, 657, 633, -1, 125, 104, 113.5, 12, ABalpaaapaa, 0, 0, 0, 0, , 0, 0, 0, 0, 0, 
656, 1, 658, 634, -1, 149, 90, 112.0, 12, ABalpaaappp, 0, 0, 0, 0, , 0, 0, 0, 0, 0, 
657, 1, 659, 635, -1, 91, 126, 115.0, 13, ABalpaapaaa, 0, 0, 0, 0, , 0, 0, 0, 0, 0, 
658, 1, 660, 636, -1, 103, 114, 120.5, 14, ABalpaapaap, 0, 0, 0, 0, , 0, 0, 0, 0, 0, 
659, 1, 661, 637, -1, 126, 75, 113.0, 14, ABalpaapapa, 0, 0, 0, 0, , 0, 0, 0, 0, 0, 
660, 1, 662, 638, -1, 132, 89, 104.0, 15, ABalpaapapp, 0, 0, 0, 0, , 0, 0, 0, 0, 0, 
661, 1, 663, 639, -1, 83, 134, 111.5, 12, ABalpaappaa, 0, 0, 0, 0, , 0, 0, 0, 0, 0, 
662, 1, 664, 640, -1, 95, 145, 113.0, 13, ABalpaappap, 0, 0, 0, 0, , 0, 0, 0, 0, 0, 
663, 0, 665, -1, -1, 79, 115, 97.0, 14, , 0, 0, 0, 0, , 0, 0, 0, 0, 0, 
664, 0, 666, -1, -1, 107, 135, 106.0, 14, , 0, 0, 0, 0, , 0, 0, 0, 0, 0, 
665, 0, 667, -1, -1, 86, 166, 129.0, 15, , 0, 0, 0, 0, , 0, 0, 0, 0, 0, 
666, 0, 668, -1, -1, 103, 136, 154.0, 13, , 0, 0, 0, 0, , 0, 0, 0, 0, 0, 
667, 0, 669, -1, -1, 147, 139, 118.5, 13, , 0, 0, 0, 0, , 0, 0, 0, 0, 0, 
668, 1, 670, 646, -1, 155, 170, 114.0, 12, ABalpapapapa, 0, 0, 0, 0, , 0, 0, 0, 0, 0, 
669, 1, 671, 647, -1, 169, 162, 118.0, 12, ABalpapapapp, 0, 0, 0, 0, , 0, 0, 0, 0, 0, 
670, 0, 672, -1, -1, 195, 134, 134.0, 13, , 0, 0, 0, 0, , 0, 0, 0, 0, 0, 
671, 0, 673, -1, -1, 126, 126, 120.0, 13, , 0, 0, 0, 0, , 0, 0, 0, 0, 0, 
672, 0, 674, -1, -1, 126, 131, 141.0, 15, , 0, 0, 0, 0, , 0, 0, 0, 0, 0, 
673, 0, 675, -1, -1, 191, 96, 138.0, 12, , 0, 0, 0, 0, , 0, 0, 0, 0, 0, 
674, 1, 676, 652, -1, 148, 92, 101.0, 13, ABalpapppaa, 0, 0, 0, 0, , 0, 0, 0, 0, 0, 
675, 1, 677, 653, -1, 153, 113, 136.0, 15, ABalpappppa, 0, 0, 0, 0, , 0, 0, 0, 0, 0, 
676, 1, 678, 654, -1, 150, 109, 116.0, 14, ABalpappppp, 0, 0, 0, 0, , 0, 0, 0, 0, 0, 
677, 0, 679, -1, -1, 108, 146, 94.0, 12, , 0, 0, 0, 0, , 0, 0, 0, 0, 0, 
678, 0, 680, -1, -1, 108, 146, 94.0, 12, , 0, 0, 0, 0, , 0, 0, 0, 0, 0, 
679, 0, 681, -1, -1, 108, 171, 138.0, 11, , 0, 0, 0, 0, , 0, 0, 0, 0, 0, 
680, 0, 682, -1, -1, 107, 134, 103.0, 13, , 0, 0, 0, 0, , 0, 0, 0, 0, 0, 
681, 0, 683, -1, -1, 105, 129, 104.0, 13, , 0, 0, 0, 0, , 0, 0, 0, 0, 0, 
682, 0, 684, -1, -1, 105, 128, 103.5, 12, , 0, 0, 0, 0, , 0, 0, 0, 0, 0, 
683, 1, 685, 661, -1, 105, 134, 106.0, 13, ABalpapaaaa, 0, 0, 0, 0, , 0, 0, 0, 0, 0, 
684, 1, 686, 662, -1, 115, 156, 116.0, 12, ABalppapaap, 0, 0, 0, 0, , 0, 0, 0, 0, 0, 
685, 0, 687, -1, -1, 144, 153, 113.0, 12, , 0, 0, 0, 0, , 0, 0, 0, 0, 0, 
686, 0, 688, -1, -1, 92, 168, 111.0, 13, , 0, 0, 0, 0, , 0, 0, 0, 0, 0, 
687, 0, 689, -1, -1, 124, 110, 79.0, 13, , 0, 0, 0, 0, , 0, 0, 0, 0, 0, 
688, 0, 690, -1, -1, 133, 127, 81.0, 13, , 0, 0, 0, 0, , 0, 0, 0, 0, 0, 
689, 1, 691, 667, -1, 124, 111, 81.0, 13, ABalppappaa, 0, 0, 0, 0, , 0, 0, 0, 0, 0, 
690, 0, 692, -1, -1, 124, 129, 88.5, 12, , 0, 0, 0, 0, , 0, 0, 0, 0, 0, 
691, 1, 693, 669, -1, 122, 149, 108.0, 13, ABalppapppaa, 0, 0, 0, 0, , 0, 0, 0, 0, 0, 
692, 0, 694, -1, -1, 134, 158, 125.0, 13, , 0, 0, 0, 0, , 0, 0, 0, 0, 0, 
693, 1, 695, 671, -1, 114, 143, 102.0, 13, ABalppapppp, 0, 0, 0, 0, , 0, 0, 0, 0, 0, 
694, 0, 696, -1, -1, 139, 146, 64.0, 13, , 0, 0, 0, 0, , 0, 0, 0, 0, 0, 
695, 0, 697, -1, -1, 97, 111, 84.0, 13, , 0, 0, 0, 0, , 0, 0, 0, 0, 0, 
696, 1, 698, 674, -1, 149, 132, 66.0, 13, ABalpppaaaa, 0, 0, 0, 0, , 0, 0, 0, 0, 0, 
697, 1, 699, 675, -1, 137, 145, 67.5, 12, ABalpppapad, 0, 0, 0, 0, , 0, 0, 0, 0, 0, 
698, 1, 700, 676, -1, 149, 122, 77.0, 12, ABalpppapav, 0, 0, 0, 0, , 0, 0, 0, 0, 0, 
699, 1, 701, 677, -1, 106, 105, 70.5, 12, ABalpppapppa, 0, 0, 0, 0, , 0, 0, 0, 0, 0, 
700, 1, 702, 678, -1, 142, 85, 92.0, 15, ABalppppaad, 0, 0, 0, 0, , 0, 0, 0, 0, 0, 
701, 0, 703, -1, -1, 99, 110, 81.0, 15, , 0, 0, 0, 0, , 0, 0, 0, 0, 0, 
702, 0, 704, -1, -1, 95, 126, 95.0, 13, , 0, 0, 0, 0, , 0, 0, 0, 0, 0, 
703, 1, 705, 681, -1, 145, 110, 81.5, 13, ABalpppppaa, 0, 0, 0, 0, , 0, 0, 0, 0, 0, 
704, 1, 706, 682, -1, 154, 96, 81.0, 13, ABalpppppap, 0, 0, 0, 0, , 0, 0, 0, 0, 0, 
705, 1, 707, 683, -1, 162, 83, 79.0, 15, ABalppppppaa, 0, 0, 0, 0, , 0, 0, 0, 0, 0, 
706, 1, 708, 684, -1, 154, 95, 63.0, 13, ABalpppppppa, 0, 0, 0, 0, , 0, 0, 0, 0, 0, 
707, 1, 709, 685, -1, 152, 114, 58.0, 15, ABalpppppppp, 0, 0, 0, 0, , 0, 0, 0, 0, 0, 
708, 1, 710, 686, -1, 104, 132, 113.0, 13, ABaraaaaaaa, 0, 0, 0, 0, , 0, 0, 0, 0, 0, 
709, 1, 711, 687, -1, 115, 113, 112.0, 12, ABaraaaaaap, 0, 0, 0, 0, , 0, 0, 0, 0, 0, 
710, 1, 712, 688, -1, 103, 135, 142.0, 13, ABaraaaaapa, 0, 0, 0, 0, , 0, 0, 0, 0, 0, 
711, 1, 713, 689, -1, 116, 118, 154.0, 13, ABaraaaaapp, 0, 0, 0, 0, , 0, 0, 0, 0, 0, 
712, 0, 714, -1, -1, 99, 116, 131.0, 14, , 0, 0, 0, 0, , 0, 0, 0, 0, 0, 
713, 1, 715, 691, -1, 90, 130, 143.5, 14, ABaraaapaaa, 0, 0, 0, 0, , 0, 0, 0, 0, 0, 
714, 1, 716, 692, -1, 104, 116, 148.0, 11, ABaraaapaap, 0, 0, 0, 0, , 0, 0, 0, 0, 0, 
715, 1, 717, 693, -1, 129, 82, 163.0, 13, ABaraaapapa, 0, 0, 0, 0, , 0, 0, 0, 0, 0, 
716, 1, 718, 694, -1, 147, 94, 169.0, 14, ABaraaapapp, 0, 0, 0, 0, , 0, 0, 0, 0, 0, 
717, 1, 719, 695, -1, 74, 122, 129.0, 13, ABaraaappaa, 0, 0, 0, 0, , 0, 0, 0, 0, 0, 
718, 1, 720, 696, -1, 98, 148, 136.0, 12, ABaraaappap, 0, 0, 0, 0, , 0, 0, 0, 0, 0, 
719, 1, 721, 697, -1, 80, 136, 136.0, 12, ABaraaapppa, 0, 0, 0, 0, , 0, 0, 0, 0, 0, 
720, 1, 722, 698, -1, 95, 118, 136.0, 14, ABaraaaapap, 0, 0, 0, 0, , 0, 0, 0, 0, 0, 
721, 0, 723, -1, -1, 99, 116, 131.0, 12, , 0, 0, 0, 0, , 0, 0, 0, 0, 0, 
722, 1, 724, 700, -1, 98, 118, 128.0, 12, ABaraapaaaa, 0, 0, 0, 0, , 0, 0, 0, 0, 0, 
723, 0, 725, -1, -1, 106, 98, 125.0, 14, , 0, 0, 0, 0, , 0, 0, 0, 0, 0, 
724, 1, 726, 702, -1, 114, 88, 126.5, 12, ABaraapaapa, 0, 0, 0, 0, , 0, 0, 0, 0, 0, 
725, 1, 727, 703, -1, 149, 54, 117.0, 14, ABaraapaapp, 0, 0, 0, 0, , 0, 0, 0, 0, 0, 
726, 1, 728, 704, -1, 154, 70, 109.0, 13, ABaraapapaad, 0, 0, 0, 0, , 0, 0, 0, 0, 0, 
727, 1, 729, 705, -1, 156, 81, 117.0, 13, ABaraapapaav, 0, 0, 0, 0, , 0, 0, 0, 0, 0, 
728, 1, 730, 706, -1, 160, 58, 110.0, 13, ABaraapapap, 0, 0, 0, 0, , 0, 0, 0, 0, 0, 
729, 1, 731, 707, -1, 168, 77, 106.5, 13, ABaraapappa, 0, 0, 0, 0, , 0, 0, 0, 0, 0, 
730, 1, 732, 708, -1, 169, 91, 113.0, 14, ABaraapappp, 0, 0, 0, 0, , 0, 0, 0, 0, 0, 
731, 1, 733, 709, -1, 105, 84, 136.0, 15, ABaraappaaa, 0, 0, 0, 0, , 0, 0, 0, 0, 0, 
732, 1, 734, 710, -1, 105, 104, 143.5, 14, ABaraappaap, 0, 0, 0, 0, , 0, 0, 0, 0, 0, 
733, 1, 735, 711, -1, 111, 91, 148.0, 13, ABaraappapa, 0, 0, 0, 0, , 0, 0, 0, 0, 0, 
734, 1, 736, 712, -1, 163, 58, 162.0, 15, MSpaapaaa, 0, 0, 0, 0, , 0, 0, 0, 0, 0, 
735, 1, 737, 713, -1, 153, 84, 174.5, 14, ABaraapppaad, 0, 0, 0, 0, , 0, 0, 0, 0, 0, 
736, 1, 738, 714, -1, 157, 91, 158.0, 13, ABaraapppaav, 0, 0, 0, 0, , 0, 0, 0, 0, 0, 
737, 1, 739, 715, -1, 155, 71, 177.5, 15, ABaraapppap, 0, 0, 0, 0, , 0, 0, 0, 0, 0, 
738, 1, 740, 716, -1, 168, 85, 177.0, 12, ABaraappppa, 0, 0, 0, 0, , 0, 0, 0, 0, 0, 
739, 1, 741, 717, -1, 168, 98, 160.0, 12, ABaraappppp, 0, 0, 0, 0, , 0, 0, 0, 0, 0, 
740, 1, 742, 718, -1, 112, 130, 143.0, 11, ABarapaaaaa, 0, 0, 0, 0, , 0, 0, 0, 0, 0, 
741, 1, 743, 719, -1, 140, 126, 148.0, 14, ABarapaaaap, 0, 0, 0, 0, , 0, 0, 0, 0, 0, 
742, 1, 744, 720, -1, 125, 130, 143.5, 11, ABarapaaapa, 0, 0, 0, 0, , 0, 0, 0, 0, 0, 
743, 1, 745, 721, -1, 115, 132, 129.0, 15, ABalpappapa, 0, 0, 0, 0, , 0, 0, 0, 0, 0, 
744, 1, 746, 722, -1, 125, 110, 156.0, 13, ABarapaapaa, 0, 0, 0, 0, , 0, 0, 0, 0, 0, 
745, 1, 747, 723, -1, 141, 81, 173.0, 13, ABarapaapap, 0, 0, 0, 0, , 0, 0, 0, 0, 0, 
746, 1, 748, 724, -1, 131, 97, 167.0, 12, ABarapaappa, 0, 0, 0, 0, , 0, 0, 0, 0, 0, 
747, 1, 749, 725, -1, 154, 108, 162.0, 12, ABarapaappp, 0, 0, 0, 0, , 0, 0, 0, 0, 0, 
748, 1, 750, 726, -1, 131, 124, 158.0, 13, ABarapapaapa, 0, 0, 0, 0, , 0, 0, 0, 0, 0, 
749, 1, 751, 727, -1, 142, 121, 167.0, 13, ABarapapaapp, 0, 0, 0, 0, , 0, 0, 0, 0, 0, 
750, 1, 752, 728, -1, 106, 144, 123.0, 12, ABarapapapa, 0, 0, 0, 0, , 0, 0, 0, 0, 0, 
751, 0, 753, -1, -1, 190, 96, 138.0, 14, , 0, 0, 0, 0, , 0, 0, 0, 0, 0, 
752, 0, 754, -1, -1, 191, 96, 138.0, 14, , 0, 0, 0, 0, , 0, 0, 0, 0, 0, 
753, 1, 755, 731, -1, 196, 86, 138.0, 14, ABalpappapp, 0, 0, 0, 0, , 0, 0, 0, 0, 0, 
754, 1, 756, 732, -1, 192, 96, 139.0, 12, ABarapapapp, 0, 0, 0, 0, , 0, 0, 0, 0, 0, 
755, 1, 757, 733, -1, 141, 110, 165.0, 12, ABarapappaa, 0, 0, 0, 0, , 0, 0, 0, 0, 0, 
756, 1, 758, 734, -1, 179, 102, 132.0, 15, ABarapapppa, 0, 0, 0, 0, , 0, 0, 0, 0, 0, 
757, 1, 759, 735, -1, 145, 113, 152.0, 13, ABarapapppp, 0, 0, 0, 0, , 0, 0, 0, 0, 0, 
758, 1, 760, 736, -1, 95, 156, 127.5, 13, ABalpapaapa, 0, 0, 0, 0, , 0, 0, 0, 0, 0, 
759, 1, 761, 737, -1, 102, 137, 155.0, 13, ABarappaaaa, 0, 0, 0, 0, , 0, 0, 0, 0, 0, 
760, 0, 762, -1, -1, 150, 142, 135.0, 13, , 0, 0, 0, 0, , 0, 0, 0, 0, 0, 
761, 1, 763, 739, -1, 154, 165, 127.0, 11, ABarappapapa, 0, 0, 0, 0, , 0, 0, 0, 0, 0, 
762, 1, 764, 740, -1, 166, 162, 142.0, 13, ABarappapapp, 0, 0, 0, 0, , 0, 0, 0, 0, 0, 
763, 1, 765, 741, -1, 208, 61, 162.0, 13, MSpapappp, 0, 0, 0, 0, , 0, 0, 0, 0, 0, 
764, 0, 766, -1, -1, 195, 135, 141.0, 13, , 0, 0, 0, 0, , 0, 0, 0, 0, 0, 
765, 0, 767, -1, -1, 184, 149, 161.0, 13, , 0, 0, 0, 0, , 0, 0, 0, 0, 0, 
766, 1, 768, 744, -1, 115, 134, 184.0, 10, ABarapppaaa, 0, 0, 0, 0, , 0, 0, 0, 0, 0, 
767, 0, 769, -1, -1, 124, 163, 132.5, 11, , 0, 0, 0, 0, , 0, 0, 0, 0, 0, 
768, 1, 770, 746, -1, 119, 164, 136.0, 13, ABarapppaap, 0, 0, 0, 0, , 0, 0, 0, 0, 0, 
769, 0, 771, -1, -1, 123, 164, 132.0, 11, , 0, 0, 0, 0, , 0, 0, 0, 0, 0, 
770, 1, 772, 748, -1, 143, 156, 135.0, 12, ABarapppapa, 0, 0, 0, 0, , 0, 0, 0, 0, 0, 
771, 1, 773, 749, -1, 109, 171, 139.0, 12, ABarapppapp, 0, 0, 0, 0, , 0, 0, 0, 0, 0, 
772, 1, 774, 750, -1, 119, 116, 183.0, 13, ABarappppaa, 0, 0, 0, 0, , 0, 0, 0, 0, 0, 
773, 1, 775, 751, -1, 115, 136, 167.0, 13, ABarappppap, 0, 0, 0, 0, , 0, 0, 0, 0, 0, 
774, 1, 776, 752, -1, 118, 151, 140.0, 13, ABarapppppaa, 0, 0, 0, 0, , 0, 0, 0, 0, 0, 
775, 1, 777, 753, -1, 131, 157, 140.0, 13, ABarapppppap, 0, 0, 0, 0, , 0, 0, 0, 0, 0, 
776, 0, 778, -1, -1, 106, 163, 151.0, 11, , 0, 0, 0, 0, , 0, 0, 0, 0, 0, 
777, 1, 779, 755, -1, 68, 105, 124.0, 12, ABarpaaaaal, 0, 0, 0, 0, , 0, 0, 0, 0, 0, 
778, 1, 780, 756, -1, 82, 105, 116.0, 14, ABarpaaaapa, 0, 0, 0, 0, , 0, 0, 0, 0, 0, 
779, 1, 781, 757, -1, 76, 85, 100.0, 12, ABarpaaaapp, 0, 0, 0, 0, , 0, 0, 0, 0, 0, 
780, 0, 782, -1, -1, 77, 110, 141.0, 12, , 0, 0, 0, 0, , 0, 0, 0, 0, 0, 
781, 0, 783, -1, -1, 77, 109, 147.0, 10, , 0, 0, 0, 0, , 0, 0, 0, 0, 0, 
782, 0, 784, -1, -1, 78, 109, 143.5, 12, , 0, 0, 0, 0, , 0, 0, 0, 0, 0, 
783, 1, 785, 761, -1, 69, 100, 168.0, 15, ABarpaaapap, 0, 0, 0, 0, , 0, 0, 0, 0, 0, 
784, 1, 786, 762, -1, 53, 113, 144.0, 14, ABarpaapaa, 0, 0, 0, 0, , 0, 0, 0, 0, 0, 
785, 1, 787, 763, -1, 78, 64, 133.0, 15, ABarpaapap, 0, 0, 0, 0, , 0, 0, 0, 0, 0, 
786, 1, 788, 764, -1, 98, 47, 134.0, 14, ABarpaappa, 0, 0, 0, 0, , 0, 0, 0, 0, 0, 
787, 1, 789, 765, -1, 128, 65, 194.0, 13, ABarpaappp, 0, 0, 0, 0, , 0, 0, 0, 0, 0, 
788, 0, 790, -1, -1, 80, 93, 150.0, 13, , 0, 0, 0, 0, , 0, 0, 0, 0, 0, 
789, 1, 791, 767, -1, 80, 84, 148.5, 13, ABalapppapp, 0, 0, 0, 0, , 0, 0, 0, 0, 0, 
790, 1, 792, 768, -1, 81, 95, 147.0, 13, ABarpapaaaa, 0, 0, 0, 0, , 0, 0, 0, 0, 0, 
791, 1, 793, 769, -1, 81, 94, 151.0, 13, ABalappppap, 0, 0, 0, 0, , 0, 0, 0, 0, 0, 
792, 1, 794, 770, -1, 87, 78, 168.0, 13, ABarpapaaap, 0, 0, 0, 0, , 0, 0, 0, 0, 0, 
793, 1, 795, 771, -1, 85, 90, 163.0, 13, ABarpapaappa, 0, 0, 0, 0, , 0, 0, 0, 0, 0, 
794, 1, 796, 772, -1, 97, 78, 160.0, 13, ABarpapaappp, 0, 0, 0, 0, , 0, 0, 0, 0, 0, 
795, 1, 797, 773, -1, 57, 132, 120.0, 15, ABarpapapa, 0, 0, 0, 0, , 0, 0, 0, 0, 0, 
796, 1, 798, 774, -1, 66, 82, 135.0, 15, ABarpapapp, 0, 0, 0, 0, , 0, 0, 0, 0, 0, 
797, 1, 799, 775, -1, 84, 154, 151.5, 14, ABarpappaa, 0, 0, 0, 0, , 0, 0, 0, 0, 0, 
798, 1, 800, 776, -1, 84, 151, 172.0, 14, ABarpappap, 0, 0, 0, 0, , 0, 0, 0, 0, 0, 
799, 1, 801, 777, -1, 137, 65, 91.0, 13, ABarppaaaa, 0, 0, 0, 0, , 0, 0, 0, 0, 0, 
800, 1, 802, 778, -1, 166, 58, 193.0, 12, ABarppaapa, 0, 0, 0, 0, , 0, 0, 0, 0, 0, 
801, 1, 803, 779, -1, 200, 56, 111.0, 16, ABarppaapp, 0, 0, 0, 0, , 0, 0, 0, 0, 0, 
802, 1, 804, 780, -1, 123, 74, 189.5, 14, ABarpppaaa, 0, 0, 0, 0, , 0, 0, 0, 0, 0, 
803, 1, 805, 781, -1, 166, 46, 92.0, 15, ABarpppapa, 0, 0, 0, 0, , 0, 0, 0, 0, 0, 
804, 1, 806, 782, -1, 180, 67, 191.0, 15, ABarpppappa, 0, 0, 0, 0, , 0, 0, 0, 0, 0, 
805, 1, 807, 783, -1, 201, 59, 189.0, 13, ABarpppappp, 0, 0, 0, 0, , 0, 0, 0, 0, 0, 
806, 1, 808, 784, -1, 183, 79, 207.5, 14, ABarppppaa, 0, 0, 0, 0, , 0, 0, 0, 0, 0, 
807, 1, 809, 785, -1, 80, 92, 112.0, 13, ABplaaaaaaa, 0, 0, 0, 0, , 0, 0, 0, 0, 0, 
808, 1, 810, 786, -1, 88, 74, 102.5, 13, ABplaaaaaap, 0, 0, 0, 0, , 0, 0, 0, 0, 0, 
809, 0, 811, -1, -1, 84, 91, 108.0, 12, , 0, 0, 0, 0, , 0, 0, 0, 0, 0, 
810, 1, 812, 787, -1, 94, 87, 105.0, 12, ABplaaaaappa, 0, 0, 0, 0, , 0, 0, 0, 0, 0, 
811, 1, 813, 788, -1, 100, 75, 111.5, 12, ABplaaaaappp, 0, 0, 0, 0, , 0, 0, 0, 0, 0, 
812, 1, 814, 789, -1, 49, 114, 123.0, 15, ABplaaaapa, 0, 0, 0, 0, , 0, 0, 0, 0, 0, 
813, 1, 815, 790, -1, 60, 94, 138.5, 14, ABplaaaapp, 0, 0, 0, 0, , 0, 0, 0, 0, 0, 
814, 1, 816, 791, -1, 87, 151, 98.5, 15, ABplaaapaa, 0, 0, 0, 0, , 0, 0, 0, 0, 0, 
815, 1, 817, 792, -1, 93, 146, 76.0, 15, ABplaaapap, 0, 0, 0, 0, , 0, 0, 0, 0, 0, 
816, 0, 818, -1, -1, 67, 119, 134.0, 13, , 0, 0, 0, 0, , 0, 0, 0, 0, 0, 
817, 1, 819, 794, -1, 63, 128, 111.0, 13, ABplaapaaap, 0, 0, 0, 0, , 0, 0, 0, 0, 0, 
818, 0, 820, -1, -1, 97, 111, 85.0, 12, , 0, 0, 0, 0, , 0, 0, 0, 0, 0, 
819, 0, 821, -1, -1, 94, 126, 98.0, 13, , 0, 0, 0, 0, , 0, 0, 0, 0, 0, 
820, 0, 823, -1, -1, 99, 111, 79.0, 13, , 0, 0, 0, 0, , 0, 0, 0, 0, 0, 
821, 1, 824, 799, -1, 172, 99, 95.0, 15, ABplaapapaa, 0, 0, 0, 0, , 0, 0, 0, 0, 0, 
822, 1, 825, 800, -1, 165, 66, 78.0, 14, ABarppaaap, 0, 0, 0, 0, , 0, 0, 0, 0, 0, 
823, 1, 826, 801, -1, 164, 82, 93.0, 13, ABplaapapap, 0, 0, 0, 0, , 0, 0, 0, 0, 0, 
824, 1, 827, 802, -1, 155, 105, 92.0, 13, ABplaapappa, 0, 0, 0, 0, , 0, 0, 0, 0, 0, 
825, 1, 828, 803, -1, 142, 82, 76.0, 12, ABplaapapppa, 0, 0, 0, 0, , 0, 0, 0, 0, 0, 
826, 1, 829, 804, -1, 114, 166, 104.0, 13, ABalppapapp, 0, 0, 0, 0, , 0, 0, 0, 0, 0, 
827, 1, 830, 805, -1, 94, 169, 113.0, 13, ABplaappaa, 0, 0, 0, 0, , 0, 0, 0, 0, 0, 
828, 1, 831, 806, -1, 139, 176, 109.0, 13, ABplaappap, 0, 0, 0, 0, , 0, 0, 0, 0, 0, 
829, 1, 832, 807, -1, 160, 169, 94.5, 15, ABplaapppa, 0, 0, 0, 0, , 0, 0, 0, 0, 0, 
830, 1, 833, 808, -1, 191, 85, 73.0, 17, ABplaapppp, 0, 0, 0, 0, , 0, 0, 0, 0, 0, 
831, 1, 834, 809, -1, 148, 59, 94.0, 12, ABplapaaaapa, 0, 0, 0, 0, , 0, 0, 0, 0, 0, 
832, 1, 835, 810, -1, 172, 60, 98.0, 12, ABplapaaaapp, 0, 0, 0, 0, , 0, 0, 0, 0, 0, 
833, 1, 836, 811, -1, 175, 73, 87.0, 13, ABplapaaapad, 0, 0, 0, 0, , 0, 0, 0, 0, 0, 
834, 1, 837, 812, -1, 189, 86, 93.0, 13, ABplapaaapav, 0, 0, 0, 0, , 0, 0, 0, 0, 0, 
835, 1, 838, 813, -1, 192, 71, 96.5, 15, ABplapaaapp, 0, 0, 0, 0, , 0, 0, 0, 0, 0, 
836, 1, 839, 814, -1, 190, 144, 106.0, 13, ABplapaapa, 0, 0, 0, 0, , 0, 0, 0, 0, 0, 
837, 1, 840, 815, -1, 214, 75, 90.0, 17, ABplapaapp, 0, 0, 0, 0, , 0, 0, 0, 0, 0, 
838, 1, 841, 816, -1, 277, 129, 87.5, 16, ABplapapap, 0, 0, 0, 0, , 0, 0, 0, 0, 0, 
839, 1, 842, 817, -1, 247, 134, 94.5, 17, ABplapappa, 0, 0, 0, 0, , 0, 0, 0, 0, 0, 
840, 0, 843, -1, -1, 236, 169, 102.0, 14, , 0, 0, 0, 0, , 0, 0, 0, 0, 0, 
841, 1, 844, 819, -1, 244, 72, 96.0, 18, ABplappaaa, 0, 0, 0, 0, , 0, 0, 0, 0, 0, 
842, 1, 845, 820, -1, 285, 83, 100.0, 15, ABplappaap, 0, 0, 0, 0, , 0, 0, 0, 0, 0, 
843, 1, 846, 821, -1, 296, 110, 93.5, 14, ABplappapp, 0, 0, 0, 0, , 0, 0, 0, 0, 0, 
844, 1, 847, 822, -1, 239, 146, 86.0, 14, ABplapppaaa, 0, 0, 0, 0, , 0, 0, 0, 0, 0, 
845, 1, 848, 823, -1, 223, 160, 91.0, 15, ABplapppappa, 0, 0, 0, 0, , 0, 0, 0, 0, 0, 
846, 1, 849, 824, -1, 221, 162, 111.0, 13, ABplapppappp, 0, 0, 0, 0, , 0, 0, 0, 0, 0, 
847, 1, 850, 825, -1, 210, 144, 142.0, 14, ABplappppa, 0, 0, 0, 0, , 0, 0, 0, 0, 0, 
848, 0, 851, -1, -1, 132, 126, 82.0, 13, , 0, 0, 0, 0, , 0, 0, 0, 0, 0, 
849, 1, 852, 827, -1, 166, 125, 69.0, 13, ABplpaaaaap, 0, 0, 0, 0, , 0, 0, 0, 0, 0, 
850, 0, 853, -1, -1, 159, 146, 124.0, 12, , 0, 0, 0, 0, , 0, 0, 0, 0, 0, 
851, 1, 854, 829, -1, 213, 119, 131.0, 12, ABplpaaaapp, 0, 0, 0, 0, , 0, 0, 0, 0, 0, 
852, 1, 855, 830, -1, 112, 159, 94.0, 12, ABplpaaapaa, 0, 0, 0, 0, , 0, 0, 0, 0, 0, 
853, 1, 856, 831, -1, 135, 156, 93.5, 12, ABplpaaapap, 0, 0, 0, 0, , 0, 0, 0, 0, 0, 
854, 1, 857, 832, -1, 122, 144, 76.0, 13, ABplpaaappaa, 0, 0, 0, 0, , 0, 0, 0, 0, 0, 
855, 1, 858, 833, -1, 137, 138, 86.0, 13, ABplpaaappap, 0, 0, 0, 0, , 0, 0, 0, 0, 0, 
856, 1, 859, 834, -1, 127, 155, 77.5, 13, ABplpaaappp, 0, 0, 0, 0, , 0, 0, 0, 0, 0, 
857, 1, 860, 835, -1, 122, 88, 88.0, 12, ABplpaapaaa, 0, 0, 0, 0, , 0, 0, 0, 0, 0, 
858, 0, 861, -1, -1, 166, 97, 68.5, 13, , 0, 0, 0, 0, , 0, 0, 0, 0, 0, 
859, 1, 862, 837, -1, 84, 116, 77.0, 11, ABplpaapapa, 0, 0, 0, 0, , 0, 0, 0, 0, 0, 
860, 1, 863, 838, -1, 142, 169, 94.0, 10, ABplpaapapp, 0, 0, 0, 0, , 0, 0, 0, 0, 0, 
861, 0, 864, -1, -1, 164, 109, 77.0, 13, , 0, 0, 0, 0, , 0, 0, 0, 0, 0, 
862, 0, 865, -1, -1, 172, 92, 73.0, 13, , 0, 0, 0, 0, , 0, 0, 0, 0, 0, 
863, 1, 866, 841, -1, 165, 108, 78.0, 13, ABplpaappaa, 0, 0, 0, 0, , 0, 0, 0, 0, 0, 
864, 0, 867, -1, -1, 161, 107, 74.5, 13, , 0, 0, 0, 0, , 0, 0, 0, 0, 0, 
865, 0, 853, -1, -1, 161, 146, 123.0, 12, , 0, 0, 0, 0, , 0, 0, 0, 0, 0, 
866, 0, 868, -1, -1, 162, 145, 121.0, 12, , 0, 0, 0, 0, , 0, 0, 0, 0, 0, 
867, 1, 869, 1045, -1, 159, 147, 127.0, 12, ABplpaaaapa, 0, 0, 0, 0, , 0, 0, 0, 0, 0, 
868, 1, 870, 846, -1, 157, 129, 104.0, 11, ABplpapaaaa, 0, 0, 0, 0, , 0, 0, 0, 0, 0, 
869, 1, 871, 847, -1, 146, 153, 114.5, 11, ABalppapapa, 0, 0, 0, 0, , 0, 0, 0, 0, 0, 
870, 1, 872, 848, -1, 147, 153, 110.5, 13, ABplpapaapp, 0, 0, 0, 0, , 0, 0, 0, 0, 0, 
871, 0, 873, -1, -1, 175, 124, 109.0, 13, , 0, 0, 0, 0, , 0, 0, 0, 0, 0, 
872, 1, 874, 850, -1, 179, 141, 113.0, 13, ABplpapappa, 0, 0, 0, 0, , 0, 0, 0, 0, 0, 
873, 0, 875, -1, -1, 261, 99, 142.0, 13, , 0, 0, 0, 0, , 0, 0, 0, 0, 0, 
874, 1, 876, 852, -1, 125, 143, 118.0, 13, ABplpappaaa, 0, 0, 0, 0, , 0, 0, 0, 0, 0, 
875, 0, 877, -1, -1, 169, 125, 164.5, 15, , 0, 0, 0, 0, , 0, 0, 0, 0, 0, 
876, 1, 878, 854, -1, 228, 152, 125.0, 13, ABplpapppaa, 0, 0, 0, 0, , 0, 0, 0, 0, 0, 
877, 1, 879, 855, -1, 228, 152, 152.5, 14, ABplpapppap, 0, 0, 0, 0, , 0, 0, 0, 0, 0, 
878, 1, 880, 856, -1, 248, 144, 132.0, 13, ABplpappppa, 0, 0, 0, 0, , 0, 0, 0, 0, 0, 
879, 1, 881, 857, -1, 232, 163, 132.0, 12, ABplpappppp, 0, 0, 0, 0, , 0, 0, 0, 0, 0, 
880, 1, 882, 858, -1, 159, 131, 60.0, 13, ABplppaaaaa, 0, 0, 0, 0, , 0, 0, 0, 0, 0, 
881, 0, 883, -1, -1, 166, 141, 115.0, 10, , 0, 0, 0, 0, , 0, 0, 0, 0, 0, 
882, 0, 884, -1, -1, 199, 134, 121.0, 11, , 0, 0, 0, 0, , 0, 0, 0, 0, 0, 
883, 0, 885, -1, -1, 197, 136, 127.0, 10, , 0, 0, 0, 0, , 0, 0, 0, 0, 0, 
884, 0, 886, -1, -1, 271, 117, 141.0, 13, , 0, 0, 0, 0, , 0, 0, 0, 0, 0, 
885, 1, 887, 863, -1, 198, 129, 108.0, 12, ABplppapaaa, 0, 0, 0, 0, , 0, 0, 0, 0, 0, 
886, 0, 888, -1, -1, 194, 112, 142.5, 14, , 0, 0, 0, 0, , 0, 0, 0, 0, 0, 
887, 1, 889, 865, -1, 225, 93, 131.0, 13, ABplppapapa, 0, 0, 0, 0, , 0, 0, 0, 0, 0, 
888, 1, 890, 866, -1, 258, 92, 140.0, 13, ABplppapapp, 0, 0, 0, 0, , 0, 0, 0, 0, 0, 
889, 1, 891, 867, -1, 247, 97, 142.5, 13, ABplppapppa, 0, 0, 0, 0, , 0, 0, 0, 0, 0, 
890, 1, 892, 868, -1, 261, 129, 148.0, 12, ABplppapppp, 0, 0, 0, 0, , 0, 0, 0, 0, 0, 
891, 0, 893, -1, -1, 239, 128, 132.5, 12, , 0, 0, 0, 0, , 0, 0, 0, 0, 0, 
892, 1, 894, 870, -1, 264, 125, 125.5, 13, ABplpppaaap, 0, 0, 0, 0, , 0, 0, 0, 0, 0, 
893, 1, 895, 871, -1, 236, 152, 103.0, 13, ABplpppaapa, 0, 0, 0, 0, , 0, 0, 0, 0, 0, 
894, 1, 896, 872, -1, 229, 139, 101.0, 12, ABplpppaapp, 0, 0, 0, 0, , 0, 0, 0, 0, 0, 
895, 1, 897, 873, -1, 216, 148, 105.0, 13, ABplpppapaa, 0, 0, 0, 0, , 0, 0, 0, 0, 0, 
896, 1, 898, 874, -1, 190, 175, 158.0, 13, ABplpppapap, 0, 0, 0, 0, , 0, 0, 0, 0, 0, 
897, 1, 899, 875, -1, 242, 143, 120.0, 12, ABplppppaaa, 0, 0, 0, 0, , 0, 0, 0, 0, 0, 
898, 1, 900, 876, -1, 244, 153, 126.0, 13, ABplppppaap, 0, 0, 0, 0, , 0, 0, 0, 0, 0, 
899, 1, 901, 877, -1, 240, 128, 108.0, 14, Capappp, 0, 0, 0, 0, , 0, 0, 0, 0, 0, 
900, 1, 902, 878, -1, 218, 148, 128.0, 13, ABplppppapp, 0, 0, 0, 0, , 0, 0, 0, 0, 0, 
901, 1, 903, 879, -1, 260, 141, 122.0, 13, ABplpppppaa, 0, 0, 0, 0, , 0, 0, 0, 0, 0, 
902, 1, 904, 880, -1, 251, 161, 108.0, 15, ABplpppppap, 0, 0, 0, 0, , 0, 0, 0, 0, 0, 
903, 0, 905, -1, -1, 201, 174, 147.0, 13, , 0, 0, 0, 0, , 0, 0, 0, 0, 0, 
904, 1, 906, 882, -1, 227, 178, 134.0, 13, Cappppd, 0, 0, 0, 0, , 0, 0, 0, 0, 0, 
905, 0, 907, -1, -1, 197, 177, 152.0, 12, , 0, 0, 0, 0, , 0, 0, 0, 0, 0, 
906, 1, 908, 884, -1, 109, 151, 152.0, 13, ABpraaaaaap, 0, 0, 0, 0, , 0, 0, 0, 0, 0, 
907, 1, 909, 885, -1, 124, 150, 184.5, 13, ABpraaaapad, 0, 0, 0, 0, , 0, 0, 0, 0, 0, 
908, 1, 910, 886, -1, 141, 134, 194.0, 13, ABpraaaapav, 0, 0, 0, 0, , 0, 0, 0, 0, 0, 
909, 1, 911, 887, -1, 118, 105, 197.0, 12, ABpraaaapppa, 0, 0, 0, 0, , 0, 0, 0, 0, 0, 
910, 1, 912, 888, -1, 132, 89, 192.0, 13, ABpraaapaad, 0, 0, 0, 0, , 0, 0, 0, 0, 0, 
911, 1, 913, 889, -1, 105, 104, 176.0, 12, ABpraaapapap, 0, 0, 0, 0, , 0, 0, 0, 0, 0, 
912, 1, 914, 890, -1, 87, 114, 166.0, 12, ABpraaapapaa, 0, 0, 0, 0, , 0, 0, 0, 0, 0, 
913, 1, 915, 891, -1, 145, 124, 185.0, 13, ABpraaappaa, 0, 0, 0, 0, , 0, 0, 0, 0, 0, 
914, 1, 916, 892, -1, 140, 112, 190.0, 12, ABpraaappap, 0, 0, 0, 0, , 0, 0, 0, 0, 0, 
915, 1, 917, 893, -1, 156, 100, 195.0, 12, ABpraaapppaa, 0, 0, 0, 0, , 0, 0, 0, 0, 0, 
916, 1, 918, 894, -1, 146, 112, 207.0, 15, ABpraaappppa, 0, 0, 0, 0, , 0, 0, 0, 0, 0, 
917, 1, 919, 895, -1, 153, 124, 206.0, 13, ABpraaappppp, 0, 0, 0, 0, , 0, 0, 0, 0, 0, 
918, 0, 920, -1, -1, 66, 116, 133.0, 15, , 0, 0, 0, 0, , 0, 0, 0, 0, 0, 
919, 0, 921, -1, -1, 65, 117, 133.0, 14, , 0, 0, 0, 0, , 0, 0, 0, 0, 0, 
920, 1, 922, 898, -1, 66, 120, 136.0, 13, ABpraapaaaa, 0, 0, 0, 0, , 0, 0, 0, 0, 0, 
921, 1, 923, 899, -1, 60, 124, 146.0, 13, ABpraapaaap, 0, 0, 0, 0, , 0, 0, 0, 0, 0, 
922, 1, 924, 900, -1, 88, 129, 168.0, 14, ABpraapaapa, 0, 0, 0, 0, , 0, 0, 0, 0, 0, 
923, 1, 925, 901, -1, 95, 116, 188.0, 14, ABpraapaapp, 0, 0, 0, 0, , 0, 0, 0, 0, 0, 
924, 1, 926, 902, -1, 166, 108, 181.0, 12, ABpraapapaa, 0, 0, 0, 0, , 0, 0, 0, 0, 0, 
925, 1, 927, 903, -1, 157, 95, 184.0, 13, ABpraapapap, 0, 0, 0, 0, , 0, 0, 0, 0, 0, 
926, 1, 928, 904, -1, 155, 116, 178.0, 12, ABpraapappa, 0, 0, 0, 0, , 0, 0, 0, 0, 0, 
927, 1, 929, 905, -1, 132, 99, 200.0, 13, ABpraapapppa, 0, 0, 0, 0, , 0, 0, 0, 0, 0, 
928, 1, 930, 906, -1, 146, 88, 195.0, 13, ABpraapapppp, 0, 0, 0, 0, , 0, 0, 0, 0, 0, 
929, 0, 931, -1, -1, 88, 167, 127.5, 15, , 0, 0, 0, 0, , 0, 0, 0, 0, 0, 
930, 1, 932, 908, -1, 117, 175, 119.0, 15, ABalpapaaap, 0, 0, 0, 0, , 0, 0, 0, 0, 0, 
931, 1, 933, 909, -1, 87, 166, 129.5, 12, ABpraappaa, 0, 0, 0, 0, , 0, 0, 0, 0, 0, 
932, 1, 934, 910, -1, 135, 179, 140.0, 18, ABpraappap, 0, 0, 0, 0, , 0, 0, 0, 0, 0, 
933, 1, 935, 911, -1, 166, 165, 160.0, 12, ABpraapppa, 0, 0, 0, 0, , 0, 0, 0, 0, 0, 
934, 1, 936, 912, -1, 187, 102, 201.0, 14, ABpraapppp, 0, 0, 0, 0, , 0, 0, 0, 0, 0, 
935, 1, 937, 913, -1, 139, 76, 192.0, 13, ABprapaaaapa, 0, 0, 0, 0, , 0, 0, 0, 0, 0, 
936, 1, 938, 914, -1, 163, 76, 195.0, 13, ABprapaaaapp, 0, 0, 0, 0, , 0, 0, 0, 0, 0, 
937, 1, 939, 915, -1, 169, 85, 193.0, 13, ABprapaaapad, 0, 0, 0, 0, , 0, 0, 0, 0, 0, 
938, 1, 940, 916, -1, 182, 102, 190.0, 13, ABprapaaapav, 0, 0, 0, 0, , 0, 0, 0, 0, 0, 
939, 1, 941, 917, -1, 184, 84, 192.0, 15, ABprapaaapp, 0, 0, 0, 0, , 0, 0, 0, 0, 0, 
940, 1, 942, 918, -1, 174, 156, 152.0, 13, ABarappappp, 0, 0, 0, 0, , 0, 0, 0, 0, 0, 
941, 0, 943, -1, -1, 185, 148, 159.5, 13, , 0, 0, 0, 0, , 0, 0, 0, 0, 0, 
942, 1, 944, 920, -1, 209, 89, 196.0, 19, ABprapaapp, 0, 0, 0, 0, , 0, 0, 0, 0, 0, 
943, 1, 945, 921, -1, 274, 130, 186.0, 17, ABprapapap, 0, 0, 0, 0, , 0, 0, 0, 0, 0, 
944, 1, 946, 922, -1, 252, 141, 182.5, 15, ABprapappa, 0, 0, 0, 0, , 0, 0, 0, 0, 0, 
945, 1, 947, 923, -1, 237, 174, 168.0, 13, ABprapappppa, 0, 0, 0, 0, , 0, 0, 0, 0, 0, 
946, 0, 948, -1, -1, 241, 160, 174.0, 13, , 0, 0, 0, 0, , 0, 0, 0, 0, 0, 
947, 1, 949, 925, -1, 206, 147, 158.0, 15, ABprappppa, 0, 0, 0, 0, , 0, 0, 0, 0, 0, 
948, 1, 950, 926, -1, 216, 177, 165.0, 16, ABprappppp, 0, 0, 0, 0, , 0, 0, 0, 0, 0, 
949, 1, 951, 927, -1, 225, 166, 177.0, 12, ABprapppappa, 0, 0, 0, 0, , 0, 0, 0, 0, 0, 
950, 1, 952, 928, -1, 228, 166, 161.0, 12, ABprapppappp, 0, 0, 0, 0, , 0, 0, 0, 0, 0, 
951, 1, 953, 929, -1, 156, 135, 191.5, 14, ABprpaaaaap, 0, 0, 0, 0, , 0, 0, 0, 0, 0, 
952, 1, 954, 930, -1, 175, 153, 132.0, 14, ABprpaaaapa, 0, 0, 0, 0, , 0, 0, 0, 0, 0, 
953, 1, 955, 931, -1, 222, 108, 129.0, 12, ABprpaaaapp, 0, 0, 0, 0, , 0, 0, 0, 0, 0, 
954, 1, 956, 932, -1, 118, 155, 149.0, 13, ABarapppppp, 0, 0, 0, 0, , 0, 0, 0, 0, 0, 
955, 1, 957, 933, -1, 105, 162, 150.0, 13, ABprpaaapaa, 0, 0, 0, 0, , 0, 0, 0, 0, 0, 
956, 0, 958, -1, -1, 126, 172, 146.0, 13, , 0, 0, 0, 0, , 0, 0, 0, 0, 0, 
957, 1, 959, 935, -1, 109, 151, 162.0, 13, ABprpaaappaa, 0, 0, 0, 0, , 0, 0, 0, 0, 0, 
958, 1, 960, 936, -1, 122, 146, 172.0, 13, ABprpaaappap, 0, 0, 0, 0, , 0, 0, 0, 0, 0, 
959, 1, 961, 937, -1, 127, 155, 167.0, 13, ABprpaaappp, 0, 0, 0, 0, , 0, 0, 0, 0, 0, 
960, 1, 962, 938, -1, 119, 98, 183.0, 13, ABprpaapaaa, 0, 0, 0, 0, , 0, 0, 0, 0, 0, 
961, 1, 963, 939, -1, 163, 106, 205.0, 13, ABprpaapaap, 0, 0, 0, 0, , 0, 0, 0, 0, 0, 
962, 0, 964, -1, -1, 76, 119, 181.0, 15, , 0, 0, 0, 0, , 0, 0, 0, 0, 0, 
963, 1, 965, 941, -1, 131, 152, 158.0, 11, ABalaapappp, 0, 0, 0, 0, , 0, 0, 0, 0, 0, 
964, 1, 966, 942, -1, 124, 164, 153.5, 13, ABprpaaapap, 0, 0, 0, 0, , 0, 0, 0, 0, 0, 
965, 1, 967, 943, -1, 125, 172, 147.0, 12, ABprpaapapp, 0, 0, 0, 0, , 0, 0, 0, 0, 0, 
966, 1, 968, 944, -1, 159, 120, 190.5, 15, ABprpaappaa, 0, 0, 0, 0, , 0, 0, 0, 0, 0, 
967, 0, 969, -1, -1, 196, 89, 179.37607, 14, , 0, 0, 0, 0, , 0, 0, 0, 0, 0, 
968, 1, 970, 946, -1, 166, 109, 195.0, 13, ABprpaappap, 0, 0, 0, 0, , 0, 0, 0, 0, 0, 
969, 1, 971, 947, -1, 169, 147, 151.5, 13, ABprpaapppa, 0, 0, 0, 0, , 0, 0, 0, 0, 0, 
970, 1, 972, 948, -1, 141, 162, 148.5, 13, ABprpaappppa, 0, 0, 0, 0, , 0, 0, 0, 0, 0, 
971, 1, 973, 949, -1, 155, 167, 153.0, 13, ABprpaappppp, 0, 0, 0, 0, , 0, 0, 0, 0, 0, 
972, 0, 974, -1, -1, 146, 161, 144.0, 13, , 0, 0, 0, 0, , 0, 0, 0, 0, 0, 
973, 1, 975, 951, -1, 165, 134, 145.5, 13, ABprpapaaap, 0, 0, 0, 0, , 0, 0, 0, 0, 0, 
974, 0, 976, -1, -1, 153, 151, 145.0, 13, , 0, 0, 0, 0, , 0, 0, 0, 0, 0, 
975, 1, 977, 953, -1, 150, 139, 149.0, 13, ABprpapaaaa, 0, 0, 0, 0, , 0, 0, 0, 0, 0, 
976, 0, 978, -1, -1, 146, 161, 144.0, 12, , 0, 0, 0, 0, , 0, 0, 0, 0, 0, 
977, 1, 979, 955, -1, 184, 117, 167.0, 13, ABprpapapaa, 0, 0, 0, 0, , 0, 0, 0, 0, 0, 
978, 1, 980, 956, -1, 176, 128, 152.0, 12, ABprpapapap, 0, 0, 0, 0, , 0, 0, 0, 0, 0, 
979, 0, 981, -1, -1, 186, 148, 157.0, 12, , 0, 0, 0, 0, , 0, 0, 0, 0, 0, 
980, 0, 982, -1, -1, 180, 141, 147.5, 12, , 0, 0, 0, 0, , 0, 0, 0, 0, 0, 
981, 1, 983, 959, -1, 236, 121, 136.0, 13, ABplpppaaaa, 0, 0, 0, 0, , 0, 0, 0, 0, 0, 
982, 1, 984, 960, -1, 239, 128, 131.0, 12, ABprpapappp, 0, 0, 0, 0, , 0, 0, 0, 0, 0, 
983, 1, 985, 961, -1, 133, 158, 127.0, 13, ABprpappaaa, 0, 0, 0, 0, , 0, 0, 0, 0, 0, 
984, 1, 986, 962, -1, 154, 132, 128.0, 13, ABprpappaap, 0, 0, 0, 0, , 0, 0, 0, 0, 0, 
985, 1, 987, 963, -1, 170, 124, 164.0, 13, ABprpappapa, 0, 0, 0, 0, , 0, 0, 0, 0, 0, 
986, 1, 988, 964, -1, 239, 101, 134.0, 13, ABprpappapp, 0, 0, 0, 0, , 0, 0, 0, 0, 0, 
987, 1, 989, 965, -1, 136, 145, 129.0, 13, ABprpapppaa, 0, 0, 0, 0, , 0, 0, 0, 0, 0, 
988, 1, 990, 966, -1, 207, 123, 153.0, 14, ABprpapppap, 0, 0, 0, 0, , 0, 0, 0, 0, 0, 
989, 0, 991, -1, -1, 241, 149, 156.0, 12, , 0, 0, 0, 0, , 0, 0, 0, 0, 0, 
990, 0, 992, -1, -1, 244, 156, 128.0, 14, , 0, 0, 0, 0, , 0, 0, 0, 0, 0, 
991, 1, 993, 968, -1, 246, 167, 125.0, 14, ABprpappppp, 0, 0, 0, 0, , 0, 0, 0, 0, 0, 
992, 1, 994, 969, -1, 156, 149, 191.0, 12, ABprppaaaaa, 0, 0, 0, 0, , 0, 0, 0, 0, 0, 
993, 1, 995, 970, -1, 185, 113, 194.5, 12, ABprppaaaapp, 0, 0, 0, 0, , 0, 0, 0, 0, 0, 
994, 1, 996, 971, -1, 175, 128, 193.0, 13, ABprppaapap, 0, 0, 0, 0, , 0, 0, 0, 0, 0, 
995, 0, 997, -1, -1, 178, 142, 143.0, 12, , 0, 0, 0, 0, , 0, 0, 0, 0, 0, 
996, 1, 998, 973, -1, 252, 119, 145.0, 12, ABprppaappp, 0, 0, 0, 0, , 0, 0, 0, 0, 0, 
997, 1, 999, 974, -1, 196, 133, 156.0, 12, ABprppapaaa, 0, 0, 0, 0, , 0, 0, 0, 0, 0, 
998, 1, 1000, 975, -1, 212, 97, 145.0, 12, ABprppapaap, 0, 0, 0, 0, , 0, 0, 0, 0, 0, 
999, 1, 1001, 976, -1, 233, 94, 143.0, 13, ABprppapapa, 0, 0, 0, 0, , 0, 0, 0, 0, 0, 
1000, 1, 1002, 977, -1, 284, 102, 141.0, 11, ABprppapapp, 0, 0, 0, 0, , 0, 0, 0, 0, 0, 
1001, 1, 1003, 978, -1, 217, 109, 153.5, 13, ABprppappaa, 0, 0, 0, 0, , 0, 0, 0, 0, 0, 
1002, 1, 1004, 979, -1, 224, 98, 147.0, 12, ABprppappap, 0, 0, 0, 0, , 0, 0, 0, 0, 0, 
1003, 1, 1005, 980, -1, 273, 101, 141.0, 10, ABprppapppa, 0, 0, 0, 0, , 0, 0, 0, 0, 0, 
1004, 1, 1006, 981, -1, 247, 132, 144.0, 10, ABprppapppp, 0, 0, 0, 0, , 0, 0, 0, 0, 0, 
1005, 1, 1007, 982, -1, 238, 122, 151.5, 12, ABprpppaaaa, 0, 0, 0, 0, , 0, 0, 0, 0, 0, 
1006, 0, 1008, -1, -1, 260, 128, 151.5, 12, , 0, 0, 0, 0, , 0, 0, 0, 0, 0, 
1007, 1, 1009, 984, -1, 258, 129, 156.0, 12, ABprpppaaap, 0, 0, 0, 0, , 0, 0, 0, 0, 0, 
1008, 0, 1011, -1, -1, 239, 158, 176.5, 13, , 0, 0, 0, 0, , 0, 0, 0, 0, 0, 
1009, 1, 1012, 986, -1, 240, 158, 172.0, 12, ABprpppaapa, 0, 0, 0, 0, , 0, 0, 0, 0, 0, 
1010, 1, 1013, 987, -1, 238, 147, 175.5, 12, ABprpppaapp, 0, 0, 0, 0, , 0, 0, 0, 0, 0, 
1011, 1, 1014, 988, -1, 219, 156, 174.0, 12, ABprpppapaa, 0, 0, 0, 0, , 0, 0, 0, 0, 0, 
1012, 1, 1015, 989, -1, 208, 156, 117.0, 15, Cappppv, 0, 0, 0, 0, , 0, 0, 0, 0, 0, 
1013, 1, 1016, 990, -1, 189, 167, 141.0, 14, ABprpppapap, 0, 0, 0, 0, , 0, 0, 0, 0, 0, 
1014, 1, 1017, 991, -1, 241, 149, 154.0, 13, ABprppppaaa, 0, 0, 0, 0, , 0, 0, 0, 0, 0, 
1015, 0, 1018, -1, -1, 245, 158, 143.5, 12, , 0, 0, 0, 0, , 0, 0, 0, 0, 0, 
1016, 1, 1019, 993, -1, 242, 172, 138.0, 12, ABprpappppa, 0, 0, 0, 0, , 0, 0, 0, 0, 0, 
1017, 1, 1020, 994, -1, 245, 159, 144.5, 12, ABprppppaap, 0, 0, 0, 0, , 0, 0, 0, 0, 0, 
1018, 1, 1021, 995, -1, 221, 142, 160.0, 13, ABprppppapa, 0, 0, 0, 0, , 0, 0, 0, 0, 0, 
1019, 1, 1022, 996, -1, 215, 161, 149.0, 13, ABprppppapp, 0, 0, 0, 0, , 0, 0, 0, 0, 0, 
1020, 1, 1023, 997, -1, 273, 130, 169.0, 15, ABprpppppaa, 0, 0, 0, 0, , 0, 0, 0, 0, 0, 
1021, 1, 1024, 998, -1, 254, 150, 160.0, 15, ABprpppppap, 0, 0, 0, 0, , 0, 0, 0, 0, 0, 
1022, 0, 1025, -1, -1, 212, 171, 136.0, 13, , 0, 0, 0, 0, , 0, 0, 0, 0, 0, 
1023, 1, 1026, 1000, -1, 213, 171, 134.0, 13, ABplppppppa, 0, 0, 0, 0, , 0, 0, 0, 0, 0, 
1024, 1, 1027, 1001, -1, 203, 173, 145.0, 13, ABprppppppa, 0, 0, 0, 0, , 0, 0, 0, 0, 0, 
1025, 1, 1028, 1002, -1, 211, 176, 125.0, 14, ABplppppppp, 0, 0, 0, 0, , 0, 0, 0, 0, 0, 
1026, 1, 1029, 1003, -1, 198, 175, 150.0, 13, ABprppppppp, 0, 0, 0, 0, , 0, 0, 0, 0, 0, 
1027, 0, 1030, -1, -1, 71, 134, 87.0, 13, , 0, 0, 0, 0, , 0, 0, 0, 0, 0, 
1028, 0, 1031, -1, -1, 70, 136, 88.5, 13, , 0, 0, 0, 0, , 0, 0, 0, 0, 0, 
1029, 1, 1032, 1006, -1, 106, 128, 98.0, 13, ABalapaappaa, 0, 0, 0, 0, , 0, 0, 0, 0, 0, 
1030, 1, 1033, 1007, -1, 109, 114, 81.0, 13, ABalapaappap, 0, 0, 0, 0, , 0, 0, 0, 0, 0, 
1031, 1, 1034, 1008, -1, 86, 90, 89.0, 14, ABalapapppp, 0, 0, 0, 0, , 0, 0, 0, 0, 0, 
1032, 0, 1035, -1, -1, 114, 86, 182.95082, 12, , 0, 0, 0, 0, , 0, 0, 0, 0, 0, 
1033, 1, 1036, 1010, -1, 123, 85, 189.0, 12, ABalappapaa, 0, 0, 0, 0, , 0, 0, 0, 0, 0, 
1034, 0, 1037, -1, -1, 114, 63, 183.0, 12, , 0, 0, 0, 0, , 0, 0, 0, 0, 0, 
1035, 0, 1038, -1, -1, 77, 117, 185.0, 13, , 0, 0, 0, 0, , 0, 0, 0, 0, 0, 
1036, 0, 1039, -1, -1, 76, 122, 180.0, 12, , 0, 0, 0, 0, , 0, 0, 0, 0, 0, 
1037, 1, 1040, 1014, -1, 76, 116, 183.0, 12, ABalappappp, 0, 0, 0, 0, , 0, 0, 0, 0, 0, 
1038, 1, 1041, 1015, -1, 78, 122, 180.5, 13, ABprpaapapa, 0, 0, 0, 0, , 0, 0, 0, 0, 0, 
1039, 0, 1042, -1, -1, 80, 116, 101.0, 13, , 0, 0, 0, 0, , 0, 0, 0, 0, 0, 
1040, 0, 1043, -1, -1, 79, 114, 99.0, 13, , 0, 0, 0, 0, , 0, 0, 0, 0, 0, 
1041, 1, 1044, 1018, -1, 76, 112, 86.0, 12, ABalpaapppp, 0, 0, 0, 0, , 0, 0, 0, 0, 0, 
1042, 1, 1045, 1019, -1, 97, 111, 79.0, 15, ABplaapaapp, 0, 0, 0, 0, , 0, 0, 0, 0, 0, 
1043, 1, 1046, 1020, -1, 93, 127, 99.0, 13, ABalpppaapd, 0, 0, 0, 0, , 0, 0, 0, 0, 0, 
1044, 1, 1047, 1021, -1, 98, 125, 89.0, 14, ABplaapaapa, 0, 0, 0, 0, , 0, 0, 0, 0, 0, 
1045, 1, 1048, 1022, -1, 110, 138, 82.0, 12, ABalaaaalpp, 0, 0, 0, 0, , 0, 0, 0, 0, 0, 
1046, 1, 1049, 1023, -1, 137, 113, 103.0, 15, ABalpappaapa, 0, 0, 0, 0, , 0, 0, 0, 0, 0, 
1047, 1, 1050, 1024, -1, 152, 105, 102.0, 13, ABalpappaapp, 0, 0, 0, 0, , 0, 0, 0, 0, 0, 
1048, 1, 1051, 1025, -1, 175, 152, 100.0, 13, ABalpapappp, 0, 0, 0, 0, , 0, 0, 0, 0, 0, 
1049, 1, 1052, 1026, -1, 149, 162, 103.0, 12, ABplpaappppa, 0, 0, 0, 0, , 0, 0, 0, 0, 0, 
1050, 1, 1053, 1027, -1, 161, 157, 103.0, 12, ABplpaappppp, 0, 0, 0, 0, , 0, 0, 0, 0, 0, 
1051, 1, 1054, 1028, -1, 188, 98, 82.0, 13, ABplppaaaapp, 0, 0, 0, 0, , 0, 0, 0, 0, 0, 
1052, 0, 1055, -1, -1, 106, 146, 95.0, 12, , 0, 0, 0, 0, , 0, 0, 0, 0, 0, 
1053, 0, 1056, -1, -1, 110, 147, 71.0, 12, , 0, 0, 0, 0, , 0, 0, 0, 0, 0, 
1054, 1, 1057, 1031, -1, 72, 121, 165.0, 10, ABaraaapppp, 0, 0, 0, 0, , 0, 0, 0, 0, 0, 
1055, 1, 1058, 1032, -1, 105, 99, 127.0, 14, ABaraapaaap, 0, 0, 0, 0, , 0, 0, 0, 0, 0, 
1056, 1, 1059, 1033, -1, 120, 74, 128.0, 16, MSaaapaaa, 0, 0, 0, 0, , 0, 0, 0, 0, 0, 
1057, 1, 1060, 1034, -1, 126, 146, 90.0, 13, ABalppaappp, 0, 0, 0, 0, , 0, 0, 0, 0, 0, 
1058, 1, 1061, 1035, -1, 118, 161, 122.0, 13, ABarappaapa, 0, 0, 0, 0, , 0, 0, 0, 0, 0, 
1059, 1, 1062, 1036, -1, 93, 102, 90.0, 13, ABalppppapaa, 0, 0, 0, 0, , 0, 0, 0, 0, 0, 
1060, 1, 1063, 1037, -1, 275, 135, 112.5, 16, MSappaap, 0, 0, 0, 0, , 0, 0, 0, 0, 0, 
1061, 1, 1064, 1038, -1, 135, 120, 74.0, 13, ABalapaapaa, 0, 0, 0, 0, , 0, 0, 0, 0, 0, 
1062, 0, 1065, -1, -1, 155, 131, 101.0, 15, , 0, 0, 0, 0, , 0, 0, 0, 0, 0, 
1063, 0, 1066, -1, -1, 159, 129, 96.0, 15, , 0, 0, 0, 0, , 0, 0, 0, 0, 0, 
1064, 0, 1067, -1, -1, 160, 132, 93.0, 15, , 0, 0, 0, 0, , 0, 0, 0, 0, 0, 
1065, 0, 1068, -1, -1, 169, 137, 114.0, 12, , 0, 0, 0, 0, , 0, 0, 0, 0, 0, 
1066, 0, 1069, -1, -1, 167, 142, 117.0, 12, , 0, 0, 0, 0, , 0, 0, 0, 0, 0, 
1067, 0, 1070, -1, -1, 165, 143, 125.0, 12, , 0, 0, 0, 0, , 0, 0, 0, 0, 0, 
1068, 0, 1071, -1, -1, 149, 142, 135.0, 13, , 0, 0, 0, 0, , 0, 0, 0, 0, 0, 
1069, 1, 1072, 1047, -1, 149, 139, 118.5, 13, ABplpapaapa, 0, 0, 0, 0, , 0, 0, 0, 0, 0, 
1070, 1, 1073, 1048, -1, 146, 161, 144.0, 12, ABprpapaapp, 0, 0, 0, 0, , 0, 0, 0, 0, 0, 
1071, 1, 1074, 1049, -1, 151, 151, 148.0, 13, ABprpapaapa, 0, 0, 0, 0, , 0, 0, 0, 0, 0, 
1072, 1, 1075, 1050, -1, 149, 142, 135.0, 13, ABalpapapaa, 0, 0, 0, 0, , 0, 0, 0, 0, 0, 
1073, 1, 1076, 1051, -1, 153, 151, 142.0, 13, ABarappapaa, 0, 0, 0, 0, , 0, 0, 0, 0, 0, 
1074, 1, 1077, 1052, -1, 185, 113, 102.0, 14, ABplpapapaa, 0, 0, 0, 0, , 0, 0, 0, 0, 0, 
1075, 1, 1078, 1053, -1, 176, 123, 108.0, 15, ABplpapapap, 0, 0, 0, 0, , 0, 0, 0, 0, 0, 
1076, 1, 1079, 1054, -1, 223, 93, 117.0, 13, MSaappppa, 0, 0, 0, 0, , 0, 0, 0, 0, 0, 
1077, 1, 1080, 1055, -1, 207, 102, 111.5, 13, MSaapppap, 0, 0, 0, 0, , 0, 0, 0, 0, 0, 
1078, 0, 1081, -1, -1, 196, 135, 126.5, 10, , 0, 0, 0, 0, , 0, 0, 0, 0, 0, 
1079, 0, 1082, -1, -1, 198, 135, 123.0, 11, , 0, 0, 0, 0, , 0, 0, 0, 0, 0, 
1080, 0, 1083, -1, -1, 194, 134, 141.5, 13, , 0, 0, 0, 0, , 0, 0, 0, 0, 0, 
1081, 0, 1084, -1, -1, 198, 136, 123.0, 13, , 0, 0, 0, 0, , 0, 0, 0, 0, 0, 
1082, 0, 1085, -1, -1, 187, 148, 156.0, 12, , 0, 0, 0, 0, , 0, 0, 0, 0, 0, 
1083, 1, 1086, 1061, -1, 181, 149, 166.0, 13, ABprapaapa, 0, 0, 0, 0, , 0, 0, 0, 0, 0, 
1084, 1, 1087, 1062, -1, 179, 142, 146.0, 10, ABplppaappa, 0, 0, 0, 0, , 0, 0, 0, 0, 0, 
1085, 0, 1088, -1, -1, 188, 147, 153.5, 13, , 0, 0, 0, 0, , 0, 0, 0, 0, 0, 
1086, 1, 1089, 1064, -1, 270, 117, 140.0, 13, ABplppaappp, 0, 0, 0, 0, , 0, 0, 0, 0, 0, 
1087, 1, 1090, 1065, -1, 261, 99, 142.0, 13, ABplpapappp, 0, 0, 0, 0, , 0, 0, 0, 0, 0, 
1088, 1, 1091, 1066, -1, 194, 112, 144.0, 12, ABplppapaap, 0, 0, 0, 0, , 0, 0, 0, 0, 0, 
1089, 1, 1092, 1067, -1, 201, 110, 140.0, 13, ABplppappap, 0, 0, 0, 0, , 0, 0, 0, 0, 0, 
1090, 1, 1093, 1068, -1, 221, 136, 123.0, 12, ABplppppapa, 0, 0, 0, 0, , 0, 0, 0, 0, 0, 
1091, 1, 1094, 1069, -1, 140, 146, 190.0, 12, ABpraaaaaaa, 0, 0, 0, 0, , 0, 0, 0, 0, 0, 
1092, 1, 1095, 1070, -1, 108, 154, 178.0, 13, ABalaappapp, 0, 0, 0, 0, , 0, 0, 0, 0, 0, 
1093, 0, 1096, -1, -1, 104, 141, 177.0, 12, , 0, 0, 0, 0, , 0, 0, 0, 0, 0, 
1094, 1, 1097, 1072, -1, 90, 131, 165.5, 13, ABpraaaaapd, 0, 0, 0, 0, , 0, 0, 0, 0, 0, 
1095, 1, 1098, 1073, -1, 106, 141, 177.5, 13, ABalaapaapp, 0, 0, 0, 0, , 0, 0, 0, 0, 0, 
1096, 1, 1099, 1074, -1, 124, 134, 192.0, 12, ABalaappapa, 0, 0, 0, 0, , 0, 0, 0, 0, 0, 
1097, 1, 1100, 1075, -1, 139, 164, 166.0, 15, MSpppapp, 0, 0, 0, 0, , 0, 0, 0, 0, 0, 
1098, 1, 1101, 1076, -1, 166, 125, 173.0, 14, MSppppaa, 0, 0, 0, 0, , 0, 0, 0, 0, 0, 
1099, 1, 1102, 1077, -1, 180, 123, 178.0, 15, Dpaaa, 0, 0, 0, 0, , 0, 0, 0, 0, 0, 
1100, 1, 1103, 1078, -1, 181, 125, 135.0, 15, ABplpappaap, 0, 0, 0, 0, , 0, 0, 0, 0, 0, 
1101, 1, 1104, 1079, -1, 241, 161, 176.0, 15, ABprapppaaa, 0, 0, 0, 0, , 0, 0, 0, 0, 0, 
1102, 1, 1105, 1080, -1, 80, 115, 98.0, 13, ABalpaapppa, 0, 0, 0, 0, , 0, 0, 0, 0, 0, 
1103, 1, 1106, 1081, -1, 98, 112, 101.0, 14, ABalaaaarlp, 0, 0, 0, 0, , 0, 0, 0, 0, 0, 
1104, 0, 1107, -1, -1, 71, 136, 87.0, 13, , 0, 0, 0, 0, , 0, 0, 0, 0, 0, 
1105, 0, 1108, -1, -1, 71, 134, 89.0, 13, , 0, 0, 0, 0, , 0, 0, 0, 0, 0, 
1106, 1, 1109, 1084, -1, 101, 96, 191.0, 13, ABalaaapprl, 0, 0, 0, 0, , 0, 0, 0, 0, 0, 
1107, 0, 1110, -1, -1, 104, 89, 177.5, 12, , 0, 0, 0, 0, , 0, 0, 0, 0, 0, 
1108, 0, 1111, -1, -1, 122, 82, 191.0, 12, , 0, 0, 0, 0, , 0, 0, 0, 0, 0, 
1109, 0, 1112, -1, -1, 104, 89, 174.0, 12, , 0, 0, 0, 0, , 0, 0, 0, 0, 0, 
1110, 1, 615, 1087, -1, 94, 95, 181.0, 12, ABalaapaaar, 0, 0, 0, 0, , 0, 0, 0, 0, 0, 
1111, 0, 1113, -1, -1, 108, 147, 94.5, 12, , 0, 0, 0, 0, , 0, 0, 0, 0, 0, 
1112, 0, 1114, -1, -1, 125, 130, 88.5, 12, , 0, 0, 0, 0, , 0, 0, 0, 0, 0, 
1113, 0, 1115, -1, -1, 129, 128, 86.0, 12, , 0, 0, 0, 0, , 0, 0, 0, 0, 0, 
1114, 1, 1116, 1091, -1, 133, 128, 79.0, 14, ABplpaaaaaa, 0, 0, 0, 0, , 0, 0, 0, 0, 0, 
1115, 0, 1117, -1, -1, 108, 146, 95.5, 12, , 0, 0, 0, 0, , 0, 0, 0, 0, 0, 
1116, 0, 1118, -1, -1, 108, 147, 91.5, 12, , 0, 0, 0, 0, , 0, 0, 0, 0, 0, 
1117, 0, 1119, -1, -1, 109, 146, 95.0, 12, , 0, 0, 0, 0, , 0, 0, 0, 0, 0, 
1118, 1, 1120, 1095, -1, 108, 145, 88.5, 12, ABalppaaapp, 0, 0, 0, 0, , 0, 0, 0, 0, 0, 
1119, 1, 1121, 1096, -1, 107, 146, 95.0, 11, ABalpppaaap, 0, 0, 0, 0, , 0, 0, 0, 0, 0, 
1120, 1, 1122, 1097, -1, 236, 166, 95.0, 14, ABplapappppa, 0, 0, 0, 0, , 0, 0, 0, 0, 0, 
1121, 0, 1070, -1, -1, 165, 142, 125.0, 12, , 0, 0, 0, 0, , 0, 0, 0, 0, 0, 
1122, 1, 1123, 1099, -1, 159, 147, 122.0, 12, ABplpaapppa, 0, 0, 0, 0, , 0, 0, 0, 0, 0, 
1123, 1, 1124, 1100, -1, 164, 142, 125.5, 12, ABplpapaaap, 0, 0, 0, 0, , 0, 0, 0, 0, 0, 
1124, 0, 1125, -1, -1, 167, 138, 115.0, 14, , 0, 0, 0, 0, , 0, 0, 0, 0, 0, 
1125, 1, 1126, 1102, -1, 206, 52, 137.0, 14, MSaapappp, 0, 0, 0, 0, , 0, 0, 0, 0, 0, 
1126, 1, 1127, 1103, -1, 211, 75, 134.0, 14, MSaappaa, 0, 0, 0, 0, , 0, 0, 0, 0, 0, 
1127, 1, 1128, 1104, -1, 192, 51, 160.0, 15, MSpaapapp, 0, 0, 0, 0, , 0, 0, 0, 0, 0, 
1128, 1, 1129, 1105, -1, 78, 108, 150.0, 10, ABalappppaaa, 0, 0, 0, 0, , 0, 0, 0, 0, 0, 
1129, 0, 1130, -1, -1, 77, 109, 145.5, 12, , 0, 0, 0, 0, , 0, 0, 0, 0, 0, 
1130, 1, 1131, 1107, -1, 78, 110, 141.0, 12, ABarpaaapaa, 0, 0, 0, 0, , 0, 0, 0, 0, 0, 
1131, 1, 1132, 1108, -1, 184, 148, 157.0, 12, ABprpapappa, 0, 0, 0, 0, , 0, 0, 0, 0, 0, 
1132, 1, 1133, 1109, -1, 186, 147, 154.0, 13, ABprppaappa, 0, 0, 0, 0, , 0, 0, 0, 0, 0, 
1133, 1, 1134, 1110, -1, 91, 115, 158.0, 13, ABalaappppp, 0, 0, 0, 0, , 0, 0, 0, 0, 0, 
1134, 0, 1135, -1, -1, 105, 129, 103.0, 13, , 0, 0, 0, 0, , 0, 0, 0, 0, 0, 
1135, 1, 1136, 1112, -1, 204, 119, 99.0, 14, MSaapppaa, 0, 0, 0, 0, , 0, 0, 0, 0, 0, 
1136, 1, 1137, 1113, -1, 154, 131, 100.0, 15, MSappapp, 0, 0, 0, 0, , 0, 0, 0, 0, 0, 
1137, 1, 1112, 1114, -1, 102, 88, 175.0, 12, ABalapppppa, 0, 0, 0, 0, , 0, 0, 0, 0, 0, 
1138, 1, 1138, 1115, -1, 170, 95, 67.0, 14, ABplpaapaap, 0, 0, 0, 0, , 0, 0, 0, 0, 0, 
1139, 0, 1139, -1, -1, 169, 92, 70.0, 13, , 0, 0, 0, 0, , 0, 0, 0, 0, 0, 
1140, 1, 1140, 1117, -1, 173, 92, 83.0, 13, ABplpaappap, 0, 0, 0, 0, , 0, 0, 0, 0, 0, 
1141, 1, 1141, 1118, -1, 118, 127, 74.0, 13, ABalppapaaa, 0, 0, 0, 0, , 0, 0, 0, 0, 0, 
1142, 0, 1142, -1, -1, 123, 130, 88.0, 11, , 0, 0, 0, 0, , 0, 0, 0, 0, 0, 
1143, 1, 1143, 1120, -1, 131, 127, 85.0, 12, ABalppaaapa, 0, 0, 0, 0, , 0, 0, 0, 0, 0, 
1144, 1, 1142, 1121, -1, 123, 130, 89.0, 11, ABalppappap, 0, 0, 0, 0, , 0, 0, 0, 0, 0, 
1145, 1, 1144, 1122, -1, 64, 113, 129.0, 15, ABplaapaaaa, 0, 0, 0, 0, , 0, 0, 0, 0, 0, 
1146, 1, 1145, 1123, -1, 209, 121, 115.0, 13, ABarappappa, 0, 0, 0, 0, , 0, 0, 0, 0, 0, 
1147, 1, 1146, 1124, -1, 200, 112, 123.0, 17, ABplppappaa, 0, 0, 0, 0, , 0, 0, 0, 0, 0, 
1148, 1, 1147, 1125, -1, 126, 126, 119.0, 13, ABalpaaaapa, 0, 0, 0, 0, , 0, 0, 0, 0, 0, 
1149, 1, 1148, 1126, -1, 180, 116, 70.0, 14, ABplppaapap, 0, 0, 0, 0, , 0, 0, 0, 0, 0, 
1150, 1, 1149, 1127, -1, 131, 58, 97.0, 14, ABalapaaapa, 0, 0, 0, 0, , 0, 0, 0, 0, 0, 
1151, 1, 1150, 1128, -1, 122, 72, 80.5, 13, ABalaaaalal, 0, 0, 0, 0, , 0, 0, 0, 0, 0, 
1152, 0, 1151, -1, -1, 101, 74, 114.0, 14, , 0, 0, 0, 0, , 0, 0, 0, 0, 0, 
1153, 1, 1152, 1129, -1, 83, 73, 114.0, 14, MSapappp, 0, 0, 0, 0, , 0, 0, 0, 0, 0, 
1154, 1, 1153, 1130, -1, 84, 72, 124.0, 13, ABalappaapa, 0, 0, 0, 0, , 0, 0, 0, 0, 0, 
1155, 1, 1154, 1131, -1, 81, 74, 110.5, 13, ABalapapapaa, 0, 0, 0, 0, , 0, 0, 0, 0, 0, 
