1, 0, 1, -1, -1, 241, 82, 196.0, 9, , 41, 0, 0, 0, , 0, 0, 0, 0, 0, 
2, 0, 2, -1, -1, 259, 129, 156.0, 9, , 59, 0, 0, 0, , 0, 0, 0, 0, 0, 
3, 0, 3, -1, -1, 209, 86, 192.0, 9, , 29, 0, 0, 0, , 0, 0, 0, 0, 0, 
4, 0, 4, -1, -1, 104, 97, 122.0, 7, , 21, 0, 0, 0, , 0, 0, 0, 0, 0, 
5, 0, 5, -1, -1, 77, 115, 187.0, 9, , 24, 0, 0, 0, , 0, 0, 0, 0, 0, 
6, 0, 6, -1, -1, 152, 105, 162.0, 9, , 80, 0, 0, 0, , 0, 0, 0, 0, 0, 
7, 0, 7, -1, -1, 275, 88, 191.0, 11, , 37, 0, 0, 0, , 0, 0, 0, 0, 0, 
8, 0, 8, -1, -1, 76, 114, 180.0, 9, , 65, 0, 0, 0, , 0, 0, 0, 0, 0, 
9, 0, 9, -1, -1, 96, 119, 129.0, 9, , 34, 0, 0, 0, , 0, 0, 0, 0, 0, 
10, 0, 10, -1, -1, 135, 126, 83.0, 9, , 41, 0, 0, 0, , 0, 0, 0, 0, 0, 
11, 0, 11, -1, -1, 61, 123, 147.0, 9, , 43, 0, 0, 0, , 0, 0, 0, 0, 0, 
12, 0, 12, -1, -1, 151, 105, 164.0, 9, , 83, 0, 0, 0, , 0, 0, 0, 0, 0, 
13, 0, 14, -1, -1, 154, 147, 197.0, 9, , 28, 0, 0, 0, , 0, 0, 0, 0, 0, 
14, 0, 15, -1, -1, 242, 80, 190.0, 9, , 11, 0, 0, 0, , 0, 0, 0, 0, 0, 
15, 0, 16, -1, -1, 99, 137, 158.0, 9, , 56, 0, 0, 0, , 0, 0, 0, 0, 0, 
16, 0, 17, -1, -1, 214, 118, 128.0, 7, , 7, 0, 0, 0, , 0, 0, 0, 0, 0, 
17, 0, 18, -1, -1, 110, 93, 145.0, 9, , 36, 0, 0, 0, , 0, 0, 0, 0, 0, 
18, 0, 20, -1, -1, 168, 105, 178.0, 9, , 36, 0, 0, 0, , 0, 0, 0, 0, 0, 
19, 0, 21, -1, -1, 140, 73, 187.0, 9, , 2, 0, 0, 0, , 0, 0, 0, 0, 0, 
20, 0, 22, -1, -1, 183, 80, 192.0, 7, , 26, 0, 0, 0, , 0, 0, 0, 0, 0, 
21, 0, 23, -1, -1, 103, 105, 143.0, 11, , 71, 0, 0, 0, , 0, 0, 0, 0, 0, 
22, 0, 24, -1, -1, 281, 87, 182.0, 9, , 28, 0, 0, 0, , 0, 0, 0, 0, 0, 
23, 0, 25, -1, -1, 119, 118, 182.0, 9, , 16, 0, 0, 0, , 0, 0, 0, 0, 0, 
24, 0, 26, -1, -1, 165, 103, 208.0, 9, , 43, 0, 0, 0, , 0, 0, 0, 0, 0, 
25, 0, 27, -1, -1, 141, 78, 172.0, 11, , 297, 0, 0, 0, , 0, 0, 0, 0, 0, 
26, 0, 28, -1, -1, 208, 90, 189.0, 9, , 36, 0, 0, 0, , 0, 0, 0, 0, 0, 
27, 0, 29, -1, -1, 105, 130, 136.0, 9, , 51, 0, 0, 0, , 0, 0, 0, 0, 0, 
28, 0, 30, -1, -1, 274, 100, 146.0, 9, , 7, 0, 0, 0, , 0, 0, 0, 0, 0, 
29, 0, 31, -1, -1, 123, 109, 158.0, 11, , 58, 0, 0, 0, , 0, 0, 0, 0, 0, 
30, 0, 32, -1, -1, 66, 130, 148.0, 9, , 13, 0, 0, 0, , 0, 0, 0, 0, 0, 
31, 0, 33, -1, -1, 263, 70, 190.0, 9, , 24, 0, 0, 0, , 0, 0, 0, 0, 0, 
32, 0, 34, -1, -1, 125, 130, 142.0, 13, , 193, 0, 0, 0, , 0, 0, 0, 0, 0, 
33, 0, 35, -1, -1, 170, 91, 116.0, 11, , 106, 0, 0, 0, , 0, 0, 0, 0, 0, 
34, 0, 36, -1, -1, 169, 92, 111.0, 11, , 59, 0, 0, 0, , 0, 0, 0, 0, 0, 
35, 0, 37, -1, -1, 106, 101, 130.0, 11, , 52, 0, 0, 0, , 0, 0, 0, 0, 0, 
36, 0, 38, -1, -1, 153, 109, 176.0, 11, , 70, 0, 0, 0, , 0, 0, 0, 0, 0, 
37, 0, 39, -1, -1, 160, 161, 177.0, 9, , 21, 0, 0, 0, , 0, 0, 0, 0, 0, 
38, 0, 40, -1, -1, 124, 163, 154.0, 9, , 49, 0, 0, 0, , 0, 0, 0, 0, 0, 
39, 0, 41, -1, -1, 187, 88, 190.0, 9, , 38, 0, 0, 0, , 0, 0, 0, 0, 0, 
40, 0, 42, -1, -1, 106, 162, 151.0, 11, , 24, 0, 0, 0, , 0, 0, 0, 0, 0, 
41, 0, 43, -1, -1, 123, 110, 148.0, 7, , 34, 0, 0, 0, , 0, 0, 0, 0, 0, 
42, 0, 44, -1, -1, 137, 125, 145.0, 9, , 46, 0, 0, 0, , 0, 0, 0, 0, 0, 
43, 0, 45, -1, -1, 144, 120, 171.0, 9, , 25, 0, 0, 0, , 0, 0, 0, 0, 0, 
44, 0, 46, -1, -1, 174, 129, 193.0, 9, , 30, 0, 0, 0, , 0, 0, 0, 0, 0, 
45, 0, 47, -1, -1, 104, 104, 139.0, 9, , 58, 0, 0, 0, , 0, 0, 0, 0, 0, 
46, 0, 48, -1, -1, 110, 130, 142.0, 9, , 99, 0, 0, 0, , 0, 0, 0, 0, 0, 
47, 0, 49, -1, -1, 117, 163, 125.0, 9, , 26, 0, 0, 0, , 0, 0, 0, 0, 0, 
48, 0, 50, -1, -1, 103, 103, 145.0, 9, , 46, 0, 0, 0, , 0, 0, 0, 0, 0, 
49, 0, 51, -1, -1, 304, 114, 184.0, 11, , 27, 0, 0, 0, , 0, 0, 0, 0, 0, 
50, 0, 52, -1, -1, 169, 77, 108.0, 9, , 53, 0, 0, 0, , 0, 0, 0, 0, 0, 
51, 0, 53, -1, -1, 146, 154, 130.0, 9, , 30, 0, 0, 0, , 0, 0, 0, 0, 0, 
52, 0, 54, -1, -1, 141, 125, 148.0, 9, , 57, 0, 0, 0, , 0, 0, 0, 0, 0, 
53, 0, 55, -1, -1, 167, 83, 177.0, 11, , 72, 0, 0, 0, , 0, 0, 0, 0, 0, 
54, 0, 56, -1, -1, 128, 134, 187.0, 9, , 44, 0, 0, 0, , 0, 0, 0, 0, 0, 
55, 0, 57, -1, -1, 282, 84, 186.0, 9, , 31, 0, 0, 0, , 0, 0, 0, 0, 0, 
56, 0, 58, -1, -1, 123, 127, 140.0, 9, , 65, 0, 0, 0, , 0, 0, 0, 0, 0, 
57, 0, 59, -1, -1, 112, 84, 125.0, 9, , 44, 0, 0, 0, , 0, 0, 0, 0, 0, 
58, 0, 60, -1, -1, 108, 103, 128.0, 7, , 38, 0, 0, 0, , 0, 0, 0, 0, 0, 
59, 0, 62, -1, -1, 94, 156, 129.0, 9, , 50, 0, 0, 0, , 0, 0, 0, 0, 0, 
60, 0, 63, -1, -1, 184, 146, 160.0, 11, , 94, 0, 0, 0, , 0, 0, 0, 0, 0, 
61, 0, 64, -1, -1, 218, 126, 113.0, 9, , 13, 0, 0, 0, , 0, 0, 0, 0, 0, 
62, 0, 66, -1, -1, 112, 130, 145.0, 11, , 106, 0, 0, 0, , 0, 0, 0, 0, 0, 
63, 0, 67, -1, -1, 103, 91, 161.0, 9, , 30, 0, 0, 0, , 0, 0, 0, 0, 0, 
64, 0, 68, -1, -1, 100, 136, 153.0, 9, , 30, 0, 0, 0, , 0, 0, 0, 0, 0, 
65, 0, 69, -1, -1, 299, 55, 170.0, 9, , 36, 0, 0, 0, , 0, 0, 0, 0, 0, 
66, 0, 71, -1, -1, 139, 111, 161.0, 9, , 19, 0, 0, 0, , 0, 0, 0, 0, 0, 
67, 0, 72, -1, -1, 122, 97, 180.0, 9, , 41, 0, 0, 0, , 0, 0, 0, 0, 0, 
68, 0, 73, -1, -1, 128, 134, 182.0, 9, , 105, 0, 0, 0, , 0, 0, 0, 0, 0, 
69, 0, 74, -1, -1, 108, 86, 136.0, 9, , 45, 0, 0, 0, , 0, 0, 0, 0, 0, 
70, 0, 75, -1, -1, 138, 171, 137.0, 7, , 12, 0, 0, 0, , 0, 0, 0, 0, 0, 
71, 0, 76, -1, -1, 126, 130, 144.0, 13, , 116, 0, 0, 0, , 0, 0, 0, 0, 0, 
72, 0, 77, -1, -1, 150, 103, 152.0, 9, , 35, 0, 0, 0, , 0, 0, 0, 0, 0, 
73, 0, 78, -1, -1, 113, 132, 191.0, 11, , 10, 0, 0, 0, , 0, 0, 0, 0, 0, 
74, 0, 79, -1, -1, 160, 92, 186.0, 9, , 36, 0, 0, 0, , 0, 0, 0, 0, 0, 
75, 0, 80, -1, -1, 267, 65, 194.0, 9, , 20, 0, 0, 0, , 0, 0, 0, 0, 0, 
76, 0, 82, -1, -1, 87, 149, 103.0, 7, , 15, 0, 0, 0, , 0, 0, 0, 0, 0, 
77, 0, 83, -1, -1, 152, 147, 189.0, 9, , 18, 0, 0, 0, , 0, 0, 0, 0, 0, 
78, 0, 84, -1, -1, 162, 104, 204.0, 9, , 29, 0, 0, 0, , 0, 0, 0, 0, 0, 
79, 0, 85, -1, -1, 171, 91, 70.0, 11, , 92, 0, 0, 0, , 0, 0, 0, 0, 0, 
80, 0, 86, -1, -1, 173, 97, 97.0, 11, , 34, 0, 0, 0, , 0, 0, 0, 0, 0, 
81, 0, 87, -1, -1, 90, 71, 103.0, 9, , 17, 0, 0, 0, , 0, 0, 0, 0, 0, 
82, 0, 88, -1, -1, 130, 172, 97.0, 7, , 26, 0, 0, 0, , 0, 0, 0, 0, 0, 
83, 0, 89, -1, -1, 89, 149, 94.0, 9, , 34, 0, 0, 0, , 0, 0, 0, 0, 0, 
84, 0, 90, -1, -1, 174, 152, 105.0, 11, , 43, 0, 0, 0, , 0, 0, 0, 0, 0, 
85, 0, 91, -1, -1, 190, 142, 109.0, 13, , 141, 0, 0, 0, , 0, 0, 0, 0, 0, 
86, 0, 92, -1, -1, 88, 149, 97.0, 9, , 14, 0, 0, 0, , 0, 0, 0, 0, 0, 
87, 0, 93, -1, -1, 87, 149, 100.0, 9, , 36, 0, 0, 0, , 0, 0, 0, 0, 0, 
88, 0, 94, -1, -1, 173, 163, 108.0, 7, , 28, 0, 0, 0, , 0, 0, 0, 0, 0, 
89, 0, 95, -1, -1, 171, 45, 132.0, 9, , 51, 0, 0, 0, , 0, 0, 0, 0, 0, 
90, 0, 97, -1, -1, 117, 161, 134.0, 9, , 54, 0, 0, 0, , 0, 0, 0, 0, 0, 
91, 0, 98, -1, -1, 123, 133, 140.0, 9, , 16, 0, 0, 0, , 0, 0, 0, 0, 0, 
92, 0, 99, -1, -1, 258, 128, 153.0, 11, , 69, 0, 0, 0, , 0, 0, 0, 0, 0, 
93, 0, 100, -1, -1, 306, 59, 164.0, 9, , 30, 0, 0, 0, , 0, 0, 0, 0, 0, 
94, 0, 102, -1, -1, 140, 78, 176.0, 9, , 124, 0, 0, 0, , 0, 0, 0, 0, 0, 
95, 0, 103, -1, -1, 248, 49, 184.0, 9, , 42, 0, 0, 0, , 0, 0, 0, 0, 0, 
96, 0, 104, -1, -1, 240, 42, 181.0, 9, , 31, 0, 0, 0, , 0, 0, 0, 0, 0, 
97, 0, 105, -1, -1, 275, 85, 186.0, 7, , 18, 0, 0, 0, , 0, 0, 0, 0, 0, 
98, 0, 107, -1, -1, 119, 113, 185.0, 9, , 22, 0, 0, 0, , 0, 0, 0, 0, 0, 
99, 0, 108, -1, -1, 119, 112, 188.0, 9, , 18, 0, 0, 0, , 0, 0, 0, 0, 0, 
100, 0, 109, -1, -1, 276, 85, 183.0, 9, , 20, 0, 0, 0, , 0, 0, 0, 0, 0, 
101, 0, 110, -1, -1, 148, 86, 197.0, 9, , 7, 0, 0, 0, , 0, 0, 0, 0, 0, 
102, 0, 111, -1, -1, 90, 150, 123.0, 9, , 9, 0, 0, 0, , 0, 0, 0, 0, 0, 
103, 0, 112, -1, -1, 284, 103, 139.0, 9, , 32, 0, 0, 0, , 0, 0, 0, 0, 0, 
104, 0, 113, -1, -1, 114, 132, 185.0, 11, , 33, 0, 0, 0, , 0, 0, 0, 0, 0, 
105, 0, 114, -1, -1, 241, 88, 193.0, 7, , 23, 0, 0, 0, , 0, 0, 0, 0, 0, 
106, 0, 115, -1, -1, 240, 81, 194.0, 9, , 35, 0, 0, 0, , 0, 0, 0, 0, 0, 
107, 0, 117, -1, -1, 131, 153, 95.0, 7, , 26, 0, 0, 0, , 0, 0, 0, 0, 0, 
108, 0, 118, -1, -1, 136, 149, 92.0, 9, , 13, 0, 0, 0, , 0, 0, 0, 0, 0, 
109, 0, 119, -1, -1, 188, 143, 104.0, 9, , 45, 0, 0, 0, , 0, 0, 0, 0, 0, 
110, 0, 120, -1, -1, 193, 140, 110.0, 7, , 31, 0, 0, 0, , 0, 0, 0, 0, 0, 
111, 0, 121, -1, -1, 171, 134, 105.0, 9, , 37, 0, 0, 0, , 0, 0, 0, 0, 0, 
112, 0, 122, -1, -1, 139, 122, 114.0, 9, , 44, 0, 0, 0, , 0, 0, 0, 0, 0, 
113, 0, 123, -1, -1, 90, 168, 116.0, 11, , 8, 0, 0, 0, , 0, 0, 0, 0, 0, 
114, 0, 124, -1, -1, 139, 120, 117.0, 9, , 25, 0, 0, 0, , 0, 0, 0, 0, 0, 
115, 0, 125, -1, -1, 125, 125, 120.0, 11, , 57, 0, 0, 0, , 0, 0, 0, 0, 0, 
116, 0, 126, -1, -1, 210, 118, 113.0, 9, , 50, 0, 0, 0, , 0, 0, 0, 0, 0, 
117, 0, 127, -1, -1, 97, 114, 130.0, 9, , 90, 0, 0, 0, , 0, 0, 0, 0, 0, 
118, 0, 128, -1, -1, 125, 174, 136.0, 7, , 12, 0, 0, 0, , 0, 0, 0, 0, 0, 
119, 0, 129, -1, -1, 144, 117, 128.0, 7, , 21, 0, 0, 0, , 0, 0, 0, 0, 0, 
120, 0, 130, -1, -1, 193, 46, 138.0, 9, , 33, 0, 0, 0, , 0, 0, 0, 0, 0, 
121, 0, 132, -1, -1, 269, 119, 140.0, 9, , 41, 0, 0, 0, , 0, 0, 0, 0, 0, 
122, 0, 133, -1, -1, 140, 125, 152.0, 9, , 141, 0, 0, 0, , 0, 0, 0, 0, 0, 
123, 0, 134, -1, -1, 190, 94, 143.0, 7, , 21, 0, 0, 0, , 0, 0, 0, 0, 0, 
124, 0, 135, -1, -1, 109, 92, 152.0, 9, , 33, 0, 0, 0, , 0, 0, 0, 0, 0, 
125, 0, 136, -1, -1, 174, 153, 151.0, 11, , 45, 0, 0, 0, , 0, 0, 0, 0, 0, 
126, 0, 137, -1, -1, 167, 144, 153.0, 11, , 142, 0, 0, 0, , 0, 0, 0, 0, 0, 
127, 0, 138, -1, -1, 121, 109, 154.0, 9, , 97, 0, 0, 0, , 0, 0, 0, 0, 0, 
128, 0, 139, -1, -1, 300, 55, 166.0, 9, , 55, 0, 0, 0, , 0, 0, 0, 0, 0, 
129, 0, 140, -1, -1, 86, 129, 156.0, 9, , 20, 0, 0, 0, , 0, 0, 0, 0, 0, 
130, 0, 141, -1, -1, 238, 146, 176.0, 9, , 32, 0, 0, 0, , 0, 0, 0, 0, 0, 
131, 0, 142, -1, -1, 148, 108, 169.0, 9, , 32, 0, 0, 0, , 0, 0, 0, 0, 0, 
132, 0, 143, -1, -1, 302, 120, 183.0, 7, , 22, 0, 0, 0, , 0, 0, 0, 0, 0, 
133, 0, 144, -1, -1, 121, 96, 182.0, 9, , 53, 0, 0, 0, , 0, 0, 0, 0, 0, 
134, 0, 145, -1, -1, 304, 113, 190.0, 9, , 22, 0, 0, 0, , 0, 0, 0, 0, 0, 
135, 0, 146, -1, -1, 213, 89, 194.0, 11, , 99, 0, 0, 0, , 0, 0, 0, 0, 0, 
136, 0, 148, -1, -1, 181, 78, 192.0, 7, , 11, 0, 0, 0, , 0, 0, 0, 0, 0, 
137, 0, 149, -1, -1, 169, 86, 191.0, 9, , 51, 0, 0, 0, , 0, 0, 0, 0, 0, 
138, 0, 150, -1, -1, 164, 106, 202.0, 11, , 89, 0, 0, 0, , 0, 0, 0, 0, 0, 
139, 0, 151, -1, -1, 165, 92, 205.0, 7, , 16, 0, 0, 0, , 0, 0, 0, 0, 0, 
140, 0, 153, -1, -1, 193, 69, 98.0, 9, , 52, 0, 0, 0, , 0, 0, 0, 0, 0, 
141, 0, 154, -1, -1, 102, 175, 116.0, 9, , 77, 0, 0, 0, , 0, 0, 0, 0, 0, 
142, 0, 155, -1, -1, 141, 118, 130.0, 7, , 23, 0, 0, 0, , 0, 0, 0, 0, 0, 
143, 0, 156, -1, -1, 167, 43, 136.0, 9, , 16, 0, 0, 0, , 0, 0, 0, 0, 0, 
144, 0, 157, -1, -1, 220, 104, 131.0, 9, , 32, 0, 0, 0, , 0, 0, 0, 0, 0, 
145, 0, 158, -1, -1, 116, 157, 126.0, 9, , 49, 0, 0, 0, , 0, 0, 0, 0, 0, 
146, 0, 159, -1, -1, 212, 119, 132.0, 9, , 30, 0, 0, 0, , 0, 0, 0, 0, 0, 
147, 0, 160, -1, -1, 149, 141, 138.0, 11, , 119, 0, 0, 0, , 0, 0, 0, 0, 0, 
148, 0, 161, -1, -1, 142, 123, 166.0, 7, , 22, 0, 0, 0, , 0, 0, 0, 0, 0, 
149, 0, 162, -1, -1, 167, 84, 174.0, 9, , 49, 0, 0, 0, , 0, 0, 0, 0, 0, 
150, 0, 164, -1, -1, 158, 134, 192.0, 7, , 23, 0, 0, 0, , 0, 0, 0, 0, 0, 
151, 0, 165, -1, -1, 245, 86, 198.0, 11, , 38, 0, 0, 0, , 0, 0, 0, 0, 0, 
152, 0, 166, -1, -1, 165, 107, 195.0, 9, , 71, 0, 0, 0, , 0, 0, 0, 0, 0, 
153, 0, 167, -1, -1, 150, 135, 118.0, 9, , 29, 0, 0, 0, , 0, 0, 0, 0, 0, 
154, 0, 168, -1, -1, 59, 90, 138.0, 9, , 28, 0, 0, 0, , 0, 0, 0, 0, 0, 
155, 0, 169, -1, -1, 184, 146, 168.0, 9, , 20, 0, 0, 0, , 0, 0, 0, 0, 0, 
156, 0, 170, -1, -1, 122, 157, 169.0, 9, , 79, 0, 0, 0, , 0, 0, 0, 0, 0, 
157, 0, 171, -1, -1, 157, 147, 191.0, 9, , 37, 0, 0, 0, , 0, 0, 0, 0, 0, 
158, 0, 172, -1, -1, 59, 126, 140.0, 9, , 26, 0, 0, 0, , 0, 0, 0, 0, 0, 
159, 0, 173, -1, -1, 59, 128, 110.0, 9, , 29, 0, 0, 0, , 0, 0, 0, 0, 0, 
160, 0, 174, -1, -1, 195, 134, 130.0, 9, , 31, 0, 0, 0, , 0, 0, 0, 0, 0, 
161, 0, 175, -1, -1, 192, 95, 133.0, 9, , 51, 0, 0, 0, , 0, 0, 0, 0, 0, 
162, 0, 176, -1, -1, 174, 151, 150.0, 9, , 48, 0, 0, 0, , 0, 0, 0, 0, 0, 
163, 0, 177, -1, -1, 210, 88, 200.0, 9, , 82, 0, 0, 0, , 0, 0, 0, 0, 0, 
164, 0, 178, -1, -1, 187, 86, 192.0, 9, , 46, 0, 0, 0, , 0, 0, 0, 0, 0, 
165, 0, 179, -1, -1, 115, 156, 90.0, 9, , 7, 0, 0, 0, , 0, 0, 0, 0, 0, 
166, 0, 181, -1, -1, 190, 44, 147.0, 9, , 35, 0, 0, 0, , 0, 0, 0, 0, 0, 
167, 0, 182, -1, -1, 190, 97, 142.0, 11, , 138, 0, 0, 0, , 0, 0, 0, 0, 0, 
168, 0, 184, -1, -1, 262, 128, 151.0, 9, , 41, 0, 0, 0, , 0, 0, 0, 0, 0, 
169, 0, 185, -1, -1, 184, 146, 157.0, 9, , 69, 0, 0, 0, , 0, 0, 0, 0, 0, 
170, 0, 186, -1, -1, 132, 99, 167.0, 9, , 15, 0, 0, 0, , 0, 0, 0, 0, 0, 
171, 0, 187, -1, -1, 214, 91, 190.0, 9, , 48, 0, 0, 0, , 0, 0, 0, 0, 0, 
172, 0, 188, -1, -1, 282, 92, 191.0, 9, , 34, 0, 0, 0, , 0, 0, 0, 0, 0, 
173, 0, 190, -1, -1, 152, 59, 156.0, 7, , 16, 0, 0, 0, , 0, 0, 0, 0, 0, 
174, 0, 191, -1, -1, 193, 161, 158.0, 9, , 35, 0, 0, 0, , 0, 0, 0, 0, 0, 
175, 0, 192, -1, -1, 115, 157, 96.0, 9, , 46, 0, 0, 0, , 0, 0, 0, 0, 0, 
176, 0, 193, -1, -1, 183, 120, 191.0, 7, , 9, 0, 0, 0, , 0, 0, 0, 0, 0, 
177, 0, 194, -1, -1, 96, 111, 82.0, 15, , 50, 0, 0, 0, , 0, 0, 0, 0, 0, 
178, 0, 195, -1, -1, 118, 156, 76.0, 9, , 9, 0, 0, 0, , 0, 0, 0, 0, 0, 
179, 0, 196, -1, -1, 132, 171, 93.0, 7, , 16, 0, 0, 0, , 0, 0, 0, 0, 0, 
180, 0, 197, -1, -1, 173, 163, 110.0, 7, , 23, 0, 0, 0, , 0, 0, 0, 0, 0, 
181, 0, 198, -1, -1, 104, 143, 121.0, 13, , 93, 0, 0, 0, , 0, 0, 0, 0, 0, 
182, 0, 199, -1, -1, 169, 91, 119.0, 9, , 30, 0, 0, 0, , 0, 0, 0, 0, 0, 
183, 0, 200, -1, -1, 152, 136, 120.0, 9, , 42, 0, 0, 0, , 0, 0, 0, 0, 0, 
184, 0, 201, -1, -1, 96, 116, 132.0, 9, , 52, 0, 0, 0, , 0, 0, 0, 0, 0, 
185, 0, 202, -1, -1, 94, 174, 135.0, 11, , 10, 0, 0, 0, , 0, 0, 0, 0, 0, 
186, 0, 203, -1, -1, 96, 115, 135.0, 9, , 68, 0, 0, 0, , 0, 0, 0, 0, 0, 
187, 0, 204, -1, -1, 209, 144, 153.0, 9, , 39, 0, 0, 0, , 0, 0, 0, 0, 0, 
188, 0, 205, -1, -1, 142, 123, 164.0, 7, , 24, 0, 0, 0, , 0, 0, 0, 0, 0, 
189, 0, 206, -1, -1, 240, 146, 178.0, 9, , 40, 0, 0, 0, , 0, 0, 0, 0, 0, 
190, 0, 207, -1, -1, 168, 106, 181.0, 11, , 93, 0, 0, 0, , 0, 0, 0, 0, 0, 
191, 0, 208, -1, -1, 157, 133, 195.0, 11, , 18, 0, 0, 0, , 0, 0, 0, 0, 0, 
192, 0, 209, -1, -1, 107, 132, 103.0, 13, , 122, 0, 0, 0, , 0, 0, 0, 0, 0, 
193, 0, 210, -1, -1, 143, 153, 134.0, 11, , 62, 0, 0, 0, , 0, 0, 0, 0, 0, 
194, 0, 211, -1, -1, 112, 129, 150.0, 9, , 39, 0, 0, 0, , 0, 0, 0, 0, 0, 
195, 0, 212, -1, -1, 124, 109, 160.0, 9, , 59, 0, 0, 0, , 0, 0, 0, 0, 0, 
196, 0, 213, -1, -1, 78, 121, 179.0, 9, , 73, 0, 0, 0, , 0, 0, 0, 0, 0, 
197, 0, 214, -1, -1, 174, 124, 194.0, 7, , 20, 0, 0, 0, , 0, 0, 0, 0, 0, 
198, 0, 215, -1, -1, 143, 164, 95.0, 9, , 43, 0, 0, 0, , 0, 0, 0, 0, 0, 
199, 0, 216, -1, -1, 131, 127, 79.0, 11, , 43, 0, 0, 0, , 0, 0, 0, 0, 0, 
200, 0, 217, -1, -1, 56, 110, 89.0, 9, , 19, 0, 0, 0, , 0, 0, 0, 0, 0, 
201, 0, 218, -1, -1, 104, 129, 105.0, 9, , 52, 0, 0, 0, , 0, 0, 0, 0, 0, 
202, 0, 219, -1, -1, 106, 135, 106.0, 9, , 48, 0, 0, 0, , 0, 0, 0, 0, 0, 
203, 0, 220, -1, -1, 110, 91, 146.0, 11, , 78, 0, 0, 0, , 0, 0, 0, 0, 0, 
204, 0, 221, -1, -1, 145, 120, 169.0, 7, , 23, 0, 0, 0, , 0, 0, 0, 0, 0, 
205, 0, 222, -1, -1, 152, 110, 178.0, 9, , 43, 0, 0, 0, , 0, 0, 0, 0, 0, 
206, 0, 223, -1, -1, 168, 107, 187.0, 9, , 66, 0, 0, 0, , 0, 0, 0, 0, 0, 
207, 0, 224, -1, -1, 300, 117, 190.0, 11, , 92, 0, 0, 0, , 0, 0, 0, 0, 0, 
208, 0, 225, -1, -1, 174, 123, 195.0, 9, , 24, 0, 0, 0, , 0, 0, 0, 0, 0, 
209, 0, 226, -1, -1, 169, 117, 203.0, 9, , 45, 0, 0, 0, , 0, 0, 0, 0, 0, 
210, 0, 227, -1, -1, 113, 163, 129.0, 9, , 31, 0, 0, 0, , 0, 0, 0, 0, 0, 
211, 0, 228, -1, -1, 156, 95, 182.0, 7, , 38, 0, 0, 0, , 0, 0, 0, 0, 0, 
212, 0, 230, -1, -1, 117, 163, 123.0, 9, , 32, 0, 0, 0, , 0, 0, 0, 0, 0, 
213, 0, 231, -1, -1, 97, 115, 134.0, 11, , 104, 0, 0, 0, , 0, 0, 0, 0, 0, 
214, 0, 232, -1, -1, 141, 152, 136.0, 9, , 20, 0, 0, 0, , 0, 0, 0, 0, 0, 
215, 0, 233, -1, -1, 123, 109, 150.0, 7, , 46, 0, 0, 0, , 0, 0, 0, 0, 0, 
216, 0, 234, -1, -1, 120, 114, 182.0, 9, , 32, 0, 0, 0, , 0, 0, 0, 0, 0, 
217, 0, 235, -1, -1, 184, 101, 192.0, 11, , 68, 0, 0, 0, , 0, 0, 0, 0, 0, 
218, 0, 236, -1, -1, 166, 92, 139.0, 9, , 67, 0, 0, 0, , 0, 0, 0, 0, 0, 
219, 0, 237, -1, -1, 134, 116, 140.0, 7, , 17, 0, 0, 0, , 0, 0, 0, 0, 0, 
220, 0, 238, -1, -1, 122, 84, 90.0, 11, , 159, 0, 0, 0, , 0, 0, 0, 0, 0, 
221, 0, 239, -1, -1, 153, 164, 125.0, 9, , 26, 0, 0, 0, , 0, 0, 0, 0, 0, 
222, 0, 240, -1, -1, 162, 143, 125.0, 11, , 68, 0, 0, 0, , 0, 0, 0, 0, 0, 
223, 0, 241, -1, -1, 151, 164, 129.0, 9, , 43, 0, 0, 0, , 0, 0, 0, 0, 0, 
224, 0, 242, -1, -1, 150, 143, 127.0, 9, , 27, 0, 0, 0, , 0, 0, 0, 0, 0, 
225, 0, 243, -1, -1, 193, 68, 100.0, 9, , 35, 0, 0, 0, , 0, 0, 0, 0, 0, 
226, 0, 244, -1, -1, 110, 92, 150.0, 11, , 67, 0, 0, 0, , 0, 0, 0, 0, 0, 
227, 0, 245, -1, -1, 173, 151, 145.0, 7, , 27, 0, 0, 0, , 0, 0, 0, 0, 0, 
228, 0, 246, -1, -1, 139, 126, 147.0, 13, , 137, 0, 0, 0, , 0, 0, 0, 0, 0, 
229, 0, 247, -1, -1, 208, 143, 149.0, 11, , 51, 0, 0, 0, , 0, 0, 0, 0, 0, 
230, 0, 248, -1, -1, 87, 131, 166.0, 9, , 41, 0, 0, 0, , 0, 0, 0, 0, 0, 
231, 0, 249, -1, -1, 88, 130, 168.0, 11, , 40, 0, 0, 0, , 0, 0, 0, 0, 0, 
232, 0, 251, -1, -1, 113, 86, 129.0, 9, , 75, 0, 0, 0, , 0, 0, 0, 0, 0, 
233, 0, 252, -1, -1, 124, 126, 136.0, 9, , 29, 0, 0, 0, , 0, 0, 0, 0, 0, 
234, 0, 254, -1, -1, 180, 114, 74.0, 9, , 32, 0, 0, 0, , 0, 0, 0, 0, 0, 
235, 0, 255, -1, -1, 111, 158, 94.0, 9, , 51, 0, 0, 0, , 0, 0, 0, 0, 0, 
236, 0, 256, -1, -1, 267, 62, 107.0, 9, , 26, 0, 0, 0, , 0, 0, 0, 0, 0, 
237, 0, 257, -1, -1, 50, 112, 126.0, 9, , 21, 0, 0, 0, , 0, 0, 0, 0, 0, 
238, 0, 258, -1, -1, 149, 140, 134.0, 11, , 102, 0, 0, 0, , 0, 0, 0, 0, 0, 
239, 0, 259, -1, -1, 90, 146, 146.0, 9, , 24, 0, 0, 0, , 0, 0, 0, 0, 0, 
240, 0, 261, -1, -1, 167, 105, 183.0, 11, , 98, 0, 0, 0, , 0, 0, 0, 0, 0, 
241, 0, 263, -1, -1, 85, 164, 126.0, 9, , 27, 0, 0, 0, , 0, 0, 0, 0, 0, 
242, 0, 264, -1, -1, 191, 44, 143.0, 11, , 81, 0, 0, 0, , 0, 0, 0, 0, 0, 
243, 0, 265, -1, -1, 184, 147, 165.0, 9, , 44, 0, 0, 0, , 0, 0, 0, 0, 0, 
244, 0, 266, -1, -1, 135, 110, 168.0, 7, , 17, 0, 0, 0, , 0, 0, 0, 0, 0, 
245, 0, 267, -1, -1, 125, 155, 167.0, 13, , 77, 0, 0, 0, , 0, 0, 0, 0, 0, 
246, 0, 268, -1, -1, 236, 146, 178.0, 11, , 44, 0, 0, 0, , 0, 0, 0, 0, 0, 
247, 0, 269, -1, -1, 260, 165, 177.0, 7, , 19, 0, 0, 0, , 0, 0, 0, 0, 0, 
248, 0, 270, -1, -1, 113, 75, 184.0, 9, , 14, 0, 0, 0, , 0, 0, 0, 0, 0, 
249, 0, 271, -1, -1, 173, 152, 132.0, 13, , 34, 0, 0, 0, , 0, 0, 0, 0, 0, 
250, 0, 272, -1, -1, 107, 84, 138.0, 9, , 48, 0, 0, 0, , 0, 0, 0, 0, 0, 
251, 0, 273, -1, -1, 129, 128, 143.0, 9, , 17, 0, 0, 0, , 0, 0, 0, 0, 0, 
252, 0, 274, -1, -1, 99, 163, 146.0, 7, , 17, 0, 0, 0, , 0, 0, 0, 0, 0, 
253, 0, 275, -1, -1, 151, 103, 156.0, 9, , 97, 0, 0, 0, , 0, 0, 0, 0, 0, 
254, 0, 276, -1, -1, 85, 132, 160.0, 9, , 46, 0, 0, 0, , 0, 0, 0, 0, 0, 
255, 0, 277, -1, -1, 160, 92, 187.0, 9, , 37, 0, 0, 0, , 0, 0, 0, 0, 0, 
256, 0, 278, -1, -1, 132, 134, 200.0, 9, , 14, 0, 0, 0, , 0, 0, 0, 0, 0, 
257, 0, 279, -1, -1, 173, 124, 196.0, 7, , 18, 0, 0, 0, , 0, 0, 0, 0, 0, 
258, 0, 280, -1, -1, 169, 90, 121.0, 9, , 32, 0, 0, 0, , 0, 0, 0, 0, 0, 
259, 0, 281, -1, -1, 149, 140, 138.0, 11, , 118, 0, 0, 0, , 0, 0, 0, 0, 0, 
260, 0, 283, -1, -1, 159, 92, 189.0, 7, , 18, 0, 0, 0, , 0, 0, 0, 0, 0, 
261, 0, 284, -1, -1, 186, 85, 196.0, 11, , 62, 0, 0, 0, , 0, 0, 0, 0, 0, 
262, 0, 285, -1, -1, 141, 128, 59.0, 9, , 36, 0, 0, 0, , 0, 0, 0, 0, 0, 
263, 0, 287, -1, -1, 129, 172, 99.0, 7, , 38, 0, 0, 0, , 0, 0, 0, 0, 0, 
264, 0, 288, -1, -1, 123, 142, 118.0, 11, , 11, 0, 0, 0, , 0, 0, 0, 0, 0, 
265, 0, 289, -1, -1, 316, 66, 129.0, 11, , 27, 0, 0, 0, , 0, 0, 0, 0, 0, 
266, 0, 290, -1, -1, 210, 89, 198.0, 13, , 107, 0, 0, 0, , 0, 0, 0, 0, 0, 
267, 0, 291, -1, -1, 128, 173, 128.0, 9, , 22, 0, 0, 0, , 0, 0, 0, 0, 0, 
268, 0, 292, -1, -1, 106, 86, 132.0, 11, , 74, 0, 0, 0, , 0, 0, 0, 0, 0, 
269, 0, 293, -1, -1, 169, 77, 110.0, 11, , 54, 0, 0, 0, , 0, 0, 0, 0, 0, 
270, 0, 294, -1, -1, 116, 169, 144.0, 9, , 30, 0, 0, 0, , 0, 0, 0, 0, 0, 
271, 0, 295, -1, -1, 167, 92, 137.0, 7, , 81, 0, 0, 0, , 0, 0, 0, 0, 0, 
272, 0, 296, -1, -1, 210, 169, 132.0, 7, , 15, 0, 0, 0, , 0, 0, 0, 0, 0, 
273, 0, 297, -1, -1, 191, 98, 139.0, 7, , 29, 0, 0, 0, , 0, 0, 0, 0, 0, 
274, 0, 298, -1, -1, 192, 135, 140.0, 9, , 12, 0, 0, 0, , 0, 0, 0, 0, 0, 
275, 0, 299, -1, -1, 249, 96, 147.0, 9, , 15, 0, 0, 0, , 0, 0, 0, 0, 0, 
276, 0, 300, -1, -1, 140, 124, 154.0, 9, , 70, 0, 0, 0, , 0, 0, 0, 0, 0, 
277, 0, 301, -1, -1, 301, 55, 164.0, 9, , 35, 0, 0, 0, , 0, 0, 0, 0, 0, 
278, 0, 303, -1, -1, 213, 71, 91.0, 9, , 39, 0, 0, 0, , 0, 0, 0, 0, 0, 
279, 0, 304, -1, -1, 82, 153, 151.0, 9, , 43, 0, 0, 0, , 0, 0, 0, 0, 0, 
280, 0, 305, -1, -1, 102, 145, 127.0, 11, , 72, 0, 0, 0, , 0, 0, 0, 0, 0, 
281, 0, 306, -1, -1, 148, 142, 132.0, 9, , 67, 0, 0, 0, , 0, 0, 0, 0, 0, 
282, 0, 307, -1, -1, 169, 99, 161.0, 11, , 29, 0, 0, 0, , 0, 0, 0, 0, 0, 
283, 0, 309, -1, -1, 162, 79, 191.0, 7, , 13, 0, 0, 0, , 0, 0, 0, 0, 0, 
284, 0, 310, -1, -1, 124, 156, 75.0, 9, , 25, 0, 0, 0, , 0, 0, 0, 0, 0, 
285, 0, 311, -1, -1, 134, 125, 85.0, 9, , 25, 0, 0, 0, , 0, 0, 0, 0, 0, 
286, 0, 312, -1, -1, 111, 85, 123.0, 9, , 50, 0, 0, 0, , 0, 0, 0, 0, 0, 
287, 0, 313, -1, -1, 129, 135, 179.0, 11, , 49, 0, 0, 0, , 0, 0, 0, 0, 0, 
288, 0, 314, -1, -1, 209, 85, 196.0, 7, , 21, 0, 0, 0, , 0, 0, 0, 0, 0, 
289, 0, 317, -1, -1, 122, 174, 145.0, 11, , 81, 0, 0, 0, , 0, 0, 0, 0, 0, 
290, 0, 319, -1, -1, 280, 176, 162.0, 9, , 8, 0, 0, 0, , 0, 0, 0, 0, 0, 
291, 0, 320, -1, -1, 262, 163, 170.0, 9, , 32, 0, 0, 0, , 0, 0, 0, 0, 0, 
292, 0, 321, -1, -1, 155, 114, 179.0, 9, , 25, 0, 0, 0, , 0, 0, 0, 0, 0, 
293, 0, 322, -1, -1, 114, 75, 182.0, 7, , 17, 0, 0, 0, , 0, 0, 0, 0, 0, 
294, 0, 323, -1, -1, 209, 118, 111.0, 9, , 42, 0, 0, 0, , 0, 0, 0, 0, 0, 
295, 0, 325, -1, -1, 169, 153, 157.0, 9, , 59, 0, 0, 0, , 0, 0, 0, 0, 0, 
296, 0, 326, -1, -1, 157, 94, 180.0, 9, , 24, 0, 0, 0, , 0, 0, 0, 0, 0, 
297, 0, 328, -1, -1, 184, 101, 189.0, 9, , 37, 0, 0, 0, , 0, 0, 0, 0, 0, 
298, 0, 329, -1, -1, 156, 70, 83.0, 9, , 27, 0, 0, 0, , 0, 0, 0, 0, 0, 
299, 0, 330, -1, -1, 134, 97, 87.0, 9, , 15, 0, 0, 0, , 0, 0, 0, 0, 0, 
300, 0, 331, -1, -1, 150, 49, 119.0, 9, , 22, 0, 0, 0, , 0, 0, 0, 0, 0, 
301, 0, 332, -1, -1, 106, 144, 119.0, 9, , 42, 0, 0, 0, , 0, 0, 0, 0, 0, 
302, 0, 333, -1, -1, 114, 158, 129.0, 9, , 23, 0, 0, 0, , 0, 0, 0, 0, 0, 
303, 0, 335, -1, -1, 195, 135, 136.0, 9, , 10, 0, 0, 0, , 0, 0, 0, 0, 0, 
304, 0, 336, -1, -1, 128, 133, 139.0, 9, , 36, 0, 0, 0, , 0, 0, 0, 0, 0, 
305, 0, 337, -1, -1, 81, 152, 146.0, 9, , 48, 0, 0, 0, , 0, 0, 0, 0, 0, 
306, 0, 338, -1, -1, 60, 123, 149.0, 9, , 60, 0, 0, 0, , 0, 0, 0, 0, 0, 
307, 0, 339, -1, -1, 239, 126, 153.0, 9, , 31, 0, 0, 0, , 0, 0, 0, 0, 0, 
308, 0, 341, -1, -1, 243, 47, 186.0, 13, , 96, 0, 0, 0, , 0, 0, 0, 0, 0, 
309, 0, 342, -1, -1, 131, 134, 203.0, 7, , 26, 0, 0, 0, , 0, 0, 0, 0, 0, 
310, 0, 345, -1, -1, 164, 120, 189.0, 9, , 11, 0, 0, 0, , 0, 0, 0, 0, 0, 
311, 0, 347, -1, -1, 107, 136, 101.0, 9, , 24, 0, 0, 0, , 0, 0, 0, 0, 0, 
312, 0, 348, -1, -1, 118, 89, 110.0, 7, , 31, 0, 0, 0, , 0, 0, 0, 0, 0, 
313, 0, 349, -1, -1, 155, 107, 129.0, 7, , 20, 0, 0, 0, , 0, 0, 0, 0, 0, 
314, 0, 350, -1, -1, 257, 39, 129.0, 7, , 16, 0, 0, 0, , 0, 0, 0, 0, 0, 
315, 0, 351, -1, -1, 222, 107, 136.0, 9, , 71, 0, 0, 0, , 0, 0, 0, 0, 0, 
316, 0, 352, -1, -1, 93, 174, 138.0, 9, , 16, 0, 0, 0, , 0, 0, 0, 0, 0, 
317, 0, 353, -1, -1, 66, 114, 136.0, 9, , 4, 0, 0, 0, , 0, 0, 0, 0, 0, 
318, 0, 354, -1, -1, 175, 148, 146.0, 11, , 69, 0, 0, 0, , 0, 0, 0, 0, 0, 
319, 0, 355, -1, -1, 281, 92, 193.0, 9, , 16, 0, 0, 0, , 0, 0, 0, 0, 0, 
320, 0, 356, -1, -1, 117, 89, 107.0, 9, , 23, 0, 0, 0, , 0, 0, 0, 0, 0, 
321, 0, 357, -1, -1, 118, 89, 112.0, 7, , 15, 0, 0, 0, , 0, 0, 0, 0, 0, 
322, 0, 358, -1, -1, 140, 80, 166.0, 9, , 141, 0, 0, 0, , 0, 0, 0, 0, 0, 
323, 0, 359, -1, -1, 187, 86, 194.0, 9, , 58, 0, 0, 0, , 0, 0, 0, 0, 0, 
324, 0, 360, -1, -1, 170, 123, 202.0, 9, , 24, 0, 0, 0, , 0, 0, 0, 0, 0, 
325, 0, 361, -1, -1, 126, 172, 149.0, 9, , 29, 0, 0, 0, , 0, 0, 0, 0, 0, 
326, 0, 362, -1, -1, 205, 146, 157.0, 11, , 31, 0, 0, 0, , 0, 0, 0, 0, 0, 
327, 0, 363, -1, -1, 169, 98, 68.0, 7, , 18, 0, 0, 0, , 0, 0, 0, 0, 0, 
328, 0, 364, -1, -1, 173, 151, 100.0, 7, , 6, 0, 0, 0, , 0, 0, 0, 0, 0, 
329, 0, 365, -1, -1, 188, 142, 106.0, 9, , 106, 0, 0, 0, , 0, 0, 0, 0, 0, 
330, 0, 366, -1, -1, 170, 134, 108.0, 9, , 23, 0, 0, 0, , 0, 0, 0, 0, 0, 
331, 0, 367, -1, -1, 120, 175, 118.0, 9, , 21, 0, 0, 0, , 0, 0, 0, 0, 0, 
332, 0, 368, -1, -1, 93, 154, 122.0, 9, , 38, 0, 0, 0, , 0, 0, 0, 0, 0, 
333, 0, 370, -1, -1, 83, 165, 131.0, 9, , 35, 0, 0, 0, , 0, 0, 0, 0, 0, 
334, 0, 371, -1, -1, 88, 59, 130.0, 9, , 11, 0, 0, 0, , 0, 0, 0, 0, 0, 
335, 0, 372, -1, -1, 193, 134, 139.0, 9, , 54, 0, 0, 0, , 0, 0, 0, 0, 0, 
336, 0, 373, -1, -1, 104, 170, 139.0, 9, , 19, 0, 0, 0, , 0, 0, 0, 0, 0, 
337, 0, 374, -1, -1, 58, 125, 143.0, 9, , 64, 0, 0, 0, , 0, 0, 0, 0, 0, 
338, 0, 375, -1, -1, 238, 149, 155.0, 11, , 65, 0, 0, 0, , 0, 0, 0, 0, 0, 
339, 0, 376, -1, -1, 101, 137, 160.0, 11, , 96, 0, 0, 0, , 0, 0, 0, 0, 0, 
340, 0, 378, -1, -1, 141, 79, 171.0, 11, , 172, 0, 0, 0, , 0, 0, 0, 0, 0, 
341, 0, 380, -1, -1, 294, 60, 178.0, 11, , 22, 0, 0, 0, , 0, 0, 0, 0, 0, 
342, 0, 381, -1, -1, 276, 129, 184.0, 11, , 44, 0, 0, 0, , 0, 0, 0, 0, 0, 
343, 0, 382, -1, -1, 144, 111, 190.0, 7, , 21, 0, 0, 0, , 0, 0, 0, 0, 0, 
344, 0, 383, -1, -1, 150, 85, 192.0, 9, , 10, 0, 0, 0, , 0, 0, 0, 0, 0, 
345, 0, 384, -1, -1, 169, 107, 189.0, 11, , 106, 0, 0, 0, , 0, 0, 0, 0, 0, 
346, 0, 385, -1, -1, 266, 74, 193.0, 9, , 49, 0, 0, 0, , 0, 0, 0, 0, 0, 
347, 0, 386, -1, -1, 247, 87, 196.0, 9, , 38, 0, 0, 0, , 0, 0, 0, 0, 0, 
348, 0, 388, -1, -1, 98, 109, 83.0, 13, , 58, 0, 0, 0, , 0, 0, 0, 0, 0, 
349, 0, 389, -1, -1, 169, 76, 113.0, 9, , 26, 0, 0, 0, , 0, 0, 0, 0, 0, 
350, 0, 390, -1, -1, 156, 92, 184.0, 9, , 28, 0, 0, 0, , 0, 0, 0, 0, 0, 
351, 0, 391, -1, -1, 76, 122, 183.0, 9, , 36, 0, 0, 0, , 0, 0, 0, 0, 0, 
352, 0, -1, -1, -1, 180, 112, 80.0, 11, , 41, 0, 0, 0, , 0, 0, 0, 0, 0, 
353, 0, -1, -1, -1, 187, 84, 95.0, 7, , 15, 0, 0, 0, , 0, 0, 0, 0, 0, 
354, 0, -1, -1, -1, 206, 167, 97.0, 7, , 12, 0, 0, 0, , 0, 0, 0, 0, 0, 
355, 0, -1, -1, -1, 215, 126, 117.0, 7, , 18, 0, 0, 0, , 0, 0, 0, 0, 0, 
356, 0, -1, -1, -1, 120, 177, 122.0, 9, , 32, 0, 0, 0, , 0, 0, 0, 0, 0, 
357, 0, -1, -1, -1, 101, 144, 125.0, 9, , 44, 0, 0, 0, , 0, 0, 0, 0, 0, 
358, 0, -1, -1, -1, 126, 173, 132.0, 9, , 51, 0, 0, 0, , 0, 0, 0, 0, 0, 
359, 0, -1, -1, -1, 169, 97, 158.0, 9, , 13, 0, 0, 0, , 0, 0, 0, 0, 0, 
360, 0, -1, -1, -1, 90, 107, 180.0, 7, , 16, 0, 0, 0, , 0, 0, 0, 0, 0, 
361, 0, -1, -1, -1, 130, 109, 181.0, 7, , 17, 0, 0, 0, , 0, 0, 0, 0, 0, 
362, 0, -1, -1, -1, 119, 95, 185.0, 9, , 66, 0, 0, 0, , 0, 0, 0, 0, 0, 
363, 0, -1, -1, -1, 170, 84, 195.0, 9, , 17, 0, 0, 0, , 0, 0, 0, 0, 0, 
364, 0, -1, -1, -1, 167, 106, 204.0, 9, , 30, 0, 0, 0, , 0, 0, 0, 0, 0, 
365, 0, -1, -1, -1, 191, 96, 145.0, 9, , 39, 0, 0, 0, , 0, 0, 0, 0, 0, 
366, 0, -1, -1, -1, 169, 98, 165.0, 11, , 29, 0, 0, 0, , 0, 0, 0, 0, 0, 
367, 0, -1, -1, -1, 167, 108, 193.0, 11, , 62, 0, 0, 0, , 0, 0, 0, 0, 0, 
368, 0, -1, -1, -1, 168, 93, 135.0, 7, , 17, 0, 0, 0, , 0, 0, 0, 0, 0, 
369, 0, -1, -1, -1, 168, 92, 132.0, 9, , 7, 0, 0, 0, , 0, 0, 0, 0, 0, 
370, 1, 392, 343, -1, 279, 88, 189.0, 15, ABprappaap, 0, 0, 0, 0, , 0, 0, 0, 0, 0, 
371, 1, 393, 344, -1, 97, 125, 63.2, 15, ABplaaappa, 0, 0, 0, 0, , 0, 0, 0, 0, 0, 
372, 1, 394, 345, -1, 117, 90, 66.0, 16, ABplaaappp, 0, 0, 0, 0, , 0, 0, 0, 0, 0, 
373, 1, 395, 346, -1, 193, 62, 88.0, 17, ABarppapaa, 0, 0, 0, 0, , 0, 0, 0, 0, 0, 
374, 1, 396, 347, -1, 221, 54, 98.0, 18, ABarppapap, 0, 0, 0, 0, , 0, 0, 0, 0, 0, 
375, 1, 397, 348, -1, 231, 68, 200.0, 15, ABarppppap, 0, 0, 0, 0, , 0, 0, 0, 0, 0, 
376, 1, 398, 349, -1, 267, 62, 106.0, 15, ABplappapa, 0, 0, 0, 0, , 0, 0, 0, 0, 0, 
377, 1, 399, 350, -1, 265, 69, 195.0, 13, ABprappapa, 0, 0, 0, 0, , 0, 0, 0, 0, 0, 
378, 1, 400, 351, -1, 312, 92, 98.0, 17, ABarppappa, 0, 0, 0, 0, , 0, 0, 0, 0, 0, 
379, 1, 401, 352, -1, 301, 85, 191.0, 14, ABarpppppa, 0, 0, 0, 0, , 0, 0, 0, 0, 0, 
380, 1, 402, 353, -1, 300, 134, 85.0, 14, ABplapapaa, 0, 0, 0, 0, , 0, 0, 0, 0, 0, 
381, 1, 403, 354, -1, 301, 140, 184.0, 13, ABprapapaa, 0, 0, 0, 0, , 0, 0, 0, 0, 0, 
382, 1, 404, 355, -1, 265, 153, 184.0, 15, ABarpppppp, 0, 0, 0, 0, , 0, 0, 0, 0, 0, 
383, 1, 405, 356, -1, 222, 176, 118.0, 15, ABplappppp, 0, 0, 0, 0, , 0, 0, 0, 0, 0, 
384, 0, 406, -1, -1, 224, 168, 169.0, 10, , 0, 0, 0, 0, , 0, 0, 0, 0, 0, 
385, 0, 406, -1, -1, 225, 167, 168.0, 10, , 0, 0, 0, 0, , 0, 0, 0, 0, 0, 
386, 0, 407, -1, -1, 225, 168, 172.0, 10, , 0, 0, 0, 0, , 0, 0, 0, 0, 0, 
387, 1, 408, 359, -1, 90, 133, 190.0, 13, ABarpapppa, 0, 0, 0, 0, , 0, 0, 0, 0, 0, 
388, 1, 409, 360, -1, 114, 97, 203.0, 14, ABarpapppp, 0, 0, 0, 0, , 0, 0, 0, 0, 0, 
389, 1, 410, 361, -1, 264, 144, 82.0, 15, ABarppappp, 0, 0, 0, 0, , 0, 0, 0, 0, 0, 
390, 1, 411, 362, -1, 148, 84, 206.0, 16, ABarpppaap, 0, 0, 0, 0, , 0, 0, 0, 0, 0, 
391, 0, 412, -1, -1, 163, 82, 94.0, 14, , 0, 0, 0, 0, , 0, 0, 0, 0, 0, 
392, 0, 413, -1, -1, 190, 77, 201.0, 14, , 0, 0, 0, 0, , 0, 0, 0, 0, 0, 
393, 0, 414, -1, -1, 223, 165, 175.0, 10, , 0, 0, 0, 0, , 0, 0, 0, 0, 0, 
394, 0, 415, -1, -1, 224, 166, 171.0, 10, , 0, 0, 0, 0, , 0, 0, 0, 0, 0, 
395, 0, 416, -1, -1, 224, 162, 177.0, 10, , 0, 0, 0, 0, , 0, 0, 0, 0, 0, 
396, 0, 417, -1, -1, 71, 135, 88.0, 13, , 0, 0, 0, 0, , 0, 0, 0, 0, 0, 
397, 0, 418, -1, -1, 105, 77, 83.0, 12, , 0, 0, 0, 0, , 0, 0, 0, 0, 0, 
398, 0, 419, -1, -1, 106, 133, 105.0, 12, , 0, 0, 0, 0, , 0, 0, 0, 0, 0, 
399, 0, 420, -1, -1, 80, 117, 102.666664, 14, , 0, 0, 0, 0, , 0, 0, 0, 0, 0, 
400, 0, 421, -1, -1, 70, 135, 88.0, 13, , 0, 0, 0, 0, , 0, 0, 0, 0, 0, 
401, 1, 422, 373, -1, 244, 53, 155.0, 15, Earpa, 0, 0, 0, 0, , 0, 0, 0, 0, 0, 
402, 1, 423, 374, -1, 223, 44, 133.5, 15, Ealaad, 0, 0, 0, 0, , 0, 0, 0, 0, 0, 
403, 1, 424, 375, -1, 230, 69, 120.0, 15, Ealaav, 0, 0, 0, 0, , 0, 0, 0, 0, 0, 
404, 1, 425, 376, -1, 265, 77, 152.0, 16, Ealap, 0, 0, 0, 0, , 0, 0, 0, 0, 0, 
405, 1, 426, 377, -1, 240, 74, 147.0, 15, Ealpa, 0, 0, 0, 0, , 0, 0, 0, 0, 0, 
406, 1, 427, 378, -1, 321, 97, 128.0, 15, Ealpp, 0, 0, 0, 0, , 0, 0, 0, 0, 0, 
407, 1, 428, 379, -1, 226, 49, 170.66667, 15, Earaad, 0, 0, 0, 0, , 0, 0, 0, 0, 0, 
408, 1, 429, 380, -1, 219, 77, 161.0, 15, Earaav, 0, 0, 0, 0, , 0, 0, 0, 0, 0, 
409, 1, 430, 381, -1, 260, 56, 143.0, 15, Earap, 0, 0, 0, 0, , 0, 0, 0, 0, 0, 
410, 1, 431, 382, -1, 315, 80, 148.33333, 15, Earpp, 0, 0, 0, 0, , 0, 0, 0, 0, 0, 
411, 1, 432, 383, -1, 292, 81, 133.75, 14, Eplaa, 0, 0, 0, 0, , 0, 0, 0, 0, 0, 
412, 1, 433, 384, -1, 319, 129, 131.33333, 15, Eplap, 0, 0, 0, 0, , 0, 0, 0, 0, 0, 
413, 1, 434, 385, -1, 299, 149, 127.0, 17, Eplpa, 0, 0, 0, 0, , 0, 0, 0, 0, 0, 
414, 1, 435, 386, -1, 259, 166, 122.0, 15, Eplppa, 0, 0, 0, 0, , 0, 0, 0, 0, 0, 
415, 1, 436, 387, -1, 273, 153, 124.0, 15, Eplppp, 0, 0, 0, 0, , 0, 0, 0, 0, 0, 
416, 1, 437, 388, -1, 290, 67, 149.5, 15, Epraa, 0, 0, 0, 0, , 0, 0, 0, 0, 0, 
417, 1, 438, 389, -1, 321, 113, 146.0, 16, Eprap, 0, 0, 0, 0, , 0, 0, 0, 0, 0, 
418, 1, 439, 390, -1, 303, 138, 146.33333, 14, Eprpa, 0, 0, 0, 0, , 0, 0, 0, 0, 0, 
419, 1, 440, 391, -1, 262, 157, 144.33333, 13, Eprppa, 0, 0, 0, 0, , 0, 0, 0, 0, 0, 
420, 1, 441, 392, -1, 285, 152, 142.0, 15, Eprppp, 0, 0, 0, 0, , 0, 0, 0, 0, 0, 
421, 1, 442, 393, -1, 104, 88, 112.0, 11, MSaaaaaal, 0, 0, 0, 0, , 0, 0, 0, 0, 0, 
422, 1, 443, 394, -1, 104, 93, 157.5, 11, MSaaaaaar, 0, 0, 0, 0, , 0, 0, 0, 0, 0, 
423, 0, 444, -1, -1, 130, 62, 126.0, 14, , 0, 0, 0, 0, , 0, 0, 0, 0, 0, 
424, 1, 445, 396, -1, 119, 64, 143.0, 13, MSaaaaapaa, 0, 0, 0, 0, , 0, 0, 0, 0, 0, 
425, 1, 446, 397, -1, 157, 43, 145.0, 11, MSaaaapaa, 0, 0, 0, 0, , 0, 0, 0, 0, 0, 
426, 1, 447, 398, -1, 151, 48, 135.0, 12, MSaaaapap, 0, 0, 0, 0, , 0, 0, 0, 0, 0, 
427, 0, 448, -1, -1, 141, 73, 109.0, 11, , 0, 0, 0, 0, , 0, 0, 0, 0, 0, 
428, 1, 449, 400, -1, 182, 47, 126.0, 9, MSaaapapa, 0, 0, 0, 0, , 0, 0, 0, 0, 0, 
429, 1, 450, 401, -1, 201, 74, 139.0, 11, MSaaapapp, 0, 0, 0, 0, , 0, 0, 0, 0, 0, 
430, 0, 451, -1, -1, 227, 58, 132.0, 11, , 0, 0, 0, 0, , 0, 0, 0, 0, 0, 
431, 1, 452, 403, -1, 210, 43, 154.0, 11, MSaaappp, 0, 0, 0, 0, , 0, 0, 0, 0, 0, 
432, 1, 453, 404, -1, 182, 97, 119.0, 10, MSaapaaap, 0, 0, 0, 0, , 0, 0, 0, 0, 0, 
433, 1, 454, 405, -1, 160, 96, 127.0, 11, MSaapaaaa, 0, 0, 0, 0, , 0, 0, 0, 0, 0, 
434, 1, 455, 406, -1, 192, 71, 116.0, 10, MSaapaapp, 0, 0, 0, 0, , 0, 0, 0, 0, 0, 
435, 0, 456, -1, -1, 215, 71, 132.0, 10, , 0, 0, 0, 0, , 0, 0, 0, 0, 0, 
436, 1, 457, 408, -1, 115, 97, 96.0, 14, MSapaaaad, 0, 0, 0, 0, , 0, 0, 0, 0, 0, 
437, 1, 458, 409, -1, 141, 128, 100.0, 12, MSapaaaav, 0, 0, 0, 0, , 0, 0, 0, 0, 0, 
438, 1, 459, 410, -1, 283, 133, 153.0, 15, MSapaapp, 0, 0, 0, 0, , 0, 0, 0, 0, 0, 
439, 1, 460, 411, -1, 136, 106, 90.5, 16, MSapapap, 0, 0, 0, 0, , 0, 0, 0, 0, 0, 
440, 1, 461, 412, -1, 113, 61, 103.0, 16, MSapappa, 0, 0, 0, 0, , 0, 0, 0, 0, 0, 
441, 0, 462, -1, -1, 83, 73, 110.0, 14, , 0, 0, 0, 0, , 0, 0, 0, 0, 0, 
442, 0, 463, -1, -1, 140, 51, 104.0, 14, , 0, 0, 0, 0, , 0, 0, 0, 0, 0, 
443, 1, 464, 415, -1, 102, 55, 116.333336, 14, MSappppa, 0, 0, 0, 0, , 0, 0, 0, 0, 0, 
444, 1, 465, 416, -1, 124, 44, 126.5, 14, MSappppp, 0, 0, 0, 0, , 0, 0, 0, 0, 0, 
445, 1, 466, 417, -1, 137, 54, 139.5, 15, MSpaaaaaa, 0, 0, 0, 0, , 0, 0, 0, 0, 0, 
446, 0, 467, -1, -1, 145, 50, 154.0, 15, , 0, 0, 0, 0, , 0, 0, 0, 0, 0, 
447, 1, 468, 419, -1, 115, 77, 158.0, 15, MSpaaaapa, 0, 0, 0, 0, , 0, 0, 0, 0, 0, 
448, 1, 469, 420, -1, 129, 66, 157.0, 15, MSpaaaapp, 0, 0, 0, 0, , 0, 0, 0, 0, 0, 
449, 1, 470, 421, -1, 170, 44, 135.0, 13, MSpaaapaa, 0, 0, 0, 0, , 0, 0, 0, 0, 0, 
450, 1, 471, 422, -1, 192, 45, 142.0, 13, MSpaaapap, 0, 0, 0, 0, , 0, 0, 0, 0, 0, 
451, 0, 472, -1, -1, 153, 60, 156.5, 14, , 0, 0, 0, 0, , 0, 0, 0, 0, 0, 
452, 1, 473, 424, -1, 143, 50, 153.0, 15, MSpaaappa, 0, 0, 0, 0, , 0, 0, 0, 0, 0, 
453, 1, 474, 425, -1, 168, 40, 152.0, 15, MSpaaappp, 0, 0, 0, 0, , 0, 0, 0, 0, 0, 
454, 1, 475, 426, -1, 153, 62, 167.0, 15, ABaraappapp, 0, 0, 0, 0, , 0, 0, 0, 0, 0, 
455, 1, 476, 427, -1, 177, 57, 168.0, 15, MSpaapapa, 0, 0, 0, 0, , 0, 0, 0, 0, 0, 
456, 1, 477, 428, -1, 222, 52, 191.5, 15, Caaaaa, 0, 0, 0, 0, , 0, 0, 0, 0, 0, 
457, 1, 478, 429, -1, 282, 64, 186.0, 16, Caaaap, 0, 0, 0, 0, , 0, 0, 0, 0, 0, 
458, 1, 479, 430, -1, 322, 95, 178.0, 17, Caaapa, 0, 0, 0, 0, , 0, 0, 0, 0, 0, 
459, 1, 480, 431, -1, 320, 141, 173.0, 17, Caaapp, 0, 0, 0, 0, , 0, 0, 0, 0, 0, 
460, 1, 481, 432, -1, 188, 169, 171.0, 13, Caapaa, 0, 0, 0, 0, , 0, 0, 0, 0, 0, 
461, 1, 482, 433, -1, 246, 174, 170.0, 16, Caappd, 0, 0, 0, 0, , 0, 0, 0, 0, 0, 
462, 1, 483, 434, -1, 207, 182, 153.0, 15, Caappv, 0, 0, 0, 0, , 0, 0, 0, 0, 0, 
463, 1, 484, 435, -1, 220, 87, 103.0, 15, Capaaaa, 0, 0, 0, 0, , 0, 0, 0, 0, 0, 
464, 1, 485, 436, -1, 254, 82, 104.5, 17, Capaaap, 0, 0, 0, 0, , 0, 0, 0, 0, 0, 
465, 1, 486, 437, -1, 285, 92, 107.0, 15, Capaapa, 0, 0, 0, 0, , 0, 0, 0, 0, 0, 
466, 1, 487, 438, -1, 273, 145, 103.0, 15, Capaapp, 0, 0, 0, 0, , 0, 0, 0, 0, 0, 
467, 1, 488, 439, -1, 306, 65, 117.5, 15, Capapaa, 0, 0, 0, 0, , 0, 0, 0, 0, 0, 
468, 1, 489, 440, -1, 336, 120, 110.333336, 15, Capapap, 0, 0, 0, 0, , 0, 0, 0, 0, 0, 
469, 1, 490, 441, -1, 257, 130, 104.0, 15, Capappa, 0, 0, 0, 0, , 0, 0, 0, 0, 0, 
470, 0, 491, -1, -1, 215, 150, 133.0, 14, , 0, 0, 0, 0, , 0, 0, 0, 0, 0, 
471, 1, 492, 443, -1, 265, 44, 122.0, 17, Cappaaa, 0, 0, 0, 0, , 0, 0, 0, 0, 0, 
472, 1, 493, 444, -1, 321, 72, 126.5, 17, Cappaap, 0, 0, 0, 0, , 0, 0, 0, 0, 0, 
473, 1, 494, 445, -1, 300, 162, 105.5, 14, Cappapa, 0, 0, 0, 0, , 0, 0, 0, 0, 0, 
474, 1, 495, 446, -1, 255, 172, 109.0, 14, Cappapp, 0, 0, 0, 0, , 0, 0, 0, 0, 0, 
475, 1, 496, 447, -1, 327, 150, 115.666664, 16, Capppaa, 0, 0, 0, 0, , 0, 0, 0, 0, 0, 
476, 1, 497, 448, -1, 294, 173, 120.0, 15, Capppap, 0, 0, 0, 0, , 0, 0, 0, 0, 0, 
477, 0, 498, -1, -1, 199, 172, 151.0, 14, , 0, 0, 0, 0, , 0, 0, 0, 0, 0, 
478, 0, 499, -1, -1, 187, 168, 147.0, 15, , 0, 0, 0, 0, , 0, 0, 0, 0, 0, 
479, 1, 500, 451, -1, 199, 41, 100.0, 17, Cpaaaa, 0, 0, 0, 0, , 0, 0, 0, 0, 0, 
480, 1, 501, 452, -1, 249, 44, 110.5, 19, Cpaaap, 0, 0, 0, 0, , 0, 0, 0, 0, 0, 
481, 1, 502, 453, -1, 299, 72, 104.0, 17, Cpaapa, 0, 0, 0, 0, , 0, 0, 0, 0, 0, 
482, 1, 503, 454, -1, 323, 113, 100.0, 17, Cpaapp, 0, 0, 0, 0, , 0, 0, 0, 0, 0, 
483, 1, 504, 455, -1, 278, 162, 176.0, 15, Cpapaa, 0, 0, 0, 0, , 0, 0, 0, 0, 0, 
484, 1, 505, 456, -1, 300, 151, 92.0, 15, Cpapap, 0, 0, 0, 0, , 0, 0, 0, 0, 0, 
485, 1, 506, 457, -1, 253, 174, 100.0, 15, Cpappd, 0, 0, 0, 0, , 0, 0, 0, 0, 0, 
486, 1, 507, 458, -1, 195, 179, 124.0, 15, Cpappv, 0, 0, 0, 0, , 0, 0, 0, 0, 0, 
487, 1, 508, 459, -1, 216, 99, 179.0, 14, Cppaaaa, 0, 0, 0, 0, , 0, 0, 0, 0, 0, 
488, 1, 509, 460, -1, 247, 94, 182.0, 13, Cppaaap, 0, 0, 0, 0, , 0, 0, 0, 0, 0, 
489, 1, 510, 461, -1, 280, 95, 176.0, 13, Cppaapa, 0, 0, 0, 0, , 0, 0, 0, 0, 0, 
490, 1, 511, 462, -1, 289, 130, 177.0, 13, Cppaapp, 0, 0, 0, 0, , 0, 0, 0, 0, 0, 
491, 1, 512, 463, -1, 298, 62, 176.33333, 13, Cppapaa, 0, 0, 0, 0, , 0, 0, 0, 0, 0, 
492, 1, 513, 464, -1, 335, 103, 165.0, 15, Cppapap, 0, 0, 0, 0, , 0, 0, 0, 0, 0, 
493, 1, 514, 465, -1, 256, 134, 177.0, 13, Cppappa, 0, 0, 0, 0, , 0, 0, 0, 0, 0, 
494, 1, 515, 466, -1, 240, 132, 170.5, 13, Cppappp, 0, 0, 0, 0, , 0, 0, 0, 0, 0, 
495, 1, 516, 467, -1, 243, 45, 182.0, 15, Cpppaaa, 0, 0, 0, 0, , 0, 0, 0, 0, 0, 
496, 1, 517, 468, -1, 301, 57, 166.0, 15, Cpppaap, 0, 0, 0, 0, , 0, 0, 0, 0, 0, 
497, 1, 518, 469, -1, 315, 156, 162.33333, 14, Cpppapa, 0, 0, 0, 0, , 0, 0, 0, 0, 0, 
498, 1, 519, 470, -1, 275, 175, 165.0, 13, Cpppapp, 0, 0, 0, 0, , 0, 0, 0, 0, 0, 
499, 1, 520, 471, -1, 336, 138, 149.0, 15, Cppppaa, 0, 0, 0, 0, , 0, 0, 0, 0, 0, 
500, 1, 521, 472, -1, 308, 166, 145.0, 15, Cppppap, 0, 0, 0, 0, , 0, 0, 0, 0, 0, 
501, 1, 522, 473, -1, 254, 179, 145.0, 14, Cpppppd, 0, 0, 0, 0, , 0, 0, 0, 0, 0, 
502, 1, 523, 474, -1, 201, 162, 167.5, 14, Cpppppv, 0, 0, 0, 0, , 0, 0, 0, 0, 0, 
503, 1, 524, 475, -1, 183, 113, 88.0, 14, Daaaa, 0, 0, 0, 0, , 0, 0, 0, 0, 0, 
504, 1, 525, 476, -1, 166, 39, 115.5, 15, Daaap, 0, 0, 0, 0, , 0, 0, 0, 0, 0, 
505, 1, 526, 477, -1, 158, 139, 90.0, 14, Daapa, 0, 0, 0, 0, , 0, 0, 0, 0, 0, 
506, 1, 527, 478, -1, 176, 134, 92.0, 14, Daapp, 0, 0, 0, 0, , 0, 0, 0, 0, 0, 
507, 1, 528, 479, -1, 201, 97, 100.0, 16, Dapaa, 0, 0, 0, 0, , 0, 0, 0, 0, 0, 
508, 1, 529, 480, -1, 208, 36, 120.0, 16, Dapap, 0, 0, 0, 0, , 0, 0, 0, 0, 0, 
509, 1, 530, 481, -1, 150, 35, 129.33333, 12, Dappaa, 0, 0, 0, 0, , 0, 0, 0, 0, 0, 
510, 1, 531, 482, -1, 192, 32, 132.0, 14, Dappap, 0, 0, 0, 0, , 0, 0, 0, 0, 0, 
511, 1, 532, 483, -1, 231, 35, 133.0, 12, Dapppa, 0, 0, 0, 0, , 0, 0, 0, 0, 0, 
512, 1, 533, 484, -1, 265, 40, 139.0, 14, Dapppp, 0, 0, 0, 0, , 0, 0, 0, 0, 0, 
513, 0, 534, -1, -1, 181, 118, 175.0, 15, , 0, 0, 0, 0, , 0, 0, 0, 0, 0, 
514, 1, 535, 486, -1, 155, 53, 182.0, 14, Dpaap, 0, 0, 0, 0, , 0, 0, 0, 0, 0, 
515, 1, 536, 487, -1, 156, 135, 187.0, 12, Dpapa, 0, 0, 0, 0, , 0, 0, 0, 0, 0, 
516, 1, 537, 488, -1, 173, 140, 173.0, 12, Dpapp, 0, 0, 0, 0, , 0, 0, 0, 0, 0, 
517, 1, 538, 489, -1, 193, 102, 180.66667, 14, Dppaa, 0, 0, 0, 0, , 0, 0, 0, 0, 0, 
518, 1, 539, 490, -1, 195, 47, 182.0, 16, Dppap, 0, 0, 0, 0, , 0, 0, 0, 0, 0, 
519, 1, 540, 491, -1, 138, 45, 169.66667, 14, Dpppaa, 0, 0, 0, 0, , 0, 0, 0, 0, 0, 
520, 1, 541, 492, -1, 180, 40, 169.0, 14, Dpppap, 0, 0, 0, 0, , 0, 0, 0, 0, 0, 
521, 1, 542, 493, -1, 212, 34, 170.0, 15, Dppppa, 0, 0, 0, 0, , 0, 0, 0, 0, 0, 
522, 1, 543, 494, -1, 248, 40, 171.0, 15, Dppppp, 0, 0, 0, 0, , 0, 0, 0, 0, 0, 
523, 1, 544, 495, -1, 295, 116, 169.0, 18, Z2, 0, 0, 0, 0, , 0, 0, 0, 0, 0, 
524, 1, 545, 496, -1, 289, 123, 117.5, 18, Z3, 0, 0, 0, 0, , 0, 0, 0, 0, 0, 
525, 1, 546, 497, -1, 131, 62, 122.0, 14, MSaaaaapp, 0, 0, 0, 0, , 0, 0, 0, 0, 0, 
526, 1, 547, 498, -1, 130, 62, 127.666664, 13, MSaaaaapap, 0, 0, 0, 0, , 0, 0, 0, 0, 0, 
527, 1, 548, 499, -1, 181, 53, 146.0, 13, MSaaaappp, 0, 0, 0, 0, , 0, 0, 0, 0, 0, 
528, 0, 549, -1, -1, 113, 88, 125.0, 14, , 0, 0, 0, 0, , 0, 0, 0, 0, 0, 
529, 1, 550, 501, -1, 141, 73, 106.0, 11, MSaaapaap, 0, 0, 0, 0, , 0, 0, 0, 0, 0, 
530, 1, 551, 502, -1, 200, 86, 120.0, 12, MSaapapaa, 0, 0, 0, 0, , 0, 0, 0, 0, 0, 
531, 1, 552, 503, -1, 200, 89, 157.0, 10, MSpapapaa, 0, 0, 0, 0, , 0, 0, 0, 0, 0, 
532, 1, 553, 504, -1, 117, 51, 156.0, 14, MSpppppp, 0, 0, 0, 0, , 0, 0, 0, 0, 0, 
533, 0, 554, -1, -1, 211, 169, 133.0, 14, , 0, 0, 0, 0, , 0, 0, 0, 0, 0, 
534, 1, 555, 506, -1, 300, 116, 189.5, 13, ABprappapp, 0, 0, 0, 0, , 0, 0, 0, 0, 0, 
535, 1, 556, 507, -1, 243, 85, 195.0, 13, ABprappaaa, 0, 0, 0, 0, , 0, 0, 0, 0, 0, 
536, 1, 557, 508, -1, 129, 135, 182.0, 12, ABprpaaaaaa, 0, 0, 0, 0, , 0, 0, 0, 0, 0, 
537, 1, 558, 509, -1, 176, 66, 110.0, 12, MSaapappa, 0, 0, 0, 0, , 0, 0, 0, 0, 0, 
538, 1, 559, 510, -1, 182, 84, 108.0, 12, MSaapaapaa, 0, 0, 0, 0, , 0, 0, 0, 0, 0, 
539, 1, 560, 511, -1, 194, 77, 105.0, 12, MSaapaapap, 0, 0, 0, 0, , 0, 0, 0, 0, 0, 
540, 1, 561, 512, -1, 218, 70, 127.0, 14, MSaappap, 0, 0, 0, 0, , 0, 0, 0, 0, 0, 
541, 0, 562, -1, -1, 211, 74, 138.0, 10, , 0, 0, 0, 0, , 0, 0, 0, 0, 0, 
542, 0, 563, -1, -1, 202, 110, 122.0, 14, , 0, 0, 0, 0, , 0, 0, 0, 0, 0, 
543, 0, 564, -1, -1, 196, 110, 143.5, 12, , 0, 0, 0, 0, , 0, 0, 0, 0, 0, 
544, 0, 565, -1, -1, 227, 94, 128.5, 13, , 0, 0, 0, 0, , 0, 0, 0, 0, 0, 
545, 1, 566, 517, -1, 251, 89, 117.5, 15, MSaappppp, 0, 0, 0, 0, , 0, 0, 0, 0, 0, 
546, 1, 567, 518, -1, 206, 71, 106.0, 12, MSapapaaa, 0, 0, 0, 0, , 0, 0, 0, 0, 0, 
547, 1, 568, 519, -1, 228, 72, 104.5, 12, MSapapaap, 0, 0, 0, 0, , 0, 0, 0, 0, 0, 
548, 1, 569, 520, -1, 120, 50, 138.0, 16, MSappaaa, 0, 0, 0, 0, , 0, 0, 0, 0, 0, 
549, 0, 570, -1, -1, 297, 112, 96.0, 16, , 0, 0, 0, 0, , 0, 0, 0, 0, 0, 
550, 0, 571, -1, -1, 154, 130, 107.0, 15, , 0, 0, 0, 0, , 0, 0, 0, 0, 0, 
551, 1, 572, 523, -1, 167, 121, 93.0, 14, MSapppaa, 0, 0, 0, 0, , 0, 0, 0, 0, 0, 
552, 1, 573, 524, -1, 164, 104, 147.0, 14, MSpapaaaa, 0, 0, 0, 0, , 0, 0, 0, 0, 0, 
553, 1, 574, 525, -1, 184, 101, 158.0, 14, MSpapaaap, 0, 0, 0, 0, , 0, 0, 0, 0, 0, 
554, 1, 575, 526, -1, 184, 92, 164.5, 12, MSpapaapaa, 0, 0, 0, 0, , 0, 0, 0, 0, 0, 
555, 1, 576, 527, -1, 195, 87, 173.5, 14, MSpapaapap, 0, 0, 0, 0, , 0, 0, 0, 0, 0, 
556, 1, 577, 528, -1, 192, 73, 168.0, 14, MSpapaapp, 0, 0, 0, 0, , 0, 0, 0, 0, 0, 
557, 1, 578, 529, -1, 173, 72, 175.0, 14, MSpapappa, 0, 0, 0, 0, , 0, 0, 0, 0, 0, 
558, 0, 579, -1, -1, 194, 134, 142.0, 15, , 0, 0, 0, 0, , 0, 0, 0, 0, 0, 
559, 1, 580, 531, -1, 277, 98, 122.5, 14, MSpappaa, 0, 0, 0, 0, , 0, 0, 0, 0, 0, 
560, 1, 581, 532, -1, 279, 98, 162.0, 14, MSpappap, 0, 0, 0, 0, , 0, 0, 0, 0, 0, 
561, 1, 582, 533, -1, 194, 127, 174.0, 12, MSpapppaa, 0, 0, 0, 0, , 0, 0, 0, 0, 0, 
562, 1, 583, 534, -1, 201, 104, 162.5, 14, MSpapppap, 0, 0, 0, 0, , 0, 0, 0, 0, 0, 
563, 1, 584, 535, -1, 223, 100, 168.0, 13, MSpappppa, 0, 0, 0, 0, , 0, 0, 0, 0, 0, 
564, 1, 585, 536, -1, 256, 94, 174.5, 13, MSpappppp, 0, 0, 0, 0, , 0, 0, 0, 0, 0, 
565, 1, 586, 537, -1, 104, 88, 171.5, 13, MSppaaap, 0, 0, 0, 0, , 0, 0, 0, 0, 0, 
566, 1, 587, 538, -1, 118, 109, 168.5, 12, MSppaaaad, 0, 0, 0, 0, , 0, 0, 0, 0, 0, 
567, 1, 588, 539, -1, 139, 138, 158.0, 12, MSppaaaav, 0, 0, 0, 0, , 0, 0, 0, 0, 0, 
568, 1, 589, 540, -1, 266, 141, 143.0, 15, MSppaapp, 0, 0, 0, 0, , 0, 0, 0, 0, 0, 
569, 1, 590, 541, -1, 194, 77, 183.0, 14, MSppapaaa, 0, 0, 0, 0, , 0, 0, 0, 0, 0, 
570, 1, 591, 542, -1, 217, 85, 182.0, 12, MSppapaap, 0, 0, 0, 0, , 0, 0, 0, 0, 0, 
571, 0, 592, -1, -1, 131, 134, 176.0, 14, , 0, 0, 0, 0, , 0, 0, 0, 0, 0, 
572, 1, 593, 544, -1, 136, 144, 172.0, 14, MSppapap, 0, 0, 0, 0, , 0, 0, 0, 0, 0, 
573, 1, 594, 545, -1, 116, 72, 175.0, 15, MSppappa, 0, 0, 0, 0, , 0, 0, 0, 0, 0, 
574, 1, 595, 546, -1, 78, 81, 157.0, 17, MSppappp, 0, 0, 0, 0, , 0, 0, 0, 0, 0, 
575, 1, 596, 547, -1, 104, 63, 148.0, 14, MSpppaaa, 0, 0, 0, 0, , 0, 0, 0, 0, 0, 
576, 1, 597, 548, -1, 311, 118, 173.0, 15, MSpppaap, 0, 0, 0, 0, , 0, 0, 0, 0, 0, 
577, 0, 598, -1, -1, 150, 133, 172.0, 15, , 0, 0, 0, 0, , 0, 0, 0, 0, 0, 
578, 0, 599, -1, -1, 154, 113, 176.0, 14, , 0, 0, 0, 0, , 0, 0, 0, 0, 0, 
579, 1, 600, 551, -1, 129, 59, 177.0, 16, MSppppap, 0, 0, 0, 0, , 0, 0, 0, 0, 0, 
580, 1, 601, 552, -1, 94, 61, 156.0, 15, MSpppppa, 0, 0, 0, 0, , 0, 0, 0, 0, 0, 
581, 0, 602, -1, -1, 70, 134, 88.0, 13, , 0, 0, 0, 0, , 0, 0, 0, 0, 0, 
582, 0, 603, -1, -1, 70, 135, 89.0, 13, , 0, 0, 0, 0, , 0, 0, 0, 0, 0, 
583, 0, 604, -1, -1, 81, 134, 110.0, 14, , 0, 0, 0, 0, , 0, 0, 0, 0, 0, 
584, 1, 605, 556, -1, 86, 114, 154.0, 12, ABalaaaarrp, 0, 0, 0, 0, , 0, 0, 0, 0, 0, 
585, 1, 606, 557, -1, 97, 139, 85.0, 12, ABalaaapall, 0, 0, 0, 0, , 0, 0, 0, 0, 0, 
586, 1, 607, 558, -1, 104, 76, 82.0, 14, ABalaaapalr, 0, 0, 0, 0, , 0, 0, 0, 0, 0, 
587, 1, 608, 559, -1, 53, 113, 115.5, 12, ABalaaaparr, 0, 0, 0, 0, , 0, 0, 0, 0, 0, 
588, 0, 609, -1, -1, 67, 131, 147.0, 12, , 0, 0, 0, 0, , 0, 0, 0, 0, 0, 
589, 1, 610, 561, -1, 69, 120, 157.0, 12, ABalaaappll, 0, 0, 0, 0, , 0, 0, 0, 0, 0, 
590, 1, 612, 562, -1, 94, 146, 165.0, 12, ABalaaapprr, 0, 0, 0, 0, , 0, 0, 0, 0, 0, 
591, 0, 613, -1, -1, 94, 95, 181.0, 12, , 0, 0, 0, 0, , 0, 0, 0, 0, 0, 
592, 0, 614, -1, -1, 86, 132, 164.0, 13, , 0, 0, 0, 0, , 0, 0, 0, 0, 0, 
593, 0, 615, -1, -1, 123, 163, 154.0, 13, , 0, 0, 0, 0, , 0, 0, 0, 0, 0, 
594, 0, 616, -1, -1, 140, 146, 190.0, 12, , 0, 0, 0, 0, , 0, 0, 0, 0, 0, 
595, 0, 617, -1, -1, 105, 154, 179.0, 13, , 0, 0, 0, 0, , 0, 0, 0, 0, 0, 
596, 1, 618, 568, -1, 130, 126, 189.0, 13, ABalaapppaa, 0, 0, 0, 0, , 0, 0, 0, 0, 0, 
597, 1, 619, 569, -1, 103, 136, 163.0, 10, ABalaappppaa, 0, 0, 0, 0, , 0, 0, 0, 0, 0, 
598, 1, 620, 570, -1, 107, 121, 180.0, 12, ABalaappppap, 0, 0, 0, 0, , 0, 0, 0, 0, 0, 
599, 0, 621, -1, -1, 89, 116, 159.0, 13, , 0, 0, 0, 0, , 0, 0, 0, 0, 0, 
600, 1, 622, 572, -1, 105, 106, 73.0, 11, ABalapaaaaa, 0, 0, 0, 0, , 0, 0, 0, 0, 0, 
601, 1, 623, 573, -1, 110, 85, 80.0, 11, ABalapaaaap, 0, 0, 0, 0, , 0, 0, 0, 0, 0, 
602, 1, 624, 574, -1, 105, 75, 96.0, 11, MSapaaap, 0, 0, 0, 0, , 0, 0, 0, 0, 0, 
603, 0, 625, -1, -1, 135, 54, 98.0, 14, , 0, 0, 0, 0, , 0, 0, 0, 0, 0, 
604, 1, 626, 576, -1, 91, 93, 79.5, 14, ABalapaaapp, 0, 0, 0, 0, , 0, 0, 0, 0, 0, 
605, 0, 627, -1, -1, 123, 110, 79.0, 13, , 0, 0, 0, 0, , 0, 0, 0, 0, 0, 
606, 1, 628, 578, -1, 103, 113, 91.0, 15, ABalapaappp, 0, 0, 0, 0, , 0, 0, 0, 0, 0, 
607, 0, 629, -1, -1, 85, 72, 123.5, 13, , 0, 0, 0, 0, , 0, 0, 0, 0, 0, 
608, 1, 630, 580, -1, 102, 60, 127.5, 13, ABalapapapap, 0, 0, 0, 0, , 0, 0, 0, 0, 0, 
609, 1, 631, 581, -1, 79, 85, 120.0, 15, ABalapapapp, 0, 0, 0, 0, , 0, 0, 0, 0, 0, 
610, 1, 632, 582, -1, 84, 104, 105.5, 12, ABalapappaaa, 0, 0, 0, 0, , 0, 0, 0, 0, 0, 
611, 1, 633, 583, -1, 73, 102, 134.0, 13, ABarpaaaaar, 0, 0, 0, 0, , 0, 0, 0, 0, 0, 
612, 1, 634, 584, -1, 99, 87, 95.0, 12, ABalapappaap, 0, 0, 0, 0, , 0, 0, 0, 0, 0, 
613, 1, 635, 585, -1, 68, 102, 110.0, 14, ABalapappap, 0, 0, 0, 0, , 0, 0, 0, 0, 0, 
614, 0, 636, -1, -1, 85, 89, 89.0, 14, , 0, 0, 0, 0, , 0, 0, 0, 0, 0, 
615, 1, 637, 587, -1, 124, 72, 89.0, 14, ABalapapppa, 0, 0, 0, 0, , 0, 0, 0, 0, 0, 
616, 0, 638, -1, -1, 53, 101, 127.0, 13, , 0, 0, 0, 0, , 0, 0, 0, 0, 0, 
617, 0, 639, -1, -1, 113, 75, 183.5, 12, , 0, 0, 0, 0, , 0, 0, 0, 0, 0, 
618, 1, 640, 591, -1, 116, 75, 180.0, 12, ABalappappa, 0, 0, 0, 0, , 0, 0, 0, 0, 0, 
619, 1, 641, 592, -1, 130, 52, 111.0, 14, MSapppap, 0, 0, 0, 0, , 0, 0, 0, 0, 0, 
620, 0, 642, -1, -1, 119, 62, 184.0, 12, , 0, 0, 0, 0, , 0, 0, 0, 0, 0, 
621, 1, 643, 594, -1, 92, 85, 131.5, 14, ABalapppaaa, 0, 0, 0, 0, , 0, 0, 0, 0, 0, 
622, 1, 644, 595, -1, 85, 105, 137.0, 13, ABalapppaap, 0, 0, 0, 0, , 0, 0, 0, 0, 0, 
623, 1, 645, 596, -1, 79, 75, 135.0, 13, ABalapppapaa, 0, 0, 0, 0, , 0, 0, 0, 0, 0, 
624, 1, 646, 597, -1, 98, 59, 139.0, 13, ABalapppapap, 0, 0, 0, 0, , 0, 0, 0, 0, 0, 
625, 0, 647, -1, -1, 79, 94, 149.5, 12, , 0, 0, 0, 0, , 0, 0, 0, 0, 0, 
626, 0, 648, -1, -1, 77, 110, 143.0, 10, , 0, 0, 0, 0, , 0, 0, 0, 0, 0, 
627, 0, 649, -1, -1, 81, 92, 144.0, 12, , 0, 0, 0, 0, , 0, 0, 0, 0, 0, 
628, 0, 650, -1, -1, 81, 93, 151.0, 13, , 0, 0, 0, 0, , 0, 0, 0, 0, 0, 
629, 1, 651, 602, -1, 74, 104, 177.0, 12, ABalapppppp, 0, 0, 0, 0, , 0, 0, 0, 0, 0, 
630, 1, 652, 603, -1, 109, 128, 122.0, 13, ABalpaaaaaa, 0, 0, 0, 0, , 0, 0, 0, 0, 0, 
631, 1, 653, 604, -1, 139, 121, 117.0, 12, ABalpaaaaap, 0, 0, 0, 0, , 0, 0, 0, 0, 0, 
632, 0, 654, -1, -1, 110, 130, 140.0, 13, , 0, 0, 0, 0, , 0, 0, 0, 0, 0, 
633, 1, 655, 606, -1, 124, 105, 114.0, 11, ABalpaaapaa, 0, 0, 0, 0, , 0, 0, 0, 0, 0, 
634, 1, 656, 607, -1, 149, 90, 112.5, 13, ABalpaaappp, 0, 0, 0, 0, , 0, 0, 0, 0, 0, 
635, 1, 657, 608, -1, 90, 127, 115.0, 13, ABalpaapaaa, 0, 0, 0, 0, , 0, 0, 0, 0, 0, 
636, 1, 658, 609, -1, 102, 115, 121.0, 14, ABalpaapaap, 0, 0, 0, 0, , 0, 0, 0, 0, 0, 
637, 1, 659, 610, -1, 126, 75, 114.0, 14, ABalpaapapa, 0, 0, 0, 0, , 0, 0, 0, 0, 0, 
638, 1, 660, 611, -1, 131, 91, 105.0, 15, ABalpaapapp, 0, 0, 0, 0, , 0, 0, 0, 0, 0, 
639, 1, 661, 612, -1, 81, 134, 111.0, 12, ABalpaappaa, 0, 0, 0, 0, , 0, 0, 0, 0, 0, 
640, 1, 662, 613, -1, 96, 145, 112.0, 13, ABalpaappap, 0, 0, 0, 0, , 0, 0, 0, 0, 0, 
641, 0, 663, -1, -1, 79, 115, 97.5, 14, , 0, 0, 0, 0, , 0, 0, 0, 0, 0, 
642, 0, 664, -1, -1, 106, 135, 106.0, 13, , 0, 0, 0, 0, , 0, 0, 0, 0, 0, 
643, 0, 665, -1, -1, 86, 166, 128.5, 15, , 0, 0, 0, 0, , 0, 0, 0, 0, 0, 
644, 0, 666, -1, -1, 103, 136, 154.5, 13, , 0, 0, 0, 0, , 0, 0, 0, 0, 0, 
645, 0, 667, -1, -1, 148, 138, 118.0, 13, , 0, 0, 0, 0, , 0, 0, 0, 0, 0, 
646, 1, 668, 619, -1, 153, 169, 113.0, 12, ABalpapapapa, 0, 0, 0, 0, , 0, 0, 0, 0, 0, 
647, 1, 669, 620, -1, 168, 161, 118.5, 12, ABalpapapapp, 0, 0, 0, 0, , 0, 0, 0, 0, 0, 
648, 0, 670, -1, -1, 195, 134, 134.0, 13, , 0, 0, 0, 0, , 0, 0, 0, 0, 0, 
649, 0, 671, -1, -1, 125, 125, 119.5, 14, , 0, 0, 0, 0, , 0, 0, 0, 0, 0, 
650, 0, 672, -1, -1, 124, 130, 141.5, 15, , 0, 0, 0, 0, , 0, 0, 0, 0, 0, 
651, 0, 673, -1, -1, 192, 96, 137.0, 12, , 0, 0, 0, 0, , 0, 0, 0, 0, 0, 
652, 1, 674, 625, -1, 147, 92, 101.5, 13, ABalpapppaa, 0, 0, 0, 0, , 0, 0, 0, 0, 0, 
653, 1, 675, 626, -1, 152, 112, 136.0, 15, ABalpappppa, 0, 0, 0, 0, , 0, 0, 0, 0, 0, 
654, 1, 676, 627, -1, 149, 108, 116.0, 13, ABalpappppp, 0, 0, 0, 0, , 0, 0, 0, 0, 0, 
655, 0, 677, -1, -1, 108, 146, 92.0, 12, , 0, 0, 0, 0, , 0, 0, 0, 0, 0, 
656, 0, 678, -1, -1, 108, 146, 93.0, 12, , 0, 0, 0, 0, , 0, 0, 0, 0, 0, 
657, 0, 679, -1, -1, 106, 169, 138.0, 11, , 0, 0, 0, 0, , 0, 0, 0, 0, 0, 
658, 0, 680, -1, -1, 106, 133, 103.0, 13, , 0, 0, 0, 0, , 0, 0, 0, 0, 0, 
659, 0, 681, -1, -1, 105, 129, 104.0, 13, , 0, 0, 0, 0, , 0, 0, 0, 0, 0, 
660, 0, 682, -1, -1, 104, 129, 105.0, 11, , 0, 0, 0, 0, , 0, 0, 0, 0, 0, 
661, 1, 683, 633, -1, 105, 134, 107.0, 11, ABalpapaaaa, 0, 0, 0, 0, , 0, 0, 0, 0, 0, 
662, 1, 684, 634, -1, 115, 155, 116.5, 12, ABalppapaap, 0, 0, 0, 0, , 0, 0, 0, 0, 0, 
663, 0, 685, -1, -1, 143, 151, 112.0, 12, , 0, 0, 0, 0, , 0, 0, 0, 0, 0, 
664, 0, 686, -1, -1, 92, 168, 111.0, 13, , 0, 0, 0, 0, , 0, 0, 0, 0, 0, 
665, 0, 687, -1, -1, 123, 109, 79.0, 13, , 0, 0, 0, 0, , 0, 0, 0, 0, 0, 
666, 0, 688, -1, -1, 133, 127, 81.0, 13, , 0, 0, 0, 0, , 0, 0, 0, 0, 0, 
667, 1, 689, 639, -1, 124, 110, 81.5, 12, ABalppappaa, 0, 0, 0, 0, , 0, 0, 0, 0, 0, 
668, 0, 690, -1, -1, 124, 128, 88.0, 13, , 0, 0, 0, 0, , 0, 0, 0, 0, 0, 
669, 1, 691, 641, -1, 121, 149, 107.5, 13, ABalppapppaa, 0, 0, 0, 0, , 0, 0, 0, 0, 0, 
670, 0, 692, -1, -1, 132, 157, 125.0, 13, , 0, 0, 0, 0, , 0, 0, 0, 0, 0, 
671, 1, 693, 643, -1, 115, 143, 102.0, 13, ABalppapppp, 0, 0, 0, 0, , 0, 0, 0, 0, 0, 
672, 0, 694, -1, -1, 139, 145, 65.0, 13, , 0, 0, 0, 0, , 0, 0, 0, 0, 0, 
673, 0, 695, -1, -1, 97, 110, 84.0, 13, , 0, 0, 0, 0, , 0, 0, 0, 0, 0, 
674, 1, 696, 646, -1, 149, 133, 68.0, 13, ABalpppaaaa, 0, 0, 0, 0, , 0, 0, 0, 0, 0, 
675, 1, 697, 647, -1, 136, 144, 68.0, 12, ABalpppapad, 0, 0, 0, 0, , 0, 0, 0, 0, 0, 
676, 1, 698, 648, -1, 149, 121, 77.0, 12, ABalpppapav, 0, 0, 0, 0, , 0, 0, 0, 0, 0, 
677, 1, 699, 649, -1, 106, 105, 71.0, 12, ABalpppapppa, 0, 0, 0, 0, , 0, 0, 0, 0, 0, 
678, 1, 700, 650, -1, 142, 83, 92.0, 14, ABalppppaad, 0, 0, 0, 0, , 0, 0, 0, 0, 0, 
679, 0, 701, -1, -1, 99, 109, 81.0, 15, , 0, 0, 0, 0, , 0, 0, 0, 0, 0, 
680, 0, 702, -1, -1, 94, 125, 96.0, 13, , 0, 0, 0, 0, , 0, 0, 0, 0, 0, 
681, 1, 703, 653, -1, 144, 109, 82.0, 13, ABalpppppaa, 0, 0, 0, 0, , 0, 0, 0, 0, 0, 
682, 1, 704, 654, -1, 156, 98, 82.0, 13, ABalpppppap, 0, 0, 0, 0, , 0, 0, 0, 0, 0, 
683, 1, 705, 655, -1, 162, 84, 80.0, 15, ABalppppppaa, 0, 0, 0, 0, , 0, 0, 0, 0, 0, 
684, 1, 706, 656, -1, 154, 95, 63.5, 13, ABalpppppppa, 0, 0, 0, 0, , 0, 0, 0, 0, 0, 
685, 1, 707, 657, -1, 152, 113, 58.5, 15, ABalpppppppp, 0, 0, 0, 0, , 0, 0, 0, 0, 0, 
686, 1, 708, 658, -1, 104, 134, 113.0, 13, ABaraaaaaaa, 0, 0, 0, 0, , 0, 0, 0, 0, 0, 
687, 1, 709, 659, -1, 115, 114, 113.0, 12, ABaraaaaaap, 0, 0, 0, 0, , 0, 0, 0, 0, 0, 
688, 1, 710, 660, -1, 104, 136, 143.0, 13, ABaraaaaapa, 0, 0, 0, 0, , 0, 0, 0, 0, 0, 
689, 1, 711, 661, -1, 115, 119, 154.0, 11, ABaraaaaapp, 0, 0, 0, 0, , 0, 0, 0, 0, 0, 
690, 0, 712, -1, -1, 98, 116, 131.0, 14, , 0, 0, 0, 0, , 0, 0, 0, 0, 0, 
691, 1, 713, 663, -1, 89, 129, 144.0, 15, ABaraaapaaa, 0, 0, 0, 0, , 0, 0, 0, 0, 0, 
692, 1, 714, 664, -1, 101, 118, 147.0, 11, ABaraaapaap, 0, 0, 0, 0, , 0, 0, 0, 0, 0, 
693, 1, 715, 665, -1, 128, 82, 162.5, 14, ABaraaapapa, 0, 0, 0, 0, , 0, 0, 0, 0, 0, 
694, 1, 716, 666, -1, 146, 93, 169.0, 13, ABaraaapapp, 0, 0, 0, 0, , 0, 0, 0, 0, 0, 
695, 1, 717, 667, -1, 74, 123, 129.5, 13, ABaraaappaa, 0, 0, 0, 0, , 0, 0, 0, 0, 0, 
696, 1, 718, 668, -1, 97, 147, 136.0, 12, ABaraaappap, 0, 0, 0, 0, , 0, 0, 0, 0, 0, 
697, 1, 719, 669, -1, 80, 135, 137.0, 12, ABaraaapppa, 0, 0, 0, 0, , 0, 0, 0, 0, 0, 
698, 1, 720, 670, -1, 94, 118, 136.0, 14, ABaraaaapap, 0, 0, 0, 0, , 0, 0, 0, 0, 0, 
699, 0, 721, -1, -1, 98, 116, 131.0, 12, , 0, 0, 0, 0, , 0, 0, 0, 0, 0, 
700, 1, 722, 672, -1, 97, 118, 128.0, 12, ABaraapaaaa, 0, 0, 0, 0, , 0, 0, 0, 0, 0, 
701, 0, 723, -1, -1, 105, 99, 125.5, 14, , 0, 0, 0, 0, , 0, 0, 0, 0, 0, 
702, 1, 724, 674, -1, 114, 88, 127.0, 12, ABaraapaapa, 0, 0, 0, 0, , 0, 0, 0, 0, 0, 
703, 1, 725, 675, -1, 150, 54, 118.0, 14, ABaraapaapp, 0, 0, 0, 0, , 0, 0, 0, 0, 0, 
704, 1, 726, 676, -1, 154, 70, 110.0, 13, ABaraapapaad, 0, 0, 0, 0, , 0, 0, 0, 0, 0, 
705, 1, 727, 677, -1, 157, 81, 117.0, 13, ABaraapapaav, 0, 0, 0, 0, , 0, 0, 0, 0, 0, 
706, 1, 728, 678, -1, 162, 58, 111.0, 14, ABaraapapap, 0, 0, 0, 0, , 0, 0, 0, 0, 0, 
707, 1, 729, 679, -1, 169, 78, 107.0, 12, ABaraapappa, 0, 0, 0, 0, , 0, 0, 0, 0, 0, 
708, 1, 730, 680, -1, 169, 91, 113.0, 14, ABaraapappp, 0, 0, 0, 0, , 0, 0, 0, 0, 0, 
709, 1, 731, 681, -1, 106, 85, 136.0, 15, ABaraappaaa, 0, 0, 0, 0, , 0, 0, 0, 0, 0, 
710, 1, 732, 682, -1, 104, 105, 144.0, 15, ABaraappaap, 0, 0, 0, 0, , 0, 0, 0, 0, 0, 
711, 1, 733, 683, -1, 111, 93, 147.5, 14, ABaraappapa, 0, 0, 0, 0, , 0, 0, 0, 0, 0, 
712, 1, 734, 684, -1, 164, 59, 162.0, 15, MSpaapaaa, 0, 0, 0, 0, , 0, 0, 0, 0, 0, 
713, 1, 735, 685, -1, 152, 83, 174.0, 13, ABaraapppaad, 0, 0, 0, 0, , 0, 0, 0, 0, 0, 
714, 1, 736, 686, -1, 156, 91, 158.0, 13, ABaraapppaav, 0, 0, 0, 0, , 0, 0, 0, 0, 0, 
715, 1, 737, 687, -1, 155, 70, 177.0, 14, ABaraapppap, 0, 0, 0, 0, , 0, 0, 0, 0, 0, 
716, 1, 738, 688, -1, 168, 85, 176.5, 13, ABaraappppa, 0, 0, 0, 0, , 0, 0, 0, 0, 0, 
717, 1, 739, 689, -1, 170, 98, 160.0, 12, ABaraappppp, 0, 0, 0, 0, , 0, 0, 0, 0, 0, 
718, 1, 740, 690, -1, 110, 130, 143.5, 12, ABarapaaaaa, 0, 0, 0, 0, , 0, 0, 0, 0, 0, 
719, 1, 741, 691, -1, 139, 126, 148.0, 14, ABarapaaaap, 0, 0, 0, 0, , 0, 0, 0, 0, 0, 
720, 1, 742, 692, -1, 124, 131, 144.0, 11, ABarapaaapa, 0, 0, 0, 0, , 0, 0, 0, 0, 0, 
721, 1, 743, 693, -1, 116, 134, 129.0, 15, ABalpappapa, 0, 0, 0, 0, , 0, 0, 0, 0, 0, 
722, 1, 744, 694, -1, 124, 111, 155.0, 13, ABarapaapaa, 0, 0, 0, 0, , 0, 0, 0, 0, 0, 
723, 1, 745, 695, -1, 141, 80, 173.0, 13, ABarapaapap, 0, 0, 0, 0, , 0, 0, 0, 0, 0, 
724, 1, 746, 696, -1, 131, 96, 167.0, 12, ABarapaappa, 0, 0, 0, 0, , 0, 0, 0, 0, 0, 
725, 1, 747, 697, -1, 153, 106, 162.0, 13, ABarapaappp, 0, 0, 0, 0, , 0, 0, 0, 0, 0, 
726, 1, 748, 698, -1, 131, 124, 158.5, 13, ABarapapaapa, 0, 0, 0, 0, , 0, 0, 0, 0, 0, 
727, 1, 749, 699, -1, 142, 120, 167.0, 13, ABarapapaapp, 0, 0, 0, 0, , 0, 0, 0, 0, 0, 
728, 1, 750, 700, -1, 104, 144, 123.0, 12, ABarapapapa, 0, 0, 0, 0, , 0, 0, 0, 0, 0, 
729, 0, 751, -1, -1, 191, 96, 138.5, 14, , 0, 0, 0, 0, , 0, 0, 0, 0, 0, 
730, 0, 752, -1, -1, 191, 96, 137.0, 14, , 0, 0, 0, 0, , 0, 0, 0, 0, 0, 
731, 1, 753, 703, -1, 197, 86, 138.0, 14, ABalpappapp, 0, 0, 0, 0, , 0, 0, 0, 0, 0, 
732, 1, 754, 704, -1, 192, 96, 139.0, 12, ABarapapapp, 0, 0, 0, 0, , 0, 0, 0, 0, 0, 
733, 1, 755, 705, -1, 140, 110, 164.5, 12, ABarapappaa, 0, 0, 0, 0, , 0, 0, 0, 0, 0, 
734, 1, 756, 706, -1, 178, 101, 132.5, 15, ABarapapppa, 0, 0, 0, 0, , 0, 0, 0, 0, 0, 
735, 1, 757, 707, -1, 145, 113, 152.0, 14, ABarapapppp, 0, 0, 0, 0, , 0, 0, 0, 0, 0, 
736, 1, 758, 708, -1, 94, 155, 127.0, 13, ABalpapaapa, 0, 0, 0, 0, , 0, 0, 0, 0, 0, 
737, 1, 759, 710, -1, 102, 136, 156.0, 13, ABarappaaaa, 0, 0, 0, 0, , 0, 0, 0, 0, 0, 
738, 0, 760, -1, -1, 149, 142, 135.0, 13, , 0, 0, 0, 0, , 0, 0, 0, 0, 0, 
739, 1, 761, 712, -1, 151, 165, 128.0, 11, ABarappapapa, 0, 0, 0, 0, , 0, 0, 0, 0, 0, 
740, 1, 762, 713, -1, 165, 161, 142.0, 13, ABarappapapp, 0, 0, 0, 0, , 0, 0, 0, 0, 0, 
741, 1, 763, 714, -1, 207, 62, 163.0, 13, MSpapappp, 0, 0, 0, 0, , 0, 0, 0, 0, 0, 
742, 0, 764, -1, -1, 194, 133, 141.0, 13, , 0, 0, 0, 0, , 0, 0, 0, 0, 0, 
743, 0, 765, -1, -1, 184, 147, 161.0, 13, , 0, 0, 0, 0, , 0, 0, 0, 0, 0, 
744, 1, 766, 717, -1, 115, 133, 184.0, 10, ABarapppaaa, 0, 0, 0, 0, , 0, 0, 0, 0, 0, 
745, 0, 767, -1, -1, 122, 164, 133.0, 11, , 0, 0, 0, 0, , 0, 0, 0, 0, 0, 
746, 1, 768, 719, -1, 119, 163, 136.0, 12, ABarapppaap, 0, 0, 0, 0, , 0, 0, 0, 0, 0, 
747, 0, 769, -1, -1, 123, 164, 132.0, 11, , 0, 0, 0, 0, , 0, 0, 0, 0, 0, 
748, 1, 770, 721, -1, 144, 154, 134.0, 12, ABarapppapa, 0, 0, 0, 0, , 0, 0, 0, 0, 0, 
749, 1, 771, 722, -1, 109, 170, 139.0, 13, ABarapppapp, 0, 0, 0, 0, , 0, 0, 0, 0, 0, 
750, 1, 772, 723, -1, 120, 116, 183.0, 13, ABarappppaa, 0, 0, 0, 0, , 0, 0, 0, 0, 0, 
751, 1, 773, 724, -1, 115, 135, 168.0, 12, ABarappppap, 0, 0, 0, 0, , 0, 0, 0, 0, 0, 
752, 1, 774, 725, -1, 117, 151, 141.0, 13, ABarapppppaa, 0, 0, 0, 0, , 0, 0, 0, 0, 0, 
753, 1, 775, 726, -1, 131, 157, 140.0, 13, ABarapppppap, 0, 0, 0, 0, , 0, 0, 0, 0, 0, 
754, 0, 776, -1, -1, 104, 163, 151.0, 11, , 0, 0, 0, 0, , 0, 0, 0, 0, 0, 
755, 1, 777, 728, -1, 68, 105, 124.5, 12, ABarpaaaaal, 0, 0, 0, 0, , 0, 0, 0, 0, 0, 
756, 1, 778, 729, -1, 81, 106, 117.0, 14, ABarpaaaapa, 0, 0, 0, 0, , 0, 0, 0, 0, 0, 
757, 1, 779, 730, -1, 75, 85, 100.0, 12, ABarpaaaapp, 0, 0, 0, 0, , 0, 0, 0, 0, 0, 
758, 0, 780, -1, -1, 77, 108, 141.0, 12, , 0, 0, 0, 0, , 0, 0, 0, 0, 0, 
759, 0, 781, -1, -1, 77, 108, 147.0, 10, , 0, 0, 0, 0, , 0, 0, 0, 0, 0, 
760, 0, 782, -1, -1, 77, 108, 144.0, 12, , 0, 0, 0, 0, , 0, 0, 0, 0, 0, 
761, 1, 783, 734, -1, 70, 99, 168.0, 15, ABarpaaapap, 0, 0, 0, 0, , 0, 0, 0, 0, 0, 
762, 1, 784, 735, -1, 52, 111, 144.0, 13, ABarpaapaa, 0, 0, 0, 0, , 0, 0, 0, 0, 0, 
763, 1, 785, 736, -1, 78, 65, 133.0, 15, ABarpaapap, 0, 0, 0, 0, , 0, 0, 0, 0, 0, 
764, 1, 786, 737, -1, 99, 46, 134.0, 14, ABarpaappa, 0, 0, 0, 0, , 0, 0, 0, 0, 0, 
765, 1, 787, 738, -1, 132, 64, 196.0, 13, ABarpaappp, 0, 0, 0, 0, , 0, 0, 0, 0, 0, 
766, 0, 788, -1, -1, 81, 92, 150.0, 13, , 0, 0, 0, 0, , 0, 0, 0, 0, 0, 
767, 1, 789, 740, -1, 80, 83, 149.0, 10, ABalapppapp, 0, 0, 0, 0, , 0, 0, 0, 0, 0, 
768, 1, 790, 741, -1, 81, 94, 147.5, 13, ABarpapaaaa, 0, 0, 0, 0, , 0, 0, 0, 0, 0, 
769, 1, 791, 742, -1, 82, 93, 151.0, 13, ABalappppap, 0, 0, 0, 0, , 0, 0, 0, 0, 0, 
770, 1, 792, 743, -1, 86, 79, 168.0, 12, ABarpapaaap, 0, 0, 0, 0, , 0, 0, 0, 0, 0, 
771, 1, 793, 744, -1, 85, 92, 163.0, 13, ABarpapaappa, 0, 0, 0, 0, , 0, 0, 0, 0, 0, 
772, 1, 794, 745, -1, 97, 78, 159.5, 13, ABarpapaappp, 0, 0, 0, 0, , 0, 0, 0, 0, 0, 
773, 1, 795, 746, -1, 57, 132, 120.0, 15, ABarpapapa, 0, 0, 0, 0, , 0, 0, 0, 0, 0, 
774, 1, 796, 747, -1, 68, 81, 134.0, 15, ABarpapapp, 0, 0, 0, 0, , 0, 0, 0, 0, 0, 
775, 1, 797, 748, -1, 82, 154, 151.0, 14, ABarpappaa, 0, 0, 0, 0, , 0, 0, 0, 0, 0, 
776, 1, 798, 749, -1, 84, 151, 171.66667, 14, ABarpappap, 0, 0, 0, 0, , 0, 0, 0, 0, 0, 
777, 1, 799, 750, -1, 137, 64, 92.0, 14, ABarppaaaa, 0, 0, 0, 0, , 0, 0, 0, 0, 0, 
778, 1, 800, 751, -1, 169, 58, 193.0, 14, ABarppaapa, 0, 0, 0, 0, , 0, 0, 0, 0, 0, 
779, 1, 801, 752, -1, 202, 55, 111.0, 16, ABarppaapp, 0, 0, 0, 0, , 0, 0, 0, 0, 0, 
780, 1, 802, 753, -1, 124, 75, 189.0, 12, ABarpppaaa, 0, 0, 0, 0, , 0, 0, 0, 0, 0, 
781, 1, 803, 754, -1, 169, 48, 93.0, 15, ABarpppapa, 0, 0, 0, 0, , 0, 0, 0, 0, 0, 
782, 1, 804, 755, -1, 182, 67, 191.5, 15, ABarpppappa, 0, 0, 0, 0, , 0, 0, 0, 0, 0, 
783, 1, 805, 756, -1, 201, 58, 189.0, 13, ABarpppappp, 0, 0, 0, 0, , 0, 0, 0, 0, 0, 
784, 1, 806, 757, -1, 185, 78, 208.0, 14, ABarppppaa, 0, 0, 0, 0, , 0, 0, 0, 0, 0, 
785, 1, 807, 758, -1, 78, 92, 113.0, 13, ABplaaaaaaa, 0, 0, 0, 0, , 0, 0, 0, 0, 0, 
786, 1, 808, 759, -1, 88, 73, 103.0, 12, ABplaaaaaap, 0, 0, 0, 0, , 0, 0, 0, 0, 0, 
787, 1, 810, 760, -1, 94, 86, 105.0, 12, ABplaaaaappa, 0, 0, 0, 0, , 0, 0, 0, 0, 0, 
788, 1, 811, 761, -1, 101, 74, 112.0, 12, ABplaaaaappp, 0, 0, 0, 0, , 0, 0, 0, 0, 0, 
789, 1, 812, 762, -1, 49, 114, 124.0, 15, ABplaaaapa, 0, 0, 0, 0, , 0, 0, 0, 0, 0, 
790, 1, 813, 764, -1, 61, 93, 138.0, 12, ABplaaaapp, 0, 0, 0, 0, , 0, 0, 0, 0, 0, 
791, 1, 814, 765, -1, 86, 151, 98.0, 13, ABplaaapaa, 0, 0, 0, 0, , 0, 0, 0, 0, 0, 
792, 1, 815, 766, -1, 92, 146, 76.0, 13, ABplaaapap, 0, 0, 0, 0, , 0, 0, 0, 0, 0, 
793, 0, 816, -1, -1, 66, 119, 134.0, 14, , 0, 0, 0, 0, , 0, 0, 0, 0, 0, 
794, 1, 817, 768, -1, 63, 126, 111.0, 14, ABplaapaaap, 0, 0, 0, 0, , 0, 0, 0, 0, 0, 
795, 0, 818, -1, -1, 45, 131, 85.0, 14, , 0, 0, 0, 0, , 0, 0, 0, 0, 0, 
796, 0, 818, -1, -1, 98, 109, 84.0, 14, , 0, 0, 0, 0, , 0, 0, 0, 0, 0, 
797, 0, 819, -1, -1, 93, 127, 98.0, 13, , 0, 0, 0, 0, , 0, 0, 0, 0, 0, 
798, 0, 820, -1, -1, 98, 109, 79.0, 13, , 0, 0, 0, 0, , 0, 0, 0, 0, 0, 
799, 1, 821, 772, -1, 173, 99, 95.0, 15, ABplaapapaa, 0, 0, 0, 0, , 0, 0, 0, 0, 0, 
800, 1, 822, 773, -1, 169, 65, 79.0, 14, ABarppaaap, 0, 0, 0, 0, , 0, 0, 0, 0, 0, 
801, 1, 823, 774, -1, 164, 82, 93.0, 13, ABplaapapap, 0, 0, 0, 0, , 0, 0, 0, 0, 0, 
802, 1, 824, 775, -1, 155, 105, 92.0, 14, ABplaapappa, 0, 0, 0, 0, , 0, 0, 0, 0, 0, 
803, 1, 825, 776, -1, 143, 81, 77.0, 12, ABplaapapppa, 0, 0, 0, 0, , 0, 0, 0, 0, 0, 
804, 1, 826, 777, -1, 113, 165, 105.0, 13, ABalppapapp, 0, 0, 0, 0, , 0, 0, 0, 0, 0, 
805, 1, 827, 778, -1, 93, 169, 112.5, 15, ABplaappaa, 0, 0, 0, 0, , 0, 0, 0, 0, 0, 
806, 1, 828, 779, -1, 139, 175, 108.5, 15, ABplaappap, 0, 0, 0, 0, , 0, 0, 0, 0, 0, 
807, 1, 829, 780, -1, 159, 168, 95.0, 15, ABplaapppa, 0, 0, 0, 0, , 0, 0, 0, 0, 0, 
808, 1, 830, 781, -1, 193, 85, 75.0, 17, ABplaapppp, 0, 0, 0, 0, , 0, 0, 0, 0, 0, 
809, 1, 831, 782, -1, 150, 59, 94.0, 12, ABplapaaaapa, 0, 0, 0, 0, , 0, 0, 0, 0, 0, 
810, 1, 832, 783, -1, 174, 60, 99.0, 12, ABplapaaaapp, 0, 0, 0, 0, , 0, 0, 0, 0, 0, 
811, 1, 833, 784, -1, 175, 73, 89.0, 13, ABplapaaapad, 0, 0, 0, 0, , 0, 0, 0, 0, 0, 
812, 1, 834, 785, -1, 188, 87, 93.0, 13, ABplapaaapav, 0, 0, 0, 0, , 0, 0, 0, 0, 0, 
813, 1, 835, 786, -1, 195, 72, 97.0, 15, ABplapaaapp, 0, 0, 0, 0, , 0, 0, 0, 0, 0, 
814, 1, 836, 787, -1, 191, 143, 106.0, 13, ABplapaapa, 0, 0, 0, 0, , 0, 0, 0, 0, 0, 
815, 1, 837, 788, -1, 215, 76, 92.0, 17, ABplapaapp, 0, 0, 0, 0, , 0, 0, 0, 0, 0, 
816, 1, 838, 789, -1, 276, 129, 88.0, 16, ABplapapap, 0, 0, 0, 0, , 0, 0, 0, 0, 0, 
817, 1, 839, 790, -1, 245, 135, 95.0, 17, ABplapappa, 0, 0, 0, 0, , 0, 0, 0, 0, 0, 
818, 0, 840, -1, -1, 231, 170, 102.0, 14, , 0, 0, 0, 0, , 0, 0, 0, 0, 0, 
819, 1, 841, 792, -1, 246, 72, 97.0, 18, ABplappaaa, 0, 0, 0, 0, , 0, 0, 0, 0, 0, 
820, 1, 842, 793, -1, 286, 86, 99.0, 17, ABplappaap, 0, 0, 0, 0, , 0, 0, 0, 0, 0, 
821, 1, 843, 794, -1, 296, 111, 93.0, 14, ABplappapp, 0, 0, 0, 0, , 0, 0, 0, 0, 0, 
822, 1, 844, 795, -1, 238, 148, 86.0, 14, ABplapppaaa, 0, 0, 0, 0, , 0, 0, 0, 0, 0, 
823, 1, 845, 796, -1, 222, 160, 90.0, 15, ABplapppappa, 0, 0, 0, 0, , 0, 0, 0, 0, 0, 
824, 1, 846, 797, -1, 219, 162, 112.0, 13, ABplapppappp, 0, 0, 0, 0, , 0, 0, 0, 0, 0, 
825, 1, 847, 798, -1, 209, 143, 143.0, 12, ABplappppa, 0, 0, 0, 0, , 0, 0, 0, 0, 0, 
826, 0, 848, -1, -1, 133, 126, 82.5, 14, , 0, 0, 0, 0, , 0, 0, 0, 0, 0, 
827, 1, 849, 800, -1, 166, 124, 69.5, 14, ABplpaaaaap, 0, 0, 0, 0, , 0, 0, 0, 0, 0, 
828, 0, 850, -1, -1, 158, 146, 124.0, 12, , 0, 0, 0, 0, , 0, 0, 0, 0, 0, 
829, 1, 851, 802, -1, 213, 118, 130.5, 13, ABplpaaaapp, 0, 0, 0, 0, , 0, 0, 0, 0, 0, 
830, 1, 852, 803, -1, 112, 158, 94.0, 12, ABplpaaapaa, 0, 0, 0, 0, , 0, 0, 0, 0, 0, 
831, 1, 853, 804, -1, 134, 155, 94.0, 12, ABplpaaapap, 0, 0, 0, 0, , 0, 0, 0, 0, 0, 
832, 1, 854, 805, -1, 122, 144, 75.5, 14, ABplpaaappaa, 0, 0, 0, 0, , 0, 0, 0, 0, 0, 
833, 1, 855, 806, -1, 136, 138, 86.0, 11, ABplpaaappap, 0, 0, 0, 0, , 0, 0, 0, 0, 0, 
834, 1, 856, 807, -1, 126, 155, 77.0, 13, ABplpaaappp, 0, 0, 0, 0, , 0, 0, 0, 0, 0, 
835, 1, 857, 808, -1, 122, 86, 88.5, 13, ABplpaapaaa, 0, 0, 0, 0, , 0, 0, 0, 0, 0, 
836, 0, 858, -1, -1, 168, 98, 68.0, 12, , 0, 0, 0, 0, , 0, 0, 0, 0, 0, 
837, 1, 859, 810, -1, 83, 117, 77.0, 13, ABplpaapapa, 0, 0, 0, 0, , 0, 0, 0, 0, 0, 
838, 1, 860, 811, -1, 142, 168, 94.5, 12, ABplpaapapp, 0, 0, 0, 0, , 0, 0, 0, 0, 0, 
839, 0, 861, -1, -1, 164, 108, 77.0, 13, , 0, 0, 0, 0, , 0, 0, 0, 0, 0, 
840, 0, 862, -1, -1, 172, 92, 73.0, 13, , 0, 0, 0, 0, , 0, 0, 0, 0, 0, 
841, 1, 863, 814, -1, 165, 107, 78.5, 13, ABplpaappaa, 0, 0, 0, 0, , 0, 0, 0, 0, 0, 
842, 0, 864, -1, -1, 162, 105, 75.0, 13, , 0, 0, 0, 0, , 0, 0, 0, 0, 0, 
843, 0, 865, -1, -1, 161, 145, 123.0, 12, , 0, 0, 0, 0, , 0, 0, 0, 0, 0, 
844, 0, 866, -1, -1, 162, 145, 121.0, 12, , 0, 0, 0, 0, , 0, 0, 0, 0, 0, 
845, 0, 867, -1, -1, 159, 147, 127.0, 12, , 0, 0, 0, 0, , 0, 0, 0, 0, 0, 
846, 1, 868, 819, -1, 157, 128, 104.0, 11, ABplpapaaaa, 0, 0, 0, 0, , 0, 0, 0, 0, 0, 
847, 1, 869, 820, -1, 145, 152, 114.0, 10, ABalppapapa, 0, 0, 0, 0, , 0, 0, 0, 0, 0, 
848, 1, 870, 821, -1, 146, 153, 110.0, 11, ABplpapaapp, 0, 0, 0, 0, , 0, 0, 0, 0, 0, 
849, 0, 871, -1, -1, 174, 123, 109.0, 12, , 0, 0, 0, 0, , 0, 0, 0, 0, 0, 
850, 1, 872, 823, -1, 178, 141, 113.0, 13, ABplpapappa, 0, 0, 0, 0, , 0, 0, 0, 0, 0, 
851, 0, 873, -1, -1, 262, 98, 141.0, 13, , 0, 0, 0, 0, , 0, 0, 0, 0, 0, 
852, 1, 874, 825, -1, 123, 143, 118.0, 13, ABplpappaaa, 0, 0, 0, 0, , 0, 0, 0, 0, 0, 
853, 0, 875, -1, -1, 169, 123, 166.0, 15, , 0, 0, 0, 0, , 0, 0, 0, 0, 0, 
854, 1, 876, 827, -1, 226, 152, 125.0, 13, ABplpapppaa, 0, 0, 0, 0, , 0, 0, 0, 0, 0, 
855, 1, 877, 828, -1, 226, 153, 152.0, 12, ABplpapppap, 0, 0, 0, 0, , 0, 0, 0, 0, 0, 
856, 1, 878, 829, -1, 247, 144, 132.0, 13, ABplpappppa, 0, 0, 0, 0, , 0, 0, 0, 0, 0, 
857, 1, 879, 830, -1, 229, 163, 133.0, 12, ABplpappppp, 0, 0, 0, 0, , 0, 0, 0, 0, 0, 
858, 1, 880, 831, -1, 159, 132, 60.0, 13, ABplppaaaaa, 0, 0, 0, 0, , 0, 0, 0, 0, 0, 
859, 0, 881, -1, -1, 167, 140, 117.0, 10, , 0, 0, 0, 0, , 0, 0, 0, 0, 0, 
860, 0, 882, -1, -1, 198, 134, 121.0, 11, , 0, 0, 0, 0, , 0, 0, 0, 0, 0, 
861, 0, 883, -1, -1, 196, 135, 127.0, 10, , 0, 0, 0, 0, , 0, 0, 0, 0, 0, 
862, 0, 884, -1, -1, 268, 119, 140.0, 13, , 0, 0, 0, 0, , 0, 0, 0, 0, 0, 
863, 1, 885, 836, -1, 198, 128, 109.0, 12, ABplppapaaa, 0, 0, 0, 0, , 0, 0, 0, 0, 0, 
864, 0, 886, -1, -1, 196, 112, 143.0, 12, , 0, 0, 0, 0, , 0, 0, 0, 0, 0, 
865, 1, 887, 838, -1, 226, 93, 131.0, 13, ABplppapapa, 0, 0, 0, 0, , 0, 0, 0, 0, 0, 
866, 1, 888, 839, -1, 259, 92, 140.0, 11, ABplppapapp, 0, 0, 0, 0, , 0, 0, 0, 0, 0, 
867, 1, 889, 840, -1, 247, 98, 143.0, 13, ABplppapppa, 0, 0, 0, 0, , 0, 0, 0, 0, 0, 
868, 1, 890, 841, -1, 260, 129, 148.5, 12, ABplppapppp, 0, 0, 0, 0, , 0, 0, 0, 0, 0, 
869, 0, 891, -1, -1, 238, 129, 132.0, 11, , 0, 0, 0, 0, , 0, 0, 0, 0, 0, 
870, 1, 892, 843, -1, 264, 126, 127.0, 12, ABplpppaaap, 0, 0, 0, 0, , 0, 0, 0, 0, 0, 
871, 1, 893, 844, -1, 232, 152, 103.0, 13, ABplpppaapa, 0, 0, 0, 0, , 0, 0, 0, 0, 0, 
872, 1, 894, 845, -1, 227, 140, 102.0, 10, ABplpppaapp, 0, 0, 0, 0, , 0, 0, 0, 0, 0, 
873, 1, 895, 846, -1, 213, 148, 104.0, 13, ABplpppapaa, 0, 0, 0, 0, , 0, 0, 0, 0, 0, 
874, 1, 896, 847, -1, 190, 175, 158.0, 13, ABplpppapap, 0, 0, 0, 0, , 0, 0, 0, 0, 0, 
875, 1, 897, 848, -1, 240, 143, 120.0, 12, ABplppppaaa, 0, 0, 0, 0, , 0, 0, 0, 0, 0, 
876, 1, 898, 849, -1, 242, 153, 126.5, 13, ABplppppaap, 0, 0, 0, 0, , 0, 0, 0, 0, 0, 
877, 1, 899, 850, -1, 239, 127, 108.0, 12, Capappp, 0, 0, 0, 0, , 0, 0, 0, 0, 0, 
878, 1, 900, 851, -1, 216, 146, 128.0, 13, ABplppppapp, 0, 0, 0, 0, , 0, 0, 0, 0, 0, 
879, 1, 901, 852, -1, 258, 141, 122.0, 13, ABplpppppaa, 0, 0, 0, 0, , 0, 0, 0, 0, 0, 
880, 1, 902, 853, -1, 244, 163, 109.0, 15, ABplpppppap, 0, 0, 0, 0, , 0, 0, 0, 0, 0, 
881, 0, 903, -1, -1, 198, 176, 146.0, 13, , 0, 0, 0, 0, , 0, 0, 0, 0, 0, 
882, 1, 904, 855, -1, 223, 178, 134.0, 12, Cappppd, 0, 0, 0, 0, , 0, 0, 0, 0, 0, 
883, 0, 905, -1, -1, 194, 177, 151.5, 13, , 0, 0, 0, 0, , 0, 0, 0, 0, 0, 
884, 1, 906, 857, -1, 108, 150, 154.0, 13, ABpraaaaaap, 0, 0, 0, 0, , 0, 0, 0, 0, 0, 
885, 1, 907, 858, -1, 123, 148, 185.0, 13, ABpraaaapad, 0, 0, 0, 0, , 0, 0, 0, 0, 0, 
886, 1, 908, 859, -1, 142, 134, 193.0, 13, ABpraaaapav, 0, 0, 0, 0, , 0, 0, 0, 0, 0, 
887, 1, 909, 860, -1, 120, 105, 196.5, 12, ABpraaaapppa, 0, 0, 0, 0, , 0, 0, 0, 0, 0, 
888, 1, 910, 861, -1, 133, 88, 192.0, 13, ABpraaapaad, 0, 0, 0, 0, , 0, 0, 0, 0, 0, 
889, 1, 911, 862, -1, 105, 104, 176.0, 12, ABpraaapapap, 0, 0, 0, 0, , 0, 0, 0, 0, 0, 
890, 1, 912, 863, -1, 86, 114, 166.0, 12, ABpraaapapaa, 0, 0, 0, 0, , 0, 0, 0, 0, 0, 
891, 1, 913, 864, -1, 146, 124, 185.0, 13, ABpraaappaa, 0, 0, 0, 0, , 0, 0, 0, 0, 0, 
892, 1, 914, 865, -1, 142, 113, 191.0, 12, ABpraaappap, 0, 0, 0, 0, , 0, 0, 0, 0, 0, 
893, 1, 915, 866, -1, 156, 97, 194.0, 12, ABpraaapppaa, 0, 0, 0, 0, , 0, 0, 0, 0, 0, 
894, 1, 916, 867, -1, 147, 109, 208.0, 15, ABpraaappppa, 0, 0, 0, 0, , 0, 0, 0, 0, 0, 
895, 1, 917, 868, -1, 155, 123, 206.0, 13, ABpraaappppp, 0, 0, 0, 0, , 0, 0, 0, 0, 0, 
896, 0, 918, -1, -1, 65, 115, 132.5, 15, , 0, 0, 0, 0, , 0, 0, 0, 0, 0, 
897, 0, 919, -1, -1, 64, 116, 133.0, 13, , 0, 0, 0, 0, , 0, 0, 0, 0, 0, 
898, 1, 920, 871, -1, 64, 119, 136.0, 13, ABpraapaaaa, 0, 0, 0, 0, , 0, 0, 0, 0, 0, 
899, 1, 921, 872, -1, 59, 123, 146.0, 13, ABpraapaaap, 0, 0, 0, 0, , 0, 0, 0, 0, 0, 
900, 1, 922, 873, -1, 88, 131, 167.0, 14, ABpraapaapa, 0, 0, 0, 0, , 0, 0, 0, 0, 0, 
901, 1, 923, 874, -1, 96, 116, 189.0, 14, ABpraapaapp, 0, 0, 0, 0, , 0, 0, 0, 0, 0, 
902, 1, 924, 875, -1, 167, 106, 181.0, 12, ABpraapapaa, 0, 0, 0, 0, , 0, 0, 0, 0, 0, 
903, 1, 925, 876, -1, 158, 94, 184.0, 13, ABpraapapap, 0, 0, 0, 0, , 0, 0, 0, 0, 0, 
904, 1, 926, 877, -1, 155, 115, 177.5, 12, ABpraapappa, 0, 0, 0, 0, , 0, 0, 0, 0, 0, 
905, 1, 927, 878, -1, 135, 99, 201.0, 13, ABpraapapppa, 0, 0, 0, 0, , 0, 0, 0, 0, 0, 
906, 1, 928, 879, -1, 147, 89, 194.0, 13, ABpraapapppp, 0, 0, 0, 0, , 0, 0, 0, 0, 0, 
907, 0, 929, -1, -1, 86, 166, 128.0, 15, , 0, 0, 0, 0, , 0, 0, 0, 0, 0, 
908, 1, 930, 881, -1, 118, 174, 119.0, 15, ABalpapaaap, 0, 0, 0, 0, , 0, 0, 0, 0, 0, 
909, 1, 931, 882, -1, 85, 166, 129.0, 14, ABpraappaa, 0, 0, 0, 0, , 0, 0, 0, 0, 0, 
910, 1, 932, 883, -1, 134, 179, 140.5, 14, ABpraappap, 0, 0, 0, 0, , 0, 0, 0, 0, 0, 
911, 1, 933, 884, -1, 164, 165, 161.0, 12, ABpraapppa, 0, 0, 0, 0, , 0, 0, 0, 0, 0, 
912, 1, 934, 885, -1, 192, 101, 202.0, 14, ABpraapppp, 0, 0, 0, 0, , 0, 0, 0, 0, 0, 
913, 1, 935, 886, -1, 141, 74, 191.0, 13, ABprapaaaapa, 0, 0, 0, 0, , 0, 0, 0, 0, 0, 
914, 1, 936, 887, -1, 164, 76, 194.0, 13, ABprapaaaapp, 0, 0, 0, 0, , 0, 0, 0, 0, 0, 
915, 1, 937, 888, -1, 170, 86, 192.0, 13, ABprapaaapad, 0, 0, 0, 0, , 0, 0, 0, 0, 0, 
916, 1, 938, 889, -1, 182, 102, 190.0, 13, ABprapaaapav, 0, 0, 0, 0, , 0, 0, 0, 0, 0, 
917, 1, 939, 890, -1, 185, 84, 192.0, 13, ABprapaaapp, 0, 0, 0, 0, , 0, 0, 0, 0, 0, 
918, 1, 940, 891, -1, 173, 154, 152.0, 13, ABarappappp, 0, 0, 0, 0, , 0, 0, 0, 0, 0, 
919, 0, 941, -1, -1, 184, 146, 159.0, 15, , 0, 0, 0, 0, , 0, 0, 0, 0, 0, 
920, 1, 942, 893, -1, 210, 89, 196.0, 15, ABprapaapp, 0, 0, 0, 0, , 0, 0, 0, 0, 0, 
921, 1, 943, 894, -1, 273, 131, 186.0, 14, ABprapapap, 0, 0, 0, 0, , 0, 0, 0, 0, 0, 
922, 1, 944, 895, -1, 251, 140, 183.0, 15, ABprapappa, 0, 0, 0, 0, , 0, 0, 0, 0, 0, 
923, 1, 945, 896, -1, 237, 174, 167.0, 13, ABprapappppa, 0, 0, 0, 0, , 0, 0, 0, 0, 0, 
924, 0, 946, -1, -1, 237, 159, 174.0, 13, , 0, 0, 0, 0, , 0, 0, 0, 0, 0, 
925, 1, 947, 898, -1, 205, 148, 158.0, 15, ABprappppa, 0, 0, 0, 0, , 0, 0, 0, 0, 0, 
926, 1, 948, 899, -1, 214, 178, 165.0, 15, ABprappppp, 0, 0, 0, 0, , 0, 0, 0, 0, 0, 
927, 1, 949, 900, -1, 222, 167, 177.0, 12, ABprapppappa, 0, 0, 0, 0, , 0, 0, 0, 0, 0, 
928, 1, 950, 901, -1, 227, 166, 161.5, 12, ABprapppappp, 0, 0, 0, 0, , 0, 0, 0, 0, 0, 
929, 1, 951, 902, -1, 156, 134, 192.0, 15, ABprpaaaaap, 0, 0, 0, 0, , 0, 0, 0, 0, 0, 
930, 1, 952, 903, -1, 174, 152, 132.0, 14, ABprpaaaapa, 0, 0, 0, 0, , 0, 0, 0, 0, 0, 
931, 1, 953, 904, -1, 222, 107, 130.0, 12, ABprpaaaapp, 0, 0, 0, 0, , 0, 0, 0, 0, 0, 
932, 1, 954, 905, -1, 117, 156, 149.0, 13, ABarapppppp, 0, 0, 0, 0, , 0, 0, 0, 0, 0, 
933, 1, 955, 906, -1, 103, 163, 151.0, 13, ABprpaaapaa, 0, 0, 0, 0, , 0, 0, 0, 0, 0, 
934, 0, 956, -1, -1, 124, 173, 146.0, 13, , 0, 0, 0, 0, , 0, 0, 0, 0, 0, 
935, 1, 957, 908, -1, 108, 151, 163.0, 13, ABprpaaappaa, 0, 0, 0, 0, , 0, 0, 0, 0, 0, 
936, 1, 958, 909, -1, 122, 146, 172.5, 13, ABprpaaappap, 0, 0, 0, 0, , 0, 0, 0, 0, 0, 
937, 1, 959, 910, -1, 126, 155, 167.5, 13, ABprpaaappp, 0, 0, 0, 0, , 0, 0, 0, 0, 0, 
938, 1, 960, 911, -1, 120, 97, 183.0, 13, ABprpaapaaa, 0, 0, 0, 0, , 0, 0, 0, 0, 0, 
939, 1, 961, 912, -1, 164, 105, 205.0, 13, ABprpaapaap, 0, 0, 0, 0, , 0, 0, 0, 0, 0, 
940, 0, 962, -1, -1, 77, 118, 181.0, 15, , 0, 0, 0, 0, , 0, 0, 0, 0, 0, 
941, 1, 963, 914, -1, 130, 151, 158.0, 11, ABalaapappp, 0, 0, 0, 0, , 0, 0, 0, 0, 0, 
942, 1, 964, 915, -1, 123, 164, 154.0, 13, ABprpaaapap, 0, 0, 0, 0, , 0, 0, 0, 0, 0, 
943, 1, 965, 916, -1, 124, 172, 147.5, 13, ABprpaapapp, 0, 0, 0, 0, , 0, 0, 0, 0, 0, 
944, 1, 966, 917, -1, 161, 118, 190.0, 15, ABprpaappaa, 0, 0, 0, 0, , 0, 0, 0, 0, 0, 
945, 0, 967, -1, -1, 196, 90, 179.53847, 14, , 0, 0, 0, 0, , 0, 0, 0, 0, 0, 
946, 1, 968, 919, -1, 167, 107, 195.0, 12, ABprpaappap, 0, 0, 0, 0, , 0, 0, 0, 0, 0, 
947, 1, 969, 920, -1, 168, 144, 152.0, 13, ABprpaapppa, 0, 0, 0, 0, , 0, 0, 0, 0, 0, 
948, 1, 970, 921, -1, 139, 162, 148.0, 13, ABprpaappppa, 0, 0, 0, 0, , 0, 0, 0, 0, 0, 
949, 1, 971, 922, -1, 153, 166, 152.0, 13, ABprpaappppp, 0, 0, 0, 0, , 0, 0, 0, 0, 0, 
950, 0, 972, -1, -1, 145, 160, 144.0, 14, , 0, 0, 0, 0, , 0, 0, 0, 0, 0, 
951, 1, 973, 924, -1, 164, 132, 147.0, 13, ABprpapaaap, 0, 0, 0, 0, , 0, 0, 0, 0, 0, 
952, 0, 974, -1, -1, 151, 150, 145.0, 13, , 0, 0, 0, 0, , 0, 0, 0, 0, 0, 
953, 1, 975, 926, -1, 149, 139, 149.0, 13, ABprpapaaaa, 0, 0, 0, 0, , 0, 0, 0, 0, 0, 
954, 0, 976, -1, -1, 145, 161, 144.0, 12, , 0, 0, 0, 0, , 0, 0, 0, 0, 0, 
955, 1, 977, 928, -1, 184, 115, 168.0, 13, ABprpapapaa, 0, 0, 0, 0, , 0, 0, 0, 0, 0, 
956, 1, 978, 929, -1, 178, 127, 153.0, 14, ABprpapapap, 0, 0, 0, 0, , 0, 0, 0, 0, 0, 
957, 0, 979, -1, -1, 184, 147, 157.0, 12, , 0, 0, 0, 0, , 0, 0, 0, 0, 0, 
958, 0, 980, -1, -1, 178, 140, 147.0, 12, , 0, 0, 0, 0, , 0, 0, 0, 0, 0, 
959, 1, 981, 932, -1, 235, 121, 137.0, 13, ABplpppaaaa, 0, 0, 0, 0, , 0, 0, 0, 0, 0, 
960, 1, 982, 933, -1, 237, 128, 129.0, 12, ABprpapappp, 0, 0, 0, 0, , 0, 0, 0, 0, 0, 
961, 1, 983, 934, -1, 131, 157, 127.0, 15, ABprpappaaa, 0, 0, 0, 0, , 0, 0, 0, 0, 0, 
962, 1, 984, 935, -1, 154, 131, 128.5, 14, ABprpappaap, 0, 0, 0, 0, , 0, 0, 0, 0, 0, 
963, 1, 985, 936, -1, 169, 123, 165.0, 13, ABprpappapa, 0, 0, 0, 0, , 0, 0, 0, 0, 0, 
964, 1, 986, 937, -1, 240, 101, 134.0, 13, ABprpappapp, 0, 0, 0, 0, , 0, 0, 0, 0, 0, 
965, 1, 987, 938, -1, 134, 144, 130.0, 13, ABprpapppaa, 0, 0, 0, 0, , 0, 0, 0, 0, 0, 
966, 1, 988, 939, -1, 207, 121, 153.0, 12, ABprpapppap, 0, 0, 0, 0, , 0, 0, 0, 0, 0, 
967, 0, 989, -1, -1, 239, 150, 156.0, 12, , 0, 0, 0, 0, , 0, 0, 0, 0, 0, 
968, 1, 991, 941, -1, 245, 167, 125.0, 14, ABprpappppp, 0, 0, 0, 0, , 0, 0, 0, 0, 0, 
969, 1, 992, 942, -1, 155, 148, 191.5, 12, ABprppaaaaa, 0, 0, 0, 0, , 0, 0, 0, 0, 0, 
970, 1, 993, 943, -1, 185, 113, 194.0, 12, ABprppaaaapp, 0, 0, 0, 0, , 0, 0, 0, 0, 0, 
971, 1, 994, 944, -1, 176, 127, 193.0, 13, ABprppaapap, 0, 0, 0, 0, , 0, 0, 0, 0, 0, 
972, 0, 995, -1, -1, 178, 139, 144.0, 12, , 0, 0, 0, 0, , 0, 0, 0, 0, 0, 
973, 1, 996, 946, -1, 251, 119, 144.5, 12, ABprppaappp, 0, 0, 0, 0, , 0, 0, 0, 0, 0, 
974, 1, 997, 947, -1, 195, 132, 157.0, 12, ABprppapaaa, 0, 0, 0, 0, , 0, 0, 0, 0, 0, 
975, 1, 998, 948, -1, 212, 97, 146.0, 12, ABprppapaap, 0, 0, 0, 0, , 0, 0, 0, 0, 0, 
976, 1, 999, 949, -1, 233, 94, 143.0, 13, ABprppapapa, 0, 0, 0, 0, , 0, 0, 0, 0, 0, 
977, 1, 1000, 950, -1, 283, 103, 141.0, 13, ABprppapapp, 0, 0, 0, 0, , 0, 0, 0, 0, 0, 
978, 1, 1001, 951, -1, 218, 108, 153.0, 13, ABprppappaa, 0, 0, 0, 0, , 0, 0, 0, 0, 0, 
979, 1, 1002, 952, -1, 225, 98, 148.0, 12, ABprppappap, 0, 0, 0, 0, , 0, 0, 0, 0, 0, 
980, 1, 1003, 953, -1, 275, 101, 142.0, 10, ABprppapppa, 0, 0, 0, 0, , 0, 0, 0, 0, 0, 
981, 1, 1004, 954, -1, 247, 132, 143.5, 11, ABprppapppp, 0, 0, 0, 0, , 0, 0, 0, 0, 0, 
982, 1, 1005, 955, -1, 237, 123, 151.0, 12, ABprpppaaaa, 0, 0, 0, 0, , 0, 0, 0, 0, 0, 
983, 0, 1006, -1, -1, 259, 129, 151.0, 12, , 0, 0, 0, 0, , 0, 0, 0, 0, 0, 
984, 1, 1007, 956, -1, 257, 129, 155.5, 12, ABprpppaaap, 0, 0, 0, 0, , 0, 0, 0, 0, 0, 
985, 0, 1008, -1, -1, 236, 159, 176.0, 13, , 0, 0, 0, 0, , 0, 0, 0, 0, 0, 
986, 1, 1009, 958, -1, 237, 158, 170.5, 12, ABprpppaapa, 0, 0, 0, 0, , 0, 0, 0, 0, 0, 
987, 1, 1010, 959, -1, 237, 146, 176.0, 12, ABprpppaapp, 0, 0, 0, 0, , 0, 0, 0, 0, 0, 
988, 1, 1011, 960, -1, 217, 156, 174.0, 12, ABprpppapaa, 0, 0, 0, 0, , 0, 0, 0, 0, 0, 
989, 1, 1012, 961, -1, 206, 155, 117.0, 15, Cappppv, 0, 0, 0, 0, , 0, 0, 0, 0, 0, 
990, 1, 1013, 962, -1, 187, 167, 141.0, 13, ABprpppapap, 0, 0, 0, 0, , 0, 0, 0, 0, 0, 
991, 1, 1014, 963, -1, 239, 149, 154.0, 13, ABprppppaaa, 0, 0, 0, 0, , 0, 0, 0, 0, 0, 
992, 0, 1015, -1, -1, 243, 159, 144.0, 12, , 0, 0, 0, 0, , 0, 0, 0, 0, 0, 
993, 1, 1016, 965, -1, 243, 172, 138.0, 12, ABprpappppa, 0, 0, 0, 0, , 0, 0, 0, 0, 0, 
994, 1, 1017, 966, -1, 243, 159, 144.0, 12, ABprppppaap, 0, 0, 0, 0, , 0, 0, 0, 0, 0, 
995, 1, 1018, 967, -1, 221, 141, 159.0, 13, ABprppppapa, 0, 0, 0, 0, , 0, 0, 0, 0, 0, 
996, 1, 1019, 968, -1, 212, 162, 147.0, 15, ABprppppapp, 0, 0, 0, 0, , 0, 0, 0, 0, 0, 
997, 1, 1020, 969, -1, 273, 131, 169.0, 14, ABprpppppaa, 0, 0, 0, 0, , 0, 0, 0, 0, 0, 
998, 1, 1021, 970, -1, 251, 149, 160.0, 15, ABprpppppap, 0, 0, 0, 0, , 0, 0, 0, 0, 0, 
999, 0, 1022, -1, -1, 209, 171, 135.0, 13, , 0, 0, 0, 0, , 0, 0, 0, 0, 0, 
1000, 1, 1023, 972, -1, 211, 171, 133.5, 13, ABplppppppa, 0, 0, 0, 0, , 0, 0, 0, 0, 0, 
1001, 1, 1024, 973, -1, 201, 173, 144.0, 13, ABprppppppa, 0, 0, 0, 0, , 0, 0, 0, 0, 0, 
1002, 1, 1025, 974, -1, 208, 176, 122.5, 14, ABplppppppp, 0, 0, 0, 0, , 0, 0, 0, 0, 0, 
1003, 1, 1026, 975, -1, 195, 176, 150.0, 13, ABprppppppp, 0, 0, 0, 0, , 0, 0, 0, 0, 0, 
1004, 0, 1027, -1, -1, 70, 135, 88.0, 13, , 0, 0, 0, 0, , 0, 0, 0, 0, 0, 
1005, 0, 1028, -1, -1, 69, 135, 89.0, 13, , 0, 0, 0, 0, , 0, 0, 0, 0, 0, 
1006, 1, 1029, 978, -1, 106, 130, 100.0, 13, ABalapaappaa, 0, 0, 0, 0, , 0, 0, 0, 0, 0, 
1007, 1, 1030, 979, -1, 110, 115, 82.0, 13, ABalapaappap, 0, 0, 0, 0, , 0, 0, 0, 0, 0, 
1008, 1, 1031, 980, -1, 85, 90, 89.0, 14, ABalapapppp, 0, 0, 0, 0, , 0, 0, 0, 0, 0, 
1009, 0, 1032, -1, -1, 114, 86, 183.65573, 12, , 0, 0, 0, 0, , 0, 0, 0, 0, 0, 
1010, 1, 1033, 982, -1, 123, 85, 189.5, 12, ABalappapaa, 0, 0, 0, 0, , 0, 0, 0, 0, 0, 
1011, 0, 1034, -1, -1, 118, 62, 184.0, 12, , 0, 0, 0, 0, , 0, 0, 0, 0, 0, 
1012, 0, 1035, -1, -1, 76, 115, 185.0, 13, , 0, 0, 0, 0, , 0, 0, 0, 0, 0, 
1013, 0, 1036, -1, -1, 78, 121, 180.0, 12, , 0, 0, 0, 0, , 0, 0, 0, 0, 0, 
1014, 1, 1037, 985, -1, 77, 115, 183.0, 12, ABalappappp, 0, 0, 0, 0, , 0, 0, 0, 0, 0, 
1015, 1, 1038, 986, -1, 77, 121, 180.0, 13, ABprpaapapa, 0, 0, 0, 0, , 0, 0, 0, 0, 0, 
1016, 0, 1039, -1, -1, 79, 116, 101.0, 13, , 0, 0, 0, 0, , 0, 0, 0, 0, 0, 
1017, 0, 1040, -1, -1, 79, 115, 99.0, 13, , 0, 0, 0, 0, , 0, 0, 0, 0, 0, 
1018, 1, 1041, 989, -1, 76, 112, 86.0, 12, ABalpaapppp, 0, 0, 0, 0, , 0, 0, 0, 0, 0, 
1019, 1, 1042, 990, -1, 98, 109, 79.0, 15, ABplaapaapp, 0, 0, 0, 0, , 0, 0, 0, 0, 0, 
1020, 1, 1043, 991, -1, 93, 126, 99.0, 13, ABalpppaapd, 0, 0, 0, 0, , 0, 0, 0, 0, 0, 
1021, 1, 1044, 992, -1, 96, 125, 90.0, 14, ABplaapaapa, 0, 0, 0, 0, , 0, 0, 0, 0, 0, 
1022, 1, 1045, 993, -1, 109, 136, 81.0, 12, ABalaaaalpp, 0, 0, 0, 0, , 0, 0, 0, 0, 0, 
1023, 1, 1046, 994, -1, 135, 114, 104.0, 15, ABalpappaapa, 0, 0, 0, 0, , 0, 0, 0, 0, 0, 
1024, 1, 1047, 995, -1, 152, 105, 102.0, 14, ABalpappaapp, 0, 0, 0, 0, , 0, 0, 0, 0, 0, 
1025, 1, 1048, 996, -1, 176, 151, 101.0, 13, ABalpapappp, 0, 0, 0, 0, , 0, 0, 0, 0, 0, 
1026, 1, 1049, 997, -1, 145, 162, 102.0, 12, ABplpaappppa, 0, 0, 0, 0, , 0, 0, 0, 0, 0, 
1027, 1, 1050, 998, -1, 160, 157, 103.5, 12, ABplpaappppp, 0, 0, 0, 0, , 0, 0, 0, 0, 0, 
1028, 1, 1051, 999, -1, 189, 98, 83.0, 13, ABplppaaaapp, 0, 0, 0, 0, , 0, 0, 0, 0, 0, 
1029, 0, 1052, -1, -1, 107, 146, 94.0, 12, , 0, 0, 0, 0, , 0, 0, 0, 0, 0, 
1030, 0, 1053, -1, -1, 109, 146, 71.0, 12, , 0, 0, 0, 0, , 0, 0, 0, 0, 0, 
1031, 1, 1054, 1002, -1, 71, 122, 166.0, 12, ABaraaapppp, 0, 0, 0, 0, , 0, 0, 0, 0, 0, 
1032, 1, 1055, 1003, -1, 105, 100, 127.5, 14, ABaraapaaap, 0, 0, 0, 0, , 0, 0, 0, 0, 0, 
1033, 1, 1056, 1004, -1, 120, 73, 128.0, 16, MSaaapaaa, 0, 0, 0, 0, , 0, 0, 0, 0, 0, 
1034, 1, 1057, 1005, -1, 124, 146, 89.0, 13, ABalppaappp, 0, 0, 0, 0, , 0, 0, 0, 0, 0, 
1035, 1, 1058, 1006, -1, 116, 161, 123.0, 13, ABarappaapa, 0, 0, 0, 0, , 0, 0, 0, 0, 0, 
1036, 1, 1059, 1007, -1, 93, 102, 90.5, 13, ABalppppapaa, 0, 0, 0, 0, , 0, 0, 0, 0, 0, 
1037, 1, 1060, 1008, -1, 273, 136, 113.0, 16, MSappaap, 0, 0, 0, 0, , 0, 0, 0, 0, 0, 
1038, 1, 1061, 1009, -1, 135, 119, 73.0, 14, ABalapaapaa, 0, 0, 0, 0, , 0, 0, 0, 0, 0, 
1039, 0, 1062, -1, -1, 156, 130, 100.5, 15, , 0, 0, 0, 0, , 0, 0, 0, 0, 0, 
1040, 0, 1063, -1, -1, 159, 129, 96.5, 15, , 0, 0, 0, 0, , 0, 0, 0, 0, 0, 
1041, 0, 1064, -1, -1, 159, 129, 93.5, 15, , 0, 0, 0, 0, , 0, 0, 0, 0, 0, 
1042, 0, 1065, -1, -1, 169, 134, 114.0, 12, , 0, 0, 0, 0, , 0, 0, 0, 0, 0, 
1043, 0, 1066, -1, -1, 166, 141, 118.0, 12, , 0, 0, 0, 0, , 0, 0, 0, 0, 0, 
1044, 0, 1067, -1, -1, 164, 142, 124.5, 12, , 0, 0, 0, 0, , 0, 0, 0, 0, 0, 
1045, 1, 867, 1015, -1, 158, 147, 129.0, 12, ABplpaaaapa, 0, 0, 0, 0, , 0, 0, 0, 0, 0, 
1046, 0, 1068, -1, -1, 148, 141, 135.0, 13, , 0, 0, 0, 0, , 0, 0, 0, 0, 0, 
1047, 1, 1069, 1017, -1, 149, 139, 118.0, 13, ABplpapaapa, 0, 0, 0, 0, , 0, 0, 0, 0, 0, 
1048, 1, 1070, 1018, -1, 145, 162, 144.0, 12, ABprpapaapp, 0, 0, 0, 0, , 0, 0, 0, 0, 0, 
1049, 1, 1071, 1019, -1, 151, 151, 148.0, 13, ABprpapaapa, 0, 0, 0, 0, , 0, 0, 0, 0, 0, 
1050, 1, 1072, 1020, -1, 149, 142, 135.0, 13, ABalpapapaa, 0, 0, 0, 0, , 0, 0, 0, 0, 0, 
1051, 1, 1073, 1021, -1, 153, 148, 143.0, 13, ABarappapaa, 0, 0, 0, 0, , 0, 0, 0, 0, 0, 
1052, 1, 1074, 1022, -1, 185, 113, 102.0, 14, ABplpapapaa, 0, 0, 0, 0, , 0, 0, 0, 0, 0, 
1053, 1, 1075, 1023, -1, 175, 121, 107.0, 15, ABplpapapap, 0, 0, 0, 0, , 0, 0, 0, 0, 0, 
1054, 1, 1076, 1024, -1, 223, 93, 117.0, 13, MSaappppa, 0, 0, 0, 0, , 0, 0, 0, 0, 0, 
1055, 1, 1077, 1025, -1, 208, 101, 112.0, 14, MSaapppap, 0, 0, 0, 0, , 0, 0, 0, 0, 0, 
1056, 0, 1078, -1, -1, 195, 134, 127.0, 10, , 0, 0, 0, 0, , 0, 0, 0, 0, 0, 
1057, 0, 1079, -1, -1, 198, 134, 123.0, 11, , 0, 0, 0, 0, , 0, 0, 0, 0, 0, 
1058, 0, 1080, -1, -1, 193, 134, 142.0, 13, , 0, 0, 0, 0, , 0, 0, 0, 0, 0, 
1059, 0, 1081, -1, -1, 197, 135, 123.0, 13, , 0, 0, 0, 0, , 0, 0, 0, 0, 0, 
1060, 0, 1082, -1, -1, 186, 146, 156.0, 12, , 0, 0, 0, 0, , 0, 0, 0, 0, 0, 
1061, 1, 1083, 1081, -1, 182, 147, 165.5, 14, ABprapaapa, 0, 0, 0, 0, , 0, 0, 0, 0, 0, 
1062, 1, 1084, 1032, -1, 179, 140, 145.5, 10, ABplppaappa, 0, 0, 0, 0, , 0, 0, 0, 0, 0, 
1063, 0, 1085, -1, -1, 186, 146, 154.0, 13, , 0, 0, 0, 0, , 0, 0, 0, 0, 0, 
1064, 1, 1086, 1034, -1, 268, 119, 140.0, 13, ABplppaappp, 0, 0, 0, 0, , 0, 0, 0, 0, 0, 
1065, 1, 1087, 1035, -1, 262, 99, 141.5, 13, ABplpapappp, 0, 0, 0, 0, , 0, 0, 0, 0, 0, 
1066, 1, 1088, 1036, -1, 193, 111, 146.0, 12, ABplppapaap, 0, 0, 0, 0, , 0, 0, 0, 0, 0, 
1067, 1, 1089, 1037, -1, 200, 110, 139.0, 13, ABplppappap, 0, 0, 0, 0, , 0, 0, 0, 0, 0, 
1068, 1, 1090, 1038, -1, 221, 136, 123.5, 13, ABplppppapa, 0, 0, 0, 0, , 0, 0, 0, 0, 0, 
1069, 1, 1091, 1039, -1, 140, 145, 190.0, 12, ABpraaaaaaa, 0, 0, 0, 0, , 0, 0, 0, 0, 0, 
1070, 1, 1092, 1040, -1, 107, 154, 178.5, 13, ABalaappapp, 0, 0, 0, 0, , 0, 0, 0, 0, 0, 
1071, 0, 1093, -1, -1, 105, 141, 179.0, 12, , 0, 0, 0, 0, , 0, 0, 0, 0, 0, 
1072, 1, 1094, 1042, -1, 88, 132, 164.0, 13, ABpraaaaapd, 0, 0, 0, 0, , 0, 0, 0, 0, 0, 
1073, 1, 1095, 1043, -1, 106, 141, 178.0, 13, ABalaapaapp, 0, 0, 0, 0, , 0, 0, 0, 0, 0, 
1074, 1, 1096, 1044, -1, 123, 134, 192.5, 12, ABalaappapa, 0, 0, 0, 0, , 0, 0, 0, 0, 0, 
1075, 1, 1097, 1045, -1, 137, 164, 165.0, 15, MSpppapp, 0, 0, 0, 0, , 0, 0, 0, 0, 0, 
1076, 1, 1098, 1046, -1, 167, 123, 173.0, 14, MSppppaa, 0, 0, 0, 0, , 0, 0, 0, 0, 0, 
1077, 1, 1099, 1047, -1, 179, 124, 181.0, 15, Dpaaa, 0, 0, 0, 0, , 0, 0, 0, 0, 0, 
1078, 1, 1100, 1048, -1, 179, 125, 134.5, 15, ABplpappaap, 0, 0, 0, 0, , 0, 0, 0, 0, 0, 
1079, 1, 1101, 1049, -1, 237, 160, 175.5, 14, ABprapppaaa, 0, 0, 0, 0, , 0, 0, 0, 0, 0, 
1080, 1, 1102, 1050, -1, 80, 115, 98.5, 13, ABalpaapppa, 0, 0, 0, 0, , 0, 0, 0, 0, 0, 
1081, 1, 1103, 1051, -1, 97, 112, 101.0, 14, ABalaaaarlp, 0, 0, 0, 0, , 0, 0, 0, 0, 0, 
1082, 0, 1104, -1, -1, 70, 135, 87.0, 13, , 0, 0, 0, 0, , 0, 0, 0, 0, 0, 
1083, 0, 1105, -1, -1, 70, 134, 88.5, 13, , 0, 0, 0, 0, , 0, 0, 0, 0, 0, 
1084, 1, 1106, 1054, -1, 102, 96, 191.5, 13, ABalaaapprl, 0, 0, 0, 0, , 0, 0, 0, 0, 0, 
1085, 0, 1107, -1, -1, 104, 90, 178.0, 12, , 0, 0, 0, 0, , 0, 0, 0, 0, 0, 
1086, 0, 1109, -1, -1, 105, 89, 175.0, 12, , 0, 0, 0, 0, , 0, 0, 0, 0, 0, 
1087, 1, 1110, 1057, -1, 95, 93, 183.0, 12, ABalaapaaar, 0, 0, 0, 0, , 0, 0, 0, 0, 0, 
1088, 0, 1111, -1, -1, 107, 146, 94.0, 12, , 0, 0, 0, 0, , 0, 0, 0, 0, 0, 
1089, 0, 1112, -1, -1, 124, 128, 88.0, 13, , 0, 0, 0, 0, , 0, 0, 0, 0, 0, 
1090, 0, 1113, -1, -1, 128, 129, 86.0, 12, , 0, 0, 0, 0, , 0, 0, 0, 0, 0, 
1091, 1, 1114, 1061, -1, 132, 127, 79.0, 13, ABplpaaaaaa, 0, 0, 0, 0, , 0, 0, 0, 0, 0, 
1092, 0, 1115, -1, -1, 108, 145, 95.0, 12, , 0, 0, 0, 0, , 0, 0, 0, 0, 0, 
1093, 0, 1116, -1, -1, 107, 146, 91.0, 12, , 0, 0, 0, 0, , 0, 0, 0, 0, 0, 
1094, 0, 1117, -1, -1, 108, 146, 94.5, 12, , 0, 0, 0, 0, , 0, 0, 0, 0, 0, 
1095, 1, 1118, 1065, -1, 109, 146, 87.0, 12, ABalppaaapp, 0, 0, 0, 0, , 0, 0, 0, 0, 0, 
1096, 1, 1119, 1066, -1, 107, 146, 94.5, 11, ABalpppaaap, 0, 0, 0, 0, , 0, 0, 0, 0, 0, 
1097, 1, 1120, 1067, 1068, 234, 168, 93.0, 14, ABplapappppa, 0, 0, 0, 0, , 0, 0, 0, 0, 0, 
1098, 0, 1121, -1, -1, 164, 142, 125.0, 12, , 0, 0, 0, 0, , 0, 0, 0, 0, 0, 
1099, 1, 1122, 1071, -1, 160, 146, 122.0, 12, ABplpaapppa, 0, 0, 0, 0, , 0, 0, 0, 0, 0, 
1100, 1, 1123, 1072, -1, 164, 142, 126.0, 12, ABplpapaaap, 0, 0, 0, 0, , 0, 0, 0, 0, 0, 
1101, 0, 1124, -1, -1, 167, 135, 115.5, 14, , 0, 0, 0, 0, , 0, 0, 0, 0, 0, 
1102, 1, 1125, 1074, -1, 206, 51, 138.0, 12, MSaapappp, 0, 0, 0, 0, , 0, 0, 0, 0, 0, 
1103, 1, 1126, 1075, -1, 214, 74, 133.0, 14, MSaappaa, 0, 0, 0, 0, , 0, 0, 0, 0, 0, 
1104, 1, 1127, 1076, -1, 194, 50, 160.0, 15, MSpaapapp, 0, 0, 0, 0, , 0, 0, 0, 0, 0, 
1105, 1, 1128, 1077, -1, 78, 107, 149.0, 10, ABalappppaaa, 0, 0, 0, 0, , 0, 0, 0, 0, 0, 
1106, 0, 1129, -1, -1, 79, 108, 143.0, 12, , 0, 0, 0, 0, , 0, 0, 0, 0, 0, 
1107, 1, 1130, 1078, -1, 78, 109, 141.0, 12, ABarpaaapaa, 0, 0, 0, 0, , 0, 0, 0, 0, 0, 
1108, 1, 1131, 1079, -1, 184, 146, 157.0, 12, ABprpapappa, 0, 0, 0, 0, , 0, 0, 0, 0, 0, 
1109, 1, 1132, 1080, -1, 185, 145, 153.0, 13, ABprppaappa, 0, 0, 0, 0, , 0, 0, 0, 0, 0, 
1110, 1, 1133, 1082, -1, 90, 116, 158.0, 13, ABalaappppp, 0, 0, 0, 0, , 0, 0, 0, 0, 0, 
1111, 0, 1134, -1, -1, 105, 129, 103.5, 13, , 0, 0, 0, 0, , 0, 0, 0, 0, 0, 
1112, 1, 1135, 1084, -1, 204, 120, 99.0, 14, MSaapppaa, 0, 0, 0, 0, , 0, 0, 0, 0, 0, 
1113, 1, 1136, 1085, -1, 156, 130, 99.5, 15, MSappapp, 0, 0, 0, 0, , 0, 0, 0, 0, 0, 
1114, 1, 1137, 1086, -1, 102, 88, 176.0, 12, ABalapppppa, 0, 0, 0, 0, , 0, 0, 0, 0, 0, 
1115, 1, 1138, 1087, -1, 170, 94, 67.5, 14, ABplpaapaap, 0, 0, 0, 0, , 0, 0, 0, 0, 0, 
1116, 0, 1139, -1, -1, 170, 92, 71.0, 13, , 0, 0, 0, 0, , 0, 0, 0, 0, 0, 
1117, 1, 1140, 1089, -1, 174, 93, 84.0, 13, ABplpaappap, 0, 0, 0, 0, , 0, 0, 0, 0, 0, 
1118, 1, 1141, 1090, -1, 118, 126, 73.5, 13, ABalppapaaa, 0, 0, 0, 0, , 0, 0, 0, 0, 0, 
1119, 0, 1142, -1, -1, 123, 129, 87.0, 11, , 0, 0, 0, 0, , 0, 0, 0, 0, 0, 
1120, 1, 1143, 1092, -1, 132, 127, 85.0, 12, ABalppaaapa, 0, 0, 0, 0, , 0, 0, 0, 0, 0, 
1121, 1, 1144, 1093, -1, 123, 129, 90.0, 11, ABalppappap, 0, 0, 0, 0, , 0, 0, 0, 0, 0, 
1122, 1, 1145, 1094, -1, 64, 114, 128.0, 15, ABplaapaaaa, 0, 0, 0, 0, , 0, 0, 0, 0, 0, 
1123, 1, 1146, 1095, -1, 209, 118, 115.0, 13, ABarappappa, 0, 0, 0, 0, , 0, 0, 0, 0, 0, 
1124, 1, 1147, 1096, -1, 200, 111, 123.5, 14, ABplppappaa, 0, 0, 0, 0, , 0, 0, 0, 0, 0, 
1125, 1, 1148, 1097, -1, 125, 125, 118.5, 13, ABalpaaaapa, 0, 0, 0, 0, , 0, 0, 0, 0, 0, 
1126, 1, 1149, 1098, -1, 181, 115, 72.0, 14, ABplppaapap, 0, 0, 0, 0, , 0, 0, 0, 0, 0, 
1127, 1, 1150, 1099, -1, 136, 54, 99.0, 14, ABalapaaapa, 0, 0, 0, 0, , 0, 0, 0, 0, 0, 
1128, 1, 1151, 1100, -1, 123, 73, 81.0, 13, ABalaaaalal, 0, 0, 0, 0, , 0, 0, 0, 0, 0, 
1129, 1, 1153, 1101, -1, 81, 74, 113.5, 14, MSapappp, 0, 0, 0, 0, , 0, 0, 0, 0, 0, 
1130, 1, 1154, 1102, -1, 85, 72, 124.5, 13, ABalappaapa, 0, 0, 0, 0, , 0, 0, 0, 0, 0, 
1131, 1, 1155, 1103, -1, 81, 73, 111.0, 13, ABalapapapaa, 0, 0, 0, 0, , 0, 0, 0, 0, 0, 
