1, 0, 1, -1, -1, 103, 101, 124.0, 9, , 47, 0, 0, 0, , 0, 0, 0, 0, 0, 
2, 0, 2, -1, -1, 77, 113, 187.0, 9, , 32, 0, 0, 0, , 0, 0, 0, 0, 0, 
3, 0, 3, -1, -1, 153, 102, 161.0, 9, , 71, 0, 0, 0, , 0, 0, 0, 0, 0, 
4, 0, 4, -1, -1, 280, 90, 190.0, 9, , 46, 0, 0, 0, , 0, 0, 0, 0, 0, 
5, 0, 5, -1, -1, 78, 115, 180.0, 11, , 69, 0, 0, 0, , 0, 0, 0, 0, 0, 
6, 0, 6, -1, -1, 93, 122, 129.0, 9, , 45, 0, 0, 0, , 0, 0, 0, 0, 0, 
7, 0, 7, -1, -1, 130, 121, 87.0, 9, , 20, 0, 0, 0, , 0, 0, 0, 0, 0, 
8, 0, 8, -1, -1, 58, 121, 146.0, 9, , 50, 0, 0, 0, , 0, 0, 0, 0, 0, 
9, 0, 9, -1, -1, 154, 103, 163.0, 9, , 82, 0, 0, 0, , 0, 0, 0, 0, 0, 
10, 0, 10, -1, -1, 152, 143, 195.0, 9, , 39, 0, 0, 0, , 0, 0, 0, 0, 0, 
11, 0, 11, -1, -1, 99, 140, 159.0, 9, , 50, 0, 0, 0, , 0, 0, 0, 0, 0, 
12, 0, 12, -1, -1, 212, 116, 129.0, 9, , 19, 0, 0, 0, , 0, 0, 0, 0, 0, 
13, 0, 13, -1, -1, 111, 94, 144.0, 9, , 44, 0, 0, 0, , 0, 0, 0, 0, 0, 
14, 0, 14, -1, -1, 168, 103, 179.0, 9, , 54, 0, 0, 0, , 0, 0, 0, 0, 0, 
15, 0, 15, -1, -1, 188, 82, 194.0, 15, , 17, 0, 0, 0, , 0, 0, 0, 0, 0, 
16, 0, 16, -1, -1, 101, 105, 140.0, 11, , 64, 0, 0, 0, , 0, 0, 0, 0, 0, 
17, 0, 17, -1, -1, 284, 87, 183.0, 11, , 77, 0, 0, 0, , 0, 0, 0, 0, 0, 
18, 0, 19, -1, -1, 169, 101, 207.0, 9, , 53, 0, 0, 0, , 0, 0, 0, 0, 0, 
19, 0, 20, -1, -1, 141, 77, 172.0, 9, , 76, 0, 0, 0, , 0, 0, 0, 0, 0, 
20, 0, 21, -1, -1, 213, 89, 189.0, 11, , 104, 0, 0, 0, , 0, 0, 0, 0, 0, 
21, 0, 22, -1, -1, 103, 130, 139.0, 9, , 53, 0, 0, 0, , 0, 0, 0, 0, 0, 
22, 0, 23, -1, -1, 250, 118, 142.0, 9, , 8, 0, 0, 0, , 0, 0, 0, 0, 0, 
23, 0, 24, -1, -1, 122, 109, 158.0, 11, , 97, 0, 0, 0, , 0, 0, 0, 0, 0, 
24, 0, 25, -1, -1, 66, 128, 146.0, 7, , 16, 0, 0, 0, , 0, 0, 0, 0, 0, 
25, 0, 26, -1, -1, 272, 71, 191.0, 11, , 45, 0, 0, 0, , 0, 0, 0, 0, 0, 
26, 0, 27, -1, -1, 122, 130, 141.0, 13, , 140, 0, 0, 0, , 0, 0, 0, 0, 0, 
27, 0, 28, -1, -1, 169, 86, 115.0, 9, , 56, 0, 0, 0, , 0, 0, 0, 0, 0, 
28, 0, 29, -1, -1, 168, 86, 113.0, 9, , 27, 0, 0, 0, , 0, 0, 0, 0, 0, 
29, 0, 30, -1, -1, 110, 93, 129.0, 9, , 53, 0, 0, 0, , 0, 0, 0, 0, 0, 
30, 0, 31, -1, -1, 154, 109, 176.0, 9, , 53, 0, 0, 0, , 0, 0, 0, 0, 0, 
31, 0, 32, -1, -1, 153, 157, 178.0, 9, , 22, 0, 0, 0, , 0, 0, 0, 0, 0, 
32, 0, 33, -1, -1, 125, 161, 151.0, 11, , 68, 0, 0, 0, , 0, 0, 0, 0, 0, 
33, 0, 34, -1, -1, 190, 85, 189.0, 9, , 34, 0, 0, 0, , 0, 0, 0, 0, 0, 
34, 0, 35, -1, -1, 108, 161, 151.0, 11, , 28, 0, 0, 0, , 0, 0, 0, 0, 0, 
35, 0, 36, -1, -1, 121, 110, 149.0, 9, , 54, 0, 0, 0, , 0, 0, 0, 0, 0, 
36, 0, 37, -1, -1, 132, 123, 144.0, 9, , 72, 0, 0, 0, , 0, 0, 0, 0, 0, 
37, 0, 38, -1, -1, 175, 127, 192.0, 9, , 55, 0, 0, 0, , 0, 0, 0, 0, 0, 
38, 0, 40, -1, -1, 126, 172, 123.0, 7, , 16, 0, 0, 0, , 0, 0, 0, 0, 0, 
39, 0, 41, -1, -1, 107, 99, 144.0, 9, , 32, 0, 0, 0, , 0, 0, 0, 0, 0, 
40, 0, 42, -1, -1, 302, 117, 186.0, 9, , 44, 0, 0, 0, , 0, 0, 0, 0, 0, 
41, 0, 43, -1, -1, 172, 73, 108.0, 11, , 68, 0, 0, 0, , 0, 0, 0, 0, 0, 
42, 0, 45, -1, -1, 136, 123, 149.0, 11, , 183, 0, 0, 0, , 0, 0, 0, 0, 0, 
43, 0, 47, -1, -1, 284, 88, 187.0, 13, , 113, 0, 0, 0, , 0, 0, 0, 0, 0, 
44, 0, 48, -1, -1, 122, 126, 140.0, 9, , 53, 0, 0, 0, , 0, 0, 0, 0, 0, 
45, 0, 49, -1, -1, 113, 87, 125.0, 9, , 48, 0, 0, 0, , 0, 0, 0, 0, 0, 
46, 0, 50, -1, -1, 102, 102, 129.0, 9, , 63, 0, 0, 0, , 0, 0, 0, 0, 0, 
47, 0, 52, -1, -1, 179, 142, 160.0, 9, , 34, 0, 0, 0, , 0, 0, 0, 0, 0, 
48, 0, 53, -1, -1, 106, 131, 143.0, 11, , 120, 0, 0, 0, , 0, 0, 0, 0, 0, 
49, 0, 54, -1, -1, 105, 90, 162.0, 9, , 29, 0, 0, 0, , 0, 0, 0, 0, 0, 
50, 0, 55, -1, -1, 99, 137, 152.0, 11, , 70, 0, 0, 0, , 0, 0, 0, 0, 0, 
51, 0, 56, -1, -1, 307, 61, 170.0, 13, , 37, 0, 0, 0, , 0, 0, 0, 0, 0, 
52, 0, 57, -1, -1, 140, 109, 162.0, 11, , 45, 0, 0, 0, , 0, 0, 0, 0, 0, 
53, 0, 58, -1, -1, 116, 92, 180.0, 9, , 23, 0, 0, 0, , 0, 0, 0, 0, 0, 
54, 0, 59, -1, -1, 127, 131, 180.0, 11, , 92, 0, 0, 0, , 0, 0, 0, 0, 0, 
55, 0, 61, -1, -1, 120, 130, 144.0, 11, , 126, 0, 0, 0, , 0, 0, 0, 0, 0, 
56, 0, 63, -1, -1, 158, 90, 186.0, 9, , 47, 0, 0, 0, , 0, 0, 0, 0, 0, 
57, 0, 64, -1, -1, 274, 66, 193.0, 9, , 6, 0, 0, 0, , 0, 0, 0, 0, 0, 
58, 0, 65, -1, -1, 155, 143, 190.0, 9, , 16, 0, 0, 0, , 0, 0, 0, 0, 0, 
59, 0, 66, -1, -1, 172, 93, 94.0, 11, , 20, 0, 0, 0, , 0, 0, 0, 0, 0, 
60, 0, 67, -1, -1, 93, 70, 107.0, 9, , 35, 0, 0, 0, , 0, 0, 0, 0, 0, 
61, 0, 68, -1, -1, 129, 172, 97.0, 7, , 19, 0, 0, 0, , 0, 0, 0, 0, 0, 
62, 0, 69, -1, -1, 86, 148, 94.0, 9, , 35, 0, 0, 0, , 0, 0, 0, 0, 0, 
63, 0, 71, -1, -1, 187, 139, 110.0, 11, , 124, 0, 0, 0, , 0, 0, 0, 0, 0, 
64, 0, 72, -1, -1, 83, 148, 96.0, 9, , 14, 0, 0, 0, , 0, 0, 0, 0, 0, 
65, 0, 73, -1, -1, 85, 148, 99.0, 9, , 22, 0, 0, 0, , 0, 0, 0, 0, 0, 
66, 0, 74, -1, -1, 170, 159, 106.0, 7, , 18, 0, 0, 0, , 0, 0, 0, 0, 0, 
67, 0, 75, -1, -1, 174, 45, 132.0, 9, , 20, 0, 0, 0, , 0, 0, 0, 0, 0, 
68, 0, 76, -1, -1, 116, 159, 133.0, 9, , 54, 0, 0, 0, , 0, 0, 0, 0, 0, 
69, 0, 77, -1, -1, 123, 132, 139.0, 9, , 36, 0, 0, 0, , 0, 0, 0, 0, 0, 
70, 0, 78, -1, -1, 254, 130, 152.0, 11, , 69, 0, 0, 0, , 0, 0, 0, 0, 0, 
71, 0, 79, -1, -1, 308, 60, 165.0, 9, , 30, 0, 0, 0, , 0, 0, 0, 0, 0, 
72, 0, 80, -1, -1, 140, 77, 174.0, 9, , 88, 0, 0, 0, , 0, 0, 0, 0, 0, 
73, 0, 81, -1, -1, 254, 47, 185.0, 9, , 16, 0, 0, 0, , 0, 0, 0, 0, 0, 
74, 0, 82, -1, -1, 246, 43, 179.0, 9, , 14, 0, 0, 0, , 0, 0, 0, 0, 0, 
75, 0, 83, -1, -1, 281, 87, 186.0, 9, , 50, 0, 0, 0, , 0, 0, 0, 0, 0, 
76, 0, 84, -1, -1, 120, 111, 186.0, 9, , 16, 0, 0, 0, , 0, 0, 0, 0, 0, 
77, 0, 85, -1, -1, 120, 109, 186.0, 9, , 18, 0, 0, 0, , 0, 0, 0, 0, 0, 
78, 0, 86, -1, -1, 253, 47, 182.0, 11, , 71, 0, 0, 0, , 0, 0, 0, 0, 0, 
79, 0, 87, -1, -1, 153, 84, 195.0, 9, , 39, 0, 0, 0, , 0, 0, 0, 0, 0, 
80, 0, 89, -1, -1, 284, 102, 138.0, 11, , 51, 0, 0, 0, , 0, 0, 0, 0, 0, 
81, 0, 91, -1, -1, 133, 145, 95.0, 7, , 15, 0, 0, 0, , 0, 0, 0, 0, 0, 
82, 0, 92, -1, -1, 135, 144, 91.0, 9, , 13, 0, 0, 0, , 0, 0, 0, 0, 0, 
83, 0, 93, -1, -1, 188, 139, 105.0, 11, , 63, 0, 0, 0, , 0, 0, 0, 0, 0, 
84, 0, 94, -1, -1, 191, 138, 113.0, 9, , 26, 0, 0, 0, , 0, 0, 0, 0, 0, 
85, 0, 96, -1, -1, 137, 119, 116.0, 9, , 25, 0, 0, 0, , 0, 0, 0, 0, 0, 
86, 0, 97, -1, -1, 122, 125, 122.0, 9, , 21, 0, 0, 0, , 0, 0, 0, 0, 0, 
87, 0, 98, -1, -1, 209, 114, 113.0, 9, , 33, 0, 0, 0, , 0, 0, 0, 0, 0, 
88, 0, 99, -1, -1, 93, 115, 128.0, 9, , 48, 0, 0, 0, , 0, 0, 0, 0, 0, 
89, 0, 100, -1, -1, 123, 172, 132.0, 9, , 10, 0, 0, 0, , 0, 0, 0, 0, 0, 
90, 0, 102, -1, -1, 197, 48, 138.0, 9, , 24, 0, 0, 0, , 0, 0, 0, 0, 0, 
91, 0, 103, -1, -1, 268, 120, 140.0, 9, , 41, 0, 0, 0, , 0, 0, 0, 0, 0, 
92, 0, 104, -1, -1, 135, 123, 151.0, 11, , 72, 0, 0, 0, , 0, 0, 0, 0, 0, 
93, 0, 105, -1, -1, 190, 93, 145.0, 11, , 114, 0, 0, 0, , 0, 0, 0, 0, 0, 
94, 0, 106, -1, -1, 170, 150, 154.0, 11, , 38, 0, 0, 0, , 0, 0, 0, 0, 0, 
95, 0, 107, -1, -1, 166, 146, 157.0, 9, , 19, 0, 0, 0, , 0, 0, 0, 0, 0, 
96, 0, 108, -1, -1, 122, 109, 155.0, 11, , 154, 0, 0, 0, , 0, 0, 0, 0, 0, 
97, 0, 109, -1, -1, 307, 60, 165.0, 11, , 42, 0, 0, 0, , 0, 0, 0, 0, 0, 
98, 0, 110, -1, -1, 85, 129, 155.0, 9, , 20, 0, 0, 0, , 0, 0, 0, 0, 0, 
99, 0, 111, -1, -1, 237, 144, 174.0, 9, , 23, 0, 0, 0, , 0, 0, 0, 0, 0, 
100, 0, 112, -1, -1, 144, 108, 166.0, 9, , 25, 0, 0, 0, , 0, 0, 0, 0, 0, 
101, 0, 113, -1, -1, 308, 115, 183.0, 9, , 9, 0, 0, 0, , 0, 0, 0, 0, 0, 
102, 0, 114, -1, -1, 119, 92, 182.0, 9, , 29, 0, 0, 0, , 0, 0, 0, 0, 0, 
103, 0, 115, -1, -1, 302, 118, 190.0, 11, , 45, 0, 0, 0, , 0, 0, 0, 0, 0, 
104, 0, 116, -1, -1, 216, 85, 197.0, 9, , 46, 0, 0, 0, , 0, 0, 0, 0, 0, 
105, 0, 117, -1, -1, 187, 78, 193.0, 9, , 32, 0, 0, 0, , 0, 0, 0, 0, 0, 
106, 0, 118, -1, -1, 173, 83, 194.0, 9, , 23, 0, 0, 0, , 0, 0, 0, 0, 0, 
107, 0, 119, -1, -1, 172, 102, 202.0, 7, , 12, 0, 0, 0, , 0, 0, 0, 0, 0, 
108, 0, 120, -1, -1, 165, 90, 206.0, 7, , 13, 0, 0, 0, , 0, 0, 0, 0, 0, 
109, 0, 121, -1, -1, 101, 174, 114.0, 7, , 10, 0, 0, 0, , 0, 0, 0, 0, 0, 
110, 0, 122, -1, -1, 141, 115, 129.0, 7, , 3, 0, 0, 0, , 0, 0, 0, 0, 0, 
111, 0, 123, -1, -1, 178, 45, 136.0, 9, , 21, 0, 0, 0, , 0, 0, 0, 0, 0, 
112, 0, 124, -1, -1, 223, 104, 131.0, 11, , 24, 0, 0, 0, , 0, 0, 0, 0, 0, 
113, 0, 125, -1, -1, 110, 159, 125.0, 9, , 25, 0, 0, 0, , 0, 0, 0, 0, 0, 
114, 0, 126, -1, -1, 213, 116, 132.0, 9, , 26, 0, 0, 0, , 0, 0, 0, 0, 0, 
115, 0, 127, -1, -1, 149, 137, 134.0, 9, , 81, 0, 0, 0, , 0, 0, 0, 0, 0, 
116, 0, 129, -1, -1, 168, 81, 176.0, 9, , 31, 0, 0, 0, , 0, 0, 0, 0, 0, 
117, 0, 131, -1, -1, 249, 85, 200.0, 9, , 26, 0, 0, 0, , 0, 0, 0, 0, 0, 
118, 0, 132, -1, -1, 167, 104, 197.0, 9, , 45, 0, 0, 0, , 0, 0, 0, 0, 0, 
119, 0, 133, -1, -1, 148, 134, 119.0, 11, , 54, 0, 0, 0, , 0, 0, 0, 0, 0, 
120, 0, 134, -1, -1, 61, 89, 139.0, 9, , 22, 0, 0, 0, , 0, 0, 0, 0, 0, 
121, 0, 135, -1, -1, 120, 153, 169.0, 7, , 16, 0, 0, 0, , 0, 0, 0, 0, 0, 
122, 0, 136, -1, -1, 152, 143, 193.0, 11, , 28, 0, 0, 0, , 0, 0, 0, 0, 0, 
123, 0, 137, -1, -1, 58, 122, 142.0, 7, , 31, 0, 0, 0, , 0, 0, 0, 0, 0, 
124, 0, 138, -1, -1, 196, 129, 132.0, 9, , 24, 0, 0, 0, , 0, 0, 0, 0, 0, 
125, 0, 139, -1, -1, 171, 150, 151.0, 9, , 45, 0, 0, 0, , 0, 0, 0, 0, 0, 
126, 0, 140, -1, -1, 213, 85, 202.0, 9, , 38, 0, 0, 0, , 0, 0, 0, 0, 0, 
127, 0, 141, -1, -1, 190, 84, 192.0, 9, , 54, 0, 0, 0, , 0, 0, 0, 0, 0, 
128, 0, 142, -1, -1, 195, 44, 148.0, 9, , 15, 0, 0, 0, , 0, 0, 0, 0, 0, 
129, 0, 143, -1, -1, 257, 130, 152.0, 9, , 12, 0, 0, 0, , 0, 0, 0, 0, 0, 
130, 0, 144, -1, -1, 181, 144, 157.0, 9, , 99, 0, 0, 0, , 0, 0, 0, 0, 0, 
131, 0, 145, -1, -1, 135, 98, 164.0, 9, , 11, 0, 0, 0, , 0, 0, 0, 0, 0, 
132, 0, 146, -1, -1, 212, 86, 192.0, 7, , 27, 0, 0, 0, , 0, 0, 0, 0, 0, 
133, 0, 147, -1, -1, 284, 91, 190.0, 9, , 29, 0, 0, 0, , 0, 0, 0, 0, 0, 
134, 0, 148, -1, -1, 152, 55, 158.0, 9, , 9, 0, 0, 0, , 0, 0, 0, 0, 0, 
135, 0, 149, -1, -1, 187, 158, 158.0, 9, , 8, 0, 0, 0, , 0, 0, 0, 0, 0, 
136, 0, 150, -1, -1, 117, 152, 94.0, 9, , 46, 0, 0, 0, , 0, 0, 0, 0, 0, 
137, 0, 151, -1, -1, 181, 113, 188.0, 9, , 46, 0, 0, 0, , 0, 0, 0, 0, 0, 
138, 0, 152, -1, -1, 98, 108, 82.0, 9, , 55, 0, 0, 0, , 0, 0, 0, 0, 0, 
139, 0, 153, -1, -1, 120, 152, 76.0, 9, , 9, 0, 0, 0, , 0, 0, 0, 0, 0, 
140, 0, 154, -1, -1, 130, 172, 93.0, 7, , 22, 0, 0, 0, , 0, 0, 0, 0, 0, 
141, 0, 155, -1, -1, 168, 159, 111.0, 7, , 12, 0, 0, 0, , 0, 0, 0, 0, 0, 
142, 0, 158, -1, -1, 94, 118, 131.0, 13, , 83, 0, 0, 0, , 0, 0, 0, 0, 0, 
143, 0, 159, -1, -1, 94, 118, 133.0, 9, , 70, 0, 0, 0, , 0, 0, 0, 0, 0, 
144, 0, 160, -1, -1, 202, 146, 151.0, 11, , 39, 0, 0, 0, , 0, 0, 0, 0, 0, 
145, 0, 161, -1, -1, 143, 120, 163.0, 7, , 24, 0, 0, 0, , 0, 0, 0, 0, 0, 
146, 0, 162, -1, -1, 237, 145, 176.0, 9, , 29, 0, 0, 0, , 0, 0, 0, 0, 0, 
147, 0, 163, -1, -1, 169, 103, 181.0, 9, , 52, 0, 0, 0, , 0, 0, 0, 0, 0, 
148, 0, 164, -1, -1, 103, 134, 104.0, 9, , 42, 0, 0, 0, , 0, 0, 0, 0, 0, 
149, 0, 166, -1, -1, 129, 116, 160.0, 9, , 51, 0, 0, 0, , 0, 0, 0, 0, 0, 
150, 0, 167, -1, -1, 77, 120, 179.0, 9, , 37, 0, 0, 0, , 0, 0, 0, 0, 0, 
151, 0, 168, -1, -1, 172, 127, 195.0, 9, , 18, 0, 0, 0, , 0, 0, 0, 0, 0, 
152, 0, 169, -1, -1, 144, 161, 95.0, 9, , 47, 0, 0, 0, , 0, 0, 0, 0, 0, 
153, 0, 171, -1, -1, 57, 109, 90.0, 9, , 9, 0, 0, 0, , 0, 0, 0, 0, 0, 
154, 0, 172, -1, -1, 104, 127, 102.0, 9, , 14, 0, 0, 0, , 0, 0, 0, 0, 0, 
155, 0, 173, -1, -1, 103, 136, 105.0, 9, , 34, 0, 0, 0, , 0, 0, 0, 0, 0, 
156, 0, 174, -1, -1, 111, 94, 147.0, 11, , 59, 0, 0, 0, , 0, 0, 0, 0, 0, 
157, 0, 175, -1, -1, 146, 120, 167.0, 9, , 38, 0, 0, 0, , 0, 0, 0, 0, 0, 
158, 0, 176, -1, -1, 155, 118, 177.0, 9, , 23, 0, 0, 0, , 0, 0, 0, 0, 0, 
159, 0, 176, -1, -1, 153, 109, 178.0, 9, , 29, 0, 0, 0, , 0, 0, 0, 0, 0, 
160, 0, 177, -1, -1, 169, 103, 188.0, 9, , 59, 0, 0, 0, , 0, 0, 0, 0, 0, 
161, 0, 179, -1, -1, 180, 115, 196.0, 9, , 20, 0, 0, 0, , 0, 0, 0, 0, 0, 
162, 0, 181, -1, -1, 113, 159, 129.0, 9, , 31, 0, 0, 0, , 0, 0, 0, 0, 0, 
163, 0, 182, -1, -1, 159, 91, 182.0, 11, , 69, 0, 0, 0, , 0, 0, 0, 0, 0, 
164, 0, 183, -1, -1, 118, 162, 119.0, 7, , 22, 0, 0, 0, , 0, 0, 0, 0, 0, 
165, 0, 185, -1, -1, 123, 111, 150.0, 9, , 50, 0, 0, 0, , 0, 0, 0, 0, 0, 
166, 0, 186, -1, -1, 116, 92, 178.0, 7, , 14, 0, 0, 0, , 0, 0, 0, 0, 0, 
167, 0, 187, -1, -1, 188, 99, 191.0, 9, , 12, 0, 0, 0, , 0, 0, 0, 0, 0, 
168, 0, 188, -1, -1, 166, 91, 140.0, 7, , 17, 0, 0, 0, , 0, 0, 0, 0, 0, 
169, 0, 190, -1, -1, 123, 77, 95.0, 11, , 46, 0, 0, 0, , 0, 0, 0, 0, 0, 
170, 0, 191, -1, -1, 162, 139, 123.0, 9, , 18, 0, 0, 0, , 0, 0, 0, 0, 0, 
171, 0, 193, -1, -1, 196, 64, 104.0, 9, , 34, 0, 0, 0, , 0, 0, 0, 0, 0, 
172, 0, 194, -1, -1, 109, 92, 149.0, 9, , 31, 0, 0, 0, , 0, 0, 0, 0, 0, 
173, 0, 195, -1, -1, 170, 146, 142.0, 9, , 33, 0, 0, 0, , 0, 0, 0, 0, 0, 
174, 0, 196, -1, -1, 133, 127, 147.0, 9, , 37, 0, 0, 0, , 0, 0, 0, 0, 0, 
175, 0, 197, -1, -1, 204, 142, 148.0, 11, , 51, 0, 0, 0, , 0, 0, 0, 0, 0, 
176, 0, 198, -1, -1, 86, 128, 167.0, 9, , 41, 0, 0, 0, , 0, 0, 0, 0, 0, 
177, 0, 199, -1, -1, 87, 129, 169.0, 7, , 20, 0, 0, 0, , 0, 0, 0, 0, 0, 
178, 0, 200, -1, -1, 114, 89, 130.0, 11, , 65, 0, 0, 0, , 0, 0, 0, 0, 0, 
179, 0, 201, -1, -1, 121, 128, 138.0, 11, , 89, 0, 0, 0, , 0, 0, 0, 0, 0, 
180, 0, 202, -1, -1, 116, 153, 95.0, 9, , 27, 0, 0, 0, , 0, 0, 0, 0, 0, 
181, 0, 204, -1, -1, 49, 108, 127.0, 9, , 21, 0, 0, 0, , 0, 0, 0, 0, 0, 
182, 0, 205, -1, -1, 144, 141, 134.0, 9, , 70, 0, 0, 0, , 0, 0, 0, 0, 0, 
183, 0, 206, -1, -1, 167, 103, 183.0, 9, , 32, 0, 0, 0, , 0, 0, 0, 0, 0, 
184, 0, 207, -1, -1, 95, 156, 122.0, 7, , 17, 0, 0, 0, , 0, 0, 0, 0, 0, 
185, 0, 208, -1, -1, 196, 44, 146.0, 9, , 13, 0, 0, 0, , 0, 0, 0, 0, 0, 
186, 0, 209, -1, -1, 181, 145, 164.0, 9, , 55, 0, 0, 0, , 0, 0, 0, 0, 0, 
187, 0, 210, -1, -1, 138, 107, 166.0, 9, , 49, 0, 0, 0, , 0, 0, 0, 0, 0, 
188, 0, 211, -1, -1, 121, 152, 167.0, 9, , 29, 0, 0, 0, , 0, 0, 0, 0, 0, 
189, 0, 212, -1, -1, 231, 143, 177.0, 7, , 4, 0, 0, 0, , 0, 0, 0, 0, 0, 
190, 0, 214, -1, -1, 168, 147, 132.0, 9, , 6, 0, 0, 0, , 0, 0, 0, 0, 0, 
191, 0, 215, -1, -1, 107, 83, 136.0, 11, , 45, 0, 0, 0, , 0, 0, 0, 0, 0, 
192, 0, 216, -1, -1, 153, 102, 157.0, 11, , 142, 0, 0, 0, , 0, 0, 0, 0, 0, 
193, 0, 217, -1, -1, 83, 130, 161.0, 9, , 64, 0, 0, 0, , 0, 0, 0, 0, 0, 
194, 0, 218, -1, -1, 168, 83, 186.0, 7, , 14, 0, 0, 0, , 0, 0, 0, 0, 0, 
195, 0, 220, -1, -1, 172, 120, 196.0, 9, , 16, 0, 0, 0, , 0, 0, 0, 0, 0, 
196, 0, 221, -1, -1, 169, 86, 124.0, 9, , 20, 0, 0, 0, , 0, 0, 0, 0, 0, 
197, 0, 222, -1, -1, 148, 137, 138.0, 9, , 42, 0, 0, 0, , 0, 0, 0, 0, 0, 
198, 0, 223, -1, -1, 189, 85, 195.0, 9, , 34, 0, 0, 0, , 0, 0, 0, 0, 0, 
199, 0, 225, -1, -1, 123, 170, 101.0, 7, , 18, 0, 0, 0, , 0, 0, 0, 0, 0, 
200, 0, 226, -1, -1, 323, 71, 129.0, 9, , 25, 0, 0, 0, , 0, 0, 0, 0, 0, 
201, 0, 227, -1, -1, 212, 87, 197.0, 13, , 49, 0, 0, 0, , 0, 0, 0, 0, 0, 
202, 0, 228, -1, -1, 124, 172, 127.0, 9, , 56, 0, 0, 0, , 0, 0, 0, 0, 0, 
203, 0, 229, -1, -1, 172, 74, 111.0, 9, , 54, 0, 0, 0, , 0, 0, 0, 0, 0, 
204, 0, 230, -1, -1, 116, 174, 144.0, 9, , 57, 0, 0, 0, , 0, 0, 0, 0, 0, 
205, 0, 231, -1, -1, 166, 90, 137.0, 7, , 41, 0, 0, 0, , 0, 0, 0, 0, 0, 
206, 0, 232, -1, -1, 191, 94, 139.0, 11, , 23, 0, 0, 0, , 0, 0, 0, 0, 0, 
207, 0, 233, -1, -1, 192, 130, 142.0, 11, , 76, 0, 0, 0, , 0, 0, 0, 0, 0, 
208, 0, 234, -1, -1, 133, 122, 158.0, 9, , 32, 0, 0, 0, , 0, 0, 0, 0, 0, 
209, 0, 235, -1, -1, 79, 155, 150.0, 9, , 33, 0, 0, 0, , 0, 0, 0, 0, 0, 
210, 0, 236, -1, -1, 101, 130, 128.0, 9, , 26, 0, 0, 0, , 0, 0, 0, 0, 0, 
211, 0, 237, -1, -1, 146, 139, 131.0, 9, , 28, 0, 0, 0, , 0, 0, 0, 0, 0, 
212, 0, 238, -1, -1, 123, 151, 76.0, 9, , 20, 0, 0, 0, , 0, 0, 0, 0, 0, 
213, 0, 240, -1, -1, 127, 131, 177.0, 9, , 41, 0, 0, 0, , 0, 0, 0, 0, 0, 
214, 0, 241, -1, -1, 211, 83, 196.0, 7, , 21, 0, 0, 0, , 0, 0, 0, 0, 0, 
215, 0, 242, -1, -1, 260, 164, 174.0, 7, , 4, 0, 0, 0, , 0, 0, 0, 0, 0, 
216, 0, 244, -1, -1, 170, 151, 156.0, 9, , 42, 0, 0, 0, , 0, 0, 0, 0, 0, 
217, 0, 245, -1, -1, 158, 92, 179.0, 9, , 25, 0, 0, 0, , 0, 0, 0, 0, 0, 
218, 0, 246, -1, -1, 182, 107, 190.0, 9, , 9, 0, 0, 0, , 0, 0, 0, 0, 0, 
219, 0, 248, -1, -1, 138, 91, 89.0, 9, , 9, 0, 0, 0, , 0, 0, 0, 0, 0, 
220, 0, 249, -1, -1, 149, 47, 122.0, 9, , 7, 0, 0, 0, , 0, 0, 0, 0, 0, 
221, 0, 250, -1, -1, 98, 144, 120.0, 9, , 81, 0, 0, 0, , 0, 0, 0, 0, 0, 
222, 0, 251, -1, -1, 116, 158, 129.0, 9, , 40, 0, 0, 0, , 0, 0, 0, 0, 0, 
223, 0, 252, -1, -1, 78, 155, 145.0, 9, , 34, 0, 0, 0, , 0, 0, 0, 0, 0, 
224, 0, 253, -1, -1, 60, 120, 149.0, 11, , 40, 0, 0, 0, , 0, 0, 0, 0, 0, 
225, 0, 254, -1, -1, 246, 45, 185.0, 9, , 21, 0, 0, 0, , 0, 0, 0, 0, 0, 
226, 0, 255, -1, -1, 175, 122, 191.0, 7, , 26, 0, 0, 0, , 0, 0, 0, 0, 0, 
227, 0, 256, -1, -1, 105, 132, 100.0, 13, , 110, 0, 0, 0, , 0, 0, 0, 0, 0, 
228, 0, 258, -1, -1, 157, 109, 131.0, 9, , 8, 0, 0, 0, , 0, 0, 0, 0, 0, 
229, 0, 259, -1, -1, 224, 105, 135.0, 9, , 25, 0, 0, 0, , 0, 0, 0, 0, 0, 
230, 0, 260, -1, -1, 91, 172, 136.0, 9, , 16, 0, 0, 0, , 0, 0, 0, 0, 0, 
231, 0, 262, -1, -1, 175, 134, 142.0, 7, , 5, 0, 0, 0, , 0, 0, 0, 0, 0, 
232, 0, 263, -1, -1, 283, 93, 194.0, 11, , 52, 0, 0, 0, , 0, 0, 0, 0, 0, 
233, 0, 265, -1, -1, 140, 79, 167.0, 9, , 58, 0, 0, 0, , 0, 0, 0, 0, 0, 
234, 0, 266, -1, -1, 189, 85, 192.0, 9, , 54, 0, 0, 0, , 0, 0, 0, 0, 0, 
235, 0, 267, -1, -1, 172, 121, 201.0, 7, , 20, 0, 0, 0, , 0, 0, 0, 0, 0, 
236, 0, 268, -1, -1, 120, 173, 146.0, 9, , 61, 0, 0, 0, , 0, 0, 0, 0, 0, 
237, 0, 270, -1, -1, 171, 147, 102.0, 7, , 16, 0, 0, 0, , 0, 0, 0, 0, 0, 
238, 0, 271, -1, -1, 186, 140, 108.0, 9, , 106, 0, 0, 0, , 0, 0, 0, 0, 0, 
239, 0, 272, -1, -1, 172, 127, 108.0, 9, , 19, 0, 0, 0, , 0, 0, 0, 0, 0, 
240, 0, 273, -1, -1, 119, 171, 119.0, 9, , 18, 0, 0, 0, , 0, 0, 0, 0, 0, 
241, 0, 274, -1, -1, 94, 156, 120.0, 9, , 20, 0, 0, 0, , 0, 0, 0, 0, 0, 
242, 0, 275, -1, -1, 84, 165, 127.0, 9, , 50, 0, 0, 0, , 0, 0, 0, 0, 0, 
243, 0, 277, -1, -1, 193, 131, 140.0, 11, , 54, 0, 0, 0, , 0, 0, 0, 0, 0, 
244, 0, 278, -1, -1, 103, 166, 137.0, 9, , 25, 0, 0, 0, , 0, 0, 0, 0, 0, 
245, 0, 279, -1, -1, 58, 122, 144.0, 9, , 31, 0, 0, 0, , 0, 0, 0, 0, 0, 
246, 0, 282, -1, -1, 140, 77, 170.0, 11, , 109, 0, 0, 0, , 0, 0, 0, 0, 0, 
247, 0, 283, -1, -1, 276, 131, 184.0, 11, , 10, 0, 0, 0, , 0, 0, 0, 0, 0, 
248, 0, 285, -1, -1, 168, 106, 190.0, 11, , 68, 0, 0, 0, , 0, 0, 0, 0, 0, 
249, 0, 286, -1, -1, 274, 76, 196.0, 9, , 18, 0, 0, 0, , 0, 0, 0, 0, 0, 
250, 0, 287, -1, -1, 251, 84, 197.0, 9, , 45, 0, 0, 0, , 0, 0, 0, 0, 0, 
251, 0, 288, -1, -1, 97, 105, 84.0, 11, , 32, 0, 0, 0, , 0, 0, 0, 0, 0, 
252, 0, 289, -1, -1, 171, 73, 113.0, 9, , 40, 0, 0, 0, , 0, 0, 0, 0, 0, 
253, 0, 290, -1, -1, 157, 91, 184.0, 9, , 45, 0, 0, 0, , 0, 0, 0, 0, 0, 
254, 0, 291, -1, -1, 77, 117, 184.0, 9, , 46, 0, 0, 0, , 0, 0, 0, 0, 0, 
255, 0, 292, -1, -1, 182, 108, 81.0, 11, , 33, 0, 0, 0, , 0, 0, 0, 0, 0, 
256, 0, 293, -1, -1, 202, 167, 100.0, 7, , 16, 0, 0, 0, , 0, 0, 0, 0, 0, 
257, 0, 294, -1, -1, 215, 123, 117.0, 7, , 15, 0, 0, 0, , 0, 0, 0, 0, 0, 
258, 0, 295, -1, -1, 116, 178, 121.0, 9, , 13, 0, 0, 0, , 0, 0, 0, 0, 0, 
259, 0, 296, -1, -1, 99, 146, 125.0, 9, , 177, 0, 0, 0, , 0, 0, 0, 0, 0, 
260, 0, 297, -1, -1, 123, 172, 129.0, 7, , 18, 0, 0, 0, , 0, 0, 0, 0, 0, 
261, 0, 298, -1, -1, 91, 106, 181.0, 7, , 16, 0, 0, 0, , 0, 0, 0, 0, 0, 
262, 0, 300, -1, -1, 123, 93, 184.0, 9, , 37, 0, 0, 0, , 0, 0, 0, 0, 0, 
263, 0, 301, -1, -1, 167, 100, 203.0, 9, , 33, 0, 0, 0, , 0, 0, 0, 0, 0, 
264, 0, 302, -1, -1, 193, 96, 146.0, 9, , 34, 0, 0, 0, , 0, 0, 0, 0, 0, 
265, 0, 303, -1, -1, 168, 97, 163.0, 11, , 59, 0, 0, 0, , 0, 0, 0, 0, 0, 
266, 0, 304, -1, -1, 167, 105, 193.0, 11, , 80, 0, 0, 0, , 0, 0, 0, 0, 0, 
267, 0, 305, -1, -1, 166, 91, 135.0, 7, , 51, 0, 0, 0, , 0, 0, 0, 0, 0, 
268, 0, 306, -1, -1, 168, 91, 131.0, 7, , 18, 0, 0, 0, , 0, 0, 0, 0, 0, 
269, 0, 308, -1, -1, 64, 122, 106.0, 9, , 5, 0, 0, 0, , 0, 0, 0, 0, 0, 
270, 0, 309, -1, -1, 249, 126, 144.0, 9, , 14, 0, 0, 0, , 0, 0, 0, 0, 0, 
271, 0, 310, -1, -1, 168, 138, 156.0, 9, , 33, 0, 0, 0, , 0, 0, 0, 0, 0, 
272, 0, 311, -1, -1, 97, 138, 155.0, 9, , 32, 0, 0, 0, , 0, 0, 0, 0, 0, 
273, 0, 312, -1, -1, 127, 131, 183.0, 9, , 66, 0, 0, 0, , 0, 0, 0, 0, 0, 
274, 0, 313, -1, -1, 135, 85, 196.0, 9, , 6, 0, 0, 0, , 0, 0, 0, 0, 0, 
275, 0, 314, -1, -1, 101, 172, 112.0, 9, , 49, 0, 0, 0, , 0, 0, 0, 0, 0, 
276, 0, 315, -1, -1, 171, 149, 148.0, 11, , 63, 0, 0, 0, , 0, 0, 0, 0, 0, 
277, 0, 316, -1, -1, 88, 149, 153.0, 9, , 18, 0, 0, 0, , 0, 0, 0, 0, 0, 
278, 0, 317, -1, -1, 185, 160, 164.0, 7, , 6, 0, 0, 0, , 0, 0, 0, 0, 0, 
279, 0, 318, -1, -1, 182, 104, 192.0, 7, , 11, 0, 0, 0, , 0, 0, 0, 0, 0, 
280, 0, 319, -1, -1, 144, 122, 64.0, 7, , 19, 0, 0, 0, , 0, 0, 0, 0, 0, 
281, 0, 320, -1, -1, 113, 155, 91.0, 9, , 38, 0, 0, 0, , 0, 0, 0, 0, 0, 
282, 0, 321, -1, -1, 107, 155, 94.0, 9, , 18, 0, 0, 0, , 0, 0, 0, 0, 0, 
283, 0, 322, -1, -1, 85, 148, 97.0, 11, , 29, 0, 0, 0, , 0, 0, 0, 0, 0, 
284, 0, 323, -1, -1, 95, 69, 108.0, 9, , 7, 0, 0, 0, , 0, 0, 0, 0, 0, 
285, 0, 324, -1, -1, 169, 159, 108.0, 9, , 24, 0, 0, 0, , 0, 0, 0, 0, 0, 
286, 0, 325, -1, -1, 101, 173, 110.0, 9, , 37, 0, 0, 0, , 0, 0, 0, 0, 0, 
287, 0, 326, -1, -1, 167, 56, 113.0, 9, , 17, 0, 0, 0, , 0, 0, 0, 0, 0, 
288, 0, 327, -1, -1, 147, 131, 116.0, 9, , 43, 0, 0, 0, , 0, 0, 0, 0, 0, 
289, 0, 328, -1, -1, 155, 165, 113.0, 7, , 9, 0, 0, 0, , 0, 0, 0, 0, 0, 
290, 0, 329, -1, -1, 210, 116, 116.0, 9, , 38, 0, 0, 0, , 0, 0, 0, 0, 0, 
291, 0, 330, -1, -1, 169, 85, 120.0, 9, , 73, 0, 0, 0, , 0, 0, 0, 0, 0, 
292, 0, 331, -1, -1, 48, 107, 128.0, 9, , 8, 0, 0, 0, , 0, 0, 0, 0, 0, 
293, 0, 332, -1, -1, 203, 172, 134.0, 9, , 11, 0, 0, 0, , 0, 0, 0, 0, 0, 
294, 0, 333, -1, -1, 98, 132, 135.0, 9, , 42, 0, 0, 0, , 0, 0, 0, 0, 0, 
295, 0, 334, -1, -1, 197, 44, 141.0, 7, , 27, 0, 0, 0, , 0, 0, 0, 0, 0, 
296, 0, 335, -1, -1, 113, 160, 140.0, 9, , 35, 0, 0, 0, , 0, 0, 0, 0, 0, 
297, 0, 336, -1, -1, 100, 161, 146.0, 7, , 12, 0, 0, 0, , 0, 0, 0, 0, 0, 
298, 0, 337, -1, -1, 107, 130, 146.0, 9, , 85, 0, 0, 0, , 0, 0, 0, 0, 0, 
299, 0, 338, -1, -1, 84, 130, 157.0, 9, , 26, 0, 0, 0, , 0, 0, 0, 0, 0, 
300, 0, 339, -1, -1, 84, 130, 164.0, 9, , 55, 0, 0, 0, , 0, 0, 0, 0, 0, 
301, 0, 340, -1, -1, 91, 106, 179.0, 9, , 20, 0, 0, 0, , 0, 0, 0, 0, 0, 
302, 0, 341, -1, -1, 304, 64, 179.0, 11, , 26, 0, 0, 0, , 0, 0, 0, 0, 0, 
303, 0, 342, -1, -1, 111, 130, 192.0, 11, , 34, 0, 0, 0, , 0, 0, 0, 0, 0, 
304, 0, 343, -1, -1, 247, 79, 191.0, 9, , 4, 0, 0, 0, , 0, 0, 0, 0, 0, 
305, 0, 344, -1, -1, 243, 82, 197.0, 9, , 33, 0, 0, 0, , 0, 0, 0, 0, 0, 
306, 0, 345, -1, -1, 131, 86, 204.0, 7, , 2, 0, 0, 0, , 0, 0, 0, 0, 0, 
307, 0, 346, -1, -1, 172, 74, 105.0, 11, , 37, 0, 0, 0, , 0, 0, 0, 0, 0, 
308, 0, 347, -1, -1, 84, 164, 125.0, 9, , 9, 0, 0, 0, , 0, 0, 0, 0, 0, 
309, 0, 348, -1, -1, 87, 148, 156.0, 9, , 34, 0, 0, 0, , 0, 0, 0, 0, 0, 
310, 0, 349, -1, -1, 104, 92, 160.0, 11, , 47, 0, 0, 0, , 0, 0, 0, 0, 0, 
311, 0, 350, -1, -1, 312, 64, 164.0, 11, , 24, 0, 0, 0, , 0, 0, 0, 0, 0, 
312, 0, 351, -1, -1, 213, 91, 194.0, 9, , 49, 0, 0, 0, , 0, 0, 0, 0, 0, 
313, 0, 353, -1, -1, 152, 84, 199.0, 9, , 35, 0, 0, 0, , 0, 0, 0, 0, 0, 
314, 0, -1, -1, -1, 128, 123, 200.0, 9, , 40, 0, 0, 0, , 0, 0, 0, 0, 0, 
315, 0, -1, -1, -1, 131, 121, 77.0, 9, , 47, 0, 0, 0, , 0, 0, 0, 0, 0, 
316, 0, -1, -1, -1, 134, 119, 118.0, 9, , 21, 0, 0, 0, , 0, 0, 0, 0, 0, 
317, 0, -1, -1, -1, 156, 46, 119.0, 7, , 12, 0, 0, 0, , 0, 0, 0, 0, 0, 
318, 0, -1, -1, -1, 90, 152, 124.0, 9, , 4, 0, 0, 0, , 0, 0, 0, 0, 0, 
319, 0, -1, -1, -1, 162, 138, 125.0, 9, , 54, 0, 0, 0, , 0, 0, 0, 0, 0, 
320, 0, -1, -1, -1, 162, 138, 129.0, 7, , 19, 0, 0, 0, , 0, 0, 0, 0, 0, 
321, 0, -1, -1, -1, 134, 170, 133.0, 7, , 13, 0, 0, 0, , 0, 0, 0, 0, 0, 
322, 0, -1, -1, -1, 142, 74, 134.0, 7, , 8, 0, 0, 0, , 0, 0, 0, 0, 0, 
323, 0, -1, -1, -1, 79, 154, 141.0, 9, , 22, 0, 0, 0, , 0, 0, 0, 0, 0, 
324, 0, -1, -1, -1, 267, 119, 143.0, 9, , 8, 0, 0, 0, , 0, 0, 0, 0, 0, 
325, 0, -1, -1, -1, 192, 131, 146.0, 11, , 49, 0, 0, 0, , 0, 0, 0, 0, 0, 
326, 0, -1, -1, -1, 177, 170, 158.0, 7, , 12, 0, 0, 0, , 0, 0, 0, 0, 0, 
327, 0, -1, -1, -1, 270, 177, 161.0, 9, , 7, 0, 0, 0, , 0, 0, 0, 0, 0, 
328, 0, -1, -1, -1, 169, 98, 166.0, 11, , 31, 0, 0, 0, , 0, 0, 0, 0, 0, 
329, 0, -1, -1, -1, 134, 104, 177.0, 9, , 7, 0, 0, 0, , 0, 0, 0, 0, 0, 
330, 0, -1, -1, -1, 168, 81, 178.0, 9, , 45, 0, 0, 0, , 0, 0, 0, 0, 0, 
331, 0, -1, -1, -1, 281, 91, 192.0, 9, , 34, 0, 0, 0, , 0, 0, 0, 0, 0, 
332, 0, -1, -1, -1, 166, 73, 194.0, 9, , 17, 0, 0, 0, , 0, 0, 0, 0, 0, 
333, 0, -1, -1, -1, 107, 113, 196.0, 7, , 11, 0, 0, 0, , 0, 0, 0, 0, 0, 
334, 0, -1, -1, -1, 124, 80, 90.0, 9, , 36, 0, 0, 0, , 0, 0, 0, 0, 0, 
335, 0, -1, -1, -1, 117, 174, 142.0, 9, , 25, 0, 0, 0, , 0, 0, 0, 0, 0, 
336, 0, -1, -1, -1, 152, 101, 154.0, 9, , 59, 0, 0, 0, , 0, 0, 0, 0, 0, 
337, 0, -1, -1, -1, 155, 109, 173.0, 9, , 33, 0, 0, 0, , 0, 0, 0, 0, 0, 
338, 1, 354, 354, -1, 285, 91, 189.0, 17, ABprappaap, 0, 0, 0, 0, , 0, 0, 0, 0, 0, 
339, 1, 355, 355, -1, 98, 123, 64.5, 15, ABplaaappa, 0, 0, 0, 0, , 0, 0, 0, 0, 0, 
340, 1, 356, 356, -1, 118, 88, 68.0, 16, ABplaaappp, 0, 0, 0, 0, , 0, 0, 0, 0, 0, 
341, 1, 357, 357, -1, 199, 60, 90.0, 17, ABarppapaa, 0, 0, 0, 0, , 0, 0, 0, 0, 0, 
342, 1, 358, 358, -1, 228, 55, 97.0, 18, ABarppapap, 0, 0, 0, 0, , 0, 0, 0, 0, 0, 
343, 1, 359, 359, -1, 235, 66, 202.0, 15, ABarppppap, 0, 0, 0, 0, , 0, 0, 0, 0, 0, 
344, 1, 360, 360, -1, 274, 63, 105.0, 15, ABplappapa, 0, 0, 0, 0, , 0, 0, 0, 0, 0, 
345, 1, 361, 361, -1, 274, 71, 195.0, 13, ABprappapa, 0, 0, 0, 0, , 0, 0, 0, 0, 0, 
346, 1, 362, 362, -1, 317, 96, 100.0, 17, ABarppappa, 0, 0, 0, 0, , 0, 0, 0, 0, 0, 
347, 1, 363, 363, -1, 307, 92, 190.0, 14, ABarpppppa, 0, 0, 0, 0, , 0, 0, 0, 0, 0, 
348, 1, 364, 364, -1, 295, 138, 85.0, 14, ABplapapaa, 0, 0, 0, 0, , 0, 0, 0, 0, 0, 
349, 1, 365, 365, -1, 295, 146, 183.0, 13, ABprapapaa, 0, 0, 0, 0, , 0, 0, 0, 0, 0, 
350, 1, 366, 366, -1, 262, 153, 185.0, 15, ABarpppppp, 0, 0, 0, 0, , 0, 0, 0, 0, 0, 
351, 1, 367, 367, -1, 213, 179, 119.0, 15, ABplappppp, 0, 0, 0, 0, , 0, 0, 0, 0, 0, 
352, 0, 368, -1, -1, 224, 164, 163.0, 10, , 0, 0, 0, 0, , 0, 0, 0, 0, 0, 
353, 0, 369, -1, -1, 217, 167, 175.0, 10, , 0, 0, 0, 0, , 0, 0, 0, 0, 0, 
354, 1, 370, 370, -1, 85, 135, 187.0, 13, ABarpapppa, 0, 0, 0, 0, , 0, 0, 0, 0, 0, 
355, 1, 371, 371, -1, 119, 95, 204.0, 14, ABarpapppp, 0, 0, 0, 0, , 0, 0, 0, 0, 0, 
356, 1, 372, 372, -1, 256, 144, 84.0, 15, ABarppappp, 0, 0, 0, 0, , 0, 0, 0, 0, 0, 
357, 1, 373, 373, -1, 152, 82, 204.0, 16, ABarpppaap, 0, 0, 0, 0, , 0, 0, 0, 0, 0, 
358, 0, 374, -1, -1, 162, 75, 93.0, 14, , 0, 0, 0, 0, , 0, 0, 0, 0, 0, 
359, 0, 375, -1, -1, 193, 76, 201.0, 14, , 0, 0, 0, 0, , 0, 0, 0, 0, 0, 
360, 0, 376, -1, -1, 217, 167, 176.0, 10, , 0, 0, 0, 0, , 0, 0, 0, 0, 0, 
361, 0, 377, -1, -1, 217, 167, 174.0, 10, , 0, 0, 0, 0, , 0, 0, 0, 0, 0, 
362, 0, 378, -1, -1, 218, 167, 175.0, 10, , 0, 0, 0, 0, , 0, 0, 0, 0, 0, 
363, 0, 379, -1, -1, 70, 132, 88.0, 13, , 0, 0, 0, 0, , 0, 0, 0, 0, 0, 
364, 0, 380, -1, -1, 107, 72, 86.0, 12, , 0, 0, 0, 0, , 0, 0, 0, 0, 0, 
365, 0, 381, -1, -1, 103, 131, 105.0, 12, , 0, 0, 0, 0, , 0, 0, 0, 0, 0, 
366, 0, 382, -1, -1, 80, 111, 102.0, 14, , 0, 0, 0, 0, , 0, 0, 0, 0, 0, 
367, 0, 383, -1, -1, 70, 132, 87.0, 13, , 0, 0, 0, 0, , 0, 0, 0, 0, 0, 
368, 1, 384, 384, -1, 252, 56, 159.0, 15, Earpa, 0, 0, 0, 0, , 0, 0, 0, 0, 0, 
369, 1, 385, 385, -1, 230, 47, 135.0, 15, Ealaad, 0, 0, 0, 0, , 0, 0, 0, 0, 0, 
370, 1, 386, 386, -1, 234, 68, 121.0, 17, Ealaav, 0, 0, 0, 0, , 0, 0, 0, 0, 0, 
371, 1, 387, 387, -1, 270, 79, 154.5, 16, Ealap, 0, 0, 0, 0, , 0, 0, 0, 0, 0, 
372, 1, 388, 388, -1, 244, 75, 148.0, 15, Ealpa, 0, 0, 0, 0, , 0, 0, 0, 0, 0, 
373, 1, 389, 389, -1, 323, 103, 128.0, 15, Ealpp, 0, 0, 0, 0, , 0, 0, 0, 0, 0, 
374, 1, 390, 390, -1, 233, 48, 173.66667, 15, Earaad, 0, 0, 0, 0, , 0, 0, 0, 0, 0, 
375, 1, 391, 391, -1, 224, 80, 164.5, 15, Earaav, 0, 0, 0, 0, , 0, 0, 0, 0, 0, 
376, 1, 392, 392, -1, 266, 59, 144.5, 15, Earap, 0, 0, 0, 0, , 0, 0, 0, 0, 0, 
377, 1, 393, 393, -1, 320, 86, 149.33333, 15, Earpp, 0, 0, 0, 0, , 0, 0, 0, 0, 0, 
378, 1, 394, 394, -1, 297, 82, 133.33333, 14, Eplaa, 0, 0, 0, 0, , 0, 0, 0, 0, 0, 
379, 1, 395, 395, -1, 316, 137, 130.0, 15, Eplap, 0, 0, 0, 0, , 0, 0, 0, 0, 0, 
380, 1, 396, 396, -1, 293, 154, 127.0, 17, Eplpa, 0, 0, 0, 0, , 0, 0, 0, 0, 0, 
381, 1, 397, 397, -1, 253, 164, 122.0, 15, Eplppa, 0, 0, 0, 0, , 0, 0, 0, 0, 0, 
382, 1, 398, 398, -1, 268, 155, 124.0, 15, Eplppp, 0, 0, 0, 0, , 0, 0, 0, 0, 0, 
383, 1, 399, 399, -1, 296, 70, 149.0, 15, Epraa, 0, 0, 0, 0, , 0, 0, 0, 0, 0, 
384, 1, 400, 400, -1, 322, 120, 145.0, 16, Eprap, 0, 0, 0, 0, , 0, 0, 0, 0, 0, 
385, 1, 401, 401, -1, 300, 142, 145.33333, 14, Eprpa, 0, 0, 0, 0, , 0, 0, 0, 0, 0, 
386, 1, 402, 402, -1, 255, 157, 145.66667, 13, Eprppa, 0, 0, 0, 0, , 0, 0, 0, 0, 0, 
387, 1, 403, 403, -1, 279, 153, 142.0, 15, Eprppp, 0, 0, 0, 0, , 0, 0, 0, 0, 0, 
388, 1, 404, 404, -1, 105, 86, 112.5, 11, MSaaaaaal, 0, 0, 0, 0, , 0, 0, 0, 0, 0, 
389, 1, 405, 405, -1, 102, 91, 159.0, 11, MSaaaaaar, 0, 0, 0, 0, , 0, 0, 0, 0, 0, 
390, 0, 406, -1, -1, 133, 59, 127.0, 14, , 0, 0, 0, 0, , 0, 0, 0, 0, 0, 
391, 1, 407, 407, -1, 122, 63, 147.0, 13, MSaaaaapaa, 0, 0, 0, 0, , 0, 0, 0, 0, 0, 
392, 1, 408, 408, -1, 163, 40, 145.0, 11, MSaaaapaa, 0, 0, 0, 0, , 0, 0, 0, 0, 0, 
393, 1, 409, 409, -1, 157, 47, 136.0, 12, MSaaaapap, 0, 0, 0, 0, , 0, 0, 0, 0, 0, 
394, 0, 410, -1, -1, 144, 69, 111.0, 11, , 0, 0, 0, 0, , 0, 0, 0, 0, 0, 
395, 1, 411, 411, -1, 188, 47, 130.0, 9, MSaaapapa, 0, 0, 0, 0, , 0, 0, 0, 0, 0, 
396, 1, 412, 412, -1, 204, 73, 145.0, 11, MSaaapapp, 0, 0, 0, 0, , 0, 0, 0, 0, 0, 
397, 0, 413, -1, -1, 232, 59, 131.5, 11, , 0, 0, 0, 0, , 0, 0, 0, 0, 0, 
398, 1, 414, 414, -1, 217, 42, 157.0, 11, MSaaappp, 0, 0, 0, 0, , 0, 0, 0, 0, 0, 
399, 1, 415, 415, -1, 183, 94, 120.5, 10, MSaapaaap, 0, 0, 0, 0, , 0, 0, 0, 0, 0, 
400, 1, 416, 416, -1, 160, 93, 128.0, 11, MSaapaaaa, 0, 0, 0, 0, , 0, 0, 0, 0, 0, 
401, 1, 417, 417, -1, 195, 70, 115.0, 9, MSaapaapp, 0, 0, 0, 0, , 0, 0, 0, 0, 0, 
402, 0, 418, -1, -1, 218, 72, 132.0, 10, , 0, 0, 0, 0, , 0, 0, 0, 0, 0, 
403, 1, 419, 419, -1, 117, 97, 102.0, 14, MSapaaaad, 0, 0, 0, 0, , 0, 0, 0, 0, 0, 
404, 1, 420, 420, -1, 140, 123, 101.0, 12, MSapaaaav, 0, 0, 0, 0, , 0, 0, 0, 0, 0, 
405, 1, 421, 421, -1, 280, 133, 152.5, 15, MSapaapp, 0, 0, 0, 0, , 0, 0, 0, 0, 0, 
406, 1, 422, 422, -1, 136, 105, 94.0, 16, MSapapap, 0, 0, 0, 0, , 0, 0, 0, 0, 0, 
407, 1, 423, 423, -1, 118, 58, 106.0, 16, MSapappa, 0, 0, 0, 0, , 0, 0, 0, 0, 0, 
408, 0, 424, -1, -1, 79, 74, 112.0, 14, , 0, 0, 0, 0, , 0, 0, 0, 0, 0, 
409, 0, 425, -1, -1, 150, 46, 106.0, 14, , 0, 0, 0, 0, , 0, 0, 0, 0, 0, 
410, 1, 426, 426, -1, 107, 53, 118.0, 14, MSappppa, 0, 0, 0, 0, , 0, 0, 0, 0, 0, 
411, 1, 427, 427, -1, 125, 44, 128.0, 14, MSappppp, 0, 0, 0, 0, , 0, 0, 0, 0, 0, 
412, 1, 428, 428, -1, 139, 52, 143.0, 15, MSpaaaaaa, 0, 0, 0, 0, , 0, 0, 0, 0, 0, 
413, 0, 429, -1, -1, 147, 47, 154.0, 15, , 0, 0, 0, 0, , 0, 0, 0, 0, 0, 
414, 1, 430, 430, -1, 117, 77, 157.5, 15, MSpaaaapa, 0, 0, 0, 0, , 0, 0, 0, 0, 0, 
415, 1, 431, 431, -1, 131, 66, 158.5, 15, MSpaaaapp, 0, 0, 0, 0, , 0, 0, 0, 0, 0, 
416, 1, 432, 432, -1, 176, 43, 137.0, 13, MSpaaapaa, 0, 0, 0, 0, , 0, 0, 0, 0, 0, 
417, 1, 433, 433, -1, 196, 46, 142.0, 13, MSpaaapap, 0, 0, 0, 0, , 0, 0, 0, 0, 0, 
418, 0, 434, -1, -1, 153, 56, 157.0, 13, , 0, 0, 0, 0, , 0, 0, 0, 0, 0, 
419, 1, 435, 435, -1, 148, 49, 154.0, 15, MSpaaappa, 0, 0, 0, 0, , 0, 0, 0, 0, 0, 
420, 1, 436, 436, -1, 173, 39, 152.0, 15, MSpaaappp, 0, 0, 0, 0, , 0, 0, 0, 0, 0, 
421, 1, 437, 437, -1, 154, 59, 166.0, 15, ABaraappapp, 0, 0, 0, 0, , 0, 0, 0, 0, 0, 
422, 1, 438, 438, -1, 183, 55, 167.5, 15, MSpaapapa, 0, 0, 0, 0, , 0, 0, 0, 0, 0, 
423, 1, 439, 439, -1, 230, 52, 193.0, 15, Caaaaa, 0, 0, 0, 0, , 0, 0, 0, 0, 0, 
424, 1, 440, 440, -1, 290, 66, 185.66667, 14, Caaaap, 0, 0, 0, 0, , 0, 0, 0, 0, 0, 
425, 1, 441, 441, -1, 325, 101, 175.5, 17, Caaapa, 0, 0, 0, 0, , 0, 0, 0, 0, 0, 
426, 1, 442, 442, -1, 313, 146, 171.0, 17, Caaapp, 0, 0, 0, 0, , 0, 0, 0, 0, 0, 
427, 1, 443, 443, -1, 182, 172, 171.33333, 13, Caapaa, 0, 0, 0, 0, , 0, 0, 0, 0, 0, 
428, 1, 444, 444, -1, 239, 174, 170.5, 16, Caappd, 0, 0, 0, 0, , 0, 0, 0, 0, 0, 
429, 1, 445, 445, -1, 200, 180, 152.0, 15, Caappv, 0, 0, 0, 0, , 0, 0, 0, 0, 0, 
430, 1, 446, 446, -1, 225, 87, 104.333336, 15, Capaaaa, 0, 0, 0, 0, , 0, 0, 0, 0, 0, 
431, 1, 447, 447, -1, 256, 83, 105.0, 17, Capaaap, 0, 0, 0, 0, , 0, 0, 0, 0, 0, 
432, 1, 448, 448, -1, 288, 96, 109.0, 15, Capaapa, 0, 0, 0, 0, , 0, 0, 0, 0, 0, 
433, 1, 449, 449, -1, 269, 144, 103.0, 15, Capaapp, 0, 0, 0, 0, , 0, 0, 0, 0, 0, 
434, 1, 450, 450, -1, 312, 68, 119.333336, 15, Capapaa, 0, 0, 0, 0, , 0, 0, 0, 0, 0, 
435, 1, 451, 451, -1, 334, 125, 108.5, 15, Capapap, 0, 0, 0, 0, , 0, 0, 0, 0, 0, 
436, 1, 452, 452, -1, 253, 130, 105.0, 15, Capappa, 0, 0, 0, 0, , 0, 0, 0, 0, 0, 
437, 0, 453, -1, -1, 212, 149, 133.0, 14, , 0, 0, 0, 0, , 0, 0, 0, 0, 0, 
438, 1, 454, 454, -1, 271, 48, 124.333336, 17, Cappaaa, 0, 0, 0, 0, , 0, 0, 0, 0, 0, 
439, 1, 455, 455, -1, 329, 78, 127.0, 17, Cappaap, 0, 0, 0, 0, , 0, 0, 0, 0, 0, 
440, 1, 456, 456, -1, 292, 163, 104.333336, 14, Cappapa, 0, 0, 0, 0, , 0, 0, 0, 0, 0, 
441, 1, 457, 457, -1, 248, 174, 109.0, 14, Cappapp, 0, 0, 0, 0, , 0, 0, 0, 0, 0, 
442, 1, 458, 458, -1, 316, 155, 114.5, 16, Capppaa, 0, 0, 0, 0, , 0, 0, 0, 0, 0, 
443, 1, 459, 459, -1, 285, 175, 118.0, 15, Capppap, 0, 0, 0, 0, , 0, 0, 0, 0, 0, 
444, 0, 460, -1, -1, 188, 171, 151.0, 14, , 0, 0, 0, 0, , 0, 0, 0, 0, 0, 
445, 0, 461, -1, -1, 180, 167, 147.0, 15, , 0, 0, 0, 0, , 0, 0, 0, 0, 0, 
446, 1, 462, 462, -1, 208, 40, 102.5, 17, Cpaaaa, 0, 0, 0, 0, , 0, 0, 0, 0, 0, 
447, 1, 463, 463, -1, 254, 43, 111.666664, 19, Cpaaap, 0, 0, 0, 0, , 0, 0, 0, 0, 0, 
448, 1, 464, 464, -1, 308, 76, 104.0, 17, Cpaapa, 0, 0, 0, 0, , 0, 0, 0, 0, 0, 
449, 1, 465, 465, -1, 322, 122, 100.0, 17, Cpaapp, 0, 0, 0, 0, , 0, 0, 0, 0, 0, 
450, 1, 466, 466, -1, 273, 163, 174.5, 15, Cpapaa, 0, 0, 0, 0, , 0, 0, 0, 0, 0, 
451, 1, 467, 467, -1, 286, 155, 92.5, 15, Cpapap, 0, 0, 0, 0, , 0, 0, 0, 0, 0, 
452, 1, 468, 468, -1, 244, 176, 100.5, 15, Cpappd, 0, 0, 0, 0, , 0, 0, 0, 0, 0, 
453, 1, 469, 469, -1, 185, 180, 125.5, 15, Cpappv, 0, 0, 0, 0, , 0, 0, 0, 0, 0, 
454, 1, 470, 470, -1, 218, 98, 179.0, 14, Cppaaaa, 0, 0, 0, 0, , 0, 0, 0, 0, 0, 
455, 1, 471, 471, -1, 251, 93, 182.0, 13, Cppaaap, 0, 0, 0, 0, , 0, 0, 0, 0, 0, 
456, 1, 472, 472, -1, 282, 98, 176.0, 13, Cppaapa, 0, 0, 0, 0, , 0, 0, 0, 0, 0, 
457, 1, 473, 473, -1, 287, 132, 175.5, 13, Cppaapp, 0, 0, 0, 0, , 0, 0, 0, 0, 0, 
458, 1, 474, 474, -1, 307, 67, 177.0, 13, Cppapaa, 0, 0, 0, 0, , 0, 0, 0, 0, 0, 
459, 1, 475, 475, -1, 338, 112, 161.33333, 15, Cppapap, 0, 0, 0, 0, , 0, 0, 0, 0, 0, 
460, 1, 476, 476, -1, 251, 135, 177.0, 13, Cppappa, 0, 0, 0, 0, , 0, 0, 0, 0, 0, 
461, 1, 477, 477, -1, 238, 131, 170.0, 13, Cppappp, 0, 0, 0, 0, , 0, 0, 0, 0, 0, 
462, 1, 478, 478, -1, 250, 46, 182.25, 15, Cpppaaa, 0, 0, 0, 0, , 0, 0, 0, 0, 0, 
463, 1, 479, 479, -1, 308, 61, 166.0, 15, Cpppaap, 0, 0, 0, 0, , 0, 0, 0, 0, 0, 
464, 1, 480, 480, -1, 305, 162, 161.0, 14, Cpppapa, 0, 0, 0, 0, , 0, 0, 0, 0, 0, 
465, 1, 481, 481, -1, 269, 176, 163.5, 13, Cpppapp, 0, 0, 0, 0, , 0, 0, 0, 0, 0, 
466, 1, 482, 482, -1, 333, 146, 146.0, 15, Cppppaa, 0, 0, 0, 0, , 0, 0, 0, 0, 0, 
467, 1, 483, 483, -1, 301, 170, 143.0, 15, Cppppap, 0, 0, 0, 0, , 0, 0, 0, 0, 0, 
468, 1, 484, 484, -1, 246, 181, 145.0, 14, Cpppppd, 0, 0, 0, 0, , 0, 0, 0, 0, 0, 
469, 1, 485, 485, -1, 194, 161, 168.0, 14, Cpppppv, 0, 0, 0, 0, , 0, 0, 0, 0, 0, 
470, 1, 486, 486, -1, 183, 109, 88.0, 14, Daaaa, 0, 0, 0, 0, , 0, 0, 0, 0, 0, 
471, 1, 487, 487, -1, 171, 37, 120.0, 15, Daaap, 0, 0, 0, 0, , 0, 0, 0, 0, 0, 
472, 1, 488, 488, -1, 154, 139, 89.333336, 14, Daapa, 0, 0, 0, 0, , 0, 0, 0, 0, 0, 
473, 1, 489, 489, -1, 174, 132, 93.0, 14, Daapp, 0, 0, 0, 0, , 0, 0, 0, 0, 0, 
474, 1, 490, 490, -1, 204, 96, 101.5, 16, Dapaa, 0, 0, 0, 0, , 0, 0, 0, 0, 0, 
475, 1, 491, 491, -1, 215, 36, 122.0, 16, Dapap, 0, 0, 0, 0, , 0, 0, 0, 0, 0, 
476, 1, 492, 492, -1, 151, 33, 133.0, 12, Dappaa, 0, 0, 0, 0, , 0, 0, 0, 0, 0, 
477, 1, 493, 493, -1, 197, 31, 133.0, 14, Dappap, 0, 0, 0, 0, , 0, 0, 0, 0, 0, 
478, 1, 494, 494, -1, 236, 35, 134.0, 12, Dapppa, 0, 0, 0, 0, , 0, 0, 0, 0, 0, 
479, 1, 495, 495, -1, 275, 43, 140.33333, 15, Dapppp, 0, 0, 0, 0, , 0, 0, 0, 0, 0, 
480, 0, 496, -1, -1, 182, 112, 173.5, 15, , 0, 0, 0, 0, , 0, 0, 0, 0, 0, 
481, 1, 497, 497, -1, 159, 51, 183.0, 14, Dpaap, 0, 0, 0, 0, , 0, 0, 0, 0, 0, 
482, 1, 498, 498, -1, 154, 129, 188.5, 12, Dpapa, 0, 0, 0, 0, , 0, 0, 0, 0, 0, 
483, 1, 499, 499, -1, 171, 137, 173.0, 12, Dpapp, 0, 0, 0, 0, , 0, 0, 0, 0, 0, 
484, 1, 500, 500, -1, 195, 99, 180.0, 14, Dppaa, 0, 0, 0, 0, , 0, 0, 0, 0, 0, 
485, 1, 501, 501, -1, 199, 45, 182.0, 16, Dppap, 0, 0, 0, 0, , 0, 0, 0, 0, 0, 
486, 1, 502, 502, -1, 140, 45, 171.0, 14, Dpppaa, 0, 0, 0, 0, , 0, 0, 0, 0, 0, 
487, 1, 503, 503, -1, 184, 41, 170.5, 14, Dpppap, 0, 0, 0, 0, , 0, 0, 0, 0, 0, 
488, 1, 504, 504, -1, 216, 36, 172.0, 15, Dppppa, 0, 0, 0, 0, , 0, 0, 0, 0, 0, 
489, 1, 505, 505, -1, 256, 41, 171.33333, 15, Dppppp, 0, 0, 0, 0, , 0, 0, 0, 0, 0, 
490, 1, 506, 506, -1, 295, 117, 168.0, 18, Z2, 0, 0, 0, 0, , 0, 0, 0, 0, 0, 
491, 1, 507, 507, -1, 288, 124, 116.666664, 18, Z3, 0, 0, 0, 0, , 0, 0, 0, 0, 0, 
492, 1, 508, 508, -1, 135, 59, 123.0, 14, MSaaaaapp, 0, 0, 0, 0, , 0, 0, 0, 0, 0, 
493, 1, 509, 509, -1, 132, 60, 128.0, 13, MSaaaaapap, 0, 0, 0, 0, , 0, 0, 0, 0, 0, 
494, 1, 510, 510, -1, 185, 51, 147.0, 13, MSaaaappp, 0, 0, 0, 0, , 0, 0, 0, 0, 0, 
495, 0, 511, -1, -1, 113, 87, 125.0, 14, , 0, 0, 0, 0, , 0, 0, 0, 0, 0, 
496, 1, 512, 512, -1, 144, 72, 108.0, 11, MSaaapaap, 0, 0, 0, 0, , 0, 0, 0, 0, 0, 
497, 1, 513, 513, -1, 203, 84, 123.0, 12, MSaapapaa, 0, 0, 0, 0, , 0, 0, 0, 0, 0, 
498, 1, 514, 514, -1, 201, 86, 157.0, 10, MSpapapaa, 0, 0, 0, 0, , 0, 0, 0, 0, 0, 
499, 1, 515, 515, -1, 119, 49, 157.0, 14, MSpppppp, 0, 0, 0, 0, , 0, 0, 0, 0, 0, 
500, 0, 516, -1, -1, 203, 172, 134.0, 14, , 0, 0, 0, 0, , 0, 0, 0, 0, 0, 
501, 1, 517, 517, -1, 305, 118, 188.0, 13, ABprappapp, 0, 0, 0, 0, , 0, 0, 0, 0, 0, 
502, 1, 518, 518, -1, 247, 84, 195.0, 13, ABprappaaa, 0, 0, 0, 0, , 0, 0, 0, 0, 0, 
503, 1, 519, 519, -1, 126, 130, 180.5, 12, ABprpaaaaaa, 0, 0, 0, 0, , 0, 0, 0, 0, 0, 
504, 1, 520, 520, -1, 179, 63, 112.0, 11, MSaapappa, 0, 0, 0, 0, , 0, 0, 0, 0, 0, 
505, 1, 521, 521, -1, 183, 82, 111.0, 12, MSaapaapaa, 0, 0, 0, 0, , 0, 0, 0, 0, 0, 
506, 1, 522, 522, -1, 197, 73, 107.0, 12, MSaapaapap, 0, 0, 0, 0, , 0, 0, 0, 0, 0, 
507, 1, 523, 523, -1, 220, 68, 127.0, 15, MSaappap, 0, 0, 0, 0, , 0, 0, 0, 0, 0, 
508, 0, 524, -1, -1, 216, 74, 137.0, 10, , 0, 0, 0, 0, , 0, 0, 0, 0, 0, 
509, 0, 525, -1, -1, 202, 107, 124.0, 14, , 0, 0, 0, 0, , 0, 0, 0, 0, 0, 
510, 0, 526, -1, -1, 201, 106, 144.0, 12, , 0, 0, 0, 0, , 0, 0, 0, 0, 0, 
511, 0, 527, -1, -1, 228, 91, 130.0, 13, , 0, 0, 0, 0, , 0, 0, 0, 0, 0, 
512, 1, 528, 528, -1, 253, 87, 119.0, 15, MSaappppp, 0, 0, 0, 0, , 0, 0, 0, 0, 0, 
513, 1, 529, 529, -1, 211, 69, 109.0, 12, MSapapaaa, 0, 0, 0, 0, , 0, 0, 0, 0, 0, 
514, 1, 530, 530, -1, 234, 71, 105.0, 12, MSapapaap, 0, 0, 0, 0, , 0, 0, 0, 0, 0, 
515, 1, 531, 531, -1, 121, 48, 140.0, 16, MSappaaa, 0, 0, 0, 0, , 0, 0, 0, 0, 0, 
516, 0, 532, -1, -1, 298, 116, 95.0, 16, , 0, 0, 0, 0, , 0, 0, 0, 0, 0, 
517, 0, 533, -1, -1, 154, 126, 106.0, 15, , 0, 0, 0, 0, , 0, 0, 0, 0, 0, 
518, 1, 534, 534, -1, 165, 121, 92.0, 14, MSapppaa, 0, 0, 0, 0, , 0, 0, 0, 0, 0, 
519, 1, 535, 535, -1, 161, 101, 150.0, 14, MSpapaaaa, 0, 0, 0, 0, , 0, 0, 0, 0, 0, 
520, 1, 536, 536, -1, 184, 99, 158.5, 14, MSpapaaap, 0, 0, 0, 0, , 0, 0, 0, 0, 0, 
521, 1, 537, 537, -1, 187, 88, 166.0, 12, MSpapaapaa, 0, 0, 0, 0, , 0, 0, 0, 0, 0, 
522, 1, 538, 538, -1, 197, 86, 174.0, 14, MSpapaapap, 0, 0, 0, 0, , 0, 0, 0, 0, 0, 
523, 1, 539, 539, -1, 194, 72, 168.0, 14, MSpapaapp, 0, 0, 0, 0, , 0, 0, 0, 0, 0, 
524, 1, 540, 540, -1, 177, 72, 175.5, 14, MSpapappa, 0, 0, 0, 0, , 0, 0, 0, 0, 0, 
525, 0, 541, -1, -1, 192, 131, 142.0, 15, , 0, 0, 0, 0, , 0, 0, 0, 0, 0, 
526, 1, 542, 542, -1, 281, 98, 123.0, 14, MSpappaa, 0, 0, 0, 0, , 0, 0, 0, 0, 0, 
527, 1, 543, 543, -1, 281, 100, 161.0, 14, MSpappap, 0, 0, 0, 0, , 0, 0, 0, 0, 0, 
528, 1, 544, 544, -1, 194, 126, 173.0, 12, MSpapppaa, 0, 0, 0, 0, , 0, 0, 0, 0, 0, 
529, 1, 545, 545, -1, 203, 103, 162.0, 14, MSpapppap, 0, 0, 0, 0, , 0, 0, 0, 0, 0, 
530, 1, 546, 546, -1, 226, 98, 166.0, 13, MSpappppa, 0, 0, 0, 0, , 0, 0, 0, 0, 0, 
531, 1, 547, 547, -1, 258, 93, 174.0, 13, MSpappppp, 0, 0, 0, 0, , 0, 0, 0, 0, 0, 
532, 1, 548, 548, -1, 98, 88, 172.0, 13, MSppaaap, 0, 0, 0, 0, , 0, 0, 0, 0, 0, 
533, 1, 549, 549, -1, 118, 107, 167.0, 12, MSppaaaad, 0, 0, 0, 0, , 0, 0, 0, 0, 0, 
534, 1, 550, 550, -1, 138, 136, 157.0, 12, MSppaaaav, 0, 0, 0, 0, , 0, 0, 0, 0, 0, 
535, 1, 551, 551, -1, 263, 142, 144.0, 14, MSppaapp, 0, 0, 0, 0, , 0, 0, 0, 0, 0, 
536, 1, 552, 552, -1, 197, 76, 182.0, 14, MSppapaaa, 0, 0, 0, 0, , 0, 0, 0, 0, 0, 
537, 1, 553, 553, -1, 220, 84, 182.0, 12, MSppapaap, 0, 0, 0, 0, , 0, 0, 0, 0, 0, 
538, 0, 554, -1, -1, 128, 131, 177.5, 14, , 0, 0, 0, 0, , 0, 0, 0, 0, 0, 
539, 1, 555, 555, -1, 131, 149, 173.0, 14, MSppapap, 0, 0, 0, 0, , 0, 0, 0, 0, 0, 
540, 1, 556, 556, -1, 113, 71, 175.0, 15, MSppappa, 0, 0, 0, 0, , 0, 0, 0, 0, 0, 
541, 1, 557, 557, -1, 79, 79, 157.0, 17, MSppappp, 0, 0, 0, 0, , 0, 0, 0, 0, 0, 
542, 1, 558, 558, -1, 109, 62, 150.0, 14, MSpppaaa, 0, 0, 0, 0, , 0, 0, 0, 0, 0, 
543, 1, 559, 559, -1, 312, 120, 172.0, 14, MSpppaap, 0, 0, 0, 0, , 0, 0, 0, 0, 0, 
544, 0, 560, -1, -1, 147, 138, 172.0, 15, , 0, 0, 0, 0, , 0, 0, 0, 0, 0, 
545, 0, 561, -1, -1, 155, 112, 176.0, 14, , 0, 0, 0, 0, , 0, 0, 0, 0, 0, 
546, 1, 562, 562, -1, 129, 58, 176.5, 14, MSppppap, 0, 0, 0, 0, , 0, 0, 0, 0, 0, 
547, 1, 563, 563, -1, 94, 62, 157.5, 14, MSpppppa, 0, 0, 0, 0, , 0, 0, 0, 0, 0, 
548, 0, 564, -1, -1, 70, 130, 87.0, 13, , 0, 0, 0, 0, , 0, 0, 0, 0, 0, 
549, 0, 565, -1, -1, 71, 132, 87.5, 13, , 0, 0, 0, 0, , 0, 0, 0, 0, 0, 
550, 0, 566, -1, -1, 78, 132, 108.5, 14, , 0, 0, 0, 0, , 0, 0, 0, 0, 0, 
551, 1, 567, 567, -1, 87, 114, 154.0, 12, ABalaaaarrp, 0, 0, 0, 0, , 0, 0, 0, 0, 0, 
552, 1, 568, 568, -1, 97, 137, 85.0, 12, ABalaaapall, 0, 0, 0, 0, , 0, 0, 0, 0, 0, 
553, 1, 569, 569, -1, 107, 70, 85.0, 14, ABalaaapalr, 0, 0, 0, 0, , 0, 0, 0, 0, 0, 
554, 1, 570, 570, -1, 51, 109, 117.0, 12, ABalaaaparr, 0, 0, 0, 0, , 0, 0, 0, 0, 0, 
555, 0, 571, -1, -1, 66, 129, 146.0, 12, , 0, 0, 0, 0, , 0, 0, 0, 0, 0, 
556, 1, 572, 572, -1, 70, 119, 157.0, 12, ABalaaappll, 0, 0, 0, 0, , 0, 0, 0, 0, 0, 
557, 1, 573, 573, -1, 95, 142, 168.0, 12, ABalaaapprr, 0, 0, 0, 0, , 0, 0, 0, 0, 0, 
558, 0, 574, -1, -1, 96, 91, 185.0, 12, , 0, 0, 0, 0, , 0, 0, 0, 0, 0, 
559, 0, 575, -1, -1, 86, 130, 164.0, 13, , 0, 0, 0, 0, , 0, 0, 0, 0, 0, 
560, 0, 576, -1, -1, 124, 161, 153.5, 12, , 0, 0, 0, 0, , 0, 0, 0, 0, 0, 
561, 0, 577, -1, -1, 136, 142, 190.0, 12, , 0, 0, 0, 0, , 0, 0, 0, 0, 0, 
562, 0, 578, -1, -1, 104, 156, 179.0, 13, , 0, 0, 0, 0, , 0, 0, 0, 0, 0, 
563, 1, 579, 579, -1, 131, 122, 189.0, 13, ABalaapppaa, 0, 0, 0, 0, , 0, 0, 0, 0, 0, 
564, 1, 580, 580, -1, 102, 137, 163.0, 10, ABalaappppaa, 0, 0, 0, 0, , 0, 0, 0, 0, 0, 
565, 1, 581, 581, -1, 107, 123, 179.0, 12, ABalaappppap, 0, 0, 0, 0, , 0, 0, 0, 0, 0, 
566, 0, 582, -1, -1, 90, 115, 159.0, 13, , 0, 0, 0, 0, , 0, 0, 0, 0, 0, 
567, 1, 583, 583, -1, 103, 102, 74.0, 11, ABalapaaaaa, 0, 0, 0, 0, , 0, 0, 0, 0, 0, 
568, 1, 584, 584, -1, 113, 83, 80.0, 11, ABalapaaaap, 0, 0, 0, 0, , 0, 0, 0, 0, 0, 
569, 0, 425, -1, -1, 151, 45, 108.0, 14, , 0, 0, 0, 0, , 0, 0, 0, 0, 0, 
570, 0, 585, -1, -1, 152, 46, 104.0, 14, , 0, 0, 0, 0, , 0, 0, 0, 0, 0, 
571, 1, 586, 587, -1, 93, 88, 79.0, 14, ABalapaaapp, 0, 0, 0, 0, , 0, 0, 0, 0, 0, 
572, 0, 587, -1, -1, 124, 106, 81.0, 13, , 0, 0, 0, 0, , 0, 0, 0, 0, 0, 
573, 1, 588, 589, -1, 102, 111, 90.0, 13, ABalapaappp, 0, 0, 0, 0, , 0, 0, 0, 0, 0, 
574, 0, 589, -1, -1, 88, 68, 124.0, 13, , 0, 0, 0, 0, , 0, 0, 0, 0, 0, 
575, 1, 590, 591, -1, 104, 56, 129.0, 13, ABalapapapap, 0, 0, 0, 0, , 0, 0, 0, 0, 0, 
576, 1, 591, 592, -1, 80, 84, 120.0, 15, ABalapapapp, 0, 0, 0, 0, , 0, 0, 0, 0, 0, 
577, 1, 592, 593, -1, 84, 102, 108.0, 12, ABalapappaaa, 0, 0, 0, 0, , 0, 0, 0, 0, 0, 
578, 1, 593, 594, -1, 74, 101, 134.0, 13, ABarpaaaaar, 0, 0, 0, 0, , 0, 0, 0, 0, 0, 
579, 1, 594, 595, -1, 99, 83, 94.0, 12, ABalapappaap, 0, 0, 0, 0, , 0, 0, 0, 0, 0, 
580, 1, 595, 596, -1, 68, 96, 113.0, 14, ABalapappap, 0, 0, 0, 0, , 0, 0, 0, 0, 0, 
581, 0, 596, -1, -1, 87, 87, 89.5, 14, , 0, 0, 0, 0, , 0, 0, 0, 0, 0, 
582, 1, 597, 598, -1, 127, 66, 93.0, 14, ABalapapppa, 0, 0, 0, 0, , 0, 0, 0, 0, 0, 
583, 0, 598, -1, -1, 55, 99, 127.0, 13, , 0, 0, 0, 0, , 0, 0, 0, 0, 0, 
584, 0, 599, -1, -1, 111, 71, 181.0, 12, , 0, 0, 0, 0, , 0, 0, 0, 0, 0, 
585, 0, 600, -1, -1, 112, 71, 180.0, 12, , 0, 0, 0, 0, , 0, 0, 0, 0, 0, 
586, 1, 601, 601, -1, 123, 66, 184.0, 12, ABalappappa, 0, 0, 0, 0, , 0, 0, 0, 0, 0, 
587, 1, 602, 602, -1, 137, 47, 113.5, 14, MSapppap, 0, 0, 0, 0, , 0, 0, 0, 0, 0, 
588, 0, 603, -1, -1, 126, 59, 187.0, 12, , 0, 0, 0, 0, , 0, 0, 0, 0, 0, 
589, 1, 604, 604, -1, 96, 79, 133.0, 14, ABalapppaaa, 0, 0, 0, 0, , 0, 0, 0, 0, 0, 
590, 1, 605, 605, -1, 83, 101, 138.0, 13, ABalapppaap, 0, 0, 0, 0, , 0, 0, 0, 0, 0, 
591, 1, 606, 606, -1, 80, 71, 135.0, 13, ABalapppapaa, 0, 0, 0, 0, , 0, 0, 0, 0, 0, 
592, 1, 607, 607, -1, 99, 59, 141.0, 13, ABalapppapap, 0, 0, 0, 0, , 0, 0, 0, 0, 0, 
593, 0, 608, -1, -1, 82, 92, 149.0, 14, , 0, 0, 0, 0, , 0, 0, 0, 0, 0, 
594, 0, 609, -1, -1, 76, 108, 143.0, 10, , 0, 0, 0, 0, , 0, 0, 0, 0, 0, 
595, 0, 610, -1, -1, 81, 91, 144.5, 13, , 0, 0, 0, 0, , 0, 0, 0, 0, 0, 
596, 0, 611, -1, -1, 80, 91, 150.5, 13, , 0, 0, 0, 0, , 0, 0, 0, 0, 0, 
597, 1, 612, 613, -1, 75, 102, 176.0, 12, ABalapppppp, 0, 0, 0, 0, , 0, 0, 0, 0, 0, 
598, 1, 613, 614, -1, 105, 129, 121.5, 12, ABalpaaaaaa, 0, 0, 0, 0, , 0, 0, 0, 0, 0, 
599, 1, 614, 615, -1, 137, 119, 115.5, 12, ABalpaaaaap, 0, 0, 0, 0, , 0, 0, 0, 0, 0, 
600, 0, 615, -1, -1, 106, 131, 140.0, 13, , 0, 0, 0, 0, , 0, 0, 0, 0, 0, 
601, 1, 616, 617, -1, 122, 103, 116.0, 12, ABalpaaapaa, 0, 0, 0, 0, , 0, 0, 0, 0, 0, 
602, 1, 617, 618, -1, 148, 87, 112.0, 12, ABalpaaappp, 0, 0, 0, 0, , 0, 0, 0, 0, 0, 
603, 1, 618, 619, -1, 86, 128, 114.0, 13, ABalpaapaaa, 0, 0, 0, 0, , 0, 0, 0, 0, 0, 
604, 1, 619, 620, -1, 97, 118, 121.0, 14, ABalpaapaap, 0, 0, 0, 0, , 0, 0, 0, 0, 0, 
605, 1, 620, 621, -1, 128, 72, 116.5, 14, ABalpaapapa, 0, 0, 0, 0, , 0, 0, 0, 0, 0, 
606, 1, 621, 622, -1, 134, 86, 107.0, 15, ABalpaapapp, 0, 0, 0, 0, , 0, 0, 0, 0, 0, 
607, 1, 622, 623, -1, 78, 133, 109.0, 12, ABalpaappaa, 0, 0, 0, 0, , 0, 0, 0, 0, 0, 
608, 1, 623, 624, -1, 93, 145, 110.5, 13, ABalpaappap, 0, 0, 0, 0, , 0, 0, 0, 0, 0, 
609, 0, 624, -1, -1, 79, 111, 98.0, 14, , 0, 0, 0, 0, , 0, 0, 0, 0, 0, 
610, 0, 625, -1, -1, 104, 134, 104.5, 13, , 0, 0, 0, 0, , 0, 0, 0, 0, 0, 
611, 0, 626, -1, -1, 84, 165, 126.0, 15, , 0, 0, 0, 0, , 0, 0, 0, 0, 0, 
612, 0, 627, -1, -1, 100, 138, 155.0, 13, , 0, 0, 0, 0, , 0, 0, 0, 0, 0, 
613, 0, 628, -1, -1, 146, 134, 119.0, 13, , 0, 0, 0, 0, , 0, 0, 0, 0, 0, 
614, 1, 629, 630, -1, 152, 164, 114.0, 12, ABalpapapapa, 0, 0, 0, 0, , 0, 0, 0, 0, 0, 
615, 1, 630, 631, -1, 164, 158, 119.0, 12, ABalpapapapp, 0, 0, 0, 0, , 0, 0, 0, 0, 0, 
616, 0, 631, -1, -1, 194, 130, 133.5, 13, , 0, 0, 0, 0, , 0, 0, 0, 0, 0, 
617, 0, 632, -1, -1, 122, 125, 120.0, 13, , 0, 0, 0, 0, , 0, 0, 0, 0, 0, 
618, 0, 633, -1, -1, 121, 129, 142.0, 15, , 0, 0, 0, 0, , 0, 0, 0, 0, 0, 
619, 0, 634, -1, -1, 192, 94, 140.5, 13, , 0, 0, 0, 0, , 0, 0, 0, 0, 0, 
620, 1, 635, 636, -1, 145, 88, 103.0, 13, ABalpapppaa, 0, 0, 0, 0, , 0, 0, 0, 0, 0, 
621, 1, 636, 637, -1, 150, 108, 136.5, 15, ABalpappppa, 0, 0, 0, 0, , 0, 0, 0, 0, 0, 
622, 1, 637, 638, -1, 147, 107, 116.0, 14, ABalpappppp, 0, 0, 0, 0, , 0, 0, 0, 0, 0, 
623, 0, 638, -1, -1, 107, 143, 90.0, 12, , 0, 0, 0, 0, , 0, 0, 0, 0, 0, 
624, 0, 639, -1, -1, 106, 143, 91.0, 12, , 0, 0, 0, 0, , 0, 0, 0, 0, 0, 
625, 0, 640, -1, -1, 105, 168, 137.5, 11, , 0, 0, 0, 0, , 0, 0, 0, 0, 0, 
626, 0, 641, -1, -1, 104, 127, 103.0, 13, , 0, 0, 0, 0, , 0, 0, 0, 0, 0, 
627, 0, 642, -1, -1, 104, 127, 103.0, 11, , 0, 0, 0, 0, , 0, 0, 0, 0, 0, 
628, 1, 643, 644, -1, 103, 134, 104.0, 11, ABalpapaaaa, 0, 0, 0, 0, , 0, 0, 0, 0, 0, 
629, 1, 644, 645, -1, 113, 153, 115.0, 12, ABalppapaap, 0, 0, 0, 0, , 0, 0, 0, 0, 0, 
630, 0, 645, -1, -1, 141, 147, 112.0, 12, , 0, 0, 0, 0, , 0, 0, 0, 0, 0, 
631, 0, 646, -1, -1, 91, 166, 112.0, 13, , 0, 0, 0, 0, , 0, 0, 0, 0, 0, 
632, 0, 647, -1, -1, 124, 106, 82.0, 13, , 0, 0, 0, 0, , 0, 0, 0, 0, 0, 
633, 0, 648, -1, -1, 132, 124, 81.0, 13, , 0, 0, 0, 0, , 0, 0, 0, 0, 0, 
634, 1, 649, 650, -1, 125, 106, 84.0, 13, ABalppappaa, 0, 0, 0, 0, , 0, 0, 0, 0, 0, 
635, 0, 650, -1, -1, 122, 125, 85.0, 13, , 0, 0, 0, 0, , 0, 0, 0, 0, 0, 
636, 1, 651, 652, -1, 118, 147, 107.0, 13, ABalppapppaa, 0, 0, 0, 0, , 0, 0, 0, 0, 0, 
637, 0, 652, -1, -1, 128, 155, 124.0, 13, , 0, 0, 0, 0, , 0, 0, 0, 0, 0, 
638, 1, 653, 654, -1, 112, 143, 102.5, 11, ABalppapppp, 0, 0, 0, 0, , 0, 0, 0, 0, 0, 
639, 0, 654, -1, -1, 137, 139, 68.0, 13, , 0, 0, 0, 0, , 0, 0, 0, 0, 0, 
640, 0, 655, -1, -1, 96, 106, 84.0, 13, , 0, 0, 0, 0, , 0, 0, 0, 0, 0, 
641, 1, 656, 657, -1, 149, 126, 71.0, 13, ABalpppaaaa, 0, 0, 0, 0, , 0, 0, 0, 0, 0, 
642, 1, 657, 658, -1, 137, 139, 69.5, 12, ABalpppapad, 0, 0, 0, 0, , 0, 0, 0, 0, 0, 
643, 1, 658, 659, -1, 149, 116, 77.0, 12, ABalpppapav, 0, 0, 0, 0, , 0, 0, 0, 0, 0, 
644, 1, 659, 660, -1, 109, 97, 70.5, 12, ABalpppapppa, 0, 0, 0, 0, , 0, 0, 0, 0, 0, 
645, 1, 660, 661, -1, 142, 77, 93.0, 14, ABalppppaad, 0, 0, 0, 0, , 0, 0, 0, 0, 0, 
646, 0, 661, -1, -1, 98, 105, 82.0, 15, , 0, 0, 0, 0, , 0, 0, 0, 0, 0, 
647, 0, 662, -1, -1, 93, 123, 97.5, 13, , 0, 0, 0, 0, , 0, 0, 0, 0, 0, 
648, 1, 663, 664, -1, 145, 104, 83.0, 13, ABalpppppaa, 0, 0, 0, 0, , 0, 0, 0, 0, 0, 
649, 1, 664, 665, -1, 158, 92, 85.0, 13, ABalpppppap, 0, 0, 0, 0, , 0, 0, 0, 0, 0, 
650, 1, 665, 666, -1, 164, 77, 81.5, 15, ABalppppppaa, 0, 0, 0, 0, , 0, 0, 0, 0, 0, 
651, 1, 666, 667, -1, 157, 91, 65.0, 13, ABalpppppppa, 0, 0, 0, 0, , 0, 0, 0, 0, 0, 
652, 1, 667, 668, -1, 158, 108, 60.0, 15, ABalpppppppp, 0, 0, 0, 0, , 0, 0, 0, 0, 0, 
653, 1, 668, 669, -1, 102, 134, 113.0, 13, ABaraaaaaaa, 0, 0, 0, 0, , 0, 0, 0, 0, 0, 
654, 1, 669, 670, -1, 114, 114, 115.0, 12, ABaraaaaaap, 0, 0, 0, 0, , 0, 0, 0, 0, 0, 
655, 1, 670, 671, -1, 99, 137, 143.0, 13, ABaraaaaapa, 0, 0, 0, 0, , 0, 0, 0, 0, 0, 
656, 1, 671, 672, -1, 112, 119, 154.0, 11, ABaraaaaapp, 0, 0, 0, 0, , 0, 0, 0, 0, 0, 
657, 0, 672, -1, -1, 94, 117, 131.0, 14, , 0, 0, 0, 0, , 0, 0, 0, 0, 0, 
658, 1, 673, 674, -1, 86, 130, 145.0, 15, ABaraaapaaa, 0, 0, 0, 0, , 0, 0, 0, 0, 0, 
659, 1, 674, 675, -1, 98, 122, 146.0, 11, ABaraaapaap, 0, 0, 0, 0, , 0, 0, 0, 0, 0, 
660, 1, 675, 676, -1, 129, 84, 161.0, 13, ABaraaapapa, 0, 0, 0, 0, , 0, 0, 0, 0, 0, 
661, 1, 676, 677, -1, 146, 91, 170.0, 13, ABaraaapapp, 0, 0, 0, 0, , 0, 0, 0, 0, 0, 
662, 1, 677, 678, -1, 75, 125, 129.0, 13, ABaraaappaa, 0, 0, 0, 0, , 0, 0, 0, 0, 0, 
663, 1, 678, 679, -1, 92, 147, 137.0, 12, ABaraaappap, 0, 0, 0, 0, , 0, 0, 0, 0, 0, 
664, 1, 679, 680, -1, 77, 135, 139.0, 12, ABaraaapppa, 0, 0, 0, 0, , 0, 0, 0, 0, 0, 
665, 1, 680, 681, -1, 92, 118, 135.0, 14, ABaraaaapap, 0, 0, 0, 0, , 0, 0, 0, 0, 0, 
666, 0, 681, -1, -1, 94, 118, 132.0, 12, , 0, 0, 0, 0, , 0, 0, 0, 0, 0, 
667, 1, 682, 683, -1, 94, 119, 128.0, 12, ABaraapaaaa, 0, 0, 0, 0, , 0, 0, 0, 0, 0, 
668, 0, 683, -1, -1, 103, 103, 126.0, 14, , 0, 0, 0, 0, , 0, 0, 0, 0, 0, 
669, 1, 684, 685, -1, 112, 88, 127.0, 12, ABaraapaapa, 0, 0, 0, 0, , 0, 0, 0, 0, 0, 
670, 1, 685, 686, -1, 152, 50, 119.5, 14, ABaraapaapp, 0, 0, 0, 0, , 0, 0, 0, 0, 0, 
671, 1, 686, 687, -1, 154, 66, 111.0, 13, ABaraapapaad, 0, 0, 0, 0, , 0, 0, 0, 0, 0, 
672, 1, 687, 688, -1, 156, 78, 118.0, 13, ABaraapapaav, 0, 0, 0, 0, , 0, 0, 0, 0, 0, 
673, 1, 688, 689, -1, 164, 58, 113.0, 12, ABaraapapap, 0, 0, 0, 0, , 0, 0, 0, 0, 0, 
674, 1, 689, 690, -1, 171, 75, 108.5, 13, ABaraapappa, 0, 0, 0, 0, , 0, 0, 0, 0, 0, 
675, 1, 690, 691, -1, 170, 87, 114.5, 13, ABaraapappp, 0, 0, 0, 0, , 0, 0, 0, 0, 0, 
676, 1, 691, 692, -1, 108, 82, 137.0, 15, ABaraappaaa, 0, 0, 0, 0, , 0, 0, 0, 0, 0, 
677, 1, 692, 693, -1, 101, 105, 142.5, 14, ABaraappaap, 0, 0, 0, 0, , 0, 0, 0, 0, 0, 
678, 1, 693, 694, -1, 111, 95, 147.0, 13, ABaraappapa, 0, 0, 0, 0, , 0, 0, 0, 0, 0, 
679, 1, 694, 695, -1, 167, 57, 162.0, 15, MSpaapaaa, 0, 0, 0, 0, , 0, 0, 0, 0, 0, 
680, 1, 695, 696, -1, 153, 81, 174.0, 14, ABaraapppaad, 0, 0, 0, 0, , 0, 0, 0, 0, 0, 
681, 1, 696, 697, -1, 159, 86, 158.0, 13, ABaraapppaav, 0, 0, 0, 0, , 0, 0, 0, 0, 0, 
682, 1, 697, 698, -1, 157, 69, 177.0, 15, ABaraapppap, 0, 0, 0, 0, , 0, 0, 0, 0, 0, 
683, 1, 698, 699, -1, 168, 82, 176.0, 12, ABaraappppa, 0, 0, 0, 0, , 0, 0, 0, 0, 0, 
684, 1, 699, 700, -1, 170, 96, 160.0, 13, ABaraappppp, 0, 0, 0, 0, , 0, 0, 0, 0, 0, 
685, 1, 700, 701, -1, 106, 131, 144.0, 11, ABarapaaaaa, 0, 0, 0, 0, , 0, 0, 0, 0, 0, 
686, 1, 701, 702, -1, 136, 124, 147.5, 14, ABarapaaaap, 0, 0, 0, 0, , 0, 0, 0, 0, 0, 
687, 1, 702, 703, -1, 108, 135, 130.0, 15, ABalpappapa, 0, 0, 0, 0, , 0, 0, 0, 0, 0, 
688, 1, 703, 704, -1, 121, 131, 143.0, 11, ABarapaaapa, 0, 0, 0, 0, , 0, 0, 0, 0, 0, 
689, 1, 704, 705, -1, 123, 110, 155.5, 13, ABarapaapaa, 0, 0, 0, 0, , 0, 0, 0, 0, 0, 
690, 1, 705, 706, -1, 141, 78, 173.0, 13, ABarapaapap, 0, 0, 0, 0, , 0, 0, 0, 0, 0, 
691, 1, 706, 707, -1, 134, 96, 165.0, 12, ABarapaappa, 0, 0, 0, 0, , 0, 0, 0, 0, 0, 
692, 1, 707, 708, -1, 153, 103, 161.0, 12, ABarapaappp, 0, 0, 0, 0, , 0, 0, 0, 0, 0, 
693, 1, 708, 709, -1, 132, 122, 159.0, 13, ABarapapaapa, 0, 0, 0, 0, , 0, 0, 0, 0, 0, 
694, 1, 709, 710, -1, 144, 119, 166.0, 13, ABarapapaapp, 0, 0, 0, 0, , 0, 0, 0, 0, 0, 
695, 1, 710, 711, -1, 103, 148, 124.0, 12, ABarapapapa, 0, 0, 0, 0, , 0, 0, 0, 0, 0, 
696, 0, 711, -1, -1, 192, 95, 140.0, 14, , 0, 0, 0, 0, , 0, 0, 0, 0, 0, 
697, 0, 712, -1, -1, 192, 95, 139.0, 14, , 0, 0, 0, 0, , 0, 0, 0, 0, 0, 
698, 1, 713, 714, -1, 198, 85, 138.0, 14, ABalpappapp, 0, 0, 0, 0, , 0, 0, 0, 0, 0, 
699, 1, 714, 715, -1, 193, 95, 140.5, 12, ABarapapapp, 0, 0, 0, 0, , 0, 0, 0, 0, 0, 
700, 1, 715, 716, -1, 139, 109, 163.5, 12, ABarapappaa, 0, 0, 0, 0, , 0, 0, 0, 0, 0, 
701, 1, 716, 717, -1, 177, 98, 133.0, 15, ABarapapppa, 0, 0, 0, 0, , 0, 0, 0, 0, 0, 
702, 1, 717, 718, -1, 146, 112, 152.0, 15, ABarapapppp, 0, 0, 0, 0, , 0, 0, 0, 0, 0, 
703, 1, 718, 719, -1, 92, 156, 125.0, 13, ABalpapaapa, 0, 0, 0, 0, , 0, 0, 0, 0, 0, 
704, 1, 720, 720, -1, 99, 138, 157.0, 13, ABarappaaaa, 0, 0, 0, 0, , 0, 0, 0, 0, 0, 
705, 0, 721, -1, -1, 148, 139, 135.0, 13, , 0, 0, 0, 0, , 0, 0, 0, 0, 0, 
706, 1, 722, 722, -1, 148, 161, 127.0, 11, ABarappapapa, 0, 0, 0, 0, , 0, 0, 0, 0, 0, 
707, 1, 723, 723, -1, 161, 156, 143.0, 13, ABarappapapp, 0, 0, 0, 0, , 0, 0, 0, 0, 0, 
708, 1, 724, 724, -1, 212, 62, 166.0, 14, MSpapappp, 0, 0, 0, 0, , 0, 0, 0, 0, 0, 
709, 0, 725, -1, -1, 192, 130, 141.0, 13, , 0, 0, 0, 0, , 0, 0, 0, 0, 0, 
710, 0, 726, -1, -1, 181, 145, 160.0, 13, , 0, 0, 0, 0, , 0, 0, 0, 0, 0, 
711, 1, 727, 727, -1, 113, 131, 188.0, 10, ABarapppaaa, 0, 0, 0, 0, , 0, 0, 0, 0, 0, 
712, 0, 728, -1, -1, 118, 159, 133.0, 11, , 0, 0, 0, 0, , 0, 0, 0, 0, 0, 
713, 1, 729, 729, -1, 114, 159, 135.0, 11, ABarapppaap, 0, 0, 0, 0, , 0, 0, 0, 0, 0, 
714, 0, 730, -1, -1, 121, 160, 132.0, 11, , 0, 0, 0, 0, , 0, 0, 0, 0, 0, 
715, 1, 731, 731, -1, 138, 149, 133.0, 12, ABarapppapa, 0, 0, 0, 0, , 0, 0, 0, 0, 0, 
716, 1, 732, 732, -1, 104, 167, 138.0, 12, ABarapppapp, 0, 0, 0, 0, , 0, 0, 0, 0, 0, 
717, 1, 733, 733, -1, 120, 114, 181.0, 13, ABarappppaa, 0, 0, 0, 0, , 0, 0, 0, 0, 0, 
718, 1, 734, 734, -1, 114, 132, 170.0, 12, ABarappppap, 0, 0, 0, 0, , 0, 0, 0, 0, 0, 
719, 1, 735, 735, -1, 118, 149, 141.0, 13, ABarapppppaa, 0, 0, 0, 0, , 0, 0, 0, 0, 0, 
720, 1, 736, 736, -1, 128, 158, 140.0, 13, ABarapppppap, 0, 0, 0, 0, , 0, 0, 0, 0, 0, 
721, 0, 737, -1, -1, 108, 162, 150.0, 13, , 0, 0, 0, 0, , 0, 0, 0, 0, 0, 
722, 1, 738, 738, -1, 72, 102, 125.0, 12, ABarpaaaaal, 0, 0, 0, 0, , 0, 0, 0, 0, 0, 
723, 1, 739, 739, -1, 82, 107, 117.0, 14, ABarpaaaapa, 0, 0, 0, 0, , 0, 0, 0, 0, 0, 
724, 1, 740, 740, -1, 78, 84, 100.5, 12, ABarpaaaapp, 0, 0, 0, 0, , 0, 0, 0, 0, 0, 
725, 0, 741, -1, -1, 78, 106, 140.5, 12, , 0, 0, 0, 0, , 0, 0, 0, 0, 0, 
726, 0, 742, -1, -1, 78, 107, 147.5, 10, , 0, 0, 0, 0, , 0, 0, 0, 0, 0, 
727, 0, 743, -1, -1, 77, 107, 145.0, 12, , 0, 0, 0, 0, , 0, 0, 0, 0, 0, 
728, 1, 744, 744, -1, 72, 96, 166.0, 13, ABarpaaapap, 0, 0, 0, 0, , 0, 0, 0, 0, 0, 
729, 1, 745, 745, -1, 51, 110, 145.0, 13, ABarpaapaa, 0, 0, 0, 0, , 0, 0, 0, 0, 0, 
730, 1, 746, 746, -1, 80, 63, 133.0, 15, ABarpaapap, 0, 0, 0, 0, , 0, 0, 0, 0, 0, 
731, 1, 747, 747, -1, 101, 45, 136.0, 14, ABarpaappa, 0, 0, 0, 0, , 0, 0, 0, 0, 0, 
732, 1, 748, 748, -1, 141, 60, 195.0, 11, ABarpaappp, 0, 0, 0, 0, , 0, 0, 0, 0, 0, 
733, 0, 749, -1, -1, 79, 92, 150.0, 13, , 0, 0, 0, 0, , 0, 0, 0, 0, 0, 
734, 1, 750, 750, -1, 81, 79, 151.0, 12, ABalapppapp, 0, 0, 0, 0, , 0, 0, 0, 0, 0, 
735, 1, 751, 752, -1, 83, 91, 148.0, 13, ABarpapaaaa, 0, 0, 0, 0, , 0, 0, 0, 0, 0, 
736, 1, 752, 751, -1, 79, 93, 150.5, 13, ABalappppap, 0, 0, 0, 0, , 0, 0, 0, 0, 0, 
737, 1, 753, 753, -1, 87, 78, 169.0, 13, ABarpapaaap, 0, 0, 0, 0, , 0, 0, 0, 0, 0, 
738, 1, 754, 754, -1, 85, 91, 162.5, 13, ABarpapaappa, 0, 0, 0, 0, , 0, 0, 0, 0, 0, 
739, 1, 755, 755, -1, 98, 79, 160.0, 13, ABarpapaappp, 0, 0, 0, 0, , 0, 0, 0, 0, 0, 
740, 1, 756, 756, -1, 55, 131, 120.0, 15, ABarpapapa, 0, 0, 0, 0, , 0, 0, 0, 0, 0, 
741, 1, 757, 757, -1, 69, 79, 135.0, 15, ABarpapapp, 0, 0, 0, 0, , 0, 0, 0, 0, 0, 
742, 1, 758, 758, -1, 80, 155, 150.0, 13, ABarpappaa, 0, 0, 0, 0, , 0, 0, 0, 0, 0, 
743, 1, 759, 759, -1, 83, 150, 171.0, 14, ABarpappap, 0, 0, 0, 0, , 0, 0, 0, 0, 0, 
744, 1, 760, 760, -1, 138, 57, 94.5, 14, ABarppaaaa, 0, 0, 0, 0, , 0, 0, 0, 0, 0, 
745, 1, 761, 761, -1, 172, 59, 194.0, 12, ABarppaapa, 0, 0, 0, 0, , 0, 0, 0, 0, 0, 
746, 1, 762, 762, -1, 206, 54, 111.5, 16, ABarppaapp, 0, 0, 0, 0, , 0, 0, 0, 0, 0, 
747, 1, 763, 763, -1, 128, 75, 187.0, 14, ABarpppaaa, 0, 0, 0, 0, , 0, 0, 0, 0, 0, 
748, 1, 764, 764, -1, 174, 46, 94.0, 15, ABarpppapa, 0, 0, 0, 0, , 0, 0, 0, 0, 0, 
749, 1, 765, 765, -1, 188, 65, 193.0, 15, ABarpppappa, 0, 0, 0, 0, , 0, 0, 0, 0, 0, 
750, 1, 766, 766, -1, 208, 57, 188.0, 13, ABarpppappp, 0, 0, 0, 0, , 0, 0, 0, 0, 0, 
751, 1, 767, 767, -1, 190, 77, 207.0, 14, ABarppppaa, 0, 0, 0, 0, , 0, 0, 0, 0, 0, 
752, 1, 768, 768, -1, 81, 91, 115.0, 13, ABplaaaaaaa, 0, 0, 0, 0, , 0, 0, 0, 0, 0, 
753, 1, 769, 769, -1, 91, 70, 106.5, 13, ABplaaaaaap, 0, 0, 0, 0, , 0, 0, 0, 0, 0, 
754, 1, 770, 770, -1, 94, 84, 106.0, 12, ABplaaaaappa, 0, 0, 0, 0, , 0, 0, 0, 0, 0, 
755, 1, 771, 771, -1, 105, 72, 115.0, 12, ABplaaaaappp, 0, 0, 0, 0, , 0, 0, 0, 0, 0, 
756, 1, 772, 772, -1, 48, 111, 126.0, 15, ABplaaaapa, 0, 0, 0, 0, , 0, 0, 0, 0, 0, 
757, 1, 773, 773, -1, 62, 92, 138.0, 12, ABplaaaapp, 0, 0, 0, 0, , 0, 0, 0, 0, 0, 
758, 1, 774, 774, -1, 83, 149, 97.0, 13, ABplaaapaa, 0, 0, 0, 0, , 0, 0, 0, 0, 0, 
759, 1, 775, 775, -1, 92, 142, 75.5, 15, ABplaaapap, 0, 0, 0, 0, , 0, 0, 0, 0, 0, 
760, 0, 776, -1, -1, 59, 118, 134.0, 13, , 0, 0, 0, 0, , 0, 0, 0, 0, 0, 
761, 1, 777, 777, -1, 64, 119, 112.0, 13, ABplaapaaap, 0, 0, 0, 0, , 0, 0, 0, 0, 0, 
762, 0, 778, -1, -1, 97, 105, 84.0, 12, , 0, 0, 0, 0, , 0, 0, 0, 0, 0, 
763, 0, 779, -1, -1, 92, 125, 99.0, 13, , 0, 0, 0, 0, , 0, 0, 0, 0, 0, 
764, 0, 780, -1, -1, 96, 104, 80.0, 13, , 0, 0, 0, 0, , 0, 0, 0, 0, 0, 
765, 1, 781, 781, -1, 172, 94, 97.0, 15, ABplaapapaa, 0, 0, 0, 0, , 0, 0, 0, 0, 0, 
766, 1, 782, 782, -1, 171, 65, 81.0, 14, ABarppaaap, 0, 0, 0, 0, , 0, 0, 0, 0, 0, 
767, 1, 783, 783, -1, 162, 74, 94.0, 13, ABplaapapap, 0, 0, 0, 0, , 0, 0, 0, 0, 0, 
768, 1, 784, 784, -1, 155, 102, 93.5, 14, ABplaapappa, 0, 0, 0, 0, , 0, 0, 0, 0, 0, 
769, 1, 785, 785, -1, 144, 79, 78.0, 12, ABplaapapppa, 0, 0, 0, 0, , 0, 0, 0, 0, 0, 
770, 1, 786, 786, -1, 110, 162, 106.0, 13, ABalppapapp, 0, 0, 0, 0, , 0, 0, 0, 0, 0, 
771, 1, 787, 787, -1, 90, 166, 110.0, 15, ABplaappaa, 0, 0, 0, 0, , 0, 0, 0, 0, 0, 
772, 1, 788, 788, -1, 136, 171, 106.0, 13, ABplaappap, 0, 0, 0, 0, , 0, 0, 0, 0, 0, 
773, 1, 789, 789, -1, 157, 164, 98.0, 13, ABplaapppa, 0, 0, 0, 0, , 0, 0, 0, 0, 0, 
774, 1, 790, 790, -1, 196, 82, 80.0, 17, ABplaapppp, 0, 0, 0, 0, , 0, 0, 0, 0, 0, 
775, 1, 791, 791, -1, 154, 54, 96.0, 12, ABplapaaaapa, 0, 0, 0, 0, , 0, 0, 0, 0, 0, 
776, 1, 792, 792, -1, 183, 60, 101.0, 12, ABplapaaaapp, 0, 0, 0, 0, , 0, 0, 0, 0, 0, 
777, 1, 793, 793, -1, 178, 68, 92.0, 13, ABplapaaapad, 0, 0, 0, 0, , 0, 0, 0, 0, 0, 
778, 1, 794, 794, -1, 190, 85, 96.0, 13, ABplapaaapav, 0, 0, 0, 0, , 0, 0, 0, 0, 0, 
779, 1, 795, 795, -1, 200, 70, 100.0, 15, ABplapaaapp, 0, 0, 0, 0, , 0, 0, 0, 0, 0, 
780, 1, 796, 796, -1, 187, 139, 109.5, 15, ABplapaapa, 0, 0, 0, 0, , 0, 0, 0, 0, 0, 
781, 1, 797, 797, -1, 220, 76, 92.5, 17, ABplapaapp, 0, 0, 0, 0, , 0, 0, 0, 0, 0, 
782, 1, 798, 798, -1, 272, 128, 88.0, 16, ABplapapap, 0, 0, 0, 0, , 0, 0, 0, 0, 0, 
783, 1, 799, 799, -1, 241, 135, 96.5, 17, ABplapappa, 0, 0, 0, 0, , 0, 0, 0, 0, 0, 
784, 0, 800, -1, -1, 222, 172, 102.0, 14, , 0, 0, 0, 0, , 0, 0, 0, 0, 0, 
785, 1, 801, 801, -1, 251, 72, 97.0, 18, ABplappaaa, 0, 0, 0, 0, , 0, 0, 0, 0, 0, 
786, 1, 802, 802, -1, 291, 87, 99.0, 16, ABplappaap, 0, 0, 0, 0, , 0, 0, 0, 0, 0, 
787, 1, 803, 803, -1, 296, 115, 92.0, 14, ABplappapp, 0, 0, 0, 0, , 0, 0, 0, 0, 0, 
788, 1, 804, 804, -1, 231, 149, 87.0, 14, ABplapppaaa, 0, 0, 0, 0, , 0, 0, 0, 0, 0, 
789, 1, 805, 805, -1, 215, 162, 89.0, 15, ABplapppappa, 0, 0, 0, 0, , 0, 0, 0, 0, 0, 
790, 1, 806, 806, -1, 211, 162, 114.0, 13, ABplapppappp, 0, 0, 0, 0, , 0, 0, 0, 0, 0, 
791, 1, 807, 807, -1, 204, 144, 143.5, 14, ABplappppa, 0, 0, 0, 0, , 0, 0, 0, 0, 0, 
792, 0, 808, -1, -1, 132, 124, 82.0, 13, , 0, 0, 0, 0, , 0, 0, 0, 0, 0, 
793, 1, 809, 809, -1, 167, 118, 71.0, 13, ABplpaaaaap, 0, 0, 0, 0, , 0, 0, 0, 0, 0, 
794, 0, 810, -1, -1, 156, 144, 123.0, 12, , 0, 0, 0, 0, , 0, 0, 0, 0, 0, 
795, 1, 811, 811, -1, 212, 116, 129.0, 12, ABplpaaaapp, 0, 0, 0, 0, , 0, 0, 0, 0, 0, 
796, 1, 812, 812, -1, 112, 157, 93.0, 12, ABplpaaapaa, 0, 0, 0, 0, , 0, 0, 0, 0, 0, 
797, 1, 813, 813, -1, 133, 149, 93.0, 12, ABplpaaapap, 0, 0, 0, 0, , 0, 0, 0, 0, 0, 
798, 1, 814, 814, -1, 123, 139, 75.0, 13, ABplpaaappaa, 0, 0, 0, 0, , 0, 0, 0, 0, 0, 
799, 1, 815, 815, -1, 134, 135, 86.5, 13, ABplpaaappap, 0, 0, 0, 0, , 0, 0, 0, 0, 0, 
800, 1, 816, 816, -1, 125, 152, 76.0, 14, ABplpaaappp, 0, 0, 0, 0, , 0, 0, 0, 0, 0, 
801, 1, 817, 817, -1, 124, 79, 92.0, 12, ABplpaapaaa, 0, 0, 0, 0, , 0, 0, 0, 0, 0, 
802, 0, 818, -1, -1, 171, 91, 70.0, 13, , 0, 0, 0, 0, , 0, 0, 0, 0, 0, 
803, 1, 819, 820, -1, 84, 115, 76.0, 13, ABplpaapapa, 0, 0, 0, 0, , 0, 0, 0, 0, 0, 
804, 1, 820, 821, -1, 141, 162, 95.0, 12, ABplpaapapp, 0, 0, 0, 0, , 0, 0, 0, 0, 0, 
805, 0, 821, -1, -1, 166, 103, 78.5, 13, , 0, 0, 0, 0, , 0, 0, 0, 0, 0, 
806, 0, 822, -1, -1, 172, 89, 73.0, 13, , 0, 0, 0, 0, , 0, 0, 0, 0, 0, 
807, 1, 823, 823, -1, 168, 103, 79.0, 13, ABplpaappaa, 0, 0, 0, 0, , 0, 0, 0, 0, 0, 
808, 0, 824, -1, -1, 165, 100, 76.5, 13, , 0, 0, 0, 0, , 0, 0, 0, 0, 0, 
809, 0, 825, -1, -1, 158, 142, 122.0, 12, , 0, 0, 0, 0, , 0, 0, 0, 0, 0, 
810, 0, 826, -1, -1, 160, 142, 120.0, 12, , 0, 0, 0, 0, , 0, 0, 0, 0, 0, 
811, 0, 827, -1, -1, 159, 142, 125.5, 12, , 0, 0, 0, 0, , 0, 0, 0, 0, 0, 
812, 1, 828, 828, -1, 158, 123, 103.0, 11, ABplpapaaaa, 0, 0, 0, 0, , 0, 0, 0, 0, 0, 
813, 1, 829, 829, -1, 144, 148, 114.0, 10, ABalppapapa, 0, 0, 0, 0, , 0, 0, 0, 0, 0, 
814, 1, 830, 830, -1, 145, 150, 110.5, 13, ABplpapaapp, 0, 0, 0, 0, , 0, 0, 0, 0, 0, 
815, 0, 831, -1, -1, 176, 116, 109.5, 13, , 0, 0, 0, 0, , 0, 0, 0, 0, 0, 
816, 1, 832, 832, -1, 174, 138, 113.0, 13, ABplpapappa, 0, 0, 0, 0, , 0, 0, 0, 0, 0, 
817, 0, 833, -1, -1, 267, 98, 140.0, 13, , 0, 0, 0, 0, , 0, 0, 0, 0, 0, 
818, 1, 834, 834, -1, 122, 140, 118.0, 13, ABplpappaaa, 0, 0, 0, 0, , 0, 0, 0, 0, 0, 
819, 0, 835, -1, -1, 166, 122, 168.0, 15, , 0, 0, 0, 0, , 0, 0, 0, 0, 0, 
820, 1, 836, 836, -1, 224, 153, 125.0, 13, ABplpapppaa, 0, 0, 0, 0, , 0, 0, 0, 0, 0, 
821, 1, 837, 837, -1, 222, 153, 150.0, 12, ABplpapppap, 0, 0, 0, 0, , 0, 0, 0, 0, 0, 
822, 1, 838, 838, -1, 243, 144, 134.0, 13, ABplpappppa, 0, 0, 0, 0, , 0, 0, 0, 0, 0, 
823, 1, 839, 839, -1, 224, 164, 132.0, 12, ABplpappppp, 0, 0, 0, 0, , 0, 0, 0, 0, 0, 
824, 1, 840, 840, -1, 160, 126, 62.0, 13, ABplppaaaaa, 0, 0, 0, 0, , 0, 0, 0, 0, 0, 
825, 0, 841, -1, -1, 169, 134, 117.0, 10, , 0, 0, 0, 0, , 0, 0, 0, 0, 0, 
826, 0, 842, -1, -1, 198, 130, 118.0, 11, , 0, 0, 0, 0, , 0, 0, 0, 0, 0, 
827, 0, 843, -1, -1, 196, 132, 128.0, 10, , 0, 0, 0, 0, , 0, 0, 0, 0, 0, 
828, 0, 844, -1, -1, 268, 119, 139.0, 13, , 0, 0, 0, 0, , 0, 0, 0, 0, 0, 
829, 1, 845, 845, -1, 196, 124, 110.0, 14, ABplppapaaa, 0, 0, 0, 0, , 0, 0, 0, 0, 0, 
830, 0, 846, -1, -1, 198, 108, 146.0, 12, , 0, 0, 0, 0, , 0, 0, 0, 0, 0, 
831, 1, 847, 847, -1, 228, 92, 132.0, 13, ABplppapapa, 0, 0, 0, 0, , 0, 0, 0, 0, 0, 
832, 1, 848, 848, -1, 261, 91, 138.0, 11, ABplppapapp, 0, 0, 0, 0, , 0, 0, 0, 0, 0, 
833, 1, 849, 849, -1, 252, 97, 145.0, 13, ABplppapppa, 0, 0, 0, 0, , 0, 0, 0, 0, 0, 
834, 1, 850, 850, -1, 256, 131, 149.0, 12, ABplppapppp, 0, 0, 0, 0, , 0, 0, 0, 0, 0, 
835, 0, 851, -1, -1, 236, 128, 129.0, 11, , 0, 0, 0, 0, , 0, 0, 0, 0, 0, 
836, 1, 852, 852, -1, 258, 127, 131.0, 12, ABplpppaaap, 0, 0, 0, 0, , 0, 0, 0, 0, 0, 
837, 1, 853, 853, -1, 225, 153, 102.5, 13, ABplpppaapa, 0, 0, 0, 0, , 0, 0, 0, 0, 0, 
838, 1, 854, 854, -1, 222, 140, 103.5, 12, ABplpppaapp, 0, 0, 0, 0, , 0, 0, 0, 0, 0, 
839, 1, 855, 855, -1, 207, 150, 104.0, 13, ABplpppapaa, 0, 0, 0, 0, , 0, 0, 0, 0, 0, 
840, 1, 856, 856, -1, 181, 177, 159.0, 13, ABplpppapap, 0, 0, 0, 0, , 0, 0, 0, 0, 0, 
841, 1, 857, 857, -1, 237, 144, 118.0, 12, ABplppppaaa, 0, 0, 0, 0, , 0, 0, 0, 0, 0, 
842, 1, 858, 858, -1, 239, 155, 128.0, 13, ABplppppaap, 0, 0, 0, 0, , 0, 0, 0, 0, 0, 
843, 1, 859, 859, -1, 238, 128, 108.5, 14, Capappp, 0, 0, 0, 0, , 0, 0, 0, 0, 0, 
844, 1, 860, 860, -1, 213, 147, 129.0, 13, ABplppppapp, 0, 0, 0, 0, , 0, 0, 0, 0, 0, 
845, 1, 861, 861, -1, 253, 139, 122.0, 13, ABplpppppaa, 0, 0, 0, 0, , 0, 0, 0, 0, 0, 
846, 1, 862, 862, -1, 236, 165, 111.0, 13, ABplpppppap, 0, 0, 0, 0, , 0, 0, 0, 0, 0, 
847, 0, 863, -1, -1, 188, 176, 148.5, 12, , 0, 0, 0, 0, , 0, 0, 0, 0, 0, 
848, 1, 864, 864, -1, 213, 177, 131.5, 13, Cappppd, 0, 0, 0, 0, , 0, 0, 0, 0, 0, 
849, 0, 865, -1, -1, 184, 177, 150.0, 12, , 0, 0, 0, 0, , 0, 0, 0, 0, 0, 
850, 1, 866, 866, -1, 106, 149, 155.0, 13, ABpraaaaaap, 0, 0, 0, 0, , 0, 0, 0, 0, 0, 
851, 1, 867, 867, -1, 121, 146, 186.5, 13, ABpraaaapad, 0, 0, 0, 0, , 0, 0, 0, 0, 0, 
852, 1, 868, 868, -1, 141, 129, 194.0, 13, ABpraaaapav, 0, 0, 0, 0, , 0, 0, 0, 0, 0, 
853, 1, 869, 869, -1, 124, 99, 196.0, 12, ABpraaaapppa, 0, 0, 0, 0, , 0, 0, 0, 0, 0, 
854, 1, 870, 870, -1, 135, 85, 192.0, 13, ABpraaapaad, 0, 0, 0, 0, , 0, 0, 0, 0, 0, 
855, 1, 871, 871, -1, 104, 101, 176.0, 12, ABpraaapapap, 0, 0, 0, 0, , 0, 0, 0, 0, 0, 
856, 1, 872, 872, -1, 86, 114, 166.0, 12, ABpraaapapaa, 0, 0, 0, 0, , 0, 0, 0, 0, 0, 
857, 1, 873, 873, -1, 146, 121, 185.0, 13, ABpraaappaa, 0, 0, 0, 0, , 0, 0, 0, 0, 0, 
858, 1, 874, 874, -1, 143, 109, 189.0, 12, ABpraaappap, 0, 0, 0, 0, , 0, 0, 0, 0, 0, 
859, 1, 875, 875, -1, 156, 95, 193.0, 12, ABpraaapppaa, 0, 0, 0, 0, , 0, 0, 0, 0, 0, 
860, 1, 876, 876, -1, 150, 107, 206.0, 15, ABpraaappppa, 0, 0, 0, 0, , 0, 0, 0, 0, 0, 
861, 1, 877, 877, -1, 157, 119, 206.0, 13, ABpraaappppp, 0, 0, 0, 0, , 0, 0, 0, 0, 0, 
862, 0, 878, -1, -1, 65, 111, 131.0, 15, , 0, 0, 0, 0, , 0, 0, 0, 0, 0, 
863, 0, 879, -1, -1, 65, 113, 131.5, 14, , 0, 0, 0, 0, , 0, 0, 0, 0, 0, 
864, 1, 880, 880, -1, 61, 120, 136.0, 13, ABpraapaaaa, 0, 0, 0, 0, , 0, 0, 0, 0, 0, 
865, 1, 881, 881, -1, 59, 121, 146.0, 13, ABpraapaaap, 0, 0, 0, 0, , 0, 0, 0, 0, 0, 
866, 1, 882, 882, -1, 85, 129, 168.0, 14, ABpraapaapa, 0, 0, 0, 0, , 0, 0, 0, 0, 0, 
867, 1, 883, 883, -1, 98, 113, 190.0, 14, ABpraapaapp, 0, 0, 0, 0, , 0, 0, 0, 0, 0, 
868, 1, 884, 884, -1, 168, 106, 180.0, 12, ABpraapapaa, 0, 0, 0, 0, , 0, 0, 0, 0, 0, 
869, 1, 885, 885, -1, 159, 92, 183.0, 13, ABpraapapap, 0, 0, 0, 0, , 0, 0, 0, 0, 0, 
870, 1, 886, 886, -1, 154, 114, 176.0, 12, ABpraapappa, 0, 0, 0, 0, , 0, 0, 0, 0, 0, 
871, 1, 887, 887, -1, 139, 96, 200.0, 13, ABpraapapppa, 0, 0, 0, 0, , 0, 0, 0, 0, 0, 
872, 0, 888, -1, -1, 152, 84, 195.5, 13, , 0, 0, 0, 0, , 0, 0, 0, 0, 0, 
873, 0, 889, -1, -1, 83, 164, 126.5, 15, , 0, 0, 0, 0, , 0, 0, 0, 0, 0, 
874, 1, 890, 890, -1, 115, 176, 118.5, 15, ABalpapaaap, 0, 0, 0, 0, , 0, 0, 0, 0, 0, 
875, 1, 891, 891, -1, 85, 165, 126.0, 12, ABpraappaa, 0, 0, 0, 0, , 0, 0, 0, 0, 0, 
876, 1, 892, 892, -1, 130, 178, 138.0, 16, ABpraappap, 0, 0, 0, 0, , 0, 0, 0, 0, 0, 
877, 1, 893, 893, -1, 158, 164, 157.0, 12, ABpraapppa, 0, 0, 0, 0, , 0, 0, 0, 0, 0, 
878, 1, 894, 894, -1, 188, 98, 201.0, 14, ABpraapppp, 0, 0, 0, 0, , 0, 0, 0, 0, 0, 
879, 1, 895, 895, -1, 145, 73, 189.0, 13, ABprapaaaapa, 0, 0, 0, 0, , 0, 0, 0, 0, 0, 
880, 1, 896, 896, -1, 167, 72, 195.0, 13, ABprapaaaapp, 0, 0, 0, 0, , 0, 0, 0, 0, 0, 
881, 1, 897, 897, -1, 172, 85, 192.0, 13, ABprapaaapad, 0, 0, 0, 0, , 0, 0, 0, 0, 0, 
882, 1, 898, 898, -1, 185, 101, 191.0, 13, ABprapaaapav, 0, 0, 0, 0, , 0, 0, 0, 0, 0, 
883, 1, 899, 899, -1, 188, 82, 192.0, 15, ABprapaaapp, 0, 0, 0, 0, , 0, 0, 0, 0, 0, 
884, 1, 900, 900, -1, 170, 150, 153.0, 13, ABarappappp, 0, 0, 0, 0, , 0, 0, 0, 0, 0, 
885, 0, 901, -1, -1, 180, 145, 159.0, 15, , 0, 0, 0, 0, , 0, 0, 0, 0, 0, 
886, 1, 902, 902, -1, 213, 88, 196.0, 19, ABprapaapp, 0, 0, 0, 0, , 0, 0, 0, 0, 0, 
887, 1, 903, 903, -1, 271, 133, 186.0, 17, ABprapapap, 0, 0, 0, 0, , 0, 0, 0, 0, 0, 
888, 1, 904, 904, -1, 248, 139, 182.5, 14, ABprapappa, 0, 0, 0, 0, , 0, 0, 0, 0, 0, 
889, 1, 905, 905, -1, 229, 170, 163.0, 13, ABprapappppa, 0, 0, 0, 0, , 0, 0, 0, 0, 0, 
890, 0, 906, -1, -1, 229, 155, 171.0, 15, , 0, 0, 0, 0, , 0, 0, 0, 0, 0, 
891, 0, 907, -1, -1, 225, 156, 176.0, 15, , 0, 0, 0, 0, , 0, 0, 0, 0, 0, 
892, 1, 908, 908, -1, 201, 147, 158.0, 15, ABprappppa, 0, 0, 0, 0, , 0, 0, 0, 0, 0, 
893, 1, 909, 909, -1, 207, 175, 166.0, 17, ABprappppp, 0, 0, 0, 0, , 0, 0, 0, 0, 0, 
894, 1, 910, 910, -1, 216, 167, 175.0, 12, ABprapppappa, 0, 0, 0, 0, , 0, 0, 0, 0, 0, 
895, 1, 911, 911, -1, 218, 164, 163.0, 12, ABprapppappp, 0, 0, 0, 0, , 0, 0, 0, 0, 0, 
896, 1, 912, 912, -1, 154, 130, 193.0, 15, ABprpaaaaap, 0, 0, 0, 0, , 0, 0, 0, 0, 0, 
897, 1, 913, 913, -1, 171, 148, 131.0, 14, ABprpaaaapa, 0, 0, 0, 0, , 0, 0, 0, 0, 0, 
898, 1, 914, 914, -1, 224, 106, 131.0, 13, ABprpaaaapp, 0, 0, 0, 0, , 0, 0, 0, 0, 0, 
899, 1, 915, 915, -1, 114, 157, 146.0, 13, ABarapppppp, 0, 0, 0, 0, , 0, 0, 0, 0, 0, 
900, 1, 916, 916, -1, 108, 162, 150.0, 13, ABprpaaapaa, 0, 0, 0, 0, , 0, 0, 0, 0, 0, 
901, 0, 917, -1, -1, 116, 174, 146.0, 13, , 0, 0, 0, 0, , 0, 0, 0, 0, 0, 
902, 1, 918, 918, -1, 107, 149, 164.0, 13, ABprpaaappaa, 0, 0, 0, 0, , 0, 0, 0, 0, 0, 
903, 1, 919, 919, -1, 120, 144, 173.0, 13, ABprpaaappap, 0, 0, 0, 0, , 0, 0, 0, 0, 0, 
904, 1, 920, 920, -1, 122, 154, 166.0, 13, ABprpaaappp, 0, 0, 0, 0, , 0, 0, 0, 0, 0, 
905, 1, 921, 921, -1, 120, 94, 182.5, 13, ABprpaapaaa, 0, 0, 0, 0, , 0, 0, 0, 0, 0, 
906, 1, 922, 922, -1, 168, 103, 204.0, 13, ABprpaapaap, 0, 0, 0, 0, , 0, 0, 0, 0, 0, 
907, 0, 923, -1, -1, 77, 116, 181.0, 15, , 0, 0, 0, 0, , 0, 0, 0, 0, 0, 
908, 1, 924, 924, -1, 125, 148, 159.0, 11, ABalaapappp, 0, 0, 0, 0, , 0, 0, 0, 0, 0, 
909, 1, 925, 925, -1, 123, 162, 152.0, 13, ABprpaaapap, 0, 0, 0, 0, , 0, 0, 0, 0, 0, 
910, 1, 926, 926, -1, 116, 174, 147.0, 14, ABprpaapapp, 0, 0, 0, 0, , 0, 0, 0, 0, 0, 
911, 1, 927, 927, -1, 159, 116, 190.0, 15, ABprpaappaa, 0, 0, 0, 0, , 0, 0, 0, 0, 0, 
912, 0, 928, -1, -1, 197, 91, 180.02563, 14, , 0, 0, 0, 0, , 0, 0, 0, 0, 0, 
913, 1, 929, 929, -1, 167, 105, 194.5, 13, ABprpaappap, 0, 0, 0, 0, , 0, 0, 0, 0, 0, 
914, 1, 930, 946, -1, 168, 138, 152.5, 14, ABprpaapppa, 0, 0, 0, 0, , 0, 0, 0, 0, 0, 
915, 1, 931, 931, -1, 135, 159, 148.0, 13, ABprpaappppa, 0, 0, 0, 0, , 0, 0, 0, 0, 0, 
916, 1, 932, 932, -1, 149, 164, 150.83333, 13, ABprpaappppp, 0, 0, 0, 0, , 0, 0, 0, 0, 0, 
917, 0, 933, -1, -1, 142, 157, 143.0, 13, , 0, 0, 0, 0, , 0, 0, 0, 0, 0, 
918, 1, 934, 934, -1, 162, 129, 148.0, 13, ABprpapaaap, 0, 0, 0, 0, , 0, 0, 0, 0, 0, 
919, 0, 935, -1, -1, 151, 147, 144.0, 13, , 0, 0, 0, 0, , 0, 0, 0, 0, 0, 
920, 1, 936, 936, -1, 147, 135, 150.0, 13, ABprpapaaaa, 0, 0, 0, 0, , 0, 0, 0, 0, 0, 
921, 0, 937, -1, -1, 141, 157, 143.0, 12, , 0, 0, 0, 0, , 0, 0, 0, 0, 0, 
922, 1, 938, 938, -1, 184, 111, 170.0, 13, ABprpapapaa, 0, 0, 0, 0, , 0, 0, 0, 0, 0, 
923, 1, 939, 939, -1, 174, 121, 157.0, 12, ABprpapapap, 0, 0, 0, 0, , 0, 0, 0, 0, 0, 
924, 0, 940, -1, -1, 181, 144, 156.5, 12, , 0, 0, 0, 0, , 0, 0, 0, 0, 0, 
925, 0, 941, -1, -1, 174, 136, 146.5, 12, , 0, 0, 0, 0, , 0, 0, 0, 0, 0, 
926, 1, 942, 942, -1, 232, 120, 138.0, 13, ABplpppaaaa, 0, 0, 0, 0, , 0, 0, 0, 0, 0, 
927, 1, 943, 943, -1, 235, 129, 127.5, 13, ABprpapappp, 0, 0, 0, 0, , 0, 0, 0, 0, 0, 
928, 1, 944, 944, -1, 128, 154, 125.0, 13, ABprpappaaa, 0, 0, 0, 0, , 0, 0, 0, 0, 0, 
929, 1, 945, 945, -1, 155, 127, 129.0, 15, ABprpappaap, 0, 0, 0, 0, , 0, 0, 0, 0, 0, 
930, 1, 946, 1057, -1, 168, 122, 167.0, 13, ABprpappapa, 0, 0, 0, 0, , 0, 0, 0, 0, 0, 
931, 1, 947, 948, -1, 244, 101, 135.0, 13, ABprpappapp, 0, 0, 0, 0, , 0, 0, 0, 0, 0, 
932, 1, 948, 949, -1, 134, 141, 127.5, 14, ABprpapppaa, 0, 0, 0, 0, , 0, 0, 0, 0, 0, 
933, 1, 949, 950, -1, 208, 118, 148.0, 12, ABprpapppap, 0, 0, 0, 0, , 0, 0, 0, 0, 0, 
934, 0, 950, -1, -1, 234, 150, 157.5, 12, , 0, 0, 0, 0, , 0, 0, 0, 0, 0, 
935, 1, 951, 952, -1, 239, 169, 123.0, 14, ABprpappppp, 0, 0, 0, 0, , 0, 0, 0, 0, 0, 
936, 1, 952, 953, -1, 151, 144, 192.0, 12, ABprppaaaaa, 0, 0, 0, 0, , 0, 0, 0, 0, 0, 
937, 1, 953, 954, -1, 186, 113, 195.0, 12, ABprppaaaapp, 0, 0, 0, 0, , 0, 0, 0, 0, 0, 
938, 1, 954, 955, -1, 174, 125, 193.5, 13, ABprppaapap, 0, 0, 0, 0, , 0, 0, 0, 0, 0, 
939, 0, 955, -1, -1, 174, 136, 143.0, 12, , 0, 0, 0, 0, , 0, 0, 0, 0, 0, 
940, 1, 956, 957, -1, 249, 118, 143.0, 12, ABprppaappp, 0, 0, 0, 0, , 0, 0, 0, 0, 0, 
941, 1, 957, 958, -1, 186, 132, 156.0, 12, ABprppapaaaa, 0, 0, 0, 0, , 0, 0, 0, 0, 0, 
942, 1, 958, 959, -1, 207, 125, 156.0, 12, ABprppapaaap, 0, 0, 0, 0, , 0, 0, 0, 0, 0, 
943, 1, 959, 960, -1, 214, 95, 141.0, 12, ABprppapaap, 0, 0, 0, 0, , 0, 0, 0, 0, 0, 
944, 1, 960, 961, -1, 238, 94, 143.5, 13, ABprppapapa, 0, 0, 0, 0, , 0, 0, 0, 0, 0, 
945, 1, 961, 962, -1, 286, 104, 138.0, 13, ABprppapapp, 0, 0, 0, 0, , 0, 0, 0, 0, 0, 
946, 1, 962, 963, -1, 218, 105, 153.0, 13, ABprppappaa, 0, 0, 0, 0, , 0, 0, 0, 0, 0, 
947, 1, 963, 964, -1, 228, 99, 148.0, 12, ABprppappap, 0, 0, 0, 0, , 0, 0, 0, 0, 0, 
948, 1, 964, 965, -1, 278, 102, 145.0, 10, ABprppapppa, 0, 0, 0, 0, , 0, 0, 0, 0, 0, 
949, 1, 965, 966, -1, 246, 132, 141.0, 10, ABprppapppp, 0, 0, 0, 0, , 0, 0, 0, 0, 0, 
950, 1, 966, 967, -1, 235, 123, 151.5, 12, ABprpppaaaa, 0, 0, 0, 0, , 0, 0, 0, 0, 0, 
951, 1, 967, 968, -1, 253, 131, 154.0, 12, ABprpppaaap, 0, 0, 0, 0, , 0, 0, 0, 0, 0, 
952, 0, 968, -1, -1, 227, 156, 173.0, 13, , 0, 0, 0, 0, , 0, 0, 0, 0, 0, 
953, 1, 969, 970, -1, 228, 154, 168.0, 12, ABprpppaapa, 0, 0, 0, 0, , 0, 0, 0, 0, 0, 
954, 1, 970, 971, -1, 236, 146, 177.0, 12, ABprpppaapp, 0, 0, 0, 0, , 0, 0, 0, 0, 0, 
955, 1, 971, 972, -1, 211, 155, 174.0, 12, ABprpppapaa, 0, 0, 0, 0, , 0, 0, 0, 0, 0, 
956, 1, 972, 973, -1, 200, 153, 118.5, 15, Cappppv, 0, 0, 0, 0, , 0, 0, 0, 0, 0, 
957, 1, 973, 974, -1, 181, 166, 141.0, 14, ABprpppapap, 0, 0, 0, 0, , 0, 0, 0, 0, 0, 
958, 1, 974, 975, -1, 235, 149, 154.5, 13, ABprppppaaa, 0, 0, 0, 0, , 0, 0, 0, 0, 0, 
959, 0, 975, -1, -1, 237, 161, 146.0, 12, , 0, 0, 0, 0, , 0, 0, 0, 0, 0, 
960, 1, 976, 977, -1, 237, 172, 138.0, 12, ABprpappppa, 0, 0, 0, 0, , 0, 0, 0, 0, 0, 
961, 1, 977, 978, -1, 238, 161, 145.5, 12, ABprppppaap, 0, 0, 0, 0, , 0, 0, 0, 0, 0, 
962, 1, 978, 979, -1, 217, 142, 158.0, 13, ABprppppapa, 0, 0, 0, 0, , 0, 0, 0, 0, 0, 
963, 1, 979, 980, -1, 207, 162, 148.0, 13, ABprppppapp, 0, 0, 0, 0, , 0, 0, 0, 0, 0, 
964, 1, 980, 981, -1, 271, 134, 167.0, 15, ABprpppppaa, 0, 0, 0, 0, , 0, 0, 0, 0, 0, 
965, 1, 981, 982, -1, 247, 149, 161.0, 15, ABprpppppap, 0, 0, 0, 0, , 0, 0, 0, 0, 0, 
966, 0, 982, -1, -1, 202, 171, 135.0, 13, , 0, 0, 0, 0, , 0, 0, 0, 0, 0, 
967, 1, 983, 984, -1, 203, 172, 133.0, 13, ABplppppppa, 0, 0, 0, 0, , 0, 0, 0, 0, 0, 
968, 1, 984, 985, -1, 198, 173, 141.0, 13, ABprppppppa, 0, 0, 0, 0, , 0, 0, 0, 0, 0, 
969, 1, 985, 986, -1, 199, 176, 118.0, 14, ABplppppppp, 0, 0, 0, 0, , 0, 0, 0, 0, 0, 
970, 1, 986, 987, -1, 185, 177, 150.0, 13, ABprppppppp, 0, 0, 0, 0, , 0, 0, 0, 0, 0, 
971, 0, 987, -1, -1, 71, 131, 87.0, 13, , 0, 0, 0, 0, , 0, 0, 0, 0, 0, 
972, 0, 988, -1, -1, 69, 132, 87.5, 13, , 0, 0, 0, 0, , 0, 0, 0, 0, 0, 
973, 1, 989, 990, -1, 105, 127, 99.0, 13, ABalapaappaa, 0, 0, 0, 0, , 0, 0, 0, 0, 0, 
974, 1, 990, 991, -1, 111, 111, 82.0, 13, ABalapaappap, 0, 0, 0, 0, , 0, 0, 0, 0, 0, 
975, 1, 991, 992, -1, 85, 86, 90.0, 14, ABalapapppp, 0, 0, 0, 0, , 0, 0, 0, 0, 0, 
976, 0, 992, -1, -1, 115, 87, 185.7705, 12, , 0, 0, 0, 0, , 0, 0, 0, 0, 0, 
977, 1, 993, 994, -1, 122, 82, 190.0, 12, ABalappapaa, 0, 0, 0, 0, , 0, 0, 0, 0, 0, 
978, 0, 994, -1, -1, 77, 116, 186.0, 13, , 0, 0, 0, 0, , 0, 0, 0, 0, 0, 
979, 0, 995, -1, -1, 76, 120, 180.5, 12, , 0, 0, 0, 0, , 0, 0, 0, 0, 0, 
980, 1, 996, 997, -1, 77, 115, 182.5, 12, ABalappappp, 0, 0, 0, 0, , 0, 0, 0, 0, 0, 
981, 1, 997, 998, -1, 78, 117, 179.0, 13, ABprpaapapa, 0, 0, 0, 0, , 0, 0, 0, 0, 0, 
982, 0, 999, -1, -1, 79, 111, 100.0, 13, , 0, 0, 0, 0, , 0, 0, 0, 0, 0, 
983, 1, 1000, 1000, -1, 76, 106, 86.0, 12, ABalpaapppp, 0, 0, 0, 0, , 0, 0, 0, 0, 0, 
984, 1, 1001, 1001, -1, 96, 105, 80.0, 15, ABplaapaapp, 0, 0, 0, 0, , 0, 0, 0, 0, 0, 
985, 1, 1002, 1002, -1, 91, 124, 97.0, 13, ABalpppaapd, 0, 0, 0, 0, , 0, 0, 0, 0, 0, 
986, 1, 1003, 1003, -1, 94, 122, 91.0, 14, ABplaapaapa, 0, 0, 0, 0, , 0, 0, 0, 0, 0, 
987, 1, 1004, 1004, -1, 109, 134, 77.0, 12, ABalaaaalpp, 0, 0, 0, 0, , 0, 0, 0, 0, 0, 
988, 1, 1005, 1005, -1, 139, 109, 106.0, 15, ABalpappaapa, 0, 0, 0, 0, , 0, 0, 0, 0, 0, 
989, 1, 1006, 1006, -1, 154, 99, 104.0, 13, ABalpappaapp, 0, 0, 0, 0, , 0, 0, 0, 0, 0, 
990, 1, 1007, 1007, -1, 172, 147, 102.0, 13, ABalpapappp, 0, 0, 0, 0, , 0, 0, 0, 0, 0, 
991, 1, 1008, 1008, -1, 142, 161, 102.0, 12, ABplpaappppa, 0, 0, 0, 0, , 0, 0, 0, 0, 0, 
992, 1, 1009, 1009, -1, 158, 152, 103.0, 12, ABplpaappppp, 0, 0, 0, 0, , 0, 0, 0, 0, 0, 
993, 1, 1010, 1010, -1, 192, 93, 87.0, 13, ABplppaaaapp, 0, 0, 0, 0, , 0, 0, 0, 0, 0, 
994, 0, 1011, -1, -1, 105, 142, 92.0, 12, , 0, 0, 0, 0, , 0, 0, 0, 0, 0, 
995, 0, 1012, -1, -1, 109, 145, 71.0, 12, , 0, 0, 0, 0, , 0, 0, 0, 0, 0, 
996, 1, 1013, 1013, -1, 68, 118, 169.0, 12, ABaraaapppp, 0, 0, 0, 0, , 0, 0, 0, 0, 0, 
997, 1, 1014, 1014, -1, 103, 102, 127.5, 14, ABaraapaaap, 0, 0, 0, 0, , 0, 0, 0, 0, 0, 
998, 1, 1015, 1015, -1, 122, 72, 128.0, 16, MSaaapaaa, 0, 0, 0, 0, , 0, 0, 0, 0, 0, 
999, 1, 1016, 1016, -1, 121, 143, 89.5, 13, ABalppaappp, 0, 0, 0, 0, , 0, 0, 0, 0, 0, 
1000, 1, 1017, 1017, -1, 115, 161, 122.5, 13, ABarappaapa, 0, 0, 0, 0, , 0, 0, 0, 0, 0, 
1001, 1, 1018, 1018, -1, 94, 98, 92.0, 13, ABalppppapaa, 0, 0, 0, 0, , 0, 0, 0, 0, 0, 
1002, 1, 1019, 1019, -1, 272, 136, 112.0, 16, MSappaap, 0, 0, 0, 0, , 0, 0, 0, 0, 0, 
1003, 1, 1020, 1020, -1, 138, 115, 75.0, 13, ABalapaapaa, 0, 0, 0, 0, , 0, 0, 0, 0, 0, 
1004, 0, 1021, -1, -1, 156, 125, 99.0, 15, , 0, 0, 0, 0, , 0, 0, 0, 0, 0, 
1005, 0, 1022, -1, -1, 158, 125, 98.0, 15, , 0, 0, 0, 0, , 0, 0, 0, 0, 0, 
1006, 0, 1023, -1, -1, 158, 124, 94.0, 15, , 0, 0, 0, 0, , 0, 0, 0, 0, 0, 
1007, 0, 1024, -1, -1, 171, 127, 112.0, 12, , 0, 0, 0, 0, , 0, 0, 0, 0, 0, 
1008, 0, 1025, -1, -1, 163, 139, 124.0, 12, , 0, 0, 0, 0, , 0, 0, 0, 0, 0, 
1009, 0, 1026, -1, -1, 157, 142, 130.5, 12, , 0, 0, 0, 0, , 0, 0, 0, 0, 0, 
1010, 0, 1027, -1, -1, 148, 138, 134.0, 13, , 0, 0, 0, 0, , 0, 0, 0, 0, 0, 
1011, 1, 1028, 1027, -1, 148, 135, 118.0, 13, ABplpapaapa, 0, 0, 0, 0, , 0, 0, 0, 0, 0, 
1012, 1, 1029, 1028, -1, 144, 157, 142.0, 12, ABprpapaapp, 0, 0, 0, 0, , 0, 0, 0, 0, 0, 
1013, 1, 1030, 1029, -1, 149, 147, 149.0, 13, ABprpapaapa, 0, 0, 0, 0, , 0, 0, 0, 0, 0, 
1014, 1, 1031, 1030, -1, 148, 139, 135.0, 13, ABalpapapaa, 0, 0, 0, 0, , 0, 0, 0, 0, 0, 
1015, 1, 1032, 1031, -1, 152, 145, 142.0, 13, ABarappapaa, 0, 0, 0, 0, , 0, 0, 0, 0, 0, 
1016, 1, 1033, 1032, -1, 186, 109, 103.0, 14, ABplpapapaa, 0, 0, 0, 0, , 0, 0, 0, 0, 0, 
1017, 1, 1034, 1033, -1, 174, 114, 105.0, 15, ABplpapapap, 0, 0, 0, 0, , 0, 0, 0, 0, 0, 
1018, 1, 1035, 1034, -1, 227, 92, 119.0, 13, MSaappppa, 0, 0, 0, 0, , 0, 0, 0, 0, 0, 
1019, 1, 1036, 1035, -1, 209, 101, 113.5, 13, MSaapppap, 0, 0, 0, 0, , 0, 0, 0, 0, 0, 
1020, 0, 1037, -1, -1, 196, 131, 127.5, 10, , 0, 0, 0, 0, , 0, 0, 0, 0, 0, 
1021, 0, 1038, -1, -1, 197, 131, 124.0, 11, , 0, 0, 0, 0, , 0, 0, 0, 0, 0, 
1022, 0, 1039, -1, -1, 191, 131, 143.0, 13, , 0, 0, 0, 0, , 0, 0, 0, 0, 0, 
1023, 0, 1040, -1, -1, 197, 132, 124.5, 13, , 0, 0, 0, 0, , 0, 0, 0, 0, 0, 
1024, 0, 1041, -1, -1, 182, 144, 155.5, 12, , 0, 0, 0, 0, , 0, 0, 0, 0, 0, 
1025, 0, 1042, -1, -1, 179, 145, 164.0, 13, , 0, 0, 0, 0, , 0, 0, 0, 0, 0, 
1026, 1, 1043, 1042, -1, 175, 135, 144.0, 10, ABplppaappa, 0, 0, 0, 0, , 0, 0, 0, 0, 0, 
1027, 0, 1044, -1, -1, 184, 144, 152.0, 13, , 0, 0, 0, 0, , 0, 0, 0, 0, 0, 
1028, 1, 1045, 1044, -1, 266, 119, 139.0, 13, ABplppaappp, 0, 0, 0, 0, , 0, 0, 0, 0, 0, 
1029, 1, 1046, 1045, -1, 266, 99, 140.0, 13, ABplpapappp, 0, 0, 0, 0, , 0, 0, 0, 0, 0, 
1030, 1, 1047, 1046, -1, 195, 111, 151.0, 12, ABplppapaap, 0, 0, 0, 0, , 0, 0, 0, 0, 0, 
1031, 1, 1048, 1047, -1, 203, 107, 140.0, 13, ABplppappap, 0, 0, 0, 0, , 0, 0, 0, 0, 0, 
1032, 1, 1049, 1048, -1, 219, 134, 126.0, 12, ABplppppapa, 0, 0, 0, 0, , 0, 0, 0, 0, 0, 
1033, 1, 1050, 1049, -1, 136, 142, 190.0, 12, ABpraaaaaaa, 0, 0, 0, 0, , 0, 0, 0, 0, 0, 
1034, 1, 1051, 1050, -1, 105, 155, 178.0, 13, ABalaappapp, 0, 0, 0, 0, , 0, 0, 0, 0, 0, 
1035, 0, 1052, -1, -1, 104, 140, 181.0, 12, , 0, 0, 0, 0, , 0, 0, 0, 0, 0, 
1036, 1, 1053, 1052, -1, 86, 129, 164.0, 13, ABpraaaaapd, 0, 0, 0, 0, , 0, 0, 0, 0, 0, 
1037, 1, 1054, 1053, -1, 105, 141, 181.0, 13, ABalaapaapp, 0, 0, 0, 0, , 0, 0, 0, 0, 0, 
1038, 1, 1055, 1054, -1, 124, 131, 194.0, 12, ABalaappapa, 0, 0, 0, 0, , 0, 0, 0, 0, 0, 
1039, 1, 1056, 1055, -1, 136, 161, 162.0, 15, MSpppapp, 0, 0, 0, 0, , 0, 0, 0, 0, 0, 
1040, 1, 1057, 1056, -1, 167, 122, 173.5, 14, MSppppaa, 0, 0, 0, 0, , 0, 0, 0, 0, 0, 
1041, 1, 1058, 1058, -1, 178, 123, 181.0, 15, Dpaaa, 0, 0, 0, 0, , 0, 0, 0, 0, 0, 
1042, 1, 1059, 1059, -1, 176, 124, 133.0, 15, ABplpappaap, 0, 0, 0, 0, , 0, 0, 0, 0, 0, 
1043, 1, 1060, 1060, -1, 227, 157, 173.0, 15, ABprapppaaa, 0, 0, 0, 0, , 0, 0, 0, 0, 0, 
1044, 1, 1061, 1061, -1, 80, 112, 99.0, 13, ABalpaapppa, 0, 0, 0, 0, , 0, 0, 0, 0, 0, 
1045, 1, 1062, 1062, -1, 98, 110, 101.0, 14, ABalaaaarlp, 0, 0, 0, 0, , 0, 0, 0, 0, 0, 
1046, 0, 1063, -1, -1, 70, 132, 87.5, 13, , 0, 0, 0, 0, , 0, 0, 0, 0, 0, 
1047, 0, 1064, -1, -1, 70, 130, 87.0, 13, , 0, 0, 0, 0, , 0, 0, 0, 0, 0, 
1048, 1, 1065, 1065, -1, 107, 93, 193.0, 13, ABalaaapprl, 0, 0, 0, 0, , 0, 0, 0, 0, 0, 
1049, 0, 1066, -1, -1, 99, 88, 177.0, 12, , 0, 0, 0, 0, , 0, 0, 0, 0, 0, 
1050, 0, 1067, -1, -1, 98, 87, 176.0, 12, , 0, 0, 0, 0, , 0, 0, 0, 0, 0, 
1051, 1, 1068, 1068, -1, 98, 85, 186.0, 12, ABalaapaaar, 0, 0, 0, 0, , 0, 0, 0, 0, 0, 
1052, 0, 1069, -1, -1, 106, 144, 92.5, 12, , 0, 0, 0, 0, , 0, 0, 0, 0, 0, 
1053, 0, 1070, -1, -1, 123, 127, 87.5, 12, , 0, 0, 0, 0, , 0, 0, 0, 0, 0, 
1054, 0, 1071, -1, -1, 128, 124, 85.0, 12, , 0, 0, 0, 0, , 0, 0, 0, 0, 0, 
1055, 1, 1072, 1072, -1, 133, 124, 80.5, 14, ABplpaaaaaa, 0, 0, 0, 0, , 0, 0, 0, 0, 0, 
1056, 0, 1073, -1, -1, 106, 144, 92.0, 12, , 0, 0, 0, 0, , 0, 0, 0, 0, 0, 
1057, 0, 1074, -1, -1, 108, 143, 88.0, 12, , 0, 0, 0, 0, , 0, 0, 0, 0, 0, 
1058, 0, 1075, -1, -1, 106, 142, 93.0, 12, , 0, 0, 0, 0, , 0, 0, 0, 0, 0, 
1059, 1, 1076, 1076, -1, 108, 144, 85.5, 12, ABalppaaapp, 0, 0, 0, 0, , 0, 0, 0, 0, 0, 
1060, 1, 1077, 1077, -1, 105, 142, 92.0, 11, ABalpppaaap, 0, 0, 0, 0, , 0, 0, 0, 0, 0, 
1061, 1, 1078, 1078, -1, 219, 165, 94.0, 14, ABplapappppaa, 0, 0, 0, 0, , 0, 0, 0, 0, 0, 
1062, 1, 1079, 1079, -1, 240, 163, 97.0, 12, ABplapappppap, 0, 0, 0, 0, , 0, 0, 0, 0, 0, 
1063, 0, 1080, -1, -1, 160, 140, 119.5, 12, , 0, 0, 0, 0, , 0, 0, 0, 0, 0, 
1064, 0, 1081, -1, -1, 161, 138, 125.0, 12, , 0, 0, 0, 0, , 0, 0, 0, 0, 0, 
1065, 1, 1082, 1082, -1, 158, 142, 122.5, 12, ABplpaapppa, 0, 0, 0, 0, , 0, 0, 0, 0, 0, 
1066, 1, 1083, 1083, -1, 162, 139, 125.5, 12, ABplpapaaap, 0, 0, 0, 0, , 0, 0, 0, 0, 0, 
1067, 1, 1026, 1084, -1, 155, 141, 130.0, 12, ABplpaaaapa, 0, 0, 0, 0, , 0, 0, 0, 0, 0, 
1068, 0, 1084, -1, -1, 169, 128, 116.0, 14, , 0, 0, 0, 0, , 0, 0, 0, 0, 0, 
1069, 1, 1085, 1086, -1, 212, 52, 140.0, 12, MSaapappp, 0, 0, 0, 0, , 0, 0, 0, 0, 0, 
1070, 1, 1086, 1087, -1, 216, 75, 133.0, 14, MSaappaa, 0, 0, 0, 0, , 0, 0, 0, 0, 0, 
1071, 1, 1087, 1088, -1, 99, 71, 99.0, 15, MSapaaap, 0, 0, 0, 0, , 0, 0, 0, 0, 0, 
1072, 1, 1088, 1089, -1, 200, 47, 160.0, 15, MSpaapapp, 0, 0, 0, 0, , 0, 0, 0, 0, 0, 
1073, 1, 1089, 1091, -1, 77, 105, 150.0, 10, ABalappppaaa, 0, 0, 0, 0, , 0, 0, 0, 0, 0, 
1074, 1, 1090, 1090, -1, 79, 106, 141.5, 12, ABarpaaapaa, 0, 0, 0, 0, , 0, 0, 0, 0, 0, 
1075, 1, 1091, 1092, -1, 181, 145, 156.0, 12, ABprpapappa, 0, 0, 0, 0, , 0, 0, 0, 0, 0, 
1076, 1, 1092, 1093, -1, 182, 144, 153.0, 13, ABprppaappa, 0, 0, 0, 0, , 0, 0, 0, 0, 0, 
1077, 1, 1093, 1094, -1, 180, 144, 165.5, 11, ABprapaapa, 0, 0, 0, 0, , 0, 0, 0, 0, 0, 
1078, 1, 1094, 1095, -1, 91, 114, 157.0, 13, ABalaappppp, 0, 0, 0, 0, , 0, 0, 0, 0, 0, 
1079, 0, 1095, -1, -1, 105, 128, 102.0, 13, , 0, 0, 0, 0, , 0, 0, 0, 0, 0, 
1080, 1, 1096, 1097, -1, 201, 122, 100.0, 14, MSaapppaa, 0, 0, 0, 0, , 0, 0, 0, 0, 0, 
1081, 1, 1097, 1098, -1, 158, 125, 98.333336, 15, MSappapp, 0, 0, 0, 0, , 0, 0, 0, 0, 0, 
1082, 1, 1098, 1099, -1, 94, 86, 178.0, 12, ABalapppppa, 0, 0, 0, 0, , 0, 0, 0, 0, 0, 
1083, 1, 1099, 1100, -1, 173, 88, 70.0, 14, ABplpaapaap, 0, 0, 0, 0, , 0, 0, 0, 0, 0, 
1084, 0, 1100, -1, -1, 175, 88, 73.0, 13, , 0, 0, 0, 0, , 0, 0, 0, 0, 0, 
1085, 1, 1101, 1102, -1, 174, 87, 87.0, 13, ABplpaappap, 0, 0, 0, 0, , 0, 0, 0, 0, 0, 
1086, 1, 1102, 1103, -1, 119, 120, 72.0, 13, ABalppapaaa, 0, 0, 0, 0, , 0, 0, 0, 0, 0, 
1087, 1, 1104, 1104, -1, 131, 123, 84.0, 12, ABalppaaapa, 0, 0, 0, 0, , 0, 0, 0, 0, 0, 
1088, 0, 1103, -1, -1, 122, 126, 82.0, 11, , 0, 0, 0, 0, , 0, 0, 0, 0, 0, 
1089, 1, 1105, 1105, -1, 122, 127, 89.5, 11, ABalppappap, 0, 0, 0, 0, , 0, 0, 0, 0, 0, 
1090, 1, 1106, 1106, -1, 64, 113, 127.0, 15, ABplaapaaaa, 0, 0, 0, 0, , 0, 0, 0, 0, 0, 
1091, 1, 1107, 1107, -1, 208, 115, 116.0, 13, ABarappappa, 0, 0, 0, 0, , 0, 0, 0, 0, 0, 
1092, 1, 1108, 1108, -1, 202, 108, 126.0, 15, ABplppappaa, 0, 0, 0, 0, , 0, 0, 0, 0, 0, 
1093, 1, 1109, 1109, -1, 122, 124, 119.0, 13, ABalpaaaapa, 0, 0, 0, 0, , 0, 0, 0, 0, 0, 
1094, 1, 1110, 1110, -1, 182, 109, 76.5, 14, ABplppaapap, 0, 0, 0, 0, , 0, 0, 0, 0, 0, 
1095, 1, 1111, 1111, -1, 152, 46, 105.0, 14, ABalapaaapa, 0, 0, 0, 0, , 0, 0, 0, 0, 0, 
1096, 1, 1112, 1112, -1, 123, 71, 81.5, 13, ABalaaaalal, 0, 0, 0, 0, , 0, 0, 0, 0, 0, 
1097, 1, 1113, 1113, -1, 79, 74, 114.0, 14, MSapappp, 0, 0, 0, 0, , 0, 0, 0, 0, 0, 
1098, 1, 1114, 1114, -1, 89, 69, 125.0, 13, ABalappaapa, 0, 0, 0, 0, , 0, 0, 0, 0, 0, 
1099, 1, 1115, 1115, -1, 79, 74, 110.0, 13, ABalapapapaa, 0, 0, 0, 0, , 0, 0, 0, 0, 0, 
