1, 0, 1, -1, -1, 103, 101, 124.0, 9, , 91, 0, 0, 0, , 0, 0, 0, 0, 0, 
2, 0, 2, -1, -1, 78, 113, 188.0, 9, , 29, 0, 0, 0, , 0, 0, 0, 0, 0, 
3, 0, 3, -1, -1, 152, 100, 159.0, 9, , 105, 0, 0, 0, , 0, 0, 0, 0, 0, 
4, 0, 4, -1, -1, 276, 68, 191.0, 9, , 30, 0, 0, 0, , 0, 0, 0, 0, 0, 
5, 0, 5, -1, -1, 78, 114, 180.0, 11, , 69, 0, 0, 0, , 0, 0, 0, 0, 0, 
6, 0, 6, -1, -1, 91, 122, 128.0, 9, , 51, 0, 0, 0, , 0, 0, 0, 0, 0, 
7, 0, 7, -1, -1, 129, 120, 86.0, 9, , 95, 0, 0, 0, , 0, 0, 0, 0, 0, 
8, 0, 8, -1, -1, 58, 120, 146.0, 11, , 93, 0, 0, 0, , 0, 0, 0, 0, 0, 
9, 0, 9, -1, -1, 153, 100, 163.0, 9, , 167, 0, 0, 0, , 0, 0, 0, 0, 0, 
10, 0, 10, -1, -1, 150, 143, 194.0, 9, , 23, 0, 0, 0, , 0, 0, 0, 0, 0, 
11, 0, 11, -1, -1, 99, 138, 158.0, 9, , 68, 0, 0, 0, , 0, 0, 0, 0, 0, 
12, 0, 12, -1, -1, 229, 92, 134.0, 9, , 15, 0, 0, 0, , 0, 0, 0, 0, 0, 
13, 0, 13, -1, -1, 111, 95, 140.0, 9, , 28, 0, 0, 0, , 0, 0, 0, 0, 0, 
14, 0, 14, -1, -1, 168, 103, 178.0, 11, , 63, 0, 0, 0, , 0, 0, 0, 0, 0, 
15, 0, 15, -1, -1, 188, 80, 194.0, 15, , 17, 0, 0, 0, , 0, 0, 0, 0, 0, 
16, 0, 16, -1, -1, 102, 105, 138.0, 11, , 41, 0, 0, 0, , 0, 0, 0, 0, 0, 
17, 0, 17, -1, -1, 287, 88, 183.0, 11, , 112, 0, 0, 0, , 0, 0, 0, 0, 0, 
18, 0, 18, -1, -1, 169, 100, 206.0, 9, , 58, 0, 0, 0, , 0, 0, 0, 0, 0, 
19, 0, 19, -1, -1, 141, 76, 172.0, 11, , 152, 0, 0, 0, , 0, 0, 0, 0, 0, 
20, 0, 20, -1, -1, 216, 90, 191.0, 11, , 60, 0, 0, 0, , 0, 0, 0, 0, 0, 
21, 0, 21, -1, -1, 104, 130, 140.0, 11, , 97, 0, 0, 0, , 0, 0, 0, 0, 0, 
22, 0, 22, -1, -1, 251, 118, 141.0, 9, , 33, 0, 0, 0, , 0, 0, 0, 0, 0, 
23, 0, 23, -1, -1, 120, 109, 159.0, 11, , 70, 0, 0, 0, , 0, 0, 0, 0, 0, 
24, 0, 24, -1, -1, 65, 127, 146.0, 7, , 31, 0, 0, 0, , 0, 0, 0, 0, 0, 
25, 0, 25, -1, -1, 276, 72, 190.0, 13, , 66, 0, 0, 0, , 0, 0, 0, 0, 0, 
26, 0, 26, -1, -1, 121, 131, 141.0, 13, , 140, 0, 0, 0, , 0, 0, 0, 0, 0, 
27, 0, 27, -1, -1, 172, 86, 117.0, 9, , 47, 0, 0, 0, , 0, 0, 0, 0, 0, 
28, 0, 28, -1, -1, 170, 86, 113.0, 9, , 64, 0, 0, 0, , 0, 0, 0, 0, 0, 
29, 0, 29, -1, -1, 112, 90, 129.0, 13, , 98, 0, 0, 0, , 0, 0, 0, 0, 0, 
30, 0, 30, -1, -1, 153, 107, 175.0, 9, , 46, 0, 0, 0, , 0, 0, 0, 0, 0, 
31, 0, 31, -1, -1, 152, 155, 179.0, 9, , 26, 0, 0, 0, , 0, 0, 0, 0, 0, 
32, 0, 32, -1, -1, 123, 161, 151.0, 7, , 33, 0, 0, 0, , 0, 0, 0, 0, 0, 
33, 0, 33, -1, -1, 192, 84, 190.0, 9, , 34, 0, 0, 0, , 0, 0, 0, 0, 0, 
34, 0, 34, -1, -1, 107, 159, 151.0, 9, , 30, 0, 0, 0, , 0, 0, 0, 0, 0, 
35, 0, 35, -1, -1, 120, 110, 149.0, 9, , 94, 0, 0, 0, , 0, 0, 0, 0, 0, 
36, 0, 36, -1, -1, 135, 112, 144.0, 9, , 5, 0, 0, 0, , 0, 0, 0, 0, 0, 
37, 0, 37, -1, -1, 175, 122, 191.0, 11, , 110, 0, 0, 0, , 0, 0, 0, 0, 0, 
38, 0, 38, -1, -1, 124, 170, 124.0, 7, , 31, 0, 0, 0, , 0, 0, 0, 0, 0, 
39, 0, 39, -1, -1, 112, 95, 143.0, 11, , 65, 0, 0, 0, , 0, 0, 0, 0, 0, 
40, 0, 40, -1, -1, 304, 119, 185.0, 9, , 44, 0, 0, 0, , 0, 0, 0, 0, 0, 
41, 0, 41, -1, -1, 173, 74, 108.0, 9, , 50, 0, 0, 0, , 0, 0, 0, 0, 0, 
42, 0, 42, -1, -1, 135, 120, 149.0, 11, , 141, 0, 0, 0, , 0, 0, 0, 0, 0, 
43, 0, 43, -1, -1, 284, 91, 188.0, 9, , 56, 0, 0, 0, , 0, 0, 0, 0, 0, 
44, 0, 45, -1, -1, 111, 85, 125.0, 9, , 74, 0, 0, 0, , 0, 0, 0, 0, 0, 
45, 0, 46, -1, -1, 103, 103, 128.0, 11, , 129, 0, 0, 0, , 0, 0, 0, 0, 0, 
46, 0, 47, -1, -1, 180, 144, 162.0, 9, , 88, 0, 0, 0, , 0, 0, 0, 0, 0, 
47, 0, 48, -1, -1, 106, 130, 144.0, 9, , 104, 0, 0, 0, , 0, 0, 0, 0, 0, 
48, 0, 49, -1, -1, 104, 89, 162.0, 9, , 43, 0, 0, 0, , 0, 0, 0, 0, 0, 
49, 0, 50, -1, -1, 98, 136, 153.0, 9, , 65, 0, 0, 0, , 0, 0, 0, 0, 0, 
50, 0, 51, -1, -1, 306, 59, 169.0, 11, , 52, 0, 0, 0, , 0, 0, 0, 0, 0, 
51, 0, 52, -1, -1, 137, 107, 163.0, 9, , 66, 0, 0, 0, , 0, 0, 0, 0, 0, 
52, 0, 53, -1, -1, 115, 89, 179.0, 9, , 42, 0, 0, 0, , 0, 0, 0, 0, 0, 
53, 0, 54, -1, -1, 125, 128, 180.0, 11, , 104, 0, 0, 0, , 0, 0, 0, 0, 0, 
54, 0, 55, -1, -1, 121, 127, 143.0, 11, , 124, 0, 0, 0, , 0, 0, 0, 0, 0, 
55, 0, 56, -1, -1, 159, 88, 188.0, 9, , 59, 0, 0, 0, , 0, 0, 0, 0, 0, 
56, 0, 57, -1, -1, 277, 66, 194.0, 9, , 22, 0, 0, 0, , 0, 0, 0, 0, 0, 
57, 0, 58, -1, -1, 152, 142, 190.0, 9, , 37, 0, 0, 0, , 0, 0, 0, 0, 0, 
58, 0, 59, -1, -1, 173, 93, 96.0, 11, , 46, 0, 0, 0, , 0, 0, 0, 0, 0, 
59, 0, 60, -1, -1, 94, 67, 108.0, 9, , 28, 0, 0, 0, , 0, 0, 0, 0, 0, 
60, 0, 61, -1, -1, 132, 160, 97.0, 9, , 6, 0, 0, 0, , 0, 0, 0, 0, 0, 
61, 0, 62, -1, -1, 87, 148, 92.0, 11, , 69, 0, 0, 0, , 0, 0, 0, 0, 0, 
62, 0, 63, -1, -1, 186, 139, 108.0, 9, , 85, 0, 0, 0, , 0, 0, 0, 0, 0, 
63, 0, 64, -1, -1, 81, 147, 96.0, 9, , 14, 0, 0, 0, , 0, 0, 0, 0, 0, 
64, 0, 65, -1, -1, 86, 147, 99.0, 9, , 20, 0, 0, 0, , 0, 0, 0, 0, 0, 
65, 0, 67, -1, -1, 175, 44, 131.0, 9, , 20, 0, 0, 0, , 0, 0, 0, 0, 0, 
66, 0, 68, -1, -1, 115, 158, 133.0, 11, , 68, 0, 0, 0, , 0, 0, 0, 0, 0, 
67, 0, 70, -1, -1, 253, 131, 152.0, 9, , 33, 0, 0, 0, , 0, 0, 0, 0, 0, 
68, 0, 71, -1, -1, 309, 61, 165.0, 9, , 30, 0, 0, 0, , 0, 0, 0, 0, 0, 
69, 0, 72, -1, -1, 141, 75, 175.0, 9, , 64, 0, 0, 0, , 0, 0, 0, 0, 0, 
70, 0, 73, -1, -1, 256, 48, 186.0, 11, , 61, 0, 0, 0, , 0, 0, 0, 0, 0, 
71, 0, 74, -1, -1, 250, 42, 180.0, 9, , 16, 0, 0, 0, , 0, 0, 0, 0, 0, 
72, 0, 75, -1, -1, 285, 93, 186.0, 9, , 21, 0, 0, 0, , 0, 0, 0, 0, 0, 
73, 0, 76, -1, -1, 131, 118, 187.0, 9, , 4, 0, 0, 0, , 0, 0, 0, 0, 0, 
74, 0, 77, -1, -1, 121, 108, 186.0, 7, , 18, 0, 0, 0, , 0, 0, 0, 0, 0, 
75, 0, 78, -1, -1, 256, 48, 181.0, 9, , 32, 0, 0, 0, , 0, 0, 0, 0, 0, 
76, 0, 79, -1, -1, 154, 82, 195.0, 9, , 25, 0, 0, 0, , 0, 0, 0, 0, 0, 
77, 0, 80, -1, -1, 286, 103, 139.0, 11, , 73, 0, 0, 0, , 0, 0, 0, 0, 0, 
78, 0, 81, -1, -1, 134, 144, 93.0, 13, , 79, 0, 0, 0, , 0, 0, 0, 0, 0, 
79, 0, 82, -1, -1, 132, 146, 90.0, 9, , 11, 0, 0, 0, , 0, 0, 0, 0, 0, 
80, 0, 83, -1, -1, 186, 139, 105.0, 9, , 43, 0, 0, 0, , 0, 0, 0, 0, 0, 
81, 0, 84, -1, -1, 186, 138, 113.0, 11, , 155, 0, 0, 0, , 0, 0, 0, 0, 0, 
82, 0, 85, -1, -1, 136, 118, 116.0, 11, , 55, 0, 0, 0, , 0, 0, 0, 0, 0, 
83, 0, 87, -1, -1, 206, 114, 115.0, 9, , 20, 0, 0, 0, , 0, 0, 0, 0, 0, 
84, 0, 88, -1, -1, 93, 114, 128.0, 9, , 31, 0, 0, 0, , 0, 0, 0, 0, 0, 
85, 0, 89, -1, -1, 122, 172, 132.0, 9, , 18, 0, 0, 0, , 0, 0, 0, 0, 0, 
86, 0, 90, -1, -1, 200, 48, 138.0, 9, , 83, 0, 0, 0, , 0, 0, 0, 0, 0, 
87, 0, 91, -1, -1, 268, 120, 140.0, 9, , 32, 0, 0, 0, , 0, 0, 0, 0, 0, 
88, 0, 92, -1, -1, 135, 120, 151.0, 11, , 120, 0, 0, 0, , 0, 0, 0, 0, 0, 
89, 0, 93, -1, -1, 190, 91, 145.0, 9, , 42, 0, 0, 0, , 0, 0, 0, 0, 0, 
90, 0, 94, -1, -1, 170, 149, 153.0, 7, , 48, 0, 0, 0, , 0, 0, 0, 0, 0, 
91, 0, 95, -1, -1, 167, 146, 157.0, 9, , 19, 0, 0, 0, , 0, 0, 0, 0, 0, 
92, 0, 96, -1, -1, 119, 109, 156.0, 11, , 202, 0, 0, 0, , 0, 0, 0, 0, 0, 
93, 0, 97, -1, -1, 305, 58, 165.0, 11, , 25, 0, 0, 0, , 0, 0, 0, 0, 0, 
94, 0, 98, -1, -1, 85, 129, 155.0, 7, , 31, 0, 0, 0, , 0, 0, 0, 0, 0, 
95, 0, 99, -1, -1, 235, 144, 173.0, 9, , 40, 0, 0, 0, , 0, 0, 0, 0, 0, 
96, 0, 100, -1, -1, 143, 106, 167.0, 9, , 35, 0, 0, 0, , 0, 0, 0, 0, 0, 
97, 0, 101, -1, -1, 308, 117, 183.0, 9, , 23, 0, 0, 0, , 0, 0, 0, 0, 0, 
98, 0, 102, -1, -1, 123, 92, 183.0, 9, , 30, 0, 0, 0, , 0, 0, 0, 0, 0, 
99, 0, 103, -1, -1, 307, 118, 188.0, 9, , 13, 0, 0, 0, , 0, 0, 0, 0, 0, 
100, 0, 104, -1, -1, 216, 87, 197.0, 13, , 128, 0, 0, 0, , 0, 0, 0, 0, 0, 
101, 0, 105, -1, -1, 187, 78, 192.0, 7, , 12, 0, 0, 0, , 0, 0, 0, 0, 0, 
102, 0, 106, -1, -1, 176, 83, 193.0, 9, , 27, 0, 0, 0, , 0, 0, 0, 0, 0, 
103, 0, 107, -1, -1, 170, 100, 201.0, 11, , 133, 0, 0, 0, , 0, 0, 0, 0, 0, 
104, 0, 108, -1, -1, 167, 90, 205.0, 9, , 13, 0, 0, 0, , 0, 0, 0, 0, 0, 
105, 0, 110, -1, -1, 143, 112, 128.0, 7, , 16, 0, 0, 0, , 0, 0, 0, 0, 0, 
106, 0, 111, -1, -1, 174, 43, 133.0, 9, , 30, 0, 0, 0, , 0, 0, 0, 0, 0, 
107, 0, 112, -1, -1, 224, 104, 130.0, 9, , 28, 0, 0, 0, , 0, 0, 0, 0, 0, 
108, 0, 113, -1, -1, 109, 160, 126.0, 9, , 20, 0, 0, 0, , 0, 0, 0, 0, 0, 
109, 0, 114, -1, -1, 212, 117, 133.0, 9, , 27, 0, 0, 0, , 0, 0, 0, 0, 0, 
110, 0, 115, -1, -1, 147, 136, 134.0, 11, , 63, 0, 0, 0, , 0, 0, 0, 0, 0, 
111, 0, 116, -1, -1, 169, 80, 175.0, 11, , 45, 0, 0, 0, , 0, 0, 0, 0, 0, 
112, 0, 117, -1, -1, 250, 86, 200.0, 11, , 24, 0, 0, 0, , 0, 0, 0, 0, 0, 
113, 0, 118, -1, -1, 166, 104, 197.0, 9, , 49, 0, 0, 0, , 0, 0, 0, 0, 0, 
114, 0, 119, -1, -1, 148, 133, 119.0, 11, , 54, 0, 0, 0, , 0, 0, 0, 0, 0, 
115, 0, 120, -1, -1, 61, 88, 139.0, 9, , 74, 0, 0, 0, , 0, 0, 0, 0, 0, 
116, 0, 122, -1, -1, 149, 143, 188.0, 9, , 23, 0, 0, 0, , 0, 0, 0, 0, 0, 
117, 0, 123, -1, -1, 58, 121, 140.0, 9, , 32, 0, 0, 0, , 0, 0, 0, 0, 0, 
118, 0, 124, -1, -1, 196, 130, 133.0, 9, , 37, 0, 0, 0, , 0, 0, 0, 0, 0, 
119, 0, 125, -1, -1, 170, 149, 151.0, 9, , 52, 0, 0, 0, , 0, 0, 0, 0, 0, 
120, 0, 126, -1, -1, 213, 86, 201.0, 11, , 65, 0, 0, 0, , 0, 0, 0, 0, 0, 
121, 0, 127, -1, -1, 190, 83, 192.0, 9, , 54, 0, 0, 0, , 0, 0, 0, 0, 0, 
122, 0, 128, -1, -1, 196, 44, 147.0, 9, , 15, 0, 0, 0, , 0, 0, 0, 0, 0, 
123, 0, 129, -1, -1, 253, 131, 149.0, 7, , 20, 0, 0, 0, , 0, 0, 0, 0, 0, 
124, 0, 130, -1, -1, 181, 143, 159.0, 9, , 63, 0, 0, 0, , 0, 0, 0, 0, 0, 
125, 0, 131, -1, -1, 132, 98, 163.0, 7, , 27, 0, 0, 0, , 0, 0, 0, 0, 0, 
126, 0, 132, -1, -1, 212, 84, 192.0, 7, , 27, 0, 0, 0, , 0, 0, 0, 0, 0, 
127, 0, 133, -1, -1, 284, 90, 190.0, 11, , 63, 0, 0, 0, , 0, 0, 0, 0, 0, 
128, 0, 134, -1, -1, 154, 53, 157.0, 7, , 12, 0, 0, 0, , 0, 0, 0, 0, 0, 
129, 0, 135, -1, -1, 186, 158, 158.0, 9, , 20, 0, 0, 0, , 0, 0, 0, 0, 0, 
130, 0, 136, -1, -1, 118, 151, 94.0, 7, , 21, 0, 0, 0, , 0, 0, 0, 0, 0, 
131, 0, 137, -1, -1, 184, 115, 186.0, 9, , 45, 0, 0, 0, , 0, 0, 0, 0, 0, 
132, 0, 138, -1, -1, 100, 107, 81.0, 11, , 102, 0, 0, 0, , 0, 0, 0, 0, 0, 
133, 0, 139, -1, -1, 121, 151, 76.0, 9, , 21, 0, 0, 0, , 0, 0, 0, 0, 0, 
134, 0, 140, -1, -1, 131, 170, 93.0, 7, , 26, 0, 0, 0, , 0, 0, 0, 0, 0, 
135, 0, 141, -1, -1, 174, 146, 112.0, 9, , 19, 0, 0, 0, , 0, 0, 0, 0, 0, 
136, 0, 142, -1, -1, 93, 118, 130.0, 13, , 83, 0, 0, 0, , 0, 0, 0, 0, 0, 
137, 0, 143, -1, -1, 93, 116, 133.0, 11, , 107, 0, 0, 0, , 0, 0, 0, 0, 0, 
138, 0, 144, -1, -1, 201, 144, 154.0, 11, , 76, 0, 0, 0, , 0, 0, 0, 0, 0, 
139, 0, 145, -1, -1, 143, 119, 164.0, 9, , 69, 0, 0, 0, , 0, 0, 0, 0, 0, 
140, 0, 146, -1, -1, 236, 145, 177.0, 9, , 57, 0, 0, 0, , 0, 0, 0, 0, 0, 
141, 0, 147, -1, -1, 168, 103, 181.0, 11, , 86, 0, 0, 0, , 0, 0, 0, 0, 0, 
142, 0, 148, -1, -1, 101, 134, 103.0, 9, , 76, 0, 0, 0, , 0, 0, 0, 0, 0, 
143, 0, 149, -1, -1, 132, 120, 160.0, 11, , 68, 0, 0, 0, , 0, 0, 0, 0, 0, 
144, 0, 150, -1, -1, 77, 120, 179.0, 9, , 66, 0, 0, 0, , 0, 0, 0, 0, 0, 
145, 0, 151, -1, -1, 172, 125, 196.0, 9, , 46, 0, 0, 0, , 0, 0, 0, 0, 0, 
146, 0, 152, -1, -1, 141, 159, 98.0, 11, , 38, 0, 0, 0, , 0, 0, 0, 0, 0, 
147, 0, 153, -1, -1, 57, 109, 90.0, 9, , 17, 0, 0, 0, , 0, 0, 0, 0, 0, 
148, 0, 154, -1, -1, 105, 129, 102.0, 11, , 152, 0, 0, 0, , 0, 0, 0, 0, 0, 
149, 0, 155, -1, -1, 103, 136, 105.0, 9, , 34, 0, 0, 0, , 0, 0, 0, 0, 0, 
150, 0, 156, -1, -1, 112, 94, 146.0, 11, , 76, 0, 0, 0, , 0, 0, 0, 0, 0, 
151, 0, 157, -1, -1, 146, 118, 168.0, 9, , 31, 0, 0, 0, , 0, 0, 0, 0, 0, 
152, 0, 158, -1, -1, 157, 116, 176.0, 9, , 74, 0, 0, 0, , 0, 0, 0, 0, 0, 
153, 0, 159, -1, -1, 152, 107, 178.0, 9, , 26, 0, 0, 0, , 0, 0, 0, 0, 0, 
154, 0, 160, -1, -1, 169, 103, 189.0, 9, , 59, 0, 0, 0, , 0, 0, 0, 0, 0, 
155, 0, 161, -1, -1, 182, 115, 193.0, 9, , 14, 0, 0, 0, , 0, 0, 0, 0, 0, 
156, 0, 162, -1, -1, 113, 158, 128.0, 9, , 31, 0, 0, 0, , 0, 0, 0, 0, 0, 
157, 0, 163, -1, -1, 159, 89, 183.0, 11, , 232, 0, 0, 0, , 0, 0, 0, 0, 0, 
158, 0, 164, -1, -1, 118, 161, 120.0, 9, , 47, 0, 0, 0, , 0, 0, 0, 0, 0, 
159, 0, 165, -1, -1, 125, 113, 150.0, 9, , 50, 0, 0, 0, , 0, 0, 0, 0, 0, 
160, 0, 166, -1, -1, 118, 92, 177.0, 11, , 50, 0, 0, 0, , 0, 0, 0, 0, 0, 
161, 0, 168, -1, -1, 169, 88, 139.0, 7, , 23, 0, 0, 0, , 0, 0, 0, 0, 0, 
162, 0, 169, -1, -1, 124, 76, 94.0, 11, , 74, 0, 0, 0, , 0, 0, 0, 0, 0, 
163, 0, 170, -1, -1, 161, 138, 123.0, 9, , 18, 0, 0, 0, , 0, 0, 0, 0, 0, 
164, 0, 171, -1, -1, 199, 63, 103.0, 9, , 27, 0, 0, 0, , 0, 0, 0, 0, 0, 
165, 0, 172, -1, -1, 111, 94, 148.0, 11, , 43, 0, 0, 0, , 0, 0, 0, 0, 0, 
166, 0, 173, -1, -1, 170, 145, 144.0, 9, , 37, 0, 0, 0, , 0, 0, 0, 0, 0, 
167, 0, 174, -1, -1, 133, 125, 149.0, 9, , 20, 0, 0, 0, , 0, 0, 0, 0, 0, 
168, 0, 175, -1, -1, 203, 142, 148.0, 9, , 16, 0, 0, 0, , 0, 0, 0, 0, 0, 
169, 0, 176, -1, -1, 86, 127, 167.0, 9, , 41, 0, 0, 0, , 0, 0, 0, 0, 0, 
170, 0, 177, -1, -1, 86, 126, 169.0, 9, , 79, 0, 0, 0, , 0, 0, 0, 0, 0, 
171, 0, 179, -1, -1, 120, 127, 138.0, 11, , 230, 0, 0, 0, , 0, 0, 0, 0, 0, 
172, 0, 180, -1, -1, 113, 156, 95.0, 9, , 19, 0, 0, 0, , 0, 0, 0, 0, 0, 
173, 0, 181, -1, -1, 48, 107, 127.0, 9, , 29, 0, 0, 0, , 0, 0, 0, 0, 0, 
174, 0, 182, -1, -1, 142, 141, 134.0, 9, , 70, 0, 0, 0, , 0, 0, 0, 0, 0, 
175, 0, 183, -1, -1, 168, 104, 184.0, 11, , 57, 0, 0, 0, , 0, 0, 0, 0, 0, 
176, 0, 184, -1, -1, 94, 160, 123.0, 9, , 55, 0, 0, 0, , 0, 0, 0, 0, 0, 
177, 0, 185, -1, -1, 198, 45, 145.0, 9, , 16, 0, 0, 0, , 0, 0, 0, 0, 0, 
178, 0, 186, -1, -1, 184, 159, 164.0, 9, , 16, 0, 0, 0, , 0, 0, 0, 0, 0, 
179, 0, 187, -1, -1, 139, 106, 166.0, 9, , 49, 0, 0, 0, , 0, 0, 0, 0, 0, 
180, 0, 188, -1, -1, 120, 151, 168.0, 9, , 53, 0, 0, 0, , 0, 0, 0, 0, 0, 
181, 0, 190, -1, -1, 168, 145, 132.0, 9, , 6, 0, 0, 0, , 0, 0, 0, 0, 0, 
182, 0, 191, -1, -1, 107, 82, 136.0, 11, , 62, 0, 0, 0, , 0, 0, 0, 0, 0, 
183, 0, 192, -1, -1, 152, 99, 156.0, 9, , 80, 0, 0, 0, , 0, 0, 0, 0, 0, 
184, 0, 193, -1, -1, 83, 130, 161.0, 9, , 56, 0, 0, 0, , 0, 0, 0, 0, 0, 
185, 0, 194, -1, -1, 177, 83, 187.0, 7, , 17, 0, 0, 0, , 0, 0, 0, 0, 0, 
186, 0, 195, -1, -1, 172, 124, 194.0, 9, , 32, 0, 0, 0, , 0, 0, 0, 0, 0, 
187, 0, 196, -1, -1, 170, 85, 124.0, 9, , 20, 0, 0, 0, , 0, 0, 0, 0, 0, 
188, 0, 197, -1, -1, 147, 135, 140.0, 9, , 84, 0, 0, 0, , 0, 0, 0, 0, 0, 
189, 0, 198, -1, -1, 190, 83, 195.0, 9, , 57, 0, 0, 0, , 0, 0, 0, 0, 0, 
190, 0, 199, -1, -1, 122, 168, 99.0, 9, , 14, 0, 0, 0, , 0, 0, 0, 0, 0, 
191, 0, 200, -1, -1, 324, 72, 129.0, 9, , 32, 0, 0, 0, , 0, 0, 0, 0, 0, 
192, 0, 201, -1, -1, 214, 85, 197.0, 13, , 49, 0, 0, 0, , 0, 0, 0, 0, 0, 
193, 0, 202, -1, -1, 124, 170, 126.0, 7, , 55, 0, 0, 0, , 0, 0, 0, 0, 0, 
194, 0, 203, -1, -1, 173, 73, 113.0, 9, , 48, 0, 0, 0, , 0, 0, 0, 0, 0, 
195, 0, 204, -1, -1, 116, 172, 145.0, 9, , 41, 0, 0, 0, , 0, 0, 0, 0, 0, 
196, 0, 206, -1, -1, 191, 91, 140.0, 9, , 53, 0, 0, 0, , 0, 0, 0, 0, 0, 
197, 0, 207, -1, -1, 192, 130, 141.0, 11, , 97, 0, 0, 0, , 0, 0, 0, 0, 0, 
198, 0, 208, -1, -1, 135, 120, 155.0, 9, , 43, 0, 0, 0, , 0, 0, 0, 0, 0, 
199, 0, 209, -1, -1, 79, 154, 151.0, 9, , 25, 0, 0, 0, , 0, 0, 0, 0, 0, 
200, 0, 210, -1, -1, 101, 130, 129.0, 7, , 22, 0, 0, 0, , 0, 0, 0, 0, 0, 
201, 0, 211, -1, -1, 149, 138, 129.0, 9, , 55, 0, 0, 0, , 0, 0, 0, 0, 0, 
202, 0, 212, -1, -1, 125, 149, 75.0, 13, , 41, 0, 0, 0, , 0, 0, 0, 0, 0, 
203, 0, 213, -1, -1, 126, 129, 177.0, 9, , 92, 0, 0, 0, , 0, 0, 0, 0, 0, 
204, 0, 214, -1, -1, 211, 82, 196.0, 7, , 21, 0, 0, 0, , 0, 0, 0, 0, 0, 
205, 0, 215, -1, -1, 256, 166, 173.0, 9, , 3, 0, 0, 0, , 0, 0, 0, 0, 0, 
206, 0, 216, -1, -1, 168, 148, 156.0, 11, , 56, 0, 0, 0, , 0, 0, 0, 0, 0, 
207, 0, 217, -1, -1, 156, 96, 179.0, 9, , 25, 0, 0, 0, , 0, 0, 0, 0, 0, 
208, 0, 218, -1, -1, 181, 110, 190.0, 9, , 33, 0, 0, 0, , 0, 0, 0, 0, 0, 
209, 0, 219, -1, -1, 139, 89, 90.0, 9, , 17, 0, 0, 0, , 0, 0, 0, 0, 0, 
210, 0, 220, -1, -1, 149, 49, 122.0, 11, , 62, 0, 0, 0, , 0, 0, 0, 0, 0, 
211, 0, 221, -1, -1, 100, 145, 120.0, 9, , 127, 0, 0, 0, , 0, 0, 0, 0, 0, 
212, 0, 222, -1, -1, 116, 158, 130.0, 15, , 330, 0, 0, 0, , 0, 0, 0, 0, 0, 
213, 0, 223, -1, -1, 79, 154, 146.0, 9, , 44, 0, 0, 0, , 0, 0, 0, 0, 0, 
214, 0, 224, -1, -1, 59, 119, 149.0, 9, , 35, 0, 0, 0, , 0, 0, 0, 0, 0, 
215, 0, 225, -1, -1, 250, 45, 185.0, 11, , 39, 0, 0, 0, , 0, 0, 0, 0, 0, 
216, 0, 226, -1, -1, 176, 125, 189.0, 11, , 54, 0, 0, 0, , 0, 0, 0, 0, 0, 
217, 0, 227, -1, -1, 106, 128, 98.0, 9, , 19, 0, 0, 0, , 0, 0, 0, 0, 0, 
218, 0, 228, -1, -1, 143, 112, 130.0, 7, , 14, 0, 0, 0, , 0, 0, 0, 0, 0, 
219, 0, 229, -1, -1, 225, 104, 137.0, 9, , 38, 0, 0, 0, , 0, 0, 0, 0, 0, 
220, 0, 230, -1, -1, 92, 172, 135.0, 9, , 50, 0, 0, 0, , 0, 0, 0, 0, 0, 
221, 0, 231, -1, -1, 174, 131, 143.0, 9, , 20, 0, 0, 0, , 0, 0, 0, 0, 0, 
222, 0, 232, -1, -1, 285, 93, 193.0, 13, , 102, 0, 0, 0, , 0, 0, 0, 0, 0, 
223, 0, 233, -1, -1, 141, 78, 165.0, 9, , 30, 0, 0, 0, , 0, 0, 0, 0, 0, 
224, 0, 234, -1, -1, 191, 83, 191.0, 11, , 127, 0, 0, 0, , 0, 0, 0, 0, 0, 
225, 0, 235, -1, -1, 173, 120, 201.0, 7, , 20, 0, 0, 0, , 0, 0, 0, 0, 0, 
226, 0, 236, -1, -1, 123, 173, 145.0, 7, , 23, 0, 0, 0, , 0, 0, 0, 0, 0, 
227, 0, 237, -1, -1, 170, 146, 101.0, 9, , 11, 0, 0, 0, , 0, 0, 0, 0, 0, 
228, 0, 238, -1, -1, 185, 139, 108.0, 9, , 106, 0, 0, 0, , 0, 0, 0, 0, 0, 
229, 0, 239, -1, -1, 172, 126, 108.0, 9, , 31, 0, 0, 0, , 0, 0, 0, 0, 0, 
230, 0, 240, -1, -1, 119, 169, 120.0, 9, , 18, 0, 0, 0, , 0, 0, 0, 0, 0, 
231, 0, 241, -1, -1, 92, 156, 120.0, 9, , 41, 0, 0, 0, , 0, 0, 0, 0, 0, 
232, 0, 242, -1, -1, 83, 164, 125.0, 9, , 32, 0, 0, 0, , 0, 0, 0, 0, 0, 
233, 0, 246, -1, -1, 141, 75, 169.0, 11, , 148, 0, 0, 0, , 0, 0, 0, 0, 0, 
234, 0, 247, -1, -1, 277, 131, 184.0, 9, , 38, 0, 0, 0, , 0, 0, 0, 0, 0, 
235, 0, 248, -1, -1, 168, 106, 190.0, 11, , 111, 0, 0, 0, , 0, 0, 0, 0, 0, 
236, 0, 249, -1, -1, 275, 76, 198.0, 9, , 21, 0, 0, 0, , 0, 0, 0, 0, 0, 
237, 0, 250, -1, -1, 250, 88, 195.0, 9, , 68, 0, 0, 0, , 0, 0, 0, 0, 0, 
238, 0, 251, -1, -1, 98, 105, 86.0, 13, , 39, 0, 0, 0, , 0, 0, 0, 0, 0, 
239, 0, 252, -1, -1, 172, 73, 116.0, 9, , 45, 0, 0, 0, , 0, 0, 0, 0, 0, 
240, 0, 253, -1, -1, 159, 90, 184.0, 9, , 45, 0, 0, 0, , 0, 0, 0, 0, 0, 
241, 0, 254, -1, -1, 78, 114, 184.0, 11, , 92, 0, 0, 0, , 0, 0, 0, 0, 0, 
242, 0, 255, -1, -1, 183, 107, 82.0, 11, , 63, 0, 0, 0, , 0, 0, 0, 0, 0, 
243, 0, 256, -1, -1, 198, 166, 102.0, 7, , 11, 0, 0, 0, , 0, 0, 0, 0, 0, 
244, 0, 257, -1, -1, 214, 123, 120.0, 9, , 13, 0, 0, 0, , 0, 0, 0, 0, 0, 
245, 0, 258, -1, -1, 112, 177, 121.0, 9, , 27, 0, 0, 0, , 0, 0, 0, 0, 0, 
246, 0, 259, -1, -1, 99, 146, 125.0, 9, , 95, 0, 0, 0, , 0, 0, 0, 0, 0, 
247, 0, 260, -1, -1, 123, 170, 129.0, 7, , 20, 0, 0, 0, , 0, 0, 0, 0, 0, 
248, 0, 262, -1, -1, 121, 91, 185.0, 9, , 55, 0, 0, 0, , 0, 0, 0, 0, 0, 
249, 0, 263, -1, -1, 167, 100, 203.0, 9, , 33, 0, 0, 0, , 0, 0, 0, 0, 0, 
250, 0, 264, -1, -1, 192, 94, 146.0, 13, , 59, 0, 0, 0, , 0, 0, 0, 0, 0, 
251, 0, 265, -1, -1, 170, 93, 162.0, 9, , 30, 0, 0, 0, , 0, 0, 0, 0, 0, 
252, 0, 266, -1, -1, 167, 106, 193.0, 11, , 86, 0, 0, 0, , 0, 0, 0, 0, 0, 
253, 0, 267, -1, -1, 169, 88, 136.0, 7, , 71, 0, 0, 0, , 0, 0, 0, 0, 0, 
254, 0, 268, -1, -1, 171, 89, 131.0, 9, , 11, 0, 0, 0, , 0, 0, 0, 0, 0, 
255, 0, 269, -1, -1, 64, 119, 105.0, 9, , 19, 0, 0, 0, , 0, 0, 0, 0, 0, 
256, 0, 270, -1, -1, 250, 119, 146.0, 9, , 27, 0, 0, 0, , 0, 0, 0, 0, 0, 
257, 0, 271, -1, -1, 166, 136, 157.0, 9, , 21, 0, 0, 0, , 0, 0, 0, 0, 0, 
258, 0, 272, -1, -1, 86, 129, 153.0, 7, , 25, 0, 0, 0, , 0, 0, 0, 0, 0, 
259, 0, 273, -1, -1, 125, 129, 183.0, 11, , 71, 0, 0, 0, , 0, 0, 0, 0, 0, 
260, 0, 274, -1, -1, 136, 85, 194.0, 7, , 22, 0, 0, 0, , 0, 0, 0, 0, 0, 
261, 0, 275, -1, -1, 99, 169, 112.0, 9, , 55, 0, 0, 0, , 0, 0, 0, 0, 0, 
262, 0, 276, -1, -1, 171, 148, 148.0, 11, , 69, 0, 0, 0, , 0, 0, 0, 0, 0, 
263, 0, 278, -1, -1, 195, 162, 167.0, 9, , 19, 0, 0, 0, , 0, 0, 0, 0, 0, 
264, 0, 279, -1, -1, 183, 100, 194.0, 9, , 42, 0, 0, 0, , 0, 0, 0, 0, 0, 
265, 0, 280, -1, -1, 145, 121, 65.0, 7, , 17, 0, 0, 0, , 0, 0, 0, 0, 0, 
266, 0, 281, -1, -1, 114, 155, 91.0, 9, , 31, 0, 0, 0, , 0, 0, 0, 0, 0, 
267, 0, 282, -1, -1, 108, 155, 93.0, 9, , 14, 0, 0, 0, , 0, 0, 0, 0, 0, 
268, 0, 283, -1, -1, 87, 147, 97.0, 9, , 34, 0, 0, 0, , 0, 0, 0, 0, 0, 
269, 0, 284, -1, -1, 95, 67, 111.0, 9, , 41, 0, 0, 0, , 0, 0, 0, 0, 0, 
270, 0, 285, -1, -1, 167, 159, 112.0, 7, , 47, 0, 0, 0, , 0, 0, 0, 0, 0, 
271, 0, 286, -1, -1, 101, 170, 109.0, 9, , 34, 0, 0, 0, , 0, 0, 0, 0, 0, 
272, 0, 287, -1, -1, 169, 56, 114.0, 11, , 12, 0, 0, 0, , 0, 0, 0, 0, 0, 
273, 0, 288, -1, -1, 148, 131, 118.0, 11, , 74, 0, 0, 0, , 0, 0, 0, 0, 0, 
274, 0, 289, -1, -1, 154, 166, 114.0, 9, , 40, 0, 0, 0, , 0, 0, 0, 0, 0, 
275, 0, 290, -1, -1, 209, 115, 116.0, 9, , 38, 0, 0, 0, , 0, 0, 0, 0, 0, 
276, 0, 291, -1, -1, 171, 85, 122.0, 9, , 63, 0, 0, 0, , 0, 0, 0, 0, 0, 
277, 0, 292, -1, -1, 55, 117, 129.0, 9, , 12, 0, 0, 0, , 0, 0, 0, 0, 0, 
278, 0, 293, -1, -1, 199, 171, 136.0, 9, , 48, 0, 0, 0, , 0, 0, 0, 0, 0, 
279, 0, 294, -1, -1, 100, 131, 134.0, 7, , 50, 0, 0, 0, , 0, 0, 0, 0, 0, 
280, 0, 296, -1, -1, 113, 158, 142.0, 9, , 32, 0, 0, 0, , 0, 0, 0, 0, 0, 
281, 0, 297, -1, -1, 97, 160, 144.0, 7, , 35, 0, 0, 0, , 0, 0, 0, 0, 0, 
282, 0, 298, -1, -1, 107, 129, 147.0, 9, , 39, 0, 0, 0, , 0, 0, 0, 0, 0, 
283, 0, 299, -1, -1, 84, 131, 158.0, 9, , 25, 0, 0, 0, , 0, 0, 0, 0, 0, 
284, 0, 300, -1, -1, 84, 128, 164.0, 11, , 84, 0, 0, 0, , 0, 0, 0, 0, 0, 
285, 0, 301, -1, -1, 93, 103, 180.0, 7, , 7, 0, 0, 0, , 0, 0, 0, 0, 0, 
286, 0, 302, -1, -1, 305, 66, 177.0, 13, , 39, 0, 0, 0, , 0, 0, 0, 0, 0, 
287, 0, 303, -1, -1, 110, 128, 193.0, 11, , 115, 0, 0, 0, , 0, 0, 0, 0, 0, 
288, 0, 304, -1, -1, 250, 79, 192.0, 9, , 3, 0, 0, 0, , 0, 0, 0, 0, 0, 
289, 0, 305, -1, -1, 246, 80, 197.0, 9, , 26, 0, 0, 0, , 0, 0, 0, 0, 0, 
290, 0, 306, -1, -1, 135, 87, 203.0, 7, , 6, 0, 0, 0, , 0, 0, 0, 0, 0, 
291, 0, 308, -1, -1, 83, 162, 122.0, 9, , 32, 0, 0, 0, , 0, 0, 0, 0, 0, 
292, 0, 309, -1, -1, 87, 147, 159.0, 7, , 40, 0, 0, 0, , 0, 0, 0, 0, 0, 
293, 0, 311, -1, -1, 312, 64, 163.0, 9, , 26, 0, 0, 0, , 0, 0, 0, 0, 0, 
294, 0, 312, -1, -1, 211, 84, 193.0, 7, , 25, 0, 0, 0, , 0, 0, 0, 0, 0, 
295, 0, 313, -1, -1, 153, 81, 200.0, 9, , 43, 0, 0, 0, , 0, 0, 0, 0, 0, 
296, 0, 314, -1, -1, 134, 129, 199.0, 7, , 20, 0, 0, 0, , 0, 0, 0, 0, 0, 
297, 0, 315, -1, -1, 130, 121, 80.0, 9, , 53, 0, 0, 0, , 0, 0, 0, 0, 0, 
298, 0, 316, -1, -1, 134, 118, 120.0, 9, , 42, 0, 0, 0, , 0, 0, 0, 0, 0, 
299, 0, 317, -1, -1, 155, 45, 120.0, 7, , 35, 0, 0, 0, , 0, 0, 0, 0, 0, 
300, 0, 319, -1, -1, 160, 136, 126.0, 9, , 47, 0, 0, 0, , 0, 0, 0, 0, 0, 
301, 0, 320, -1, -1, 168, 146, 130.0, 11, , 115, 0, 0, 0, , 0, 0, 0, 0, 0, 
302, 0, 321, -1, -1, 128, 171, 134.0, 7, , 13, 0, 0, 0, , 0, 0, 0, 0, 0, 
303, 0, 322, -1, -1, 142, 73, 134.0, 9, , 10, 0, 0, 0, , 0, 0, 0, 0, 0, 
304, 0, 323, -1, -1, 78, 153, 141.0, 9, , 33, 0, 0, 0, , 0, 0, 0, 0, 0, 
305, 0, 324, -1, -1, 268, 120, 143.0, 9, , 22, 0, 0, 0, , 0, 0, 0, 0, 0, 
306, 0, 325, -1, -1, 191, 130, 147.0, 11, , 115, 0, 0, 0, , 0, 0, 0, 0, 0, 
307, 0, 326, -1, -1, 174, 169, 157.0, 9, , 43, 0, 0, 0, , 0, 0, 0, 0, 0, 
308, 0, 327, -1, -1, 268, 178, 158.0, 9, , 32, 0, 0, 0, , 0, 0, 0, 0, 0, 
309, 0, 328, -1, -1, 169, 94, 167.0, 9, , 38, 0, 0, 0, , 0, 0, 0, 0, 0, 
310, 0, 329, -1, -1, 131, 102, 179.0, 9, , 11, 0, 0, 0, , 0, 0, 0, 0, 0, 
311, 0, 330, -1, -1, 168, 79, 177.0, 9, , 41, 0, 0, 0, , 0, 0, 0, 0, 0, 
312, 0, 331, -1, -1, 283, 89, 191.0, 9, , 36, 0, 0, 0, , 0, 0, 0, 0, 0, 
313, 0, 332, -1, -1, 166, 72, 193.0, 11, , 38, 0, 0, 0, , 0, 0, 0, 0, 0, 
314, 0, 333, -1, -1, 114, 109, 196.0, 7, , 12, 0, 0, 0, , 0, 0, 0, 0, 0, 
315, 0, 334, -1, -1, 126, 77, 90.0, 11, , 102, 0, 0, 0, , 0, 0, 0, 0, 0, 
316, 0, 335, -1, -1, 116, 171, 142.0, 9, , 52, 0, 0, 0, , 0, 0, 0, 0, 0, 
317, 0, 336, -1, -1, 151, 99, 154.0, 9, , 81, 0, 0, 0, , 0, 0, 0, 0, 0, 
318, 0, 337, -1, -1, 155, 108, 173.0, 9, , 33, 0, 0, 0, , 0, 0, 0, 0, 0, 
319, 0, -1, -1, -1, 140, 159, 94.0, 11, , 134, 0, 0, 0, , 0, 0, 0, 0, 0, 
320, 0, -1, -1, -1, 191, 93, 143.0, 11, , 104, 0, 0, 0, , 0, 0, 0, 0, 0, 
321, 0, -1, -1, -1, 122, 109, 181.0, 7, , 35, 0, 0, 0, , 0, 0, 0, 0, 0, 
322, 0, -1, -1, -1, 145, 121, 67.0, 7, , 26, 0, 0, 0, , 0, 0, 0, 0, 0, 
323, 0, -1, -1, -1, 172, 87, 71.0, 9, , 38, 0, 0, 0, , 0, 0, 0, 0, 0, 
324, 0, -1, -1, -1, 154, 63, 85.0, 9, , 30, 0, 0, 0, , 0, 0, 0, 0, 0, 
325, 0, -1, -1, -1, 124, 75, 96.0, 9, , 36, 0, 0, 0, , 0, 0, 0, 0, 0, 
326, 0, -1, -1, -1, 129, 171, 97.0, 7, , 41, 0, 0, 0, , 0, 0, 0, 0, 0, 
327, 0, -1, -1, -1, 117, 151, 98.0, 9, , 37, 0, 0, 0, , 0, 0, 0, 0, 0, 
328, 0, -1, -1, -1, 199, 68, 98.0, 9, , 28, 0, 0, 0, , 0, 0, 0, 0, 0, 
329, 0, -1, -1, -1, 160, 53, 100.0, 9, , 28, 0, 0, 0, , 0, 0, 0, 0, 0, 
330, 0, -1, -1, -1, 163, 132, 107.0, 7, , 12, 0, 0, 0, , 0, 0, 0, 0, 0, 
331, 0, -1, -1, -1, 172, 146, 110.0, 9, , 34, 0, 0, 0, , 0, 0, 0, 0, 0, 
332, 0, -1, -1, -1, 88, 171, 130.0, 9, , 9, 0, 0, 0, , 0, 0, 0, 0, 0, 
333, 0, -1, -1, -1, 140, 149, 130.0, 7, , 24, 0, 0, 0, , 0, 0, 0, 0, 0, 
334, 0, -1, -1, -1, 58, 113, 132.0, 9, , 17, 0, 0, 0, , 0, 0, 0, 0, 0, 
335, 0, -1, -1, -1, 62, 89, 133.0, 9, , 20, 0, 0, 0, , 0, 0, 0, 0, 0, 
336, 0, -1, -1, -1, 107, 84, 133.0, 9, , 45, 0, 0, 0, , 0, 0, 0, 0, 0, 
337, 0, -1, -1, -1, 136, 148, 136.0, 9, , 35, 0, 0, 0, , 0, 0, 0, 0, 0, 
338, 0, -1, -1, -1, 286, 103, 136.0, 11, , 79, 0, 0, 0, , 0, 0, 0, 0, 0, 
339, 0, -1, -1, -1, 107, 82, 139.0, 11, , 60, 0, 0, 0, , 0, 0, 0, 0, 0, 
340, 0, -1, -1, -1, 102, 105, 140.0, 11, , 68, 0, 0, 0, , 0, 0, 0, 0, 0, 
341, 0, -1, -1, -1, 101, 104, 143.0, 9, , 23, 0, 0, 0, , 0, 0, 0, 0, 0, 
342, 0, -1, -1, -1, 258, 129, 150.0, 7, , 8, 0, 0, 0, , 0, 0, 0, 0, 0, 
343, 0, -1, -1, -1, 170, 133, 154.0, 9, , 31, 0, 0, 0, , 0, 0, 0, 0, 0, 
344, 0, -1, -1, -1, 147, 73, 184.0, 9, , 18, 0, 0, 0, , 0, 0, 0, 0, 0, 
345, 0, -1, -1, -1, 302, 124, 184.0, 9, , 32, 0, 0, 0, , 0, 0, 0, 0, 0, 
346, 0, -1, -1, -1, 115, 129, 187.0, 11, , 11, 0, 0, 0, , 0, 0, 0, 0, 0, 
347, 0, -1, -1, -1, 276, 75, 194.0, 9, , 37, 0, 0, 0, , 0, 0, 0, 0, 0, 
348, 0, -1, -1, -1, 280, 69, 197.0, 9, , 17, 0, 0, 0, , 0, 0, 0, 0, 0, 
349, 0, -1, -1, -1, 145, 121, 70.0, 9, , 13, 0, 0, 0, , 0, 0, 0, 0, 0, 
350, 0, -1, -1, -1, 128, 147, 77.0, 9, , 22, 0, 0, 0, , 0, 0, 0, 0, 0, 
351, 0, -1, -1, -1, 83, 164, 127.0, 7, , 12, 0, 0, 0, , 0, 0, 0, 0, 0, 
352, 0, -1, -1, -1, 238, 93, 147.0, 9, , 38, 0, 0, 0, , 0, 0, 0, 0, 0, 
353, 0, -1, -1, -1, 121, 92, 188.0, 9, , 24, 0, 0, 0, , 0, 0, 0, 0, 0, 
354, 1, 338, 322, -1, 286, 91, 188.75, 17, ABprappaap, 0, 0, 0, 0, , 0, 0, 0, 0, 0, 
355, 1, 339, 323, -1, 98, 122, 65.0, 15, ABplaaappa, 0, 0, 0, 0, , 0, 0, 0, 0, 0, 
356, 1, 340, 324, -1, 118, 86, 69.0, 16, ABplaaappp, 0, 0, 0, 0, , 0, 0, 0, 0, 0, 
357, 1, 341, 325, -1, 201, 60, 90.0, 17, ABarppapaa, 0, 0, 0, 0, , 0, 0, 0, 0, 0, 
358, 1, 342, 326, -1, 228, 53, 97.0, 18, ABarppapap, 0, 0, 0, 0, , 0, 0, 0, 0, 0, 
359, 1, 343, 327, -1, 234, 68, 202.0, 15, ABarppppap, 0, 0, 0, 0, , 0, 0, 0, 0, 0, 
360, 1, 344, 328, -1, 274, 64, 104.0, 15, ABplappapa, 0, 0, 0, 0, , 0, 0, 0, 0, 0, 
361, 1, 345, 329, -1, 275, 71, 196.0, 13, ABprappapa, 0, 0, 0, 0, , 0, 0, 0, 0, 0, 
362, 1, 346, 330, -1, 316, 98, 98.0, 17, ABarppappa, 0, 0, 0, 0, , 0, 0, 0, 0, 0, 
363, 1, 347, 331, -1, 309, 92, 186.0, 14, ABarpppppa, 0, 0, 0, 0, , 0, 0, 0, 0, 0, 
364, 1, 348, 332, -1, 292, 138, 87.0, 14, ABplapapaa, 0, 0, 0, 0, , 0, 0, 0, 0, 0, 
365, 1, 349, 333, -1, 295, 145, 184.0, 13, ABprapapaa, 0, 0, 0, 0, , 0, 0, 0, 0, 0, 
366, 1, 350, 334, -1, 257, 150, 185.0, 15, ABarpppppp, 0, 0, 0, 0, , 0, 0, 0, 0, 0, 
367, 1, 351, 335, -1, 210, 176, 120.0, 15, ABplappppp, 0, 0, 0, 0, , 0, 0, 0, 0, 0, 
368, 0, 352, -1, -1, 221, 166, 165.0, 10, , 0, 0, 0, 0, , 0, 0, 0, 0, 0, 
369, 0, 353, -1, -1, 219, 165, 174.0, 10, , 0, 0, 0, 0, , 0, 0, 0, 0, 0, 
370, 1, 354, 338, -1, 87, 133, 188.0, 13, ABarpapppa, 0, 0, 0, 0, , 0, 0, 0, 0, 0, 
371, 1, 355, 339, -1, 121, 95, 201.0, 14, ABarpapppp, 0, 0, 0, 0, , 0, 0, 0, 0, 0, 
372, 1, 356, 340, -1, 254, 144, 87.0, 15, ABarppappp, 0, 0, 0, 0, , 0, 0, 0, 0, 0, 
373, 1, 357, 341, -1, 153, 81, 205.0, 16, ABarpppaap, 0, 0, 0, 0, , 0, 0, 0, 0, 0, 
374, 0, 358, -1, -1, 164, 75, 93.0, 14, , 0, 0, 0, 0, , 0, 0, 0, 0, 0, 
375, 0, 359, -1, -1, 194, 75, 201.0, 14, , 0, 0, 0, 0, , 0, 0, 0, 0, 0, 
376, 0, 360, -1, -1, 213, 164, 177.0, 10, , 0, 0, 0, 0, , 0, 0, 0, 0, 0, 
377, 0, 361, -1, -1, 217, 166, 174.0, 10, , 0, 0, 0, 0, , 0, 0, 0, 0, 0, 
378, 0, 362, -1, -1, 218, 165, 174.0, 10, , 0, 0, 0, 0, , 0, 0, 0, 0, 0, 
379, 0, 363, -1, -1, 69, 131, 88.0, 13, , 0, 0, 0, 0, , 0, 0, 0, 0, 0, 
380, 0, 364, -1, -1, 109, 70, 86.666664, 12, , 0, 0, 0, 0, , 0, 0, 0, 0, 0, 
381, 0, 365, -1, -1, 102, 131, 105.0, 12, , 0, 0, 0, 0, , 0, 0, 0, 0, 0, 
382, 0, 366, -1, -1, 80, 111, 101.0, 14, , 0, 0, 0, 0, , 0, 0, 0, 0, 0, 
383, 0, 367, -1, -1, 70, 132, 86.0, 13, , 0, 0, 0, 0, , 0, 0, 0, 0, 0, 
384, 1, 368, 352, -1, 253, 56, 159.5, 15, Earpa, 0, 0, 0, 0, , 0, 0, 0, 0, 0, 
385, 1, 369, 353, -1, 231, 46, 135.5, 15, Ealaad, 0, 0, 0, 0, , 0, 0, 0, 0, 0, 
386, 1, 370, 354, -1, 235, 70, 121.0, 15, Ealaav, 0, 0, 0, 0, , 0, 0, 0, 0, 0, 
387, 1, 371, 355, -1, 273, 80, 155.0, 16, Ealap, 0, 0, 0, 0, , 0, 0, 0, 0, 0, 
388, 1, 372, 356, -1, 245, 75, 148.0, 15, Ealpa, 0, 0, 0, 0, , 0, 0, 0, 0, 0, 
389, 1, 373, 357, -1, 324, 106, 128.0, 15, Ealpp, 0, 0, 0, 0, , 0, 0, 0, 0, 0, 
390, 1, 374, 358, -1, 235, 47, 175.0, 15, Earaad, 0, 0, 0, 0, , 0, 0, 0, 0, 0, 
391, 1, 375, 359, -1, 225, 80, 166.0, 15, Earaav, 0, 0, 0, 0, , 0, 0, 0, 0, 0, 
392, 1, 376, 360, -1, 269, 60, 145.0, 15, Earap, 0, 0, 0, 0, , 0, 0, 0, 0, 0, 
393, 1, 377, 361, -1, 321, 88, 149.66667, 15, Earpp, 0, 0, 0, 0, , 0, 0, 0, 0, 0, 
394, 1, 378, 362, -1, 299, 82, 133.0, 14, Eplaa, 0, 0, 0, 0, , 0, 0, 0, 0, 0, 
395, 1, 379, 363, -1, 315, 139, 129.0, 15, Eplap, 0, 0, 0, 0, , 0, 0, 0, 0, 0, 
396, 1, 380, 364, -1, 291, 154, 127.333336, 17, Eplpa, 0, 0, 0, 0, , 0, 0, 0, 0, 0, 
397, 1, 381, 365, -1, 251, 164, 122.333336, 15, Eplppa, 0, 0, 0, 0, , 0, 0, 0, 0, 0, 
398, 1, 382, 366, -1, 266, 155, 124.0, 15, Eplppp, 0, 0, 0, 0, , 0, 0, 0, 0, 0, 
399, 1, 383, 367, -1, 298, 71, 149.5, 15, Epraa, 0, 0, 0, 0, , 0, 0, 0, 0, 0, 
400, 1, 384, 368, -1, 322, 122, 144.0, 16, Eprap, 0, 0, 0, 0, , 0, 0, 0, 0, 0, 
401, 1, 385, 369, -1, 299, 144, 145.0, 14, Eprpa, 0, 0, 0, 0, , 0, 0, 0, 0, 0, 
402, 1, 386, 370, -1, 254, 157, 146.33333, 13, Eprppa, 0, 0, 0, 0, , 0, 0, 0, 0, 0, 
403, 1, 387, 371, -1, 276, 152, 142.0, 17, Eprppp, 0, 0, 0, 0, , 0, 0, 0, 0, 0, 
404, 1, 388, 372, -1, 106, 86, 113.0, 11, MSaaaaaal, 0, 0, 0, 0, , 0, 0, 0, 0, 0, 
405, 1, 389, 373, -1, 102, 91, 159.66667, 11, MSaaaaaar, 0, 0, 0, 0, , 0, 0, 0, 0, 0, 
406, 0, 390, -1, -1, 131, 58, 128.0, 14, , 0, 0, 0, 0, , 0, 0, 0, 0, 0, 
407, 1, 391, 375, -1, 122, 62, 146.0, 13, MSaaaaapaa, 0, 0, 0, 0, , 0, 0, 0, 0, 0, 
408, 1, 392, 376, -1, 164, 41, 146.0, 11, MSaaaapaa, 0, 0, 0, 0, , 0, 0, 0, 0, 0, 
409, 1, 393, 377, -1, 155, 47, 134.0, 12, MSaaaapap, 0, 0, 0, 0, , 0, 0, 0, 0, 0, 
410, 0, 394, -1, -1, 143, 68, 113.0, 11, , 0, 0, 0, 0, , 0, 0, 0, 0, 0, 
411, 1, 395, 379, -1, 189, 45, 127.0, 9, MSaaapapa, 0, 0, 0, 0, , 0, 0, 0, 0, 0, 
412, 1, 396, 380, -1, 209, 75, 146.0, 11, MSaaapapp, 0, 0, 0, 0, , 0, 0, 0, 0, 0, 
413, 0, 397, -1, -1, 234, 61, 131.0, 11, , 0, 0, 0, 0, , 0, 0, 0, 0, 0, 
414, 1, 398, 382, -1, 219, 42, 158.0, 11, MSaaappp, 0, 0, 0, 0, , 0, 0, 0, 0, 0, 
415, 1, 399, 383, -1, 184, 93, 121.0, 10, MSaapaaap, 0, 0, 0, 0, , 0, 0, 0, 0, 0, 
416, 1, 400, 384, -1, 161, 92, 128.0, 11, MSaapaaaa, 0, 0, 0, 0, , 0, 0, 0, 0, 0, 
417, 1, 401, 385, -1, 196, 69, 115.0, 10, MSaapaapp, 0, 0, 0, 0, , 0, 0, 0, 0, 0, 
418, 0, 402, -1, -1, 220, 71, 132.0, 10, , 0, 0, 0, 0, , 0, 0, 0, 0, 0, 
419, 1, 403, 387, -1, 119, 95, 100.0, 14, MSapaaaad, 0, 0, 0, 0, , 0, 0, 0, 0, 0, 
420, 1, 404, 388, -1, 139, 122, 102.0, 12, MSapaaaav, 0, 0, 0, 0, , 0, 0, 0, 0, 0, 
421, 1, 405, 389, -1, 278, 134, 154.0, 15, MSapaapp, 0, 0, 0, 0, , 0, 0, 0, 0, 0, 
422, 1, 406, 390, -1, 136, 104, 95.0, 16, MSapapap, 0, 0, 0, 0, , 0, 0, 0, 0, 0, 
423, 1, 407, 391, -1, 119, 57, 106.5, 16, MSapappa, 0, 0, 0, 0, , 0, 0, 0, 0, 0, 
424, 0, 408, -1, -1, 79, 75, 112.0, 14, , 0, 0, 0, 0, , 0, 0, 0, 0, 0, 
425, 0, 409, -1, -1, 157, 43, 109.0, 14, , 0, 0, 0, 0, , 0, 0, 0, 0, 0, 
426, 1, 410, 394, -1, 107, 53, 118.0, 14, MSappppa, 0, 0, 0, 0, , 0, 0, 0, 0, 0, 
427, 1, 411, 395, -1, 126, 43, 127.5, 14, MSappppp, 0, 0, 0, 0, , 0, 0, 0, 0, 0, 
428, 1, 412, 396, -1, 138, 52, 144.5, 15, MSpaaaaaa, 0, 0, 0, 0, , 0, 0, 0, 0, 0, 
429, 0, 413, -1, -1, 149, 47, 154.5, 15, , 0, 0, 0, 0, , 0, 0, 0, 0, 0, 
430, 1, 414, 398, -1, 116, 79, 157.0, 15, MSpaaaapa, 0, 0, 0, 0, , 0, 0, 0, 0, 0, 
431, 1, 415, 399, -1, 132, 67, 159.0, 15, MSpaaaapp, 0, 0, 0, 0, , 0, 0, 0, 0, 0, 
432, 1, 416, 400, -1, 176, 43, 136.5, 13, MSpaaapaa, 0, 0, 0, 0, , 0, 0, 0, 0, 0, 
433, 1, 417, 401, -1, 196, 45, 142.0, 13, MSpaaapap, 0, 0, 0, 0, , 0, 0, 0, 0, 0, 
434, 0, 418, -1, -1, 153, 55, 158.0, 14, , 0, 0, 0, 0, , 0, 0, 0, 0, 0, 
435, 1, 419, 403, -1, 149, 48, 154.5, 15, MSpaaappa, 0, 0, 0, 0, , 0, 0, 0, 0, 0, 
436, 1, 420, 404, -1, 174, 38, 151.0, 15, MSpaaappp, 0, 0, 0, 0, , 0, 0, 0, 0, 0, 
437, 1, 421, 405, -1, 154, 59, 167.0, 15, ABaraappapp, 0, 0, 0, 0, , 0, 0, 0, 0, 0, 
438, 1, 422, 406, -1, 184, 53, 168.0, 15, MSpaapapa, 0, 0, 0, 0, , 0, 0, 0, 0, 0, 
439, 1, 423, 407, -1, 230, 53, 193.5, 15, Caaaaa, 0, 0, 0, 0, , 0, 0, 0, 0, 0, 
440, 1, 424, 408, -1, 292, 67, 185.33333, 15, Caaaap, 0, 0, 0, 0, , 0, 0, 0, 0, 0, 
441, 1, 425, 409, -1, 327, 103, 175.0, 17, Caaapa, 0, 0, 0, 0, , 0, 0, 0, 0, 0, 
442, 1, 426, 410, -1, 312, 148, 170.5, 17, Caaapp, 0, 0, 0, 0, , 0, 0, 0, 0, 0, 
443, 1, 427, 411, -1, 179, 171, 171.66667, 13, Caapaa, 0, 0, 0, 0, , 0, 0, 0, 0, 0, 
444, 1, 428, 412, -1, 236, 174, 170.0, 16, Caappd, 0, 0, 0, 0, , 0, 0, 0, 0, 0, 
445, 1, 429, 413, -1, 198, 179, 152.0, 15, Caappv, 0, 0, 0, 0, , 0, 0, 0, 0, 0, 
446, 1, 430, 414, -1, 226, 86, 104.666664, 16, Capaaaa, 0, 0, 0, 0, , 0, 0, 0, 0, 0, 
447, 1, 431, 415, -1, 257, 82, 105.0, 17, Capaaap, 0, 0, 0, 0, , 0, 0, 0, 0, 0, 
448, 1, 432, 416, -1, 288, 95, 109.5, 15, Capaapa, 0, 0, 0, 0, , 0, 0, 0, 0, 0, 
449, 1, 433, 417, -1, 267, 145, 103.0, 15, Capaapp, 0, 0, 0, 0, , 0, 0, 0, 0, 0, 
450, 1, 434, 418, -1, 314, 69, 120.0, 15, Capapaa, 0, 0, 0, 0, , 0, 0, 0, 0, 0, 
451, 1, 435, 419, -1, 333, 127, 108.0, 15, Capapap, 0, 0, 0, 0, , 0, 0, 0, 0, 0, 
452, 1, 436, 420, -1, 252, 130, 105.5, 15, Capappa, 0, 0, 0, 0, , 0, 0, 0, 0, 0, 
453, 0, 437, -1, -1, 209, 148, 133.0, 14, , 0, 0, 0, 0, , 0, 0, 0, 0, 0, 
454, 1, 438, 422, -1, 274, 49, 124.666664, 17, Cappaaa, 0, 0, 0, 0, , 0, 0, 0, 0, 0, 
455, 1, 439, 423, -1, 332, 81, 127.0, 17, Cappaap, 0, 0, 0, 0, , 0, 0, 0, 0, 0, 
456, 1, 440, 424, -1, 289, 163, 104.0, 14, Cappapa, 0, 0, 0, 0, , 0, 0, 0, 0, 0, 
457, 1, 441, 425, -1, 247, 174, 109.0, 14, Cappapp, 0, 0, 0, 0, , 0, 0, 0, 0, 0, 
458, 1, 442, 426, -1, 313, 155, 114.0, 16, Capppaa, 0, 0, 0, 0, , 0, 0, 0, 0, 0, 
459, 1, 443, 427, -1, 281, 175, 117.0, 15, Capppap, 0, 0, 0, 0, , 0, 0, 0, 0, 0, 
460, 0, 444, -1, -1, 185, 171, 151.0, 14, , 0, 0, 0, 0, , 0, 0, 0, 0, 0, 
461, 0, 445, -1, -1, 177, 166, 147.0, 15, , 0, 0, 0, 0, , 0, 0, 0, 0, 0, 
462, 1, 446, 430, -1, 211, 40, 103.0, 17, Cpaaaa, 0, 0, 0, 0, , 0, 0, 0, 0, 0, 
463, 1, 447, 431, -1, 256, 44, 112.0, 19, Cpaaap, 0, 0, 0, 0, , 0, 0, 0, 0, 0, 
464, 1, 448, 432, -1, 311, 78, 104.0, 17, Cpaapa, 0, 0, 0, 0, , 0, 0, 0, 0, 0, 
465, 1, 449, 433, -1, 320, 123, 99.5, 17, Cpaapp, 0, 0, 0, 0, , 0, 0, 0, 0, 0, 
466, 1, 450, 434, -1, 271, 165, 174.0, 15, Cpapaa, 0, 0, 0, 0, , 0, 0, 0, 0, 0, 
467, 1, 451, 435, -1, 284, 155, 92.0, 15, Cpapap, 0, 0, 0, 0, , 0, 0, 0, 0, 0, 
468, 1, 452, 436, -1, 242, 176, 100.75, 15, Cpappd, 0, 0, 0, 0, , 0, 0, 0, 0, 0, 
469, 1, 453, 437, -1, 183, 180, 126.0, 15, Cpappv, 0, 0, 0, 0, , 0, 0, 0, 0, 0, 
470, 1, 454, 438, -1, 219, 98, 178.5, 14, Cppaaaa, 0, 0, 0, 0, , 0, 0, 0, 0, 0, 
471, 1, 455, 439, -1, 253, 92, 182.0, 13, Cppaaap, 0, 0, 0, 0, , 0, 0, 0, 0, 0, 
472, 1, 456, 440, -1, 283, 97, 176.0, 13, Cppaapa, 0, 0, 0, 0, , 0, 0, 0, 0, 0, 
473, 1, 457, 441, -1, 286, 133, 175.0, 13, Cppaapp, 0, 0, 0, 0, , 0, 0, 0, 0, 0, 
474, 1, 458, 442, -1, 308, 68, 177.0, 13, Cppapaa, 0, 0, 0, 0, , 0, 0, 0, 0, 0, 
475, 1, 459, 443, -1, 339, 116, 160.0, 15, Cppapap, 0, 0, 0, 0, , 0, 0, 0, 0, 0, 
476, 1, 460, 444, -1, 251, 135, 177.0, 13, Cppappa, 0, 0, 0, 0, , 0, 0, 0, 0, 0, 
477, 1, 461, 445, -1, 237, 130, 170.0, 13, Cppappp, 0, 0, 0, 0, , 0, 0, 0, 0, 0, 
478, 1, 462, 446, -1, 253, 46, 182.5, 15, Cpppaaa, 0, 0, 0, 0, , 0, 0, 0, 0, 0, 
479, 1, 463, 447, -1, 310, 62, 166.0, 15, Cpppaap, 0, 0, 0, 0, , 0, 0, 0, 0, 0, 
480, 1, 464, 448, -1, 304, 163, 161.0, 14, Cpppapa, 0, 0, 0, 0, , 0, 0, 0, 0, 0, 
481, 1, 465, 449, -1, 265, 177, 163.0, 13, Cpppapp, 0, 0, 0, 0, , 0, 0, 0, 0, 0, 
482, 1, 466, 450, -1, 332, 146, 146.0, 15, Cppppaa, 0, 0, 0, 0, , 0, 0, 0, 0, 0, 
483, 1, 467, 451, -1, 299, 171, 142.0, 15, Cppppap, 0, 0, 0, 0, , 0, 0, 0, 0, 0, 
484, 1, 468, 452, -1, 242, 181, 145.0, 14, Cpppppd, 0, 0, 0, 0, , 0, 0, 0, 0, 0, 
485, 1, 469, 453, -1, 193, 160, 169.0, 14, Cpppppv, 0, 0, 0, 0, , 0, 0, 0, 0, 0, 
486, 1, 470, 454, -1, 183, 109, 88.0, 14, Daaaa, 0, 0, 0, 0, , 0, 0, 0, 0, 0, 
487, 1, 471, 455, -1, 173, 36, 122.0, 15, Daaap, 0, 0, 0, 0, , 0, 0, 0, 0, 0, 
488, 1, 472, 456, -1, 154, 138, 89.666664, 14, Daapa, 0, 0, 0, 0, , 0, 0, 0, 0, 0, 
489, 1, 473, 457, -1, 176, 130, 94.0, 14, Daapp, 0, 0, 0, 0, , 0, 0, 0, 0, 0, 
490, 1, 474, 458, -1, 205, 95, 102.0, 16, Dapaa, 0, 0, 0, 0, , 0, 0, 0, 0, 0, 
491, 1, 475, 459, -1, 219, 34, 123.0, 16, Dapap, 0, 0, 0, 0, , 0, 0, 0, 0, 0, 
492, 1, 476, 460, -1, 150, 32, 134.0, 12, Dappaa, 0, 0, 0, 0, , 0, 0, 0, 0, 0, 
493, 1, 477, 461, -1, 198, 31, 133.0, 14, Dappap, 0, 0, 0, 0, , 0, 0, 0, 0, 0, 
494, 1, 478, 462, -1, 237, 35, 134.0, 12, Dapppa, 0, 0, 0, 0, , 0, 0, 0, 0, 0, 
495, 1, 479, 463, -1, 277, 44, 140.66667, 14, Dapppp, 0, 0, 0, 0, , 0, 0, 0, 0, 0, 
496, 0, 480, -1, -1, 182, 111, 173.0, 15, , 0, 0, 0, 0, , 0, 0, 0, 0, 0, 
497, 1, 481, 465, -1, 161, 50, 183.0, 14, Dpaap, 0, 0, 0, 0, , 0, 0, 0, 0, 0, 
498, 1, 482, 466, -1, 153, 129, 189.0, 12, Dpapa, 0, 0, 0, 0, , 0, 0, 0, 0, 0, 
499, 1, 483, 467, -1, 170, 136, 173.0, 12, Dpapp, 0, 0, 0, 0, , 0, 0, 0, 0, 0, 
500, 1, 484, 468, -1, 196, 99, 180.0, 14, Dppaa, 0, 0, 0, 0, , 0, 0, 0, 0, 0, 
501, 1, 485, 469, -1, 201, 44, 182.0, 14, Dppap, 0, 0, 0, 0, , 0, 0, 0, 0, 0, 
502, 1, 486, 470, -1, 140, 44, 171.0, 14, Dpppaa, 0, 0, 0, 0, , 0, 0, 0, 0, 0, 
503, 1, 487, 471, -1, 184, 39, 171.0, 14, Dpppap, 0, 0, 0, 0, , 0, 0, 0, 0, 0, 
504, 1, 488, 472, -1, 218, 36, 171.66667, 15, Dppppa, 0, 0, 0, 0, , 0, 0, 0, 0, 0, 
505, 1, 489, 473, -1, 259, 41, 171.66667, 15, Dppppp, 0, 0, 0, 0, , 0, 0, 0, 0, 0, 
506, 1, 490, 474, -1, 296, 119, 167.0, 18, Z2, 0, 0, 0, 0, , 0, 0, 0, 0, 0, 
507, 1, 491, 475, -1, 287, 125, 116.0, 20, Z3, 0, 0, 0, 0, , 0, 0, 0, 0, 0, 
508, 1, 492, 476, -1, 134, 59, 123.5, 14, MSaaaaapp, 0, 0, 0, 0, , 0, 0, 0, 0, 0, 
509, 1, 493, 477, -1, 133, 59, 128.0, 13, MSaaaaapap, 0, 0, 0, 0, , 0, 0, 0, 0, 0, 
510, 1, 494, 478, -1, 187, 51, 147.0, 12, MSaaaappp, 0, 0, 0, 0, , 0, 0, 0, 0, 0, 
511, 0, 495, -1, -1, 112, 88, 125.0, 14, , 0, 0, 0, 0, , 0, 0, 0, 0, 0, 
512, 1, 496, 480, -1, 145, 71, 109.0, 11, MSaaapaap, 0, 0, 0, 0, , 0, 0, 0, 0, 0, 
513, 1, 497, 481, -1, 203, 84, 123.5, 12, MSaapapaa, 0, 0, 0, 0, , 0, 0, 0, 0, 0, 
514, 1, 498, 482, -1, 202, 86, 157.0, 10, MSpapapaa, 0, 0, 0, 0, , 0, 0, 0, 0, 0, 
515, 1, 499, 483, -1, 118, 48, 157.0, 14, MSpppppp, 0, 0, 0, 0, , 0, 0, 0, 0, 0, 
516, 0, 500, -1, -1, 200, 172, 135.5, 14, , 0, 0, 0, 0, , 0, 0, 0, 0, 0, 
517, 1, 501, 485, -1, 305, 120, 187.0, 13, ABprappapp, 0, 0, 0, 0, , 0, 0, 0, 0, 0, 
518, 1, 502, 486, -1, 248, 84, 194.5, 13, ABprappaaa, 0, 0, 0, 0, , 0, 0, 0, 0, 0, 
519, 1, 503, 487, -1, 125, 129, 180.0, 12, ABprpaaaaaa, 0, 0, 0, 0, , 0, 0, 0, 0, 0, 
520, 1, 504, 488, -1, 181, 63, 112.0, 12, MSaapappa, 0, 0, 0, 0, , 0, 0, 0, 0, 0, 
521, 1, 505, 489, -1, 184, 81, 111.5, 12, MSaapaapaa, 0, 0, 0, 0, , 0, 0, 0, 0, 0, 
522, 1, 506, 490, -1, 197, 73, 107.0, 12, MSaapaapap, 0, 0, 0, 0, , 0, 0, 0, 0, 0, 
523, 1, 507, 491, -1, 221, 68, 126.5, 15, MSaappap, 0, 0, 0, 0, , 0, 0, 0, 0, 0, 
524, 0, 508, -1, -1, 217, 75, 136.5, 10, , 0, 0, 0, 0, , 0, 0, 0, 0, 0, 
525, 0, 509, -1, -1, 202, 107, 125.0, 14, , 0, 0, 0, 0, , 0, 0, 0, 0, 0, 
526, 0, 510, -1, -1, 202, 106, 144.0, 12, , 0, 0, 0, 0, , 0, 0, 0, 0, 0, 
527, 0, 511, -1, -1, 228, 91, 130.5, 13, , 0, 0, 0, 0, , 0, 0, 0, 0, 0, 
528, 1, 512, 496, -1, 254, 88, 119.0, 15, MSaappppp, 0, 0, 0, 0, , 0, 0, 0, 0, 0, 
529, 1, 513, 497, -1, 212, 70, 109.5, 12, MSapapaaa, 0, 0, 0, 0, , 0, 0, 0, 0, 0, 
530, 1, 514, 498, -1, 235, 71, 105.0, 12, MSapapaap, 0, 0, 0, 0, , 0, 0, 0, 0, 0, 
531, 1, 515, 499, -1, 121, 48, 140.0, 16, MSappaaa, 0, 0, 0, 0, , 0, 0, 0, 0, 0, 
532, 0, 516, -1, -1, 297, 116, 95.0, 16, , 0, 0, 0, 0, , 0, 0, 0, 0, 0, 
533, 0, 517, -1, -1, 155, 123, 105.5, 15, , 0, 0, 0, 0, , 0, 0, 0, 0, 0, 
534, 1, 518, 502, -1, 165, 120, 92.0, 14, MSapppaa, 0, 0, 0, 0, , 0, 0, 0, 0, 0, 
535, 1, 519, 503, -1, 161, 99, 149.0, 14, MSpapaaaa, 0, 0, 0, 0, , 0, 0, 0, 0, 0, 
536, 1, 520, 504, -1, 186, 97, 158.0, 14, MSpapaaap, 0, 0, 0, 0, , 0, 0, 0, 0, 0, 
537, 1, 521, 505, -1, 187, 87, 166.0, 12, MSpapaapaa, 0, 0, 0, 0, , 0, 0, 0, 0, 0, 
538, 1, 522, 506, -1, 198, 86, 174.5, 14, MSpapaapap, 0, 0, 0, 0, , 0, 0, 0, 0, 0, 
539, 1, 523, 507, -1, 195, 71, 168.0, 14, MSpapaapp, 0, 0, 0, 0, , 0, 0, 0, 0, 0, 
540, 1, 524, 508, -1, 178, 71, 176.0, 14, MSpapappa, 0, 0, 0, 0, , 0, 0, 0, 0, 0, 
541, 0, 525, -1, -1, 192, 130, 143.5, 15, , 0, 0, 0, 0, , 0, 0, 0, 0, 0, 
542, 1, 526, 510, -1, 282, 99, 123.0, 14, MSpappaa, 0, 0, 0, 0, , 0, 0, 0, 0, 0, 
543, 1, 527, 511, -1, 281, 100, 161.0, 14, MSpappap, 0, 0, 0, 0, , 0, 0, 0, 0, 0, 
544, 1, 528, 512, -1, 194, 124, 173.0, 12, MSpapppaa, 0, 0, 0, 0, , 0, 0, 0, 0, 0, 
545, 1, 529, 513, -1, 203, 103, 162.5, 14, MSpapppap, 0, 0, 0, 0, , 0, 0, 0, 0, 0, 
546, 1, 530, 514, -1, 226, 97, 166.0, 13, MSpappppa, 0, 0, 0, 0, , 0, 0, 0, 0, 0, 
547, 1, 531, 515, -1, 258, 93, 174.5, 13, MSpappppp, 0, 0, 0, 0, , 0, 0, 0, 0, 0, 
548, 1, 532, 516, -1, 76, 93, 173.0, 13, MSppaaap, 0, 0, 0, 0, , 0, 0, 0, 0, 0, 
549, 1, 533, 517, -1, 117, 107, 167.5, 12, MSppaaaad, 0, 0, 0, 0, , 0, 0, 0, 0, 0, 
550, 1, 534, 518, -1, 138, 135, 157.5, 12, MSppaaaav, 0, 0, 0, 0, , 0, 0, 0, 0, 0, 
551, 1, 535, 519, -1, 262, 141, 144.0, 15, MSppaapp, 0, 0, 0, 0, , 0, 0, 0, 0, 0, 
552, 1, 536, 520, -1, 199, 76, 182.0, 14, MSppapaaa, 0, 0, 0, 0, , 0, 0, 0, 0, 0, 
553, 1, 537, 521, -1, 221, 84, 182.0, 12, MSppapaap, 0, 0, 0, 0, , 0, 0, 0, 0, 0, 
554, 0, 538, -1, -1, 126, 129, 178.0, 14, , 0, 0, 0, 0, , 0, 0, 0, 0, 0, 
555, 1, 539, 522, -1, 130, 150, 174.0, 14, MSppapap, 0, 0, 0, 0, , 0, 0, 0, 0, 0, 
556, 1, 540, 523, -1, 113, 71, 175.0, 15, MSppappa, 0, 0, 0, 0, , 0, 0, 0, 0, 0, 
557, 1, 541, 524, -1, 78, 79, 157.5, 15, MSppappp, 0, 0, 0, 0, , 0, 0, 0, 0, 0, 
558, 1, 542, 525, -1, 108, 64, 151.0, 14, MSpppaaa, 0, 0, 0, 0, , 0, 0, 0, 0, 0, 
559, 1, 543, 526, -1, 313, 121, 172.0, 15, MSpppaap, 0, 0, 0, 0, , 0, 0, 0, 0, 0, 
560, 0, 544, -1, -1, 144, 137, 172.0, 15, , 0, 0, 0, 0, , 0, 0, 0, 0, 0, 
561, 0, 545, -1, -1, 155, 111, 176.0, 14, , 0, 0, 0, 0, , 0, 0, 0, 0, 0, 
562, 1, 546, 529, -1, 129, 57, 176.0, 16, MSppppap, 0, 0, 0, 0, , 0, 0, 0, 0, 0, 
563, 1, 547, 530, -1, 95, 61, 158.0, 15, MSpppppa, 0, 0, 0, 0, , 0, 0, 0, 0, 0, 
564, 0, 548, -1, -1, 70, 131, 86.5, 13, , 0, 0, 0, 0, , 0, 0, 0, 0, 0, 
565, 0, 549, -1, -1, 70, 131, 87.0, 13, , 0, 0, 0, 0, , 0, 0, 0, 0, 0, 
566, 0, 550, -1, -1, 77, 131, 108.0, 14, , 0, 0, 0, 0, , 0, 0, 0, 0, 0, 
567, 1, 551, 534, -1, 88, 113, 154.0, 12, ABalaaaarrp, 0, 0, 0, 0, , 0, 0, 0, 0, 0, 
568, 1, 552, 535, -1, 97, 135, 85.0, 12, ABalaaapall, 0, 0, 0, 0, , 0, 0, 0, 0, 0, 
569, 1, 553, 536, -1, 108, 69, 86.0, 14, ABalaaapalr, 0, 0, 0, 0, , 0, 0, 0, 0, 0, 
570, 1, 554, 537, -1, 49, 109, 119.0, 12, ABalaaaparr, 0, 0, 0, 0, , 0, 0, 0, 0, 0, 
571, 0, 555, -1, -1, 65, 128, 145.5, 12, , 0, 0, 0, 0, , 0, 0, 0, 0, 0, 
572, 1, 556, 539, -1, 72, 119, 156.5, 12, ABalaaappll, 0, 0, 0, 0, , 0, 0, 0, 0, 0, 
573, 1, 557, 540, -1, 95, 142, 168.5, 12, ABalaaapprr, 0, 0, 0, 0, , 0, 0, 0, 0, 0, 
574, 0, 558, -1, -1, 99, 87, 185.0, 12, , 0, 0, 0, 0, , 0, 0, 0, 0, 0, 
575, 0, 559, -1, -1, 86, 129, 164.0, 13, , 0, 0, 0, 0, , 0, 0, 0, 0, 0, 
576, 0, 560, -1, -1, 124, 160, 153.0, 13, , 0, 0, 0, 0, , 0, 0, 0, 0, 0, 
577, 0, 561, -1, -1, 136, 140, 189.5, 12, , 0, 0, 0, 0, , 0, 0, 0, 0, 0, 
578, 0, 562, -1, -1, 104, 155, 179.0, 13, , 0, 0, 0, 0, , 0, 0, 0, 0, 0, 
579, 1, 563, 546, -1, 130, 121, 189.0, 13, ABalaapppaa, 0, 0, 0, 0, , 0, 0, 0, 0, 0, 
580, 1, 564, 547, -1, 101, 136, 162.0, 10, ABalaappppaa, 0, 0, 0, 0, , 0, 0, 0, 0, 0, 
581, 1, 565, 548, -1, 107, 122, 179.0, 12, ABalaappppap, 0, 0, 0, 0, , 0, 0, 0, 0, 0, 
582, 0, 566, -1, -1, 91, 116, 159.0, 13, , 0, 0, 0, 0, , 0, 0, 0, 0, 0, 
583, 1, 567, 550, -1, 105, 102, 74.5, 11, ABalapaaaaa, 0, 0, 0, 0, , 0, 0, 0, 0, 0, 
584, 1, 568, 551, -1, 115, 81, 80.0, 11, ABalapaaaap, 0, 0, 0, 0, , 0, 0, 0, 0, 0, 
585, 0, 569, -1, -1, 157, 42, 109.0, 14, , 0, 0, 0, 0, , 0, 0, 0, 0, 0, 
586, 0, 570, -1, -1, 159, 44, 105.0, 14, , 0, 0, 0, 0, , 0, 0, 0, 0, 0, 
587, 1, 571, 554, -1, 94, 88, 79.0, 14, ABalapaaapp, 0, 0, 0, 0, , 0, 0, 0, 0, 0, 
588, 0, 572, -1, -1, 124, 104, 82.0, 13, , 0, 0, 0, 0, , 0, 0, 0, 0, 0, 
589, 1, 573, 556, -1, 102, 112, 90.5, 15, ABalapaappp, 0, 0, 0, 0, , 0, 0, 0, 0, 0, 
590, 0, 574, -1, -1, 89, 67, 124.0, 13, , 0, 0, 0, 0, , 0, 0, 0, 0, 0, 
591, 1, 575, 558, -1, 103, 56, 129.0, 13, ABalapapapap, 0, 0, 0, 0, , 0, 0, 0, 0, 0, 
592, 1, 576, 559, -1, 80, 83, 121.5, 15, ABalapapapp, 0, 0, 0, 0, , 0, 0, 0, 0, 0, 
593, 1, 577, 560, -1, 85, 103, 108.0, 12, ABalapappaaa, 0, 0, 0, 0, , 0, 0, 0, 0, 0, 
594, 1, 578, 561, -1, 75, 98, 134.0, 13, ABarpaaaaar, 0, 0, 0, 0, , 0, 0, 0, 0, 0, 
595, 1, 579, 562, -1, 101, 82, 95.0, 12, ABalapappaap, 0, 0, 0, 0, , 0, 0, 0, 0, 0, 
596, 1, 580, 563, -1, 68, 96, 112.5, 14, ABalapappap, 0, 0, 0, 0, , 0, 0, 0, 0, 0, 
597, 0, 581, -1, -1, 88, 86, 89.0, 14, , 0, 0, 0, 0, , 0, 0, 0, 0, 0, 
598, 1, 582, 565, -1, 131, 64, 94.0, 14, ABalapapppa, 0, 0, 0, 0, , 0, 0, 0, 0, 0, 
599, 0, 583, -1, -1, 55, 98, 127.0, 13, , 0, 0, 0, 0, , 0, 0, 0, 0, 0, 
600, 0, 585, -1, -1, 109, 70, 180.0, 12, , 0, 0, 0, 0, , 0, 0, 0, 0, 0, 
601, 1, 586, 568, -1, 127, 64, 184.0, 12, ABalappappa, 0, 0, 0, 0, , 0, 0, 0, 0, 0, 
602, 1, 587, 569, -1, 140, 47, 114.0, 14, MSapppap, 0, 0, 0, 0, , 0, 0, 0, 0, 0, 
603, 0, 588, -1, -1, 133, 59, 188.0, 12, , 0, 0, 0, 0, , 0, 0, 0, 0, 0, 
604, 1, 589, 572, -1, 96, 78, 133.0, 14, ABalapppaaa, 0, 0, 0, 0, , 0, 0, 0, 0, 0, 
605, 1, 590, 573, -1, 82, 106, 138.0, 13, ABalapppaap, 0, 0, 0, 0, , 0, 0, 0, 0, 0, 
606, 1, 591, 574, -1, 84, 69, 135.0, 13, ABalapppapaa, 0, 0, 0, 0, , 0, 0, 0, 0, 0, 
607, 1, 592, 575, -1, 100, 58, 141.0, 13, ABalapppapap, 0, 0, 0, 0, , 0, 0, 0, 0, 0, 
608, 0, 593, -1, -1, 82, 92, 149.5, 14, , 0, 0, 0, 0, , 0, 0, 0, 0, 0, 
609, 0, 594, -1, -1, 76, 108, 143.0, 10, , 0, 0, 0, 0, , 0, 0, 0, 0, 0, 
610, 0, 594, -1, -1, 78, 108, 144.0, 10, , 0, 0, 0, 0, , 0, 0, 0, 0, 0, 
611, 0, 595, -1, -1, 81, 90, 144.0, 14, , 0, 0, 0, 0, , 0, 0, 0, 0, 0, 
612, 0, 596, -1, -1, 82, 89, 151.0, 13, , 0, 0, 0, 0, , 0, 0, 0, 0, 0, 
613, 1, 597, 581, -1, 75, 101, 176.0, 12, ABalapppppp, 0, 0, 0, 0, , 0, 0, 0, 0, 0, 
614, 1, 598, 582, -1, 105, 128, 121.0, 11, ABalpaaaaaa, 0, 0, 0, 0, , 0, 0, 0, 0, 0, 
615, 1, 599, 583, -1, 136, 118, 115.0, 12, ABalpaaaaap, 0, 0, 0, 0, , 0, 0, 0, 0, 0, 
616, 0, 600, -1, -1, 105, 131, 140.0, 13, , 0, 0, 0, 0, , 0, 0, 0, 0, 0, 
617, 1, 601, 585, -1, 123, 103, 117.0, 13, ABalpaaapaa, 0, 0, 0, 0, , 0, 0, 0, 0, 0, 
618, 1, 602, 586, -1, 148, 87, 111.0, 12, ABalpaaappp, 0, 0, 0, 0, , 0, 0, 0, 0, 0, 
619, 1, 603, 587, -1, 86, 126, 113.0, 13, ABalpaapaaa, 0, 0, 0, 0, , 0, 0, 0, 0, 0, 
620, 1, 604, 588, -1, 97, 118, 121.0, 14, ABalpaapaap, 0, 0, 0, 0, , 0, 0, 0, 0, 0, 
621, 1, 605, 589, -1, 129, 71, 117.0, 14, ABalpaapapa, 0, 0, 0, 0, , 0, 0, 0, 0, 0, 
622, 1, 606, 590, -1, 134, 84, 108.0, 15, ABalpaapapp, 0, 0, 0, 0, , 0, 0, 0, 0, 0, 
623, 1, 607, 591, -1, 77, 132, 108.0, 12, ABalpaappaa, 0, 0, 0, 0, , 0, 0, 0, 0, 0, 
624, 1, 608, 592, -1, 91, 144, 110.0, 13, ABalpaappap, 0, 0, 0, 0, , 0, 0, 0, 0, 0, 
625, 0, 609, -1, -1, 79, 112, 98.0, 14, , 0, 0, 0, 0, , 0, 0, 0, 0, 0, 
626, 0, 610, -1, -1, 102, 134, 104.0, 13, , 0, 0, 0, 0, , 0, 0, 0, 0, 0, 
627, 0, 611, -1, -1, 83, 163, 125.0, 13, , 0, 0, 0, 0, , 0, 0, 0, 0, 0, 
628, 0, 612, -1, -1, 100, 137, 155.0, 13, , 0, 0, 0, 0, , 0, 0, 0, 0, 0, 
629, 0, 613, -1, -1, 146, 133, 119.0, 13, , 0, 0, 0, 0, , 0, 0, 0, 0, 0, 
630, 1, 614, 598, -1, 152, 166, 113.5, 12, ABalpapapapa, 0, 0, 0, 0, , 0, 0, 0, 0, 0, 
631, 1, 615, 599, -1, 163, 157, 119.5, 12, ABalpapapapp, 0, 0, 0, 0, , 0, 0, 0, 0, 0, 
632, 0, 616, -1, -1, 194, 129, 133.0, 13, , 0, 0, 0, 0, , 0, 0, 0, 0, 0, 
633, 0, 617, -1, -1, 122, 125, 120.0, 14, , 0, 0, 0, 0, , 0, 0, 0, 0, 0, 
634, 0, 618, -1, -1, 121, 129, 142.0, 15, , 0, 0, 0, 0, , 0, 0, 0, 0, 0, 
635, 0, 619, -1, -1, 193, 93, 141.0, 12, , 0, 0, 0, 0, , 0, 0, 0, 0, 0, 
636, 1, 620, 604, -1, 145, 88, 103.5, 13, ABalpapppaa, 0, 0, 0, 0, , 0, 0, 0, 0, 0, 
637, 1, 621, 605, -1, 151, 106, 137.0, 15, ABalpappppa, 0, 0, 0, 0, , 0, 0, 0, 0, 0, 
638, 1, 622, 606, -1, 146, 106, 116.0, 13, ABalpappppp, 0, 0, 0, 0, , 0, 0, 0, 0, 0, 
639, 0, 623, -1, -1, 106, 142, 89.0, 12, , 0, 0, 0, 0, , 0, 0, 0, 0, 0, 
640, 0, 624, -1, -1, 106, 143, 90.5, 12, , 0, 0, 0, 0, , 0, 0, 0, 0, 0, 
641, 0, 625, -1, -1, 104, 167, 137.0, 11, , 0, 0, 0, 0, , 0, 0, 0, 0, 0, 
642, 0, 626, -1, -1, 105, 128, 103.0, 13, , 0, 0, 0, 0, , 0, 0, 0, 0, 0, 
643, 0, 627, -1, -1, 105, 127, 103.0, 12, , 0, 0, 0, 0, , 0, 0, 0, 0, 0, 
644, 1, 628, 612, -1, 101, 132, 105.0, 11, ABalpapaaaa, 0, 0, 0, 0, , 0, 0, 0, 0, 0, 
645, 1, 629, 613, -1, 113, 152, 115.0, 12, ABalppapaap, 0, 0, 0, 0, , 0, 0, 0, 0, 0, 
646, 0, 630, -1, -1, 140, 145, 112.0, 12, , 0, 0, 0, 0, , 0, 0, 0, 0, 0, 
647, 0, 631, -1, -1, 90, 166, 111.5, 13, , 0, 0, 0, 0, , 0, 0, 0, 0, 0, 
648, 0, 632, -1, -1, 125, 104, 83.0, 13, , 0, 0, 0, 0, , 0, 0, 0, 0, 0, 
649, 0, 633, -1, -1, 132, 123, 82.0, 13, , 0, 0, 0, 0, , 0, 0, 0, 0, 0, 
650, 1, 634, 618, -1, 125, 106, 84.5, 12, ABalppappaa, 0, 0, 0, 0, , 0, 0, 0, 0, 0, 
651, 0, 635, -1, -1, 122, 125, 85.5, 12, , 0, 0, 0, 0, , 0, 0, 0, 0, 0, 
652, 1, 636, 620, -1, 118, 147, 107.5, 13, ABalppapppaa, 0, 0, 0, 0, , 0, 0, 0, 0, 0, 
653, 0, 637, -1, -1, 128, 154, 124.0, 13, , 0, 0, 0, 0, , 0, 0, 0, 0, 0, 
654, 1, 638, 622, -1, 111, 144, 102.0, 13, ABalppapppp, 0, 0, 0, 0, , 0, 0, 0, 0, 0, 
655, 0, 639, -1, -1, 139, 138, 71.0, 13, , 0, 0, 0, 0, , 0, 0, 0, 0, 0, 
656, 0, 640, -1, -1, 96, 107, 84.0, 13, , 0, 0, 0, 0, , 0, 0, 0, 0, 0, 
657, 1, 641, 625, -1, 151, 125, 72.0, 13, ABalpppaaaa, 0, 0, 0, 0, , 0, 0, 0, 0, 0, 
658, 1, 642, 626, -1, 138, 138, 70.0, 12, ABalpppapad, 0, 0, 0, 0, , 0, 0, 0, 0, 0, 
659, 1, 643, 627, -1, 150, 115, 77.5, 12, ABalpppapav, 0, 0, 0, 0, , 0, 0, 0, 0, 0, 
660, 1, 644, 628, -1, 111, 94, 71.0, 12, ABalpppapppa, 0, 0, 0, 0, , 0, 0, 0, 0, 0, 
661, 1, 645, 629, -1, 144, 76, 93.0, 15, ABalppppaad, 0, 0, 0, 0, , 0, 0, 0, 0, 0, 
662, 0, 646, -1, -1, 99, 105, 81.5, 15, , 0, 0, 0, 0, , 0, 0, 0, 0, 0, 
663, 0, 647, -1, -1, 93, 121, 98.0, 13, , 0, 0, 0, 0, , 0, 0, 0, 0, 0, 
664, 1, 648, 632, -1, 145, 102, 83.0, 13, ABalpppppaa, 0, 0, 0, 0, , 0, 0, 0, 0, 0, 
665, 1, 649, 633, -1, 159, 90, 86.0, 13, ABalpppppap, 0, 0, 0, 0, , 0, 0, 0, 0, 0, 
666, 1, 650, 634, -1, 165, 75, 82.0, 15, ABalppppppaa, 0, 0, 0, 0, , 0, 0, 0, 0, 0, 
667, 1, 651, 635, -1, 158, 90, 66.5, 13, ABalpppppppa, 0, 0, 0, 0, , 0, 0, 0, 0, 0, 
668, 1, 652, 636, -1, 159, 106, 62.0, 15, ABalpppppppp, 0, 0, 0, 0, , 0, 0, 0, 0, 0, 
669, 1, 653, 637, -1, 102, 134, 113.0, 13, ABaraaaaaaa, 0, 0, 0, 0, , 0, 0, 0, 0, 0, 
670, 1, 654, 638, -1, 113, 114, 115.0, 12, ABaraaaaaap, 0, 0, 0, 0, , 0, 0, 0, 0, 0, 
671, 1, 655, 639, -1, 99, 136, 143.0, 13, ABaraaaaapa, 0, 0, 0, 0, , 0, 0, 0, 0, 0, 
672, 1, 656, 640, -1, 108, 119, 154.0, 11, ABaraaaaapp, 0, 0, 0, 0, , 0, 0, 0, 0, 0, 
673, 0, 657, -1, -1, 93, 117, 131.0, 14, , 0, 0, 0, 0, , 0, 0, 0, 0, 0, 
674, 1, 658, 642, -1, 85, 128, 145.0, 13, ABaraaapaaa, 0, 0, 0, 0, , 0, 0, 0, 0, 0, 
675, 1, 659, 643, -1, 95, 122, 144.0, 11, ABaraaapaap, 0, 0, 0, 0, , 0, 0, 0, 0, 0, 
676, 1, 660, 644, -1, 128, 83, 161.0, 14, ABaraaapapa, 0, 0, 0, 0, , 0, 0, 0, 0, 0, 
677, 1, 661, 645, -1, 145, 89, 170.0, 13, ABaraaapapp, 0, 0, 0, 0, , 0, 0, 0, 0, 0, 
678, 1, 662, 646, -1, 72, 126, 128.0, 13, ABaraaappaa, 0, 0, 0, 0, , 0, 0, 0, 0, 0, 
679, 1, 663, 647, -1, 91, 146, 138.0, 12, ABaraaappap, 0, 0, 0, 0, , 0, 0, 0, 0, 0, 
680, 1, 664, 648, -1, 76, 135, 140.0, 12, ABaraaapppa, 0, 0, 0, 0, , 0, 0, 0, 0, 0, 
681, 1, 665, 649, -1, 92, 117, 134.0, 14, ABaraaaapap, 0, 0, 0, 0, , 0, 0, 0, 0, 0, 
682, 0, 666, -1, -1, 93, 118, 131.0, 12, , 0, 0, 0, 0, , 0, 0, 0, 0, 0, 
683, 1, 667, 651, -1, 93, 119, 127.5, 12, ABaraapaaaa, 0, 0, 0, 0, , 0, 0, 0, 0, 0, 
684, 0, 668, -1, -1, 102, 103, 126.5, 14, , 0, 0, 0, 0, , 0, 0, 0, 0, 0, 
685, 1, 669, 653, -1, 112, 89, 127.0, 12, ABaraapaapa, 0, 0, 0, 0, , 0, 0, 0, 0, 0, 
686, 1, 670, 654, -1, 154, 49, 120.0, 14, ABaraapaapp, 0, 0, 0, 0, , 0, 0, 0, 0, 0, 
687, 1, 671, 655, -1, 155, 64, 111.0, 13, ABaraapapaad, 0, 0, 0, 0, , 0, 0, 0, 0, 0, 
688, 1, 672, 656, -1, 158, 77, 119.0, 13, ABaraapapaav, 0, 0, 0, 0, , 0, 0, 0, 0, 0, 
689, 1, 673, 657, -1, 164, 57, 113.5, 12, ABaraapapap, 0, 0, 0, 0, , 0, 0, 0, 0, 0, 
690, 1, 674, 658, -1, 173, 74, 109.0, 12, ABaraapappa, 0, 0, 0, 0, , 0, 0, 0, 0, 0, 
691, 1, 675, 659, -1, 171, 85, 115.0, 12, ABaraapappp, 0, 0, 0, 0, , 0, 0, 0, 0, 0, 
692, 1, 676, 660, -1, 108, 82, 137.0, 15, ABaraappaaa, 0, 0, 0, 0, , 0, 0, 0, 0, 0, 
693, 1, 677, 661, -1, 100, 105, 142.0, 13, ABaraappaap, 0, 0, 0, 0, , 0, 0, 0, 0, 0, 
694, 1, 678, 662, -1, 111, 95, 147.0, 14, ABaraappapa, 0, 0, 0, 0, , 0, 0, 0, 0, 0, 
695, 1, 679, 663, -1, 169, 56, 162.0, 15, MSpaapaaa, 0, 0, 0, 0, , 0, 0, 0, 0, 0, 
696, 1, 680, 664, -1, 154, 79, 174.0, 13, ABaraapppaad, 0, 0, 0, 0, , 0, 0, 0, 0, 0, 
697, 1, 681, 665, -1, 160, 85, 158.0, 13, ABaraapppaav, 0, 0, 0, 0, , 0, 0, 0, 0, 0, 
698, 1, 682, 666, -1, 159, 68, 177.0, 14, ABaraapppap, 0, 0, 0, 0, , 0, 0, 0, 0, 0, 
699, 1, 683, 667, -1, 168, 81, 176.0, 13, ABaraappppa, 0, 0, 0, 0, , 0, 0, 0, 0, 0, 
700, 1, 684, 668, -1, 171, 95, 160.0, 12, ABaraappppp, 0, 0, 0, 0, , 0, 0, 0, 0, 0, 
701, 1, 685, 669, -1, 106, 131, 144.5, 12, ABarapaaaaa, 0, 0, 0, 0, , 0, 0, 0, 0, 0, 
702, 1, 686, 670, -1, 135, 122, 148.0, 14, ABarapaaaap, 0, 0, 0, 0, , 0, 0, 0, 0, 0, 
703, 1, 687, 671, -1, 107, 134, 130.0, 15, ABalpappapa, 0, 0, 0, 0, , 0, 0, 0, 0, 0, 
704, 1, 688, 672, -1, 121, 129, 143.0, 11, ABarapaaapa, 0, 0, 0, 0, , 0, 0, 0, 0, 0, 
705, 1, 689, 673, -1, 121, 110, 156.0, 13, ABarapaapaa, 0, 0, 0, 0, , 0, 0, 0, 0, 0, 
706, 1, 690, 674, -1, 140, 78, 173.0, 13, ABarapaapap, 0, 0, 0, 0, , 0, 0, 0, 0, 0, 
707, 1, 691, 675, -1, 133, 95, 164.5, 12, ABarapaappa, 0, 0, 0, 0, , 0, 0, 0, 0, 0, 
708, 1, 692, 676, -1, 153, 101, 160.5, 13, ABarapaappp, 0, 0, 0, 0, , 0, 0, 0, 0, 0, 
709, 1, 693, 677, -1, 132, 121, 159.0, 13, ABarapapaapa, 0, 0, 0, 0, , 0, 0, 0, 0, 0, 
710, 1, 694, 678, -1, 145, 118, 166.0, 13, ABarapapaapp, 0, 0, 0, 0, , 0, 0, 0, 0, 0, 
711, 1, 695, 679, -1, 101, 147, 124.0, 12, ABarapapapa, 0, 0, 0, 0, , 0, 0, 0, 0, 0, 
712, 0, 696, -1, -1, 192, 94, 140.0, 14, , 0, 0, 0, 0, , 0, 0, 0, 0, 0, 
713, 0, 697, -1, -1, 192, 94, 139.0, 14, , 0, 0, 0, 0, , 0, 0, 0, 0, 0, 
714, 1, 698, 682, -1, 198, 84, 138.5, 14, ABalpappapp, 0, 0, 0, 0, , 0, 0, 0, 0, 0, 
715, 1, 699, 683, -1, 194, 94, 141.0, 12, ABarapapapp, 0, 0, 0, 0, , 0, 0, 0, 0, 0, 
716, 1, 700, 684, -1, 140, 108, 163.0, 12, ABarapappaa, 0, 0, 0, 0, , 0, 0, 0, 0, 0, 
717, 1, 701, 685, -1, 178, 97, 133.5, 15, ABarapapppa, 0, 0, 0, 0, , 0, 0, 0, 0, 0, 
718, 1, 702, 686, -1, 145, 110, 152.0, 15, ABarapapppp, 0, 0, 0, 0, , 0, 0, 0, 0, 0, 
719, 1, 703, 687, -1, 94, 158, 123.0, 13, ABalpapaapa, 0, 0, 0, 0, , 0, 0, 0, 0, 0, 
720, 1, 704, 688, -1, 99, 137, 156.0, 13, ABarappaaaa, 0, 0, 0, 0, , 0, 0, 0, 0, 0, 
721, 0, 705, -1, -1, 148, 136, 135.0, 13, , 0, 0, 0, 0, , 0, 0, 0, 0, 0, 
722, 1, 706, 690, -1, 146, 161, 127.0, 13, ABarappapapa, 0, 0, 0, 0, , 0, 0, 0, 0, 0, 
723, 1, 707, 691, -1, 161, 155, 143.0, 13, ABarappapapp, 0, 0, 0, 0, , 0, 0, 0, 0, 0, 
724, 1, 708, 692, -1, 214, 61, 167.0, 13, MSpapappp, 0, 0, 0, 0, , 0, 0, 0, 0, 0, 
725, 0, 709, -1, -1, 192, 129, 142.0, 13, , 0, 0, 0, 0, , 0, 0, 0, 0, 0, 
726, 0, 710, -1, -1, 180, 143, 160.0, 13, , 0, 0, 0, 0, , 0, 0, 0, 0, 0, 
727, 1, 711, 695, -1, 113, 129, 188.0, 10, ABarapppaaa, 0, 0, 0, 0, , 0, 0, 0, 0, 0, 
728, 0, 712, -1, -1, 118, 158, 133.0, 11, , 0, 0, 0, 0, , 0, 0, 0, 0, 0, 
729, 1, 713, 697, -1, 114, 157, 134.5, 11, ABarapppaap, 0, 0, 0, 0, , 0, 0, 0, 0, 0, 
730, 0, 714, -1, -1, 121, 160, 131.0, 11, , 0, 0, 0, 0, , 0, 0, 0, 0, 0, 
731, 1, 715, 699, -1, 139, 148, 133.5, 12, ABarapppapa, 0, 0, 0, 0, , 0, 0, 0, 0, 0, 
732, 1, 716, 700, -1, 105, 167, 137.0, 12, ABarapppapp, 0, 0, 0, 0, , 0, 0, 0, 0, 0, 
733, 1, 717, 701, -1, 120, 113, 181.0, 13, ABarappppaa, 0, 0, 0, 0, , 0, 0, 0, 0, 0, 
734, 1, 718, 702, -1, 112, 131, 170.0, 13, ABarappppap, 0, 0, 0, 0, , 0, 0, 0, 0, 0, 
735, 1, 719, 703, -1, 118, 148, 141.5, 13, ABarapppppaa, 0, 0, 0, 0, , 0, 0, 0, 0, 0, 
736, 1, 720, 704, -1, 128, 157, 140.0, 13, ABarapppppap, 0, 0, 0, 0, , 0, 0, 0, 0, 0, 
737, 0, 721, -1, -1, 106, 161, 149.0, 11, , 0, 0, 0, 0, , 0, 0, 0, 0, 0, 
738, 1, 722, 706, -1, 73, 100, 125.0, 12, ABarpaaaaal, 0, 0, 0, 0, , 0, 0, 0, 0, 0, 
739, 1, 723, 707, -1, 82, 107, 116.0, 14, ABarpaaaapa, 0, 0, 0, 0, , 0, 0, 0, 0, 0, 
740, 1, 724, 708, -1, 80, 82, 101.0, 12, ABarpaaaapp, 0, 0, 0, 0, , 0, 0, 0, 0, 0, 
741, 0, 725, -1, -1, 79, 105, 140.0, 12, , 0, 0, 0, 0, , 0, 0, 0, 0, 0, 
742, 0, 726, -1, -1, 78, 107, 147.0, 10, , 0, 0, 0, 0, , 0, 0, 0, 0, 0, 
743, 0, 727, -1, -1, 78, 108, 145.0, 12, , 0, 0, 0, 0, , 0, 0, 0, 0, 0, 
744, 1, 728, 711, -1, 74, 96, 166.0, 13, ABarpaaapap, 0, 0, 0, 0, , 0, 0, 0, 0, 0, 
745, 1, 729, 712, -1, 51, 109, 145.0, 15, ABarpaapaa, 0, 0, 0, 0, , 0, 0, 0, 0, 0, 
746, 1, 730, 713, -1, 81, 62, 133.0, 15, ABarpaapap, 0, 0, 0, 0, , 0, 0, 0, 0, 0, 
747, 1, 731, 714, -1, 104, 44, 137.0, 14, ABarpaappa, 0, 0, 0, 0, , 0, 0, 0, 0, 0, 
748, 1, 732, 715, -1, 143, 60, 195.0, 13, ABarpaappp, 0, 0, 0, 0, , 0, 0, 0, 0, 0, 
749, 0, 733, -1, -1, 81, 91, 150.0, 13, , 0, 0, 0, 0, , 0, 0, 0, 0, 0, 
750, 1, 734, 717, -1, 82, 79, 151.0, 13, ABalapppapp, 0, 0, 0, 0, , 0, 0, 0, 0, 0, 
751, 1, 736, 718, -1, 81, 92, 150.0, 13, ABalappppap, 0, 0, 0, 0, , 0, 0, 0, 0, 0, 
752, 1, 735, 719, -1, 82, 90, 147.0, 13, ABarpapaaaa, 0, 0, 0, 0, , 0, 0, 0, 0, 0, 
753, 1, 737, 720, -1, 88, 78, 170.0, 12, ABarpapaaap, 0, 0, 0, 0, , 0, 0, 0, 0, 0, 
754, 1, 738, 721, -1, 86, 92, 162.0, 13, ABarpapaappa, 0, 0, 0, 0, , 0, 0, 0, 0, 0, 
755, 1, 739, 722, -1, 96, 79, 159.0, 13, ABarpapaappp, 0, 0, 0, 0, , 0, 0, 0, 0, 0, 
756, 1, 740, 723, -1, 55, 131, 119.5, 15, ABarpapapa, 0, 0, 0, 0, , 0, 0, 0, 0, 0, 
757, 1, 741, 724, -1, 70, 79, 135.5, 15, ABarpapapp, 0, 0, 0, 0, , 0, 0, 0, 0, 0, 
758, 1, 742, 725, -1, 78, 154, 149.0, 12, ABarpappaa, 0, 0, 0, 0, , 0, 0, 0, 0, 0, 
759, 1, 743, 726, -1, 82, 149, 171.0, 14, ABarpappap, 0, 0, 0, 0, , 0, 0, 0, 0, 0, 
760, 1, 744, 727, -1, 140, 55, 95.0, 13, ABarppaaaa, 0, 0, 0, 0, , 0, 0, 0, 0, 0, 
761, 1, 745, 728, -1, 173, 58, 194.5, 14, ABarppaapa, 0, 0, 0, 0, , 0, 0, 0, 0, 0, 
762, 1, 746, 729, 730, 209, 54, 111.0, 16, ABarppaapp, 0, 0, 0, 0, , 0, 0, 0, 0, 0, 
763, 1, 747, 731, -1, 128, 74, 186.0, 12, ABarpppaaa, 0, 0, 0, 0, , 0, 0, 0, 0, 0, 
764, 1, 748, 732, -1, 175, 45, 94.0, 15, ABarpppapa, 0, 0, 0, 0, , 0, 0, 0, 0, 0, 
765, 1, 749, 733, -1, 189, 64, 193.0, 15, ABarpppappa, 0, 0, 0, 0, , 0, 0, 0, 0, 0, 
766, 1, 750, 734, -1, 209, 57, 187.5, 13, ABarpppappp, 0, 0, 0, 0, , 0, 0, 0, 0, 0, 
767, 1, 751, 735, -1, 191, 76, 207.0, 14, ABarppppaa, 0, 0, 0, 0, , 0, 0, 0, 0, 0, 
768, 1, 752, 736, -1, 82, 89, 115.0, 13, ABplaaaaaaa, 0, 0, 0, 0, , 0, 0, 0, 0, 0, 
769, 1, 753, 737, -1, 93, 68, 108.0, 12, ABplaaaaaap, 0, 0, 0, 0, , 0, 0, 0, 0, 0, 
770, 1, 754, 738, -1, 94, 82, 107.0, 12, ABplaaaaappa, 0, 0, 0, 0, , 0, 0, 0, 0, 0, 
771, 1, 755, 739, -1, 105, 71, 115.0, 12, ABplaaaaappp, 0, 0, 0, 0, , 0, 0, 0, 0, 0, 
772, 1, 756, 740, -1, 48, 108, 126.0, 15, ABplaaaapa, 0, 0, 0, 0, , 0, 0, 0, 0, 0, 
773, 1, 757, 741, -1, 62, 91, 138.0, 14, ABplaaaapp, 0, 0, 0, 0, , 0, 0, 0, 0, 0, 
774, 1, 758, 742, -1, 84, 148, 96.0, 13, ABplaaapaa, 0, 0, 0, 0, , 0, 0, 0, 0, 0, 
775, 1, 759, 743, -1, 91, 140, 75.0, 13, ABplaaapap, 0, 0, 0, 0, , 0, 0, 0, 0, 0, 
776, 0, 760, -1, -1, 60, 117, 134.0, 14, , 0, 0, 0, 0, , 0, 0, 0, 0, 0, 
777, 1, 761, 745, -1, 64, 119, 111.5, 14, ABplaapaaap, 0, 0, 0, 0, , 0, 0, 0, 0, 0, 
778, 0, 762, -1, -1, 98, 105, 84.0, 14, , 0, 0, 0, 0, , 0, 0, 0, 0, 0, 
779, 0, 763, -1, -1, 92, 124, 99.0, 13, , 0, 0, 0, 0, , 0, 0, 0, 0, 0, 
780, 0, 764, -1, -1, 99, 106, 80.0, 15, , 0, 0, 0, 0, , 0, 0, 0, 0, 0, 
781, 1, 765, 749, -1, 172, 94, 97.5, 15, ABplaapapaa, 0, 0, 0, 0, , 0, 0, 0, 0, 0, 
782, 1, 766, 750, -1, 172, 65, 81.5, 14, ABarppaaap, 0, 0, 0, 0, , 0, 0, 0, 0, 0, 
783, 1, 767, 751, -1, 163, 74, 94.0, 13, ABplaapapap, 0, 0, 0, 0, , 0, 0, 0, 0, 0, 
784, 1, 768, 752, -1, 155, 101, 94.0, 13, ABplaapappa, 0, 0, 0, 0, , 0, 0, 0, 0, 0, 
785, 1, 769, 753, -1, 145, 78, 78.5, 12, ABplaapapppa, 0, 0, 0, 0, , 0, 0, 0, 0, 0, 
786, 1, 770, 754, -1, 110, 162, 106.0, 13, ABalppapapp, 0, 0, 0, 0, , 0, 0, 0, 0, 0, 
787, 1, 771, 755, -1, 88, 164, 109.0, 13, ABplaappaa, 0, 0, 0, 0, , 0, 0, 0, 0, 0, 
788, 1, 772, 756, -1, 136, 172, 106.0, 15, ABplaappap, 0, 0, 0, 0, , 0, 0, 0, 0, 0, 
789, 1, 773, 757, -1, 156, 164, 99.0, 13, ABplaapppa, 0, 0, 0, 0, , 0, 0, 0, 0, 0, 
790, 1, 774, 758, -1, 197, 82, 81.0, 17, ABplaapppp, 0, 0, 0, 0, , 0, 0, 0, 0, 0, 
791, 1, 775, 759, -1, 156, 54, 97.0, 12, ABplapaaaapa, 0, 0, 0, 0, , 0, 0, 0, 0, 0, 
792, 1, 776, 760, -1, 186, 59, 103.0, 12, ABplapaaaapp, 0, 0, 0, 0, , 0, 0, 0, 0, 0, 
793, 1, 777, 761, -1, 178, 68, 92.5, 13, ABplapaaapad, 0, 0, 0, 0, , 0, 0, 0, 0, 0, 
794, 1, 778, 762, -1, 191, 85, 97.0, 13, ABplapaaapav, 0, 0, 0, 0, , 0, 0, 0, 0, 0, 
795, 1, 779, 763, -1, 202, 68, 100.0, 15, ABplapaaapp, 0, 0, 0, 0, , 0, 0, 0, 0, 0, 
796, 1, 780, 764, -1, 186, 138, 110.0, 13, ABplapaapa, 0, 0, 0, 0, , 0, 0, 0, 0, 0, 
797, 1, 781, 765, -1, 222, 76, 92.0, 17, ABplapaapp, 0, 0, 0, 0, , 0, 0, 0, 0, 0, 
798, 1, 782, 766, -1, 271, 129, 88.0, 16, ABplapapap, 0, 0, 0, 0, , 0, 0, 0, 0, 0, 
799, 1, 783, 767, -1, 239, 135, 97.0, 17, ABplapappa, 0, 0, 0, 0, , 0, 0, 0, 0, 0, 
800, 0, 784, -1, -1, 219, 172, 100.0, 14, , 0, 0, 0, 0, , 0, 0, 0, 0, 0, 
801, 1, 785, 769, -1, 254, 71, 97.0, 18, ABplappaaa, 0, 0, 0, 0, , 0, 0, 0, 0, 0, 
802, 1, 786, 770, -1, 292, 88, 99.0, 15, ABplappaap, 0, 0, 0, 0, , 0, 0, 0, 0, 0, 
803, 1, 787, 771, -1, 296, 116, 91.0, 14, ABplappapp, 0, 0, 0, 0, , 0, 0, 0, 0, 0, 
804, 1, 788, 772, -1, 229, 147, 88.0, 14, ABplapppaaa, 0, 0, 0, 0, , 0, 0, 0, 0, 0, 
805, 1, 789, 773, -1, 214, 162, 89.0, 15, ABplapppappa, 0, 0, 0, 0, , 0, 0, 0, 0, 0, 
806, 1, 790, 774, -1, 210, 162, 115.5, 13, ABplapppappp, 0, 0, 0, 0, , 0, 0, 0, 0, 0, 
807, 1, 791, 775, -1, 203, 144, 144.0, 12, ABplappppa, 0, 0, 0, 0, , 0, 0, 0, 0, 0, 
808, 0, 792, -1, -1, 132, 123, 82.5, 14, , 0, 0, 0, 0, , 0, 0, 0, 0, 0, 
809, 1, 793, 777, -1, 167, 118, 72.0, 14, ABplpaaaaap, 0, 0, 0, 0, , 0, 0, 0, 0, 0, 
810, 0, 794, -1, -1, 155, 141, 122.0, 12, , 0, 0, 0, 0, , 0, 0, 0, 0, 0, 
811, 1, 795, 779, -1, 212, 116, 129.5, 13, ABplpaaaapp, 0, 0, 0, 0, , 0, 0, 0, 0, 0, 
812, 1, 796, 780, -1, 111, 155, 93.0, 12, ABplpaaapaa, 0, 0, 0, 0, , 0, 0, 0, 0, 0, 
813, 1, 797, 781, -1, 131, 147, 93.0, 12, ABplpaaapap, 0, 0, 0, 0, , 0, 0, 0, 0, 0, 
814, 1, 798, 782, -1, 124, 138, 75.0, 14, ABplpaaappaa, 0, 0, 0, 0, , 0, 0, 0, 0, 0, 
815, 1, 799, 783, -1, 134, 134, 87.0, 11, ABplpaaappap, 0, 0, 0, 0, , 0, 0, 0, 0, 0, 
816, 1, 800, 784, -1, 125, 150, 76.0, 13, ABplpaaappp, 0, 0, 0, 0, , 0, 0, 0, 0, 0, 
817, 1, 801, 785, -1, 124, 79, 92.5, 13, ABplpaapaaa, 0, 0, 0, 0, , 0, 0, 0, 0, 0, 
818, 0, 802, -1, -1, 173, 89, 71.0, 12, , 0, 0, 0, 0, , 0, 0, 0, 0, 0, 
819, 0, 803, -1, -1, 41, 149, 76.0, 15, , 0, 0, 0, 0, , 0, 0, 0, 0, 0, 
820, 1, 803, 787, -1, 85, 115, 75.5, 14, ABplpaapapa, 0, 0, 0, 0, , 0, 0, 0, 0, 0, 
821, 1, 804, 788, -1, 141, 162, 95.5, 13, ABplpaapapp, 0, 0, 0, 0, , 0, 0, 0, 0, 0, 
822, 0, 805, -1, -1, 167, 102, 79.0, 13, , 0, 0, 0, 0, , 0, 0, 0, 0, 0, 
823, 1, 807, 790, -1, 168, 102, 79.5, 13, ABplpaappaa, 0, 0, 0, 0, , 0, 0, 0, 0, 0, 
824, 0, 808, -1, -1, 166, 98, 77.0, 13, , 0, 0, 0, 0, , 0, 0, 0, 0, 0, 
825, 0, 809, -1, -1, 158, 141, 122.5, 12, , 0, 0, 0, 0, , 0, 0, 0, 0, 0, 
826, 0, 811, -1, -1, 158, 139, 125.0, 12, , 0, 0, 0, 0, , 0, 0, 0, 0, 0, 
827, 0, 810, -1, -1, 158, 139, 121.0, 12, , 0, 0, 0, 0, , 0, 0, 0, 0, 0, 
828, 1, 812, 795, -1, 158, 122, 102.5, 11, ABplpapaaaa, 0, 0, 0, 0, , 0, 0, 0, 0, 0, 
829, 1, 813, 796, -1, 142, 146, 114.0, 10, ABalppapapa, 0, 0, 0, 0, , 0, 0, 0, 0, 0, 
830, 1, 814, 797, -1, 144, 149, 111.0, 11, ABplpapaapp, 0, 0, 0, 0, , 0, 0, 0, 0, 0, 
831, 0, 815, -1, -1, 176, 114, 110.0, 12, , 0, 0, 0, 0, , 0, 0, 0, 0, 0, 
832, 1, 816, 799, -1, 172, 137, 113.0, 13, ABplpapappa, 0, 0, 0, 0, , 0, 0, 0, 0, 0, 
833, 0, 817, -1, -1, 268, 98, 139.0, 13, , 0, 0, 0, 0, , 0, 0, 0, 0, 0, 
834, 1, 818, 801, -1, 123, 138, 118.0, 13, ABplpappaaa, 0, 0, 0, 0, , 0, 0, 0, 0, 0, 
835, 0, 819, -1, -1, 166, 120, 168.5, 15, , 0, 0, 0, 0, , 0, 0, 0, 0, 0, 
836, 1, 820, 803, -1, 223, 152, 125.0, 13, ABplpapppaa, 0, 0, 0, 0, , 0, 0, 0, 0, 0, 
837, 1, 821, 804, -1, 221, 152, 151.0, 12, ABplpapppap, 0, 0, 0, 0, , 0, 0, 0, 0, 0, 
838, 1, 822, 805, -1, 243, 145, 134.0, 13, ABplpappppa, 0, 0, 0, 0, , 0, 0, 0, 0, 0, 
839, 1, 823, 806, -1, 223, 165, 133.0, 12, ABplpappppp, 0, 0, 0, 0, , 0, 0, 0, 0, 0, 
840, 1, 824, 807, -1, 161, 125, 63.5, 12, ABplppaaaaa, 0, 0, 0, 0, , 0, 0, 0, 0, 0, 
841, 0, 825, -1, -1, 169, 133, 116.0, 10, , 0, 0, 0, 0, , 0, 0, 0, 0, 0, 
842, 0, 826, -1, -1, 198, 129, 118.0, 12, , 0, 0, 0, 0, , 0, 0, 0, 0, 0, 
843, 0, 827, -1, -1, 197, 131, 129.0, 10, , 0, 0, 0, 0, , 0, 0, 0, 0, 0, 
844, 0, 828, -1, -1, 268, 119, 139.0, 13, , 0, 0, 0, 0, , 0, 0, 0, 0, 0, 
845, 1, 829, 812, -1, 196, 123, 112.0, 14, ABplppapaaa, 0, 0, 0, 0, , 0, 0, 0, 0, 0, 
846, 0, 830, -1, -1, 200, 108, 146.0, 12, , 0, 0, 0, 0, , 0, 0, 0, 0, 0, 
847, 1, 831, 814, -1, 228, 92, 132.0, 13, ABplppapapa, 0, 0, 0, 0, , 0, 0, 0, 0, 0, 
848, 1, 832, 815, -1, 263, 92, 138.0, 11, ABplppapapp, 0, 0, 0, 0, , 0, 0, 0, 0, 0, 
849, 1, 833, 816, -1, 253, 98, 146.0, 13, ABplppapppa, 0, 0, 0, 0, , 0, 0, 0, 0, 0, 
850, 1, 834, 817, -1, 256, 131, 149.0, 12, ABplppapppp, 0, 0, 0, 0, , 0, 0, 0, 0, 0, 
851, 0, 835, -1, -1, 236, 127, 128.0, 11, , 0, 0, 0, 0, , 0, 0, 0, 0, 0, 
852, 1, 836, 819, -1, 257, 127, 131.5, 13, ABplpppaaap, 0, 0, 0, 0, , 0, 0, 0, 0, 0, 
853, 1, 837, 820, -1, 222, 152, 102.0, 13, ABplpppaapa, 0, 0, 0, 0, , 0, 0, 0, 0, 0, 
854, 1, 838, 821, -1, 220, 139, 104.0, 12, ABplpppaapp, 0, 0, 0, 0, , 0, 0, 0, 0, 0, 
855, 1, 839, 822, -1, 205, 150, 105.5, 13, ABplpppapaa, 0, 0, 0, 0, , 0, 0, 0, 0, 0, 
856, 1, 840, 823, -1, 178, 176, 159.0, 13, ABplpppapap, 0, 0, 0, 0, , 0, 0, 0, 0, 0, 
857, 1, 841, 824, -1, 236, 143, 117.0, 12, ABplppppaaa, 0, 0, 0, 0, , 0, 0, 0, 0, 0, 
858, 1, 842, 825, -1, 237, 154, 128.0, 13, ABplppppaap, 0, 0, 0, 0, , 0, 0, 0, 0, 0, 
859, 1, 843, 826, -1, 237, 127, 109.0, 14, Capappp, 0, 0, 0, 0, , 0, 0, 0, 0, 0, 
860, 1, 844, 827, -1, 211, 147, 130.0, 13, ABplppppapp, 0, 0, 0, 0, , 0, 0, 0, 0, 0, 
861, 1, 845, 828, -1, 251, 140, 122.0, 13, ABplpppppaa, 0, 0, 0, 0, , 0, 0, 0, 0, 0, 
862, 1, 846, 829, -1, 230, 167, 111.0, 15, ABplpppppap, 0, 0, 0, 0, , 0, 0, 0, 0, 0, 
863, 0, 847, -1, -1, 185, 176, 149.0, 11, , 0, 0, 0, 0, , 0, 0, 0, 0, 0, 
864, 1, 848, 831, -1, 210, 176, 131.0, 12, Cappppd, 0, 0, 0, 0, , 0, 0, 0, 0, 0, 
865, 0, 849, -1, -1, 179, 179, 148.5, 13, , 0, 0, 0, 0, , 0, 0, 0, 0, 0, 
866, 1, 850, 833, -1, 106, 147, 154.0, 13, ABpraaaaaap, 0, 0, 0, 0, , 0, 0, 0, 0, 0, 
867, 1, 851, 834, -1, 119, 145, 187.0, 13, ABpraaaapad, 0, 0, 0, 0, , 0, 0, 0, 0, 0, 
868, 1, 852, 835, -1, 142, 129, 193.0, 13, ABpraaaapav, 0, 0, 0, 0, , 0, 0, 0, 0, 0, 
869, 1, 853, 836, -1, 125, 97, 196.0, 12, ABpraaaapppa, 0, 0, 0, 0, , 0, 0, 0, 0, 0, 
870, 1, 854, 837, -1, 138, 84, 189.0, 13, ABpraaapaad, 0, 0, 0, 0, , 0, 0, 0, 0, 0, 
871, 1, 855, 838, -1, 105, 99, 177.0, 12, ABpraaapapap, 0, 0, 0, 0, , 0, 0, 0, 0, 0, 
872, 1, 856, 839, -1, 86, 114, 166.0, 12, ABpraaapapaa, 0, 0, 0, 0, , 0, 0, 0, 0, 0, 
873, 1, 857, 840, -1, 145, 119, 184.0, 13, ABpraaappaa, 0, 0, 0, 0, , 0, 0, 0, 0, 0, 
874, 1, 858, 841, -1, 141, 109, 190.0, 12, ABpraaappap, 0, 0, 0, 0, , 0, 0, 0, 0, 0, 
875, 1, 859, 842, -1, 158, 92, 192.0, 12, ABpraaapppaa, 0, 0, 0, 0, , 0, 0, 0, 0, 0, 
876, 1, 860, 843, -1, 151, 105, 206.0, 15, ABpraaappppa, 0, 0, 0, 0, , 0, 0, 0, 0, 0, 
877, 1, 861, 844, -1, 158, 117, 206.0, 13, ABpraaappppp, 0, 0, 0, 0, , 0, 0, 0, 0, 0, 
878, 0, 862, -1, -1, 65, 110, 130.5, 15, , 0, 0, 0, 0, , 0, 0, 0, 0, 0, 
879, 0, 863, -1, -1, 65, 111, 131.0, 13, , 0, 0, 0, 0, , 0, 0, 0, 0, 0, 
880, 1, 864, 847, -1, 60, 118, 136.0, 13, ABpraapaaaa, 0, 0, 0, 0, , 0, 0, 0, 0, 0, 
881, 1, 865, 848, -1, 60, 120, 146.0, 13, ABpraapaaap, 0, 0, 0, 0, , 0, 0, 0, 0, 0, 
882, 1, 866, 849, -1, 85, 127, 168.0, 14, ABpraapaapa, 0, 0, 0, 0, , 0, 0, 0, 0, 0, 
883, 1, 867, 850, -1, 100, 111, 190.0, 14, ABpraapaapp, 0, 0, 0, 0, , 0, 0, 0, 0, 0, 
884, 1, 868, 851, -1, 168, 105, 180.5, 12, ABpraapapaa, 0, 0, 0, 0, , 0, 0, 0, 0, 0, 
885, 1, 869, 852, -1, 159, 89, 183.0, 13, ABpraapapap, 0, 0, 0, 0, , 0, 0, 0, 0, 0, 
886, 1, 870, 853, -1, 154, 113, 176.0, 12, ABpraapappa, 0, 0, 0, 0, , 0, 0, 0, 0, 0, 
887, 1, 871, 854, -1, 141, 95, 200.0, 13, ABpraapapppa, 0, 0, 0, 0, , 0, 0, 0, 0, 0, 
888, 0, 872, -1, -1, 154, 82, 196.0, 13, , 0, 0, 0, 0, , 0, 0, 0, 0, 0, 
889, 0, 873, -1, -1, 81, 162, 125.0, 15, , 0, 0, 0, 0, , 0, 0, 0, 0, 0, 
890, 1, 874, 857, -1, 114, 175, 118.0, 15, ABalpapaaap, 0, 0, 0, 0, , 0, 0, 0, 0, 0, 
891, 1, 875, 858, -1, 84, 164, 125.0, 12, ABpraappaa, 0, 0, 0, 0, , 0, 0, 0, 0, 0, 
892, 1, 876, 859, -1, 130, 178, 137.0, 13, ABpraappap, 0, 0, 0, 0, , 0, 0, 0, 0, 0, 
893, 1, 877, 860, -1, 156, 163, 156.0, 14, ABpraapppa, 0, 0, 0, 0, , 0, 0, 0, 0, 0, 
894, 1, 878, 861, -1, 189, 97, 201.5, 12, ABpraapppp, 0, 0, 0, 0, , 0, 0, 0, 0, 0, 
895, 1, 879, 862, -1, 147, 72, 189.0, 13, ABprapaaaapa, 0, 0, 0, 0, , 0, 0, 0, 0, 0, 
896, 1, 880, 863, -1, 168, 72, 195.0, 13, ABprapaaaapp, 0, 0, 0, 0, , 0, 0, 0, 0, 0, 
897, 1, 881, 864, -1, 174, 83, 193.0, 13, ABprapaaapad, 0, 0, 0, 0, , 0, 0, 0, 0, 0, 
898, 1, 882, 865, -1, 185, 100, 192.0, 13, ABprapaaapav, 0, 0, 0, 0, , 0, 0, 0, 0, 0, 
899, 1, 883, 866, -1, 188, 82, 192.5, 13, ABprapaaapp, 0, 0, 0, 0, , 0, 0, 0, 0, 0, 
900, 1, 884, 867, -1, 169, 148, 153.0, 13, ABarappappp, 0, 0, 0, 0, , 0, 0, 0, 0, 0, 
901, 0, 885, -1, -1, 179, 144, 159.0, 15, , 0, 0, 0, 0, , 0, 0, 0, 0, 0, 
902, 1, 886, 869, -1, 214, 87, 196.5, 15, ABprapaapp, 0, 0, 0, 0, , 0, 0, 0, 0, 0, 
903, 1, 887, 870, -1, 271, 134, 185.5, 14, ABprapapap, 0, 0, 0, 0, , 0, 0, 0, 0, 0, 
904, 1, 888, 871, -1, 246, 139, 182.0, 17, ABprapappa, 0, 0, 0, 0, , 0, 0, 0, 0, 0, 
905, 1, 889, 872, -1, 227, 171, 162.0, 13, ABprapappppa, 0, 0, 0, 0, , 0, 0, 0, 0, 0, 
906, 0, 890, -1, -1, 229, 155, 170.0, 15, , 0, 0, 0, 0, , 0, 0, 0, 0, 0, 
907, 0, 891, -1, -1, 224, 156, 176.0, 14, , 0, 0, 0, 0, , 0, 0, 0, 0, 0, 
908, 1, 892, 875, -1, 200, 148, 158.0, 15, ABprappppa, 0, 0, 0, 0, , 0, 0, 0, 0, 0, 
909, 1, 893, 876, -1, 204, 174, 166.0, 15, ABprappppp, 0, 0, 0, 0, , 0, 0, 0, 0, 0, 
910, 1, 894, 877, -1, 216, 167, 175.0, 12, ABprapppappa, 0, 0, 0, 0, , 0, 0, 0, 0, 0, 
911, 1, 895, 878, -1, 217, 165, 164.0, 12, ABprapppappp, 0, 0, 0, 0, , 0, 0, 0, 0, 0, 
912, 1, 896, 879, -1, 153, 129, 194.0, 15, ABprpaaaaap, 0, 0, 0, 0, , 0, 0, 0, 0, 0, 
913, 1, 897, 880, -1, 170, 147, 130.0, 14, ABprpaaaapa, 0, 0, 0, 0, , 0, 0, 0, 0, 0, 
914, 1, 898, 881, -1, 224, 105, 131.0, 12, ABprpaaaapp, 0, 0, 0, 0, , 0, 0, 0, 0, 0, 
915, 1, 899, 882, -1, 114, 157, 145.0, 13, ABarapppppp, 0, 0, 0, 0, , 0, 0, 0, 0, 0, 
916, 1, 900, 883, -1, 105, 159, 149.0, 13, ABprpaaapaa, 0, 0, 0, 0, , 0, 0, 0, 0, 0, 
917, 0, 901, -1, -1, 119, 173, 145.0, 13, , 0, 0, 0, 0, , 0, 0, 0, 0, 0, 
918, 1, 902, 885, -1, 107, 146, 163.0, 13, ABprpaaappaa, 0, 0, 0, 0, , 0, 0, 0, 0, 0, 
919, 1, 903, 886, -1, 119, 143, 173.0, 13, ABprpaaappap, 0, 0, 0, 0, , 0, 0, 0, 0, 0, 
920, 1, 904, 887, -1, 121, 151, 166.0, 13, ABprpaaappp, 0, 0, 0, 0, , 0, 0, 0, 0, 0, 
921, 1, 905, 888, -1, 119, 92, 182.0, 13, ABprpaapaaa, 0, 0, 0, 0, , 0, 0, 0, 0, 0, 
922, 1, 906, 889, -1, 169, 100, 203.0, 13, ABprpaapaap, 0, 0, 0, 0, , 0, 0, 0, 0, 0, 
923, 0, 907, -1, -1, 78, 117, 182.0, 15, , 0, 0, 0, 0, , 0, 0, 0, 0, 0, 
924, 1, 908, 891, -1, 124, 148, 159.0, 11, ABalaapappp, 0, 0, 0, 0, , 0, 0, 0, 0, 0, 
925, 1, 909, 892, -1, 123, 161, 152.0, 13, ABprpaaapap, 0, 0, 0, 0, , 0, 0, 0, 0, 0, 
926, 1, 910, 893, -1, 119, 173, 146.0, 14, ABprpaapapp, 0, 0, 0, 0, , 0, 0, 0, 0, 0, 
927, 1, 911, 894, -1, 158, 115, 190.0, 15, ABprpaappaa, 0, 0, 0, 0, , 0, 0, 0, 0, 0, 
928, 0, 912, -1, -1, 197, 91, 180.18803, 14, , 0, 0, 0, 0, , 0, 0, 0, 0, 0, 
929, 1, 913, 896, -1, 166, 106, 195.0, 12, ABprpaappap, 0, 0, 0, 0, , 0, 0, 0, 0, 0, 
930, 0, 914, -1, -1, 169, 135, 153.0, 13, , 0, 0, 0, 0, , 0, 0, 0, 0, 0, 
931, 1, 915, 898, -1, 135, 158, 148.5, 13, ABprpaappppa, 0, 0, 0, 0, , 0, 0, 0, 0, 0, 
932, 1, 916, 899, -1, 148, 163, 150.66667, 13, ABprpaappppp, 0, 0, 0, 0, , 0, 0, 0, 0, 0, 
933, 0, 917, -1, -1, 142, 156, 143.0, 14, , 0, 0, 0, 0, , 0, 0, 0, 0, 0, 
934, 1, 918, 901, -1, 162, 127, 150.0, 13, ABprpapaaap, 0, 0, 0, 0, , 0, 0, 0, 0, 0, 
935, 0, 919, -1, -1, 152, 143, 144.0, 13, , 0, 0, 0, 0, , 0, 0, 0, 0, 0, 
936, 1, 920, 903, -1, 147, 134, 150.0, 13, ABprpapaaaa, 0, 0, 0, 0, , 0, 0, 0, 0, 0, 
937, 0, 921, -1, -1, 142, 156, 143.0, 12, , 0, 0, 0, 0, , 0, 0, 0, 0, 0, 
938, 1, 922, 905, -1, 184, 110, 170.5, 13, ABprpapapaa, 0, 0, 0, 0, , 0, 0, 0, 0, 0, 
939, 1, 923, 906, -1, 175, 119, 158.0, 14, ABprpapapap, 0, 0, 0, 0, , 0, 0, 0, 0, 0, 
940, 0, 924, -1, -1, 180, 143, 156.0, 12, , 0, 0, 0, 0, , 0, 0, 0, 0, 0, 
941, 0, 925, -1, -1, 172, 134, 146.0, 12, , 0, 0, 0, 0, , 0, 0, 0, 0, 0, 
942, 1, 926, 908, -1, 232, 120, 138.0, 13, ABplpppaaaa, 0, 0, 0, 0, , 0, 0, 0, 0, 0, 
943, 1, 927, 909, -1, 234, 128, 127.0, 12, ABprpapappp, 0, 0, 0, 0, , 0, 0, 0, 0, 0, 
944, 1, 928, 910, -1, 127, 154, 125.0, 14, ABprpappaaa, 0, 0, 0, 0, , 0, 0, 0, 0, 0, 
945, 1, 929, 911, -1, 154, 126, 129.5, 15, ABprpappaap, 0, 0, 0, 0, , 0, 0, 0, 0, 0, 
946, 1, 914, 912, -1, 170, 134, 155.0, 11, ABprpaapppa, 0, 0, 0, 0, , 0, 0, 0, 0, 0, 
947, 0, 930, -1, -1, 168, 121, 168.0, 13, , 0, 0, 0, 0, , 0, 0, 0, 0, 0, 
948, 1, 931, 914, -1, 245, 101, 135.5, 13, ABprpappapp, 0, 0, 0, 0, , 0, 0, 0, 0, 0, 
949, 1, 932, 915, -1, 135, 140, 127.0, 13, ABprpapppaa, 0, 0, 0, 0, , 0, 0, 0, 0, 0, 
950, 1, 933, 916, -1, 208, 118, 147.5, 14, ABprpapppap, 0, 0, 0, 0, , 0, 0, 0, 0, 0, 
951, 0, 934, -1, -1, 233, 149, 158.0, 12, , 0, 0, 0, 0, , 0, 0, 0, 0, 0, 
952, 1, 935, 918, -1, 237, 168, 124.0, 14, ABprpappppp, 0, 0, 0, 0, , 0, 0, 0, 0, 0, 
953, 1, 936, 919, -1, 150, 143, 192.0, 12, ABprppaaaaa, 0, 0, 0, 0, , 0, 0, 0, 0, 0, 
954, 1, 937, 920, -1, 186, 113, 195.5, 12, ABprppaaaapp, 0, 0, 0, 0, , 0, 0, 0, 0, 0, 
955, 1, 938, 921, -1, 174, 124, 193.0, 13, ABprppaapap, 0, 0, 0, 0, , 0, 0, 0, 0, 0, 
956, 0, 939, -1, -1, 173, 133, 143.0, 12, , 0, 0, 0, 0, , 0, 0, 0, 0, 0, 
957, 1, 940, 923, -1, 249, 119, 143.0, 12, ABprppaappp, 0, 0, 0, 0, , 0, 0, 0, 0, 0, 
958, 1, 941, 924, -1, 187, 132, 155.0, 12, ABprppapaaaa, 0, 0, 0, 0, , 0, 0, 0, 0, 0, 
959, 1, 942, 925, -1, 207, 122, 157.0, 12, ABprppapaaap, 0, 0, 0, 0, , 0, 0, 0, 0, 0, 
960, 1, 943, 926, -1, 214, 95, 142.0, 12, ABprppapaap, 0, 0, 0, 0, , 0, 0, 0, 0, 0, 
961, 1, 944, 927, -1, 239, 93, 144.0, 13, ABprppapapa, 0, 0, 0, 0, , 0, 0, 0, 0, 0, 
962, 1, 945, 928, -1, 286, 104, 137.0, 13, ABprppapapp, 0, 0, 0, 0, , 0, 0, 0, 0, 0, 
963, 1, 946, 929, -1, 218, 105, 153.5, 13, ABprppappaa, 0, 0, 0, 0, , 0, 0, 0, 0, 0, 
964, 1, 947, 930, -1, 228, 99, 148.5, 12, ABprppappap, 0, 0, 0, 0, , 0, 0, 0, 0, 0, 
965, 1, 948, 931, -1, 279, 101, 145.0, 10, ABprppapppa, 0, 0, 0, 0, , 0, 0, 0, 0, 0, 
966, 1, 949, 932, -1, 245, 132, 140.5, 11, ABprppapppp, 0, 0, 0, 0, , 0, 0, 0, 0, 0, 
967, 1, 950, 933, -1, 234, 122, 152.0, 12, ABprpppaaaa, 0, 0, 0, 0, , 0, 0, 0, 0, 0, 
968, 1, 951, 934, -1, 253, 130, 154.5, 12, ABprpppaaap, 0, 0, 0, 0, , 0, 0, 0, 0, 0, 
969, 0, 952, -1, -1, 227, 156, 172.0, 13, , 0, 0, 0, 0, , 0, 0, 0, 0, 0, 
970, 1, 953, 936, -1, 226, 154, 167.5, 12, ABprpppaapa, 0, 0, 0, 0, , 0, 0, 0, 0, 0, 
971, 1, 954, 937, -1, 235, 145, 177.0, 12, ABprpppaapp, 0, 0, 0, 0, , 0, 0, 0, 0, 0, 
972, 1, 955, 938, -1, 210, 154, 174.0, 12, ABprpppapaa, 0, 0, 0, 0, , 0, 0, 0, 0, 0, 
973, 1, 956, 939, -1, 198, 153, 119.0, 15, Cappppv, 0, 0, 0, 0, , 0, 0, 0, 0, 0, 
974, 1, 957, 940, -1, 178, 165, 142.5, 13, ABprpppapap, 0, 0, 0, 0, , 0, 0, 0, 0, 0, 
975, 1, 958, 941, -1, 234, 149, 155.0, 13, ABprppppaaa, 0, 0, 0, 0, , 0, 0, 0, 0, 0, 
976, 0, 959, -1, -1, 237, 161, 146.5, 12, , 0, 0, 0, 0, , 0, 0, 0, 0, 0, 
977, 1, 960, 943, -1, 235, 172, 138.0, 12, ABprpappppa, 0, 0, 0, 0, , 0, 0, 0, 0, 0, 
978, 1, 961, 944, -1, 237, 162, 146.0, 12, ABprppppaap, 0, 0, 0, 0, , 0, 0, 0, 0, 0, 
979, 1, 962, 945, -1, 216, 141, 157.0, 13, ABprppppapa, 0, 0, 0, 0, , 0, 0, 0, 0, 0, 
980, 1, 963, 946, -1, 206, 162, 148.0, 13, ABprppppapp, 0, 0, 0, 0, , 0, 0, 0, 0, 0, 
981, 1, 964, 947, -1, 269, 137, 167.0, 14, ABprpppppaa, 0, 0, 0, 0, , 0, 0, 0, 0, 0, 
982, 1, 965, 948, -1, 247, 149, 161.0, 15, ABprpppppap, 0, 0, 0, 0, , 0, 0, 0, 0, 0, 
983, 0, 966, -1, -1, 199, 171, 135.0, 13, , 0, 0, 0, 0, , 0, 0, 0, 0, 0, 
984, 1, 967, 950, -1, 200, 172, 134.5, 13, ABplppppppa, 0, 0, 0, 0, , 0, 0, 0, 0, 0, 
985, 1, 968, 951, -1, 194, 173, 144.0, 13, ABprppppppa, 0, 0, 0, 0, , 0, 0, 0, 0, 0, 
986, 1, 969, 952, -1, 196, 174, 117.5, 14, ABplppppppp, 0, 0, 0, 0, , 0, 0, 0, 0, 0, 
987, 1, 970, 953, -1, 182, 177, 151.0, 13, ABprppppppp, 0, 0, 0, 0, , 0, 0, 0, 0, 0, 
988, 0, 971, -1, -1, 70, 131, 87.0, 13, , 0, 0, 0, 0, , 0, 0, 0, 0, 0, 
989, 0, 972, -1, -1, 69, 131, 87.0, 13, , 0, 0, 0, 0, , 0, 0, 0, 0, 0, 
990, 1, 973, 956, -1, 105, 127, 99.0, 13, ABalapaappaa, 0, 0, 0, 0, , 0, 0, 0, 0, 0, 
991, 1, 974, 957, -1, 112, 112, 82.0, 13, ABalapaappap, 0, 0, 0, 0, , 0, 0, 0, 0, 0, 
992, 1, 975, 958, -1, 87, 86, 90.0, 14, ABalapapppp, 0, 0, 0, 0, , 0, 0, 0, 0, 0, 
993, 0, 976, -1, -1, 116, 87, 186.4754, 12, , 0, 0, 0, 0, , 0, 0, 0, 0, 0, 
994, 1, 977, 960, -1, 122, 80, 190.0, 12, ABalappapaa, 0, 0, 0, 0, , 0, 0, 0, 0, 0, 
995, 0, 978, -1, -1, 79, 115, 186.0, 13, , 0, 0, 0, 0, , 0, 0, 0, 0, 0, 
996, 0, 979, -1, -1, 77, 119, 181.0, 12, , 0, 0, 0, 0, , 0, 0, 0, 0, 0, 
997, 1, 980, 963, -1, 78, 115, 183.0, 12, ABalappappp, 0, 0, 0, 0, , 0, 0, 0, 0, 0, 
998, 1, 981, 964, -1, 77, 119, 179.5, 13, ABprpaapapa, 0, 0, 0, 0, , 0, 0, 0, 0, 0, 
999, 0, 982, -1, -1, 79, 112, 99.0, 13, , 0, 0, 0, 0, , 0, 0, 0, 0, 0, 
1000, 1, 983, 966, -1, 76, 106, 85.0, 12, ABalpaapppp, 0, 0, 0, 0, , 0, 0, 0, 0, 0, 
1001, 1, 984, 967, -1, 97, 106, 80.5, 15, ABplaapaapp, 0, 0, 0, 0, , 0, 0, 0, 0, 0, 
1002, 1, 985, 968, -1, 91, 123, 98.0, 13, ABalpppaapd, 0, 0, 0, 0, , 0, 0, 0, 0, 0, 
1003, 1, 986, 969, -1, 94, 121, 92.0, 14, ABplaapaapa, 0, 0, 0, 0, , 0, 0, 0, 0, 0, 
1004, 1, 987, 970, -1, 110, 132, 76.0, 12, ABalaaaalpp, 0, 0, 0, 0, , 0, 0, 0, 0, 0, 
1005, 1, 988, 971, -1, 141, 106, 106.0, 15, ABalpappaapa, 0, 0, 0, 0, , 0, 0, 0, 0, 0, 
1006, 1, 989, 972, -1, 154, 98, 104.5, 14, ABalpappaapp, 0, 0, 0, 0, , 0, 0, 0, 0, 0, 
1007, 1, 990, 973, -1, 172, 146, 103.0, 13, ABalpapappp, 0, 0, 0, 0, , 0, 0, 0, 0, 0, 
1008, 1, 991, 974, -1, 141, 159, 102.0, 12, ABplpaappppa, 0, 0, 0, 0, , 0, 0, 0, 0, 0, 
1009, 1, 992, 975, -1, 158, 152, 103.0, 12, ABplpaappppp, 0, 0, 0, 0, , 0, 0, 0, 0, 0, 
1010, 1, 993, 976, -1, 192, 94, 88.0, 13, ABplppaaaapp, 0, 0, 0, 0, , 0, 0, 0, 0, 0, 
1011, 0, 994, -1, -1, 105, 143, 91.0, 12, , 0, 0, 0, 0, , 0, 0, 0, 0, 0, 
1012, 0, 995, -1, -1, 109, 144, 71.0, 12, , 0, 0, 0, 0, , 0, 0, 0, 0, 0, 
1013, 1, 996, 979, -1, 69, 116, 169.0, 12, ABaraaapppp, 0, 0, 0, 0, , 0, 0, 0, 0, 0, 
1014, 1, 997, 980, -1, 102, 103, 127.0, 14, ABaraapaaap, 0, 0, 0, 0, , 0, 0, 0, 0, 0, 
1015, 1, 998, 981, -1, 121, 72, 128.5, 16, MSaaapaaa, 0, 0, 0, 0, , 0, 0, 0, 0, 0, 
1016, 1, 999, 982, -1, 119, 142, 90.0, 13, ABalppaappp, 0, 0, 0, 0, , 0, 0, 0, 0, 0, 
1017, 1, 1000, 983, -1, 114, 160, 123.0, 13, ABarappaapa, 0, 0, 0, 0, , 0, 0, 0, 0, 0, 
1018, 1, 1001, 984, -1, 94, 97, 92.5, 13, ABalppppapaa, 0, 0, 0, 0, , 0, 0, 0, 0, 0, 
1019, 1, 1002, 985, -1, 271, 136, 112.0, 16, MSappaap, 0, 0, 0, 0, , 0, 0, 0, 0, 0, 
1020, 1, 1003, 986, -1, 137, 114, 75.5, 14, ABalapaapaa, 0, 0, 0, 0, , 0, 0, 0, 0, 0, 
1021, 0, 1004, -1, -1, 158, 123, 97.5, 15, , 0, 0, 0, 0, , 0, 0, 0, 0, 0, 
1022, 0, 1006, -1, -1, 157, 122, 95.0, 15, , 0, 0, 0, 0, , 0, 0, 0, 0, 0, 
1023, 0, 1007, -1, -1, 171, 126, 112.5, 12, , 0, 0, 0, 0, , 0, 0, 0, 0, 0, 
1024, 0, 1008, -1, -1, 162, 137, 124.0, 12, , 0, 0, 0, 0, , 0, 0, 0, 0, 0, 
1025, 0, 1009, -1, -1, 158, 139, 131.0, 12, , 0, 0, 0, 0, , 0, 0, 0, 0, 0, 
1026, 0, 1010, -1, -1, 147, 136, 134.0, 13, , 0, 0, 0, 0, , 0, 0, 0, 0, 0, 
1027, 1, 1011, 993, -1, 147, 133, 118.0, 13, ABplpapaapa, 0, 0, 0, 0, , 0, 0, 0, 0, 0, 
1028, 1, 1012, 994, -1, 143, 156, 142.0, 12, ABprpapaapp, 0, 0, 0, 0, , 0, 0, 0, 0, 0, 
1029, 1, 1013, 995, -1, 150, 145, 148.0, 13, ABprpapaapa, 0, 0, 0, 0, , 0, 0, 0, 0, 0, 
1030, 1, 1014, 996, -1, 148, 137, 135.5, 13, ABalpapapaa, 0, 0, 0, 0, , 0, 0, 0, 0, 0, 
1031, 1, 1015, 997, -1, 151, 142, 143.0, 13, ABarappapaa, 0, 0, 0, 0, , 0, 0, 0, 0, 0, 
1032, 1, 1016, 998, -1, 187, 108, 103.0, 14, ABplpapapaa, 0, 0, 0, 0, , 0, 0, 0, 0, 0, 
1033, 1, 1017, 999, -1, 177, 115, 106.0, 15, ABplpapapap, 0, 0, 0, 0, , 0, 0, 0, 0, 0, 
1034, 1, 1018, 1000, -1, 227, 92, 119.5, 13, MSaappppa, 0, 0, 0, 0, , 0, 0, 0, 0, 0, 
1035, 1, 1019, 1001, -1, 211, 101, 114.0, 14, MSaapppap, 0, 0, 0, 0, , 0, 0, 0, 0, 0, 
1036, 0, 1020, -1, -1, 196, 131, 128.0, 10, , 0, 0, 0, 0, , 0, 0, 0, 0, 0, 
1037, 0, 1021, -1, -1, 197, 130, 125.0, 11, , 0, 0, 0, 0, , 0, 0, 0, 0, 0, 
1038, 0, 1022, -1, -1, 192, 130, 143.0, 13, , 0, 0, 0, 0, , 0, 0, 0, 0, 0, 
1039, 0, 1023, -1, -1, 196, 131, 125.0, 15, , 0, 0, 0, 0, , 0, 0, 0, 0, 0, 
1040, 0, 1024, -1, -1, 181, 143, 155.0, 12, , 0, 0, 0, 0, , 0, 0, 0, 0, 0, 
1041, 0, 1025, -1, -1, 179, 144, 164.5, 12, , 0, 0, 0, 0, , 0, 0, 0, 0, 0, 
1042, 1, 1026, 1008, -1, 174, 133, 144.5, 10, ABplppaappa, 0, 0, 0, 0, , 0, 0, 0, 0, 0, 
1043, 0, 1027, -1, -1, 182, 143, 152.0, 13, , 0, 0, 0, 0, , 0, 0, 0, 0, 0, 
1044, 1, 1028, 1010, -1, 267, 120, 139.0, 13, ABplppaappp, 0, 0, 0, 0, , 0, 0, 0, 0, 0, 
1045, 1, 1029, 1011, -1, 268, 99, 139.0, 13, ABplpapappp, 0, 0, 0, 0, , 0, 0, 0, 0, 0, 
1046, 1, 1030, 1012, -1, 196, 110, 151.5, 12, ABplppapaap, 0, 0, 0, 0, , 0, 0, 0, 0, 0, 
1047, 1, 1031, 1013, -1, 204, 106, 140.0, 13, ABplppappap, 0, 0, 0, 0, , 0, 0, 0, 0, 0, 
1048, 1, 1032, 1014, -1, 218, 134, 127.5, 13, ABplppppapa, 0, 0, 0, 0, , 0, 0, 0, 0, 0, 
1049, 1, 1033, 1015, -1, 135, 140, 189.0, 12, ABpraaaaaaa, 0, 0, 0, 0, , 0, 0, 0, 0, 0, 
1050, 1, 1034, 1016, -1, 105, 154, 178.0, 13, ABalaappapp, 0, 0, 0, 0, , 0, 0, 0, 0, 0, 
1051, 0, 1035, -1, -1, 104, 140, 181.0, 12, , 0, 0, 0, 0, , 0, 0, 0, 0, 0, 
1052, 1, 1036, 1018, -1, 86, 127, 164.0, 13, ABpraaaaapd, 0, 0, 0, 0, , 0, 0, 0, 0, 0, 
1053, 1, 1037, 1019, -1, 104, 140, 182.0, 13, ABalaapaapp, 0, 0, 0, 0, , 0, 0, 0, 0, 0, 
1054, 1, 1038, 1020, -1, 124, 129, 194.0, 12, ABalaappapa, 0, 0, 0, 0, , 0, 0, 0, 0, 0, 
1055, 1, 1039, 1021, -1, 134, 159, 162.0, 15, MSpppapp, 0, 0, 0, 0, , 0, 0, 0, 0, 0, 
1056, 1, 1040, 1022, -1, 166, 121, 174.0, 14, MSppppaa, 0, 0, 0, 0, , 0, 0, 0, 0, 0, 
1057, 1, 930, 1023, -1, 170, 120, 166.5, 13, ABprpappapa, 0, 0, 0, 0, , 0, 0, 0, 0, 0, 
1058, 1, 1041, 1024, -1, 179, 122, 181.0, 15, Dpaaa, 0, 0, 0, 0, , 0, 0, 0, 0, 0, 
1059, 1, 1042, 1025, -1, 175, 122, 132.5, 15, ABplpappaap, 0, 0, 0, 0, , 0, 0, 0, 0, 0, 
1060, 1, 1043, 1026, -1, 226, 157, 172.0, 14, ABprapppaaa, 0, 0, 0, 0, , 0, 0, 0, 0, 0, 
1061, 1, 1044, 1027, -1, 80, 112, 98.5, 13, ABalpaapppa, 0, 0, 0, 0, , 0, 0, 0, 0, 0, 
1062, 1, 1045, 1028, -1, 99, 110, 101.0, 14, ABalaaaarlp, 0, 0, 0, 0, , 0, 0, 0, 0, 0, 
1063, 0, 1046, -1, -1, 71, 131, 87.0, 13, , 0, 0, 0, 0, , 0, 0, 0, 0, 0, 
1064, 0, 1047, -1, -1, 70, 131, 86.5, 13, , 0, 0, 0, 0, , 0, 0, 0, 0, 0, 
1065, 1, 1048, 1031, -1, 107, 92, 192.5, 13, ABalaaapprl, 0, 0, 0, 0, , 0, 0, 0, 0, 0, 
1066, 0, 1049, -1, -1, 101, 85, 180.0, 12, , 0, 0, 0, 0, , 0, 0, 0, 0, 0, 
1067, 0, 1050, -1, -1, 101, 86, 181.0, 12, , 0, 0, 0, 0, , 0, 0, 0, 0, 0, 
1068, 1, 1051, 1033, -1, 100, 84, 188.0, 12, ABalaapaaar, 0, 0, 0, 0, , 0, 0, 0, 0, 0, 
1069, 0, 1052, -1, -1, 105, 142, 92.0, 12, , 0, 0, 0, 0, , 0, 0, 0, 0, 0, 
1070, 0, 1053, -1, -1, 122, 125, 87.0, 13, , 0, 0, 0, 0, , 0, 0, 0, 0, 0, 
1071, 0, 1054, -1, -1, 128, 122, 85.0, 12, , 0, 0, 0, 0, , 0, 0, 0, 0, 0, 
1072, 1, 1055, 1036, -1, 132, 121, 81.0, 13, ABplpaaaaaa, 0, 0, 0, 0, , 0, 0, 0, 0, 0, 
1073, 0, 1056, -1, -1, 106, 142, 91.0, 12, , 0, 0, 0, 0, , 0, 0, 0, 0, 0, 
1074, 0, 1057, -1, -1, 108, 142, 87.0, 12, , 0, 0, 0, 0, , 0, 0, 0, 0, 0, 
1075, 0, 1058, -1, -1, 106, 142, 92.5, 12, , 0, 0, 0, 0, , 0, 0, 0, 0, 0, 
1076, 1, 1059, 1041, -1, 106, 142, 85.0, 12, ABalppaaapp, 0, 0, 0, 0, , 0, 0, 0, 0, 0, 
1077, 1, 1060, 1042, -1, 105, 142, 91.0, 11, ABalpppaaap, 0, 0, 0, 0, , 0, 0, 0, 0, 0, 
1078, 1, 1061, 1043, -1, 216, 164, 94.0, 14, ABplapappppaa, 0, 0, 0, 0, , 0, 0, 0, 0, 0, 
1079, 1, 1062, 1044, -1, 238, 165, 97.0, 12, ABplapappppap, 0, 0, 0, 0, , 0, 0, 0, 0, 0, 
1080, 0, 1063, -1, -1, 159, 138, 120.0, 12, , 0, 0, 0, 0, , 0, 0, 0, 0, 0, 
1081, 0, 1064, -1, -1, 161, 138, 125.0, 12, , 0, 0, 0, 0, , 0, 0, 0, 0, 0, 
1082, 1, 1065, 1047, -1, 157, 139, 123.0, 12, ABplpaapppa, 0, 0, 0, 0, , 0, 0, 0, 0, 0, 
1083, 1, 1066, 1048, -1, 162, 136, 126.0, 12, ABplpapaaap, 0, 0, 0, 0, , 0, 0, 0, 0, 0, 
1084, 1, 1067, 1049, -1, 154, 138, 131.0, 12, ABplpaaaapa, 0, 0, 0, 0, , 0, 0, 0, 0, 0, 
1085, 0, 1068, -1, -1, 169, 126, 116.0, 14, , 0, 0, 0, 0, , 0, 0, 0, 0, 0, 
1086, 1, 1069, 1051, -1, 213, 51, 141.0, 12, MSaapappp, 0, 0, 0, 0, , 0, 0, 0, 0, 0, 
1087, 1, 1070, 1052, -1, 218, 74, 133.0, 14, MSaappaa, 0, 0, 0, 0, , 0, 0, 0, 0, 0, 
1088, 1, 1071, 1053, -1, 98, 68, 99.0, 15, MSapaaap, 0, 0, 0, 0, , 0, 0, 0, 0, 0, 
1089, 1, 1072, 1054, -1, 202, 47, 159.5, 15, MSpaapapp, 0, 0, 0, 0, , 0, 0, 0, 0, 0, 
1090, 1, 1074, 1055, -1, 80, 105, 142.0, 12, ABarpaaapaa, 0, 0, 0, 0, , 0, 0, 0, 0, 0, 
1091, 1, 1073, 1056, -1, 77, 105, 149.5, 10, ABalappppaaa, 0, 0, 0, 0, , 0, 0, 0, 0, 0, 
1092, 1, 1075, 1057, -1, 180, 143, 156.5, 12, ABprpapappa, 0, 0, 0, 0, , 0, 0, 0, 0, 0, 
1093, 1, 1076, 1058, -1, 181, 143, 153.0, 13, ABprppaappa, 0, 0, 0, 0, , 0, 0, 0, 0, 0, 
1094, 1, 1077, 1059, -1, 179, 142, 165.0, 13, ABprapaapa, 0, 0, 0, 0, , 0, 0, 0, 0, 0, 
1095, 1, 1078, 1060, -1, 92, 115, 157.0, 13, ABalaappppp, 0, 0, 0, 0, , 0, 0, 0, 0, 0, 
1096, 0, 1079, -1, -1, 105, 129, 102.0, 13, , 0, 0, 0, 0, , 0, 0, 0, 0, 0, 
1097, 1, 1080, 1062, -1, 199, 122, 100.0, 14, MSaapppaa, 0, 0, 0, 0, , 0, 0, 0, 0, 0, 
1098, 1, 1081, 1063, -1, 157, 123, 98.0, 15, MSappapp, 0, 0, 0, 0, , 0, 0, 0, 0, 0, 
1099, 1, 1082, 1064, -1, 100, 85, 185.0, 12, ABalapppppa, 0, 0, 0, 0, , 0, 0, 0, 0, 0, 
1100, 1, 1083, 1065, -1, 175, 88, 71.0, 14, ABplpaapaap, 0, 0, 0, 0, , 0, 0, 0, 0, 0, 
1101, 0, 1084, -1, -1, 175, 88, 74.5, 13, , 0, 0, 0, 0, , 0, 0, 0, 0, 0, 
1102, 1, 1085, 1067, -1, 176, 87, 88.0, 13, ABplpaappap, 0, 0, 0, 0, , 0, 0, 0, 0, 0, 
1103, 1, 1086, 1068, -1, 119, 119, 71.0, 13, ABalppapaaa, 0, 0, 0, 0, , 0, 0, 0, 0, 0, 
1104, 1, 1087, 1069, -1, 131, 122, 85.0, 12, ABalppaaapa, 0, 0, 0, 0, , 0, 0, 0, 0, 0, 
1105, 1, 1089, 1070, -1, 122, 124, 88.0, 11, ABalppappap, 0, 0, 0, 0, , 0, 0, 0, 0, 0, 
1106, 1, 1090, 1071, -1, 64, 112, 126.5, 15, ABplaapaaaa, 0, 0, 0, 0, , 0, 0, 0, 0, 0, 
1107, 1, 1091, 1072, -1, 208, 114, 116.5, 13, ABarappappa, 0, 0, 0, 0, , 0, 0, 0, 0, 0, 
1108, 1, 1092, 1073, -1, 202, 108, 127.0, 13, ABplppappaa, 0, 0, 0, 0, , 0, 0, 0, 0, 0, 
1109, 1, 1093, 1074, -1, 122, 122, 120.0, 13, ABalpaaaapa, 0, 0, 0, 0, , 0, 0, 0, 0, 0, 
1110, 1, 1094, 1075, -1, 183, 107, 77.0, 14, ABplppaapap, 0, 0, 0, 0, , 0, 0, 0, 0, 0, 
1111, 1, 1095, 1076, -1, 158, 43, 106.0, 14, ABalapaaapa, 0, 0, 0, 0, , 0, 0, 0, 0, 0, 
1112, 1, 1096, 1077, -1, 124, 70, 82.0, 13, ABalaaaalal, 0, 0, 0, 0, , 0, 0, 0, 0, 0, 
1113, 1, 1097, 1078, -1, 79, 74, 113.5, 14, MSapappp, 0, 0, 0, 0, , 0, 0, 0, 0, 0, 
1114, 1, 1098, 1079, -1, 90, 67, 125.0, 13, ABalappaapa, 0, 0, 0, 0, , 0, 0, 0, 0, 0, 
1115, 1, 1099, 1080, -1, 79, 73, 109.0, 13, ABalapapapaa, 0, 0, 0, 0, , 0, 0, 0, 0, 0, 
