1, 0, 1, -1, -1, 101, 102, 123.0, 11, , 69, 0, 0, 0, , 0, 0, 0, 0, 0, 
2, 0, 3, -1, -1, 154, 99, 161.0, 11, , 99, 0, 0, 0, , 0, 0, 0, 0, 0, 
3, 0, 4, -1, -1, 279, 71, 191.0, 9, , 30, 0, 0, 0, , 0, 0, 0, 0, 0, 
4, 0, 5, -1, -1, 78, 113, 179.0, 9, , 41, 0, 0, 0, , 0, 0, 0, 0, 0, 
5, 0, 6, -1, -1, 89, 122, 128.0, 9, , 38, 0, 0, 0, , 0, 0, 0, 0, 0, 
6, 0, 7, -1, -1, 130, 120, 87.0, 9, , 86, 0, 0, 0, , 0, 0, 0, 0, 0, 
7, 0, 8, -1, -1, 58, 118, 144.0, 9, , 46, 0, 0, 0, , 0, 0, 0, 0, 0, 
8, 0, 9, -1, -1, 153, 99, 163.0, 9, , 64, 0, 0, 0, , 0, 0, 0, 0, 0, 
9, 0, 10, -1, -1, 149, 138, 196.0, 9, , 20, 0, 0, 0, , 0, 0, 0, 0, 0, 
10, 0, 11, -1, -1, 98, 137, 157.0, 11, , 140, 0, 0, 0, , 0, 0, 0, 0, 0, 
11, 0, 14, -1, -1, 169, 100, 177.0, 9, , 38, 0, 0, 0, , 0, 0, 0, 0, 0, 
12, 0, 15, -1, -1, 187, 77, 194.0, 7, , 31, 0, 0, 0, , 0, 0, 0, 0, 0, 
13, 0, 16, -1, -1, 101, 105, 138.0, 9, , 77, 0, 0, 0, , 0, 0, 0, 0, 0, 
14, 0, 17, -1, -1, 290, 89, 183.0, 11, , 67, 0, 0, 0, , 0, 0, 0, 0, 0, 
15, 0, 18, -1, -1, 171, 98, 206.0, 9, , 70, 0, 0, 0, , 0, 0, 0, 0, 0, 
16, 0, 19, -1, -1, 139, 76, 172.0, 11, , 92, 0, 0, 0, , 0, 0, 0, 0, 0, 
17, 0, 20, -1, -1, 217, 88, 190.0, 11, , 57, 0, 0, 0, , 0, 0, 0, 0, 0, 
18, 0, 21, -1, -1, 103, 130, 138.0, 9, , 69, 0, 0, 0, , 0, 0, 0, 0, 0, 
19, 0, 23, -1, -1, 118, 109, 158.0, 9, , 40, 0, 0, 0, , 0, 0, 0, 0, 0, 
20, 0, 24, -1, -1, 65, 127, 144.0, 7, , 12, 0, 0, 0, , 0, 0, 0, 0, 0, 
21, 0, 25, -1, -1, 277, 70, 191.0, 9, , 41, 0, 0, 0, , 0, 0, 0, 0, 0, 
22, 0, 26, -1, -1, 120, 131, 141.0, 9, , 27, 0, 0, 0, , 0, 0, 0, 0, 0, 
23, 0, 27, -1, -1, 170, 85, 117.0, 9, , 60, 0, 0, 0, , 0, 0, 0, 0, 0, 
24, 0, 28, -1, -1, 169, 85, 113.0, 9, , 48, 0, 0, 0, , 0, 0, 0, 0, 0, 
25, 0, 29, -1, -1, 110, 92, 129.0, 9, , 30, 0, 0, 0, , 0, 0, 0, 0, 0, 
26, 0, 30, -1, -1, 153, 104, 176.0, 9, , 43, 0, 0, 0, , 0, 0, 0, 0, 0, 
27, 0, 31, -1, -1, 151, 153, 181.0, 9, , 21, 0, 0, 0, , 0, 0, 0, 0, 0, 
28, 0, 32, -1, -1, 123, 158, 152.0, 11, , 48, 0, 0, 0, , 0, 0, 0, 0, 0, 
29, 0, 33, -1, -1, 194, 84, 190.0, 9, , 34, 0, 0, 0, , 0, 0, 0, 0, 0, 
30, 0, 34, -1, -1, 104, 160, 149.0, 9, , 15, 0, 0, 0, , 0, 0, 0, 0, 0, 
31, 0, 35, -1, -1, 118, 110, 151.0, 11, , 225, 0, 0, 0, , 0, 0, 0, 0, 0, 
32, 0, 36, -1, -1, 130, 119, 146.0, 7, , 61, 0, 0, 0, , 0, 0, 0, 0, 0, 
33, 0, 37, -1, -1, 174, 118, 191.0, 7, , 15, 0, 0, 0, , 0, 0, 0, 0, 0, 
34, 0, 38, -1, -1, 126, 171, 123.0, 9, , 9, 0, 0, 0, , 0, 0, 0, 0, 0, 
35, 0, 40, -1, -1, 307, 120, 185.0, 9, , 44, 0, 0, 0, , 0, 0, 0, 0, 0, 
36, 0, 42, -1, -1, 135, 119, 148.0, 9, , 46, 0, 0, 0, , 0, 0, 0, 0, 0, 
37, 0, 43, -1, -1, 287, 91, 188.0, 9, , 52, 0, 0, 0, , 0, 0, 0, 0, 0, 
38, 0, 44, -1, -1, 110, 84, 126.0, 9, , 53, 0, 0, 0, , 0, 0, 0, 0, 0, 
39, 0, 45, -1, -1, 100, 101, 127.0, 9, , 69, 0, 0, 0, , 0, 0, 0, 0, 0, 
40, 0, 46, -1, -1, 180, 157, 168.0, 7, , 22, 0, 0, 0, , 0, 0, 0, 0, 0, 
41, 0, 47, -1, -1, 106, 130, 143.0, 11, , 102, 0, 0, 0, , 0, 0, 0, 0, 0, 
42, 0, 48, -1, -1, 105, 90, 161.0, 11, , 27, 0, 0, 0, , 0, 0, 0, 0, 0, 
43, 0, 49, -1, -1, 98, 135, 153.0, 9, , 101, 0, 0, 0, , 0, 0, 0, 0, 0, 
44, 0, 50, -1, -1, 307, 60, 170.0, 7, , 29, 0, 0, 0, , 0, 0, 0, 0, 0, 
45, 0, 51, -1, -1, 138, 104, 163.0, 9, , 15, 0, 0, 0, , 0, 0, 0, 0, 0, 
46, 0, 52, -1, -1, 117, 88, 178.0, 11, , 52, 0, 0, 0, , 0, 0, 0, 0, 0, 
47, 0, 53, -1, -1, 125, 127, 179.0, 11, , 105, 0, 0, 0, , 0, 0, 0, 0, 0, 
48, 0, 54, -1, -1, 120, 127, 144.0, 11, , 155, 0, 0, 0, , 0, 0, 0, 0, 0, 
49, 0, 55, -1, -1, 161, 86, 189.0, 9, , 29, 0, 0, 0, , 0, 0, 0, 0, 0, 
50, 0, 56, -1, -1, 280, 68, 195.0, 9, , 15, 0, 0, 0, , 0, 0, 0, 0, 0, 
51, 0, 57, -1, -1, 148, 139, 191.0, 7, , 23, 0, 0, 0, , 0, 0, 0, 0, 0, 
52, 0, 58, -1, -1, 172, 94, 96.0, 11, , 49, 0, 0, 0, , 0, 0, 0, 0, 0, 
53, 0, 59, -1, -1, 94, 66, 105.0, 9, , 19, 0, 0, 0, , 0, 0, 0, 0, 0, 
54, 0, 60, -1, -1, 141, 159, 100.0, 11, , 74, 0, 0, 0, , 0, 0, 0, 0, 0, 
55, 0, 61, -1, -1, 87, 148, 92.0, 11, , 51, 0, 0, 0, , 0, 0, 0, 0, 0, 
56, 0, 62, -1, -1, 185, 137, 111.0, 11, , 114, 0, 0, 0, , 0, 0, 0, 0, 0, 
57, 0, 63, -1, -1, 87, 148, 94.0, 11, , 45, 0, 0, 0, , 0, 0, 0, 0, 0, 
58, 0, 65, -1, -1, 176, 44, 131.0, 9, , 20, 0, 0, 0, , 0, 0, 0, 0, 0, 
59, 0, 66, -1, -1, 116, 156, 133.0, 11, , 80, 0, 0, 0, , 0, 0, 0, 0, 0, 
60, 0, 68, -1, -1, 310, 61, 165.0, 11, , 79, 0, 0, 0, , 0, 0, 0, 0, 0, 
61, 0, 69, -1, -1, 138, 75, 174.0, 9, , 43, 0, 0, 0, , 0, 0, 0, 0, 0, 
62, 0, 70, -1, -1, 255, 48, 186.0, 9, , 8, 0, 0, 0, , 0, 0, 0, 0, 0, 
63, 0, 75, -1, -1, 261, 49, 182.0, 9, , 41, 0, 0, 0, , 0, 0, 0, 0, 0, 
64, 0, 76, -1, -1, 157, 75, 195.0, 7, , 24, 0, 0, 0, , 0, 0, 0, 0, 0, 
65, 0, 77, -1, -1, 287, 103, 140.0, 11, , 50, 0, 0, 0, , 0, 0, 0, 0, 0, 
66, 0, 78, -1, -1, 131, 146, 93.0, 9, , 7, 0, 0, 0, , 0, 0, 0, 0, 0, 
67, 0, 79, -1, -1, 134, 133, 86.0, 11, , 7, 0, 0, 0, , 0, 0, 0, 0, 0, 
68, 0, 80, -1, -1, 185, 137, 107.0, 9, , 51, 0, 0, 0, , 0, 0, 0, 0, 0, 
69, 0, 81, -1, -1, 185, 137, 115.0, 11, , 84, 0, 0, 0, , 0, 0, 0, 0, 0, 
70, 0, 82, -1, -1, 135, 119, 116.0, 9, , 19, 0, 0, 0, , 0, 0, 0, 0, 0, 
71, 0, 83, -1, -1, 209, 113, 115.0, 11, , 32, 0, 0, 0, , 0, 0, 0, 0, 0, 
72, 0, 84, -1, -1, 91, 114, 127.0, 7, , 36, 0, 0, 0, , 0, 0, 0, 0, 0, 
73, 0, 85, -1, -1, 122, 170, 131.0, 7, , 15, 0, 0, 0, , 0, 0, 0, 0, 0, 
74, 0, 86, -1, -1, 200, 46, 138.0, 9, , 35, 0, 0, 0, , 0, 0, 0, 0, 0, 
75, 0, 87, -1, -1, 267, 120, 138.0, 9, , 26, 0, 0, 0, , 0, 0, 0, 0, 0, 
76, 0, 88, -1, -1, 133, 119, 150.0, 11, , 77, 0, 0, 0, , 0, 0, 0, 0, 0, 
77, 0, 90, -1, -1, 169, 146, 154.0, 9, , 39, 0, 0, 0, , 0, 0, 0, 0, 0, 
78, 0, 91, -1, -1, 168, 147, 158.0, 9, , 54, 0, 0, 0, , 0, 0, 0, 0, 0, 
79, 0, 92, -1, -1, 117, 109, 155.0, 11, , 134, 0, 0, 0, , 0, 0, 0, 0, 0, 
80, 0, 93, -1, -1, 312, 63, 168.0, 9, , 25, 0, 0, 0, , 0, 0, 0, 0, 0, 
81, 0, 94, -1, -1, 83, 131, 155.0, 7, , 31, 0, 0, 0, , 0, 0, 0, 0, 0, 
82, 0, 95, -1, -1, 234, 144, 175.0, 11, , 46, 0, 0, 0, , 0, 0, 0, 0, 0, 
83, 0, 96, -1, -1, 142, 103, 168.0, 7, , 21, 0, 0, 0, , 0, 0, 0, 0, 0, 
84, 0, 97, -1, -1, 310, 120, 182.0, 9, , 5, 0, 0, 0, , 0, 0, 0, 0, 0, 
85, 0, 98, -1, -1, 121, 89, 181.0, 9, , 43, 0, 0, 0, , 0, 0, 0, 0, 0, 
86, 0, 99, -1, -1, 301, 122, 187.0, 9, , 42, 0, 0, 0, , 0, 0, 0, 0, 0, 
87, 0, 100, -1, -1, 217, 87, 196.0, 11, , 102, 0, 0, 0, , 0, 0, 0, 0, 0, 
88, 0, 101, -1, -1, 191, 82, 193.0, 9, , 75, 0, 0, 0, , 0, 0, 0, 0, 0, 
89, 0, 102, -1, -1, 176, 80, 194.0, 9, , 14, 0, 0, 0, , 0, 0, 0, 0, 0, 
90, 0, 103, -1, -1, 170, 97, 209.0, 7, , 25, 0, 0, 0, , 0, 0, 0, 0, 0, 
91, 0, 104, -1, -1, 168, 87, 206.0, 9, , 9, 0, 0, 0, , 0, 0, 0, 0, 0, 
92, 0, 106, -1, -1, 176, 45, 132.0, 11, , 26, 0, 0, 0, , 0, 0, 0, 0, 0, 
93, 0, 108, -1, -1, 111, 159, 126.0, 9, , 20, 0, 0, 0, , 0, 0, 0, 0, 0, 
94, 0, 109, -1, -1, 212, 116, 134.0, 9, , 16, 0, 0, 0, , 0, 0, 0, 0, 0, 
95, 0, 110, -1, -1, 148, 134, 135.0, 9, , 65, 0, 0, 0, , 0, 0, 0, 0, 0, 
96, 0, 111, -1, -1, 168, 79, 175.0, 11, , 50, 0, 0, 0, , 0, 0, 0, 0, 0, 
97, 0, 113, -1, -1, 166, 103, 197.0, 9, , 53, 0, 0, 0, , 0, 0, 0, 0, 0, 
98, 0, 114, -1, -1, 148, 131, 120.0, 11, , 54, 0, 0, 0, , 0, 0, 0, 0, 0, 
99, 0, 115, -1, -1, 61, 88, 138.0, 9, , 43, 0, 0, 0, , 0, 0, 0, 0, 0, 
100, 0, 116, -1, -1, 149, 140, 188.0, 9, , 18, 0, 0, 0, , 0, 0, 0, 0, 0, 
101, 0, 117, -1, -1, 58, 119, 140.0, 9, , 30, 0, 0, 0, , 0, 0, 0, 0, 0, 
102, 0, 118, -1, -1, 194, 129, 134.0, 9, , 26, 0, 0, 0, , 0, 0, 0, 0, 0, 
103, 0, 119, -1, -1, 170, 146, 152.0, 9, , 40, 0, 0, 0, , 0, 0, 0, 0, 0, 
104, 0, 120, -1, -1, 214, 86, 201.0, 11, , 59, 0, 0, 0, , 0, 0, 0, 0, 0, 
105, 0, 121, -1, -1, 191, 83, 193.0, 9, , 54, 0, 0, 0, , 0, 0, 0, 0, 0, 
106, 0, 122, -1, -1, 198, 45, 146.0, 11, , 19, 0, 0, 0, , 0, 0, 0, 0, 0, 
107, 0, 123, -1, -1, 254, 130, 148.0, 9, , 30, 0, 0, 0, , 0, 0, 0, 0, 0, 
108, 0, 124, -1, -1, 179, 141, 159.0, 11, , 66, 0, 0, 0, , 0, 0, 0, 0, 0, 
109, 0, 126, -1, -1, 213, 83, 192.0, 7, , 27, 0, 0, 0, , 0, 0, 0, 0, 0, 
110, 0, 128, -1, -1, 154, 52, 159.0, 7, , 4, 0, 0, 0, , 0, 0, 0, 0, 0, 
111, 0, 130, -1, -1, 118, 151, 94.0, 7, , 21, 0, 0, 0, , 0, 0, 0, 0, 0, 
112, 0, 132, -1, -1, 99, 108, 82.0, 9, , 40, 0, 0, 0, , 0, 0, 0, 0, 0, 
113, 0, 133, -1, -1, 123, 151, 77.0, 9, , 30, 0, 0, 0, , 0, 0, 0, 0, 0, 
114, 0, 134, -1, -1, 130, 170, 93.0, 7, , 27, 0, 0, 0, , 0, 0, 0, 0, 0, 
115, 0, 135, -1, -1, 174, 145, 114.0, 9, , 29, 0, 0, 0, , 0, 0, 0, 0, 0, 
116, 0, 136, -1, -1, 92, 117, 129.0, 11, , 108, 0, 0, 0, , 0, 0, 0, 0, 0, 
117, 0, 137, -1, -1, 92, 115, 131.0, 9, , 79, 0, 0, 0, , 0, 0, 0, 0, 0, 
118, 0, 138, -1, -1, 198, 144, 153.0, 9, , 38, 0, 0, 0, , 0, 0, 0, 0, 0, 
119, 0, 139, -1, -1, 141, 116, 165.0, 9, , 53, 0, 0, 0, , 0, 0, 0, 0, 0, 
120, 0, 140, -1, -1, 234, 146, 178.0, 9, , 44, 0, 0, 0, , 0, 0, 0, 0, 0, 
121, 0, 141, -1, -1, 169, 101, 180.0, 11, , 50, 0, 0, 0, , 0, 0, 0, 0, 0, 
122, 0, 142, -1, -1, 104, 132, 103.0, 15, , 274, 0, 0, 0, , 0, 0, 0, 0, 0, 
123, 0, 144, -1, -1, 77, 121, 178.0, 9, , 14, 0, 0, 0, , 0, 0, 0, 0, 0, 
124, 0, 145, -1, -1, 174, 124, 195.0, 9, , 36, 0, 0, 0, , 0, 0, 0, 0, 0, 
125, 0, 146, -1, -1, 140, 159, 97.0, 11, , 79, 0, 0, 0, , 0, 0, 0, 0, 0, 
126, 0, 147, -1, -1, 56, 109, 90.0, 9, , 6, 0, 0, 0, , 0, 0, 0, 0, 0, 
127, 0, 148, -1, -1, 101, 135, 101.0, 9, , 45, 0, 0, 0, , 0, 0, 0, 0, 0, 
128, 0, 149, -1, -1, 102, 135, 104.0, 9, , 34, 0, 0, 0, , 0, 0, 0, 0, 0, 
129, 0, 151, -1, -1, 142, 115, 169.0, 11, , 58, 0, 0, 0, , 0, 0, 0, 0, 0, 
130, 0, 152, -1, -1, 154, 114, 176.0, 9, , 36, 0, 0, 0, , 0, 0, 0, 0, 0, 
131, 0, 153, -1, -1, 154, 114, 178.0, 9, , 32, 0, 0, 0, , 0, 0, 0, 0, 0, 
132, 0, 154, -1, -1, 169, 102, 189.0, 11, , 43, 0, 0, 0, , 0, 0, 0, 0, 0, 
133, 0, 155, -1, -1, 183, 115, 193.0, 9, , 37, 0, 0, 0, , 0, 0, 0, 0, 0, 
134, 0, 156, -1, -1, 113, 156, 128.0, 9, , 31, 0, 0, 0, , 0, 0, 0, 0, 0, 
135, 0, 157, -1, -1, 160, 87, 183.0, 9, , 50, 0, 0, 0, , 0, 0, 0, 0, 0, 
136, 0, 158, -1, -1, 119, 161, 120.0, 7, , 12, 0, 0, 0, , 0, 0, 0, 0, 0, 
137, 0, 159, -1, -1, 127, 114, 150.0, 9, , 50, 0, 0, 0, , 0, 0, 0, 0, 0, 
138, 0, 160, -1, -1, 117, 90, 176.0, 11, , 30, 0, 0, 0, , 0, 0, 0, 0, 0, 
139, 0, 161, -1, -1, 166, 87, 138.0, 7, , 25, 0, 0, 0, , 0, 0, 0, 0, 0, 
140, 0, 162, -1, -1, 123, 75, 95.0, 11, , 70, 0, 0, 0, , 0, 0, 0, 0, 0, 
141, 0, 163, -1, -1, 160, 136, 123.0, 9, , 40, 0, 0, 0, , 0, 0, 0, 0, 0, 
142, 0, 164, -1, -1, 198, 64, 103.0, 7, , 29, 0, 0, 0, , 0, 0, 0, 0, 0, 
143, 0, 165, -1, -1, 111, 92, 148.0, 9, , 60, 0, 0, 0, , 0, 0, 0, 0, 0, 
144, 0, 166, -1, -1, 170, 145, 146.0, 9, , 26, 0, 0, 0, , 0, 0, 0, 0, 0, 
145, 0, 167, -1, -1, 132, 124, 148.0, 9, , 38, 0, 0, 0, , 0, 0, 0, 0, 0, 
146, 0, 168, -1, -1, 199, 142, 148.0, 9, , 17, 0, 0, 0, , 0, 0, 0, 0, 0, 
147, 0, 169, -1, -1, 86, 126, 167.0, 11, , 94, 0, 0, 0, , 0, 0, 0, 0, 0, 
148, 0, 170, -1, -1, 87, 125, 172.0, 7, , 27, 0, 0, 0, , 0, 0, 0, 0, 0, 
149, 0, 171, -1, -1, 117, 125, 139.0, 9, , 44, 0, 0, 0, , 0, 0, 0, 0, 0, 
150, 0, 174, -1, -1, 140, 142, 134.0, 9, , 70, 0, 0, 0, , 0, 0, 0, 0, 0, 
151, 0, 175, -1, -1, 169, 101, 183.0, 11, , 62, 0, 0, 0, , 0, 0, 0, 0, 0, 
152, 0, 177, -1, -1, 198, 42, 145.0, 9, , 18, 0, 0, 0, , 0, 0, 0, 0, 0, 
153, 0, 178, -1, -1, 182, 156, 162.0, 9, , 14, 0, 0, 0, , 0, 0, 0, 0, 0, 
154, 0, 179, -1, -1, 141, 104, 166.0, 7, , 25, 0, 0, 0, , 0, 0, 0, 0, 0, 
155, 0, 180, -1, -1, 121, 148, 167.0, 11, , 54, 0, 0, 0, , 0, 0, 0, 0, 0, 
156, 0, 181, -1, -1, 168, 144, 133.0, 9, , 6, 0, 0, 0, , 0, 0, 0, 0, 0, 
157, 0, 182, -1, -1, 107, 83, 136.0, 9, , 30, 0, 0, 0, , 0, 0, 0, 0, 0, 
158, 0, 183, -1, -1, 152, 99, 158.0, 11, , 103, 0, 0, 0, , 0, 0, 0, 0, 0, 
159, 0, 184, -1, -1, 87, 131, 161.0, 9, , 56, 0, 0, 0, , 0, 0, 0, 0, 0, 
160, 0, 185, -1, -1, 174, 83, 187.0, 7, , 17, 0, 0, 0, , 0, 0, 0, 0, 0, 
161, 0, 186, -1, -1, 174, 118, 193.0, 9, , 20, 0, 0, 0, , 0, 0, 0, 0, 0, 
162, 0, 187, -1, -1, 170, 83, 123.0, 9, , 44, 0, 0, 0, , 0, 0, 0, 0, 0, 
163, 0, 188, -1, -1, 137, 145, 140.0, 9, , 30, 0, 0, 0, , 0, 0, 0, 0, 0, 
164, 0, 189, -1, -1, 190, 83, 197.0, 9, , 21, 0, 0, 0, , 0, 0, 0, 0, 0, 
165, 0, 191, -1, -1, 325, 73, 129.0, 9, , 18, 0, 0, 0, , 0, 0, 0, 0, 0, 
166, 0, 192, -1, -1, 216, 84, 198.0, 13, , 49, 0, 0, 0, , 0, 0, 0, 0, 0, 
167, 0, 193, -1, -1, 124, 171, 126.0, 7, , 31, 0, 0, 0, , 0, 0, 0, 0, 0, 
168, 0, 194, -1, -1, 172, 71, 113.0, 9, , 62, 0, 0, 0, , 0, 0, 0, 0, 0, 
169, 0, 195, -1, -1, 117, 171, 146.0, 7, , 34, 0, 0, 0, , 0, 0, 0, 0, 0, 
170, 0, 196, -1, -1, 192, 91, 138.0, 9, , 14, 0, 0, 0, , 0, 0, 0, 0, 0, 
171, 0, 197, -1, -1, 192, 129, 143.0, 9, , 45, 0, 0, 0, , 0, 0, 0, 0, 0, 
172, 0, 198, -1, -1, 134, 119, 153.0, 9, , 65, 0, 0, 0, , 0, 0, 0, 0, 0, 
173, 0, 199, -1, -1, 79, 154, 150.0, 9, , 28, 0, 0, 0, , 0, 0, 0, 0, 0, 
174, 0, 200, -1, -1, 102, 127, 128.0, 9, , 5, 0, 0, 0, , 0, 0, 0, 0, 0, 
175, 0, 201, -1, -1, 156, 135, 131.0, 9, , 7, 0, 0, 0, , 0, 0, 0, 0, 0, 
176, 0, 202, -1, -1, 125, 150, 74.0, 9, , 37, 0, 0, 0, , 0, 0, 0, 0, 0, 
177, 0, 203, -1, -1, 125, 128, 176.0, 9, , 38, 0, 0, 0, , 0, 0, 0, 0, 0, 
178, 0, 204, -1, -1, 212, 82, 196.0, 7, , 21, 0, 0, 0, , 0, 0, 0, 0, 0, 
179, 0, 205, -1, -1, 253, 166, 173.0, 9, , 4, 0, 0, 0, , 0, 0, 0, 0, 0, 
180, 0, 206, -1, -1, 169, 147, 156.0, 9, , 40, 0, 0, 0, , 0, 0, 0, 0, 0, 
181, 0, 207, -1, -1, 155, 100, 178.0, 9, , 25, 0, 0, 0, , 0, 0, 0, 0, 0, 
182, 0, 208, -1, -1, 179, 109, 191.0, 9, , 24, 0, 0, 0, , 0, 0, 0, 0, 0, 
183, 0, 209, -1, -1, 139, 88, 92.0, 7, , 24, 0, 0, 0, , 0, 0, 0, 0, 0, 
184, 0, 210, -1, -1, 157, 44, 117.0, 7, , 19, 0, 0, 0, , 0, 0, 0, 0, 0, 
185, 0, 211, -1, -1, 97, 145, 120.0, 11, , 63, 0, 0, 0, , 0, 0, 0, 0, 0, 
186, 0, 212, -1, -1, 114, 156, 130.0, 9, , 49, 0, 0, 0, , 0, 0, 0, 0, 0, 
187, 0, 213, -1, -1, 77, 153, 144.0, 9, , 48, 0, 0, 0, , 0, 0, 0, 0, 0, 
188, 0, 214, -1, -1, 59, 118, 147.0, 9, , 45, 0, 0, 0, , 0, 0, 0, 0, 0, 
189, 0, 215, -1, -1, 251, 44, 185.0, 9, , 19, 0, 0, 0, , 0, 0, 0, 0, 0, 
190, 0, 217, -1, -1, 107, 128, 99.0, 9, , 19, 0, 0, 0, , 0, 0, 0, 0, 0, 
191, 0, 219, -1, -1, 225, 105, 140.0, 9, , 30, 0, 0, 0, , 0, 0, 0, 0, 0, 
192, 0, 220, -1, -1, 90, 172, 136.0, 9, , 34, 0, 0, 0, , 0, 0, 0, 0, 0, 
193, 0, 221, -1, -1, 172, 131, 144.0, 9, , 13, 0, 0, 0, , 0, 0, 0, 0, 0, 
194, 0, 222, -1, -1, 287, 95, 193.0, 11, , 54, 0, 0, 0, , 0, 0, 0, 0, 0, 
195, 0, 223, -1, -1, 140, 79, 165.0, 9, , 39, 0, 0, 0, , 0, 0, 0, 0, 0, 
196, 0, 224, -1, -1, 185, 96, 189.0, 9, , 7, 0, 0, 0, , 0, 0, 0, 0, 0, 
197, 0, 225, -1, -1, 173, 120, 200.0, 7, , 20, 0, 0, 0, , 0, 0, 0, 0, 0, 
198, 0, 226, -1, -1, 123, 171, 146.0, 9, , 34, 0, 0, 0, , 0, 0, 0, 0, 0, 
199, 0, 228, -1, -1, 184, 138, 109.0, 9, , 25, 0, 0, 0, , 0, 0, 0, 0, 0, 
200, 0, 229, -1, -1, 172, 124, 108.0, 9, , 14, 0, 0, 0, , 0, 0, 0, 0, 0, 
201, 0, 230, -1, -1, 119, 167, 120.0, 9, , 18, 0, 0, 0, , 0, 0, 0, 0, 0, 
202, 0, 231, -1, -1, 93, 153, 119.0, 9, , 41, 0, 0, 0, , 0, 0, 0, 0, 0, 
203, 0, 232, -1, -1, 83, 164, 126.0, 9, , 33, 0, 0, 0, , 0, 0, 0, 0, 0, 
204, 0, 233, -1, -1, 140, 76, 169.0, 11, , 141, 0, 0, 0, , 0, 0, 0, 0, 0, 
205, 0, 234, -1, -1, 276, 132, 185.0, 9, , 24, 0, 0, 0, , 0, 0, 0, 0, 0, 
206, 0, 235, -1, -1, 168, 103, 191.0, 9, , 75, 0, 0, 0, , 0, 0, 0, 0, 0, 
207, 0, 237, -1, -1, 253, 88, 195.0, 9, , 25, 0, 0, 0, , 0, 0, 0, 0, 0, 
208, 0, 239, -1, -1, 172, 70, 117.0, 9, , 50, 0, 0, 0, , 0, 0, 0, 0, 0, 
209, 0, 240, -1, -1, 161, 88, 185.0, 9, , 45, 0, 0, 0, , 0, 0, 0, 0, 0, 
210, 0, 241, -1, -1, 78, 114, 185.0, 9, , 40, 0, 0, 0, , 0, 0, 0, 0, 0, 
211, 0, 242, -1, -1, 183, 107, 81.0, 9, , 27, 0, 0, 0, , 0, 0, 0, 0, 0, 
212, 0, 244, -1, -1, 215, 123, 120.0, 7, , 16, 0, 0, 0, , 0, 0, 0, 0, 0, 
213, 0, 246, -1, -1, 99, 146, 125.0, 9, , 52, 0, 0, 0, , 0, 0, 0, 0, 0, 
214, 0, 247, -1, -1, 122, 170, 128.0, 7, , 41, 0, 0, 0, , 0, 0, 0, 0, 0, 
215, 0, 248, -1, -1, 119, 89, 184.0, 11, , 24, 0, 0, 0, , 0, 0, 0, 0, 0, 
216, 0, 249, -1, -1, 167, 100, 202.0, 9, , 33, 0, 0, 0, , 0, 0, 0, 0, 0, 
217, 0, 251, -1, -1, 169, 91, 163.0, 9, , 9, 0, 0, 0, , 0, 0, 0, 0, 0, 
218, 0, 252, -1, -1, 167, 103, 195.0, 9, , 37, 0, 0, 0, , 0, 0, 0, 0, 0, 
219, 0, 253, -1, -1, 167, 87, 135.0, 9, , 62, 0, 0, 0, , 0, 0, 0, 0, 0, 
220, 0, 254, -1, -1, 168, 87, 132.0, 7, , 9, 0, 0, 0, , 0, 0, 0, 0, 0, 
221, 0, 256, -1, -1, 251, 122, 146.0, 9, , 27, 0, 0, 0, , 0, 0, 0, 0, 0, 
222, 0, 257, -1, -1, 171, 129, 158.0, 9, , 34, 0, 0, 0, , 0, 0, 0, 0, 0, 
223, 0, 258, -1, -1, 85, 130, 152.0, 7, , 11, 0, 0, 0, , 0, 0, 0, 0, 0, 
224, 0, 259, -1, -1, 125, 127, 185.0, 9, , 36, 0, 0, 0, , 0, 0, 0, 0, 0, 
225, 0, 261, -1, -1, 100, 170, 113.0, 9, , 56, 0, 0, 0, , 0, 0, 0, 0, 0, 
226, 0, 262, -1, -1, 170, 146, 149.0, 9, , 40, 0, 0, 0, , 0, 0, 0, 0, 0, 
227, 0, 263, -1, -1, 197, 171, 168.0, 7, , 20, 0, 0, 0, , 0, 0, 0, 0, 0, 
228, 0, 264, -1, -1, 189, 97, 193.0, 9, , 10, 0, 0, 0, , 0, 0, 0, 0, 0, 
229, 0, 265, -1, -1, 147, 118, 65.0, 7, , 30, 0, 0, 0, , 0, 0, 0, 0, 0, 
230, 0, 266, -1, -1, 116, 154, 92.0, 9, , 32, 0, 0, 0, , 0, 0, 0, 0, 0, 
231, 0, 267, -1, -1, 108, 154, 93.0, 9, , 14, 0, 0, 0, , 0, 0, 0, 0, 0, 
232, 0, 268, -1, -1, 88, 148, 97.0, 9, , 25, 0, 0, 0, , 0, 0, 0, 0, 0, 
233, 0, 269, -1, -1, 96, 67, 110.0, 9, , 27, 0, 0, 0, , 0, 0, 0, 0, 0, 
234, 0, 270, -1, -1, 166, 158, 114.0, 7, , 37, 0, 0, 0, , 0, 0, 0, 0, 0, 
235, 0, 271, -1, -1, 102, 172, 109.0, 7, , 24, 0, 0, 0, , 0, 0, 0, 0, 0, 
236, 0, 273, -1, -1, 148, 130, 116.0, 11, , 115, 0, 0, 0, , 0, 0, 0, 0, 0, 
237, 0, 275, -1, -1, 208, 113, 117.0, 11, , 66, 0, 0, 0, , 0, 0, 0, 0, 0, 
238, 0, 276, -1, -1, 171, 83, 121.0, 11, , 65, 0, 0, 0, , 0, 0, 0, 0, 0, 
239, 0, 278, -1, -1, 195, 170, 137.0, 9, , 18, 0, 0, 0, , 0, 0, 0, 0, 0, 
240, 0, 279, -1, -1, 99, 131, 134.0, 9, , 50, 0, 0, 0, , 0, 0, 0, 0, 0, 
241, 0, 280, -1, -1, 114, 156, 143.0, 9, , 16, 0, 0, 0, , 0, 0, 0, 0, 0, 
242, 0, 281, -1, -1, 97, 159, 143.0, 7, , 17, 0, 0, 0, , 0, 0, 0, 0, 0, 
243, 0, 282, -1, -1, 107, 129, 148.0, 7, , 24, 0, 0, 0, , 0, 0, 0, 0, 0, 
244, 0, 283, -1, -1, 86, 128, 157.0, 11, , 56, 0, 0, 0, , 0, 0, 0, 0, 0, 
245, 0, 284, -1, -1, 84, 127, 163.0, 9, , 70, 0, 0, 0, , 0, 0, 0, 0, 0, 
246, 0, 285, -1, -1, 89, 103, 178.0, 7, , 21, 0, 0, 0, , 0, 0, 0, 0, 0, 
247, 0, 287, -1, -1, 110, 127, 193.0, 11, , 18, 0, 0, 0, , 0, 0, 0, 0, 0, 
248, 0, 289, -1, -1, 247, 85, 196.0, 9, , 15, 0, 0, 0, , 0, 0, 0, 0, 0, 
249, 0, 291, -1, -1, 83, 163, 122.0, 9, , 13, 0, 0, 0, , 0, 0, 0, 0, 0, 
250, 0, 292, -1, -1, 84, 147, 159.0, 9, , 52, 0, 0, 0, , 0, 0, 0, 0, 0, 
251, 0, 293, -1, -1, 316, 67, 162.0, 9, , 14, 0, 0, 0, , 0, 0, 0, 0, 0, 
252, 0, 294, -1, -1, 211, 83, 194.0, 7, , 18, 0, 0, 0, , 0, 0, 0, 0, 0, 
253, 0, 295, -1, -1, 157, 75, 201.0, 9, , 33, 0, 0, 0, , 0, 0, 0, 0, 0, 
254, 0, 296, -1, -1, 135, 128, 198.0, 7, , 20, 0, 0, 0, , 0, 0, 0, 0, 0, 
255, 0, 297, -1, -1, 131, 121, 79.0, 9, , 35, 0, 0, 0, , 0, 0, 0, 0, 0, 
256, 0, 298, -1, -1, 133, 118, 122.0, 9, , 11, 0, 0, 0, , 0, 0, 0, 0, 0, 
257, 0, 299, -1, -1, 150, 47, 119.0, 9, , 45, 0, 0, 0, , 0, 0, 0, 0, 0, 
258, 0, 300, -1, -1, 160, 135, 127.0, 9, , 23, 0, 0, 0, , 0, 0, 0, 0, 0, 
259, 0, 301, -1, -1, 170, 145, 132.0, 13, , 68, 0, 0, 0, , 0, 0, 0, 0, 0, 
260, 0, 302, -1, -1, 121, 171, 134.0, 9, , 11, 0, 0, 0, , 0, 0, 0, 0, 0, 
261, 0, 304, -1, -1, 77, 152, 141.0, 9, , 22, 0, 0, 0, , 0, 0, 0, 0, 0, 
262, 0, 305, -1, -1, 267, 120, 142.0, 9, , 9, 0, 0, 0, , 0, 0, 0, 0, 0, 
263, 0, 306, -1, -1, 189, 129, 149.0, 13, , 43, 0, 0, 0, , 0, 0, 0, 0, 0, 
264, 0, 307, -1, -1, 168, 169, 156.0, 7, , 32, 0, 0, 0, , 0, 0, 0, 0, 0, 
265, 0, 308, -1, -1, 266, 178, 157.0, 11, , 29, 0, 0, 0, , 0, 0, 0, 0, 0, 
266, 0, 309, -1, -1, 170, 93, 167.0, 9, , 29, 0, 0, 0, , 0, 0, 0, 0, 0, 
267, 0, 310, -1, -1, 134, 99, 181.0, 9, , 5, 0, 0, 0, , 0, 0, 0, 0, 0, 
268, 0, 311, -1, -1, 168, 78, 178.0, 9, , 28, 0, 0, 0, , 0, 0, 0, 0, 0, 
269, 0, 312, -1, -1, 285, 90, 191.0, 9, , 36, 0, 0, 0, , 0, 0, 0, 0, 0, 
270, 0, 313, -1, -1, 167, 71, 193.0, 9, , 23, 0, 0, 0, , 0, 0, 0, 0, 0, 
271, 0, 314, -1, -1, 110, 108, 195.0, 9, , 8, 0, 0, 0, , 0, 0, 0, 0, 0, 
272, 0, 315, -1, -1, 125, 77, 92.0, 11, , 67, 0, 0, 0, , 0, 0, 0, 0, 0, 
273, 0, 317, -1, -1, 151, 96, 154.0, 9, , 62, 0, 0, 0, , 0, 0, 0, 0, 0, 
274, 0, 318, -1, -1, 153, 104, 172.0, 9, , 27, 0, 0, 0, , 0, 0, 0, 0, 0, 
275, 0, 320, -1, -1, 192, 93, 142.0, 11, , 68, 0, 0, 0, , 0, 0, 0, 0, 0, 
276, 0, 321, -1, -1, 122, 107, 181.0, 7, , 12, 0, 0, 0, , 0, 0, 0, 0, 0, 
277, 0, 322, -1, -1, 146, 118, 67.0, 9, , 27, 0, 0, 0, , 0, 0, 0, 0, 0, 
278, 0, 323, -1, -1, 172, 87, 70.0, 9, , 21, 0, 0, 0, , 0, 0, 0, 0, 0, 
279, 0, 324, -1, -1, 154, 63, 85.0, 9, , 16, 0, 0, 0, , 0, 0, 0, 0, 0, 
280, 0, 325, -1, -1, 125, 75, 97.0, 9, , 35, 0, 0, 0, , 0, 0, 0, 0, 0, 
281, 0, 326, -1, -1, 128, 171, 97.0, 7, , 37, 0, 0, 0, , 0, 0, 0, 0, 0, 
282, 0, 327, -1, -1, 114, 154, 97.0, 9, , 43, 0, 0, 0, , 0, 0, 0, 0, 0, 
283, 0, 328, -1, -1, 200, 68, 99.0, 11, , 17, 0, 0, 0, , 0, 0, 0, 0, 0, 
284, 0, 329, -1, -1, 161, 51, 102.0, 11, , 8, 0, 0, 0, , 0, 0, 0, 0, 0, 
285, 0, 330, -1, -1, 164, 133, 108.0, 7, , 12, 0, 0, 0, , 0, 0, 0, 0, 0, 
286, 0, 331, -1, -1, 172, 146, 110.0, 9, , 8, 0, 0, 0, , 0, 0, 0, 0, 0, 
287, 0, 332, -1, -1, 92, 173, 132.0, 9, , 25, 0, 0, 0, , 0, 0, 0, 0, 0, 
288, 0, 334, -1, -1, 61, 118, 133.0, 11, , 60, 0, 0, 0, , 0, 0, 0, 0, 0, 
289, 0, 335, -1, -1, 61, 88, 133.0, 9, , 8, 0, 0, 0, , 0, 0, 0, 0, 0, 
290, 0, 336, -1, -1, 112, 87, 131.0, 9, , 32, 0, 0, 0, , 0, 0, 0, 0, 0, 
291, 0, 337, -1, -1, 139, 145, 137.0, 9, , 9, 0, 0, 0, , 0, 0, 0, 0, 0, 
292, 0, 338, -1, -1, 287, 104, 136.0, 11, , 52, 0, 0, 0, , 0, 0, 0, 0, 0, 
293, 0, 339, -1, -1, 107, 80, 140.0, 9, , 28, 0, 0, 0, , 0, 0, 0, 0, 0, 
294, 0, 340, -1, -1, 99, 105, 140.0, 9, , 47, 0, 0, 0, , 0, 0, 0, 0, 0, 
295, 0, 341, -1, -1, 103, 103, 142.0, 7, , 14, 0, 0, 0, , 0, 0, 0, 0, 0, 
296, 0, 342, -1, -1, 258, 129, 150.0, 9, , 3, 0, 0, 0, , 0, 0, 0, 0, 0, 
297, 0, 343, -1, -1, 167, 133, 154.0, 9, , 10, 0, 0, 0, , 0, 0, 0, 0, 0, 
298, 0, 344, -1, -1, 145, 72, 187.0, 9, , 18, 0, 0, 0, , 0, 0, 0, 0, 0, 
299, 0, 345, -1, -1, 301, 124, 183.0, 9, , 34, 0, 0, 0, , 0, 0, 0, 0, 0, 
300, 0, 346, -1, -1, 112, 127, 189.0, 11, , 59, 0, 0, 0, , 0, 0, 0, 0, 0, 
301, 0, 347, -1, -1, 278, 77, 195.0, 9, , 62, 0, 0, 0, , 0, 0, 0, 0, 0, 
302, 0, 349, -1, -1, 146, 118, 70.0, 7, , 16, 0, 0, 0, , 0, 0, 0, 0, 0, 
303, 0, 350, -1, -1, 129, 146, 78.0, 7, , 20, 0, 0, 0, , 0, 0, 0, 0, 0, 
304, 0, 351, -1, -1, 93, 161, 126.0, 9, , 50, 0, 0, 0, , 0, 0, 0, 0, 0, 
305, 0, 352, -1, -1, 240, 93, 147.0, 9, , 30, 0, 0, 0, , 0, 0, 0, 0, 0, 
306, 0, -1, -1, -1, 214, 122, 123.0, 7, , 32, 0, 0, 0, , 0, 0, 0, 0, 0, 
307, 0, -1, -1, -1, 134, 121, 90.0, 7, , 7, 0, 0, 0, , 0, 0, 0, 0, 0, 
308, 0, -1, -1, -1, 119, 79, 107.0, 7, , 8, 0, 0, 0, , 0, 0, 0, 0, 0, 
309, 0, -1, -1, -1, 66, 118, 109.0, 11, , 9, 0, 0, 0, , 0, 0, 0, 0, 0, 
310, 0, -1, -1, -1, 173, 123, 112.0, 9, , 23, 0, 0, 0, , 0, 0, 0, 0, 0, 
311, 0, -1, -1, -1, 116, 162, 122.0, 9, , 47, 0, 0, 0, , 0, 0, 0, 0, 0, 
312, 0, -1, -1, -1, 210, 114, 123.0, 7, , 14, 0, 0, 0, , 0, 0, 0, 0, 0, 
313, 0, -1, -1, -1, 123, 82, 132.0, 9, , 7, 0, 0, 0, , 0, 0, 0, 0, 0, 
314, 0, -1, -1, -1, 107, 166, 138.0, 9, , 27, 0, 0, 0, , 0, 0, 0, 0, 0, 
315, 0, -1, -1, -1, 195, 172, 141.0, 9, , 15, 0, 0, 0, , 0, 0, 0, 0, 0, 
316, 0, -1, -1, -1, 176, 52, 146.0, 7, , 12, 0, 0, 0, , 0, 0, 0, 0, 0, 
317, 0, -1, -1, -1, 117, 110, 147.0, 9, , 99, 0, 0, 0, , 0, 0, 0, 0, 0, 
318, 0, -1, -1, -1, 179, 141, 165.0, 11, , 81, 0, 0, 0, , 0, 0, 0, 0, 0, 
319, 0, -1, -1, -1, 127, 171, 100.0, 7, , 19, 0, 0, 0, , 0, 0, 0, 0, 0, 
320, 0, -1, -1, -1, 141, 115, 171.0, 9, , 31, 0, 0, 0, , 0, 0, 0, 0, 0, 
321, 0, -1, -1, -1, 161, 88, 181.0, 13, , 63, 0, 0, 0, , 0, 0, 0, 0, 0, 
322, 1, 354, 324, -1, 288, 91, 188.5, 16, ABprappaap, 0, 0, 0, 0, , 0, 0, 0, 0, 0, 
323, 1, 355, 325, -1, 98, 121, 65.5, 15, ABplaaappa, 0, 0, 0, 0, , 0, 0, 0, 0, 0, 
324, 1, 356, 326, -1, 119, 84, 70.0, 16, ABplaaappp, 0, 0, 0, 0, , 0, 0, 0, 0, 0, 
325, 1, 357, 327, -1, 202, 57, 91.0, 17, ABarppapaa, 0, 0, 0, 0, , 0, 0, 0, 0, 0, 
326, 1, 358, 328, -1, 230, 55, 98.0, 18, ABarppapap, 0, 0, 0, 0, , 0, 0, 0, 0, 0, 
327, 1, 359, 329, -1, 237, 66, 202.0, 15, ABarppppap, 0, 0, 0, 0, , 0, 0, 0, 0, 0, 
328, 1, 360, 330, -1, 277, 63, 105.0, 15, ABplappapa, 0, 0, 0, 0, , 0, 0, 0, 0, 0, 
329, 1, 361, 331, -1, 278, 73, 196.0, 13, ABprappapa, 0, 0, 0, 0, , 0, 0, 0, 0, 0, 
330, 1, 362, 332, -1, 316, 99, 98.0, 17, ABarppappa, 0, 0, 0, 0, , 0, 0, 0, 0, 0, 
331, 1, 363, 333, -1, 311, 95, 185.0, 14, ABarpppppa, 0, 0, 0, 0, , 0, 0, 0, 0, 0, 
332, 1, 364, 334, -1, 289, 140, 85.0, 14, ABplapapaa, 0, 0, 0, 0, , 0, 0, 0, 0, 0, 
333, 1, 365, 335, -1, 295, 147, 185.0, 13, ABprapapaa, 0, 0, 0, 0, , 0, 0, 0, 0, 0, 
334, 1, 366, 336, -1, 255, 152, 185.0, 15, ABarpppppp, 0, 0, 0, 0, , 0, 0, 0, 0, 0, 
335, 1, 367, 337, -1, 208, 173, 123.0, 15, ABplappppp, 0, 0, 0, 0, , 0, 0, 0, 0, 0, 
336, 0, 368, -1, -1, 219, 167, 163.0, 10, , 0, 0, 0, 0, , 0, 0, 0, 0, 0, 
337, 0, 369, -1, -1, 216, 168, 174.0, 10, , 0, 0, 0, 0, , 0, 0, 0, 0, 0, 
338, 1, 370, 340, -1, 86, 133, 187.0, 13, ABarpapppa, 0, 0, 0, 0, , 0, 0, 0, 0, 0, 
339, 1, 371, 341, -1, 119, 93, 198.0, 14, ABarpapppp, 0, 0, 0, 0, , 0, 0, 0, 0, 0, 
340, 1, 372, 342, -1, 251, 144, 88.0, 15, ABarppappp, 0, 0, 0, 0, , 0, 0, 0, 0, 0, 
341, 1, 373, 343, -1, 155, 79, 206.0, 16, ABarpppaap, 0, 0, 0, 0, , 0, 0, 0, 0, 0, 
342, 0, 374, -1, -1, 162, 75, 95.0, 14, , 0, 0, 0, 0, , 0, 0, 0, 0, 0, 
343, 0, 375, -1, -1, 195, 74, 201.0, 14, , 0, 0, 0, 0, , 0, 0, 0, 0, 0, 
344, 0, 376, -1, -1, 216, 167, 176.0, 10, , 0, 0, 0, 0, , 0, 0, 0, 0, 0, 
345, 0, 377, -1, -1, 216, 167, 173.0, 10, , 0, 0, 0, 0, , 0, 0, 0, 0, 0, 
346, 0, 378, -1, -1, 217, 167, 175.0, 10, , 0, 0, 0, 0, , 0, 0, 0, 0, 0, 
347, 0, 379, -1, -1, 69, 131, 87.333336, 13, , 0, 0, 0, 0, , 0, 0, 0, 0, 0, 
348, 0, 380, -1, -1, 111, 68, 87.333336, 12, , 0, 0, 0, 0, , 0, 0, 0, 0, 0, 
349, 0, 381, -1, -1, 103, 132, 105.0, 12, , 0, 0, 0, 0, , 0, 0, 0, 0, 0, 
350, 0, 382, -1, -1, 80, 111, 100.0, 14, , 0, 0, 0, 0, , 0, 0, 0, 0, 0, 
351, 0, 383, -1, -1, 70, 132, 85.0, 13, , 0, 0, 0, 0, , 0, 0, 0, 0, 0, 
352, 1, 384, 353, -1, 255, 56, 160.0, 15, Earpa, 0, 0, 0, 0, , 0, 0, 0, 0, 0, 
353, 1, 385, 354, -1, 233, 45, 136.0, 15, Ealaad, 0, 0, 0, 0, , 0, 0, 0, 0, 0, 
354, 1, 386, 355, -1, 236, 72, 121.0, 17, Ealaav, 0, 0, 0, 0, , 0, 0, 0, 0, 0, 
355, 1, 387, 356, -1, 273, 80, 155.5, 16, Ealap, 0, 0, 0, 0, , 0, 0, 0, 0, 0, 
356, 1, 388, 357, -1, 247, 76, 148.0, 15, Ealpa, 0, 0, 0, 0, , 0, 0, 0, 0, 0, 
357, 1, 389, 358, -1, 324, 108, 128.0, 15, Ealpp, 0, 0, 0, 0, , 0, 0, 0, 0, 0, 
358, 1, 390, 359, -1, 236, 47, 175.33333, 15, Earaad, 0, 0, 0, 0, , 0, 0, 0, 0, 0, 
359, 1, 391, 360, -1, 226, 79, 166.5, 15, Earaav, 0, 0, 0, 0, , 0, 0, 0, 0, 0, 
360, 1, 392, 361, -1, 270, 60, 145.33333, 15, Earap, 0, 0, 0, 0, , 0, 0, 0, 0, 0, 
361, 1, 393, 362, -1, 323, 90, 150.0, 15, Earpp, 0, 0, 0, 0, , 0, 0, 0, 0, 0, 
362, 1, 394, 363, -1, 300, 83, 133.0, 14, Eplaa, 0, 0, 0, 0, , 0, 0, 0, 0, 0, 
363, 1, 395, 364, -1, 314, 141, 128.0, 15, Eplap, 0, 0, 0, 0, , 0, 0, 0, 0, 0, 
364, 1, 396, 365, -1, 288, 154, 127.666664, 17, Eplpa, 0, 0, 0, 0, , 0, 0, 0, 0, 0, 
365, 1, 397, 366, -1, 249, 164, 122.666664, 15, Eplppa, 0, 0, 0, 0, , 0, 0, 0, 0, 0, 
366, 1, 398, 367, -1, 264, 154, 124.0, 15, Eplppp, 0, 0, 0, 0, , 0, 0, 0, 0, 0, 
367, 1, 399, 368, -1, 300, 72, 150.0, 15, Epraa, 0, 0, 0, 0, , 0, 0, 0, 0, 0, 
368, 1, 400, 369, -1, 323, 124, 143.0, 16, Eprap, 0, 0, 0, 0, , 0, 0, 0, 0, 0, 
369, 1, 401, 370, -1, 298, 145, 144.66667, 14, Eprpa, 0, 0, 0, 0, , 0, 0, 0, 0, 0, 
370, 1, 402, 371, -1, 252, 158, 147.0, 13, Eprppa, 0, 0, 0, 0, , 0, 0, 0, 0, 0, 
371, 1, 403, 372, -1, 274, 153, 143.0, 15, Eprppp, 0, 0, 0, 0, , 0, 0, 0, 0, 0, 
372, 1, 404, 373, -1, 106, 84, 113.5, 11, MSaaaaaal, 0, 0, 0, 0, , 0, 0, 0, 0, 0, 
373, 1, 405, 374, -1, 102, 90, 160.33333, 11, MSaaaaaar, 0, 0, 0, 0, , 0, 0, 0, 0, 0, 
374, 0, 406, -1, -1, 132, 57, 128.0, 14, , 0, 0, 0, 0, , 0, 0, 0, 0, 0, 
375, 1, 407, 376, -1, 121, 62, 145.0, 13, MSaaaaapaa, 0, 0, 0, 0, , 0, 0, 0, 0, 0, 
376, 1, 408, 377, -1, 164, 41, 146.0, 11, MSaaaapaa, 0, 0, 0, 0, , 0, 0, 0, 0, 0, 
377, 1, 409, 378, -1, 155, 46, 136.0, 12, MSaaaapap, 0, 0, 0, 0, , 0, 0, 0, 0, 0, 
378, 0, 410, -1, -1, 143, 68, 114.0, 11, , 0, 0, 0, 0, , 0, 0, 0, 0, 0, 
379, 1, 411, 380, -1, 191, 46, 129.0, 9, MSaaapapa, 0, 0, 0, 0, , 0, 0, 0, 0, 0, 
380, 1, 412, 381, -1, 210, 75, 148.0, 11, MSaaapapp, 0, 0, 0, 0, , 0, 0, 0, 0, 0, 
381, 0, 413, -1, -1, 234, 61, 132.0, 11, , 0, 0, 0, 0, , 0, 0, 0, 0, 0, 
382, 1, 414, 383, -1, 219, 42, 157.5, 11, MSaaappp, 0, 0, 0, 0, , 0, 0, 0, 0, 0, 
383, 1, 415, 384, -1, 184, 91, 121.0, 10, MSaapaaap, 0, 0, 0, 0, , 0, 0, 0, 0, 0, 
384, 1, 416, 385, -1, 161, 91, 128.5, 11, MSaapaaaa, 0, 0, 0, 0, , 0, 0, 0, 0, 0, 
385, 1, 417, 386, -1, 197, 67, 116.0, 9, MSaapaapp, 0, 0, 0, 0, , 0, 0, 0, 0, 0, 
386, 0, 418, -1, -1, 221, 71, 131.0, 10, , 0, 0, 0, 0, , 0, 0, 0, 0, 0, 
387, 1, 419, 388, -1, 119, 94, 98.5, 14, MSapaaaad, 0, 0, 0, 0, , 0, 0, 0, 0, 0, 
388, 1, 420, 389, -1, 140, 121, 102.0, 12, MSapaaaav, 0, 0, 0, 0, , 0, 0, 0, 0, 0, 
389, 1, 421, 390, -1, 278, 134, 154.0, 15, MSapaapp, 0, 0, 0, 0, , 0, 0, 0, 0, 0, 
390, 1, 422, 391, -1, 136, 102, 96.0, 16, MSapapap, 0, 0, 0, 0, , 0, 0, 0, 0, 0, 
391, 1, 423, 392, -1, 120, 55, 107.0, 16, MSapappa, 0, 0, 0, 0, , 0, 0, 0, 0, 0, 
392, 0, 424, -1, -1, 78, 76, 112.0, 14, , 0, 0, 0, 0, , 0, 0, 0, 0, 0, 
393, 0, 425, -1, -1, 165, 40, 109.0, 14, , 0, 0, 0, 0, , 0, 0, 0, 0, 0, 
394, 1, 426, 395, -1, 108, 53, 118.0, 14, MSappppa, 0, 0, 0, 0, , 0, 0, 0, 0, 0, 
395, 1, 427, 396, -1, 128, 42, 127.0, 14, MSappppp, 0, 0, 0, 0, , 0, 0, 0, 0, 0, 
396, 1, 428, 397, -1, 137, 51, 146.0, 15, MSpaaaaaa, 0, 0, 0, 0, , 0, 0, 0, 0, 0, 
397, 0, 429, -1, -1, 151, 46, 155.0, 15, , 0, 0, 0, 0, , 0, 0, 0, 0, 0, 
398, 1, 430, 399, -1, 116, 77, 157.5, 15, MSpaaaapa, 0, 0, 0, 0, , 0, 0, 0, 0, 0, 
399, 1, 431, 400, -1, 132, 66, 158.5, 15, MSpaaaapp, 0, 0, 0, 0, , 0, 0, 0, 0, 0, 
400, 1, 432, 401, -1, 177, 44, 136.0, 13, MSpaaapaa, 0, 0, 0, 0, , 0, 0, 0, 0, 0, 
401, 1, 433, 402, -1, 198, 45, 142.0, 13, MSpaaapap, 0, 0, 0, 0, , 0, 0, 0, 0, 0, 
402, 0, 434, -1, -1, 154, 53, 159.0, 11, , 0, 0, 0, 0, , 0, 0, 0, 0, 0, 
403, 1, 435, 404, -1, 150, 47, 155.0, 15, MSpaaappa, 0, 0, 0, 0, , 0, 0, 0, 0, 0, 
404, 1, 436, 405, -1, 175, 37, 150.0, 15, MSpaaappp, 0, 0, 0, 0, , 0, 0, 0, 0, 0, 
405, 1, 437, 406, -1, 154, 58, 168.0, 15, ABaraappapp, 0, 0, 0, 0, , 0, 0, 0, 0, 0, 
406, 1, 438, 407, -1, 185, 53, 168.0, 15, MSpaapapa, 0, 0, 0, 0, , 0, 0, 0, 0, 0, 
407, 1, 439, 408, -1, 230, 54, 194.0, 15, Caaaaa, 0, 0, 0, 0, , 0, 0, 0, 0, 0, 
408, 1, 440, 409, -1, 295, 68, 185.0, 16, Caaaap, 0, 0, 0, 0, , 0, 0, 0, 0, 0, 
409, 1, 441, 410, -1, 328, 106, 174.5, 17, Caaapa, 0, 0, 0, 0, , 0, 0, 0, 0, 0, 
410, 1, 442, 411, -1, 311, 150, 170.0, 17, Caaapp, 0, 0, 0, 0, , 0, 0, 0, 0, 0, 
411, 1, 443, 412, -1, 176, 170, 172.0, 13, Caapaa, 0, 0, 0, 0, , 0, 0, 0, 0, 0, 
412, 1, 444, 413, -1, 232, 174, 170.0, 16, Caappd, 0, 0, 0, 0, , 0, 0, 0, 0, 0, 
413, 1, 445, 414, -1, 196, 178, 152.0, 15, Caappv, 0, 0, 0, 0, , 0, 0, 0, 0, 0, 
414, 1, 446, 415, -1, 228, 86, 105.0, 15, Capaaaa, 0, 0, 0, 0, , 0, 0, 0, 0, 0, 
415, 1, 447, 416, -1, 259, 82, 105.5, 17, Capaaap, 0, 0, 0, 0, , 0, 0, 0, 0, 0, 
416, 1, 448, 417, -1, 287, 93, 110.0, 15, Capaapa, 0, 0, 0, 0, , 0, 0, 0, 0, 0, 
417, 1, 449, 418, -1, 266, 145, 103.5, 15, Capaapp, 0, 0, 0, 0, , 0, 0, 0, 0, 0, 
418, 1, 450, 419, -1, 316, 70, 120.0, 15, Capapaa, 0, 0, 0, 0, , 0, 0, 0, 0, 0, 
419, 1, 451, 420, -1, 333, 128, 107.5, 15, Capapap, 0, 0, 0, 0, , 0, 0, 0, 0, 0, 
420, 1, 452, 421, -1, 250, 130, 106.0, 15, Capappa, 0, 0, 0, 0, , 0, 0, 0, 0, 0, 
421, 0, 453, -1, -1, 208, 148, 133.0, 14, , 0, 0, 0, 0, , 0, 0, 0, 0, 0, 
422, 1, 454, 423, -1, 277, 50, 125.0, 17, Cappaaa, 0, 0, 0, 0, , 0, 0, 0, 0, 0, 
423, 1, 455, 424, -1, 333, 83, 127.5, 17, Cappaap, 0, 0, 0, 0, , 0, 0, 0, 0, 0, 
424, 1, 456, 425, -1, 287, 164, 103.0, 14, Cappapa, 0, 0, 0, 0, , 0, 0, 0, 0, 0, 
425, 1, 457, 426, -1, 244, 173, 108.5, 14, Cappapp, 0, 0, 0, 0, , 0, 0, 0, 0, 0, 
426, 1, 458, 427, -1, 310, 157, 113.5, 16, Capppaa, 0, 0, 0, 0, , 0, 0, 0, 0, 0, 
427, 1, 459, 428, -1, 276, 175, 116.5, 15, Capppap, 0, 0, 0, 0, , 0, 0, 0, 0, 0, 
428, 0, 460, -1, -1, 181, 172, 151.0, 14, , 0, 0, 0, 0, , 0, 0, 0, 0, 0, 
429, 0, 461, -1, -1, 174, 165, 147.0, 15, , 0, 0, 0, 0, , 0, 0, 0, 0, 0, 
430, 1, 462, 431, -1, 215, 40, 103.0, 17, Cpaaaa, 0, 0, 0, 0, , 0, 0, 0, 0, 0, 
431, 1, 463, 432, -1, 259, 45, 112.0, 19, Cpaaap, 0, 0, 0, 0, , 0, 0, 0, 0, 0, 
432, 1, 464, 433, -1, 314, 80, 104.0, 17, Cpaapa, 0, 0, 0, 0, , 0, 0, 0, 0, 0, 
433, 1, 465, 434, -1, 318, 125, 99.0, 17, Cpaapp, 0, 0, 0, 0, , 0, 0, 0, 0, 0, 
434, 1, 466, 435, -1, 270, 165, 174.0, 15, Cpapaa, 0, 0, 0, 0, , 0, 0, 0, 0, 0, 
435, 1, 467, 436, -1, 281, 156, 91.0, 15, Cpapap, 0, 0, 0, 0, , 0, 0, 0, 0, 0, 
436, 1, 468, 437, -1, 239, 177, 101.0, 15, Cpappd, 0, 0, 0, 0, , 0, 0, 0, 0, 0, 
437, 1, 469, 438, -1, 180, 179, 125.5, 15, Cpappv, 0, 0, 0, 0, , 0, 0, 0, 0, 0, 
438, 1, 470, 439, -1, 221, 97, 178.0, 14, Cppaaaa, 0, 0, 0, 0, , 0, 0, 0, 0, 0, 
439, 1, 471, 440, -1, 254, 92, 182.33333, 13, Cppaaap, 0, 0, 0, 0, , 0, 0, 0, 0, 0, 
440, 1, 472, 441, -1, 284, 97, 176.0, 13, Cppaapa, 0, 0, 0, 0, , 0, 0, 0, 0, 0, 
441, 1, 473, 442, -1, 285, 134, 175.0, 13, Cppaapp, 0, 0, 0, 0, , 0, 0, 0, 0, 0, 
442, 1, 474, 443, -1, 309, 68, 177.0, 13, Cppapaa, 0, 0, 0, 0, , 0, 0, 0, 0, 0, 
443, 1, 475, 444, -1, 339, 118, 158.5, 15, Cppapap, 0, 0, 0, 0, , 0, 0, 0, 0, 0, 
444, 1, 476, 445, -1, 252, 136, 177.0, 13, Cppappa, 0, 0, 0, 0, , 0, 0, 0, 0, 0, 
445, 1, 477, 446, -1, 237, 130, 169.66667, 13, Cppappp, 0, 0, 0, 0, , 0, 0, 0, 0, 0, 
446, 1, 478, 447, -1, 256, 46, 182.75, 15, Cpppaaa, 0, 0, 0, 0, , 0, 0, 0, 0, 0, 
447, 1, 479, 448, -1, 312, 64, 166.0, 15, Cpppaap, 0, 0, 0, 0, , 0, 0, 0, 0, 0, 
448, 1, 480, 449, -1, 303, 165, 161.0, 14, Cpppapa, 0, 0, 0, 0, , 0, 0, 0, 0, 0, 
449, 1, 481, 450, -1, 261, 178, 162.5, 13, Cpppapp, 0, 0, 0, 0, , 0, 0, 0, 0, 0, 
450, 1, 482, 451, -1, 330, 147, 146.0, 15, Cppppaa, 0, 0, 0, 0, , 0, 0, 0, 0, 0, 
451, 1, 483, 452, -1, 295, 172, 141.5, 15, Cppppap, 0, 0, 0, 0, , 0, 0, 0, 0, 0, 
452, 1, 484, 453, -1, 239, 181, 145.5, 14, Cpppppd, 0, 0, 0, 0, , 0, 0, 0, 0, 0, 
453, 1, 485, 454, -1, 192, 159, 170.0, 14, Cpppppv, 0, 0, 0, 0, , 0, 0, 0, 0, 0, 
454, 1, 486, 455, -1, 184, 109, 88.0, 14, Daaaa, 0, 0, 0, 0, , 0, 0, 0, 0, 0, 
455, 1, 487, 456, -1, 172, 35, 122.0, 15, Daaap, 0, 0, 0, 0, , 0, 0, 0, 0, 0, 
456, 1, 488, 457, -1, 154, 137, 90.0, 14, Daapa, 0, 0, 0, 0, , 0, 0, 0, 0, 0, 
457, 1, 489, 458, -1, 175, 130, 94.5, 14, Daapp, 0, 0, 0, 0, , 0, 0, 0, 0, 0, 
458, 1, 490, 459, -1, 206, 94, 102.5, 16, Dapaa, 0, 0, 0, 0, , 0, 0, 0, 0, 0, 
459, 1, 491, 460, -1, 220, 34, 122.5, 16, Dapap, 0, 0, 0, 0, , 0, 0, 0, 0, 0, 
460, 1, 492, 461, -1, 150, 31, 134.5, 12, Dappaa, 0, 0, 0, 0, , 0, 0, 0, 0, 0, 
461, 1, 493, 462, -1, 199, 31, 133.0, 14, Dappap, 0, 0, 0, 0, , 0, 0, 0, 0, 0, 
462, 1, 494, 463, -1, 239, 35, 134.0, 12, Dapppa, 0, 0, 0, 0, , 0, 0, 0, 0, 0, 
463, 1, 495, 464, -1, 279, 45, 141.0, 16, Dapppp, 0, 0, 0, 0, , 0, 0, 0, 0, 0, 
464, 0, 496, -1, -1, 183, 110, 173.0, 15, , 0, 0, 0, 0, , 0, 0, 0, 0, 0, 
465, 1, 497, 466, -1, 163, 49, 183.0, 14, Dpaap, 0, 0, 0, 0, , 0, 0, 0, 0, 0, 
466, 1, 498, 467, -1, 153, 127, 189.0, 12, Dpapa, 0, 0, 0, 0, , 0, 0, 0, 0, 0, 
467, 1, 499, 468, -1, 170, 134, 173.0, 12, Dpapp, 0, 0, 0, 0, , 0, 0, 0, 0, 0, 
468, 1, 500, 469, -1, 197, 98, 180.0, 14, Dppaa, 0, 0, 0, 0, , 0, 0, 0, 0, 0, 
469, 1, 501, 470, -1, 203, 44, 182.0, 15, Dppap, 0, 0, 0, 0, , 0, 0, 0, 0, 0, 
470, 1, 502, 471, -1, 140, 44, 170.66667, 14, Dpppaa, 0, 0, 0, 0, , 0, 0, 0, 0, 0, 
471, 1, 503, 472, -1, 184, 38, 171.0, 14, Dpppap, 0, 0, 0, 0, , 0, 0, 0, 0, 0, 
472, 1, 504, 473, -1, 220, 35, 171.33333, 15, Dppppa, 0, 0, 0, 0, , 0, 0, 0, 0, 0, 
473, 1, 505, 474, -1, 263, 41, 172.0, 15, Dppppp, 0, 0, 0, 0, , 0, 0, 0, 0, 0, 
474, 1, 506, 475, -1, 297, 121, 166.0, 18, Z2, 0, 0, 0, 0, , 0, 0, 0, 0, 0, 
475, 1, 507, 476, -1, 286, 127, 116.333336, 19, Z3, 0, 0, 0, 0, , 0, 0, 0, 0, 0, 
476, 1, 508, 477, -1, 133, 58, 124.0, 14, MSaaaaapp, 0, 0, 0, 0, , 0, 0, 0, 0, 0, 
477, 1, 509, 478, -1, 132, 58, 129.0, 13, MSaaaaapap, 0, 0, 0, 0, , 0, 0, 0, 0, 0, 
478, 1, 510, 479, -1, 189, 51, 147.0, 13, MSaaaappp, 0, 0, 0, 0, , 0, 0, 0, 0, 0, 
479, 0, 511, -1, -1, 112, 88, 125.0, 14, , 0, 0, 0, 0, , 0, 0, 0, 0, 0, 
480, 1, 512, 481, -1, 144, 70, 109.5, 11, MSaaapaap, 0, 0, 0, 0, , 0, 0, 0, 0, 0, 
481, 1, 513, 482, -1, 203, 84, 124.0, 12, MSaapapaa, 0, 0, 0, 0, , 0, 0, 0, 0, 0, 
482, 1, 514, 483, -1, 204, 86, 157.0, 10, MSpapapaa, 0, 0, 0, 0, , 0, 0, 0, 0, 0, 
483, 1, 515, 484, -1, 117, 47, 157.0, 14, MSpppppp, 0, 0, 0, 0, , 0, 0, 0, 0, 0, 
484, 0, 516, -1, -1, 196, 171, 137.0, 14, , 0, 0, 0, 0, , 0, 0, 0, 0, 0, 
485, 1, 517, 486, -1, 305, 123, 186.0, 13, ABprappapp, 0, 0, 0, 0, , 0, 0, 0, 0, 0, 
486, 1, 518, 487, -1, 250, 83, 194.0, 13, ABprappaaa, 0, 0, 0, 0, , 0, 0, 0, 0, 0, 
487, 1, 519, 488, -1, 125, 127, 179.5, 12, ABprpaaaaaa, 0, 0, 0, 0, , 0, 0, 0, 0, 0, 
488, 1, 520, 489, -1, 181, 61, 112.5, 11, MSaapappa, 0, 0, 0, 0, , 0, 0, 0, 0, 0, 
489, 1, 521, 490, -1, 185, 79, 112.0, 12, MSaapaapaa, 0, 0, 0, 0, , 0, 0, 0, 0, 0, 
490, 1, 522, 491, -1, 197, 74, 107.0, 12, MSaapaapap, 0, 0, 0, 0, , 0, 0, 0, 0, 0, 
491, 1, 523, 492, -1, 223, 69, 126.0, 13, MSaappap, 0, 0, 0, 0, , 0, 0, 0, 0, 0, 
492, 0, 524, -1, -1, 218, 76, 136.0, 10, , 0, 0, 0, 0, , 0, 0, 0, 0, 0, 
493, 0, 525, -1, -1, 202, 107, 126.0, 14, , 0, 0, 0, 0, , 0, 0, 0, 0, 0, 
494, 0, 526, -1, -1, 203, 106, 144.0, 12, , 0, 0, 0, 0, , 0, 0, 0, 0, 0, 
495, 0, 527, -1, -1, 229, 92, 131.0, 13, , 0, 0, 0, 0, , 0, 0, 0, 0, 0, 
496, 1, 528, 497, -1, 256, 89, 119.0, 15, MSaappppp, 0, 0, 0, 0, , 0, 0, 0, 0, 0, 
497, 1, 529, 498, -1, 214, 71, 110.0, 12, MSapapaaa, 0, 0, 0, 0, , 0, 0, 0, 0, 0, 
498, 1, 530, 499, -1, 237, 71, 105.0, 12, MSapapaap, 0, 0, 0, 0, , 0, 0, 0, 0, 0, 
499, 1, 531, 500, -1, 122, 47, 140.0, 14, MSappaaa, 0, 0, 0, 0, , 0, 0, 0, 0, 0, 
500, 0, 532, -1, -1, 296, 117, 95.0, 16, , 0, 0, 0, 0, , 0, 0, 0, 0, 0, 
501, 0, 533, -1, -1, 156, 120, 105.0, 15, , 0, 0, 0, 0, , 0, 0, 0, 0, 0, 
502, 1, 534, 1063, -1, 164, 119, 92.0, 14, MSapppaa, 0, 0, 0, 0, , 0, 0, 0, 0, 0, 
503, 1, 535, 504, -1, 160, 98, 149.0, 14, MSpapaaaa, 0, 0, 0, 0, , 0, 0, 0, 0, 0, 
504, 1, 536, 505, -1, 186, 97, 158.0, 14, MSpapaaap, 0, 0, 0, 0, , 0, 0, 0, 0, 0, 
505, 1, 537, 506, -1, 187, 86, 166.0, 12, MSpapaapaa, 0, 0, 0, 0, , 0, 0, 0, 0, 0, 
506, 1, 538, 507, -1, 199, 85, 175.0, 14, MSpapaapap, 0, 0, 0, 0, , 0, 0, 0, 0, 0, 
507, 1, 539, 508, -1, 197, 69, 168.0, 14, MSpapaapp, 0, 0, 0, 0, , 0, 0, 0, 0, 0, 
508, 1, 540, 509, -1, 178, 70, 176.0, 14, MSpapappa, 0, 0, 0, 0, , 0, 0, 0, 0, 0, 
509, 0, 541, -1, -1, 191, 129, 145.0, 15, , 0, 0, 0, 0, , 0, 0, 0, 0, 0, 
510, 1, 542, 511, -1, 284, 101, 123.0, 14, MSpappaa, 0, 0, 0, 0, , 0, 0, 0, 0, 0, 
511, 1, 543, 512, -1, 282, 100, 161.0, 14, MSpappap, 0, 0, 0, 0, , 0, 0, 0, 0, 0, 
512, 1, 544, 513, -1, 194, 122, 173.0, 12, MSpapppaa, 0, 0, 0, 0, , 0, 0, 0, 0, 0, 
513, 1, 545, 514, -1, 204, 102, 163.0, 14, MSpapppap, 0, 0, 0, 0, , 0, 0, 0, 0, 0, 
514, 1, 546, 515, -1, 226, 96, 166.0, 13, MSpappppa, 0, 0, 0, 0, , 0, 0, 0, 0, 0, 
515, 1, 547, 516, -1, 259, 92, 175.0, 13, MSpappppp, 0, 0, 0, 0, , 0, 0, 0, 0, 0, 
516, 1, 548, 517, -1, 68, 99, 173.0, 13, MSppaaap, 0, 0, 0, 0, , 0, 0, 0, 0, 0, 
517, 1, 549, 518, -1, 116, 107, 168.0, 12, MSppaaaad, 0, 0, 0, 0, , 0, 0, 0, 0, 0, 
518, 1, 550, 519, -1, 137, 133, 158.0, 12, MSppaaaav, 0, 0, 0, 0, , 0, 0, 0, 0, 0, 
519, 1, 551, 520, -1, 260, 141, 144.0, 14, MSppaapp, 0, 0, 0, 0, , 0, 0, 0, 0, 0, 
520, 1, 552, 521, -1, 201, 75, 182.0, 14, MSppapaaa, 0, 0, 0, 0, , 0, 0, 0, 0, 0, 
521, 1, 553, 522, -1, 223, 84, 182.0, 12, MSppapaap, 0, 0, 0, 0, , 0, 0, 0, 0, 0, 
522, 1, 555, 523, -1, 128, 151, 175.0, 14, MSppapap, 0, 0, 0, 0, , 0, 0, 0, 0, 0, 
523, 1, 556, 524, -1, 113, 71, 175.0, 15, MSppappa, 0, 0, 0, 0, , 0, 0, 0, 0, 0, 
524, 1, 557, 525, -1, 76, 80, 158.0, 17, MSppappp, 0, 0, 0, 0, , 0, 0, 0, 0, 0, 
525, 1, 558, 526, -1, 108, 63, 151.5, 14, MSpppaaa, 0, 0, 0, 0, , 0, 0, 0, 0, 0, 
526, 1, 559, 527, -1, 313, 121, 171.5, 14, MSpppaap, 0, 0, 0, 0, , 0, 0, 0, 0, 0, 
527, 0, 560, -1, -1, 141, 136, 172.0, 15, , 0, 0, 0, 0, , 0, 0, 0, 0, 0, 
528, 0, 561, -1, -1, 155, 109, 176.0, 14, , 0, 0, 0, 0, , 0, 0, 0, 0, 0, 
529, 1, 562, 530, -1, 129, 56, 176.0, 14, MSppppap, 0, 0, 0, 0, , 0, 0, 0, 0, 0, 
530, 1, 563, 531, -1, 95, 61, 157.5, 14, MSpppppa, 0, 0, 0, 0, , 0, 0, 0, 0, 0, 
531, 0, 564, -1, -1, 71, 132, 86.0, 13, , 0, 0, 0, 0, , 0, 0, 0, 0, 0, 
532, 0, 565, -1, -1, 70, 131, 86.5, 13, , 0, 0, 0, 0, , 0, 0, 0, 0, 0, 
533, 0, 566, -1, -1, 78, 131, 107.0, 14, , 0, 0, 0, 0, , 0, 0, 0, 0, 0, 
534, 1, 567, 535, -1, 89, 112, 154.0, 12, ABalaaaarrp, 0, 0, 0, 0, , 0, 0, 0, 0, 0, 
535, 1, 568, 536, -1, 97, 135, 85.0, 12, ABalaaapall, 0, 0, 0, 0, , 0, 0, 0, 0, 0, 
536, 1, 569, 537, -1, 110, 67, 87.5, 14, ABalaaapalr, 0, 0, 0, 0, , 0, 0, 0, 0, 0, 
537, 1, 570, 538, -1, 49, 110, 120.0, 12, ABalaaaparr, 0, 0, 0, 0, , 0, 0, 0, 0, 0, 
538, 0, 571, -1, -1, 64, 126, 145.0, 12, , 0, 0, 0, 0, , 0, 0, 0, 0, 0, 
539, 1, 572, 540, -1, 74, 119, 156.0, 12, ABalaaappll, 0, 0, 0, 0, , 0, 0, 0, 0, 0, 
540, 1, 573, 541, -1, 94, 141, 169.0, 12, ABalaaapprr, 0, 0, 0, 0, , 0, 0, 0, 0, 0, 
541, 0, 574, -1, -1, 99, 85, 185.0, 12, , 0, 0, 0, 0, , 0, 0, 0, 0, 0, 
542, 0, 575, -1, -1, 86, 128, 164.0, 13, , 0, 0, 0, 0, , 0, 0, 0, 0, 0, 
543, 0, 576, -1, -1, 124, 159, 153.0, 12, , 0, 0, 0, 0, , 0, 0, 0, 0, 0, 
544, 0, 577, -1, -1, 135, 138, 189.0, 12, , 0, 0, 0, 0, , 0, 0, 0, 0, 0, 
545, 0, 578, -1, -1, 104, 153, 179.0, 13, , 0, 0, 0, 0, , 0, 0, 0, 0, 0, 
546, 1, 579, 547, -1, 129, 119, 189.0, 13, ABalaapppaa, 0, 0, 0, 0, , 0, 0, 0, 0, 0, 
547, 1, 580, 548, -1, 101, 135, 162.0, 10, ABalaappppaa, 0, 0, 0, 0, , 0, 0, 0, 0, 0, 
548, 1, 581, 549, -1, 106, 121, 179.0, 12, ABalaappppap, 0, 0, 0, 0, , 0, 0, 0, 0, 0, 
549, 0, 582, -1, -1, 91, 116, 159.0, 13, , 0, 0, 0, 0, , 0, 0, 0, 0, 0, 
550, 1, 583, 551, -1, 107, 101, 75.0, 11, ABalapaaaaa, 0, 0, 0, 0, , 0, 0, 0, 0, 0, 
551, 1, 584, 552, -1, 115, 80, 80.0, 11, ABalapaaaap, 0, 0, 0, 0, , 0, 0, 0, 0, 0, 
552, 0, 585, -1, -1, 166, 41, 110.0, 14, , 0, 0, 0, 0, , 0, 0, 0, 0, 0, 
553, 0, 586, -1, -1, 165, 42, 105.0, 14, , 0, 0, 0, 0, , 0, 0, 0, 0, 0, 
554, 1, 587, 555, -1, 95, 88, 79.0, 14, ABalapaaapp, 0, 0, 0, 0, , 0, 0, 0, 0, 0, 
555, 0, 588, -1, -1, 124, 104, 82.5, 13, , 0, 0, 0, 0, , 0, 0, 0, 0, 0, 
556, 1, 589, 557, -1, 103, 113, 91.0, 13, ABalapaappp, 0, 0, 0, 0, , 0, 0, 0, 0, 0, 
557, 0, 590, -1, -1, 91, 66, 124.0, 13, , 0, 0, 0, 0, , 0, 0, 0, 0, 0, 
558, 1, 591, 559, -1, 102, 56, 129.0, 13, ABalapapapap, 0, 0, 0, 0, , 0, 0, 0, 0, 0, 
559, 1, 592, 560, -1, 80, 81, 123.0, 15, ABalapapapp, 0, 0, 0, 0, , 0, 0, 0, 0, 0, 
560, 1, 593, 561, -1, 82, 106, 108.0, 12, ABalapappaaa, 0, 0, 0, 0, , 0, 0, 0, 0, 0, 
561, 1, 594, 562, -1, 75, 98, 134.0, 13, ABarpaaaaar, 0, 0, 0, 0, , 0, 0, 0, 0, 0, 
562, 1, 595, 563, -1, 100, 80, 95.0, 12, ABalapappaap, 0, 0, 0, 0, , 0, 0, 0, 0, 0, 
563, 1, 596, 564, -1, 69, 96, 112.0, 14, ABalapappap, 0, 0, 0, 0, , 0, 0, 0, 0, 0, 
564, 0, 597, -1, -1, 88, 86, 89.5, 14, , 0, 0, 0, 0, , 0, 0, 0, 0, 0, 
565, 1, 598, 566, -1, 132, 63, 94.0, 14, ABalapapppa, 0, 0, 0, 0, , 0, 0, 0, 0, 0, 
566, 0, 599, -1, -1, 55, 96, 127.0, 13, , 0, 0, 0, 0, , 0, 0, 0, 0, 0, 
567, 0, 600, -1, -1, 110, 70, 178.5, 12, , 0, 0, 0, 0, , 0, 0, 0, 0, 0, 
568, 1, 601, 569, -1, 131, 61, 184.0, 12, ABalappappa, 0, 0, 0, 0, , 0, 0, 0, 0, 0, 
569, 1, 602, 570, -1, 140, 46, 114.0, 14, MSapppap, 0, 0, 0, 0, , 0, 0, 0, 0, 0, 
570, 0, 603, -1, -1, 131, 58, 187.0, 12, , 0, 0, 0, 0, , 0, 0, 0, 0, 0, 
571, 0, 603, -1, -1, 139, 55, 188.0, 12, , 0, 0, 0, 0, , 0, 0, 0, 0, 0, 
572, 1, 604, 572, -1, 96, 77, 133.0, 14, ABalapppaaa, 0, 0, 0, 0, , 0, 0, 0, 0, 0, 
573, 1, 605, 573, -1, 80, 105, 139.0, 13, ABalapppaap, 0, 0, 0, 0, , 0, 0, 0, 0, 0, 
574, 1, 606, 574, -1, 84, 68, 135.0, 13, ABalapppapaa, 0, 0, 0, 0, , 0, 0, 0, 0, 0, 
575, 1, 607, 575, -1, 101, 57, 141.0, 13, ABalapppapap, 0, 0, 0, 0, , 0, 0, 0, 0, 0, 
576, 0, 608, -1, -1, 82, 91, 150.0, 14, , 0, 0, 0, 0, , 0, 0, 0, 0, 0, 
577, 0, 609, -1, -1, 76, 107, 143.0, 10, , 0, 0, 0, 0, , 0, 0, 0, 0, 0, 
578, 0, 610, -1, -1, 78, 106, 145.0, 10, , 0, 0, 0, 0, , 0, 0, 0, 0, 0, 
579, 0, 611, -1, -1, 81, 90, 144.0, 14, , 0, 0, 0, 0, , 0, 0, 0, 0, 0, 
580, 0, 612, -1, -1, 82, 89, 151.5, 13, , 0, 0, 0, 0, , 0, 0, 0, 0, 0, 
581, 1, 613, 581, -1, 76, 100, 176.0, 12, ABalapppppp, 0, 0, 0, 0, , 0, 0, 0, 0, 0, 
582, 1, 614, 582, -1, 105, 126, 120.0, 13, ABalpaaaaaa, 0, 0, 0, 0, , 0, 0, 0, 0, 0, 
583, 1, 615, 583, -1, 136, 117, 116.0, 12, ABalpaaaaap, 0, 0, 0, 0, , 0, 0, 0, 0, 0, 
584, 0, 616, -1, -1, 104, 132, 140.0, 13, , 0, 0, 0, 0, , 0, 0, 0, 0, 0, 
585, 1, 617, 585, -1, 121, 103, 116.5, 12, ABalpaaapaa, 0, 0, 0, 0, , 0, 0, 0, 0, 0, 
586, 1, 618, 586, -1, 148, 86, 111.5, 13, ABalpaaappp, 0, 0, 0, 0, , 0, 0, 0, 0, 0, 
587, 1, 619, 587, -1, 86, 128, 112.0, 13, ABalpaapaaa, 0, 0, 0, 0, , 0, 0, 0, 0, 0, 
588, 1, 620, 588, -1, 96, 118, 121.0, 14, ABalpaapaap, 0, 0, 0, 0, , 0, 0, 0, 0, 0, 
589, 1, 621, 589, -1, 129, 70, 118.0, 14, ABalpaapapa, 0, 0, 0, 0, , 0, 0, 0, 0, 0, 
590, 1, 622, 590, -1, 132, 86, 109.0, 15, ABalpaapapp, 0, 0, 0, 0, , 0, 0, 0, 0, 0, 
591, 1, 623, 591, -1, 76, 131, 107.0, 12, ABalpaappaa, 0, 0, 0, 0, , 0, 0, 0, 0, 0, 
592, 1, 624, 592, -1, 91, 144, 109.5, 13, ABalpaappap, 0, 0, 0, 0, , 0, 0, 0, 0, 0, 
593, 0, 625, -1, -1, 80, 114, 98.0, 14, , 0, 0, 0, 0, , 0, 0, 0, 0, 0, 
594, 0, 626, -1, -1, 102, 134, 104.0, 14, , 0, 0, 0, 0, , 0, 0, 0, 0, 0, 
595, 0, 627, -1, -1, 83, 163, 124.0, 13, , 0, 0, 0, 0, , 0, 0, 0, 0, 0, 
596, 0, 628, -1, -1, 99, 136, 155.0, 13, , 0, 0, 0, 0, , 0, 0, 0, 0, 0, 
597, 0, 629, -1, -1, 146, 132, 119.0, 13, , 0, 0, 0, 0, , 0, 0, 0, 0, 0, 
598, 1, 630, 598, -1, 151, 168, 113.0, 12, ABalpapapapa, 0, 0, 0, 0, , 0, 0, 0, 0, 0, 
599, 1, 631, 599, -1, 162, 156, 120.0, 12, ABalpapapapp, 0, 0, 0, 0, , 0, 0, 0, 0, 0, 
600, 0, 632, -1, -1, 193, 129, 132.5, 13, , 0, 0, 0, 0, , 0, 0, 0, 0, 0, 
601, 0, 633, -1, -1, 121, 124, 120.0, 13, , 0, 0, 0, 0, , 0, 0, 0, 0, 0, 
602, 0, 634, -1, -1, 120, 128, 142.0, 15, , 0, 0, 0, 0, , 0, 0, 0, 0, 0, 
603, 0, 635, -1, -1, 193, 92, 142.0, 13, , 0, 0, 0, 0, , 0, 0, 0, 0, 0, 
604, 1, 636, 604, -1, 146, 89, 104.0, 13, ABalpapppaa, 0, 0, 0, 0, , 0, 0, 0, 0, 0, 
605, 1, 637, 605, -1, 151, 104, 137.5, 15, ABalpappppa, 0, 0, 0, 0, , 0, 0, 0, 0, 0, 
606, 1, 638, 606, -1, 145, 106, 116.5, 14, ABalpappppp, 0, 0, 0, 0, , 0, 0, 0, 0, 0, 
607, 0, 639, -1, -1, 107, 141, 90.0, 12, , 0, 0, 0, 0, , 0, 0, 0, 0, 0, 
608, 0, 640, -1, -1, 106, 142, 90.0, 12, , 0, 0, 0, 0, , 0, 0, 0, 0, 0, 
609, 0, 641, -1, -1, 104, 166, 137.0, 11, , 0, 0, 0, 0, , 0, 0, 0, 0, 0, 
610, 0, 642, -1, -1, 105, 128, 102.5, 13, , 0, 0, 0, 0, , 0, 0, 0, 0, 0, 
611, 0, 643, -1, -1, 106, 128, 103.0, 11, , 0, 0, 0, 0, , 0, 0, 0, 0, 0, 
612, 1, 644, 612, -1, 102, 135, 105.0, 11, ABalpapaaaa, 0, 0, 0, 0, , 0, 0, 0, 0, 0, 
613, 1, 645, 613, -1, 112, 150, 115.0, 12, ABalppapaap, 0, 0, 0, 0, , 0, 0, 0, 0, 0, 
614, 0, 646, -1, -1, 139, 145, 111.5, 12, , 0, 0, 0, 0, , 0, 0, 0, 0, 0, 
615, 0, 647, -1, -1, 88, 165, 111.0, 13, , 0, 0, 0, 0, , 0, 0, 0, 0, 0, 
616, 0, 648, -1, -1, 124, 104, 83.5, 13, , 0, 0, 0, 0, , 0, 0, 0, 0, 0, 
617, 0, 649, -1, -1, 132, 121, 83.0, 13, , 0, 0, 0, 0, , 0, 0, 0, 0, 0, 
618, 1, 650, 618, -1, 124, 105, 85.0, 13, ABalppappaa, 0, 0, 0, 0, , 0, 0, 0, 0, 0, 
619, 0, 651, -1, -1, 121, 125, 86.0, 13, , 0, 0, 0, 0, , 0, 0, 0, 0, 0, 
620, 1, 652, 620, -1, 118, 146, 108.0, 13, ABalppapppaa, 0, 0, 0, 0, , 0, 0, 0, 0, 0, 
621, 0, 653, -1, -1, 127, 153, 124.0, 13, , 0, 0, 0, 0, , 0, 0, 0, 0, 0, 
622, 1, 654, 622, -1, 111, 144, 102.0, 13, ABalppapppp, 0, 0, 0, 0, , 0, 0, 0, 0, 0, 
623, 0, 655, -1, -1, 140, 137, 71.0, 13, , 0, 0, 0, 0, , 0, 0, 0, 0, 0, 
624, 0, 656, -1, -1, 96, 108, 84.0, 13, , 0, 0, 0, 0, , 0, 0, 0, 0, 0, 
625, 1, 657, 625, -1, 154, 124, 73.0, 13, ABalpppaaaa, 0, 0, 0, 0, , 0, 0, 0, 0, 0, 
626, 1, 658, 626, -1, 140, 136, 71.0, 12, ABalpppapad, 0, 0, 0, 0, , 0, 0, 0, 0, 0, 
627, 1, 659, 627, -1, 152, 113, 78.0, 12, ABalpppapav, 0, 0, 0, 0, , 0, 0, 0, 0, 0, 
628, 1, 660, 628, -1, 109, 94, 72.0, 12, ABalpppapppa, 0, 0, 0, 0, , 0, 0, 0, 0, 0, 
629, 1, 661, 629, -1, 144, 75, 93.5, 14, ABalppppaad, 0, 0, 0, 0, , 0, 0, 0, 0, 0, 
630, 0, 662, -1, -1, 100, 106, 81.0, 15, , 0, 0, 0, 0, , 0, 0, 0, 0, 0, 
631, 0, 663, -1, -1, 93, 121, 98.0, 13, , 0, 0, 0, 0, , 0, 0, 0, 0, 0, 
632, 1, 664, 632, -1, 145, 101, 83.0, 13, ABalpppppaa, 0, 0, 0, 0, , 0, 0, 0, 0, 0, 
633, 1, 665, 633, -1, 159, 90, 87.0, 13, ABalpppppap, 0, 0, 0, 0, , 0, 0, 0, 0, 0, 
634, 1, 666, 634, -1, 166, 74, 84.0, 15, ABalppppppaa, 0, 0, 0, 0, , 0, 0, 0, 0, 0, 
635, 1, 667, 635, -1, 159, 88, 68.0, 13, ABalpppppppa, 0, 0, 0, 0, , 0, 0, 0, 0, 0, 
636, 1, 668, 636, -1, 160, 104, 62.5, 15, ABalpppppppp, 0, 0, 0, 0, , 0, 0, 0, 0, 0, 
637, 1, 669, 637, -1, 101, 134, 113.0, 13, ABaraaaaaaa, 0, 0, 0, 0, , 0, 0, 0, 0, 0, 
638, 1, 670, 638, -1, 112, 114, 115.0, 12, ABaraaaaaap, 0, 0, 0, 0, , 0, 0, 0, 0, 0, 
639, 1, 671, 639, -1, 98, 135, 143.0, 13, ABaraaaaapa, 0, 0, 0, 0, , 0, 0, 0, 0, 0, 
640, 1, 672, 640, -1, 107, 119, 153.5, 13, ABaraaaaapp, 0, 0, 0, 0, , 0, 0, 0, 0, 0, 
641, 0, 673, -1, -1, 92, 116, 131.0, 14, , 0, 0, 0, 0, , 0, 0, 0, 0, 0, 
642, 1, 674, 642, -1, 85, 128, 144.5, 14, ABaraaapaaa, 0, 0, 0, 0, , 0, 0, 0, 0, 0, 
643, 1, 675, 643, -1, 94, 122, 142.0, 11, ABaraaapaap, 0, 0, 0, 0, , 0, 0, 0, 0, 0, 
644, 1, 676, 644, -1, 126, 81, 161.0, 15, ABaraaapapa, 0, 0, 0, 0, , 0, 0, 0, 0, 0, 
645, 1, 677, 645, -1, 145, 89, 170.0, 13, ABaraaapapp, 0, 0, 0, 0, , 0, 0, 0, 0, 0, 
646, 1, 678, 646, -1, 72, 128, 127.0, 13, ABaraaappaa, 0, 0, 0, 0, , 0, 0, 0, 0, 0, 
647, 1, 679, 647, -1, 89, 146, 137.0, 12, ABaraaappap, 0, 0, 0, 0, , 0, 0, 0, 0, 0, 
648, 1, 680, 648, -1, 74, 135, 140.0, 12, ABaraaapppa, 0, 0, 0, 0, , 0, 0, 0, 0, 0, 
649, 1, 681, 649, -1, 91, 116, 133.0, 14, ABaraaaapap, 0, 0, 0, 0, , 0, 0, 0, 0, 0, 
650, 0, 682, -1, -1, 92, 118, 130.0, 12, , 0, 0, 0, 0, , 0, 0, 0, 0, 0, 
651, 1, 683, 651, -1, 91, 119, 127.0, 12, ABaraapaaaa, 0, 0, 0, 0, , 0, 0, 0, 0, 0, 
652, 0, 684, -1, -1, 101, 103, 127.0, 14, , 0, 0, 0, 0, , 0, 0, 0, 0, 0, 
653, 1, 685, 653, -1, 112, 89, 127.0, 12, ABaraapaapa, 0, 0, 0, 0, , 0, 0, 0, 0, 0, 
654, 1, 686, 654, -1, 154, 49, 120.0, 14, ABaraapaapp, 0, 0, 0, 0, , 0, 0, 0, 0, 0, 
655, 1, 687, 655, -1, 154, 65, 112.0, 13, ABaraapapaad, 0, 0, 0, 0, , 0, 0, 0, 0, 0, 
656, 1, 688, 656, -1, 158, 76, 119.0, 13, ABaraapapaav, 0, 0, 0, 0, , 0, 0, 0, 0, 0, 
657, 1, 689, 657, -1, 164, 55, 114.0, 12, ABaraapapap, 0, 0, 0, 0, , 0, 0, 0, 0, 0, 
658, 1, 690, 658, -1, 173, 73, 110.0, 13, ABaraapappa, 0, 0, 0, 0, , 0, 0, 0, 0, 0, 
659, 1, 691, 659, -1, 171, 84, 115.5, 13, ABaraapappp, 0, 0, 0, 0, , 0, 0, 0, 0, 0, 
660, 1, 692, 660, -1, 108, 81, 137.0, 15, ABaraappaaa, 0, 0, 0, 0, , 0, 0, 0, 0, 0, 
661, 1, 693, 661, -1, 100, 105, 141.5, 14, ABaraappaap, 0, 0, 0, 0, , 0, 0, 0, 0, 0, 
662, 1, 694, 662, -1, 111, 94, 147.0, 13, ABaraappapa, 0, 0, 0, 0, , 0, 0, 0, 0, 0, 
663, 1, 695, 663, -1, 171, 55, 162.0, 15, MSpaapaaa, 0, 0, 0, 0, , 0, 0, 0, 0, 0, 
664, 1, 696, 664, -1, 153, 77, 173.5, 14, ABaraapppaad, 0, 0, 0, 0, , 0, 0, 0, 0, 0, 
665, 1, 697, 665, -1, 159, 84, 158.33333, 13, ABaraapppaav, 0, 0, 0, 0, , 0, 0, 0, 0, 0, 
666, 1, 698, 666, -1, 160, 66, 177.0, 15, ABaraapppap, 0, 0, 0, 0, , 0, 0, 0, 0, 0, 
667, 1, 699, 667, -1, 168, 79, 176.0, 12, ABaraappppa, 0, 0, 0, 0, , 0, 0, 0, 0, 0, 
668, 1, 700, 668, -1, 171, 94, 160.5, 13, ABaraappppp, 0, 0, 0, 0, , 0, 0, 0, 0, 0, 
669, 1, 701, 669, -1, 106, 131, 145.0, 11, ABarapaaaaa, 0, 0, 0, 0, , 0, 0, 0, 0, 0, 
670, 1, 702, 670, -1, 134, 121, 148.0, 14, ABarapaaaap, 0, 0, 0, 0, , 0, 0, 0, 0, 0, 
671, 1, 703, 671, -1, 106, 134, 130.0, 15, ABalpappapa, 0, 0, 0, 0, , 0, 0, 0, 0, 0, 
672, 1, 704, 672, -1, 120, 129, 142.5, 11, ABarapaaapa, 0, 0, 0, 0, , 0, 0, 0, 0, 0, 
673, 1, 705, 673, -1, 119, 110, 156.0, 13, ABarapaapaa, 0, 0, 0, 0, , 0, 0, 0, 0, 0, 
674, 1, 706, 674, -1, 139, 77, 173.0, 13, ABarapaapap, 0, 0, 0, 0, , 0, 0, 0, 0, 0, 
675, 1, 707, 675, -1, 131, 94, 164.0, 12, ABarapaappa, 0, 0, 0, 0, , 0, 0, 0, 0, 0, 
676, 1, 708, 676, -1, 154, 99, 160.0, 12, ABarapaappp, 0, 0, 0, 0, , 0, 0, 0, 0, 0, 
677, 1, 709, 677, -1, 132, 119, 159.0, 13, ABarapapaapa, 0, 0, 0, 0, , 0, 0, 0, 0, 0, 
678, 1, 710, 678, -1, 143, 117, 166.5, 13, ABarapapaapp, 0, 0, 0, 0, , 0, 0, 0, 0, 0, 
679, 1, 711, 679, -1, 100, 147, 123.5, 12, ABarapapapa, 0, 0, 0, 0, , 0, 0, 0, 0, 0, 
680, 0, 712, -1, -1, 192, 93, 140.0, 14, , 0, 0, 0, 0, , 0, 0, 0, 0, 0, 
681, 0, 713, -1, -1, 192, 93, 139.5, 14, , 0, 0, 0, 0, , 0, 0, 0, 0, 0, 
682, 1, 714, 682, -1, 199, 83, 139.0, 14, ABalpappapp, 0, 0, 0, 0, , 0, 0, 0, 0, 0, 
683, 1, 715, 683, -1, 193, 93, 141.5, 12, ABarapapapp, 0, 0, 0, 0, , 0, 0, 0, 0, 0, 
684, 1, 716, 684, -1, 139, 106, 162.0, 12, ABarapappaa, 0, 0, 0, 0, , 0, 0, 0, 0, 0, 
685, 1, 717, 685, -1, 179, 96, 134.0, 15, ABarapapppa, 0, 0, 0, 0, , 0, 0, 0, 0, 0, 
686, 1, 718, 686, -1, 145, 108, 152.0, 15, ABarapapppp, 0, 0, 0, 0, , 0, 0, 0, 0, 0, 
687, 1, 719, 687, -1, 95, 159, 123.5, 13, ABalpapaapa, 0, 0, 0, 0, , 0, 0, 0, 0, 0, 
688, 1, 720, 688, -1, 99, 137, 156.5, 12, ABarappaaaa, 0, 0, 0, 0, , 0, 0, 0, 0, 0, 
689, 0, 721, -1, -1, 149, 135, 135.5, 13, , 0, 0, 0, 0, , 0, 0, 0, 0, 0, 
690, 1, 722, 690, -1, 145, 158, 128.0, 13, ABarappapapa, 0, 0, 0, 0, , 0, 0, 0, 0, 0, 
691, 1, 723, 691, -1, 159, 153, 143.5, 13, ABarappapapp, 0, 0, 0, 0, , 0, 0, 0, 0, 0, 
692, 1, 724, 692, -1, 215, 61, 168.0, 13, MSpapappp, 0, 0, 0, 0, , 0, 0, 0, 0, 0, 
693, 0, 725, -1, -1, 191, 128, 144.0, 13, , 0, 0, 0, 0, , 0, 0, 0, 0, 0, 
694, 0, 726, -1, -1, 179, 141, 160.0, 13, , 0, 0, 0, 0, , 0, 0, 0, 0, 0, 
695, 1, 727, 695, -1, 112, 127, 188.0, 10, ABarapppaaa, 0, 0, 0, 0, , 0, 0, 0, 0, 0, 
696, 0, 728, -1, -1, 117, 156, 133.0, 11, , 0, 0, 0, 0, , 0, 0, 0, 0, 0, 
697, 1, 729, 698, -1, 115, 155, 134.0, 11, ABarapppaap, 0, 0, 0, 0, , 0, 0, 0, 0, 0, 
698, 0, 730, -1, -1, 119, 157, 132.0, 11, , 0, 0, 0, 0, , 0, 0, 0, 0, 0, 
699, 1, 731, 699, -1, 140, 146, 134.0, 12, ABarapppapa, 0, 0, 0, 0, , 0, 0, 0, 0, 0, 
700, 1, 732, 700, -1, 108, 167, 135.0, 12, ABarapppapp, 0, 0, 0, 0, , 0, 0, 0, 0, 0, 
701, 1, 733, 701, -1, 119, 111, 181.0, 13, ABarappppaa, 0, 0, 0, 0, , 0, 0, 0, 0, 0, 
702, 1, 734, 702, -1, 112, 131, 170.0, 13, ABarappppap, 0, 0, 0, 0, , 0, 0, 0, 0, 0, 
703, 1, 735, 703, -1, 117, 146, 142.0, 13, ABarapppppaa, 0, 0, 0, 0, , 0, 0, 0, 0, 0, 
704, 1, 736, 704, -1, 128, 155, 140.0, 13, ABarapppppap, 0, 0, 0, 0, , 0, 0, 0, 0, 0, 
705, 0, 737, -1, -1, 106, 160, 150.0, 11, , 0, 0, 0, 0, , 0, 0, 0, 0, 0, 
706, 1, 738, 706, -1, 74, 100, 125.0, 12, ABarpaaaaal, 0, 0, 0, 0, , 0, 0, 0, 0, 0, 
707, 1, 739, 707, -1, 82, 106, 115.0, 14, ABarpaaaapa, 0, 0, 0, 0, , 0, 0, 0, 0, 0, 
708, 1, 740, 708, -1, 80, 85, 102.0, 12, ABarpaaaapp, 0, 0, 0, 0, , 0, 0, 0, 0, 0, 
709, 0, 742, -1, -1, 78, 107, 146.5, 10, , 0, 0, 0, 0, , 0, 0, 0, 0, 0, 
710, 0, 743, -1, -1, 78, 107, 144.5, 12, , 0, 0, 0, 0, , 0, 0, 0, 0, 0, 
711, 1, 744, 711, -1, 70, 100, 165.0, 13, ABarpaaapap, 0, 0, 0, 0, , 0, 0, 0, 0, 0, 
712, 1, 745, 712, -1, 52, 109, 145.0, 13, ABarpaapaa, 0, 0, 0, 0, , 0, 0, 0, 0, 0, 
713, 1, 746, 713, -1, 82, 61, 133.0, 15, ABarpaapap, 0, 0, 0, 0, , 0, 0, 0, 0, 0, 
714, 1, 747, 714, -1, 104, 44, 137.0, 14, ABarpaappa, 0, 0, 0, 0, , 0, 0, 0, 0, 0, 
715, 1, 748, 715, -1, 143, 58, 196.0, 13, ABarpaappp, 0, 0, 0, 0, , 0, 0, 0, 0, 0, 
716, 0, 749, -1, -1, 81, 91, 150.0, 13, , 0, 0, 0, 0, , 0, 0, 0, 0, 0, 
717, 1, 750, 717, -1, 84, 78, 151.0, 12, ABalapppapp, 0, 0, 0, 0, , 0, 0, 0, 0, 0, 
718, 1, 751, 718, -1, 81, 92, 150.0, 13, ABalappppap, 0, 0, 0, 0, , 0, 0, 0, 0, 0, 
719, 1, 752, 719, -1, 81, 91, 146.0, 13, ABarpapaaaa, 0, 0, 0, 0, , 0, 0, 0, 0, 0, 
720, 1, 753, 720, -1, 88, 76, 170.0, 12, ABarpapaaap, 0, 0, 0, 0, , 0, 0, 0, 0, 0, 
721, 1, 754, 721, -1, 85, 92, 162.0, 13, ABarpapaappa, 0, 0, 0, 0, , 0, 0, 0, 0, 0, 
722, 1, 755, 722, -1, 95, 78, 161.0, 13, ABarpapaappp, 0, 0, 0, 0, , 0, 0, 0, 0, 0, 
723, 1, 756, 723, -1, 55, 131, 119.0, 15, ABarpapapa, 0, 0, 0, 0, , 0, 0, 0, 0, 0, 
724, 1, 757, 724, -1, 71, 79, 136.0, 15, ABarpapapp, 0, 0, 0, 0, , 0, 0, 0, 0, 0, 
725, 1, 758, 725, -1, 78, 154, 148.0, 12, ABarpappaa, 0, 0, 0, 0, , 0, 0, 0, 0, 0, 
726, 1, 759, 726, -1, 82, 149, 171.0, 14, ABarpappap, 0, 0, 0, 0, , 0, 0, 0, 0, 0, 
727, 1, 760, 727, -1, 140, 52, 96.0, 13, ABarppaaaa, 0, 0, 0, 0, , 0, 0, 0, 0, 0, 
728, 1, 761, 728, -1, 175, 57, 195.0, 12, ABarppaapa, 0, 0, 0, 0, , 0, 0, 0, 0, 0, 
729, 1, 762, 729, -1, 205, 55, 111.0, 12, ABarppaappa, 0, 0, 0, 0, , 0, 0, 0, 0, 0, 
730, 1, 762, 730, -1, 217, 52, 112.0, 12, ABarppaappp, 0, 0, 0, 0, , 0, 0, 0, 0, 0, 
731, 1, 763, 731, -1, 130, 74, 186.0, 12, ABarpppaaa, 0, 0, 0, 0, , 0, 0, 0, 0, 0, 
732, 1, 764, 732, -1, 177, 44, 94.0, 15, ABarpppapa, 0, 0, 0, 0, , 0, 0, 0, 0, 0, 
733, 1, 765, 733, -1, 192, 62, 191.0, 15, ABarpppappa, 0, 0, 0, 0, , 0, 0, 0, 0, 0, 
734, 1, 766, 734, -1, 210, 58, 187.0, 13, ABarpppappp, 0, 0, 0, 0, , 0, 0, 0, 0, 0, 
735, 1, 767, 735, -1, 192, 75, 206.5, 14, ABarppppaa, 0, 0, 0, 0, , 0, 0, 0, 0, 0, 
736, 1, 768, 736, -1, 84, 88, 115.0, 13, ABplaaaaaaa, 0, 0, 0, 0, , 0, 0, 0, 0, 0, 
737, 1, 769, 737, -1, 95, 67, 108.0, 12, ABplaaaaaap, 0, 0, 0, 0, , 0, 0, 0, 0, 0, 
738, 1, 770, 738, -1, 95, 82, 107.0, 12, ABplaaaaappa, 0, 0, 0, 0, , 0, 0, 0, 0, 0, 
739, 1, 771, 739, -1, 105, 69, 115.0, 12, ABplaaaaappp, 0, 0, 0, 0, , 0, 0, 0, 0, 0, 
740, 1, 772, 740, -1, 48, 108, 125.5, 15, ABplaaaapa, 0, 0, 0, 0, , 0, 0, 0, 0, 0, 
741, 1, 773, 741, -1, 62, 90, 138.0, 12, ABplaaaapp, 0, 0, 0, 0, , 0, 0, 0, 0, 0, 
742, 1, 774, 742, -1, 85, 149, 95.0, 13, ABplaaapaa, 0, 0, 0, 0, , 0, 0, 0, 0, 0, 
743, 1, 775, 743, -1, 91, 140, 75.0, 15, ABplaaapap, 0, 0, 0, 0, , 0, 0, 0, 0, 0, 
744, 0, 776, -1, -1, 61, 116, 134.0, 13, , 0, 0, 0, 0, , 0, 0, 0, 0, 0, 
745, 1, 777, 745, -1, 64, 119, 111.0, 15, ABplaapaaap, 0, 0, 0, 0, , 0, 0, 0, 0, 0, 
746, 0, 778, -1, -1, 99, 108, 83.0, 14, , 0, 0, 0, 0, , 0, 0, 0, 0, 0, 
747, 0, 779, -1, -1, 91, 124, 99.0, 13, , 0, 0, 0, 0, , 0, 0, 0, 0, 0, 
748, 0, 780, -1, -1, 98, 106, 80.0, 13, , 0, 0, 0, 0, , 0, 0, 0, 0, 0, 
749, 1, 781, 749, -1, 173, 94, 98.0, 15, ABplaapapaa, 0, 0, 0, 0, , 0, 0, 0, 0, 0, 
750, 1, 782, 750, -1, 173, 64, 82.0, 14, ABarppaaap, 0, 0, 0, 0, , 0, 0, 0, 0, 0, 
751, 1, 783, 751, -1, 163, 74, 94.0, 13, ABplaapapap, 0, 0, 0, 0, , 0, 0, 0, 0, 0, 
752, 1, 784, 752, -1, 155, 100, 94.5, 14, ABplaapappa, 0, 0, 0, 0, , 0, 0, 0, 0, 0, 
753, 1, 785, 753, -1, 147, 77, 79.0, 12, ABplaapapppa, 0, 0, 0, 0, , 0, 0, 0, 0, 0, 
754, 1, 786, 754, -1, 111, 162, 106.0, 13, ABalppapapp, 0, 0, 0, 0, , 0, 0, 0, 0, 0, 
755, 1, 787, 755, -1, 89, 164, 108.0, 15, ABplaappaa, 0, 0, 0, 0, , 0, 0, 0, 0, 0, 
756, 1, 788, 756, -1, 135, 174, 106.0, 13, ABplaappap, 0, 0, 0, 0, , 0, 0, 0, 0, 0, 
757, 1, 789, 757, -1, 154, 164, 101.0, 13, ABplaapppa, 0, 0, 0, 0, , 0, 0, 0, 0, 0, 
758, 1, 790, 758, -1, 199, 81, 82.0, 17, ABplaapppp, 0, 0, 0, 0, , 0, 0, 0, 0, 0, 
759, 1, 791, 759, -1, 158, 52, 98.0, 12, ABplapaaaapa, 0, 0, 0, 0, , 0, 0, 0, 0, 0, 
760, 1, 792, 760, -1, 186, 59, 103.0, 12, ABplapaaaapp, 0, 0, 0, 0, , 0, 0, 0, 0, 0, 
761, 1, 793, 761, -1, 179, 68, 93.0, 13, ABplapaaapad, 0, 0, 0, 0, , 0, 0, 0, 0, 0, 
762, 1, 794, 762, -1, 191, 82, 97.0, 13, ABplapaaapav, 0, 0, 0, 0, , 0, 0, 0, 0, 0, 
763, 1, 795, 763, -1, 203, 69, 100.0, 15, ABplapaaapp, 0, 0, 0, 0, , 0, 0, 0, 0, 0, 
764, 1, 796, 764, -1, 185, 136, 111.0, 13, ABplapaapa, 0, 0, 0, 0, , 0, 0, 0, 0, 0, 
765, 1, 797, 765, -1, 223, 75, 92.5, 17, ABplapaapp, 0, 0, 0, 0, , 0, 0, 0, 0, 0, 
766, 1, 798, 766, -1, 269, 131, 88.0, 16, ABplapapap, 0, 0, 0, 0, , 0, 0, 0, 0, 0, 
767, 1, 799, 767, -1, 237, 135, 97.5, 17, ABplapappa, 0, 0, 0, 0, , 0, 0, 0, 0, 0, 
768, 0, 800, -1, -1, 215, 172, 101.0, 14, , 0, 0, 0, 0, , 0, 0, 0, 0, 0, 
769, 1, 801, 769, -1, 256, 71, 97.5, 18, ABplappaaa, 0, 0, 0, 0, , 0, 0, 0, 0, 0, 
770, 1, 802, 770, -1, 294, 88, 99.0, 15, ABplappaap, 0, 0, 0, 0, , 0, 0, 0, 0, 0, 
771, 1, 803, 771, -1, 296, 117, 90.0, 14, ABplappapp, 0, 0, 0, 0, , 0, 0, 0, 0, 0, 
772, 1, 804, 772, -1, 223, 149, 88.0, 14, ABplapppaaa, 0, 0, 0, 0, , 0, 0, 0, 0, 0, 
773, 1, 805, 773, -1, 211, 162, 90.5, 15, ABplapppappa, 0, 0, 0, 0, , 0, 0, 0, 0, 0, 
774, 1, 806, 774, -1, 209, 161, 117.0, 13, ABplapppappp, 0, 0, 0, 0, , 0, 0, 0, 0, 0, 
775, 1, 807, 775, -1, 201, 143, 144.5, 14, ABplappppa, 0, 0, 0, 0, , 0, 0, 0, 0, 0, 
776, 0, 808, -1, -1, 132, 121, 83.0, 13, , 0, 0, 0, 0, , 0, 0, 0, 0, 0, 
777, 1, 809, 777, -1, 168, 117, 73.0, 13, ABplpaaaaap, 0, 0, 0, 0, , 0, 0, 0, 0, 0, 
778, 0, 810, -1, -1, 154, 139, 124.0, 12, , 0, 0, 0, 0, , 0, 0, 0, 0, 0, 
779, 1, 811, 779, -1, 213, 115, 130.0, 12, ABplpaaaapp, 0, 0, 0, 0, , 0, 0, 0, 0, 0, 
780, 1, 812, 780, -1, 111, 155, 93.0, 12, ABplpaaapaa, 0, 0, 0, 0, , 0, 0, 0, 0, 0, 
781, 1, 813, 781, -1, 132, 146, 93.0, 12, ABplpaaapap, 0, 0, 0, 0, , 0, 0, 0, 0, 0, 
782, 1, 814, 782, -1, 125, 137, 75.0, 13, ABplpaaappaa, 0, 0, 0, 0, , 0, 0, 0, 0, 0, 
783, 1, 815, 783, -1, 134, 133, 87.0, 11, ABplpaaappap, 0, 0, 0, 0, , 0, 0, 0, 0, 0, 
784, 1, 816, 784, -1, 125, 150, 76.0, 14, ABplpaaappp, 0, 0, 0, 0, , 0, 0, 0, 0, 0, 
785, 1, 817, 785, -1, 125, 78, 93.0, 12, ABplpaapaaa, 0, 0, 0, 0, , 0, 0, 0, 0, 0, 
786, 0, 818, -1, -1, 173, 88, 72.0, 13, , 0, 0, 0, 0, , 0, 0, 0, 0, 0, 
787, 1, 820, 787, -1, 86, 114, 75.0, 11, ABplpaapapa, 0, 0, 0, 0, , 0, 0, 0, 0, 0, 
788, 1, 821, 788, -1, 140, 161, 96.0, 10, ABplpaapapp, 0, 0, 0, 0, , 0, 0, 0, 0, 0, 
789, 0, 822, -1, -1, 167, 102, 79.5, 13, , 0, 0, 0, 0, , 0, 0, 0, 0, 0, 
790, 1, 823, 790, -1, 168, 101, 80.0, 13, ABplpaappaa, 0, 0, 0, 0, , 0, 0, 0, 0, 0, 
791, 0, 824, -1, -1, 166, 98, 77.0, 13, , 0, 0, 0, 0, , 0, 0, 0, 0, 0, 
792, 0, 825, -1, -1, 157, 139, 123.0, 12, , 0, 0, 0, 0, , 0, 0, 0, 0, 0, 
793, 0, 826, -1, -1, 157, 138, 125.5, 12, , 0, 0, 0, 0, , 0, 0, 0, 0, 0, 
794, 0, 827, -1, -1, 158, 138, 121.5, 12, , 0, 0, 0, 0, , 0, 0, 0, 0, 0, 
795, 1, 828, 795, -1, 159, 121, 102.0, 11, ABplpapaaaa, 0, 0, 0, 0, , 0, 0, 0, 0, 0, 
796, 1, 829, 796, -1, 140, 144, 114.0, 10, ABalppapapa, 0, 0, 0, 0, , 0, 0, 0, 0, 0, 
797, 1, 830, 797, -1, 144, 150, 111.0, 13, ABplpapaapp, 0, 0, 0, 0, , 0, 0, 0, 0, 0, 
798, 0, 831, -1, -1, 177, 114, 109.0, 12, , 0, 0, 0, 0, , 0, 0, 0, 0, 0, 
799, 1, 832, 799, -1, 171, 136, 113.0, 13, ABplpapappa, 0, 0, 0, 0, , 0, 0, 0, 0, 0, 
800, 0, 833, -1, -1, 271, 99, 140.0, 13, , 0, 0, 0, 0, , 0, 0, 0, 0, 0, 
801, 1, 834, 801, -1, 123, 138, 118.0, 13, ABplpappaaa, 0, 0, 0, 0, , 0, 0, 0, 0, 0, 
802, 0, 835, -1, -1, 167, 118, 169.0, 15, , 0, 0, 0, 0, , 0, 0, 0, 0, 0, 
803, 1, 836, 803, -1, 221, 152, 125.0, 13, ABplpapppaa, 0, 0, 0, 0, , 0, 0, 0, 0, 0, 
804, 1, 837, 804, -1, 218, 154, 152.0, 12, ABplpapppap, 0, 0, 0, 0, , 0, 0, 0, 0, 0, 
805, 1, 838, 805, -1, 241, 145, 135.0, 13, ABplpappppa, 0, 0, 0, 0, , 0, 0, 0, 0, 0, 
806, 1, 839, 806, -1, 221, 166, 133.0, 12, ABplpappppp, 0, 0, 0, 0, , 0, 0, 0, 0, 0, 
807, 1, 840, 807, -1, 163, 124, 65.0, 15, ABplppaaaaa, 0, 0, 0, 0, , 0, 0, 0, 0, 0, 
808, 0, 841, -1, -1, 168, 129, 116.0, 10, , 0, 0, 0, 0, , 0, 0, 0, 0, 0, 
809, 0, 842, -1, -1, 198, 127, 118.0, 11, , 0, 0, 0, 0, , 0, 0, 0, 0, 0, 
810, 0, 843, -1, -1, 195, 130, 129.5, 10, , 0, 0, 0, 0, , 0, 0, 0, 0, 0, 
811, 0, 844, -1, -1, 266, 119, 139.0, 13, , 0, 0, 0, 0, , 0, 0, 0, 0, 0, 
812, 1, 845, 811, 812, 194, 123, 114.0, 14, ABplppapaaa, 0, 0, 0, 0, , 0, 0, 0, 0, 0, 
813, 0, 846, -1, -1, 202, 107, 146.0, 12, , 0, 0, 0, 0, , 0, 0, 0, 0, 0, 
814, 1, 847, 814, -1, 229, 92, 132.0, 13, ABplppapapa, 0, 0, 0, 0, , 0, 0, 0, 0, 0, 
815, 1, 848, 815, -1, 266, 92, 138.0, 11, ABplppapapp, 0, 0, 0, 0, , 0, 0, 0, 0, 0, 
816, 1, 849, 816, -1, 255, 98, 146.5, 13, ABplppapppa, 0, 0, 0, 0, , 0, 0, 0, 0, 0, 
817, 1, 850, 817, -1, 256, 131, 149.0, 12, ABplppapppp, 0, 0, 0, 0, , 0, 0, 0, 0, 0, 
818, 0, 851, -1, -1, 234, 128, 129.0, 11, , 0, 0, 0, 0, , 0, 0, 0, 0, 0, 
819, 1, 852, 819, -1, 256, 127, 132.0, 12, ABplpppaaap, 0, 0, 0, 0, , 0, 0, 0, 0, 0, 
820, 1, 853, 820, -1, 220, 152, 102.0, 13, ABplpppaapa, 0, 0, 0, 0, , 0, 0, 0, 0, 0, 
821, 1, 854, 821, -1, 220, 139, 105.0, 10, ABplpppaapp, 0, 0, 0, 0, , 0, 0, 0, 0, 0, 
822, 1, 855, 822, -1, 202, 149, 107.0, 13, ABplpppapaa, 0, 0, 0, 0, , 0, 0, 0, 0, 0, 
823, 1, 856, 823, -1, 175, 176, 159.0, 13, ABplpppapap, 0, 0, 0, 0, , 0, 0, 0, 0, 0, 
824, 1, 857, 824, -1, 233, 143, 116.0, 12, ABplppppaaa, 0, 0, 0, 0, , 0, 0, 0, 0, 0, 
825, 1, 858, 825, -1, 234, 155, 128.0, 13, ABplppppaap, 0, 0, 0, 0, , 0, 0, 0, 0, 0, 
826, 1, 859, 826, -1, 235, 127, 110.0, 14, Capappp, 0, 0, 0, 0, , 0, 0, 0, 0, 0, 
827, 1, 860, 827, -1, 209, 147, 132.0, 13, ABplppppapp, 0, 0, 0, 0, , 0, 0, 0, 0, 0, 
828, 1, 861, 828, -1, 248, 140, 122.0, 13, ABplpppppaa, 0, 0, 0, 0, , 0, 0, 0, 0, 0, 
829, 1, 862, 829, -1, 228, 166, 111.0, 15, ABplpppppap, 0, 0, 0, 0, , 0, 0, 0, 0, 0, 
830, 0, 863, -1, -1, 181, 176, 149.0, 12, , 0, 0, 0, 0, , 0, 0, 0, 0, 0, 
831, 1, 864, 831, -1, 207, 176, 131.5, 13, Cappppd, 0, 0, 0, 0, , 0, 0, 0, 0, 0, 
832, 0, 865, -1, -1, 174, 181, 147.0, 12, , 0, 0, 0, 0, , 0, 0, 0, 0, 0, 
833, 1, 866, 833, -1, 104, 148, 153.0, 13, ABpraaaaaap, 0, 0, 0, 0, , 0, 0, 0, 0, 0, 
834, 1, 867, 834, -1, 119, 144, 186.5, 13, ABpraaaapad, 0, 0, 0, 0, , 0, 0, 0, 0, 0, 
835, 1, 868, 835, -1, 139, 126, 193.0, 13, ABpraaaapav, 0, 0, 0, 0, , 0, 0, 0, 0, 0, 
836, 1, 869, 836, -1, 125, 96, 194.5, 12, ABpraaaapppa, 0, 0, 0, 0, , 0, 0, 0, 0, 0, 
837, 1, 870, 837, -1, 136, 83, 187.0, 13, ABpraaapaad, 0, 0, 0, 0, , 0, 0, 0, 0, 0, 
838, 1, 871, 838, -1, 104, 97, 176.0, 12, ABpraaapapap, 0, 0, 0, 0, , 0, 0, 0, 0, 0, 
839, 1, 872, 839, -1, 85, 113, 166.0, 12, ABpraaapapaa, 0, 0, 0, 0, , 0, 0, 0, 0, 0, 
840, 1, 873, 840, -1, 145, 117, 183.5, 13, ABpraaappaa, 0, 0, 0, 0, , 0, 0, 0, 0, 0, 
841, 1, 874, 841, -1, 141, 105, 190.0, 12, ABpraaappap, 0, 0, 0, 0, , 0, 0, 0, 0, 0, 
842, 1, 875, 842, -1, 158, 91, 192.0, 12, ABpraaapppaa, 0, 0, 0, 0, , 0, 0, 0, 0, 0, 
843, 1, 876, 843, -1, 152, 104, 206.0, 15, ABpraaappppa, 0, 0, 0, 0, , 0, 0, 0, 0, 0, 
844, 1, 877, 844, -1, 159, 116, 205.5, 13, ABpraaappppp, 0, 0, 0, 0, , 0, 0, 0, 0, 0, 
845, 0, 878, -1, -1, 65, 109, 130.0, 15, , 0, 0, 0, 0, , 0, 0, 0, 0, 0, 
846, 0, 879, -1, -1, 65, 111, 130.5, 14, , 0, 0, 0, 0, , 0, 0, 0, 0, 0, 
847, 1, 880, 847, -1, 60, 117, 135.5, 13, ABpraapaaaa, 0, 0, 0, 0, , 0, 0, 0, 0, 0, 
848, 1, 881, 848, -1, 61, 118, 146.0, 13, ABpraapaaap, 0, 0, 0, 0, , 0, 0, 0, 0, 0, 
849, 1, 882, 849, -1, 84, 125, 168.0, 14, ABpraapaapa, 0, 0, 0, 0, , 0, 0, 0, 0, 0, 
850, 1, 883, 850, -1, 101, 109, 190.0, 14, ABpraapaapp, 0, 0, 0, 0, , 0, 0, 0, 0, 0, 
851, 1, 884, 851, -1, 168, 103, 181.0, 12, ABpraapapaa, 0, 0, 0, 0, , 0, 0, 0, 0, 0, 
852, 1, 885, 852, -1, 161, 88, 183.0, 13, ABpraapapap, 0, 0, 0, 0, , 0, 0, 0, 0, 0, 
853, 1, 886, 853, -1, 154, 111, 176.0, 12, ABpraapappa, 0, 0, 0, 0, , 0, 0, 0, 0, 0, 
854, 1, 887, 854, -1, 141, 92, 197.0, 13, ABpraapapppa, 0, 0, 0, 0, , 0, 0, 0, 0, 0, 
855, 0, 888, -1, -1, 156, 77, 196.0, 13, , 0, 0, 0, 0, , 0, 0, 0, 0, 0, 
856, 0, 889, -1, -1, 82, 163, 124.0, 15, , 0, 0, 0, 0, , 0, 0, 0, 0, 0, 
857, 1, 890, 857, -1, 112, 174, 118.0, 15, ABalpapaaap, 0, 0, 0, 0, , 0, 0, 0, 0, 0, 
858, 1, 891, 858, -1, 84, 164, 125.0, 12, ABpraappaa, 0, 0, 0, 0, , 0, 0, 0, 0, 0, 
859, 1, 892, 859, -1, 129, 177, 136.0, 16, ABpraappap, 0, 0, 0, 0, , 0, 0, 0, 0, 0, 
860, 1, 893, 860, -1, 156, 162, 156.0, 12, ABpraapppa, 0, 0, 0, 0, , 0, 0, 0, 0, 0, 
861, 1, 894, 861, -1, 191, 96, 202.0, 14, ABpraapppp, 0, 0, 0, 0, , 0, 0, 0, 0, 0, 
862, 1, 895, 862, -1, 145, 72, 189.0, 13, ABprapaaaapa, 0, 0, 0, 0, , 0, 0, 0, 0, 0, 
863, 1, 896, 863, -1, 168, 69, 194.0, 13, ABprapaaaapp, 0, 0, 0, 0, , 0, 0, 0, 0, 0, 
864, 1, 897, 864, -1, 174, 81, 193.0, 13, ABprapaaapad, 0, 0, 0, 0, , 0, 0, 0, 0, 0, 
865, 1, 898, 865, -1, 185, 98, 192.0, 13, ABprapaaapav, 0, 0, 0, 0, , 0, 0, 0, 0, 0, 
866, 1, 899, 866, -1, 189, 81, 193.0, 15, ABprapaaapp, 0, 0, 0, 0, , 0, 0, 0, 0, 0, 
867, 1, 900, 867, -1, 168, 147, 153.5, 13, ABarappappp, 0, 0, 0, 0, , 0, 0, 0, 0, 0, 
868, 0, 901, -1, -1, 178, 143, 159.5, 13, , 0, 0, 0, 0, , 0, 0, 0, 0, 0, 
869, 1, 902, 869, -1, 215, 86, 197.0, 19, ABprapaapp, 0, 0, 0, 0, , 0, 0, 0, 0, 0, 
870, 1, 903, 870, -1, 272, 135, 185.0, 17, ABprapapap, 0, 0, 0, 0, , 0, 0, 0, 0, 0, 
871, 1, 904, 871, -1, 245, 139, 181.5, 15, ABprapappa, 0, 0, 0, 0, , 0, 0, 0, 0, 0, 
872, 1, 905, 872, -1, 225, 171, 162.5, 13, ABprapappppa, 0, 0, 0, 0, , 0, 0, 0, 0, 0, 
873, 0, 906, -1, -1, 224, 154, 169.0, 15, , 0, 0, 0, 0, , 0, 0, 0, 0, 0, 
874, 0, 907, -1, -1, 223, 155, 176.0, 15, , 0, 0, 0, 0, , 0, 0, 0, 0, 0, 
875, 1, 908, 875, -1, 198, 147, 158.0, 15, ABprappppa, 0, 0, 0, 0, , 0, 0, 0, 0, 0, 
876, 1, 909, 876, -1, 201, 174, 166.0, 16, ABprappppp, 0, 0, 0, 0, , 0, 0, 0, 0, 0, 
877, 1, 910, 877, -1, 216, 167, 175.0, 12, ABprapppappa, 0, 0, 0, 0, , 0, 0, 0, 0, 0, 
878, 1, 911, 878, -1, 213, 165, 164.5, 12, ABprapppappp, 0, 0, 0, 0, , 0, 0, 0, 0, 0, 
879, 1, 912, 879, -1, 152, 125, 195.0, 15, ABprpaaaaap, 0, 0, 0, 0, , 0, 0, 0, 0, 0, 
880, 1, 913, 880, -1, 169, 146, 132.0, 14, ABprpaaaapa, 0, 0, 0, 0, , 0, 0, 0, 0, 0, 
881, 1, 914, 881, -1, 225, 105, 133.0, 13, ABprpaaaapp, 0, 0, 0, 0, , 0, 0, 0, 0, 0, 
882, 1, 915, 882, -1, 115, 156, 144.0, 13, ABarapppppp, 0, 0, 0, 0, , 0, 0, 0, 0, 0, 
883, 1, 916, 883, -1, 105, 159, 149.0, 13, ABprpaaapaa, 0, 0, 0, 0, , 0, 0, 0, 0, 0, 
884, 0, 917, -1, -1, 121, 171, 145.0, 13, , 0, 0, 0, 0, , 0, 0, 0, 0, 0, 
885, 1, 918, 885, -1, 105, 146, 163.0, 13, ABprpaaappaa, 0, 0, 0, 0, , 0, 0, 0, 0, 0, 
886, 1, 919, 886, -1, 118, 141, 173.0, 13, ABprpaaappap, 0, 0, 0, 0, , 0, 0, 0, 0, 0, 
887, 1, 920, 887, -1, 121, 149, 166.0, 13, ABprpaaappp, 0, 0, 0, 0, , 0, 0, 0, 0, 0, 
888, 1, 921, 888, -1, 119, 90, 181.5, 13, ABprpaapaaa, 0, 0, 0, 0, , 0, 0, 0, 0, 0, 
889, 1, 922, 889, -1, 171, 98, 204.0, 13, ABprpaapaap, 0, 0, 0, 0, , 0, 0, 0, 0, 0, 
890, 0, 923, -1, -1, 76, 116, 181.0, 15, , 0, 0, 0, 0, , 0, 0, 0, 0, 0, 
891, 1, 924, 891, -1, 122, 148, 159.0, 11, ABalaapappp, 0, 0, 0, 0, , 0, 0, 0, 0, 0, 
892, 1, 925, 892, -1, 122, 159, 152.0, 13, ABprpaaapap, 0, 0, 0, 0, , 0, 0, 0, 0, 0, 
893, 1, 926, 893, -1, 121, 171, 146.0, 14, ABprpaapapp, 0, 0, 0, 0, , 0, 0, 0, 0, 0, 
894, 1, 927, 894, -1, 159, 112, 189.0, 15, ABprpaappaa, 0, 0, 0, 0, , 0, 0, 0, 0, 0, 
895, 0, 928, -1, -1, 197, 92, 180.35043, 14, , 0, 0, 0, 0, , 0, 0, 0, 0, 0, 
896, 1, 929, 896, -1, 167, 104, 194.5, 13, ABprpaappap, 0, 0, 0, 0, , 0, 0, 0, 0, 0, 
897, 0, 930, -1, -1, 169, 132, 153.0, 14, , 0, 0, 0, 0, , 0, 0, 0, 0, 0, 
898, 1, 931, 898, -1, 134, 156, 149.0, 13, ABprpaappppa, 0, 0, 0, 0, , 0, 0, 0, 0, 0, 
899, 1, 932, 899, -1, 147, 162, 150.5, 13, ABprpaappppp, 0, 0, 0, 0, , 0, 0, 0, 0, 0, 
900, 0, 933, -1, -1, 143, 154, 143.0, 13, , 0, 0, 0, 0, , 0, 0, 0, 0, 0, 
901, 1, 934, 901, -1, 162, 124, 152.0, 13, ABprpapaaap, 0, 0, 0, 0, , 0, 0, 0, 0, 0, 
902, 0, 935, -1, -1, 153, 140, 146.0, 13, , 0, 0, 0, 0, , 0, 0, 0, 0, 0, 
903, 1, 936, 903, -1, 147, 132, 150.5, 13, ABprpapaaaa, 0, 0, 0, 0, , 0, 0, 0, 0, 0, 
904, 0, 937, -1, -1, 142, 154, 142.0, 12, , 0, 0, 0, 0, , 0, 0, 0, 0, 0, 
905, 1, 938, 905, -1, 185, 109, 171.0, 15, ABprpapapaa, 0, 0, 0, 0, , 0, 0, 0, 0, 0, 
906, 1, 939, 906, -1, 175, 118, 158.5, 14, ABprpapapap, 0, 0, 0, 0, , 0, 0, 0, 0, 0, 
907, 0, 941, -1, -1, 171, 133, 146.0, 12, , 0, 0, 0, 0, , 0, 0, 0, 0, 0, 
908, 1, 942, 908, -1, 231, 120, 138.0, 13, ABplpppaaaa, 0, 0, 0, 0, , 0, 0, 0, 0, 0, 
909, 1, 943, 909, -1, 233, 128, 127.0, 13, ABprpapappp, 0, 0, 0, 0, , 0, 0, 0, 0, 0, 
910, 1, 944, 910, -1, 126, 153, 125.0, 13, ABprpappaaa, 0, 0, 0, 0, , 0, 0, 0, 0, 0, 
911, 1, 945, 911, -1, 152, 124, 130.0, 15, ABprpappaap, 0, 0, 0, 0, , 0, 0, 0, 0, 0, 
912, 1, 946, 912, -1, 170, 131, 156.0, 13, ABprpaapppa, 0, 0, 0, 0, , 0, 0, 0, 0, 0, 
913, 0, 947, -1, -1, 168, 118, 170.0, 13, , 0, 0, 0, 0, , 0, 0, 0, 0, 0, 
914, 1, 948, 914, -1, 247, 101, 136.0, 13, ABprpappapp, 0, 0, 0, 0, , 0, 0, 0, 0, 0, 
915, 1, 949, 915, -1, 135, 139, 127.0, 14, ABprpapppaa, 0, 0, 0, 0, , 0, 0, 0, 0, 0, 
916, 1, 950, 916, -1, 209, 118, 147.0, 12, ABprpapppap, 0, 0, 0, 0, , 0, 0, 0, 0, 0, 
917, 0, 951, -1, -1, 231, 150, 158.0, 12, , 0, 0, 0, 0, , 0, 0, 0, 0, 0, 
918, 1, 952, 918, -1, 233, 169, 123.0, 14, ABprpappppp, 0, 0, 0, 0, , 0, 0, 0, 0, 0, 
919, 1, 953, 919, -1, 149, 141, 192.0, 12, ABprppaaaaa, 0, 0, 0, 0, , 0, 0, 0, 0, 0, 
920, 1, 954, 920, -1, 185, 112, 196.0, 12, ABprppaaaapp, 0, 0, 0, 0, , 0, 0, 0, 0, 0, 
921, 1, 955, 921, -1, 173, 122, 194.0, 13, ABprppaapap, 0, 0, 0, 0, , 0, 0, 0, 0, 0, 
922, 0, 956, -1, -1, 171, 132, 143.0, 12, , 0, 0, 0, 0, , 0, 0, 0, 0, 0, 
923, 1, 957, 923, -1, 248, 119, 144.0, 12, ABprppaappp, 0, 0, 0, 0, , 0, 0, 0, 0, 0, 
924, 1, 958, 924, -1, 189, 129, 154.0, 12, ABprppapaaaa, 0, 0, 0, 0, , 0, 0, 0, 0, 0, 
925, 1, 959, 925, -1, 206, 122, 158.0, 12, ABprppapaaap, 0, 0, 0, 0, , 0, 0, 0, 0, 0, 
926, 1, 960, 926, -1, 214, 94, 143.0, 12, ABprppapaap, 0, 0, 0, 0, , 0, 0, 0, 0, 0, 
927, 1, 961, 927, -1, 239, 93, 145.0, 13, ABprppapapa, 0, 0, 0, 0, , 0, 0, 0, 0, 0, 
928, 1, 962, 928, -1, 287, 105, 136.0, 13, ABprppapapp, 0, 0, 0, 0, , 0, 0, 0, 0, 0, 
929, 1, 963, 929, -1, 218, 104, 154.0, 13, ABprppappaa, 0, 0, 0, 0, , 0, 0, 0, 0, 0, 
930, 1, 964, 930, -1, 228, 98, 149.0, 12, ABprppappap, 0, 0, 0, 0, , 0, 0, 0, 0, 0, 
931, 1, 965, 931, -1, 282, 103, 145.0, 10, ABprppapppa, 0, 0, 0, 0, , 0, 0, 0, 0, 0, 
932, 1, 966, 932, -1, 243, 133, 140.0, 10, ABprppapppp, 0, 0, 0, 0, , 0, 0, 0, 0, 0, 
933, 1, 967, 933, -1, 234, 122, 151.5, 12, ABprpppaaaa, 0, 0, 0, 0, , 0, 0, 0, 0, 0, 
934, 1, 968, 934, -1, 252, 129, 155.0, 12, ABprpppaaap, 0, 0, 0, 0, , 0, 0, 0, 0, 0, 
935, 0, 969, -1, -1, 225, 156, 171.5, 13, , 0, 0, 0, 0, , 0, 0, 0, 0, 0, 
936, 1, 970, 936, -1, 224, 154, 167.0, 12, ABprpppaapa, 0, 0, 0, 0, , 0, 0, 0, 0, 0, 
937, 1, 971, 937, -1, 234, 145, 177.0, 12, ABprpppaapp, 0, 0, 0, 0, , 0, 0, 0, 0, 0, 
938, 1, 972, 938, -1, 208, 154, 174.0, 12, ABprpppapaa, 0, 0, 0, 0, , 0, 0, 0, 0, 0, 
939, 1, 973, 939, -1, 197, 152, 118.5, 15, Cappppv, 0, 0, 0, 0, , 0, 0, 0, 0, 0, 
940, 1, 974, 940, -1, 174, 163, 144.0, 14, ABprpppapap, 0, 0, 0, 0, , 0, 0, 0, 0, 0, 
941, 1, 975, 941, -1, 232, 149, 156.0, 13, ABprppppaaa, 0, 0, 0, 0, , 0, 0, 0, 0, 0, 
942, 0, 976, -1, -1, 236, 161, 147.0, 12, , 0, 0, 0, 0, , 0, 0, 0, 0, 0, 
943, 1, 977, 943, -1, 233, 172, 138.0, 12, ABprpappppa, 0, 0, 0, 0, , 0, 0, 0, 0, 0, 
944, 1, 978, 944, -1, 235, 162, 147.0, 12, ABprppppaap, 0, 0, 0, 0, , 0, 0, 0, 0, 0, 
945, 1, 979, 945, -1, 214, 140, 157.0, 13, ABprppppapa, 0, 0, 0, 0, , 0, 0, 0, 0, 0, 
946, 1, 980, 946, -1, 204, 162, 147.5, 13, ABprppppapp, 0, 0, 0, 0, , 0, 0, 0, 0, 0, 
947, 1, 981, 947, -1, 267, 141, 167.0, 15, ABprpppppaa, 0, 0, 0, 0, , 0, 0, 0, 0, 0, 
948, 1, 982, 948, -1, 244, 147, 162.0, 15, ABprpppppap, 0, 0, 0, 0, , 0, 0, 0, 0, 0, 
949, 0, 983, -1, -1, 196, 171, 135.5, 13, , 0, 0, 0, 0, , 0, 0, 0, 0, 0, 
950, 1, 984, 950, -1, 196, 172, 136.0, 13, ABplppppppa, 0, 0, 0, 0, , 0, 0, 0, 0, 0, 
951, 1, 985, 951, -1, 189, 173, 147.0, 13, ABprppppppa, 0, 0, 0, 0, , 0, 0, 0, 0, 0, 
952, 1, 986, 952, -1, 193, 171, 117.0, 14, ABplppppppp, 0, 0, 0, 0, , 0, 0, 0, 0, 0, 
953, 1, 987, 953, -1, 179, 176, 152.0, 13, ABprppppppp, 0, 0, 0, 0, , 0, 0, 0, 0, 0, 
954, 0, 988, -1, -1, 72, 131, 88.0, 13, , 0, 0, 0, 0, , 0, 0, 0, 0, 0, 
955, 0, 989, -1, -1, 71, 132, 87.0, 13, , 0, 0, 0, 0, , 0, 0, 0, 0, 0, 
956, 1, 990, 955, -1, 106, 128, 99.0, 13, ABalapaappaa, 0, 0, 0, 0, , 0, 0, 0, 0, 0, 
957, 1, 991, 956, -1, 112, 112, 81.0, 13, ABalapaappap, 0, 0, 0, 0, , 0, 0, 0, 0, 0, 
958, 1, 992, 957, -1, 86, 88, 90.0, 14, ABalapapppp, 0, 0, 0, 0, , 0, 0, 0, 0, 0, 
959, 0, 993, -1, -1, 116, 88, 187.18033, 12, , 0, 0, 0, 0, , 0, 0, 0, 0, 0, 
960, 1, 994, 959, -1, 121, 78, 190.0, 12, ABalappapaa, 0, 0, 0, 0, , 0, 0, 0, 0, 0, 
961, 0, 995, -1, -1, 79, 115, 185.5, 13, , 0, 0, 0, 0, , 0, 0, 0, 0, 0, 
962, 0, 996, -1, -1, 76, 120, 181.0, 12, , 0, 0, 0, 0, , 0, 0, 0, 0, 0, 
963, 1, 997, 962, -1, 78, 116, 183.5, 12, ABalappappp, 0, 0, 0, 0, , 0, 0, 0, 0, 0, 
964, 1, 998, 963, -1, 76, 121, 180.0, 13, ABprpaapapa, 0, 0, 0, 0, , 0, 0, 0, 0, 0, 
965, 0, 999, -1, -1, 80, 114, 98.0, 13, , 0, 0, 0, 0, , 0, 0, 0, 0, 0, 
966, 1, 1000, 965, -1, 76, 106, 85.0, 12, ABalpaapppp, 0, 0, 0, 0, , 0, 0, 0, 0, 0, 
967, 1, 1001, 966, -1, 98, 107, 81.0, 15, ABplaapaapp, 0, 0, 0, 0, , 0, 0, 0, 0, 0, 
968, 1, 1002, 969, -1, 91, 123, 98.0, 13, ABalpppaapd, 0, 0, 0, 0, , 0, 0, 0, 0, 0, 
969, 1, 1003, 968, -1, 94, 121, 92.5, 14, ABplaapaapa, 0, 0, 0, 0, , 0, 0, 0, 0, 0, 
970, 1, 1004, 970, -1, 111, 133, 76.0, 12, ABalaaaalpp, 0, 0, 0, 0, , 0, 0, 0, 0, 0, 
971, 1, 1005, 971, -1, 143, 106, 105.0, 15, ABalpappaapa, 0, 0, 0, 0, , 0, 0, 0, 0, 0, 
972, 1, 1006, -1, -1, 155, 97, 105.0, 13, ABalpappaapp, 0, 0, 0, 0, , 0, 0, 0, 0, 0, 
973, 1, 1007, 972, -1, 172, 146, 104.0, 13, ABalpapappp, 0, 0, 0, 0, , 0, 0, 0, 0, 0, 
974, 1, 1008, 973, -1, 141, 159, 102.5, 12, ABplpaappppa, 0, 0, 0, 0, , 0, 0, 0, 0, 0, 
975, 1, 1009, 974, -1, 158, 153, 103.0, 12, ABplpaappppp, 0, 0, 0, 0, , 0, 0, 0, 0, 0, 
976, 1, 1010, 975, -1, 192, 92, 89.0, 13, ABplppaaaapp, 0, 0, 0, 0, , 0, 0, 0, 0, 0, 
977, 0, 1011, -1, -1, 105, 143, 90.5, 12, , 0, 0, 0, 0, , 0, 0, 0, 0, 0, 
978, 0, 1012, -1, -1, 109, 145, 69.0, 12, , 0, 0, 0, 0, , 0, 0, 0, 0, 0, 
979, 1, 1013, 978, -1, 70, 116, 170.0, 12, ABaraaapppp, 0, 0, 0, 0, , 0, 0, 0, 0, 0, 
980, 1, 1014, 979, -1, 101, 103, 127.0, 14, ABaraapaaap, 0, 0, 0, 0, , 0, 0, 0, 0, 0, 
981, 1, 1015, 980, -1, 119, 71, 129.0, 16, MSaaapaaa, 0, 0, 0, 0, , 0, 0, 0, 0, 0, 
982, 1, 1016, 981, -1, 119, 141, 90.0, 13, ABalppaappp, 0, 0, 0, 0, , 0, 0, 0, 0, 0, 
983, 1, 1017, 982, -1, 114, 160, 123.5, 13, ABarappaapa, 0, 0, 0, 0, , 0, 0, 0, 0, 0, 
984, 1, 1018, 983, -1, 95, 96, 93.0, 13, ABalppppapaa, 0, 0, 0, 0, , 0, 0, 0, 0, 0, 
985, 1, 1019, 984, -1, 270, 136, 112.0, 16, MSappaap, 0, 0, 0, 0, , 0, 0, 0, 0, 0, 
986, 1, 1020, 985, -1, 136, 112, 76.0, 13, ABalapaapaa, 0, 0, 0, 0, , 0, 0, 0, 0, 0, 
987, 0, 1021, -1, -1, 161, 121, 96.0, 15, , 0, 0, 0, 0, , 0, 0, 0, 0, 0, 
988, 0, 1022, -1, -1, 160, 121, 96.0, 15, , 0, 0, 0, 0, , 0, 0, 0, 0, 0, 
989, 0, 1023, -1, -1, 171, 124, 113.0, 12, , 0, 0, 0, 0, , 0, 0, 0, 0, 0, 
990, 0, 1025, -1, -1, 158, 136, 131.0, 12, , 0, 0, 0, 0, , 0, 0, 0, 0, 0, 
991, 0, 1024, -1, -1, 161, 136, 123.0, 12, , 0, 0, 0, 0, , 0, 0, 0, 0, 0, 
992, 0, 1026, -1, -1, 149, 134, 135.0, 13, , 0, 0, 0, 0, , 0, 0, 0, 0, 0, 
993, 1, 1027, 991, -1, 147, 132, 118.0, 13, ABplpapaapa, 0, 0, 0, 0, , 0, 0, 0, 0, 0, 
994, 1, 1028, 992, -1, 144, 154, 143.0, 12, ABprpapaapp, 0, 0, 0, 0, , 0, 0, 0, 0, 0, 
995, 1, 1029, 993, -1, 149, 143, 149.0, 13, ABprpapaapa, 0, 0, 0, 0, , 0, 0, 0, 0, 0, 
996, 1, 1030, 994, -1, 149, 134, 136.0, 13, ABalpapapaa, 0, 0, 0, 0, , 0, 0, 0, 0, 0, 
997, 1, 1031, 995, -1, 154, 141, 144.0, 13, ABarappapaa, 0, 0, 0, 0, , 0, 0, 0, 0, 0, 
998, 1, 1032, 996, -1, 188, 108, 103.0, 14, ABplpapapaa, 0, 0, 0, 0, , 0, 0, 0, 0, 0, 
999, 1, 1033, 997, -1, 177, 115, 107.0, 15, ABplpapapap, 0, 0, 0, 0, , 0, 0, 0, 0, 0, 
1000, 1, 1034, 998, -1, 228, 92, 120.0, 13, MSaappppa, 0, 0, 0, 0, , 0, 0, 0, 0, 0, 
1001, 1, 1035, 999, -1, 210, 100, 114.5, 13, MSaapppap, 0, 0, 0, 0, , 0, 0, 0, 0, 0, 
1002, 0, 1036, -1, -1, 195, 130, 129.0, 10, , 0, 0, 0, 0, , 0, 0, 0, 0, 0, 
1003, 0, 1037, -1, -1, 196, 128, 126.0, 11, , 0, 0, 0, 0, , 0, 0, 0, 0, 0, 
1004, 0, 1038, -1, -1, 191, 130, 143.0, 13, , 0, 0, 0, 0, , 0, 0, 0, 0, 0, 
1005, 0, 1039, -1, -1, 195, 129, 126.0, 15, , 0, 0, 0, 0, , 0, 0, 0, 0, 0, 
1006, 0, 1040, -1, -1, 180, 142, 155.0, 12, , 0, 0, 0, 0, , 0, 0, 0, 0, 0, 
1007, 0, 1041, -1, -1, 179, 142, 165.0, 15, , 0, 0, 0, 0, , 0, 0, 0, 0, 0, 
1008, 1, 1042, 1006, -1, 173, 131, 145.0, 10, ABplppaappa, 0, 0, 0, 0, , 0, 0, 0, 0, 0, 
1009, 0, 1043, -1, -1, 181, 142, 152.5, 13, , 0, 0, 0, 0, , 0, 0, 0, 0, 0, 
1010, 1, 1044, 1008, -1, 267, 120, 139.0, 13, ABplppaappp, 0, 0, 0, 0, , 0, 0, 0, 0, 0, 
1011, 1, 1045, 1009, -1, 270, 99, 139.5, 13, ABplpapappp, 0, 0, 0, 0, , 0, 0, 0, 0, 0, 
1012, 1, 1046, 1010, -1, 198, 109, 152.0, 12, ABplppapaap, 0, 0, 0, 0, , 0, 0, 0, 0, 0, 
1013, 1, 1047, 1011, -1, 204, 106, 140.0, 13, ABplppappap, 0, 0, 0, 0, , 0, 0, 0, 0, 0, 
1014, 1, 1048, 1012, -1, 217, 135, 129.0, 12, ABplppppapa, 0, 0, 0, 0, , 0, 0, 0, 0, 0, 
1015, 1, 1049, 1013, -1, 136, 137, 188.0, 12, ABpraaaaaaa, 0, 0, 0, 0, , 0, 0, 0, 0, 0, 
1016, 1, 1050, 1014, -1, 105, 153, 178.0, 13, ABalaappapp, 0, 0, 0, 0, , 0, 0, 0, 0, 0, 
1017, 0, 1051, -1, -1, 103, 139, 181.0, 12, , 0, 0, 0, 0, , 0, 0, 0, 0, 0, 
1018, 1, 1052, 1016, -1, 86, 126, 164.5, 13, ABpraaaaapd, 0, 0, 0, 0, , 0, 0, 0, 0, 0, 
1019, 1, 1053, 1017, -1, 103, 139, 182.0, 13, ABalaapaapp, 0, 0, 0, 0, , 0, 0, 0, 0, 0, 
1020, 1, 1054, 1018, -1, 125, 126, 194.0, 12, ABalaappapa, 0, 0, 0, 0, , 0, 0, 0, 0, 0, 
1021, 1, 1055, 1019, -1, 132, 157, 162.0, 15, MSpppapp, 0, 0, 0, 0, , 0, 0, 0, 0, 0, 
1022, 1, 1056, 1020, -1, 167, 119, 174.0, 14, MSppppaa, 0, 0, 0, 0, , 0, 0, 0, 0, 0, 
1023, 1, 1057, 1021, -1, 172, 117, 167.0, 13, ABprpappapa, 0, 0, 0, 0, , 0, 0, 0, 0, 0, 
1024, 1, 1058, 1022, -1, 180, 120, 181.0, 15, Dpaaa, 0, 0, 0, 0, , 0, 0, 0, 0, 0, 
1025, 1, 1059, 1023, -1, 174, 120, 132.0, 15, ABplpappaap, 0, 0, 0, 0, , 0, 0, 0, 0, 0, 
1026, 1, 1060, 1024, -1, 224, 157, 171.0, 15, ABprapppaaa, 0, 0, 0, 0, , 0, 0, 0, 0, 0, 
1027, 1, 1061, 1025, -1, 81, 113, 98.0, 13, ABalpaapppa, 0, 0, 0, 0, , 0, 0, 0, 0, 0, 
1028, 1, 1062, 1026, -1, 99, 110, 101.0, 14, ABalaaaarlp, 0, 0, 0, 0, , 0, 0, 0, 0, 0, 
1029, 0, 1063, -1, -1, 71, 131, 86.5, 13, , 0, 0, 0, 0, , 0, 0, 0, 0, 0, 
1030, 0, 1064, -1, -1, 71, 132, 86.0, 13, , 0, 0, 0, 0, , 0, 0, 0, 0, 0, 
1031, 1, 1065, 1029, -1, 108, 90, 192.0, 13, ABalaaapprl, 0, 0, 0, 0, , 0, 0, 0, 0, 0, 
1032, 0, 1067, -1, -1, 100, 84, 181.0, 12, , 0, 0, 0, 0, , 0, 0, 0, 0, 0, 
1033, 1, 1068, 1031, -1, 100, 82, 188.5, 12, ABalaapaaar, 0, 0, 0, 0, , 0, 0, 0, 0, 0, 
1034, 0, 1069, -1, -1, 105, 142, 91.0, 12, , 0, 0, 0, 0, , 0, 0, 0, 0, 0, 
1035, 0, 1070, -1, -1, 122, 124, 87.5, 12, , 0, 0, 0, 0, , 0, 0, 0, 0, 0, 
1036, 1, 1072, 1034, -1, 132, 121, 81.0, 14, ABplpaaaaaa, 0, 0, 0, 0, , 0, 0, 0, 0, 0, 
1037, 0, 1071, -1, -1, 129, 121, 85.0, 12, , 0, 0, 0, 0, , 0, 0, 0, 0, 0, 
1038, 0, 1073, -1, -1, 106, 142, 90.5, 12, , 0, 0, 0, 0, , 0, 0, 0, 0, 0, 
1039, 0, 1074, -1, -1, 108, 142, 86.5, 12, , 0, 0, 0, 0, , 0, 0, 0, 0, 0, 
1040, 0, 1075, -1, -1, 106, 142, 92.0, 12, , 0, 0, 0, 0, , 0, 0, 0, 0, 0, 
1041, 1, 1076, 1039, -1, 106, 142, 85.0, 12, ABalppaaapp, 0, 0, 0, 0, , 0, 0, 0, 0, 0, 
1042, 1, 1077, 1040, -1, 105, 141, 90.0, 11, ABalpppaaap, 0, 0, 0, 0, , 0, 0, 0, 0, 0, 
1043, 1, 1078, 1042, -1, 211, 164, 95.0, 14, ABplapappppaa, 0, 0, 0, 0, , 0, 0, 0, 0, 0, 
1044, 1, 1079, 1043, -1, 232, 166, 98.0, 12, ABplapappppap, 0, 0, 0, 0, , 0, 0, 0, 0, 0, 
1045, 0, 1080, -1, -1, 159, 137, 120.0, 12, , 0, 0, 0, 0, , 0, 0, 0, 0, 0, 
1046, 0, 1081, -1, -1, 161, 137, 125.0, 12, , 0, 0, 0, 0, , 0, 0, 0, 0, 0, 
1047, 1, 1082, 1046, -1, 157, 138, 123.5, 12, ABplpaapppa, 0, 0, 0, 0, , 0, 0, 0, 0, 0, 
1048, 1, 1083, 1047, -1, 162, 135, 126.0, 12, ABplpapaaap, 0, 0, 0, 0, , 0, 0, 0, 0, 0, 
1049, 1, 1084, 1048, -1, 154, 136, 132.0, 12, ABplpaaaapa, 0, 0, 0, 0, , 0, 0, 0, 0, 0, 
1050, 0, 1085, -1, -1, 169, 124, 116.0, 14, , 0, 0, 0, 0, , 0, 0, 0, 0, 0, 
1051, 1, 1086, 1050, -1, 213, 50, 142.0, 12, MSaapappp, 0, 0, 0, 0, , 0, 0, 0, 0, 0, 
1052, 1, 1087, 1051, -1, 218, 74, 133.0, 14, MSaappaa, 0, 0, 0, 0, , 0, 0, 0, 0, 0, 
1053, 1, 1088, 1052, -1, 92, 69, 101.0, 15, MSapaaap, 0, 0, 0, 0, , 0, 0, 0, 0, 0, 
1054, 1, 1089, 1053, -1, 205, 47, 159.0, 15, MSpaapapp, 0, 0, 0, 0, , 0, 0, 0, 0, 0, 
1055, 1, 1090, 1054, -1, 79, 105, 142.5, 12, ABarpaaapaa, 0, 0, 0, 0, , 0, 0, 0, 0, 0, 
1056, 1, 1091, 1055, -1, 78, 105, 149.0, 10, ABalappppaaa, 0, 0, 0, 0, , 0, 0, 0, 0, 0, 
1057, 1, 1092, 1056, -1, 179, 141, 157.0, 12, ABprpapappa, 0, 0, 0, 0, , 0, 0, 0, 0, 0, 
1058, 1, 1093, 1057, -1, 180, 142, 154.0, 13, ABprppaappa, 0, 0, 0, 0, , 0, 0, 0, 0, 0, 
1059, 1, 1094, 1058, -1, 179, 142, 165.5, 12, ABprapaapa, 0, 0, 0, 0, , 0, 0, 0, 0, 0, 
1060, 1, 1095, 1059, -1, 92, 115, 157.5, 13, ABalaappppp, 0, 0, 0, 0, , 0, 0, 0, 0, 0, 
1061, 0, 1096, -1, -1, 105, 130, 102.0, 13, , 0, 0, 0, 0, , 0, 0, 0, 0, 0, 
1062, 1, 1097, 1061, -1, 197, 123, 100.0, 14, MSaapppaa, 0, 0, 0, 0, , 0, 0, 0, 0, 0, 
1063, 1, 1098, 1062, -1, 158, 122, 98.0, 15, MSappapp, 0, 0, 0, 0, , 0, 0, 0, 0, 0, 
1064, 1, 1099, 1064, -1, 99, 84, 185.0, 12, ABalapppppa, 0, 0, 0, 0, , 0, 0, 0, 0, 0, 
1065, 1, 1100, 1065, -1, 175, 87, 71.5, 14, ABplpaapaap, 0, 0, 0, 0, , 0, 0, 0, 0, 0, 
1066, 0, 1101, -1, -1, 174, 88, 76.0, 13, , 0, 0, 0, 0, , 0, 0, 0, 0, 0, 
1067, 1, 1102, 1067, -1, 176, 86, 89.0, 13, ABplpaappap, 0, 0, 0, 0, , 0, 0, 0, 0, 0, 
1068, 1, 1103, 1068, -1, 119, 119, 70.5, 13, ABalppapaaa, 0, 0, 0, 0, , 0, 0, 0, 0, 0, 
1069, 1, 1104, 1069, -1, 132, 121, 86.0, 12, ABalppaaapa, 0, 0, 0, 0, , 0, 0, 0, 0, 0, 
1070, 1, 1105, 1070, -1, 122, 124, 86.0, 11, ABalppappap, 0, 0, 0, 0, , 0, 0, 0, 0, 0, 
1071, 1, 1106, 1071, -1, 65, 111, 126.0, 15, ABplaapaaaa, 0, 0, 0, 0, , 0, 0, 0, 0, 0, 
1072, 1, 1107, 1072, -1, 209, 113, 117.0, 13, ABarappappa, 0, 0, 0, 0, , 0, 0, 0, 0, 0, 
1073, 1, 1108, 1073, -1, 201, 108, 128.0, 15, ABplppappaa, 0, 0, 0, 0, , 0, 0, 0, 0, 0, 
1074, 1, 1109, 1074, -1, 122, 123, 120.0, 13, ABalpaaaapa, 0, 0, 0, 0, , 0, 0, 0, 0, 0, 
1075, 1, 1110, 1075, -1, 183, 107, 77.5, 14, ABplppaapap, 0, 0, 0, 0, , 0, 0, 0, 0, 0, 
1076, 1, 1111, 1076, -1, 163, 43, 105.0, 14, ABalapaaapa, 0, 0, 0, 0, , 0, 0, 0, 0, 0, 
1077, 1, 1112, 1077, -1, 125, 69, 82.5, 13, ABalaaaalal, 0, 0, 0, 0, , 0, 0, 0, 0, 0, 
1078, 1, 1113, 1078, -1, 78, 75, 113.0, 14, MSapappp, 0, 0, 0, 0, , 0, 0, 0, 0, 0, 
1079, 1, 1114, 1079, -1, 90, 67, 124.5, 13, ABalappaapa, 0, 0, 0, 0, , 0, 0, 0, 0, 0, 
1080, 1, 1115, 1080, -1, 81, 72, 108.0, 13, ABalapapapaa, 0, 0, 0, 0, , 0, 0, 0, 0, 0, 
